 0.346114 -0.138219  0.927955  0.656763
-0.934633  -0.13688  0.328216   1.07539
0.0816527 -0.980897  -0.17656   1.80806
        0         0         0         1

 0.346527  -0.14555  0.926679  0.659473
-0.935278 -0.129358  0.329425   1.06676
0.0719252 -0.980858 -0.180955   1.80656
        0         0         0         1

  0.346219  -0.167178   0.923138   0.665074
 -0.937781 -0.0894204   0.335517    1.03507
 0.0264565  -0.981863  -0.187735     1.8065
         0          0          0          1

  0.342762  -0.175814   0.922824   0.668677
 -0.939321 -0.0785721   0.333921    1.02745
 0.0138003  -0.981283  -0.192077    1.80365
         0          0          0          1

  0.337158  -0.181876   0.923713   0.670701
 -0.941437 -0.0603096   0.331752    1.01243
-0.00462899   -0.98147  -0.191559    1.79512
         0          0          0          1

  0.335906   -0.18336   0.923875   0.669132
 -0.941786 -0.0504497   0.332406    1.00321
-0.0143409   -0.98175  -0.189633     1.7919
         0          0          0          1

  0.328536  -0.183532   0.926488   0.670403
 -0.943902 -0.0291359   0.328939   0.986038
-0.0333766  -0.982582  -0.182808    1.78542
         0          0          0          1

  0.328472  -0.186324   0.925953   0.670118
 -0.943413 -0.0174163   0.331161   0.976231
-0.0455766  -0.982334  -0.181501    1.78404
         0          0          0          1

 0.322736 -0.199282  0.925272  0.674732
-0.943479 0.0101707  0.331277  0.945898
-0.0754283 -0.979889 -0.184736   1.77333
        0         0         0         1

 0.320725 -0.202928  0.925179  0.676229
-0.943181 0.0211509  0.331605  0.936757
-0.0868603 -0.978965 -0.184614    1.7724
        0         0         0         1

 0.317081 -0.205677  0.925828  0.676637
-0.943343 0.0322611  0.330247  0.919786
-0.0977924 -0.978088 -0.183795   1.76149
        0         0         0         1

 0.318563 -0.207962  0.924808  0.676228
-0.941704 0.0419504  0.333816  0.910549
-0.108217 -0.977237 -0.182475   1.75812
        0         0         0         1

 0.309146 -0.217189  0.925882  0.681422
-0.941062 0.0706202   0.33078  0.882099
-0.137228 -0.973572 -0.182557   1.74433
        0         0         0         1

 0.309205  -0.21578  0.926192  0.679916
-0.939859 0.0792743  0.332237   0.87322
-0.145113 -0.973219 -0.178291   1.74005
        0         0         0         1

 0.307223 -0.214099  0.927241  0.679106
-0.938507 0.0931345   0.33246  0.855967
-0.157537 -0.972362  -0.17232   1.73046
        0         0         0         1

 0.304349 -0.213617  0.928299  0.680535
-0.938611 0.0989143  0.330492  0.848375
-0.162421 -0.971897 -0.170399   1.72522
        0         0         0         1

 0.301515 -0.216167  0.928633  0.682115
-0.936361  0.116502  0.331144  0.830724
 -0.17977 -0.969381 -0.167283   1.72009
        0         0         0         1

 0.299574 -0.215851  0.929335   0.68304
-0.935825  0.123119  0.330262  0.822363
-0.185706 -0.968633 -0.165115     1.716
        0         0         0         1

 0.297738 -0.214531  0.930231  0.681168
-0.931981  0.145757  0.331913  0.791049
-0.206793  -0.96578 -0.156541    1.7021
        0         0         0         1

 0.297088 -0.215516  0.930211  0.680432
-0.931024  0.150888  0.332306  0.782528
-0.211975 -0.964772 -0.155823   1.69761
        0         0         0         1

 0.297357 -0.217749  0.929604  0.679038
-0.928003  0.162998  0.335025  0.764194
-0.224475 -0.962298 -0.153603   1.69078
        0         0         0         1

 0.296328 -0.217375   0.93002  0.679621
-0.927425  0.167164  0.334572  0.756193
-0.228194 -0.961667 -0.152064   1.68639
        0         0         0         1

 0.292248 -0.221174  0.930416  0.681116
-0.925141    0.1811  0.333642  0.727721
-0.242291 -0.958272 -0.151691   1.67212
        0         0         0         1

 0.289045 -0.220022  0.931688  0.682032
  -0.9254  0.184987   0.33078  0.719763
-0.245129 -0.957794 -0.150139   1.66827
        0         0         0         1

 0.285592 -0.217162  0.933423  0.681267
-0.924835  0.192881  0.327838  0.702825
-0.251234  -0.95689 -0.145754   1.66147
        0         0         0         1

 0.281601 -0.215932  0.934919  0.682097
-0.925203  0.197188  0.324218  0.695301
-0.254364  -0.95629 -0.144252    1.6582
        0         0         0         1

 0.278787  -0.21596  0.935756  0.682142
-0.923418  0.207348  0.322964  0.677993
-0.263775 -0.954132 -0.141616   1.65257
        0         0         0         1

 0.276891 -0.215296  0.936472  0.681934
-0.923418  0.209926  0.321294  0.669842
-0.265763 -0.953718 -0.140682   1.64912
        0         0         0         1

 0.274513 -0.221238  0.935786  0.682288
-0.920951  0.219414  0.322035  0.640615
-0.276571 -0.950216 -0.143518   1.63924
        0         0         0         1

 0.272505 -0.222345  0.936111   0.68326
 -0.92081  0.221876   0.32075  0.632669
-0.279018 -0.949386 -0.144276    1.6367
        0         0         0         1

     0.27 -0.226923  0.935738  0.683122
 -0.91979  0.226624  0.320356  0.615838
-0.284757 -0.947179 -0.147532   1.63192
        0         0         0         1

 0.268655 -0.229378  0.935527   0.68341
 -0.91892  0.230174  0.320321  0.607518
-0.288809  -0.94573 -0.148942   1.63008
        0         0         0         1

  0.26171 -0.238033  0.935333  0.685278
-0.918092  0.237507  0.317329   0.57944
-0.297683  -0.94177 -0.156379   1.62087
        0         0         0         1

 0.259579 -0.241934  0.934926  0.685319
-0.917505  0.240298  0.316925  0.571521
-0.301335 -0.940067 -0.159599   1.61899
        0         0         0         1

 0.258408 -0.248791   0.93345  0.685753
-0.915988  0.243878  0.318574  0.555781
-0.306906 -0.937351 -0.164869   1.61297
        0         0         0         1

  0.25755 -0.256148  0.931695  0.685776
 -0.91458  0.246506   0.32059  0.547554
-0.311787 -0.934678  -0.17078   1.61127
        0         0         0         1

 0.251649 -0.268239  0.929904   0.68726
-0.914184  0.249534  0.319375  0.532806
-0.317712 -0.930473 -0.182424   1.60648
        0         0         0         1

 0.250272 -0.273449  0.928757  0.687201
 -0.91349  0.251142  0.320101  0.525247
-0.320781 -0.928522 -0.186939   1.60401
        0         0         0         1

 0.242886 -0.288021   0.92631  0.687426
-0.913277  0.254003  0.318447   0.50079
-0.327005 -0.923324 -0.201349   1.59458
        0         0         0         1

 0.239864 -0.291263  0.926084  0.686868
-0.913265  0.255838  0.317008  0.493898
 -0.32926 -0.921799 -0.204634   1.59227
        0         0         0         1

 0.230917 -0.296235   0.92678  0.687689
-0.913818  0.261035  0.311125  0.481915
-0.334088 -0.918752 -0.210427    1.5874
        0         0         0         1

 0.226095 -0.298423  0.927267   0.68756
-0.913806  0.264737  0.308013  0.476114
  -0.3374 -0.916983 -0.212845   1.58433
        0         0         0         1

  0.21273 -0.297534  0.930709  0.686438
-0.914788  0.274088  0.296713  0.457063
-0.343379 -0.914521 -0.213874     1.572
        0         0         0         1

 0.209745 -0.297216  0.931488  0.685902
-0.914884  0.276449  0.294215  0.452235
-0.344955 -0.913914 -0.213934   1.56846
        0         0         0         1

 0.204657 -0.297172  0.932633  0.685597
-0.914524  0.281611  0.290415  0.442572
-0.348943 -0.912351 -0.214138   1.56193
        0         0         0         1

 0.203068 -0.295405  0.933541  0.685179
-0.914778  0.282783  0.288469  0.438654
-0.349205 -0.912562 -0.212806    1.5576
        0         0         0         1

 0.200711 -0.295007  0.934177  0.684279
-0.914314  0.286003  0.286761  0.430473
-0.351774 -0.911687 -0.212325   1.54946
        0         0         0         1

 0.200854  -0.29576  0.933908   0.68365
-0.913657  0.287358  0.287502  0.426719
-0.353397 -0.911017 -0.212506   1.54576
        0         0         0         1

  0.20266 -0.298405  0.932675    0.6826
-0.910508  0.293133   0.29163  0.415117
-0.360422  -0.90831 -0.212294   1.53064
        0         0         0         1

  0.20386 -0.299856  0.931948  0.681866
-0.908626  0.296445   0.29414   0.41182
-0.364471 -0.906756 -0.212023   1.52698
        0         0         0         1

  0.20448 -0.301639  0.931237  0.680977
-0.905062  0.304147   0.29725  0.405927
-0.372895 -0.903609  -0.21081   1.51867
        0         0         0         1

 0.203321 -0.302476  0.931219  0.680472
-0.903746  0.307942  0.297347  0.403255
-0.376702 -0.902042 -0.210751   1.51455
        0         0         0         1

 0.194921 -0.302034  0.933157  0.678035
-0.901362  0.319961  0.291841  0.394632
 -0.38672 -0.897998 -0.209876   1.49982
        0         0         0         1

  0.19142 -0.303305  0.933469  0.677728
 -0.90068  0.323661  0.289861  0.392681
-0.390044 -0.896242 -0.211225   1.49585
        0         0         0         1

 0.187511 -0.307884  0.932763   0.67661
-0.898747  0.329396  0.289399  0.388276
 -0.39635 -0.892584 -0.214945   1.48762
        0         0         0         1

 0.187563 -0.311076  0.931693  0.676443
 -0.89763  0.330871  0.291177   0.38639
-0.398848  -0.89093 -0.217172   1.48336
        0         0         0         1

 0.189547 -0.319118  0.928567  0.675552
-0.894509  0.333843  0.297326  0.382271
-0.404877 -0.886968 -0.222175    1.4751
        0         0         0         1

 0.189672 -0.322935   0.92722  0.675431
-0.893445   0.33485  0.299385  0.380664
-0.407162 -0.885205 -0.225013   1.47129
        0         0         0         1

  0.18507 -0.332629   0.92472  0.674665
-0.891818  0.338422  0.300218  0.375526
-0.412807 -0.880243 -0.234013   1.45758
        0         0         0         1

 0.182916 -0.334795  0.924367  0.674012
-0.891759  0.339331  0.299365  0.373859
-0.413893 -0.879071 -0.236488     1.454
        0         0         0         1

 0.178727 -0.337777  0.924101  0.673038
-0.891585  0.341598  0.297299  0.370949
-0.416092  -0.87705 -0.240105   1.44645
        0         0         0         1

 0.176389 -0.339264  0.924006  0.672832
-0.891264  0.343374  0.296214  0.369788
-0.417775 -0.875782 -0.241806   1.44307
        0         0         0         1

 0.173645 -0.345524  0.922204  0.671645
-0.889445  0.346978  0.297479  0.365506
 -0.42277 -0.871906 -0.247074   1.43078
        0         0         0         1

 0.172818 -0.348264  0.921328  0.672194
-0.888838  0.347891  0.298227  0.364852
-0.424384  -0.87045 -0.249428   1.42785
        0         0         0         1

 0.174644 -0.354214  0.918712  0.672027
-0.887259  0.347954   0.30282  0.362627
-0.426933 -0.868021 -0.253511   1.42181
        0         0         0         1

 0.175437 -0.357324  0.917356  0.672637
-0.886805  0.347314  0.304878  0.362131
-0.427551 -0.867002 -0.255945   1.41877
        0         0         0         1

 0.179233 -0.366238  0.913096  0.672559
-0.885594  0.344171   0.31188  0.360491
-0.428484 -0.864532 -0.262651   1.41258
        0         0         0         1

 0.179871 -0.371719  0.910753  0.673442
 -0.88481  0.343424  0.314914  0.360116
-0.429834 -0.862488 -0.267129   1.41022
        0         0         0         1

 0.183753 -0.389341  0.902579  0.675359
-0.882691  0.338687  0.325802  0.359047
 -0.43254 -0.856566 -0.281433   1.40094
        0         0         0         1

 0.184874 -0.394319  0.900186  0.675739
-0.882029  0.337384  0.328934   0.35867
-0.433413 -0.854801 -0.285427   1.39865
        0         0         0         1

 0.185832  -0.40526  0.895115  0.677117
 -0.88144  0.333805  0.334122  0.358463
-0.434201 -0.851081 -0.295181   1.39421
        0         0         0         1

 0.186462 -0.410959  0.892381  0.677904
 -0.88172  0.330654  0.336507  0.358564
-0.433361 -0.849576 -0.300697     1.392
        0         0         0         1

 0.187949 -0.437298  0.879458  0.681239
-0.881424  0.319946  0.347458  0.358899
-0.433322 -0.840479 -0.325311   1.38592
        0         0         0         1

 0.190375 -0.438242  0.878466  0.681672
-0.880728  0.319055  0.350032  0.358774
-0.433677 -0.840326 -0.325232   1.38432
        0         0         0         1

 0.194239 -0.433892  0.879778  0.682312
-0.880325  0.318578  0.351477  0.359112
-0.432781 -0.842761 -0.320085   1.38083
        0         0         0         1

 0.194994 -0.432972  0.880064  0.682326
-0.880557  0.317904  0.351505  0.359087
-0.431968 -0.843488 -0.319267   1.38007
        0         0         0         1

 0.195683 -0.432959  0.879917  0.682912
-0.882582  0.313391  0.350478  0.359258
-0.427501 -0.845182 -0.320797   1.37851
        0         0         0         1

 0.196626 -0.434546  0.878924  0.683176
-0.883414  0.310364  0.351077  0.359146
-0.425345 -0.845485 -0.322858   1.37837
        0         0         0         1

0.204916 -0.43744 0.875589 0.684959
-0.885394 0.298497 0.356338 0.358663
-0.417237 -0.84826 -0.32614  1.37837
       0        0        0        1

 0.208779 -0.438992  0.873898  0.685759
-0.886109  0.293176   0.35897   0.35854
 -0.41379 -0.849314 -0.327785   1.37841
        0         0         0         1

 0.215045 -0.444285  0.869693  0.687961
-0.887596  0.282527  0.363802  0.358643
-0.407344  -0.85017  -0.33359   1.37942
        0         0         0         1

 0.219299 -0.447345  0.867058  0.688892
-0.888137   0.27635  0.367209   0.35849
-0.403881 -0.850595 -0.336701   1.37986
        0         0         0         1

  0.22532 -0.456027  0.860971  0.691011
-0.889185  0.264944  0.373036  0.358447
-0.398223 -0.849614 -0.345795   1.38125
        0         0         0         1

 0.226721 -0.462914  0.856918  0.691912
-0.889842  0.259234  0.375472  0.358424
-0.395953 -0.847649 -0.353146   1.38229
        0         0         0         1

 0.228942 -0.492469  0.839678  0.695175
-0.892885  0.237348  0.382653  0.357894
-0.387741 -0.837341 -0.385379   1.38686
        0         0         0         1

 0.228993 -0.501372  0.834379  0.696044
-0.893444  0.232011  0.384616  0.357777
-0.386421 -0.833545 -0.394819   1.38826
        0         0         0         1

 0.228853 -0.521792  0.821803  0.697234
-0.894317  0.220733  0.389198  0.357325
-0.384479 -0.824021 -0.416132   1.39062
        0         0         0         1

 0.227887 -0.532765  0.815002  0.697725
-0.894019  0.217114  0.391908  0.357272
-0.385743 -0.817938 -0.426824   1.39206
        0         0         0         1

 0.225685 -0.559627  0.797423  0.697664
-0.891104  0.212207  0.401125  0.356914
-0.393699 -0.801115 -0.450794   1.39628
        0         0         0         1

 0.225735 -0.560412  0.796857   0.69737
-0.889664  0.214678  0.403004  0.356968
-0.396916 -0.799907 -0.450118   1.39734
        0         0         0         1

0.226687 -0.55503 0.800347 0.696053
-0.887141 0.221493 0.404873 0.357097
-0.401988  -0.8018 -0.44218  1.39896
       0        0        0        1

  0.22776 -0.548774  0.804346  0.695234
-0.885676  0.226491  0.405315  0.357193
-0.404604 -0.804704  -0.43445   1.39968
        0         0         0         1

 0.229865 -0.533698  0.813836  0.693567
-0.883497  0.236273  0.404484  0.357513
 -0.40816 -0.811998  -0.41721   1.40069
        0         0         0         1

 0.231672 -0.525872  0.818405    0.6924
-0.882632  0.240091  0.404126   0.35767
 -0.40901 -0.815975 -0.408529   1.40115
        0         0         0         1

 0.235252 -0.508168  0.828506  0.688666
-0.880452  0.249617  0.403107    0.3587
-0.411655 -0.824292 -0.388694   1.40474
        0         0         0         1

 0.235586 -0.507794   0.82864  0.687952
-0.880055   0.25027   0.40357  0.359231
-0.412314 -0.824324 -0.387927   1.40633
        0         0         0         1

 0.235448 -0.510497  0.827017  0.687584
  -0.8795   0.25019  0.404826  0.360751
-0.413574 -0.822677 -0.390076   1.40965
        0         0         0         1

 0.235496 -0.514218  0.824695  0.687294
-0.879102  0.249107  0.406356  0.361421
-0.414393 -0.820686 -0.393386   1.41137
        0         0         0         1

 0.237476 -0.531831  0.812872  0.686407
-0.876185  0.244029  0.415631  0.363373
 -0.41941 -0.810929 -0.408032   1.41859
        0         0         0         1

 0.238602 -0.536772  0.809287  0.686565
-0.875315  0.242049  0.418612  0.364291
-0.420586 -0.808262 -0.412091   1.42017
        0         0         0         1

 0.240979 -0.549326  0.800106  0.686815
-0.873823  0.235937  0.425168  0.366395
-0.422331 -0.801607 -0.423158   1.42354
        0         0         0         1

 0.241388 -0.556698  0.794871  0.687026
-0.873598  0.232006  0.427785  0.367694
-0.422561  -0.79766 -0.430327    1.4253
        0         0         0         1

 0.242257 -0.572296  0.783447   0.68666
-0.873384  0.223011  0.432973  0.370015
-0.422506 -0.789141 -0.445808   1.42948
        0         0         0         1

 0.240032 -0.579309  0.778965  0.687217
-0.874533  0.219283  0.432559  0.371766
-0.421399 -0.785058 -0.453989   1.43153
        0         0         0         1

 0.232285 -0.603902  0.762461  0.686421
-0.878518  0.206163  0.430932  0.376851
-0.417432 -0.769935  -0.48265   1.43989
        0         0         0         1

 0.230495 -0.609621  0.758442  0.685401
-0.879333  0.203291  0.430635  0.378074
-0.416708 -0.766182 -0.489202   1.44252
        0         0         0         1

 0.226974 -0.617459  0.753144  0.684055
-0.881362  0.198783  0.428586  0.381233
-0.414347 -0.761071 -0.499087   1.44766
        0         0         0         1

 0.227097 -0.617877  0.752765  0.682774
-0.881808  0.197598  0.428218  0.382574
-0.413331 -0.761041 -0.499975   1.45006
        0         0         0         1

 0.229224 -0.613051  0.756059  0.678274
-0.883633  0.194701  0.425775  0.388441
-0.408227 -0.765676 -0.497082   1.45862
        0         0         0         1

 0.230732  -0.61087  0.757364  0.676598
-0.884058  0.193531  0.425426  0.390097
-0.406453 -0.767714  -0.49539   1.46161
        0         0         0         1

 0.234128  -0.60456  0.761374  0.673126
-0.885608  0.190478  0.423577  0.393946
-0.401103  -0.77345 -0.490807   1.46676
        0         0         0         1

 0.235711 -0.601529  0.763284  0.671514
-0.886228  0.189256  0.422826  0.396122
-0.398798 -0.776109 -0.488483   1.46977
        0         0         0         1

 0.239548 -0.595169  0.767066  0.667551
-0.887657   0.18579  0.421363  0.400529
-0.393296 -0.781829   -0.4838   1.47604
        0         0         0         1

 0.242081  -0.59182   0.76886  0.665587
-0.888361  0.183441  0.420908  0.402888
-0.390143 -0.784919 -0.481342     1.479
        0         0         0         1

 0.252352 -0.580892  0.773876  0.658819
 -0.89112  0.172185  0.419831  0.411836
-0.377126 -0.795561 -0.474193   1.49061
        0         0         0         1

 0.256381  -0.57814  0.774611  0.656868
-0.891877   0.16742   0.42015  0.414757
-0.372591 -0.798576 -0.472707   1.49416
        0         0         0         1

 0.264799 -0.574515  0.774477  0.653256
-0.892968  0.157069  0.421827  0.421182
-0.363992 -0.803282 -0.471431   1.50174
        0         0         0         1

 0.268891 -0.573809  0.773589   0.65162
-0.893566  0.151161  0.422717  0.424568
-0.359495 -0.804918  -0.47209   1.50536
        0         0         0         1

 0.285046 -0.575056   0.76685  0.645082
-0.894727  0.127344  0.428074  0.437456
-0.343821 -0.808142 -0.478219    1.5186
        0         0         0         1

  0.28901 -0.576342  0.764397  0.643544
-0.895326  0.119954  0.428955  0.441712
-0.338918 -0.808357 -0.481346   1.52246
        0         0         0         1

 0.296221 -0.580932  0.758137  0.640765
-0.896113  0.105631  0.431072    0.4507
-0.330506 -0.807069  -0.48929   1.53092
        0         0         0         1

 0.300968 -0.583001  0.754671  0.638863
-0.896796 0.0960935  0.431883  0.455383
-0.324307 -0.806769 -0.493911   1.53427
        0         0         0         1

 0.314889 -0.593705  0.740513  0.633639
-0.897163 0.0684309  0.436367  0.473375
-0.309747 -0.801768 -0.511102   1.55018
        0         0         0         1

 0.318523 -0.595915  0.737176  0.632472
  -0.8973 0.0611726  0.437161  0.478976
-0.305606 -0.800714  -0.51523    1.5545
        0         0         0         1

  0.32779 -0.599175  0.730441  0.629286
-0.897246 0.0446466  0.439268  0.490679
 -0.29581 -0.799372 -0.522973   1.56257
        0         0         0         1

 0.332185 -0.600549   0.72732  0.627903
-0.897349 0.0363136  0.439826  0.497166
-0.290549 -0.798763 -0.526839   1.56655
        0         0         0         1

 0.343267 -0.601464  0.721394  0.624261
 -0.89664 0.0188363   0.44236  0.510195
-0.279652 -0.798678 -0.532831   1.57423
        0         0         0         1

 0.348555 -0.601659   0.71869  0.622196
-0.896118 0.0108449  0.443684  0.516804
-0.274741 -0.798679 -0.535377    1.5782
        0         0         0         1

  0.370678   -0.59755   0.711007   0.614244
 -0.892147 -0.0162551   0.451452   0.541016
 -0.258208  -0.801667  -0.539128    1.59164
         0          0          0          1

  0.376276  -0.593914   0.711113   0.612219
 -0.891529 -0.0231944   0.452369   0.549091
 -0.252175  -0.804194  -0.538219    1.59472
         0          0          0          1

  0.387723  -0.587671    0.71015   0.608932
 -0.889366 -0.0360034   0.455776   0.565576
 -0.242279  -0.808299  -0.536614    1.60189
         0          0          0          1

  0.396956  -0.583162   0.708765   0.605048
  -0.88649 -0.0435042   0.460699   0.572551
 -0.237828   -0.81119  -0.534237    1.60517
         0          0          0          1

  0.408347  -0.575462   0.708588    0.60225
    -0.884 -0.0557601    0.46415   0.590542
  -0.22759  -0.815925  -0.531478    1.61118
         0          0          0          1

  0.415737  -0.570718   0.708127   0.599332
 -0.881802 -0.0623035   0.467487   0.598964
 -0.222685  -0.818779  -0.529162     1.6141
         0          0          0          1

  0.442865  -0.552712    0.70596   0.589414
 -0.871802 -0.0816017   0.483014   0.629145
  -0.20936  -0.829368  -0.517994    1.62757
         0          0          0          1

  0.451424  -0.544769   0.706713   0.586158
 -0.868885 -0.0880821   0.487115   0.637917
 -0.203116  -0.833947  -0.513104    1.62966
         0          0          0          1

  0.463761  -0.530313   0.709714   0.582916
  -0.86509 -0.0982068   0.491909   0.658366
 -0.191167  -0.842094  -0.504313    1.63526
         0          0          0          1

 0.471044 -0.522062  0.711034  0.580447
-0.862405  -0.10313  0.495602  0.668847
-0.185406  -0.84665 -0.498808   1.63811
        0         0         0         1

 0.498072  -0.49043  0.715124  0.571253
-0.851091 -0.118572  0.511454  0.706553
-0.166038 -0.863377 -0.476458   1.64889
        0         0         0         1

 0.504033 -0.481058   0.71731  0.569641
-0.849283 -0.125026  0.512919  0.718726
-0.157061 -0.867728 -0.471572   1.64911
        0         0         0         1

 0.514767 -0.461709  0.722385  0.566955
 -0.84536 -0.133042  0.517365  0.743432
-0.142764 -0.876998 -0.458796   1.65292
        0         0         0         1

 0.522238 -0.450311  0.724215  0.562496
-0.841662 -0.135358  0.522766  0.753967
-0.137379 -0.882552 -0.449698   1.65584
        0         0         0         1

 0.531013 -0.425849  0.732583  0.556121
-0.838519 -0.139497  0.526712  0.778234
-0.122107 -0.893976 -0.431158   1.65903
        0         0         0         1

 0.535797 -0.417384   0.73397  0.553014
-0.835627 -0.137518  0.531805  0.788908
-0.121033 -0.898265 -0.422459   1.66336
        0         0         0         1

 0.543724  -0.38359  0.746473   0.54167
-0.831936  -0.12906  0.539654  0.832012
-0.110666 -0.914441 -0.389296   1.67266
        0         0         0         1

 0.540507 -0.374855  0.753217  0.540528
-0.835002 -0.129328  0.534833  0.847053
-0.103073 -0.918019 -0.382907   1.67156
        0         0         0         1

 0.540707 -0.356097  0.762122  0.530458
-0.835624 -0.123127  0.535325  0.872648
-0.0967899 -0.926302 -0.364139   1.67365
        0         0         0         1

 0.534017 -0.353141  0.768191   0.52777
-0.839738 -0.115879  0.530483  0.886135
-0.098318 -0.928366 -0.358427   1.67602
        0         0         0         1

  0.491789  -0.341214   0.801072   0.525135
 -0.865196 -0.0880885   0.493635   0.937156
-0.0978701  -0.935849  -0.338538    1.68483
         0          0          0          1

  0.478251   -0.33168   0.813182   0.520616
 -0.873149 -0.0801842   0.480813   0.951363
-0.0942717  -0.939978  -0.327954    1.68818
         0          0          0          1

  0.445672  -0.307874   0.840589   0.514327
 -0.892115 -0.0749018   0.445557   0.980398
-0.0742136  -0.948474   -0.30804    1.69214
         0          0          0          1

  0.438059  -0.289089   0.851194   0.509082
 -0.897522 -0.0873636   0.432229   0.994578
-0.0505894  -0.953307  -0.297734    1.68942
         0          0          0          1

 0.416406 -0.245888  0.875297  0.499452
-0.909178 -0.114244   0.40043   1.02371
0.00153603 -0.962542 -0.271128   1.68668
        0         0         0         1

 0.402924 -0.228026  0.886372  0.496983
-0.914808 -0.129852  0.382445   1.03891
0.0278898 -0.964957  -0.26092   1.68756
        0         0         0         1

 0.350902 -0.151494  0.924077  0.484872
-0.929464 -0.176343  0.324037   1.08969
 0.113864 -0.972601 -0.202687   1.68948
        0         0         0         1

 0.334335  -0.12614  0.933975  0.480369
-0.932171 -0.190254  0.307994   1.10433
 0.138842 -0.973597 -0.181193   1.68715
        0         0         0         1

  0.287911 -0.0835698   0.954004   0.486447
 -0.939832  -0.215966   0.264715    1.13957
   0.18391  -0.972818  -0.140721    1.68893
         0          0          0          1

   0.27342 -0.0552931   0.960304   0.480181
 -0.938418  -0.234557   0.253683    1.15379
  0.211219  -0.970529  -0.116021    1.68243
         0          0          0          1

