0.00429413 -0.899335  0.437239   1.07127
 -0.98901 -0.068438 -0.131054   1.07579
 0.147785 -0.431871 -0.889745   2.38676
        0         0         0         1

0.00608761  -0.899574   0.436726    1.07022
 -0.993918 -0.0534666 -0.0962768    1.03724
  0.109958  -0.433484  -0.894428    2.36385
         0          0          0          1

0.00608761  -0.899574   0.436726    1.07022
 -0.993918 -0.0534666 -0.0962768    1.03724
  0.109958  -0.433484  -0.894428    2.36385
         0          0          0          1

-0.00740331  -0.908169   0.418537    1.08156
 -0.998073 -0.0190753 -0.0590452   0.984756
 0.0616067  -0.418168  -0.906278     2.3282
         0          0          0          1

-0.00740331  -0.908169   0.418537    1.08156
 -0.998073 -0.0190753 -0.0590452   0.984756
 0.0616067  -0.418168  -0.906278     2.3282
         0          0          0          1

-0.00695993   -0.911388    0.411488     1.07095
  -0.999629 -0.00448786  -0.0268477    0.944911
  0.0263154   -0.411523    -0.91102     2.30985
          0           0           0           1

-0.00695993   -0.911388    0.411488     1.07095
  -0.999629 -0.00448786  -0.0268477    0.944911
  0.0263154   -0.411523    -0.91102     2.30985
          0           0           0           1

-0.0125376  -0.912384   0.409143    1.07412
 -0.999879  0.0152059 0.00326911   0.912844
-0.00920408  -0.409053  -0.912464    2.27889
         0          0          0          1

-0.0125376  -0.912384   0.409143    1.07412
 -0.999879  0.0152059 0.00326911   0.912844
-0.00920408  -0.409053  -0.912464    2.27889
         0          0          0          1

-0.0254564 -0.906655  0.421104   1.06793
-0.998265 0.0454278 0.0374614   0.86098
-0.0530944 -0.419419 -0.906239   2.23912
        0         0         0         1

-0.0254564 -0.906655  0.421104   1.06793
-0.998265 0.0454278 0.0374614   0.86098
-0.0530944 -0.419419 -0.906239   2.23912
        0         0         0         1

-0.0431239 -0.911641  0.408718   1.07254
-0.995981  0.071372 0.0541083  0.832128
-0.0784984 -0.404742 -0.911055   2.20618
        0         0         0         1

-0.0431239 -0.911641  0.408718   1.07254
-0.995981  0.071372 0.0541083  0.832128
-0.0784984 -0.404742 -0.911055   2.20618
        0         0         0         1

-0.0442258 -0.919547  0.390482   1.07172
-0.989516 0.0941107  0.109549  0.783048
-0.137484 -0.381544 -0.914069   2.16385
        0         0         0         1

-0.0442258 -0.919547  0.390482   1.07172
-0.989516 0.0941107  0.109549  0.783048
-0.137484 -0.381544 -0.914069   2.16385
        0         0         0         1

-0.0488102  -0.92551  0.375566   1.07427
-0.983134  0.110872  0.145451  0.753066
-0.176256 -0.362132 -0.915311   2.13197
        0         0         0         1

-0.0488102  -0.92551  0.375566   1.07427
-0.983134  0.110872  0.145451  0.753066
-0.176256 -0.362132 -0.915311   2.13197
        0         0         0         1

-0.0489199 -0.930502  0.363006   1.07373
-0.976405  0.121089  0.178806  0.725375
-0.210335 -0.345694  -0.91447   2.09828
        0         0         0         1

-0.0489199 -0.930502  0.363006   1.07373
-0.976405  0.121089  0.178806  0.725375
-0.210335 -0.345694  -0.91447   2.09828
        0         0         0         1

-0.0638144 -0.942293   0.32865    1.0792
-0.962392  0.145246  0.229575  0.684278
-0.264062  -0.30164 -0.916125   2.05166
        0         0         0         1

-0.0638144 -0.942293   0.32865    1.0792
-0.962392  0.145246  0.229575  0.684278
-0.264062  -0.30164 -0.916125   2.05166
        0         0         0         1

-0.0733921 -0.950559  0.301745   1.08136
-0.954561  0.154581  0.254789  0.662506
-0.288836 -0.269335 -0.918712   2.01649
        0         0         0         1

-0.0733921 -0.950559  0.301745   1.08136
-0.954561  0.154581  0.254789  0.662506
-0.288836 -0.269335 -0.918712   2.01649
        0         0         0         1

-0.0757693 -0.952879  0.293736   1.08168
-0.951548  0.157142  0.264317   0.65501
 -0.29802 -0.259476 -0.918616   2.00637
        0         0         0         1

-0.083996 -0.959301  0.269602   1.08382
-0.938844  0.166859  0.301216  0.629428
-0.333942 -0.227814 -0.914649   1.96775
        0         0         0         1

-0.086144 -0.960753  0.263692   1.08445
-0.934435  0.169717  0.313093  0.622199
-0.345558 -0.219431 -0.912381   1.95836
        0         0         0         1

-0.0911438 -0.963057  0.253404   1.08595
-0.927207  0.174899  0.331205  0.609021
 -0.36329 -0.204771 -0.908895   1.93662
        0         0         0         1

-0.0944849 -0.964711  0.245776   1.08702
-0.923544  0.177111  0.340146  0.602967
-0.371672 -0.194846 -0.907687   1.92723
        0         0         0         1

-0.101473  -0.96772  0.230696   1.08926
-0.915578  0.181547  0.358828  0.590479
-0.389127 -0.174809 -0.904446   1.90752
        0         0         0         1

-0.104651 -0.968897  0.224247   1.09009
-0.912396  0.183255  0.365993  0.585221
-0.395704 -0.166301 -0.903196   1.89777
        0         0         0         1

-0.112666  -0.97367  0.198172   1.09052
-0.901945  0.183894  0.390741  0.567187
-0.416896 -0.134717 -0.898916   1.86279
        0         0         0         1

-0.120228 -0.977574  0.172897   1.09302
-0.891813  0.182866  0.413798  0.552064
-0.436136 -0.104442   -0.8938   1.83735
        0         0         0         1

-0.120228 -0.977574  0.172897   1.09302
-0.891813  0.182866  0.413798  0.552064
-0.436136 -0.104442   -0.8938   1.83735
        0         0         0         1

 -0.129966   -0.98053   0.147207    1.09818
 -0.883596   0.181895   0.431476   0.539753
 -0.449852 -0.0739945  -0.890033    1.81036
         0          0          0          1

 -0.129966   -0.98053   0.147207    1.09818
 -0.883596   0.181895   0.431476   0.539753
 -0.449852 -0.0739945  -0.890033    1.81036
         0          0          0          1

 -0.140592  -0.983013    0.11798    1.10374
 -0.871111   0.179451   0.457124   0.523416
  -0.47053 -0.0385061  -0.881543    1.77404
         0          0          0          1

 -0.140592  -0.983013    0.11798    1.10374
 -0.871111   0.179451   0.457124   0.523416
  -0.47053 -0.0385061  -0.881543    1.77404
         0          0          0          1

 -0.142465  -0.984612   0.101205    1.10436
 -0.863975   0.173593   0.472666   0.513722
 -0.482961 -0.0200999  -0.875411    1.75129
         0          0          0          1

 -0.142465  -0.984612   0.101205    1.10436
 -0.863975   0.173593   0.472666   0.513722
 -0.482961 -0.0200999  -0.875411    1.75129
         0          0          0          1

 -0.152901     -0.985  0.0799795    1.10802
 -0.852352     0.1724   0.493734   0.502047
 -0.500116 0.00732187  -0.865927    1.71941
         0          0          0          1

 -0.152901     -0.985  0.0799795    1.10802
 -0.852352     0.1724   0.493734   0.502047
 -0.500116 0.00732187  -0.865927    1.71941
         0          0          0          1

-0.156801 -0.984642 0.0767675   1.10953
-0.849406  0.174107  0.498193  0.499893
-0.503907 0.0129104 -0.863661    1.7134
        0         0         0         1

-0.162331  -0.98433 0.0688762   1.11126
 -0.84443  0.174692   0.50638   0.49564
-0.510477   0.02404 -0.859555   1.70067
        0         0         0         1

-0.163694  -0.98434 0.0654182   1.11129
-0.842832  0.174007   0.50927  0.493956
-0.512678  0.028228 -0.858117   1.69457
        0         0         0         1

 -0.17142 -0.983457 0.0585478    1.1129
-0.835562  0.176612  0.520236  0.488052
-0.521969 0.0402586 -0.852014   1.67477
        0         0         0         1

 -0.17913 -0.982303  0.054711    1.1142
-0.829694  0.180717  0.528157  0.483808
-0.528697 0.0492153 -0.847382   1.65964
        0         0         0         1

 -0.17913 -0.982303  0.054711    1.1142
-0.829694  0.180717  0.528157  0.483808
-0.528697 0.0492153 -0.847382   1.65964
        0         0         0         1

-0.186342 -0.981234 0.0495708   1.11534
-0.826164    0.1838  0.532607  0.481002
-0.531723 0.0582933  -0.84491   1.64583
        0         0         0         1

-0.186342 -0.981234 0.0495708   1.11534
-0.826164    0.1838  0.532607  0.481002
-0.531723 0.0582933  -0.84491   1.64583
        0         0         0         1

-0.199574 -0.978941 0.0429374   1.11661
 -0.82267  0.191199  0.535404  0.478134
-0.532339 0.0715296 -0.843504   1.62888
        0         0         0         1

-0.199574 -0.978941 0.0429374   1.11661
 -0.82267  0.191199  0.535404  0.478134
-0.532339 0.0715296 -0.843504   1.62888
        0         0         0         1

-0.207429 -0.977575 0.0363256   1.11669
-0.822318  0.194358  0.534807  0.477476
-0.529874 0.0810632 -0.844193   1.61844
        0         0         0         1

-0.207429 -0.977575 0.0363256   1.11669
-0.822318  0.194358  0.534807  0.477476
-0.529874 0.0810632 -0.844193   1.61844
        0         0         0         1

-0.209582 -0.977195 0.0341487    1.1168
-0.822172  0.195023  0.534789  0.477444
-0.529253 0.0840062 -0.844295   1.61559
        0         0         0         1

-0.218463 -0.975406  0.029266   1.11814
-0.821234  0.199967  0.534404  0.478123
-0.527114 0.0927135 -0.844722   1.60573
        0         0         0         1

-0.222384 -0.974382 0.0335474    1.1189
-0.821405  0.205783  0.531928  0.478856
-0.525204  0.090736 -0.846125   1.60058
        0         0         0         1

-0.222384 -0.974382 0.0335474    1.1189
-0.821405  0.205783  0.531928  0.478856
-0.525204  0.090736 -0.846125   1.60058
        0         0         0         1

-0.221348 -0.974244  0.043064   1.11948
-0.822056  0.210163  0.529202  0.479239
-0.524622 0.0817369 -0.847402   1.59738
        0         0         0         1

-0.221348 -0.974244  0.043064   1.11948
-0.822056  0.210163  0.529202  0.479239
-0.524622 0.0817369 -0.847402   1.59738
        0         0         0         1

-0.212033 -0.975825 0.0529924   1.12284
-0.827653  0.208143  0.521217  0.480424
-0.519647 0.0666562 -0.851777   1.59567
        0         0         0         1

-0.212033 -0.975825 0.0529924   1.12284
-0.827653  0.208143  0.521217  0.480424
-0.519647 0.0666562 -0.851777   1.59567
        0         0         0         1

-0.202453 -0.977381 0.0611516   1.12465
-0.830304  0.204426  0.518465  0.480718
-0.519239 0.0541903 -0.852909   1.59694
        0         0         0         1

-0.202453 -0.977381 0.0611516   1.12465
-0.830304  0.204426  0.518465  0.480718
-0.519239 0.0541903 -0.852909   1.59694
        0         0         0         1

-0.191626 -0.979215 0.0664592   1.12599
-0.836361  0.198354  0.511033  0.481749
-0.513594 0.0423436 -0.856988   1.60022
        0         0         0         1

-0.191626 -0.979215 0.0664592   1.12599
-0.836361  0.198354  0.511033  0.481749
-0.513594 0.0423436 -0.856988   1.60022
        0         0         0         1

-0.190238 -0.979389 0.0678678   1.12624
-0.836217   0.19787  0.511458  0.481952
-0.514345 0.0405465 -0.856624   1.60115
        0         0         0         1

-0.186687 -0.979963 0.0694277    1.1264
-0.836068   0.19559  0.512576  0.482427
-0.515885 0.0376452  -0.85583   1.60316
        0         0         0         1

-0.181686 -0.980683 0.0724583   1.12621
-0.835741  0.192822  0.514156  0.483825
-0.518196 0.0328585  -0.85463   1.60718
        0         0         0         1

-0.181686 -0.980683 0.0724583   1.12621
-0.835741  0.192822  0.514156  0.483825
-0.518196 0.0328585  -0.85463   1.60718
        0         0         0         1

-0.177081 -0.981417 0.0739061   1.12558
-0.837682  0.189714   0.51215  0.487646
-0.516654 0.0287824  -0.85571   1.61727
        0         0         0         1

-0.177081 -0.981417 0.0739061   1.12558
-0.837682  0.189714   0.51215  0.487646
-0.516654 0.0287824  -0.85571   1.61727
        0         0         0         1

-0.172756 -0.982058 0.0756173   1.12404
-0.840732   0.18702  0.508127   0.49077
-0.513152  0.024208 -0.857956   1.62548
        0         0         0         1

-0.172756 -0.982058 0.0756173   1.12404
-0.840732   0.18702  0.508127   0.49077
-0.513152  0.024208 -0.857956   1.62548
        0         0         0         1

-0.165678 -0.982736 0.0823432   1.12228
-0.846859  0.184562  0.498765  0.496159
-0.505352 0.0129012 -0.862817   1.64001
        0         0         0         1

-0.165678 -0.982736 0.0823432   1.12228
-0.846859  0.184562  0.498765  0.496159
-0.505352 0.0129012 -0.862817   1.64001
        0         0         0         1

-0.163354  -0.98296 0.0842882   1.12177
-0.848511  0.183569  0.496318  0.497532
-0.503334 0.0095562 -0.864039   1.64377
        0         0         0         1

-0.158871 -0.983372 0.0879717   1.12065
-0.852156  0.181577  0.490776  0.500401
-0.498589 0.0030046 -0.866833   1.65189
        0         0         0         1

  -0.150876   -0.984561   0.0887447      1.1187
   -0.85868    0.175005    0.481708    0.505073
  -0.489802 -0.00352529   -0.871827     1.66562
          0           0           0           1

  -0.150876   -0.984561   0.0887447      1.1187
   -0.85868    0.175005    0.481708    0.505073
  -0.489802 -0.00352529   -0.871827     1.66562
          0           0           0           1

  -0.137204   -0.986978   0.0839639     1.11586
  -0.871685    0.160566    0.463017    0.513657
  -0.470469 -0.00966227   -0.882364      1.6902
          0           0           0           1

  -0.137204   -0.986978   0.0839639     1.11586
  -0.871685    0.160566    0.463017    0.513657
  -0.470469 -0.00966227   -0.882364      1.6902
          0           0           0           1

-0.126149 -0.988525 0.0830935   1.11384
-0.880098  0.150173  0.450416  0.520251
-0.457726 -0.016311 -0.888944   1.70861
        0         0         0         1

-0.126149 -0.988525 0.0830935   1.11384
-0.880098  0.150173  0.450416  0.520251
-0.457726 -0.016311 -0.888944   1.70861
        0         0         0         1

 -0.105402  -0.990854  0.0842519    1.10918
 -0.894018   0.131518   0.428292   0.532162
 -0.435455 -0.0301801  -0.899704    1.73864
         0          0          0          1

 -0.105402  -0.990854  0.0842519    1.10918
 -0.894018   0.131518   0.428292   0.532162
 -0.435455 -0.0301801  -0.899704    1.73864
         0          0          0          1

 -0.101619  -0.991231  0.0844653    1.10842
  -0.89673   0.128031   0.423654    0.53501
 -0.430753 -0.0326913  -0.901878    1.74598
         0          0          0          1

-0.0916378  -0.992117   0.085483    1.10566
 -0.903077    0.11897   0.412671   0.541124
 -0.419588 -0.0393815   -0.90686    1.76156
         0          0          0          1

 -0.078749  -0.992873   0.089454    1.10159
  -0.91324   0.107831   0.392893   0.551854
 -0.399738 -0.0507531  -0.915223    1.78424
         0          0          0          1

 -0.078749  -0.992873   0.089454    1.10159
  -0.91324   0.107831   0.392893   0.551854
 -0.399738 -0.0507531  -0.915223    1.78424
         0          0          0          1

-0.0608709  -0.993436  0.0968525    1.09424
 -0.926706  0.0922964   0.364277   0.569652
 -0.370825 -0.0675798  -0.926241    1.82242
         0          0          0          1

-0.0608709  -0.993436  0.0968525    1.09424
 -0.926706  0.0922964   0.364277   0.569652
 -0.370825 -0.0675798  -0.926241    1.82242
         0          0          0          1

-0.0506913  -0.993547   0.101468    1.08982
 -0.934969  0.0829262     0.3449   0.582736
 -0.351088 -0.0773857  -0.933139    1.84967
         0          0          0          1

-0.0506913  -0.993547   0.101468    1.08982
 -0.934969  0.0829262     0.3449   0.582736
 -0.351088 -0.0773857  -0.933139    1.84967
         0          0          0          1

-0.0417559  -0.993357    0.10723    1.08586
 -0.942565  0.0747627   0.325547   0.597289
 -0.331402 -0.0874775  -0.939426    1.87832
         0          0          0          1

-0.0417559  -0.993357    0.10723    1.08586
 -0.942565  0.0747627   0.325547   0.597289
 -0.331402 -0.0874775  -0.939426    1.87832
         0          0          0          1

-0.0217646 -0.992856  0.117319   1.07571
 -0.95617 0.0549453  0.287609  0.623816
-0.292001 -0.105917 -0.950535   1.91879
        0         0         0         1

-0.0217646 -0.992856  0.117319   1.07571
 -0.95617 0.0549453  0.287609  0.623816
-0.292001 -0.105917 -0.950535   1.91879
        0         0         0         1

-0.0132831 -0.992776  0.119247   1.07212
-0.963439 0.0446233  0.264186  0.643271
-0.267598 -0.111378 -0.957072   1.94875
        0         0         0         1

-0.0132831 -0.992776  0.119247   1.07212
-0.963439 0.0446233  0.264186  0.643271
-0.267598 -0.111378 -0.957072   1.94875
        0         0         0         1

-0.00911115 -0.992611  0.120998    1.0704
-0.965956 0.0400229  0.255593  0.650042
-0.258547  -0.11455 -0.959183   1.95809
        0         0         0         1

0.00330593 -0.992026  0.125986    1.0641
-0.973869 0.0254162  0.225684  0.675482
-0.227086  -0.12344  -0.96602   1.99382
        0         0         0         1

0.0135989 -0.991293  0.130968   1.05792
-0.979944 0.0128302  0.198862  0.698476
-0.198811 -0.131046 -0.971237   2.02615
        0         0         0         1

0.0135989 -0.991293  0.130968   1.05792
-0.979944 0.0128302  0.198862  0.698476
-0.198811 -0.131046 -0.971237   2.02615
        0         0         0         1

 0.0164626  -0.991057    0.13242    1.05743
 -0.982111 0.00881843   0.188096    0.70737
 -0.187582  -0.133148  -0.973183    2.03537
         0          0          0          1

  0.0244532   -0.990311      0.1367     1.05369
  -0.986176 -0.00147891    0.165695    0.725579
  -0.163887   -0.138862   -0.976657     2.05579
          0           0           0           1

  0.0271564   -0.989871    0.139346     1.05224
  -0.987301 -0.00473229    0.158793    0.733385
  -0.156525   -0.141888   -0.977429     2.06773
          0           0           0           1

 0.0429946  -0.987742   0.150057    1.04258
 -0.991948 -0.0242949   0.124295   0.766909
 -0.119126  -0.154193  -0.980833    2.10418
         0          0          0          1

 0.0496294  -0.986524    0.15591     1.0393
 -0.995268 -0.0357932  0.0903325   0.799143
-0.0835347  -0.159655  -0.983632    2.13462
         0          0          0          1

 0.0496294  -0.986524    0.15591     1.0393
 -0.995268 -0.0357932  0.0903325   0.799143
-0.0835347  -0.159655  -0.983632    2.13462
         0          0          0          1

 0.0563518  -0.984663   0.165117    1.03506
 -0.997866 -0.0500825  0.0418925   0.847351
-0.0329805  -0.167125  -0.985384    2.18256
         0          0          0          1

 0.0563518  -0.984663   0.165117    1.03506
 -0.997866 -0.0500825  0.0418925   0.847351
-0.0329805  -0.167125  -0.985384    2.18256
         0          0          0          1

 0.0625916  -0.982326   0.176403    1.02886
 -0.997996 -0.0632494 0.00189701   0.886595
0.00929394  -0.176169  -0.984316    2.20723
         0          0          0          1

 0.0625916  -0.982326   0.176403    1.02886
 -0.997996 -0.0632494 0.00189701   0.886595
0.00929394  -0.176169  -0.984316    2.20723
         0          0          0          1

 0.0632057  -0.981681   0.179742    1.02689
 -0.997831 -0.0654794 -0.0067395   0.896979
 0.0183854  -0.178926  -0.983691    2.21843
         0          0          0          1

 0.0618833  -0.980191   0.188138    1.02327
 -0.997343 -0.0679859 -0.0261526   0.919474
 0.0384253   -0.18602  -0.981794    2.24009
         0          0          0          1

 0.0593512  -0.980386    0.18794    1.02526
 -0.996991 -0.0676198 -0.0378888   0.931389
 0.0498541  -0.185125   -0.98145    2.24881
         0          0          0          1

 0.0595974  -0.978276   0.198555    1.02042
 -0.994653 -0.0750044 -0.0709945   0.974268
 0.0843448  -0.193262  -0.977515    2.28569
         0          0          0          1

 0.0633452  -0.972742   0.223071    1.00439
 -0.990968 -0.0877802  -0.101378    1.00923
  0.118196  -0.214634  -0.969516    2.31374
         0          0          0          1

 0.0633452  -0.972742   0.223071    1.00439
 -0.990968 -0.0877802  -0.101378    1.00923
  0.118196  -0.214634  -0.969516    2.31374
         0          0          0          1

 0.0501256  -0.972156   0.228912    1.00767
 -0.983971 -0.0873445  -0.155476    1.07262
  0.171141  -0.217449  -0.960951    2.35026
         0          0          0          1

 0.0501256  -0.972156   0.228912    1.00767
 -0.983971 -0.0873445  -0.155476    1.07262
  0.171141  -0.217449  -0.960951    2.35026
         0          0          0          1

 0.0395404  -0.971233   0.234824    1.00874
 -0.975075 -0.0888526  -0.203309    1.11994
  0.218325  -0.220932  -0.950538    2.36292
         0          0          0          1

 0.0395404  -0.971233   0.234824    1.00874
 -0.975075 -0.0888526  -0.203309    1.11994
  0.218325  -0.220932  -0.950538    2.36292
         0          0          0          1

0.0375331 -0.970088  0.239836   1.00403
 -0.96967 -0.093362 -0.225882    1.1579
 0.241517 -0.224084  -0.94417   2.39333
        0         0         0         1

0.0375331 -0.970088  0.239836   1.00403
 -0.96967 -0.093362 -0.225882    1.1579
 0.241517 -0.224084  -0.94417   2.39333
        0         0         0         1

0.0317127 -0.967103  0.252399  0.990946
-0.956673 -0.102496 -0.272529   1.21882
 0.289434  -0.23282 -0.928452    2.4246
        0         0         0         1

