  0.356414  -0.246461   0.901236   0.861934
 -0.932267 -0.0297796   0.360543    1.07287
-0.0620213  -0.968695  -0.240381    1.82028
         0          0          0          1

 0.356714 -0.249994  0.900143  0.870062
-0.931419   -0.0207  0.363359   1.05792
-0.0722047 -0.968026 -0.240233   1.81924
        0         0         0         1

  0.353612  -0.248589   0.901755   0.873995
 -0.932459 -0.0173918   0.360858    1.05168
 -0.074022  -0.968453  -0.237949    1.81745
         0          0          0          1

    0.35293    -0.24219    0.903761    0.873995
  -0.932043 -0.00627786    0.362292     1.03465
 -0.0820699   -0.970209   -0.227947     1.82065
          0           0           0           1

  0.351027  -0.235863   0.906172   0.875013
 -0.932328 0.00172698   0.361609     1.0264
-0.0868552  -0.971785  -0.219296    1.82126
         0          0          0          1

 0.338459 -0.224531  0.913801  0.888908
-0.935443 0.0249223  0.352598   1.00087
-0.101943 -0.974148   -0.2016   1.81953
        0         0         0         1

 0.338347 -0.224185  0.913927  0.889887
-0.934827 0.0311771  0.353732  0.994044
-0.107795 -0.974048 -0.199025   1.81865
        0         0         0         1

 0.338672 -0.227145  0.913075  0.894329
-0.933852 0.0374497  0.355694  0.980765
-0.114989 -0.973141 -0.199437   1.81368
        0         0         0         1

 0.337674 -0.230721  0.912548   0.89841
-0.933522 0.0419892  0.356052  0.973235
-0.120466 -0.972114 -0.201204   1.81326
        0         0         0         1

 0.339093 -0.242983  0.908832  0.907748
-0.929915  0.059645  0.362905  0.947514
-0.142387 -0.968195 -0.205729   1.81251
        0         0         0         1

 0.336922 -0.245832  0.908873  0.912136
-0.930099 0.0630781  0.361852  0.941592
-0.146285 -0.967258 -0.207396   1.80978
        0         0         0         1

 0.335126 -0.247751  0.909016  0.914591
-0.928999 0.0738888  0.362632  0.927045
-0.157008 -0.966002 -0.205399   1.80664
        0         0         0         1

 0.333946 -0.246714  0.909732  0.916914
-0.928843 0.0781144  0.362145  0.919861
 -0.16041 -0.965935 -0.203073   1.80581
        0         0         0         1

 0.332987 -0.245537  0.910402  0.921032
 -0.92794 0.0861496  0.362637  0.905285
-0.167471 -0.965552 -0.199157   1.80155
        0         0         0         1

 0.330018   -0.2471   0.91106  0.925237
-0.928337 0.0899875  0.360683  0.899086
-0.171109 -0.964802 -0.199695    1.7993
        0         0         0         1

 0.328492 -0.243945   0.91246  0.929836
-0.927176  0.100932  0.360773  0.875023
-0.180105 -0.964522 -0.193025   1.78888
        0         0         0         1

  0.32615 -0.243591  0.913395  0.933118
-0.927122  0.106242  0.359385  0.867849
-0.184584 -0.964042 -0.191188   1.78743
        0         0         0         1

 0.325879 -0.245368  0.913016  0.937192
-0.924977  0.116955  0.361579  0.852856
-0.195502 -0.962349 -0.188846    1.7834
        0         0         0         1

 0.329137 -0.247043  0.911394  0.937184
-0.922686    0.1211  0.366041  0.845285
-0.200797 -0.961408 -0.188084    1.7816
        0         0         0         1

 0.333466 -0.253862   0.90794  0.940685
-0.917691  0.133217  0.374295   0.82951
-0.215972 -0.958023 -0.188543   1.77764
        0         0         0         1

 0.335782 -0.255247  0.906697  0.941568
-0.916167  0.135132   0.37733  0.823062
-0.218836 -0.957386 -0.188474   1.77306
        0         0         0         1

  0.33864 -0.263193  0.903356  0.947927
-0.910647  0.149884  0.385042  0.798992
-0.236739 -0.953029 -0.188919   1.76081
        0         0         0         1

 0.340142 -0.263794  0.902616  0.948382
 -0.90887  0.154146  0.387549  0.791613
-0.241368 -0.952183 -0.187323   1.75707
        0         0         0         1

 0.339742 -0.264937  0.902432  0.951013
-0.906556   0.16327  0.389228   0.77754
-0.250461 -0.950343  -0.18471   1.75001
        0         0         0         1

 0.336955 -0.266379  0.903052  0.953027
-0.906863  0.166017  0.387348  0.770879
-0.253104 -0.949463 -0.185629   1.74592
        0         0         0         1

 0.332346 -0.267741  0.904357  0.958351
 -0.90505  0.179272  0.385675  0.746287
-0.265387 -0.946666 -0.182739   1.73199
        0         0         0         1

 0.332566 -0.263919  0.905399  0.957584
 -0.90513  0.180281  0.385018  0.739793
 -0.26484 -0.947547 -0.178926    1.7268
        0         0         0         1

 0.327337 -0.259996  0.908434  0.959978
-0.905884  0.187088  0.379964  0.726538
-0.268746 -0.947312 -0.174285   1.71767
        0         0         0         1

 0.324603  -0.25751  0.910122  0.959509
 -0.90671  0.189221  0.376924  0.720021
-0.269276 -0.947567 -0.172065   1.71245
        0         0         0         1

 0.320059 -0.255928  0.912175  0.959764
-0.906681  0.196486  0.373259  0.706517
-0.274758 -0.946517 -0.169158   1.70398
        0         0         0         1

 0.320042  -0.25559  0.912276  0.960758
-0.906095  0.198659  0.373532  0.700371
-0.276703 -0.946154  -0.16801   1.69833
        0         0         0         1

 0.328053 -0.261732  0.907677  0.962032
-0.900209   0.20466  0.384368  0.678312
-0.286367 -0.943192 -0.168474   1.67953
        0         0         0         1

 0.332065  -0.26646  0.904838  0.963635
-0.897387  0.206256   0.39007  0.672622
-0.290566 -0.941519 -0.170627    1.6742
        0         0         0         1

 0.339267 -0.272607  0.900324  0.965613
 -0.89272  0.208427  0.399511  0.661296
-0.296561 -0.939278 -0.172649   1.66258
        0         0         0         1

 0.341631 -0.275511  0.898545  0.965383
-0.890718  0.210115   0.40308  0.655787
-0.299851 -0.938054 -0.173621   1.65702
        0         0         0         1

 0.350346 -0.280613  0.893596  0.966624
-0.883506  0.217704  0.414755  0.637812
-0.310925 -0.934806 -0.171652    1.6361
        0         0         0         1

 0.351555 -0.282667  0.892473   0.96668
-0.882614  0.217736  0.416634  0.633276
-0.312092 -0.934179  -0.17294   1.62995
        0         0         0         1

 0.355917 -0.290041  0.888369  0.966698
-0.878596  0.220054  0.423846  0.623458
-0.318422 -0.931371 -0.176508   1.61827
        0         0         0         1

 0.358717 -0.295151  0.885555  0.966339
-0.876335  0.220261  0.428394  0.619151
-0.321495 -0.929715  -0.17964   1.61282
        0         0         0         1

 0.360605 -0.304276  0.881692  0.967246
-0.874184  0.219345  0.433232  0.610874
-0.325216 -0.926987 -0.186896       1.6
        0         0         0         1

 0.362047 -0.308862  0.879504   0.96754
-0.872159  0.220798  0.436563  0.606954
-0.329031 -0.925123 -0.189437   1.59465
        0         0         0         1

 0.366122 -0.325642  0.871729  0.968492
 -0.86589  0.223924  0.447318  0.594413
-0.340866 -0.918594 -0.199987   1.57437
        0         0         0         1

 0.367536 -0.331126  0.869064  0.968563
-0.863633  0.225178  0.451035  0.591205
-0.345044 -0.916324 -0.203211   1.56878
        0         0         0         1

 0.368735 -0.341469  0.864542  0.969592
-0.860678   0.22588  0.456303  0.585759
-0.351096 -0.912347 -0.210605   1.55652
        0         0         0         1

 0.369565 -0.346771  0.862074   0.96959
-0.857961  0.228924  0.459887   0.58276
-0.356825 -0.909584 -0.212913   1.55184
        0         0         0         1

 0.369292 -0.362644  0.855636  0.972079
-0.852222  0.235015  0.467425  0.574952
-0.370596 -0.901808 -0.222264   1.53164
        0         0         0         1

 0.368983  -0.36604  0.854322  0.972566
-0.851099  0.236284  0.468828  0.573217
-0.373473 -0.900102 -0.224352   1.52591
        0         0         0         1

  0.37037 -0.372097  0.851099  0.973074
 -0.84774  0.239123  0.473452  0.569308
-0.379687 -0.896864 -0.226877   1.51439
        0         0         0         1

 0.372185 -0.375927  0.848621  0.972968
-0.845341  0.240231  0.477165  0.567637
-0.383245 -0.894968 -0.228376   1.50919
        0         0         0         1

 0.375668 -0.384469  0.843242  0.973235
-0.841111  0.240581   0.48441  0.564182
-0.389109 -0.891237 -0.233002   1.49812
        0         0         0         1

 0.376115 -0.389233  0.840854  0.974204
 -0.83915   0.24171   0.48724  0.562983
-0.392893 -0.888861 -0.235715   1.49326
        0         0         0         1

 0.381672 -0.404096  0.831284  0.975924
  -0.8311  0.243526  0.499968  0.558619
-0.404475 -0.881704 -0.242897   1.47537
        0         0         0         1

 0.384176 -0.407356  0.828535   0.97611
-0.828635  0.243618  0.503999  0.557676
-0.407153 -0.880177 -0.243958   1.47052
        0         0         0         1

 0.388167 -0.413023  0.823856   0.97683
-0.823935  0.244955  0.511007  0.555872
-0.412865  -0.87716 -0.245221   1.46116
        0         0         0         1

 0.389572  -0.41416  0.822621  0.977262
-0.822048  0.246392   0.51335  0.555143
-0.415296 -0.876221 -0.244472   1.45668
        0         0         0         1

 0.396101 -0.416734  0.818191  0.978143
-0.816239   0.24831  0.521629  0.553658
-0.420546 -0.874457 -0.241798   1.44048
        0         0         0         1

 0.398234 -0.416487  0.817281  0.978302
-0.814538  0.249169  0.523873  0.553375
-0.421827  -0.87433 -0.240017   1.43629
        0         0         0         1

 0.401262 -0.415735  0.816182  0.978865
-0.811807   0.25127  0.527099  0.553194
-0.424215 -0.874087 -0.236671   1.42835
        0         0         0         1

 0.403675 -0.414242  0.815751  0.978607
-0.811367   0.24992  0.528416   0.55319
-0.422764 -0.875182 -0.235216   1.42374
        0         0         0         1

 0.408649 -0.410989   0.81492  0.978078
-0.808912  0.250421  0.531931  0.552892
-0.422691 -0.876571 -0.230119   1.41607
        0         0         0         1

 0.410882 -0.409595  0.814498  0.978161
 -0.80771  0.250795  0.533578  0.553038
-0.422823 -0.877117 -0.227787   1.41271
        0         0         0         1

 0.419565 -0.405835   0.81195  0.978246
-0.803921  0.249239  0.539992  0.553562
-0.421517 -0.879306 -0.221687   1.40052
        0         0         0         1

 0.423126 -0.404779  0.810629  0.977652
-0.803041  0.246815  0.542409  0.553673
-0.419632 -0.880475  -0.22062     1.397
        0         0         0         1

 0.430007 -0.403362  0.807709  0.977303
-0.800568  0.243216  0.547665   0.55412
-0.417355 -0.882125 -0.218334   1.39166
        0         0         0         1

 0.434683  -0.40279  0.805488  0.976523
-0.798923   0.24034  0.551324  0.554255
-0.415659 -0.883174 -0.217327   1.38904
        0         0         0         1

 0.446815 -0.395477  0.802468  0.976547
-0.793322  0.239456  0.559733  0.555153
-0.413517 -0.886712 -0.206748   1.38178
        0         0         0         1

 0.448985 -0.392237  0.802847   0.97659
-0.793536  0.237995  0.560052  0.555596
-0.410747 -0.888543 -0.204398   1.37998
        0         0         0         1

 0.454606 -0.386771  0.802335  0.975582
 -0.79448  0.231146  0.561581  0.556655
 -0.40266 -0.892737 -0.202201   1.37601
        0         0         0         1

 0.457589 -0.383917   0.80201  0.975332
-0.794348  0.228783  0.562734  0.557048
 -0.39953 -0.894576 -0.200275   1.37486
        0         0         0         1

 0.464118 -0.375712  0.802144  0.974358
-0.794122  0.224668  0.564707  0.557646
-0.392384 -0.899091 -0.194088   1.37224
        0         0         0         1

 0.467168 -0.371948  0.802127  0.974173
-0.794107  0.222403  0.565625  0.558095
-0.388779 -0.901217 -0.191467   1.37151
        0         0         0         1

 0.480911 -0.358688  0.800042  0.972518
-0.794095  0.208621  0.570869  0.559211
-0.371669 -0.909846 -0.184504   1.36902
        0         0         0         1

  0.48539 -0.358146  0.797576  0.972159
-0.793524  0.202504  0.573857  0.559408
-0.367037  -0.91144 -0.185904   1.36891
        0         0         0         1

 0.493462 -0.360011  0.791762  0.972165
-0.793439  0.186582  0.579345  0.560134
  -0.3563   -0.9141 -0.193576   1.36885
        0         0         0         1

  0.49711 -0.363761  0.787756  0.972349
-0.793782  0.175997  0.582182  0.560544
-0.350417 -0.914715 -0.201257   1.36898
        0         0         0         1

  0.51026  -0.38199  0.770531  0.972955
-0.793771  0.135649  0.592898  0.561621
-0.331003 -0.914157 -0.233997   1.37097
        0         0         0         1

 0.513157 -0.387258  0.765965   0.97344
 -0.79414  0.124316  0.594884  0.561889
-0.325595 -0.913552 -0.243744   1.37138
        0         0         0         1

 0.518444 -0.396782  0.757483  0.973973
-0.794384  0.104386  0.598379  0.562273
-0.316497 -0.911958 -0.261079   1.37259
        0         0         0         1

 0.520066 -0.400183  0.754576  0.974217
-0.794876 0.0965439  0.599042  0.562439
-0.312576 -0.911336 -0.267886   1.37332
        0         0         0         1

 0.523963 -0.406308  0.748583  0.974319
-0.795213 0.0814858  0.600829   0.56263
-0.305121 -0.910095 -0.280406     1.375
        0         0         0         1

 0.524628 -0.409994  0.746104  0.974421
-0.796015 0.0745185  0.600672  0.562687
-0.301871 -0.909039 -0.287267   1.37602
        0         0         0         1

 0.527302 -0.425542  0.735436  0.974245
-0.799756 0.0437421  0.598729  0.562797
-0.286954 -0.903881 -0.317265   1.37814
        0         0         0         1

 0.528466 -0.431253  0.731262   0.97383
-0.799947 0.0354708  0.599021  0.562627
-0.284268 -0.901533 -0.326235   1.37898
        0         0         0         1

 0.529099 -0.442489  0.724057  0.973386
-0.801351 0.0200882  0.597857  0.562344
 -0.27909 -0.896549  -0.34396   1.38105
        0         0         0         1

 0.529623 -0.446997  0.720897  0.973044
-0.802017 0.0128122  0.597164  0.562154
-0.276166 -0.894444 -0.351713   1.38152
        0         0         0         1

   0.528452   -0.462093    0.712186    0.972534
  -0.804628 -0.00506539    0.593758    0.561303
  -0.270764   -0.886817   -0.374489     1.38476
          0           0           0           1

    0.52848   -0.465666    0.709834    0.972243
  -0.804947 -0.00917001    0.593276    0.561078
  -0.269759   -0.884913   -0.379682     1.38533
          0           0           0           1

 0.529052 -0.472928  0.704587  0.971828
-0.805352  -0.01817  0.592518  0.560455
-0.267416 -0.880913 -0.390487   1.38662
        0         0         0         1

  0.528778  -0.476649   0.702281   0.972082
 -0.805804 -0.0220303   0.591773   0.560437
 -0.266597  -0.878817  -0.395735    1.38755
         0          0          0          1

  0.529206  -0.484916   0.696274   0.972154
 -0.806405 -0.0321979   0.590487   0.560042
 -0.263918  -0.873968  -0.408078    1.38924
         0          0          0          1

  0.529787  -0.490299    0.69205   0.972431
 -0.806817 -0.0397802   0.589461   0.560175
 -0.261483  -0.870646  -0.416656    1.38956
         0          0          0          1

  0.533882  -0.510643   0.673954   0.973002
 -0.805274 -0.0639663   0.589442   0.560075
 -0.257884   -0.85741  -0.445358    1.39222
         0          0          0          1

 0.533969   -0.5168  0.669175  0.974026
-0.805572 -0.070608  0.588276  0.560366
-0.256772  -0.85319 -0.454022   1.39247
        0         0         0         1

  0.533884  -0.528505   0.660038   0.976161
 -0.805777 -0.0813884   0.586599    0.56071
 -0.256301   -0.84502  -0.469309    1.39365
         0          0          0          1

  0.535511   -0.53334    0.65481   0.976128
  -0.80461 -0.0866447   0.587448   0.560738
 -0.256574  -0.841452   -0.47553    1.39455
         0          0          0          1

 0.540743 -0.547651  0.638495  0.975993
-0.800272 -0.101076  0.591058  0.560973
-0.259157 -0.830579 -0.492925   1.39721
        0         0         0         1

 0.539809 -0.551297  0.636144  0.976869
-0.800495 -0.102402  0.590527  0.561227
-0.260413 -0.828001 -0.496588    1.3978
        0         0         0         1

 0.540673 -0.556979  0.630434   0.97746
-0.799001 -0.105541  0.591995  0.561729
-0.263192 -0.823793  -0.50209   1.39914
        0         0         0         1

 0.539911  -0.56024  0.628193  0.978331
 -0.79913 -0.106775    0.5916  0.562058
-0.264363 -0.821419 -0.505354   1.39967
        0         0         0         1

 0.540194 -0.567049  0.621808  0.979439
-0.798345 -0.111628  0.591763  0.562881
-0.266148 -0.816085 -0.513001   1.40056
        0         0         0         1

 0.540269 -0.571374  0.617771  0.980094
-0.797332 -0.112893  0.592889  0.563215
 -0.26902 -0.812888 -0.516568   1.40168
        0         0         0         1

  0.54182 -0.587522   0.60104  0.981877
-0.794326 -0.124195  0.594661  0.565116
 -0.27473 -0.799621 -0.533975     1.404
        0         0         0         1

 0.541963 -0.592146  0.596355  0.982575
-0.793604  -0.12711  0.595009   0.56568
-0.276529 -0.795742 -0.538819   1.40486
        0         0         0         1

 0.541109 -0.601839  0.587359  0.984303
-0.793098 -0.132968  0.594403  0.566982
-0.279635  -0.78747 -0.549268   1.40665
        0         0         0         1

 0.541276 -0.606089  0.582818  0.984772
-0.792331  -0.13561  0.594829  0.567507
-0.281483 -0.783751 -0.553625   1.40799
        0         0         0         1

 0.541764 -0.618519  0.569145  0.985533
-0.791363 -0.147155  0.593371  0.569653
-0.283259 -0.771867 -0.569197   1.41053
        0         0         0         1

 0.542051    -0.622  0.565064  0.985358
 -0.79078 -0.150027  0.593429  0.570175
-0.284338 -0.768511 -0.573187   1.41168
        0         0         0         1

 0.540981 -0.629646  0.557571  0.985994
-0.790049 -0.153137  0.593608  0.571269
-0.288378  -0.76164 -0.580296   1.41461
        0         0         0         1

 0.540869 -0.632736  0.554172   0.98554
-0.789571 -0.154866  0.593796  0.571723
-0.289894 -0.758724 -0.583352   1.41592
        0         0         0         1

 0.538787 -0.639031  0.548952   0.98659
-0.789101 -0.154632  0.594482  0.572996
-0.295007 -0.753477 -0.587574   1.41909
        0         0         0         1

   0.5399 -0.639754  0.547012   0.98526
-0.787522 -0.154482  0.596611  0.573193
-0.297181 -0.752894 -0.587225   1.42027
        0         0         0         1

 0.538028 -0.641265  0.547088  0.983448
-0.786738 -0.149029  0.599027  0.574949
-0.302603 -0.752708 -0.584689   1.42589
        0         0         0         1

 0.537481 -0.640463  0.548564   0.98273
-0.787047 -0.147431  0.599016  0.575384
-0.302772 -0.753705 -0.583316   1.42734
        0         0         0         1

 0.535994 -0.638087  0.552771  0.981369
-0.787864 -0.142852  0.599052  0.576213
-0.303283 -0.756597 -0.579293   1.43063
        0         0         0         1

 0.536221 -0.635607  0.555402  0.979976
-0.787959  -0.14102  0.599362  0.576546
-0.302636 -0.759024  -0.57645   1.43213
        0         0         0         1

  0.53605  -0.62481  0.567683  0.976398
-0.789512  -0.13298  0.599156  0.578458
-0.298868 -0.769369 -0.564578   1.43708
        0         0         0         1

 0.535907 -0.621754  0.571161  0.975551
-0.789721 -0.129918  0.599551  0.578917
-0.298569 -0.772362 -0.560636   1.43912
        0         0         0         1

  0.53684 -0.613624  0.579023  0.972568
-0.789658 -0.123805  0.600927  0.579729
-0.297058 -0.779832 -0.551017    1.4429
        0         0         0         1

 0.535982 -0.609475  0.584178  0.972222
-0.790311   -0.1189  0.601059  0.580419
-0.296871 -0.783839 -0.545403   1.44487
        0         0         0         1

 0.535828  -0.60109  0.592941   0.97006
-0.790266  -0.10979  0.602848  0.581572
-0.297267 -0.791604  -0.53385   1.44908
        0         0         0         1

 0.536404 -0.597127  0.596415  0.968838
-0.789812 -0.106116  0.604099  0.582258
-0.297435 -0.795097 -0.528539   1.45117
        0         0         0         1

  0.537326   -0.58708   0.605489   0.964445
 -0.789726 -0.0982739   0.605537   0.584854
 -0.295995  -0.803542  -0.516438     1.4582
         0          0          0          1

  0.538374  -0.585176   0.606402   0.962813
 -0.789516 -0.0986482    0.60575   0.585767
  -0.29465  -0.804884  -0.515115    1.45987
         0          0          0          1

  0.538759  -0.582644   0.608493   0.960565
  -0.78946 -0.0970215   0.606086   0.587658
 -0.294096  -0.806915  -0.512245    1.46432
         0          0          0          1

  0.538407  -0.582581   0.608866   0.959782
 -0.789573 -0.0963089   0.606052   0.588768
 -0.294435  -0.807047  -0.511843    1.46687
         0          0          0          1

  0.539572  -0.582399   0.608008   0.955566
 -0.789719 -0.0997207    0.60531   0.593043
 -0.291901  -0.806764  -0.513738    1.47405
         0          0          0          1

 0.539969   -0.5823   0.60775  0.953897
-0.789746 -0.100791  0.605097  0.594282
-0.291092 -0.806702 -0.514294   1.47632
        0         0         0         1

 0.538827 -0.582369  0.608697  0.952302
-0.790794 -0.100619  0.603755  0.597052
-0.290362 -0.806673  -0.51475   1.48137
        0         0         0         1

 0.539095 -0.581907  0.608902  0.950671
-0.790667 -0.100546  0.603934   0.59816
-0.290211 -0.807016 -0.514298   1.48389
        0         0         0         1

 0.539796 -0.580814  0.609324  0.947031
-0.790345   -0.1005  0.604363  0.600821
-0.289786 -0.807809 -0.513292    1.4888
        0         0         0         1

  0.539548  -0.579966    0.61035   0.945829
 -0.790655 -0.0998418   0.604066   0.602359
 -0.289399  -0.808499  -0.512423    1.49135
         0          0          0          1

 0.541297 -0.573369  0.615017  0.939347
-0.790522 -0.097817  0.604572  0.607983
-0.286483 -0.813437 -0.506209   1.50034
        0         0         0         1

   0.54094  -0.571092   0.617445   0.938043
 -0.790671 -0.0950106   0.604824   0.609525
 -0.286747  -0.815369  -0.502941    1.50347
         0          0          0          1

  0.542686   -0.56547   0.621076   0.933475
 -0.789999 -0.0924738   0.606094   0.612852
 -0.285295  -0.819568  -0.496905    1.50914
         0          0          0          1

  0.544082   -0.56173   0.623245   0.931255
 -0.790017 -0.0928127   0.606019   0.614883
 -0.282574  -0.822098  -0.494274    1.51068
         0          0          0          1

  0.547165  -0.550948   0.630132   0.925033
 -0.788653 -0.0871284   0.608634   0.622465
 -0.280423  -0.829979   -0.48218    1.52066
         0          0          0          1

  0.548723  -0.548158    0.63121   0.923182
 -0.787687 -0.0860327   0.610039   0.624816
 -0.280093  -0.831938  -0.478985    1.52324
         0          0          0          1

   0.55266  -0.542227   0.632896   0.918827
 -0.785324 -0.0846099   0.613276   0.630022
 -0.278985  -0.835961  -0.472585    1.52909
         0          0          0          1

  0.554094  -0.539815   0.633702   0.917093
 -0.784382 -0.0836163   0.614617   0.633009
 -0.278792   -0.83762  -0.469753    1.53174
         0          0          0          1

  0.560294  -0.534061   0.633127   0.911595
 -0.780785 -0.0853882   0.618938   0.639165
 -0.276489  -0.841123  -0.464829     1.5363
         0          0          0          1

  0.561759  -0.532723   0.632956   0.909984
 -0.779859 -0.0856237   0.620072   0.642572
  -0.27613  -0.841947  -0.463548     1.5388
         0          0          0          1

  0.567084  -0.528216   0.631984   0.904441
 -0.776806 -0.0878871   0.623577   0.656753
  -0.27384   -0.84455   -0.46016      1.546
         0          0          0          1

  0.569107  -0.527321   0.630912   0.902328
 -0.774837 -0.0871023   0.626132   0.660625
 -0.275219   -0.84519  -0.458158    1.54901
         0          0          0          1

  0.573253  -0.524404   0.629588   0.898168
 -0.771033 -0.0852099   0.631068   0.669122
 -0.277288  -0.847195   -0.45318    1.55513
         0          0          0          1

  0.574596  -0.522397   0.630032   0.896378
 -0.770483 -0.0856359   0.631683   0.673871
 -0.276035  -0.848392  -0.451704    1.55699
         0          0          0          1

  0.578019  -0.515846   0.632295     0.8915
 -0.769134 -0.0855247   0.633339   0.683573
 -0.272628  -0.852402   -0.44619    1.56154
         0          0          0          1

  0.579599  -0.512513   0.633558    0.88889
 -0.768152 -0.0840666   0.634725   0.688373
 -0.272044  -0.854554  -0.442413    1.56423
         0          0          0          1

  0.584779   -0.49553   0.642249   0.880266
 -0.767341 -0.0811213   0.636088   0.707426
 -0.263101  -0.864794  -0.427678    1.57278
         0          0          0          1

  0.589953  -0.488391   0.642986   0.875911
 -0.765397 -0.0846537   0.637967   0.713191
 -0.257146  -0.868509  -0.423754    1.57334
         0          0          0          1

   0.59474  -0.478458   0.646036   0.870991
 -0.763571 -0.0848128    0.64013    0.72528
 -0.251483  -0.874005  -0.415778    1.57694
         0          0          0          1

  0.597902  -0.473161   0.647018   0.867795
 -0.762056 -0.0852329   0.641877   0.731195
 -0.248564  -0.876843  -0.411536    1.57955
         0          0          0          1

    0.6072  -0.451256   0.653969   0.857648
 -0.759643 -0.0884237   0.644301   0.754071
 -0.232918  -0.888003  -0.396484    1.58575
         0          0          0          1

 0.609667  -0.44462  0.656215  0.854028
-0.758549 -0.087026  0.645778   0.76034
-0.230018 -0.891481 -0.390324   1.58905
        0         0         0         1

  0.613655  -0.429623   0.662459   0.846812
 -0.758298 -0.0868701   0.646095   0.774301
 -0.220029   -0.89882   -0.37909    1.59449
         0          0          0          1

  0.616835  -0.420314   0.665471   0.841744
  -0.75766 -0.0880306   0.646686   0.780879
 -0.213229  -0.903099  -0.372755    1.59634
         0          0          0          1

  0.619612   -0.40427   0.672791   0.832065
 -0.758321 -0.0871168   0.646034   0.794867
 -0.202561  -0.910482  -0.360545    1.60261
         0          0          0          1

  0.622554  -0.395211   0.675452   0.826989
  -0.75757 -0.0879041   0.646808   0.802101
  -0.19625  -0.914375  -0.354125    1.60508
         0          0          0          1

  0.625021   -0.36734   0.688775   0.812891
 -0.760536 -0.0877542   0.643338   0.829105
 -0.175881  -0.925938  -0.334223    1.61492
         0          0          0          1

  0.626492  -0.359066   0.691794   0.808954
 -0.761087 -0.0904081   0.642319    0.83741
 -0.168091  -0.928923   -0.32992    1.61644
         0          0          0          1

  0.625223  -0.345301   0.699902   0.801681
 -0.764598 -0.0911994   0.638022   0.854399
 -0.156479   -0.93405  -0.321037    1.62166
         0          0          0          1

  0.627788  -0.337563    0.70138   0.794554
 -0.763572 -0.0921225   0.639117    0.86161
 -0.151129  -0.936784  -0.315587    1.62523
         0          0          0          1

  0.621887   -0.31721   0.715985   0.779842
 -0.772412 -0.0978799   0.627534   0.892439
 -0.128979  -0.943291  -0.305887    1.63349
         0          0          0          1

 0.623735 -0.308563  0.718153  0.771955
 -0.77228 -0.101552  0.627113  0.901105
-0.120574 -0.945767 -0.301638   1.63525
        0         0         0         1

 0.620988 -0.298726  0.724663  0.760253
 -0.77582   -0.1025  0.622573  0.918381
-0.111701 -0.948818 -0.295409   1.64265
        0         0         0         1

 0.619511 -0.292709  0.728373  0.753737
-0.778151 -0.106796  0.618931  0.927769
-0.103379 -0.950219 -0.293933   1.64421
        0         0         0         1

 0.611493 -0.285385  0.737992  0.744486
 -0.78582 -0.109957  0.608602  0.946982
-0.0925382 -0.952085 -0.291499   1.64899
        0         0         0         1

 0.609621 -0.282219  0.740753  0.736836
-0.787686 -0.110805  0.606031  0.955428
-0.0889537  -0.95293 -0.289849   1.65329
        0         0         0         1

 0.593096 -0.262091  0.761279  0.712975
-0.802396 -0.114535  0.585698  0.989067
-0.0663127 -0.958222 -0.278231     1.663
        0         0         0         1

  0.58552 -0.256562  0.768988   0.70835
-0.808449 -0.114818  0.577258  0.999869
-0.0598087 -0.959684 -0.274645    1.6651
        0         0         0         1

  0.56727 -0.243119  0.786828  0.696741
-0.822233 -0.113572  0.557704    1.0198
-0.0462271 -0.963325 -0.264327   1.66921
        0         0         0         1

 0.555395 -0.233678   0.79808  0.691482
-0.830825 -0.114838  0.544557   1.03119
-0.0356009 -0.965509 -0.257926   1.67089
        0         0         0         1

 0.516754 -0.195057  0.833618  0.665706
-0.856126 -0.121854  0.502195   1.06782
0.00362279 -0.973193 -0.229961   1.67909
        0         0         0         1

 0.501761 -0.187855  0.844362  0.660137
-0.864817 -0.129377  0.485132   1.07959
0.0181065 -0.973638 -0.227377   1.67749
        0         0         0         1

 0.475082 -0.170947  0.863177  0.645644
-0.878647 -0.145346  0.454812   1.10351
0.0477105 -0.974501 -0.219254    1.6782
        0         0         0         1

 0.463692  -0.16331  0.870816  0.640301
-0.884138 -0.148922  0.442857    1.1132
0.0573607  -0.97527 -0.213443   1.68353
        0         0         0         1

 0.437239  -0.13877  0.888575  0.632121
-0.894222 -0.172397  0.413094   1.13809
0.0958629 -0.975204  -0.19947   1.68203
        0         0         0         1

 0.428593 -0.127403   0.89447  0.624307
-0.897168 -0.176998  0.404675   1.14754
 0.106762  -0.97593 -0.190162    1.6863
        0         0         0         1

   0.39179 -0.0807273   0.916506   0.596733
 -0.905676  -0.209263   0.368728    1.18502
  0.162024  -0.974522    -0.1551    1.68903
         0          0          0          1

  0.377199 -0.0738136   0.923186   0.595443
 -0.908882  -0.221001   0.353685    1.19837
  0.177918  -0.972476  -0.150449    1.68591
         0          0          0          1

