 0.399844 -0.769494     0.498   1.02012
-0.889981 -0.195988  0.411731   1.08134
-0.219223 -0.607839 -0.763199   2.01911
        0         0         0         1

 0.404373 -0.763925  0.502893   1.03389
-0.885997 -0.190772   0.42263   1.05066
-0.226919 -0.616462 -0.753978   1.99756
        0         0         0         1

 0.404373 -0.763925  0.502893   1.03389
-0.885997 -0.190772   0.42263   1.05066
-0.226919 -0.616462 -0.753978   1.99756
        0         0         0         1

 0.414662 -0.756503  0.505726   1.04178
-0.876318 -0.182225  0.445938    1.0148
-0.245197  -0.62809 -0.738499   1.98791
        0         0         0         1

 0.414662 -0.756503  0.505726   1.04178
-0.876318 -0.182225  0.445938    1.0148
-0.245197  -0.62809 -0.738499   1.98791
        0         0         0         1

 0.424274  -0.74613   0.51311   1.05476
-0.863436 -0.162573  0.477544  0.961658
-0.272893 -0.645647 -0.713211   1.97341
        0         0         0         1

 0.424274  -0.74613   0.51311   1.05476
-0.863436 -0.162573  0.477544  0.961658
-0.272893 -0.645647 -0.713211   1.97341
        0         0         0         1

  0.42231 -0.746056  0.514834   1.06989
-0.862031  -0.15493  0.482597  0.931706
-0.280281 -0.647608 -0.708552    1.9533
        0         0         0         1

  0.42231 -0.746056  0.514834   1.06989
-0.862031  -0.15493  0.482597  0.931706
-0.280281 -0.647608 -0.708552    1.9533
        0         0         0         1

  0.42029 -0.745197  0.517724   1.09121
-0.856865 -0.138212  0.496669  0.885491
 -0.29856 -0.652365 -0.696622   1.92783
        0         0         0         1

  0.42029 -0.745197  0.517724   1.09121
-0.856865 -0.138212  0.496669  0.885491
 -0.29856 -0.652365 -0.696622   1.92783
        0         0         0         1

 0.422581 -0.738328   0.52564    1.1015
-0.850671 -0.123009  0.511104  0.856228
-0.312704 -0.663129 -0.680056   1.91021
        0         0         0         1

 0.422581 -0.738328   0.52564    1.1015
-0.850671 -0.123009  0.511104  0.856228
-0.312704 -0.663129 -0.680056   1.91021
        0         0         0         1

 0.426326 -0.729213  0.535253   1.11001
-0.842806 -0.105314  0.527813  0.826941
-0.328519 -0.676135 -0.659483   1.89154
        0         0         0         1

 0.426326 -0.729213  0.535253   1.11001
-0.842806 -0.105314  0.527813  0.826941
-0.328519 -0.676135 -0.659483   1.89154
        0         0         0         1

  0.423398  -0.720004   0.549843    1.12563
 -0.836902 -0.0784618     0.5417   0.785762
 -0.346885   -0.68952  -0.635794    1.86161
         0          0          0          1

  0.423398  -0.720004   0.549843    1.12563
 -0.836902 -0.0784618     0.5417   0.785762
 -0.346885   -0.68952  -0.635794    1.86161
         0          0          0          1

  0.417734  -0.718824    0.55569    1.13868
 -0.834996 -0.0626333   0.546679    0.76149
 -0.358161  -0.692365  -0.626379    1.83952
         0          0          0          1

  0.417734  -0.718824    0.55569    1.13868
 -0.834996 -0.0626333   0.546679    0.76149
 -0.358161  -0.692365  -0.626379    1.83952
         0          0          0          1

  0.412082  -0.712683    0.56769    1.15336
 -0.830628 -0.0377577   0.555546    0.72575
 -0.374493   -0.70047  -0.607533    1.80757
         0          0          0          1

  0.412082  -0.712683    0.56769    1.15336
 -0.830628 -0.0377577   0.555546    0.72575
 -0.374493   -0.70047  -0.607533    1.80757
         0          0          0          1

 0.410534 -0.705715  0.577433   1.16093
-0.826153 -0.019857  0.563096  0.703369
-0.385919 -0.708218  -0.59118   1.78622
        0         0         0         1

 0.410534 -0.705715  0.577433   1.16093
-0.826153 -0.019857  0.563096  0.703369
-0.385919 -0.708218  -0.59118   1.78622
        0         0         0         1

  0.404465  -0.701361   0.586941    1.17083
 -0.822469 0.00170584   0.568808   0.682408
 -0.399941  -0.712804  -0.576158    1.76443
         0          0          0          1

  0.404465  -0.701361   0.586941    1.17083
 -0.822469 0.00170584   0.568808   0.682408
 -0.399941  -0.712804  -0.576158    1.76443
         0          0          0          1

 0.393543 -0.700239  0.595643   1.18414
-0.816859 0.0308857   0.57601  0.653748
-0.421741  -0.71324 -0.559841   1.73238
        0         0         0         1

 0.393543 -0.700239  0.595643   1.18414
-0.816859 0.0308857   0.57601  0.653748
-0.421741  -0.71324 -0.559841   1.73238
        0         0         0         1

 0.385529 -0.700321  0.600764   1.19284
-0.813639 0.0490347  0.579299  0.636512
-0.435154 -0.712141 -0.550904   1.70985
        0         0         0         1

 0.385529 -0.700321  0.600764   1.19284
-0.813639 0.0490347  0.579299  0.636512
-0.435154 -0.712141 -0.550904   1.70985
        0         0         0         1

 0.378214  -0.69563  0.610781   1.20341
-0.805691 0.0775556  0.587237  0.612551
-0.455869 -0.714202  -0.53113   1.67833
        0         0         0         1

 0.378214  -0.69563  0.610781   1.20341
-0.805691 0.0775556  0.587237  0.612551
-0.455869 -0.714202  -0.53113   1.67833
        0         0         0         1

 0.372489  -0.69299  0.617265   1.21084
-0.800594 0.0964441  0.591395  0.597654
-0.469363 -0.714467 -0.518879   1.65857
        0         0         0         1

 0.372489  -0.69299  0.617265   1.21084
-0.800594 0.0964441  0.591395  0.597654
-0.469363 -0.714467 -0.518879   1.65857
        0         0         0         1

 0.364724 -0.692199  0.622765   1.21842
-0.799155  0.110527  0.590876  0.585115
-0.477836 -0.713193 -0.512863   1.63763
        0         0         0         1

 0.364724 -0.692199  0.622765   1.21842
-0.799155  0.110527  0.590876  0.585115
-0.477836 -0.713193 -0.512863   1.63763
        0         0         0         1

  0.35451 -0.689043  0.632094   1.22755
-0.795117  0.133585  0.591561  0.567453
-0.492049 -0.712303 -0.500512   1.60892
        0         0         0         1

  0.35451 -0.689043  0.632094   1.22755
-0.795117  0.133585  0.591561  0.567453
-0.492049 -0.712303 -0.500512   1.60892
        0         0         0         1

 0.348612 -0.687143   0.63742   1.23222
-0.790259  0.150172  0.594087  0.555883
-0.503945 -0.710832  -0.49067   1.59174
        0         0         0         1

 0.348612 -0.687143   0.63742   1.23222
-0.790259  0.150172  0.594087  0.555883
-0.503945 -0.710832  -0.49067   1.59174
        0         0         0         1

 0.337076 -0.688695  0.641933   1.23971
 -0.78477  0.171144  0.595689  0.540973
-0.520111 -0.704563 -0.482779   1.56578
        0         0         0         1

 0.337076 -0.688695  0.641933   1.23971
 -0.78477  0.171144  0.595689  0.540973
-0.520111 -0.704563 -0.482779   1.56578
        0         0         0         1

 0.328426 -0.693548  0.641192     1.245
-0.781442  0.181798  0.596907  0.531868
-0.530551 -0.697094  -0.48226   1.54961
        0         0         0         1

 0.328426 -0.693548  0.641192     1.245
-0.781442  0.181798  0.596907  0.531868
-0.530551 -0.697094  -0.48226   1.54961
        0         0         0         1

 0.320441 -0.700652  0.637498   1.24919
-0.778087  0.189154  0.599001  0.523665
-0.540276 -0.687973 -0.484556   1.53444
        0         0         0         1

 0.320441 -0.700652  0.637498   1.24919
-0.778087  0.189154  0.599001  0.523665
-0.540276 -0.687973 -0.484556   1.53444
        0         0         0         1

 0.309435 -0.710408  0.632115     1.254
-0.773275  0.198897  0.602068  0.512799
 -0.55344   -0.6751 -0.487795   1.51181
        0         0         0         1

 0.309435 -0.710408  0.632115     1.254
-0.773275  0.198897  0.602068  0.512799
 -0.55344   -0.6751 -0.487795   1.51181
        0         0         0         1

 0.301233 -0.715691  0.630115   1.25633
-0.770466  0.206659  0.603054  0.506159
-0.561819 -0.667142 -0.489163   1.49828
        0         0         0         1

 0.301233 -0.715691  0.630115   1.25633
-0.770466  0.206659  0.603054  0.506159
-0.561819 -0.667142 -0.489163   1.49828
        0         0         0         1

 0.285523   -0.7219  0.630347   1.26009
-0.769844  0.218977  0.599491  0.497577
-0.570804 -0.656437 -0.493228   1.47848
        0         0         0         1

 0.285523   -0.7219  0.630347   1.26009
-0.769844  0.218977  0.599491  0.497577
-0.570804 -0.656437 -0.493228   1.47848
        0         0         0         1

 0.276375 -0.725065  0.630791    1.2612
-0.769413  0.226358  0.597299  0.492401
-0.575865 -0.650418 -0.495315   1.46703
        0         0         0         1

 0.276375 -0.725065  0.630791    1.2612
-0.769413  0.226358  0.597299  0.492401
-0.575865 -0.650418 -0.495315   1.46703
        0         0         0         1

  0.26823 -0.728579  0.630258    1.2626
-0.768534  0.232643  0.596015  0.487641
-0.580869 -0.644244 -0.497535    1.4563
        0         0         0         1

  0.26823 -0.728579  0.630258    1.2626
-0.768534  0.232643  0.596015  0.487641
-0.580869 -0.644244 -0.497535    1.4563
        0         0         0         1

  0.26097 -0.735276  0.625511   1.26292
-0.766561  0.236001  0.597233  0.481657
-0.586753 -0.635352 -0.502045   1.44128
        0         0         0         1

  0.26097 -0.735276  0.625511   1.26292
-0.766561  0.236001  0.597233  0.481657
-0.586753 -0.635352 -0.502045   1.44128
        0         0         0         1

 0.254353 -0.740244   0.62237    1.2637
-0.766269  0.238362   0.59667  0.478464
-0.590031 -0.628667 -0.506598   1.43197
        0         0         0         1

 0.254353 -0.740244   0.62237    1.2637
-0.766269  0.238362   0.59667  0.478464
-0.590031 -0.628667 -0.506598   1.43197
        0         0         0         1

 0.245661 -0.746047  0.618922   1.26414
-0.766463  0.241396    0.5952  0.474565
-0.593452 -0.620598 -0.512516   1.41965
        0         0         0         1

 0.245661 -0.746047  0.618922   1.26414
-0.766463  0.241396    0.5952  0.474565
-0.593452 -0.620598 -0.512516   1.41965
        0         0         0         1

 0.242665 -0.748497  0.617143   1.26344
-0.764653  0.243916  0.596499  0.472265
-0.597009  -0.61665 -0.513151   1.41315
        0         0         0         1

 0.242665 -0.748497  0.617143   1.26344
-0.764653  0.243916  0.596499  0.472265
-0.597009  -0.61665 -0.513151   1.41315
        0         0         0         1

 0.238499 -0.749828  0.617151   1.26328
-0.763544  0.247906  0.596275  0.470556
-0.600099 -0.613433 -0.513401   1.40712
        0         0         0         1

 0.238499 -0.749828  0.617151   1.26328
-0.763544  0.247906  0.596275  0.470556
-0.600099 -0.613433 -0.513401   1.40712
        0         0         0         1

 0.233834 -0.751899  0.616417   1.26272
-0.763532  0.250503  0.595203  0.469047
-0.601947 -0.609833 -0.515523   1.39899
        0         0         0         1

 0.233834 -0.751899  0.616417   1.26272
-0.763532  0.250503  0.595203  0.469047
-0.601947 -0.609833 -0.515523   1.39899
        0         0         0         1

 0.232656 -0.754098  0.614172   1.26151
-0.764311  0.248741  0.594942  0.468612
-0.601414 -0.607836 -0.518495   1.39377
        0         0         0         1

 0.232656 -0.754098  0.614172   1.26151
-0.764311  0.248741  0.594942  0.468612
-0.601414 -0.607836 -0.518495   1.39377
        0         0         0         1

 0.229111 -0.754847  0.614584   1.26119
-0.764712  0.251069  0.593447  0.467777
-0.602265 -0.605945 -0.519718   1.38819
        0         0         0         1

 0.229111 -0.754847  0.614584   1.26119
-0.764712  0.251069  0.593447  0.467777
-0.602265 -0.605945 -0.519718   1.38819
        0         0         0         1

 0.228067 -0.754777  0.615059   1.26027
 -0.76435  0.252514  0.593301   0.46758
-0.603121 -0.605432 -0.519323   1.38504
        0         0         0         1

 0.228067 -0.754777  0.615059   1.26027
 -0.76435  0.252514  0.593301   0.46758
-0.603121 -0.605432 -0.519323   1.38504
        0         0         0         1

 0.227565 -0.754669  0.615377    1.2594
-0.763863  0.253592  0.593468  0.467624
-0.603926 -0.605117 -0.518755   1.38224
        0         0         0         1

 0.227565 -0.754669  0.615377    1.2594
-0.763863  0.253592  0.593468  0.467624
-0.603926 -0.605117 -0.518755   1.38224
        0         0         0         1

 0.226191  -0.75487  0.615637   1.25809
-0.763798  0.254789  0.593039  0.467999
-0.604525 -0.604363 -0.518937   1.37803
        0         0         0         1

 0.226191  -0.75487  0.615637   1.25809
-0.763798  0.254789  0.593039  0.467999
-0.604525 -0.604363 -0.518937   1.37803
        0         0         0         1

 0.224916 -0.755331  0.615539   1.25773
-0.764021  0.255348   0.59251  0.468292
-0.604718  -0.60355 -0.519657   1.37498
        0         0         0         1

 0.224916 -0.755331  0.615539   1.25773
-0.764021  0.255348   0.59251  0.468292
-0.604718  -0.60355 -0.519657   1.37498
        0         0         0         1

  0.22405 -0.757362  0.613355   1.25676
-0.763928  0.254313  0.593075  0.468728
-0.605157 -0.601438 -0.521591   1.37231
        0         0         0         1

  0.22405 -0.757362  0.613355   1.25676
-0.763928  0.254313  0.593075  0.468728
-0.605157 -0.601438 -0.521591   1.37231
        0         0         0         1

 0.222701 -0.762633  0.607285   1.25699
-0.764895  0.249529   0.59386  0.469176
-0.604433 -0.596763 -0.527764   1.37083
        0         0         0         1

 0.222701 -0.762633  0.607285   1.25699
-0.764895  0.249529   0.59386  0.469176
-0.604433 -0.596763 -0.527764   1.37083
        0         0         0         1

 0.224188 -0.768384  0.599438   1.25673
-0.767636  0.239713  0.594367  0.470044
-0.600395 -0.593401 -0.536099    1.3687
        0         0         0         1

 0.224188 -0.768384  0.599438   1.25673
-0.767636  0.239713  0.594367  0.470044
-0.600395 -0.593401 -0.536099    1.3687
        0         0         0         1

 0.224042 -0.761729  0.607926    1.2579
-0.766882  0.247145  0.592294  0.470629
-0.601413 -0.598906 -0.528785   1.36826
        0         0         0         1

 0.224042 -0.761729  0.607926    1.2579
-0.766882  0.247145  0.592294  0.470629
-0.601413 -0.598906 -0.528785   1.36826
        0         0         0         1

 0.225676 -0.761724  0.607328   1.25754
-0.767335  0.245108  0.592553  0.470799
-0.600223 -0.599749 -0.529182   1.36842
        0         0         0         1

 0.225676 -0.761724  0.607328   1.25754
-0.767335  0.245108  0.592553  0.470799
-0.600223 -0.599749 -0.529182   1.36842
        0         0         0         1

 0.228672 -0.761219  0.606839   1.25706
-0.765745  0.244263  0.594954   0.47076
-0.601119 -0.600734 -0.527044   1.36919
        0         0         0         1

 0.228672 -0.761219  0.606839   1.25706
-0.765745  0.244263  0.594954   0.47076
-0.601119 -0.600734 -0.527044   1.36919
        0         0         0         1

 0.229331  -0.75904  0.609316   1.25719
-0.764451  0.247045  0.595469  0.470879
-0.602513 -0.602352 -0.523594   1.36981
        0         0         0         1

 0.229331  -0.75904  0.609316   1.25719
-0.764451  0.247045  0.595469  0.470879
-0.602513 -0.602352 -0.523594   1.36981
        0         0         0         1

 0.229207 -0.757204  0.611642   1.25765
-0.763043  0.250363  0.595889  0.470962
-0.604342 -0.603291 -0.520395   1.37034
        0         0         0         1

 0.229207 -0.757204  0.611642   1.25765
-0.763043  0.250363  0.595889  0.470962
-0.604342 -0.603291 -0.520395   1.37034
        0         0         0         1

 0.228868 -0.757882  0.610929   1.25761
-0.757774  0.255247  0.600523  0.471428
-0.611063 -0.600387 -0.515885   1.37263
        0         0         0         1

 0.228868 -0.757882  0.610929   1.25761
-0.757774  0.255247  0.600523  0.471428
-0.611063 -0.600387 -0.515885   1.37263
        0         0         0         1

 0.227133 -0.757466  0.612091   1.25734
-0.751633    0.2633  0.604749  0.471642
 -0.61924 -0.597426 -0.509533   1.37634
        0         0         0         1

 0.227133 -0.757466  0.612091   1.25734
-0.751633    0.2633  0.604749  0.471642
 -0.61924 -0.597426 -0.509533   1.37634
        0         0         0         1

 0.223386 -0.760026  0.610295   1.25726
 -0.75006   0.26583  0.605594  0.472252
-0.622501 -0.593039 -0.510683   1.37896
        0         0         0         1

 0.223386 -0.760026  0.610295   1.25726
 -0.75006   0.26583  0.605594  0.472252
-0.622501 -0.593039 -0.510683   1.37896
        0         0         0         1

 0.220542 -0.760252  0.611047   1.25658
-0.746054  0.272066  0.607769   0.47393
-0.628303 -0.589913 -0.507187   1.38556
        0         0         0         1

 0.220542 -0.760252  0.611047   1.25658
-0.746054  0.272066  0.607769   0.47393
-0.628303 -0.589913 -0.507187   1.38556
        0         0         0         1

 0.221603 -0.756098  0.615799   1.25528
-0.742732  0.278316  0.609007   0.47546
-0.631856 -0.592331 -0.499902   1.39197
        0         0         0         1

 0.221603 -0.756098  0.615799   1.25528
-0.742732  0.278316  0.609007   0.47546
-0.631856 -0.592331 -0.499902   1.39197
        0         0         0         1

 0.224887 -0.749883  0.622175   1.25309
-0.741585  0.282466  0.608494  0.478665
-0.632042 -0.598238 -0.492579   1.40406
        0         0         0         1

 0.224887 -0.749883  0.622175   1.25309
-0.741585  0.282466  0.608494  0.478665
-0.632042 -0.598238 -0.492579   1.40406
        0         0         0         1

 0.227413 -0.744799  0.627342   1.25267
-0.744545  0.282234  0.604977  0.481212
-0.627643 -0.604664 -0.490352   1.41373
        0         0         0         1

 0.227413 -0.744799  0.627342   1.25267
-0.744545  0.282234  0.604977  0.481212
-0.627643 -0.604664 -0.490352   1.41373
        0         0         0         1

 0.233509 -0.737088  0.634172   1.25088
-0.748612  0.279936  0.601013  0.484218
-0.620527 -0.615091 -0.486425   1.42478
        0         0         0         1

 0.233509 -0.737088  0.634172   1.25088
-0.748612  0.279936  0.601013  0.484218
-0.620527 -0.615091 -0.486425   1.42478
        0         0         0         1

 0.245669 -0.720427  0.648561   1.24796
-0.757967  0.274306  0.591813  0.489105
-0.604263 -0.636978 -0.478671   1.44341
        0         0         0         1

 0.245669 -0.720427  0.648561   1.24796
-0.757967  0.274306  0.591813  0.489105
-0.604263 -0.636978 -0.478671   1.44341
        0         0         0         1

 0.254365 -0.709018  0.657717   1.24588
-0.762848  0.270925   0.58708  0.492375
-0.594442  -0.65107  -0.47196   1.45842
        0         0         0         1

 0.254365 -0.709018  0.657717   1.24588
-0.762848  0.270925   0.58708  0.492375
-0.594442  -0.65107  -0.47196   1.45842
        0         0         0         1

 0.270301 -0.692571  0.668792   1.24126
-0.771347  0.259925  0.580916  0.498348
-0.576161 -0.672893 -0.463954   1.48172
        0         0         0         1

 0.270301 -0.692571  0.668792   1.24126
-0.771347  0.259925  0.580916  0.498348
-0.576161 -0.672893 -0.463954   1.48172
        0         0         0         1

   0.2808  -0.68083  0.676477   1.23837
-0.775787   0.25397  0.577628  0.502413
-0.565072    -0.687 -0.456864   1.49945
        0         0         0         1

   0.2808  -0.68083  0.676477   1.23837
-0.775787   0.25397  0.577628  0.502413
-0.565072    -0.687 -0.456864   1.49945
        0         0         0         1

 0.291473 -0.669111  0.683618   1.23444
-0.781689  0.245314  0.573396  0.507277
-0.551367 -0.701506 -0.451534   1.51851
        0         0         0         1

 0.291473 -0.669111  0.683618   1.23444
-0.781689  0.245314  0.573396  0.507277
-0.551367 -0.701506 -0.451534   1.51851
        0         0         0         1

 0.306951 -0.650249  0.694952   1.22849
-0.790854  0.231955  0.566344   0.51512
-0.529462 -0.723446 -0.443053    1.5509
        0         0         0         1

 0.306951 -0.650249  0.694952   1.22849
-0.790854  0.231955  0.566344   0.51512
-0.529462 -0.723446 -0.443053    1.5509
        0         0         0         1

 0.321057 -0.633848  0.703675   1.22367
-0.796658  0.221022   0.56257   0.52183
-0.512112 -0.741205    -0.434     1.574
        0         0         0         1

 0.321057 -0.633848  0.703675   1.22367
-0.796658  0.221022   0.56257   0.52183
-0.512112 -0.741205    -0.434     1.574
        0         0         0         1

 0.350376 -0.599871  0.719299   1.21583
 -0.80203  0.204469  0.561195  0.534528
 -0.48372 -0.773529 -0.409474    1.6109
        0         0         0         1

 0.350376 -0.599871  0.719299   1.21583
 -0.80203  0.204469  0.561195  0.534528
 -0.48372 -0.773529 -0.409474    1.6109
        0         0         0         1

 0.374945 -0.571869  0.729645   1.20986
-0.802779  0.193342  0.564061  0.544893
 -0.46364 -0.797236 -0.386592   1.63752
        0         0         0         1

 0.374945 -0.571869  0.729645   1.20986
-0.802779  0.193342  0.564061  0.544893
 -0.46364 -0.797236 -0.386592   1.63752
        0         0         0         1

 0.399043 -0.545138  0.737285   1.20585
-0.803332  0.179808  0.567738  0.556899
-0.442065 -0.818837 -0.366176   1.66478
        0         0         0         1

 0.399043 -0.545138  0.737285   1.20585
-0.803332  0.179808  0.567738  0.556899
-0.442065 -0.818837 -0.366176   1.66478
        0         0         0         1

 0.436277 -0.520311  0.734125   1.19726
-0.807071  0.134475  0.574937  0.581349
-0.397868 -0.843322  -0.36126    1.7075
        0         0         0         1

 0.436277 -0.520311  0.734125   1.19726
-0.807071  0.134475  0.574937  0.581349
-0.397868 -0.843322  -0.36126    1.7075
        0         0         0         1

 0.455144  -0.51691  0.725015   1.19139
-0.812731 0.0914575  0.575416  0.601403
-0.363747  -0.85114 -0.378483   1.73744
        0         0         0         1

 0.455144  -0.51691  0.725015   1.19139
-0.812731 0.0914575  0.575416  0.601403
-0.363747  -0.85114 -0.378483   1.73744
        0         0         0         1

 0.478226 -0.518873  0.708569   1.17938
-0.820936 0.0225475  0.570575  0.635953
-0.312033 -0.854554 -0.415178   1.78635
        0         0         0         1

 0.478226 -0.518873  0.708569   1.17938
-0.820936 0.0225475  0.570575  0.635953
-0.312033 -0.854554 -0.415178   1.78635
        0         0         0         1

  0.487196  -0.523001   0.699364    1.17261
 -0.827359 -0.0201204   0.561313   0.661593
 -0.279496  -0.852095  -0.442512    1.81919
         0          0          0          1

  0.487196  -0.523001   0.699364    1.17261
 -0.827359 -0.0201204   0.561313   0.661593
 -0.279496  -0.852095  -0.442512    1.81919
         0          0          0          1

  0.494487  -0.528483   0.690064    1.16476
 -0.833203 -0.0621475   0.549463   0.689878
 -0.247496  -0.846666  -0.471065    1.85285
         0          0          0          1

  0.494487  -0.528483   0.690064    1.16476
 -0.833203 -0.0621475   0.549463   0.689878
 -0.247496  -0.846666  -0.471065    1.85285
         0          0          0          1

  0.50343 -0.534252  0.679068   1.14789
-0.842952 -0.131128  0.521763  0.740183
-0.189708 -0.835093 -0.516362   1.89757
        0         0         0         1

  0.50343 -0.534252  0.679068   1.14789
-0.842952 -0.131128  0.521763  0.740183
-0.189708 -0.835093 -0.516362   1.89757
        0         0         0         1

 0.509985 -0.535567  0.673115   1.13644
-0.845421 -0.167724  0.507082  0.774631
-0.158679 -0.827669 -0.538316   1.92726
        0         0         0         1

 0.509985 -0.535567  0.673115   1.13644
-0.845421 -0.167724  0.507082  0.774631
-0.158679 -0.827669 -0.538316   1.92726
        0         0         0         1

 0.518395 -0.538199  0.664536   1.12141
-0.846566 -0.213211  0.487717  0.828245
-0.120802 -0.815404 -0.566148   1.97209
        0         0         0         1

 0.518395 -0.538199  0.664536   1.12141
-0.846566 -0.213211  0.487717  0.828245
-0.120802 -0.815404 -0.566148   1.97209
        0         0         0         1

 0.525817  -0.54189  0.655646   1.10882
-0.845367 -0.247575   0.47335  0.867428
-0.0941825 -0.803157 -0.588275   1.99889
        0         0         0         1

 0.525817  -0.54189  0.655646   1.10882
-0.845367 -0.247575   0.47335  0.867428
-0.0941825 -0.803157 -0.588275   1.99889
        0         0         0         1

 0.533535 -0.540717  0.650358   1.09191
-0.843505 -0.283837     0.456  0.908857
-0.0619713 -0.791872 -0.607534   2.02356
        0         0         0         1

 0.533535 -0.540717  0.650358   1.09191
-0.843505 -0.283837     0.456  0.908857
-0.0619713 -0.791872 -0.607534   2.02356
        0         0         0         1

   0.5263 -0.561506  0.638529   1.07861
-0.849841 -0.322705  0.416692  0.972793
-0.027918 -0.761953 -0.647031   2.05706
        0         0         0         1

   0.5263 -0.561506  0.638529   1.07861
-0.849841 -0.322705  0.416692  0.972793
-0.027918 -0.761953 -0.647031   2.05706
        0         0         0         1

  0.52103 -0.569124  0.636102   1.06431
-0.853531 -0.344318  0.391063   1.01552
-0.00354233 -0.746688 -0.665165   2.07611
        0         0         0         1

  0.52103 -0.569124  0.636102   1.06431
-0.853531 -0.344318  0.391063   1.01552
-0.00354233 -0.746688 -0.665165   2.07611
        0         0         0         1

 0.513857 -0.570641  0.640562   1.04964
 -0.85731 -0.368711  0.359267   1.08411
  0.03117 -0.733772 -0.678681   2.09793
        0         0         0         1

 0.513857 -0.570641  0.640562   1.04964
 -0.85731 -0.368711  0.359267   1.08411
  0.03117 -0.733772 -0.678681   2.09793
        0         0         0         1

 0.511856  -0.55699  0.654038   1.03565
-0.856863 -0.385571   0.34223   1.13138
0.0615592 -0.735593 -0.674621   2.10673
        0         0         0         1

 0.511856  -0.55699  0.654038   1.03565
-0.856863 -0.385571   0.34223   1.13138
0.0615592 -0.735593 -0.674621   2.10673
        0         0         0         1

 0.508751 -0.551808  0.660818   1.01753
-0.856257 -0.404055  0.321814   1.17729
0.0894275 -0.729553 -0.678052   2.11409
        0         0         0         1

 0.508751 -0.551808  0.660818   1.01753
-0.856257 -0.404055  0.321814   1.17729
0.0894275 -0.729553 -0.678052   2.11409
        0         0         0         1

 0.491579 -0.566895  0.661045   1.00159
-0.861549 -0.427148   0.27437   1.24902
 0.126825 -0.704397 -0.698384    2.1179
        0         0         0         1

