-0.0528339  -0.152226   0.986933   0.404108
 -0.992312   0.118767 -0.0348031    1.07952
 -0.111917  -0.981184  -0.157331    1.78795
         0          0          0          1

-0.0599875  -0.145502   0.987538   0.403271
 -0.990596   0.130555 -0.0409375    1.07633
 -0.122971  -0.980706  -0.151965    1.78157
         0          0          0          1

-0.0632321  -0.128869   0.989644   0.389834
 -0.988354   0.145616 -0.0441878    1.06486
 -0.138414  -0.980912  -0.136576    1.75976
         0          0          0          1

-0.0581302 -0.118023  0.991308  0.376899
-0.988424  0.146198 -0.040555   1.05837
-0.140141  -0.98219 -0.125155    1.7448
        0         0         0         1

-0.0590355  -0.104634   0.992757   0.368679
 -0.987167   0.153936 -0.0424787    1.05433
 -0.148376  -0.982525  -0.112379    1.73481
         0          0          0          1

-0.0657754  -0.101412   0.992668   0.369541
 -0.985543   0.162266 -0.0487261    1.05229
 -0.156134  -0.981522  -0.110619    1.72908
         0          0          0          1

-0.0658062 -0.0891773   0.993839   0.354682
 -0.981426   0.185656 -0.0483253     1.0434
 -0.180203   -0.97856 -0.0997382    1.71395
         0          0          0          1

-0.0698009 -0.0833516   0.994073   0.354198
 -0.979741   0.193239 -0.0525918    1.04244
  -0.18771  -0.977605 -0.0951512    1.70538
         0          0          0          1

 -0.074517 -0.0736565   0.994496   0.353526
  -0.97756   0.202444 -0.0582542    1.04067
 -0.197039   -0.97652 -0.0870891    1.69462
         0          0          0          1

-0.0746983 -0.0666291   0.994978   0.348469
 -0.976315   0.208048 -0.0593652    1.03692
 -0.203048  -0.975847 -0.0805918    1.68435
         0          0          0          1

-0.0683055 -0.0542134    0.99619   0.339623
 -0.975636   0.212301 -0.0553426    1.03413
 -0.208492  -0.975699 -0.0673938    1.67102
         0          0          0          1

-0.0747232 -0.0413413   0.996347   0.340338
 -0.974352   0.215699 -0.0641237    1.03447
  -0.21226  -0.975584 -0.0563987    1.65989
         0          0          0          1

-0.0726714 -0.0262423   0.997011   0.329665
 -0.971892   0.226309 -0.0648838    1.02847
  -0.22393  -0.973702 -0.0419509    1.64017
         0          0          0          1

-0.0683161 -0.0167379   0.997523   0.324144
 -0.970429   0.233143 -0.0625485    1.02466
 -0.231518  -0.972299 -0.0321703    1.63402
         0          0          0          1

 -0.0751581 -0.00967001    0.997125    0.325291
  -0.968376    0.239279  -0.0706706     1.02495
  -0.237908   -0.970903   -0.027348     1.62478
          0           0           0           1

-0.0753214 0.00193885   0.997157   0.321017
 -0.967677   0.241223 -0.0735636    1.02378
  -0.24068  -0.970468 -0.0162931    1.61228
         0          0          0          1

 -0.0776285   0.0130111    0.996897    0.319501
  -0.963626    0.255506  -0.0783724     1.02423
  -0.255733    -0.96672 -0.00729673     1.59953
          0           0           0           1

 -0.0730035   0.0137293    0.997237    0.316652
  -0.961536    0.264514  -0.0740316     1.01942
    -0.2648   -0.964284 -0.00610927     1.59859
          0           0           0           1

-0.0721175  0.0216152   0.997162     0.3139
 -0.959608   0.271083 -0.0752776    1.01794
  -0.27194  -0.962313 0.00119228    1.59234
         0          0          0          1

-0.0731866  0.0241149   0.997027   0.313267
 -0.957173   0.279085 -0.0770114    1.01775
 -0.280113  -0.959963 0.00265687    1.58499
         0          0          0          1

-0.0671763  0.0315755   0.997241   0.308008
  -0.95615   0.283534 -0.0733858     1.0157
 -0.285069  -0.958442  0.0111441    1.56918
         0          0          0          1

 -0.065684  0.0370483   0.997152    0.30674
 -0.955321   0.286269 -0.0735645    1.01609
 -0.288179  -0.957433  0.0165897    1.56062
         0          0          0          1

-0.0667884  0.0422029   0.996874   0.309435
 -0.950464   0.301289 -0.0764342    1.01762
 -0.303573  -0.952598  0.0199897    1.54976
         0          0          0          1

-0.0684531  0.0500329   0.996399   0.311559
 -0.950888   0.298927 -0.0803367    1.02011
  -0.30187  -0.952964  0.0271132    1.53658
         0          0          0          1

-0.0689887  0.0473972   0.996491   0.312631
 -0.948628   0.306051 -0.0802321    1.01996
  -0.30878  -0.950835  0.0238482    1.53613
         0          0          0          1

-0.0679951  0.0522443   0.996317   0.312177
 -0.947125   0.310493 -0.0809194    1.02043
 -0.313577  -0.949139    0.02837    1.53061
         0          0          0          1

-0.0567024  0.0574399   0.996737    0.30489
 -0.944465   0.320582 -0.0722032    1.01467
 -0.323684  -0.945477  0.0360722    1.52006
         0          0          0          1

-0.0549737  0.0584887   0.996773   0.303369
 -0.942793   0.325708 -0.0711085    1.01331
 -0.328816   -0.94366  0.0372374    1.51768
         0          0          0          1

-0.0563894  0.0599173   0.996609   0.306263
 -0.940954   0.330545 -0.0731131    1.01511
 -0.333805  -0.941886  0.0377401    1.51507
         0          0          0          1

-0.0548317  0.0647235   0.996396   0.306383
 -0.940309   0.332326 -0.0733324    1.01568
 -0.335874  -0.940941  0.0426381    1.51088
         0          0          0          1

-0.0543235  0.0717092   0.995945   0.307255
 -0.940547   0.331244 -0.0751518     1.0164
  -0.33529  -0.940816  0.0494516    1.50106
         0          0          0          1

-0.0581138   0.073058   0.995633   0.311594
  -0.93868   0.335521 -0.0794095      1.018
 -0.339858  -0.939195  0.0490796    1.50153
         0          0          0          1

-0.0485012  0.0790253   0.995692   0.307021
 -0.937273   0.340929 -0.0727142     1.0143
 -0.345207  -0.936762  0.0575327    1.49267
         0          0          0          1

-0.0419588  0.0806191   0.995861   0.303535
 -0.936775   0.343406 -0.0672695    1.01294
 -0.347408  -0.935721   0.061113    1.48934
         0          0          0          1

 -0.045028  0.0796252   0.995807   0.308051
 -0.934915    0.34788 -0.0700913    1.01407
 -0.352003  -0.934152  0.0587784    1.49026
         0          0          0          1

-0.0431762 0.0802484  0.995839  0.306444
-0.933521  0.351854 -0.068828   1.01311
-0.355913 -0.932609 0.0597219   1.48987
        0         0         0         1

-0.0330669  0.0873643   0.995627   0.301317
 -0.933829   0.352319 -0.0619297     1.0103
 -0.356189  -0.931793  0.0699332    1.47769
         0          0          0          1

-0.0355459  0.0918325    0.99514   0.305106
 -0.934609   0.349567 -0.0656422    1.01317
 -0.353896    -0.9324  0.0734018    1.47218
         0          0          0          1

-0.0311194  0.0951229   0.994979   0.303287
 -0.933399   0.353273 -0.0629673    1.01144
 -0.357489  -0.930672  0.0777939    1.46932
         0          0          0          1

-0.0336036 0.0982042  0.994599   0.30568
 -0.93249   0.35501 -0.066558   1.01272
-0.359629  -0.92969 0.0796448   1.46898
        0         0         0         1

-0.0334883   0.102762   0.994142   0.306189
 -0.931865   0.356334 -0.0682236    1.01298
 -0.361257  -0.928691  0.0838269    1.46664
         0          0          0          1

-0.0332626   0.103877   0.994034   0.306564
 -0.931998   0.355954 -0.0683841    1.01298
 -0.360934  -0.928712  0.0849734    1.46415
         0          0          0          1

-0.0305783   0.108751   0.993599   0.305192
  -0.93171   0.356831 -0.0677293    1.01234
 -0.361912  -0.927817  0.0904129    1.45849
         0          0          0          1

 -0.031505   0.108248   0.993625   0.306533
 -0.930986   0.358555 -0.0685809    1.01225
 -0.363692  -0.927211  0.0894814     1.4594
         0          0          0          1

-0.0296383   0.105938   0.993931   0.303407
 -0.931171   0.358563 -0.0659842    1.01056
 -0.363377  -0.927475  0.0880194     1.4586
         0          0          0          1

-0.0318805   0.106013   0.993854   0.303978
 -0.931114   0.358317 -0.0680892    1.01083
 -0.363333  -0.927561  0.0872869    1.45721
         0          0          0          1

-0.0424848  0.106268  0.993429  0.308726
-0.932087  0.353802 -0.077708   1.01341
-0.359735 -0.929264 0.0840197   1.45489
        0         0         0         1

-0.0438578   0.104581   0.993549   0.309194
 -0.931235   0.355849 -0.0785638    1.01306
 -0.361769  -0.928674  0.0817829    1.45745
         0          0          0          1

-0.0437851   0.104909   0.993517   0.308857
 -0.931527   0.355089 -0.0785484    1.01292
 -0.361027  -0.928927  0.0821784     1.4569
         0          0          0          1

-0.0403151   0.10497  0.993658  0.306386
-0.931994  0.354571  -0.07527   1.01074
-0.360224 -0.929118 0.0835366   1.45559
        0         0         0         1

-0.0408524   0.102568   0.993887   0.306979
 -0.931881   0.354942 -0.0749333    1.01063
 -0.360457  -0.929245   0.081081    1.45714
         0          0          0          1

-0.0406035    0.10026   0.994132   0.307194
 -0.931697   0.355635 -0.0739199     1.0101
 -0.360959  -0.929232   0.078972    1.45817
         0          0          0          1

-0.0379219  0.0960964   0.994649   0.306021
 -0.931159   0.357816 -0.0700711     1.0088
 -0.362636  -0.928834   0.075912    1.45845
         0          0          0          1

-0.0349046  0.0930644   0.995048   0.304879
 -0.930405   0.360476 -0.0663515    1.00753
 -0.364866  -0.928114  0.0740054    1.45867
         0          0          0          1

-0.0298423  0.0853673   0.995903   0.302691
 -0.928329   0.367003 -0.0592764    1.00529
 -0.370559  -0.926294  0.0682967    1.46139
         0          0          0          1

-0.0291671  0.0837365   0.996061   0.302572
 -0.927801   0.368515 -0.0581485    1.00469
 -0.371933  -0.925843  0.0669423    1.46184
         0          0          0          1

-0.0291408  0.0830088   0.996123   0.303602
 -0.926297   0.372286 -0.0581214    1.00465
 -0.375667  -0.924399   0.066042    1.46238
         0          0          0          1

-0.0268413  0.0841592   0.996091   0.302741
 -0.925894   0.373533 -0.0565094    1.00388
 -0.376829  -0.923791  0.0678964    1.46217
         0          0          0          1

-0.0248666   0.086172    0.99597   0.302475
 -0.925571   0.374482 -0.0555094    1.00377
 -0.377756  -0.923221  0.0704463    1.46206
         0          0          0          1

-0.0244862  0.0873407   0.995878   0.303111
 -0.925362   0.374979 -0.0556389     1.0039
 -0.378293   -0.92291    0.07164    1.46208
         0          0          0          1

 -0.022305   0.089711   0.995718   0.303006
 -0.925303   0.375287 -0.0545398    1.00407
 -0.378573  -0.922557   0.074639    1.46188
         0          0          0          1

-0.0226575  0.0917701   0.995522   0.303589
 -0.924827   0.376283 -0.0557353    1.00431
 -0.379713  -0.921949  0.0763458    1.46229
         0          0          0          1

-0.0190968   0.090132   0.995747   0.302775
 -0.923746   0.379452 -0.0520628    1.00272
  -0.38253  -0.920811  0.0760127    1.46451
         0          0          0          1

-0.0185931  0.0925725   0.995532   0.303364
 -0.923792   0.379275 -0.0525213    1.00317
 -0.382443  -0.920641  0.0784659    1.46335
         0          0          0          1

-0.0147316  0.0924576   0.995608   0.302131
 -0.923321   0.380885 -0.0490331    1.00196
 -0.383746  -0.919988   0.079757    1.46292
         0          0          0          1

-0.0139267  0.0920253   0.995659   0.302812
 -0.922232     0.3836 -0.0483544    1.00186
 -0.386385  -0.918903  0.0795264    1.46391
         0          0          0          1

-0.00999215  0.0869112   0.996166   0.302299
 -0.919293    0.39118 -0.0433499    1.00091
 -0.393448  -0.916201  0.0759881    1.46738
         0          0          0          1

-0.00808021  0.0834804   0.996477    0.30242
 -0.918068    0.39435 -0.0404813    1.00027
  -0.39634  -0.915161  0.0734543    1.46915
         0          0          0          1

-0.00488942 0.0799726  0.996785  0.302653
 -0.91683  0.397614 -0.036398  0.999884
-0.399247 -0.914061 0.0713772   1.47132
        0         0         0         1

-0.00186894  0.0826499   0.996577   0.302191
 -0.916139   0.399344 -0.0348372   0.999667
 -0.400856  -0.913068  0.0749724    1.47076
         0          0          0          1

-0.000334149  0.0864767   0.996254   0.302997
 -0.916338   0.398879 -0.0349308    1.00048
 -0.400406  -0.912917  0.0791086     1.4697
         0          0          0          1

0.00485019 0.0901974  0.995912  0.300874
-0.916354  0.399113 -0.031684  0.998963
 -0.40034 -0.912454 0.0845885   1.46864
        0         0         0         1

0.00379962   0.103824   0.994588   0.303704
 -0.916661   0.397852 -0.0380293    1.00093
 -0.399647  -0.911556  0.0966828    1.46769
         0          0          0          1

0.00426559   0.107662   0.994178   0.303841
 -0.917661   0.395456 -0.0388875    1.00109
 -0.397341  -0.912153   0.100484    1.46689
         0          0          0          1

0.00534023   0.110248    0.99389    0.30331
 -0.917501   0.395818 -0.0389766    1.00029
 -0.397697  -0.911687   0.103266    1.46757
         0          0          0          1

0.00480717   0.112491   0.993641   0.304106
 -0.917839   0.394905 -0.0402669    1.00092
 -0.396923  -0.911809   0.105147      1.467
         0          0          0          1

 0.0064029   0.109421   0.993975    0.30114
 -0.917468    0.39602 -0.0376854   0.999636
 -0.397757  -0.911699   0.102926    1.46767
         0          0          0          1

0.00778089   0.108963   0.994015   0.300693
 -0.916854    0.39756 -0.0364032   0.999356
 -0.399147  -0.911084   0.102996    1.46842
         0          0          0          1

 0.0119765   0.107659   0.994116   0.298193
  -0.91591   0.400084 -0.0322934   0.997807
 -0.401206  -0.910133   0.103398    1.46943
         0          0          0          1

0.0082177    0.1048  0.994459  0.300938
-0.915166  0.401575 -0.034757  0.999047
-0.402993  -0.90981 0.0992093   1.47247
        0         0         0         1

  0.008394   0.104305    0.99451   0.301886
 -0.914896   0.402216 -0.0344629   0.999392
 -0.403603  -0.909584  0.0988047    1.47457
         0          0          0          1

0.00741181   0.105645   0.994376   0.303403
 -0.915146   0.401526 -0.0358379    1.00074
 -0.403054  -0.909734  0.0996568    1.47498
         0          0          0          1

0.00499639   0.105622   0.994394   0.309892
 -0.915014   0.401623 -0.0380618    1.00579
 -0.403392  -0.909694   0.098652    1.48125
         0          0          0          1

0.00750206   0.106059   0.994332   0.307269
 -0.915636   0.400411 -0.0358009    1.00463
 -0.401938  -0.910177   0.100115    1.48125
         0          0          0          1

0.00653022   0.105689   0.994378   0.308346
 -0.915709    0.40018 -0.0365203    1.00597
  -0.40179  -0.910322  0.0993939     1.4855
         0          0          0          1

0.00829876   0.105087   0.994428   0.306715
 -0.915386   0.401075 -0.0347447    1.00472
 -0.402492  -0.909997  0.0995232    1.49045
         0          0          0          1

    0.0101    0.10623    0.99429   0.305892
 -0.915538   0.400832 -0.0335251    1.00447
 -0.402104  -0.909972   0.101306    1.49564
         0          0          0          1

 0.0114371   0.106956   0.994198   0.305136
 -0.916368   0.399025 -0.0323852    1.00405
 -0.400173  -0.910681   0.102574    1.49867
         0          0          0          1

 0.0124157   0.113473   0.993463   0.303618
 -0.921979    0.38587 -0.0325517    1.00695
 -0.387042  -0.915548   0.109411    1.50214
         0          0          0          1

 0.0105985    0.11211   0.993639   0.304112
 -0.924569   0.379586 -0.0329659    1.00868
 -0.380868  -0.918339   0.107676     1.5062
         0          0          0          1

0.00535288   0.110104   0.993906   0.307962
 -0.925981   0.375788 -0.0366424    1.01134
 -0.377532  -0.920142   0.103966    1.51789
         0          0          0          1

-0.000597898   0.108731   0.994071   0.311006
 -0.927812   0.370775 -0.0411134    1.01503
 -0.373047  -0.922336   0.100661    1.52448
         0          0          0          1

-0.0120233   0.110848   0.993765   0.309843
  -0.93778   0.343658 -0.0496787    1.01928
 -0.347022   -0.93253  0.0998188    1.52372
         0          0          0          1

-0.0198096   0.107749   0.993981   0.310968
 -0.941161   0.333468 -0.0549055    1.02116
 -0.337377  -0.936584  0.0948037    1.52924
         0          0          0          1

-0.0319319   0.105551   0.993901   0.314687
 -0.944884   0.320999 -0.0644467    1.02561
 -0.325843  -0.941179  0.0894834    1.53543
         0          0          0          1

-0.0375803   0.103094   0.993961   0.316966
 -0.948232   0.310208 -0.0680262    1.02832
 -0.315348  -0.945062  0.0860991    1.54123
         0          0          0          1

-0.0446492   0.101066   0.993877   0.319083
 -0.951268   0.299552 -0.0731962    1.03279
 -0.305116  -0.948712  0.0827665    1.55025
         0          0          0          1

-0.0496501   0.102987   0.993443   0.321576
 -0.956394   0.281745 -0.0770061    1.03711
 -0.287828  -0.953946  0.0845074    1.55146
         0          0          0          1

-0.0475633  0.0966619    0.99418   0.317976
 -0.963555   0.257869 -0.0711702    1.04025
 -0.263248  -0.961332  0.0808739    1.56726
         0          0          0          1

-0.0440185  0.0987222   0.994141   0.317292
 -0.965861   0.250084 -0.0676007    1.04223
 -0.255292  -0.963178  0.0843436    1.57527
         0          0          0          1

-0.0484423  0.0993477   0.993873   0.321742
  -0.96896   0.236833 -0.0709018    1.04716
 -0.242426  -0.966458  0.0847912    1.58773
         0          0          0          1

-0.0503589  0.0996589   0.993746   0.325662
 -0.972761   0.220536 -0.0714122    1.05352
 -0.226274  -0.970274  0.0858384    1.59328
         0          0          0          1

-0.0341588  0.0986263   0.994538   0.322601
 -0.979757     0.1931 -0.0528005     1.0583
 -0.197253   -0.97621  0.0900337    1.61301
         0          0          0          1

-0.0384399  0.0921195   0.995006   0.332039
 -0.981541   0.183209 -0.0548815    1.06579
 -0.187349  -0.978748  0.0833765    1.62623
         0          0          0          1

-0.0352252  0.0932258   0.995022   0.335433
 -0.986206   0.157882 -0.0497055    1.07367
  -0.16173  -0.983047  0.0863785    1.63032
         0          0          0          1

-0.0357945  0.0898935   0.995308   0.341202
 -0.988168   0.145445 -0.0486739    1.08029
 -0.149138  -0.985274  0.0836238    1.64282
         0          0          0          1

-0.0280949  0.0844552   0.996031   0.342336
 -0.991263   0.126113 -0.0386537    1.08541
 -0.128877  -0.988414  0.0801741    1.65291
         0          0          0          1

-0.0299533  0.0821346   0.996171   0.350015
 -0.993781   0.104488 -0.0384965    1.09558
  -0.10725  -0.991129  0.0784941    1.65691
         0          0          0          1

-0.0078823 0.0631346  0.997974  0.348719
-0.997569 0.0686014 -0.012219   1.10767
-0.0692338 -0.995644 0.0624404   1.68173
        0         0         0         1

-0.00599146   0.0552566    0.998454    0.354263
  -0.998807   0.0480627 -0.00865348     1.11679
 -0.0484666   -0.997315   0.0549027     1.69085
          0           0           0           1

-0.00090113  0.0412921   0.999147   0.359904
 -0.999376  0.0352421 -0.0023578    1.12574
-0.0353093  -0.998525  0.0412346    1.71181
         0          0          0          1

0.00652745  0.0302445   0.999521   0.364256
  -0.99982  0.0180237 0.00598402    1.13281
-0.0178341   -0.99938  0.0303567    1.72189
         0          0          0          1

 0.0355644  0.0139229    0.99927   0.360956
 -0.998974 -0.0275511  0.0359377    1.14948
 0.0280313  -0.999523  0.0129288    1.73857
         0          0          0          1

  0.0360919 -0.00347553    0.999342    0.374911
   -0.99849  -0.0415553   0.0359166     1.16334
  0.0414032    -0.99913 -0.00497009     1.75031
          0           0           0           1

 0.0471342 -0.0226085   0.998633   0.378888
 -0.997416  -0.055327  0.0458242    1.17349
 0.0542153  -0.998212 -0.0251579    1.77061
         0          0          0          1

 0.0551746 -0.0313581   0.997984    0.38238
  -0.99615 -0.0699255   0.052876    1.18318
 0.0681264  -0.997059 -0.0350954    1.77822
         0          0          0          1

 0.0653576 -0.0515207   0.996531   0.391486
 -0.993929 -0.0919418  0.0604335    1.19856
 0.0885093  -0.994431  -0.057217    1.78862
         0          0          0          1

