-0.332754  0.445597  0.831094  0.986804
 0.682716 -0.494124  0.538275   1.06439
 0.650517  0.746515 -0.139794   1.79446
        0         0         0         1

-0.323401  0.444816  0.835195  0.996064
  0.67312 -0.512205  0.533438   1.05383
 0.665073    0.7347 -0.133766   1.79657
        0         0         0         1

 -0.32463  0.446079  0.834044  0.995578
 0.665226 -0.519173  0.536595   1.04295
 0.672377  0.729022 -0.128204   1.79152
        0         0         0         1

-0.326833  0.448962  0.831633  0.993548
 0.650505 -0.531473  0.542567   1.03042
 0.685582  0.718311 -0.118349   1.79403
        0         0         0         1

-0.318366  0.448973  0.834905  0.999075
 0.643309 -0.544564  0.538148   1.01824
 0.696273   0.70843 -0.115458   1.78942
        0         0         0         1

-0.304553  0.450734  0.839099   1.00952
 0.633274 -0.562223  0.531855   1.00345
 0.711485  0.693358 -0.114211   1.78371
        0         0         0         1

-0.306905  0.453855  0.836556   1.00749
 0.624704 -0.567061   0.53683  0.993416
 0.718021  0.687355 -0.109491   1.78015
        0         0         0         1

-0.299441  0.454981  0.838646   1.01339
 0.619826 -0.575478  0.533518  0.984651
 0.725363  0.679572 -0.109688   1.77557
        0         0         0         1

-0.288348  0.456689    0.8416   1.01943
 0.612539 -0.587583  0.528717  0.975904
 0.735969  0.667968 -0.110312   1.77379
        0         0         0         1

-0.283304  0.462504  0.840136   1.01575
 0.595142 -0.602153  0.532181  0.956356
 0.752027   0.65077 -0.104663   1.76836
        0         0         0         1

-0.273848  0.464172  0.842348   1.02057
 0.586673 -0.613394  0.528736   0.94659
 0.762117  0.638977  -0.10434   1.76687
        0         0         0         1

 -0.272149    0.46689   0.841397    1.02085
  0.573504   -0.62343    0.53144   0.935556
  0.772675   0.627176 -0.0980975     1.7672
         0          0          0          1

 -0.270621   0.467903   0.841327    1.02347
  0.568649  -0.627483   0.531886   0.926848
   0.77679   0.622359 -0.0962629    1.75997
         0          0          0          1

 -0.266618   0.467281   0.842949    1.02737
  0.565089  -0.632717   0.529475   0.920054
  0.780762   0.617509 -0.0953618    1.75576
         0          0          0          1

 -0.268848   0.470595   0.840393    1.02765
  0.556221  -0.636471   0.534344    0.90903
  0.786345   0.611102 -0.0906408    1.74845
         0          0          0          1

 -0.264467   0.470266   0.841966    1.03356
  0.543896  -0.648227   0.532897   0.894638
  0.796388   0.598876 -0.0843414    1.74093
         0          0          0          1

 -0.272302   0.473684   0.837541    1.03198
  0.530597  -0.652211   0.541375   0.884455
  0.802694   0.591815 -0.0737374    1.73974
         0          0          0          1

 -0.275533   0.479717   0.833039    1.03164
   0.51967  -0.654709   0.548907   0.874926
  0.808718   0.584147 -0.0689011    1.73658
         0          0          0          1

 -0.272697   0.478969   0.834401    1.03697
  0.515617  -0.659448   0.547054   0.866828
  0.812266   0.579411 -0.0671352     1.7307
         0          0          0          1

 -0.271016   0.482413   0.832963    1.03823
  0.499943  -0.668933   0.550078   0.848298
  0.822561   0.565514 -0.0598879    1.72487
         0          0          0          1

 -0.267222   0.481769    0.83456    1.04466
  0.497237  -0.672915   0.547668    0.84131
  0.825438   0.561323 -0.0597357    1.71935
         0          0          0          1

 -0.273995   0.483276   0.831487    1.04335
  0.489606  -0.674057   0.553112   0.832565
  0.827776   0.558651 -0.0519266    1.71555
         0          0          0          1

-0.281178  0.487078  0.826858     1.041
   0.4783 -0.675845  0.560769  0.823186
 0.831967  0.553162 -0.042937   1.71345
        0         0         0         1

  -0.28145   0.485404   0.827749    1.04559
  0.475164  -0.678935   0.559702   0.816005
  0.833669   0.550845 -0.0395607    1.70708
         0          0          0          1

 -0.287503   0.485761   0.825457    1.04527
  0.468621  -0.680294   0.563555   0.807359
  0.835306    0.54885 -0.0320512     1.7025
         0          0          0          1

  -0.29528   0.484533    0.82343    1.04793
  0.457741  -0.684759   0.567079   0.791119
   0.83862   0.544365 -0.0195952    1.69346
         0          0          0          1

 -0.296693   0.485259   0.822494    1.04964
  0.452387  -0.687087   0.568557   0.782949
  0.841023   0.540773 -0.0156711    1.68834
         0          0          0          1

-0.298025  0.486654  0.821188   1.05078
 0.444325 -0.690676  0.570563  0.774355
 0.844841  0.534916 -0.010394   1.68561
        0         0         0         1

   -0.30215    0.486451    0.819799     1.05071
    0.44136   -0.690874    0.572621    0.766939
    0.84493    0.534844 -0.00595242     1.67963
          0           0           0           1

 -0.308927   0.485949   0.817568    1.05594
  0.429707  -0.695561     0.5758   0.752018
  0.848479   0.529195 0.00606159    1.67116
         0          0          0          1

-0.311822  0.486845  0.815934   1.05632
 0.425149 -0.696492  0.578055  0.743987
 0.849715  0.527144 0.0101995     1.666
        0         0         0         1

-0.314655   0.48662   0.81498   1.05708
 0.422813 -0.696853  0.579331  0.738283
 0.849836  0.526874 0.0135189   1.66039
        0         0         0         1

-0.317715  0.489155  0.812271   1.05747
  0.41921  -0.69592  0.583059  0.731338
 0.850482  0.525759 0.0160449   1.65426
        0         0         0         1

-0.317616  0.491902  0.810649   1.05781
 0.415542 -0.696245  0.585293  0.724157
 0.852317  0.522758  0.016733   1.64988
        0         0         0         1

-0.316115  0.494374  0.809732   1.05841
 0.412434 -0.697018   0.58657  0.717113
 0.854383  0.519384 0.0164414    1.6455
        0         0         0         1

-0.313246  0.498094  0.808566   1.05953
 0.409795 -0.697174  0.588232  0.703586
 0.856706  0.515608 0.0142703   1.63632
        0         0         0         1

-0.312547  0.501062  0.807001   1.06004
 0.408227 -0.696256  0.590405  0.694729
 0.857709  0.513969 0.0130658   1.62915
        0         0         0         1

-0.310942  0.501727  0.807208    1.0618
 0.409839 -0.695507  0.590171  0.691254
 0.857524  0.514335  0.010635   1.62501
        0         0         0         1

 -0.309131   0.504708   0.806045    1.06165
   0.40792  -0.695263   0.591786   0.682594
  0.859092   0.511741 0.00904693    1.61832
         0          0          0          1

 -0.309709   0.506021   0.804999    1.06272
   0.40812  -0.693925   0.593217   0.673951
  0.858789   0.512261 0.00839769     1.6089
         0          0          0          1

 -0.310553    0.50859   0.803052    1.06289
  0.404893  -0.693573   0.595833   0.667033
   0.86001   0.510189 0.00946665    1.60438
         0          0          0          1

 -0.310759   0.509776    0.80222    1.06305
   0.40401  -0.693125   0.596954   0.662594
  0.860351   0.509614 0.00943984        1.6
         0          0          0          1

 -0.310692   0.512652   0.800412    1.06375
  0.402067  -0.692156   0.599384   0.656544
  0.861285   0.508043 0.00892664    1.59412
         0          0          0          1

 -0.310808   0.515079   0.798807    1.06364
   0.40089  -0.690976   0.601531   0.651907
  0.861792   0.507194 0.00827049    1.58942
         0          0          0          1

 -0.309816   0.517167   0.797842    1.06521
  0.399933  -0.690403   0.602825   0.647145
  0.862593   0.505849 0.00706581    1.58477
         0          0          0          1

-0.312794  0.525544  0.791178   1.06458
 0.393917 -0.686186  0.611538  0.637407
 0.864285  0.502944 0.0076144   1.57496
        0         0         0         1

 -0.314764   0.527687   0.788968    1.06481
  0.393888  -0.683649   0.614391     0.6334
  0.863583   0.504153 0.00733848    1.56882
         0          0          0          1

-0.317786  0.531033  0.785503   1.06441
 0.388832 -0.682594  0.618769  0.628626
 0.864767  0.502065 0.0104357   1.56459
        0         0         0         1

-0.320366  0.533627  0.782692   1.06493
 0.384669  -0.68177   0.62227  0.624648
 0.865676  0.500431 0.0131463   1.55989
        0         0         0         1

-0.329054   0.53924  0.775205   1.06466
 0.375334 -0.678605  0.631363  0.616271
 0.866515  0.498714 0.0209019    1.5497
        0         0         0         1

-0.332784  0.543645  0.770522   1.06406
 0.368819 -0.676972  0.636931  0.612093
 0.867886  0.496144 0.0247789   1.54493
        0         0         0         1

-0.334965  0.548197  0.766341   1.06479
 0.360322  -0.67698  0.641768  0.607885
 0.870613    0.4911 0.0292376   1.54186
        0         0         0         1

-0.336911  0.552237  0.762578   1.06538
 0.353334 -0.676578  0.646063  0.603821
 0.872724   0.48711 0.0328223   1.53779
        0         0         0         1

-0.340604  0.557163  0.757337   1.06469
 0.348023 -0.673573  0.652058  0.600462
 0.873424  0.485664 0.0355159   1.53235
        0         0         0         1

-0.342001  0.561432  0.753545    1.0658
 0.341965 -0.672559  0.656296  0.596968
 0.875269   0.48214 0.0380259   1.52789
        0         0         0         1

 -0.34643  0.571582  0.743828   1.06539
 0.330232 -0.667865  0.667011  0.590569
 0.878028  0.476708 0.0426137   1.51882
        0         0         0         1

-0.346153  0.575662  0.740805   1.06672
 0.327378 -0.665869  0.670404  0.587701
 0.879205  0.474586 0.0420334   1.51358
        0         0         0         1

-0.347596   0.58321  0.734196   1.06535
 0.318335 -0.663111  0.677456  0.584063
 0.881952  0.469201 0.0448384   1.51012
        0         0         0         1

-0.345827  0.589087  0.730329   1.06625
 0.313262 -0.661206  0.681669  0.581103
  0.88446  0.464524 0.0441248   1.50628
        0         0         0         1

 -0.34101  0.603878  0.720447   1.06657
 0.300676  -0.65606  0.692228  0.574662
 0.890677  0.452678 0.0421518   1.49965
        0         0         0         1

-0.338595  0.611947  0.714755   1.06638
 0.295723 -0.651924  0.698243  0.571727
 0.893254  0.447791 0.0397713   1.49578
        0         0         0         1

-0.334091  0.618958  0.710826    1.0678
 0.294666 -0.647768  0.702544  0.569428
 0.895296   0.44417 0.0340277   1.49085
        0         0         0         1

-0.330892  0.626983  0.705268   1.06785
  0.29061 -0.643342  0.708277  0.566867
 0.897806  0.439322 0.0306695   1.48708
        0         0         0         1

-0.327773 0.635271 0.699283  1.06707
0.287577 -0.63796 0.714357 0.564538
0.899925 0.435244 0.026417  1.48336
       0        0        0        1

-0.323618  0.641224  0.695775   1.06801
 0.287595 -0.633894  0.717961  0.562442
 0.901421  0.432446 0.0207267   1.47877
        0         0         0         1

-0.315633  0.654036  0.687468   1.06821
 0.282968 -0.626661  0.726103  0.557873
 0.905707  0.423713 0.0127235   1.47308
        0         0         0         1

  -0.30964   0.660697   0.683815    1.06864
  0.285244  -0.621494   0.729645    0.55601
  0.907061   0.420981 0.00397906    1.46938
         0          0          0          1

  -0.304557    0.667558     0.67942     1.06879
   0.286431   -0.616102    0.733741    0.553935
   0.908406    0.418073 -0.00357174     1.46613
          0           0           0           1

 -0.293325   0.678898   0.673096    1.07034
  0.289427  -0.607964   0.739332   0.550469
  0.911149   0.411677 -0.0181607    1.46104
         0          0          0          1

-0.286755  0.685816  0.668901    1.0716
 0.293303 -0.601845  0.742802  0.548678
 0.912001  0.409193  -0.02857    1.4572
        0         0         0         1

 -0.281563    0.69201   0.664714    1.07166
  0.294476  -0.596994   0.746245   0.546969
  0.913239   0.405857 -0.0356891    1.45448
         0          0          0          1

 -0.275515   0.697541   0.661459     1.0725
  0.298116  -0.592167   0.748642   0.545822
  0.913903   0.403453 -0.0447968    1.45134
         0          0          0          1

 -0.266292   0.705882   0.656368    1.07308
  0.305317   -0.58412   0.752054   0.543899
  0.914259   0.400666 -0.0599711    1.44682
         0          0          0          1

 -0.261671   0.709523   0.654298    1.07349
  0.307915  -0.581123   0.753315   0.543045
  0.914722   0.398589 -0.0664091    1.44538
         0          0          0          1

  -0.24005   0.725634    0.64485    1.07544
  0.323504  -0.566506   0.757902    0.53935
  0.915271   0.390546 -0.0987561    1.43826
         0          0          0          1

  -0.24005   0.725634    0.64485    1.07544
  0.323504  -0.566506   0.757902    0.53935
  0.915271   0.390546 -0.0987561    1.43826
         0          0          0          1

-0.234562  0.730929  0.640878   1.07651
 0.330613 -0.559987  0.759677  0.537678
 0.914153  0.390074 -0.110303   1.43487
        0         0         0         1

-0.233414  0.732012   0.64006   1.07696
 0.332676 -0.558403  0.759943  0.537207
 0.913698  0.390314 -0.113184   1.43388
        0         0         0         1

-0.235274  0.734211  0.636852    1.0774
 0.336631 -0.553132  0.762053  0.535884
 0.911771  0.393675 -0.117021   1.43085
        0         0         0         1

-0.241609  0.733993  0.634728   1.07748
 0.341728 -0.547845  0.763602  0.534849
 0.908211  0.401397 -0.118462   1.42686
        0         0         0         1

-0.248567  0.730445  0.636133   1.07849
 0.346134 -0.546396  0.762655  0.533755
 0.904658  0.409758 -0.117016   1.42353
        0         0         0         1

-0.249461  0.729895  0.636414   1.07865
  0.34681 -0.546263  0.762443  0.533607
 0.904153  0.410915 -0.116864   1.42305
        0         0         0         1

-0.254115  0.727079  0.637795   1.07905
 0.351004 -0.545153  0.761317  0.532563
 0.901234   0.41733 -0.116676   1.42063
        0         0         0         1

-0.254398   0.72691  0.637875   1.07909
 0.351301 -0.545061  0.761247   0.53247
 0.901038  0.417745 -0.116702    1.4205
        0         0         0         1

-0.255973  0.725769  0.638543   1.07937
 0.354968 -0.543836  0.760421  0.531959
 0.899153  0.421309 -0.118417   1.41916
        0         0         0         1

-0.258656  0.724217  0.639223   1.07999
  0.36283 -0.540448  0.759124  0.531508
 0.895238  0.428282 -0.122978   1.41623
        0         0         0         1

-0.260688  0.724597  0.637967   1.07925
 0.365923 -0.537348   0.75984  0.531299
 0.893388  0.431528 -0.125066   1.41517
        0         0         0         1

 -0.26167  0.724591  0.637571    1.0791
 0.367769 -0.535895  0.759976  0.531132
 0.892342  0.433342 -0.126254   1.41431
        0         0         0         1

-0.264965  0.723923  0.636969   1.07888
 0.375273 -0.531082  0.759686  0.531402
 0.888236  0.440327 -0.130951   1.41085
        0         0         0         1

-0.265636  0.723758  0.636877   1.07869
 0.377662 -0.529693  0.759472  0.531604
 0.887023  0.442267  -0.13263   1.40936
        0         0         0         1

-0.267447  0.724622  0.635134   1.07748
 0.379282 -0.526767  0.760698  0.531692
 0.885786  0.444341 -0.133953    1.4081
        0         0         0         1

-0.267752  0.723796  0.635947   1.07763
 0.380608 -0.526906  0.759939  0.532087
 0.885125  0.445521 -0.134402    1.4073
        0         0         0         1

-0.269859  0.722433  0.636606   1.07696
 0.383148 -0.525977  0.759306  0.532908
 0.883388   0.44882 -0.134859   1.40551
        0         0         0         1

-0.269859  0.722433  0.636606   1.07696
 0.383148 -0.525977  0.759306  0.532908
 0.883388   0.44882 -0.134859   1.40551
        0         0         0         1

-0.274078  0.721299  0.636089   1.07609
 0.384728 -0.523949  0.759909   0.53413
   0.8814  0.452995 -0.133901   1.40324
        0         0         0         1

-0.279594  0.720699  0.634366   1.07476
 0.383906 -0.521681  0.761883  0.535169
 0.880025  0.456554 -0.130822   1.40222
        0         0         0         1

-0.287858  0.717323  0.634496   1.07447
 0.383859 -0.520565  0.762669  0.536632
 0.877377  0.463097 -0.125502   1.40014
        0         0         0         1

-0.293599  0.715092  0.634384   1.07412
 0.383184 -0.519943  0.763432  0.537414
 0.875768  0.467229 -0.121357   1.39906
        0         0         0         1

-0.302183  0.710411  0.635612   1.07411
 0.382222 -0.520537   0.76351  0.538646
 0.873265  0.473665 -0.114237   1.39772
        0         0         0         1

-0.318268  0.702291  0.636784   1.07329
 0.379763  -0.52101  0.764414  0.541335
 0.868611  0.485115 -0.100884   1.39527
        0         0         0         1

 -0.324181    0.69885   0.637586    1.07321
  0.378621  -0.521796   0.764444   0.542799
  0.866921   0.489222 -0.0954429    1.39467
         0          0          0          1

 -0.330227   0.696705    0.63683    1.07223
  0.376769  -0.521306   0.765693   0.544026
  0.865445    0.49279 -0.0903479    1.39425
         0          0          0          1

 -0.334181   0.694354   0.637334    1.07241
  0.377011  -0.521275   0.765594   0.545822
   0.86382   0.496129 -0.0875792    1.39361
         0          0          0          1

  -0.33837   0.692464   0.637181    1.07211
  0.377765  -0.520206    0.76595   0.547504
  0.861858   0.499879 -0.0855664    1.39215
         0          0          0          1

 -0.344219   0.689894   0.636836    1.07196
  0.378425  -0.518806   0.766574   0.549622
  0.859248   0.504864 -0.0824905    1.39124
         0          0          0          1

 -0.353574     0.6847   0.637316    1.07248
   0.38042   -0.51718   0.766685   0.553053
  0.854556   0.513527 -0.0776118    1.38886
         0          0          0          1

 -0.359194   0.680503   0.638667    1.07281
  0.381688   -0.51737   0.765926   0.554773
  0.851642   0.518888 -0.0739031     1.3878
         0          0          0          1

 -0.366043   0.676633    0.63889    1.07261
  0.380451  -0.517735   0.766295   0.556343
  0.849276   0.523563 -0.0679124    1.38748
         0          0          0          1

 -0.37551  0.670068  0.640313   1.07289
 0.378843 -0.519549  0.765863  0.558372
 0.845855  0.530168 -0.058754   1.38693
        0         0         0         1

 -0.386464   0.660606   0.643619     1.0737
  0.374783  -0.525143   0.764043   0.560583
  0.842724   0.536493 -0.0446351     1.3879
         0          0          0          1

 -0.393217   0.654846   0.645412    1.07398
  0.374411  -0.527079   0.762892    0.56192
   0.83976   0.541632 -0.0379252    1.38748
         0          0          0          1

 -0.399706    0.64845   0.647879    1.07504
  0.373967  -0.529941   0.761125   0.563313
  0.836889   0.546512 -0.0306785    1.38713
         0          0          0          1

 -0.406744   0.641691   0.650225    1.07582
  0.373702  -0.532612   0.759389   0.564819
   0.83361   0.551867 -0.0231639    1.38723
         0          0          0          1

 -0.412823   0.635645   0.652329    1.07679
  0.374912  -0.534127   0.757726   0.566527
  0.830071   0.557373 -0.0178114    1.38627
         0          0          0          1

  -0.420433    0.627806    0.655054     1.07837
    0.37472   -0.537371    0.755524     0.56846
    0.82633    0.563109 -0.00932294     1.38594
          0           0           0           1

 -0.430985   0.617683   0.657814    1.08007
   0.37502  -0.540446   0.753179   0.571085
  0.820739   0.571302 0.00128051    1.38535
         0          0          0          1

 -0.437003   0.609906   0.661092    1.08212
  0.374683  -0.544745   0.750244    0.57268
  0.817705   0.575559 0.00953419     1.3857
         0          0          0          1

-0.443776    0.6026  0.663277   1.08379
 0.373174 -0.548657  0.748142  0.574271
 0.814742  0.579525  0.018606   1.38679
        0         0         0         1

-0.452199  0.593812  0.665509   1.08499
  0.37403 -0.551125  0.745897  0.576148
 0.809702  0.586215 0.0271148   1.38666
        0         0         0         1

-0.466592  0.574887  0.672159   1.08894
 0.377307 -0.557964  0.739132  0.579984
 0.799957  0.598483 0.0434328   1.38839
        0         0         0         1

-0.473366   0.56364   0.67693   1.09088
 0.384791  -0.55897  0.734499  0.582608
 0.792376  0.608164 0.0477143   1.38784
        0         0         0         1

-0.478502  0.550856  0.683808   1.09422
 0.392475 -0.562459  0.727739  0.584936
 0.785493  0.616602 0.0529407   1.38878
        0         0         0         1

-0.483446  0.538563  0.690095   1.09672
 0.400741 -0.564719  0.721456  0.587481
 0.778259  0.625334 0.0571865   1.38971
        0         0         0         1

-0.489579  0.525785  0.695602   1.09827
 0.408654 -0.566356  0.715711  0.589542
 0.770269  0.634658 0.0624118   1.39118
        0         0         0         1

-0.493011  0.512919  0.702747   1.10094
 0.416796 -0.569772  0.708266  0.592008
 0.763689  0.642085 0.0671215   1.39358
        0         0         0         1

-0.499796  0.487791  0.715726   1.10445
 0.433895 -0.574171  0.694308  0.596839
 0.749626  0.657562 0.0753186   1.39794
        0         0         0         1

-0.501814  0.474368  0.723297   1.10677
 0.443722 -0.576618  0.686019  0.599278
 0.742491  0.665197 0.0788675   1.40018
        0         0         0         1

-0.504619  0.462605  0.728942   1.10771
 0.451014 -0.578701  0.679478  0.601988
  0.73617  0.671641 0.0833819   1.40331
        0         0         0         1

-0.506912  0.451649  0.734203   1.10787
 0.459604 -0.578962  0.673474  0.604668
 0.729249  0.678835 0.0859029   1.40584
        0         0         0         1

-0.511806  0.431009  0.743159   1.10918
 0.477302 -0.576592  0.663118  0.610218
 0.714309  0.694099 0.0893818   1.41086
        0         0         0         1

-0.515087   0.42304  0.745468   1.10833
 0.482947 -0.575284   0.66016  0.612674
  0.70813  0.700061 0.0920158   1.41553
        0         0         0         1

-0.516896  0.414357  0.749084   1.10938
 0.492724 -0.571559  0.656158  0.615505
  0.70003  0.708257 0.0912727   1.41896
        0         0         0         1

-0.519602  0.408699  0.750319   1.10861
 0.500351 -0.566289  0.654955  0.618279
 0.692577  0.715739 0.0897524   1.42308
        0         0         0         1

-0.522014  0.401961  0.752283   1.10882
 0.507957  -0.56202  0.652774  0.620825
 0.685187  0.722884 0.0892031   1.42865
        0         0         0         1

-0.525349  0.395749  0.753254   1.10845
 0.516082  -0.55564  0.651861  0.623939
 0.676511  0.731196 0.0876662   1.43446
        0         0         0         1

-0.530502  0.386301  0.754546   1.10764
 0.532931 -0.540221  0.651265  0.629814
 0.659206  0.747618 0.0807158   1.44572
        0         0         0         1

-0.532784  0.382183  0.755034    1.1065
 0.541477 -0.531703  0.651226   0.63332
 0.650341  0.755797 0.0763397   1.45268
        0         0         0         1

 -0.53506  0.377625  0.755718   1.10528
 0.550377 -0.522846  0.650936  0.636655
 0.640934   0.76422 0.0719185   1.45913
        0         0         0         1

-0.536206  0.371857  0.757764   1.10511
 0.561987 -0.512557  0.649197  0.640656
 0.629805  0.773956 0.0658572    1.4653
        0         0         0         1

-0.538033   0.36239  0.761048   1.10276
 0.581508 -0.494041  0.646353  0.649083
 0.610221  0.790315 0.0550771   1.48055
        0         0         0         1

-0.538856  0.356139  0.763412   1.10136
 0.591857 -0.484821  0.643937  0.653213
 0.599449   0.79882 0.0504652   1.48809
        0         0         0         1

-0.539308   0.35047  0.765714   1.09982
 0.602419 -0.474792   0.64161  0.658221
  0.58842  0.807306 0.0449294   1.49629
        0         0         0         1

-0.540581  0.344881  0.767352   1.09691
 0.610834 -0.466289  0.639888  0.662704
 0.578493  0.814636 0.0414016   1.50514
        0         0         0         1

-0.539038  0.340556  0.770363   1.09517
 0.621379 -0.456663  0.636669  0.668046
 0.568618  0.821876 0.0345441    1.5139
        0         0         0         1

-0.537236  0.336177  0.773539   1.09372
 0.631149 -0.448141  0.633104  0.673269
  0.55949  0.828344 0.0285799   1.52272
        0         0         0         1

-0.535933  0.331306  0.776539     1.087
 0.651244 -0.423101  0.629974  0.685026
 0.537269  0.843339 0.0109929    1.5401
        0         0         0         1

   -0.534474     0.330965     0.777689      1.08356
    0.661223     -0.40937      0.62865     0.691419
    0.526424     0.850222 -4.40203e-05       1.5492
           0            0            0            1

-0.529309  0.329458   0.78185   1.08184
 0.674328 -0.395893  0.623339  0.698102
 0.514893  0.857162 -0.012613   1.55829
        0         0         0         1

 -0.529963   0.329371   0.781444     1.0761
  0.680906  -0.383995    0.62363   0.704255
  0.505476   0.862591 -0.0207672    1.56984
         0          0          0          1

 -0.525359   0.328962   0.784717    1.07421
  0.694124  -0.367708   0.618856   0.711833
  0.492127   0.869813 -0.0351616    1.57859
         0          0          0          1

 -0.526087   0.329916   0.783829    1.06868
  0.700404  -0.354685   0.619381    0.71844
  0.482357   0.874845 -0.0444792    1.59044
         0          0          0          1

 -0.520299   0.332507   0.786593    1.06081
  0.719872  -0.324758   0.613447   0.734249
  0.459428   0.885422 -0.0703912    1.61247
         0          0          0          1

 -0.516166    0.33536   0.788103    1.05412
  0.731196  -0.306624   0.609372   0.744327
   0.44601   0.890795 -0.0869453    1.62732
         0          0          0          1

  -0.51435   0.336325   0.788879    1.05047
  0.738142  -0.294663   0.606894   0.750568
  0.436567    0.89446 -0.0966962    1.63439
         0          0          0          1

-0.509421  0.336776  0.791879   1.04582
 0.750779 -0.275739  0.600249   0.76094
 0.420502  0.900305 -0.112377   1.64442
        0         0         0         1

-0.500874  0.337267  0.797105   1.03733
 0.769099 -0.248999  0.588631  0.778994
 0.397004  0.907882 -0.134675   1.66432
        0         0         0         1

-0.494999  0.336592   0.80105   1.03205
 0.780305 -0.233354  0.580232  0.789398
  0.38223  0.912278 -0.147134   1.67373
        0         0         0         1

 -0.48683  0.336564  0.806053   1.02869
 0.790713 -0.222317  0.570393  0.799427
 0.371173  0.915041 -0.157895   1.68502
        0         0         0         1

-0.482308  0.333942  0.809853    1.0217
  0.79983 -0.209183  0.562595  0.810402
 0.357282  0.919089 -0.166206   1.69596
        0         0         0         1

-0.478758  0.331763   0.81285   1.01617
 0.806642 -0.199273  0.556435  0.819887
 0.346583  0.922076  -0.17221    1.7073
        0         0         0         1

 -0.47052  0.331278  0.817842   1.01208
 0.815055 -0.191941  0.546666  0.830273
 0.338076  0.923804 -0.179698   1.71956
        0         0         0         1

-0.465764  0.322403  0.824088  0.996655
 0.828628 -0.167916  0.534023   0.85141
 0.310548   0.93159 -0.188943    1.7388
        0         0         0         1

-0.455272  0.320782  0.830558  0.996099
 0.839001 -0.157655   0.52079  0.863632
 0.298001   0.93394  -0.19736   1.74797
        0         0         0         1

-0.449692  0.316057  0.835395  0.991566
 0.846191 -0.148624  0.511733   0.87504
 0.285897  0.937027 -0.200609   1.75895
        0         0         0         1

-0.447545  0.310087  0.838779  0.983312
 0.852397 -0.135702  0.504979  0.887664
 0.270411  0.940973 -0.203585   1.76742
        0         0         0         1

-0.436083  0.304738  0.846738  0.974387
 0.865645 -0.115106  0.487247  0.911668
 0.245947  0.945455   -0.2136   1.78208
        0         0         0         1

-0.427625  0.298309  0.853316  0.962135
 0.873808 -0.105349  0.474723  0.933093
  0.23151  0.948637 -0.215615   1.80587
        0         0         0         1

-0.427625  0.298309  0.853316  0.962135
 0.873808 -0.105349  0.474723  0.933093
  0.23151  0.948637 -0.215615   1.80587
        0         0         0         1

 -0.422394    0.29782   0.856088   0.957766
  0.878631 -0.0975119   0.467439   0.945559
  0.222691   0.949629  -0.220485    1.81499
         0          0          0          1

 -0.422609   0.290066    0.85864   0.947602
  0.883199 -0.0807882   0.461988   0.958841
  0.203375    0.95359  -0.222044    1.81688
         0          0          0          1

 -0.41586  0.287339  0.862842   0.94283
 0.888881 -0.072121  0.452426  0.972246
 0.192229   0.95511 -0.225418   1.82524
        0         0         0         1

 -0.403381   0.285165   0.869462   0.934788
  0.898503 -0.0563518   0.435336   0.997244
  0.173138    0.95682   -0.23349    1.84156
         0          0          0          1

  -0.39493   0.279544   0.875149   0.927184
  0.906431 -0.0366655   0.420759    1.01688
  0.149708   0.959432  -0.238907    1.84527
         0          0          0          1

 -0.391211   0.276903   0.877655   0.922851
  0.909142 -0.0317744   0.415271    1.02624
  0.142877   0.960372  -0.239314    1.85061
         0          0          0          1

 -0.388655   0.270867   0.880669   0.912272
  0.911832 -0.0241999   0.409851    1.03736
  0.132327   0.962312   -0.23758    1.85894
         0          0          0          1

 -0.377856   0.265743   0.886908   0.897866
   0.91883 -0.0102289   0.394521    1.06204
  0.113913    0.96399  -0.240308    1.87585
         0          0          0          1

   -0.367867     0.264592      0.89144     0.895697
    0.924335 -0.000470485     0.381581      1.07535
    0.101383      0.96436    -0.244399      1.87831
           0            0            0            1

 -0.366507   0.260218   0.893286   0.885232
  0.925576 0.00417297    0.37854    1.08799
 0.0947752   0.965541  -0.242381    1.88721
         0          0          0          1

-0.361304  0.253624  0.897293  0.879022
 0.929119 0.0166754  0.369405   1.10358
0.0787272  0.967159 -0.241671   1.88933
        0         0         0         1

-0.351042   0.25362  0.901358  0.876345
 0.933982 0.0262922   0.35635   1.12061
0.0666789  0.966947 -0.246106   1.88944
        0         0         0         1

 -0.34761  0.242386  0.905768  0.865664
 0.936248 0.0371269  0.349373   1.13476
0.0510547  0.969469 -0.239839   1.89125
        0         0         0         1

-0.321312  0.233305  0.917784  0.855094
 0.946675 0.0547913  0.317498    1.1648
0.0237871  0.970859 -0.238469   1.89502
        0         0         0         1

-0.313257  0.225514  0.922504   0.84552
 0.949595 0.0622709  0.307233   1.18023
0.0118404  0.972248 -0.233654   1.89733
        0         0         0         1

-0.298623  0.219386  0.928813  0.838636
  0.95437 0.0698031  0.290353   1.19487
-0.00113456  0.973138 -0.230221    1.8952
        0         0         0         1

