-0.00887813 -0.512237  0.858798  0.836586
-0.989756 -0.117879 -0.080542   1.07904
 0.142491 -0.850716 -0.505943   2.38969
        0         0         0         1

-0.00788945  -0.510031    0.86012   0.835254
 -0.991349  -0.108704 -0.0735524    1.06642
  0.131013  -0.853259  -0.504761    2.38324
         0          0          0          1

-0.0169754  -0.505586   0.862609    0.84384
 -0.994838 -0.0777873 -0.0651697    1.03541
  0.100049  -0.859262  -0.501656    2.36675
         0          0          0          1

-0.0158789  -0.501219   0.865175   0.841271
 -0.995823 -0.0698806 -0.0587605    1.02238
 0.0899108  -0.862494  -0.498016    2.35727
         0          0          0          1

-0.0112087  -0.494075   0.869347   0.835913
 -0.996656 -0.0648551 -0.0497092    1.00875
 0.0809417  -0.866997  -0.491696    2.34242
         0          0          0          1

-0.0146586  -0.493804    0.86945   0.840525
 -0.998112 -0.0446463 -0.0421847   0.992411
 0.0596487  -0.868426  -0.492217    2.34109
         0          0          0          1

-0.00637554  -0.488028   0.872804   0.835029
 -0.999824 -0.0122684 -0.0141632   0.955934
 0.0176199  -0.872742  -0.487864    2.32815
         0          0          0          1

-0.00285359   -0.483191     0.87551    0.828715
  -0.999988 -0.00219704 -0.00447185    0.941783
 0.00408429   -0.875512   -0.483179     2.31766
          0           0           0           1

-0.00809609   -0.489018    0.872236    0.835914
  -0.999967   0.0046037 -0.00670062    0.932592
-0.000738794   -0.872262   -0.489039     2.30172
          0           0           0           1

  -0.0113544    -0.488903     0.872264     0.834503
    -0.99975    0.0223466 -0.000488657     0.917176
  -0.0192533    -0.872052    -0.489035      2.29777
           0            0            0            1

-0.0181532   -0.49272   0.869999   0.839323
 -0.998674  0.0508622 0.00796743   0.897437
-0.0481758    -0.8687   -0.49299    2.29623
         0          0          0          1

-0.0115387 -0.490828   0.87118   0.83358
-0.998309  0.055302  0.017935  0.887323
-0.056981   -0.8695 -0.490636   2.28261
        0         0         0         1

-0.00573657  -0.49644  0.868052  0.840253
-0.996165 0.0786257 0.0383829  0.863283
-0.087306 -0.864503 -0.494987   2.25798
        0         0         0         1

-0.0065326 -0.499057  0.866545  0.842331
 -0.99435 0.0950535 0.0472467  0.848427
-0.105947  -0.86134 -0.496858   2.25134
        0         0         0         1

-0.00891337 -0.499813  0.866087  0.840812
 -0.99255  0.109668 0.0530738  0.835445
-0.121509 -0.859162 -0.497068   2.24013
        0         0         0         1

-0.012868 -0.499347  0.866307  0.839969
-0.990485  0.125085 0.0573879  0.822518
-0.137019 -0.857325 -0.496205    2.2324
        0         0         0         1

-0.0220887 -0.504292  0.863251  0.839808
-0.985686  0.155339 0.0655237  0.796931
-0.167139 -0.849447 -0.500505   2.21214
        0         0         0         1

-0.0266392 -0.507255  0.861384  0.841225
-0.983673  0.166723 0.0677593  0.787737
-0.177984 -0.845515 -0.503414   2.20091
        0         0         0         1

-0.0306783 -0.511817  0.858546  0.843251
-0.980576   0.18189 0.0733938  0.776075
-0.193725 -0.839618 -0.507456   2.18762
        0         0         0         1

-0.0275691 -0.513375  0.857721  0.839179
 -0.97624   0.19832 0.0873223  0.761672
-0.214932 -0.834934 -0.506644   2.18291
        0         0         0         1

-0.0370797  -0.52082  0.852861  0.845739
-0.973005  0.213352 0.0879853  0.751791
-0.227784 -0.826576 -0.514671   2.17116
        0         0         0         1

-0.0393263 -0.522693  0.851613  0.846337
-0.969419  0.226573  0.094297  0.742225
-0.242241 -0.821861 -0.515619   2.16088
        0         0         0         1

-0.0478248 -0.528149  0.847804  0.850315
-0.961344   0.25476  0.104476  0.721924
-0.271166 -0.810034 -0.519917   2.13807
        0         0         0         1

-0.0501453 -0.531178  0.845775  0.851909
-0.958978  0.262183  0.107804  0.715354
-0.279011 -0.805674 -0.522535   2.12563
        0         0         0         1

-0.0481649 -0.531157  0.845903  0.849262
 -0.95365  0.276304  0.119196  0.702907
-0.297038 -0.800955 -0.519846   2.11479
        0         0         0         1

-0.0496456 -0.532864  0.844743  0.850105
-0.949638  0.287185  0.125346   0.69358
 -0.30939 -0.795978 -0.520286   2.10596
        0         0         0         1

-0.0542846 -0.536488   0.84216   0.85508
-0.939522  0.313069  0.138876  0.676018
 -0.33816 -0.783689 -0.521037   2.08154
        0         0         0         1

-0.0549782  -0.53771  0.841335  0.855926
-0.934621   0.32423  0.146146  0.668791
 -0.35137 -0.778295 -0.520381   2.07156
        0         0         0         1

-0.0580957 -0.540539   0.83931  0.858182
 -0.93062  0.333632  0.150452  0.661688
-0.361346 -0.772339 -0.522419   2.05703
        0         0         0         1

-0.059292 -0.541742  0.838451  0.859082
-0.925619   0.34434   0.15703  0.654492
-0.373782 -0.766776 -0.521864   2.04759
        0         0         0         1

-0.0619686 -0.544944  0.836179  0.860826
-0.920085   0.35586   0.16373  0.645913
-0.386786  -0.75921 -0.523447   2.03611
        0         0         0         1

-0.0665006 -0.545712   0.83533  0.863247
-0.915381  0.366515  0.166567  0.640652
-0.397059 -0.753569 -0.523907   2.02526
        0         0         0         1

-0.0711705 -0.549163  0.832679  0.864541
-0.905146   0.38631  0.177412  0.627443
  -0.4191  -0.74107 -0.524567   2.00009
        0         0         0         1

-0.075135  -0.54885  0.832538  0.866945
-0.899887   0.39701  0.180515  0.622226
-0.429602 -0.735627 -0.523732   1.99004
        0         0         0         1

-0.0808312 -0.551844  0.830021  0.869776
-0.891735  0.412061   0.18712  0.614416
 -0.44528 -0.725034 -0.525406   1.98062
        0         0         0         1

-0.0816673 -0.552519   0.82949  0.870642
-0.888323  0.417715  0.190778  0.609957
-0.451898 -0.721275 -0.524929   1.96891
        0         0         0         1

-0.0853895 -0.552264  0.829285  0.876792
-0.874491  0.440406  0.203245  0.598784
-0.477467 -0.707847 -0.520556   1.94755
        0         0         0         1

-0.0808155 -0.552239   0.82976  0.874322
  -0.8695  0.446041  0.212172  0.593338
-0.487276 -0.704329 -0.516219   1.93777
        0         0         0         1

-0.0846134 -0.551857  0.829635  0.877007
-0.864062   0.45529  0.214726  0.589675
-0.496223 -0.698687 -0.515363   1.92453
        0         0         0         1

-0.0891183 -0.553037  0.828377  0.879425
-0.858137  0.464835  0.218011  0.585754
-0.505627 -0.691432 -0.516007   1.91634
        0         0         0         1

-0.091737 -0.554019  0.827434  0.880196
-0.851959  0.473838  0.222808  0.580706
 -0.51551   -0.6845  -0.51547    1.9044
        0         0         0         1

-0.0932199 -0.554765  0.826769  0.881053
-0.846573  0.481227  0.227452  0.577116
-0.524046 -0.678717 -0.514509   1.89569
        0         0         0         1

-0.0975177 -0.555504  0.825776  0.883243
-0.836156  0.495725  0.234733   0.57041
-0.539753 -0.667587  -0.51283   1.87323
        0         0         0         1

-0.0988167 -0.555212  0.825818  0.884818
-0.831053  0.502508  0.238402  0.567468
-0.547344 -0.662741 -0.511067    1.8647
        0         0         0         1

-0.103075 -0.555147  0.825341  0.888366
-0.825937  0.510135  0.239981  0.565017
 -0.55426 -0.656943 -0.511098    1.8537
        0         0         0         1

-0.104392 -0.555775  0.824752  0.890176
-0.821036  0.516152  0.243898  0.562233
 -0.56125  -0.65169 -0.510194   1.84573
        0         0         0         1

-0.104039 -0.554624  0.825572  0.892911
-0.813827  0.524632  0.249892  0.558218
-0.571717 -0.645874  -0.50595    1.8243
        0         0         0         1

-0.104884 -0.556079  0.824485  0.894553
-0.809003  0.529871  0.254461   0.55573
-0.578371 -0.640322 -0.505445    1.8175
        0         0         0         1

-0.104093 -0.555954   0.82467  0.896194
-0.804789  0.534269  0.258596  0.553275
-0.584363 -0.636767 -0.503039    1.8075
        0         0         0         1

-0.103476 -0.556223  0.824566  0.897422
-0.801182  0.537876   0.26229  0.551595
-0.589406 -0.633487 -0.501293    1.8001
        0         0         0         1

-0.102505 -0.557219  0.824014  0.899247
-0.797556  0.541094  0.266687  0.549645
-0.594472  -0.62986 -0.499879   1.79015
        0         0         0         1

-0.101675 -0.558949  0.822945  0.901116
-0.794125  0.543853  0.271274  0.547992
 -0.59919 -0.625939 -0.499172   1.78329
        0         0         0         1

-0.0993051 -0.560758  0.822003  0.905314
-0.788545  0.548196  0.278708  0.545381
-0.606906 -0.620509 -0.496622   1.76602
        0         0         0         1

-0.0999475 -0.561241  0.821596  0.907241
-0.785813  0.551033  0.280822  0.544326
-0.610335 -0.617553 -0.496105   1.75908
        0         0         0         1

-0.0960142 -0.560857  0.822327  0.908151
-0.783195  0.552438  0.285337  0.542753
-0.614318 -0.616646 -0.492302   1.75079
        0         0         0         1

-0.0979549 -0.560519  0.822328  0.911304
-0.780276  0.556144  0.286136  0.541808
-0.617717 -0.613614 -0.491836   1.74457
        0         0         0         1

-0.0928748 -0.560749  0.822761  0.913144
-0.776394   0.55813  0.292751  0.539676
-0.623367 -0.611597 -0.487198    1.7295
        0         0         0         1

-0.0923227 -0.560161  0.823223  0.915021
-0.775424  0.559098  0.293475  0.539315
-0.624655 -0.611252  -0.48598    1.7224
        0         0         0         1

-0.0917049 -0.561335  0.822492   0.91665
 -0.77266  0.561151  0.296826  0.537921
-0.628161 -0.608287 -0.485181   1.71624
        0         0         0         1

-0.092071 -0.562836  0.821425   0.91854
-0.770554  0.562766  0.299235  0.537151
 -0.63069 -0.605401  -0.48551   1.71096
        0         0         0         1

-0.0934782  -0.56463  0.820033  0.921044
-0.768616  0.564453  0.301034  0.536386
-0.632844 -0.602151 -0.486748   1.70437
        0         0         0         1

-0.0928924 -0.565175  0.819724  0.922287
-0.768165  0.564477  0.302141  0.535946
-0.633478 -0.601617 -0.486583   1.69823
        0         0         0         1

-0.0931529 -0.566146  0.819025  0.924802
-0.765411  0.566811  0.304749  0.534617
-0.636764 -0.598502 -0.486134    1.6862
        0         0         0         1

-0.096922 -0.565034  0.819355  0.926905
-0.764688  0.569211  0.302077  0.534565
 -0.63707 -0.597273 -0.487244   1.68134
        0         0         0         1

-0.0999081 -0.563471  0.820072  0.927326
-0.763433  0.571986  0.300003  0.533735
-0.638114 -0.596097 -0.487318   1.67582
        0         0         0         1

-0.102858 -0.562071  0.820668  0.927601
-0.762638  0.574241  0.297709  0.532929
-0.638595 -0.595251 -0.487722   1.67162
        0         0         0         1

-0.107293 -0.559628  0.821769  0.929093
-0.762066  0.577141  0.293537   0.53264
-0.638549 -0.594747 -0.488397   1.66604
        0         0         0         1

-0.109289 -0.558154  0.822508  0.929583
-0.761199  0.579133  0.291857  0.532078
-0.639243 -0.594195  -0.48816   1.66189
        0         0         0         1

-0.112927 -0.552586   0.82577   0.93114
-0.757617  0.585596   0.28826  0.530878
-0.642856 -0.593065 -0.484779   1.65336
        0         0         0         1

-0.114004 -0.548923  0.828062   0.93219
-0.756302  0.588425  0.285942  0.530555
-0.644213 -0.593666 -0.482234   1.64984
        0         0         0         1

-0.113816 -0.544644  0.830909  0.932948
-0.754935  0.591095  0.284041  0.529921
-0.645848 -0.594953 -0.478447   1.64589
        0         0         0         1

-0.112615 -0.541595  0.833063  0.933093
-0.753793   0.59281  0.283501  0.529143
 -0.64739  -0.59603  -0.47501   1.64285
        0         0         0         1

-0.109079 -0.533908  0.838477  0.933768
-0.752746   0.59527  0.281117   0.52798
-0.649211 -0.600497 -0.466828   1.63443
        0         0         0         1

-0.107844 -0.531227  0.840338   0.93456
-0.752396  0.596109  0.280278  0.527593
-0.649823  -0.60204  -0.46398   1.63175
        0         0         0         1

-0.107068 -0.527959  0.842494  0.935696
-0.751626  0.597669  0.279016   0.52689
-0.650841 -0.603367 -0.460819   1.62882
        0         0         0         1

-0.104105 -0.525981  0.844101  0.935555
-0.750941  0.598049  0.280045  0.525766
-0.652111 -0.604716 -0.457241   1.62689
        0         0         0         1

-0.101883 -0.523431  0.845955  0.935981
-0.750811  0.598331   0.27979  0.524923
-0.652612 -0.606646 -0.453958   1.62431
        0         0         0         1

-0.102899 -0.521109  0.847264  0.937868
-0.750727  0.599484  0.277538  0.524705
-0.652549 -0.607506 -0.452897   1.62199
        0         0         0         1

-0.101141 -0.515153   0.85111  0.939321
-0.751608  0.600061  0.273884  0.523457
 -0.65181    -0.612 -0.447884   1.61684
        0         0         0         1

-0.0993008 -0.513195  0.852508  0.938986
-0.751715  0.600033   0.27365  0.522943
-0.651969  -0.61367 -0.445361   1.61503
        0         0         0         1

-0.0985468 -0.510648  0.854124  0.939498
-0.752363  0.600009  0.271916  0.522514
-0.651335 -0.615815 -0.443322   1.61232
        0         0         0         1

-0.0956083 -0.510088  0.854792   0.93842
-0.751001  0.600587  0.274395  0.521273
-0.653343 -0.615715 -0.440498    1.6117
        0         0         0         1

-0.0929264 -0.505391  0.857872  0.939563
 -0.75179   0.60053   0.27235  0.520426
-0.652821 -0.619631 -0.435754   1.60724
        0         0         0         1

-0.0915565 -0.502933  0.859463  0.940008
-0.751584  0.601093  0.271678  0.519792
-0.653252 -0.621085  -0.43303   1.60611
        0         0         0         1

-0.0907873 -0.500409  0.861016  0.940942
-0.751496  0.601741  0.270483  0.519053
-0.653461 -0.622494 -0.430686   1.60517
        0         0         0         1

-0.0900854 -0.498686  0.862089  0.941483
-0.752667  0.600952  0.268977  0.518605
-0.652209 -0.624635 -0.429481   1.60371
        0         0         0         1

-0.0887617  -0.49771   0.86279   0.94176
-0.752451  0.601068  0.269323   0.51766
 -0.65264 -0.625302 -0.427854   1.60322
        0         0         0         1

-0.0885259 -0.495821  0.863901  0.942498
-0.754169  0.599932   0.26704  0.517575
-0.650686 -0.627887 -0.427043   1.60157
        0         0         0         1

-0.0872315 -0.494996  0.864505  0.943521
-0.756665   0.59738  0.265696  0.516316
-0.647957 -0.630964 -0.426657    1.5992
        0         0         0         1

-0.0868669 -0.495901  0.864024  0.943502
 -0.75658  0.597075  0.266623  0.515541
-0.648105 -0.630542 -0.427055   1.59947
        0         0         0         1

-0.0872205 -0.496696  0.863531  0.943648
-0.757506  0.596034  0.266322  0.514846
-0.646975 -0.630901 -0.428237   1.59857
        0         0         0         1

-0.0878142 -0.496739  0.863446  0.944307
 -0.75793  0.595786  0.265672   0.51437
-0.646398 -0.631102 -0.428812   1.59811
        0         0         0         1

-0.0882266 -0.496545  0.863516  0.944898
-0.758399  0.595511  0.264948  0.513412
-0.645792 -0.631514 -0.429119   1.59735
        0         0         0         1

-0.0881261 -0.495289  0.864247  0.945383
-0.758889  0.595386  0.263825  0.513364
 -0.64523 -0.632617 -0.428339   1.59642
        0         0         0         1

-0.0866934 -0.493952  0.865156  0.945109
-0.759075  0.595182  0.263749  0.512762
-0.645205 -0.633854 -0.426545   1.59649
        0         0         0         1

-0.0853695  -0.49273  0.865984  0.944984
-0.760125  0.594123  0.263112  0.512431
-0.644144 -0.635795 -0.425257   1.59606
        0         0         0         1

-0.0832547  -0.49106  0.867138  0.945076
-0.761017  0.593113  0.262814  0.512008
-0.643368 -0.638026 -0.423084   1.59579
        0         0         0         1

-0.0820125 -0.490416  0.867621  0.944976
-0.761158  0.592794  0.263123  0.511514
 -0.64336 -0.638817 -0.421901   1.59605
        0         0         0         1

-0.0792439 -0.489104  0.868618  0.945018
-0.763146  0.590373  0.262807  0.510897
-0.641349 -0.642057 -0.420041   1.59546
        0         0         0         1

-0.0794075 -0.488684   0.86884   0.94531
-0.762957  0.590739  0.262534  0.510566
-0.641554  -0.64204 -0.419754   1.59584
        0         0         0         1

-0.079612 -0.485324  0.870702  0.945696
-0.762831  0.591937  0.260193  0.510417
-0.641678 -0.643484 -0.417345   1.59592
        0         0         0         1

-0.0789204 -0.480403   0.87349   0.94585
-0.763669  0.592346  0.256781  0.510434
-0.640767 -0.646791 -0.413617   1.59561
        0         0         0         1

-0.0756177 -0.469598  0.879636  0.945619
-0.765168  0.592978  0.250787  0.510344
-0.639374 -0.654105 -0.404161   1.59573
        0         0         0         1

-0.0746624 -0.467071  0.881062  0.945697
-0.765213  0.593373  0.249715  0.510336
-0.639433 -0.655556 -0.401711   1.59616
        0         0         0         1

-0.074817 -0.464004  0.882668  0.946198
-0.766636  0.592817  0.246652  0.510482
-0.637708 -0.658231 -0.400075   1.59651
        0         0         0         1

-0.0736982 -0.463954  0.882788  0.946225
-0.767458  0.591658  0.246879  0.510482
-0.636849 -0.659308 -0.399669   1.59716
        0         0         0         1

-0.0711221 -0.462666  0.883675  0.945929
-0.768569  0.590118   0.24711  0.510493
-0.635802  -0.66159 -0.397561   1.59808
        0         0         0         1

-0.0705862 -0.461821   0.88416  0.945875
-0.768469  0.590301   0.24698  0.510516
-0.635982 -0.662016 -0.396562    1.5998
        0         0         0         1

-0.0691431  -0.45748  0.886528  0.945994
-0.769422  0.590093  0.244499  0.511386
-0.634987 -0.665209 -0.392796   1.60374
        0         0         0         1

-0.0685441 -0.455351  0.887669  0.945938
-0.770257  0.589628  0.242986  0.512067
-0.634039 -0.667079 -0.391153   1.60544
        0         0         0         1

-0.0677019 -0.452834  0.889021  0.945817
-0.770602  0.589709  0.241692  0.512627
 -0.63371 -0.668719 -0.388879   1.60784
        0         0         0         1

-0.0665828 -0.450187  0.890449  0.945484
-0.771963  0.588665   0.23989  0.513568
-0.632171  -0.67142 -0.386722   1.60946
        0         0         0         1

-0.0634572 -0.445198  0.893181  0.944791
 -0.77466  0.586222   0.23716  0.515676
-0.629185 -0.676862 -0.382077   1.61423
        0         0         0         1

-0.0618114 -0.443988  0.893898  0.944493
-0.775942   0.58469  0.236753  0.516453
-0.627769 -0.678979  -0.38065     1.617
        0         0         0         1

-0.0582101 -0.443758  0.894254  0.943331
-0.778272  0.581181  0.237741  0.517444
-0.625223 -0.682134 -0.379195   1.62064
        0         0         0         1

-0.0585046 -0.443503  0.894361  0.944463
-0.779889  0.579566  0.236383  0.518571
-0.623178 -0.683673  -0.37979   1.62401
        0         0         0         1

-0.0555074 -0.444318  0.894148  0.943674
-0.782311  0.575806  0.237563  0.519483
 -0.62041 -0.686316 -0.379556    1.6285
        0         0         0         1

-0.0558213 -0.445083  0.893748  0.945014
-0.784654  0.573094  0.236391  0.520998
-0.617415 -0.688087 -0.381227   1.63249
        0         0         0         1

-0.0493655 -0.447508  0.892916  0.944292
-0.792684  0.561444  0.237558  0.523721
-0.607631 -0.696073 -0.382448   1.64156
        0         0         0         1

-0.0456226 -0.449594  0.892067  0.943645
-0.795529  0.556459  0.239765  0.524875
-0.604196 -0.698727 -0.383052   1.64674
        0         0         0         1

-0.0416387 -0.452125  0.890982  0.942997
-0.798479  0.551094  0.242335  0.525941
-0.600581  -0.70134 -0.383959   1.65369
        0         0         0         1

-0.0399908 -0.453883  0.890164  0.943097
-0.801751  0.546247  0.242506  0.527006
-0.596319 -0.703992 -0.385746   1.65909
        0         0         0         1

-0.034392 -0.459721  0.887397  0.942733
-0.809454  0.533599  0.245062  0.529691
-0.586175 -0.709879 -0.390474   1.67243
        0         0         0         1

-0.0317602 -0.462584  0.886006  0.942251
-0.812679  0.527991  0.246532  0.530808
-0.581845 -0.712209 -0.392701    1.6791
        0         0         0         1

-0.027097  -0.46463   0.88509  0.941164
-0.818939   0.51806  0.246885  0.532805
 -0.57324 -0.718145 -0.394541   1.68556
        0         0         0         1

-0.0243453 -0.467966  0.883411  0.940703
-0.822965  0.511076  0.248051   0.53414
 -0.56757 -0.720978 -0.397562    1.6924
        0         0         0         1

-0.0231609 -0.470467  0.882113  0.940951
-0.826499  0.505432  0.247867  0.535826
-0.562461 -0.723325 -0.400547   1.70173
        0         0         0         1

-0.0193589 -0.471908  0.881435  0.940028
-0.830899  0.497932  0.248337  0.537497
-0.556087 -0.727576 -0.401747   1.70849
        0         0         0         1

-0.0146509 -0.475963  0.879343  0.939796
-0.839378  0.483748  0.247854  0.541309
 -0.54335 -0.734471   -0.4066   1.72694
        0         0         0         1

-0.0109202 -0.477524  0.878551   0.93882
-0.843169  0.476708  0.248627  0.542971
-0.537538 -0.738052 -0.407839   1.73517
        0         0         0         1

-0.00549656 -0.479752  0.877387  0.936906
-0.848764  0.466164   0.24958  0.545089
-0.528743 -0.743323 -0.409759   1.74507
        0         0         0         1

-0.00449134 -0.483219  0.875488   0.93748
-0.852027  0.460157  0.249609  0.547157
-0.523478 -0.744819 -0.413783    1.7546
        0         0         0         1

0.00511249 -0.488409    0.8726  0.934325
-0.863379  0.438109  0.250276  0.552663
-0.504531 -0.754664 -0.419442   1.77432
        0         0         0         1

0.00444825 -0.493246  0.869879  0.935661
-0.867674  0.430533  0.248561  0.555594
-0.497113 -0.755877 -0.426062   1.78447
        0         0         0         1

0.00727407 -0.498321  0.866962   0.93534
-0.872832  0.419906  0.248681   0.55896
-0.487966 -0.758522 -0.431896   1.79702
        0         0         0         1

0.0130303 -0.501497  0.865061  0.933625
-0.878476   0.40749  0.249464  0.561957
-0.477609 -0.763186 -0.435243   1.80583
        0         0         0         1

0.0180353 -0.505019   0.86292  0.932866
-0.883646   0.39576  0.250085   0.56586
-0.467807 -0.767026 -0.439121   1.81785
        0         0         0         1

0.0217846 -0.506941  0.861705  0.932338
 -0.88821  0.385829  0.249438  0.569447
-0.458922 -0.770809 -0.441865   1.82821
        0         0         0         1

0.0325175 -0.512003  0.858368  0.930744
-0.899039  0.360227  0.248928  0.578711
-0.436659 -0.779801 -0.448597   1.85046
        0         0         0         1

0.0376511 -0.514324  0.856769  0.929733
-0.901903  0.351697   0.25076    0.5818
-0.430296 -0.782164 -0.450628   1.86265
        0         0         0         1

0.0427945 -0.516861  0.854999  0.929355
-0.907734   0.33738  0.249386   0.58782
-0.417357 -0.786784 -0.454735   1.87466
        0         0         0         1

0.0476416 -0.520749  0.852379  0.928456
-0.911591  0.326175  0.250223  0.592277
-0.408328 -0.788942 -0.459171   1.88595
        0         0         0         1

0.0549979 -0.529343  0.846623  0.928383
-0.921801  0.298953  0.246799  0.605205
-0.383742 -0.793992 -0.471508    1.9103
        0         0         0         1

0.0612609 -0.532289  0.844343  0.925402
-0.925634  0.286192   0.24758  0.610472
-0.373428  -0.79672 -0.475173   1.92095
        0         0         0         1

0.0637091 -0.536702  0.841363  0.926023
-0.930149  0.273553  0.244931  0.617666
-0.361613 -0.798198 -0.481785   1.93455
        0         0         0         1

0.0666487 -0.540266  0.838851  0.926191
 -0.93319  0.263809  0.244051   0.62298
-0.353149 -0.799073 -0.486588   1.94681
        0         0         0         1

0.0675521 -0.545469  0.835404   0.92772
-0.938711  0.248931  0.238443  0.631641
-0.338021  -0.80031 -0.495222   1.95966
        0         0         0         1

0.0741482 -0.547642  0.833421  0.925728
 -0.94137   0.23738  0.239735  0.637865
-0.329126 -0.802334 -0.497932   1.97102
        0         0         0         1

0.0885817 -0.551502  0.829457  0.921342
-0.949336  0.205331  0.237908  0.654396
 -0.30152 -0.808508 -0.505372   1.99524
        0         0         0         1

0.0888274 -0.556751  0.825916  0.923781
-0.952149  0.195989   0.23452  0.662135
 -0.29244 -0.807228 -0.512701   2.00703
        0         0         0         1

0.0921233  -0.55926  0.823858  0.923453
-0.956127  0.181387  0.230045  0.671752
-0.278092 -0.808905 -0.518014    2.0209
        0         0         0         1

 0.096169 -0.561388  0.821946  0.921603
-0.958956  0.169044  0.227656  0.679636
-0.266749 -0.810104 -0.522089   2.03216
        0         0         0         1

 0.101266 -0.565515  0.818498  0.921711
-0.965465   0.14265  0.218008   0.69938
-0.240045 -0.812308  -0.53154   2.05752
        0         0         0         1

 0.106149 -0.565353   0.81799  0.918916
-0.967727   0.13035  0.215671  0.707898
-0.228555 -0.814484 -0.533271   2.06819
        0         0         0         1

   0.1087 -0.567254  0.816338  0.918549
-0.970716  0.116406  0.210145  0.719253
-0.214232 -0.815274 -0.537989   2.08107
        0         0         0         1

 0.109705 -0.571894  0.812959  0.920286
-0.972304  0.108069  0.207232   0.72802
-0.206371 -0.813178   -0.5442   2.09401
        0         0         0         1

 0.114061  -0.57028  0.813493  0.918011
-0.975327 0.0915112  0.200904   0.74032
-0.189015 -0.816337 -0.545772   2.10554
        0         0         0         1

 0.116303 -0.570448  0.813058   0.91725
-0.977678 0.0784695  0.194906  0.752041
-0.174984 -0.817577 -0.548588   2.11388
        0         0         0         1

 0.117646 -0.576897    0.8083  0.918101
-0.980851 0.0597123  0.185378  0.773873
 -0.15521 -0.814631 -0.558825   2.14165
        0         0         0         1

 0.123417 -0.575383  0.808519  0.914965
-0.981612 0.0487738  0.184548  0.783606
-0.145621 -0.816428 -0.558784     2.153
        0         0         0         1

 0.124432 -0.577206  0.807063   0.91515
-0.984096 0.0321313  0.174707  0.798918
-0.126774 -0.815966 -0.564028   2.16155
        0         0         0         1

 0.125126 -0.579225  0.805507  0.915967
-0.984348 0.0290843  0.173821  0.806828
-0.124109 -0.814649 -0.566519   2.17704
        0         0         0         1

   0.12348  -0.584893   0.801656   0.919495
 -0.987496 0.00736106   0.157475    0.83334
-0.0980073  -0.811077  -0.576671    2.19812
         0          0          0          1

   0.129395   -0.580589    0.803849    0.914126
  -0.987563 -0.00243773    0.157207    0.843425
  -0.089313   -0.814193   -0.573683     2.21008
          0           0           0           1

  0.135593  -0.575852   0.806231   0.906539
 -0.987911 -0.0168612   0.154105   0.855121
-0.0751475   -0.81738  -0.571177    2.22254
         0          0          0          1

   0.13329  -0.580144   0.803534   0.910331
 -0.989313 -0.0295313   0.142786   0.869229
-0.0591072  -0.813978   -0.57788    2.22844
         0          0          0          1

  0.131647  -0.579811   0.804045   0.910666
 -0.990192 -0.0386408   0.134261    0.88368
-0.0467768  -0.813834  -0.579211    2.23982
         0          0          0          1

  0.130221   -0.58082   0.803549   0.911272
 -0.990978 -0.0503237   0.124221   0.898268
-0.0317124  -0.812475  -0.582133    2.24682
         0          0          0          1

  0.128305  -0.578113   0.805806   0.912465
 -0.991718 -0.0701022   0.107613   0.926568
-0.00572364   -0.81294   -0.58232    2.26636
         0          0          0          1

    0.1348  -0.575436   0.806661   0.906767
 -0.990873 -0.0785574   0.109544   0.935351
0.000333789  -0.814065  -0.580774      2.279
         0          0          0          1

 0.134551 -0.576029   0.80628   0.90648
-0.990816 -0.089197  0.101622  0.949197
0.0133806 -0.812548  -0.58274   2.29111
        0         0         0         1

 0.132518  -0.57582  0.806766  0.906324
-0.991028 -0.091237 0.0976653  0.958939
0.0173693  -0.81247 -0.582744   2.30431
        0         0         0         1

 0.133539 -0.571569  0.809615  0.903231
-0.989912 -0.115954 0.0814172  0.991184
0.0473425  -0.81232 -0.581287   2.31738
        0         0         0         1

 0.139366 -0.565561  0.812846  0.897654
-0.988603 -0.126656 0.0813762   1.00143
0.0569285 -0.814923 -0.576767    2.3282
        0         0         0         1

 0.136508 -0.566723  0.812521  0.903141
-0.988078 -0.136824 0.0705702   1.01915
0.0711785 -0.812468 -0.578644   2.33613
        0         0         0         1

 0.131161 -0.570866  0.810499  0.908012
-0.988362 -0.138842 0.0621524   1.03017
0.0770505 -0.809219 -0.582433   2.34733
        0         0         0         1

  0.12981 -0.568217  0.812576  0.906099
-0.987837 -0.144857 0.0565128   1.04458
0.0855958 -0.810029 -0.580109   2.35695
        0         0         0         1

 0.126903 -0.569962  0.811812  0.907639
-0.987106 -0.153057 0.0468453   1.05771
0.0975535  -0.80729 -0.582037   2.36378
        0         0         0         1

 0.123698 -0.570574  0.811877  0.909686
-0.985138 -0.168868 0.0314181   1.08633
 0.119174 -0.803697 -0.582982   2.38337
        0         0         0         1

 0.125178 -0.567213  0.814003  0.906495
-0.984597 -0.171964 0.0315841   1.09583
 0.122064 -0.805418 -0.580002    2.3939
        0         0         0         1

 0.126525 -0.565439  0.815028  0.900273
-0.981718 -0.189163 0.0211676   1.11406
 0.142204 -0.802805 -0.579035   2.39702
        0         0         0         1

 0.122699 -0.562414  0.817701  0.900489
-0.980077 -0.198332 0.0106514   1.13009
 0.156186 -0.802717 -0.575544   2.40142
        0         0         0         1

  0.127544  -0.559672   0.818841   0.892501
 -0.976766   -0.21423 0.00571719    1.15582
  0.172221  -0.800545  -0.573993    2.42076
         0          0          0          1

   0.127162   -0.559064    0.819315    0.889905
  -0.974529   -0.224253 -0.00176743      1.1709
   0.184722   -0.798222   -0.573341     2.42609
          0           0           0           1

  0.121982  -0.558866   0.820238   0.890765
 -0.972522  -0.232405 -0.0137188    1.18598
  0.198295  -0.796026  -0.571859    2.42973
         0          0          0          1

