-0.0352434  0.0469658   0.998275   0.300027
 -0.937964  -0.346325 -0.0168206    1.07525
  0.344938  -0.936938  0.0562579    2.26277
         0          0          0          1

-0.0370511  0.0540846   0.997849    0.29474
 -0.938241  -0.345607 -0.0161055     1.0504
  0.343993  -0.936819  0.0635495    2.26496
         0          0          0          1

-0.0358528  0.0435428   0.998408    0.29992
 -0.939858  -0.341045 -0.0188766     1.0421
   0.33968  -0.939038  0.0531514     2.2683
         0          0          0          1

-0.0289747  0.0258525   0.999246   0.301145
 -0.946067  -0.323408 -0.0190655     1.0047
  0.322671  -0.945906  0.0338289    2.27099
         0          0          0          1

-0.0249124  0.0277717   0.999304   0.293738
 -0.948674  -0.315907 -0.0148708   0.989301
  0.315274  -0.948384  0.0342162    2.27427
         0          0          0          1

-0.0216366   0.021453   0.999536   0.299318
 -0.952104   -0.30545 -0.0140541   0.970658
  0.305007  -0.951966  0.0270344    2.27796
         0          0          0          1

-0.0172983  0.0215538   0.999618   0.293419
 -0.953968  -0.299741 -0.0100453   0.957692
   0.29941  -0.953777  0.0257466    2.27557
         0          0          0          1

 -0.0115989   0.0181236    0.999768    0.292115
  -0.956761   -0.290817 -0.00582805    0.937703
   0.290644   -0.956607   0.0207131     2.27279
          0           0           0           1

 -0.0111224   0.0161844    0.999807    0.294311
  -0.957228   -0.289272 -0.00596609    0.932397
    0.28912    -0.95711   0.0187096     2.26686
          0           0           0           1

-0.00534567  0.00543688    0.999971    0.297937
  -0.963478   -0.267762 -0.00369475    0.896234
   0.267735    -0.96347  0.00666969     2.26475
          0           0           0           1

-0.00024729 -0.00299353    0.999995    0.302314
  -0.966813   -0.255482 -0.00100388    0.883355
   0.255483   -0.966809 -0.00283101     2.26925
          0           0           0           1

 0.0113252 -0.0147529   0.999827   0.304239
 -0.971896  -0.235289 0.00753702   0.858047
  0.235137  -0.971814  -0.017003     2.2685
         0          0          0          1

 0.0191996 -0.0143834   0.999712   0.300104
 -0.972848  -0.230934  0.0153611   0.847446
  0.230646  -0.972863 -0.0184267    2.26288
         0          0          0          1

 0.0306895  -0.012386   0.999452   0.300947
 -0.976776   -0.21251  0.0273596   0.808654
  0.212055   -0.97708 -0.0186202    2.25368
         0          0          0          1

  0.0338242 -0.00996358    0.999378    0.301003
  -0.977922   -0.206652   0.0310378    0.796102
   0.206214   -0.978364  -0.0167334     2.25299
          0           0           0           1

   0.0321027   0.00571689     0.999468     0.300135
   -0.978982    -0.201326    0.0325963     0.775072
    0.201405    -0.979508 -0.000866367      2.24193
           0            0            0            1

 0.0272374 0.00990486    0.99958   0.305077
 -0.978517  -0.204159  0.0286865   0.770303
  0.204357  -0.978888 0.00413132    2.23417
         0          0          0          1

0.0262184 0.0218395  0.999418  0.305446
-0.978862 -0.202296 0.0300998  0.750217
 0.202836 -0.979081  0.016074   2.22368
        0         0         0         1

0.0296401 0.0290281  0.999139  0.301518
-0.979464 -0.198586  0.034826   0.73589
 0.199426 -0.979653 0.0225459   2.21884
        0         0         0         1

0.0372128 0.0393281  0.998533  0.307144
-0.981649 -0.185579 0.0438927  0.699199
 0.187033 -0.981842 0.0317004   2.20358
        0         0         0         1

 0.044285 0.0430899  0.998089  0.303411
 -0.98284 -0.177195 0.0512583  0.684692
 0.179065 -0.983232 0.0345034   2.19887
        0         0         0         1

0.0541775 0.0425204  0.997626  0.303796
-0.985003 -0.161625 0.0603808  0.660933
 0.163809 -0.985936 0.0331263    2.1896
        0         0         0         1

0.0628089 0.0427358   0.99711  0.300569
-0.985724 -0.153724 0.0686802  0.648714
 0.156215 -0.987189 0.0324704   2.18363
        0         0         0         1

0.0780483 0.0433645  0.996006  0.300158
-0.988722 -0.124721 0.0829077  0.610043
 0.127818 -0.991244 0.0331411   2.16406
        0         0         0         1

0.0776716 0.0443709  0.995991  0.301299
-0.989645 -0.117519 0.0824121  0.600048
 0.120705 -0.992079 0.0347835   2.15768
        0         0         0         1

0.0785637   0.04866  0.995721  0.299994
-0.991319 -0.101812 0.0831919  0.578774
 0.105425 -0.993613 0.0402388   2.14281
        0         0         0         1

 0.0775809  0.0478284   0.995838   0.301159
 -0.991819 -0.0978628  0.0819679   0.570602
  0.101376   -0.99405  0.0398448     2.1346
         0          0          0          1

 0.0792859  0.0422957   0.995954    0.30387
   -0.9929 -0.0855257  0.0826748   0.553019
 0.0886765  -0.995438  0.0352144    2.12064
         0          0          0          1

 0.0833723  0.0386476   0.995769   0.303808
 -0.993356 -0.0763282  0.0861327    0.54264
 0.0793341  -0.996333  0.0320272    2.11422
         0          0          0          1

 0.108349 0.0207741  0.993896  0.302361
-0.992977 -0.045524    0.1092  0.507361
0.0475147 -0.998747 0.0156957   2.08651
        0         0         0         1

  0.121527  0.0134256   0.992497    0.30056
 -0.991914 -0.0352007   0.121932    0.49609
 0.0365736   -0.99929 0.00903918    2.08026
         0          0          0          1

  0.137493 0.00573401   0.990486   0.299551
 -0.990156 -0.0256425   0.137596   0.479965
 0.0261876  -0.999655 0.00215189    2.06022
         0          0          0          1

   0.143852 4.59401e-05    0.989599    0.298586
  -0.989434  -0.0182518    0.143828    0.469117
  0.0180685   -0.999833 -0.00258009     2.05339
          0           0           0           1

   0.146807  -0.0091643    0.989123    0.298929
  -0.989162 -0.00384228    0.146778    0.442953
 0.00245538   -0.999951 -0.00962906     2.02009
          0           0           0           1

    0.144347  -0.00866634     0.989489     0.299129
   -0.989526 -1.26674e-05     0.144352     0.436312
 -0.00123847    -0.999962   -0.0085774      2.01075
           0            0            0            1

   0.140355 -0.00840834    0.990065     0.29893
  -0.990034   0.0104974     0.14044     0.42051
  -0.011574    -0.99991 -0.00685117     1.99244
          0           0           0           1

   0.139218 -0.00919351    0.990219    0.298388
  -0.990096   0.0169805    0.139358    0.412827
 -0.0180956   -0.999814 -0.00673848     1.98322
          0           0           0           1

    0.13488 -0.00802581    0.990829    0.297484
  -0.990456   0.0275437    0.135052     0.40015
  -0.028375   -0.999588 -0.00423412     1.96106
          0           0           0           1

   0.132592   -0.010001     0.99112    0.297272
  -0.990583   0.0331063    0.132854    0.393913
  -0.034141   -0.999402 -0.00551717     1.95128
          0           0           0           1

   0.122161  -0.0143799    0.992406    0.297681
  -0.990678    0.058971    0.122803    0.374962
 -0.0602891   -0.998156 -0.00704186     1.91412
          0           0           0           1

   0.121704  -0.0150548    0.992452    0.296643
  -0.990315   0.0654626    0.122435    0.369082
 -0.0668117   -0.997741 -0.00694192      1.9024
          0           0           0           1

  0.119176 -0.0199725   0.992672   0.296032
 -0.989693  0.0775635   0.120379   0.358972
-0.0793995  -0.996787  -0.010523    1.87959
         0          0          0          1

  0.119504 -0.0225944   0.992577   0.294876
 -0.988981  0.0852806   0.121013    0.35333
-0.0873817  -0.996101  -0.012154    1.86876
         0          0          0          1

  0.115755 -0.0280513   0.992882   0.294132
 -0.988127  0.0984154   0.117981   0.344271
 -0.101024   -0.99475 -0.0163261    1.84606
         0          0          0          1

   0.11431 -0.0306221   0.992973   0.293469
 -0.987715   0.103692   0.116902   0.340093
 -0.106543  -0.994138  -0.018393    1.83432
         0          0          0          1

  0.105155 -0.0419664    0.99357    0.29307
  -0.98535   0.130498   0.109797   0.325786
 -0.134266   -0.99056 -0.0276292    1.79495
         0          0          0          1

  0.102359 -0.0464664   0.993662   0.292521
  -0.98427   0.139868   0.107932   0.322078
 -0.143996  -0.989079 -0.0314188    1.78429
         0          0          0          1

  0.100585 -0.0585527   0.993204   0.290647
 -0.981497   0.157639   0.108693   0.313862
 -0.162932  -0.985759 -0.0416132    1.76298
         0          0          0          1

 0.0973055 -0.0625295   0.993288   0.290907
 -0.980543    0.16494    0.10644   0.312054
 -0.170488   -0.98432 -0.0452634    1.75097
         0          0          0          1

  0.096861 -0.0869447   0.991493    0.28967
 -0.974451   0.194536   0.112255   0.302073
 -0.202641  -0.977035 -0.0658804     1.7134
         0          0          0          1

 0.0958877  -0.094367   0.990909   0.290063
 -0.973142   0.200419   0.113255   0.300676
 -0.209284  -0.975155 -0.0726148    1.70208
         0          0          0          1

 0.0935422  -0.111516    0.98935   0.290522
 -0.969955   0.213945   0.115823   0.297262
 -0.224583   -0.97046 -0.0881525    1.68196
         0          0          0          1

 0.0952493  -0.118451   0.988381   0.289323
 -0.968117   0.220063    0.11967    0.29406
 -0.231681  -0.968267 -0.0937134    1.67177
         0          0          0          1

0.0952007 -0.132719  0.986571  0.288215
-0.964347  0.233541  0.124473  0.289841
-0.246925 -0.963247 -0.105754   1.65285
        0         0         0         1

0.0944687 -0.139231  0.985744  0.287777
 -0.96308  0.237959  0.125907  0.288262
-0.252097 -0.961244 -0.111611    1.6431
        0         0         0         1

0.0878648 -0.157997  0.983523  0.287346
-0.958044  0.257011  0.126876  0.284817
-0.272822 -0.953406 -0.128786   1.60985
        0         0         0         1

0.0889367 -0.161485   0.98286  0.286362
-0.956421  0.261683  0.129539  0.283185
-0.278116 -0.951549 -0.131174   1.59987
        0         0         0         1

0.0902041 -0.169317  0.981425  0.284589
-0.952715  0.272445  0.134568  0.279885
-0.290169 -0.947157 -0.136735    1.5811
        0         0         0         1

0.0881356 -0.172098  0.981129  0.284928
-0.951286  0.277594  0.134147  0.279729
-0.295442 -0.945158 -0.139249   1.57251
        0         0         0         1

0.0835162 -0.185082  0.979168  0.284195
-0.945481  0.295676  0.136532  0.277302
-0.314786 -0.937187 -0.150298   1.54496
        0         0         0         1

0.0819762 -0.187601  0.978819  0.284072
-0.944094  0.300057  0.136577  0.276943
-0.319323 -0.935292 -0.152515   1.53749
        0         0         0         1

0.0761639 -0.192811  0.978275   0.28516
-0.941797  0.308284  0.134085  0.278005
 -0.32744  -0.93155 -0.158109    1.5231
        0         0         0         1

0.0774687 -0.196034  0.977532  0.284424
-0.940003  0.312389  0.137141  0.276346
-0.332255 -0.929507 -0.160072   1.51675
        0         0         0         1

0.0774216 -0.196308  0.977481  0.283948
-0.937198  0.320112  0.138519  0.275939
-0.340096 -0.926818 -0.159196   1.50235
        0         0         0         1

0.0775311 -0.195702  0.977594  0.284324
-0.935604  0.324471  0.139156  0.276034
-0.344434 -0.925429 -0.157942   1.49574
        0         0         0         1

0.0794772 -0.194001  0.977777  0.285511
-0.930322  0.337862  0.142655  0.276345
-0.358029 -0.920985 -0.153631   1.47474
        0         0         0         1

0.0805044 -0.192508  0.977988  0.285708
-0.928757  0.341697  0.143712  0.276268
-0.361841 -0.919883 -0.151285   1.46919
        0         0         0         1

0.0843248 -0.190537  0.978052  0.285046
-0.925794  0.348015  0.147617  0.274516
-0.368503 -0.917922 -0.147052   1.45876
        0         0         0         1

0.0833163 -0.188111  0.978608  0.286159
-0.924979  0.350779  0.146178  0.275772
-0.370773  -0.91737 -0.144773   1.45321
        0         0         0         1

0.0857283 -0.184286  0.979127  0.288315
-0.920801  0.360656  0.148502   0.27622
-0.380495 -0.914312 -0.138772    1.4361
        0         0         0         1

0.0871993 -0.183126  0.979215  0.289122
-0.919636  0.363086  0.149795   0.27655
 -0.38297 -0.913583 -0.136748   1.43145
        0         0         0         1

0.0921738 -0.182472  0.978881  0.289625
-0.916733  0.368222  0.154962  0.275627
-0.388722 -0.911656 -0.133338   1.42306
        0         0         0         1

0.0938641 -0.184411  0.978357  0.290079
-0.915403  0.370388  0.157639  0.275338
-0.391442 -0.910387 -0.134044   1.42022
        0         0         0         1

  0.09668 -0.184314  0.978101  0.291751
-0.913192  0.374452  0.160826  0.275845
-0.395895 -0.908743 -0.132112   1.41256
        0         0         0         1

0.0978296 -0.183413  0.978156  0.292887
-0.912394  0.375996  0.161755  0.276627
-0.397451 -0.908288 -0.130561   1.40874
        0         0         0         1

 0.103709 -0.186743  0.976919  0.295364
-0.908585   0.38179  0.169436  0.276878
 -0.40462 -0.905187 -0.130077   1.39865
        0         0         0         1

 0.104795 -0.187446  0.976669   0.29648
  -0.9073  0.384111  0.171072  0.277581
-0.407216 -0.904059 -0.129817   1.39635
        0         0         0         1

 0.111866 -0.187419  0.975889   0.29695
-0.905162   0.38605  0.177899  0.276793
-0.410083 -0.903239 -0.126459   1.39054
        0         0         0         1

 0.114095 -0.186153  0.975874  0.298185
-0.904474  0.386896  0.179549  0.277442
-0.410985 -0.903138 -0.124228   1.38749
        0         0         0         1

 0.123316 -0.187636  0.974467  0.301215
-0.900876  0.390661  0.189226  0.278843
-0.416192 -0.901208 -0.120862   1.37949
        0         0         0         1

 0.125378 -0.188036  0.974127  0.302081
-0.899968  0.391674  0.191439  0.279144
-0.417537 -0.900685 -0.120119   1.37738
        0         0         0         1

 0.129639 -0.188637  0.973453  0.303584
-0.898284  0.393355  0.195853  0.279828
-0.419857 -0.899827 -0.118456   1.37357
        0         0         0         1

 0.130633 -0.189904  0.973073  0.304613
-0.897884  0.393525  0.197339  0.280598
-0.420404 -0.899486 -0.119105   1.37202
        0         0         0         1

 0.133493 -0.191043  0.972462  0.306316
-0.896769  0.394424  0.200588  0.282013
-0.421883 -0.898851 -0.118669   1.36872
        0         0         0         1

 0.135524 -0.192217   0.97195  0.306789
  -0.8961  0.394707  0.203007  0.282099
-0.422657 -0.898476 -0.118753   1.36716
        0         0         0         1

  0.13845 -0.196386  0.970703  0.309814
-0.893862  0.397247  0.207859  0.284712
 -0.42643 -0.896452 -0.120543    1.3635
        0         0         0         1

 0.139171 -0.196884  0.970499   0.31025
-0.893654  0.397253  0.208742  0.285422
-0.426632 -0.896341  -0.12066   1.36199
        0         0         0         1

 0.142198 -0.199232  0.969581  0.310538
 -0.89197   0.39889  0.212781   0.28607
-0.429149 -0.895094 -0.120987   1.36014
        0         0         0         1

  0.14295 -0.198303   0.96966  0.311264
-0.891524   0.39968  0.213169  0.287117
-0.429826 -0.894948 -0.119658   1.35892
        0         0         0         1

 0.148437 -0.197213  0.969058  0.311954
-0.889825  0.400918  0.217891   0.28886
-0.431484 -0.894635 -0.115974   1.35488
        0         0         0         1

 0.149476 -0.196781  0.968986  0.312338
-0.889316  0.401585   0.21874  0.289827
-0.432174 -0.894431 -0.114973   1.35433
        0         0         0         1

 0.153177 -0.191544  0.969458  0.312448
 -0.88908  0.401524  0.219809   0.29105
-0.431363 -0.895595 -0.108793   1.35123
        0         0         0         1

   0.1527 -0.193782  0.969088  0.312595
-0.888918  0.401576  0.220368  0.291522
-0.431866 -0.895089 -0.110935   1.35223
        0         0         0         1

  0.15372 -0.195494  0.968583  0.312806
-0.889142  0.400236  0.221894  0.292394
-0.431041 -0.895317 -0.112298   1.35174
        0         0         0         1

 0.154126 -0.196733  0.968267  0.312986
-0.889228  0.399579  0.222732  0.293098
-0.430718 -0.895339 -0.113355   1.35087
        0         0         0         1

 0.155249  -0.20909  0.965494   0.31229
-0.888006  0.398681  0.229128  0.293378
-0.432832 -0.892936 -0.123778   1.35212
        0         0         0         1

 0.155967 -0.208298   0.96555   0.31292
-0.888454   0.39759  0.229285  0.294305
-0.431652 -0.893608 -0.123052   1.35169
        0         0         0         1

 0.156351 -0.211619  0.964765  0.313292
-0.888893  0.395698  0.230851  0.295136
-0.430608 -0.893667 -0.126239    1.3522
        0         0         0         1

   0.1565 -0.215982  0.963774  0.313577
-0.888842   0.39468  0.232781  0.295584
-0.430659 -0.893073 -0.130207   1.35301
        0         0         0         1

 0.158266 -0.233515  0.959387  0.314863
-0.887739  0.391733  0.241795   0.29736
-0.432286 -0.889953 -0.145303   1.35606
        0         0         0         1

 0.160876 -0.240729  0.957167  0.314792
-0.886405  0.391262  0.247386  0.297096
-0.434056 -0.888236 -0.150439   1.35724
        0         0         0         1

 0.161428 -0.254563  0.953488  0.315349
-0.884379  0.391454  0.254238  0.297787
-0.437966 -0.884286 -0.161939     1.361
        0         0         0         1

 0.162511   -0.2629  0.951038  0.315488
-0.883353  0.390685  0.258944  0.297736
-0.439633 -0.882184 -0.168743   1.36285
        0         0         0         1

 0.163243 -0.278566  0.946442  0.316453
-0.882004  0.388637  0.266516   0.29905
-0.442064 -0.878273 -0.182254    1.3655
        0         0         0         1

 0.161631 -0.288943  0.943603  0.317174
-0.880486  0.389591  0.270117  0.299826
-0.445668 -0.874489  -0.19144   1.36831
        0         0         0         1

 0.157199 -0.327666  0.931624  0.318201
-0.875776  0.389718  0.284845  0.301294
-0.456404 -0.860671 -0.225699   1.37659
        0         0         0         1

 0.154889 -0.336185  0.928972  0.318938
-0.874602  0.390633   0.28719  0.303099
-0.459436 -0.856963 -0.233523   1.37873
        0         0         0         1

 0.153967 -0.349254  0.924292   0.31868
-0.871828  0.392197  0.293424  0.304368
-0.464984 -0.851001 -0.244104   1.38338
        0         0         0         1

 0.155116 -0.348512   0.92438  0.318496
-0.871074  0.393142  0.294395  0.305636
-0.466013 -0.850869 -0.242597   1.38466
        0         0         0         1

 0.162542 -0.331271   0.92943  0.316006
-0.870012  0.396241  0.293381  0.308839
-0.465467 -0.856301 -0.223804   1.38774
        0         0         0         1

 0.163253 -0.325901  0.931202  0.315359
 -0.87074  0.396174  0.291306    0.3103
-0.463854 -0.858391 -0.219098   1.38879
        0         0         0         1

 0.161976 -0.317857  0.934201  0.314827
-0.871555  0.397886  0.286493  0.314023
-0.462769 -0.860613 -0.212582   1.39323
        0         0         0         1

 0.161905  -0.31767  0.934277  0.314041
-0.871617  0.397869  0.286328  0.314431
-0.462678 -0.860689  -0.21247   1.39603
        0         0         0         1

 0.160577 -0.316872  0.934777  0.312712
-0.872353  0.397498  0.284598  0.316469
-0.461752 -0.861155 -0.212595   1.40056
        0         0         0         1

 0.158804 -0.317522  0.934859  0.312543
-0.872839  0.397398  0.283244  0.318396
-0.461447 -0.860962 -0.214037   1.40324
        0         0         0         1

 0.151347 -0.324141  0.933824  0.311969
-0.873952  0.397514  0.279625  0.324278
-0.461846 -0.858437 -0.223121   1.41302
        0         0         0         1

 0.149927 -0.326326  0.933292  0.311637
-0.874023  0.397517  0.279398  0.326305
-0.462174 -0.857608 -0.225618   1.41595
        0         0         0         1

 0.149886 -0.328284  0.932611  0.309174
-0.873955  0.397079  0.280233  0.328608
-0.462317 -0.857063 -0.227389   1.42122
        0         0         0         1

 0.150286 -0.325536   0.93351  0.308856
-0.874543  0.396588  0.279092  0.330933
-0.461073 -0.858338 -0.225093   1.42339
        0         0         0         1

 0.150885 -0.313327  0.937582  0.308619
-0.877953   0.39344  0.272771  0.339491
-0.454349  -0.86431 -0.215722   1.43114
        0         0         0         1

 0.149551 -0.313859  0.937618  0.308186
-0.879032  0.391966  0.271414  0.341098
  -0.4527 -0.864786 -0.217273   1.43474
        0         0         0         1

 0.145528 -0.319349  0.936396  0.307501
-0.881111  0.388623  0.269472  0.344658
 -0.44996 -0.864285 -0.224826   1.44311
        0         0         0         1

 0.143996 -0.322908  0.935412  0.307183
-0.881679  0.387354  0.269441  0.346781
 -0.44934 -0.863532 -0.228924   1.44695
        0         0         0         1

 0.141724 -0.328603  0.933774  0.307468
 -0.88309  0.384258  0.269254  0.351964
-0.447288 -0.862766 -0.235727   1.45336
        0         0         0         1

 0.141216 -0.329743   0.93345  0.306874
-0.883591  0.383245  0.269055  0.354198
-0.446459 -0.862782 -0.237237   1.45711
        0         0         0         1

 0.140503 -0.332288  0.932654  0.305753
-0.885971  0.378284  0.268246  0.362282
-0.441943 -0.863994 -0.241247   1.47008
        0         0         0         1

 0.140865 -0.332799  0.932417  0.305189
 -0.88689  0.376133  0.268236  0.364397
-0.439982 -0.864736 -0.242172   1.47393
        0         0         0         1

  0.13906  -0.33297  0.932627  0.305414
-0.889765  0.371415  0.265273  0.370953
 -0.43472 -0.866707 -0.244616   1.48242
        0         0         0         1

 0.140687  -0.33277  0.932454  0.303729
 -0.89061  0.368854  0.266009  0.372151
-0.432459 -0.867877 -0.244475    1.4863
        0         0         0         1

 0.143455  -0.32904  0.933356  0.302134
-0.895038  0.359292  0.264229  0.381915
-0.422289 -0.873294 -0.242961   1.50006
        0         0         0         1

 0.143608 -0.328165  0.933641  0.301952
-0.896282  0.356866  0.263296  0.385221
-0.419589 -0.874617  -0.24288   1.50498
        0         0         0         1

 0.146209 -0.326532  0.933809  0.300519
-0.899296   0.34943  0.262993   0.39087
-0.412177 -0.878223 -0.242559   1.51338
        0         0         0         1

 0.147138 -0.325903  0.933883   0.30016
-0.900859  0.345699  0.262575  0.394017
-0.408417 -0.879932 -0.242727     1.518
        0         0         0         1

 0.147992 -0.326584   0.93351  0.299434
-0.904184  0.337741    0.2615  0.400285
-0.400687 -0.882765  -0.24531   1.52853
        0         0         0         1

 0.148285 -0.326938   0.93334  0.299468
 -0.90589  0.333681  0.260808  0.404216
-0.396706 -0.884177 -0.246689   1.53288
        0         0         0         1

 0.153639 -0.328096  0.932066   0.29809
-0.911607  0.316898  0.261818   0.41673
-0.381272 -0.889903 -0.250407   1.54896
        0         0         0         1

 0.155764 -0.329104  0.931358  0.297603
-0.913078  0.311752  0.262868  0.420416
-0.376864 -0.891348 -0.251938   1.55383
        0         0         0         1

 0.157345 -0.335061  0.928966   0.29772
-0.915547  0.303101  0.264395  0.428579
-0.370158 -0.892112 -0.259073   1.56588
        0         0         0         1

 0.157909 -0.338733  0.927537  0.297975
-0.917145  0.297788  0.264891  0.432705
-0.365936 -0.892515 -0.263644   1.57161
        0         0         0         1

 0.166462 -0.346951  0.922992  0.295858
-0.921782  0.277646   0.27061  0.446388
-0.350154 -0.895844 -0.273596   1.59101
        0         0         0         1

 0.167232 -0.349632  0.921841  0.296303
-0.923311  0.272341  0.270791  0.451545
-0.345733 -0.896431 -0.277275    1.5969
        0         0         0         1

  0.16943 -0.354125  0.919722   0.29597
-0.926771  0.260196  0.270913  0.461946
-0.335245 -0.898273 -0.284108   1.60846
        0         0         0         1

 0.172302 -0.357551  0.917861  0.295293
-0.928021   0.25351  0.272964  0.466153
-0.330286 -0.898827 -0.288135   1.61451
        0         0         0         1

 0.175246 -0.363833   0.91483  0.295339
-0.931116  0.240641   0.27407   0.47667
-0.319862 -0.899843   -0.2966   1.62692
        0         0         0         1

 0.175764 -0.365949  0.913886  0.296029
 -0.93309  0.233957  0.273142  0.483194
-0.313766 -0.900747 -0.300342   1.63231
        0         0         0         1

  0.18468 -0.373135   0.90921  0.295561
 -0.93799  0.209238  0.276396  0.502984
-0.293375 -0.903875 -0.311354    1.6542
        0         0         0         1

 0.185837 -0.375487  0.908006  0.295983
-0.939677  0.202172  0.275923  0.509394
-0.287179 -0.904509 -0.315265   1.66084
        0         0         0         1

 0.191998 -0.378495  0.905471  0.295526
-0.943005  0.184381   0.27703  0.522345
-0.271806 -0.907053 -0.321522   1.67235
        0         0         0         1

 0.196051 -0.380479   0.90377  0.295372
 -0.94407  0.175961  0.278871  0.528649
-0.265133 -0.907895 -0.324702   1.67869
        0         0         0         1

 0.208809  -0.38939  0.897092  0.295254
-0.947327  0.147242  0.284413  0.551195
-0.242837 -0.909228 -0.338134   1.70333
        0         0         0         1

 0.213058 -0.390902  0.895434  0.295309
-0.948957  0.135359  0.284884  0.559104
-0.232567 -0.910425 -0.342109   1.70826
        0         0         0         1

 0.221686 -0.396427  0.890899   0.29578
-0.951001  0.114041  0.287387  0.574712
-0.215527 -0.910955 -0.351722   1.72095
        0         0         0         1

 0.226619 -0.399655  0.888212  0.295936
 -0.95184  0.102478  0.288963   0.58269
-0.206507  -0.91092 -0.357184   1.72732
        0         0         0         1

  0.23472 -0.407326  0.882605  0.297853
-0.953688 0.0792105  0.290179  0.600653
-0.188109 -0.909841  -0.36987   1.74059
        0         0         0         1

 0.239889 -0.412711  0.878705  0.298786
-0.954002 0.0674339  0.292118   0.60935
-0.179815 -0.908362 -0.377551   1.74715
        0         0         0         1

 0.256104 -0.425692  0.867869  0.303346
 -0.95538 0.0252239    0.2943  0.643275
-0.147172 -0.904517 -0.400237   1.76886
        0         0         0         1

 0.260159 -0.430099  0.864483   0.30538
-0.955391 0.0149659  0.294963  0.653707
-0.139801 -0.902658  -0.40702   1.77577
        0         0         0         1

   0.273881   -0.433943    0.858302    0.304182
   -0.95394 -0.00896829    0.299865    0.672352
  -0.122427   -0.900896   -0.416411     1.78946
          0           0           0           1

  0.277341  -0.433635   0.857346   0.306019
 -0.954258 -0.0205977   0.298273   0.684263
 -0.111682  -0.900853  -0.419512    1.79356
         0          0          0          1

  0.287084  -0.429633   0.856153    0.31112
  -0.95464 -0.0545887   0.292715   0.726222
-0.0790238  -0.901352  -0.425816    1.80927
         0          0          0          1

  0.286103  -0.429472   0.856562    0.31274
 -0.955314 -0.0585372   0.289737   0.738612
-0.0742934  -0.901181  -0.427029     1.8161
         0          0          0          1

  0.288107  -0.422518   0.859345   0.312733
  -0.95549 -0.0673305   0.287236   0.760742
-0.0635021   -0.90385   -0.42311    1.82892
         0          0          0          1

  0.289356  -0.415647   0.862271   0.310111
 -0.955459 -0.0707821   0.286508   0.770434
-0.0580529  -0.906768  -0.417615    1.83285
         0          0          0          1

  0.281961  -0.406051   0.869265   0.312941
 -0.958218 -0.0737407   0.276369    0.79559
-0.0481196  -0.910871  -0.409877      1.843
         0          0          0          1

 0.273071 -0.400622  0.874605  0.315075
-0.961094 -0.074295  0.266043  0.808998
-0.0416036 -0.913226 -0.405323   1.84662
        0         0         0         1

  0.233707  -0.371014   0.898738   0.318198
 -0.972304 -0.0870977   0.216882    0.85713
-0.00218839  -0.924534  -0.381094    1.85589
         0          0          0          1

  0.214523  -0.359018   0.908343   0.322855
 -0.976567 -0.0952251   0.192998   0.873851
 0.0172073   -0.92846  -0.371033    1.85865
         0          0          0          1

 0.198658 -0.339759  0.919293  0.322961
-0.977469 -0.136959  0.160611  0.901521
0.0713364 -0.930487 -0.359312   1.86401
        0         0         0         1

 0.198806 -0.327143  0.923826  0.321372
-0.975452 -0.157146  0.154267  0.912504
 0.094708 -0.931817 -0.350354   1.86987
        0         0         0         1

 0.180697  -0.28289  0.941978  0.326061
-0.964081  -0.24051  0.112708   0.96193
 0.194671 -0.928509 -0.316188   1.87573
        0         0         0         1

 0.174752 -0.272884  0.946042  0.327777
-0.959845 -0.261365  0.101912  0.975745
 0.219452 -0.925863 -0.307601   1.87684
        0         0         0         1

 0.170564 -0.250792  0.952896  0.327698
-0.947297 -0.307879 0.0885311   1.00695
 0.271174 -0.917776 -0.290088   1.87463
        0         0         0         1

 0.175408 -0.248276  0.952676  0.328403
-0.942664 -0.321437 0.0897953   1.01833
 0.283932 -0.913804 -0.290423   1.87745
        0         0         0         1

 0.180903 -0.255514   0.94973  0.334377
-0.936016 -0.341162 0.0865053   1.04606
 0.301908 -0.904611 -0.300883   1.88342
        0         0         0         1

 0.185687 -0.260466  0.947459  0.334613
-0.932511 -0.350665 0.0863564   1.05948
 0.309747 -0.899551 -0.308001   1.88344
        0         0         0         1

 0.194418 -0.292071  0.936428  0.341835
-0.920851 -0.383276 0.0716406   1.10873
 0.337986 -0.876239 -0.343469   1.88281
        0         0         0         1

 0.195513 -0.301436  0.933226  0.343586
-0.919061  -0.38836 0.0671032   1.12062
 0.342201 -0.870811 -0.352968   1.88872
        0         0         0         1

 0.205378 -0.313548  0.927096  0.341056
 -0.90992 -0.409985 0.0629136   1.14475
 0.360369 -0.856504 -0.369506   1.89143
        0         0         0         1

 0.200523 -0.317447  0.926832  0.346034
-0.903513 -0.425671 0.0496829   1.16251
 0.378753 -0.847368 -0.372174   1.88531
        0         0         0         1

