 0.808415 -0.574526 -0.128005  0.830028
-0.577279 -0.816344 0.0182017   1.05145
-0.114953 0.0591799 -0.991607    2.1244
        0         0         0         1

  0.80839 -0.572665 -0.136236  0.836985
-0.576184 -0.817163 0.0160013   1.04443
 -0.12049 0.0655615 -0.990547   2.11924
        0         0         0         1

 0.819202 -0.555557 -0.142353  0.835196
-0.558359 -0.829275 0.0231828   1.02246
-0.130929 0.0604926 -0.989544   2.12138
        0         0         0         1

 0.819148 -0.554388 -0.147142  0.841798
 -0.55778 -0.829724 0.0209628   1.01633
-0.133709 0.0649014 -0.988893   2.11624
        0         0         0         1

  0.81984 -0.550054  -0.15907  0.856164
-0.554723 -0.831852 0.0174754   1.00282
-0.141935 0.0739129 -0.987113   2.10766
        0         0         0         1

 0.820101 -0.547893 -0.165068  0.863618
-0.553077 -0.832958 0.0169185  0.994576
-0.146764 0.0774204 -0.986137   2.10308
        0         0         0         1

 0.824409 -0.533963 -0.187705  0.882232
-0.541179 -0.840776 0.0148665  0.965602
-0.165756 0.0893258 -0.982113   2.09072
        0         0         0         1

 0.824948 -0.530206 -0.195813  0.887225
-0.537727 -0.842946 0.0170488  0.956063
-0.174099 0.0912297 -0.980493   2.09042
        0         0         0         1

 0.826248 -0.523265 -0.208587  0.899271
-0.532495 -0.846321 0.0137946  0.940318
 -0.18375 0.0996738 -0.977906   2.08053
        0         0         0         1

 0.827764 -0.518969 -0.213257  0.903347
-0.528013 -0.849071 0.0167483  0.930983
-0.189762 0.0987385 -0.976853   2.07849
        0         0         0         1

 0.830606 -0.504718 -0.235274  0.919548
-0.515593 -0.856655 0.0174909  0.900905
-0.210376  0.106777 -0.971772   2.06733
        0         0         0         1

 0.833145 -0.499667 -0.237072  0.921416
-0.511034 -0.859422 0.0154371  0.892596
-0.211458   0.10829  -0.97137   2.06253
        0         0         0         1

 0.832547 -0.494572 -0.249527    0.9325
-0.508331 -0.861096 0.0106764  0.876336
-0.220147  0.117954 -0.968309   2.05242
        0         0         0         1

  0.829516  -0.495628  -0.257402   0.941047
 -0.510834  -0.859632 0.00898417    0.86944
 -0.225724   0.124037  -0.966263    2.04739
         0          0          0          1

  0.828628  -0.490353  -0.270055   0.950753
 -0.506916  -0.861942 0.00966961    0.85233
 -0.237513   0.128883  -0.962796    2.04002
         0          0          0          1

  0.830182  -0.484327  -0.276088   0.952774
 -0.502217  -0.864715 0.00678522   0.843922
 -0.242024   0.133023  -0.961108    2.03476
         0          0          0          1

    0.827119    -0.476662    -0.297771     0.971465
   -0.499548    -0.866286 -0.000873182      0.81688
   -0.257538     0.149473    -0.954637      2.01418
           0            0            0            1

   0.827157   -0.473814   -0.302179    0.976037
  -0.496792   -0.867869 0.000936949    0.808404
  -0.262696    0.149345   -0.953251     2.01066
          0           0           0           1

    0.826532    -0.470424    -0.309106     0.986099
    -0.49468    -0.869075 -0.000114263     0.793683
   -0.268583     0.153003    -0.951028      1.99733
           0            0            0            1

   0.827542   -0.466524   -0.312296    0.988282
  -0.491141    -0.87108 -0.00019253     0.78643
  -0.271945    0.153541   -0.949985     1.99079
          0           0           0           1

   0.827182   -0.458143   -0.325384     1.00185
  -0.484228   -0.874941 0.000934897    0.759789
  -0.285121    0.156787   -0.945581     1.96818
          0           0           0           1

  0.826615  -0.455573  -0.330394    1.00616
 -0.481599  -0.876385 0.00351106   0.752277
 -0.291152   0.156215  -0.943837    1.96278
         0          0          0          1

  0.822806  -0.454163  -0.341654    1.01659
 -0.481651  -0.876349 0.00497565   0.738794
 -0.301667   0.160464  -0.939813     1.9476
         0          0          0          1

  0.821906  -0.452726  -0.345702    1.02073
 -0.480692  -0.876872 0.00549435   0.732302
 -0.305623    0.16166  -0.938328    1.94022
         0          0          0          1

  0.819619    -0.4501  -0.354448    1.02984
 -0.479182  -0.877691 0.00649574   0.719227
  -0.31402   0.164521  -0.935053    1.92407
         0          0          0          1

  0.818211  -0.448647  -0.359509    1.03408
 -0.478267  -0.878183 0.00743001   0.712779
 -0.319049   0.165862  -0.933112    1.91666
         0          0          0          1

 0.810708 -0.446496 -0.378673   1.05044
-0.478215 -0.878166 0.0116322  0.692177
-0.337732  0.171657 -0.925457   1.88803
        0         0         0         1

 0.809914 -0.445076  -0.38203   1.05424
-0.476807  -0.87891 0.0131135  0.686529
-0.341606  0.171533 -0.924057   1.87981
        0         0         0         1

 0.808381 -0.441231 -0.389661   1.06063
-0.473715 -0.880562 0.0143454  0.675733
 -0.34945  0.172991 -0.920847   1.86211
        0         0         0         1

 0.807478 -0.439865 -0.393062   1.06445
 -0.47228 -0.881303 0.0160254   0.67052
-0.353456  0.172695 -0.919372   1.85333
        0         0         0         1

 0.801415 -0.437414 -0.407924   1.07861
-0.470259  -0.88225 0.0221522  0.653805
-0.369581  0.174077 -0.912747   1.82032
        0         0         0         1

 0.799585 -0.436946 -0.411999   1.08262
-0.469764  -0.88246 0.0242008  0.649678
-0.374147  0.174192 -0.910863   1.81114
        0         0         0         1

 0.796656 -0.434551 -0.420124   1.08947
-0.467504 -0.883566 0.0274072  0.641328
-0.383118  0.174576 -0.907053   1.79258
        0         0         0         1

 0.795687 -0.433205 -0.423338   1.09213
-0.465316 -0.884614  0.030646  0.637085
-0.387767  0.172601 -0.905453   1.78422
        0         0         0         1

 0.791834 -0.431884 -0.431827   1.09919
-0.463011 -0.885592 0.0366938  0.629136
-0.398271  0.170886  -0.90121    1.7667
        0         0         0         1

  0.78857 -0.432139 -0.437508   1.10373
-0.463979 -0.885036 0.0378937  0.626171
-0.403586  0.173113 -0.898415   1.75746
        0         0         0         1

  0.78432 -0.428037 -0.449028   1.11449
 -0.45948 -0.887142 0.0430933  0.616025
-0.416797  0.172521 -0.892478   1.72457
        0         0         0         1

  0.78375 -0.426637  -0.45135    1.1173
-0.457317 -0.888144 0.0454043  0.613502
-0.420235  0.170825 -0.891191   1.71585
        0         0         0         1

 0.781082 -0.425134 -0.457353    1.1233
-0.454232 -0.889422 0.0510125   0.60878
-0.428467  0.167899 -0.887821   1.69811
        0         0         0         1

 0.780091 -0.423849 -0.460229   1.12596
 -0.45254 -0.890182 0.0527582  0.606816
-0.432049  0.167116 -0.886231   1.68896
        0         0         0         1

 0.779161 -0.421164 -0.464252   1.13072
-0.448585 -0.891964 0.0563131  0.603068
-0.437813  0.164379 -0.883911   1.67128
        0         0         0         1

 0.778061 -0.420644 -0.466561   1.13334
-0.447147 -0.892513 0.0589897  0.601406
-0.441225  0.162724  -0.88252   1.66306
        0         0         0         1

 0.773966 -0.419032 -0.474751    1.1422
 -0.44293 -0.894047 0.0670271    0.5963
-0.452537  0.158405 -0.877564   1.63534
        0         0         0         1

 0.771686 -0.419893 -0.477694   1.14504
-0.443352 -0.893663 0.0693217  0.595278
-0.456005  0.158292 -0.875787   1.62761
        0         0         0         1

 0.769649 -0.419399 -0.481399   1.14935
-0.441506 -0.894266 0.0732228  0.593324
-0.461209  0.156185 -0.873437   1.61273
        0         0         0         1

 0.769933 -0.417917 -0.482233   1.15051
-0.440146 -0.894965 0.0728659  0.592614
-0.462034  0.156151 -0.873007   1.60517
        0         0         0         1

 0.768256 -0.417838 -0.484968   1.15752
-0.435982 -0.896254 0.0815381  0.589959
-0.468724  0.148795 -0.870722   1.58142
        0         0         0         1

 0.768887 -0.417548 -0.484217   1.15899
-0.434023 -0.896952 0.0842704  0.589433
-0.469506  0.145367  -0.87088   1.57562
        0         0         0         1

 0.770024 -0.416906 -0.482961   1.16216
-0.430867 -0.898086 0.0882872  0.588495
-0.470548  0.140109 -0.871179   1.56328
        0         0         0         1

 0.770758 -0.416422 -0.482207   1.16372
-0.429264 -0.898689 0.0899518   0.58816
-0.470812  0.137663 -0.871427   1.55774
        0         0         0         1

 0.772176 -0.415457  -0.48077   1.16707
-0.425622 -0.899992 0.0941269  0.587535
-0.471795  0.131944  -0.87178   1.54711
        0         0         0         1

 0.773523 -0.414445 -0.479476    1.1681
-0.423441 -0.900869 0.0955617  0.587236
-0.471551  0.129111 -0.872336   1.54223
        0         0         0         1

 0.778775  -0.41078 -0.474097   1.17182
-0.416318 -0.903789  0.099221  0.587042
-0.469242  0.120104 -0.874864   1.52629
        0         0         0         1

  0.78024 -0.409316 -0.472954   1.17284
-0.414524 -0.904631 0.0990611     0.587
-0.468396   0.11876 -0.875501   1.52192
        0         0         0         1

 0.782396 -0.407884 -0.470624   1.17556
 -0.41207 -0.905662 0.0998747   0.58719
-0.466963  0.115788 -0.876663   1.51405
        0         0         0         1

 0.784213 -0.405661 -0.469521   1.17615
-0.409743 -0.906802 0.0990974  0.587346
-0.465963   0.11467 -0.877342    1.5104
        0         0         0         1

 0.789339 -0.400831 -0.465058   1.17985
-0.403395  -0.90962 0.0993187  0.587897
-0.462836  0.109206 -0.879692   1.49913
        0         0         0         1

 0.790824 -0.399052 -0.464064   1.18038
 -0.40186 -0.910435  0.098067  0.588312
-0.461634  0.108935 -0.880357    1.4956
        0         0         0         1

 0.794506 -0.394695 -0.461494   1.18115
-0.397118 -0.912641 0.0968645  0.588746
 -0.45941  0.106308 -0.881839   1.48999
        0         0         0         1

 0.795475 -0.393201   -0.4611   1.18194
-0.395067 -0.913474 0.0974052  0.588905
-0.459502  0.104682 -0.881986   1.48764
        0         0         0         1

 0.797668 -0.389482 -0.460467   1.18263
-0.392057 -0.915041 0.0948199  0.589662
-0.458277  0.104894 -0.882598   1.48131
        0         0         0         1

 0.798201 -0.388195 -0.460631   1.18315
 -0.39071 -0.915639 0.0946116    0.5899
-0.458499  0.104454 -0.882535   1.47862
        0         0         0         1

  0.80026 -0.382622 -0.461719   1.18466
-0.385277 -0.918098 0.0930491   0.59126
-0.459506  0.103426 -0.882132   1.46991
        0         0         0         1

 0.800664 -0.381674 -0.461803     1.185
-0.384247 -0.918538 0.0929603  0.591704
-0.459664  0.103017 -0.882098   1.46733
        0         0         0         1

 0.802493 -0.377322 -0.462205   1.18478
-0.379758  -0.92049 0.0920979  0.592549
-0.460205  0.101618 -0.881978   1.46219
        0         0         0         1

 0.801926 -0.376689 -0.463702    1.1853
 -0.37921 -0.920712  0.092136  0.593225
-0.461642  0.101954 -0.881188   1.45952
        0         0         0         1

 0.801615 -0.372977 -0.467228   1.18518
-0.374079 -0.922554 0.0946513  0.595111
-0.466345  0.098906 -0.879056   1.45101
        0         0         0         1

 0.801131 -0.372009 -0.468827    1.1851
-0.372778 -0.923004 0.0953904  0.595741
-0.468216 0.0983483 -0.878124   1.44846
        0         0         0         1

 0.799979 -0.367818 -0.474071   1.18387
-0.369035 -0.924586 0.0946242   0.59714
-0.473124 0.0992515 -0.875387     1.443
        0         0         0         1

    0.798 -0.367393 -0.477722   1.18375
-0.369096 -0.924575 0.0944965  0.597658
-0.476407  0.100917 -0.873414   1.44057
        0         0         0         1

 0.794598 -0.376423 -0.476361   1.18257
-0.374262 -0.921487  0.103871  0.598172
 -0.47806  0.095748 -0.873093   1.43429
        0         0         0         1

  0.79467  -0.37961 -0.473704   1.18167
-0.376238 -0.920393  0.106407  0.598304
-0.476386 0.0936667 -0.874233   1.43293
        0         0         0         1

  0.79458 -0.385789 -0.468838   1.18041
-0.380439 -0.918151   0.11075  0.598601
 -0.47319 0.0903645 -0.876314   1.42988
        0         0         0         1

 0.794427 -0.387275 -0.467871   1.17957
 -0.38095 -0.917693  0.112772  0.598726
-0.473036 0.0886466 -0.876572   1.42929
        0         0         0         1

 0.793963 -0.388888 -0.467322   1.17765
 -0.38152 -0.917173  0.115049  0.599096
-0.473356 0.0869485  -0.87657   1.42698
        0         0         0         1

 0.793045 -0.389721 -0.468185   1.17747
-0.382556 -0.916735  0.115097  0.599281
-0.474058 0.0878296 -0.876102   1.42541
        0         0         0         1

 0.789961 -0.390876 -0.472417   1.17503
-0.384057  -0.91603  0.115711  0.599597
-0.477976 0.0900279 -0.873747   1.42175
        0         0         0         1

 0.789215 -0.390875 -0.473663   1.17404
-0.384477 -0.915916  0.115217  0.599674
-0.478871 0.0911819 -0.873137   1.42055
        0         0         0         1

 0.786892 -0.392096  -0.47651   1.17357
-0.386601 -0.915103  0.114574  0.599677
-0.480979 0.0940617 -0.871672   1.41838
        0         0         0         1

 0.785407 -0.392646 -0.478502   1.17278
-0.387401 -0.914743  0.114738  0.599639
-0.482758 0.0952563 -0.870558   1.41787
        0         0         0         1

 0.779325 -0.396334 -0.485358   1.17121
-0.392493 -0.912544  0.114951   0.59951
-0.488469  0.100915 -0.866726   1.41508
        0         0         0         1

 0.776454 -0.399111 -0.487677   1.17178
 -0.39556 -0.911104   0.11585  0.599358
-0.490561  0.102954 -0.865303   1.41434
        0         0         0         1

 0.771337 -0.402123 -0.493292   1.17205
-0.399808 -0.909226  0.116024  0.599053
 -0.49517  0.107728 -0.862091   1.41329
        0         0         0         1

 0.768235 -0.403231 -0.497212   1.17205
-0.402055 -0.908312  0.115417  0.598882
-0.498163  0.111239 -0.859918   1.41292
        0         0         0         1

 0.762181 -0.403624 -0.506129   1.17158
-0.405359 -0.907147  0.112994   0.59881
-0.504741  0.119042 -0.855024   1.41246
        0         0         0         1

 0.758413 -0.404743 -0.510875   1.17161
-0.408201 -0.906019  0.111808  0.598774
-0.508117  0.123743 -0.852353   1.41207
        0         0         0         1

 0.745505 -0.408509 -0.526634   1.17245
-0.419526 -0.901594  0.105482  0.598748
  -0.5179  0.142299 -0.843523   1.40973
        0         0         0         1

 0.743601 -0.408517 -0.529313    1.1723
 -0.42062 -0.901185  0.104619  0.598866
-0.519747  0.144844 -0.841952   1.40983
        0         0         0         1

 0.737645 -0.411234 -0.535506   1.17322
-0.424983 -0.899087  0.105038  0.598719
-0.524661    0.1501 -0.837974   1.41026
        0         0         0         1

 0.735987 -0.410119 -0.538633   1.17283
-0.425615 -0.899027  0.102966  0.598773
-0.526474  0.153469 -0.836225   1.41019
        0         0         0         1

 0.730658 -0.410457 -0.545586   1.17278
-0.429405 -0.897539  0.100172   0.59883
-0.530801  0.161086 -0.832047   1.40994
        0         0         0         1

 0.728202 -0.410463 -0.548855   1.17273
-0.431648 -0.896712 0.0979145  0.598948
-0.532356  0.165611 -0.830163   1.40953
        0         0         0         1

  0.71764 -0.411856 -0.561576   1.17386
-0.440248 -0.893109 0.0924054  0.599144
-0.539606  0.180919 -0.822249   1.40927
        0         0         0         1

  0.71465 -0.411838 -0.565389   1.17405
-0.441839  -0.89241 0.0915616  0.599108
-0.542267  0.184377 -0.819727   1.40961
        0         0         0         1

 0.708991 -0.412785 -0.571787   1.17443
 -0.44652 -0.890328 0.0890801  0.599238
-0.545849  0.192157 -0.815552   1.41017
        0         0         0         1

 0.705654 -0.414054 -0.574988   1.17485
-0.449845 -0.888767 0.0879368  0.599315
-0.547441  0.196603 -0.813422   1.41029
        0         0         0         1

 0.696384 -0.416578  -0.58439   1.17578
-0.459619 -0.884263 0.0826391  0.599659
 -0.55118  0.211048 -0.807254   1.41101
        0         0         0         1

 0.694092  -0.41727  -0.58662   1.17643
-0.462507 -0.882927 0.0807951   0.59992
-0.551655  0.215237 -0.805822   1.41176
        0         0         0         1

 0.689284 -0.417215   -0.5923   1.17759
-0.467858 -0.880548 0.0757911    0.6005
-0.553169  0.224871 -0.802145   1.41373
        0         0         0         1

 0.686686 -0.417737 -0.594944   1.17827
-0.471274 -0.878944  0.073201  0.600879
-0.553501  0.230115 -0.800427   1.41504
        0         0         0         1

 0.681924 -0.418211 -0.600066   1.17909
-0.478069 -0.875758 0.0670675  0.601929
-0.553561  0.241138 -0.797134   1.41778
        0         0         0         1

  0.67922 -0.419399 -0.602299   1.17975
-0.482092 -0.873726 0.0647398  0.602419
-0.553396  0.246391 -0.795641   1.41908
        0         0         0         1

 0.668283 -0.426494 -0.609509   1.18198
-0.498652 -0.864831 0.0584155  0.604974
-0.552036  0.264895 -0.790624   1.42455
        0         0         0         1

 0.666015 -0.428685 -0.610453   1.18191
-0.502327 -0.862743 0.0578061   0.60572
-0.551445  0.268147  -0.78994   1.42648
        0         0         0         1

  0.66121 -0.435783 -0.610651   1.18293
-0.512647 -0.856751  0.056317  0.607984
-0.547717  0.275811 -0.789895   1.43009
        0         0         0         1

 0.660354 -0.439743 -0.608735   1.18319
-0.517201 -0.854037 0.0558877  0.609088
-0.544459  0.277933 -0.791403   1.43232
        0         0         0         1

 0.662682 -0.452283 -0.596903   1.18233
-0.528973 -0.846891 0.0544357  0.613806
-0.530132  0.279672 -0.800464   1.44113
        0         0         0         1

 0.664554  -0.45647 -0.591611   1.18191
-0.531645 -0.845185 0.0549261  0.615323
-0.525093  0.278025 -0.804351   1.44405
        0         0         0         1

 0.669022 -0.464854 -0.579931   1.18028
-0.535481 -0.842578 0.0576402  0.618353
-0.515432   0.27198 -0.812624   1.45162
        0         0         0         1

 0.672233 -0.468481 -0.573261    1.1789
-0.537105 -0.841527 0.0578797  0.620048
 -0.50953  0.268993 -0.817326    1.4546
        0         0         0         1

 0.678891 -0.476418 -0.558688   1.17584
-0.539473 -0.839819 0.0606081  0.623551
-0.498072  0.260251  -0.82716   1.46196
        0         0         0         1

 0.682357 -0.480736  -0.55071   1.17451
-0.540972  -0.83876  0.061895  0.625532
-0.491669  0.255684 -0.832398   1.46565
        0         0         0         1

  0.69451 -0.494935 -0.522202   1.16867
-0.544487 -0.835993 0.0681921  0.633263
-0.470307  0.236972 -0.850091   1.47936
        0         0         0         1

 0.698134 -0.497655 -0.514731   1.16674
-0.544279 -0.835976 0.0700308  0.635614
-0.465154  0.231267 -0.854487   1.48396
        0         0         0         1

 0.704154 -0.504919 -0.499224   1.16345
-0.545328 -0.834844 0.0751838  0.640708
-0.454736    0.2193 -0.863205   1.49297
        0         0         0         1

 0.707938 -0.507229  -0.49147   1.16086
-0.545087 -0.834884 0.0764839  0.643375
-0.449115  0.213748  -0.86753   1.49702
        0         0         0         1

  0.71876 -0.518749 -0.462908   1.15333
 -0.54527 -0.833671  0.087595  0.653188
-0.431353   0.18945 -0.882068   1.51397
        0         0         0         1

 0.721053 -0.522432 -0.455135    1.1516
-0.545582 -0.833011 0.0918363    0.6563
-0.427111  0.182095 -0.885674   1.51952
        0         0         0         1

 0.728599 -0.525925 -0.438801   1.14579
-0.544722   -0.8333 0.0942784   0.66293
-0.415236  0.170334 -0.893625   1.52921
        0         0         0         1

 0.732858 -0.527505 -0.429718   1.14282
-0.544519 -0.833417 0.0944249   0.66663
-0.407944  0.164789 -0.898012    1.5338
        0         0         0         1

 0.740276 -0.532174 -0.410831   1.13652
-0.544517 -0.833018 0.0978941  0.673659
-0.394326  0.151236 -0.906441   1.54369
        0         0         0         1

 0.744985 -0.534095 -0.399675    1.1327
-0.543377 -0.833408  0.100862  0.677215
-0.386962  0.142034 -0.911091   1.54915
        0         0         0         1

 0.759421 -0.543666  -0.35736   1.11983
-0.543224 -0.832142  0.111573  0.691553
-0.358032  0.109396 -0.927278   1.56681
        0         0         0         1

 0.764603 -0.545337 -0.343496   1.11492
-0.541895 -0.832482  0.115427  0.695583
-0.348901 0.0978833 -0.932034   1.57167
        0         0         0         1

 0.772844 -0.550102 -0.316386   1.10581
-0.540615 -0.831823  0.125723  0.704511
-0.332337 0.0738785 -0.940263   1.58167
        0         0         0         1

 0.775063 -0.553319  -0.30515   1.10185
-0.540451 -0.830704  0.133578  0.708751
  -0.3274 0.0613872  -0.94289   1.58702
        0         0         0         1

 0.786234 -0.557397 -0.266729   1.08362
-0.536345 -0.829942  0.153395  0.725308
-0.306872 0.0224545 -0.951486   1.60642
        0         0         0         1

 0.787605 -0.559457 -0.258237   1.08001
-0.536749 -0.828743  0.158382  0.730581
 -0.30262 0.0138657  -0.95301   1.61223
        0         0         0         1

   0.791612   -0.561128    -0.24184     1.06955
  -0.536748   -0.827729    0.163603    0.741793
   -0.29198 0.000297113   -0.956424     1.62301
          0           0           0           1

   0.793471   -0.561094   -0.235748     1.06434
  -0.536842   -0.827747    0.163205    0.747686
  -0.286713 -0.00293875   -0.958012     1.62782
          0           0           0           1

   0.79778  -0.559746  -0.224122    1.05302
 -0.534438  -0.828556   0.166946   0.759143
 -0.279145 -0.0134068  -0.960155    1.64036
         0          0          0          1

  0.797926  -0.561401  -0.219416    1.04895
 -0.536831   -0.82743   0.164842   0.765963
 -0.274094 -0.0137425  -0.961605    1.64404
         0          0          0          1

  0.804242  -0.558771  -0.202409    1.02738
  -0.53561  -0.829063   0.160548   0.788839
 -0.257519 -0.0207073  -0.966051    1.66181
         0          0          0          1

  0.806577  -0.556986  -0.197992    1.02047
 -0.534292  -0.830219   0.158959   0.795176
 -0.252914 -0.0224268  -0.967229      1.667
         0          0          0          1

  0.808032  -0.557617  -0.190125    1.00957
 -0.536342  -0.829789   0.154232   0.809143
 -0.243766 -0.0226523   -0.96957    1.67638
         0          0          0          1

 0.808721  -0.55763 -0.187132   1.00342
  -0.5364 -0.829729  0.154353  0.816553
 -0.24134 -0.024451 -0.970132   1.68234
        0         0         0         1

  0.811563  -0.555158  -0.182112   0.979887
 -0.534842  -0.831367   0.150905   0.841769
 -0.235178 -0.0250677  -0.971629    1.70198
         0          0          0          1

  0.811376  -0.555667   -0.18139   0.974248
 -0.535774   -0.83106   0.149283   0.849644
 -0.233698 -0.0239403  -0.972015    1.70622
         0          0          0          1

  0.811577  -0.555427  -0.181228   0.960434
 -0.535331  -0.831195   0.150118   0.864966
 -0.234015 -0.0248147  -0.971916     1.7176
         0          0          0          1

   0.8117 -0.555535 -0.180346  0.953542
-0.535415 -0.831104  0.150325  0.872582
-0.233397 -0.025459 -0.972048   1.72283
        0         0         0         1

  0.810587   -0.55738  -0.179655   0.938572
   -0.5376  -0.829901   0.149167   0.889762
 -0.232239 -0.0243306  -0.972354    1.72924
         0          0          0          1

  0.807721  -0.561059  -0.181107   0.934366
 -0.540803  -0.827419   0.151361   0.898008
 -0.234774 -0.0243145  -0.971746    1.73527
         0          0          0          1

  0.798345  -0.571259  -0.190549   0.914321
     -0.55   -0.82054    0.15561   0.929267
 -0.245246 -0.0194281  -0.969266    1.75357
         0          0          0          1

  0.795717  -0.573853  -0.193721   0.907648
 -0.552572  -0.818784   0.155746   0.938715
 -0.247991 -0.0168846  -0.968615    1.75601
         0          0          0          1

   0.785641   -0.584592   -0.202535     0.89517
  -0.563035   -0.811268    0.157594    0.957792
  -0.256438 -0.00977775   -0.966511     1.76383
          0           0           0           1

   0.781911   -0.588339   -0.206088    0.886677
  -0.566253   -0.808572    0.159906    0.967152
  -0.260716 -0.00833421    -0.96538     1.76893
          0           0           0           1

   0.756877   -0.618624   -0.210812    0.866187
  -0.594163    -0.78567    0.172315      1.0034
  -0.272227 -0.00516416   -0.962219     1.77973
          0           0           0           1

 0.748653 -0.629514 -0.207923  0.859715
-0.602932  -0.77692  0.181295   1.01228
-0.275667 -0.010364 -0.961197   1.78552
        0         0         0         1

  0.728497  -0.656678  -0.195103    0.84649
 -0.628114  -0.753965   0.192377    1.03302
 -0.273431 -0.0175994  -0.961731    1.78982
         0          0          0          1

  0.712858  -0.676346  -0.185444   0.843199
 -0.647598  -0.736321   0.196083      1.044
 -0.269167 -0.0196862  -0.962892    1.79258
         0          0          0          1

  0.683848  -0.713364  -0.153178   0.831818
 -0.683526  -0.699805   0.207521    1.06409
 -0.255233 -0.0372116  -0.966163    1.80239
         0          0          0          1

  0.671614  -0.729571  -0.129073   0.822878
 -0.700877  -0.682102   0.208587    1.07324
  -0.24022 -0.0496252  -0.969449    1.80662
         0          0          0          1

  0.652812   -0.75743 -0.0117139   0.792737
 -0.743647  -0.643725   0.180576    1.11135
 -0.144314  -0.109171  -0.983491    1.81808
         0          0          0          1

 0.654156 -0.755889  0.026694  0.784599
-0.747299  -0.64047  0.177039   1.12073
-0.116725 -0.135759 -0.983842   1.82003
        0         0         0         1

 0.649877 -0.754113 0.0947266  0.773948
-0.757751 -0.633203  0.157696   1.14278
-0.0589398 -0.174262 -0.982934   1.82608
        0         0         0         1

  0.64658 -0.752964  0.122392  0.769147
-0.762247  -0.63134  0.142793    1.1528
-0.0302469 -0.185619 -0.982156   1.82856
        0         0         0         1

 0.636749 -0.742482  0.208019  0.742139
-0.768612 -0.632714 0.0943845   1.18936
0.0615378 -0.219985  -0.97356   1.83597
        0         0         0         1

  0.63578 -0.738161  0.225616  0.731528
-0.767885 -0.634541 0.0878153   1.19813
 0.078341 -0.229079  -0.97025   1.83913
        0         0         0         1

