 0.554445 -0.489543  0.673007   1.07605
-0.829769 -0.263157  0.492171   1.08062
-0.0638324 -0.831322 -0.552113   1.89574
        0         0         0         1

 0.555747  -0.48109   0.67801   1.07353
-0.827423 -0.240891   0.50729   1.05957
-0.0807255 -0.842925  -0.53194   1.88866
        0         0         0         1

 0.548983  -0.48121  0.683414   1.07975
-0.830784  -0.22441  0.509351   1.04647
-0.0917405 -0.847394 -0.522979    1.8788
        0         0         0         1

 0.540746 -0.476202  0.693416   1.08427
-0.832497  -0.18478  0.522308   1.01205
-0.120595 -0.859703 -0.496355   1.85964
        0         0         0         1

 0.531916 -0.478634  0.698552   1.09272
-0.836796 -0.170691  0.520228   1.00106
-0.129762 -0.861263 -0.491312   1.84776
        0         0         0         1

 0.526681 -0.475708  0.704492   1.09459
-0.837571  -0.14885  0.525661  0.984799
-0.145198 -0.866917 -0.476836   1.83393
        0         0         0         1

 0.527042 -0.471509   0.70704   1.09476
-0.835994 -0.138084  0.531081  0.974747
-0.152778 -0.870983 -0.466955   1.82212
        0         0         0         1

 0.517026  -0.46637  0.717762   1.10567
-0.834897 -0.089848  0.543023  0.945012
 -0.18876 -0.880015 -0.435825   1.80011
        0         0         0         1

  0.521423  -0.461341   0.717831    1.10362
 -0.829475 -0.0766471    0.55326   0.934695
 -0.200222  -0.883906  -0.422637    1.78985
         0          0          0          1

  0.518365  -0.458518   0.721844    1.10938
 -0.827825 -0.0573416   0.558048   0.921849
 -0.214483  -0.886833  -0.409297    1.77377
         0          0          0          1

  0.516613  -0.458516   0.723101    1.11282
 -0.824283 -0.0378304   0.564913   0.911713
 -0.231666  -0.887881   -0.39749    1.76523
         0          0          0          1

   0.518692   -0.458307    0.721743     1.11807
  -0.812551 -0.00167696    0.582887    0.888437
  -0.265931   -0.888792   -0.373268     1.74057
          0           0           0           1

 0.515364 -0.463302  0.720938   1.12208
 -0.81012 0.0109641  0.586162  0.880238
-0.279474 -0.886133 -0.369679    1.7302
        0         0         0         1

 0.517833 -0.466388  0.717169   1.12196
-0.802975 0.0241924  0.595521  0.869543
-0.295094  -0.88425  -0.36197   1.71521
        0         0         0         1

 0.515855 -0.472294  0.714725   1.12478
-0.799008 0.0356767  0.600262  0.862407
-0.308999 -0.880719 -0.358963   1.70606
        0         0         0         1

 0.510492 -0.479693  0.713647    1.1327
-0.795552 0.0514938  0.603694  0.853816
-0.326336 -0.875924 -0.355333   1.68968
        0         0         0         1

 0.512117 -0.480482  0.711951   1.13525
-0.790069 0.0616447  0.609911  0.847465
-0.336939 -0.874836 -0.348044   1.67967
        0         0         0         1

 0.516087 -0.476546  0.711729   1.14473
-0.773509 0.0975889  0.626227  0.830853
-0.367883 -0.873716 -0.318248   1.65506
        0         0         0         1

 0.522958  -0.47144  0.710112   1.14523
-0.764402  0.109186  0.635428  0.825129
  -0.3771 -0.875113  -0.30327   1.64604
        0         0         0         1

 0.527177 -0.463891  0.711962   1.15033
-0.755837  0.126897  0.642346  0.818278
-0.388324 -0.876757 -0.283728   1.63192
        0         0         0         1

 0.529802 -0.458659  0.713401   1.15355
-0.749785  0.139848  0.646734  0.814038
-0.396398 -0.877539 -0.269804   1.62213
        0         0         0         1

 0.537393 -0.447322  0.714921   1.16115
-0.734975  0.167283  0.657136   0.80308
-0.413546 -0.878589 -0.238873   1.59697
        0         0         0         1

 0.540117 -0.445291  0.714135   1.16278
-0.728856  0.176748   0.66146   0.79915
-0.420764 -0.877768 -0.229088     1.589
        0         0         0         1

 0.540711 -0.443707  0.714671   1.16682
-0.722169  0.190842  0.664869  0.794271
-0.431396 -0.875616 -0.217241   1.57842
        0         0         0         1

 0.540935 -0.443821  0.714431   1.16931
-0.717974  0.198757   0.66709  0.791492
-0.438067 -0.873795 -0.211138   1.56985
        0         0         0         1

 0.539855 -0.444434  0.714867   1.17406
-0.712435  0.211072  0.669242  0.787193
-0.448322  -0.87059 -0.202682   1.55833
        0         0         0         1

 0.539396  -0.44319  0.715985   1.17691
-0.708364  0.220901  0.670391   0.78439
-0.455272 -0.868784 -0.194786    1.5507
        0         0         0         1

 0.542744 -0.435297  0.718294   1.18323
-0.696076  0.245457  0.674707  0.777834
-0.470008  -0.86618 -0.169779   1.53161
        0         0         0         1

 0.544412 -0.429534  0.720497   1.18664
-0.691128  0.257061  0.675471   0.77549
 -0.47535 -0.865691 -0.156916    1.5253
        0         0         0         1

 0.546408 -0.421264  0.723861   1.19075
-0.683368  0.275424  0.676129  0.772326
-0.484197 -0.864106 -0.137384   1.51756
        0         0         0         1

 0.549194 -0.414998  0.725371   1.19277
-0.679515  0.283504  0.676672  0.770917
-0.486463 -0.864524 -0.126298   1.51049
        0         0         0         1

   0.55198  -0.398633     0.7324    1.19868
  -0.67296   0.305683    0.67356   0.767619
 -0.492386  -0.864667 -0.0995333    1.49319
         0          0          0          1

  0.550229  -0.394169   0.736125    1.20146
 -0.671963   0.314316   0.670575   0.766168
 -0.495696  -0.863618 -0.0919211     1.4877
         0          0          0          1

  0.549906  -0.389347   0.738926    1.20372
 -0.669763    0.32302   0.668638   0.764828
  -0.49902  -0.862593 -0.0831399    1.47995
         0          0          0          1

  0.548142    -0.3865   0.741726    1.20537
 -0.667971   0.331403   0.666324    0.76341
 -0.503345  -0.860691 -0.0765152    1.47559
         0          0          0          1

   0.54627  -0.381445   0.745713    1.20777
 -0.667161   0.340147   0.662718   0.761853
 -0.506443  -0.859534 -0.0686734    1.46907
         0          0          0          1

  0.544612  -0.377093   0.749132    1.20969
 -0.666869   0.346974   0.659466   0.761359
 -0.508609  -0.858726 -0.0625057    1.46503
         0          0          0          1

  0.539924  -0.366878    0.75755    1.21441
 -0.668085   0.360669   0.650831   0.759462
    -0.512  -0.857507 -0.0503717    1.45332
         0          0          0          1

  0.538835  -0.361943   0.760693     1.2155
 -0.669964   0.363299   0.647427    0.75924
 -0.510691  -0.858493 -0.0467305    1.44803
         0          0          0          1

  0.535657   -0.35707   0.765227    1.21785
 -0.672038   0.368446   0.642349    0.75879
 -0.511308  -0.858341 -0.0426035    1.44191
         0          0          0          1

  0.531725  -0.353461   0.769632    1.22036
 -0.674605   0.372647   0.637215   0.758088
 -0.512031  -0.858021 -0.0403011    1.43837
         0          0          0          1

  0.531238  -0.349007   0.771997    1.22074
 -0.675028   0.376286   0.634623     0.7575
  -0.51198  -0.858256 -0.0356922    1.43332
         0          0          0          1

  0.527436  -0.345565   0.776142    1.22313
 -0.678092   0.379165   0.629623   0.757199
 -0.511862  -0.858381 -0.0343396    1.42939
         0          0          0          1

  0.523178  -0.333343   0.784326    1.22734
 -0.683118   0.386232   0.619819   0.756961
 -0.509544  -0.860062 -0.0256443    1.42055
         0          0          0          1

   0.52385  -0.326647   0.786691    1.22663
  -0.68493   0.387535   0.616999   0.756696
 -0.506411  -0.862043 -0.0207202      1.417
         0          0          0          1

  0.518954  -0.317617   0.793603    1.23019
 -0.689415   0.393362   0.608254   0.756159
 -0.505365  -0.862778 -0.0148336     1.4139
         0          0          0          1

  0.515629  -0.310136   0.798713    1.23168
  -0.69273   0.397697   0.601633   0.756025
 -0.504234  -0.863512 -0.0097765    1.41228
         0          0          0          1

   0.508696    -0.29565    0.808591     1.23269
  -0.702699    0.400065    0.588356    0.755669
  -0.497436    -0.86749 -0.00424124     1.40589
          0           0           0           1

   0.505769    -0.29099     0.81211     1.23346
  -0.706486    0.400511    0.583497    0.755337
  -0.495051   -0.868859 -0.00301377     1.40313
          0           0           0           1

   0.505068   -0.284454    0.814857     1.23267
  -0.709316    0.401078    0.579662    0.755309
  -0.491708    -0.87076 0.000803697     1.40068
          0           0           0           1

  0.502577  -0.279642   0.818057    1.23385
 -0.712314   0.402287    0.57513   0.754924
 -0.489924   -0.87176 0.00298687    1.39883
         0          0          0          1

  0.498442  -0.273534   0.822639    1.23639
 -0.715787   0.405492   0.568529    0.75416
 -0.489086  -0.872213 0.00632244    1.39783
         0          0          0          1

  0.496429  -0.269984   0.825025     1.2374
 -0.718801   0.405019   0.565053   0.753691
 -0.486706  -0.873538 0.00699825    1.39567
         0          0          0          1

  0.49118 -0.259446  0.831523   1.24044
-0.724434  0.408394  0.555347  0.752768
-0.483671 -0.875159 0.0126434   1.39331
        0         0         0         1

 0.490451 -0.255022   0.83332   1.24038
-0.726967  0.407617  0.552601  0.752343
-0.480601 -0.876819 0.0145235   1.39144
        0         0         0         1

 0.488431 -0.250732  0.835804    1.2413
-0.731093  0.405323  0.548831  0.752248
 -0.47638 -0.879117 0.0146638   1.38878
        0         0         0         1

 0.487647 -0.248534  0.836918   1.24112
-0.732936  0.404304  0.547123  0.751923
-0.474347  -0.88021 0.0149983    1.3872
        0         0         0         1

 0.485257 -0.244345  0.839536   1.24182
-0.737795  0.400853  0.543117   0.75076
-0.469238 -0.882957 0.0142405   1.38475
        0         0         0         1

 0.483619  -0.24262   0.84098   1.24297
-0.738706  0.402238  0.540849  0.749858
-0.469495 -0.882802 0.0153046    1.3849
        0         0         0         1

 0.481204 -0.240457  0.842985   1.24425
-0.739507  0.405023  0.537667  0.748789
-0.470714 -0.882121  0.017079   1.38601
        0         0         0         1

 0.481222  -0.23944  0.843264   1.24385
-0.740549  0.403694  0.537232  0.748322
-0.469056 -0.883006 0.0169499   1.38522
        0         0         0         1

 0.478639 -0.237618  0.845247   1.24509
-0.744136  0.401167   0.53416  0.747967
-0.466011 -0.884648 0.0151944   1.38369
        0         0         0         1

  0.47691 -0.236993  0.846399   1.24518
 -0.74518  0.401648   0.53234   0.74739
-0.466115 -0.884598 0.0149472   1.38386
        0         0         0         1

 0.471831 -0.233987  0.850074   1.24483
-0.751159  0.398162  0.526524  0.746693
-0.461667 -0.886971 0.0121032   1.38226
        0         0         0         1

 0.470261 -0.232883  0.851246   1.24486
-0.753248  0.396688  0.524649  0.746246
-0.459861 -0.887921 0.0111279   1.38152
        0         0         0         1

 0.469795 -0.231791  0.851802   1.24399
-0.752925  0.398536   0.52371  0.745477
-0.460865 -0.887379 0.0127086   1.38229
        0         0         0         1

 0.468737 -0.233154  0.852012   1.24383
-0.753661  0.397534  0.523415  0.745029
 -0.46074 -0.887472 0.0106195   1.38229
        0         0         0         1

  0.466218  -0.236885   0.852365     1.2438
 -0.754713   0.396195   0.522914   0.743889
 -0.461573  -0.887082 0.00593288    1.38254
         0          0          0          1

  0.465758   -0.23854   0.852155    1.24398
 -0.755451   0.394302   0.523278    0.74363
 -0.460829  -0.887482 0.00344365    1.38244
         0          0          0          1

   0.465538   -0.241197    0.851527     1.24422
  -0.756064    0.391747    0.524311    0.743086
  -0.460045   -0.887895 1.28588e-05     1.38235
          0           0           0           1

   0.466859   -0.242538    0.850422     1.24374
  -0.755576    0.390286      0.5261    0.742777
  -0.459507   -0.888173 -0.00104751     1.38251
          0           0           0           1

   0.467086   -0.243283    0.850085     1.24379
  -0.756493    0.387776    0.526638    0.742632
  -0.457765   -0.889069 -0.00291716      1.3825
          0           0           0           1

    0.46795   -0.244905    0.849143     1.24331
  -0.756575    0.385568     0.52814     0.74256
  -0.456747   -0.889584 -0.00486271      1.3821
          0           0           0           1

   0.471442   -0.249278    0.845933     1.24074
  -0.754237    0.383124    0.533238    0.742183
  -0.457022   -0.889425 -0.00739446     1.38286
          0           0           0           1

   0.470961      -0.251    0.845692     1.24089
  -0.754154    0.382789    0.533596      0.7419
  -0.457654   -0.889085 -0.00901414     1.38327
          0           0           0           1

  0.470864  -0.252738   0.845228    1.24099
 -0.754046    0.38202   0.534299   0.741533
 -0.457932  -0.888923 -0.0106962    1.38365
         0          0          0          1

   0.47085  -0.254059    0.84484    1.24081
 -0.753004   0.383219   0.534909     0.7413
 -0.459657   -0.88803 -0.0108682     1.3849
         0          0          0          1

   0.47053  -0.259604   0.843331    1.23964
 -0.752697   0.380682   0.537148   0.741357
 -0.460487  -0.887517 -0.0162812    1.38655
         0          0          0          1

  0.469357  -0.260567   0.843688    1.23945
 -0.753803   0.379376   0.536521   0.741248
 -0.459874  -0.887794 -0.0183529    1.38729
         0          0          0          1

  0.471102  -0.263281    0.84187    1.23731
 -0.754445   0.374241   0.539218   0.741776
 -0.457029  -0.889172 -0.0223253    1.38795
         0          0          0          1

  0.469891   -0.26446   0.842178    1.23642
 -0.756519   0.370954   0.538584   0.742023
 -0.454843  -0.890199 -0.0257607    1.38851
         0          0          0          1

  0.468602  -0.264935   0.842746    1.23521
 -0.758453   0.368469   0.537568   0.742395
 -0.452947  -0.891089 -0.0282757    1.39118
         0          0          0          1

  0.468221  -0.264785   0.843005    1.23405
 -0.761008   0.363993   0.537007    0.74282
 -0.449039  -0.892972 -0.0310747    1.39178
         0          0          0          1

   0.46506  -0.262672   0.845413    1.23307
 -0.766351   0.358636   0.532998   0.743362
 -0.443199  -0.895759 -0.0345113     1.3975
         0          0          0          1

  0.466337  -0.261558   0.845055    1.23063
 -0.768438   0.353452   0.533456   0.743793
 -0.438216  -0.898142 -0.0361637    1.39936
         0          0          0          1

 0.466552 -0.259706  0.845507   1.22904
-0.771083  0.348881  0.532647  0.743781
-0.433313 -0.900464 -0.037484   1.40319
        0         0         0         1

  0.465153   -0.25842   0.846671    1.22916
 -0.772998   0.347531    0.53075   0.743838
 -0.431401  -0.901356 -0.0381029    1.40707
         0          0          0          1

  0.464946  -0.254317   0.848026    1.22703
 -0.779791   0.335929   0.528278   0.744616
 -0.419226  -0.906904 -0.0421251    1.41484
         0          0          0          1

  0.463796  -0.252614   0.849164    1.22669
 -0.783361   0.330762   0.526253   0.744944
  -0.41381  -0.909276 -0.0444819    1.41782
         0          0          0          1

  0.466676   -0.25068   0.848158     1.2233
 -0.785776    0.32262   0.527705   0.745589
 -0.405918   -0.91273 -0.0464196    1.42208
         0          0          0          1

  0.466594  -0.248711   0.848783     1.2227
 -0.788837   0.317017   0.526533   0.746129
 -0.400033  -0.915229 -0.0482739    1.42598
         0          0          0          1

  0.466795  -0.247686   0.848972    1.22139
 -0.793164   0.307332   0.525774   0.746531
 -0.391144  -0.918803 -0.0529946    1.43053
         0          0          0          1

  0.467904  -0.245924   0.848874    1.21971
  -0.79636   0.299195   0.525636   0.747167
 -0.383245  -0.921957 -0.0558496    1.43421
         0          0          0          1

  0.467704  -0.242189   0.850058    1.21659
 -0.803547   0.284113    0.52306   0.747786
 -0.368191  -0.927699 -0.0617297    1.44709
         0          0          0          1

  0.467466  -0.241107   0.850496    1.21557
 -0.806033   0.278834   0.522074   0.748072
 -0.363023   -0.92958 -0.0639948    1.45313
         0          0          0          1

  0.467225   -0.23872   0.851301    1.21472
 -0.810611   0.268771   0.520261   0.749428
 -0.353002  -0.933153 -0.0679327    1.46025
         0          0          0          1

  0.468755  -0.237125   0.850906    1.21246
 -0.813295   0.260049   0.520505   0.750072
 -0.344702  -0.936027 -0.0709539    1.46539
         0          0          0          1

  0.470872  -0.233088   0.850852    1.20766
  -0.82025   0.239369   0.519511    0.75194
  -0.32476  -0.942535 -0.0784784    1.47992
         0          0          0          1

 0.473748 -0.231617  0.849656   1.20426
-0.822725  0.227756  0.520818  0.753196
-0.314144  -0.94577 -0.082658   1.48465
        0         0         0         1

  0.471735  -0.228884   0.851515    1.20353
 -0.828619   0.215057   0.516857    0.75496
 -0.301425  -0.949401 -0.0882078    1.49269
         0          0          0          1

  0.470351  -0.227876    0.85255    1.20321
 -0.831503   0.209152   0.514643   0.755737
 -0.295587  -0.950962 -0.0911049     1.5008
         0          0          0          1

 0.472325  -0.22662  0.851794   1.19972
-0.834352  0.196635  0.514968  0.757051
-0.284194 -0.953928 -0.096205   1.51094
        0         0         0         1

 0.470978 -0.225983  0.852708   1.19897
-0.838164  0.186771  0.512443  0.758356
-0.275065 -0.956059 -0.101446   1.51769
        0         0         0         1

 0.475395 -0.224066  0.850761   1.19186
 -0.84321  0.159836  0.513273  0.762243
-0.250989 -0.961378  -0.11295   1.53731
        0         0         0         1

 0.478154 -0.223704  0.849308   1.18862
-0.844161  0.149838  0.514723  0.763998
-0.242404 -0.963071 -0.117197   1.54559
        0         0         0         1

 0.476351 -0.224517  0.850107   1.18826
-0.848803  0.134827  0.511229  0.766653
-0.229397 -0.965098 -0.126346   1.55641
        0         0         0         1

 0.479469  -0.22283  0.848797   1.18427
-0.849113  0.126466  0.512848  0.768286
-0.221622 -0.966619 -0.128572   1.56603
        0         0         0         1

 0.482442 -0.225143  0.846499   1.17837
-0.852884 0.0994706  0.512537  0.773923
-0.199596 -0.969235 -0.144032   1.58861
        0         0         0         1

 0.482532 -0.225367  0.846388    1.1767
-0.854922 0.0889299  0.511076  0.776339
-0.190449 -0.970207  -0.14976   1.59819
        0         0         0         1

 0.484062 -0.225767  0.845407   1.17397
-0.856149 0.0774435  0.510893  0.779801
-0.180814 -0.971098 -0.155803   1.61306
        0         0         0         1

 0.485227  -0.22662   0.84451   1.17204
-0.857594 0.0650396  0.510198  0.783363
-0.170548 -0.971809 -0.162789   1.62213
        0         0         0         1

 0.484782 -0.225952  0.844945   1.17094
-0.860162 0.0518525  0.507378  0.787554
-0.158456 -0.972757 -0.169218   1.63621
        0         0         0         1

 0.486935  -0.22658  0.843538   1.16717
-0.860967 0.0381066  0.507232  0.791586
-0.147073 -0.973247 -0.176522   1.64531
        0         0         0         1

 0.490307 -0.227968  0.841207   1.16007
-0.862858 0.0090055  0.505367   0.80138
-0.122783 -0.973627 -0.192288   1.67166
        0         0         0         1

   0.491042   -0.227532    0.840896     1.15725
  -0.863802 -0.00218949    0.503826    0.805431
  -0.112796   -0.973768   -0.197618     1.68289
          0           0           0           1

  0.494049  -0.227498   0.839143    1.15212
 -0.864228 -0.0230347   0.502573   0.812499
-0.0950051  -0.973506  -0.207991    1.69614
         0          0          0          1

  0.493297  -0.230318   0.838816    1.15011
 -0.865236 -0.0306107   0.500429    0.81609
-0.0895813  -0.972634   -0.21438     1.7092
         0          0          0          1

  0.498252  -0.233235   0.835073    1.13905
  -0.86456 -0.0609695   0.498817   0.828865
-0.0654276  -0.970507  -0.232024    1.73803
         0          0          0          1

  0.493962  -0.237954   0.836289    1.14096
 -0.867599 -0.0715977   0.492084   0.835021
-0.0572171  -0.968634  -0.241816    1.74909
         0          0          0          1

  0.495159  -0.239996   0.834997    1.13609
  -0.86762 -0.0864794   0.489649   0.842876
 -0.045304  -0.966914  -0.251047    1.76489
         0          0          0          1

 0.498735 -0.241539   0.83242   1.13188
-0.866076 -0.100878  0.489628  0.849108
-0.034291 -0.965133 -0.259503   1.77592
        0         0         0         1

 0.498448  -0.24466   0.83168   1.12897
-0.866701 -0.119101    0.4844   0.85889
-0.0194591 -0.962266 -0.271413   1.79063
        0         0         0         1

 0.501294 -0.244168  0.830112   1.12342
-0.865214 -0.129925  0.484276  0.865472
-0.0103926  -0.96099 -0.276388   1.80238
        0         0         0         1

 0.503471  -0.24773  0.827736   1.11419
-0.863921 -0.158217  0.478129  0.883429
0.0125148 -0.955823 -0.293677   1.83282
        0         0         0         1

 0.504113 -0.249965  0.826673   1.11177
-0.863417 -0.167491  0.475875  0.890387
0.0195082 -0.953659 -0.300258   1.84435
        0         0         0         1

 0.502408 -0.254617   0.82629    1.1101
-0.863996 -0.184443  0.468499  0.901843
0.0331158  -0.94929 -0.312654   1.85937
        0         0         0         1

 0.503795 -0.253041   0.82593   1.10514
-0.862677 -0.196611  0.465974  0.910518
0.0444762 -0.947267 -0.317344   1.86965
        0         0         0         1

 0.509857 -0.252219  0.822455   1.09266
-0.857675 -0.223086  0.463277  0.931596
0.0666306 -0.941604 -0.330064   1.90283
        0         0         0         1

 0.506113  -0.25624  0.823524   1.09319
-0.858876 -0.236793   0.45416  0.942111
0.0786309 -0.937161 -0.339922   1.91104
        0         0         0         1

 0.508136 -0.253975  0.822979   1.08623
-0.856795 -0.246408  0.452973  0.953808
0.0877452 -0.935297 -0.342813   1.92905
        0         0         0         1

 0.506917 -0.257154  0.822744   1.08304
-0.856444 -0.258401  0.446915  0.963956
0.0976722 -0.931182 -0.351226   1.93861
        0         0         0         1

 0.508168 -0.258019    0.8217   1.07686
  -0.8537 -0.277022  0.440971  0.978784
  0.11385 -0.925573 -0.361044   1.94913
        0         0         0         1

 0.506273 -0.260934   0.82195   1.07756
 -0.85352  -0.28784  0.434341  0.989753
 0.123256 -0.921445 -0.368438   1.95795
        0         0         0         1

 0.505428 -0.261911  0.822159   1.06915
-0.851076 -0.308308  0.424989   1.01427
 0.142169 -0.914521 -0.378734   1.98712
        0         0         0         1

 0.505203 -0.264442  0.821487   1.06721
-0.850256 -0.315503  0.421333   1.02445
 0.147764 -0.911333 -0.384237   1.99676
        0         0         0         1

 0.502923 -0.266783  0.822129   1.06594
-0.849391 -0.328634  0.412958   1.03966
  0.16001 -0.905995 -0.391881   2.00961
        0         0         0         1

 0.505131 -0.266241   0.82095   1.05951
-0.846373  -0.33887  0.410877   1.05129
 0.168803 -0.902376 -0.396513   2.01897
        0         0         0         1

 0.510593 -0.261983  0.818938   1.04263
-0.837139 -0.368805  0.403958   1.08189
 0.196199 -0.891823 -0.407625   2.03521
        0         0         0         1

 0.512766 -0.263658  0.817041   1.03719
 -0.83505 -0.374206  0.403313    1.0921
 0.199405 -0.889075 -0.412047   2.04641
        0         0         0         1

 0.511376 -0.268806  0.816234   1.03618
-0.833434 -0.386665  0.394813   1.11103
 0.209481 -0.882175 -0.421764   2.05627
        0         0         0         1

 0.510808 -0.272614  0.815326    1.0346
-0.831924 -0.395853  0.388849   1.12326
 0.216743 -0.876916 -0.428999   2.05994
        0         0         0         1

 0.509005 -0.275158  0.815599   1.02985
-0.830322 -0.406719  0.380979   1.14074
  0.22689  -0.87113 -0.435492   2.06826
        0         0         0         1

 0.514631 -0.270258  0.813705   1.02039
-0.824072 -0.417973  0.382365   1.15276
  0.23677 -0.867328 -0.437814   2.07346
        0         0         0         1

  0.51694  -0.27831  0.809516   1.01627
-0.821256 -0.428012  0.377287   1.18196
 0.241479 -0.859854  -0.44982   2.09334
        0         0         0         1

