-0.00598465  -0.833941   0.551822   0.976284
 -0.995041 -0.0498215 -0.0860842    1.06495
 0.0992817  -0.549601  -0.829507    2.29851
         0          0          0          1

0.00276391  -0.834668   0.550746     0.9743
 -0.997409  -0.041894 -0.0584859    1.03877
 0.0718892  -0.549157  -0.832621    2.26105
         0          0          0          1

0.00276391  -0.834668   0.550746     0.9743
 -0.997409  -0.041894 -0.0584859    1.03877
 0.0718892  -0.549157  -0.832621    2.26105
         0          0          0          1

0.00480162  -0.835226   0.549885   0.984946
 -0.999565 -0.0200105 -0.0216659    1.00457
 0.0290994  -0.549542  -0.834959     2.2399
         0          0          0          1

0.00480162  -0.835226   0.549885   0.984946
 -0.999565 -0.0200105 -0.0216659    1.00457
 0.0290994  -0.549542  -0.834959     2.2399
         0          0          0          1

  0.0153188   -0.834322    0.551064     0.99015
  -0.999669 -0.00139532   0.0256769    0.963012
 -0.0206539   -0.551276   -0.834068     2.19193
          0           0           0           1

  0.0153188   -0.834322    0.551064     0.99015
  -0.999669 -0.00139532   0.0256769    0.963012
 -0.0206539   -0.551276   -0.834068     2.19193
          0           0           0           1

0.0216691 -0.823044  0.567564   0.99002
-0.998229 0.0136484 0.0579036  0.936692
-0.0554036 -0.567813 -0.821291    2.1597
        0         0         0         1

0.0216691 -0.823044  0.567564   0.99002
-0.998229 0.0136484 0.0579036  0.936692
-0.0554036 -0.567813 -0.821291    2.1597
        0         0         0         1

0.0131604 -0.826769  0.562388  0.995742
 -0.99496  0.045084 0.0895613  0.891508
-0.0994012 -0.560732 -0.822009    2.1203
        0         0         0         1

0.0131604 -0.826769  0.562388  0.995742
 -0.99496  0.045084 0.0895613  0.891508
-0.0994012 -0.560732 -0.822009    2.1203
        0         0         0         1

0.0162059 -0.838027  0.545388  0.999376
-0.991605 0.0565109  0.116298  0.865364
-0.128281 -0.542695 -0.830076   2.09168
        0         0         0         1

0.0162059 -0.838027  0.545388  0.999376
-0.991605 0.0565109  0.116298  0.865364
-0.128281 -0.542695 -0.830076   2.09168
        0         0         0         1

 0.015102  -0.85109  0.524802   1.00835
-0.987195 0.0706658  0.143009  0.840681
-0.158799 -0.520242 -0.839125   2.06098
        0         0         0         1

 0.015102  -0.85109  0.524802   1.00835
-0.987195 0.0706658  0.143009  0.840681
-0.158799 -0.520242 -0.839125   2.06098
        0         0         0         1

0.0201546 -0.860117  0.509698   1.01249
-0.978515 0.0876557  0.186612  0.804595
-0.205186 -0.502508 -0.839871   2.01117
        0         0         0         1

0.0201546 -0.860117  0.509698   1.01249
-0.978515 0.0876557  0.186612  0.804595
-0.205186 -0.502508 -0.839871   2.01117
        0         0         0         1

0.0224771 -0.859902  0.509965   1.01648
-0.970155  0.104428  0.218847  0.781308
-0.241442 -0.499664 -0.831891   1.97964
        0         0         0         1

0.0224771 -0.859902  0.509965   1.01648
-0.970155  0.104428  0.218847  0.781308
-0.241442 -0.499664 -0.831891   1.97964
        0         0         0         1

0.0326134 -0.861055  0.507464   1.02156
-0.956456  0.120459  0.265861  0.750205
 -0.29005 -0.494038 -0.819633   1.92787
        0         0         0         1

0.0326134 -0.861055  0.507464   1.02156
-0.956456  0.120459  0.265861  0.750205
 -0.29005 -0.494038 -0.819633   1.92787
        0         0         0         1

 0.034356 -0.866312  0.498321   1.02783
-0.946927  0.131239  0.293439  0.730413
-0.319609 -0.481954 -0.815825   1.89472
        0         0         0         1

 0.034356 -0.866312  0.498321   1.02783
-0.946927  0.131239  0.293439  0.730413
-0.319609 -0.481954 -0.815825   1.89472
        0         0         0         1

0.0332093 -0.875567  0.481954   1.03271
-0.937688  0.139591  0.318206  0.711835
-0.345887  -0.46249 -0.816373   1.86332
        0         0         0         1

0.0332093 -0.875567  0.481954   1.03271
-0.937688  0.139591  0.318206  0.711835
-0.345887  -0.46249 -0.816373   1.86332
        0         0         0         1

0.0310028 -0.891356  0.452243   1.03854
-0.922667  0.148465  0.355871  0.684979
 -0.38435 -0.428302 -0.817822   1.81961
        0         0         0         1

0.0310028 -0.891356  0.452243   1.03854
-0.922667  0.148465  0.355871  0.684979
 -0.38435 -0.428302 -0.817822   1.81961
        0         0         0         1

0.0262647 -0.901292  0.432415   1.04227
-0.913726  0.153812  0.376093  0.669538
 -0.40548 -0.404987 -0.819495    1.7895
        0         0         0         1

0.0262647 -0.901292  0.432415   1.04227
-0.913726  0.153812  0.376093  0.669538
 -0.40548 -0.404987 -0.819495    1.7895
        0         0         0         1

0.0145021 -0.913998   0.40546   1.04894
-0.902037     0.163  0.399701  0.648882
-0.431415 -0.371537 -0.822096   1.74701
        0         0         0         1

0.0145021 -0.913998   0.40546   1.04894
-0.902037     0.163  0.399701  0.648882
-0.431415 -0.371537 -0.822096   1.74701
        0         0         0         1

0.00608639 -0.922608  0.385692   1.05263
-0.894198  0.167632  0.415101  0.635668
-0.447629 -0.347412 -0.823974   1.72185
        0         0         0         1

0.00608639 -0.922608  0.385692   1.05263
-0.894198  0.167632  0.415101  0.635668
-0.447629 -0.347412 -0.823974   1.72185
        0         0         0         1

0.00125425 -0.929134  0.369741   1.05347
-0.887214  0.169548  0.429074  0.623391
-0.461356 -0.328577 -0.824129   1.69855
        0         0         0         1

0.00125425 -0.929134  0.369741   1.05347
-0.887214  0.169548  0.429074  0.623391
-0.461356 -0.328577 -0.824129   1.69855
        0         0         0         1

-0.00975299 -0.935742  0.352551   1.05676
-0.877391  0.177135   0.44588  0.607539
-0.479677 -0.304976 -0.822739    1.6659
        0         0         0         1

-0.00975299 -0.935742  0.352551   1.05676
-0.877391  0.177135   0.44588  0.607539
-0.479677 -0.304976 -0.822739    1.6659
        0         0         0         1

-0.0169766  -0.93748  0.347626   1.05839
-0.872063  0.183955  0.453504   0.59838
-0.489099 -0.295453 -0.820664    1.6457
        0         0         0         1

-0.0169766  -0.93748  0.347626   1.05839
-0.872063  0.183955  0.453504   0.59838
-0.489099 -0.295453 -0.820664    1.6457
        0         0         0         1

-0.0230828 -0.936912  0.348801   1.06104
-0.863961  0.194245  0.464586  0.586305
-0.503029 -0.290627  -0.81394    1.6196
        0         0         0         1

-0.0230828 -0.936912  0.348801   1.06104
-0.863961  0.194245  0.464586  0.586305
-0.503029 -0.290627  -0.81394    1.6196
        0         0         0         1

-0.0266686 -0.936047  0.350863   1.06358
-0.859043  0.200951  0.470811  0.579216
-0.511208 -0.288851 -0.809464   1.60534
        0         0         0         1

-0.0266686 -0.936047  0.350863   1.06358
-0.859043  0.200951  0.470811  0.579216
-0.511208 -0.288851 -0.809464   1.60534
        0         0         0         1

   -0.028 -0.935925  0.351084   1.06427
-0.856999  0.203271  0.473534  0.577138
-0.514557  -0.28762 -0.807778   1.60173
        0         0         0         1

-0.0268543 -0.936001   0.35097    1.0641
-0.854104  0.203912  0.478462  0.572868
-0.519408 -0.286917 -0.804919   1.59362
        0         0         0         1

-0.0268077 -0.934964  0.353729   1.06651
-0.851146  0.206922  0.482424  0.565722
-0.524244 -0.288142 -0.801338   1.57558
        0         0         0         1

-0.0268077 -0.934964  0.353729   1.06651
-0.851146  0.206922  0.482424  0.565722
-0.524244 -0.288142 -0.801338   1.57558
        0         0         0         1

-0.0283299  -0.93438  0.355149   1.06884
-0.847816  0.210674  0.486645   0.56187
-0.529533 -0.287314 -0.798151   1.56667
        0         0         0         1

-0.0283299  -0.93438  0.355149   1.06884
-0.847816  0.210674  0.486645   0.56187
-0.529533 -0.287314 -0.798151   1.56667
        0         0         0         1

-0.0270801 -0.932678  0.359692   1.06948
-0.842596  0.214905   0.49381  0.556478
-0.537865 -0.289702 -0.791691   1.55481
        0         0         0         1

-0.0270801 -0.932678  0.359692   1.06948
-0.842596  0.214905   0.49381  0.556478
-0.537865 -0.289702 -0.791691   1.55481
        0         0         0         1

-0.0273733  -0.93193  0.361603   1.06994
 -0.84193  0.216505  0.494246  0.555708
-0.538892 -0.290915 -0.790547    1.5523
        0         0         0         1

-0.0272895 -0.930385  0.365566   1.07046
-0.839746  0.219729  0.496534  0.553917
-0.542293 -0.293433 -0.787284   1.54738
        0         0         0         1

-0.026356 -0.929508  0.367859   1.07043
-0.838347  0.220991  0.498335   0.55327
  -0.5445 -0.295259 -0.785074   1.54551
        0         0         0         1

-0.0258617 -0.927815  0.372143   1.07055
-0.836656  0.223831  0.499906  0.552224
-0.547118 -0.298427 -0.782051   1.54058
        0         0         0         1

-0.0258761 -0.927244  0.373562   1.07078
 -0.83547  0.225255  0.501249  0.551679
-0.548927 -0.299129 -0.780513   1.53895
        0         0         0         1

-0.0286151 -0.926528  0.375137    1.0721
-0.832282  0.229935  0.504417  0.550429
-0.553614 -0.297786 -0.777712   1.53299
        0         0         0         1

-0.0268829 -0.927571  0.372678     1.071
-0.830384  0.228282   0.50828  0.549786
-0.556542 -0.295802 -0.776378   1.52809
        0         0         0         1

-0.0268829 -0.927571  0.372678     1.071
-0.830384  0.228282   0.50828  0.549786
-0.556542 -0.295802 -0.776378   1.52809
        0         0         0         1

-0.0276932 -0.926581  0.375073   1.07052
-0.829059   0.23092  0.509252   0.54937
-0.558476 -0.296855 -0.774585   1.52326
        0         0         0         1

-0.0276932 -0.926581  0.375073   1.07052
-0.829059   0.23092  0.509252   0.54937
-0.558476 -0.296855 -0.774585   1.52326
        0         0         0         1

-0.0278446 -0.926866  0.374359   1.07044
-0.829212  0.230562  0.509165  0.549261
-0.558241 -0.296245 -0.774988   1.52288
        0         0         0         1

-0.0290768 -0.926721  0.374623   1.07071
-0.829521  0.231482  0.508244  0.548852
-0.557719  -0.29598 -0.775465   1.52221
        0         0         0         1

-0.0295501 -0.926424  0.375321   1.07094
-0.829777   0.23209  0.507548  0.548729
-0.557313 -0.296435 -0.775583   1.52158
        0         0         0         1

-0.0297413 -0.925574  0.377397   1.07038
-0.829885  0.233315  0.506809  0.548298
-0.557142 -0.298123 -0.775059    1.5206
        0         0         0         1

-0.031674 -0.923205  0.383001   1.07112
-0.828833   0.23842  0.506154  0.547234
-0.558599 -0.301412 -0.772734   1.52027
        0         0         0         1

-0.031674 -0.923205  0.383001   1.07112
-0.828833   0.23842  0.506154  0.547234
-0.558599 -0.301412 -0.772734   1.52027
        0         0         0         1

-0.0326165 -0.923483   0.38225   1.07058
 -0.82864  0.238826  0.506278  0.546689
-0.558831 -0.300234 -0.773025   1.51994
        0         0         0         1

-0.0326165 -0.923483   0.38225   1.07058
 -0.82864  0.238826  0.506278  0.546689
-0.558831 -0.300234 -0.773025   1.51994
        0         0         0         1

-0.0354467 -0.925901    0.3761   1.07001
-0.827949  0.237968   0.50781  0.546086
-0.559681 -0.293391 -0.775034   1.52085
        0         0         0         1

-0.0354467 -0.925901    0.3761   1.07001
-0.827949  0.237968   0.50781  0.546086
-0.559681 -0.293391 -0.775034   1.52085
        0         0         0         1

-0.0390227 -0.928556  0.369135   1.06951
-0.827457  0.237122  0.509006  0.546049
-0.560171  -0.28558 -0.777594   1.52113
        0         0         0         1

-0.0390227 -0.928556  0.369135   1.06951
-0.827457  0.237122  0.509006  0.546049
-0.560171  -0.28558 -0.777594   1.52113
        0         0         0         1

-0.0440827 -0.931735  0.360454   1.06915
-0.825575   0.23715  0.512041  0.545768
-0.562568 -0.275009 -0.779671   1.52207
        0         0         0         1

-0.0440827 -0.931735  0.360454   1.06915
-0.825575   0.23715  0.512041  0.545768
-0.562568 -0.275009 -0.779671   1.52207
        0         0         0         1

-0.0512058 -0.933979  0.353641   1.06794
-0.821554  0.240729  0.516816  0.545257
-0.567827 -0.264071 -0.779641   1.52455
        0         0         0         1

-0.0512058 -0.933979  0.353641   1.06794
-0.821554  0.240729  0.516816  0.545257
-0.567827 -0.264071 -0.779641   1.52455
        0         0         0         1

-0.0567146 -0.933956  0.352859   1.06773
-0.820245  0.245081   0.51685  0.545867
-0.569194 -0.260118 -0.779972   1.52703
        0         0         0         1

-0.0567146 -0.933956  0.352859   1.06773
-0.820245  0.245081   0.51685  0.545867
-0.569194 -0.260118 -0.779972   1.52703
        0         0         0         1

-0.0620478 -0.933986  0.351881   1.06728
-0.818559  0.249342  0.517483  0.546711
-0.571061 -0.255926 -0.779994   1.53083
        0         0         0         1

-0.0620478 -0.933986  0.351881   1.06728
-0.818559  0.249342  0.517483  0.546711
-0.571061 -0.255926 -0.779994   1.53083
        0         0         0         1

-0.0694338 -0.932405  0.354684   1.06596
-0.817783  0.256821  0.515048  0.549302
-0.571323 -0.254293 -0.780337   1.53788
        0         0         0         1

-0.0694338 -0.932405  0.354684   1.06596
-0.817783  0.256821  0.515048  0.549302
-0.571323 -0.254293 -0.780337   1.53788
        0         0         0         1

-0.0708641 -0.931462   0.35687    1.0629
 -0.81648  0.259688  0.515678  0.551155
-0.573009 -0.254834 -0.778922   1.54513
        0         0         0         1

-0.0708641 -0.931462   0.35687    1.0629
 -0.81648  0.259688  0.515678  0.551155
-0.573009 -0.254834 -0.778922   1.54513
        0         0         0         1

-0.0731271 -0.928884   0.36308   1.05995
-0.815906   0.26508  0.513838  0.556335
-0.573541 -0.258664 -0.777267     1.558
        0         0         0         1

-0.0731271 -0.928884   0.36308   1.05995
-0.815906   0.26508  0.513838  0.556335
-0.573541 -0.258664 -0.777267     1.558
        0         0         0         1

-0.0739167 -0.926334  0.369379    1.0597
-0.817039  0.268632  0.510181  0.560952
-0.571825 -0.264086 -0.776707   1.56899
        0         0         0         1

-0.0739167 -0.926334  0.369379    1.0597
-0.817039  0.268632  0.510181  0.560952
-0.571825 -0.264086 -0.776707   1.56899
        0         0         0         1

-0.0739293 -0.922115  0.379786   1.05833
-0.821936  0.272008  0.500433  0.566582
-0.564761 -0.275164 -0.778029   1.58212
        0         0         0         1

-0.0739293 -0.922115  0.379786   1.05833
-0.821936  0.272008  0.500433  0.566582
-0.564761 -0.275164 -0.778029   1.58212
        0         0         0         1

-0.070023 -0.912764   0.40244   1.05408
-0.831814   0.27611  0.481506  0.576849
-0.550619 -0.301039 -0.778585   1.60674
        0         0         0         1

-0.070023 -0.912764   0.40244   1.05408
-0.831814   0.27611  0.481506  0.576849
-0.550619 -0.301039 -0.778585   1.60674
        0         0         0         1

-0.066255 -0.905442  0.419268   1.05092
-0.840515  0.277088  0.465571  0.585017
-0.537721 -0.321555 -0.779396   1.62737
        0         0         0         1

-0.066255 -0.905442  0.419268   1.05092
-0.840515  0.277088  0.465571  0.585017
-0.537721 -0.321555 -0.779396   1.62737
        0         0         0         1

-0.0539304 -0.893483  0.445848   1.04313
-0.858754  0.269342  0.435886  0.599257
-0.509542 -0.359366 -0.781807   1.66244
        0         0         0         1

-0.0539304 -0.893483  0.445848   1.04313
-0.858754  0.269342  0.435886  0.599257
-0.509542 -0.359366 -0.781807   1.66244
        0         0         0         1

-0.0437697 -0.883777  0.465856   1.03744
 -0.87183  0.261493  0.414166  0.610817
-0.487848 -0.388019 -0.781949   1.69041
        0         0         0         1

-0.0437697 -0.883777  0.465856   1.03744
 -0.87183  0.261493  0.414166  0.610817
-0.487848 -0.388019 -0.781949   1.69041
        0         0         0         1

-0.0291356 -0.874194  0.484702      1.03
-0.886784  0.246372  0.391044  0.624238
-0.461265 -0.418432 -0.782399   1.72133
        0         0         0         1

-0.0291356 -0.874194  0.484702      1.03
-0.886784  0.246372  0.391044  0.624238
-0.461265 -0.418432 -0.782399   1.72133
        0         0         0         1

-0.0100998  -0.85873  0.512329   1.02027
-0.911946  0.218082  0.347556  0.650496
-0.410187 -0.463706 -0.785318    1.7707
        0         0         0         1

-0.0100998  -0.85873  0.512329   1.02027
-0.911946  0.218082  0.347556  0.650496
-0.410187 -0.463706 -0.785318    1.7707
        0         0         0         1

0.00390917 -0.848717  0.528833   1.01138
-0.927968  0.193988  0.318188   0.67082
-0.372639 -0.491984 -0.786824   1.80671
        0         0         0         1

0.00390917 -0.848717  0.528833   1.01138
-0.927968  0.193988  0.318188   0.67082
-0.372639 -0.491984 -0.786824   1.80671
        0         0         0         1

 0.023439 -0.836845  0.546938  0.997104
-0.951385  0.149392  0.269349  0.706536
-0.307112 -0.526662  -0.79266   1.86391
        0         0         0         1

 0.023439 -0.836845  0.546938  0.997104
-0.951385  0.149392  0.269349  0.706536
-0.307112 -0.526662  -0.79266   1.86391
        0         0         0         1

0.0359688 -0.832954  0.552172  0.986148
-0.964081  0.116577  0.238657  0.732743
-0.263161 -0.540923 -0.798842   1.90266
        0         0         0         1

0.0359688 -0.832954  0.552172  0.986148
-0.964081  0.116577  0.238657  0.732743
-0.263161 -0.540923 -0.798842   1.90266
        0         0         0         1

 0.046668 -0.831086  0.554182  0.971907
-0.979535 0.0706654  0.188462  0.775472
-0.195789 -0.551635  -0.81078   1.96498
        0         0         0         1

 0.046668 -0.831086  0.554182  0.971907
-0.979535 0.0706654  0.188462  0.775472
-0.195789 -0.551635  -0.81078   1.96498
        0         0         0         1

0.0522965    -0.831  0.553808   0.96059
-0.987651 0.0389751  0.151747  0.808314
-0.147687 -0.554905   -0.8187   2.00612
        0         0         0         1

0.0522965    -0.831  0.553808   0.96059
-0.987651 0.0389751  0.151747  0.808314
-0.147687 -0.554905   -0.8187   2.00612
        0         0         0         1

0.0534547 -0.831983  0.552219  0.958703
-0.989886 0.0286266   0.13895  0.819465
-0.131412 -0.554061 -0.822038   2.01752
        0         0         0         1

 0.0569578  -0.831754   0.552215   0.950691
 -0.993636 0.00661325   0.112449    0.84385
-0.0971816  -0.555105  -0.826084     2.0435
         0          0          0          1

 0.0549391  -0.835909   0.546111   0.943668
 -0.998031 -0.0293991  0.0554026   0.899832
-0.0302564  -0.548079  -0.835879    2.10302
         0          0          0          1

 0.0549391  -0.835909   0.546111   0.943668
 -0.998031 -0.0293991  0.0554026   0.899832
-0.0302564  -0.548079  -0.835879    2.10302
         0          0          0          1

 0.0556065   -0.83299   0.550487   0.931705
  -0.99813 -0.0604014 0.00942567   0.942928
 0.0253987  -0.549981  -0.834791    2.13267
         0          0          0          1

 0.0556065   -0.83299   0.550487   0.931705
  -0.99813 -0.0604014 0.00942567   0.942928
 0.0253987  -0.549981  -0.834791    2.13267
         0          0          0          1

 0.0479201  -0.836179    0.54636   0.916319
 -0.994498 -0.0909535 -0.0519747    1.00546
 0.0931535  -0.540863  -0.835936    2.18539
         0          0          0          1

 0.0479201  -0.836179    0.54636   0.916319
 -0.994498 -0.0909535 -0.0519747    1.00546
 0.0931535  -0.540863  -0.835936    2.18539
         0          0          0          1

 0.0415957  -0.837644    0.54463   0.907392
 -0.991029  -0.103884 -0.0840854    1.04347
  0.127012  -0.536246  -0.834451    2.22581
         0          0          0          1

 0.0415957  -0.837644    0.54463   0.907392
 -0.991029  -0.103884 -0.0840854    1.04347
  0.127012  -0.536246  -0.834451    2.22581
         0          0          0          1

0.0353477 -0.838887  0.543157  0.907873
-0.988761 -0.108357 -0.103007   1.06005
 0.145266 -0.533411 -0.833289   2.23285
        0         0         0         1

0.0280782 -0.838447  0.544259   0.90028
-0.982181  -0.12436  -0.14091   1.09497
  0.18583 -0.530604 -0.826998   2.24455
        0         0         0         1

0.00751667 -0.851904  0.523643  0.903377
-0.973018 -0.126994 -0.192636   1.15843
 0.230607 -0.508066 -0.829873   2.29611
        0         0         0         1

0.00751667 -0.851904  0.523643  0.903377
-0.973018 -0.126994 -0.192636   1.15843
 0.230607 -0.508066 -0.829873   2.29611
        0         0         0         1

-0.00959819 -0.854387  0.519548  0.895841
-0.963992  -0.13018 -0.231887   1.20196
 0.265756 -0.503067 -0.822373   2.32337
        0         0         0         1

