-0.0962433  0.472318  0.876158  0.632973
 0.691929 -0.601024  0.400005    1.0709
 0.715521  0.644737 -0.268966   1.76263
        0         0         0         1

-0.0881594  0.468114   0.87926  0.637106
 0.685712 -0.611734  0.394438   1.06445
 0.722515  0.637692 -0.267061   1.75488
        0         0         0         1

-0.0871586  0.473045  0.876716  0.635151
 0.665557 -0.627181  0.404571   1.05259
  0.74124  0.618767 -0.260174   1.75649
        0         0         0         1

-0.0768525  0.481345  0.873155  0.631878
 0.632497 -0.653438  0.415892   1.02821
  0.77074  0.584231 -0.254231   1.75745
        0         0         0         1

-0.0740118  0.478427  0.875003  0.635242
 0.619909 -0.665224   0.41616   1.02012
 0.781176  0.573223 -0.247346   1.75271
        0         0         0         1

-0.0680105  0.478735  0.875321  0.637526
 0.608052 -0.675688  0.416795   1.01133
 0.790978  0.560588 -0.245142   1.74863
        0         0         0         1

-0.0624844  0.484374  0.872627  0.636946
 0.591961 -0.685953  0.423143   1.00102
 0.803541  0.543001 -0.243869   1.74903
        0         0         0         1

-0.0597735  0.483379  0.873368  0.637517
 0.580738 -0.694785  0.424285  0.993512
 0.811893  0.532559 -0.239187   1.74505
        0         0         0         1

-0.0597325  0.486361  0.871714  0.633926
 0.570022 -0.700269  0.429766  0.983254
 0.819456  0.522567 -0.235408   1.74022
        0         0         0         1

-0.0463116  0.482184  0.874845  0.640846
 0.559193  -0.71319  0.422687  0.970919
 0.827743  0.508782 -0.236605    1.7244
        0         0         0         1

-0.0457863   0.48286    0.8745  0.640536
 0.546014  -0.72098  0.426681  0.961857
 0.836524  0.497025 -0.230637   1.72208
        0         0         0         1

-0.0477549  0.483104   0.87426  0.641674
 0.534846 -0.726843  0.430859  0.953802
 0.843599   0.48817 -0.223676   1.71676
        0         0         0         1

-0.0454861  0.480399   0.87587  0.646679
 0.524406 -0.734772  0.430243   0.94776
 0.850253  0.478881 -0.218502   1.71162
        0         0         0         1

-0.0493133  0.483968  0.873695  0.649237
 0.499729 -0.745437  0.441128  0.930711
 0.864777  0.458364 -0.205093   1.70582
        0         0         0         1

-0.0555609  0.490811  0.869493  0.647367
 0.487432 -0.746681  0.452634  0.919166
 0.871392  0.448967 -0.197751   1.69947
        0         0         0         1

-0.0583661  0.495468  0.866663  0.646011
 0.479112 -0.747725  0.459738  0.913206
 0.875811  0.442062 -0.193743   1.69815
        0         0         0         1

-0.0596591  0.497098  0.865641  0.651458
 0.468209 -0.751942  0.464074  0.901673
 0.881602  0.432987 -0.187885   1.68641
        0         0         0         1

-0.0596591  0.497098  0.865641  0.651458
 0.468209 -0.751942  0.464074  0.901673
 0.881602  0.432987 -0.187885   1.68641
        0         0         0         1

-0.0639749  0.500801  0.863195   0.65247
 0.468064 -0.748868  0.469162  0.894674
 0.881376  0.434045 -0.186498   1.67674
        0         0         0         1

-0.067034  0.505525  0.860204    0.6547
 0.462169  -0.74834  0.475801  0.883116
 0.884255  0.429454 -0.183474   1.66625
        0         0         0         1

-0.0675034  0.511305  0.856744  0.653987
 0.455366  -0.74826   0.48244  0.876311
 0.887741  0.422699 -0.182321   1.66292
        0         0         0         1

-0.0706256   0.51782  0.852569  0.651539
 0.453857 -0.744428  0.489736   0.86913
 0.888271  0.421532 -0.182441   1.65591
        0         0         0         1

-0.0705421  0.532802  0.843294   0.65042
 0.443431 -0.740526  0.504966  0.857056
 0.893528  0.409564 -0.184023   1.64951
        0         0         0         1

-0.0700924   0.53835  0.839802  0.652255
 0.440561 -0.738612  0.510253  0.851268
 0.894982  0.405749 -0.185405   1.64078
        0         0         0         1

-0.0731309  0.544443  0.835604  0.649361
 0.436871 -0.735698  0.517583  0.846062
 0.896546  0.402902 -0.184049   1.63535
        0         0         0         1

-0.0726833  0.550571  0.831618  0.648458
 0.432832 -0.733797  0.523639  0.840612
  0.89854  0.398011  -0.18497    1.6299
        0         0         0         1

-0.0722408  0.555388  0.828447  0.648415
 0.430218 -0.732021  0.528259  0.836624
  0.89983  0.394575 -0.186056   1.62244
        0         0         0         1

-0.0762809  0.559455  0.825343   0.64543
 0.426682  -0.72982   0.53414  0.831655
 0.901179  0.392904 -0.183038   1.61665
        0         0         0         1

-0.0751442  0.560754  0.824565  0.646609
 0.423755 -0.730567  0.535447  0.827447
 0.902654   0.38965 -0.182725   1.60909
        0         0         0         1

-0.0812599  0.566241  0.820224  0.642161
 0.412609 -0.730005  0.544836  0.819339
 0.907277  0.382705 -0.174316    1.6023
        0         0         0         1

 -0.08478  0.568024  0.818634   0.64057
 0.408055 -0.729742  0.548605  0.815772
 0.909012  0.380558 -0.169918   1.59712
        0         0         0         1

-0.0907122  0.568414  0.817726  0.639655
 0.407415 -0.728074  0.551291  0.813785
 0.908727  0.383163 -0.165535   1.58938
        0         0         0         1

-0.094536  0.568944  0.816925  0.638446
 0.397548 -0.730754  0.554936  0.810646
 0.912698  0.377228   -0.1571   1.58816
        0         0         0         1

-0.113465  0.571558  0.812679  0.631637
 0.391497 -0.726062  0.565301  0.805795
 0.913157  0.382303  -0.14138   1.57344
        0         0         0         1

-0.122711  0.572501  0.810669   0.62866
 0.388885 -0.723782  0.570007  0.803764
 0.913078  0.385203 -0.133821   1.56694
        0         0         0         1

-0.131604  0.573974  0.808229  0.624594
 0.383713 -0.722267  0.575408  0.801377
 0.914027  0.385854 -0.125188   1.56234
        0         0         0         1

 -0.14009  0.573061   0.80745  0.623293
 0.380062 -0.721901  0.578284  0.799927
 0.914291  0.387893 -0.116668    1.5569
        0         0         0         1

-0.149168  0.572885  0.805948  0.619697
 0.372463 -0.722479   0.58249  0.797613
  0.91598  0.387075 -0.105608   1.55622
        0         0         0         1

 -0.154879   0.568417   0.808031   0.620736
  0.368993  -0.725427   0.581034   0.797811
  0.916437   0.388147 -0.0973886     1.5535
         0          0          0          1

 -0.179108   0.562461   0.807192   0.612848
  0.366472  -0.723271   0.585301   0.796252
  0.913027   0.400645 -0.0765828    1.54299
         0          0          0          1

-0.189806  0.558874  0.807238  0.609808
 0.365384 -0.722922  0.586412  0.795769
   0.9113  0.406257 -0.066989   1.53819
        0         0         0         1

 -0.199064   0.553121   0.808969   0.607201
  0.370025  -0.721961   0.584683   0.796474
  0.907444   0.415728 -0.0609525    1.53103
         0          0          0          1

 -0.210775   0.546921   0.810217   0.602899
    0.3683  -0.723329   0.584081   0.796826
  0.905499   0.421512 -0.0489715    1.52618
         0          0          0          1

 -0.218875   0.540812   0.812167   0.599396
  0.369099  -0.724613   0.581981   0.797469
  0.903249   0.427151 -0.0410135    1.51936
         0          0          0          1

 -0.220927   0.539552    0.81245   0.597217
  0.370556  -0.724127    0.58166   0.797975
  0.902153   0.429563 -0.0399546    1.51472
         0          0          0          1

 -0.217517    0.54008   0.813019    0.59771
  0.368136   -0.72605   0.580799   0.798498
   0.90397   0.425635 -0.0408947    1.51486
         0          0          0          1

 -0.218099   0.544513     0.8099   0.592832
  0.367262   -0.72308   0.585042   0.797453
  0.904186   0.425042 -0.0422758    1.51149
         0          0          0          1

   -0.2143   0.545534   0.810227   0.594542
  0.368595  -0.723004   0.584297   0.799216
  0.904551    0.42386 -0.0461409    1.50931
         0          0          0          1

 -0.211125   0.550389   0.807773   0.593208
  0.371228  -0.719332   0.587155   0.799696
  0.904221   0.423831 -0.0524509    1.50443
         0          0          0          1

 -0.206162   0.565295   0.798711   0.588384
   0.37319  -0.709129   0.598219   0.798727
  0.904559   0.421401 -0.0647667    1.49635
         0          0          0          1

  -0.19507    0.58343   0.788389   0.589105
  0.369749  -0.700777    0.61008   0.799149
  0.908424   0.410514 -0.0790222    1.49323
         0          0          0          1

  -0.19507    0.58343   0.788389   0.589105
  0.369749  -0.700777    0.61008   0.799149
  0.908424   0.410514 -0.0790222    1.49323
         0          0          0          1

 -0.187069   0.595469   0.781295   0.589391
  0.367698  -0.695074   0.617795   0.799312
  0.910936   0.402851 -0.0889258    1.49189
         0          0          0          1

-0.177021  0.616517  0.767184   0.59067
 0.367163 -0.681855  0.632665  0.798898
 0.913157  0.393676  -0.10566   1.48686
        0         0         0         1

-0.170914  0.629484  0.757983   0.59034
 0.360606 -0.675963   0.64268  0.798051
 0.916925  0.383177 -0.111464   1.48728
        0         0         0         1

-0.170713  0.634846  0.753543  0.591144
 0.361866 -0.670932  0.647227  0.798305
 0.916466  0.383172 -0.115192   1.48482
        0         0         0         1

-0.165171  0.641975  0.748723  0.591967
 0.354482 -0.669779  0.652487  0.798117
 0.920359  0.373181 -0.116941   1.48482
        0         0         0         1

  -0.1686  0.643652  0.746516  0.591355
 0.353348 -0.667555  0.655374  0.797698
 0.920173  0.374276 -0.114883   1.48161
        0         0         0         1

-0.168591   0.64904  0.741838  0.592075
  0.34828  -0.66484  0.660824  0.797271
 0.922105  0.369776 -0.113962    1.4795
        0         0         0         1

-0.173238  0.653053  0.737232  0.593736
 0.347507 -0.659875  0.666187    0.7974
 0.921536  0.371602 -0.112625   1.47512
        0         0         0         1

 -0.17566  0.655963  0.734068  0.593043
 0.350307 -0.655206   0.66932  0.796726
 0.920015  0.374722 -0.114696   1.47263
        0         0         0         1

-0.172857  0.658651  0.732325  0.595456
 0.351376 -0.653358  0.670566    0.7978
 0.920139  0.373233 -0.118497   1.47249
        0         0         0         1

-0.171035  0.660911  0.730715  0.597811
 0.353869 -0.650951  0.671595  0.798373
 0.919524  0.373444  -0.12254   1.47204
        0         0         0         1

-0.169364   0.66619  0.726297  0.597691
 0.353922 -0.646674  0.675686   0.79844
 0.919813  0.371489 -0.126256   1.47277
        0         0         0         1

-0.169382  0.669629  0.723123  0.598595
 0.357648 -0.641944   0.67823   0.79887
 0.918367  0.373503 -0.130758   1.47182
        0         0         0         1

-0.173705   0.67267  0.719265  0.600309
 0.363084 -0.635171  0.681709  0.799707
 0.915422   0.37957 -0.133903   1.47029
        0         0         0         1

-0.182383  0.671387  0.718315  0.603552
 0.366119 -0.631657  0.683349  0.801346
  0.91252   0.38762 -0.130604   1.46694
        0         0         0         1

-0.185068  0.671902  0.717145  0.603569
 0.366201 -0.630041  0.684796  0.801375
 0.911947  0.389353 -0.129451   1.46662
        0         0         0         1

-0.203652  0.667646  0.716083  0.608383
 0.369918  -0.62472  0.687667  0.804014
 0.906469  0.404937 -0.119749   1.46253
        0         0         0         1

-0.206058  0.667297   0.71572  0.608818
 0.370177 -0.623904  0.688268  0.804277
  0.90582  0.406766 -0.118458   1.46203
        0         0         0         1

-0.212474  0.666508  0.714578  0.611064
 0.370943 -0.621522  0.690009  0.805195
 0.904022  0.411677 -0.115179   1.46244
        0         0         0         1

-0.215065  0.666475  0.713833  0.611959
 0.371509 -0.620151  0.690937  0.805632
 0.903177  0.413792 -0.114229   1.46242
        0         0         0         1

 -0.21798  0.665403   0.71395  0.614519
 0.373735 -0.618864   0.69089  0.807097
 0.901558  0.417429 -0.113784   1.46136
        0         0         0         1

-0.218406  0.664639  0.714531   0.61528
 0.373995 -0.619292  0.690366  0.807416
 0.901347  0.418011 -0.113315   1.46103
        0         0         0         1

-0.227449  0.661046  0.715042  0.613944
 0.373268 -0.619017  0.691005  0.808035
  0.89941  0.424071 -0.105953   1.45791
        0         0         0         1

 -0.249802   0.647472   0.719985   0.613722
  0.368457  -0.624062   0.689047   0.809157
  0.895454   0.437409 -0.0826735    1.45211
         0          0          0          1

 -0.272751   0.631586   0.725746    0.61618
  0.358443  -0.633327   0.685868   0.811521
  0.892819    0.44721 -0.0536473     1.4469
         0          0          0          1

 -0.277896   0.628039   0.726871   0.616976
  0.354892   -0.63602   0.685222    0.81201
  0.892651   0.448381 -0.0461389    1.44615
         0          0          0          1

  -0.30011   0.616968    0.72752    0.61719
  0.339381  -0.643714   0.685895   0.812981
   0.89149   0.452751 -0.0162023    1.44303
         0          0          0          1

-0.327132  0.601088  0.729163  0.617243
 0.325135 -0.652913  0.684099  0.814131
 0.887284  0.460867 0.0181543   1.43611
        0         0         0         1

-0.342546  0.589258  0.731735  0.618397
 0.317065 -0.660654  0.680445  0.815809
 0.884382  0.465092 0.0394716   1.43124
        0         0         0         1

-0.355035  0.578751  0.734164  0.619434
 0.313224 -0.666291  0.676718  0.817418
 0.880818  0.470217 0.0552781   1.42721
        0         0         0         1

-0.369444  0.572063  0.732294  0.616297
 0.308352 -0.667925  0.677344  0.817549
 0.876601  0.476046 0.0703641   1.42084
        0         0         0         1

-0.380581  0.560603  0.735447  0.619284
 0.304166 -0.675157  0.672047  0.819229
 0.873293  0.479466 0.0864359   1.41692
        0         0         0         1

-0.396451 0.549885 0.735155 0.618814
0.299563 -0.67946 0.669774 0.820422
0.867807 0.485758 0.104648  1.41223
       0        0        0        1

-0.420162  0.528075  0.737971  0.622191
 0.294597 -0.689812  0.661341  0.823409
 0.858298  0.495275  0.134263   1.40252
        0         0         0         1

-0.427659  0.518075  0.740747   0.62509
 0.291581 -0.696599  0.655538    0.8247
 0.855622  0.496334  0.146846   1.40099
        0         0         0         1

-0.433192  0.515265  0.739491  0.622662
 0.283647 -0.700843  0.654495  0.823867
 0.855505  0.493276  0.157446   1.40139
        0         0         0         1

-0.432742  0.505406  0.746525  0.628442
  0.28829 -0.707014  0.645771  0.827018
  0.85418  0.494668  0.160251   1.39752
        0         0         0         1

 -0.42931   0.50565  0.748339  0.628922
 0.287678 -0.708864  0.644013  0.827573
 0.856116  0.491762  0.158858   1.39668
        0         0         0         1

-0.428478  0.506576  0.748189  0.628978
 0.292259 -0.705837  0.645274  0.827617
  0.85498  0.495151  0.154385   1.39276
        0         0         0         1

-0.424015  0.504104   0.75239  0.633576
 0.295963 -0.708028  0.641173  0.830072
 0.855931  0.494547  0.151018   1.39187
        0         0         0         1

-0.427141  0.505842   0.74945  0.632655
 0.291945 -0.707316  0.643795  0.829295
 0.855756  0.493789  0.154445   1.39185
        0         0         0         1

-0.429549  0.503929  0.749361  0.633547
 0.295361 -0.705777  0.643926  0.830274
 0.853375   0.49793  0.154324   1.38918
        0         0         0         1

-0.432688  0.500244  0.750025  0.635957
 0.299236 -0.705083  0.642897  0.831306
 0.850435  0.502608   0.15539    1.3849
        0         0         0         1

-0.431717  0.497609  0.752333  0.638977
 0.300771 -0.706915  0.640162  0.832085
 0.850386  0.502649  0.155521   1.38465
        0         0         0         1

-0.424767  0.496686  0.756885  0.644912
 0.305443 -0.708407  0.636289  0.833987
 0.852219   0.50146  0.149199   1.38481
        0         0         0         1

-0.424767  0.496686  0.756885  0.644912
 0.305443 -0.708407  0.636289  0.833987
 0.852219   0.50146  0.149199   1.38481
        0         0         0         1

-0.423859  0.499095  0.755809  0.643471
 0.303602 -0.707908  0.637724  0.833314
 0.853328   0.49977  0.148527   1.38731
        0         0         0         1

-0.424058  0.497218  0.756934  0.645457
 0.305186 -0.708461  0.636352  0.834208
 0.852664  0.500856  0.148685   1.38752
        0         0         0         1

-0.425606   0.49536  0.757284  0.645327
 0.306475 -0.708498  0.635692  0.834471
  0.85143  0.502642  0.149726    1.3873
        0         0         0         1

-0.429151  0.492652  0.757049  0.644723
 0.308174 -0.707998  0.635428  0.834499
 0.849034  0.505997  0.152015   1.38693
        0         0         0         1

-0.430564  0.489605  0.758223  0.646431
 0.307793 -0.710071  0.633295  0.834962
 0.848456   0.50605  0.155034   1.38994
        0         0         0         1

 -0.43597  0.477658   0.76274  0.649441
 0.314985 -0.712933  0.626507  0.836809
 0.843039   0.51339  0.160362   1.39255
        0         0         0         1

-0.441408  0.466894   0.76627  0.652426
 0.325259 -0.712634  0.621578   0.83914
 0.836281  0.523606  0.162701    1.3927
        0         0         0         1

-0.441531  0.461782   0.76929  0.654012
 0.329236 -0.714199  0.617676  0.840844
 0.834658  0.526001  0.163306   1.39539
        0         0         0         1

-0.444375  0.459015  0.769309   0.65331
 0.334377 -0.711706  0.617792  0.841715
 0.831098   0.53177   0.16278   1.39701
        0         0         0         1

-0.447864  0.454607  0.769903  0.652532
 0.343539 -0.707497  0.617599  0.842668
 0.825469  0.541092  0.160687   1.39717
        0         0         0         1

-0.442711   0.44963  0.775783  0.654951
 0.366193 -0.699086  0.614151   0.84762
  0.81848  0.555978  0.144842   1.40892
        0         0         0         1

-0.442711   0.44963  0.775783  0.654951
 0.366193 -0.699086  0.614151   0.84762
  0.81848  0.555978  0.144842   1.40892
        0         0         0         1

-0.439757  0.448703  0.777997  0.658197
 0.375762 -0.694869  0.613156  0.850447
 0.815731  0.561982  0.136968   1.41493
        0         0         0         1

 -0.43666  0.451371  0.778198  0.658238
 0.381164 -0.690719  0.614509  0.851917
 0.814887  0.564953  0.129563   1.42292
        0         0         0         1

-0.432946 0.449877 0.781133 0.660722
0.395717 -0.68374 0.613113 0.854606
0.809917 0.574553 0.117998  1.42558
       0        0        0        1

-0.429505  0.452789   0.78135  0.661503
 0.418828 -0.666663  0.616557  0.858827
 0.800067  0.592066 0.0966945   1.43174
        0         0         0         1

-0.427786  0.451597  0.782981  0.663215
 0.430249 -0.660077  0.615779  0.862061
 0.794912  0.600298 0.0880725   1.43747
        0         0         0         1

 -0.42538  0.453805  0.783015  0.663312
 0.439076 -0.653065  0.617024  0.864098
 0.791368  0.606273 0.0785456   1.44464
        0         0         0         1

-0.425497  0.450065  0.785107  0.666132
  0.46856 -0.632649  0.616609  0.871188
 0.774211  0.630236 0.0583079   1.45005
        0         0         0         1

-0.425497  0.450065  0.785107  0.666132
  0.46856 -0.632649  0.616609  0.871188
 0.774211  0.630236 0.0583079   1.45005
        0         0         0         1

-0.423534  0.452382  0.784837  0.665888
 0.477916 -0.624415   0.61782  0.874038
 0.769555  0.636754 0.0482606   1.45732
        0         0         0         1

-0.421407  0.452098  0.786145  0.666308
 0.499615 -0.607718  0.617303  0.880317
 0.756836  0.652905  0.030222   1.47248
        0         0         0         1

-0.417145  0.450496  0.789331  0.669851
   0.5136 -0.599676  0.613681  0.884852
 0.749803  0.661394 0.0187769   1.48092
        0         0         0         1

-0.420042   0.44694  0.789816  0.669609
 0.530089 -0.585574  0.613277  0.889086
 0.736594  0.676275 0.0090475   1.48361
        0         0         0         1

  -0.411734    0.445335     0.79508    0.675252
    0.54252   -0.581231    0.606501    0.894126
   0.732221    0.681063 -0.00229045     1.49551
          0           0           0           1

 -0.415779   0.445361   0.792958   0.670361
  0.554891  -0.566579   0.609167    0.89711
  0.720572   0.693284 -0.0115553    1.50238
         0          0          0          1

 -0.414756   0.441924   0.795412   0.670948
  0.572836  -0.552374   0.605592   0.902572
  0.706991   0.706814 -0.0240496    1.50755
         0          0          0          1

 -0.414967   0.432228   0.800613    0.66752
  0.607207  -0.523752   0.597481    0.91278
  0.677571   0.734073 -0.0451119    1.51923
         0          0          0          1

 -0.407224   0.421614   0.810191   0.669077
  0.644207  -0.496228   0.582027   0.926495
   0.64743   0.758946 -0.0695305    1.53246
         0          0          0          1

 -0.407224   0.421614   0.810191   0.669077
  0.644207  -0.496228   0.582027   0.926495
   0.64743   0.758946 -0.0695305    1.53246
         0          0          0          1

 -0.404212    0.41828   0.813422   0.665685
  0.662433  -0.479353   0.575676   0.932763
   0.63071   0.771533 -0.0833222    1.54597
         0          0          0          1

-0.393032   0.41453  0.820787  0.664481
  0.69153 -0.455079  0.560971   0.94393
 0.606062  0.788079 -0.107799   1.55864
        0         0         0         1

-0.385565  0.410414  0.826378  0.665212
  0.70673 -0.444433  0.550465  0.951192
 0.593188  0.796266 -0.118694   1.56762
        0         0         0         1

-0.384629  0.408483  0.827769  0.661206
  0.71861 -0.430339  0.546268  0.957858
 0.579362  0.804954 -0.128019     1.576
        0         0         0         1

-0.376046  0.407063    0.8324  0.661048
 0.735222 -0.415667  0.535416  0.966772
 0.563949  0.813339 -0.142972   1.58254
        0         0         0         1

-0.372263  0.402111  0.836497  0.659531
 0.750244  -0.40022  0.526267  0.974387
   0.5464  0.823487 -0.152694   1.58868
        0         0         0         1

-0.368197  0.401119   0.83877  0.657287
 0.763076 -0.385033  0.519101  0.981751
 0.531175  0.831176 -0.164316   1.59813
        0         0         0         1

-0.358565  0.394483  0.846058  0.655311
   0.7858 -0.361714  0.501679  0.996977
 0.503935  0.844717 -0.180287   1.61596
        0         0         0         1

-0.355446  0.388823  0.849985  0.651135
 0.801315 -0.341399  0.491265   1.00836
   0.4812  0.855724 -0.190221   1.62465
        0         0         0         1

-0.358479  0.384476  0.850689  0.645049
 0.807113 -0.330265  0.489382   1.01299
 0.469108  0.862035 -0.191922   1.62979
        0         0         0         1

-0.344508  0.380372  0.858272  0.650412
 0.822099 -0.319197  0.471451   1.02698
 0.453285  0.868004 -0.202738   1.64494
        0         0         0         1

 -0.34588  0.369178  0.862598  0.641189
 0.835341   -0.2975  0.462276   1.04031
 0.427285  0.880455 -0.205491   1.65649
        0         0         0         1

-0.336962   0.36532  0.867754  0.641835
 0.846403 -0.286143  0.449137     1.051
 0.412381  0.885812 -0.212789   1.66522
        0         0         0         1

-0.332053  0.360356  0.871713  0.640158
 0.856313 -0.272384  0.438788   1.05975
 0.395561  0.892161 -0.218131   1.66996
        0         0         0         1

-0.322648   0.34445  0.881619  0.637801
 0.876024 -0.244057  0.415954   1.08214
  0.35844  0.906527 -0.223002   1.67905
        0         0         0         1

-0.322648   0.34445  0.881619  0.637801
 0.876024 -0.244057  0.415954   1.08214
  0.35844  0.906527 -0.223002   1.67905
        0         0         0         1

-0.320995  0.338935  0.884356  0.632761
 0.880222 -0.237853  0.410653   1.09028
 0.349532  0.910247 -0.221989   1.68936
        0         0         0         1

-0.317478  0.326758  0.890189  0.628235
 0.891628 -0.216711  0.397538   1.10937
 0.322812  0.919927 -0.222545   1.70101
        0         0         0         1

-0.306591  0.319885   0.89648  0.637491
 0.898651 -0.213159  0.383393   1.12395
 0.313734  0.923167 -0.222112   1.71421
        0         0         0         1

 -0.30543  0.313843  0.899008  0.637629
 0.902953 -0.204275  0.378083   1.13277
 0.302304   0.92724 -0.220994   1.71618
        0         0         0         1

-0.312296  0.304998  0.899693  0.631739
 0.904332 -0.194614   0.37988   1.14303
 0.290955  0.932256 -0.215042   1.71872
        0         0         0         1

-0.323691  0.290562  0.900443  0.619922
 0.908114 -0.171759  0.381874   1.16344
 0.265618  0.941314 -0.208266   1.72526
        0         0         0         1

-0.319764  0.286729  0.903071  0.623332
 0.911237 -0.168085  0.376024   1.18433
  0.25961  0.943151 -0.207531   1.74115
        0         0         0         1

-0.318561  0.286461  0.903581  0.624474
 0.911861 -0.167744  0.374661    1.1861
 0.258896  0.943293 -0.207776   1.74183
        0         0         0         1

-0.328892  0.281418  0.901462  0.612354
 0.910305 -0.159588  0.381938   1.19303
 0.251347  0.946222 -0.203689   1.74289
        0         0         0         1

