-0.223476 0.0576978     0.973  0.334309
 0.869382 -0.439563  0.225743   1.08402
 0.440719  0.896357 0.0480704   1.84896
        0         0         0         1

-0.227148 0.0603425  0.971989  0.333671
 0.855336 -0.464839  0.228745   1.05933
 0.465622  0.883336 0.0539744   1.85876
        0         0         0         1

-0.224084 0.0598452  0.972731  0.337098
 0.846418 -0.482796  0.224689   1.03652
 0.483077  0.873686 0.0575329   1.86169
        0         0         0         1

  -0.2293 0.0577641   0.97164   0.32968
 0.839725 -0.493066  0.227482   1.01425
 0.492223  0.868072  0.064554   1.85803
        0         0         0         1

 -0.23357 0.0539983   0.97084  0.322617
 0.837868 -0.495453  0.229136   1.00134
 0.493379  0.866955 0.0704794   1.85235
        0         0         0         1

-0.232936 0.0578978  0.970767  0.322295
 0.827947 -0.511835  0.229193  0.979101
 0.510142  0.857131 0.0712884   1.85465
        0         0         0         1

  -0.2342 0.0612508  0.970257  0.320979
 0.821419 -0.521367  0.231187  0.967193
  0.52002  0.851131 0.0717916   1.85611
        0         0         0         1

-0.228519 0.0579743  0.971812  0.320718
 0.817068  -0.53132  0.223828  0.951005
  0.52932  0.845185 0.0740479   1.84854
        0         0         0         1

-0.219157  0.063548  0.973618  0.320591
 0.802476  -0.55586  0.216914  0.923405
 0.554979  0.828844 0.0708246   1.85088
        0         0         0         1

-0.211775 0.0697225  0.974828  0.320613
 0.791263 -0.573218  0.212895  0.907386
 0.573633  0.816431 0.0662245   1.85506
        0         0         0         1

-0.204584 0.0678084  0.976497  0.320748
 0.788552 -0.579631  0.205458  0.896744
  0.57994  0.812053  0.065113   1.84801
        0         0         0         1

  -0.2058 0.0678741  0.976237   0.31383
 0.776483 -0.595821  0.205115  0.868605
 0.595585  0.800244 0.0699169   1.83438
        0         0         0         1

-0.203252 0.0648613  0.976976  0.315093
 0.771313 -0.604027  0.200567  0.857994
 0.603129   0.79432 0.0727415   1.82759
        0         0         0         1

  -0.1991 0.0703008  0.977454  0.314045
 0.763813 -0.613758  0.199726  0.844185
 0.613961  0.786358 0.0685024   1.82677
        0         0         0         1

-0.197873 0.0776743  0.977145  0.309027
 0.752062 -0.627323   0.20216  0.827122
 0.628688  0.774876 0.0657143   1.82748
        0         0         0         1

-0.189377 0.0821521  0.978462   0.30728
 0.741723 -0.641006  0.197377   0.80521
 0.643415  0.763126  0.060458    1.8205
        0         0         0         1

-0.189114 0.0833005  0.978416  0.306008
 0.737759 -0.645511  0.197556  0.798719
 0.648034  0.759195 0.0606194   1.81872
        0         0         0         1

-0.187933 0.0916332  0.977898  0.303643
 0.727857 -0.655515  0.201304  0.783347
 0.659473  0.749602 0.0564969   1.81469
        0         0         0         1

-0.176179 0.0986889  0.979399  0.307445
 0.718399  -0.66731   0.19647  0.766439
 0.672952  0.738213 0.0466677    1.8035
        0         0         0         1

-0.175563  0.109228   0.97839  0.304618
 0.703409 -0.681391  0.202291  0.746287
 0.688762  0.723723 0.0427955   1.79635
        0         0         0         1

-0.177671  0.113385  0.977536  0.301974
 0.698269 -0.685428  0.206416  0.739817
 0.693435  0.719258 0.0426076   1.79524
        0         0         0         1

-0.169884  0.117427  0.978443  0.306415
 0.692239 -0.692442  0.203294  0.732955
 0.701387  0.711853 0.0363471   1.78931
        0         0         0         1

-0.170426  0.134177  0.976192  0.302062
 0.675704 -0.705158  0.214889  0.710338
 0.717203  0.696239 0.0295129   1.77526
        0         0         0         1

-0.161637  0.143908  0.976301  0.304602
 0.666006 -0.714132  0.215528  0.701552
 0.728224  0.685059 0.0195862   1.77257
        0         0         0         1

-0.159788  0.157332  0.974533  0.302558
 0.653318 -0.723224   0.22388  0.688511
 0.740029  0.672454 0.0127747    1.7706
        0         0         0         1

 -0.153769   0.162155   0.974711   0.305608
  0.646361  -0.729612   0.223349   0.681846
  0.747377   0.664359 0.00738116     1.7651
         0          0          0          1

 -0.152888   0.167522   0.973941   0.303296
  0.639937  -0.734213   0.226744   0.673118
  0.753065   0.657927 0.00504828     1.7559
         0          0          0          1

   -0.148369     0.174908     0.973342     0.304399
    0.629952    -0.741993      0.22936     0.664636
     0.76233     0.647189 -9.52982e-05      1.75138
           0            0            0            1

  -0.144505    0.187628    0.971552    0.303172
   0.615222   -0.751972    0.236728    0.647744
   0.774997    0.631929 -0.00676946     1.73801
          0           0           0           1

 -0.137801   0.193843   0.971306   0.304215
  0.607413  -0.758065   0.237461   0.641474
  0.782343   0.622706 -0.0132809    1.73181
         0          0          0          1

-0.133176  0.200511  0.970598  0.303775
  0.60105 -0.762338  0.239957  0.632976
 0.788038  0.615334 -0.018992   1.72597
        0         0         0         1

 -0.126355   0.206795   0.970191   0.304231
  0.589264  -0.771125   0.241109   0.624688
  0.797999   0.602164 -0.0244218    1.72348
         0          0          0          1

 -0.117334   0.214172   0.969723   0.304811
  0.578604   -0.77887    0.24203   0.611126
  0.807124   0.589484 -0.0325332    1.70951
         0          0          0          1

 -0.114895   0.217614   0.969249   0.303625
  0.571261  -0.783759   0.243686   0.603433
  0.812687   0.581692 -0.0342645    1.70319
         0          0          0          1

 -0.113531   0.221843   0.968451    0.30263
  0.560335  -0.790641     0.2468   0.594853
  0.820448   0.570677 -0.0345441    1.69971
         0          0          0          1

 -0.115446   0.218863   0.968902   0.303556
  0.554069   -0.79539   0.245687   0.589521
  0.824427   0.565203 -0.0294405    1.69166
         0          0          0          1

 -0.115238   0.217975   0.969127   0.305795
  0.547288   -0.80026   0.245072   0.586004
  0.828973   0.558633 -0.0270748    1.68717
         0          0          0          1

  -0.133191    0.213294    0.967866    0.303535
   0.537595   -0.804868    0.251354    0.576607
   0.832617    0.553798 -0.00746471     1.67514
          0           0           0           1

-0.151326   0.20917    0.9661  0.302043
 0.527549 -0.809437  0.257884  0.567288
 0.835938  0.548689  0.012142   1.66562
        0         0         0         1

-0.169995 0.201154 0.964696 0.305147
0.521143  -0.8125 0.261253 0.559947
0.836368 0.547157 0.033291   1.6521
       0        0        0        1

-0.170909  0.200536  0.964663  0.305407
 0.520763 -0.812754   0.26122  0.559599
 0.836418  0.547006 0.0344749   1.65142
        0         0         0         1

-0.179627  0.201245   0.96293  0.303184
 0.517954 -0.812837  0.266496  0.552614
 0.836336  0.546623 0.0417716   1.64531
        0         0         0         1

-0.181202  0.199738  0.962949    0.3042
 0.515561 -0.814529  0.265968  0.547893
 0.837474  0.544653 0.0446171   1.64276
        0         0         0         1

-0.185065  0.199558  0.962251  0.303109
 0.513158 -0.815444  0.267805  0.539447
 0.838105  0.543348 0.0485056   1.63381
        0         0         0         1

-0.187085  0.199704   0.96183  0.303919
 0.513954 -0.814521  0.269087   0.53436
 0.837168  0.544678 0.0497463   1.62442
        0         0         0         1

-0.189691  0.200218  0.961213  0.302584
 0.512561 -0.814806  0.270873  0.525309
 0.837436  0.544062 0.0519379   1.61275
        0         0         0         1

-0.189714  0.200075  0.961238  0.302662
 0.512636 -0.814793   0.27077  0.525243
 0.837385  0.544134 0.0520123   1.61228
        0         0         0         1

-0.187265   0.20184  0.961349  0.304293
 0.508409 -0.817472  0.270667  0.519998
 0.840507  0.539445 0.0504665   1.60742
        0         0         0         1

-0.188986   0.20442  0.960467  0.305037
 0.502491 -0.820203   0.27344  0.513306
 0.843674  0.534303 0.0522879   1.60075
        0         0         0         1

-0.195722  0.210203  0.957866  0.303303
 0.491995 -0.823889  0.281332  0.505279
 0.848313  0.526328 0.0578339   1.59479
        0         0         0         1

-0.198455  0.211883  0.956933  0.303078
 0.487871 -0.825443  0.283947  0.502963
 0.850057   0.52321 0.0604421   1.59282
        0         0         0         1

-0.204592  0.214771  0.954995  0.302961
  0.48323 -0.826296  0.289351  0.498595
 0.851253  0.520681 0.0652695   1.58603
        0         0         0         1

-0.206255  0.218905  0.953698  0.302357
 0.480426 -0.826434  0.293595  0.495725
 0.852437  0.518737 0.0652888   1.58198
        0         0         0         1

-0.205536  0.222668  0.952982  0.302837
 0.476516 -0.827772  0.296186  0.492232
 0.854803  0.514988 0.0640316   1.57809
        0         0         0         1

-0.202319  0.228971  0.952176  0.303034
 0.470428 -0.830038  0.299557  0.485861
 0.858932  0.508537 0.0602177   1.56966
        0         0         0         1

-0.201066  0.232946  0.951477  0.302319
 0.467389 -0.830807  0.302171  0.481672
 0.860883  0.505466 0.0581705     1.566
        0         0         0         1

-0.200842  0.237432  0.950415   0.30171
  0.46258 -0.832222  0.305658  0.476743
 0.863529  0.501032 0.0573139   1.56219
        0         0         0         1

-0.199496  0.241703  0.949621  0.301328
 0.458219 -0.833608  0.308437  0.473096
 0.866162  0.496666 0.0555486    1.5594
        0         0         0         1

-0.203692  0.249439  0.946726  0.301185
 0.449901 -0.835001  0.316801  0.465596
  0.86954  0.490462 0.0578598   1.55256
        0         0         0         1

-0.209526  0.255338  0.943876  0.298864
  0.44224 -0.836184  0.324376  0.459497
  0.87208  0.485385 0.0622815   1.54831
        0         0         0         1

-0.210561  0.255616   0.94357  0.300099
 0.440911 -0.836629  0.325037  0.458487
 0.872503   0.48447 0.0634576   1.54489
        0         0         0         1

-0.210382  0.260433  0.942292  0.299229
 0.436162 -0.837615  0.328882  0.454543
  0.87493  0.480183  0.062628   1.54304
        0         0         0         1

-0.213983  0.264638  0.940307  0.297552
 0.432135 -0.837644  0.334084  0.450135
 0.876054  0.477828  0.064882    1.5387
        0         0         0         1

-0.215761  0.268416  0.938829   0.29796
 0.426955 -0.838758  0.337928  0.447207
 0.878155  0.473749 0.0663694   1.53336
        0         0         0         1

-0.214287  0.276269  0.936887  0.296094
  0.42024 -0.839781  0.343753  0.441105
 0.881748  0.467379 0.0638546   1.52703
        0         0         0         1

-0.211841  0.278869  0.936673  0.296088
 0.416521 -0.841259  0.344664   0.43866
   0.8841  0.463158 0.0620581   1.52366
        0         0         0         1

-0.207714  0.283578  0.936183  0.295901
 0.411174 -0.843089  0.346608  0.435097
 0.887576   0.45693 0.0585216   1.52248
        0         0         0         1

 -0.20801  0.289721  0.934234  0.294447
 0.405104  -0.84384  0.351886   0.42955
 0.890293  0.451658 0.0581603   1.51626
        0         0         0         1

-0.206701  0.293067  0.933481  0.293531
 0.402963 -0.843909  0.354174  0.425688
 0.891569  0.449366 0.0563414   1.51141
        0         0         0         1

-0.205024  0.295674  0.933028  0.292667
 0.400686 -0.844381  0.355629  0.421907
 0.892981  0.446764 0.0546461   1.50766
        0         0         0         1

-0.205227  0.294262   0.93343  0.292487
   0.4021  -0.84417  0.354531  0.420876
 0.892299  0.448092 0.0549238   1.50356
        0         0         0         1

-0.202627    0.2989  0.932524  0.290023
 0.401337 -0.843281    0.3575  0.414486
 0.893236  0.446695 0.0509116   1.50046
        0         0         0         1

-0.202204   0.30101  0.931937  0.288662
 0.400948 -0.842745  0.359196  0.412096
 0.893507  0.446289 0.0497168   1.49933
        0         0         0         1

-0.200917  0.299589  0.932673  0.289041
 0.402716 -0.842654  0.357426  0.410407
 0.893002  0.447416  0.048654   1.49556
        0         0         0         1

-0.197112  0.300872  0.933072  0.287883
  0.40442 -0.842039  0.356952  0.405107
  0.89308  0.447712 0.0442972   1.49145
        0         0         0         1

-0.197027  0.301681  0.932828  0.286985
 0.405348 -0.841279   0.35769  0.402171
 0.892677  0.448595 0.0434691   1.48752
        0         0         0         1

-0.195284  0.301316  0.933313  0.287432
 0.406809  -0.84102  0.356639  0.401187
 0.892396  0.449326 0.0416597   1.48423
        0         0         0         1

-0.192408  0.303392  0.933237  0.286781
 0.406569   -0.8409  0.357197  0.397486
  0.89313  0.448153 0.0384465    1.4809
        0         0         0         1

-0.188903  0.307537  0.932597  0.284806
 0.406257 -0.840138  0.359337  0.392866
 0.894019  0.446754 0.0337658    1.4768
        0         0         0         1

-0.184808  0.308415  0.933127  0.285702
 0.408261 -0.839586  0.358355  0.391984
 0.893963  0.447186 0.0292485   1.47279
        0         0         0         1

-0.181932  0.310591   0.93297  0.285358
 0.407876 -0.839493  0.359009  0.389958
 0.894728  0.445852 0.0260484   1.47105
        0         0         0         1

-0.175371  0.313717  0.933181  0.285281
 0.407653 -0.839655  0.358885  0.386879
 0.896138  0.443352 0.0193632   1.46912
        0         0         0         1

-0.173336    0.3139  0.933499  0.285834
 0.408104 -0.839748  0.358154  0.386609
 0.896329  0.443046 0.0174544   1.46792
        0         0         0         1

-0.173608  0.314727  0.933171  0.284124
 0.408911 -0.838979  0.359034  0.384141
 0.895908  0.443915 0.0169579   1.46454
        0         0         0         1

-0.173441  0.313745  0.933532  0.283111
 0.409633  -0.83903  0.358091  0.380159
 0.895611  0.444513 0.0170024   1.46001
        0         0         0         1

-0.172551  0.314995  0.933276   0.28249
 0.409108  -0.83898  0.358808  0.378303
 0.896023  0.443724 0.0158993   1.45908
        0         0         0         1

-0.175307  0.313087  0.933405  0.281757
 0.410041 -0.838724   0.35834  0.376492
 0.895061  0.445554 0.0186562   1.45468
        0         0         0         1

-0.176328  0.314232  0.932827  0.281046
 0.408016 -0.839094  0.359783  0.374166
 0.895786  0.444048 0.0197438   1.45405
        0         0         0         1

 -0.18055  0.310566  0.933247   0.28082
 0.407701 -0.839855  0.358362  0.373167
 0.895087  0.445189 0.0250178   1.44835
        0         0         0         1

-0.183663  0.308673  0.933268  0.279797
 0.407355 -0.840159  0.358044  0.371565
 0.894612   0.44593 0.0285663   1.44419
        0         0         0         1

-0.186377  0.308073  0.932928  0.278419
 0.405695 -0.840697  0.358665  0.369228
 0.894805  0.445331 0.0317032   1.44259
        0         0         0         1

-0.189933  0.306521  0.932722  0.277622
 0.404256 -0.841329  0.358806  0.368164
 0.894708  0.445208 0.0358836   1.44032
        0         0         0         1

-0.193034  0.305505  0.932419  0.276794
 0.402257 -0.842121  0.359196  0.366703
 0.894946  0.444409 0.0396663   1.43847
        0         0         0         1

-0.201208  0.298063  0.933099  0.275001
  0.40004 -0.844518  0.356029  0.364457
 0.894138  0.444913 0.0506864   1.42986
        0         0         0         1

-0.201208  0.298063  0.933099  0.275001
  0.40004 -0.844518  0.356029  0.364457
 0.894138  0.444913 0.0506864   1.42986
        0         0         0         1

-0.204114  0.293645  0.933868  0.275325
 0.396591  -0.84736  0.353125  0.364163
 0.895016  0.442441 0.0565007   1.42586
        0         0         0         1

-0.204114  0.293645  0.933868  0.275325
 0.396591  -0.84736  0.353125  0.364163
 0.895016  0.442441 0.0565007   1.42586
        0         0         0         1

-0.208791  0.292875  0.933076  0.273761
 0.394821  -0.84765  0.354409  0.362525
 0.894719  0.442396 0.0613486   1.42126
        0         0         0         1

-0.213826  0.291965   0.93222  0.272876
 0.393655 -0.847625  0.355764  0.361594
 0.894044  0.443045 0.0663109   1.41644
        0         0         0         1

-0.218258  0.292163  0.931131  0.272129
 0.391611 -0.847721  0.357786  0.360501
  0.89387   0.44273  0.070607   1.41359
        0         0         0         1

-0.219736  0.294061  0.930185  0.271886
 0.389697 -0.847654  0.360028  0.359793
 0.894345  0.441601 0.0716652   1.41221
        0         0         0         1

-0.228955  0.293757  0.928055   0.27202
 0.390719 -0.845479  0.364011  0.359711
 0.891582  0.445951 0.0787998     1.405
        0         0         0         1

-0.228955  0.293757  0.928055   0.27202
 0.390719 -0.845479  0.364011  0.359711
 0.891582  0.445951 0.0787998     1.405
        0         0         0         1

-0.236878  0.291588   0.92675  0.271595
 0.390057   -0.8451  0.365597  0.358552
   0.8898  0.448087 0.0864499   1.40216
        0         0         0         1

-0.248843  0.282455  0.926443  0.273689
 0.393478 -0.844557  0.363178  0.360628
 0.885015  0.454909 0.0990224    1.3967
        0         0         0         1

-0.263288  0.277844  0.923841   0.27284
 0.394813 -0.842728  0.365968  0.359044
 0.880228    0.4611  0.112184   1.39204
        0         0         0         1

-0.267036  0.275737  0.923396  0.273219
  0.39615 -0.842079  0.366017  0.359188
 0.878497  0.463543  0.115632   1.39036
        0         0         0         1

-0.274619 0.271843 0.922326 0.274352
0.398363 -0.84085  0.36644 0.359309
0.875152 0.468052 0.122621  1.38765
       0        0        0        1

-0.285537  0.262232  0.921793  0.276182
 0.402565 -0.840048  0.363676   0.36034
 0.869718  0.474925    0.1343   1.38398
        0         0         0         1

-0.289388  0.255234  0.922556  0.278143
 0.407311 -0.839352  0.359981  0.361414
 0.866229  0.479941  0.138938   1.38247
        0         0         0         1

-0.301586  0.248704   0.92043  0.276877
 0.410245 -0.837594  0.360742  0.359194
 0.860665  0.486397  0.150577    1.3791
        0         0         0         1

-0.307892    0.2404  0.920549   0.27739
 0.415697 -0.836321  0.357441  0.359373
 0.855803  0.492723  0.157563   1.37609
        0         0         0         1

-0.313646  0.228992  0.921515  0.279747
 0.423399 -0.834938  0.351585  0.361798
 0.849918  0.500441   0.16492    1.3726
        0         0         0         1

-0.319556  0.225322  0.920388  0.279043
 0.426954 -0.832892  0.352139  0.359687
 0.845928  0.505491  0.169954   1.37051
        0         0         0         1

-0.326428  0.209373  0.921742  0.282077
 0.437442 -0.830983  0.343673  0.360793
 0.837908  0.515393  0.179667   1.36747
        0         0         0         1

-0.334942  0.201598   0.92042  0.283169
 0.442212 -0.828947  0.342484  0.360102
 0.832023  0.521732    0.1885   1.36655
        0         0         0         1

-0.338407  0.198544  0.919816  0.283661
 0.443871 -0.828228  0.342078   0.35959
 0.829734  0.524041   0.19215   1.36632
        0         0         0         1

-0.350065  0.186187  0.918035  0.286238
 0.453325 -0.823964   0.33997  0.359762
 0.819726   0.53518  0.204038   1.36364
        0         0         0         1

-0.355952  0.177585  0.917476  0.288496
 0.460112 -0.821227  0.337465  0.360313
 0.813385  0.542263  0.210608   1.36242
        0         0         0         1

-0.363215  0.171215  0.915838  0.289046
 0.464746 -0.818656  0.337362  0.359683
 0.807518  0.548167  0.217777   1.36084
        0         0         0         1

-0.366542  0.165016  0.915651   0.29069
  0.46966 -0.816739  0.335199  0.360377
 0.803161  0.552909  0.221868    1.3614
        0         0         0         1

-0.376724  0.155991  0.913097  0.291951
 0.473133 -0.815041  0.334444  0.360213
 0.796382   0.55801  0.233241   1.36023
        0         0         0         1

-0.388556  0.144007  0.910102  0.293529
 0.479344 -0.811947  0.333125  0.360426
 0.786927  0.565689  0.246458   1.35709
        0         0         0         1

 -0.39775  0.132637  0.907856  0.296062
 0.484159 -0.810166  0.330485  0.361851
 0.779349  0.570997  0.258026   1.35711
        0         0         0         1

-0.411472  0.116178  0.903988  0.298836
 0.494691 -0.804563  0.328571  0.362926
 0.765488  0.582392  0.273583   1.35368
        0         0         0         1

 -0.41402  0.109862  0.903614  0.301088
 0.501746 -0.800726  0.327244  0.362746
 0.759499   0.58887  0.276394     1.355
        0         0         0         1

-0.414351 0.108995 0.903567 0.301455
0.503415 -0.79965 0.327312 0.362723
0.758213 0.590491 0.276466  1.35526
       0        0        0        1

-0.414032  0.101115  0.904629  0.303623
 0.511306 -0.796378  0.323031  0.363785
 0.753089  0.596287  0.278025   1.35574
        0         0         0         1

-0.417161 0.0879305  0.904569  0.307254
    0.524 -0.789948  0.318442  0.365038
 0.742564  0.606836   0.28346   1.35555
        0         0         0         1

-0.414304 0.076699 0.906901 0.310834
0.534998 -0.78559 0.310845 0.367871
0.736294 0.613975 0.284439  1.35668
       0        0        0        1

-0.413075 0.0733874  0.907735   0.31198
 0.538837 -0.783859  0.308576   0.36897
 0.734182  0.616586  0.284249   1.35711
        0         0         0         1

-0.409951 0.0684828  0.909533  0.312999
 0.543862 -0.782165  0.304026  0.369671
 0.732226  0.619296  0.283405   1.35972
        0         0         0         1

-0.408223  0.064801  0.910579   0.31358
 0.548703 -0.779766  0.301482  0.370018
 0.729575  0.622709  0.282762   1.36084
        0         0         0         1

 -0.40287 0.0557234  0.913559   0.31579
  0.55901  -0.77536  0.293811  0.373051
  0.72471  0.629056  0.281219   1.36385
        0         0         0         1

-0.400452   0.05159  0.914864  0.316555
 0.564888 -0.772226  0.290808  0.374494
 0.721485   0.63325  0.280097   1.36624
        0         0         0         1

-0.394093 0.0470243  0.917867   0.31836
 0.574284  -0.76712  0.285874  0.378383
 0.717557  0.639778  0.275311   1.37015
        0         0         0         1

-0.392721 0.0452704  0.918543   0.31892
 0.576934 -0.765677  0.284404  0.379581
 0.716182   0.64163  0.274579   1.37088
        0         0         0         1

-0.392721 0.0433061  0.918638  0.319673
 0.581596 -0.762084   0.28456   0.38109
 0.712402  0.646029  0.274099   1.37157
        0         0         0         1

-0.387752 0.0418953  0.920811  0.321148
 0.589977 -0.756257  0.282847  0.385531
  0.70822  0.652932  0.268523   1.37709
        0         0         0         1

-0.386223 0.0462654  0.921245  0.320418
 0.592345 -0.753153  0.286159  0.385824
 0.707078  0.656216   0.26348   1.38061
        0         0         0         1

-0.383598 0.0474296  0.922281  0.321721
 0.596389 -0.749783   0.28661  0.388426
 0.705105  0.659981  0.259329   1.38361
        0         0         0         1

-0.375988 0.0595982  0.924706  0.323155
  0.60072 -0.744141  0.292215  0.392038
 0.705527  0.665359  0.243987   1.39421
        0         0         0         1

-0.375414 0.0602296  0.924898  0.323344
 0.601045 -0.743806    0.2924  0.392334
 0.705556  0.665676  0.243035   1.39482
        0         0         0         1

-0.371796 0.0688243   0.92576  0.322967
 0.603858 -0.739495  0.297493  0.393618
  0.70507  0.669634  0.233381   1.40012
        0         0         0         1

-0.363512 0.0837534  0.927817  0.324407
 0.614463  -0.72703  0.306371  0.398462
  0.70021  0.681478  0.212821   1.40888
        0         0         0         1

-0.357292 0.0956537  0.929082  0.325621
 0.622136 -0.717563  0.313128  0.402463
 0.696627  0.689894   0.19687   1.41646
        0         0         0         1

 -0.35624  0.102719  0.928731  0.324725
 0.623125 -0.714537  0.318045  0.402679
 0.696282  0.692016  0.190539   1.42038
        0         0         0         1

-0.351527  0.112291  0.929419  0.325246
 0.629852 -0.706123  0.323537  0.405777
 0.692614  0.699129  0.177494    1.4263
        0         0         0         1

-0.349385  0.11912 0.929376 0.325458
0.633629 -0.70066 0.328009 0.408328
0.690249 0.703481 0.169322  1.43056
       0        0        0        1

-0.345079  0.128689  0.929709  0.325261
 0.637498 -0.694867  0.332802  0.410251
 0.688852   0.70753  0.157745    1.4377
        0         0         0         1

-0.337645  0.148994  0.929407  0.325141
 0.647987 -0.679379   0.34432   0.41544
 0.682721  0.718502  0.132843   1.45153
        0         0         0         1

 -0.33393  0.153305  0.930048  0.326928
 0.655442 -0.671331  0.345993  0.420195
 0.677412  0.725129  0.123695   1.45779
        0         0         0         1

-0.335547  0.159062  0.928498  0.326421
 0.660165 -0.663416  0.352225  0.422945
 0.672005  0.731149    0.1176   1.46292
        0         0         0         1

-0.334829   0.16211  0.928229  0.326411
 0.669329 -0.652456  0.355387  0.426893
 0.663241  0.740285  0.109956    1.4678
        0         0         0         1

-0.335564  0.166467  0.927192  0.326973
 0.683707 -0.634051   0.36128  0.435166
 0.648028  0.755161 0.0989503   1.47913
        0         0         0         1

-0.335234  0.168611  0.926924  0.328005
 0.690147 -0.625789  0.363434   0.44015
 0.641338   0.76155 0.0934194   1.48575
        0         0         0         1

 -0.33641  0.172396  0.925801  0.328159
 0.694889 -0.618065  0.367594  0.444085
 0.635577  0.766991 0.0881272   1.49438
        0         0         0         1

-0.340479   0.17445  0.923927  0.326887
 0.699525 -0.609607  0.372886  0.447084
 0.628282   0.77327 0.0855261   1.50175
        0         0         0         1

-0.344538   0.17469  0.922376  0.329365
 0.712064 -0.591655  0.378034  0.458124
 0.611767  0.787038 0.0794574   1.51527
        0         0         0         1

 -0.35004  0.175168  0.920211   0.32883
 0.722649 -0.574562  0.384261  0.467041
 0.596029  0.799496 0.0745345   1.53106
        0         0         0         1

 -0.35004  0.175168  0.920211   0.32883
 0.722649 -0.574562  0.384261  0.467041
 0.596029  0.799496 0.0745345   1.53106
        0         0         0         1

-0.350765  0.174179  0.920122  0.330141
 0.730895 -0.563347   0.38527  0.473951
 0.585454  0.807652 0.0702962   1.53766
        0         0         0         1

-0.356442  0.172361  0.918282  0.328032
 0.736607 -0.552775  0.389678  0.477799
 0.574769  0.815311 0.0700698   1.54439
        0         0         0         1

-0.356106  0.171009  0.918664  0.330545
 0.745298 -0.541044  0.389618  0.485387
 0.563666  0.823424 0.0652163   1.55208
        0         0         0         1

-0.366605  0.167402  0.915192   0.33062
 0.756062 -0.519649  0.397913   0.49636
  0.54219  0.837819 0.0639394    1.5665
        0         0         0         1

-0.371038  0.168121  0.913272  0.329282
 0.760929 -0.508677  0.402785  0.501323
 0.532277  0.844384 0.0608105   1.57487
        0         0         0         1

-0.371485  0.165038  0.913653  0.332071
 0.768772 -0.497081  0.402368  0.510524
 0.520565  0.851865 0.0577811   1.58175
        0         0         0         1

-0.375431  0.163635  0.912291  0.331698
 0.773604 -0.486793  0.405672  0.517099
 0.510479  0.858054  0.056168   1.58941
        0         0         0         1

-0.376822  0.156841  0.912911  0.333774
 0.788052 -0.463674  0.404945  0.533665
 0.486805  0.872013  0.051124   1.60136
        0         0         0         1

-0.377602  0.154308   0.91302  0.333904
 0.794047 -0.453278  0.405005  0.541466
 0.476347  0.877912 0.0486308   1.60745
        0         0         0         1

 -0.38423  0.151164  0.910778   0.32946
 0.795683 -0.446117  0.409718  0.545755
 0.468248  0.882116 0.0511333   1.61422
        0         0         0         1

-0.384894  0.150285  0.910643  0.329474
 0.800237 -0.437264  0.410392  0.553309
 0.459868  0.886687 0.0480363   1.62155
        0         0         0         1

-0.383881  0.147674  0.911498  0.330348
 0.805782 -0.428501  0.408781  0.563063
 0.450944  0.891392 0.0455009   1.62699
        0         0         0         1

-0.383087   0.14854  0.911691  0.329723
 0.808557 -0.423301  0.408719  0.571094
 0.446631  0.893729 0.0420578   1.63557
        0         0         0         1

-0.377227  0.145423  0.914632  0.332454
 0.818995 -0.408692  0.402763  0.591303
 0.432374  0.901012 0.0350686   1.64973
        0         0         0         1

-0.375825  0.144966  0.915282  0.331262
 0.822697 -0.402409  0.401544  0.599804
 0.426528  0.903909 0.0319719   1.65692
        0         0         0         1

-0.376886  0.145919  0.914694  0.328669
 0.824781 -0.396546  0.403098  0.607275
 0.421538  0.906344 0.0291017   1.66365
        0         0         0         1

-0.368488   0.14454  0.918327  0.332241
 0.831769 -0.389917  0.395126  0.621339
 0.415183  0.909436 0.0234559   1.67056
        0         0         0         1

-0.365665  0.145505  0.919302   0.32801
 0.837914 -0.378535  0.393206  0.638404
 0.405202  0.914078 0.0164964   1.68599
        0         0         0         1

 -0.360174   0.148358   0.921013   0.327573
  0.845269  -0.365821   0.389481   0.654898
  0.394708   0.918784 0.00635655    1.69508
         0          0          0          1

 -0.357804    0.15167   0.921397    0.32736
  0.846725  -0.363362   0.388619    0.66006
  0.393743   0.919219 0.00158981    1.70035
         0          0          0          1

  -0.356251    0.149586    0.922339    0.324988
   0.852674   -0.351655    0.386375    0.675389
   0.382141    0.924101 -0.00227092     1.70529
          0           0           0           1

  -0.355762    0.149742    0.922503    0.323738
   0.854835   -0.346828    0.385963    0.681799
   0.377744    0.925898 -0.00461668     1.70822
          0           0           0           1

-0.351357  0.153242  0.923615  0.323749
 0.859026 -0.339547  0.383122  0.694545
 0.372321  0.928022 -0.012337    1.7155
        0         0         0         1

  -0.34202   0.159594   0.926041   0.324752
   0.86537  -0.330625   0.376592   0.718484
  0.366274    0.93017 -0.0250275    1.73267
         0          0          0          1

  -0.34073    0.15795   0.926798   0.322658
  0.870691  -0.318883   0.374448   0.734871
  0.354684    0.93454 -0.0288732    1.73867
         0          0          0          1

 -0.336643    0.15794   0.928292    0.32363
  0.874546  -0.312999   0.370406   0.745349
  0.349057   0.936529 -0.0327569    1.74364
         0          0          0          1

  -0.32903    0.15422   0.931641    0.31802
  0.881953  -0.302402    0.36154   0.765532
  0.337487   0.940622 -0.0365154    1.75605
         0          0          0          1

 -0.310329   0.149694   0.938769   0.322876
  0.894419  -0.288563   0.341682   0.789024
  0.322042   0.945686 -0.0443397    1.76284
         0          0          0          1

 -0.305338   0.145161   0.941115   0.315469
  0.899461  -0.280506   0.335091   0.799913
  0.312631   0.948812 -0.0449175    1.77181
         0          0          0          1

 -0.298184   0.140342   0.944135   0.315322
  0.905858  -0.270149   0.326251   0.812478
  0.300844   0.952535 -0.0465756    1.77462
         0          0          0          1

 -0.282922   0.137944   0.949172   0.315123
  0.916501  -0.252909   0.309939   0.835217
  0.282808   0.957606 -0.0548722    1.78046
         0          0          0          1

 -0.274394   0.134448   0.952172   0.317235
  0.921666  -0.245674   0.300292   0.845895
  0.274298   0.959983 -0.0565046    1.78173
         0          0          0          1

 -0.272302   0.134418   0.952777   0.309812
  0.922586  -0.244764   0.298205     0.8533
   0.27329    0.96022 -0.0573624    1.79469
         0          0          0          1

 -0.248629   0.131528   0.959627   0.311163
  0.935703  -0.223391   0.273049   0.887327
  0.250286   0.965814 -0.0675293    1.80693
         0          0          0          1

 -0.232333   0.133508    0.96343   0.312456
  0.944396   -0.20599   0.256288   0.909999
  0.232673   0.969404 -0.0782262    1.81354
         0          0          0          1

  -0.22985   0.133216   0.964066    0.30865
  0.946388  -0.200433   0.253331   0.917173
  0.226979   0.970608 -0.0800049    1.81743
         0          0          0          1

 -0.215515   0.129739   0.967844   0.309224
  0.954285  -0.182231   0.236924    0.93838
  0.207109   0.974659 -0.0845346    1.81949
         0          0          0          1

-0.187941  0.127843  0.973825  0.310354
  0.96599 -0.155222  0.206807  0.970026
 0.177598  0.979572 -0.094323   1.82571
        0         0         0         1

-0.174062  0.132196  0.975821  0.312296
 0.969398 -0.151209  0.193401  0.986247
  0.17312  0.979622 -0.101831   1.84058
        0         0         0         1

-0.171154  0.139434  0.975328  0.305931
 0.971459 -0.141138  0.190653  0.995412
  0.16424  0.980121 -0.111298   1.84917
        0         0         0         1

-0.157039   0.13678  0.978075  0.303743
 0.976546 -0.126203  0.174442   1.01703
 0.147296  0.982529 -0.113754   1.85275
        0         0         0         1

-0.142375  0.135716  0.980464  0.307943
 0.981082 -0.111927  0.157957   1.03328
 0.131178  0.984405 -0.117213   1.85145
        0         0         0         1

 -0.140241   0.130182   0.981522   0.297607
   0.98404 -0.0913437   0.152716    1.05505
  0.109537   0.987273  -0.115294    1.85599
         0          0          0          1

 -0.127832    0.12692   0.983641   0.299937
  0.988083 -0.0694356   0.137369    1.08023
 0.0857345    0.98948  -0.116531    1.85711
         0          0          0          1

 -0.121345   0.125751   0.984613   0.296371
  0.990243 -0.0531334   0.128825    1.09616
 0.0685157   0.990638  -0.118076    1.85849
         0          0          0          1

 -0.114439   0.127399   0.985228    0.29462
  0.991215 -0.0515486     0.1218    1.10977
 0.0663043   0.990511   -0.12038    1.86931
         0          0          0          1

-0.0988639    0.12792   0.986845   0.294503
  0.993922 -0.0355682   0.104184    1.12813
 0.0484275   0.991146  -0.123626     1.8719
         0          0          0          1

 -0.073755   0.140214    0.98737   0.298654
  0.996561 -0.0271195  0.0782927    1.15455
 0.0377548    0.98975  -0.137732    1.88983
         0          0          0          1

 -0.0362224    0.145589    0.988682    0.310409
    0.99932 -0.00155961   0.0368418     1.19582
 0.00690571    0.989344   -0.145433     1.89377
          0           0           0           1

