  -0.34669   0.366145   0.863564   0.667192
  0.908788 -0.0967784   0.405879      1.056
  0.232185   0.925511  -0.299196    2.18363
         0          0          0          1

-0.342598  0.372167  0.862623  0.665921
 0.908402 -0.102991  0.405214   1.04191
 0.239649  0.922434 -0.302793   2.18501
        0         0         0         1

-0.333669  0.381276  0.862145  0.671216
 0.908201 -0.115103  0.402397     1.027
  0.25266  0.917268 -0.307869   2.19142
        0         0         0         1

-0.320479  0.388593   0.86388  0.675508
 0.910336 -0.125783  0.394293   1.00341
 0.261881  0.912783  -0.31344   2.18696
        0         0         0         1

-0.321527  0.391151  0.862335  0.665947
 0.907262 -0.133475  0.398822  0.984344
   0.2711  0.910596 -0.311961   2.18943
        0         0         0         1

 -0.31792  0.395182  0.861834  0.669581
 0.905988 -0.141331  0.399013  0.969623
 0.279487  0.907665 -0.313098   2.18816
        0         0         0         1

-0.302273  0.405965  0.862452  0.682495
 0.907308 -0.154884    0.3909   0.95484
 0.292271  0.900668 -0.321518    2.1815
        0         0         0         1

-0.309974  0.404256  0.860519  0.671272
  0.89995 -0.167124   0.40269  0.930386
 0.306603  0.899248 -0.312007   2.17698
        0         0         0         1

-0.301059  0.411117  0.860434  0.680704
 0.899206 -0.178008  0.399678  0.920246
 0.317479  0.894033 -0.316088   2.17528
        0         0         0         1

-0.300213  0.414882  0.858921  0.683896
 0.893379 -0.193269  0.405611  0.904404
 0.334283  0.889112 -0.312625   2.17553
        0         0         0         1

-0.302999  0.410644  0.859979  0.683146
 0.890707  -0.19885  0.408777  0.893303
 0.338868  0.889849 -0.305512   2.16611
        0         0         0         1

-0.305107  0.409119   0.85996  0.687786
 0.882055 -0.219021  0.417144  0.868774
 0.359011  0.885805 -0.294041   2.15352
        0         0         0         1

-0.314792  0.404908  0.858461  0.681938
 0.873558 -0.230136  0.428876  0.854607
 0.371218  0.884922 -0.281266   2.14652
        0         0         0         1

-0.313594  0.406472  0.858161  0.688612
 0.866347 -0.247491  0.433811   0.84218
 0.388719  0.879505 -0.274534   2.14279
        0         0         0         1

-0.326763  0.403825  0.854489  0.688649
 0.845979 -0.278114  0.454942  0.817209
 0.421362  0.871538  -0.25075   2.13188
        0         0         0         1

-0.327364  0.403712  0.854312  0.688635
 0.845033 -0.279464  0.455872  0.816054
  0.42279  0.871158 -0.249664   2.13149
        0         0         0         1

-0.337723  0.399344  0.852331  0.686963
 0.835145 -0.290533  0.467037  0.803609
 0.434139  0.869549  -0.23539   2.12213
        0         0         0         1

-0.349236   0.39648  0.849022  0.688634
 0.819263 -0.310575  0.482028  0.783758
 0.454799  0.863914 -0.216358   2.10125
        0         0         0         1

-0.361414  0.395273  0.844475  0.683038
 0.806848 -0.321338  0.495719  0.769227
 0.467307  0.860524  -0.20279    2.0947
        0         0         0         1

-0.362975  0.393984  0.844409  0.684795
 0.799765 -0.333293  0.499292  0.760024
 0.478149  0.856558 -0.194118   2.08418
        0         0         0         1

-0.368983  0.393761  0.841905  0.684271
 0.791576 -0.341583  0.506684  0.749651
 0.487093  0.853389 -0.185653   2.07322
        0         0         0         1

-0.373699  0.394016  0.839703  0.686221
 0.776273 -0.362652  0.515639  0.727175
  0.50769  0.844532 -0.170341   2.05836
        0         0         0         1

-0.375316  0.392832  0.839536  0.685712
 0.770755 -0.370838  0.518088  0.717598
 0.514853  0.841524 -0.163595   2.04747
        0         0         0         1

-0.379528  0.390138  0.838899  0.682701
 0.764568 -0.378312  0.521838  0.707556
 0.520955  0.839448 -0.154707    2.0366
        0         0         0         1

-0.381801  0.387552  0.839066  0.682902
 0.760012 -0.384953  0.523634  0.698328
 0.525937  0.837624 -0.147569   2.02459
        0         0         0         1

-0.387222  0.386141   0.83723  0.678908
 0.753424 -0.390879   0.52874  0.687247
 0.531424  0.835529  -0.13957   2.01426
        0         0         0         1

-0.387512  0.385053  0.837597  0.677162
 0.746117 -0.402629  0.530282  0.672623
 0.541428  0.830436 -0.131271   2.00015
        0         0         0         1

-0.390729  0.380884  0.838008  0.673229
 0.739299 -0.412541  0.532209  0.658209
 0.548423  0.827488 -0.120396   1.98169
        0         0         0         1

-0.391891  0.380609  0.837591  0.673563
 0.734956  -0.41812  0.533868  0.650163
 0.553408  0.824811 -0.115874    1.9701
        0         0         0         1

-0.394403  0.378362   0.83743  0.670992
 0.728637 -0.426528  0.535875  0.640584
 0.559942  0.821533 -0.107465   1.96097
        0         0         0         1

-0.396934  0.372589  0.838821  0.669261
 0.725121 -0.432994  0.535458  0.630885
  0.56271  0.820788 -0.098302    1.9441
        0         0         0         1

 -0.401453   0.366222   0.839474   0.667503
  0.715761  -0.446405   0.537037   0.616509
   0.57142   0.816458 -0.0829168    1.92524
         0          0          0          1

 -0.409427    0.35898   0.838751   0.665093
  0.704209  -0.460152   0.540694   0.600401
  0.580052    0.81203 -0.0643985     1.9021
         0          0          0          1

 -0.409427    0.35898   0.838751   0.665093
  0.704209  -0.460152   0.540694   0.600401
  0.580052    0.81203 -0.0643985     1.9021
         0          0          0          1

 -0.417135   0.352863   0.837548   0.662295
  0.695981  -0.468623   0.544062   0.590982
  0.584473   0.809864 -0.0501068    1.88688
         0          0          0          1

  -0.41855   0.351102   0.837582   0.661532
  0.692341  -0.473521   0.544465   0.586118
  0.587776   0.807778 -0.0448899    1.87812
         0          0          0          1

 -0.425893   0.344694   0.836541   0.657176
  0.688648  -0.476193   0.546813   0.579184
  0.586838   0.808966 -0.0345653    1.86487
         0          0          0          1

 -0.433739   0.336649   0.835786   0.654772
  0.678073  -0.488894   0.548816     0.5664
  0.593369   0.804767 -0.0162205    1.84135
         0          0          0          1

  -0.436377    0.331006    0.836666    0.653697
   0.673006   -0.497099    0.547682    0.558082
   0.597192    0.802077 -0.00584622      1.8214
          0           0           0           1

  -0.436309    0.330059    0.837075    0.653741
   0.671885    -0.49928    0.547073    0.556191
   0.598502    0.801112 -0.00392138     1.81732
          0           0           0           1

 -0.440403   0.327603   0.835896   0.651219
  0.665164  -0.506264   0.548865   0.549601
  0.602994    0.79773 0.00505117    1.80582
         0          0          0          1

-0.441824  0.325067  0.836136   0.64893
 0.657603 -0.516615  0.548331  0.539714
 0.610204  0.792112 0.0144882   1.78325
        0         0         0         1

-0.445047  0.323216  0.835143  0.646164
 0.651226 -0.523328  0.549575  0.532405
 0.614685  0.788454 0.0224191   1.76572
        0         0         0         1

-0.446272  0.321664  0.835089   0.64546
 0.649706 -0.525264  0.549527  0.530448
 0.615405  0.787801 0.0254238   1.75905
        0         0         0         1

-0.446839  0.320799  0.835119   0.64485
 0.645612 -0.530572  0.549253  0.525617
  0.61929   0.78459 0.0299686   1.74288
        0         0         0         1

-0.448071  0.319535  0.834943  0.644277
  0.64401 -0.532404   0.54936  0.523624
 0.620067  0.783864 0.0327708   1.73587
        0         0         0         1

-0.453156  0.318798  0.832476  0.641511
 0.637463 -0.536902  0.552609  0.518922
 0.623129  0.781092 0.0400782   1.72366
        0         0         0         1

-0.456876  0.318808  0.830437  0.641085
 0.628905 -0.544456  0.555019  0.513054
 0.629081  0.775841 0.0482491   1.70358
        0         0         0         1

-0.459554  0.317531  0.829448  0.640131
 0.624512 -0.548506   0.55599  0.509998
 0.631502  0.773508 0.0537661   1.69317
        0         0         0         1

-0.461899  0.318344  0.827832  0.638638
 0.619838 -0.551739  0.558018  0.507028
 0.634389  0.770871 0.0575262   1.68301
        0         0         0         1

-0.464807  0.317243  0.826626   0.63746
 0.616292 -0.554402  0.559306  0.504763
 0.635719  0.769413 0.0621757   1.67215
        0         0         0         1

-0.466304  0.317889  0.825535  0.636188
 0.609985 -0.560326  0.560315  0.501138
 0.640687  0.764841 0.0673749   1.65256
        0         0         0         1

  -0.4701  0.318269  0.823232  0.634562
 0.604249 -0.563813  0.563026  0.498545
 0.643343  0.762115 0.0727345   1.64086
        0         0         0         1

-0.470358  0.317778  0.823274   0.63442
 0.602147 -0.566423  0.562657  0.497736
 0.645122  0.760383 0.0750728   1.63347
        0         0         0         1

-0.475461  0.315956  0.821041  0.632572
 0.597706 -0.568781   0.56501  0.495962
  0.64551  0.759381 0.0815842   1.61861
        0         0         0         1

-0.476424  0.314977  0.820859  0.632632
  0.59694 -0.569577  0.565017  0.495787
  0.64551  0.759192 0.0833376   1.61265
        0         0         0         1

-0.481909  0.315246  0.817547  0.630481
 0.589044 -0.574189  0.568624  0.493309
 0.648683  0.755597  0.091013    1.6018
        0         0         0         1

-0.487219 0.313757 0.814969 0.628881
0.579467 -0.58202   0.5705 0.491097
0.653327 0.750206 0.101759  1.58681
       0        0        0        1

-0.489877  0.312601  0.813819  0.628663
 0.574454 -0.586434   0.57105  0.490367
 0.655762  0.747246  0.107705     1.578
        0         0         0         1

  -0.4925  0.313132   0.81203  0.627796
 0.568816 -0.590362  0.572643  0.489173
 0.658705  0.743923  0.112639   1.57063
        0         0         0         1

-0.495475  0.312545  0.810445  0.626706
 0.565079 -0.592621  0.574009  0.488596
  0.65969  0.742372  0.117016   1.56198
        0         0         0         1

-0.495558  0.312203  0.810525  0.627045
 0.561237 -0.597099  0.573137  0.488704
 0.662899  0.738919  0.120678   1.55489
        0         0         0         1

-0.497567  0.309476   0.81034  0.626571
 0.559499 -0.599381  0.572454  0.488789
 0.662863  0.738219  0.125081   1.54603
        0         0         0         1

  -0.5011   0.31012  0.807914  0.624328
 0.551833 -0.604639  0.574361  0.487299
 0.666617  0.733646   0.13185   1.53085
        0         0         0         1

-0.503045 0.309422 0.806972 0.622791
0.547062 -0.60885 0.574478 0.486631
0.669081 0.730452 0.137006  1.51958
       0        0        0        1

-0.503128  0.309034  0.807069  0.622825
 0.545992 -0.610228  0.574034  0.486828
 0.669892  0.729465  0.138293   1.51596
        0         0         0         1

-0.503866  0.310522  0.806037  0.622137
 0.535266 -0.620143   0.57351  0.487019
 0.677946  0.720416  0.146257   1.49648
        0         0         0         1

-0.503866  0.310522  0.806037  0.622137
 0.535266 -0.620143   0.57351  0.487019
 0.677946  0.720416  0.146257   1.49648
        0         0         0         1

-0.503576  0.313125   0.80521  0.621899
 0.531402 -0.622594  0.574447  0.486904
 0.681192  0.717168  0.147128   1.49041
        0         0         0         1

-0.504426  0.314787  0.804029  0.621094
 0.528151 -0.624181  0.575722  0.486997
  0.68309  0.715058  0.148598   1.48366
        0         0         0         1

-0.503781  0.319893  0.802417  0.619856
 0.522915 -0.626442   0.57804  0.486475
 0.687579  0.710801  0.148313   1.47849
        0         0         0         1

-0.501656  0.32381 0.802177 0.619765
0.520754 -0.62742  0.57893 0.487134
0.690765  0.70816 0.146124   1.4725
       0        0        0        1

-0.499381  0.325906  0.802748  0.620568
 0.519331 -0.629037  0.578452  0.488022
  0.69348   0.70576  0.144876   1.46627
        0         0         0         1

-0.496251  0.333971  0.801373  0.619365
 0.513479 -0.631393  0.581104  0.488396
 0.700053  0.699862  0.141842   1.45543
        0         0         0         1

-0.492531 0.339501 0.801344 0.619599
0.509273 -0.63423 0.581716 0.488614
 0.70573 0.694616  0.13948  1.45165
       0        0        0        1

 -0.49016  0.342495  0.801524  0.619876
 0.508764 -0.634246  0.582143  0.489677
 0.707744   0.69313  0.136633   1.44588
        0         0         0         1

-0.488648  0.346844  0.800576  0.618663
 0.505095 -0.635728   0.58372  0.489177
 0.711409  0.689601  0.135458    1.4417
        0         0         0         1

-0.485235  0.354933  0.799105  0.617194
 0.498968 -0.638093  0.586403  0.489425
 0.718038  0.683271  0.132525    1.4337
        0         0         0         1

-0.484225  0.355105  0.799642  0.617878
  0.49842 -0.639192  0.585672  0.490638
 0.719099  0.682154  0.132521   1.42873
        0         0         0         1

-0.484637  0.356431  0.798801  0.617649
 0.496656 -0.639603   0.58672   0.49122
 0.720041  0.681076  0.132952   1.42386
        0         0         0         1

-0.484804 0.358002 0.797998  0.61715
0.493914 -0.64092 0.587598 0.491284
0.721813 0.679012 0.133899  1.41988
       0        0        0        1

-0.483733  0.358926  0.798232  0.618069
 0.491181 -0.643538  0.587026  0.492072
 0.724392  0.676041  0.135003   1.41643
        0         0         0         1

-0.484882  0.357444    0.7982  0.618039
 0.491945 -0.643124  0.586841  0.493348
 0.723104  0.677219  0.135997   1.41112
        0         0         0         1

-0.484913  0.358652  0.797639  0.618292
 0.487563 -0.646299   0.58701  0.494069
 0.726045  0.673548  0.138533   1.40438
        0         0         0         1

-0.486526  0.358604  0.796678   0.61826
 0.484701 -0.647883  0.587632  0.494827
 0.726882  0.672049  0.141396   1.39965
        0         0         0         1

-0.486721  0.357817  0.796912     0.619
 0.484551 -0.648469   0.58711  0.495768
 0.726851  0.671903  0.142243   1.39695
        0         0         0         1

-0.488269  0.354703  0.797358  0.619668
 0.484298 -0.649941  0.585689  0.496959
 0.725981  0.672133  0.145564   1.39259
        0         0         0         1

-0.491372 0.352794 0.796297 0.618641
0.478542 -0.65455 0.585288 0.497407
0.727703 0.668656 0.152801  1.38669
       0        0        0        1

-0.492311  0.350511  0.796726  0.619994
 0.477386 -0.656654  0.583874  0.498843
 0.727827  0.667793  0.155948   1.38284
        0         0         0         1

-0.494085 0.350542 0.795613 0.619337
0.473408 -0.65908 0.584379 0.498881
0.729222 0.665382 0.159692  1.37958
       0        0        0        1

 -0.49519  0.350798  0.794813  0.619216
 0.469396 -0.661802  0.584538  0.499099
 0.731064   0.66254  0.163054    1.3767
        0         0         0         1

-0.493436  0.352785  0.795024   0.61984
 0.464772 -0.665665  0.583847   0.49972
 0.735192  0.657596  0.164498   1.37533
        0         0         0         1

-0.491889  0.353722  0.795566  0.620592
 0.461137 -0.669222  0.582662   0.50068
 0.738511   0.65347  0.166068   1.37255
        0         0         0         1

-0.488433  0.359761  0.794988  0.619008
 0.453075 -0.674064  0.583404  0.500805
 0.745759  0.645143  0.166236    1.3665
        0         0         0         1

-0.485897  0.364127  0.794553   0.61826
 0.452439 -0.673012   0.58511   0.50116
 0.747798  0.643791  0.162269   1.36278
        0         0         0         1

-0.481951  0.368627  0.794882  0.617092
 0.452225 -0.672375  0.586007  0.501786
 0.750477  0.641892  0.157349   1.36024
        0         0         0         1

-0.477162   0.37418  0.795176  0.617822
 0.452623 -0.670951   0.58733  0.503023
 0.753292  0.640167   0.15079   1.35811
        0         0         0         1

-0.469513  0.385295  0.794422  0.618285
 0.452553 -0.667563  0.591232  0.504441
 0.758125  0.637109  0.139063   1.35664
        0         0         0         1

-0.466168  0.389743  0.794221   0.61948
 0.453567 -0.665489  0.592792  0.505504
 0.759582  0.636573  0.133455    1.3558
        0         0         0         1

-0.463126  0.393794  0.794003  0.620285
 0.453166 -0.664697  0.593986  0.506102
 0.761679  0.634905  0.129385   1.35604
        0         0         0         1

-0.462473  0.397144  0.792714  0.620135
 0.451857 -0.663681  0.596115  0.506451
 0.762852  0.633881  0.127482   1.35608
        0         0         0         1

-0.462279  0.397133  0.792833  0.621139
 0.454093 -0.661949  0.596342  0.507999
 0.761642  0.635696   0.12567   1.35455
        0         0         0         1

 -0.45976  0.401782  0.791955  0.621521
 0.455005 -0.659266  0.598613   0.50967
 0.762621  0.635562  0.120291   1.35286
        0         0         0         1

 -0.45976  0.401782  0.791955  0.621521
 0.455005 -0.659266  0.598613   0.50967
 0.762621  0.635562  0.120291   1.35286
        0         0         0         1

-0.459605 0.402176 0.791844 0.620989
0.456139 -0.65812 0.599012 0.510129
0.762037   0.6365 0.119027  1.35174
       0        0        0        1

-0.459668  0.402459  0.791664  0.620739
 0.456051 -0.657939  0.599277  0.509961
 0.762051  0.636508  0.118892   1.35182
        0         0         0         1

-0.457299  0.403816  0.792345  0.621351
 0.456959 -0.657651  0.598902  0.510684
 0.762933  0.635946  0.116216   1.35202
        0         0         0         1

-0.453649  0.404762  0.793959  0.622374
 0.456978 -0.659209  0.597172   0.51107
 0.765097  0.633728  0.114082   1.35345
        0         0         0         1

-0.453196  0.406481  0.793339  0.621449
 0.456257 -0.658793  0.598181  0.510492
 0.765796   0.63306  0.113103   1.35365
        0         0         0         1

-0.451335  0.406638  0.794318  0.622267
 0.456548 -0.659591  0.597079  0.510884
  0.76672  0.632128  0.112047   1.35388
        0         0         0         1

-0.449047  0.407187  0.795333  0.622406
 0.456752 -0.660424  0.596001  0.510839
 0.767941  0.630903  0.110578   1.35396
        0         0         0         1

-0.447406  0.408435  0.795618  0.621827
 0.455837 -0.661247  0.595789  0.510506
 0.769442  0.629232  0.109666   1.35424
        0         0         0         1

-0.445798 0.408192 0.796645 0.621889
0.455863 -0.66239 0.594499 0.510639
0.770359 0.628187 0.109212  1.35393
       0        0        0        1

-0.441234 0.409344 0.798593 0.621191
0.454762 -0.66518 0.592222 0.510309
 0.77363 0.624478 0.107346  1.35395
       0        0        0        1

-0.438487  0.409441  0.800054   0.62068
 0.455321 -0.666295  0.590536  0.510345
 0.774862  0.623225  0.105735     1.354
        0         0         0         1

-0.432091 0.409673 0.803408 0.621196
0.456188 -0.66919 0.586581 0.510561
0.777939 0.619962 0.102263  1.35416
       0        0        0        1

-0.427805  0.413182  0.803906  0.620951
 0.453533  -0.67121  0.586331   0.51046
 0.781851  0.615433 0.0997554   1.35499
        0         0         0         1

-0.420294  0.417705  0.805528  0.620318
 0.452819  -0.67275  0.585117  0.510454
 0.786325   0.61068 0.0936081   1.35572
        0         0         0         1

 -0.41571  0.420207  0.806605  0.620103
 0.453315 -0.673126    0.5843  0.510557
 0.788474  0.608545 0.0893394   1.35585
        0         0         0         1

-0.411382  0.424528  0.806561   0.61914
 0.450611 -0.674474  0.584837  0.510384
 0.792284  0.604037 0.0861696   1.35669
        0         0         0         1

-0.408464  0.426035  0.807249   0.61858
 0.453554  -0.67275  0.584548  0.510592
 0.792115  0.604898 0.0815642   1.35539
        0         0         0         1

-0.400443  0.431246    0.8085  0.618535
 0.451627 -0.674834  0.583637  0.510833
 0.797294  0.598854 0.0754705    1.3563
        0         0         0         1

-0.394441   0.43598  0.808912  0.617999
 0.451596  -0.67468  0.583839  0.510678
 0.800298  0.595591 0.0692345   1.35664
        0         0         0         1

-0.380475  0.444198  0.811127   0.61789
 0.452016 -0.675859  0.582148  0.511169
 0.806796  0.588135 0.0563635   1.35751
        0         0         0         1

-0.370795  0.448711  0.813123  0.618469
  0.45201 -0.677646  0.580072  0.511641
 0.811294  0.582627 0.0484457   1.35876
        0         0         0         1

-0.361898  0.455594  0.813304  0.618457
   0.4514 -0.677695  0.580489   0.51198
 0.815639  0.577204 0.0396014   1.36075
        0         0         0         1

-0.353149  0.462075  0.813494  0.618498
  0.45193 -0.677089  0.580784  0.512352
 0.819174  0.572745 0.0302879   1.36245
        0         0         0         1

 -0.333369   0.477566   0.812894   0.617544
  0.452683  -0.675243   0.582344   0.512382
  0.827009   0.562119 0.00891886    1.36531
         0          0          0          1

  -0.320302    0.485974    0.813164     0.61756
   0.455015   -0.673962    0.582011    0.512835
   0.830884    0.556421 -0.00525437     1.36621
          0           0           0           1

 -0.305802   0.496541   0.812363   0.616928
  0.456744  -0.672138   0.582765    0.51318
  0.835386   0.549252 -0.0212512    1.36711
         0          0          0          1

 -0.264763   0.526435    0.80794   0.615728
  0.457411  -0.669025   0.585816   0.513169
  0.848926   0.524663 -0.0636639     1.3714
         0          0          0          1

 -0.264763   0.526435    0.80794   0.615728
  0.457411  -0.669025   0.585816   0.513169
  0.848926   0.524663 -0.0636639     1.3714
         0          0          0          1

 -0.238169   0.542607   0.805514   0.615661
  0.460138  -0.667352   0.585589   0.513844
  0.855306   0.510116 -0.0907318     1.3732
         0          0          0          1

-0.200974  0.565208  0.800093  0.615318
 0.462523 -0.665234   0.58612  0.514615
 0.863529  0.487856 -0.127727    1.3762
        0         0         0         1

-0.181351  0.577012  0.796348    0.6145
 0.462832 -0.664409  0.586812  0.514929
 0.867697  0.474994 -0.146568   1.37815
        0         0         0         1

 -0.16116  0.587417  0.793075  0.614317
 0.462989 -0.664669  0.586393   0.51559
  0.87159  0.461688  -0.16485   1.38034
        0         0         0         1

  -0.1373  0.599373  0.788607  0.613409
 0.464728 -0.664104  0.585657  0.516036
 0.874744  0.446898 -0.187364    1.3814
        0         0         0         1

-0.108842  0.613655  0.782036  0.613457
 0.467031 -0.662909  0.585178  0.517607
 0.877517  0.428927 -0.214443   1.38293
        0         0         0         1

-0.0921026  0.622068  0.777528  0.612782
 0.466618 -0.662841  0.585585  0.518091
  0.87965  0.416742 -0.229218   1.38482
        0         0         0         1

-0.084717  0.623178  0.777478  0.613781
 0.468476 -0.663749  0.583067  0.518944
 0.879405  0.413626 -0.235713   1.38479
        0         0         0         1

-0.0741075  0.627317   0.77523  0.613655
 0.466263 -0.665372  0.582991  0.519432
 0.881537  0.404665 -0.243186   1.38817
        0         0         0         1

-0.067232  0.628714  0.774725   0.61417
 0.465401  -0.66707  0.581738  0.520208
 0.882543  0.399669 -0.247756   1.39078
        0         0         0         1

-0.0647936    0.6282  0.775349  0.614361
 0.466888  -0.66761  0.579925  0.520701
  0.88194  0.399576 -0.250042   1.39228
        0         0         0         1

-0.0578194  0.623549  0.779643  0.616109
  0.46868 -0.672586  0.572684  0.523095
 0.881474  0.398516 -0.253357   1.39528
        0         0         0         1

-0.0515761  0.622645  0.780803    0.6165
 0.469875 -0.674768  0.569126  0.524397
 0.881225  0.396233 -0.257764   1.39736
        0         0         0         1

-0.044101  0.622615  0.781285  0.616909
 0.471751 -0.676383  0.565647  0.525463
 0.880628  0.393518  -0.26389   1.39904
        0         0         0         1

-0.0356053  0.626145  0.778893  0.616343
 0.471013 -0.676879  0.565669  0.525334
 0.881408  0.387009 -0.270822   1.40214
        0         0         0         1

-0.0203655   0.62948   0.77675  0.616799
 0.472455 -0.678634  0.562354  0.527301
 0.881119  0.378432  -0.28358   1.40761
        0         0         0         1

-0.0130002  0.628374  0.777803   0.61887
  0.47345 -0.681278  0.558306  0.529068
 0.880725  0.375509 -0.288647   1.41074
        0         0         0         1

-0.00897572  0.629932  0.776598  0.618741
 0.472343 -0.681854   0.55854  0.529748
 0.881369  0.371834 -0.291424   1.41494
        0         0         0         1

-0.00580577  0.627778  0.778371  0.620067
 0.474533  -0.68343  0.554745  0.531558
 0.880218  0.372584 -0.293934   1.41801
        0         0         0         1

-0.00578315  0.625539  0.780171  0.620496
  0.47627 -0.684289  0.552192  0.532921
  0.87928  0.374766 -0.293968   1.42153
        0         0         0         1

-0.00581831  0.624071  0.781346  0.619126
 0.477934 -0.684604  0.550361  0.533514
 0.878376  0.376634 -0.294282   1.42629
        0         0         0         1

-0.000782909  0.617067   0.78691  0.618824
 0.487538 -0.686818  0.539063  0.537198
 0.873101  0.384071 -0.300306   1.43411
        0         0         0         1

0.00552187  0.612152   0.79072  0.618922
 0.494895 -0.688779  0.529776  0.539634
 0.868935  0.388399 -0.306755   1.44006
        0         0         0         1

0.0104992  0.609045  0.793066  0.618319
 0.502307 -0.688993  0.522471  0.541319
 0.864625  0.392877 -0.313162   1.44381
        0         0         0         1

0.0189274  0.605592   0.79555  0.619322
 0.509807 -0.690328  0.513365  0.543784
 0.860081   0.39586 -0.321801   1.44945
        0         0         0         1

0.0303895  0.597724  0.801126  0.619859
 0.524583 -0.691779  0.496241  0.549056
 0.850817  0.405176 -0.334578   1.46304
        0         0         0         1

0.0338439  0.593675  0.803993  0.619333
 0.537924 -0.688811   0.48598  0.552556
 0.842314   0.41604 -0.342664   1.47147
        0         0         0         1

0.0353202  0.591927  0.805218  0.619094
 0.543651 -0.687453   0.48151   0.55426
 0.838568   0.42075 -0.346082   1.47689
        0         0         0         1

0.0312441  0.586375  0.809437  0.617899
 0.556951 -0.682669  0.473043  0.557277
 0.829958  0.436037 -0.347911    1.4814
        0         0         0         1

0.0317699  0.582636  0.812112  0.618102
 0.564686 -0.680884  0.466398  0.560462
 0.824694  0.443771 -0.350638    1.4903
        0         0         0         1

 0.024829  0.579462  0.814621  0.616736
 0.576233 -0.674176  0.461997  0.563498
 0.816908  0.457941 -0.350645   1.49788
        0         0         0         1

 0.012623   0.57519  0.817922  0.614068
  0.59388 -0.662399  0.456656  0.569139
 0.804455  0.479983 -0.349955   1.51303
        0         0         0         1

0.00488804  0.569885   0.82171  0.614374
 0.608559 -0.653733  0.449766  0.576414
 0.793494  0.497861 -0.350004   1.53157
        0         0         0         1

0.00419345    0.5696  0.821911  0.614321
 0.609574 -0.653011  0.449439  0.576868
 0.792718  0.499131 -0.349952   1.53273
        0         0         0         1

-0.00373593  0.568167  0.822905  0.612963
 0.624904 -0.641118  0.445491  0.582927
 0.780692  0.515901 -0.352655   1.54836
        0         0         0         1

-0.00712374   0.56652  0.824017  0.612409
  0.63071 -0.636912  0.443337  0.584925
 0.775986  0.522874 -0.352773   1.55236
        0         0         0         1

-0.0133893  0.568075  0.822868  0.609227
 0.640437 -0.627116  0.443357  0.587723
 0.767894  0.532932  -0.35542   1.56352
        0         0         0         1

-0.0209882  0.566023  0.824122  0.607932
 0.665897 -0.606945   0.43382  0.598575
 0.745749  0.557886 -0.364174   1.58354
        0         0         0         1

-0.0247533  0.566456   0.82372  0.606092
 0.680279  -0.59423  0.429083  0.604254
 0.732535  0.570981 -0.370639    1.5965
        0         0         0         1

-0.0250881  0.567147  0.823234  0.606067
 0.691698 -0.584697  0.423892  0.610166
 0.721751  0.580064 -0.377626   1.60744
        0         0         0         1

-0.028307   0.56633  0.823692  0.606406
  0.70861 -0.569826  0.416137  0.618724
 0.705032  0.595456 -0.385177   1.61967
        0         0         0         1

-0.0344258  0.568655  0.821856  0.605213
 0.731692 -0.545814  0.408306  0.631549
 0.680765  0.615402  -0.39729   1.64233
        0         0         0         1

-0.0406492  0.569711  0.820839  0.604321
 0.744309 -0.530809  0.405272  0.638942
 0.666597  0.627432 -0.402464    1.6544
        0         0         0         1

-0.0456907  0.570319  0.820151  0.603708
 0.757883 -0.515071  0.400394  0.647624
 0.650789  0.639873 -0.408701   1.66593
        0         0         0         1

-0.0511908  0.573737  0.817439  0.603101
 0.767593 -0.501022  0.399722   0.65506
  0.63889  0.647922 -0.414749   1.68006
        0         0         0         1

-0.0588238  0.572623  0.817705  0.600714
 0.779347 -0.485534  0.396074  0.664035
 0.623825  0.660575 -0.417712   1.69166
        0         0         0         1

-0.0660262  0.574895  0.815559  0.599511
 0.796944  -0.46145    0.3898  0.678292
 0.600433  0.675692 -0.427692   1.70995
        0         0         0         1

-0.0758478  0.573378  0.815772  0.597178
 0.813612 -0.437376  0.383063  0.693445
 0.576439  0.692777 -0.433334   1.72919
        0         0         0         1

-0.0852987  0.571762  0.815973  0.594777
 0.828572 -0.414119  0.376794  0.707391
 0.553346  0.708233 -0.438422    1.7419
        0         0         0         1

-0.0882939  0.570188  0.816755   0.59509
 0.837054 -0.401999  0.371129  0.716788
 0.539948  0.716437 -0.441784   1.75119
        0         0         0         1

-0.0940305   0.56905  0.816909  0.593838
 0.845972 -0.386927  0.366904  0.728262
 0.524871  0.725583 -0.445017   1.76419
        0         0         0         1

-0.102644  0.565413  0.818396  0.594299
 0.866788 -0.352788  0.352447  0.755358
 0.487999  0.745553 -0.453882    1.7874
        0         0         0         1

-0.111762  0.562857  0.818964  0.591248
 0.873404 -0.337461  0.351121  0.766444
 0.473999  0.754528 -0.453886   1.80204
        0         0         0         1

-0.120629  0.558298  0.820824  0.588494
  0.88179 -0.319522  0.346918  0.779872
 0.455954  0.765643 -0.453758   1.81238
        0         0         0         1

-0.120152  0.554339  0.823572   0.59099
 0.891268 -0.305166  0.335433  0.796526
  0.43727  0.774326 -0.457399   1.82389
        0         0         0         1

-0.126364  0.546847  0.827641  0.589695
 0.899729 -0.288181   0.32778  0.811759
 0.417756  0.786073 -0.455598   1.83219
        0         0         0         1

-0.134928  0.541125  0.830047  0.585483
 0.906821 -0.270177  0.323542  0.824904
 0.399336  0.796359 -0.454249   1.84303
        0         0         0         1

-0.139575  0.533444   0.83424  0.587812
 0.921853 -0.237596  0.306161  0.857487
 0.361532  0.811779 -0.458594   1.86329
        0         0         0         1

-0.148176  0.526742  0.837011  0.581328
 0.928433 -0.217455  0.301208  0.870792
 0.340671   0.82174 -0.456823   1.87312
        0         0         0         1

-0.154425  0.522533  0.838518  0.580039
 0.933274 -0.201404  0.297383  0.886719
 0.324273   0.82849 -0.456565   1.88372
        0         0         0         1

-0.159332  0.505433  0.848027  0.577642
 0.950465 -0.153687  0.270178  0.937934
 0.266888  0.849069 -0.455909   1.90867
        0         0         0         1

-0.159332  0.505433  0.848027  0.577642
 0.950465 -0.153687  0.270178  0.937934
 0.266888  0.849069 -0.455909   1.90867
        0         0         0         1

-0.161827  0.497724  0.852105  0.576635
 0.956307 -0.133964  0.259866  0.957953
 0.243493  0.856927 -0.454298   1.91644
        0         0         0         1

-0.166233  0.493747  0.853569  0.571711
 0.958812 -0.121246  0.256864  0.971892
 0.230317  0.861112 -0.453256   1.92769
        0         0         0         1

-0.160515  0.482992  0.860786  0.573725
 0.966568  -0.09975  0.236211  0.994763
 0.199951  0.869924 -0.450834    1.9274
        0         0         0         1

 -0.161437   0.476879   0.864017   0.571523
  0.970017 -0.0844925   0.227877    1.01278
  0.181673   0.874899   -0.44894    1.93455
         0          0          0          1

 -0.166772   0.465167   0.869372   0.563398
  0.971524 -0.0729847   0.225419    1.02689
  0.168308   0.882209  -0.439749    1.94447
         0          0          0          1

  -0.14856     0.4507   0.880227   0.567841
  0.979902 -0.0527305   0.192382    1.06526
  0.133121   0.891117  -0.433808    1.95496
         0          0          0          1

 -0.140436   0.447094   0.883394   0.571864
  0.983203 -0.0420793     0.1776    1.08491
  0.116576   0.893497  -0.433675    1.95902
         0          0          0          1

 -0.147336   0.436475   0.887571   0.560923
  0.982491 -0.0388709   0.182209    1.09523
   0.11403   0.898877  -0.423105    1.97427
         0          0          0          1

-0.143642  0.426988  0.892775  0.558424
 0.985317 -0.022423  0.169256    1.1155
 0.092289  0.903979 -0.417498   1.97315
        0         0         0         1

 -0.133309   0.404266   0.904874    0.55762
  0.989818 0.00835586    0.14209    1.15795
 0.0498813   0.914603  -0.401264    1.96569
         0          0          0          1

-0.121256  0.399648  0.908614  0.559755
 0.991789 0.0113138   0.12738   1.17784
0.0406273  0.916599 -0.397738   1.97483
        0         0         0         1

-0.104182  0.393198  0.913532  0.563783
 0.994258 0.0186068  0.105379    1.1973
 0.024437  0.919265 -0.392879   1.97549
        0         0         0         1

