 0.194427 -0.182936  0.963708  0.554458
-0.962517  0.153821  0.223385   1.06464
-0.189103 -0.971017 -0.146172   1.68343
        0         0         0         1

 0.189687 -0.179705  0.965259  0.557253
 -0.96179  0.163675  0.219477   1.06044
 -0.19743 -0.970009 -0.141791   1.67872
        0         0         0         1

 0.189757 -0.170019  0.966998  0.553372
-0.960104  0.173914  0.218982   1.05146
-0.205406 -0.969973 -0.130235   1.66772
        0         0         0         1

  0.18438 -0.166407  0.968666  0.555264
-0.958886  0.185873  0.214449   1.04716
-0.215735  -0.96838 -0.125294   1.66559
        0         0         0         1

  0.185419  -0.143256   0.972161   0.550026
 -0.955185   0.206029   0.212542     1.0361
 -0.230741  -0.968003 -0.0986346    1.64801
         0          0          0          1

   0.17471  -0.141432   0.974409   0.554606
 -0.954783   0.217443   0.202752    1.03436
 -0.240554  -0.965772 -0.0970476    1.64283
         0          0          0          1

 0.171181 -0.139844  0.975264  0.553904
-0.952214  0.230659   0.20021   1.02881
-0.252952 -0.962933 -0.093677   1.63495
        0         0         0         1

  0.173053  -0.135129   0.975599   0.549836
 -0.947895   0.246165   0.202235    1.02235
 -0.267486  -0.959762 -0.0854885    1.63322
         0          0          0          1

  0.168601  -0.122741   0.978012   0.552421
 -0.947835   0.252126   0.195041    1.02095
 -0.270522  -0.959879 -0.0738291    1.62212
         0          0          0          1

  0.168711  -0.116067   0.978808   0.552324
 -0.944403   0.265281   0.194238    1.01653
 -0.282204   -0.95716 -0.0648581    1.62038
         0          0          0          1

  0.179912 -0.0961716    0.97897   0.538792
  -0.93881   0.280366   0.200074     1.0033
 -0.293712  -0.955063 -0.0398456    1.60347
         0          0          0          1

    0.1707 -0.0917643   0.981041    0.54475
 -0.938645   0.287675   0.190231    1.00388
 -0.299677  -0.953322 -0.0370281    1.59877
         0          0          0          1

  0.166691 -0.0827999   0.982527   0.544663
 -0.937944   0.294007   0.183904    1.00201
 -0.304097   -0.95221 -0.0286533    1.58932
         0          0          0          1

  0.162677 -0.0787843   0.983529   0.545802
 -0.935576   0.304323   0.179123    1.00008
 -0.313423  -0.949305 -0.0242022    1.58501
         0          0          0          1

   0.162265  -0.0609709    0.984862    0.542692
  -0.931966    0.318463    0.173265    0.995541
  -0.324206   -0.945972 -0.00514737     1.56977
          0           0           0           1

   0.156677   -0.055389    0.986096    0.545873
  -0.929308    0.329805    0.166179    0.994453
  -0.334423   -0.942423 0.000199235     1.56844
          0           0           0           1

  0.162327 -0.0479988   0.985569     0.5432
 -0.926193   0.337072   0.168963   0.991592
 -0.340318  -0.940254  0.0102596    1.56337
         0          0          0          1

  0.162809 -0.0407164   0.985817   0.543887
 -0.924948    0.34151   0.166862   0.990822
  -0.34346  -0.938996  0.0179405    1.55664
         0          0          0          1

  0.165619 -0.0338308   0.985609   0.541237
 -0.922566   0.347843   0.166965   0.987808
 -0.348486  -0.936942  0.0263981    1.54964
         0          0          0          1

  0.166564 -0.0309549   0.985545   0.537962
 -0.919085   0.357132   0.166549   0.985456
 -0.357125  -0.933541  0.0310351    1.54767
         0          0          0          1

  0.156566 -0.0213045   0.987438   0.542658
 -0.919699   0.361322   0.153621   0.988187
 -0.360056  -0.932198  0.0369769     1.5357
         0          0          0          1

  0.152668 -0.0166558   0.988137   0.545731
 -0.919991   0.362819   0.148255    0.98903
 -0.360985  -0.931711  0.0400678    1.53169
         0          0          0          1

  0.154092 -0.0172193   0.987906   0.543019
 -0.917642   0.368196    0.14955   0.987104
 -0.366319  -0.929589  0.0409349    1.53012
         0          0          0          1

    0.1507 -0.0138198   0.988483   0.545037
 -0.917384   0.370634   0.145043   0.987212
  -0.36837  -0.928676  0.0431766     1.5273
         0          0          0          1

   0.159968 -0.00956062    0.987076     0.53961
  -0.914303    0.375505    0.151811    0.984537
  -0.372103   -0.926771   0.0513275     1.52092
          0           0           0           1

   0.163217 -0.00605539    0.986572    0.536604
  -0.912986    0.378068    0.153364    0.982788
   -0.37392   -0.925758   0.0561788     1.51867
          0           0           0           1

   0.16277 -0.0048398   0.986652   0.538335
 -0.911152   0.382935   0.152193   0.983235
  -0.37856  -0.923763  0.0579206    1.51709
         0          0          0          1

   0.163293 -0.00312977    0.986573     0.53694
  -0.911726    0.381599    0.152115     0.98316
  -0.376951   -0.924323   0.0594588     1.51233
          0           0           0           1

  0.165061 -0.0028824   0.986279   0.535554
 -0.910869   0.383063    0.15356   0.982649
  -0.37825  -0.923718  0.0606033    1.50899
         0          0          0          1

     0.1644 -0.00279971     0.98639    0.536266
  -0.910264      0.3848    0.152804    0.982516
   -0.37999   -0.922996   0.0607124     1.50739
          0           0           0           1

   0.163002 -0.00431591    0.986616    0.535213
   -0.90984    0.386115    0.152006    0.983758
  -0.381604    -0.92244   0.0590106     1.50363
          0           0           0           1

   0.159236 -0.00429336    0.987231    0.539231
  -0.910331    0.386318    0.148512     0.98607
  -0.382023   -0.922356   0.0576072     1.50235
          0           0           0           1

   0.160274 -0.00498105     0.98706    0.537121
  -0.909836    0.387029    0.149688    0.984985
  -0.382766   -0.922054   0.0574986     1.50092
          0           0           0           1

   0.161259 -0.00585931    0.986895    0.535633
  -0.909459    0.387441    0.150907    0.984517
  -0.383248   -0.921876   0.0571497     1.50008
          0           0           0           1

   0.164625 -0.00896679    0.986316    0.531938
  -0.907368    0.390714       0.155    0.982495
  -0.386757   -0.920468    0.056185     1.50249
          0           0           0           1

   0.165527 -0.00814268    0.986172    0.532291
  -0.907479    0.390241    0.155541    0.983085
  -0.386111   -0.920677   0.0572061     1.50091
          0           0           0           1

   0.165985 -0.00993768    0.986078    0.533356
  -0.906626    0.391814     0.15656     0.98391
  -0.387915   -0.919991   0.0560255      1.5013
          0           0           0           1

  0.168858 -0.0107286   0.985582   0.531661
 -0.907101   0.389459   0.159652   0.983355
 -0.385557  -0.920981  0.0560315     1.4986
         0          0          0          1

  0.171108 -0.0150955   0.985137   0.530226
 -0.906485   0.389334   0.163413    0.98277
 -0.386014  -0.920973  0.0529343    1.49904
         0          0          0          1

  0.174509 -0.0191589   0.984469   0.528709
 -0.905931   0.388605    0.16815   0.982592
 -0.385792  -0.921205  0.0504586    1.49862
         0          0          0          1

  0.174037 -0.0334468   0.984171   0.529036
 -0.904526   0.389662   0.173195    0.98371
 -0.389287  -0.920351   0.037562    1.50004
         0          0          0          1

  0.173557 -0.0389296   0.984054    0.52931
 -0.904459   0.389051    0.17491   0.984254
 -0.389657  -0.920393  0.0323123    1.49965
         0          0          0          1

  0.172162 -0.0412169   0.984206   0.530197
 -0.905165    0.38756   0.174566   0.985303
 -0.388633  -0.920923   0.029415    1.49797
         0          0          0          1

  0.176212 -0.0446316    0.98334   0.529276
 -0.903885   0.388249   0.179595   0.985331
 -0.389796  -0.920473  0.0280721     1.4975
         0          0          0          1

  0.179944 -0.0456901   0.982615   0.528249
 -0.903029   0.388448   0.183432   0.985407
 -0.390076  -0.920337  0.0286394    1.49656
         0          0          0          1

  0.179092 -0.0454823    0.98278   0.527647
 -0.903561   0.387605   0.182594   0.986337
 -0.389235  -0.920703  0.0283212     1.4954
         0          0          0          1

  0.177864 -0.0436276   0.983088    0.52781
 -0.905136   0.384744   0.180835   0.989331
 -0.386127  -0.921992  0.0289432    1.49136
         0          0          0          1

  0.177653 -0.0435514   0.983129   0.529114
 -0.905172   0.384765   0.180611   0.990493
 -0.386139  -0.921987  0.0289331    1.49071
         0          0          0          1

 0.180883 -0.047538  0.982355  0.526999
-0.902821  0.388176  0.185023  0.990077
-0.390122 -0.920359 0.0272961   1.49299
        0         0         0         1

  0.182392 -0.0486351   0.982022   0.526008
 -0.902017    0.38919   0.186808    0.99013
 -0.391279  -0.919873  0.0271157    1.49239
         0          0          0          1

  0.188613 -0.0547539   0.980524   0.521615
 -0.896295    0.39845   0.194661   0.987629
 -0.401348  -0.915554  0.0260772    1.49499
         0          0          0          1

  0.187976 -0.0529076   0.980748   0.522341
 -0.897474   0.396405     0.1934    0.98881
 -0.399006   -0.91655  0.0270316    1.49297
         0          0          0          1

  0.188608 -0.0550306   0.980509   0.522631
 -0.895168   0.400958   0.194696   0.988797
 -0.403857  -0.914442  0.0263622     1.4943
         0          0          0          1

  0.186348 -0.0535601   0.981023   0.524244
 -0.894604   0.403527   0.191964   0.990014
 -0.406151  -0.913399  0.0272815    1.49535
         0          0          0          1

  0.184371 -0.0496588   0.981601   0.526079
 -0.894343   0.405729   0.188507   0.991162
 -0.407626  -0.912643  0.0303926    1.49599
         0          0          0          1

  0.185413 -0.0452701   0.981617   0.526228
 -0.894812    0.40507   0.187698   0.991553
 -0.406121  -0.913164   0.034597    1.49525
         0          0          0          1

 0.192086 -0.037294  0.980669  0.523785
-0.895841  0.401359  0.190734  0.991571
-0.400713 -0.915161  0.043686   1.49208
        0         0         0         1

  0.190661 -0.0352453   0.981023   0.523723
 -0.896091   0.401813   0.188591   0.991764
 -0.400835  -0.915043  0.0450272    1.49223
         0          0          0          1

  0.188419 -0.0350452   0.981463   0.523902
 -0.896725   0.401383   0.186483    0.99228
 -0.400478  -0.915239  0.0442022    1.49292
         0          0          0          1

  0.186484 -0.0328907   0.981907   0.523671
  -0.89743   0.401011   0.183873   0.992615
 -0.399803  -0.915483  0.0452649    1.49375
         0          0          0          1

  0.184675 -0.0299156   0.982344   0.520019
  -0.89812   0.400753   0.181046   0.991587
 -0.399094  -0.915697  0.0471413     1.4987
         0          0          0          1

  0.181149 -0.0243657   0.983154   0.520676
 -0.900083   0.398712   0.175724    0.99265
 -0.396277  -0.916752  0.0502952    1.50115
         0          0          0          1

  0.180615 -0.0167469   0.983411    0.51915
  -0.90287   0.393776   0.172529   0.992745
 -0.390133  -0.919054  0.0560018    1.50346
         0          0          0          1

  0.177889 -0.0116027   0.983982    0.51951
 -0.904834   0.391136   0.168192   0.993797
 -0.386823   -0.92026  0.0590802    1.50766
         0          0          0          1

   0.172756 -0.00380867    0.984957    0.521721
  -0.909943    0.382175    0.161076     0.99584
  -0.377039   -0.924082   0.0625571     1.51032
          0           0           0           1

   0.172785 0.000161888    0.984959    0.521746
  -0.912812    0.375702    0.160067    0.996873
  -0.370025   -0.926741   0.0650636     1.51296
          0           0           0           1

  0.165757 0.00399314   0.986159   0.524311
 -0.919422   0.362259   0.153073    1.00046
 -0.356634  -0.932069  0.0637184    1.52539
         0          0          0          1

 0.161245 0.0108568  0.986855  0.528534
-0.926622  0.345812  0.147599   1.00391
-0.339664 -0.938241 0.0658205   1.52493
        0         0         0         1

 0.161923 0.0149075  0.986691  0.528809
-0.930127  0.336287   0.14756   1.00551
-0.329612 -0.941642 0.0683187   1.52993
        0         0         0         1

 0.170339 0.0166598  0.985245  0.523566
-0.931392   0.32915  0.155463   1.00478
-0.321704 -0.944131 0.0715839    1.5349
        0         0         0         1

 0.177126  0.017158  0.984039  0.523064
-0.937239   0.30807   0.16333   1.00694
-0.300351 -0.951209 0.0706483    1.5525
        0         0         0         1

 0.177792 0.0251135  0.983748  0.525695
-0.943089  0.289828  0.163045   1.00975
-0.281023 -0.956749 0.0752133   1.55529
        0         0         0         1

 0.178987 0.0241959  0.983554  0.528843
-0.946948  0.275469  0.165548   1.01437
-0.266933 -0.961005 0.0722175   1.56737
        0         0         0         1

 0.189824 0.0262628  0.981467   0.52483
-0.949416  0.259603  0.176679    1.0135
-0.250152 -0.965358 0.0742133   1.57412
        0         0         0         1

 0.191637 0.0300216  0.981007  0.528763
-0.954208  0.239626  0.179069   1.01868
-0.229698 -0.970401 0.0745681   1.58184
        0         0         0         1

 0.189357 0.0244652  0.981603   0.53338
-0.958386  0.222107  0.179343   1.02319
-0.213633 -0.974715 0.0655046   1.59257
        0         0         0         1

 0.192889  0.017757   0.98106  0.536561
-0.965565  0.181328   0.18656   1.03209
-0.174581 -0.983262 0.0521217   1.61345
        0         0         0         1

 0.197738 0.0167157  0.980112  0.535698
 -0.96768  0.162969   0.19245   1.03662
-0.156511  -0.98649 0.0484006   1.62252
        0         0         0         1

  0.204108 0.00657033   0.978926   0.534624
 -0.968999   0.143562   0.201074    1.04072
 -0.139215   -0.98962  0.0356687    1.63832
         0          0          0          1

 0.201584 0.0011668  0.979471  0.539507
 -0.97237  0.120441  0.199979   1.04874
-0.117735  -0.99272 0.0254134   1.64345
        0         0         0         1

  0.205685 -0.0308135   0.978133   0.542826
 -0.974127  0.0891994   0.207653    1.06141
-0.0936474  -0.995537 -0.0116693    1.66933
         0          0          0          1

  0.209763 -0.0414205   0.976874    0.54154
 -0.974884   0.067614   0.212203    1.06798
-0.0748399  -0.996851 -0.0261973    1.67472
         0          0          0          1

  0.214563 -0.0595278   0.974894   0.541238
 -0.974854  0.0484595   0.217513    1.07521
 -0.060191   -0.99705 -0.0476333    1.68449
         0          0          0          1

  0.212148 -0.0738319   0.974444   0.546663
 -0.975956   0.035037   0.215132     1.0831
-0.0500252  -0.996655 -0.0646237    1.69134
         0          0          0          1

  0.218948 -0.0926451   0.971328   0.546484
 -0.974671   0.025739   0.222156    1.09043
-0.0455828  -0.995366  -0.084663     1.7064
         0          0          0          1

  0.221482  -0.102843   0.969726    0.54729
  -0.97445  0.0147126   0.224121    1.09686
-0.0373164  -0.994589 -0.0969564    1.71363
         0          0          0          1

   0.228388   -0.127505    0.965185    0.549427
  -0.973321 -0.00745333    0.229329     1.11652
 -0.0220468    -0.99181   -0.125806     1.73532
          0           0           0           1

  0.231449  -0.133275   0.963675   0.552969
 -0.972791 -0.0210239    0.23073     1.1264
-0.0104903  -0.990856  -0.134514    1.73905
         0          0          0          1

  0.232255  -0.138978   0.962675   0.559434
 -0.972629 -0.0403947   0.228825    1.13974
0.00708544  -0.989471  -0.144556    1.74461
         0          0          0          1

  0.245946  -0.139274   0.959225   0.555605
 -0.969222 -0.0465007   0.241757    1.14656
 0.0109341  -0.989161  -0.146424    1.75651
         0          0          0          1

  0.252592   -0.14335   0.956895   0.570145
   -0.9669 -0.0742574   0.244109    1.17165
 0.0360636  -0.986882  -0.157362    1.77373
         0          0          0          1

  0.258983   -0.14491    0.95495   0.574034
 -0.964287 -0.0955845   0.247011    1.18306
  0.055484  -0.984817   -0.16449    1.77769
         0          0          0          1

 0.266335 -0.147494  0.952529  0.578903
-0.961225 -0.113956  0.251121   1.19568
0.0715072 -0.982476 -0.172125    1.7877
        0         0         0         1

