 0.820062 -0.157964  0.550041   1.46443
-0.550059 -0.482777  0.681441   1.08566
 0.157904 -0.861379 -0.482796   2.04048
        0         0         0         1

 0.814692 -0.164977  0.555931   1.46977
-0.560208 -0.471579  0.681014    1.0687
 0.149814 -0.866254 -0.476613   2.03526
        0         0         0         1

  0.81193 -0.171428  0.558016   1.47547
-0.566216 -0.463823  0.681372   1.05663
 0.142014 -0.869184 -0.473657   2.03098
        0         0         0         1

 0.799863  -0.19911  0.566193   1.49524
-0.589102 -0.440891  0.677181   1.02337
 0.114796 -0.875197 -0.469948   2.01692
        0         0         0         1

 0.795767 -0.204785  0.569927   1.50114
-0.596089 -0.431011  0.677427   1.01136
 0.106918 -0.878802 -0.465055   2.01003
        0         0         0         1

 0.790456 -0.212952  0.574309    1.5086
-0.605348 -0.414642   0.67943  0.994225
0.0934465 -0.884717 -0.456666    1.9992
        0         0         0         1

 0.788177 -0.208479  0.579063   1.51072
 -0.60944 -0.395541  0.687117  0.981507
0.0857936 -0.894474 -0.438812    1.9985
        0         0         0         1

 0.775437 -0.216461  0.593162   1.52733
-0.628106 -0.360626  0.689516  0.952514
0.0646561 -0.907245 -0.415603   1.97696
        0         0         0         1

 0.766272 -0.224262  0.602108   1.53566
-0.640128 -0.347192  0.685342  0.941457
0.0553511 -0.910585 -0.409599   1.96889
        0         0         0         1

 0.759328  -0.23003  0.608693   1.53837
-0.649073 -0.334031  0.683468  0.929293
0.0461038 -0.914062 -0.402945   1.95501
        0         0         0         1

 0.751126 -0.233744  0.617393   1.54195
-0.659178 -0.316521  0.682128  0.915915
0.0359744 -0.919336 -0.391826   1.95248
        0         0         0         1

 0.741409 -0.242513    0.6257   1.54761
-0.670682 -0.298798    0.6789  0.899761
0.0223157 -0.922988 -0.384181   1.94521
        0         0         0         1

 0.735332 -0.251598  0.629274   1.55252
-0.677621 -0.287781  0.676766  0.889952
0.0108202 -0.924056 -0.382103    1.9347
        0         0         0         1

 0.721663 -0.267595  0.638432   1.56525
-0.692083 -0.258981  0.673758  0.864038
-0.0149522 -0.928074 -0.372095   1.91101
        0         0         0         1

 0.718398 -0.273916  0.639433   1.56944
-0.695128 -0.247672  0.674874    0.8555
-0.0264889 -0.929316 -0.368334   1.90004
        0         0         0         1

 0.710106 -0.282725  0.644838   1.57842
 -0.70269 -0.226749  0.674397  0.841585
-0.0444526 -0.932015 -0.359684   1.88721
        0         0         0         1

 0.707962 -0.282572  0.647258   1.58065
-0.704207 -0.212765  0.677365  0.832409
-0.0536907 -0.935352 -0.349619   1.88044
        0         0         0         1

 0.703872 -0.287594  0.649503   1.58462
-0.707121 -0.196918  0.679119  0.820842
-0.067412  -0.93729 -0.341969   1.86746
        0         0         0         1

 0.700092  -0.29025    0.6524   1.58792
-0.709919 -0.184767  0.679614  0.812718
-0.0767163 -0.938944 -0.335408   1.85803
        0         0         0         1

 0.692684 -0.300893  0.655479   1.59405
-0.713457 -0.152699  0.683858   0.79148
-0.105677 -0.941353 -0.320447   1.83629
        0         0         0         1

 0.688528 -0.307019  0.657015   1.59854
 -0.71552  -0.13999  0.684422  0.783737
-0.118155 -0.941351 -0.316065   1.82567
        0         0         0         1

 0.685884 -0.312262  0.657309     1.603
-0.715076 -0.121622  0.688385  0.773571
-0.135013 -0.942179  -0.30671   1.81311
        0         0         0         1

 0.685767 -0.313535  0.656826   1.60359
-0.713289 -0.110081  0.692171  0.767137
-0.144716 -0.943175 -0.299131   1.80311
        0         0         0         1

  0.676555  -0.323946   0.661311    1.61459
 -0.715003 -0.0741046   0.695183   0.748163
 -0.176196  -0.943169  -0.281758    1.77795
         0          0          0          1

  0.676068  -0.325259   0.661165    1.61506
 -0.713367 -0.0642498   0.697839   0.743106
 -0.184499   -0.94344  -0.275466    1.76868
         0          0          0          1

  0.674045  -0.328502   0.661627    1.61658
 -0.712289 -0.0517183   0.699979   0.735693
 -0.195726  -0.943086  -0.268848    1.75525
         0          0          0          1

  0.670669  -0.328791   0.664906    1.61823
  -0.71291 -0.0381664   0.700216   0.728813
 -0.204848  -0.943631  -0.259995    1.74773
         0          0          0          1

  0.667068  -0.328595   0.668614    1.62022
 -0.712969 -0.0212578   0.700873   0.720765
 -0.216091  -0.944232  -0.248459    1.73753
         0          0          0          1

  0.663967  -0.330285   0.670865    1.62187
 -0.713866 -0.0129234   0.700163   0.716195
 -0.222584  -0.943793   -0.24436    1.72778
         0          0          0          1

 0.651031 -0.339917  0.678686   1.62889
-0.717849 0.0148584   0.69604  0.702229
 -0.24668 -0.940338 -0.234336   1.70342
        0         0         0         1

 0.647613 -0.339851  0.681982   1.63114
-0.717507 0.0292721  0.695936  0.696599
-0.256477 -0.940024 -0.224888   1.69665
        0         0         0         1

 0.641802 -0.341822  0.686475   1.63301
-0.718471 0.0449569  0.694102  0.690041
-0.268121 -0.938689 -0.216736   1.68425
        0         0         0         1

 0.638406 -0.343556  0.688772    1.6341
-0.718379 0.0553359  0.693448  0.685475
-0.276352   -0.9375 -0.211477   1.67519
        0         0         0         1

 0.630053 -0.344084  0.696161   1.63535
-0.717792 0.0840397  0.691167  0.674015
-0.296325  -0.93517 -0.194031   1.65702
        0         0         0         1

 0.622047 -0.346959   0.70191   1.63756
-0.720998  0.095744   0.68629  0.669105
-0.305318 -0.932981 -0.190599    1.6489
        0         0         0         1

 0.615312 -0.349035  0.706799   1.63809
-0.722318   0.10941  0.682852  0.663887
 -0.31567 -0.930701 -0.184793   1.63886
        0         0         0         1

 0.608512 -0.350101   0.71214   1.63938
 -0.72429   0.12162  0.678684  0.659342
-0.324218 -0.928783 -0.179568   1.63174
        0         0         0         1

 0.599069 -0.354082  0.718152   1.64113
-0.727646  0.133538  0.672829  0.654367
-0.334137 -0.925631 -0.177648   1.62036
        0         0         0         1

 0.593581 -0.354656  0.722413   1.64173
-0.728642  0.144274  0.669527   0.65044
-0.341677 -0.923799 -0.172779   1.61415
        0         0         0         1

 0.580115 -0.355558  0.732834   1.64286
-0.730643  0.170532   0.66112  0.642236
-0.360038 -0.918965 -0.160858   1.59555
        0         0         0         1

 0.575598 -0.354571  0.736863   1.64314
-0.730781  0.181311  0.658092  0.639593
-0.366942 -0.917282 -0.154752   1.58874
        0         0         0         1

 0.570792 -0.353057  0.741314   1.64176
-0.730278  0.194435  0.654896  0.636164
-0.375353 -0.915175 -0.146848   1.57916
        0         0         0         1

 0.563396 -0.353119  0.746922   1.64317
-0.732081  0.205661  0.649431  0.633055
 -0.38294 -0.912694 -0.142643   1.57226
        0         0         0         1

 0.549734 -0.349548  0.758689    1.6431
-0.734634  0.230022  0.638281  0.626469
-0.397625 -0.908243 -0.130339   1.55605
        0         0         0         1

 0.541621 -0.349102  0.764705   1.64337
-0.737059  0.240207    0.6317  0.623787
-0.404215 -0.905775 -0.127207   1.55012
        0         0         0         1

 0.532687  -0.35045  0.770343   1.64297
 -0.73956  0.249775   0.62503  0.621019
-0.411455 -0.902661 -0.126127     1.541
        0         0         0         1

  0.52719 -0.349272  0.774648    1.6416
-0.741271  0.256658  0.620197  0.619365
-0.415438 -0.901185 -0.123598   1.53536
        0         0         0         1

 0.518584 -0.347051  0.781426    1.6412
-0.743142  0.269041  0.612664  0.616281
-0.422861 -0.898428 -0.118387   1.52884
        0         0         0         1

 0.511715 -0.347815  0.785603   1.64099
-0.745667  0.274406  0.607192  0.614655
-0.426765 -0.896508 -0.118936   1.52164
        0         0         0         1

 0.501494 -0.345745  0.793073   1.63809
-0.746147  0.291147  0.598748  0.610962
-0.437915 -0.892017 -0.111968   1.50832
        0         0         0         1

 0.495686 -0.345626  0.796767   1.63839
-0.747239  0.297843  0.594074  0.609232
-0.442639  -0.88985 -0.110628   1.50245
        0         0         0         1

 0.490332 -0.344486  0.800565   1.63845
-0.746998  0.307076   0.58966  0.606906
-0.448963 -0.887149 -0.106761   1.49604
        0         0         0         1

 0.488474 -0.344353  0.801757   1.63694
-0.745903  0.312012  0.588453  0.606235
-0.452794 -0.885477 -0.104444   1.49122
        0         0         0         1

  0.48128 -0.346076  0.805358   1.63616
-0.744433  0.323714  0.583976   0.60326
-0.462805 -0.880591 -0.101833    1.4788
        0         0         0         1

 0.478692 -0.345795  0.807019   1.63571
-0.744433  0.327465  0.581881  0.602189
-0.465482 -0.879314 -0.100666    1.4741
        0         0         0         1

 0.478183 -0.347046  0.806784   1.63344
-0.742214   0.33142  0.582476  0.601827
-0.469531 -0.877337 -0.099103   1.46762
        0         0         0         1

  0.475332  -0.348261   0.807944    1.63374
 -0.742019   0.334729    0.58083   0.600881
 -0.472723  -0.875597 -0.0993088    1.46307
         0          0          0          1

  0.472993  -0.348394   0.809258    1.63252
 -0.740032   0.341373   0.579497   0.599835
 -0.478152  -0.872975 -0.0963559    1.45281
         0          0          0          1

 0.472319 -0.346418    0.8105   1.63202
-0.738311  0.346792  0.578474   0.59873
-0.481468 -0.871625 -0.091968   1.45057
        0         0         0         1

  0.472233  -0.345994   0.810731    1.63106
 -0.736585   0.350318   0.578549   0.598293
 -0.484188  -0.870383 -0.0894224    1.44566
         0          0          0          1

  0.471586  -0.346245      0.811    1.63072
 -0.735589   0.352752   0.578338   0.598004
 -0.486328  -0.869299 -0.0883407    1.44218
         0          0          0          1

  0.471223  -0.346615   0.811053    1.62997
 -0.733582   0.356521   0.578576   0.597771
 -0.489701  -0.867612 -0.0862694    1.43812
         0          0          0          1

  0.471437  -0.347585   0.810513    1.62891
 -0.732206    0.35799   0.579412   0.597861
  -0.49155  -0.866619 -0.0857341      1.435
         0          0          0          1

  0.471071  -0.351878   0.808872     1.6278
 -0.729236   0.360575   0.581551   0.597598
 -0.496294   -0.86381 -0.0867458    1.42679
         0          0          0          1

  0.469329  -0.352159   0.809762    1.62907
 -0.728466   0.363877   0.580457   0.596771
 -0.499067  -0.862309 -0.0857577    1.42497
         0          0          0          1

 0.469112 -0.353598   0.80926     1.628
-0.726559  0.366394  0.581264  0.596814
-0.502042 -0.860653  -0.08503   1.42178
        0         0         0         1

 0.470205 -0.355423  0.807826   1.62707
-0.725068  0.366284  0.583191  0.597225
-0.503173 -0.859948 -0.085477   1.41909
        0         0         0         1

  0.470434  -0.358186   0.806471    1.62644
 -0.723931   0.365942   0.584816   0.597497
 -0.504594  -0.858947 -0.0871505    1.41476
         0          0          0          1

  0.470945  -0.359206   0.805718    1.62568
 -0.722359   0.367241   0.585945    0.59751
 -0.506368  -0.857966 -0.0865253    1.41358
         0          0          0          1

 0.470533 -0.363305   0.80412    1.6258
-0.719132  0.370189  0.588055   0.59745
 -0.51132 -0.854967 -0.087078   1.40944
        0         0         0         1

 0.470821 -0.365094   0.80314   1.62486
-0.717769    0.3708  0.589334  0.597702
-0.512967  -0.85394 -0.087473   1.40762
        0         0         0         1

  0.472551  -0.367024   0.801242    1.62361
 -0.715032   0.371809    0.59202   0.598348
 -0.515195  -0.852673 -0.0867355    1.40585
         0          0          0          1

 0.471381 -0.368406  0.801297   1.62392
-0.715178  0.371973   0.59174  0.598228
-0.516062 -0.852005 -0.088135   1.40373
        0         0         0         1

 0.469689 -0.371727  0.800757   1.62395
-0.715386  0.371238   0.59195  0.599071
-0.517315 -0.850883 -0.091562   1.39874
        0         0         0         1

  0.469352  -0.371733   0.800951    1.62348
 -0.715127   0.372069   0.591742   0.599333
 -0.517979  -0.850517 -0.0912055      1.398
         0          0          0          1

  0.469379  -0.371261   0.801154     1.6229
 -0.714849   0.372839   0.591592     0.5997
 -0.518337  -0.850386 -0.0903928    1.39674
         0          0          0          1

  0.469557  -0.370732   0.801295    1.62234
 -0.714698   0.373264   0.591508   0.600188
 -0.518385   -0.85043 -0.0896927    1.39608
         0          0          0          1

  0.469094  -0.371147   0.801374    1.62191
 -0.714637   0.373616   0.591358   0.600694
 -0.518887  -0.850094 -0.0899743    1.39426
         0          0          0          1

   0.46763  -0.371138   0.802234    1.62218
 -0.715192   0.374482   0.590139   0.600789
 -0.519445  -0.849717 -0.0903163    1.39292
         0          0          0          1

  0.466552  -0.370117   0.803332    1.62174
 -0.715566   0.375914   0.588774   0.601558
 -0.519899   -0.84953 -0.0894598    1.39108
         0          0          0          1

  0.465269  -0.369526   0.804348    1.62211
 -0.716023   0.377133   0.587437   0.601438
 -0.520419  -0.849248 -0.0891209    1.39018
         0          0          0          1

  0.464364  -0.369016   0.805105    1.62185
 -0.716533    0.37775   0.586418   0.601963
 -0.520526  -0.849195 -0.0889986    1.38837
         0          0          0          1

  0.463446  -0.368814   0.805726    1.62208
 -0.716762   0.378613   0.585581    0.60226
 -0.521029  -0.848898 -0.0888855     1.3875
         0          0          0          1

  0.460787  -0.368044   0.807601    1.62237
 -0.717304    0.38142    0.58309   0.602453
 -0.522638  -0.847975 -0.0882466    1.38555
         0          0          0          1

  0.461618  -0.368953   0.806711    1.62113
 -0.716675   0.380808   0.584262   0.603125
 -0.522767  -0.847855 -0.0886318    1.38484
         0          0          0          1

  0.461022   -0.36874   0.807149    1.62151
 -0.715994   0.382763   0.583819   0.602855
 -0.524224  -0.847068 -0.0875537    1.38522
         0          0          0          1

  0.460908  -0.369357   0.806932     1.6213
  -0.71563   0.383038   0.584086   0.603231
 -0.524821  -0.846675 -0.0877775    1.38468
         0          0          0          1

  0.461484   -0.37048   0.806087    1.62067
  -0.71564   0.381534   0.585057   0.603911
 -0.524302  -0.846863 -0.0890587    1.38298
         0          0          0          1

  0.461459  -0.368791   0.806876    1.62089
 -0.715837   0.382469   0.584205   0.603919
 -0.524054  -0.847178 -0.0875009    1.38252
         0          0          0          1

  0.459423   -0.36961   0.807663    1.62077
 -0.717867   0.380974   0.582689    0.60398
 -0.523066  -0.847495 -0.0903023    1.38087
         0          0          0          1

  0.458186  -0.370582   0.807919    1.62088
 -0.719645   0.378834    0.58189   0.604062
 -0.521706  -0.848029 -0.0931111    1.37973
         0          0          0          1

  0.456786  -0.370303    0.80884    1.62168
 -0.720998    0.37847    0.58045    0.60387
 -0.521064  -0.848313 -0.0941079    1.37969
         0          0          0          1

 0.456766 -0.369868  0.809051    1.6211
 -0.72147  0.378037  0.580145  0.603887
-0.520428 -0.848696 -0.094174   1.37956
        0         0         0         1

  0.455713  -0.369226   0.809937    1.62136
 -0.723003   0.377224   0.578765   0.603892
 -0.519223  -0.849337 -0.0950461      1.379
         0          0          0          1

  0.455722  -0.369839   0.809652    1.62087
 -0.723011   0.376761   0.579055   0.604237
 -0.519203  -0.849276 -0.0956992    1.37864
         0          0          0          1

  0.454911  -0.371172   0.809498    1.62102
 -0.723486   0.375981    0.57897    0.60446
 -0.519253  -0.849041 -0.0974996    1.37787
         0          0          0          1

  0.454529  -0.371723    0.80946    1.62121
 -0.723555    0.37592   0.578923   0.604446
 -0.519491  -0.848826 -0.0980952    1.37776
         0          0          0          1

  0.454655  -0.372838   0.808876    1.62104
 -0.723168   0.375606    0.57961   0.604754
  -0.51992  -0.848476 -0.0988534    1.37753
         0          0          0          1

 0.454104 -0.373438  0.808909   1.62135
-0.722959  0.376161  0.579511  0.604672
-0.520691 -0.847966 -0.099164   1.37752
        0         0         0         1

 0.453192 -0.375977  0.808244   1.62206
-0.722168  0.376688  0.580155  0.604839
-0.522581 -0.846609 -0.100806   1.37733
        0         0         0         1

 0.452425 -0.378094  0.807686   1.62217
-0.721728   0.37677  0.580649  0.605006
-0.523851  -0.84563 -0.102421   1.37701
        0         0         0         1

 0.452616 -0.380497   0.80645   1.62193
-0.720535  0.376739  0.582149  0.605369
-0.525327 -0.844565 -0.103643   1.37701
        0         0         0         1

 0.452723 -0.383315  0.805053   1.62166
-0.719123  0.376839  0.583827  0.605773
-0.527166 -0.843245 -0.105047   1.37711
        0         0         0         1

 0.448268 -0.389543  0.804557   1.62185
-0.720022  0.376039  0.583235  0.606251
 -0.52974 -0.840745 -0.111913   1.37703
        0         0         0         1

  0.44554 -0.392099  0.804831   1.62217
-0.721208  0.375439  0.582155  0.606382
-0.530428 -0.839823 -0.115512   1.37678
        0         0         0         1

 0.445978 -0.394793  0.803269   1.62176
-0.720223  0.374541  0.583951  0.606842
-0.531397 -0.838962 -0.117302   1.37679
        0         0         0         1

 0.443715 -0.395292  0.804277     1.622
 -0.72033  0.376597  0.582494  0.606872
-0.533144 -0.837806 -0.117639   1.37719
        0         0         0         1

 0.441603 -0.397959  0.804124   1.62208
-0.720472  0.376841  0.582161  0.607237
-0.534703 -0.836432 -0.120304   1.37718
        0         0         0         1

 0.440265 -0.397799  0.804936   1.62222
-0.720396  0.378585  0.581122  0.607351
-0.535907  -0.83572 -0.119895   1.37726
        0         0         0         1

 0.438485 -0.396413   0.80659   1.62269
-0.718875  0.383936  0.579493   0.60809
-0.539398 -0.833936 -0.116621   1.37888
        0         0         0         1

 0.437706 -0.397217  0.806617   1.62247
-0.718144  0.385349  0.579461  0.608536
-0.541001 -0.832901  -0.11659   1.37935
        0         0         0         1

 0.436956 -0.398452  0.806415   1.62178
-0.716951  0.387121  0.579757  0.609367
-0.543186 -0.831489 -0.116516   1.38012
        0         0         0         1

 0.437388 -0.398258  0.806277   1.62122
-0.715696  0.388703  0.580249  0.610087
-0.544491 -0.830843 -0.115018   1.38129
        0         0         0         1

 0.437977 -0.398781  0.805698   1.62029
-0.712659  0.392295  0.581568  0.611765
 -0.54799 -0.828902 -0.112378   1.38403
        0         0         0         1

 0.438203 -0.400224   0.80486   1.61968
-0.712616  0.391071  0.582445  0.612551
-0.547866 -0.828785 -0.113838    1.3841
        0         0         0         1

 0.436368 -0.400787  0.805576   1.62058
-0.713194  0.391794  0.581251  0.613234
-0.548578 -0.828171 -0.114872   1.38472
        0         0         0         1

 0.436019 -0.400788  0.805765   1.62029
-0.713366  0.391915  0.580958  0.613791
-0.548632 -0.828114 -0.115026   1.38571
        0         0         0         1

 0.436863 -0.400124  0.805637   1.61846
-0.712929  0.392132  0.581347  0.615345
-0.548527 -0.828331 -0.113952    1.3886
        0         0         0         1

  0.43752  -0.40009  0.805298   1.61773
-0.712847  0.391565  0.581829  0.616377
-0.548111 -0.828616 -0.113886   1.38983
        0         0         0         1

 0.437078 -0.398022  0.806561   1.61743
-0.713289  0.392869  0.580407  0.618151
-0.547888 -0.828995 -0.112191   1.39439
        0         0         0         1

 0.437649  -0.39753  0.806495   1.61658
-0.713218  0.392709  0.580602  0.619356
-0.547524 -0.829307 -0.111657   1.39634
        0         0         0         1

0.437998 -0.39678 0.806675  1.61671
-0.713204  0.39289 0.580497 0.620434
-0.547264 -0.82958  -0.1109  1.39922
       0        0        0        1

 0.438774 -0.395821  0.806723   1.61606
-0.713286  0.392607  0.580588  0.621827
-0.546535 -0.830172 -0.110068   1.40134
        0         0         0         1

 0.444703 -0.390504  0.806068   1.61472
-0.713012  0.390326   0.58246  0.626003
-0.542082 -0.833758 -0.104855   1.40694
        0         0         0         1

 0.448096 -0.387188  0.805788   1.61357
-0.712582  0.389601  0.583471  0.627632
-0.539849 -0.835641 -0.101325   1.41047
        0         0         0         1

  0.452978  -0.385048   0.804083    1.61245
 -0.712251   0.386154    0.58616   0.630103
   -0.5362  -0.838226 -0.0993316    1.41504
         0          0          0          1

  0.45595 -0.385154   0.80235   1.61156
-0.712667  0.382011  0.588364  0.632423
-0.533118 -0.840074 -0.100309   1.41805
        0         0         0         1

  0.45994 -0.384112   0.80057   1.60972
-0.712917  0.377734  0.590818  0.635308
-0.529343 -0.842481 -0.100105   1.42351
        0         0         0         1

  0.462983  -0.381544   0.800045    1.60895
 -0.713978   0.374337   0.591698    0.63739
 -0.525245  -0.845161 -0.0991024    1.42786
         0          0          0          1

  0.467228  -0.374167    0.80106    1.60864
 -0.719949   0.364897   0.590359   0.642413
 -0.513198  -0.852554 -0.0988908    1.43754
         0          0          0          1

  0.470927  -0.368939   0.801319    1.60703
 -0.722689   0.359579   0.590273   0.645287
 -0.505912   -0.85708 -0.0972925    1.44124
         0          0          0          1

  0.478698  -0.361607   0.800055     1.6042
 -0.724909   0.351315   0.592523   0.649595
 -0.495332  -0.863607 -0.0939585    1.44748
         0          0          0          1

  0.478125  -0.356026   0.802896    1.60549
 -0.729725   0.347702   0.588732   0.651513
 -0.488773   -0.86738 -0.0935562    1.45158
         0          0          0          1

  0.488951  -0.340561   0.803085    1.60068
 -0.735726   0.333614   0.589415   0.659285
 -0.468652  -0.879045 -0.0874382    1.46694
         0          0          0          1

  0.490491  -0.336126   0.804013    1.59996
 -0.739515   0.327543   0.588076   0.661633
 -0.461017  -0.883026 -0.0879131    1.47289
         0          0          0          1

  0.492476  -0.329765   0.805433    1.59863
 -0.744957   0.318784   0.586017   0.665085
 -0.450007  -0.888612 -0.0886669     1.4823
         0          0          0          1

    0.4945  -0.326265   0.805618    1.59771
 -0.748742   0.310825   0.585468   0.668014
 -0.441424  -0.892714 -0.0905855    1.48998
         0          0          0          1

  0.495985  -0.322539   0.806206    1.59686
 -0.754791   0.298872   0.583924   0.671992
  -0.42929  -0.898134 -0.0952139    1.49965
         0          0          0          1

  0.497991  -0.319137   0.806323    1.59542
  -0.75888   0.289581   0.583304   0.674871
  -0.41965  -0.902382 -0.0979783    1.50679
         0          0          0          1

 0.502811 -0.304061  0.809153    1.5944
-0.771172  0.265074  0.578818  0.682822
-0.390481 -0.915032 -0.101201   1.52681
        0         0         0         1

 0.505764 -0.298855  0.809251   1.59271
-0.775109  0.254366  0.578363  0.686491
-0.378693 -0.919774 -0.102996   1.53543
        0         0         0         1

 0.510077 -0.289368  0.809993   1.59079
-0.780064  0.241127  0.577371  0.691194
-0.362384  -0.92635 -0.102732   1.54865
        0         0         0         1

 0.514093 -0.283452  0.809545   1.58846
-0.783267  0.229514  0.577767  0.695353
-0.349572 -0.931117 -0.104027   1.55793
        0         0         0         1

 0.519917 -0.267221  0.811344   1.58536
-0.793093  0.201821  0.574693  0.705772
-0.317316 -0.942264 -0.107001   1.58373
        0         0         0         1

 0.520867 -0.261398  0.812631   1.58532
-0.797058  0.191882  0.572608   0.70948
-0.305608 -0.945966 -0.108404   1.59482
        0         0         0         1

 0.523289 -0.253921  0.813445   1.58464
-0.802007   0.17588  0.570833  0.714851
-0.288016 -0.951099 -0.111611   1.61027
        0         0         0         1

  0.52647 -0.248086  0.813193   1.58318
-0.804311  0.164637  0.570946  0.719792
-0.275525 -0.954645 -0.112862   1.62225
        0         0         0         1

 0.531701 -0.240738  0.811997   1.58175
-0.806886  0.147339  0.572036  0.727388
 -0.25735 -0.959342 -0.115908   1.63847
        0         0         0         1

 0.536529 -0.233713  0.810873   1.57996
 -0.80826  0.133909  0.573396   0.73309
-0.242593  -0.96304 -0.117055   1.65029
        0         0         0         1

 0.552896 -0.212557  0.805684   1.57255
-0.808079 0.0990891  0.580681  0.749691
-0.203262 -0.972112 -0.116977    1.6818
        0         0         0         1

 0.555064 -0.207705  0.805458   1.57292
-0.810002 0.0852942  0.580191  0.755666
 -0.18921 -0.974466 -0.120898   1.69414
        0         0         0         1

 0.559314 -0.199069  0.804698   1.57169
-0.811161 0.0686253  0.580783  0.764628
-0.170839  -0.97758 -0.123094   1.71246
        0         0         0         1

 0.566617 -0.191273  0.801474   1.56867
-0.809326 0.0534418  0.584923  0.772087
-0.154712 -0.980081 -0.124521   1.72568
        0         0         0         1

 0.575423 -0.183034  0.797112   1.56631
 -0.80671 0.0333373  0.590006  0.782963
-0.134565 -0.982541 -0.128472   1.74443
        0         0         0         1

 0.579831 -0.178553   0.79493   1.56618
 -0.80617 0.0153811  0.591484  0.791277
-0.117838  -0.98381 -0.135026   1.75573
        0         0         0         1

 0.600281 -0.159945  0.783633   1.56055
-0.796367  -0.02899  0.604118  0.815506
-0.0739083   -0.9867 -0.144777   1.79059
        0         0         0         1

  0.608235  -0.154303   0.778615    1.55659
 -0.791611 -0.0458394   0.609303   0.826224
 -0.058326   -0.98696  -0.150029    1.80265
         0          0          0          1

  0.614219  -0.148115   0.775111    1.55687
  -0.78825 -0.0686143   0.611518   0.839442
-0.0373916  -0.986587  -0.158896    1.82059
         0          0          0          1

  0.627015  -0.135296   0.767168    1.54759
 -0.778815 -0.0870147   0.621189   0.851838
-0.0172894  -0.986977   -0.15993    1.83468
         0          0          0          1

 0.643876 -0.120424  0.755594   1.54164
-0.764629 -0.136986  0.629743  0.882631
0.0276698 -0.983226 -0.180282   1.86506
        0         0         0         1

 0.648286 -0.114484  0.752741   1.54035
-0.760074 -0.155558  0.630943  0.895052
0.0448622  -0.98117 -0.187862   1.87849
        0         0         0         1

  0.65836 -0.102107  0.745745   1.53316
-0.749447 -0.180983  0.636848  0.912558
0.0699405 -0.978171 -0.195676   1.89746
        0         0         0         1

 0.662211 -0.097091  0.743001   1.53084
-0.744187 -0.201054  0.636995  0.926508
0.0875367 -0.974757 -0.205394   1.90701
        0         0         0         1

  0.669942 -0.0899962   0.736939    1.52644
 -0.733843  -0.230667   0.638958   0.946107
  0.112484  -0.968862  -0.220577    1.92158
         0          0          0          1

  0.67764 -0.079605  0.731073   1.51896
-0.723331 -0.251476   0.64308  0.961779
 0.132655 -0.964584 -0.227991   1.93251
        0         0         0         1

  0.685063 -0.0693873   0.725172    1.51208
 -0.708942  -0.292523   0.641741   0.996925
  0.167601  -0.953738  -0.249588    1.95997
         0          0          0          1

   0.68962 -0.0622187   0.721493    1.50634
  -0.69995  -0.312786   0.642055    1.01347
  0.185725  -0.947784  -0.259253    1.96903
         0          0          0          1

  0.698055 -0.0571272   0.713761    1.49755
 -0.685909  -0.339488   0.643644    1.03613
  0.205544  -0.938874  -0.276165    1.97972
         0          0          0          1

  0.703497 -0.0517545   0.708811    1.49042
 -0.676178  -0.355797   0.645129    1.05164
  0.218805  -0.933129  -0.285297    1.98914
         0          0          0          1

  0.712664 -0.0396387   0.700385    1.47634
 -0.655781  -0.392199   0.645082    1.08863
   0.24912  -0.919026  -0.305501    2.01513
         0          0          0          1

  0.717723 -0.0391508   0.695228    1.47196
 -0.646233    -0.4093   0.644093    1.10442
   0.25934  -0.911559  -0.319065    2.02038
         0          0          0          1

  0.725039 -0.0312956   0.687996    1.46324
 -0.631117  -0.430091   0.645534     1.1264
  0.275698  -0.902243  -0.331584    2.03031
         0          0          0          1

  0.732538 -0.0279273   0.680153    1.45583
 -0.616949  -0.449495    0.64601    1.14534
  0.287684  -0.892846  -0.346501    2.03336
         0          0          0          1

  0.746997 -0.0168729   0.664613    1.43784
 -0.582419  -0.498682   0.641954    1.18967
  0.320599  -0.866621  -0.382341    2.03872
         0          0          0          1

