 -0.27348  0.198872  0.941094  0.638851
 0.825424 -0.453804  0.335764   1.07343
 0.493846  0.868627 -0.040048   1.71013
        0         0         0         1

 -0.283476   0.204572   0.936905   0.642449
  0.812217  -0.468202    0.34798     1.0629
  0.509848   0.859615 -0.0334323    1.70539
         0          0          0          1

 -0.312474   0.216024   0.925037   0.644272
  0.783066  -0.492679   0.379572    1.04071
  0.537743   0.842972 -0.0152115    1.69727
         0          0          0          1

  -0.325859    0.218179    0.919899    0.648048
   0.769664   -0.503831    0.392138     1.03043
    0.54903    0.835794 -0.00374695     1.68878
          0           0           0           1

 -0.332085   0.222141   0.916718   0.650305
  0.759952  -0.512687   0.399531    1.02304
  0.558742    0.82934 0.00143918    1.68504
         0          0          0          1

 -0.336601    0.22513   0.914339   0.658233
  0.748369  -0.525385   0.404863    1.01536
  0.571527   0.820541 0.00836479    1.68157
         0          0          0          1

-0.365135  0.229742  0.902161  0.660383
 0.715744   -0.5504  0.429849  0.994966
 0.595304   0.80267 0.0365341   1.67126
        0         0         0         1

-0.383985 0.235072 0.892915 0.659772
0.695977 -0.56181 0.447199 0.983353
0.606772 0.793165 0.052122  1.66513
       0        0        0        1

-0.392569  0.236642  0.888758  0.661542
 0.688267 -0.565394  0.454553  0.977456
 0.610064  0.790146 0.0590836    1.6564
        0         0         0         1

-0.397778  0.239301  0.885724  0.667202
 0.673362 -0.579576  0.458994  0.965744
 0.623182  0.778991 0.0694067   1.64833
        0         0         0         1

 -0.40369  0.242718  0.882112  0.664045
 0.664004 -0.585558  0.464995  0.959294
 0.629391   0.77344 0.0752181   1.64705
        0         0         0         1

-0.403615  0.246339  0.881143   0.66836
 0.652178 -0.597987  0.465913  0.950807
 0.641684  0.762712 0.0806998   1.64295
        0         0         0         1

-0.416299  0.246026  0.875309   0.67334
 0.629125 -0.617085   0.47266  0.936064
 0.656427  0.747447  0.102111   1.63061
        0         0         0         1

-0.425503  0.249464  0.869894  0.673043
 0.617739 -0.622394   0.48065  0.927843
 0.661322  0.741885  0.110727   1.62363
        0         0         0         1

-0.424449  0.250727  0.870045  0.676921
 0.609863 -0.631078  0.479382  0.921653
  0.66926  0.734082  0.114951   1.61843
        0         0         0         1

-0.420022  0.252007  0.871822  0.681411
 0.604686 -0.638633  0.475924  0.915122
  0.67671  0.727077  0.115855   1.60932
        0         0         0         1

-0.417808  0.252248  0.872816  0.683031
 0.596096 -0.648889  0.472877  0.902811
 0.685643  0.717854  0.120747   1.59562
        0         0         0         1

-0.418349  0.253068  0.872319  0.684612
 0.586581 -0.657988  0.472202  0.894132
 0.693475  0.709231  0.126824   1.58885
        0         0         0         1

-0.419694  0.250281  0.872477  0.686365
 0.581186 -0.664238  0.470117  0.890163
 0.697194  0.704377  0.133317   1.58541
        0         0         0         1

-0.427667   0.24649   0.86968  0.686083
 0.576728 -0.666435  0.472492  0.883673
  0.69605  0.703638  0.142855   1.57486
        0         0         0         1

-0.429424  0.241807  0.870129   0.68868
 0.576797 -0.667939  0.470279  0.881366
  0.69491  0.703837  0.147356   1.56811
        0         0         0         1

-0.430005  0.236219  0.871376  0.692958
 0.575889 -0.671547  0.466236  0.877758
 0.695304    0.7023  0.152733   1.56176
        0         0         0         1

-0.431927  0.230917  0.871847  0.695873
 0.570155 -0.679099  0.462329  0.868075
  0.69883   0.69678  0.161663   1.54853
        0         0         0         1

-0.428913  0.227824  0.874145  0.702067
 0.568307 -0.684134  0.457151  0.865028
 0.702183  0.692861   0.16396   1.54357
        0         0         0         1

-0.431492  0.226485  0.873224  0.701731
 0.564113 -0.687632  0.457098  0.859683
 0.703983   0.68983  0.168944   1.53801
        0         0         0         1

-0.432947  0.223419  0.873293  0.706725
  0.55869 -0.693774   0.45447  0.853973
 0.707406  0.684661  0.175545   1.52999
        0         0         0         1

-0.433106 0.223842 0.873106 0.710823
0.552248 -0.69966 0.453319 0.849503
0.712349 0.678506 0.179411  1.52471
       0        0        0        1

-0.437773  0.222021  0.871241  0.711532
 0.551106 -0.699378  0.455139  0.846132
 0.710378  0.679394  0.183811   1.51565
        0         0         0         1

-0.441153  0.224151  0.868988  0.711596
 0.544693 -0.702676  0.457772  0.842828
 0.713227   0.67528  0.187894   1.51254
        0         0         0         1

-0.443828  0.228582  0.866468  0.713416
 0.537543 -0.705725   0.46152  0.838054
 0.716983  0.670599  0.190348   1.50979
        0         0         0         1

-0.445101  0.231004  0.865172  0.715986
 0.532984 -0.708044  0.463252  0.835591
 0.719592  0.667317  0.192029   1.50521
        0         0         0         1

-0.445568  0.233953  0.864139   0.71998
 0.529418 -0.709524  0.465072  0.832694
 0.721932  0.664712  0.192282    1.4975
        0         0         0         1

-0.447041  0.240984  0.861441  0.724734
 0.517535 -0.715801  0.468814  0.827795
 0.729597  0.655405  0.195275   1.49094
        0         0         0         1

-0.450337  0.244219  0.858809  0.727072
 0.512135 -0.717251  0.472514  0.825806
 0.731379  0.652617  0.197931   1.48609
        0         0         0         1

-0.452858  0.246457  0.856842  0.729206
 0.505561 -0.720614  0.474472  0.822865
 0.734389  0.648054  0.201737   1.48207
        0         0         0         1

-0.453874 0.248857  0.85561 0.730574
 0.50186 -0.72204 0.476229 0.820013
0.736298 0.645545 0.202824  1.47709
       0        0        0        1

-0.458021  0.253889  0.851914  0.728533
 0.497542 -0.720959  0.482359  0.816622
  0.73666  0.644793  0.203894   1.47093
        0         0         0         1

-0.455607   0.25682   0.85233  0.731512
 0.492052 -0.725253  0.481553  0.814191
 0.741827   0.63879  0.204061   1.46977
        0         0         0         1

-0.452832  0.258103   0.85342  0.736175
 0.486187 -0.730868  0.479014  0.809472
 0.747372  0.631835  0.205474   1.46296
        0         0         0         1

-0.451405  0.259066  0.853884  0.737801
 0.482625 -0.733996  0.477831  0.806715
 0.750537  0.627802  0.206298   1.45995
        0         0         0         1

-0.450706  0.259216  0.854208   0.73841
 0.479407 -0.736917  0.476573   0.80403
 0.753016  0.624308  0.207863   1.45679
        0         0         0         1

-0.449926 0.256416 0.855464 0.740515
0.479701 -0.73859  0.47368 0.802131
0.753296 0.623487 0.209308   1.4511
       0        0        0        1

-0.446747  0.252549  0.858275  0.743951
 0.479185 -0.742579  0.467929  0.797881
 0.755512  0.620319  0.210728   1.44576
        0         0         0         1

-0.447374  0.252174  0.858059   0.74289
 0.476653 -0.744577   0.46734  0.794551
 0.756742  0.618072  0.212905   1.44171
        0         0         0         1

-0.447029 0.251378 0.858472 0.743229
0.476963 -0.74491 0.466492 0.793378
0.756751 0.617995 0.213098  1.43851
       0        0        0        1

-0.446701  0.249722  0.859126  0.744911
 0.475528 -0.747122  0.464415  0.791176
 0.757846  0.615994   0.21499   1.43657
        0         0         0         1

 -0.44685  0.247973  0.859555  0.745142
 0.474414 -0.748904  0.462681  0.788937
 0.758456  0.614534  0.217006    1.4333
        0         0         0         1

-0.446595  0.243976   0.86083  0.748245
 0.475512 -0.750267  0.459334  0.787477
 0.757919  0.614471  0.219052   1.42906
        0         0         0         1

-0.445984   0.24254  0.861553  0.748017
   0.4708 -0.755088  0.456279  0.783208
 0.761214  0.609112  0.222569   1.42716
        0         0         0         1

 -0.44728  0.240458  0.861464  0.748946
  0.47135 -0.755199  0.455525  0.781788
 0.760112  0.609799  0.224445   1.42302
        0         0         0         1

-0.445899  0.238223    0.8628  0.751456
 0.472412 -0.756109  0.452909  0.780401
 0.760264  0.609549  0.224609   1.42011
        0         0         0         1

-0.445846  0.236742  0.863235  0.752063
 0.472502 -0.756835    0.4516  0.778994
 0.760239  0.609224   0.22557   1.41711
        0         0         0         1

 -0.44727  0.236592  0.862539  0.751441
 0.472823 -0.756057  0.452567  0.775561
 0.759202  0.610248  0.226295   1.41035
        0         0         0         1

-0.448032  0.236972  0.862039  0.751112
  0.47136 -0.756711  0.452999  0.773281
 0.759663  0.609289  0.227332    1.4089
        0         0         0         1

-0.448399 0.237552 0.861689 0.750733
0.469863 -0.75745 0.453319 0.771336
0.760373 0.608143 0.228023  1.40751
       0        0        0        1

-0.448268  0.238652  0.861453  0.750819
 0.468454 -0.758052  0.453772  0.769818
 0.761319  0.606962  0.228013   1.40621
        0         0         0         1

 -0.4481 0.239218 0.861383 0.751227
 0.46812 -0.75809 0.454052 0.768254
0.761624 0.606691 0.227717  1.40391
       0        0        0        1

-0.448071  0.240318  0.861092  0.750096
 0.467372 -0.758117  0.454777  0.766156
   0.7621  0.606223  0.227373    1.4022
        0         0         0         1

-0.445397   0.24101  0.862285  0.753204
 0.467709 -0.758604  0.453617  0.764725
 0.763459  0.605338  0.225158   1.40012
        0         0         0         1

-0.444689  0.241642  0.862474  0.752311
 0.467904 -0.758412  0.453737  0.763427
 0.763752  0.605327  0.224192   1.39768
        0         0         0         1

-0.445121  0.241994  0.862152  0.750843
 0.468279 -0.757749  0.454458  0.762185
 0.763271  0.606016  0.223969   1.39439
        0         0         0         1

-0.445044  0.242393  0.862079  0.750712
 0.467726 -0.758009  0.454593  0.761141
 0.763654  0.605531  0.223974   1.39246
        0         0         0         1

-0.441875  0.242943  0.863554  0.753255
 0.467452 -0.759255  0.452792  0.761258
  0.76566  0.603747  0.221932   1.39013
        0         0         0         1

-0.441427  0.245302  0.863116  0.751027
 0.467217 -0.758386  0.454488  0.760429
 0.766062  0.603886  0.220162   1.38713
        0         0         0         1

-0.436551  0.250548  0.864088  0.751149
 0.465105 -0.759292   0.45514  0.759538
  0.77013  0.600584  0.214938   1.38661
        0         0         0         1

-0.429243  0.256524  0.865994  0.751145
 0.463713 -0.760207  0.455034  0.759219
 0.775062  0.596893   0.20736   1.38608
        0         0         0         1

-0.424037  0.263282   0.86653  0.750443
 0.461107 -0.760743  0.456783  0.758652
 0.779469  0.593256  0.201182   1.38556
        0         0         0         1

-0.418162  0.268388  0.867818  0.750345
 0.462251 -0.759534  0.457637  0.758639
 0.781962  0.592516  0.193546   1.38324
        0         0         0         1

-0.407314 0.281584 0.868796 0.747944
0.460931 -0.75786 0.461725  0.75903
 0.78844 0.588522 0.178896  1.37746
       0        0        0        1

-0.404757 0.282933 0.869552 0.747416
0.461113 -0.75802 0.461281  0.75933
 0.78965 0.587668  0.17635  1.37512
       0        0        0        1

-0.399527    0.2869   0.87067   0.74702
 0.460051 -0.758759  0.461128   0.76001
 0.792926  0.584785  0.171156    1.3741
        0         0         0         1

-0.395891   0.28881  0.871699  0.746744
 0.460923 -0.758522  0.460646  0.760736
 0.794242  0.584151  0.167173   1.37228
        0         0         0         1

-0.389293  0.292098  0.873573   0.74636
 0.461638 -0.758814  0.459447  0.762136
 0.797083  0.582134  0.160557    1.3702
        0         0         0         1

-0.387316  0.296184  0.873076  0.743969
 0.459104 -0.759262  0.461242  0.762162
 0.799506  0.579479  0.158095   1.37024
        0         0         0         1

-0.385044  0.295463  0.874324  0.744971
 0.461494 -0.758777  0.459654  0.763803
 0.799227  0.580482  0.155808    1.3683
        0         0         0         1

-0.382804  0.300688  0.873526  0.744034
 0.461126 -0.757144  0.462705  0.764234
 0.800515  0.579931  0.151183   1.36776
        0         0         0         1

-0.379124  0.306218   0.87321  0.744334
  0.46343 -0.753952  0.465605  0.764589
 0.800935  0.581194  0.143931   1.36728
        0         0         0         1

-0.379402  0.310163  0.871696  0.743826
 0.465891 -0.749937  0.469616  0.764891
 0.799375  0.584289  0.140026   1.36581
        0         0         0         1

-0.378759  0.318802  0.868854  0.743833
 0.463432 -0.747291  0.476221  0.764657
 0.801107  0.583028    0.1353   1.36727
        0         0         0         1

-0.379512  0.321431  0.867556  0.744623
 0.464057 -0.745087  0.479058  0.764876
 0.800388  0.584404  0.133607   1.36693
        0         0         0         1

-0.379397  0.327256  0.865425  0.744869
 0.461347 -0.743872  0.483543  0.764714
 0.802008  0.582716  0.131244   1.36746
        0         0         0         1

-0.378838  0.331588   0.86402  0.744977
 0.457043 -0.744781  0.486222  0.764436
 0.804732  0.579094  0.130601   1.36986
        0         0         0         1

-0.379045  0.334973  0.862623  0.745202
 0.457208 -0.742666  0.489293  0.764402
 0.804541  0.579862  0.128351   1.37041
        0         0         0         1

-0.378108  0.339302  0.861341  0.744458
 0.455298 -0.741959  0.492139   0.76408
 0.806063  0.578249  0.126057   1.37111
        0         0         0         1

-0.376581  0.340167  0.861669  0.744172
 0.454306 -0.742799  0.491789  0.764055
 0.807337  0.576659  0.125184   1.37195
        0         0         0         1

-0.370371  0.344939  0.862463  0.743715
 0.455203 -0.741961  0.492224  0.764187
 0.809701  0.574901  0.117784   1.37241
        0         0         0         1

-0.369215  0.345939  0.862558   0.74359
 0.455416 -0.741707   0.49241  0.764214
 0.810109  0.574628  0.116302   1.37247
        0         0         0         1

 -0.36578     0.352  0.861569  0.741902
 0.451892 -0.742108  0.495045  0.763285
 0.813633  0.570413  0.112382   1.37444
        0         0         0         1

-0.360936  0.356276  0.861854  0.742566
 0.450061 -0.742869  0.495571  0.763489
 0.816805  0.566757  0.107782   1.37572
        0         0         0         1

-0.357812  0.360689  0.861321  0.742676
 0.446043 -0.744338  0.496997  0.763232
 0.820376  0.562018  0.105451    1.3781
        0         0         0         1

-0.357587  0.365794  0.859259   0.74098
 0.441904 -0.744291  0.500752  0.762674
 0.822711  0.558772  0.104503   1.37938
        0         0         0         1

-0.355286  0.367719  0.859392  0.741187
 0.441559 -0.744311  0.501025  0.762771
 0.823892  0.557479  0.102074   1.37961
        0         0         0         1

-0.353406  0.374761  0.857122  0.738893
 0.435153 -0.745223  0.505257  0.762492
 0.828098   0.55154  0.100287   1.38275
        0         0         0         1

-0.350089   0.37557  0.858129  0.739775
 0.435403 -0.745879  0.504072  0.763048
 0.829375  0.550102 0.0975998   1.38278
        0         0         0         1

-0.348635  0.378885  0.857263  0.738697
 0.433122 -0.746001  0.505854  0.763062
 0.831179  0.547658 0.0959787   1.38335
        0         0         0         1

  -0.3442  0.380982  0.858125  0.738935
 0.433802 -0.746036  0.505219  0.763241
 0.832672  0.546153 0.0915155   1.38348
        0         0         0         1

-0.340536  0.386505  0.857117  0.738065
 0.432817 -0.744833  0.507832  0.762958
 0.834688   0.54391 0.0863567    1.3845
        0         0         0         1

-0.330057  0.390506  0.859399  0.738837
 0.431058   -0.7476  0.505256  0.763299
 0.839792  0.537214 0.0784199   1.38772
        0         0         0         1

 -0.30609  0.398388  0.864636  0.741025
 0.436933 -0.748133  0.499387  0.764399
 0.845812  0.530646  0.054927   1.39149
        0         0         0         1

-0.293714  0.403574  0.866522  0.742016
 0.441038 -0.747035  0.497418  0.765064
 0.848067  0.528268 0.0414232   1.39239
        0         0         0         1

-0.286847  0.409292   0.86614  0.740795
 0.443719 -0.744536  0.498779  0.765216
 0.849018  0.527396 0.0319572   1.39267
        0         0         0         1

-0.276546  0.413323  0.867575  0.740168
 0.444598 -0.745331  0.496804  0.765509
 0.851971  0.523111  0.022356   1.39449
        0         0         0         1

-0.260479  0.423326  0.867724  0.738289
 0.447306  -0.74356  0.497027   0.76555
  0.85561  0.517604 0.0043254   1.39723
        0         0         0         1

  -0.252394    0.427587    0.868025    0.738062
   0.448099   -0.743431    0.496506    0.765706
   0.857616    0.514276 -0.00396365     1.39873
          0           0           0           1

 -0.244924   0.429794   0.869074   0.738071
  0.450062  -0.743547   0.494552   0.766033
  0.858753   0.512264 -0.0113215    1.39961
         0          0          0          1

 -0.223646    0.43718   0.871123   0.738937
  0.450506  -0.746193   0.490143   0.767307
  0.864307   0.502065 -0.0300694    1.40515
         0          0          0          1

 -0.223646    0.43718   0.871123   0.738937
  0.450506  -0.746193   0.490143   0.767307
  0.864307   0.502065 -0.0300694    1.40515
         0          0          0          1

 -0.212082   0.442282    0.87144   0.739336
  0.453209  -0.745521   0.488671   0.767342
  0.865807   0.498583 -0.0423347    1.40676
         0          0          0          1

 -0.196694   0.452907    0.86959   0.736695
  0.456231  -0.742768    0.49005   0.767352
  0.867851   0.493124 -0.0605327    1.40984
         0          0          0          1

-0.185658  0.454084  0.871401  0.737862
 0.462421 -0.742105   0.48523  0.768299
 0.867005   0.49304   -0.0722   1.41045
        0         0         0         1

 -0.177848   0.458729   0.870596   0.736608
  0.465129  -0.740449   0.485171   0.768288
  0.867194   0.491226 -0.0816809    1.41109
         0          0          0          1

 -0.168199   0.460799    0.87142   0.737134
  0.467735  -0.740854   0.482037   0.768704
  0.867717   0.488672 -0.0909211    1.41229
         0          0          0          1

 -0.15202  0.461232   0.87416  0.738593
 0.469624 -0.744517  0.474498  0.770088
  0.86968  0.482659 -0.103424   1.41728
        0         0         0         1

-0.146017   0.45917  0.876266  0.738931
 0.468341 -0.748127  0.470066   0.77098
 0.871399  0.479029 -0.105809   1.42069
        0         0         0         1

 -0.14391  0.457634  0.877417  0.737895
 0.466392 -0.750634  0.468003  0.770938
 0.872793  0.476571 -0.105413    1.4238
        0         0         0         1

-0.140026  0.451847  0.881038  0.739332
 0.468326 -0.753756  0.461002  0.771856
  0.87239  0.477165 -0.106066   1.42455
        0         0         0         1

-0.141465  0.445968  0.883799  0.737425
  0.47005 -0.755455  0.456444  0.772714
 0.871229      0.48 -0.102757   1.42419
        0         0         0         1

-0.139115  0.442517  0.885904  0.735425
 0.468873 -0.758538  0.452525  0.773392
 0.872242  0.478329 -0.101961   1.42636
        0         0         0         1

-0.127863  0.433946  0.891819  0.735179
 0.472553 -0.763916  0.439462  0.775559
 0.871978  0.477623 -0.107386    1.4271
        0         0         0         1

-0.119877  0.434222  0.892794  0.733471
 0.472783 -0.765792  0.435935  0.776024
 0.872987  0.474356 -0.113492   1.42961
        0         0         0         1

-0.114969  0.435449  0.892842  0.732048
 0.472941 -0.766405  0.434684  0.776401
 0.873561  0.472237 -0.117829   1.43155
        0         0         0         1

-0.101118  0.438209  0.893167  0.731155
 0.475164 -0.767481  0.430339  0.777703
 0.874068  0.467916 -0.130616   1.43716
        0         0         0         1

-0.0944028  0.440315  0.892866  0.729426
 0.475864 -0.767819  0.428961  0.778419
 0.874438  0.465378 -0.137046   1.44175
        0         0         0         1

-0.0878773  0.440074  0.893651  0.730073
 0.481657 -0.766505  0.424825  0.780478
 0.871943  0.467766 -0.144606   1.44321
        0         0         0         1

-0.0823216  0.439394  0.894515  0.730217
 0.485775 -0.766025  0.420984  0.781345
 0.870199  0.469189 -0.150386   1.44493
        0         0         0         1

-0.0816379  0.440988  0.893793  0.726752
 0.491202 -0.762505  0.421078  0.782024
 0.867211  0.473409 -0.154365   1.44651
        0         0         0         1

-0.0769798   0.44234  0.893538  0.725805
 0.495067 -0.760953  0.419355  0.783402
 0.865438  0.474643 -0.160409   1.44989
        0         0         0         1

-0.0746748  0.441011   0.89439  0.725978
 0.503137 -0.757702   0.41562  0.785823
 0.860975  0.481037 -0.165307   1.45175
        0         0         0         1

-0.0748008  0.445151  0.892326  0.719076
 0.513855 -0.749675  0.417062   0.78732
  0.85461  0.489722 -0.172667   1.45859
        0         0         0         1

-0.0684005  0.442328  0.894241  0.723151
 0.520815 -0.748677  0.410163  0.790869
 0.850925   0.49379 -0.179161   1.46402
        0         0         0         1

-0.0663038  0.441582  0.894768   0.72351
  0.52515  -0.74705  0.407596  0.792639
 0.848423  0.496912 -0.182365   1.46761
        0         0         0         1

-0.0686302  0.444891  0.892951  0.720221
 0.528823 -0.742746    0.4107   0.79372
 0.845953  0.500399 -0.184294   1.47261
        0         0         0         1

-0.0666023     0.448  0.891549   0.71886
 0.544857 -0.732219   0.40864  0.799645
  0.83588  0.512983 -0.195329   1.48084
        0         0         0         1

-0.0675774  0.448658  0.891145  0.717441
 0.553907 -0.726021  0.407529  0.803314
 0.829831  0.521151 -0.199452   1.48401
        0         0         0         1

-0.0665929  0.450106  0.890489  0.716425
 0.562883  -0.71995  0.405999  0.806298
  0.82385  0.528277 -0.205413   1.48724
        0         0         0         1

-0.0613914  0.450418  0.890705  0.718922
 0.570031 -0.716717  0.401723  0.811053
 0.819326  0.532392 -0.212752   1.49393
        0         0         0         1

-0.0617478  0.451178  0.890295   0.71743
 0.579683 -0.709921  0.399974  0.814287
 0.812499  0.540787 -0.217704   1.49772
        0         0         0         1

-0.0648503  0.453347  0.888972  0.714668
 0.591342 -0.700122  0.400178    0.8176
 0.803809  0.551638  -0.22268   1.50075
        0         0         0         1

-0.0624115  0.455812  0.887885  0.714625
 0.603587 -0.691258  0.397297  0.825274
 0.794851  0.560712  -0.23198   1.51655
        0         0         0         1

-0.0640035  0.455497  0.887934  0.713762
 0.614612 -0.682998   0.39467  0.830293
 0.786228  0.570995  -0.23624   1.52128
        0         0         0         1

-0.0670817  0.459514  0.885634  0.710754
 0.623514 -0.673657  0.396757  0.834198
 0.778929   0.57882 -0.241323   1.52843
        0         0         0         1

 -0.07162  0.457234  0.886458  0.710587
 0.638847 -0.661493  0.392812  0.840241
 0.765993  0.594444 -0.244726   1.53011
        0         0         0         1

-0.0814032  0.453609  0.887475  0.708158
 0.664574 -0.638889  0.387509  0.852895
 0.742775  0.621337 -0.249449   1.53732
        0         0         0         1

-0.0869585  0.455123  0.886172  0.704891
 0.672817 -0.629183   0.38916    0.8576
  0.73468  0.630073 -0.251501   1.54497
        0         0         0         1

-0.0893129 0.453127  0.88696 0.705098
0.685075 -0.61846 0.384941 0.864149
0.722977 0.642014 -0.25519  1.55042
       0        0        0        1

-0.0923961  0.448235  0.889128  0.705775
 0.706259 -0.599949  0.375844  0.877928
 0.701898  0.662681 -0.261137   1.56505
        0         0         0         1

-0.0923961  0.448235  0.889128  0.705775
 0.706259 -0.599949  0.375844  0.877928
 0.701898  0.662681 -0.261137   1.56505
        0         0         0         1

-0.0967032  0.447099  0.889242  0.702871
 0.722405  -0.58306  0.371715  0.887985
 0.684675  0.678338 -0.266603   1.57638
        0         0         0         1

-0.0998988  0.443584  0.890648  0.700659
 0.743019  -0.56209  0.363287  0.901144
 0.661773   0.69806 -0.273439   1.58665
        0         0         0         1

-0.103667  0.438247  0.892856  0.698536
 0.762285 -0.541622  0.354355  0.912127
 0.638886  0.717345 -0.277921   1.59164
        0         0         0         1

-0.0990472  0.432325  0.896262   0.70263
 0.776204 -0.530022  0.341443  0.922162
 0.622653  0.729501 -0.283075   1.59464
        0         0         0         1

-0.109303  0.426806  0.897714  0.696379
 0.791029  -0.50955  0.338572  0.931477
 0.601935  0.747125 -0.281921    1.6022
        0         0         0         1

-0.114159  0.427439  0.896807  0.691524
 0.797871 -0.498401  0.339114  0.937241
  0.59192  0.754249 -0.284145   1.61239
        0         0         0         1

-0.117395  0.418768  0.900473  0.691081
 0.810251 -0.483892  0.330669  0.947963
 0.574205  0.768428 -0.282501   1.61878
        0         0         0         1

-0.126497  0.405325  0.905379   0.68922
 0.834179 -0.450436  0.318203  0.968387
 0.536791  0.795499 -0.281134   1.63061
        0         0         0         1

-0.137874   0.39795  0.906988  0.682038
 0.842515 -0.434325  0.318638  0.977559
 0.520729  0.808083 -0.275397   1.63759
        0         0         0         1

-0.143707  0.390323  0.909394   0.67989
 0.854618 -0.414385   0.31291  0.989653
 0.498975  0.822152 -0.274027   1.64244
        0         0         0         1

-0.141391  0.378025  0.914935   0.68317
 0.866396 -0.399868  0.299104    1.0048
 0.478922  0.834987 -0.270982   1.64696
        0         0         0         1

-0.155166  0.355012  0.921895  0.677465
 0.886306 -0.362148  0.288635   1.03001
 0.436332  0.861867 -0.258457   1.65252
        0         0         0         1

-0.159815  0.342802  0.925714  0.674023
 0.897075 -0.340923  0.281118   1.04815
 0.411965  0.875362 -0.253035   1.65996
        0         0         0         1

-0.164103    0.3364  0.927311   0.67016
 0.900078   -0.3336  0.280304    1.0549
 0.403645  0.880651 -0.248042   1.66443
        0         0         0         1

-0.164557  0.323732  0.931729  0.669503
 0.910123 -0.314327  0.269955   1.06855
  0.38026  0.892411 -0.242911   1.66591
        0         0         0         1

-0.160284  0.314123  0.935754  0.670652
 0.917871 -0.301273  0.258356   1.08507
 0.363073  0.900312 -0.240035   1.66957
        0         0         0         1

-0.164548  0.305338  0.937919  0.663734
 0.921619 -0.291248  0.256503   1.09607
 0.351487  0.906611 -0.233481   1.67725
        0         0         0         1

-0.162727  0.283371  0.945104   0.65379
 0.933246 -0.266715  0.240655   1.12323
 0.320268  0.921175 -0.221053   1.68496
        0         0         0         1

-0.157437 0.271489 0.949477 0.653807
0.941253 -0.24962 0.227449  1.13895
0.298759 0.929507 -0.21624  1.68302
       0        0        0        1

 -0.15136  0.258419  0.954101  0.652412
 0.946877 -0.239169  0.214993   1.15466
  0.28375  0.935958  -0.20849   1.68553
        0         0         0         1

 -0.14278  0.247254  0.958373  0.653406
 0.952178 -0.229959  0.201185   1.17032
  0.27013  0.941268 -0.202596   1.69064
        0         0         0         1

-0.135827  0.223669  0.965155  0.644435
 0.961001 -0.207124  0.183242   1.20075
 0.240892  0.952403 -0.186813   1.69015
        0         0         0         1

