 -0.113618  -0.825925   0.552212   0.434762
 -0.992159    0.12345 -0.0194975    1.08043
-0.0520673  -0.550097  -0.833476    2.36907
         0          0          0          1

 -0.107399  -0.829075   0.548726   0.440679
 -0.990959   0.133901 0.00835651    1.05697
-0.0804031  -0.542867  -0.835961    2.35958
         0          0          0          1

-0.0998039 -0.826545  0.553952  0.441783
-0.991206  0.131207 0.0171894   1.04846
-0.0868901 -0.547365 -0.832371   2.33528
        0         0         0         1

-0.0804339  -0.83369  0.546343  0.452456
-0.986283  0.145831 0.0773268   1.00039
 -0.14414 -0.532629 -0.833984   2.30971
        0         0         0         1

-0.0649239 -0.828709  0.555901  0.442916
-0.984472  0.144238  0.100046  0.979181
-0.163092 -0.540774 -0.825206    2.2898
        0         0         0         1

-0.0389787 -0.829668  0.556894  0.435222
-0.979367  0.142318  0.143479  0.949224
-0.198296 -0.539811 -0.818097   2.27504
        0         0         0         1

-0.0321564  -0.83212  0.553663   0.43964
-0.975684  0.146297  0.163208  0.933479
-0.216808 -0.534952 -0.816591   2.26145
        0         0         0         1

-0.0160315 -0.831487  0.555313  0.437726
-0.970875  0.145728  0.190174   0.91171
-0.239051 -0.536091 -0.809605   2.23844
        0         0         0         1

-0.0166324 -0.835906  0.548621  0.448638
-0.966604  0.153783  0.205006   0.90107
-0.255734  -0.52689 -0.810548   2.22477
        0         0         0         1

0.00462874 -0.841685   0.53995  0.458194
-0.952813  0.160178  0.257856  0.860631
-0.303521 -0.515665 -0.801227   2.19486
        0         0         0         1

0.00614755 -0.844332  0.535786  0.465477
-0.949205  0.163636  0.268761  0.850376
-0.314597 -0.510223 -0.800438   2.17583
        0         0         0         1

0.0141597 -0.846024  0.532957  0.469467
-0.940948  0.169037  0.293331  0.831911
-0.338255 -0.505638 -0.793671   2.15893
        0         0         0         1

0.0184162 -0.847551  0.530394  0.476565
-0.935335  0.172839  0.308668  0.820067
-0.353285  -0.50178 -0.789561     2.141
        0         0         0         1

 0.033536 -0.850811    0.5244   0.48609
-0.920908  0.177567  0.346986  0.789047
-0.388336 -0.494561 -0.777564   2.10145
        0         0         0         1

0.0360199 -0.851733  0.522737  0.492066
-0.916948  0.179825  0.356186  0.779301
-0.397377 -0.492152 -0.774518   2.08337
        0         0         0         1

0.0453495  -0.85352  0.519082  0.495849
-0.908496  0.180847  0.376734  0.762974
-0.415425 -0.488669 -0.767219   2.06333
        0         0         0         1

0.0497709 -0.855718  0.515043  0.499713
-0.903247  0.181505  0.388846  0.750513
-0.426225 -0.484564 -0.763891   2.04805
        0         0         0         1

0.0524185 -0.859869  0.507816   0.50867
-0.893913  0.186282  0.407699  0.734954
-0.445165 -0.475314 -0.758884   2.02987
        0         0         0         1

0.0521887 -0.861978  0.504252   0.51529
-0.891101  0.187738   0.41315  0.727707
-0.450794 -0.470901 -0.758312   2.01133
        0         0         0         1

0.0511685 -0.867961   0.49399  0.529011
 -0.87709   0.19749  0.437849  0.702353
-0.477594 -0.455678 -0.751174   1.97739
        0         0         0         1

0.0503155 -0.870066   0.49036  0.534309
-0.873802  0.199425  0.443508  0.693788
-0.483671 -0.450793 -0.750232   1.96028
        0         0         0         1

0.0494147 -0.870368  0.489916  0.541517
-0.866924  0.206209  0.453785  0.681448
-0.495986 -0.447144 -0.744353   1.94046
        0         0         0         1

0.0497346 -0.870522   0.48961  0.546045
-0.862199  0.210014  0.460985   0.67273
-0.504122 -0.445068 -0.740118   1.92513
        0         0         0         1

0.0480689 -0.871562  0.487923  0.553835
-0.855346  0.216347   0.47072  0.661993
-0.515823  -0.43997 -0.735087   1.90637
        0         0         0         1

0.0469341 -0.871618  0.487934  0.559006
-0.850603  0.221226  0.477005   0.65372
 -0.52371 -0.437426 -0.731017   1.89219
        0         0         0         1

0.0372048 -0.871629  0.488752  0.578236
-0.838302  0.238995  0.490032   0.63925
-0.543935 -0.427953 -0.721797   1.85551
        0         0         0         1

0.0366702 -0.872427  0.487368  0.583994
-0.832978  0.242749  0.497214  0.632425
 -0.55209 -0.424199  -0.71781   1.84064
        0         0         0         1

0.0400054 -0.873924  0.484413  0.590169
-0.824591  0.244924  0.509963  0.623048
-0.564314 -0.419844 -0.710831   1.82191
        0         0         0         1

0.0400625 -0.875261  0.481988   0.59575
-0.819259  0.247378   0.51732  0.617731
-0.572023 -0.415598 -0.707155   1.80765
        0         0         0         1

0.0389716 -0.878833  0.475535  0.609757
-0.804675  0.254551  0.536379  0.603821
-0.592436 -0.403554 -0.697255   1.77391
        0         0         0         1

0.0364678 -0.880909  0.471879  0.616581
-0.798719  0.258094  0.543539  0.599278
-0.600598  -0.39672 -0.694187   1.76174
        0         0         0         1

  0.03682 -0.883805  0.466404  0.623339
-0.790087  0.260029  0.555111  0.592366
-0.611888 -0.388939 -0.688708    1.7466
        0         0         0         1

0.0359889 -0.884473  0.465201  0.629152
-0.785043  0.263029  0.560823  0.589072
-0.618394 -0.385386 -0.684884   1.73288
        0         0         0         1

0.0342145 -0.886774  0.460936   0.63569
-0.776673  0.266664  0.570674  0.583408
-0.628974 -0.377522  -0.67961     1.718
        0         0         0         1

0.0345932 -0.888506   0.45756   0.64018
-0.769487  0.268467  0.579495  0.579292
-0.637725 -0.372133 -0.674407   1.70705
        0         0         0         1

0.0295699 -0.889835  0.455324  0.654765
-0.756116  0.278025  0.592445  0.573655
-0.653769 -0.361796 -0.664597   1.67822
        0         0         0         1

0.0308728 -0.891758  0.451458   0.65792
-0.748975  0.278455  0.601247  0.570267
-0.661878 -0.356693 -0.659308   1.66772
        0         0         0         1

0.0295727 -0.892604  0.449871  0.664399
 -0.74181   0.28206  0.608408  0.567915
-0.669958 -0.351711 -0.653801    1.6531
        0         0         0         1

0.0287342 -0.893596  0.447951  0.668697
-0.734725  0.284971  0.615606   0.56557
-0.677756 -0.346809 -0.648359   1.64412
        0         0         0         1

0.0260817 -0.895972  0.443345  0.679114
-0.722791  0.289469  0.627519   0.56259
-0.690574 -0.336813 -0.640051   1.62077
        0         0         0         1

  0.02686 -0.897167  0.440874  0.682363
-0.717618  0.289728   0.63331  0.560552
-0.695919  -0.33339 -0.636041   1.61223
        0         0         0         1

0.0263386 -0.899812  0.435482  0.686293
-0.710685  0.289509  0.641179  0.558386
-0.703017 -0.326378 -0.631858   1.60347
        0         0         0         1

0.0257661 -0.900492  0.434109  0.690101
-0.708586  0.289865  0.643338  0.558093
-0.705154  -0.32418 -0.630607   1.59525
        0         0         0         1

0.0274171 -0.902919  0.428935  0.693163
  -0.7048  0.286829  0.648834  0.556594
-0.708876 -0.320103 -0.628514   1.58615
        0         0         0         1

0.0280788 -0.904385  0.425793  0.696078
-0.701114  0.285797  0.653268   0.55583
-0.712496 -0.316872 -0.626052   1.57976
        0         0         0         1

0.0328285 -0.906982  0.419888  0.703171
-0.693258  0.281957  0.663245  0.554519
-0.719942 -0.312864 -0.619516   1.56498
        0         0         0         1

0.0363429 -0.907748  0.417938  0.706208
-0.690799  0.279386  0.666888  0.554759
-0.722133 -0.312948 -0.616918   1.55795
        0         0         0         1

0.0390312 -0.910714   0.41119  0.709489
-0.685553  0.274975  0.674096  0.554188
-0.726976 -0.308203 -0.613609   1.55208
        0         0         0         1

0.0426013 -0.912702  0.406398  0.711615
-0.683837  0.269917  0.677873  0.554171
 -0.72839 -0.306788 -0.612641   1.54602
        0         0         0         1

0.0466492 -0.921079  0.386571  0.718904
-0.679819  0.254272  0.687889  0.554892
-0.731895 -0.294888 -0.614306   1.53459
        0         0         0         1

0.0480139 -0.926436  0.373378  0.721543
-0.679521   0.24368  0.692005  0.555251
-0.732083 -0.286944 -0.617833   1.53035
        0         0         0         1

0.0467721 -0.933809  0.354702   0.72631
-0.679771  0.230432  0.696285  0.556213
-0.731931 -0.273683 -0.623999   1.52452
        0         0         0         1

0.0480085 -0.940163  0.337326  0.728008
-0.679505  0.216786  0.700911  0.556534
-0.732098 -0.262865 -0.628438   1.52041
        0         0         0         1

0.0478043 -0.947872  0.315044  0.730721
 -0.68041  0.200009   0.70501  0.557494
-0.731271 -0.248062  -0.63538   1.51531
        0         0         0         1

0.0493882 -0.953315  0.297913  0.731542
-0.679492  0.186541  0.709573  0.557491
-0.732019 -0.237474 -0.638556    1.5118
        0         0         0         1

0.0490609 -0.960887  0.272562  0.735437
-0.679008  0.168043  0.714639  0.558974
 -0.73249 -0.220132 -0.644205   1.50365
        0         0         0         1

0.0473235 -0.962084  0.268618  0.736003
-0.678866   0.16629  0.715184  0.559179
-0.732736 -0.216201 -0.645256   1.50189
        0         0         0         1

0.0426721 -0.962224  0.268893  0.737212
-0.680472  0.169071  0.713003   0.56004
-0.731531 -0.213399 -0.647552    1.4996
        0         0         0         1

0.0424912 -0.961817  0.270374  0.735839
-0.681856  0.169881  0.711487  0.559641
-0.730252 -0.214588 -0.648602   1.49744
        0         0         0         1

0.0368326 -0.958468  0.282812  0.737823
-0.682289  0.182657  0.707897  0.560903
-0.730154 -0.219033 -0.647225   1.49491
        0         0         0         1

 0.036955 -0.957112   0.28735   0.73763
-0.680794  0.186384  0.708365  0.561007
-0.731542 -0.221804 -0.644709   1.49408
        0         0         0         1

0.0382405 -0.955299  0.293158  0.737525
-0.679968  0.190101   0.70817    0.5613
-0.732244 -0.226419 -0.642303   1.49183
        0         0         0         1

0.0388703 -0.954444  0.295849  0.737451
-0.677241  0.192536  0.710123  0.561151
-0.734734 -0.227964 -0.638904   1.49287
        0         0         0         1

 0.043375 -0.950865  0.306551  0.737104
-0.672712  0.199058  0.712625  0.561768
-0.738632 -0.237131 -0.631024   1.49275
        0         0         0         1

0.0458771  -0.94917  0.311403  0.736282
-0.670917  0.201682  0.713578  0.561703
-0.740112 -0.241662 -0.627562   1.49253
        0         0         0         1

 0.048971 -0.945792   0.32106  0.735986
 -0.66826  0.207875  0.714295  0.561882
-0.742315 -0.249531 -0.621855   1.49242
        0         0         0         1

0.0509225 -0.942637  0.329913  0.735782
 -0.66547  0.214294  0.715002  0.562202
-0.744686 -0.255957 -0.616384   1.49314
        0         0         0         1

0.0554211 -0.938715  0.340211  0.735402
 -0.66448  0.219647  0.714298  0.562769
-0.745248 -0.265651 -0.611584   1.49293
        0         0         0         1

0.0577285 -0.936355  0.346276   0.73504
-0.662139  0.223675  0.715222  0.562901
-0.747155 -0.270571 -0.607084   1.49376
        0         0         0         1

0.0577399 -0.931723   0.35855  0.735175
 -0.66108  0.233442  0.713076  0.564228
 -0.74809 -0.278204 -0.602465   1.49429
        0         0         0         1

0.0568126 -0.929609  0.364142  0.734929
-0.657897  0.239484  0.714016  0.564554
-0.750962 -0.280133 -0.597981   1.49533
        0         0         0         1

0.0543341 -0.925306  0.375308  0.735079
-0.654113  0.251003  0.713536  0.565293
-0.754443 -0.284263 -0.591617   1.49652
        0         0         0         1

0.0542516 -0.922179  0.382939  0.734685
-0.652913  0.257398  0.712356  0.566039
-0.755487 -0.288673 -0.588138   1.49714
        0         0         0         1

0.0551627 -0.919291  0.389693  0.733407
 -0.65092  0.262843  0.712191  0.566853
-0.757139 -0.292945 -0.583886   1.49824
        0         0         0         1

0.0548053 -0.915805  0.397866  0.732875
-0.650167  0.269685  0.710319  0.568214
-0.757812 -0.297608 -0.580646   1.49862
        0         0         0         1

0.0540524 -0.905134  0.421676  0.730953
-0.643744  0.291234  0.707656  0.571598
 -0.76333 -0.309702 -0.566932   1.50013
        0         0         0         1

0.0548161 -0.899313  0.433857    0.7296
-0.639423  0.302111  0.707013  0.573174
-0.766899 -0.316174  -0.55848   1.50158
        0         0         0         1

0.0544374 -0.891698  0.449345   0.72879
-0.636394  0.315789  0.703762  0.575191
-0.769441 -0.324271  -0.55028   1.50251
        0         0         0         1

0.0551537 -0.887457  0.457578  0.726659
-0.636272  0.321938  0.701081  0.576649
-0.769491 -0.329811 -0.546908   1.50346
        0         0         0         1

0.0530043 -0.876291  0.478858  0.723095
-0.633774  0.341056  0.694271  0.580072
-0.771701 -0.340287 -0.537293    1.5093
        0         0         0         1

0.0529789 -0.871081  0.488274  0.721463
-0.633976  0.348442  0.690408  0.581837
-0.771536 -0.346131 -0.533784   1.51164
        0         0         0         1

0.0547547 -0.865556  0.497811   0.71923
-0.634485  0.354802   0.68669  0.584352
-0.770993 -0.353453 -0.529755   1.51488
        0         0         0         1

 0.055494 -0.861346  0.504979  0.718624
-0.635355  0.359685  0.683338  0.586724
-0.770224 -0.358762   -0.5273   1.51775
        0         0         0         1

0.0608102 -0.856868  0.511937  0.715802
-0.636726  0.361681  0.681005  0.589156
-0.768689 -0.367376 -0.523596   1.52159
        0         0         0         1

 0.062568 -0.853457  0.517394  0.715209
-0.638725  0.364101  0.677836   0.59189
-0.766887 -0.372883 -0.522343   1.52457
        0         0         0         1

0.0701996  -0.84629  0.528077  0.711462
 -0.64454  0.365557  0.671518  0.598208
-0.761341 -0.387507 -0.519806   1.53384
        0         0         0         1

0.0713864 -0.843322  0.532646  0.711041
 -0.64704  0.367254  0.668179   0.60127
-0.759107 -0.392342 -0.519446   1.53891
        0         0         0         1

0.0761533 -0.842032  0.534026  0.708183
-0.650464  0.363969  0.666651  0.604482
 -0.75571 -0.398132 -0.519994   1.54648
        0         0         0         1

0.0792785 -0.840609   0.53581   0.70715
-0.654069  0.361758  0.664323  0.607707
-0.752269 -0.403123 -0.521136   1.55163
        0         0         0         1

0.0954871 -0.836041  0.540294  0.698734
-0.665031  0.350292  0.659567   0.61352
-0.740686 -0.422292 -0.522545   1.56411
        0         0         0         1

 0.096453 -0.833653  0.543801  0.699016
-0.669608  0.349882   0.65514  0.617556
-0.736425 -0.427324 -0.524473   1.57162
        0         0         0         1

 0.102323 -0.831693  0.545725  0.695454
-0.675831  0.344428   0.65163  0.621465
 -0.72992 -0.435495 -0.526841   1.58145
        0         0         0         1

 0.106463   -0.8296  0.548115  0.693822
 -0.68165   0.34043  0.647658  0.624768
-0.723892 -0.442574 -0.529253   1.58843
        0         0         0         1

 0.112872 -0.827461  0.550063  0.690786
-0.690146  0.332977  0.642515  0.629018
-0.714814 -0.452146 -0.533485   1.59793
        0         0         0         1

 0.114922 -0.826726  0.550742   0.68893
-0.694468  0.329556  0.639615  0.632361
-0.710287 -0.455978 -0.536262   1.60776
        0         0         0         1

 0.124829 -0.822317  0.555169  0.683527
-0.711782  0.315598  0.627507  0.642174
-0.691219 -0.473491 -0.545914   1.62902
        0         0         0         1

 0.131502 -0.821778  0.554426  0.680255
-0.716246  0.307896  0.626252  0.645156
-0.685346 -0.479458 -0.548106   1.63927
        0         0         0         1

 0.136492 -0.820726  0.554778   0.67797
-0.724093   0.29953  0.621266  0.650826
-0.676062 -0.486508 -0.553399   1.65295
        0         0         0         1

 0.139068 -0.819435  0.556046   0.67683
-0.730881  0.293938  0.615965  0.656138
-0.668186 -0.492064 -0.558032    1.6638
        0         0         0         1

  0.15288 -0.818452  0.553863  0.668934
-0.745578  0.272336  0.608233  0.667681
-0.648646 -0.505935 -0.568585   1.69159
        0         0         0         1

 0.155703 -0.819056  0.552181  0.668127
-0.753033  0.263357  0.602979  0.673735
-0.639295 -0.509696 -0.575771    1.7028
        0         0         0         1

 0.159834 -0.819619  0.550162  0.665816
-0.762744  0.251249  0.595898  0.681828
-0.626637 -0.514878 -0.585001   1.71866
        0         0         0         1

 0.164109 -0.819893  0.548491  0.662845
-0.769969  0.241101  0.590777  0.688103
-0.616616 -0.519274 -0.591726   1.73166
        0         0         0         1

 0.166669 -0.820506  0.546801  0.661666
-0.779071  0.230331  0.583092  0.696037
-0.604376  -0.52318 -0.600843    1.7502
        0         0         0         1

 0.173089 -0.820154  0.545333  0.657309
-0.786207  0.218441  0.578067  0.702416
-0.593227 -0.528802 -0.607001   1.76279
        0         0         0         1

 0.185481 -0.818611  0.543575  0.648733
-0.805154  0.190506  0.561636  0.719502
-0.563315 -0.541834 -0.623772   1.79624
        0         0         0         1

 0.192025 -0.817334  0.543223  0.643913
-0.811562  0.178982  0.556177  0.726375
 -0.55181 -0.547659 -0.628948   1.81076
        0         0         0         1

  0.18975 -0.817137  0.544318  0.645387
-0.819646  0.173377  0.546005  0.737862
-0.540533 -0.549752 -0.636865   1.83302
        0         0         0         1

 0.197298 -0.813272  0.547414  0.640156
-0.827207  0.161563  0.538169   0.74605
 -0.52612 -0.559004 -0.640868    1.8461
        0         0         0         1

 0.204423 -0.805671  0.555973  0.632283
-0.842221  0.144694  0.519352  0.767392
-0.498873  -0.57442 -0.648974   1.88445
        0         0         0         1

 0.207502 -0.803631  0.557782  0.628968
 -0.84884  0.135492  0.510992  0.777187
-0.486224 -0.579499 -0.654039   1.89857
        0         0         0         1

 0.208671 -0.798814  0.564228  0.626571
-0.859587  0.125354  0.495376  0.791142
-0.466441 -0.588373 -0.660492   1.91611
        0         0         0         1

 0.210875 -0.795015  0.568755  0.623596
-0.866004  0.117931  0.485931  0.802274
-0.453396 -0.595015 -0.663618   1.93189
        0         0         0         1

 0.217403 -0.790171  0.573032  0.616258
 -0.87191  0.106683  0.477904  0.814566
-0.438759  -0.60353 -0.665764   1.95298
        0         0         0         1

 0.216792 -0.788929  0.574971  0.614581
-0.876963  0.101366  0.469744  0.824613
-0.428878 -0.606066 -0.669887    1.9712
        0         0         0         1

 0.215493 -0.783529  0.582791   0.60735
-0.893916 0.0819287  0.440684  0.853733
-0.393036  -0.61593 -0.682754   2.00688
        0         0         0         1

 0.220125  -0.77922  0.586823  0.601163
-0.897371 0.0741003  0.435011  0.863081
-0.382453 -0.622355 -0.682938   2.02441
        0         0         0         1

 0.207365  -0.78444  0.584511   0.60609
-0.908423 0.0673015    0.4126  0.882328
-0.362999 -0.616542 -0.698647   2.04548
        0         0         0         1

 0.206023 -0.781256  0.589232  0.603075
-0.916439 0.0570606  0.396086  0.896536
-0.343066 -0.621597 -0.704217   2.05736
        0         0         0         1

 0.201265 -0.783565  0.587808  0.596178
-0.926279 0.0429316  0.374386   0.92208
-0.318591 -0.619825 -0.717159   2.10578
        0         0         0         1

 0.201486 -0.782675  0.588917  0.588237
 -0.93111 0.0335814   0.36319  0.935256
-0.304037 -0.621524  -0.72199   2.11989
        0         0         0         1

 0.191153 -0.784407  0.590056   0.59014
-0.940631 0.0253919   0.33848  0.955266
-0.280489 -0.619726 -0.732984   2.13775
        0         0         0         1

 0.187419 -0.782894  0.593255  0.585649
-0.946599 0.0173535  0.321947  0.971119
-0.262345 -0.621913 -0.737834   2.14827
        0         0         0         1

  0.187125  -0.782688   0.593619   0.575821
 -0.951264 0.00640517    0.30831    0.98591
 -0.245113  -0.622381  -0.743345    2.17042
         0          0          0          1

   0.182591   -0.785228    0.591673    0.575175
  -0.956095 -0.00150627    0.293054     1.00209
  -0.229223   -0.619205   -0.751028     2.18554
          0           0           0           1

  0.164569  -0.786541   0.595206   0.570526
 -0.967439 -0.0110689   0.252861    1.03867
 -0.192298  -0.617439  -0.762752    2.22005
         0          0          0          1

 0.157865 -0.784996   0.59905  0.566569
-0.971376 -0.014402   0.23711   1.05399
-0.177503 -0.619334   -0.7648   2.23495
        0         0         0         1

  0.141651  -0.790976   0.595224    0.57225
  -0.97774 -0.0177706   0.209067    1.07826
 -0.154789  -0.611589  -0.775886    2.25161
         0          0          0          1

  0.130327  -0.792647   0.595588   0.573277
 -0.980635 -0.0144834   0.195308    1.09175
 -0.146184  -0.609508  -0.779185    2.27035
         0          0          0          1

  0.118367  -0.788062   0.604109   0.552708
 -0.986036 -0.0215112   0.165139    1.12315
 -0.117145   -0.61522  -0.779603    2.30488
         0          0          0          1

  0.116802  -0.786056    0.60702   0.539179
 -0.987357 -0.0259582   0.156372    1.13435
  -0.10716  -0.617611  -0.779149    2.32284
         0          0          0          1

 0.0981773  -0.787232   0.608791   0.542961
  -0.99215 -0.0298105   0.121452    1.16244
-0.0774626  -0.615935  -0.783979     2.3309
         0          0          0          1

 0.0841406  -0.788403   0.609378   0.546051
 -0.994294 -0.0261846   0.103411    1.17764
-0.0655734  -0.614602  -0.786107    2.34744
         0          0          0          1

 0.0589037   -0.79495   0.603809   0.559926
 -0.997243 -0.0195116  0.0715964    1.20215
-0.0451342  -0.606362  -0.793907    2.36594
         0          0          0          1

