-0.0757022 -0.487625  0.869765  0.291276
-0.926961  0.355844   0.11882   1.06809
 -0.36744 -0.797244 -0.478947   1.76811
        0         0         0         1

-0.0823505 -0.506204  0.858473  0.295649
-0.904958  0.398803  0.148347   1.04003
-0.417456 -0.764666 -0.490935   1.73328
        0         0         0         1

-0.0823505 -0.506204  0.858473  0.295649
-0.904958  0.398803  0.148347   1.04003
-0.417456 -0.764666 -0.490935   1.73328
        0         0         0         1

-0.077985 -0.517582  0.852072  0.291039
-0.888361  0.423977  0.176234   1.02156
-0.452474 -0.743204 -0.492863   1.70822
        0         0         0         1

-0.077985 -0.517582  0.852072  0.291039
-0.888361  0.423977  0.176234   1.02156
-0.452474 -0.743204 -0.492863   1.70822
        0         0         0         1

-0.0818288 -0.522397  0.848767  0.293342
-0.872873  0.448606  0.191954   1.00866
-0.481038 -0.725158 -0.492695   1.67753
        0         0         0         1

-0.0818288 -0.522397  0.848767  0.293342
-0.872873  0.448606  0.191954   1.00866
-0.481038 -0.725158 -0.492695   1.67753
        0         0         0         1

-0.0796072  -0.53581  0.840578  0.290002
 -0.84003  0.490047  0.232815  0.983271
-0.536667 -0.687577 -0.489108   1.64615
        0         0         0         1

-0.0796072  -0.53581  0.840578  0.290002
 -0.84003  0.490047  0.232815  0.983271
-0.536667 -0.687577 -0.489108   1.64615
        0         0         0         1

-0.0876245 -0.540431  0.836813  0.292028
-0.818322  0.518074  0.248895  0.972641
-0.568042 -0.662973 -0.487643   1.62528
        0         0         0         1

-0.0876245 -0.540431  0.836813  0.292028
-0.818322  0.518074  0.248895  0.972641
-0.568042 -0.662973 -0.487643   1.62528
        0         0         0         1

-0.090611 -0.542635  0.835067  0.283815
-0.792126  0.547484  0.269809  0.954902
-0.603594 -0.637031 -0.479443   1.58503
        0         0         0         1

-0.090611 -0.542635  0.835067  0.283815
-0.792126  0.547484  0.269809  0.954902
-0.603594 -0.637031 -0.479443   1.58503
        0         0         0         1

-0.0922721 -0.534261  0.840268  0.279791
 -0.77524   0.56813  0.276098  0.946899
-0.624891 -0.625934 -0.466603   1.56032
        0         0         0         1

-0.0922721 -0.534261  0.840268  0.279791
 -0.77524   0.56813  0.276098  0.946899
-0.624891 -0.625934 -0.466603   1.56032
        0         0         0         1

-0.104775 -0.521317  0.846907  0.282692
-0.758924  0.592258  0.270676  0.943443
-0.642695 -0.614378 -0.457694   1.53926
        0         0         0         1

-0.104775 -0.521317  0.846907  0.282692
-0.758924  0.592258  0.270676  0.943443
-0.642695 -0.614378 -0.457694   1.53926
        0         0         0         1

-0.128431 -0.505702  0.853095  0.285152
-0.735222   0.62585  0.260308  0.938614
-0.665548 -0.593783 -0.452182   1.51279
        0         0         0         1

-0.128431 -0.505702  0.853095  0.285152
-0.735222   0.62585  0.260308  0.938614
-0.665548 -0.593783 -0.452182   1.51279
        0         0         0         1

-0.138882 -0.496018  0.857133  0.286424
-0.720992  0.643983  0.255846   0.93607
-0.678883 -0.582453 -0.447063   1.49584
        0         0         0         1

-0.138882 -0.496018  0.857133  0.286424
-0.720992  0.643983  0.255846   0.93607
-0.678883 -0.582453 -0.447063   1.49584
        0         0         0         1

-0.145674 -0.473827  0.868486  0.286456
-0.706679  0.664191  0.243834   0.93494
-0.692376  -0.57822 -0.431599   1.46591
        0         0         0         1

-0.145674 -0.473827  0.868486  0.286456
-0.706679  0.664191  0.243834   0.93494
-0.692376  -0.57822 -0.431599   1.46591
        0         0         0         1

-0.143847 -0.465208  0.873436  0.280813
 -0.70104  0.670857  0.241855  0.930871
-0.698463 -0.577523  -0.42263   1.44959
        0         0         0         1

-0.143847 -0.465208  0.873436  0.280813
 -0.70104  0.670857  0.241855  0.930871
-0.698463 -0.577523  -0.42263   1.44959
        0         0         0         1

-0.148959 -0.461427  0.874584  0.282228
-0.689045  0.682805  0.242887  0.929024
-0.709245 -0.566448 -0.419654   1.44375
        0         0         0         1

-0.148959 -0.461427  0.874584  0.282228
-0.689045  0.682805  0.242887  0.929024
-0.709245 -0.566448 -0.419654   1.44375
        0         0         0         1

 -0.15401 -0.449763  0.879769  0.286834
-0.676344  0.697086  0.237971   0.92994
-0.720305 -0.558377 -0.411553   1.42639
        0         0         0         1

 -0.15401 -0.449763  0.879769  0.286834
-0.676344  0.697086  0.237971   0.92994
-0.720305 -0.558377 -0.411553   1.42639
        0         0         0         1

-0.147868 -0.451071  0.880153  0.281595
-0.673935  0.697289  0.244131  0.926977
-0.723841 -0.557067 -0.407099   1.41061
        0         0         0         1

-0.147868 -0.451071  0.880153  0.281595
-0.673935  0.697289  0.244131  0.926977
-0.723841 -0.557067 -0.407099   1.41061
        0         0         0         1

-0.143244  -0.44812  0.882422  0.283927
-0.665585  0.703487  0.249206  0.927931
-0.732447 -0.551629 -0.399032    1.3946
        0         0         0         1

-0.143244  -0.44812  0.882422  0.283927
-0.665585  0.703487  0.249206  0.927931
-0.732447 -0.551629 -0.399032    1.3946
        0         0         0         1

-0.142893 -0.448443  0.882315  0.290342
-0.662186  0.705867  0.251519  0.929668
-0.735589 -0.548317 -0.397816   1.38736
        0         0         0         1

-0.142893 -0.448443  0.882315  0.290342
-0.662186  0.705867  0.251519  0.929668
-0.735589 -0.548317 -0.397816   1.38736
        0         0         0         1

-0.143425 -0.458283  0.877158  0.286377
-0.656099  0.707584  0.262408  0.927408
 -0.74092 -0.537867 -0.402164   1.38805
        0         0         0         1

-0.143425 -0.458283  0.877158  0.286377
-0.656099  0.707584  0.262408  0.927408
 -0.74092 -0.537867 -0.402164   1.38805
        0         0         0         1

-0.151031 -0.470956  0.869132  0.292267
-0.652961  0.707638  0.269981  0.931138
 -0.74218 -0.526734 -0.414391   1.37713
        0         0         0         1

-0.151031 -0.470956  0.869132  0.292267
-0.652961  0.707638  0.269981  0.931138
 -0.74218 -0.526734 -0.414391   1.37713
        0         0         0         1

-0.149504 -0.482607  0.862983  0.289758
-0.652364  0.704013   0.28069  0.928954
-0.743014 -0.521015 -0.420088   1.36921
        0         0         0         1

-0.149504 -0.482607  0.862983  0.289758
-0.652364  0.704013   0.28069  0.928954
-0.743014 -0.521015 -0.420088   1.36921
        0         0         0         1

-0.151664 -0.486847   0.86022  0.293825
 -0.64891  0.705519  0.284884  0.931723
-0.745596 -0.514999 -0.422921   1.36159
        0         0         0         1

-0.151664 -0.486847   0.86022  0.293825
 -0.64891  0.705519  0.284884  0.931723
-0.745596 -0.514999 -0.422921   1.36159
        0         0         0         1

-0.153979 -0.496148  0.854475  0.290965
-0.645413  0.705308  0.293229  0.929093
-0.748153 -0.506337 -0.428823   1.36216
        0         0         0         1

-0.153979 -0.496148  0.854475  0.290965
-0.645413  0.705308  0.293229  0.929093
-0.748153 -0.506337 -0.428823   1.36216
        0         0         0         1

 -0.15963 -0.501252   0.85045  0.291317
-0.644469  0.705496  0.294849  0.929971
-0.747782 -0.501021  -0.43566   1.35969
        0         0         0         1

 -0.15963 -0.501252   0.85045  0.291317
-0.644469  0.705496  0.294849  0.929971
-0.747782 -0.501021  -0.43566   1.35969
        0         0         0         1

-0.158415 -0.504898  0.848518  0.289884
-0.640759  0.706402  0.300707  0.930108
-0.751221 -0.496059 -0.435423   1.35536
        0         0         0         1

-0.158415 -0.504898  0.848518  0.289884
-0.640759  0.706402  0.300707  0.930108
-0.751221 -0.496059 -0.435423   1.35536
        0         0         0         1

-0.152164 -0.492318  0.857012  0.288497
-0.647229  0.704957  0.290052   0.93034
-0.746954 -0.510548 -0.425911   1.34783
        0         0         0         1

-0.152164 -0.492318  0.857012  0.288497
-0.647229  0.704957  0.290052   0.93034
-0.746954 -0.510548 -0.425911   1.34783
        0         0         0         1

 -0.16305 -0.489812  0.856446  0.290221
-0.644972  0.709811   0.28316  0.930602
 -0.74661 -0.506214 -0.431649   1.35482
        0         0         0         1

 -0.16305 -0.489812  0.856446  0.290221
-0.644972  0.709811   0.28316  0.930602
 -0.74661 -0.506214 -0.431649   1.35482
        0         0         0         1

-0.163741  -0.48575  0.858624  0.288839
-0.650446  0.707541  0.276236  0.930773
-0.741693 -0.513257 -0.431808   1.35287
        0         0         0         1

-0.163741  -0.48575  0.858624  0.288839
-0.650446  0.707541  0.276236  0.930773
-0.741693 -0.513257 -0.431808   1.35287
        0         0         0         1

-0.161874 -0.484935  0.859439  0.285116
-0.654324  0.704684  0.274374  0.929326
-0.738686 -0.517937 -0.431375   1.34979
        0         0         0         1

-0.161874 -0.484935  0.859439  0.285116
-0.654324  0.704684  0.274374  0.929326
-0.738686 -0.517937 -0.431375   1.34979
        0         0         0         1

-0.159908 -0.486261  0.859057   0.28229
 -0.65503  0.703321  0.276179   0.92797
-0.738488 -0.518545 -0.430982   1.34801
        0         0         0         1

-0.159908 -0.486261  0.859057   0.28229
 -0.65503  0.703321  0.276179   0.92797
-0.738488 -0.518545 -0.430982   1.34801
        0         0         0         1

-0.163585 -0.487571  0.857621  0.285561
-0.654195  0.704314   0.27563   0.93033
-0.738424 -0.515962 -0.434181   1.34848
        0         0         0         1

-0.163585 -0.487571  0.857621  0.285561
-0.654195  0.704314   0.27563   0.93033
-0.738424 -0.515962 -0.434181   1.34848
        0         0         0         1

-0.162417  -0.49305  0.854706  0.283633
-0.655138  0.701611  0.280241  0.929754
-0.737844 -0.514435 -0.436969   1.34736
        0         0         0         1

-0.162417  -0.49305  0.854706  0.283633
-0.655138  0.701611  0.280241  0.929754
-0.737844 -0.514435 -0.436969   1.34736
        0         0         0         1

-0.160538 -0.494069  0.854472  0.282206
-0.659565  0.697739  0.279524  0.930136
-0.734303 -0.518706 -0.437885   1.34118
        0         0         0         1

-0.160538 -0.494069  0.854472  0.282206
-0.659565  0.697739  0.279524  0.930136
-0.734303 -0.518706 -0.437885   1.34118
        0         0         0         1

-0.161982 -0.492742  0.854966  0.284237
-0.660205  0.698052  0.277225   0.93211
-0.733411 -0.519547 -0.438382   1.34237
        0         0         0         1

-0.161982 -0.492742  0.854966  0.284237
-0.660205  0.698052  0.277225   0.93211
-0.733411 -0.519547 -0.438382   1.34237
        0         0         0         1

-0.163858 -0.494037   0.85386  0.283496
-0.659751  0.698383  0.277471  0.931432
-0.733403 -0.517869 -0.440377   1.34974
        0         0         0         1

-0.163858 -0.494037   0.85386  0.283496
-0.659751  0.698383  0.277471  0.931432
-0.733403 -0.517869 -0.440377   1.34974
        0         0         0         1

-0.164999 -0.493919  0.853709  0.284482
-0.660299  0.698296  0.276386  0.932795
-0.732654   -0.5181 -0.441352   1.35486
        0         0         0         1

-0.164999 -0.493919  0.853709  0.284482
-0.660299  0.698296  0.276386  0.932795
-0.732654   -0.5181 -0.441352   1.35486
        0         0         0         1

-0.158793 -0.490097  0.857082  0.281922
-0.676511  0.686289  0.267095  0.934398
-0.719109 -0.537413 -0.440534   1.35274
        0         0         0         1

-0.158793 -0.490097  0.857082  0.281922
-0.676511  0.686289  0.267095  0.934398
-0.719109 -0.537413 -0.440534   1.35274
        0         0         0         1

-0.156916 -0.487987   0.85863  0.281906
-0.685345  0.679799  0.261104  0.935869
-0.711111 -0.547487 -0.441111   1.35714
        0         0         0         1

-0.156916 -0.487987   0.85863  0.281906
-0.685345  0.679799  0.261104  0.935869
-0.711111 -0.547487 -0.441111   1.35714
        0         0         0         1

-0.156997 -0.495132  0.854515  0.281879
-0.693523  0.671283  0.261544  0.937903
 -0.70312 -0.551565 -0.448775   1.37041
        0         0         0         1

-0.156997 -0.495132  0.854515  0.281879
-0.693523  0.671283  0.261544  0.937903
 -0.70312 -0.551565 -0.448775   1.37041
        0         0         0         1

-0.153677 -0.503741  0.850075  0.281288
-0.713519  0.651717  0.257207  0.940401
-0.683574 -0.567018 -0.459583   1.38771
        0         0         0         1

-0.153677 -0.503741  0.850075  0.281288
-0.713519  0.651717  0.257207  0.940401
-0.683574 -0.567018 -0.459583   1.38771
        0         0         0         1

-0.147835 -0.506539  0.849449  0.279097
 -0.72962  0.635692  0.252092  0.943008
-0.667682 -0.582507 -0.463558   1.39558
        0         0         0         1

-0.147835 -0.506539  0.849449  0.279097
 -0.72962  0.635692  0.252092  0.943008
-0.667682 -0.582507 -0.463558   1.39558
        0         0         0         1

-0.147835 -0.506539  0.849449  0.279097
 -0.72962  0.635692  0.252092  0.943008
-0.667682 -0.582507 -0.463558   1.39558
        0         0         0         1

-0.154103 -0.513181  0.844333  0.284615
-0.743658  0.622889   0.24286   0.95013
-0.650557  -0.59047  -0.47762   1.42282
        0         0         0         1

-0.155599 -0.521076  0.839207  0.284454
-0.755037  0.610535  0.239097  0.953867
-0.636953 -0.596429  -0.48843   1.44331
        0         0         0         1

-0.155599 -0.521076  0.839207  0.284454
-0.755037  0.610535  0.239097  0.953867
-0.636953 -0.596429  -0.48843   1.44331
        0         0         0         1

-0.150501 -0.535036  0.831316  0.281168
-0.769653  0.591172  0.241142  0.956065
 -0.62047 -0.603533 -0.500764   1.46106
        0         0         0         1

-0.150501 -0.535036  0.831316  0.281168
-0.769653  0.591172  0.241142  0.956065
 -0.62047 -0.603533 -0.500764   1.46106
        0         0         0         1

-0.141639 -0.552876  0.821137  0.275619
-0.791581  0.561352  0.241421  0.963025
-0.594423 -0.615802 -0.517156   1.48586
        0         0         0         1

-0.141639 -0.552876  0.821137  0.275619
-0.791581  0.561352  0.241421  0.963025
-0.594423 -0.615802 -0.517156   1.48586
        0         0         0         1

-0.135908  -0.57059  0.809911  0.270277
-0.799926  0.545507  0.250082  0.964317
-0.584506 -0.613881 -0.530569   1.51459
        0         0         0         1

-0.135908  -0.57059  0.809911  0.270277
-0.799926  0.545507  0.250082  0.964317
-0.584506 -0.613881 -0.530569   1.51459
        0         0         0         1

-0.132568  -0.58386  0.800958  0.272064
-0.819291  0.519349  0.242979  0.977896
-0.557843 -0.624006   -0.5472   1.55033
        0         0         0         1

-0.132568  -0.58386  0.800958  0.272064
-0.819291  0.519349  0.242979  0.977896
-0.557843 -0.624006   -0.5472   1.55033
        0         0         0         1

-0.139308 -0.593836  0.792434   0.27846
-0.832002  0.504147  0.231535  0.990064
-0.536997 -0.627052 -0.564305   1.57947
        0         0         0         1

-0.139308 -0.593836  0.792434   0.27846
-0.832002  0.504147  0.231535  0.990064
-0.536997 -0.627052 -0.564305   1.57947
        0         0         0         1

-0.127014 -0.604244  0.786611  0.272361
-0.847605  0.478027   0.23034  0.996752
-0.515203 -0.637479 -0.572876   1.60169
        0         0         0         1

-0.127014 -0.604244  0.786611  0.272361
-0.847605  0.478027   0.23034  0.996752
-0.515203 -0.637479 -0.572876   1.60169
        0         0         0         1

 -0.12819 -0.620893  0.773343  0.274179
-0.867736   0.44779   0.21568   1.01441
-0.480209  -0.64341 -0.596173   1.64404
        0         0         0         1

 -0.12819 -0.620893  0.773343  0.274179
-0.867736   0.44779   0.21568   1.01441
-0.480209  -0.64341 -0.596173   1.64404
        0         0         0         1

-0.128323 -0.629112   0.76665  0.277956
  -0.8783  0.431098  0.206747   1.02841
-0.460568 -0.646818 -0.607868   1.67513
        0         0         0         1

-0.128323 -0.629112   0.76665  0.277956
  -0.8783  0.431098  0.206747   1.02841
-0.460568 -0.646818 -0.607868   1.67513
        0         0         0         1

 -0.11979 -0.650825  0.749718  0.275687
-0.893438  0.399961   0.20445   1.04514
-0.432919 -0.645335 -0.629383   1.72595
        0         0         0         1

 -0.11979 -0.650825  0.749718  0.275687
-0.893438  0.399961   0.20445   1.04514
-0.432919 -0.645335 -0.629383   1.72595
        0         0         0         1

-0.115582 -0.658304  0.743826  0.277174
-0.903994  0.380037  0.195872   1.06296
-0.411625 -0.649775 -0.639029   1.74999
        0         0         0         1

-0.115582 -0.658304  0.743826  0.277174
-0.903994  0.380037  0.195872   1.06296
-0.411625 -0.649775 -0.639029   1.74999
        0         0         0         1

-0.115028 -0.677262  0.726695  0.281088
 -0.91265  0.360901  0.191888   1.07865
-0.392223 -0.641145 -0.659616   1.78711
        0         0         0         1

-0.115028 -0.677262  0.726695  0.281088
 -0.91265  0.360901  0.191888   1.07865
-0.392223 -0.641145 -0.659616   1.78711
        0         0         0         1

-0.119669 -0.694107  0.709855  0.293674
-0.925626  0.336558  0.173048   1.11095
-0.359021 -0.636352 -0.682759   1.82922
        0         0         0         1

-0.119669 -0.694107  0.709855  0.293674
-0.925626  0.336558  0.173048   1.11095
-0.359021 -0.636352 -0.682759   1.82922
        0         0         0         1

-0.123438 -0.709485  0.693826  0.301457
-0.928292  0.329692  0.171982   1.12631
-0.350767 -0.622844 -0.699305   1.87658
        0         0         0         1

-0.123438 -0.709485  0.693826  0.301457
-0.928292  0.329692  0.171982   1.12631
-0.350767 -0.622844 -0.699305   1.87658
        0         0         0         1

-0.126762  -0.72395  0.678106  0.311235
 -0.93822  0.309412  0.154944   1.16086
-0.321986 -0.616572 -0.718446   1.91928
        0         0         0         1

-0.126762  -0.72395  0.678106  0.311235
 -0.93822  0.309412  0.154944   1.16086
-0.321986 -0.616572 -0.718446   1.91928
        0         0         0         1

-0.125822 -0.740307  0.660389  0.312471
-0.945265  0.291486  0.146663   1.17969
 -0.30107 -0.605789 -0.736462   1.95233
        0         0         0         1

-0.125822 -0.740307  0.660389  0.312471
-0.945265  0.291486  0.146663   1.17969
 -0.30107 -0.605789 -0.736462   1.95233
        0         0         0         1

-0.127788 -0.751019  0.647797  0.320288
-0.951682  0.276741  0.133103    1.2046
-0.279235 -0.599488 -0.750095   1.98248
        0         0         0         1

