 0.261574 -0.646518  0.716655  0.682261
-0.953996 -0.285906 0.0902767   1.07336
 0.146531 -0.707299 -0.691561   1.95373
        0         0         0         1

 0.261574 -0.646518  0.716655  0.682261
-0.953996 -0.285906 0.0902767   1.07336
 0.146531 -0.707299 -0.691561   1.95373
        0         0         0         1

 0.261839 -0.644063  0.718765  0.690407
 -0.95883  -0.25843   0.11772   1.02244
 0.109931 -0.719997 -0.685215   1.94923
        0         0         0         1

 0.261839 -0.644063  0.718765  0.690407
 -0.95883  -0.25843   0.11772   1.02244
 0.109931 -0.719997 -0.685215   1.94923
        0         0         0         1

 0.257079 -0.664495  0.701681  0.705809
-0.964278 -0.224366  0.140813  0.990481
0.0638637 -0.712816 -0.698438   1.94595
        0         0         0         1

 0.257079 -0.664495  0.701681  0.705809
-0.964278 -0.224366  0.140813  0.990481
0.0638637 -0.712816 -0.698438   1.94595
        0         0         0         1

 0.244248   -0.6836  0.687775   0.71054
-0.969695 -0.176519  0.168918   0.94306
0.00593328 -0.708189 -0.705997   1.93058
        0         0         0         1

 0.244248   -0.6836  0.687775   0.71054
-0.969695 -0.176519  0.168918   0.94306
0.00593328 -0.708189 -0.705997   1.93058
        0         0         0         1

 0.231547 -0.682225   0.69351  0.714254
 -0.97273 -0.152443   0.17481  0.913277
-0.0135391 -0.715074 -0.698918   1.92163
        0         0         0         1

 0.231547 -0.682225   0.69351  0.714254
 -0.97273 -0.152443   0.17481  0.913277
-0.0135391 -0.715074 -0.698918   1.92163
        0         0         0         1

 0.216999 -0.687313   0.69319  0.719225
 -0.97582 -0.133678  0.172931  0.888168
-0.0261933 -0.713955 -0.699702   1.90728
        0         0         0         1

 0.216999 -0.687313   0.69319  0.719225
 -0.97582 -0.133678  0.172931  0.888168
-0.0261933 -0.713955 -0.699702   1.90728
        0         0         0         1

  0.191674   -0.70505   0.682763   0.730656
 -0.979865 -0.0978431   0.174044   0.852145
-0.0559057  -0.702375  -0.709608    1.88765
         0          0          0          1

  0.191674   -0.70505   0.682763   0.730656
 -0.979865 -0.0978431   0.174044   0.852145
-0.0559057  -0.702375  -0.709608    1.88765
         0          0          0          1

  0.172511  -0.710897    0.68181    0.73364
 -0.982917 -0.0791684   0.166151   0.828368
-0.0641387  -0.698826  -0.712411    1.87692
         0          0          0          1

  0.172511  -0.710897    0.68181    0.73364
 -0.982917 -0.0791684   0.166151   0.828368
-0.0641387  -0.698826  -0.712411    1.87692
         0          0          0          1

  0.155675  -0.719237   0.677099   0.737079
  -0.98507 -0.0620341   0.160588   0.807701
-0.0734976  -0.691989  -0.718156    1.86251
         0          0          0          1

  0.155675  -0.719237   0.677099   0.737079
  -0.98507 -0.0620341   0.160588   0.807701
-0.0734976  -0.691989  -0.718156    1.86251
         0          0          0          1

  0.140824  -0.740759   0.656844   0.748657
 -0.983333 -0.0275886   0.179709   0.778398
    -0.115  -0.671204  -0.732298    1.84036
         0          0          0          1

  0.140824  -0.740759   0.656844   0.748657
 -0.983333 -0.0275886   0.179709   0.778398
    -0.115  -0.671204  -0.732298    1.84036
         0          0          0          1

  0.135512  -0.751736   0.645391   0.752282
 -0.980116 -0.0064176   0.198319    0.75896
 -0.144942  -0.659433  -0.737659    1.82539
         0          0          0          1

  0.135512  -0.751736   0.645391   0.752282
 -0.980116 -0.0064176   0.198319    0.75896
 -0.144942  -0.659433  -0.737659    1.82539
         0          0          0          1

 0.114686  -0.76113  0.638379  0.759732
-0.978188 0.0255093  0.206147  0.732897
-0.173189 -0.648097 -0.741603   1.80717
        0         0         0         1

 0.114686  -0.76113  0.638379  0.759732
-0.978188 0.0255093  0.206147  0.732897
-0.173189 -0.648097 -0.741603   1.80717
        0         0         0         1

0.0960331 -0.753346  0.650574  0.759685
-0.981428 0.0373797  0.188156  0.720092
-0.166065 -0.656561 -0.735765   1.78995
        0         0         0         1

0.0960331 -0.753346  0.650574  0.759685
-0.981428 0.0373797  0.188156  0.720092
-0.166065 -0.656561 -0.735765   1.78995
        0         0         0         1

0.0737101 -0.741245  0.667175  0.761732
-0.984753  0.051605  0.166131   0.70936
-0.157573 -0.669247  -0.72614   1.77335
        0         0         0         1

0.0737101 -0.741245  0.667175  0.761732
-0.984753  0.051605  0.166131   0.70936
-0.157573 -0.669247  -0.72614   1.77335
        0         0         0         1

0.0625866  -0.73578  0.674322  0.764905
-0.981319 0.0777891  0.175959  0.691987
-0.181922 -0.672738 -0.717167   1.74947
        0         0         0         1

0.0625866  -0.73578  0.674322  0.764905
-0.981319 0.0777891  0.175959  0.691987
-0.181922 -0.672738 -0.717167   1.74947
        0         0         0         1

0.0548533  -0.72783   0.68356  0.765231
-0.980484 0.0901771  0.174698  0.683199
-0.188792 -0.679803 -0.708679   1.73301
        0         0         0         1

0.0548533  -0.72783   0.68356  0.765231
-0.980484 0.0901771  0.174698  0.683199
-0.188792 -0.679803 -0.708679   1.73301
        0         0         0         1

0.0330188 -0.689757  0.723288  0.761995
-0.983759  0.105321  0.145348  0.673548
-0.176433  -0.71634 -0.675077   1.70917
        0         0         0         1

0.0330188 -0.689757  0.723288  0.761995
-0.983759  0.105321  0.145348  0.673548
-0.176433  -0.71634 -0.675077   1.70917
        0         0         0         1

 0.011643 -0.666321  0.745574  0.764361
-0.986878  0.112431  0.115891  0.670525
-0.161047  -0.73714 -0.656269    1.6968
        0         0         0         1

 0.011643 -0.666321  0.745574  0.764361
-0.986878  0.112431  0.115891  0.670525
-0.161047  -0.73714 -0.656269    1.6968
        0         0         0         1

0.0117864 -0.658216  0.752737  0.767378
-0.987418  0.111054   0.11257  0.667176
 -0.15769 -0.744593 -0.648626   1.68087
        0         0         0         1

0.0117864 -0.658216  0.752737  0.767378
-0.987418  0.111054   0.11257  0.667176
 -0.15769 -0.744593 -0.648626   1.68087
        0         0         0         1

0.0311321 -0.651913  0.757654  0.771768
-0.984751  0.109802  0.134941  0.660799
-0.171162 -0.750302 -0.638554    1.6626
        0         0         0         1

0.0311321 -0.651913  0.757654  0.771768
-0.984751  0.109802  0.134941  0.660799
-0.171162 -0.750302 -0.638554    1.6626
        0         0         0         1

0.0341231 -0.639202  0.768282  0.771989
-0.986159  0.103269  0.129719  0.659815
-0.162256 -0.762074  -0.62683   1.64963
        0         0         0         1

0.0341231 -0.639202  0.768282  0.771989
-0.986159  0.103269  0.129719  0.659815
-0.162256 -0.762074  -0.62683   1.64963
        0         0         0         1

0.0286744 -0.606837  0.794309  0.771197
-0.988573  0.100429  0.112413  0.659461
-0.147988 -0.788456 -0.597024   1.63601
        0         0         0         1

0.0286744 -0.606837  0.794309  0.771197
-0.988573  0.100429  0.112413  0.659461
-0.147988 -0.788456 -0.597024   1.63601
        0         0         0         1

0.0428205 -0.593955  0.803358   0.76776
-0.987316  0.097887  0.124998  0.656288
-0.152881 -0.798521  -0.58223    1.6278
        0         0         0         1

0.0428205 -0.593955  0.803358   0.76776
-0.987316  0.097887  0.124998  0.656288
-0.152881 -0.798521  -0.58223    1.6278
        0         0         0         1

0.0544674 -0.590922  0.804888  0.769311
-0.987051 0.0899349  0.132822  0.656083
-0.150875   -0.8017 -0.578372   1.61989
        0         0         0         1

0.0544674 -0.590922  0.804888  0.769311
-0.987051 0.0899349  0.132822  0.656083
-0.150875   -0.8017 -0.578372   1.61989
        0         0         0         1

0.0712425 -0.611401  0.788108  0.775256
-0.987407 0.0686609  0.142524  0.655523
-0.141252 -0.788337  -0.59881    1.6139
        0         0         0         1

0.0712425 -0.611401  0.788108  0.775256
-0.987407 0.0686609  0.142524  0.655523
-0.141252 -0.788337  -0.59881    1.6139
        0         0         0         1

0.0888085 -0.624419  0.776025  0.776541
-0.986286 0.0536868  0.156069   0.65396
-0.139115 -0.779243 -0.611087   1.61153
        0         0         0         1

0.0888085 -0.624419  0.776025  0.776541
-0.986286 0.0536868  0.156069   0.65396
-0.139115 -0.779243 -0.611087   1.61153
        0         0         0         1

 0.110409 -0.633571  0.765766  0.781523
-0.984773 0.0343628  0.170416  0.654866
-0.134285 -0.772921 -0.620129   1.60453
        0         0         0         1

 0.110409 -0.633571  0.765766  0.781523
-0.984773 0.0343628  0.170416  0.654866
-0.134285 -0.772921 -0.620129   1.60453
        0         0         0         1

  0.12264 -0.627659  0.768768  0.782128
-0.983266 0.0282996  0.179963  0.654376
-0.134711 -0.777974 -0.613685   1.60124
        0         0         0         1

  0.12264 -0.627659  0.768768  0.782128
-0.983266 0.0282996  0.179963  0.654376
-0.134711 -0.777974 -0.613685   1.60124
        0         0         0         1

 0.126836 -0.615975  0.777488  0.782109
-0.983521 0.0237119  0.179233  0.655267
-0.128839 -0.787409 -0.602816   1.59817
        0         0         0         1

 0.126836 -0.615975  0.777488  0.782109
-0.983521 0.0237119  0.179233  0.655267
-0.128839 -0.787409 -0.602816   1.59817
        0         0         0         1

  0.13603 -0.604948  0.784559  0.783715
-0.982729 0.0178925  0.184186  0.656233
 -0.12546 -0.796064 -0.592066   1.59656
        0         0         0         1

  0.13603 -0.604948  0.784559  0.783715
-0.982729 0.0178925  0.184186  0.656233
 -0.12546 -0.796064 -0.592066   1.59656
        0         0         0         1

 0.151664 -0.605258  0.781448  0.784941
-0.980095 0.0103792  0.198256  0.656359
-0.128107 -0.795962 -0.591636   1.59562
        0         0         0         1

 0.151664 -0.605258  0.781448  0.784941
-0.980095 0.0103792  0.198256  0.656359
-0.128107 -0.795962 -0.591636   1.59562
        0         0         0         1

   0.164563   -0.602912    0.780651    0.789627
  -0.978352 0.000918169    0.206948    0.658413
  -0.125488   -0.797807   -0.589709     1.59559
          0           0           0           1

   0.164563   -0.602912    0.780651    0.789627
  -0.978352 0.000918169    0.206948    0.658413
  -0.125488   -0.797807   -0.589709     1.59559
          0           0           0           1

   0.169996   -0.597385     0.78373    0.792362
  -0.977805 -0.00341294     0.20949    0.660127
  -0.122471   -0.801947   -0.584706     1.59527
          0           0           0           1

   0.169996   -0.597385     0.78373    0.792362
  -0.977805 -0.00341294     0.20949    0.660127
  -0.122471   -0.801947   -0.584706     1.59527
          0           0           0           1

   0.181464   -0.596781    0.781616    0.794858
  -0.975248 -0.00709766       0.221    0.661793
  -0.126341   -0.802373   -0.583297      1.5956
          0           0           0           1

   0.181464   -0.596781    0.781616    0.794858
  -0.975248 -0.00709766       0.221    0.661793
  -0.126341   -0.802373   -0.583297      1.5956
          0           0           0           1

 0.204275 -0.603246  0.770951  0.798783
-0.970046 -0.018976   0.24218  0.664787
-0.131465 -0.797329 -0.589053   1.59482
        0         0         0         1

 0.204275 -0.603246  0.770951  0.798783
-0.970046 -0.018976   0.24218  0.664787
-0.131465 -0.797329 -0.589053   1.59482
        0         0         0         1

  0.215921  -0.611473   0.761235    0.80302
 -0.966504 -0.0230722   0.255611   0.666798
 -0.138736  -0.790929  -0.595973     1.5962
         0          0          0          1

  0.215921  -0.611473   0.761235    0.80302
 -0.966504 -0.0230722   0.255611   0.666798
 -0.138736  -0.790929  -0.595973     1.5962
         0          0          0          1

   0.23182  -0.618228   0.751035   0.807876
 -0.961269 -0.0272759    0.27426   0.670979
  -0.14907  -0.785525  -0.600607    1.59847
         0          0          0          1

   0.23182  -0.618228   0.751035   0.807876
 -0.961269 -0.0272759    0.27426   0.670979
  -0.14907  -0.785525  -0.600607    1.59847
         0          0          0          1

  0.244304  -0.621167   0.744626   0.810351
 -0.956852 -0.0298386   0.289041   0.674327
 -0.157324   -0.78311  -0.601654    1.59899
         0          0          0          1

  0.244304  -0.621167   0.744626   0.810351
 -0.956852 -0.0298386   0.289041   0.674327
 -0.157324   -0.78311  -0.601654    1.59899
         0          0          0          1

  0.256571  -0.633208   0.730219   0.814734
 -0.951226 -0.0315358   0.306878   0.678649
  -0.17129  -0.773339  -0.610415    1.60102
         0          0          0          1

  0.256571  -0.633208   0.730219   0.814734
 -0.951226 -0.0315358   0.306878   0.678649
  -0.17129  -0.773339  -0.610415    1.60102
         0          0          0          1

  0.282588  -0.653667   0.702043   0.818641
 -0.938596 -0.0373995   0.342984   0.684131
 -0.197941  -0.755858  -0.624098    1.60709
         0          0          0          1

  0.282588  -0.653667   0.702043   0.818641
 -0.938596 -0.0373995   0.342984   0.684131
 -0.197941  -0.755858  -0.624098    1.60709
         0          0          0          1

  0.304123  -0.660982   0.686012   0.819453
 -0.928356 -0.0440995   0.369068   0.688596
 -0.213695  -0.749105  -0.627038    1.61075
         0          0          0          1

  0.304123  -0.660982   0.686012   0.819453
 -0.928356 -0.0440995   0.369068   0.688596
 -0.213695  -0.749105  -0.627038    1.61075
         0          0          0          1

  0.326043   -0.66794   0.668994    0.82092
 -0.917003 -0.0514457   0.395548   0.697452
 -0.229786  -0.742435  -0.629276    1.62175
         0          0          0          1

  0.326043   -0.66794   0.668994    0.82092
 -0.917003 -0.0514457   0.395548   0.697452
 -0.229786  -0.742435  -0.629276    1.62175
         0          0          0          1

  0.332344  -0.670225   0.663586   0.820695
 -0.915051 -0.0586476   0.399051   0.705199
 -0.228536  -0.739837  -0.632781    1.62728
         0          0          0          1

  0.332344  -0.670225   0.663586   0.820695
 -0.915051 -0.0586476   0.399051   0.705199
 -0.228536  -0.739837  -0.632781    1.62728
         0          0          0          1

  0.345256  -0.672562   0.654568   0.819148
 -0.910424 -0.0706712   0.407595   0.713464
 -0.227874  -0.736659  -0.636716    1.63289
         0          0          0          1

  0.345256  -0.672562   0.654568   0.819148
 -0.910424 -0.0706712   0.407595   0.713464
 -0.227874  -0.736659  -0.636716    1.63289
         0          0          0          1

  0.365741  -0.674645   0.641162   0.815999
 -0.901838 -0.0866115   0.423305   0.726483
 -0.230049  -0.733044  -0.640097    1.64497
         0          0          0          1

  0.365741  -0.674645   0.641162   0.815999
 -0.901838 -0.0866115   0.423305   0.726483
 -0.230049  -0.733044  -0.640097    1.64497
         0          0          0          1

  0.375996  -0.678546   0.631033   0.811029
 -0.897786 -0.0981999   0.429344   0.735266
 -0.229363  -0.727964  -0.646112    1.65523
         0          0          0          1

  0.375996  -0.678546   0.631033   0.811029
 -0.897786 -0.0981999   0.429344   0.735266
 -0.229363  -0.727964  -0.646112    1.65523
         0          0          0          1

 0.383677 -0.676083   0.62905  0.803885
-0.896777  -0.11019  0.428544   0.75144
-0.220416  -0.72854 -0.648573   1.66813
        0         0         0         1

 0.383677 -0.676083   0.62905  0.803885
-0.896777  -0.11019  0.428544   0.75144
-0.220416  -0.72854 -0.648573   1.66813
        0         0         0         1

 0.389041 -0.674478  0.627476  0.798889
-0.896306 -0.119797  0.426947  0.763354
-0.212797 -0.728511 -0.651145   1.67617
        0         0         0         1

 0.389041 -0.674478  0.627476  0.798889
-0.896306 -0.119797  0.426947  0.763354
-0.212797 -0.728511 -0.651145   1.67617
        0         0         0         1

 0.393957 -0.677309   0.62133  0.792896
-0.894565 -0.127311  0.428422   0.77582
-0.211072   -0.7246 -0.656052   1.68653
        0         0         0         1

 0.393957 -0.677309   0.62133  0.792896
-0.894565 -0.127311  0.428422   0.77582
-0.211072   -0.7246 -0.656052   1.68653
        0         0         0         1

 0.394158 -0.687097  0.610359  0.785602
-0.894495 -0.134339  0.426418  0.795337
-0.210995 -0.714038 -0.667555   1.70622
        0         0         0         1

 0.394158 -0.687097  0.610359  0.785602
-0.894495 -0.134339  0.426418  0.795337
-0.210995 -0.714038 -0.667555   1.70622
        0         0         0         1

 0.394221 -0.684697  0.613009  0.776207
-0.897181 -0.142192  0.418149    0.8098
 -0.19914 -0.714822 -0.670352    1.7159
        0         0         0         1

 0.394221 -0.684697  0.613009  0.776207
-0.897181 -0.142192  0.418149    0.8098
 -0.19914 -0.714822 -0.670352    1.7159
        0         0         0         1

 0.389955 -0.680408  0.620467  0.768458
-0.902568 -0.148882  0.403986   0.82615
-0.182499  -0.71755 -0.672173   1.72679
        0         0         0         1

 0.389955 -0.680408  0.620467  0.768458
-0.902568 -0.148882  0.403986   0.82615
-0.182499  -0.71755 -0.672173   1.72679
        0         0         0         1

  0.37495 -0.662997  0.647956  0.753871
-0.917006 -0.162666  0.364197  0.851727
-0.136061 -0.730735 -0.668964   1.74222
        0         0         0         1

  0.37495 -0.662997  0.647956  0.753871
-0.917006 -0.162666  0.364197  0.851727
-0.136061 -0.730735 -0.668964   1.74222
        0         0         0         1

 0.355816 -0.654014  0.667578  0.746289
-0.928543 -0.166503  0.331789  0.869915
-0.105841 -0.737931 -0.666525   1.75672
        0         0         0         1

 0.355816 -0.654014  0.667578  0.746289
-0.928543 -0.166503  0.331789  0.869915
-0.105841 -0.737931 -0.666525   1.75672
        0         0         0         1

 0.330098 -0.636675  0.696908  0.730042
-0.942125 -0.176371   0.28512  0.897983
-0.0586143 -0.750692 -0.658047   1.77568
        0         0         0         1

 0.330098 -0.636675  0.696908  0.730042
-0.942125 -0.176371   0.28512  0.897983
-0.0586143 -0.750692 -0.658047   1.77568
        0         0         0         1

 0.312393 -0.630325  0.710704  0.718197
-0.949594 -0.186637   0.25187  0.919479
-0.0261162 -0.753563 -0.656857   1.78629
        0         0         0         1

 0.312393 -0.630325  0.710704  0.718197
-0.949594 -0.186637   0.25187  0.919479
-0.0261162 -0.753563 -0.656857   1.78629
        0         0         0         1

 0.288122 -0.622995   0.72723  0.705008
-0.957496 -0.198294  0.209479  0.951763
0.0137009 -0.756675 -0.653648   1.80699
        0         0         0         1

 0.288122 -0.622995   0.72723  0.705008
-0.957496 -0.198294  0.209479  0.951763
0.0137009 -0.756675 -0.653648   1.80699
        0         0         0         1

 0.276972 -0.617992   0.73578  0.692669
-0.959691 -0.215974  0.179859  0.974444
0.0477576 -0.755937   -0.6529   1.81554
        0         0         0         1

 0.276972 -0.617992   0.73578  0.692669
-0.959691 -0.215974  0.179859  0.974444
0.0477576 -0.755937   -0.6529   1.81554
        0         0         0         1

 0.265465 -0.608139  0.748128  0.674996
-0.960732 -0.231859  0.152431  0.994366
0.0807608 -0.759216 -0.645809   1.82747
        0         0         0         1

 0.265465 -0.608139  0.748128  0.674996
-0.960732 -0.231859  0.152431  0.994366
0.0807608 -0.759216 -0.645809   1.82747
        0         0         0         1

 0.235793 -0.603284  0.761873  0.660571
 -0.96231 -0.254263 0.0964891   1.03273
 0.135506 -0.755909   -0.6405   1.84264
        0         0         0         1

 0.235793 -0.603284  0.761873  0.660571
 -0.96231 -0.254263 0.0964891   1.03273
 0.135506 -0.755909   -0.6405   1.84264
        0         0         0         1

 0.216237 -0.601353  0.769166  0.650124
-0.960502 -0.272351 0.0570973   1.05934
 0.175148 -0.751132 -0.636493   1.85117
        0         0         0         1

 0.216237 -0.601353  0.769166  0.650124
-0.960502 -0.272351 0.0570973   1.05934
 0.175148 -0.751132 -0.636493   1.85117
        0         0         0         1

 0.186279 -0.598242  0.779363  0.634968
-0.955652 -0.294488 0.0023641   1.09614
 0.228099  -0.74524 -0.626568   1.86519
        0         0         0         1

 0.186279 -0.598242  0.779363  0.634968
-0.955652 -0.294488 0.0023641   1.09614
 0.228099  -0.74524 -0.626568   1.86519
        0         0         0         1

  0.166354  -0.603533   0.779791   0.620553
 -0.953259   -0.30072 -0.0293881    1.11947
  0.252236  -0.738455  -0.625349    1.88019
         0          0          0          1

  0.166354  -0.603533   0.779791   0.620553
 -0.953259   -0.30072 -0.0293881    1.11947
  0.252236  -0.738455  -0.625349    1.88019
         0          0          0          1

  0.156866  -0.596849    0.78687   0.596471
 -0.943309  -0.326519 -0.0596151    1.14424
  0.292509   -0.73291  -0.614233    1.87967
         0          0          0          1

  0.156866  -0.596849    0.78687   0.596471
 -0.943309  -0.326519 -0.0596151    1.14424
  0.292509   -0.73291  -0.614233    1.87967
         0          0          0          1

 0.115459  -0.60327  0.789135  0.592987
-0.932967 -0.338548 -0.122306   1.18801
 0.340944 -0.722115 -0.601919   1.89157
        0         0         0         1

 0.115459  -0.60327  0.789135  0.592987
-0.932967 -0.338548 -0.122306   1.18801
 0.340944 -0.722115 -0.601919   1.89157
        0         0         0         1

