   0.393214 -0.00399031    0.919438     1.18536
   -0.88518   -0.272103    0.377382     1.07168
   0.248676    -0.96226   -0.110527     1.96486
          0           0           0           1

  0.383928 -0.0033206   0.923357    1.18498
 -0.892631   -0.25718   0.370227    1.06344
   0.23624  -0.966358  -0.101703    1.96113
         0          0          0          1

  0.356365 0.00234015   0.934344    1.17788
 -0.915275  -0.200141   0.349593    1.02996
  0.187818  -0.979764 -0.0691811    1.95384
         0          0          0          1

    0.352409 -0.000406167     0.935846      1.17756
    -0.91827    -0.193046     0.345707      1.02223
     0.18052     -0.98119   -0.0684041      1.94852
           0            0            0            1

  0.348986 -0.0027706   0.937124    1.17003
 -0.922961  -0.174237   0.343197    1.00442
  0.162331    -0.9847 -0.0633634    1.93894
         0          0          0          1

  0.344454 -0.0103471   0.938746    1.17064
 -0.925846  -0.169301   0.337854   0.996304
  0.155435   -0.98551 -0.0678962    1.93469
         0          0          0          1

  0.336589 -0.0260694   0.941291    1.16929
 -0.932054  -0.151578   0.329088   0.977866
    0.1341  -0.988101 -0.0753177    1.92767
         0          0          0          1

  0.335506 -0.0339538   0.941426     1.1683
 -0.933432  -0.146759   0.327364   0.970693
  0.127048  -0.988589 -0.0809321      1.923
         0          0          0          1

  0.339799 -0.0551594   0.938879    1.16643
 -0.935987  -0.117489    0.33185   0.941108
 0.0920037  -0.991541 -0.0915513    1.90225
         0          0          0          1

  0.343807 -0.0569322   0.937313    1.16535
 -0.935722   -0.10461   0.336869   0.932338
 0.0788738  -0.992882 -0.0892385    1.89846
         0          0          0          1

  0.349466 -0.0586286   0.935113    1.16346
 -0.935571 -0.0759539   0.344875   0.914973
  0.050806  -0.995386 -0.0813945    1.88839
         0          0          0          1

  0.348201 -0.0596385   0.935521    1.16605
 -0.936542 -0.0653196   0.344417   0.908347
 0.0405673  -0.996081 -0.0785982    1.88094
         0          0          0          1

  0.349203 -0.0522524   0.935589    1.16603
 -0.937043 -0.0225059   0.348489    0.88154
0.00284692   -0.99838 -0.0568219    1.85611
         0          0          0          1

  0.351288 -0.0455298    0.93516    1.16078
 -0.936257 -0.0123674   0.351098   0.874244
-0.00441994  -0.998886 -0.0469721    1.84946
         0          0          0          1

  0.340667 -0.0452101   0.939096    1.16211
  -0.93983  0.0110404   0.341464   0.859159
-0.0258057  -0.998916 -0.0387287    1.83749
         0          0          0          1

  0.338288 -0.0431974   0.940051    1.15896
 -0.940371    0.02222   0.339425   0.851646
-0.0355502  -0.998819 -0.0331048    1.83137
         0          0          0          1

  0.331973 -0.0446359   0.942232    1.15503
 -0.941808  0.0402591   0.333731   0.837288
-0.0528298  -0.998192 -0.0286735    1.81687
         0          0          0          1

  0.327188 -0.0483709    0.94372    1.15582
 -0.942897  0.0492399   0.329426   0.830855
-0.0624033  -0.997615 -0.0294981     1.8097
         0          0          0          1

  0.321326 -0.0517011   0.945556    1.15133
 -0.942269  0.0819023   0.324687   0.806598
-0.0942299  -0.995298  -0.022399    1.78575
         0          0          0          1

  0.319123 -0.0523897   0.946264    1.15094
 -0.942134  0.0906505   0.322749   0.800544
 -0.102688  -0.994504 -0.0204295    1.77882
         0          0          0          1

  0.315544 -0.0537688   0.947386    1.15096
 -0.940936   0.111437    0.31972   0.787427
 -0.122765  -0.992316 -0.0154297    1.76466
         0          0          0          1

  0.315176  -0.052934   0.947556    1.14993
 -0.939759   0.121836   0.319389   0.781616
 -0.132353  -0.991138 -0.0113455    1.75806
         0          0          0          1

   0.309941  -0.0544921    0.949193     1.14918
  -0.936187     0.15661    0.314685    0.761852
  -0.165801   -0.986156 -0.00247515     1.73196
          0           0           0           1

   0.309905   -0.054395     0.94921     1.14828
  -0.934885    0.164285    0.314642       0.757
  -0.173056   -0.984912 5.94633e-05      1.7245
          0           0           0           1

  0.310911  -0.056198   0.948776    1.14554
 -0.931138   0.182146    0.31592   0.746658
 -0.190569  -0.981664 0.00430302    1.71062
         0          0          0          1

  0.309582 -0.0591812   0.949029     1.1452
 -0.929829   0.189973   0.315165   0.741828
 -0.198942  -0.980004 0.00378385    1.70413
         0          0          0          1

  0.303489  -0.066747   0.950494    1.14629
 -0.927386    0.20832   0.310739   0.732271
 -0.218748  -0.975781 0.00132254    1.69103
         0          0          0          1

  0.302355 -0.0688357   0.950707    1.14537
 -0.926165   0.214622   0.310089   0.728516
 -0.225388  -0.974269 0.00113864    1.68415
         0          0          0          1

   0.30079 -0.0721048   0.950961    1.14115
   -0.9187   0.245714   0.309217   0.714058
  -0.25596  -0.966657 0.00766571    1.66161
         0          0          0          1

  0.298001 -0.0734704   0.951734    1.14189
 -0.917748   0.252182   0.306827   0.711021
 -0.262552  -0.964887 0.00772292    1.65433
         0          0          0          1

  0.295565 -0.0755178   0.952333    1.14172
 -0.914083   0.267377   0.304896   0.704483
 -0.277657  -0.960628 0.00999796    1.64066
         0          0          0          1

  0.296377 -0.0770373   0.951959     1.1413
 -0.912021    0.27305    0.30604   0.701837
 -0.283509   -0.95891  0.0106662     1.6339
         0          0          0          1

  0.300979 -0.0828054   0.950029    1.14125
 -0.902937   0.295742   0.311836   0.692542
 -0.306785  -0.951672  0.0142439    1.61075
         0          0          0          1

  0.302336 -0.0851062   0.949394    1.14097
  -0.90027   0.301792   0.313746   0.690296
 -0.313221  -0.949568   0.014624    1.60505
         0          0          0          1

  0.304672 -0.0936428   0.947843    1.13951
 -0.894602   0.313417   0.318523   0.685779
 -0.326897  -0.944987  0.0117163    1.59264
         0          0          0          1

  0.303705 -0.0983228   0.947679    1.13933
  -0.89279   0.317961   0.319103   0.684309
   -0.3327  -0.942992 0.00878463    1.58712
         0          0          0          1

  0.301272  -0.109141   0.947271    1.13975
 -0.888162   0.329387   0.320424   0.681026
  -0.34699  -0.937866 0.00230054    1.57603
         0          0          0          1

    0.300074    -0.113793     0.947104      1.13997
   -0.886375     0.333687     0.320925     0.679862
   -0.352556    -0.935791 -0.000732083      1.57033
           0            0            0            1

    0.299503     -0.12152     0.946325      1.14009
   -0.877604     0.354039     0.323216     0.676275
   -0.374313    -0.927302 -0.000610815      1.55222
           0            0            0            1

  0.301383  -0.121003   0.945794    1.13944
 -0.875341   0.358201    0.32476   0.675415
 -0.378082   -0.92577 0.00203665    1.54699
         0          0          0          1

  0.303152  -0.119804   0.945381    1.14001
  -0.87076   0.368207   0.325884   0.674224
 -0.387138  -0.921993 0.00730191    1.53667
         0          0          0          1

  0.304835  -0.120247   0.944784    1.13977
 -0.867728    0.37384   0.327553   0.673525
 -0.392585  -0.919665 0.00961808    1.53292
         0          0          0          1

  0.306242  -0.127752   0.943342    1.14125
 -0.859692   0.388469   0.331695   0.672205
 -0.408834  -0.912563 0.00913801    1.51803
         0          0          0          1

  0.306457  -0.130537   0.942891    1.14197
  -0.85881   0.389283   0.333023   0.672255
 -0.410524  -0.911821 0.00719174    1.51329
         0          0          0          1

  0.310398  -0.137463   0.940615    1.14139
 -0.852657   0.397204    0.33942   0.671403
 -0.420273  -0.907377 0.00608265    1.50675
         0          0          0          1

  0.310063  -0.140313   0.940305    1.14259
 -0.850922   0.400158   0.340301   0.671422
 -0.424019  -0.905641 0.00467916    1.50356
         0          0          0          1

 0.313773 -0.145857  0.938228    1.1454
-0.843264  0.411356  0.345964  0.671678
-0.436407 -0.899729 0.0060763   1.49171
        0         0         0         1

  0.315493  -0.146292   0.937583    1.14641
 -0.840896   0.414751   0.347672   0.672085
 -0.439725  -0.898098 0.00783443     1.4891
         0          0          0          1

 0.320209 -0.146837  0.935898   1.14871
-0.836804  0.419278  0.352087  0.672803
-0.444101 -0.895904 0.0113826   1.48201
        0         0         0         1

 0.321968 -0.146673   0.93532   1.14975
-0.834567  0.422501  0.353541  0.673179
-0.447028 -0.894416  0.013624   1.47974
        0         0         0         1

 0.325858 -0.147471  0.933846   1.15145
-0.829152  0.429994   0.35723  0.673527
-0.454229 -0.890706 0.0178409    1.4756
        0         0         0         1

 0.327206 -0.147885  0.933309   1.15213
-0.827708  0.431649  0.358579  0.673886
-0.455891 -0.889836 0.0188326   1.47307
        0         0         0         1

 0.331517 -0.152616  0.931024   1.15417
-0.820406  0.440653  0.364361  0.674326
-0.465865 -0.884609 0.0208767   1.46626
        0         0         0         1

 0.331809 -0.153592  0.930759   1.15514
-0.819461  0.441845  0.365044  0.674688
-0.467319 -0.883845 0.0207457   1.46443
        0         0         0         1

 0.332431 -0.155457  0.930227   1.15709
-0.817364  0.444599  0.366398  0.674729
-0.470537 -0.882137 0.0207333   1.46086
        0         0         0         1

  0.33315 -0.155779  0.929916   1.15774
-0.815838  0.446796  0.367127  0.674667
-0.472673 -0.880969 0.0217596    1.4596
        0         0         0         1

  0.33454 -0.155427  0.929476   1.15898
-0.813613  0.450044  0.368095  0.674358
-0.475517 -0.879376 0.0241008   1.45621
        0         0         0         1

 0.334683 -0.153847  0.929687   1.15946
-0.813649  0.450498  0.367459  0.674537
-0.475355 -0.879422 0.0255963   1.45381
        0         0         0         1

  0.33019  -0.14579  0.932588   1.16366
-0.812838  0.458359  0.359446  0.674197
-0.479864 -0.876728 0.0328426    1.4491
        0         0         0         1

 0.328735 -0.144468  0.933307   1.16402
-0.812241  0.460973  0.357446  0.673899
-0.481869 -0.875576 0.0341952   1.44872
        0         0         0         1

 0.324648 -0.142088  0.935101   1.16519
-0.812481  0.464256   0.35262  0.673442
 -0.48423 -0.874229 0.0352763   1.44629
        0         0         0         1

 0.322469 -0.141202  0.935989   1.16541
-0.813071  0.465001  0.350271  0.673203
-0.484695 -0.873977 0.0351412   1.44526
        0         0         0         1

 0.313606 -0.139678  0.939224   1.16674
-0.816911  0.464538   0.34185  0.672636
-0.484054 -0.874468 0.0315778   1.44078
        0         0         0         1

 0.311661 -0.139294  0.939928   1.16701
 -0.81742  0.465033  0.339955  0.672164
-0.484451 -0.874267  0.031071   1.43975
        0         0         0         1

 0.307744 -0.135801  0.941728   1.16881
-0.818387  0.467073  0.334791  0.671576
-0.485321 -0.873728 0.0326013   1.43783
        0         0         0         1

 0.307386 -0.132879  0.942262   1.16928
-0.818164  0.468738  0.333005  0.671088
-0.485923 -0.873286 0.0353669   1.43714
        0         0         0         1

 0.308768 -0.126304  0.942714   1.16893
-0.817202  0.471908  0.330884  0.670152
-0.486666 -0.872554 0.0424941   1.43553
        0         0         0         1

 0.308556 -0.121947  0.943357   1.17005
-0.816782  0.474316  0.328469  0.669641
-0.487505 -0.871868 0.0467493   1.43487
        0         0         0         1

 0.306762 -0.114161  0.944915   1.17197
-0.813725  0.483516  0.322589  0.667334
-0.493708 -0.867859 0.0554285   1.43309
        0         0         0         1

  0.30626 -0.114066  0.945089   1.17203
-0.813164  0.484834  0.322026  0.666712
-0.494943 -0.867136 0.0557312   1.43224
        0         0         0         1

 0.303322 -0.115603   0.94585   1.17331
-0.812602  0.487035  0.320117  0.665514
-0.497669 -0.865698  0.053789   1.43063
        0         0         0         1

  0.30336 -0.116313  0.945751   1.17355
-0.812014  0.487794  0.320453  0.664782
-0.498605 -0.865175 0.0535293   1.42964
        0         0         0         1

 0.308578 -0.114789  0.944247   1.17446
-0.809819  0.489033  0.324098  0.662426
-0.498971 -0.864679 0.0579463   1.42533
        0         0         0         1

 0.310812  -0.11321  0.943705   1.17493
-0.809044  0.489589  0.325193  0.661672
-0.498843 -0.864573 0.0605782    1.4246
        0         0         0         1

 0.314308 -0.110105  0.942914   1.17631
-0.807975  0.490421  0.326594  0.660333
-0.498385 -0.864502 0.0651808   1.42297
        0         0         0         1

 0.315654 -0.109655  0.942517   1.17638
-0.807037  0.491394  0.327451  0.659593
-0.499054 -0.864007 0.0666144   1.42293
        0         0         0         1

 0.317366 -0.110774  0.941811   1.17625
-0.805829   0.49206  0.329418  0.658286
-0.499918 -0.863485 0.0668983   1.42198
        0         0         0         1

 0.316813 -0.112382  0.941806   1.17649
-0.805505  0.492389  0.329718  0.657503
 -0.50079 -0.863089 0.0654709   1.42165
        0         0         0         1

  0.31569 -0.121359  0.941069   1.17591
 -0.80433  0.491926  0.333258  0.655372
-0.503381 -0.862137 0.0576835   1.42024
        0         0         0         1

 0.315039 -0.124967  0.940815   1.17589
-0.803888  0.491799  0.334513  0.654747
-0.504495 -0.861694 0.0544761   1.41987
        0         0         0         1

 0.313528 -0.135379  0.939879   1.17587
-0.802917  0.490647  0.338511  0.653844
-0.506977 -0.860777 0.0451334   1.41885
        0         0         0         1

 0.313992 -0.141807  0.938776   1.17572
-0.801796  0.489933  0.342183  0.653363
-0.508461 -0.860149 0.0401352   1.41844
        0         0         0         1

  0.31687 -0.162026  0.934527   1.17772
-0.798286  0.486515  0.355025  0.651962
-0.512185 -0.858517 0.0248189   1.41756
        0         0         0         1

 0.318586 -0.166295  0.933193   1.17828
-0.797778  0.484635  0.358718  0.651744
-0.511911 -0.858764 0.0217315   1.41719
        0         0         0         1

 0.322533 -0.176083  0.930036   1.17908
-0.795845  0.481485  0.367155  0.651107
-0.512448 -0.858584 0.0151605   1.41701
        0         0         0         1

 0.324818 -0.181448  0.928208   1.17914
-0.795356  0.478646  0.371895  0.651026
-0.511763 -0.859054 0.0111571   1.41657
        0         0         0         1

  0.327197  -0.192613   0.925117    1.18055
 -0.793948   0.474862   0.379674   0.650538
 -0.512433  -0.858724 0.00244856    1.41628
         0          0          0          1

   0.328556   -0.198684     0.92335     1.18082
  -0.793806    0.471652    0.383949    0.650591
  -0.511785   -0.859109 -0.00275294     1.41601
          0           0           0           1

  0.330112  -0.212816   0.919638     1.1832
 -0.792105   0.467448   0.392507   0.650622
 -0.513416  -0.858022 -0.0142624    1.41579
         0          0          0          1

  0.332427   -0.21368   0.918604    1.18344
 -0.790961   0.467334   0.394944   0.650684
 -0.513686   -0.85787 -0.0136578    1.41556
         0          0          0          1

  0.334939  -0.214141   0.917583    1.18457
 -0.788791   0.468945   0.397367   0.650651
 -0.515388  -0.856875 -0.0118445    1.41593
         0          0          0          1

  0.335397   -0.21475   0.917274    1.18522
 -0.788834   0.468278   0.398065   0.650743
 -0.515024  -0.857087 -0.0123434    1.41568
         0          0          0          1

  0.336566  -0.223128   0.914843    1.18609
 -0.788849   0.463737   0.403318   0.651038
 -0.514238  -0.857416 -0.0199363    1.41501
         0          0          0          1

   0.33697  -0.225601   0.914087    1.18638
 -0.788691   0.462609   0.404918   0.651193
 -0.514215  -0.857378 -0.0220444    1.41514
         0          0          0          1

  0.338262  -0.229594   0.912615    1.18703
 -0.788478   0.460228   0.408034   0.651516
 -0.513693  -0.857599 -0.0253526    1.41488
         0          0          0          1

  0.340885  -0.229962   0.911545    1.18721
  -0.78671   0.461049   0.410513   0.651694
 -0.514669   -0.85706 -0.0237487    1.41551
         0          0          0          1

  0.347106  -0.229773   0.909242    1.18738
 -0.783888   0.461133   0.415784   0.651991
 -0.514818  -0.857065 -0.0200545    1.41634
         0          0          0          1

  0.349288  -0.228314   0.908774    1.18801
 -0.783583   0.460643   0.416899     0.6523
 -0.513805  -0.857718 -0.0180057    1.41655
         0          0          0          1

  0.361103  -0.224494   0.905101    1.18915
 -0.782105   0.455676   0.425054   0.654388
 -0.507855  -0.861372 -0.0110318    1.41711
         0          0          0          1

  0.365863  -0.223927   0.903328    1.18915
 -0.781052   0.453913   0.428861   0.654994
 -0.506065   -0.86245 -0.0088285    1.41758
         0          0          0          1

   0.374108   -0.222783    0.900228     1.18992
   -0.78003     0.44944    0.435382    0.656324
  -0.501594   -0.865085 -0.00563779     1.41884
          0           0           0           1

   0.378752   -0.222704    0.898304     1.19023
  -0.779342     0.44676    0.439353    0.657102
  -0.499172   -0.866492 -0.00435102     1.41973
          0           0           0           1

   0.394445     -0.2234    0.891351     1.19094
  -0.776349    0.437936    0.453314    0.659918
  -0.491625   -0.870807 -0.00069476     1.42418
          0           0           0           1

    0.398659    -0.224493     0.889199      1.19056
   -0.775402     0.435231     0.457521      0.66084
   -0.489717    -0.871881 -0.000563688      1.42562
           0            0            0            1

   0.406223   -0.226363    0.885293     1.19032
  -0.774454    0.428911    0.465033    0.663197
  -0.484978   -0.874526 -0.00107426     1.42848
          0           0           0           1

   0.408978   -0.227077     0.88384     1.19033
  -0.774339    0.426116    0.467787    0.664272
  -0.482842   -0.875706 -0.00156205     1.42995
          0           0           0           1

   0.413941   -0.228131    0.881254     1.19056
  -0.775263    0.419032    0.472631     0.66661
  -0.477095   -0.878845 -0.00340685     1.43293
          0           0           0           1

   0.416544   -0.228384    0.879961     1.19003
  -0.774839    0.417093    0.475035    0.667686
  -0.475517   -0.879701 -0.00322344     1.43537
          0           0           0           1

   0.419821   -0.229819    0.878028     1.18904
   -0.77878      0.4056     0.47853    0.672349
  -0.466103   -0.884688 -0.00869924      1.4435
          0           0           0           1

  0.420126   -0.22979    0.87789    1.18838
 -0.780707   0.401623   0.478744   0.673879
 -0.462591  -0.886508 -0.0106665    1.44552
         0          0          0          1

  0.418506  -0.228433   0.879017    1.18878
 -0.786204   0.393417   0.476556   0.677191
 -0.454681  -0.890529 -0.0149473     1.4508
         0          0          0          1

  0.41894 -0.228149  0.878884   1.18793
-0.788531  0.388523  0.476727  0.678882
-0.450232 -0.892747 -0.017135   1.45336
        0         0         0         1

  0.420666  -0.226186   0.878567    1.18645
 -0.795928   0.372718   0.477053   0.684343
  -0.43536  -0.899956 -0.0232376    1.46591
         0          0          0          1

  0.423429  -0.226481   0.877162    1.18503
 -0.797361   0.366437    0.47952   0.686334
 -0.430027  -0.902458 -0.0254269    1.46895
         0          0          0          1

  0.425972   -0.22569   0.876135     1.1846
 -0.801426   0.355249    0.48116   0.690197
 -0.419839  -0.907117 -0.0295483    1.47615
         0          0          0          1

  0.427536   -0.22532   0.875468    1.18423
   -0.8033   0.349499   0.482244    0.69237
 -0.414635   -0.90944 -0.0315762    1.48004
         0          0          0          1

  0.428837  -0.224945   0.874928    1.18353
 -0.807842   0.337998   0.482855   0.696658
 -0.404339  -0.913869 -0.0367736    1.48819
         0          0          0          1

  0.430549  -0.224397   0.874227    1.18298
 -0.809921   0.331401   0.483943   0.699028
 -0.398315  -0.916417 -0.0390591    1.49222
         0          0          0          1

  0.433506  -0.221846   0.873417    1.18173
 -0.819421   0.306282   0.484501   0.708803
 -0.374996   -0.92573 -0.0490104     1.5062
         0          0          0          1

  0.434883  -0.221226    0.87289    1.18105
  -0.82085    0.30117   0.485285   0.711511
 -0.370246  -0.927554 -0.0506195    1.51156
         0          0          0          1

 0.437076 -0.220172   0.87206   1.17975
-0.823853  0.291017   0.48639  0.717167
-0.360874 -0.931039 -0.054193   1.52296
        0         0         0         1

  0.437998  -0.219119   0.871862    1.17952
 -0.825969   0.284753   0.486508   0.720471
 -0.354869  -0.933221 -0.0562643     1.5276
         0          0          0          1

  0.439946  -0.217149   0.871375    1.17921
  -0.83405   0.260875   0.486112   0.733064
 -0.332878  -0.940633 -0.0663428    1.54515
         0          0          0          1

  0.440642  -0.216743   0.871124    1.17853
  -0.83663   0.252607   0.486045   0.736927
 -0.325399   -0.94298 -0.0700247    1.54993
         0          0          0          1

  0.446446  -0.216351   0.868262    1.17398
 -0.839727   0.233892   0.490054   0.745586
 -0.309103  -0.947885 -0.0772561    1.56055
         0          0          0          1

  0.446027  -0.216181   0.868519     1.1741
 -0.842167   0.227156   0.489035   0.749531
 -0.303009  -0.949561 -0.0807425    1.56658
         0          0          0          1

  0.445728  -0.216777   0.868524    1.17345
 -0.848018   0.208479   0.487239   0.759145
 -0.286692    -0.9537 -0.0909058    1.57753
         0          0          0          1

   0.44696  -0.215596   0.868185    1.17243
 -0.849836   0.200675   0.487348   0.763446
 -0.279293   -0.95564 -0.0935273    1.58355
         0          0          0          1

 0.448619 -0.210994   0.86846   1.17162
-0.857326   0.17289  0.484872  0.781193
-0.252453 -0.962076 -0.103329   1.60597
        0         0         0         1

 0.448685 -0.209207  0.868858   1.17111
-0.859804  0.164124  0.483528  0.786379
-0.243758    -0.964 -0.106237   1.61102
        0         0         0         1

 0.451781 -0.205081  0.868237   1.16875
-0.862667  0.147619   0.48375  0.797872
-0.227376 -0.967549 -0.110226   1.62428
        0         0         0         1

 0.451094 -0.203842  0.868886   1.16888
-0.864774  0.140849  0.482003  0.803478
-0.220634 -0.968819 -0.112741   1.63067
        0         0         0         1

 0.449412 -0.202116   0.87016   1.16773
 -0.87235  0.110546   0.47622  0.825536
-0.192444 -0.973103 -0.126635   1.65246
        0         0         0         1

 0.450056 -0.201738  0.869914   1.16624
-0.873904  0.100881  0.475515  0.831986
-0.183688  -0.97423 -0.130898    1.6586
        0         0         0         1

 0.446491 -0.203818  0.871266   1.16609
-0.878943 0.0825261  0.469732  0.846064
-0.167642 -0.975524 -0.142297   1.67238
        0         0         0         1

 0.446604 -0.203526  0.871276   1.16411
-0.880947 0.0702522  0.467971  0.853274
-0.156453 -0.976546  -0.14792   1.67747
        0         0         0         1

 0.446396 -0.204173  0.871232   1.16025
-0.884082 0.0498567  0.464664  0.868325
-0.138308 -0.977664  -0.15825   1.69187
        0         0         0         1

  0.44373 -0.204749  0.872457   1.16009
-0.886798 0.0400408   0.46042  0.875832
-0.129205 -0.977995 -0.163804   1.69845
        0         0         0         1

   0.434547   -0.206328    0.876697     1.15937
  -0.896227 -0.00272326    0.443587    0.905285
 -0.0891368   -0.978479     -0.1861      1.7177
          0           0           0           1

  0.432018  -0.206449   0.877918    1.15899
 -0.898344 -0.0125679   0.439114   0.913259
-0.0796209  -0.978377  -0.190891    1.72508
         0          0          0          1

  0.430943  -0.204121    0.87899    1.15562
  -0.90051 -0.0346042   0.433457   0.930119
-0.0580612  -0.978334  -0.198726    1.74017
         0          0          0          1

   0.42724  -0.204327   0.880748    1.15614
 -0.902704 -0.0415613   0.428249   0.937259
 -0.050898   -0.97802  -0.202204    1.74956
         0          0          0          1

  0.414269  -0.210577    0.88546    1.16063
 -0.909686 -0.0645798   0.410245   0.955335
-0.0292054  -0.975442  -0.218312    1.76494
         0          0          0          1

  0.413318  -0.211578   0.885665    1.15718
 -0.910452 -0.0793035    0.40594   0.964529
-0.0156519  -0.974138   -0.22541    1.76959
         0          0          0          1

 0.396588 -0.214729   0.89253   1.15453
 -0.91737 -0.128618  0.376682  0.998995
0.0339109 -0.968168 -0.247995   1.79053
        0         0         0         1

 0.395426 -0.215645  0.892824   1.15192
-0.917466 -0.138787  0.372819    1.0072
0.0435163 -0.966558 -0.252727   1.79812
        0         0         0         1

 0.391814 -0.217743  0.893907   1.14714
-0.917564 -0.163773   0.36229   1.02646
0.0675121 -0.962168 -0.263962   1.81269
        0         0         0         1

 0.389877 -0.220361  0.894112   1.14659
-0.917541 -0.175409  0.356862   1.03566
0.0781968 -0.959517 -0.270578   1.81829
        0         0         0         1

 0.383722 -0.228919  0.894625   1.14317
-0.916209 -0.215447  0.337851   1.06952
 0.115404 -0.949304 -0.292409   1.84187
        0         0         0         1

  0.38478 -0.231456  0.893517   1.14267
-0.914718 -0.225076  0.335607    1.0782
 0.123431 -0.946451 -0.298322   1.84886
        0         0         0         1

 0.381775 -0.234434  0.894029   1.14236
-0.912153 -0.251587  0.323543   1.09854
 0.149076 -0.939013 -0.309889   1.85916
        0         0         0         1

 0.383476  -0.23365  0.893507   1.13962
-0.910408 -0.258268  0.323193   1.10723
 0.155251 -0.937393 -0.311756   1.86812
        0         0         0         1

 0.379251 -0.235313  0.894872   1.14103
-0.907096 -0.285411  0.309381   1.12928
 0.182605 -0.929068 -0.321694   1.87417
        0         0         0         1

 0.377924 -0.236749  0.895055   1.14132
-0.906097 -0.293146  0.305046   1.13799
 0.190163 -0.926291 -0.325304   1.88019
        0         0         0         1

 0.379591 -0.232973   0.89534   1.13731
-0.897479  -0.32767  0.295236   1.17274
 0.224594 -0.915618 -0.333469   1.89762
        0         0         0         1

 0.380012 -0.233962  0.894904   1.13558
-0.894043 -0.341035  0.290487   1.18307
  0.23723 -0.910471  -0.33877   1.89977
        0         0         0         1

