 0.289573 -0.876683  0.384155  0.327494
-0.810753 -0.437986 -0.388391   1.08056
  0.50875 -0.198988 -0.837602   2.40089
        0         0         0         1

 0.289064 -0.880081  0.376695  0.329383
-0.815063 -0.432645 -0.385345   1.06457
  0.50211 -0.195641 -0.842383   2.40087
        0         0         0         1

 0.299692 -0.881131  0.365776  0.320379
-0.828257 -0.430573 -0.358605   1.02645
 0.473471 -0.195486 -0.858843   2.42035
        0         0         0         1

 0.294659 -0.886075  0.357836  0.326208
-0.830816 -0.422556 -0.362203   1.02202
 0.472145 -0.190569 -0.860676   2.41176
        0         0         0         1

 0.300309 -0.888667  0.346534  0.322775
-0.844702 -0.416526 -0.336131  0.975224
 0.443049 -0.191775 -0.875745   2.41595
        0         0         0         1

 0.295778 -0.891451  0.343265  0.327146
-0.849767 -0.409689  -0.33174  0.965047
 0.436362 -0.193574 -0.878702   2.41217
        0         0         0         1

 0.289741 -0.887865  0.357416  0.315256
 -0.84991 -0.410398 -0.330495  0.950032
 0.440118 -0.208013 -0.873514   2.39343
        0         0         0         1

 0.290883  -0.88709  0.358411  0.309963
-0.853876 -0.409691 -0.321013  0.932475
 0.431605 -0.212661 -0.876637   2.39005
        0         0         0         1

 0.288642 -0.889522  0.354171  0.308185
-0.867154 -0.399692 -0.297137  0.887704
 0.405869 -0.221354  -0.88672   2.38924
        0         0         0         1

 0.284514 -0.889056  0.358652  0.302727
-0.867388 -0.398056 -0.298645  0.880282
 0.408276 -0.226122 -0.884409   2.37232
        0         0         0         1

 0.280108  -0.89144  0.356194  0.303117
-0.875044 -0.389685 -0.287129   0.85667
 0.394762 -0.231258 -0.889204   2.36896
        0         0         0         1

 0.276253 -0.894489   0.35153  0.307758
-0.880702  -0.38204 -0.280017  0.842722
 0.384771 -0.232237 -0.893318   2.36593
        0         0         0         1

 0.271773 -0.894434  0.355144  0.302056
-0.889753 -0.374156 -0.261433  0.816251
 0.366714  -0.24494 -0.897511   2.35697
        0         0         0         1

 0.269408 -0.896154    0.3526  0.303593
-0.896427 -0.367156 -0.248223  0.799652
 0.351906 -0.249206 -0.902252   2.35352
        0         0         0         1

 0.259331 -0.895345  0.362083  0.296954
-0.907356 -0.354297 -0.226226  0.763469
 0.330836 -0.269871 -0.904277   2.32946
        0         0         0         1

  0.25534 -0.894505  0.366963    0.2957
-0.912814  -0.34814 -0.213468  0.746364
 0.318703 -0.280462 -0.905411   2.32382
        0         0         0         1

 0.244409 -0.893815  0.375978  0.294873
-0.916021 -0.340009 -0.212836  0.734779
 0.318072 -0.292385 -0.901855   2.30265
        0         0         0         1

 0.241498 -0.891811  0.382561   0.29003
-0.919897 -0.335913 -0.202365  0.716302
 0.308979 -0.303046 -0.901496   2.29508
        0         0         0         1

 0.223706 -0.895512  0.384727  0.295256
-0.929801 -0.314452 -0.191286  0.686254
 0.292277 -0.314927 -0.902992   2.26954
        0         0         0         1

 0.218332 -0.896387  0.385774  0.295007
-0.935313 -0.304998 -0.179348  0.669437
 0.278425 -0.321663 -0.904993   2.26414
        0         0         0         1

 0.212031 -0.895462  0.391396  0.289844
-0.939546 -0.296977 -0.170462  0.649689
 0.268877 -0.331592 -0.904296   2.24817
        0         0         0         1

  0.21298 -0.893591  0.395139  0.285724
 -0.94183 -0.295378  -0.16034  0.633712
 0.259994 -0.338004  -0.90452   2.23538
        0         0         0         1

 0.202154 -0.894915  0.397819  0.285465
-0.948552 -0.279988 -0.147836  0.614744
 0.243686 -0.347466 -0.905475   2.22322
        0         0         0         1

 0.201841 -0.895242  0.397243  0.283558
-0.952542 -0.273795 -0.133044  0.597993
  0.22787 -0.351537 -0.908018   2.21431
        0         0         0         1

 0.185408 -0.898576  0.397724  0.283029
-0.962158 -0.248254 -0.112349  0.564954
 0.199691 -0.361843 -0.910601   2.18479
        0         0         0         1

 0.173924 -0.901755  0.395713  0.286864
-0.965497 -0.235237 -0.111706  0.558288
 0.193818 -0.362632 -0.911555   2.17192
        0         0         0         1

  0.171323  -0.899962   0.400895   0.278744
 -0.969435  -0.226527 -0.0942368   0.535408
  0.175623  -0.372497  -0.911264    2.15567
         0          0          0          1

  0.162721  -0.902086   0.399702   0.281126
 -0.972937  -0.214058 -0.0870184   0.524112
  0.164058  -0.374726  -0.912505    2.14611
         0          0          0          1

 0.142198 -0.901855  0.407967  0.278739
-0.978851 -0.189359 -0.077416   0.49853
  0.14707 -0.388331 -0.909708   2.10973
        0         0         0         1

  0.133942   -0.90324   0.407697   0.278348
  -0.98157   -0.17751 -0.0707882   0.487875
  0.136309  -0.390701  -0.910369    2.09919
         0          0          0          1

  0.120818  -0.904976   0.407948   0.279456
 -0.984743   -0.16111 -0.0657583   0.475979
  0.125234  -0.393779  -0.910634    2.08109
         0          0          0          1

  0.113549  -0.905548   0.408766   0.278336
 -0.987242  -0.149062 -0.0559804   0.464645
  0.111624  -0.397194  -0.910921    2.07021
         0          0          0          1

 0.103557 -0.907924  0.406141  0.279648
-0.989998 -0.133423 -0.045839  0.450748
 0.095807 -0.397332  -0.91266   2.05488
        0         0         0         1

 0.0963976  -0.909499   0.404376   0.279388
 -0.992066  -0.120734 -0.0350538    0.43999
 0.0807034  -0.397788  -0.913921     2.0447
         0          0          0          1

 0.0810524  -0.912367   0.401269   0.277252
 -0.995079 -0.0970933 -0.0197653   0.417029
 0.0569938  -0.397693  -0.915747    2.01356
         0          0          0          1

 0.0766639  -0.912901   0.400917   0.275653
 -0.995913 -0.0893721 -0.0130632    0.40854
 0.0477562  -0.398277  -0.916021     2.0002
         0          0          0          1

  0.0661688   -0.914627    0.398848    0.276572
  -0.997202  -0.0745512 -0.00552298    0.398213
  0.0347861   -0.397367      -0.917     1.98423
          0           0           0           1

 0.0617632     -0.917   0.394076   0.277303
 -0.997783 -0.0665256 0.00157927   0.389969
 0.0247679    -0.3933  -0.919077    1.97338
         0          0          0          1

 0.0548955  -0.921516    0.38444   0.280143
 -0.998454 -0.0540081  0.0131132   0.380436
0.00867885  -0.384565  -0.923057    1.96129
         0          0          0          1

 0.0543511  -0.923174   0.380521   0.278768
 -0.998522 -0.0500751   0.021136    0.37132
-0.000457545  -0.381107  -0.924531     1.9507
         0          0          0          1

 0.0445292  -0.925926    0.37507   0.280261
 -0.998766 -0.0329923  0.0371284   0.355971
-0.0220038  -0.376261  -0.926253    1.92262
         0          0          0          1

 0.0390861  -0.928778   0.368569   0.283548
 -0.998832 -0.0258298  0.0408343   0.352026
-0.0284059  -0.369735  -0.928703    1.91455
         0          0          0          1

 0.0404973  -0.929815   0.365791     0.2837
 -0.998483 -0.0239941  0.0495522   0.343551
-0.0372976  -0.367243  -0.929377    1.90034
         0          0          0          1

 0.0380359  -0.933068   0.357684   0.287072
 -0.998274 -0.0194502  0.0554173   0.338829
-0.0447511  -0.359174  -0.932197    1.89381
         0          0          0          1

 0.0441138  -0.935453   0.350686   0.287958
 -0.997112 -0.0195049  0.0734001   0.322638
-0.0618222  -0.352912  -0.933612    1.87136
         0          0          0          1

 0.0448167  -0.935947   0.349277   0.289893
 -0.996603 -0.0177052  0.0804328   0.318247
-0.0690968  -0.351695  -0.933561    1.86312
         0          0          0          1

0.0488423 -0.936038  0.348492  0.290901
-0.995938 -0.019215 0.0879731  0.311527
-0.0756499 -0.351373 -0.933174   1.85192
        0         0         0         1

 0.0524696  -0.935629   0.349063   0.291899
 -0.995218 -0.0201518  0.0955817   0.305788
-0.0823948  -0.352409  -0.932212     1.8442
         0          0          0          1

 0.0552485  -0.935098   0.350057   0.294617
 -0.994408 -0.0199289   0.103709   0.300424
-0.0900017   -0.35383   -0.93097    1.83357
         0          0          0          1

 0.0595692  -0.934602   0.350673   0.294927
 -0.993491 -0.0213385   0.111895   0.294906
-0.0970943  -0.355056  -0.929789     1.8257
         0          0          0          1

 0.0611992  -0.934281   0.351246   0.299224
 -0.992182 -0.0185968   0.123407   0.288085
 -0.108764  -0.356053  -0.928115     1.8034
         0          0          0          1

 0.0652359  -0.934305   0.350454   0.299102
 -0.991063 -0.0197136   0.131927   0.282853
 -0.116351  -0.355929  -0.927242    1.79526
         0          0          0          1

 0.0640628  -0.935553   0.347327   0.302003
 -0.990527 -0.0172506   0.136232    0.28044
  -0.12146  -0.352764  -0.927796    1.78392
         0          0          0          1

 0.0654117  -0.937098   0.342882   0.302985
 -0.989602 -0.0168103   0.142844   0.276096
 -0.128095  -0.348661  -0.928454     1.7768
         0          0          0          1

  0.0624946   -0.938678    0.339085    0.304853
  -0.987811 -0.00964333    0.155362     0.26873
  -0.142565   -0.344661   -0.927838     1.75581
          0           0           0           1

  0.0618412   -0.937513     0.34241     0.30454
  -0.986987 -0.00642212    0.160672    0.265498
  -0.148433    -0.34789   -0.925711     1.74661
          0           0           0           1

    0.059709    -0.936457     0.345663     0.304471
   -0.985714 -0.000679751     0.168428     0.261849
   -0.157491    -0.350782    -0.923119      1.73576
           0            0            0            1

 0.0583066  -0.934646   0.350766   0.304258
 -0.984875 0.00357127   0.173229   0.259431
  -0.16316  -0.355561  -0.920302    1.72713
         0          0          0          1

 0.052763  -0.93203  0.358518  0.305209
-0.984273 0.0120735  0.176242  0.258116
-0.168592 -0.362179 -0.916735   1.71577
        0         0         0         1

 0.051078 -0.928434  0.367969  0.303752
-0.983682 0.0168753  0.179124  0.255627
-0.172514 -0.371114 -0.912422   1.70601
        0         0         0         1

0.0429548 -0.917799  0.394715  0.301921
 -0.98154  0.034931  0.188038   0.25105
-0.186369 -0.395506 -0.899356   1.68454
        0         0         0         1

0.0389395 -0.912409  0.407423  0.301438
-0.981106 0.0424188  0.188765  0.250685
-0.189513 -0.407076 -0.893518   1.67527
        0         0         0         1

0.0315106 -0.904146  0.426061  0.300874
-0.979956 0.0559452  0.191197  0.250676
-0.196706 -0.423545  -0.88426   1.66247
        0         0         0         1

0.0321761 -0.898749   0.43728   0.29867
-0.978167 0.0615569  0.198495  0.247921
-0.205315  -0.43412 -0.877146   1.65429
        0         0         0         1

0.0249667 -0.881058  0.472348  0.296057
 -0.97477  0.083382  0.207053  0.246776
-0.221811   -0.4656 -0.856748   1.62884
        0         0         0         1

0.0216932 -0.874905  0.483809  0.295133
-0.973247 0.0922352  0.210434   0.24644
-0.228734 -0.475431 -0.849498   1.61991
        0         0         0         1

0.0162637 -0.864165  0.502945  0.294443
-0.971677  0.104941  0.211732  0.248176
-0.235751 -0.492144 -0.837983    1.6062
        0         0         0         1

0.0137404 -0.856774  0.515509  0.293605
-0.970177  0.113357  0.214259  0.248404
-0.242008 -0.503079 -0.829665   1.59722
        0         0         0         1

0.0117697 -0.845484  0.533872  0.292052
-0.968339  0.123509  0.216947  0.248464
-0.249363 -0.519522 -0.817261    1.5843
        0         0         0         1

0.0104199 -0.837631  0.546137  0.291346
-0.966966  0.130672  0.218865  0.248391
-0.254692 -0.530377 -0.808599   1.57594
        0         0         0         1

0.00985087 -0.813667  0.581248  0.288561
-0.964244  0.146218  0.221027  0.249106
-0.264832 -0.562643 -0.783133   1.55207
        0         0         0         1

0.00934793 -0.804124  0.594388  0.287894
-0.963374  0.152067  0.220877  0.250265
-0.267999 -0.574683  -0.77325   1.54301
        0         0         0         1

0.00555275  -0.79266  0.609639  0.288494
-0.962317  0.161515  0.218769  0.253281
-0.271875 -0.587881 -0.761893   1.53205
        0         0         0         1

0.00380319 -0.784021  0.620723  0.288459
-0.961665  0.167338  0.217252    0.2546
-0.274201 -0.597754 -0.753329   1.52406
        0         0         0         1

0.00122315 -0.757771   0.65252  0.287297
  -0.9604  0.180917  0.211899  0.257427
-0.278623 -0.626939 -0.727541   1.50265
        0         0         0         1

-0.00164212 -0.745602  0.666389  0.287685
-0.960543  0.186517  0.206321  0.259617
-0.278126 -0.639757 -0.716489   1.49424
        0         0         0         1

-0.0042899 -0.732274  0.680997  0.287657
-0.960146  0.193335  0.201844  0.260862
-0.279465 -0.652991 -0.703919   1.48545
        0         0         0         1

-0.0050329 -0.721279  0.692626  0.287234
-0.960151  0.197035  0.198209  0.261355
-0.279435 -0.664028 -0.693529   1.47752
        0         0         0         1

-0.00885657 -0.708278  0.705878  0.288283
-0.960243  0.202997  0.191639  0.263926
-0.279025 -0.676117 -0.681917   1.46772
        0         0         0         1

-0.011068 -0.699839  0.714215  0.289749
-0.959528  0.208434  0.189369  0.264987
-0.281394 -0.683213 -0.673822   1.46171
        0         0         0         1

-0.0101577 -0.682252  0.731046  0.291403
-0.958381  0.215239  0.187557  0.265319
-0.285311 -0.698716 -0.656044   1.44646
        0         0         0         1

-0.0115048 -0.676079   0.73674  0.293609
-0.957863  0.218919  0.185936  0.267013
-0.286994 -0.703557  -0.65011   1.44205
        0         0         0         1

-0.0103365 -0.667121  0.744877  0.295584
-0.957808  0.220575  0.184258  0.267508
-0.287224 -0.711545 -0.641254     1.435
        0         0         0         1

-0.00921224 -0.662067  0.749388  0.297489
-0.957218  0.222597  0.184892   0.26773
-0.289222 -0.715625 -0.635793    1.4316
        0         0         0         1

-0.00454006 -0.650837  0.759204  0.302951
-0.955459   0.22686  0.188765  0.267398
-0.295088 -0.724531 -0.622879   1.42445
        0         0         0         1

-0.0029303 -0.645475  0.763776  0.305123
 -0.95498  0.228388  0.189349  0.267594
-0.296657 -0.728836 -0.617084   1.42208
        0         0         0         1

-0.000984727 -0.638973  0.769228  0.308383
-0.954279  0.230534  0.190276  0.267364
-0.298915 -0.733871 -0.609986   1.41986
        0         0         0         1

0.000258939 -0.633985  0.773345  0.310555
 -0.95397  0.231771  0.190325  0.267497
-0.299902 -0.737797 -0.604743   1.41825
        0         0         0         1

0.000336261 -0.628559  0.777762  0.313486
 -0.95311  0.235167  0.190465  0.267121
-0.302623 -0.741357 -0.599007   1.41786
        0         0         0         1

0.00270476 -0.626879  0.779112  0.314643
-0.951817  0.237307  0.194243  0.265594
-0.306655 -0.742097 -0.596032    1.4191
        0         0         0         1

0.00855652 -0.619902  0.784633  0.318563
-0.950048  0.239774  0.199795   0.26546
-0.311988 -0.747148 -0.586884   1.41999
        0         0         0         1

0.0109487   -0.6224  0.782623  0.319791
-0.949113  0.239888  0.204055  0.264748
-0.314745 -0.745032 -0.588101   1.42182
        0         0         0         1

0.0111333 -0.625896  0.779827  0.322338
 -0.94791  0.241677  0.207505  0.265206
-0.318343 -0.741516 -0.590603    1.4239
        0         0         0         1

0.0138463 -0.628553  0.777643   0.32355
-0.946514  0.242495  0.212857  0.265167
-0.322367 -0.738997 -0.591577   1.42583
        0         0         0         1

0.0263794 -0.627298  0.778332  0.325122
-0.945136  0.237959  0.223817  0.264752
-0.325611 -0.741534 -0.586605   1.42929
        0         0         0         1

0.0272723 -0.627147  0.778423  0.326358
-0.946045  0.235335  0.222746   0.26605
-0.322885 -0.742498 -0.586892   1.43138
        0         0         0         1

0.0283829 -0.626545  0.778868  0.327823
-0.947607  0.231152  0.220478  0.267919
-0.318176 -0.744318 -0.587158   1.43506
        0         0         0         1

0.0277775 -0.624848  0.780252  0.329262
-0.949208  0.228248   0.21658  0.270188
-0.313421 -0.746637 -0.586771   1.43865
        0         0         0         1

0.0279561 -0.621369  0.783019  0.330358
-0.951915  0.222525  0.210572  0.272224
-0.305084 -0.751255 -0.585269    1.4436
        0         0         0         1

0.0273966 -0.617968  0.785726  0.331378
-0.954202  0.218082  0.204791  0.274392
-0.297907 -0.755352 -0.583691   1.44825
        0         0         0         1

0.0279048 -0.601788  0.798168  0.331876
-0.962562  0.199194  0.183837  0.278407
-0.269621 -0.773417   -0.5737   1.45816
        0         0         0         1

 0.028914 -0.598236  0.800798  0.332565
-0.965438  0.190887   0.17746  0.280449
-0.259025 -0.778252  -0.57204   1.46351
        0         0         0         1

0.0311188 -0.595787  0.802539  0.332904
-0.968441  0.180682  0.171686  0.282798
-0.247292 -0.782555 -0.571362   1.47172
        0         0         0         1

0.0342954 -0.596068  0.802201  0.332855
-0.970276  0.172542  0.169687  0.284114
-0.239559 -0.784176 -0.572433   1.47806
        0         0         0         1

  0.04235  -0.60267  0.796866  0.332925
-0.974301  0.151697  0.166508  0.288235
-0.221232 -0.783439 -0.580758   1.49755
        0         0         0         1

0.0477249  -0.60577  0.794207  0.332428
-0.975926  0.141127  0.166287  0.289721
-0.212816 -0.783023 -0.584452   1.50425
        0         0         0         1

0.0538387 -0.613577  0.787797  0.332542
-0.977617  0.128303   0.16674  0.292659
-0.203385 -0.779141 -0.592936   1.51578
        0         0         0         1

0.0604529  -0.61848  0.783471  0.332054
-0.979334  0.115017  0.166361  0.294615
-0.193004 -0.777337 -0.598746   1.52342
        0         0         0         1

0.0687578 -0.625753  0.776985  0.332249
-0.981669 0.0963346  0.164455  0.298418
-0.177759 -0.774049 -0.607659   1.53476
        0         0         0         1

0.0720288 -0.630597  0.772761  0.333064
-0.983616 0.0834641  0.159792  0.302413
-0.165262  -0.77161 -0.614253   1.54351
        0         0         0         1

0.0876514 -0.640992  0.762526  0.331729
-0.987656 0.0438382  0.150381  0.309896
-0.129821 -0.766294 -0.629237   1.56778
        0         0         0         1

0.0935614 -0.640318   0.76239  0.331394
-0.989046 0.0280332  0.144921   0.31386
-0.114168 -0.767598 -0.630681    1.5764
        0         0         0         1

  0.101412  -0.640615   0.761136   0.331415
 -0.990655 0.00511595   0.136298   0.320806
-0.0912087  -0.767845  -0.634109    1.58798
         0          0          0          1

  0.110962   -0.64128   0.759241   0.329919
 -0.990829 -0.0121108   0.134579   0.324091
-0.0771075  -0.767211  -0.636743    1.59774
         0          0          0          1

 0.134785 -0.642882  0.754013  0.327263
-0.990054 -0.056418  0.128877  0.335995
-0.0403125 -0.763885 -0.644092   1.62313
        0         0         0         1

  0.145616  -0.643519   0.751452   0.325799
 -0.988965 -0.0737355   0.128497   0.340926
-0.0272814  -0.761871  -0.647155    1.63365
         0          0          0          1

   0.15904  -0.644004   0.748308   0.324198
  -0.98725 -0.0986521   0.124921   0.349026
-0.00662758  -0.758634  -0.651483    1.64735
         0          0          0          1

 0.168779 -0.643773  0.746371  0.323405
-0.985623 -0.116263    0.1226  0.355733
0.00784809 -0.756332  -0.65414   1.65807
        0         0         0         1

 0.183778 -0.641266  0.744986  0.320417
-0.982552 -0.141889  0.120247  0.364438
0.0285951 -0.754086 -0.656153   1.67217
        0         0         0         1

 0.192501  -0.63911  0.744635  0.319631
-0.980229 -0.160622  0.115547  0.372562
0.0457575 -0.752156 -0.657394   1.68202
        0         0         0         1

 0.214389 -0.633891  0.743115  0.316716
 -0.97299 -0.205273  0.105606  0.393442
0.0855986 -0.745684 -0.660778   1.70971
        0         0         0         1

 0.224725 -0.630896   0.74261   0.31414
-0.969082  -0.22438  0.102633  0.401173
 0.101876 -0.742714 -0.661813   1.71983
        0         0         0         1

 0.235365 -0.626486  0.743047  0.312337
-0.964113 -0.247127 0.0970288  0.414406
  0.12284 -0.739218 -0.662168   1.73331
        0         0         0         1

 0.243176 -0.623092  0.743386  0.310605
-0.960161 -0.263415 0.0932977  0.424016
 0.137686 -0.736458 -0.662324   1.74367
        0         0         0         1

 0.264978 -0.614984  0.742685    0.3058
-0.948133 -0.306427 0.0845402  0.450477
 0.175587 -0.726565 -0.664283   1.76913
        0         0         0         1

 0.274982 -0.616429  0.737835  0.304957
-0.943444 -0.320826 0.0835738  0.460424
 0.185199 -0.719087 -0.669787   1.78223
        0         0         0         1

 0.283236 -0.614006  0.736732  0.302948
-0.936888 -0.341334 0.0757127  0.476965
 0.204983  -0.71168 -0.671933   1.79506
        0         0         0         1

 0.293916 -0.613134  0.733267  0.300379
-0.930968 -0.357469 0.0742562  0.487308
 0.216591 -0.704473 -0.675874   1.80583
        0         0         0         1

 0.298215 -0.615139  0.729844  0.301534
 -0.92478 -0.375522 0.0613626  0.507608
 0.236326 -0.693244 -0.680854   1.81939
        0         0         0         1

 0.306584  -0.61344  0.727804    0.2989
 -0.91898 -0.389949 0.0584417  0.519363
 0.247956 -0.686754 -0.683291   1.82986
        0         0         0         1

 0.325633 -0.610501  0.721978   0.29209
-0.902446 -0.428476 0.0447116  0.551631
 0.282054 -0.666105  -0.69047   1.85248
        0         0         0         1

 0.330583 -0.613504  0.717167  0.292113
 -0.89715 -0.440174 0.0369987  0.565903
 0.292979 -0.655637 -0.695919    1.8638
        0         0         0         1

 0.339072 -0.616712   0.71042  0.290702
 -0.89055 -0.453822 0.0310846  0.584226
 0.303234 -0.643204 -0.703091   1.88068
        0         0         0         1

 0.347529 -0.616097  0.706858  0.288357
-0.884955 -0.464705 0.0300539  0.596647
 0.309965 -0.635982 -0.706717   1.89142
        0         0         0         1

  0.360401  -0.620233   0.696722   0.285179
 -0.868948  -0.494821 0.00899304   0.637375
  0.339175  -0.608657  -0.717284    1.91067
         0          0          0          1

  0.364747  -0.621844   0.693015   0.282728
 -0.863456  -0.504421 0.00183579   0.652567
   0.34843  -0.599058  -0.720921    1.91893
         0          0          0          1

   0.375048    -0.62621     0.68352    0.282006
  -0.856377   -0.516342 -0.00315427    0.673292
   0.354906   -0.584168   -0.729925     1.93372
          0           0           0           1

  0.379417  -0.629321   0.678231   0.280062
 -0.850737  -0.525462 -0.0116474   0.689756
  0.363715  -0.572578  -0.734756    1.94135
         0          0          0          1

 0.384515 -0.636222  0.668857  0.281862
 -0.84445 -0.535117 -0.023547  0.714912
 0.372898 -0.555762 -0.743018   1.95134
        0         0         0         1

  0.389611  -0.640245   0.662034   0.280901
 -0.840439  -0.541144 -0.0287309    0.72966
  0.376651  -0.545205  -0.748923    1.96174
         0          0          0          1

  0.399274  -0.649767   0.646825    0.27941
 -0.829785  -0.556146 -0.0464641    0.77347
   0.38992  -0.518174  -0.761222    1.98056
         0          0          0          1

  0.404328  -0.652894   0.640506   0.277022
 -0.825403  -0.562146 -0.0519717   0.789306
   0.39399  -0.507662  -0.766193    1.99026
         0          0          0          1

  0.409877  -0.652344   0.637533   0.271983
 -0.816742  -0.573673 -0.0619081   0.811808
   0.40612  -0.495325  -0.767932     1.9961
         0          0          0          1

   0.41097  -0.658855    0.63009    0.27538
 -0.815895  -0.574162 -0.0682137   0.830745
  0.406716  -0.486054   -0.77352    2.00682
         0          0          0          1

  0.422268  -0.662601   0.618587   0.269094
 -0.803362   -0.58965 -0.0832033   0.873656
   0.41988  -0.461815  -0.781298     2.0188
         0          0          0          1

  0.421892  -0.669089   0.611822   0.272127
  -0.80159  -0.590579 -0.0931084     0.8944
  0.423628  -0.451149  -0.785496    2.02284
         0          0          0          1

 0.421537 -0.677816  0.602389  0.276171
-0.802116 -0.588571 -0.100966  0.920439
 0.422985 -0.440625 -0.791791   2.03559
        0         0         0         1

 0.421848 -0.683826  0.595337  0.278448
-0.800273 -0.589458  -0.11001  0.939902
 0.426154 -0.430025 -0.795909   2.03741
        0         0         0         1

 0.423031 -0.684372  0.593868  0.274314
-0.799847 -0.590007 -0.110166  0.962273
 0.425781   -0.4284 -0.796984   2.04604
        0         0         0         1

 0.416072 -0.688791  0.593675  0.277134
-0.798207 -0.589396 -0.124409  0.986621
 0.435602 -0.422113  -0.79503   2.04092
        0         0         0         1

 0.393488 -0.689991  0.607519  0.274919
-0.811016 -0.571722 -0.124042   1.03187
  0.43292 -0.443899  -0.78456   2.05358
        0         0         0         1

 0.375542 -0.685645  0.623586  0.269214
-0.820185  -0.55918 -0.120889   1.04573
 0.431584 -0.466057 -0.772351    2.0571
        0         0         0         1

 0.337492 -0.685197  0.645449  0.272821
-0.833477 -0.536205 -0.133419   1.07524
 0.437511 -0.492939  -0.75206   2.05556
        0         0         0         1

  0.31352 -0.678089  0.664756  0.262992
-0.837221 -0.527718 -0.143442   1.08757
  0.44807 -0.511575  -0.73316    2.0625
        0         0         0         1

 0.270159  -0.64198  0.717549  0.282131
-0.821269 -0.542628 -0.176271   1.14716
 0.502525 -0.541679 -0.673834   2.06035
        0         0         0         1

 0.263039  -0.62398   0.73584  0.277055
-0.806985   -0.5603 -0.186653   1.16689
 0.528758 -0.544714 -0.650923   2.04986
        0         0         0         1

 0.260972 -0.601575  0.754984  0.264263
-0.789563  -0.58299 -0.191604   1.18304
 0.555412 -0.546104 -0.627126   2.05485
        0         0         0         1

