  0.218073  -0.194614   0.956331   0.413636
 -0.974914 -0.0882016   0.204361    1.08855
 0.0445785  -0.976906  -0.208966     2.0351
         0          0          0          1

  0.211387  -0.170148   0.962479    0.41015
 -0.976607 -0.0764945   0.200968    1.07459
 0.0394301  -0.982445  -0.182338    2.02188
         0          0          0          1

  0.212358  -0.147879   0.965938   0.403346
 -0.976678 -0.0641804   0.204893    1.05916
 0.0316948  -0.986921   -0.15806    2.01439
         0          0          0          1

  0.197226 -0.0965137   0.975596   0.399495
 -0.979975 -0.0472203    0.19344    1.03699
 0.0273983  -0.994211  -0.103894    1.98262
         0          0          0          1

  0.198107 -0.0777942   0.977088   0.393795
 -0.980014 -0.0340975   0.195985     1.0211
 0.0180698  -0.996386 -0.0829943    1.97795
         0          0          0          1

  0.198759 -0.0604662   0.978181   0.386636
 -0.980037 -0.0171376   0.198076    1.00171
0.00478677  -0.998023 -0.0626653    1.96866
         0          0          0          1

  0.200856  -0.052615   0.978207   0.378535
 -0.979621 -0.0105419   0.200579   0.989738
-0.000241329  -0.998559 -0.0536601    1.95876
         0          0          0          1

  0.199336  -0.040847    0.97908   0.366592
  -0.97979 0.00867337   0.199842   0.970359
-0.0166549  -0.999128 -0.0382926    1.94787
         0          0          0          1

  0.193489 -0.0404791   0.980267   0.361453
 -0.980787  0.0173727   0.194308   0.960001
-0.0248953  -0.999029   -0.03634    1.93747
         0          0          0          1

  0.166916  -0.049016   0.984752   0.360208
  -0.98472  0.0420185   0.169002   0.938963
-0.0496616  -0.997914 -0.0412534    1.91382
         0          0          0          1

  0.163241 -0.0527875   0.985173   0.355417
 -0.984598  0.0546547   0.166074   0.926841
-0.0626109  -0.997109 -0.0430526    1.90567
         0          0          0          1

  0.159713 -0.0537351     0.9857   0.348369
 -0.984039   0.070717   0.163299    0.91147
-0.0784806  -0.996048  -0.041583    1.89174
         0          0          0          1

  0.156442 -0.0539564   0.986212   0.348505
 -0.983261  0.0859121   0.160675    0.90233
 -0.093397  -0.994841  -0.039613    1.88495
         0          0          0          1

   0.16102 -0.0329826     0.9864   0.343237
 -0.979339   0.118553   0.163832   0.878599
 -0.122344    -0.9924 -0.0132117    1.85627
         0          0          0          1

  0.162744 -0.0259156   0.986328   0.341774
 -0.977449   0.132104    0.16475   0.870199
 -0.134568  -0.990897  -0.003832    1.84856
         0          0          0          1

   0.16867 -0.0104729   0.985617   0.335635
 -0.975279    0.14306   0.168421   0.858421
 -0.142766  -0.989659  0.0139159    1.82818
         0          0          0          1

    0.175307 -0.000630125     0.984514     0.328419
   -0.972605     0.154958     0.173285     0.847692
   -0.152667    -0.987921    0.0265522      1.81703
           0            0            0            1

 0.171607   0.01227  0.985089  0.329075
 -0.97258  0.161432  0.167417  0.841244
-0.156971 -0.986808 0.0396363   1.79561
        0         0         0         1

 0.165828 0.0113375   0.98609  0.332753
-0.971938  0.171057  0.161481  0.836451
-0.166847 -0.985196 0.0393853   1.78681
        0         0         0         1

 0.162277 0.0213624  0.986514  0.326902
-0.967283   0.20103   0.15476  0.815824
-0.195013 -0.979352  0.053286    1.7607
        0         0         0         1

 0.159476  0.028212  0.986799  0.325654
-0.965457  0.213103  0.149935  0.809202
 -0.20606 -0.976622 0.0612224   1.74784
        0         0         0         1

 0.156053 0.0401796  0.986931  0.324322
-0.963913   0.22437  0.143279  0.803007
-0.215681 -0.973675 0.0737434   1.72748
        0         0         0         1

 0.153563 0.0448203  0.987122  0.323369
-0.962068  0.234738  0.139007  0.796716
-0.225485 -0.971025 0.0791672   1.71656
        0         0         0         1

 0.155486 0.0496083  0.986592  0.321013
-0.958096  0.250803  0.138384  0.787603
-0.240575 -0.966766 0.0865259   1.70299
        0         0         0         1

 0.156681 0.0535138  0.986198  0.319393
-0.955027  0.262726  0.137473  0.781124
-0.251743 -0.963385 0.0922714   1.69183
        0         0         0         1

 0.153521  0.056251  0.986543  0.316494
-0.947876  0.290492  0.130941   0.76658
-0.279217 -0.955223 0.0979157   1.66462
        0         0         0         1

 0.150159 0.0514314  0.987323  0.316076
-0.944774  0.301705  0.127971  0.761814
-0.291298 -0.952013 0.0938947   1.65564
        0         0         0         1

 0.149159 0.0503335  0.987531  0.312926
-0.940176  0.316584   0.12587  0.752572
-0.306301 -0.947228 0.0945436    1.6422
        0         0         0         1

 0.143575  0.052792   0.98823  0.314275
-0.938724  0.323436  0.119104  0.750967
-0.313341 -0.944776 0.0959945   1.63066
        0         0         0         1

  0.13807 0.0553735  0.988873  0.311873
-0.930514  0.349233  0.110366  0.739549
-0.339236 -0.935398 0.0997445   1.60687
        0         0         0         1

    0.137 0.0601766  0.988742  0.311342
-0.928683  0.355085  0.107067  0.734926
-0.344644 -0.932895  0.104532   1.59511
        0         0         0         1

 0.128884 0.0687405  0.989274  0.314387
-0.927086  0.362454 0.0955966  0.732284
-0.351996 -0.929463  0.110443   1.57992
        0         0         0         1

 0.126263 0.0700724  0.989519  0.312328
-0.923606  0.372265  0.091491  0.728157
-0.361952 -0.925477  0.111723   1.57362
        0         0         0         1

 0.125612 0.0782047  0.988992   0.31025
 -0.92133  0.378909 0.0870559  0.723056
 -0.36793 -0.922124  0.119648   1.55921
        0         0         0         1

 0.119982 0.0832622  0.989278   0.31181
-0.919737  0.384465 0.0791893  0.721155
-0.373749 -0.919377  0.122708   1.55136
        0         0         0         1

 0.104996  0.101273  0.989302  0.316788
 -0.91867  0.390819 0.0574924   0.71841
-0.380816 -0.914879  0.134072   1.52764
        0         0         0         1

 0.104416  0.105987   0.98887  0.316657
-0.916053  0.397387 0.0541352  0.714741
-0.387226  -0.91151  0.138583   1.52149
        0         0         0         1

 0.100899   0.12125   0.98748  0.315925
-0.915732  0.399313 0.0445373  0.711127
-0.388914 -0.908761  0.151323   1.50965
        0         0         0         1

0.0988819  0.129418  0.986648  0.316838
-0.914325  0.403122 0.0387565  0.708976
-0.392724 -0.905949  0.158192   1.50284
        0         0         0         1

0.0899785  0.155426  0.983741  0.318839
-0.912122  0.409491 0.0187303  0.703536
-0.399922 -0.898977  0.178613   1.48499
        0         0         0         1

  0.08774  0.166266   0.98217  0.317167
-0.912457  0.408988 0.0122772  0.699794
-0.399654 -0.897265  0.187595   1.47535
        0         0         0         1

   0.0796424     0.180302     0.980382     0.319055
    -0.91272     0.408585 -0.000997046     0.698559
   -0.400749    -0.894734     0.197106      1.46423
           0            0            0            1

 0.0730158   0.184823   0.980056   0.319965
 -0.910598   0.413171 -0.0100763   0.697199
 -0.406793  -0.891701   0.198467     1.4604
         0          0          0          1

 0.0584846   0.199061    0.97824   0.323293
 -0.906798     0.4204 -0.0313334   0.693381
 -0.417489  -0.885234   0.205095    1.44541
         0          0          0          1

 0.0531183   0.201001    0.97815   0.323838
 -0.904533   0.424693 -0.0381502   0.691505
 -0.423081  -0.882743   0.204371    1.44136
         0          0          0          1

 0.0422686   0.205911   0.977657    0.32754
 -0.901963   0.428755 -0.0513069    0.69122
  -0.42974  -0.879642   0.203847    1.43562
         0          0          0          1

 0.0418594   0.206711   0.977506   0.325577
 -0.898528   0.435626 -0.0536433   0.687321
 -0.436916  -0.876071    0.20397    1.43188
         0          0          0          1

 0.0355839   0.211495   0.976731   0.328285
 -0.896713   0.438217 -0.0622202   0.686207
  -0.44118  -0.873633   0.205244    1.42501
         0          0          0          1

 0.0342208   0.216102   0.975771   0.327896
 -0.894845   0.441413 -0.0663761   0.683639
 -0.445062  -0.870893   0.208483    1.42031
         0          0          0          1

 0.0269944   0.231906   0.972364   0.328525
 -0.891671   0.445296 -0.0814475   0.677899
 -0.451878   -0.86483   0.218804    1.40844
         0          0          0          1

 0.0211279   0.238738   0.970854   0.329678
 -0.892229    0.44264 -0.0894306    0.67667
 -0.451089  -0.864334   0.222361    1.40269
         0          0          0          1

 0.0139533   0.242769   0.969984   0.329488
 -0.889447   0.446212 -0.0988839   0.673069
 -0.456825   -0.86137   0.222156    1.40022
         0          0          0          1

0.00603526  0.245028  0.969497    0.3294
-0.888037  0.447039 -0.107455  0.671152
-0.459733 -0.860301  0.220292   1.39861
        0         0         0         1

-0.0191357  0.252772  0.967337  0.333333
-0.882284  0.450864 -0.135267  0.667458
-0.470329 -0.856054  0.214389   1.39522
        0         0         0         1

-0.025854  0.257599  0.965906  0.332747
-0.878916  0.454487 -0.144733   0.66459
-0.476275 -0.852692  0.214658   1.39272
        0         0         0         1

-0.0403798  0.264263  0.963605  0.335012
-0.877544  0.451776 -0.160671  0.664288
-0.477793 -0.852093   0.21366   1.38722
        0         0         0         1

-0.0427093  0.260502  0.964528   0.33205
-0.873837  0.458273 -0.162465  0.659615
 -0.48434 -0.849779  0.208064   1.38692
        0         0         0         1

-0.0510147  0.263227  0.963384  0.331992
-0.870735  0.460698 -0.171986  0.657042
  -0.4891 -0.847626  0.205699   1.38426
        0         0         0         1

-0.0561059  0.260902  0.963734  0.332163
-0.868253  0.463811  -0.17611  0.654865
-0.492938 -0.846646  0.200507   1.38348
        0         0         0         1

-0.0659566  0.260284  0.963277  0.331525
-0.861698    0.4719 -0.186512  0.647599
-0.503116 -0.842355  0.193162   1.38197
        0         0         0         1

-0.0745815  0.260953  0.962466  0.333497
-0.861347    0.4695 -0.194041   0.64721
-0.502513 -0.843489  0.189755   1.38069
        0         0         0         1

-0.0871221  0.263076  0.960833  0.335406
-0.858793  0.468964 -0.206272  0.646202
-0.504862 -0.843127   0.18507   1.38017
        0         0         0         1

-0.0980204  0.264514  0.959387  0.336922
-0.857074  0.467511 -0.216465  0.644963
-0.505783 -0.843484  0.180882      1.38
        0         0         0         1

-0.126412  0.261298  0.956945  0.339159
 -0.85336  0.463202 -0.239208  0.642013
-0.505764 -0.846857  0.164427    1.3783
        0         0         0         1

-0.135009 0.256602 0.957041 0.338402
-0.850332 0.465816 -0.24485 0.639605
-0.508634 -0.84686 0.155307  1.37858
       0        0        0        1

-0.143173  0.255004  0.956281  0.337445
-0.849629  0.463873 -0.250903  0.636625
-0.507575 -0.848407  0.150245   1.37624
        0         0         0         1

-0.148842    0.2534  0.955842  0.337191
 -0.84755  0.465262 -0.255323  0.634362
-0.509416 -0.848127  0.145518   1.37593
        0         0         0         1

-0.156341  0.248351   0.95597  0.338283
-0.844039  0.469094 -0.259901  0.631659
-0.512986  -0.84751  0.136279     1.378
        0         0         0         1

-0.159438  0.248161  0.955508  0.339478
-0.844294  0.467324 -0.262252  0.630934
-0.511613 -0.848542  0.135011   1.37778
        0         0         0         1

 -0.15331  0.247456  0.956693  0.339412
-0.847975  0.464146 -0.255943  0.625324
 -0.50738 -0.850491  0.138678   1.37557
        0         0         0         1

-0.152434  0.249739   0.95624  0.340844
-0.849053  0.462118 -0.256037  0.624171
-0.505838 -0.850927  0.141599   1.37486
        0         0         0         1

-0.150885  0.248384  0.956838  0.342101
-0.850904  0.460051 -0.253604  0.622478
-0.503186 -0.852443  0.141936   1.37429
        0         0         0         1

-0.149193  0.249047  0.956931  0.343089
-0.852576  0.457794 -0.252067  0.621484
-0.500854 -0.853463  0.144032    1.3731
        0         0         0         1

-0.140692  0.246526  0.958869  0.343797
-0.856579   0.45535 -0.242754  0.618159
-0.496466 -0.855501  0.147105   1.37085
        0         0         0         1

-0.139388  0.243241  0.959898  0.344509
-0.857917  0.454429 -0.239733  0.617337
-0.494519 -0.856929  0.145338   1.37171
        0         0         0         1

  -0.1351  0.240836  0.961117  0.343982
-0.860085  0.453094 -0.234435  0.615324
-0.491936 -0.858315  0.145926   1.37026
        0         0         0         1

-0.133855   0.23817  0.961955  0.344729
-0.861368  0.452024 -0.231774  0.614866
-0.490028 -0.859622  0.144646   1.36945
        0         0         0         1

 -0.13464  0.232537  0.963223   0.34683
 -0.86204  0.451861 -0.229583  0.614989
-0.488629 -0.861248  0.139618   1.36982
        0         0         0         1

-0.133948   0.22523  0.965054  0.347415
-0.862456  0.453141 -0.225464  0.613883
-0.488086 -0.862517  0.133553   1.37092
        0         0         0         1

-0.127013  0.217736  0.967708  0.347068
-0.864791  0.453516 -0.215547  0.611416
-0.485803 -0.864242  0.130694   1.37104
        0         0         0         1

-0.125112  0.217704  0.967963  0.347435
-0.865458  0.453086 -0.213767  0.610922
-0.485108 -0.864476  0.131728   1.37103
        0         0         0         1

-0.119105  0.219376  0.968343   0.34675
-0.867242  0.451878 -0.209042  0.609433
-0.483431 -0.864685  0.136431   1.36937
        0         0         0         1

-0.117373  0.216584  0.969183  0.347276
-0.867742  0.452244 -0.206151  0.609241
-0.482956 -0.865197  0.134858   1.36961
        0         0         0         1

-0.113735 0.209786  0.97111 0.347798
 -0.8684 0.453852 -0.19975 0.608521
-0.482645 -0.86603 0.130559   1.3709
       0        0        0        1

 -0.10719  0.206974  0.972457  0.347027
-0.869364  0.455062  -0.19268   0.60721
-0.482408 -0.866072  0.131157   1.37122
        0         0         0         1

-0.100719  0.199439   0.97472  0.348601
-0.873281  0.451683 -0.182657  0.607552
-0.476693 -0.869601  0.128673    1.3718
        0         0         0         1

-0.0943088  0.193687   0.97652  0.348505
-0.874542  0.452573 -0.174225  0.607301
-0.475692 -0.870438  0.126705   1.37222
        0         0         0         1

-0.0931577  0.190174   0.97732  0.350078
-0.875437  0.451926 -0.171385  0.608118
 -0.47427 -0.871548  0.124385   1.37336
        0         0         0         1

-0.0850682  0.185818  0.978895  0.350315
-0.877439   0.45152 -0.161961  0.608163
-0.472086 -0.872698  0.124634   1.37417
        0         0         0         1

-0.0738358  0.178142  0.981231  0.351232
-0.882884  0.445864 -0.147382  0.609295
 -0.46375 -0.877195  0.124358   1.37491
        0         0         0         1

-0.074167  0.172795  0.982162  0.353171
-0.883993  0.444462 -0.144949  0.611149
 -0.46158 -0.878974  0.119785   1.37588
        0         0         0         1

-0.0685795  0.166371  0.983676  0.353711
-0.885482  0.444067  -0.13684  0.612484
-0.459584 -0.880412  0.116864   1.37745
        0         0         0         1

-0.0640086  0.162404  0.984646  0.353819
  -0.8874  0.442111 -0.130607  0.612897
-0.456534 -0.882135  0.115818   1.37863
        0         0         0         1

-0.0613924  0.159612  0.985269  0.354814
-0.889712  0.438647 -0.126498  0.614964
-0.452376 -0.884371  0.115079   1.37976
        0         0         0         1

-0.0590517    0.1575  0.985752    0.3557
-0.892563  0.433881 -0.122793  0.616692
-0.447039 -0.887097  0.114957   1.37993
        0         0         0         1

-0.0529763  0.148492  0.987494  0.355252
-0.897299  0.426891  -0.11233  0.618539
-0.438232 -0.892028  0.110627   1.38513
        0         0         0         1

-0.0515848  0.150553  0.987255  0.355969
-0.899742  0.421976 -0.111362  0.620526
-0.433363 -0.894019  0.113691   1.38533
        0         0         0         1

-0.051401  0.152066  0.987033  0.358023
-0.902498  0.416116 -0.111107  0.623938
-0.427616 -0.896506  0.115851   1.38724
        0         0         0         1

-0.0517523  0.154595  0.986622  0.358987
-0.904694  0.411113 -0.111873  0.627057
-0.422908  -0.89838  0.118585   1.38817
        0         0         0         1

-0.0476816  0.155551  0.986676  0.359878
-0.910605  0.399201  -0.10694  0.631336
-0.410517 -0.903572  0.122611   1.39251
        0         0         0         1

-0.0475228  0.154497   0.98685  0.361035
-0.911867  0.396564 -0.105996  0.633169
-0.407725 -0.904913  0.122035   1.39671
        0         0         0         1

-0.0428762   0.15403  0.987135  0.359928
-0.915386   0.38981 -0.100585  0.634716
-0.400288 -0.907922  0.124283   1.39937
        0         0         0         1

-0.0424968   0.149814     0.9878   0.360479
 -0.916957   0.386738 -0.0981033    0.63674
 -0.396717  -0.909939   0.120938    1.40407
         0          0          0          1

-0.0421365  0.148685  0.987987  0.361822
-0.920683  0.378271 -0.096193  0.640534
-0.388029 -0.913676  0.120952   1.40682
        0         0         0         1

-0.0447709   0.146193   0.988242   0.364407
 -0.922754   0.372986 -0.0969808   0.644022
 -0.382779  -0.916247   0.118201    1.41115
         0          0          0          1

 -0.040844   0.135775   0.989897   0.363108
 -0.928307   0.361286 -0.0878571   0.647648
 -0.369565  -0.922517   0.111285     1.4231
         0          0          0          1

-0.0396117   0.136513   0.989846   0.363569
 -0.931944   0.352286 -0.0858796    0.65008
 -0.360433  -0.925883   0.113268    1.42351
         0          0          0          1

-0.0362098   0.129337   0.990939    0.36145
 -0.935308   0.344859 -0.0791878   0.651195
 -0.351976  -0.929701   0.108483    1.42991
         0          0          0          1

-0.0360743 0.126054 0.991367 0.362643
-0.937425 0.339504 -0.07728 0.653823
-0.346315 -0.93212 0.105919  1.43598
       0        0        0        1

-0.0358717   0.120124   0.992111   0.365592
 -0.944343   0.320765 -0.0729826   0.661645
 -0.327001  -0.939511   0.101932    1.44993
         0          0          0          1

-0.0358598    0.11564   0.992644   0.366876
 -0.946296   0.315424 -0.0709313   0.664192
 -0.321306  -0.941879  0.0981183    1.45826
         0          0          0          1

-0.0368882   0.111004   0.993135   0.369606
 -0.949653   0.305516 -0.0694211   0.669666
 -0.311124  -0.945695  0.0941456    1.46756
         0          0          0          1

-0.0326214   0.112569   0.993108   0.368313
 -0.953687   0.293777 -0.0646262   0.672102
 -0.299028  -0.949222  0.0977723    1.47019
         0          0          0          1

-0.0299199   0.106032   0.993913   0.367564
 -0.957144   0.283528 -0.0590601    0.67553
 -0.288064  -0.953084  0.0930044    1.48023
         0          0          0          1

-0.0277651   0.100501   0.994549   0.367016
 -0.959111   0.277667 -0.0548346   0.677101
 -0.281664  -0.955406  0.0886826     1.4888
         0          0          0          1

-0.0239184  0.0927728     0.9954   0.367796
 -0.966971   0.250591 -0.0465907   0.686512
 -0.253761  -0.963638  0.0837149    1.50308
         0          0          0          1

-0.0212824  0.0862889   0.996043   0.367278
 -0.969442   0.241756 -0.0416578   0.689729
 -0.244394  -0.966493  0.0785069    1.51104
         0          0          0          1

-0.0211828  0.0758391   0.996895   0.370071
 -0.972949   0.227873 -0.0380095   0.696059
 -0.230048  -0.970733  0.0689606    1.52244
         0          0          0          1

-0.0178806  0.0672402   0.997577   0.371052
 -0.975207   0.218935 -0.0322367    0.69962
 -0.220572   -0.97342  0.0616584    1.53119
         0          0          0          1

-0.0109576  0.0458838   0.998887   0.373621
 -0.979856   0.198712 -0.0198767   0.709852
 -0.199402  -0.978983  0.0427821    1.55896
         0          0          0          1

-0.00819153  0.0425589    0.99906   0.376166
 -0.982362   0.186302 -0.0159909   0.715185
 -0.186807   -0.98157  0.0402822    1.56641
         0          0          0          1

-0.00227535   0.0357297    0.999359       0.377
  -0.985316    0.170536 -0.00834047    0.722368
  -0.170724   -0.984704    0.034817     1.57829
          0           0           0           1

-0.00238043   0.0307923    0.999523    0.379829
  -0.987533     0.15725 -0.00719628    0.728666
  -0.157397   -0.987079   0.0300341     1.58689
          0           0           0           1

 0.0051691  0.0255254   0.999661   0.379484
 -0.989998   0.141075 0.00151692   0.735287
 -0.140988   -0.98967  0.0259993    1.59884
         0          0          0          1

0.00445201  0.0199985    0.99979   0.383318
 -0.991698   0.128577 0.00184409    0.74219
 -0.128513  -0.991498  0.0204049    1.60831
         0          0          0          1

 0.0158491 0.00755976   0.999846   0.383849
  -0.99489  0.0998414  0.0150157   0.756417
-0.0997125  -0.994975 0.00910353     1.6319
         0          0          0          1

   0.0181566 -0.000947121     0.999835      0.38755
    -0.99578    0.0899528    0.0181682     0.763496
  -0.0899552    -0.995946  0.000690117      1.64344
           0            0            0            1

 0.0210472 -0.0156616   0.999656   0.392393
 -0.996981  0.0744138  0.0221568   0.773006
-0.0747352  -0.997104 -0.0140481    1.65855
         0          0          0          1

 0.0256828 -0.0241011    0.99938   0.393774
 -0.997563  0.0642648   0.027186    0.77993
-0.0648801  -0.997642 -0.0223919    1.67058
         0          0          0          1

 0.0420825 -0.0440279   0.998144   0.393485
 -0.998455  0.0344397  0.0436147   0.795605
 -0.036296  -0.998437 -0.0425106    1.69725
         0          0          0          1

0.0436039 -0.052439  0.997672  0.397332
-0.998728 0.0230099 0.0448595  0.804388
-0.0253087 -0.998359 -0.051369    1.7079
        0         0         0         1

 0.0482335 -0.0591816   0.997081   0.400923
 -0.998812 0.00400357  0.0485549    0.81712
-0.00686544  -0.998239 -0.0589182    1.71998
         0          0          0          1

  0.0524698  -0.0675219    0.996337    0.402548
  -0.998615 -0.00732043   0.0520936    0.824574
 0.00377615   -0.997691  -0.0678125      1.7291
          0           0           0           1

 0.0595491 -0.0752441   0.995385   0.404755
 -0.998057 -0.0228036  0.0579851   0.836364
 0.0183353  -0.996904 -0.0764558    1.74281
         0          0          0          1

 0.0676217 -0.0823127    0.99431    0.40468
 -0.997382 -0.0311539  0.0652516   0.842681
 0.0256056  -0.996119 -0.0842039    1.75536
         0          0          0          1

  0.075869   -0.10541    0.99153   0.416818
 -0.995871 -0.0577309  0.0700637   0.868093
 0.0498566  -0.992752  -0.109354     1.7849
         0          0          0          1

 0.0813718  -0.111238   0.990457   0.419804
 -0.994918 -0.0682005  0.0740787   0.878324
 0.0593093  -0.991451  -0.116222    1.79499
         0          0          0          1

  0.087614  -0.125004    0.98828    0.42522
 -0.993713 -0.0803855  0.0779279    0.89167
 0.0697021  -0.988894  -0.131261    1.81081
         0          0          0          1

 0.0935995  -0.129932   0.987095   0.424808
 -0.992262 -0.0934159   0.081793   0.900921
 0.0815828  -0.987113   -0.13767    1.81968
         0          0          0          1

   0.1096 -0.155164   0.98179  0.431385
-0.988693 -0.118722  0.091608  0.923863
 0.102346 -0.980729 -0.166421   1.85165
        0         0         0         1

 0.117738 -0.161823  0.979771  0.429727
 -0.98704 -0.127409  0.097568  0.931714
 0.109043  -0.97856 -0.174726   1.86267
        0         0         0         1

 0.122669 -0.169122  0.977932  0.432775
 -0.98415 -0.147882 0.0978741  0.948988
 0.128066 -0.974438 -0.184582   1.86892
        0         0         0         1

 0.123236 -0.184305  0.975113  0.441399
-0.983499 -0.153823 0.0952218  0.961096
 0.132445 -0.970757 -0.200221   1.88184
        0         0         0         1

  0.12309 -0.201845  0.971652  0.451728
-0.981922 -0.166646 0.0897725  0.978636
 0.143802 -0.965136 -0.218709   1.89482
        0         0         0         1

 0.130426 -0.206402  0.969736  0.451798
-0.979657 -0.177292  0.094025  0.988403
 0.152519 -0.962271 -0.225326   1.90272
        0         0         0         1

 0.139825 -0.228542  0.963441  0.460182
-0.974966 -0.201666 0.0936592   1.01777
 0.172888 -0.952418 -0.251018   1.92618
        0         0         0         1

 0.142571 -0.236188  0.961191  0.465293
-0.973074 -0.211137  0.092452   1.03115
 0.181107 -0.948492  -0.25993   1.93433
        0         0         0         1

 0.160783 -0.238955  0.957627  0.461032
-0.968725 -0.224001  0.106752    1.0433
 0.189001 -0.944841 -0.267497   1.94732
        0         0         0         1

 0.160171 -0.249109  0.955139  0.470029
-0.968212 -0.227983  0.102903   1.05598
 0.192121 -0.941259 -0.277707     1.958
        0         0         0         1

 0.170819 -0.263509  0.949412  0.483752
-0.963931 -0.244297  0.105627   1.08624
 0.204105 -0.933211 -0.295735   1.98324
        0         0         0         1

 0.177235 -0.261092  0.948904  0.484508
-0.961557 -0.251429  0.110417   1.09728
 0.209753 -0.931995 -0.295616   1.98745
        0         0         0         1

 0.184241 -0.261561  0.947439   0.48996
-0.957698 -0.264578  0.113193   1.11595
 0.221065 -0.928216 -0.299243   1.99102
        0         0         0         1

  0.18769 -0.260103  0.947164  0.493693
-0.953783 -0.278651  0.112481   1.12946
 0.234672   -0.9245 -0.300382   1.99036
        0         0         0         1

 0.195499 -0.269417  0.942971  0.502496
-0.952189 -0.282323  0.116747   1.14434
 0.234769 -0.920711  -0.31173   2.00832
        0         0         0         1

 0.198112 -0.272164  0.941636  0.506791
-0.949528 -0.291654  0.115474   1.15888
 0.243204 -0.916987 -0.316207   2.00919
        0         0         0         1

 0.215065 -0.283363  0.934587  0.514589
-0.944714 -0.302906  0.125556   1.18797
 0.247514  -0.90992 -0.332841   2.03029
        0         0         0         1

