  0.229861  -0.303968   0.924536   0.311409
 -0.778848  -0.627087 -0.0125329    1.08316
  0.583575  -0.717193  -0.380888    2.54605
         0          0          0          1

  0.222534   -0.29887   0.927985   0.317382
 -0.781489  -0.623773 -0.0134907    1.06185
  0.582884  -0.722208  -0.372374     2.5419
         0          0          0          1

  0.218757  -0.296719   0.929571   0.317868
 -0.777765   -0.62831 -0.0175243    1.06203
  0.589259  -0.719155  -0.368225    2.53301
         0          0          0          1

  0.213225  -0.285676   0.934304   0.308622
 -0.779875  -0.625793 -0.0133631     1.0455
  0.588499  -0.725791  -0.356226     2.5299
         0          0          0          1

  0.211354  -0.283906   0.935268   0.309651
 -0.778488   -0.62749 -0.0145537    1.04236
  0.591004   -0.72502   -0.35364    2.52533
         0          0          0          1

  0.210025  -0.261472   0.942084   0.289516
 -0.784219  -0.620478 0.00261962   0.998853
  0.583857  -0.739351  -0.335367    2.52312
         0          0          0          1

  0.208252  -0.260339   0.942791   0.292399
 -0.787155  -0.616744 0.00356839   0.990499
  0.580532  -0.742866  -0.333365    2.52365
         0          0          0          1

  0.209035  -0.258826   0.943034   0.292948
 -0.791621  -0.610962 0.00778727   0.972804
  0.574143  -0.748154  -0.332605    2.52358
         0          0          0          1

  0.207253  -0.257071   0.943907   0.294036
 -0.794072   -0.60776 0.00883158   0.962731
  0.571399   -0.75136  -0.330093    2.52401
         0          0          0          1

   0.19781  -0.257432   0.945833   0.294547
 -0.801026  -0.598612 0.00459786   0.931769
  0.565003  -0.758546  -0.324621    2.51864
         0          0          0          1

  0.195254  -0.256554   0.946602    0.29294
 -0.802242  -0.596988 0.00367748   0.926182
  0.564167  -0.760122  -0.322382    2.51479
         0          0          0          1

  0.191453  -0.252496   0.948468   0.283734
 -0.805905  -0.592024 0.00507031   0.910364
  0.560235  -0.765345  -0.316833    2.50816
         0          0          0          1

  0.189679  -0.247432   0.950158    0.27899
 -0.810038  -0.586308 0.00902554   0.896162
  0.554852  -0.771375   -0.31164    2.50757
         0          0          0          1

  0.18882 -0.248899  0.949945  0.284331
-0.821824 -0.569567  0.014119  0.869254
 0.537543 -0.783354 -0.312097   2.51679
        0         0         0         1

  0.18593 -0.247733   0.95082  0.281027
-0.824518 -0.565667 0.0138492  0.857682
 0.534417 -0.786543 -0.309434   2.51642
        0         0         0         1

  0.174702  -0.246127   0.953363   0.273525
 -0.830335  -0.557203 0.00830629   0.825784
  0.529172  -0.793061  -0.301712    2.50685
         0          0          0          1

  0.170514  -0.242089   0.955153     0.2683
  -0.83388  -0.551873 0.00898903   0.811526
  0.524947  -0.798016  -0.295975    2.50578
         0          0          0          1

  0.165912  -0.243587   0.955583   0.267357
 -0.840993  -0.540985 0.00811466   0.785155
  0.514979  -0.804985  -0.294611    2.50828
         0          0          0          1

  0.161009  -0.246019   0.955799   0.268565
  -0.84284  -0.538154 0.00346202   0.778752
  0.513515  -0.806142  -0.294002    2.50504
         0          0          0          1

   0.151189   -0.250436    0.956255    0.269898
  -0.845799   -0.533467 -0.00598591    0.763972
    0.51163   -0.807895   -0.292473      2.4977
          0           0           0           1

  0.147727  -0.254616   0.955692   0.272448
 -0.847921  -0.530026 -0.0101411   0.756482
  0.509123  -0.808853  -0.294194    2.49585
         0          0          0          1

  0.139265   -0.25645   0.956472   0.266717
 -0.860583  -0.509186 -0.0112202   0.710477
    0.4899  -0.821561  -0.291608    2.49672
         0          0          0          1

  0.136622  -0.256864   0.956742   0.262385
 -0.863425  -0.504332 -0.0121049   0.697966
  0.485625  -0.824421  -0.290686    2.49318
         0          0          0          1

  0.133148  -0.265561   0.954855   0.260759
 -0.870988  -0.491071 -0.0151217   0.674993
  0.472918  -0.829654  -0.296686    2.49466
         0          0          0          1

  0.132568  -0.265952   0.954827   0.254051
 -0.875457  -0.483121 -0.0130172   0.661228
  0.464759  -0.834185  -0.296876    2.49167
         0          0          0          1

  0.124042  -0.278772   0.952313   0.248955
 -0.890423  -0.454811 -0.0171567   0.625204
  0.437905  -0.845833  -0.304641    2.47816
         0          0          0          1

  0.120223  -0.285955   0.950671   0.252069
 -0.893047  -0.449413 -0.0222443   0.618871
  0.433605   -0.84632  -0.309401    2.47508
         0          0          0          1

  0.113793  -0.296118   0.948349   0.253133
 -0.897991  -0.439035 -0.0293364   0.604082
  0.425045   -0.84827   -0.31587    2.46638
         0          0          0          1

  0.112732  -0.302155   0.946569   0.253987
 -0.899795  -0.435157 -0.0317454    0.59675
  0.421498   -0.84814  -0.320934    2.46257
         0          0          0          1

  0.115491  -0.303348   0.945855   0.246184
 -0.907197  -0.420025 -0.0239365   0.570204
  0.404544  -0.855312  -0.323705     2.4552
         0          0          0          1

  0.117192  -0.302688   0.945857   0.241719
 -0.913716  -0.406009 -0.0167194   0.553125
  0.389088  -0.862286  -0.324151     2.4549
         0          0          0          1

   0.117887   -0.303206    0.945605    0.234414
  -0.926153   -0.377108 -0.00545628    0.516284
    0.35825   -0.875132   -0.325271     2.43621
          0           0           0           1

   0.113012   -0.302396    0.946459    0.233779
  -0.928944   -0.370149 -0.00734268    0.510442
   0.352551   -0.878377    -0.32274      2.4284
          0           0           0           1

    0.10735   -0.301688    0.947344    0.232037
  -0.933244    -0.35914 -0.00861867    0.497391
   0.342829   -0.883178   -0.320102     2.41355
          0           0           0           1

 0.106011 -0.301189  0.947653  0.230952
-0.936374 -0.350939 -0.006788  0.487849
 0.334613 -0.886638 -0.319229   2.40783
        0         0         0         1

  0.100189  -0.295133   0.950189   0.229455
 -0.943345  -0.331794 -0.0035898   0.462112
  0.316326  -0.895996  -0.311655     2.3827
         0          0          0          1

  0.0993462    -0.29082    0.951606    0.226983
  -0.944305   -0.329067 -0.00198188    0.456783
   0.313718   -0.898409   -0.307314     2.37243
          0           0           0           1

  0.0942639   -0.284114    0.954146    0.224913
  -0.945446   -0.325759 -0.00359593    0.449147
   0.311843   -0.901754   -0.299321     2.35014
          0           0           0           1

   0.0945551    -0.281086     0.955013     0.223065
   -0.947728     -0.31908 -8.01153e-05     0.440879
    0.304748    -0.905085    -0.296564      2.34212
           0            0            0            1

 0.100741 -0.274271  0.956361  0.216466
-0.953085 -0.302394 0.0136737  0.419937
 0.285447 -0.912871 -0.291868   2.32627
        0         0         0         1

  0.10052 -0.270302  0.957514  0.212828
 -0.95351  -0.30098 0.0151339  0.416676
 0.284102 -0.914521  -0.28799   2.31188
        0         0         0         1

 0.104033 -0.265715  0.958422   0.20575
-0.959152 -0.281692 0.0260153  0.397639
 0.263067 -0.921979 -0.284167   2.27386
        0         0         0         1

 0.106858 -0.270747  0.956701  0.206261
-0.961747  -0.27225 0.0303741  0.390024
 0.252239  -0.92335 -0.289483   2.26675
        0         0         0         1

 0.110636 -0.273983   0.95535  0.202964
-0.964955 -0.259759 0.0372526  0.378482
 0.237954 -0.925991  -0.29312   2.24367
        0         0         0         1

 0.109867 -0.269401   0.95674   0.19838
-0.966385 -0.254055  0.039437  0.374076
 0.232441 -0.928913 -0.288258   2.22972
        0         0         0         1

 0.111542 -0.266324  0.957408  0.189601
-0.970701 -0.235535 0.0475716  0.357923
 0.212834 -0.934663 -0.284793    2.1869
        0         0         0         1

 0.113132  -0.26513  0.957553  0.186204
-0.972647 -0.226335  0.052247  0.349933
 0.202876 -0.937272 -0.283483    2.1767
        0         0         0         1

   0.1099 -0.262887  0.958547  0.183097
-0.974957 -0.216106 0.0525132  0.342987
 0.193342 -0.940313 -0.280053   2.15071
        0         0         0         1

 0.110547 -0.261366  0.958888  0.180182
-0.976791 -0.206666 0.0562796  0.336461
  0.18346 -0.942856 -0.278147   2.13887
        0         0         0         1

 0.111978 -0.262773  0.958338  0.174594
-0.980015 -0.188768  0.062751  0.323818
 0.164415 -0.946212 -0.278659    2.1165
        0         0         0         1

 0.111858 -0.261814  0.958614  0.171769
-0.980914 -0.183488 0.0643461  0.320911
 0.159047 -0.947515 -0.277342   2.10208
        0         0         0         1

  0.10461 -0.266564  0.958123  0.165403
-0.984865  -0.16164 0.0625592  0.314157
 0.138195 -0.950166 -0.279439   2.05454
        0         0         0         1

 0.106424 -0.269036  0.957232  0.162759
-0.986067  -0.15234 0.0668134  0.310065
  0.12785 -0.951006   -0.2815   2.04174
        0         0         0         1

 0.107478 -0.273331  0.955897   0.15835
-0.988358 -0.133519 0.0729491  0.302658
 0.107691 -0.952608 -0.284499   2.01537
        0         0         0         1

 0.111282 -0.276015  0.954689  0.155347
-0.988996 -0.124993  0.079143  0.296763
0.0974851 -0.952991 -0.286887   2.00396
        0         0         0         1

  0.113773  -0.280739   0.953017   0.145513
 -0.991288 -0.0961497  0.0900186   0.284993
 0.0663606  -0.954956  -0.289232    1.95721
         0          0          0          1

   0.11288  -0.282211   0.952688   0.142754
 -0.992033 -0.0859798  0.0920727   0.281172
 0.0559281  -0.955492  -0.289668    1.94466
         0          0          0          1

  0.106219  -0.283715   0.953008   0.139321
 -0.993619 -0.0668459  0.0908453   0.278487
 0.0379305  -0.956576  -0.289005    1.91816
         0          0          0          1

   0.10665  -0.285274   0.952494   0.136423
 -0.993881 -0.0582722  0.0938318   0.275013
 0.0287361  -0.956673  -0.289744    1.90668
         0          0          0          1

  0.102091   -0.28445    0.95324   0.131589
 -0.994701 -0.0408577  0.0943393   0.271357
 0.0121124   -0.95782  -0.287114    1.88124
         0          0          0          1

  0.100141  -0.282996   0.953879   0.128629
 -0.994965 -0.0323067  0.0948695   0.268862
0.00396899  -0.958577  -0.284806    1.86874
         0          0          0          1

 0.0845711  -0.276889   0.957173   0.121446
 -0.996161 -0.0017222  0.0875178     0.2673
-0.0225843    -0.9609  -0.275972     1.8236
         0          0          0          1

 0.0811686  -0.277662   0.957244   0.120032
 -0.996275 0.00546691   0.086064   0.267088
-0.0291298  -0.960663  -0.276184    1.81201
         0          0          0          1

0.0781455 -0.276383  0.957865  0.114392
-0.995753 0.0252776   0.08853  0.261783
-0.0486807 -0.960715 -0.273233   1.78898
        0         0         0         1

0.0758634 -0.275836  0.958206  0.112264
-0.995566 0.0326516 0.0882205  0.261351
-0.0556214  -0.96065 -0.272135   1.77689
        0         0         0         1

0.0742916 -0.275851  0.958325  0.101314
-0.993506 0.0625752  0.095031  0.253816
-0.0861818 -0.959161 -0.269411    1.7366
        0         0         0         1

0.0708295  -0.27799  0.957969  0.100353
-0.992865 0.0727094  0.094509  0.254258
-0.0959259 -0.957828 -0.270857   1.72704
        0         0         0         1

0.0670816 -0.281278  0.957279 0.0963905
-0.991239 0.0906236 0.0960894  0.253833
 -0.11378 -0.955338 -0.272734   1.70625
        0         0         0         1

0.0659516 -0.280212   0.95767 0.0940238
-0.990445 0.0981122  0.096916  0.253291
-0.121116 -0.954911 -0.271064   1.69502
        0         0         0         1

0.0631517 -0.280543  0.957762 0.0898707
-0.988816  0.112332 0.0981031  0.252479
 -0.13511 -0.953245 -0.270312   1.67336
        0         0         0         1

 0.061149 -0.281617  0.957576 0.0884273
 -0.98806  0.118845 0.0980472   0.25292
-0.141415 -0.952138 -0.270987   1.66359
        0         0         0         1

0.0553179 -0.286393  0.956514 0.0826713
-0.984565   0.14367 0.0999568  0.253123
-0.166049 -0.947279 -0.274025   1.63162
        0         0         0         1

0.0559209 -0.288987  0.955698 0.0803568
  -0.9834  0.149545  0.102762   0.25191
-0.172617 -0.945581 -0.275827   1.62328
        0         0         0         1

0.0592736 -0.290926  0.954908 0.0747676
-0.980825  0.160936  0.109914   0.24794
-0.185656 -0.943113 -0.275808   1.60488
        0         0         0         1

0.0569684 -0.290185  0.955274 0.0738106
-0.979924  0.166857  0.109125  0.249381
-0.191061 -0.942312 -0.274853   1.59548
        0         0         0         1

 0.051344 -0.292737  0.954813 0.0703347
 -0.97614  0.187271  0.109906  0.252159
-0.210983 -0.937675 -0.276137   1.56664
        0         0         0         1

 0.050275 -0.292938  0.954809 0.0694537
-0.975293  0.191518  0.110112  0.253591
-0.215119 -0.936754 -0.276072   1.55918
        0         0         0         1

0.0534531 -0.289155  0.955789 0.0651819
-0.972811  0.200924   0.11519  0.252758
-0.225348 -0.935959 -0.270553   1.54221
        0         0         0         1

   0.0546 -0.286392  0.956556 0.0637099
-0.971762     0.205  0.116845  0.252859
-0.229557 -0.935924 -0.267112   1.53429
        0         0         0         1

0.0514716 -0.283478  0.957597 0.0626068
-0.970042  0.213766  0.115422  0.256382
-0.237421  -0.93485 -0.263982   1.52077
        0         0         0         1

0.0510263 -0.280561  0.958479 0.0616142
-0.969142  0.217845   0.11536   0.25686
-0.241165 -0.934788 -0.260788   1.51336
        0         0         0         1

0.0563362 -0.275238  0.959724 0.0562953
-0.965768  0.228769  0.122299  0.255436
-0.253217 -0.933761 -0.252928    1.4898
        0         0         0         1

0.0567403 -0.272216  0.960562 0.0553843
-0.964962  0.231919  0.122724  0.257027
 -0.25618 -0.933869 -0.249519   1.48261
        0         0         0         1

0.0560861 -0.267284  0.961984 0.0549371
-0.963423  0.238396  0.122408   0.25969
-0.262051 -0.933663 -0.244137   1.46926
        0         0         0         1

0.0577541 -0.265475  0.962386 0.0533774
 -0.96247  0.241247  0.124307   0.25981
-0.265173 -0.933447 -0.241578   1.46298
        0         0         0         1

 0.060188 -0.257949  0.964282 0.0505564
-0.959619  0.250984  0.127036  0.262765
-0.274788  -0.93299 -0.232426   1.44005
        0         0         0         1

0.0604384 -0.256378  0.964685 0.0498851
-0.958741  0.254045  0.127582  0.263764
-0.277783 -0.932594 -0.230446   1.43448
        0         0         0         1

 0.063747 -0.256597  0.964414 0.0478146
-0.956892  0.258677  0.132075  0.263556
-0.283362 -0.931259 -0.229046   1.42497
        0         0         0         1

0.0651402 -0.257899  0.963973 0.0467711
-0.956286  0.259853  0.134141  0.263485
-0.285086 -0.930572 -0.229698   1.42133
        0         0         0         1

   0.0678 -0.256516  0.964159 0.0441712
-0.955218  0.262301  0.136957   0.26204
-0.288032 -0.930267 -0.227245   1.41114
        0         0         0         1

0.0684301 -0.257254  0.963918 0.0437047
-0.954653  0.263725  0.138156  0.262003
 -0.28975 -0.929661 -0.227541   1.40795
        0         0         0         1

  0.07195 -0.250775  0.965368 0.0392296
-0.953924  0.265366  0.140032   0.26112
-0.291292 -0.930963 -0.220128   1.39316
        0         0         0         1

0.0702457 -0.247801  0.966261 0.0396454
-0.953854  0.266802  0.137766   0.26332
-0.291939 -0.931349 -0.217624   1.38913
        0         0         0         1

0.0694596 -0.243899   0.96731 0.0384399
 -0.95364   0.26839   0.13615  0.264173
-0.292823 -0.931923 -0.213949   1.38222
        0         0         0         1

0.0690353 -0.240352  0.968228 0.0378782
-0.953813  0.268526  0.134666  0.265495
-0.292361 -0.932805 -0.210713   1.37828
        0         0         0         1

0.0688007 -0.229958  0.970766 0.0349482
-0.954136  0.269022  0.131349  0.266791
-0.291362 -0.935279 -0.200902   1.36841
        0         0         0         1

0.0698583 -0.226898   0.97141 0.0337529
-0.954019   0.26935  0.131521  0.266318
-0.291491 -0.935932 -0.197649   1.36587
        0         0         0         1

0.0700044 -0.220953  0.972769 0.0326661
-0.954276  0.269261  0.129833  0.268134
-0.290616 -0.937378    -0.192   1.36141
        0         0         0         1

0.0725654   -0.2175  0.973359 0.0309487
-0.954274   0.26862  0.131166  0.266287
-0.289992 -0.938369 -0.188062   1.35843
        0         0         0         1

0.0762601 -0.211598  0.974377 0.0279144
 -0.95418  0.268101  0.132901    0.2647
-0.289353 -0.939866 -0.181457   1.35375
        0         0         0         1

0.0754978 -0.209069  0.974982 0.0275041
-0.954173  0.268803  0.131527  0.265044
-0.289577 -0.940231 -0.179193   1.35156
        0         0         0         1

0.0754686 -0.213177  0.974094 0.0246512
-0.956069  0.262032  0.131417  0.265543
-0.283259  -0.94122 -0.184037   1.34634
        0         0         0         1

0.0731196 -0.216739  0.973487 0.0256997
-0.956571  0.260935  0.129944  0.268188
-0.282181 -0.940711 -0.188247   1.34611
        0         0         0         1

0.0728109 -0.222761   0.97215 0.0250968
-0.956972  0.258924  0.131005  0.269244
-0.280895  -0.93986 -0.194324   1.34439
        0         0         0         1

0.0755039 -0.228101  0.970705 0.0239021
-0.956774  0.257624  0.134958  0.267806
-0.280861 -0.938935  -0.19879   1.34432
        0         0         0         1

0.0814294   -0.2349  0.968603 0.0219163
-0.956343  0.255259  0.142303  0.266023
-0.280672 -0.937904 -0.203859   1.34207
        0         0         0         1

0.0815658 -0.238267  0.967768 0.0216856
-0.956609  0.253807  0.143113  0.266911
-0.279726 -0.937449 -0.207227   1.34169
        0         0         0         1

0.0845443 -0.249606   0.96465 0.0210903
-0.959161  0.241877   0.14665  0.268707
-0.269931 -0.937653 -0.218963   1.33847
        0         0         0         1

0.0859603 -0.254071  0.963358 0.0210675
-0.959459  0.239398   0.14875  0.269144
-0.268419 -0.937089 -0.223193   1.33831
        0         0         0         1

0.0930272 -0.265436   0.95963 0.0195736
-0.959566  0.233267  0.157543  0.267421
-0.265668 -0.935484 -0.233003    1.3393
        0         0         0         1

0.0935858 -0.268393  0.958753 0.0197166
-0.959688  0.232026  0.158631  0.267503
-0.265031 -0.934949 -0.235859   1.34005
        0         0         0         1

0.0930349 -0.273124  0.957469 0.0207255
-0.961553  0.224903  0.157587  0.269929
-0.258379 -0.935319   -0.2417   1.34058
        0         0         0         1

0.0930237 -0.276933  0.956376 0.0213944
-0.961891  0.223057   0.15815  0.270642
-0.257123 -0.934641  -0.24563   1.34146
        0         0         0         1

0.0963773 -0.288434  0.952637 0.0220714
 -0.96203  0.218554    0.1635  0.270543
-0.255362 -0.932223 -0.256418   1.34422
        0         0         0         1

0.0959825 -0.294748  0.950742 0.0222626
-0.962457  0.216154  0.164177  0.270241
-0.253898 -0.930807 -0.262935    1.3455
        0         0         0         1

0.0996997 -0.317055  0.943152 0.0217605
-0.963445  0.206122  0.171136  0.268046
-0.248664 -0.925737 -0.284915   1.34819
        0         0         0         1

0.0966463  -0.32068  0.942244  0.022279
-0.963803  0.206185   0.16903  0.268489
-0.248481 -0.924474 -0.289145   1.34841
        0         0         0         1

0.0933437 -0.332057  0.938629 0.0236758
-0.963898  0.205987  0.168728  0.269844
-0.249373 -0.920493 -0.300842   1.35011
        0         0         0         1

0.0929864 -0.336239  0.937175 0.0240066
-0.963914  0.205412  0.169337  0.269888
-0.249445 -0.919102 -0.305005   1.35107
        0         0         0         1

0.0899662 -0.341048  0.935731 0.0251204
-0.963948   0.20642  0.167913   0.27124
 -0.25042 -0.917103 -0.310181   1.35184
        0         0         0         1

 0.087326 -0.345398  0.934384 0.0258607
-0.963779  0.207983  0.166955  0.272182
-0.252002 -0.915119 -0.314725   1.35319
        0         0         0         1

0.0855027 -0.357518  0.929984 0.0262409
-0.961994  0.213335  0.170459  0.271954
 -0.25934 -0.909213  -0.32569   1.35835
        0         0         0         1

0.0841831  -0.36066   0.92889 0.0260721
-0.961281  0.216084  0.171018  0.271186
-0.262398 -0.907321 -0.328505   1.35967
        0         0         0         1

0.0795402 -0.366541  0.926996 0.0264821
-0.960369  0.221037  0.169803  0.270981
 -0.26714 -0.903765 -0.334433   1.36186
        0         0         0         1

 0.079664 -0.369934  0.925636 0.0266245
-0.959483  0.223314  0.171825  0.270607
-0.270271  -0.90182 -0.337155   1.36293
        0         0         0         1

0.0685344 -0.380656  0.922173 0.0280865
-0.957549  0.234333  0.167892  0.272283
-0.280004 -0.894533 -0.348437   1.36885
        0         0         0         1

0.0685386 -0.381998  0.921618 0.0277941
-0.956539  0.237291  0.169489  0.271914
-0.283436  -0.89318 -0.349132   1.36997
        0         0         0         1

  0.06505 -0.381357  0.922136 0.0282471
 -0.95493   0.24441  0.168441  0.272992
-0.289615 -0.891533  -0.34827   1.37185
        0         0         0         1

0.0612438 -0.380803  0.922626 0.0290574
-0.954489  0.247975  0.165707  0.275244
 -0.29189 -0.890785 -0.348285   1.37378
        0         0         0         1

0.0629921  -0.37807  0.923631 0.0274539
-0.952922  0.252256  0.168246   0.27422
  -0.2966 -0.890747 -0.344381   1.37717
        0         0         0         1

0.0610372 -0.373014  0.925816 0.0277239
-0.952518  0.255437  0.165714  0.275308
-0.298302 -0.891971 -0.339712   1.37791
        0         0         0         1

0.0570596 -0.355044  0.933107 0.0265247
-0.951534  0.263571  0.158474  0.277105
-0.302205 -0.896925 -0.322797   1.38278
        0         0         0         1

0.0578222 -0.351428  0.934427 0.0251644
-0.951033  0.265285   0.15862  0.276012
-0.303633 -0.897843 -0.318881   1.38541
        0         0         0         1

 0.056697 -0.341109  0.938313 0.0240662
-0.950866  0.268065  0.154906  0.276199
-0.304369 -0.900992  -0.30915    1.3899
        0         0         0         1

0.0536714 -0.335758  0.940418 0.0238709
-0.951493  0.268529  0.150177  0.277728
-0.302952 -0.902861 -0.305059   1.39215
        0         0         0         1

0.0439299 -0.325521  0.944514 0.0224138
-0.952842  0.270506  0.137545  0.281006
 -0.30027 -0.906015 -0.298287   1.40584
        0         0         0         1

0.0434797 -0.325083  0.944685 0.0212341
-0.953628  0.268384  0.136247  0.280332
 -0.29783 -0.906803 -0.298339   1.40881
        0         0         0         1

0.0407419 -0.327638  0.943924 0.0202762
-0.955155  0.264532  0.133046   0.28108
-0.293289 -0.907015 -0.302168   1.41813
        0         0         0         1

0.0379313 -0.329372  0.943438 0.0213558
-0.955788  0.263545  0.130436   0.28414
-0.291601 -0.906674 -0.304813   1.42338
        0         0         0         1

 0.037348  -0.33276  0.942272 0.0198392
-0.957026  0.259452  0.129558  0.283376
-0.287586 -0.906617  -0.30877   1.43331
        0         0         0         1

0.0354538 -0.333525  0.942074 0.0205132
-0.957957  0.257217  0.127115  0.285816
-0.284713 -0.906973 -0.310383   1.43758
        0         0         0         1

0.0302207 -0.333393  0.942303 0.0204258
-0.962224  0.245496  0.117718  0.293419
-0.270578 -0.910264  -0.31338   1.45054
        0         0         0         1

0.0303035 -0.335456  0.941568 0.0198933
-0.963236  0.241774  0.117139  0.293837
-0.266942 -0.910502 -0.315797   1.45701
        0         0         0         1

0.0255155 -0.339021  0.940433 0.0210054
-0.965746  0.234648  0.110792  0.299584
-0.258231 -0.911046 -0.321421   1.47041
        0         0         0         1

0.0258181 -0.338954  0.940449 0.0206642
-0.967107  0.229676  0.109329   0.30071
-0.253056 -0.912337 -0.321875   1.47533
        0         0         0         1

0.0220126 -0.340718  0.939908 0.0199519
-0.972144   0.21214 0.0996684  0.306459
 -0.23335 -0.915919 -0.326557   1.49731
        0         0         0         1

0.0260546 -0.343806  0.938679 0.0180147
-0.973201  0.205888  0.102423   0.30527
-0.228477 -0.916192 -0.329228   1.50475
        0         0         0         1

0.0292877 -0.347833  0.937099 0.0160639
-0.975104  0.196216  0.103307  0.307128
-0.219807 -0.916794 -0.333426   1.52047
        0         0         0         1

0.0315994 -0.347563  0.937124 0.0149979
-0.976436  0.189525  0.103217  0.308709
-0.213483 -0.918303 -0.333384   1.52622
        0         0         0         1

 0.039059 -0.347447  0.936886 0.0115538
-0.978407  0.177145  0.106485  0.308203
-0.202962 -0.920815 -0.333025    1.5402
        0         0         0         1

0.0389907 -0.349187  0.936241 0.0121057
-0.979843  0.170355  0.104343  0.311758
-0.195929 -0.921438 -0.335506   1.54786
        0         0         0         1

0.0354856 -0.352643  0.935085 0.0127679
-0.984634  0.147751 0.0930866   0.32318
-0.170986  -0.92402 -0.341982   1.57846
        0         0         0         1

 0.038968 -0.351282  0.935458 0.0111792
  -0.9861  0.137807 0.0928268   0.32425
-0.161521 -0.926072 -0.341029   1.58493
        0         0         0         1

 0.0438698  -0.352809   0.934666 0.00942779
 -0.988114   0.122645  0.0926732   0.327936
 -0.147328  -0.927623  -0.343235    1.60269
         0          0          0          1

  0.044962  -0.354343   0.934034 0.00882897
 -0.989276   0.114269  0.0909714   0.330589
 -0.138967  -0.928108  -0.345405    1.61201
         0          0          0          1

 0.0510929  -0.357109   0.932664 0.00588143
 -0.991835  0.0911221  0.0892242   0.334295
 -0.116849  -0.929608  -0.349537    1.62898
         0          0          0          1

 0.0544703  -0.355849   0.932955 0.00389857
 -0.992495   0.083153  0.0896629   0.335687
 -0.109484  -0.930837  -0.348649    1.63717
         0          0          0          1

  0.0650656   -0.358549    0.931241 0.000853777
  -0.994872   0.0491094   0.0884197    0.345508
 -0.0774355   -0.932218   -0.353515     1.67196
          0           0           0           1

   0.067829   -0.362026    0.929697 0.000714276
  -0.995313   0.0398195   0.0881221    0.348573
 -0.0689226   -0.931317   -0.357629     1.68318
          0           0           0           1

 0.0728581  -0.362036   0.929312 0.00045836
 -0.996094  0.0201888  0.0859588   0.357263
-0.0498819  -0.931945  -0.359151    1.70328
         0          0          0          1

 0.0719903  -0.363078   0.928974 0.00198122
 -0.996674 0.00947707  0.0809407   0.364481
-0.0381917  -0.931711  -0.361188    1.71265
         0          0          0          1

  0.0960581   -0.366402    0.925485 -0.00505304
  -0.995354  -0.0292232   0.0917404    0.371283
-0.00656821   -0.929998   -0.367507     1.75286
          0           0           0           1

  0.0949299   -0.367162      0.9253 -0.00270599
  -0.995461  -0.0413087   0.0857365    0.379738
 0.00674374   -0.929239   -0.369417     1.76296
          0           0           0           1

   0.105991   -0.368052    0.923744 -0.00397646
  -0.993861   -0.068849   0.0866046    0.390875
  0.0317238   -0.927253    -0.37309     1.78304
          0           0           0           1

   0.110927   -0.369514     0.92258 -0.00381516
  -0.992882  -0.0817059   0.0866545    0.395934
  0.0433602   -0.925626   -0.375948       1.794
          0           0           0           1

    0.12313   -0.365892    0.922476 -0.00628245
  -0.990369   -0.104611   0.0906991    0.404872
  0.0633151   -0.924759   -0.375248     1.81352
          0           0           0           1

   0.129418   -0.369201    0.920294 -0.00595833
    -0.9888    -0.11762   0.0918652    0.411342
  0.0743278   -0.921876   -0.380289     1.82584
          0           0           0           1

   0.143176   -0.371026    0.917519 -0.00390899
  -0.983148   -0.159794   0.0888004    0.435571
   0.113666   -0.914771   -0.387652       1.863
          0           0           0           1

   0.147559   -0.370241    0.917141 -0.00373874
  -0.981002   -0.172862   0.0880508    0.443391
   0.125939    -0.91271   -0.388715      1.8728
          0           0           0           1

  0.155544  -0.378169   0.912576 0.00142264
   -0.9765  -0.198376  0.0842331   0.461931
  0.149179  -0.904232  -0.400138     1.8986
         0          0          0          1

    0.160298    -0.373835     0.913538 -0.000903381
   -0.973987    -0.210083    0.0849354     0.467691
    0.160167    -0.903389    -0.397787      1.90638
           0            0            0            1

   0.186853   -0.372133    0.909177 -0.00342524
  -0.962868   -0.252946   0.0943553    0.489271
    0.19486   -0.893049   -0.405579     1.94421
          0           0           0           1

   0.187437   -0.371362    0.909372 -0.00160106
  -0.960456   -0.263337   0.0904273    0.500756
    0.20589   -0.890362   -0.406036     1.95246
          0           0           0           1

   0.201713    -0.37123    0.906366 -0.00188839
  -0.955173   -0.279292   0.0981822    0.514524
   0.216693   -0.885542   -0.410926     1.97676
          0           0           0           1

   0.204281   -0.367747    0.907211 -0.00211567
  -0.950889   -0.294706   0.0946538    0.525052
   0.232551   -0.881993   -0.409889     1.98242
          0           0           0           1

   0.21139  -0.370687   0.904381 0.00215578
 -0.944809  -0.314452  0.0919523   0.546052
  0.250299  -0.873906  -0.416701    2.00546
         0          0          0          1

  0.216222  -0.365575   0.905319 0.00138029
  -0.94066  -0.326398  0.0928611   0.556187
  0.261546  -0.871676  -0.414456    2.01135
         0          0          0          1

  0.232073  -0.358224   0.904333 0.00289679
 -0.924498  -0.370268  0.0905773   0.593923
  0.302399  -0.857075  -0.417107    2.03911
         0          0          0          1

  0.238416  -0.362608   0.900929 0.00588788
 -0.922107  -0.375633  0.0928344   0.602604
  0.304756  -0.852886   -0.42392    2.05552
         0          0          0          1

 0.244655 -0.362594   0.89926 0.0121368
-0.914652 -0.394112 0.0899306  0.626847
 0.321801 -0.844512 -0.428069   2.07447
        0         0         0         1

 0.248619 -0.360261  0.899111  0.012203
-0.910477 -0.403641 0.0900287  0.637488
 0.330484 -0.841003 -0.428362   2.08223
        0         0         0         1

  0.267976  -0.342406   0.900526 0.00226796
 -0.893771  -0.437304  0.0996907   0.665305
  0.359669  -0.831579  -0.423219    2.10588
         0          0          0          1

  0.273004  -0.342046   0.899152 0.00376163
 -0.887726  -0.449722   0.098456   0.679323
  0.370692  -0.825079  -0.426418    2.11301
         0          0          0          1

 0.268797 -0.346526  0.898703  0.015635
-0.876942  -0.47397 0.0795323  0.718571
 0.398399 -0.809489 -0.431285    2.1216
        0         0         0         1

 0.278381 -0.344841  0.896431 0.0132157
-0.873818 -0.478344 0.0873482  0.720907
 0.398681 -0.807634  -0.43449   2.13474
        0         0         0         1

 0.280977 -0.351806  0.892908  0.023743
-0.864975 -0.495903 0.0768013  0.751079
 0.415777 -0.793922 -0.443641   2.15089
        0         0         0         1

 0.288888 -0.351763  0.890397 0.0223796
-0.861246 -0.501651 0.0812465  0.759678
 0.418089 -0.790322 -0.447876   2.16233
        0         0         0         1

 0.295005  -0.34373  0.891528 0.0197051
-0.838521 -0.540472 0.0690851  0.810288
 0.458099 -0.767945 -0.447666   2.16896
        0         0         0         1

 0.295202 -0.343158  0.891683 0.0229708
-0.835047 -0.546174  0.066261  0.822659
 0.464276 -0.764157 -0.447785   2.17776
        0         0         0         1

 0.301725 -0.326042  0.895912 0.0126183
-0.820995 -0.566591 0.0702995  0.839763
 0.484695 -0.756751 -0.438634   2.18368
        0         0         0         1

 0.302577  -0.32887   0.89459 0.0181673
-0.815667 -0.574912  0.064533   0.85678
 0.493088 -0.749214 -0.442203   2.18745
        0         0         0         1

 0.297201 -0.323777  0.898243 0.0253143
 -0.79668  -0.60262 0.0463795   0.91289
 0.526282 -0.729396 -0.437046   2.19376
        0         0         0         1

 0.297464 -0.319722  0.899607  0.021394
-0.792479 -0.608169 0.0458969  0.923816
 0.532439 -0.726573 -0.434282   2.19717
        0         0         0         1

 0.297307 -0.325543  0.897569 0.0272413
-0.785366 -0.617984  0.036002  0.950504
 0.542963 -0.715624 -0.439401   2.20932
        0         0         0         1

 0.296872 -0.325555  0.897709 0.0264255
-0.781034 -0.623663 0.0321158  0.963626
 0.549412 -0.710675 -0.439417   2.21055
        0         0         0         1

 0.294613 -0.332399  0.895943 0.0320096
 -0.77267 -0.634533 0.0186626   0.99485
 0.562302 -0.697767 -0.443776   2.21645
        0         0         0         1

 0.288455 -0.331631  0.898228 0.0309268
-0.771533 -0.636058 0.0129322   1.00657
 0.567036 -0.696743 -0.439339   2.22106
        0         0         0         1

   0.276682   -0.321611    0.905546   0.0229698
  -0.752377    -0.65872 -0.00406704     1.04708
   0.597809   -0.680187   -0.424229     2.22448
          0           0           0           1

  0.265208  -0.322592   0.908625  0.0291794
 -0.743926  -0.667962 -0.0200132    1.06847
  0.613383  -0.670642  -0.417133    2.22146
         0          0          0          1

  0.245975  -0.326202   0.912737  0.0403253
    -0.733  -0.678736 -0.0450358    1.10245
  0.634199  -0.657958  -0.406058    2.22848
         0          0          0          1

  0.238514  -0.328408   0.913925  0.0421001
 -0.721943  -0.689405 -0.0593181    1.12036
  0.649545  -0.645654  -0.401525    2.22233
         0          0          0          1

 0.203338 -0.331399  0.921319 0.0519487
 -0.69117 -0.715072 -0.104669   1.18891
 0.693497 -0.615504 -0.374455   2.20226
        0         0         0         1

