  0.129818   -0.80259   0.582234   0.537185
  -0.98656 -0.0457837   0.156857    1.08263
-0.0992348  -0.594771  -0.797747    2.11088
         0          0          0          1

  0.127368  -0.791292   0.598025   0.533301
 -0.985486 -0.0327413   0.166567    1.03185
 -0.112223  -0.610561  -0.783978     2.0869
         0          0          0          1

  0.127368  -0.791292   0.598025   0.533301
 -0.985486 -0.0327413   0.166567    1.03185
 -0.112223  -0.610561  -0.783978     2.0869
         0          0          0          1

  0.124187  -0.782567   0.610054   0.533942
 -0.983968 -0.0178146   0.177452   0.998357
    -0.128  -0.622311  -0.772233     2.0749
         0          0          0          1

  0.124187  -0.782567   0.610054   0.533942
 -0.983968 -0.0178146   0.177452   0.998357
    -0.128  -0.622311  -0.772233     2.0749
         0          0          0          1

   0.138212   -0.766108    0.627675    0.523419
  -0.978236 -0.00656571    0.207391    0.943121
  -0.154763   -0.642678   -0.750342     2.05663
          0           0           0           1

   0.138212   -0.766108    0.627675    0.523419
  -0.978236 -0.00656571    0.207391    0.943121
  -0.154763   -0.642678   -0.750342     2.05663
          0           0           0           1

   0.145626   -0.758405    0.635306    0.518186
  -0.974705 6.04369e-05    0.223496     0.90808
  -0.169539   -0.651783   -0.739213     2.04427
          0           0           0           1

   0.145626   -0.758405    0.635306    0.518186
  -0.974705 6.04369e-05    0.223496     0.90808
  -0.169539   -0.651783   -0.739213     2.04427
          0           0           0           1

  0.146486  -0.752244   0.642394    0.51811
 -0.973103 0.00714216   0.230261   0.879002
   -0.1778  -0.658846  -0.730965    2.02593
         0          0          0          1

  0.146486  -0.752244   0.642394    0.51811
 -0.973103 0.00714216   0.230261   0.879002
   -0.1778  -0.658846  -0.730965    2.02593
         0          0          0          1

 0.143295 -0.749212  0.646643  0.519734
-0.968666 0.0277541   0.24681  0.831128
 -0.20286 -0.661748  -0.72176   2.00409
        0         0         0         1

 0.143295 -0.749212  0.646643  0.519734
-0.968666 0.0277541   0.24681  0.831128
 -0.20286 -0.661748  -0.72176   2.00409
        0         0         0         1

 0.148454 -0.746929  0.648119  0.515529
-0.961496 0.0442514  0.271232  0.796256
-0.231271 -0.663429 -0.711601   1.99437
        0         0         0         1

 0.148454 -0.746929  0.648119  0.515529
-0.961496 0.0442514  0.271232  0.796256
-0.231271 -0.663429 -0.711601   1.99437
        0         0         0         1

 0.146315 -0.743765  0.652231  0.520787
-0.955965 0.0632528  0.286582  0.756525
-0.254405 -0.665442 -0.701759   1.96628
        0         0         0         1

 0.146315 -0.743765  0.652231  0.520787
-0.955965 0.0632528  0.286582  0.756525
-0.254405 -0.665442 -0.701759   1.96628
        0         0         0         1

 0.146389 -0.742996  0.653091  0.521016
-0.951069  0.075889  0.299515  0.728908
-0.272101  -0.66498  -0.69553   1.94797
        0         0         0         1

 0.146389 -0.742996  0.653091  0.521016
-0.951069  0.075889  0.299515  0.728908
-0.272101  -0.66498  -0.69553   1.94797
        0         0         0         1

 0.146218 -0.739709   0.65685  0.522252
-0.946518 0.0884398  0.310295  0.704248
 -0.28762  -0.66709 -0.687216   1.92762
        0         0         0         1

 0.146218 -0.739709   0.65685  0.522252
-0.946518 0.0884398  0.310295  0.704248
 -0.28762  -0.66709 -0.687216   1.92762
        0         0         0         1

 0.146498 -0.737544  0.659218  0.526959
-0.937346  0.109451  0.330761  0.667367
-0.316103 -0.666371 -0.675299   1.90127
        0         0         0         1

 0.146498 -0.737544  0.659218  0.526959
-0.937346  0.109451  0.330761  0.667367
-0.316103 -0.666371 -0.675299   1.90127
        0         0         0         1

 0.147167 -0.735673  0.661156  0.529265
-0.930065  0.124569  0.345632   0.64326
-0.336631 -0.665784 -0.665891    1.8824
        0         0         0         1

 0.147167 -0.735673  0.661156  0.529265
-0.930065  0.124569  0.345632   0.64326
-0.336631 -0.665784 -0.665891    1.8824
        0         0         0         1

 0.150146 -0.732825  0.663645  0.528421
-0.919178  0.143734  0.366676  0.608505
-0.364098 -0.665063 -0.652015   1.85155
        0         0         0         1

 0.150146 -0.732825  0.663645  0.528421
-0.919178  0.143734  0.366676  0.608505
-0.364098 -0.665063 -0.652015   1.85155
        0         0         0         1

 0.143407 -0.737754  0.659662  0.532864
-0.914499   0.15602  0.373296  0.590679
-0.378321 -0.656793   -0.6523   1.82995
        0         0         0         1

 0.143407 -0.737754  0.659662  0.532864
-0.914499   0.15602  0.373296  0.590679
-0.378321 -0.656793   -0.6523   1.82995
        0         0         0         1

 0.142512   -0.7451  0.651549  0.534413
 -0.90333   0.17116  0.393319  0.567703
-0.404581 -0.644616 -0.648679   1.81468
        0         0         0         1

 0.142512   -0.7451  0.651549  0.534413
 -0.90333   0.17116  0.393319  0.567703
-0.404581 -0.644616 -0.648679   1.81468
        0         0         0         1

 0.138346 -0.747875  0.649264   0.53576
-0.891997  0.190772  0.409814  0.540658
-0.430351 -0.635837  -0.64071   1.78175
        0         0         0         1

 0.138346 -0.747875  0.649264   0.53576
-0.891997  0.190772  0.409814  0.540658
-0.430351 -0.635837  -0.64071   1.78175
        0         0         0         1

 0.131161 -0.748816   0.64967  0.538656
-0.885667  0.205925  0.416159  0.525613
 -0.44541 -0.629975 -0.636193   1.75935
        0         0         0         1

 0.131161 -0.748816   0.64967  0.538656
-0.885667  0.205925  0.416159  0.525613
 -0.44541 -0.629975 -0.636193   1.75935
        0         0         0         1

 0.117095  -0.75109  0.649733  0.543574
-0.873654  0.233195  0.427023  0.503642
-0.472247 -0.617644 -0.628886    1.7274
        0         0         0         1

 0.117095  -0.75109  0.649733  0.543574
-0.873654  0.233195  0.427023  0.503642
-0.472247 -0.617644 -0.628886    1.7274
        0         0         0         1

 0.112807 -0.747992  0.654051  0.543978
 -0.86488  0.250127  0.435223  0.488656
 -0.48914 -0.614771 -0.618707   1.70666
        0         0         0         1

 0.112807 -0.747992  0.654051  0.543978
 -0.86488  0.250127  0.435223  0.488656
 -0.48914 -0.614771 -0.618707   1.70666
        0         0         0         1

 0.107865 -0.742738  0.660837  0.544529
-0.856239  0.268375  0.441395  0.475446
-0.505194 -0.613446 -0.607012   1.68671
        0         0         0         1

 0.107865 -0.742738  0.660837  0.544529
-0.856239  0.268375  0.441395  0.475446
-0.505194 -0.613446 -0.607012   1.68671
        0         0         0         1

0.0982516 -0.725543  0.681127  0.544876
 -0.84896  0.296009  0.437773  0.459863
-0.519243 -0.621261 -0.586874   1.65148
        0         0         0         1

0.0982516 -0.725543  0.681127  0.544876
 -0.84896  0.296009  0.437773  0.459863
-0.519243 -0.621261 -0.586874   1.65148
        0         0         0         1

0.0886575 -0.718657   0.68969  0.545137
-0.841298  0.316664  0.438111  0.448661
-0.533251 -0.619076  -0.57653   1.63236
        0         0         0         1

0.0886575 -0.718657   0.68969  0.545137
-0.841298  0.316664  0.438111  0.448661
-0.533251 -0.619076  -0.57653   1.63236
        0         0         0         1

0.0703182 -0.712607   0.69803  0.546178
-0.830021  0.346329  0.437175  0.434293
-0.553282 -0.610121 -0.567125   1.60455
        0         0         0         1

0.0703182 -0.712607   0.69803  0.546178
-0.830021  0.346329  0.437175  0.434293
-0.553282 -0.610121 -0.567125   1.60455
        0         0         0         1

0.0591389 -0.708045  0.703687  0.546152
-0.822205  0.365214  0.436575  0.425788
-0.566111 -0.604393  -0.56056   1.58599
        0         0         0         1

0.0591389 -0.708045  0.703687  0.546152
-0.822205  0.365214  0.436575  0.425788
-0.566111 -0.604393  -0.56056   1.58599
        0         0         0         1

0.0472457 -0.703027  0.709592  0.547056
 -0.81511  0.383483  0.434207   0.41904
-0.577376  -0.59891 -0.554927   1.56821
        0         0         0         1

0.0472457 -0.703027  0.709592  0.547056
 -0.81511  0.383483  0.434207   0.41904
-0.577376  -0.59891 -0.554927   1.56821
        0         0         0         1

0.0351346 -0.696541  0.716656  0.545775
-0.804376  0.405851  0.433894  0.407785
-0.593081 -0.591706 -0.546021   1.54283
        0         0         0         1

0.0351346 -0.696541  0.716656  0.545775
-0.804376  0.405851  0.433894  0.407785
-0.593081 -0.591706 -0.546021   1.54283
        0         0         0         1

0.0225069 -0.694521   0.71912  0.546957
-0.797714  0.421097  0.431659  0.401672
-0.602616 -0.583367 -0.544552   1.52804
        0         0         0         1

0.0225069 -0.694521   0.71912  0.546957
-0.797714  0.421097  0.431659  0.401672
-0.602616 -0.583367 -0.544552   1.52804
        0         0         0         1

0.0126702  -0.68777  0.725818  0.546354
-0.790334  0.437779  0.428627  0.392765
-0.612545 -0.579069 -0.538022   1.50721
        0         0         0         1

0.0126702  -0.68777  0.725818  0.546354
-0.790334  0.437779  0.428627  0.392765
-0.612545 -0.579069 -0.538022   1.50721
        0         0         0         1

0.0101552 -0.682054  0.731232  0.544788
-0.787492  0.445206  0.426201  0.387057
-0.616241 -0.580168 -0.532591   1.49265
        0         0         0         1

0.0101552 -0.682054  0.731232  0.544788
-0.787492  0.445206  0.426201  0.387057
-0.616241 -0.580168 -0.532591   1.49265
        0         0         0         1

0.00482242 -0.674157  0.738573   0.54568
-0.786806  0.453286  0.418889   0.38309
-0.617182 -0.583133 -0.528244   1.47975
        0         0         0         1

0.00482242 -0.674157  0.738573   0.54568
-0.786806  0.453286  0.418889   0.38309
-0.617182 -0.583133 -0.528244   1.47975
        0         0         0         1

-0.00450053 -0.669497  0.742801  0.546629
-0.785412  0.462137  0.411773  0.376882
-0.618957 -0.581551 -0.527911   1.46527
        0         0         0         1

-0.00450053 -0.669497  0.742801  0.546629
-0.785412  0.462137  0.411773  0.376882
-0.618957 -0.581551 -0.527911   1.46527
        0         0         0         1

-0.00741223 -0.666327  0.745623   0.54674
-0.786391   0.46447  0.407256  0.373516
-0.617685 -0.583332 -0.527436   1.45486
        0         0         0         1

-0.00741223 -0.666327  0.745623   0.54674
-0.786391   0.46447  0.407256  0.373516
-0.617685 -0.583332 -0.527436   1.45486
        0         0         0         1

-0.00966068 -0.663463  0.748146  0.546913
-0.785606  0.467921  0.404812  0.369277
-0.618651 -0.583838 -0.525742   1.44187
        0         0         0         1

-0.00966068 -0.663463  0.748146  0.546913
-0.785606  0.467921  0.404812  0.369277
-0.618651 -0.583838 -0.525742   1.44187
        0         0         0         1

-0.010923 -0.663598   0.74801  0.547377
-0.785347  0.468736  0.404371  0.367031
-0.618959  -0.58303 -0.526275   1.43439
        0         0         0         1

-0.010923 -0.663598   0.74801  0.547377
-0.785347  0.468736  0.404371  0.367031
-0.618959  -0.58303 -0.526275   1.43439
        0         0         0         1

-0.0154968 -0.664014   0.74756  0.548576
-0.785407  0.470775   0.40188  0.365823
-0.618786 -0.580911 -0.528816   1.42863
        0         0         0         1

-0.0154968 -0.664014   0.74756  0.548576
-0.785407  0.470775   0.40188  0.365823
-0.618786 -0.580911 -0.528816   1.42863
        0         0         0         1

-0.0167174 -0.662317  0.749038  0.548212
-0.786999  0.470797  0.398725  0.363534
-0.616727 -0.582826 -0.529113   1.41839
        0         0         0         1

-0.0167174 -0.662317  0.749038  0.548212
-0.786999  0.470797  0.398725  0.363534
-0.616727 -0.582826 -0.529113   1.41839
        0         0         0         1

-0.0154859 -0.659791   0.75129  0.547007
-0.787752  0.470804  0.397228  0.362191
-0.615798 -0.585678 -0.527043   1.41213
        0         0         0         1

-0.0154859 -0.659791   0.75129  0.547007
-0.787752  0.470804  0.397228  0.362191
-0.615798 -0.585678 -0.527043   1.41213
        0         0         0         1

-0.0176862 -0.658642  0.752248  0.546447
-0.789409  0.470932  0.393772  0.361102
-0.613612 -0.586868 -0.528268   1.40511
        0         0         0         1

-0.0176862 -0.658642  0.752248  0.546447
-0.789409  0.470932  0.393772  0.361102
-0.613612 -0.586868 -0.528268   1.40511
        0         0         0         1

 -0.02306 -0.658245  0.752451  0.546438
-0.789923  0.473322  0.389855  0.361089
-0.612772 -0.585388 -0.530878   1.40241
        0         0         0         1

 -0.02306 -0.658245  0.752451  0.546438
-0.789923  0.473322  0.389855  0.361089
-0.612772 -0.585388 -0.530878   1.40241
        0         0         0         1

-0.0269273  -0.65622  0.754089  0.544502
-0.789792  0.476394  0.386363  0.360289
-0.612783  -0.58517 -0.531106   1.39865
        0         0         0         1

-0.0269273  -0.65622  0.754089  0.544502
-0.789792  0.476394  0.386363  0.360289
-0.612783  -0.58517 -0.531106   1.39865
        0         0         0         1

-0.0289893 -0.652894  0.756894  0.541493
-0.789356  0.479509   0.38339  0.359876
-0.613251 -0.586345 -0.529266   1.39227
        0         0         0         1

-0.0289893 -0.652894  0.756894  0.541493
-0.789356  0.479509   0.38339  0.359876
-0.613251 -0.586345 -0.529266   1.39227
        0         0         0         1

-0.031921 -0.655875  0.754195   0.53959
-0.788816  0.479928  0.383976  0.359484
  -0.6138 -0.582664 -0.532684   1.39054
        0         0         0         1

-0.031921 -0.655875  0.754195   0.53959
-0.788816  0.479928  0.383976  0.359484
  -0.6138 -0.582664 -0.532684   1.39054
        0         0         0         1

-0.0303439 -0.653277  0.756511  0.537317
-0.790328  0.479041  0.381971  0.358761
-0.611933 -0.586301 -0.530839    1.3886
        0         0         0         1

-0.0303439 -0.653277  0.756511  0.537317
-0.790328  0.479041  0.381971  0.358761
-0.611933 -0.586301 -0.530839    1.3886
        0         0         0         1

-0.0273296 -0.651813  0.757887  0.536316
-0.793382  0.475367  0.380225  0.358228
 -0.60811 -0.590903 -0.530128   1.38676
        0         0         0         1

-0.0273296 -0.651813  0.757887  0.536316
-0.793382  0.475367  0.380225  0.358228
 -0.60811 -0.590903 -0.530128   1.38676
        0         0         0         1

-0.0246291  -0.65386  0.756214  0.535873
-0.796295   0.47017  0.380598   0.35748
-0.604407 -0.592796 -0.532245   1.38675
        0         0         0         1

-0.0246291  -0.65386  0.756214  0.535873
-0.796295   0.47017  0.380598   0.35748
-0.604407 -0.592796 -0.532245   1.38675
        0         0         0         1

-0.018932 -0.656157  0.754387  0.536199
-0.799199  0.463306  0.382921  0.357673
-0.600769 -0.595656 -0.533171   1.38553
        0         0         0         1

-0.018932 -0.656157  0.754387  0.536199
-0.799199  0.463306  0.382921  0.357673
-0.600769 -0.595656 -0.533171   1.38553
        0         0         0         1

-0.016637 -0.657209  0.753525  0.536924
-0.799826  0.460989  0.384406   0.35854
-0.600001 -0.596293 -0.533322   1.38491
        0         0         0         1

-0.016637 -0.657209  0.753525  0.536924
-0.799826  0.460989  0.384406   0.35854
-0.600001 -0.596293 -0.533322   1.38491
        0         0         0         1

-0.0148639 -0.659398  0.751647     0.537
-0.798695  0.460085  0.387825  0.358975
-0.601552 -0.594572 -0.533497   1.38524
        0         0         0         1

-0.0148639 -0.659398  0.751647     0.537
-0.798695  0.460085  0.387825  0.358975
-0.601552 -0.594572 -0.533497   1.38524
        0         0         0         1

-0.0118818 -0.665044   0.74671   0.53747
-0.797923  0.456368  0.393759  0.360442
-0.602642 -0.591139 -0.536076    1.3841
        0         0         0         1

-0.0118818 -0.665044   0.74671   0.53747
-0.797923  0.456368  0.393759  0.360442
-0.602642 -0.591139 -0.536076    1.3841
        0         0         0         1

-0.00923542 -0.669695  0.742578  0.538556
-0.796112  0.454281  0.399793  0.362704
-0.605078 -0.587484 -0.537348   1.38349
        0         0         0         1

-0.00923542 -0.669695  0.742578  0.538556
-0.796112  0.454281  0.399793  0.362704
-0.605078 -0.587484 -0.537348   1.38349
        0         0         0         1

-0.00806854 -0.677989  0.735028  0.540163
-0.793922  0.451244  0.407512  0.366529
-0.607966 -0.580267 -0.541912    1.3857
        0         0         0         1

-0.00806854 -0.677989  0.735028  0.540163
-0.793922  0.451244  0.407512  0.366529
-0.607966 -0.580267 -0.541912    1.3857
        0         0         0         1

-0.0067419 -0.681743  0.731561   0.54127
-0.795021  0.447399  0.409605  0.369684
-0.606545 -0.578845 -0.545016   1.38725
        0         0         0         1

-0.0067419 -0.681743  0.731561   0.54127
-0.795021  0.447399  0.409605  0.369684
-0.606545 -0.578845 -0.545016   1.38725
        0         0         0         1

-0.00665316 -0.687254  0.726387  0.542221
-0.796685   0.44266  0.411516  0.372981
-0.604359 -0.575963  -0.55047   1.39032
        0         0         0         1

-0.00665316 -0.687254  0.726387  0.542221
-0.796685   0.44266  0.411516  0.372981
-0.604359 -0.575963  -0.55047   1.39032
        0         0         0         1

-0.00734755 -0.691433  0.722403  0.543052
-0.801262  0.436285  0.409432  0.378429
-0.598269 -0.575826 -0.557225   1.39664
        0         0         0         1

-0.00734755 -0.691433  0.722403  0.543052
-0.801262  0.436285  0.409432  0.378429
-0.598269 -0.575826 -0.557225   1.39664
        0         0         0         1

-0.0012089 -0.691552  0.722326  0.542484
-0.804102  0.430089   0.41042  0.381867
-0.594491 -0.580327 -0.556598   1.40082
        0         0         0         1

-0.0012089 -0.691552  0.722326  0.542484
-0.804102  0.430089   0.41042  0.381867
-0.594491 -0.580327 -0.556598   1.40082
        0         0         0         1

0.00862723 -0.691658  0.722173  0.543016
-0.808798   0.41986  0.411781  0.388442
-0.588024 -0.587645 -0.555789   1.41103
        0         0         0         1

0.00862723 -0.691658  0.722173  0.543016
-0.808798   0.41986  0.411781  0.388442
-0.588024 -0.587645 -0.555789   1.41103
        0         0         0         1

0.0167286 -0.690652  0.722994  0.542942
-0.813463  0.411048  0.411482  0.392701
-0.581376 -0.595012 -0.554943   1.41821
        0         0         0         1

0.0167286 -0.690652  0.722994  0.542942
-0.813463  0.411048  0.411482  0.392701
-0.581376 -0.595012 -0.554943   1.41821
        0         0         0         1

0.0231764 -0.689238  0.724164    0.5423
-0.822611  0.398495  0.405603  0.400497
-0.568132 -0.605106 -0.557739   1.43095
        0         0         0         1

0.0231764 -0.689238  0.724164    0.5423
-0.822611  0.398495  0.405603  0.400497
-0.568132 -0.605106 -0.557739   1.43095
        0         0         0         1

0.0268699 -0.689056  0.724209  0.541054
-0.828652  0.389858  0.401679  0.405606
-0.559119 -0.610911 -0.560513   1.44118
        0         0         0         1

0.0268699 -0.689056  0.724209  0.541054
-0.828652  0.389858  0.401679  0.405606
-0.559119 -0.610911 -0.560513   1.44118
        0         0         0         1

 0.031242 -0.691351  0.721843   0.53985
-0.831902  0.382336  0.402191  0.410647
-0.554042 -0.613068 -0.563191   1.45383
        0         0         0         1

 0.031242 -0.691351  0.721843   0.53985
-0.831902  0.382336  0.402191  0.410647
-0.554042 -0.613068 -0.563191   1.45383
        0         0         0         1

0.0382648 -0.696004  0.717018  0.538882
-0.840675   0.36547  0.399622  0.420592
-0.540187  -0.61807 -0.571128    1.4719
        0         0         0         1

0.0382648 -0.696004  0.717018  0.538882
-0.840675   0.36547  0.399622  0.420592
-0.540187  -0.61807 -0.571128    1.4719
        0         0         0         1

0.0449895 -0.698297  0.714393  0.536933
-0.847127  0.352358  0.397768  0.427532
-0.529482 -0.623077 -0.575694   1.48491
        0         0         0         1

0.0449895 -0.698297  0.714393  0.536933
-0.847127  0.352358  0.397768  0.427532
-0.529482 -0.623077 -0.575694   1.48491
        0         0         0         1

0.0517684 -0.703523  0.708784  0.533718
-0.856343  0.333884  0.393952  0.438283
-0.513806 -0.627357 -0.585172   1.50757
        0         0         0         1

0.0517684 -0.703523  0.708784  0.533718
-0.856343  0.333884  0.393952  0.438283
-0.513806 -0.627357 -0.585172   1.50757
        0         0         0         1

0.0563069  -0.70681  0.705159  0.531914
-0.863476  0.320103    0.3898  0.447153
-0.501238 -0.630836 -0.592289   1.52299
        0         0         0         1

0.0563069  -0.70681  0.705159  0.531914
-0.863476  0.320103    0.3898  0.447153
-0.501238 -0.630836 -0.592289   1.52299
        0         0         0         1

0.0610697 -0.712902    0.6986  0.530196
-0.869415  0.305809  0.388071  0.456779
-0.490294 -0.631072 -0.601132    1.5406
        0         0         0         1

0.0610697 -0.712902    0.6986  0.530196
-0.869415  0.305809  0.388071  0.456779
-0.490294 -0.631072 -0.601132    1.5406
        0         0         0         1

0.0680553 -0.716965  0.693779  0.526518
-0.882054  0.281711   0.37765  0.471878
-0.466207 -0.637652  -0.61323   1.56747
        0         0         0         1

0.0680553 -0.716965  0.693779  0.526518
-0.882054  0.281711   0.37765  0.471878
-0.466207 -0.637652  -0.61323   1.56747
        0         0         0         1

0.0695143 -0.717688  0.692886   0.52419
-0.891469  0.267032  0.366028  0.483532
-0.447717 -0.643131 -0.621234   1.58641
        0         0         0         1

0.0695143 -0.717688  0.692886   0.52419
-0.891469  0.267032  0.366028  0.483532
-0.447717 -0.643131 -0.621234   1.58641
        0         0         0         1

0.0714779 -0.723523  0.686589  0.520803
-0.902767  0.245785   0.35299   0.50234
 -0.42415 -0.645061 -0.635604    1.6178
        0         0         0         1

0.0714779 -0.723523  0.686589  0.520803
-0.902767  0.245785   0.35299   0.50234
 -0.42415 -0.645061 -0.635604    1.6178
        0         0         0         1

0.0754724 -0.730756  0.678454  0.518387
-0.908125  0.230644  0.349446  0.515445
-0.411841 -0.642495 -0.646211   1.64081
        0         0         0         1

0.0754724 -0.730756  0.678454  0.518387
-0.908125  0.230644  0.349446  0.515445
-0.411841 -0.642495 -0.646211   1.64081
        0         0         0         1

0.0798382 -0.734948  0.673407  0.516456
-0.915695  0.212857  0.340873  0.531323
-0.393863  -0.64385 -0.655994   1.66203
        0         0         0         1

0.0798382 -0.734948  0.673407  0.516456
-0.915695  0.212857  0.340873  0.531323
-0.393863  -0.64385 -0.655994   1.66203
        0         0         0         1

0.0834761 -0.743808   0.66316  0.513378
-0.926166  0.187687  0.327094   0.55536
-0.367761 -0.641501 -0.673222   1.69669
        0         0         0         1

0.0834761 -0.743808   0.66316  0.513378
-0.926166  0.187687  0.327094   0.55536
-0.367761 -0.641501 -0.673222   1.69669
        0         0         0         1

0.0866752 -0.750551  0.655103  0.511289
-0.931453  0.172205  0.320533  0.571826
-0.353389  -0.63798 -0.684177    1.7219
        0         0         0         1

0.0866752 -0.750551  0.655103  0.511289
-0.931453  0.172205  0.320533  0.571826
-0.353389  -0.63798 -0.684177    1.7219
        0         0         0         1

0.0876613 -0.759094  0.645052  0.510932
-0.936053  0.158743  0.314016  0.590516
-0.340765  -0.63133 -0.696636   1.74803
        0         0         0         1

0.0876613 -0.759094  0.645052  0.510932
-0.936053  0.158743  0.314016  0.590516
-0.340765  -0.63133 -0.696636   1.74803
        0         0         0         1

0.0921926 -0.769371  0.632114  0.506974
-0.945023  0.132413  0.298995  0.620977
-0.313738 -0.624928 -0.714866   1.78402
        0         0         0         1

0.0921926 -0.769371  0.632114  0.506974
-0.945023  0.132413  0.298995  0.620977
-0.313738 -0.624928 -0.714866   1.78402
        0         0         0         1

0.0933037 -0.772093  0.628623   0.50555
 -0.95049  0.118898  0.287111  0.643137
-0.296418 -0.624288 -0.722773   1.80801
        0         0         0         1

0.0933037 -0.772093  0.628623   0.50555
 -0.95049  0.118898  0.287111  0.643137
-0.296418 -0.624288 -0.722773   1.80801
        0         0         0         1

0.0917564 -0.780389  0.618525  0.507433
-0.958688 0.0987248  0.266779  0.679641
-0.269255 -0.617451 -0.739091   1.84334
        0         0         0         1

0.0917564 -0.780389  0.618525  0.507433
-0.958688 0.0987248  0.266779  0.679641
-0.269255 -0.617451 -0.739091   1.84334
        0         0         0         1

 0.088053  -0.78667  0.611062  0.509708
-0.963254 0.0890229   0.25341   0.70553
-0.253748 -0.610921 -0.749925    1.8667
        0         0         0         1

 0.088053  -0.78667  0.611062  0.509708
-0.963254 0.0890229   0.25341   0.70553
-0.253748 -0.610921 -0.749925    1.8667
        0         0         0         1

0.0931801 -0.792604  0.602574  0.505121
-0.965948 0.0747553  0.247701  0.727186
-0.241375 -0.605136 -0.758649   1.89305
        0         0         0         1

0.0931801 -0.792604  0.602574  0.505121
-0.965948 0.0747553  0.247701  0.727186
-0.241375 -0.605136 -0.758649   1.89305
        0         0         0         1

0.0882155 -0.806426  0.584718  0.507827
-0.971006 0.0613157  0.231059   0.76665
-0.222185 -0.588147 -0.777636   1.93339
        0         0         0         1

0.0882155 -0.806426  0.584718  0.507827
-0.971006 0.0613157  0.231059   0.76665
-0.222185 -0.588147 -0.777636   1.93339
        0         0         0         1

0.0832226 -0.811874  0.577871  0.510657
-0.975649 0.0517065  0.213154  0.794326
-0.202934 -0.581538 -0.787801   1.95389
        0         0         0         1

0.0832226 -0.811874  0.577871  0.510657
-0.975649 0.0517065  0.213154  0.794326
-0.202934 -0.581538 -0.787801   1.95389
        0         0         0         1

0.0719225 -0.823301   0.56303  0.517732
-0.980213 0.0460288  0.192521  0.837319
-0.184418 -0.565736 -0.803699   1.99179
        0         0         0         1

0.0719225 -0.823301   0.56303  0.517732
-0.980213 0.0460288  0.192521  0.837319
-0.184418 -0.565736 -0.803699   1.99179
        0         0         0         1

0.0788965 -0.826792  0.556948  0.512628
-0.981957 0.0318604    0.1864   0.86333
-0.171858 -0.561605  -0.80936   2.01013
        0         0         0         1

0.0788965 -0.826792  0.556948  0.512628
-0.981957 0.0318604    0.1864   0.86333
-0.171858 -0.561605  -0.80936   2.01013
        0         0         0         1

0.0696526 -0.832866  0.549075  0.520125
-0.984751 0.0305536  0.171265  0.894248
-0.159417 -0.552631 -0.818037   2.03002
        0         0         0         1

0.0696526 -0.832866  0.549075  0.520125
-0.984751 0.0305536  0.171265  0.894248
-0.159417 -0.552631 -0.818037   2.03002
        0         0         0         1

0.0630662 -0.840698  0.537819  0.525259
-0.987647 0.0248802  0.154706  0.936275
-0.143442 -0.540933 -0.828744   2.06447
        0         0         0         1

0.0630662 -0.840698  0.537819  0.525259
-0.987647 0.0248802  0.154706  0.936275
-0.143442 -0.540933 -0.828744   2.06447
        0         0         0         1

0.0491833 -0.842537  0.536388  0.535597
-0.990963 0.0259361  0.131604  0.971026
-0.124793 -0.538013 -0.833648   2.08057
        0         0         0         1

0.0491833 -0.842537  0.536388  0.535597
-0.990963 0.0259361  0.131604  0.971026
-0.124793 -0.538013 -0.833648   2.08057
        0         0         0         1

0.0429577 -0.846377  0.530849  0.542359
-0.993141  0.021657  0.114897    1.0157
-0.108743 -0.532144 -0.839642   2.10539
        0         0         0         1

0.0429577 -0.846377  0.530849  0.542359
-0.993141  0.021657  0.114897    1.0157
-0.108743 -0.532144 -0.839642   2.10539
        0         0         0         1

0.0379931 -0.846688  0.530732  0.541824
-0.994652 0.0190047  0.101522    1.0449
-0.0960438 -0.531751 -0.841437   2.11454
        0         0         0         1

0.0379931 -0.846688  0.530732  0.541824
-0.994652 0.0190047  0.101522    1.0449
-0.0960438 -0.531751 -0.841437   2.11454
        0         0         0         1

0.0311597 -0.851417  0.523563  0.551257
-0.995498 0.0204735 0.0925408   1.07563
 -0.08951  -0.52409 -0.846946   2.13239
        0         0         0         1

0.0311597 -0.851417  0.523563  0.551257
-0.995498 0.0204735 0.0925408   1.07563
 -0.08951  -0.52409 -0.846946   2.13239
        0         0         0         1

0.0220206 -0.856846  0.515102  0.561509
-0.997298 0.0172949 0.0714035   1.12437
-0.0700905 -0.515282 -0.854149   2.14783
        0         0         0         1

0.0220206 -0.856846  0.515102  0.561509
-0.997298 0.0172949 0.0714035   1.12437
-0.0700905 -0.515282 -0.854149   2.14783
        0         0         0         1

 0.0291786  -0.855862   0.516381   0.545861
 -0.997589 0.00760998  0.0689827    1.14698
-0.0629693  -0.517149  -0.853576    2.15781
         0          0          0          1

 0.0291786  -0.855862   0.516381   0.545861
 -0.997589 0.00760998  0.0689827    1.14698
-0.0629693  -0.517149  -0.853576    2.15781
         0          0          0          1

0.0156465 -0.860718  0.508842  0.558986
-0.998274 0.0153663 0.0566886   1.18785
-0.056612  -0.50885 -0.858991   2.18005
        0         0         0         1

0.0156465 -0.860718  0.508842  0.558986
-0.998274 0.0153663 0.0566886   1.18785
-0.056612  -0.50885 -0.858991   2.18005
        0         0         0         1

0.00385388 -0.863988  0.503498   0.57228
-0.998669  0.022569 0.0463718   1.22011
-0.0514281 -0.503007 -0.862751   2.18239
        0         0         0         1

