 0.697878 -0.537863  0.472938   1.43838
 -0.67138 -0.261315  0.693515   1.07371
-0.249431  -0.80151 -0.543476   1.84758
        0         0         0         1

 0.691902 -0.545668  0.472776   1.44702
-0.673634 -0.252287  0.694671   1.06787
-0.259784 -0.799123 -0.542139   1.84015
        0         0         0         1

 0.686396  -0.55464  0.470356   1.45497
-0.672592 -0.238211  0.700626   1.05689
-0.276551 -0.797264 -0.536553   1.82511
        0         0         0         1

 0.680283  -0.56312   0.46916   1.46069
 -0.66888 -0.215242  0.711527   1.04001
-0.299692 -0.797852 -0.523084   1.81002
        0         0         0         1

 0.680283  -0.56312   0.46916   1.46069
 -0.66888 -0.215242  0.711527   1.04001
-0.299692 -0.797852 -0.523084   1.81002
        0         0         0         1

 0.671936 -0.573415  0.468719   1.46726
-0.663125 -0.183988  0.725543   1.01893
-0.329799 -0.798338 -0.503874   1.77939
        0         0         0         1

 0.671936 -0.573415  0.468719   1.46726
-0.663125 -0.183988  0.725543   1.01893
-0.329799 -0.798338 -0.503874   1.77939
        0         0         0         1

 0.667595  -0.57552  0.472327   1.47352
-0.655862 -0.154352  0.738932   1.00376
-0.352365 -0.803089 -0.480507    1.7636
        0         0         0         1

 0.667595  -0.57552  0.472327   1.47352
-0.655862 -0.154352  0.738932   1.00376
-0.352365 -0.803089 -0.480507    1.7636
        0         0         0         1

 0.668496 -0.578116  0.467861   1.47533
-0.639997 -0.126731  0.757854  0.985911
-0.378835 -0.806053 -0.454712   1.73465
        0         0         0         1

 0.668496 -0.578116  0.467861   1.47533
-0.639997 -0.126731  0.757854  0.985911
-0.378835 -0.806053 -0.454712   1.73465
        0         0         0         1

 0.665063 -0.581263  0.468854    1.4788
-0.639918 -0.119933  0.759027  0.981878
-0.384963 -0.804829 -0.451723   1.72745
        0         0         0         1

  0.66115  -0.58659  0.467753   1.48186
 -0.63626 -0.108011  0.763876  0.973757
-0.397559  -0.80265 -0.444635   1.71379
        0         0         0         1

  0.653414  -0.594891   0.468139    1.48872
  -0.63057 -0.0855614   0.771402   0.962124
 -0.418846   -0.79924  -0.431027    1.69581
         0          0          0          1

  0.653414  -0.594891   0.468139    1.48872
  -0.63057 -0.0855614   0.771402   0.962124
 -0.418846   -0.79924  -0.431027    1.69581
         0          0          0          1

  0.652633  -0.596107   0.467682    1.48964
 -0.627047 -0.0784579    0.77502   0.958797
 -0.425302  -0.799062  -0.424991    1.69109
         0          0          0          1

  0.649193  -0.599082   0.468668    1.49221
 -0.617589 -0.0554939   0.784541   0.948116
 -0.443996  -0.798763  -0.406013    1.66885
         0          0          0          1

  0.645097  -0.603349   0.468849    1.49642
 -0.610281 -0.0376131   0.791292   0.940113
  -0.45979   -0.79659  -0.392476    1.65138
         0          0          0          1

  0.645097  -0.603349   0.468849    1.49642
 -0.610281 -0.0376131   0.791292   0.940113
  -0.45979   -0.79659  -0.392476    1.65138
         0          0          0          1

  0.632966  -0.611868   0.474311    1.50049
 -0.604718 -0.0082146   0.796397   0.928197
 -0.483394  -0.790917  -0.375208    1.62401
         0          0          0          1

  0.632966  -0.611868   0.474311    1.50049
 -0.604718 -0.0082146   0.796397   0.928197
 -0.483394  -0.790917  -0.375208    1.62401
         0          0          0          1

    0.631982    -0.612245     0.475138      1.50055
   -0.601012 -0.000130385      0.79924      0.92596
   -0.489268    -0.790668    -0.368049      1.62083
           0            0            0            1

 0.623983 -0.615859  0.481003   1.50521
-0.599693 0.0172524  0.800044  0.920169
-0.501013 -0.787668 -0.358561   1.60901
        0         0         0         1

 0.621513 -0.614106  0.486411   1.50524
-0.590704 0.0404731  0.805872  0.915053
-0.514578 -0.788185 -0.337601   1.59337
        0         0         0         1

 0.621513 -0.614106  0.486411   1.50524
-0.590704 0.0404731  0.805872  0.915053
-0.514578 -0.788185 -0.337601   1.59337
        0         0         0         1

 0.612441 -0.611407  0.501096   1.50978
-0.585486 0.0750854  0.807198  0.907153
-0.531152 -0.787746 -0.311985   1.57257
        0         0         0         1

 0.612441 -0.611407  0.501096   1.50978
-0.585486 0.0750854  0.807198  0.907153
-0.531152 -0.787746 -0.311985   1.57257
        0         0         0         1

 0.611707 -0.611679   0.50166   1.50884
-0.583355 0.0795458  0.808313  0.906178
-0.534333 -0.787096 -0.308168   1.56821
        0         0         0         1

 0.602876 -0.615974  0.507067   1.51177
-0.585778 0.0897508  0.805487  0.903734
-0.541669 -0.782637 -0.306716   1.55657
        0         0         0         1

 0.588526 -0.621907  0.516594   1.51374
-0.584923  0.113576  0.803098  0.897999
-0.558124 -0.774811 -0.296926   1.53893
        0         0         0         1

 0.588526 -0.621907  0.516594   1.51374
-0.584923  0.113576  0.803098  0.897999
-0.558124 -0.774811 -0.296926   1.53893
        0         0         0         1

 0.580993 -0.623664  0.522963   1.51625
 -0.58546   0.12612  0.800831  0.894389
-0.565405 -0.771451 -0.291856   1.52599
        0         0         0         1

 0.580993 -0.623664  0.522963   1.51625
 -0.58546   0.12612  0.800831  0.894389
-0.565405 -0.771451 -0.291856   1.52599
        0         0         0         1

 0.577506 -0.623334  0.527202   1.51515
 -0.58073   0.14022   0.80193  0.891474
-0.573795 -0.769281 -0.281011   1.51628
        0         0         0         1

 0.577506 -0.623334  0.527202   1.51515
 -0.58073   0.14022   0.80193  0.891474
-0.573795 -0.769281 -0.281011   1.51628
        0         0         0         1

 0.572765  -0.62132  0.534697   1.51444
-0.576425  0.158492  0.801632  0.887332
-0.582816  -0.76736 -0.267366   1.50474
        0         0         0         1

 0.572765  -0.62132  0.534697   1.51444
-0.576425  0.158492  0.801632  0.887332
-0.582816  -0.76736 -0.267366   1.50474
        0         0         0         1

 0.562091   -0.6236  0.543301   1.52077
-0.579853  0.171288  0.796512  0.883245
-0.589766 -0.762747 -0.265317   1.49576
        0         0         0         1

 0.562091   -0.6236  0.543301   1.52077
-0.579853  0.171288  0.796512  0.883245
-0.589766 -0.762747 -0.265317   1.49576
        0         0         0         1

 0.560187 -0.623033  0.545912   1.52052
-0.573799  0.183462  0.798183  0.878476
-0.597449 -0.760376 -0.254723    1.4858
        0         0         0         1

 0.560187 -0.623033  0.545912   1.52052
-0.573799  0.183462  0.798183  0.878476
-0.597449 -0.760376 -0.254723    1.4858
        0         0         0         1

 0.558169 -0.623325  0.547643   1.52197
-0.573714  0.186882   0.79745  0.877369
-0.599415 -0.759303 -0.253299   1.48362
        0         0         0         1

 0.557457  -0.62318  0.548533   1.52288
-0.571175  0.191609  0.798151  0.875421
-0.602495 -0.758244 -0.249131   1.47869
        0         0         0         1

 0.557927 -0.623345  0.547867   1.52231
-0.568499  0.193868  0.799515   0.87446
-0.604587 -0.757533 -0.246207   1.47702
        0         0         0         1

  0.55842 -0.624713  0.545803   1.52137
-0.566864  0.193009  0.800882  0.873743
-0.605667 -0.756625 -0.246347   1.46985
        0         0         0         1

 0.556805 -0.624347  0.547867   1.52444
-0.565929  0.197656   0.80041  0.872451
-0.608023 -0.755727  -0.24328   1.46988
        0         0         0         1

0.554074 -0.62772 0.546782  1.52718
-0.56285 0.201456 0.801633 0.869722
-0.613353 -0.75192 -0.24169  1.46421
       0        0        0        1

 0.554463 -0.628156  0.545885   1.52746
-0.560902    0.2025  0.802735  0.869222
-0.614785 -0.751274 -0.240055   1.46357
        0         0         0         1

 0.552983 -0.630743  0.544402   1.52859
-0.558853  0.203836  0.803825  0.868262
-0.617976 -0.748742 -0.239774    1.4604
        0         0         0         1

  0.55292  -0.63384  0.540857    1.5287
-0.552723  0.206727  0.807317  0.867226
-0.623519 -0.745326 -0.236034   1.45339
        0         0         0         1

  0.55292  -0.63384  0.540857    1.5287
-0.552723  0.206727  0.807317  0.867226
-0.623519 -0.745326 -0.236034   1.45339
        0         0         0         1

 0.552586 -0.633566  0.541519   1.52962
-0.551947  0.208658  0.807352  0.866755
-0.624503 -0.745021 -0.234393   1.45202
        0         0         0         1

 0.554077 -0.632423  0.541331    1.5295
-0.547472  0.213041  0.809252  0.866567
-0.627115 -0.744752 -0.228193    1.4501
        0         0         0         1

 0.557457 -0.628502  0.542427   1.52872
-0.542951   0.21827  0.810902  0.866606
-0.628049 -0.746555  -0.21957   1.44463
        0         0         0         1

 0.557457 -0.628502  0.542427   1.52872
-0.542951   0.21827  0.810902  0.866606
-0.628049 -0.746555  -0.21957   1.44463
        0         0         0         1

 0.557061 -0.625969  0.545753   1.53094
-0.542337  0.223474  0.809895  0.866047
-0.628931 -0.747143 -0.214997   1.44392
        0         0         0         1

 0.563755 -0.616426  0.549727   1.53144
-0.536466  0.232783  0.811182  0.866289
-0.628001 -0.752218 -0.199459   1.43658
        0         0         0         1

   0.5695 -0.609972  0.551002   1.53045
-0.532228  0.237208   0.81269  0.866893
 -0.62642 -0.756086 -0.189554   1.43614
        0         0         0         1

 0.578643 -0.597212  0.555437   1.52951
-0.525839  0.247396  0.813811  0.867609
-0.623431 -0.762977 -0.170883   1.43385
        0         0         0         1

 0.597471   -0.5672  0.566844   1.53319
-0.514795   0.27068  0.813461  0.868323
-0.614828 -0.777828 -0.130268   1.42906
        0         0         0         1

 0.597471   -0.5672  0.566844   1.53319
-0.514795   0.27068  0.813461  0.868323
-0.614828 -0.777828 -0.130268   1.42906
        0         0         0         1

 0.601832 -0.562169  0.567243   1.53293
-0.511818  0.273737  0.814316  0.868656
-0.613058 -0.780407 -0.122985   1.42732
        0         0         0         1

 0.611979 -0.552207  0.566171   1.53163
-0.506534  0.276107  0.816815   0.87002
-0.607375 -0.786659  -0.11074   1.42321
        0         0         0         1

  0.621754  -0.538968   0.568275    1.53281
 -0.499954   0.285392   0.817678    0.87139
 -0.602883  -0.792506 -0.0920153    1.41897
         0          0          0          1

  0.621754  -0.538968   0.568275    1.53281
 -0.499954   0.285392   0.817678    0.87139
 -0.602883  -0.792506 -0.0920153    1.41897
         0          0          0          1

  0.629059  -0.529149   0.569461    1.53517
 -0.497383   0.288999   0.817979    0.87266
 -0.597406  -0.797798 -0.0813926    1.41432
         0          0          0          1

  0.629059  -0.529149   0.569461    1.53517
 -0.497383   0.288999   0.817979    0.87266
 -0.597406  -0.797798 -0.0813926    1.41432
         0          0          0          1

  0.631281  -0.530323     0.5659    1.53381
 -0.497305   0.283119    0.82008   0.874126
 -0.595124  -0.799125 -0.0850047     1.4117
         0          0          0          1

  0.631928  -0.531632   0.563946    1.53329
 -0.498257   0.278672   0.821025   0.875724
 -0.593639  -0.799818 -0.0887889    1.40832
         0          0          0          1

  0.631456  -0.532104   0.564029    1.53427
 -0.498577   0.278479   0.820896   0.876104
 -0.593872  -0.799572 -0.0894476    1.40759
         0          0          0          1

  0.633973   -0.52833   0.564752    1.53622
 -0.496645   0.281636    0.82099   0.876772
 -0.592809  -0.800967 -0.0838423    1.40628
         0          0          0          1

  0.636305  -0.527889   0.562538     1.5355
 -0.494324   0.280819   0.822669    0.87764
 -0.592249  -0.801545 -0.0822616    1.40534
         0          0          0          1

  0.638596  -0.526647   0.561104     1.5348
 -0.492664   0.280338   0.823828   0.879018
 -0.591166  -0.802529 -0.0804371      1.402
         0          0          0          1

  0.641215  -0.524303   0.560312    1.53457
 -0.489481    0.28288   0.824856   0.880113
 -0.590976  -0.803172 -0.0752494    1.40095
         0          0          0          1

  0.641215  -0.524303   0.560312    1.53457
 -0.489481    0.28288   0.824856   0.880113
 -0.590976  -0.803172 -0.0752494    1.40095
         0          0          0          1

  0.638604   -0.52563   0.562048    1.53697
 -0.492422   0.282143   0.823356   0.880351
 -0.591358  -0.802564 -0.0786542    1.39857
         0          0          0          1

  0.638604   -0.52563   0.562048    1.53697
 -0.492422   0.282143   0.823356   0.880351
 -0.591358  -0.802564 -0.0786542    1.39857
         0          0          0          1

  0.638041  -0.525904   0.562431    1.53705
  -0.49269   0.282497   0.823075   0.880451
 -0.591744  -0.802259 -0.0788632    1.39855
         0          0          0          1

  0.636881  -0.526761   0.562944    1.53666
 -0.493156    0.28291   0.822654   0.880648
 -0.592605  -0.801551 -0.0795953    1.39816
         0          0          0          1

   0.63396  -0.529521   0.563651    1.53674
 -0.495608   0.281327   0.821723    0.88051
  -0.59369  -0.800289 -0.0840842    1.39643
         0          0          0          1

   0.63396  -0.529521   0.563651    1.53674
 -0.495608   0.281327   0.821723    0.88051
  -0.59369  -0.800289 -0.0840842    1.39643
         0          0          0          1

  0.631298  -0.534664    0.56178    1.53448
 -0.496298   0.278112     0.8224   0.880898
 -0.595946   -0.79799 -0.0897807    1.39653
         0          0          0          1

  0.631298  -0.534664    0.56178    1.53448
 -0.496298   0.278112     0.8224   0.880898
 -0.595946   -0.79799 -0.0897807    1.39653
         0          0          0          1

  0.626159  -0.538931   0.563452    1.53497
 -0.500484   0.276309   0.820469   0.880461
 -0.597863  -0.795743 -0.0967126    1.39613
         0          0          0          1

  0.626159  -0.538931   0.563452    1.53497
 -0.500484   0.276309   0.820469   0.880461
 -0.597863  -0.795743 -0.0967126    1.39613
         0          0          0          1

 0.620783 -0.547977  0.560669   1.53389
-0.502783  0.270447  0.821016  0.879925
 -0.60153 -0.791567 -0.107625   1.39585
        0         0         0         1

 0.620783 -0.547977  0.560669   1.53389
-0.502783  0.270447  0.821016  0.879925
 -0.60153 -0.791567 -0.107625   1.39585
        0         0         0         1

  0.62013 -0.549896  0.559511   1.53324
-0.503467  0.267993  0.821402  0.879865
 -0.60163 -0.791072 -0.110664   1.39545
        0         0         0         1

 0.615302 -0.552782  0.561993   1.53398
-0.506871  0.268568  0.819117  0.879186
-0.603726 -0.788862 -0.114939   1.39518
        0         0         0         1

 0.614504 -0.554871  0.560806    1.5339
-0.507051  0.266803  0.819582  0.879211
-0.604387 -0.787994 -0.117396   1.39505
        0         0         0         1

 0.612158 -0.557188  0.561074   1.53424
-0.506816  0.268176   0.81928  0.878734
 -0.60696  -0.78589 -0.118226   1.39612
        0         0         0         1

 0.607493 -0.562835  0.560508   1.53404
-0.510339  0.264175  0.818392     0.878
-0.608692 -0.783217 -0.126752   1.39678
        0         0         0         1

 0.607493 -0.562835  0.560508   1.53404
-0.510339  0.264175  0.818392     0.878
-0.608692 -0.783217 -0.126752   1.39678
        0         0         0         1

 0.605977 -0.564166  0.560811   1.53271
-0.513873  0.260531  0.817348  0.878344
-0.607229  -0.78348 -0.132034   1.39703
        0         0         0         1

 0.605977 -0.564166  0.560811   1.53271
-0.513873  0.260531  0.817348  0.878344
-0.607229  -0.78348 -0.132034   1.39703
        0         0         0         1

 0.598722 -0.562373  0.570323   1.53213
-0.523858  0.263694  0.809962  0.878114
-0.605891 -0.783711 -0.136724   1.39801
        0         0         0         1

 0.598722 -0.562373  0.570323   1.53213
-0.523858  0.263694  0.809962  0.878114
-0.605891 -0.783711 -0.136724   1.39801
        0         0         0         1

 0.596776 -0.560851   0.57385    1.5292
-0.528074  0.263946  0.807137  0.878062
 -0.60415 -0.784715 -0.138655   1.40061
        0         0         0         1

 0.596776 -0.560851   0.57385    1.5292
-0.528074  0.263946  0.807137  0.878062
 -0.60415 -0.784715 -0.138655   1.40061
        0         0         0         1

 0.595415 -0.560251  0.575847   1.52972
-0.529929  0.264858  0.805621  0.877775
-0.603868 -0.784837 -0.139192   1.40182
        0         0         0         1

  0.59029 -0.561179  0.580203   1.53036
-0.535591  0.265468  0.801666  0.877464
-0.603904 -0.783967  -0.14386   1.40275
        0         0         0         1

 0.589219 -0.561869  0.580624   1.53027
-0.537757  0.263623  0.800825  0.877538
-0.603024 -0.784096 -0.146817   1.40259
        0         0         0         1

 0.584411 -0.563468  0.583924   1.53054
-0.545135  0.260411  0.796878  0.878018
-0.601076 -0.784021 -0.154979   1.40279
        0         0         0         1

  0.58384 -0.564597  0.583405   1.52874
-0.548408   0.25561  0.796186  0.878704
-0.598648 -0.784789 -0.160394    1.4054
        0         0         0         1

  0.58384 -0.564597  0.583405   1.52874
-0.548408   0.25561  0.796186  0.878704
-0.598648 -0.784789 -0.160394    1.4054
        0         0         0         1

 0.581016 -0.564634  0.586182   1.52666
-0.554864  0.252114  0.792821  0.879343
-0.595438 -0.785893 -0.166813   1.41405
        0         0         0         1

 0.581016 -0.564634  0.586182   1.52666
-0.554864  0.252114  0.792821  0.879343
-0.595438 -0.785893 -0.166813   1.41405
        0         0         0         1

 0.580429 -0.563902  0.587466   1.52483
-0.559691  0.247751  0.790801  0.880677
 -0.59148 -0.787803 -0.171808   1.42029
        0         0         0         1

 0.580429 -0.563902  0.587466   1.52483
-0.559691  0.247751  0.790801  0.880677
 -0.59148 -0.787803 -0.171808   1.42029
        0         0         0         1

 0.581532  -0.56111  0.589047   1.52205
-0.564503  0.243061  0.788834  0.882668
-0.585796 -0.791251   -0.1754   1.42723
        0         0         0         1

 0.581532  -0.56111  0.589047   1.52205
-0.564503  0.243061  0.788834  0.882668
-0.585796 -0.791251   -0.1754   1.42723
        0         0         0         1

 0.578629 -0.554389  0.598198   1.52443
-0.577677  0.239176  0.780438  0.883933
-0.575741  -0.79715 -0.181864   1.43654
        0         0         0         1

 0.578629 -0.554389  0.598198   1.52443
-0.577677  0.239176  0.780438  0.883933
-0.575741  -0.79715 -0.181864   1.43654
        0         0         0         1

 0.578793 -0.553335  0.599015   1.52284
-0.580002  0.237024   0.77937  0.885009
-0.573234 -0.798524 -0.183747   1.43903
        0         0         0         1

  0.57871 -0.549981  0.602176   1.52082
 -0.58701  0.231669  0.775724  0.886552
-0.566139 -0.802403 -0.188775   1.44405
        0         0         0         1

 0.578501 -0.544664  0.607188   1.51692
-0.600229  0.219798  0.769035  0.889625
-0.552324 -0.809339  -0.19977   1.46078
        0         0         0         1

 0.578501 -0.544664  0.607188   1.51692
-0.600229  0.219798  0.769035  0.889625
-0.552324 -0.809339  -0.19977   1.46078
        0         0         0         1

 0.579847 -0.542342  0.607982   1.51268
-0.606458  0.210995  0.766609  0.892444
-0.544046 -0.813232 -0.206563   1.47538
        0         0         0         1

 0.579847 -0.542342  0.607982   1.51268
-0.606458  0.210995  0.766609  0.892444
-0.544046 -0.813232 -0.206563   1.47538
        0         0         0         1

 0.575329 -0.542448  0.612165   1.51002
-0.626337   0.18915  0.756257  0.896741
-0.526021 -0.818518 -0.230932   1.49187
        0         0         0         1

 0.575329 -0.542448  0.612165   1.51002
-0.626337   0.18915  0.756257  0.896741
-0.526021 -0.818518 -0.230932   1.49187
        0         0         0         1

 0.569126 -0.538988  0.620957    1.5091
 -0.63685  0.188751  0.747526  0.898236
-0.520114 -0.820893 -0.235831   1.50971
        0         0         0         1

 0.569126 -0.538988  0.620957    1.5091
 -0.63685  0.188751  0.747526  0.898236
-0.520114 -0.820893 -0.235831   1.50971
        0         0         0         1

 0.568644 -0.537129  0.623006   1.50864
-0.641106  0.185142  0.744786  0.899204
 -0.51539 -0.822931 -0.239077   1.51429
        0         0         0         1

 0.569157  -0.53322  0.625889   1.50598
-0.647251  0.178892  0.740988  0.901633
-0.507077 -0.826846  -0.24331   1.52515
        0         0         0         1

 0.563892 -0.525466  0.637112   1.50267
-0.669136  0.161446  0.725391  0.908182
-0.484027 -0.835357  -0.26057   1.54732
        0         0         0         1

 0.563892 -0.525466  0.637112   1.50267
-0.669136  0.161446  0.725391  0.908182
-0.484027 -0.835357  -0.26057   1.54732
        0         0         0         1

 0.564956 -0.519665  0.640915   1.49644
-0.680894  0.145117  0.717861  0.913564
-0.466055 -0.841955 -0.271852   1.56255
        0         0         0         1

 0.564956 -0.519665  0.640915   1.49644
-0.680894  0.145117  0.717861  0.913564
-0.466055 -0.841955 -0.271852   1.56255
        0         0         0         1

 0.563491 -0.518046   0.64351   1.49668
-0.685631  0.141279  0.714108  0.914969
-0.460856 -0.843604 -0.275579   1.56778
        0         0         0         1

 0.562674 -0.512611  0.648559   1.49446
-0.693895  0.133571  0.707579  0.918551
-0.449341 -0.848168 -0.280541   1.58123
        0         0         0         1

 0.562223 -0.508704  0.652017   1.48845
-0.712415  0.102456  0.694239  0.929283
-0.419965 -0.854823 -0.304806   1.60504
        0         0         0         1

 0.562223 -0.508704  0.652017   1.48845
-0.712415  0.102456  0.694239  0.929283
-0.419965 -0.854823 -0.304806   1.60504
        0         0         0         1

 0.562159 -0.507182  0.653256   1.48695
-0.715973   0.09691  0.691369  0.931557
-0.413957 -0.856373  -0.30865   1.61149
        0         0         0         1

 0.561607 -0.503488   0.65658   1.48462
 -0.72119 0.0910892  0.686722  0.935787
-0.405564 -0.859187 -0.311954   1.62991
        0         0         0         1

 0.560584 -0.503096  0.657754   1.48399
-0.725911 0.0836818  0.682679  0.938088
-0.398495 -0.860169 -0.318293   1.63452
        0         0         0         1

 0.556843 -0.498487  0.664407   1.48121
 -0.73935 0.0670684  0.669973  0.947234
-0.378534 -0.864299  -0.33121   1.65873
        0         0         0         1

  0.56109 -0.491425  0.666092    1.4711
-0.746959 0.0461603  0.663265  0.958475
-0.356692 -0.869696 -0.341175   1.67664
        0         0         0         1

  0.56109 -0.491425  0.666092    1.4711
-0.746959 0.0461603  0.663265  0.958475
-0.356692 -0.869696 -0.341175   1.67664
        0         0         0         1

 0.560145 -0.483081  0.672956   1.46825
-0.758413  0.027732  0.651184  0.969629
-0.333237 -0.875136 -0.350841   1.69467
        0         0         0         1

 0.560145 -0.483081  0.672956   1.46825
-0.758413  0.027732  0.651184  0.969629
-0.333237 -0.875136 -0.350841   1.69467
        0         0         0         1

 0.560302 -0.479693  0.675245    1.4668
-0.761535 0.0222935   0.64774  0.972733
 -0.32577 -0.877153 -0.352812   1.70169
        0         0         0         1

   0.559198   -0.472325    0.681327     1.46236
  -0.773745 -0.00224584    0.633493    0.987128
  -0.297684   -0.881422   -0.366715     1.72575
          0           0           0           1

   0.558799   -0.469851    0.683362     1.46038
  -0.777038 -0.00873704    0.629393     0.99088
   -0.28975   -0.882703   -0.369975     1.73283
          0           0           0           1

  0.557691  -0.466526   0.686538    1.45809
 -0.783072 -0.0214041   0.621563   0.999323
 -0.275281  -0.884248   -0.37726    1.74856
         0          0          0          1

  0.560176  -0.456305   0.691367    1.44725
 -0.794782 -0.0607933   0.603843    1.02182
 -0.233506  -0.887744  -0.396718    1.77593
         0          0          0          1

  0.560176  -0.456305   0.691367    1.44725
 -0.794782 -0.0607933   0.603843    1.02182
 -0.233506  -0.887744  -0.396718    1.77593
         0          0          0          1

  0.558188  -0.451657   0.696012    1.44463
 -0.801643 -0.0772151   0.592796    1.03559
 -0.213998  -0.888844  -0.405168    1.79928
         0          0          0          1

  0.558188  -0.451657   0.696012    1.44463
 -0.801643 -0.0772151   0.592796    1.03559
 -0.213998  -0.888844  -0.405168    1.79928
         0          0          0          1

   0.55989  -0.447383   0.697404    1.44122
 -0.802546 -0.0835341   0.590713    1.04041
 -0.206018  -0.890433  -0.405815      1.807
         0          0          0          1

  0.562595  -0.437386   0.701555     1.4354
 -0.804702 -0.0951178    0.58601    1.05024
 -0.189582  -0.894229  -0.405478     1.8238
         0          0          0          1

 0.563319 -0.422799  0.709868   1.42723
 -0.81309 -0.131003  0.567205   1.07726
-0.146819 -0.896705  -0.41757   1.85075
        0         0         0         1

 0.563319 -0.422799  0.709868   1.42723
 -0.81309 -0.131003  0.567205   1.07726
-0.146819 -0.896705  -0.41757   1.85075
        0         0         0         1

 0.562498  -0.41999  0.712183   1.42596
-0.815148  -0.13761   0.56267   1.08261
-0.138313 -0.897035 -0.419759   1.85703
        0         0         0         1

 0.564323 -0.409439  0.716868   1.41743
-0.817324 -0.154781     0.555   1.09531
-0.116281 -0.899112  -0.42199   1.86935
        0         0         0         1

 0.562334 -0.394403  0.726792   1.40908
-0.823493 -0.187287  0.535521   1.12017
-0.075092  -0.89965 -0.430106   1.90145
        0         0         0         1

 0.562334 -0.394403  0.726792   1.40908
-0.823493 -0.187287  0.535521   1.12017
-0.075092  -0.89965 -0.430106   1.90145
        0         0         0         1

 0.563595 -0.391095  0.727602   1.40422
-0.823571 -0.197827  0.531597   1.12665
-0.0639659 -0.898838 -0.433589   1.90575
        0         0         0         1

 0.562819 -0.387161  0.730302   1.39764
-0.825455 -0.217186  0.521012   1.14052
-0.0431043 -0.896068  -0.44182    1.9182
        0         0         0         1

 0.559912 -0.385533  0.733392   1.38902
-0.828327 -0.239843  0.506309   1.15874
  -0.0193 -0.890977 -0.453638   1.93618
        0         0         0         1

 0.559912 -0.385533  0.733392   1.38902
-0.828327 -0.239843  0.506309   1.15874
  -0.0193 -0.890977 -0.453638   1.93618
        0         0         0         1

 0.560302  -0.38278  0.734534   1.38698
-0.828244 -0.249758   0.50163   1.16532
-0.00855839 -0.889438 -0.456975   1.94039
        0         0         0         1

 0.559036 -0.382625  0.735579   1.37931
-0.828973 -0.275901    0.4865   1.18757
0.0167993 -0.881746 -0.471425   1.96202
        0         0         0         1

 0.568631 -0.370815  0.734271   1.36132
 -0.82136 -0.304806  0.482143   1.21007
0.0450239 -0.877263 -0.477895   1.97491
        0         0         0         1

