 0.216579 -0.811386  0.542906  0.737762
-0.967788 -0.105314  0.228681   1.08415
-0.128373 -0.574946 -0.808058    2.0226
        0         0         0         1

 0.224086 -0.808593  0.544024   0.74826
-0.966059 -0.110686  0.233408   1.05966
-0.128516 -0.577863 -0.805952   2.01157
        0         0         0         1

 0.224086 -0.808593  0.544024   0.74826
-0.966059 -0.110686  0.233408   1.05966
-0.128516 -0.577863 -0.805952   2.01157
        0         0         0         1

 0.249296 -0.800279  0.545349  0.749571
-0.957397 -0.118914  0.263155    1.0164
-0.145747 -0.587719 -0.795829    2.0037
        0         0         0         1

 0.249296 -0.800279  0.545349  0.749571
-0.957397 -0.118914  0.263155    1.0164
-0.145747 -0.587719 -0.795829    2.0037
        0         0         0         1

 0.262165  -0.79253  0.550606  0.754215
-0.953437 -0.124571  0.274664  0.994252
 -0.14909 -0.596975 -0.788285   1.99142
        0         0         0         1

 0.262165  -0.79253  0.550606  0.754215
-0.953437 -0.124571  0.274664  0.994252
 -0.14909 -0.596975 -0.788285   1.99142
        0         0         0         1

 0.275972 -0.786514  0.552481  0.764419
-0.948336 -0.129208  0.289766  0.960302
 -0.15652 -0.603904 -0.781538   1.97175
        0         0         0         1

 0.275972 -0.786514  0.552481  0.764419
-0.948336 -0.129208  0.289766  0.960302
 -0.15652 -0.603904 -0.781538   1.97175
        0         0         0         1

 0.284932 -0.780886  0.555905  0.769489
-0.944422 -0.129506  0.302151  0.935951
-0.163952 -0.611102 -0.774386   1.96051
        0         0         0         1

 0.284932 -0.780886  0.555905  0.769489
-0.944422 -0.129506  0.302151  0.935951
-0.163952 -0.611102 -0.774386   1.96051
        0         0         0         1

 0.291018 -0.776665  0.558659  0.777768
-0.940592  -0.12551  0.315489  0.912318
-0.174912 -0.617283 -0.767051   1.94868
        0         0         0         1

 0.291018 -0.776665  0.558659  0.777768
-0.940592  -0.12551  0.315489  0.912318
-0.174912 -0.617283 -0.767051   1.94868
        0         0         0         1

 0.303423 -0.764925  0.568176  0.785164
-0.934369 -0.121963  0.334784  0.877997
-0.186788 -0.632467 -0.751728   1.92307
        0         0         0         1

 0.303423 -0.764925  0.568176  0.785164
-0.934369 -0.121963  0.334784  0.877997
-0.186788 -0.632467 -0.751728   1.92307
        0         0         0         1

   0.3132 -0.756315  0.574363  0.788827
-0.928965 -0.118335  0.350742  0.855258
-0.197304 -0.643416 -0.739653   1.90655
        0         0         0         1

   0.3132 -0.756315  0.574363  0.788827
-0.928965 -0.118335  0.350742  0.855258
-0.197304 -0.643416 -0.739653   1.90655
        0         0         0         1

 0.321855 -0.746993  0.581731  0.800464
-0.921709 -0.106725  0.372911  0.823289
-0.216476  -0.65621  -0.72286   1.88006
        0         0         0         1

 0.321855 -0.746993  0.581731  0.800464
-0.921709 -0.106725  0.372911  0.823289
-0.216476  -0.65621  -0.72286   1.88006
        0         0         0         1

  0.326629  -0.742226   0.585161   0.809039
 -0.916484 -0.0973929   0.388035    0.80119
 -0.231019  -0.663034   -0.71205    1.86226
         0          0          0          1

  0.326629  -0.742226   0.585161   0.809039
 -0.916484 -0.0973929   0.388035    0.80119
 -0.231019  -0.663034   -0.71205    1.86226
         0          0          0          1

    0.3357  -0.734639   0.589586   0.811881
 -0.909944 -0.0910928   0.404603   0.779446
  -0.24353  -0.672315   -0.69906    1.84181
         0          0          0          1

    0.3357  -0.734639   0.589586   0.811881
 -0.909944 -0.0910928   0.404603   0.779446
  -0.24353  -0.672315   -0.69906    1.84181
         0          0          0          1

  0.334729  -0.732093   0.593292   0.826067
 -0.905936 -0.0767635   0.416397   0.751273
 -0.259299  -0.676865  -0.688925    1.80734
         0          0          0          1

  0.334729  -0.732093   0.593292   0.826067
 -0.905936 -0.0767635   0.416397   0.751273
 -0.259299  -0.676865  -0.688925    1.80734
         0          0          0          1

  0.338173  -0.731186   0.592458   0.833801
 -0.899216 -0.0653698   0.432594   0.731809
 -0.277577  -0.679039    -0.6796    1.78695
         0          0          0          1

  0.338173  -0.731186   0.592458   0.833801
 -0.899216 -0.0653698   0.432594   0.731809
 -0.277577  -0.679039    -0.6796    1.78695
         0          0          0          1

  0.345893  -0.728543   0.591255   0.843717
 -0.887175 -0.0488305   0.458842   0.703849
 -0.305415  -0.683257  -0.663235    1.75317
         0          0          0          1

  0.345893  -0.728543   0.591255   0.843717
 -0.887175 -0.0488305   0.458842   0.703849
 -0.305415  -0.683257  -0.663235    1.75317
         0          0          0          1

  0.351005  -0.728442   0.588359   0.850611
 -0.877638 -0.0368968   0.477902   0.685677
 -0.326416  -0.684113  -0.652259    1.73085
         0          0          0          1

  0.351005  -0.728442   0.588359   0.850611
 -0.877638 -0.0368968   0.477902   0.685677
 -0.326416  -0.684113  -0.652259    1.73085
         0          0          0          1

  0.351455   -0.72786   0.588812   0.858807
 -0.870994 -0.0235884   0.490728   0.669426
 -0.343292   -0.68532  -0.642251    1.70699
         0          0          0          1

  0.351455   -0.72786   0.588812   0.858807
 -0.870994 -0.0235884   0.490728   0.669426
 -0.343292   -0.68532  -0.642251    1.70699
         0          0          0          1

   0.349082   -0.729264    0.588487    0.871724
   -0.86235 -0.00422793    0.506294    0.646716
  -0.366734    -0.68422   -0.630357     1.67216
          0           0           0           1

   0.349082   -0.729264    0.588487    0.871724
   -0.86235 -0.00422793    0.506294    0.646716
  -0.366734    -0.68422   -0.630357     1.67216
          0           0           0           1

  0.347855  -0.728991    0.58955   0.878379
 -0.856763 0.00818883   0.515646   0.632612
 -0.380729  -0.684474  -0.621724    1.65017
         0          0          0          1

  0.347855  -0.728991    0.58955   0.878379
 -0.856763 0.00818883   0.515646   0.632612
 -0.380729  -0.684474  -0.621724    1.65017
         0          0          0          1

 0.342038 -0.731482  0.589868  0.890614
-0.847941 0.0302739  0.529225  0.612433
-0.404976 -0.681188 -0.609899    1.6186
        0         0         0         1

 0.342038 -0.731482  0.589868  0.890614
-0.847941 0.0302739  0.529225  0.612433
-0.404976 -0.681188 -0.609899    1.6186
        0         0         0         1

  0.33549 -0.734888  0.589394  0.900647
-0.842608 0.0456865  0.536587  0.601353
-0.421259 -0.676647 -0.603895   1.59718
        0         0         0         1

  0.33549 -0.734888  0.589394  0.900647
-0.842608 0.0456865  0.536587  0.601353
-0.421259 -0.676647 -0.603895   1.59718
        0         0         0         1

 0.333173 -0.736914  0.588177  0.907572
-0.836795  0.056355  0.544609  0.590525
-0.434477 -0.673633  -0.59787   1.57562
        0         0         0         1

 0.333173 -0.736914  0.588177  0.907572
-0.836795  0.056355  0.544609  0.590525
-0.434477 -0.673633  -0.59787   1.57562
        0         0         0         1

 0.326623 -0.740569   0.58726  0.917577
-0.827655 0.0759296  0.556078  0.575766
-0.456405 -0.667676 -0.588135   1.54648
        0         0         0         1

 0.326623 -0.740569   0.58726  0.917577
-0.827655 0.0759296  0.556078  0.575766
-0.456405 -0.667676 -0.588135   1.54648
        0         0         0         1

 0.321937 -0.744086  0.585399  0.923715
 -0.82082 0.0887766  0.564246  0.566741
-0.471818 -0.662159  -0.58218   1.52922
        0         0         0         1

 0.321937 -0.744086  0.585399  0.923715
 -0.82082 0.0887766  0.564246  0.566741
-0.471818 -0.662159  -0.58218   1.52922
        0         0         0         1

 0.314896 -0.750269  0.581323  0.933791
-0.812633  0.103321  0.573543  0.555958
-0.490375 -0.653009 -0.577159   1.50206
        0         0         0         1

 0.314896 -0.750269  0.581323  0.933791
-0.812633  0.103321  0.573543  0.555958
-0.490375 -0.653009 -0.577159   1.50206
        0         0         0         1

 0.309112 -0.753808  0.579847  0.940754
-0.806624  0.115175  0.579735  0.550054
-0.503793 -0.646922 -0.572438    1.4864
        0         0         0         1

 0.309112 -0.753808  0.579847  0.940754
-0.806624  0.115175  0.579735  0.550054
-0.503793 -0.646922 -0.572438    1.4864
        0         0         0         1

 0.306865 -0.755888  0.578331  0.945426
-0.801734  0.122156  0.585064  0.545151
 -0.51289 -0.643203 -0.568536   1.47091
        0         0         0         1

 0.306865 -0.755888  0.578331  0.945426
-0.801734  0.122156  0.585064  0.545151
 -0.51289 -0.643203 -0.568536   1.47091
        0         0         0         1

  0.30181 -0.759873  0.575764  0.952241
-0.794557   0.13327  0.592384  0.539226
-0.526868 -0.636264  -0.56354   1.45226
        0         0         0         1

  0.30181 -0.759873  0.575764  0.952241
-0.794557   0.13327  0.592384  0.539226
-0.526868 -0.636264  -0.56354   1.45226
        0         0         0         1

 0.296251   -0.7618  0.576105  0.957739
-0.791162  0.142182  0.594851  0.536245
-0.535069 -0.632017 -0.560585   1.44204
        0         0         0         1

 0.296251   -0.7618  0.576105  0.957739
-0.791162  0.142182  0.594851  0.536245
-0.535069 -0.632017 -0.560585   1.44204
        0         0         0         1

 0.291387 -0.762477  0.577686  0.963766
-0.788529  0.150449  0.596311  0.532873
-0.541586  -0.62928 -0.557397   1.42718
        0         0         0         1

 0.291387 -0.762477  0.577686  0.963766
-0.788529  0.150449  0.596311  0.532873
-0.541586  -0.62928 -0.557397   1.42718
        0         0         0         1

 0.290261 -0.763709  0.576626  0.966875
-0.786236  0.153171  0.598642  0.531275
 -0.54551 -0.627126 -0.555996   1.41874
        0         0         0         1

 0.290261 -0.763709  0.576626  0.966875
-0.786236  0.153171  0.598642  0.531275
 -0.54551 -0.627126 -0.555996   1.41874
        0         0         0         1

 0.289528 -0.766562  0.573198  0.969667
-0.782723   0.15507  0.602743  0.529617
-0.550925 -0.623166 -0.555109   1.41261
        0         0         0         1

 0.289528 -0.766562  0.573198  0.969667
-0.782723   0.15507  0.602743  0.529617
-0.550925 -0.623166 -0.555109   1.41261
        0         0         0         1

 0.288581 -0.771768  0.566653  0.974279
-0.779638  0.154129  0.606967  0.528623
-0.555775 -0.616943 -0.557221   1.40367
        0         0         0         1

 0.288581 -0.771768  0.566653  0.974279
-0.779638  0.154129  0.606967  0.528623
-0.555775 -0.616943 -0.557221   1.40367
        0         0         0         1

 0.287125 -0.775919  0.561703   0.97799
 -0.77883  0.152281  0.608469  0.528654
-0.557659 -0.612177 -0.560585   1.39872
        0         0         0         1

 0.287125 -0.775919  0.561703   0.97799
 -0.77883  0.152281  0.608469  0.528654
-0.557659 -0.612177 -0.560585   1.39872
        0         0         0         1

 0.288617 -0.782731  0.551391  0.980251
-0.775898  0.146207  0.613682  0.528277
-0.560965 -0.604942 -0.565122   1.39287
        0         0         0         1

 0.288617 -0.782731  0.551391  0.980251
-0.775898  0.146207  0.613682  0.528277
-0.560965 -0.604942 -0.565122   1.39287
        0         0         0         1

 0.289731 -0.786177  0.545876  0.982153
-0.774178  0.142848  0.616638  0.528334
-0.562764 -0.601265 -0.567254   1.38961
        0         0         0         1

 0.289731 -0.786177  0.545876  0.982153
-0.774178  0.142848  0.616638  0.528334
-0.562764 -0.601265 -0.567254   1.38961
        0         0         0         1

 0.290395  -0.78921  0.541127  0.983776
-0.773242  0.139596  0.618554  0.528617
-0.563709 -0.598047 -0.569713   1.38593
        0         0         0         1

 0.290395  -0.78921  0.541127  0.983776
-0.773242  0.139596  0.618554  0.528617
-0.563709 -0.598047 -0.569713   1.38593
        0         0         0         1

 0.290123 -0.794381  0.533655  0.986639
-0.771459  0.135839   0.62161  0.529355
-0.566286 -0.592036 -0.573422   1.38221
        0         0         0         1

 0.290123 -0.794381  0.533655  0.986639
-0.771459  0.135839   0.62161  0.529355
-0.566286 -0.592036 -0.573422   1.38221
        0         0         0         1

 0.291388 -0.798525  0.526736  0.987081
-0.770186  0.130748  0.624275  0.529651
-0.567369 -0.587591 -0.576914   1.37982
        0         0         0         1

 0.291388 -0.798525  0.526736  0.987081
-0.770186  0.130748  0.624275  0.529651
-0.567369 -0.587591 -0.576914   1.37982
        0         0         0         1

 0.291121 -0.805615  0.515978  0.988585
-0.767202  0.125611  0.628986  0.529851
-0.571533  -0.57897 -0.581501   1.37706
        0         0         0         1

 0.291121 -0.805615  0.515978  0.988585
-0.767202  0.125611  0.628986  0.529851
-0.571533  -0.57897 -0.581501   1.37706
        0         0         0         1

 0.290406 -0.809877  0.509671  0.989954
 -0.76448  0.123986  0.632611  0.530301
-0.575529 -0.573347 -0.583128    1.3755
        0         0         0         1

 0.290406 -0.809877  0.509671  0.989954
 -0.76448  0.123986  0.632611  0.530301
-0.575529 -0.573347 -0.583128    1.3755
        0         0         0         1

 0.289926 -0.812306  0.506065  0.991258
-0.762409    0.1236  0.635182  0.530653
-0.578512 -0.569984 -0.583474   1.37357
        0         0         0         1

 0.289926 -0.812306  0.506065  0.991258
-0.762409    0.1236  0.635182  0.530653
-0.578512 -0.569984 -0.583474   1.37357
        0         0         0         1

 0.287278 -0.818322  0.497816  0.993216
-0.762113  0.119547  0.636312  0.531134
 -0.58022  -0.56219  -0.58931   1.37149
        0         0         0         1

 0.287278 -0.818322  0.497816  0.993216
-0.762113  0.119547  0.636312  0.531134
 -0.58022  -0.56219  -0.58931   1.37149
        0         0         0         1

 0.286922 -0.823779  0.488941  0.993918
-0.762226  0.112835    0.6374  0.531361
-0.580247 -0.555568 -0.595531   1.36994
        0         0         0         1

 0.286922 -0.823779  0.488941  0.993918
-0.762226  0.112835    0.6374  0.531361
-0.580247 -0.555568 -0.595531   1.36994
        0         0         0         1

 0.284258 -0.824426  0.489407  0.995022
-0.761445  0.116052  0.637757  0.531753
 -0.58258 -0.553943 -0.594767   1.36922
        0         0         0         1

 0.284258 -0.824426  0.489407  0.995022
-0.761445  0.116052  0.637757  0.531753
 -0.58258 -0.553943 -0.594767   1.36922
        0         0         0         1

 0.282911 -0.821941  0.494342  0.995619
-0.762822  0.119617  0.635448  0.532155
-0.581433  -0.55687 -0.593154   1.36875
        0         0         0         1

 0.282911 -0.821941  0.494342  0.995619
-0.762822  0.119617  0.635448  0.532155
-0.581433  -0.55687 -0.593154   1.36875
        0         0         0         1

 0.279624 -0.819491  0.500245  0.996288
-0.763113  0.126485  0.633766  0.532057
-0.582639  -0.55896 -0.589996   1.36944
        0         0         0         1

 0.279624 -0.819491  0.500245  0.996288
-0.763113  0.126485  0.633766  0.532057
-0.582639  -0.55896 -0.589996   1.36944
        0         0         0         1

 0.277318 -0.814686  0.509295  0.995276
-0.763191  0.135217  0.631867  0.531798
-0.583639 -0.563917 -0.584263   1.36964
        0         0         0         1

 0.277318 -0.814686  0.509295  0.995276
-0.763191  0.135217  0.631867  0.531798
-0.583639 -0.563917 -0.584263   1.36964
        0         0         0         1

 0.274915 -0.810714  0.516881  0.995412
-0.761473   0.14463  0.631855  0.531877
 -0.58701 -0.567297 -0.577576   1.37037
        0         0         0         1

 0.274915 -0.810714  0.516881  0.995412
-0.761473   0.14463  0.631855  0.531877
 -0.58701 -0.567297 -0.577576   1.37037
        0         0         0         1

  0.27183 -0.808278  0.522299  0.995618
-0.759318  0.153289  0.632407  0.532001
-0.591223 -0.568498 -0.572071   1.37215
        0         0         0         1

  0.27183 -0.808278  0.522299  0.995618
-0.759318  0.153289  0.632407  0.532001
-0.591223 -0.568498 -0.572071   1.37215
        0         0         0         1

 0.267705 -0.806381  0.527337  0.995627
-0.757728  0.161863  0.632178  0.532797
-0.595132 -0.568815 -0.567686    1.3726
        0         0         0         1

 0.267705 -0.806381  0.527337  0.995627
-0.757728  0.161863  0.632178  0.532797
-0.595132 -0.568815 -0.567686    1.3726
        0         0         0         1

 0.263787 -0.804107  0.532756  0.996275
-0.752897  0.173613  0.634826  0.533507
-0.602961 -0.568569 -0.559613   1.37436
        0         0         0         1

 0.263787 -0.804107  0.532756  0.996275
-0.752897  0.173613  0.634826  0.533507
-0.602961 -0.568569 -0.559613   1.37436
        0         0         0         1

 0.260813 -0.801976  0.537412  0.995676
-0.743554  0.188166  0.641655  0.534664
-0.615715 -0.566946 -0.547236   1.37869
        0         0         0         1

 0.260813 -0.801976  0.537412  0.995676
-0.743554  0.188166  0.641655  0.534664
-0.615715 -0.566946 -0.547236   1.37869
        0         0         0         1

 0.260169 -0.798115  0.543438  0.995298
-0.737559  0.198962  0.645307  0.536186
-0.623153 -0.568706 -0.536893   1.38244
        0         0         0         1

 0.260169 -0.798115  0.543438  0.995298
-0.737559  0.198962  0.645307  0.536186
-0.623153 -0.568706 -0.536893   1.38244
        0         0         0         1

 0.260968 -0.793497   0.54978  0.994523
-0.735119  0.205784  0.645951  0.538701
-0.625696 -0.572726 -0.529612   1.38684
        0         0         0         1

 0.260968 -0.793497   0.54978  0.994523
-0.735119  0.205784  0.645951  0.538701
-0.625696 -0.572726 -0.529612   1.38684
        0         0         0         1

 0.264434 -0.788664  0.555053  0.991181
-0.737387  0.205592  0.643422  0.543467
-0.621559 -0.579431 -0.527185   1.39716
        0         0         0         1

 0.264434 -0.788664  0.555053  0.991181
-0.737387  0.205592  0.643422  0.543467
-0.621559 -0.579431 -0.527185   1.39716
        0         0         0         1

 0.266751 -0.784268  0.560149  0.989276
-0.741714   0.20406  0.638921  0.547292
-0.615389 -0.585903  -0.52727   1.40672
        0         0         0         1

 0.266751 -0.784268  0.560149  0.989276
-0.741714   0.20406  0.638921  0.547292
-0.615389 -0.585903  -0.52727   1.40672
        0         0         0         1

 0.271351  -0.77453  0.571377  0.986507
-0.751747  0.200162   0.62834   0.55425
-0.601036 -0.600032 -0.527937   1.42477
        0         0         0         1

 0.271351  -0.77453  0.571377  0.986507
-0.751747  0.200162   0.62834   0.55425
-0.601036 -0.600032 -0.527937   1.42477
        0         0         0         1

 0.276676 -0.766518  0.579569  0.983777
-0.761892   0.19258  0.618413  0.559779
-0.585638 -0.612669 -0.530722    1.4376
        0         0         0         1

 0.276676 -0.766518  0.579569  0.983777
-0.761892   0.19258  0.618413  0.559779
-0.585638 -0.612669 -0.530722    1.4376
        0         0         0         1

 0.280557 -0.759208  0.587274  0.981624
-0.770192  0.187059  0.609765  0.565544
-0.572793 -0.623388 -0.532256   1.45346
        0         0         0         1

 0.280557 -0.759208  0.587274  0.981624
-0.770192  0.187059  0.609765  0.565544
-0.572793 -0.623388 -0.532256   1.45346
        0         0         0         1

 0.290219 -0.749144  0.595446  0.976746
 -0.78339  0.171378  0.597437  0.575015
-0.549612 -0.639854 -0.537134    1.4795
        0         0         0         1

 0.290219 -0.749144  0.595446  0.976746
 -0.78339  0.171378  0.597437  0.575015
-0.549612 -0.639854 -0.537134    1.4795
        0         0         0         1

 0.297708 -0.744498  0.597572  0.971955
-0.791492  0.157496  0.590538  0.581757
 -0.53377 -0.648782 -0.542376   1.49951
        0         0         0         1

 0.297708 -0.744498  0.597572  0.971955
-0.791492  0.157496  0.590538  0.581757
 -0.53377 -0.648782 -0.542376   1.49951
        0         0         0         1

 0.309039 -0.734898  0.603672  0.965029
-0.806826  0.133465  0.575517  0.593633
-0.503515 -0.664915 -0.551689   1.53134
        0         0         0         1

 0.309039 -0.734898  0.603672  0.965029
-0.806826  0.133465  0.575517  0.593633
-0.503515 -0.664915 -0.551689   1.53134
        0         0         0         1

  0.31765 -0.726811   0.60897  0.958152
 -0.81669  0.116607  0.565172  0.601797
-0.481784 -0.676867 -0.556539    1.5552
        0         0         0         1

  0.31765 -0.726811   0.60897  0.958152
 -0.81669  0.116607  0.565172  0.601797
-0.481784 -0.676867 -0.556539    1.5552
        0         0         0         1

  0.32336 -0.715914  0.618794  0.952987
 -0.82698  0.104041  0.552521  0.610986
-0.459938 -0.690393 -0.558404   1.58069
        0         0         0         1

  0.32336 -0.715914  0.618794  0.952987
 -0.82698  0.104041  0.552521  0.610986
-0.459938 -0.690393 -0.558404   1.58069
        0         0         0         1

 0.331254 -0.704701   0.62743   0.94147
-0.840617  0.081593  0.535449  0.625748
-0.428525 -0.704798 -0.565355    1.6224
        0         0         0         1

 0.331254 -0.704701   0.62743   0.94147
-0.840617  0.081593  0.535449  0.625748
-0.428525 -0.704798 -0.565355    1.6224
        0         0         0         1

 0.332259 -0.702601   0.62925   0.93591
-0.850142 0.0658488   0.52242  0.638172
-0.408489 -0.708531 -0.575432   1.65111
        0         0         0         1

 0.332259 -0.702601   0.62925   0.93591
-0.850142 0.0658488   0.52242  0.638172
-0.408489 -0.708531 -0.575432   1.65111
        0         0         0         1

 0.337071 -0.700791  0.628709  0.925427
-0.863248 0.0364651  0.503461  0.658827
-0.375747 -0.712434 -0.592665   1.69529
        0         0         0         1

 0.337071 -0.700791  0.628709  0.925427
-0.863248 0.0364651  0.503461  0.658827
-0.375747 -0.712434 -0.592665   1.69529
        0         0         0         1

 0.343485 -0.699619  0.626539  0.915626
-0.870623 0.0129686   0.49178  0.673774
-0.352184 -0.714399  -0.60465   1.72659
        0         0         0         1

 0.343485 -0.699619  0.626539  0.915626
-0.870623 0.0129686   0.49178  0.673774
-0.352184 -0.714399  -0.60465   1.72659
        0         0         0         1

  0.345573  -0.700211   0.624727   0.907987
 -0.877966 -0.0062197   0.478683   0.689712
 -0.331294  -0.713909   -0.61691    1.76069
         0          0          0          1

  0.345573  -0.700211   0.624727   0.907987
 -0.877966 -0.0062197   0.478683   0.689712
 -0.331294  -0.713909   -0.61691    1.76069
         0          0          0          1

  0.348452  -0.696104    0.62771   0.898003
  -0.89061 -0.0370989   0.453251   0.718806
 -0.292223  -0.716982  -0.632885    1.80989
         0          0          0          1

  0.348452  -0.696104    0.62771   0.898003
  -0.89061 -0.0370989   0.453251   0.718806
 -0.292223  -0.716982  -0.632885    1.80989
         0          0          0          1

   0.34971  -0.689764   0.633979   0.891106
 -0.898165 -0.0543698   0.436284    0.74005
 -0.266464   -0.72199  -0.638535    1.84296
         0          0          0          1

   0.34971  -0.689764   0.633979   0.891106
 -0.898165 -0.0543698   0.436284    0.74005
 -0.266464   -0.72199  -0.638535    1.84296
         0          0          0          1

  0.355684   -0.67726   0.644056   0.875872
 -0.907221 -0.0845981   0.412059   0.774122
 -0.224585  -0.730864  -0.644515    1.88955
         0          0          0          1

  0.355684   -0.67726   0.644056   0.875872
 -0.907221 -0.0845981   0.412059   0.774122
 -0.224585  -0.730864  -0.644515    1.88955
         0          0          0          1

  0.356609  -0.671304   0.649754   0.865721
  -0.91208 -0.0995346   0.397748   0.796362
 -0.202337  -0.734468  -0.647778    1.92507
         0          0          0          1

  0.356609  -0.671304   0.649754   0.865721
  -0.91208 -0.0995346   0.397748   0.796362
 -0.202337  -0.734468  -0.647778    1.92507
         0          0          0          1

 0.353986 -0.668114   0.65446  0.857611
 -0.91942 -0.120389  0.374397  0.823083
 -0.17135 -0.734255 -0.656893   1.95715
        0         0         0         1

 0.353986 -0.668114   0.65446  0.857611
 -0.91942 -0.120389  0.374397  0.823083
 -0.17135 -0.734255 -0.656893   1.95715
        0         0         0         1

 0.351101 -0.663187  0.660992  0.846114
 -0.92798 -0.152348  0.340064  0.865782
-0.124825 -0.732784 -0.668914   2.00164
        0         0         0         1

 0.351101 -0.663187  0.660992  0.846114
 -0.92798 -0.152348  0.340064  0.865782
-0.124825 -0.732784 -0.668914   2.00164
        0         0         0         1

 0.354232 -0.657942  0.664554   0.83558
-0.929976 -0.173143  0.324292  0.893386
-0.0983021 -0.732894 -0.673203   2.03341
        0         0         0         1

 0.354232 -0.657942  0.664554   0.83558
-0.929976 -0.173143  0.324292  0.893386
-0.0983021 -0.732894 -0.673203   2.03341
        0         0         0         1

 0.354035 -0.663756  0.658853  0.819746
-0.933229 -0.204645  0.295302  0.934856
-0.0611776 -0.719408 -0.691888   2.08117
        0         0         0         1

 0.354035 -0.663756  0.658853  0.819746
-0.933229 -0.204645  0.295302  0.934856
-0.0611776 -0.719408 -0.691888   2.08117
        0         0         0         1

 0.350294 -0.671919  0.652548  0.811984
-0.936064  -0.22671  0.269047  0.967745
-0.0328385 -0.705072 -0.708375   2.10884
        0         0         0         1

 0.350294 -0.671919  0.652548  0.811984
-0.936064  -0.22671  0.269047  0.967745
-0.0328385 -0.705072 -0.708375   2.10884
        0         0         0         1

 0.344026 -0.683581   0.64371   0.80305
-0.938954 -0.252955  0.233194   1.00494
0.00342254 -0.684639 -0.728874   2.13009
        0         0         0         1

 0.344026 -0.683581   0.64371   0.80305
-0.938954 -0.252955  0.233194   1.00494
0.00342254 -0.684639 -0.728874   2.13009
        0         0         0         1

 0.338664 -0.693188  0.636237  0.791498
-0.939929 -0.280073  0.195173    1.0577
0.0429013 -0.664115 -0.746398   2.16554
        0         0         0         1

 0.338664 -0.693188  0.636237  0.791498
-0.939929 -0.280073  0.195173    1.0577
0.0429013 -0.664115 -0.746398   2.16554
        0         0         0         1

 0.335007 -0.702839  0.627525  0.782905
-0.940791 -0.286131  0.181773   1.08434
0.0517976 -0.651265 -0.757081   2.19915
        0         0         0         1

 0.335007 -0.702839  0.627525  0.782905
-0.940791 -0.286131  0.181773   1.08434
0.0517976 -0.651265 -0.757081   2.19915
        0         0         0         1

 0.315369 -0.724675   0.61269  0.780907
-0.943798 -0.306825  0.122895   1.14566
0.0989293 -0.617013  -0.78071   2.22647
        0         0         0         1

 0.315369 -0.724675   0.61269  0.780907
-0.943798 -0.306825  0.122895   1.14566
0.0989293 -0.617013  -0.78071   2.22647
        0         0         0         1

 0.304541 -0.732834  0.608448  0.769713
-0.943945  -0.31762 0.0899137   1.18229
 0.127364 -0.601724 -0.788483   2.24584
        0         0         0         1

 0.304541 -0.732834  0.608448  0.769713
-0.943945  -0.31762 0.0899137   1.18229
 0.127364 -0.601724 -0.788483   2.24584
        0         0         0         1

 0.286533 -0.748424  0.598131  0.768563
-0.946089 -0.319459 0.0534913   1.22336
 0.151044 -0.581213 -0.799611   2.25666
        0         0         0         1

