0.0356765 -0.457813  0.888332  0.319328
-0.975473  0.177248  0.130523   1.07279
-0.217211   -0.8712 -0.440261   1.95779
        0         0         0         1

0.0213468 -0.444119  0.895713  0.313663
 -0.96779  0.215614  0.129972   1.05346
-0.250851 -0.869637 -0.425212    1.9413
        0         0         0         1

0.0213468 -0.444119  0.895713  0.313663
 -0.96779  0.215614  0.129972   1.05346
-0.250851 -0.869637 -0.425212    1.9413
        0         0         0         1

0.00873928 -0.415999  0.909323  0.296724
-0.958574  0.255428  0.126066   1.02717
 -0.28471 -0.872755 -0.396533   1.90276
        0         0         0         1

0.00873928 -0.415999  0.909323  0.296724
-0.958574  0.255428  0.126066   1.02717
 -0.28471 -0.872755 -0.396533   1.90276
        0         0         0         1

0.00868951 -0.399408  0.916732   0.27646
-0.949298  0.284818   0.13309   1.00334
-0.314259 -0.871408 -0.376682   1.88707
        0         0         0         1

0.00868951 -0.399408  0.916732   0.27646
-0.949298  0.284818   0.13309   1.00334
-0.314259 -0.871408 -0.376682   1.88707
        0         0         0         1

0.00456046   -0.3747  0.927135  0.261952
-0.941686  0.310344  0.130057  0.985694
-0.336463 -0.873663 -0.351434   1.86173
        0         0         0         1

0.00456046   -0.3747  0.927135  0.261952
-0.941686  0.310344  0.130057  0.985694
-0.336463 -0.873663 -0.351434   1.86173
        0         0         0         1

-0.00701833 -0.330618  0.943739  0.249087
-0.932873  0.342058  0.112895  0.968727
-0.360138 -0.879596 -0.310825    1.8249
        0         0         0         1

-0.00701833 -0.330618  0.943739  0.249087
-0.932873  0.342058  0.112895  0.968727
-0.360138 -0.879596 -0.310825    1.8249
        0         0         0         1

-0.022291 -0.305255   0.95201  0.245023
 -0.92692  0.363106 0.0947239  0.961125
-0.374596 -0.880326 -0.291041   1.80369
        0         0         0         1

-0.022291 -0.305255   0.95201  0.245023
 -0.92692  0.363106 0.0947239  0.961125
-0.374596 -0.880326 -0.291041   1.80369
        0         0         0         1

-0.0373055 -0.276868  0.960183  0.228498
-0.919633   0.38547   0.07542  0.944382
-0.391003 -0.880203 -0.268997    1.7666
        0         0         0         1

-0.0373055 -0.276868  0.960183  0.228498
-0.919633   0.38547   0.07542  0.944382
-0.391003 -0.880203 -0.268997    1.7666
        0         0         0         1

-0.0450006 -0.272995  0.960962  0.228574
-0.917288   0.39229 0.0684883  0.943683
-0.395673 -0.878398 -0.268068   1.76042
        0         0         0         1

-0.0541265 -0.265919  0.962475  0.222798
-0.912297  0.405021 0.0605971  0.937064
-0.405936 -0.874783 -0.264519   1.74643
        0         0         0         1

-0.0587112 -0.251659  0.966033  0.216043
-0.902575  0.426831 0.0563384  0.926281
-0.426511  -0.86861 -0.252201   1.72562
        0         0         0         1

-0.0587112 -0.251659  0.966033  0.216043
-0.902575  0.426831 0.0563384  0.926281
-0.426511  -0.86861 -0.252201   1.72562
        0         0         0         1

-0.0660299 -0.218472  0.973607  0.209793
-0.891488  0.451205 0.0407872  0.923201
-0.448207 -0.865265 -0.224558    1.6822
        0         0         0         1

-0.0660299 -0.218472  0.973607  0.209793
-0.891488  0.451205 0.0407872  0.923201
-0.448207 -0.865265 -0.224558    1.6822
        0         0         0         1

-0.0668408 -0.219434  0.973335  0.208887
-0.888302  0.457326 0.0421005  0.921023
-0.454369 -0.861802 -0.225492   1.67959
        0         0         0         1

-0.0608656 -0.218605  0.973913  0.201861
-0.881874  0.468814 0.0501167  0.914044
 -0.46754 -0.855818 -0.221317   1.66727
        0         0         0         1

-0.0726513 -0.214585  0.973999  0.206786
-0.864041  0.501315 0.0459971   0.91317
-0.498151 -0.838234 -0.221832   1.64741
        0         0         0         1

-0.0726513 -0.214585  0.973999  0.206786
-0.864041  0.501315 0.0459971   0.91317
-0.498151 -0.838234 -0.221832   1.64741
        0         0         0         1

-0.0678962 -0.214821   0.97429  0.201827
-0.861258  0.505557  0.051451  0.909364
-0.503612 -0.835622 -0.219342   1.64215
        0         0         0         1

-0.0658753 -0.206574  0.976211  0.199211
-0.857306  0.512318 0.0505593  0.907767
-0.510575 -0.833581 -0.210847   1.62503
        0         0         0         1

-0.0692091  -0.20332  0.976663  0.201692
-0.853351  0.519158 0.0476069  0.908503
-0.516722 -0.830142 -0.209434   1.62035
        0         0         0         1

-0.0734342 -0.198127  0.977422  0.202735
-0.847672  0.528735 0.0434907  0.910756
-0.525414 -0.825339 -0.206774   1.60678
        0         0         0         1

-0.0752041 -0.192525  0.978406   0.19879
-0.833002  0.551479 0.0444892  0.906589
-0.548135 -0.811668 -0.201847    1.5794
        0         0         0         1

-0.0752041 -0.192525  0.978406   0.19879
-0.833002  0.551479 0.0444892  0.906589
-0.548135 -0.811668 -0.201847    1.5794
        0         0         0         1

-0.0783511 -0.182297  0.980117   0.20106
 -0.82568  0.562811 0.0386745  0.908031
-0.558671 -0.806233 -0.194616   1.56106
        0         0         0         1

-0.0783511 -0.182297  0.980117   0.20106
 -0.82568  0.562811 0.0386745  0.908031
-0.558671 -0.806233 -0.194616   1.56106
        0         0         0         1

-0.075685 -0.184721  0.979872  0.198279
-0.821341  0.568755 0.0437791  0.904615
-0.565394 -0.801496 -0.194765   1.56083
        0         0         0         1

-0.0719757  -0.16795  0.983164  0.199507
-0.813066  0.580817 0.0396953  0.905385
-0.577705  -0.79652 -0.178359   1.54411
        0         0         0         1

-0.0686463 -0.163032   0.98423  0.198568
-0.810599  0.584218  0.040236  0.904838
-0.581565 -0.795053 -0.172258   1.54071
        0         0         0         1

-0.0637229 -0.145133  0.987358   0.19965
-0.809503  0.586135 0.0339127  0.907549
-0.583647 -0.797108 -0.154836   1.52423
        0         0         0         1

-0.0552671 -0.126688  0.990402  0.196652
-0.808043  0.588351 0.0301686  0.905153
-0.586526  -0.79862 -0.134886   1.50607
        0         0         0         1

-0.0552671 -0.126688  0.990402  0.196652
-0.808043  0.588351 0.0301686  0.905153
-0.586526  -0.79862 -0.134886   1.50607
        0         0         0         1

-0.0629536  -0.11119  0.991803  0.202585
-0.805252  0.592734 0.0153385  0.909548
-0.589581 -0.797686 -0.126851   1.48582
        0         0         0         1

-0.0629536  -0.11119  0.991803  0.202585
-0.805252  0.592734 0.0153385  0.909548
-0.589581 -0.797686 -0.126851   1.48582
        0         0         0         1

-0.0686341 -0.112897  0.991233  0.202801
-0.799365  0.600704 0.0130682  0.908215
-0.596913  -0.79146 -0.131474   1.48343
        0         0         0         1

-0.0686341 -0.112897  0.991233  0.202801
-0.799365  0.600704 0.0130682  0.908215
-0.596913  -0.79146 -0.131474   1.48343
        0         0         0         1

-0.0699631 -0.109333   0.99154   0.19964
-0.796464  0.604595 0.0104676  0.904664
-0.600625 -0.788994 -0.129379   1.46718
        0         0         0         1

-0.0699631 -0.109333   0.99154   0.19964
-0.796464  0.604595 0.0104676  0.904664
-0.600625 -0.788994 -0.129379   1.46718
        0         0         0         1

-0.076685 -0.101771  0.991848  0.206394
-0.797256  0.603641 0.0002977  0.910046
 -0.59875 -0.790734 -0.127427   1.45397
        0         0         0         1

-0.076685 -0.101771  0.991848  0.206394
-0.797256  0.603641 0.0002977  0.910046
 -0.59875 -0.790734 -0.127427   1.45397
        0         0         0         1

-0.0870956 -0.0965274   0.991512   0.213052
 -0.796695   0.604279 -0.0111538   0.914768
 -0.598074  -0.790904  -0.129533     1.4486
         0          0          0          1

-0.0870956 -0.0965274   0.991512   0.213052
 -0.796695   0.604279 -0.0111538   0.914768
 -0.598074  -0.790904  -0.129533     1.4486
         0          0          0          1

 -0.092808 -0.0977227   0.990877   0.214449
 -0.796722   0.604159 -0.0150393    0.91355
 -0.597178  -0.790849  -0.133929    1.43864
         0          0          0          1

 -0.092808 -0.0977227   0.990877   0.214449
 -0.796722   0.604159 -0.0150393    0.91355
 -0.597178  -0.790849  -0.133929    1.43864
         0          0          0          1

-0.0930106 -0.0993935   0.990692   0.215474
 -0.796564   0.604389 -0.0141483   0.913491
 -0.597357  -0.790465  -0.135388    1.43729
         0          0          0          1

-0.0884851 -0.0992854   0.991117   0.215218
 -0.798564   0.601809  -0.011008   0.912976
  -0.59537  -0.792445  -0.132537    1.42865
         0          0          0          1

 -0.0844619  -0.0984059    0.991556    0.214238
  -0.799479    0.600634 -0.00849136    0.912143
  -0.594726   -0.793445   -0.129404     1.42456
          0           0           0           1

-0.0712896  -0.101515   0.992276   0.217696
 -0.801713   0.597698 0.00354865   0.911306
 -0.593442  -0.795268  -0.123995    1.41656
         0          0          0          1

-0.0692602  -0.103951   0.992168   0.219191
 -0.801289    0.59824 0.00674323   0.910999
 -0.594256  -0.794546  -0.124729    1.41757
         0          0          0          1

-0.0585092 -0.111003  0.992096  0.216238
-0.801361  0.597858  0.019632  0.907776
-0.595312 -0.793879 -0.123933   1.41714
        0         0         0         1

-0.0492302 -0.121685  0.991347  0.217026
-0.803532  0.594343 0.0330508  0.907321
-0.593222 -0.794952 -0.127038   1.41376
        0         0         0         1

-0.0492302 -0.121685  0.991347  0.217026
-0.803532  0.594343 0.0330508  0.907321
-0.593222 -0.794952 -0.127038   1.41376
        0         0         0         1

-0.0460467 -0.132597    0.9901  0.223138
-0.803861  0.593327 0.0420747  0.908847
-0.593032 -0.793965  -0.13391   1.41145
        0         0         0         1

-0.0460467 -0.132597    0.9901  0.223138
-0.803861  0.593327 0.0420747  0.908847
-0.593032 -0.793965  -0.13391   1.41145
        0         0         0         1

-0.0451636 -0.134636  0.989865   0.22335
-0.803545   0.59361 0.0440772  0.909033
-0.593528 -0.793411 -0.134996   1.41105
        0         0         0         1

-0.0407783 -0.137898  0.989607  0.223763
-0.805224  0.590929 0.0491634  0.908895
-0.591567  -0.79485 -0.135136   1.40783
        0         0         0         1

-0.0324099 -0.157326  0.987015  0.222601
-0.807607  0.585917 0.0668737  0.907496
 -0.58883 -0.794953 -0.146047   1.40261
        0         0         0         1

-0.0324099 -0.157326  0.987015  0.222601
-0.807607  0.585917 0.0668737  0.907496
 -0.58883 -0.794953 -0.146047   1.40261
        0         0         0         1

-0.027536  -0.16347  0.986164  0.222244
 -0.80719  0.585569 0.0745275  0.905407
 -0.58965 -0.793969 -0.148076   1.39997
        0         0         0         1

-0.027536  -0.16347  0.986164  0.222244
 -0.80719  0.585569 0.0745275  0.905407
 -0.58965 -0.793969 -0.148076   1.39997
        0         0         0         1

-0.029103 -0.163959  0.986038  0.226028
-0.806657  0.586407 0.0736994  0.907889
-0.590303 -0.793249 -0.149324   1.39799
        0         0         0         1

-0.029103 -0.163959  0.986038  0.226028
-0.806657  0.586407 0.0736994  0.907889
-0.590303 -0.793249 -0.149324   1.39799
        0         0         0         1

-0.0308349  -0.17284  0.984467  0.226778
-0.805197  0.587857 0.0779884  0.907553
-0.592205 -0.790285 -0.157297   1.39974
        0         0         0         1

-0.0308349  -0.17284  0.984467  0.226778
-0.805197  0.587857 0.0779884  0.907553
-0.592205 -0.790285 -0.157297   1.39974
        0         0         0         1

-0.0319567 -0.175672   0.98393  0.228549
-0.806745   0.58568 0.0783658  0.908934
-0.590035 -0.791276 -0.160438   1.39802
        0         0         0         1

-0.0319567 -0.175672   0.98393  0.228549
-0.806745   0.58568 0.0783658  0.908934
-0.590035 -0.791276 -0.160438   1.39802
        0         0         0         1

-0.0354627 -0.175436  0.983852  0.233508
-0.809272  0.582662 0.0747279  0.912773
-0.586363 -0.793553 -0.162639   1.39337
        0         0         0         1

-0.0354627 -0.175436  0.983852  0.233508
-0.809272  0.582662 0.0747279  0.912773
-0.586363 -0.793553 -0.162639   1.39337
        0         0         0         1

-0.0328332 -0.176279  0.983793  0.230038
-0.810873  0.580149 0.0768907  0.910867
-0.584301 -0.795206 -0.161988   1.39205
        0         0         0         1

-0.0328332 -0.176279  0.983793  0.230038
-0.810873  0.580149 0.0768907  0.910867
-0.584301 -0.795206 -0.161988   1.39205
        0         0         0         1

-0.0318015 -0.176329  0.983817  0.229347
-0.811446  0.579254 0.0775899  0.910401
-0.583562 -0.795847 -0.161503   1.39122
        0         0         0         1

-0.0308879 -0.173659  0.984321  0.228985
-0.813605  0.576409 0.0761621  0.911102
-0.580598 -0.798496 -0.159094   1.38732
        0         0         0         1

-0.0360234 -0.175112  0.983889  0.229752
-0.816714  0.572534 0.0719966  0.912486
-0.575917 -0.800962 -0.163641   1.38626
        0         0         0         1

-0.0360234 -0.175112  0.983889  0.229752
-0.816714  0.572534 0.0719966  0.912486
-0.575917 -0.800962 -0.163641   1.38626
        0         0         0         1

-0.0366286 -0.175672  0.983767  0.229349
 -0.81636  0.573045 0.0719339  0.912233
 -0.57638 -0.800474 -0.164402   1.38636
        0         0         0         1

-0.0388473 -0.179414  0.983006  0.227909
-0.815241  0.574547 0.0726462  0.911021
-0.577818 -0.798565 -0.168585   1.38828
        0         0         0         1

-0.0505812 -0.176325  0.983032   0.23031
-0.815727   0.57519 0.0611985  0.913624
-0.576221  -0.79879 -0.172927   1.39093
        0         0         0         1

-0.0505812 -0.176325  0.983032   0.23031
-0.815727   0.57519 0.0611985  0.913624
-0.576221  -0.79879 -0.172927   1.39093
        0         0         0         1

-0.0507328 -0.175606  0.983152   0.22934
-0.816034  0.574822 0.0605629  0.913109
-0.575773 -0.799213 -0.172463   1.39103
        0         0         0         1

-0.0565774 -0.169552  0.983896  0.229173
-0.818699  0.571911 0.0514775  0.913764
-0.571429 -0.802602 -0.171169   1.39033
        0         0         0         1

-0.0665511 -0.158357  0.985137  0.228297
-0.820334  0.570729 0.0363248  0.914235
-0.567999 -0.805724 -0.167889   1.39034
        0         0         0         1

-0.0665511 -0.158357  0.985137  0.228297
-0.820334  0.570729 0.0363248  0.914235
-0.567999 -0.805724 -0.167889   1.39034
        0         0         0         1

-0.0769409 -0.156975  0.984601  0.226279
-0.823307  0.566997 0.0260597  0.914065
-0.562357 -0.808624 -0.172864   1.39313
        0         0         0         1

-0.0769409 -0.156975  0.984601  0.226279
-0.823307  0.566997 0.0260597  0.914065
-0.562357 -0.808624 -0.172864   1.39313
        0         0         0         1

-0.0835506 -0.152689  0.984736  0.225217
-0.824188  0.566035 0.0178384  0.914141
-0.560118 -0.810118 -0.173137   1.39738
        0         0         0         1

-0.0835506 -0.152689  0.984736  0.225217
-0.824188  0.566035 0.0178384  0.914141
-0.560118 -0.810118 -0.173137   1.39738
        0         0         0         1

-0.0858299 -0.151641  0.984702  0.224859
-0.823913  0.566506 0.0154253  0.914647
-0.560179 -0.809985 -0.173562   1.39913
        0         0         0         1

-0.0947484  -0.153393   0.983612   0.223023
 -0.824591   0.565661 0.00878394   0.914392
 -0.557739  -0.810245  -0.180082    1.40758
         0          0          0          1

  -0.111976    -0.15451    0.981625    0.227869
  -0.824205     0.56627 -0.00488698    0.919199
   -0.55511   -0.809608   -0.190757     1.41856
          0           0           0           1

  -0.111976    -0.15451    0.981625    0.227869
  -0.824205     0.56627 -0.00488698    0.919199
   -0.55511   -0.809608   -0.190757     1.41856
          0           0           0           1

-0.117624 -0.149332  0.981766   0.22897
-0.827538  0.561241 -0.013778  0.920654
 -0.54895 -0.814069 -0.189593   1.42495
        0         0         0         1

-0.117624 -0.149332  0.981766   0.22897
-0.827538  0.561241 -0.013778  0.920654
 -0.54895 -0.814069 -0.189593   1.42495
        0         0         0         1

 -0.119651  -0.150735   0.981307   0.225381
 -0.834625    0.55055 -0.0171977   0.919873
 -0.537666   -0.82108  -0.191681    1.43471
         0          0          0          1

 -0.119651  -0.150735   0.981307   0.225381
 -0.834625    0.55055 -0.0171977   0.919873
 -0.537666   -0.82108  -0.191681    1.43471
         0          0          0          1

 -0.117157  -0.148022    0.98202   0.220962
 -0.839498   0.543054 -0.0182985    0.91889
 -0.530582  -0.826548  -0.187887     1.4406
         0          0          0          1

 -0.117157  -0.148022    0.98202   0.220962
 -0.839498   0.543054 -0.0182985    0.91889
 -0.530582  -0.826548  -0.187887     1.4406
         0          0          0          1

-0.122298  -0.14011  0.982554  0.229105
-0.847451  0.530031   -0.0299  0.925683
-0.516595 -0.836323 -0.183558    1.4525
        0         0         0         1

-0.122298  -0.14011  0.982554  0.229105
-0.847451  0.530031   -0.0299  0.925683
-0.516595 -0.836323 -0.183558    1.4525
        0         0         0         1

 -0.121924  -0.147143   0.981572    0.22695
 -0.850791   0.524809 -0.0270077    0.92568
 -0.511164  -0.838406  -0.189175    1.47176
         0          0          0          1

 -0.121924  -0.147143   0.981572    0.22695
 -0.850791   0.524809 -0.0270077    0.92568
 -0.511164  -0.838406  -0.189175    1.47176
         0          0          0          1

 -0.123277  -0.151671   0.980713   0.229771
 -0.853892   0.519752 -0.0269539   0.927485
 -0.505639  -0.840746  -0.193584    1.48764
         0          0          0          1

 -0.123277  -0.151671   0.980713   0.229771
 -0.853892   0.519752 -0.0269539   0.927485
 -0.505639  -0.840746  -0.193584    1.48764
         0          0          0          1

-0.120518 -0.152821  0.980878  0.229086
 -0.86529   0.50047 -0.028343  0.932516
-0.486568 -0.852159 -0.192551   1.49872
        0         0         0         1

-0.120518 -0.152821  0.980878  0.229086
 -0.86529   0.50047 -0.028343  0.932516
-0.486568 -0.852159 -0.192551   1.49872
        0         0         0         1

 -0.119982  -0.155297   0.980555   0.230594
 -0.869595   0.492953 -0.0283327   0.933921
 -0.478967  -0.856084  -0.194191    1.50093
         0          0          0          1

 -0.118902   -0.15871   0.980139   0.231324
   -0.8748   0.483685 -0.0278018    0.93717
 -0.469666  -0.860732  -0.196351    1.51124
         0          0          0          1

 -0.123262  -0.163732   0.978774   0.240454
 -0.884922   0.464517 -0.0337367   0.948056
 -0.449133  -0.870297  -0.202147    1.53269
         0          0          0          1

 -0.123262  -0.163732   0.978774   0.240454
 -0.884922   0.464517 -0.0337367   0.948056
 -0.449133  -0.870297  -0.202147    1.53269
         0          0          0          1

 -0.121461  -0.179318   0.976264   0.241647
 -0.889193   0.456751 -0.0267329   0.951173
 -0.441116  -0.871334  -0.214926    1.55803
         0          0          0          1

 -0.121461  -0.179318   0.976264   0.241647
 -0.889193   0.456751 -0.0267329   0.951173
 -0.441116  -0.871334  -0.214926    1.55803
         0          0          0          1

 -0.113621  -0.188615   0.975456   0.240047
 -0.897577   0.440431 -0.0193876   0.954172
 -0.425965   -0.87775  -0.219339    1.57277
         0          0          0          1

 -0.113621  -0.188615   0.975456   0.240047
 -0.897577   0.440431 -0.0193876   0.954172
 -0.425965   -0.87775  -0.219339    1.57277
         0          0          0          1

 -0.118391  -0.201526   0.972302   0.252105
 -0.910623   0.412458 -0.0253915   0.970229
 -0.395917  -0.888406  -0.232346    1.59984
         0          0          0          1

 -0.118391  -0.201526   0.972302   0.252105
 -0.910623   0.412458 -0.0253915   0.970229
 -0.395917  -0.888406  -0.232346    1.59984
         0          0          0          1

 -0.116482  -0.218268   0.968912   0.254246
   -0.9198   0.391751 -0.0223282   0.975922
 -0.374699  -0.893807  -0.246395    1.62399
         0          0          0          1

 -0.116482  -0.218268   0.968912   0.254246
   -0.9198   0.391751 -0.0223282   0.975922
 -0.374699  -0.893807  -0.246395    1.62399
         0          0          0          1

 -0.112173  -0.220828   0.968841   0.253661
 -0.924002   0.381867 -0.0199423   0.977987
 -0.365564  -0.897448   -0.24688    1.62723
         0          0          0          1

 -0.120959  -0.236341   0.964112   0.263977
  -0.93336   0.357736 -0.0294064   0.993796
 -0.337948   -0.90342  -0.263862    1.65267
         0          0          0          1

 -0.117542   -0.23841   0.964025   0.262537
 -0.937191   0.347666 -0.0282895   0.996106
 -0.328415  -0.906801  -0.264301    1.65606
         0          0          0          1

-0.121019 -0.253943  0.959618  0.267781
 -0.94029  0.339151 -0.028832   1.00267
-0.318133 -0.905809 -0.279824   1.67928
        0         0         0         1

 -0.119942  -0.255257   0.959405   0.270475
 -0.942844   0.331922 -0.0295611    1.00683
 -0.310902  -0.908114  -0.280479    1.68506
         0          0          0          1

 -0.113521  -0.261387   0.958535   0.273832
 -0.948125   0.316841 -0.0258872    1.01469
 -0.296937   -0.91175  -0.283796    1.69995
         0          0          0          1

 -0.102618   -0.27451   0.956093   0.288471
 -0.961039   0.275361 -0.0240883    1.04033
 -0.256658  -0.921315  -0.292072    1.73139
         0          0          0          1

 -0.102618   -0.27451   0.956093   0.288471
 -0.961039   0.275361 -0.0240883    1.04033
 -0.256658  -0.921315  -0.292072    1.73139
         0          0          0          1

 -0.096497  -0.293035    0.95122   0.300308
 -0.967827   0.250743 -0.0209372    1.05867
 -0.232376  -0.922637  -0.307803    1.75759
         0          0          0          1

 -0.096497  -0.293035    0.95122   0.300308
 -0.967827   0.250743 -0.0209372    1.05867
 -0.232376  -0.922637  -0.307803    1.75759
         0          0          0          1

-0.0912719  -0.298617   0.949999   0.303405
 -0.970131   0.241976 -0.0171449    1.06438
 -0.224757  -0.923188  -0.311783    1.76425
         0          0          0          1

 -0.0761412   -0.315345    0.945917    0.317498
  -0.977227    0.212045 -0.00797084     1.08778
  -0.198064   -0.924983   -0.324309     1.78917
          0           0           0           1

-0.0762864   -0.31851   0.944845   0.323051
 -0.980136   0.197939 -0.0124098    1.09839
 -0.183069  -0.927023  -0.327283    1.79099
         0          0          0          1

  -0.0626808    -0.332902     0.940876     0.323414
   -0.983187     0.182598 -0.000892564      1.10894
   -0.171505    -0.925113     -0.33875      1.81066
           0            0            0            1

 -0.059278  -0.332441   0.941259   0.328325
 -0.985013   0.172475 -0.0011174    1.11698
 -0.161972  -0.927219  -0.337683    1.81274
         0          0          0          1

 -0.0557181   -0.341101    0.938374    0.339892
  -0.988669    0.150052 -0.00416025     1.13652
  -0.139386   -0.927973   -0.345596     1.82117
          0           0           0           1

-0.0276354 -0.370515  0.928415  0.356765
-0.993059  0.116398 0.0168928   1.16624
-0.114325 -0.921504  -0.37116   1.85438
        0         0         0         1

-0.0276354 -0.370515  0.928415  0.356765
-0.993059  0.116398 0.0168928   1.16624
-0.114325 -0.921504  -0.37116   1.85438
        0         0         0         1

-0.0216601 -0.379517  0.924931  0.359015
-0.993941  0.107892 0.0209939   1.17332
 -0.10776 -0.918872 -0.379555   1.86097
        0         0         0         1

