 0.606115 -0.335459  0.721174  0.863631
-0.795366 -0.250865  0.551778   1.08244
-0.00418232 -0.908038 -0.418866   1.93005
        0         0         0         1

 0.596151 -0.341383  0.726679  0.866064
-0.802611 -0.230318  0.550244   1.06236
-0.0204771 -0.911269 -0.411302   1.92189
        0         0         0         1

 0.600922 -0.331495  0.727327   0.85383
-0.798802 -0.216687  0.561215    1.0456
-0.0284372 -0.918236 -0.395011   1.91861
        0         0         0         1

 0.587104 -0.337134  0.735969  0.861657
-0.808358 -0.195651  0.555228   1.02946
-0.0431932 -0.920903 -0.387392   1.90597
        0         0         0         1

 0.578924 -0.335504  0.743159  0.864664
-0.813339 -0.173131  0.555433   1.01531
-0.0576863 -0.925993 -0.373108   1.90032
        0         0         0         1

 0.574628 -0.315033  0.755352  0.854667
-0.814532 -0.130339  0.565287  0.980194
-0.0796323 -0.940088 -0.331501   1.88217
        0         0         0         1

 0.568145 -0.313133  0.761025  0.856857
-0.817628 -0.109995  0.565143  0.967895
-0.0932563 -0.943318 -0.318519   1.87628
        0         0         0         1

  0.561403  -0.306354   0.768748   0.856386
 -0.820773 -0.0875557   0.564505   0.952563
  -0.10563  -0.947883  -0.300601    1.86467
         0          0          0          1

   0.55226  -0.305356   0.775736   0.858355
 -0.825905 -0.0736816   0.558973   0.942367
 -0.113528  -0.949383  -0.292887    1.85482
         0          0          0          1

  0.533479  -0.301428   0.790279   0.856572
 -0.834028 -0.0320418   0.550791   0.914206
 -0.140702   -0.95295  -0.268493    1.83621
         0          0          0          1

  0.526306  -0.303675   0.794219   0.855765
 -0.836507 -0.0173846   0.547681   0.902565
  -0.15251  -0.952617  -0.263176    1.82803
         0          0          0          1

  0.515189  -0.305932   0.800616   0.854026
 -0.839964 0.00550923   0.542614   0.888535
 -0.170414  -0.952037  -0.254134    1.81839
         0          0          0          1

 0.509752 -0.307276  0.803576  0.850693
-0.840603 0.0209379  0.541247  0.877776
-0.183138  -0.95139 -0.247624   1.81162
        0         0         0         1

 0.498225 -0.310925  0.809381  0.850705
-0.843455 0.0424788  0.535518  0.865693
-0.200887 -0.949485 -0.241087   1.80002
        0         0         0         1

 0.490568 -0.311491  0.813828  0.850633
-0.845338 0.0566027  0.531225  0.857325
-0.211537 -0.948562 -0.235548    1.7902
        0         0         0         1

 0.476472 -0.308227   0.82339  0.848338
-0.846748 0.0911833  0.524122  0.837554
-0.236628 -0.946933 -0.217545   1.76485
        0         0         0         1

 0.472864 -0.303636  0.827167  0.847536
-0.845811  0.106723  0.522698  0.830685
-0.246988 -0.946792 -0.206354   1.75505
        0         0         0         1

 0.468472  -0.29684  0.832118  0.846296
 -0.84415  0.127494  0.520727  0.820374
-0.260662 -0.946378  -0.19085   1.74075
        0         0         0         1

 0.465862  -0.28991  0.836017  0.845093
-0.843465  0.140096  0.518594  0.814303
-0.267468 -0.946745 -0.179264   1.72996
        0         0         0         1

 0.456401 -0.278754  0.844982  0.844221
-0.839014   0.18134  0.513001  0.797574
 -0.29623 -0.943086 -0.151115    1.7086
        0         0         0         1

 0.454365 -0.271939  0.848293  0.840946
-0.837228  0.194938   0.51093  0.791003
-0.304306 -0.942363 -0.139102   1.69956
        0         0         0         1

 0.442765  -0.26602  0.856267  0.844063
-0.838576  0.215205  0.500476  0.784511
 -0.31741 -0.939638 -0.127793   1.68797
        0         0         0         1

  0.43816 -0.260325  0.860376  0.843653
-0.837405  0.229716  0.495967  0.779648
-0.326755 -0.937796 -0.117345   1.67867
        0         0         0         1

    0.4342  -0.249707   0.865515   0.841417
 -0.834706   0.249759   0.490801   0.772492
 -0.338726  -0.935557 -0.0999866    1.66714
         0          0          0          1

  0.430159   -0.24221   0.869654   0.840771
 -0.834432   0.260949   0.485415    0.76872
 -0.344508  -0.934473 -0.0898586    1.65727
         0          0          0          1

  0.420544  -0.217364   0.880849   0.839058
 -0.833545   0.290802    0.46972   0.759349
 -0.358253  -0.931766 -0.0588877    1.63146
         0          0          0          1

  0.415469   -0.20779   0.885556   0.838796
 -0.833018   0.304097   0.462175   0.755742
  -0.36533  -0.929703 -0.0467495    1.62293
         0          0          0          1

  0.408474  -0.195873   0.891506   0.839391
 -0.831762   0.322384   0.451931    0.75134
 -0.375928  -0.926122 -0.0312342    1.61222
         0          0          0          1

  0.404575  -0.189548   0.894646   0.839001
 -0.829118   0.336736   0.446286   0.747546
 -0.385852  -0.922323 -0.0209231    1.60527
         0          0          0          1

  0.393917  -0.175864   0.902165   0.838472
 -0.825511   0.363917   0.431388   0.740107
 -0.404179  -0.914678 -0.0018241     1.5841
         0          0          0          1

  0.391284  -0.172435   0.903971   0.838291
 -0.822133   0.375884   0.427561    0.73687
 -0.413515  -0.910482 0.00531274    1.57746
         0          0          0          1

 0.388993 -0.167662  0.905856   0.83722
-0.818661  0.388014  0.423366  0.733124
-0.422467 -0.906275 0.0136762    1.5666
        0         0         0         1

  0.38813   -0.1655  0.906623   0.83681
-0.816095  0.395337  0.421542  0.730632
-0.428187 -0.903503  0.018378   1.55831
        0         0         0         1

 0.386016 -0.162905  0.907994  0.837687
-0.812672  0.405715  0.418282  0.727623
-0.436527 -0.899365 0.0242241   1.54738
        0         0         0         1

  0.38631 -0.161986  0.908034  0.837261
-0.807531  0.416316   0.41782  0.724835
 -0.44571 -0.894674 0.0300189   1.54199
        0         0         0         1

 0.385797 -0.160508  0.908514   0.83824
-0.798147  0.435848  0.415931  0.719349
-0.462734 -0.885592 0.0400399   1.52635
        0         0         0         1

  0.38707 -0.159815  0.908095  0.838689
-0.793893  0.443128  0.416378  0.717024
-0.468946 -0.882098 0.0446456   1.52054
        0         0         0         1

  0.38834 -0.160915  0.907358  0.838829
   -0.788  0.452491  0.417503  0.713954
-0.477754 -0.877131 0.0489192   1.51311
        0         0         0         1

 0.390396  -0.16063  0.906526  0.838329
-0.784915  0.456526  0.418917  0.711893
-0.481144 -0.875089 0.0521449   1.50671
        0         0         0         1

 0.388097 -0.163564  0.906988    0.8404
-0.777696  0.469959  0.417524  0.707607
 -0.49454 -0.867401 0.0551862   1.49358
        0         0         0         1

 0.389057 -0.164386  0.906428  0.839805
-0.773896  0.475428  0.418393  0.705182
 -0.49972  -0.86426 0.0577508   1.48916
        0         0         0         1

 0.387256 -0.165553  0.906987  0.840626
-0.769521  0.483795  0.416869  0.702827
 -0.50781  -0.85938 0.0599562   1.48419
        0         0         0         1

 0.387188 -0.163108  0.907459   0.84116
-0.768034  0.487477  0.415319  0.701176
-0.510107 -0.857766 0.0634728   1.47889
        0         0         0         1

 0.388003 -0.156957  0.908195  0.841621
-0.765699   0.49357  0.412425  0.699038
-0.512991 -0.855426 0.0713245   1.47235
        0         0         0         1

 0.387351 -0.150839  0.909509  0.843641
-0.765202  0.497649  0.408425  0.697637
-0.514223 -0.854162 0.0773421   1.46792
        0         0         0         1

 0.388341 -0.137677  0.911173  0.845726
-0.762325   0.50753  0.401589   0.69382
-0.517737 -0.850564 0.0921406     1.458
        0         0         0         1

 0.391078 -0.132269  0.910804  0.845985
-0.761599  0.509124  0.400949  0.692235
-0.516745 -0.850469 0.0983713   1.45341
        0         0         0         1

 0.392356 -0.126753  0.911038  0.847565
-0.759605  0.513896  0.398637  0.690253
-0.518707 -0.848437  0.105348   1.44948
        0         0         0         1

  0.39422 -0.121165  0.910994  0.848415
-0.759112   0.51581    0.3971  0.689057
-0.518014 -0.848091  0.111365   1.44547
        0         0         0         1

 0.397253 -0.112504  0.910787  0.850388
-0.757172  0.520592  0.394557  0.685484
-0.518537 -0.846361  0.121622    1.4386
        0         0         0         1

 0.398133 -0.110219  0.910682  0.850696
-0.756435  0.522162  0.393896   0.68382
-0.518938 -0.845694  0.124516   1.43664
        0         0         0         1

 0.397213 -0.105592  0.911632  0.852721
-0.758283  0.521782  0.390833   0.68259
-0.516942 -0.846519   0.12719   1.43228
        0         0         0         1

 0.396493 -0.104805  0.912036   0.85345
-0.757862   0.52331  0.389604   0.68083
-0.518109 -0.845673  0.128061   1.43121
        0         0         0         1

 0.396149 -0.102424  0.912456  0.853377
-0.758583  0.523386  0.388095  0.678405
-0.517317 -0.845917  0.129642   1.42819
        0         0         0         1

 0.395844 -0.102057  0.912629    0.8544
-0.758595  0.523735  0.387601  0.677098
-0.517534 -0.845746  0.129897   1.42681
        0         0         0         1

 0.391903 -0.102079  0.914326  0.856749
-0.758992  0.525791  0.384025  0.673236
-0.519946 -0.844466  0.128582   1.42483
        0         0         0         1

 0.392137 -0.102307    0.9142  0.856947
-0.759549   0.52463  0.384511  0.671795
-0.518955 -0.845161   0.12802    1.4225
        0         0         0         1

 0.391274 -0.103591  0.914425  0.858274
 -0.75964  0.524532  0.384464  0.669933
-0.519472 -0.845065  0.126544    1.4207
        0         0         0         1

 0.388735 -0.103932  0.915469  0.860534
 -0.76055   0.52464  0.382514  0.669165
-0.520047 -0.844956    0.1249   1.41985
        0         0         0         1

 0.388004 -0.106195  0.915519  0.860553
-0.760481  0.524303  0.383113  0.665591
-0.520694 -0.844884  0.122673   1.41793
        0         0         0         1

 0.387673 -0.107853  0.915466  0.860143
 -0.76042  0.523931  0.383741   0.66385
-0.521029 -0.844905  0.121101    1.4173
        0         0         0         1

 0.385989 -0.110093   0.91591  0.860811
-0.761021  0.523163  0.383599  0.662027
-0.521402 -0.845092  0.118152   1.41652
        0         0         0         1

 0.385048 -0.112244  0.916045  0.860809
-0.761471  0.522171  0.384057  0.661042
-0.521441 -0.845422  0.115591   1.41591
        0         0         0         1

 0.381051 -0.116285  0.917212  0.861974
 -0.76209  0.522184  0.382809  0.659554
-0.523469 -0.844868  0.110359   1.41654
        0         0         0         1

 0.377825 -0.119021  0.918195   0.86216
-0.762849  0.521986  0.381565    0.6585
-0.524699 -0.844609  0.106424   1.41694
        0         0         0         1

  0.36871 -0.121142  0.921617  0.861442
-0.767654  0.519413  0.375389  0.656463
-0.524175 -0.845893 0.0985178   1.41587
        0         0         0         1

 0.364714  -0.11931  0.923444  0.861859
-0.769092  0.520443  0.370995   0.65587
-0.524863  -0.84552 0.0980523   1.41628
        0         0         0         1

  0.36407 -0.116877  0.924009  0.860624
-0.770929  0.518867  0.369385  0.655127
-0.522611 -0.846827 0.0987999   1.41529
        0         0         0         1

 0.362941 -0.118415  0.924257  0.860247
-0.771091  0.518721  0.369253  0.654298
-0.523157 -0.846703 0.0969565   1.41522
        0         0         0         1

 0.360357 -0.120459  0.925004  0.859958
-0.772185  0.517802  0.368254  0.653529
-0.523329 -0.846977 0.0935772   1.41512
        0         0         0         1

 0.360633 -0.120822  0.924849  0.859602
-0.772128  0.517572  0.368696  0.653286
-0.523223 -0.847066 0.0933635   1.41521
        0         0         0         1

 0.360544 -0.122153  0.924709  0.859442
-0.771753  0.517706  0.369294  0.652939
-0.523838 -0.846794 0.0923834   1.41606
        0         0         0         1

 0.360696 -0.123515  0.924469  0.859329
-0.771507  0.517459  0.370152  0.652896
-0.524094 -0.846747 0.0913528   1.41661
        0         0         0         1

 0.360841 -0.125412  0.924157  0.859444
 -0.77131  0.516923   0.37131  0.653156
-0.524285 -0.846795 0.0897957   1.41732
        0         0         0         1

 0.362031 -0.126023  0.923608   0.85926
-0.771241  0.516014  0.372716  0.653316
-0.523565 -0.847259 0.0896189   1.41749
        0         0         0         1

 0.365133 -0.124843  0.922547  0.859267
 -0.77136   0.51426  0.374887  0.654574
-0.521231 -0.848499 0.0914746   1.41845
        0         0         0         1

 0.365746 -0.123598  0.922472  0.859651
-0.771846  0.513568  0.374836  0.655486
-0.520081   -0.8491 0.0924365   1.41915
        0         0         0         1

 0.367646 -0.121462     0.922  0.859072
-0.772539  0.512036  0.375503  0.656687
-0.517706 -0.850333 0.0944134   1.42092
        0         0         0         1

 0.368133 -0.118367  0.922208  0.859283
-0.774687  0.509424   0.37463  0.658056
-0.514139 -0.852336 0.0958385   1.42181
        0         0         0         1

 0.368701 -0.108087  0.923243  0.859647
-0.781068  0.502472  0.370748  0.661585
-0.503977  -0.85781  0.100839   1.42686
        0         0         0         1

 0.368006 -0.100465   0.92438  0.859966
-0.786789  0.496147  0.367153  0.663011
-0.495514 -0.862407   0.10354   1.42703
        0         0         0         1

 0.368426 -0.091389  0.925154  0.859224
-0.792885   0.48869  0.364026  0.664729
-0.485382 -0.867658  0.107585   1.42814
        0         0         0         1

  0.364708 -0.0838786   0.927336   0.860757
 -0.798282   0.484502   0.357776   0.666358
 -0.479306   -0.87076   0.109743    1.43057
         0          0          0          1

  0.364376 -0.0727428   0.928407   0.860005
 -0.803752   0.478945   0.352978   0.668098
 -0.470333  -0.874826   0.116049    1.43377
         0          0          0          1

  0.362978 -0.0643584   0.929572   0.860486
 -0.808652   0.473898   0.348572   0.669394
 -0.462956  -0.878225   0.119971    1.43565
         0          0          0          1

 0.362405 -0.046162  0.930877  0.859694
-0.818643  0.461661  0.341604  0.671895
-0.445519 -0.885854  0.129518   1.44264
        0         0         0         1

  0.362503 -0.0397663   0.931134   0.859457
 -0.822972   0.455223   0.339836   0.673347
 -0.437388  -0.889489   0.132293    1.44551
         0          0          0          1

  0.358716 -0.0322163   0.932891   0.861931
 -0.829664   0.446984   0.334459   0.675363
 -0.427762  -0.893962   0.133612    1.45021
         0          0          0          1

  0.358495 -0.0278814   0.933115   0.861549
 -0.833938   0.439666   0.333529   0.676426
 -0.419558  -0.897729   0.134367    1.45342
         0          0          0          1

  0.359742 -0.0255892   0.932701    0.85979
 -0.838715   0.429131   0.335266   0.677603
  -0.40883   -0.90288   0.132914    1.45831
         0          0          0          1

   0.35937 -0.0240834   0.932884   0.859769
 -0.842352   0.421852   0.335386   0.678645
 -0.401616  -0.906345   0.131314    1.46275
         0          0          0          1

  0.362448 -0.0229307   0.931722   0.857014
 -0.850742   0.400123   0.340793   0.680922
 -0.380618  -0.916174   0.125516    1.47473
         0          0          0          1

  0.361275 -0.0228521   0.932179   0.857672
 -0.854533   0.391963   0.340791    0.68219
 -0.373168  -0.919697   0.122079    1.48034
         0          0          0          1

 0.357453  -0.02335  0.933639  0.859697
-0.860693   0.37983  0.339024  0.684171
 -0.36254 -0.924762  0.115674   1.48823
        0         0         0         1

  0.362262 -0.0228531   0.931796   0.856265
 -0.862324   0.371233   0.344358   0.684163
 -0.353783  -0.928258   0.114777    1.49446
         0          0          0          1

  0.362957 -0.0194254   0.931604   0.855036
 -0.871365   0.347136   0.346726   0.686873
 -0.330128  -0.937614   0.109069    1.51131
         0          0          0          1

   0.36452 -0.0170634   0.931039   0.854078
 -0.874647   0.336838   0.348615   0.687862
 -0.319558  -0.941408    0.10786    1.51836
         0          0          0          1

  0.362898 -0.0131301   0.931736   0.854853
 -0.881114   0.320537   0.347699    0.69022
 -0.303221  -0.947145   0.104753    1.52756
         0          0          0          1

  0.362969 -0.0106557    0.93174   0.855545
 -0.884951   0.309135   0.348277   0.692019
 -0.291745  -0.950958   0.102776    1.53498
         0          0          0          1

   0.367011 -0.00546308      0.9302      0.8536
  -0.888812    0.292962    0.352402    0.694065
  -0.274438   -0.956109    0.102665     1.54499
          0           0           0           1

    0.36981 -0.00316021    0.929102    0.852302
  -0.891297    0.281166    0.355719    0.695502
  -0.262356   -0.959654    0.101161     1.55361
          0           0           0           1

    0.372014 -0.000739254     0.928227     0.852773
   -0.898549      0.25056      0.36032     0.701396
   -0.232842    -0.968101    0.0925475      1.57649
           0            0            0            1

     0.3724 -0.00164506    0.928071    0.853213
  -0.900872    0.239688    0.361911    0.703952
  -0.223043   -0.970849   0.0877779     1.58716
          0           0           0           1

   0.376834 -0.00107612     0.92628    0.852537
  -0.903451    0.220224    0.367802     0.70755
  -0.204384   -0.975449   0.0820154      1.5996
          0           0           0           1

   0.379441 -0.00143609    0.925215    0.853045
  -0.905227    0.206168    0.371563    0.711331
  -0.191284   -0.978516   0.0769287     1.60819
          0           0           0           1

   0.387916 -0.00248578    0.921691    0.854207
  -0.908445    0.167917    0.382794    0.721004
   -0.15572   -0.985798   0.0628796     1.63343
          0           0           0           1

  0.391144 -0.0041423    0.92032    0.85496
 -0.909255   0.152926    0.38713   0.725348
 -0.142345  -0.988229  0.0560499    1.64316
         0          0          0          1

  0.397904 -0.0061487   0.917406   0.854735
  -0.90874   0.134645   0.395048   0.731174
 -0.125953  -0.990875  0.0479881    1.65733
         0          0          0          1

   0.402997 -0.00617716     0.91518    0.854919
  -0.908548    0.117661     0.40087    0.737105
  -0.110157   -0.993035   0.0418046     1.66635
          0           0           0           1

   0.404257 -0.00878169    0.914603    0.859287
  -0.910061   0.0961286    0.403172    0.745818
   -0.09146    -0.99533   0.0308688     1.67962
          0           0           0           1

   0.411469 -0.00885196    0.911381    0.858728
  -0.907897   0.0838982    0.410712    0.750979
 -0.0800988   -0.996435   0.0264849     1.69041
          0           0           0           1

  0.419931 -0.0072528   0.907527   0.861209
 -0.906276   0.049738    0.41975   0.767275
 -0.048183  -0.998736  0.0143135    1.71665
         0          0          0          1

   0.422583 -0.00571604    0.906306    0.862431
  -0.905687    0.034826    0.422514     0.77456
 -0.0339781   -0.999377  0.00953994     1.72548
          0           0           0           1

   0.427578 -0.00377072     0.90397    0.863103
  -0.903804   0.0178675    0.427574    0.784566
 -0.0177639   -0.999833  0.00423176     1.73993
          0           0           0           1

   0.428507 -0.00342835    0.903532     0.86651
  -0.903528  0.00327815    0.428517    0.793468
-0.00443102   -0.999989  -0.0016929     1.74836
          0           0           0           1

   0.435865 -0.00327406    0.900006    0.869218
  -0.899733  -0.0264872    0.435637    0.814755
  0.0224123   -0.999644  -0.0144906     1.77402
          0           0           0           1

   0.438186 -0.00211432    0.898882    0.869463
   -0.89816  -0.0411643    0.437737    0.824608
  0.0360763    -0.99915  -0.0199366      1.7806
          0           0           0           1

   0.442399 -0.00166272    0.896817    0.870697
  -0.895415  -0.0567309    0.441603    0.837176
  0.0501429   -0.998388  -0.0265865     1.79344
          0           0           0           1

   0.448401 -0.00136178    0.893832    0.869564
  -0.891764  -0.0686685    0.447259    0.846113
   0.060769   -0.997639  -0.0320054      1.8018
          0           0           0           1

   0.454587 -0.00302023    0.890697    0.869011
  -0.887289  -0.0889965    0.452546    0.859842
  0.0779022   -0.996027  -0.0431365      1.8117
          0           0           0           1

   0.459526 -0.00673739    0.888139    0.870231
  -0.883887   -0.101488    0.456557    0.870424
   0.087059   -0.994814  -0.0525913     1.81963
          0           0           0           1

  0.469041 -0.0205815   0.882937   0.873783
 -0.876183  -0.136405   0.462274   0.898203
  0.110923  -0.990439 -0.0820127    1.83943
         0          0          0          1

  0.472554 -0.0282949   0.880847   0.877056
 -0.872866  -0.152985   0.463358   0.910828
  0.121646  -0.987823 -0.0969915    1.84492
         0          0          0          1

  0.479903 -0.0329863   0.876701   0.877177
 -0.866718  -0.172719   0.467939    0.92681
  0.135988  -0.984419  -0.111478    1.85304
         0          0          0          1

   0.48554 -0.0352244   0.873505   0.876147
 -0.861771  -0.187273   0.471466   0.938737
  0.146977  -0.981676  -0.121284    1.85944
         0          0          0          1

  0.501614 -0.0462059   0.863857   0.880222
 -0.849246  -0.216552   0.481547    0.96885
   0.16482  -0.975177  -0.147866    1.87796
         0          0          0          1

  0.511769 -0.0460038    0.85789   0.875372
  -0.84154  -0.227837   0.489798   0.980411
  0.172926  -0.972612  -0.155314    1.88425
         0          0          0          1

  0.523711 -0.0480432    0.85054   0.874041
 -0.832153  -0.242554   0.498688   0.997468
  0.182343  -0.968948  -0.167007    1.89133
         0          0          0          1

  0.529009 -0.0519483   0.847025   0.876993
 -0.827236  -0.254204   0.501059    1.01132
  0.189288  -0.965754   -0.17745    1.89313
         0          0          0          1

  0.537077 -0.0596007   0.841425   0.880595
 -0.821297  -0.264474   0.505495    1.02843
  0.192407  -0.962549  -0.190992    1.90263
         0          0          0          1

  0.546051 -0.0574435    0.83578   0.877884
 -0.812076  -0.281395   0.511224    1.04355
  0.205818  -0.957871  -0.200305    1.90245
         0          0          0          1

  0.556961 -0.0730743   0.827318   0.885008
 -0.802794  -0.302684   0.513716    1.07943
  0.212876  -0.950285  -0.227247    1.91316
         0          0          0          1

 0.564641 -0.073709  0.822038  0.880113
-0.793972 -0.320476  0.516627   1.09565
 0.225363 -0.944385 -0.239477   1.91119
        0         0         0         1

  0.569978 -0.0821627   0.817541   0.885286
 -0.788545  -0.334324   0.516163    1.11736
  0.230914   -0.93887  -0.255347    1.91237
         0          0          0          1

  0.576121 -0.0868629   0.812736   0.887377
 -0.784023  -0.339828   0.519447    1.13068
   0.23107  -0.936468  -0.263884    1.91718
         0          0          0          1

  0.601391 -0.0881056   0.794082   0.878569
 -0.761884  -0.362481   0.536787     1.1687
  0.240546  -0.927817  -0.285119    1.91756
         0          0          0          1

  0.608068 -0.0909793   0.788655   0.883843
 -0.757753  -0.362801   0.542389    1.18304
  0.236779  -0.927415  -0.289547    1.92044
         0          0          0          1

