 0.626959 -0.246777  0.738934   1.57667
-0.775719 -0.285399  0.562856   1.07896
0.0719912 -0.926093 -0.370363   1.82724
        0         0         0         1

 0.628728 -0.246474  0.737531   1.58863
-0.776302  -0.25425  0.576813   1.05741
0.0453477 -0.935205 -0.351192   1.81928
        0         0         0         1

 0.627401   -0.2528  0.736519   1.59631
-0.777909    -0.246  0.578223   1.04887
0.0350091 -0.935722 -0.350996   1.81294
        0         0         0         1

 0.628006 -0.252438  0.736128   1.60446
-0.777712 -0.237368  0.582082   1.03808
0.0277936 -0.938047 -0.345392   1.80397
        0         0         0         1

   0.6247  -0.25669  0.737468   1.61103
-0.780667 -0.226562  0.582433   1.03031
0.0175776 -0.939563 -0.341923   1.79713
        0         0         0         1

 0.618381 -0.266398  0.739349   1.61806
-0.785878 -0.210129  0.581585   1.01913
0.000425912 -0.940679 -0.339297   1.79225
        0         0         0         1

 0.615809 -0.271621  0.739596   1.62361
-0.787812 -0.198603  0.583017   1.01084
-0.0114739 -0.941689 -0.336288   1.78909
        0         0         0         1

 0.611359 -0.283752  0.738732   1.63174
-0.790435    -0.174  0.587313  0.993922
-0.0381115 -0.942979 -0.330664   1.77438
        0         0         0         1

 0.608251 -0.293336  0.737553   1.63624
-0.792259 -0.167526  0.586738  0.987424
-0.0485519 -0.941217 -0.334296   1.76403
        0         0         0         1

 0.608165 -0.301842  0.734185    1.6402
-0.791002 -0.152691  0.592454  0.978108
-0.0667235 -0.941051 -0.331619    1.7573
        0         0         0         1

 0.604437 -0.306026   0.73553   1.64624
 -0.79288 -0.141331  0.592762  0.970397
-0.0774475 -0.941474 -0.328067   1.75107
        0         0         0         1

 0.601006 -0.310001  0.736675   1.65379
-0.792676 -0.113269  0.599029  0.953835
-0.102257 -0.943965 -0.313806   1.73704
        0         0         0         1

 0.595414 -0.315765  0.738766   1.66389
-0.795464  -0.10262  0.597248  0.945953
-0.112778 -0.943272 -0.312281   1.72693
        0         0         0         1

   0.59312  -0.317008   0.740077    1.66934
 -0.795311 -0.0876866   0.599826   0.937238
 -0.125255  -0.944361  -0.304129     1.7194
         0          0          0          1

 0.593782 -0.319396  0.738519   1.67143
-0.793201 -0.078234  0.603913   0.93169
 -0.13511 -0.944387 -0.299799   1.71255
        0         0         0         1

  0.589798  -0.321151   0.740945    1.67648
 -0.794077 -0.0637339   0.604467   0.923995
 -0.146902  -0.944881  -0.292609     1.7047
         0          0          0          1

   0.58563   -0.32488   0.742624    1.68176
 -0.795814 -0.0563785   0.602911   0.917823
 -0.154005  -0.944073  -0.291561    1.69566
         0          0          0          1

  0.582839  -0.330741   0.742233    1.68733
 -0.793607 -0.0354167   0.607399   0.905878
 -0.174604  -0.943057   -0.28312    1.67862
         0          0          0          1

  0.582116  -0.331371   0.742519    1.68929
 -0.791737 -0.0230202   0.610428    0.89948
 -0.185185   -0.94322  -0.275759    1.67434
         0          0          0          1

  0.578124  -0.337828   0.742727    1.69415
 -0.791608 -0.0115468    0.61092   0.893231
  -0.19781  -0.941137  -0.274103    1.66497
         0          0          0          1

   0.581437   -0.339017    0.739594     1.69378
  -0.787138 -0.00447917    0.616761    0.889594
  -0.205779    -0.94077   -0.269457     1.65907
          0           0           0           1

 0.584978 -0.339377   0.73663   1.69453
-0.781617 0.0065582  0.623725   0.88427
-0.216509 -0.940628 -0.261426   1.65201
        0         0         0         1

 0.582692 -0.342762  0.736875   1.69968
-0.780514 0.0165905  0.624918  0.878994
-0.226423 -0.939276 -0.257863   1.64589
        0         0         0         1

 0.583326 -0.347691  0.734058   1.70264
-0.774015 0.0360248  0.632141  0.870435
-0.246234 -0.936917 -0.248104   1.62857
        0         0         0         1

 0.583499 -0.349393  0.733112   1.70452
-0.771697 0.0426934  0.634556  0.866459
-0.253009 -0.936003 -0.244714   1.62133
        0         0         0         1

 0.581974 -0.350911  0.733599   1.70818
-0.770205 0.0516168  0.635705  0.861481
-0.260942 -0.934985 -0.240234   1.61434
        0         0         0         1

 0.578833 -0.353658  0.734764    1.7116
-0.769923 0.0598259  0.635326  0.857611
-0.268646  -0.93346  -0.23766    1.6088
        0         0         0         1

 0.577864 -0.358885   0.73299   1.71152
-0.765813 0.0720455  0.639015  0.850931
-0.282141 -0.930597 -0.233206   1.59617
        0         0         0         1

 0.577029  -0.36058  0.732816   1.71123
-0.764335 0.0777675  0.640112   0.84806
-0.287801 -0.929481  -0.23073   1.59184
        0         0         0         1

 0.572914 -0.364278  0.734215   1.71492
-0.764069  0.086788   0.63927  0.843737
-0.296593 -0.927238 -0.228611   1.58715
        0         0         0         1

 0.574355 -0.368004  0.731224   1.71266
-0.762601 0.0841841  0.641368  0.843029
-0.297583 -0.926005 -0.232289   1.57824
        0         0         0         1

  0.57276 -0.370344  0.731294   1.71366
 -0.76183 0.0888236  0.641659  0.840647
 -0.30259 -0.924638 -0.231264   1.57179
        0         0         0         1

 0.571645 -0.369412  0.732637   1.71354
-0.761565 0.0934183   0.64132  0.838475
-0.305353 -0.924558 -0.227929   1.56693
        0         0         0         1

 0.567733 -0.369439   0.73566   1.71554
-0.761693  0.103226  0.639662  0.833915
-0.312255 -0.923504 -0.222794   1.55433
        0         0         0         1

  0.56555 -0.368357   0.73788   1.71649
-0.761711  0.109678  0.638567  0.831665
 -0.31615 -0.923192 -0.218553    1.5508
        0         0         0         1

 0.564462 -0.367444  0.739167   1.71554
-0.759662  0.119102  0.639319   0.82965
 -0.32295 -0.922388 -0.211905   1.54719
        0         0         0         1

 0.561313 -0.367459  0.741554   1.71652
-0.759469  0.127319  0.637963  0.827589
-0.328839 -0.921284 -0.207608   1.54441
        0         0         0         1

 0.561391 -0.367893  0.741279    1.7134
-0.755745  0.137052  0.640364  0.825797
-0.337179 -0.919713 -0.201093   1.53584
        0         0         0         1

 0.554726 -0.371944  0.744269   1.71592
-0.759358    0.1393  0.635587  0.824196
 -0.34008 -0.917743 -0.205166   1.52896
        0         0         0         1

 0.551672 -0.373858  0.745579   1.71668
 -0.75982  0.143409  0.634119  0.822322
-0.343993 -0.916332  -0.20495   1.52461
        0         0         0         1

 0.551843 -0.374292  0.745235   1.71549
 -0.75788   0.14779  0.635434  0.820737
-0.347976 -0.915458 -0.202111   1.52298
        0         0         0         1

 0.553291 -0.374547  0.744032   1.71287
-0.755153  0.151468   0.63781  0.820017
-0.351587 -0.914752 -0.199034   1.52068
        0         0         0         1

 0.552799  -0.37622  0.743554   1.71358
-0.754436  0.152984  0.638296  0.819462
-0.353892 -0.913813 -0.199265   1.51776
        0         0         0         1

 0.546333 -0.379291  0.746765   1.71755
-0.756302  0.159711  0.634429   0.81514
  -0.3599 -0.911389 -0.199603   1.51248
        0         0         0         1

 0.546159 -0.379074  0.747003   1.71665
-0.755127   0.16323  0.634932  0.813985
 -0.36262 -0.910856   -0.1971   1.51212
        0         0         0         1

 0.545724  -0.38122  0.746228   1.71588
-0.753849  0.165523  0.635857  0.813332
-0.365919 -0.909546 -0.197052   1.51024
        0         0         0         1

 0.546596 -0.380433  0.745992   1.71483
-0.752599  0.167452  0.636832  0.812595
 -0.36719 -0.909522 -0.194785   1.50931
        0         0         0         1

 0.547633  -0.38214  0.744357   1.71398
-0.751325  0.166945  0.638467  0.811535
 -0.36825 -0.908899 -0.195687   1.50375
        0         0         0         1

 0.545103 -0.383108  0.745715   1.71572
-0.751653  0.170632  0.637105   0.80925
-0.371323 -0.907807 -0.194952   1.50254
        0         0         0         1

 0.544383 -0.385028  0.745252   1.71526
-0.751849  0.170015  0.637039  0.808753
-0.371982  -0.90711 -0.196929   1.49906
        0         0         0         1

 0.543931 -0.385204  0.745491   1.71554
-0.751465  0.171737  0.637029  0.807844
-0.373415 -0.906711 -0.196054   1.49904
        0         0         0         1

 0.542252 -0.386153  0.746223   1.71671
-0.751611  0.174043  0.636231  0.806714
-0.375557 -0.905867 -0.195862    1.4988
        0         0         0         1

 0.541547  -0.38703  0.746281   1.71653
-0.751308  0.175472  0.636196  0.806207
-0.377178 -0.905217 -0.195752   1.49761
        0         0         0         1

 0.542299 -0.391036  0.743642    1.7148
-0.749977   0.17369  0.638252  0.806145
-0.378743 -0.903838 -0.199076   1.49371
        0         0         0         1

 0.543007 -0.390559  0.743376   1.71438
-0.748841  0.175358  0.639129  0.805402
-0.379974 -0.903722 -0.197246   1.49463
        0         0         0         1

 0.544951 -0.390803  0.741824   1.71328
-0.747616  0.174077  0.640912  0.806065
-0.379605 -0.903864 -0.197307   1.49348
        0         0         0         1

 0.544985 -0.391143  0.741619   1.71363
-0.747081  0.174982  0.641288  0.805352
-0.380605 -0.903542 -0.196852   1.49338
        0         0         0         1

 0.545091 -0.391614  0.741292   1.71446
-0.746196  0.176455  0.641916   0.80411
-0.382188 -0.903051 -0.196037   1.49242
        0         0         0         1

 0.545944 -0.392651  0.740115   1.71389
-0.745671  0.175049   0.64291  0.804219
-0.381996 -0.902875 -0.197222   1.49062
        0         0         0         1

  0.54545 -0.394006  0.739759   1.71412
-0.745778  0.174631  0.642899  0.803838
-0.382491 -0.902365 -0.198589   1.48845
        0         0         0         1

 0.544657 -0.394258  0.740209   1.71514
-0.745618  0.176409  0.642599  0.802858
 -0.38393 -0.901909 -0.197883   1.48857
        0         0         0         1

 0.545764 -0.394936  0.739031   1.71378
 -0.74409  0.177144  0.644166  0.802972
-0.385319 -0.901469 -0.197189   1.48818
        0         0         0         1

 0.545676 -0.395469  0.738811   1.71378
-0.743286  0.178736  0.644655  0.802601
-0.386993  -0.90092 -0.196414   1.48788
        0         0         0         1

 0.544428 -0.396228  0.739325    1.7156
-0.742853  0.181602  0.644352  0.801334
-0.389574 -0.900013  -0.19547    1.4847
        0         0         0         1

 0.545306 -0.395927  0.738839   1.71501
-0.741676  0.182813  0.645365   0.80136
-0.390587 -0.899901  -0.19396   1.48356
        0         0         0         1

 0.545535 -0.393697  0.739861   1.71502
-0.741794  0.184026  0.644885  0.801064
-0.390043 -0.900632 -0.191649   1.48199
        0         0         0         1

 0.546162 -0.392504  0.740032   1.71377
-0.741641  0.184157  0.645024  0.801597
-0.389457 -0.901125 -0.190518   1.48095
        0         0         0         1

 0.547921 -0.388413   0.74089   1.71117
-0.741213  0.185158  0.645229  0.801889
-0.387797 -0.902691 -0.186445   1.47922
        0         0         0         1

 0.549428 -0.384143  0.741999   1.71058
-0.740821  0.186727  0.645227  0.801823
-0.386411 -0.904194 -0.181988    1.4797
        0         0         0         1

 0.548233 -0.380706   0.74465   1.71107
-0.742095  0.189145  0.643054  0.800921
-0.385661 -0.905145 -0.178824   1.48041
        0         0         0         1

 0.546517 -0.379867  0.746338   1.71198
-0.743907  0.189083  0.640976  0.800426
-0.384605  -0.90551 -0.179249   1.48026
        0         0         0         1

 0.547225 -0.378775  0.746374   1.71097
-0.744035  0.188286  0.641062  0.800382
 -0.38335 -0.906133 -0.178787   1.47949
        0         0         0         1

 0.547915 -0.376616   0.74696   1.71021
-0.744062  0.188671  0.640917  0.800496
 -0.38231 -0.906953  -0.17685    1.4793
        0         0         0         1

 0.547473 -0.373436  0.748878   1.71062
-0.744379  0.191539  0.639697  0.799279
-0.382325 -0.907667 -0.173116   1.47962
        0         0         0         1

 0.547507 -0.373696  0.748724   1.71029
-0.744557  0.190827  0.639703  0.799359
-0.381931  -0.90771 -0.173759   1.47894
        0         0         0         1

 0.545978 -0.374226  0.749575    1.7107
-0.745655  0.190864  0.638412  0.798869
-0.381977 -0.907483 -0.174836   1.47797
        0         0         0         1

 0.544209 -0.373727  0.751109   1.71131
-0.746773  0.192204  0.636701  0.798036
-0.382318 -0.907406  -0.17449   1.47779
        0         0         0         1

 0.543115 -0.371693  0.752908   1.71213
-0.746568    0.1966  0.635598  0.796763
-0.384269   -0.9073 -0.170718   1.47935
        0         0         0         1

 0.542685 -0.371698  0.753216   1.71213
-0.746559  0.197473  0.635338  0.796409
-0.384894 -0.907108 -0.170329   1.47967
        0         0         0         1

 0.542146 -0.371604   0.75365    1.7124
-0.746227  0.199402  0.635125  0.795936
-0.386294 -0.906724 -0.169197   1.48054
        0         0         0         1

 0.542942 -0.371814  0.752973   1.71184
-0.745177  0.200111  0.636134  0.796031
-0.387202 -0.906482 -0.168419   1.48073
        0         0         0         1

 0.543304 -0.371929  0.752655   1.71119
 -0.74485  0.200064  0.636533  0.796076
-0.387324 -0.906445 -0.168336   1.48026
        0         0         0         1

 0.545018 -0.370899  0.751924   1.71037
-0.743024  0.201809  0.638113  0.796295
 -0.38842 -0.906481 -0.165597   1.48042
        0         0         0         1

 0.543896 -0.365458  0.755392   1.71114
-0.741363  0.212464  0.636584  0.795419
-0.393139 -0.906256 -0.155379   1.48154
        0         0         0         1

 0.542865 -0.362574  0.757521   1.71174
-0.740819   0.21813    0.6353  0.794672
-0.395581 -0.906068 -0.150187   1.48247
        0         0         0         1

 0.545833 -0.360203  0.756518   1.71151
-0.737464  0.222087  0.637828  0.794325
 -0.39776 -0.906052 -0.144414   1.48373
        0         0         0         1

 0.543686 -0.358969  0.758648   1.71225
-0.738431  0.225029  0.635674   0.79382
-0.398905 -0.905816 -0.142729   1.48447
        0         0         0         1

 0.544579 -0.358612  0.758176   1.71218
-0.734846  0.231719  0.637423  0.793142
-0.404271  -0.90427 -0.137335   1.48828
        0         0         0         1

 0.548145 -0.358315  0.755743   1.71028
-0.731403  0.232933   0.64093  0.793564
-0.405693 -0.904075 -0.134392   1.48964
        0         0         0         1

 0.547781 -0.358055   0.75613   1.71086
-0.730802  0.235176  0.640796  0.793231
-0.407264 -0.903598 -0.132842   1.49015
        0         0         0         1

 0.550314 -0.355677  0.755412   1.71055
-0.728471  0.237594  0.642556  0.793328
-0.408024 -0.903904  -0.12835   1.49145
        0         0         0         1

 0.551577 -0.352483  0.755988   1.71094
-0.726836  0.241551  0.642932  0.793244
-0.409232 -0.904107 -0.122963   1.49289
        0         0         0         1

 0.552366 -0.348492  0.757262   1.71146
-0.725604  0.246183  0.642567   0.79283
-0.410354 -0.904404 -0.116885   1.49515
        0         0         0         1

 0.558704 -0.342267  0.755449   1.70933
-0.720659  0.250482  0.646459  0.793758
-0.410488   -0.9056 -0.106713   1.49785
        0         0         0         1

 0.559186 -0.342687  0.754902   1.70909
-0.719944  0.250789  0.647137  0.794098
-0.411086 -0.905357 -0.106477   1.49921
        0         0         0         1

 0.558663 -0.340719  0.756179   1.70926
-0.719532  0.254362  0.646199  0.794347
-0.412516 -0.905103 -0.103055   1.50241
        0         0         0         1

 0.559376 -0.342358   0.75491   1.70859
 -0.71925  0.252238  0.647345  0.795537
-0.412041 -0.905078 -0.105145   1.50209
        0         0         0         1

 0.559048 -0.342092  0.755274   1.70861
-0.718057  0.255694  0.647313  0.796098
 -0.41456 -0.904209 -0.102697   1.50535
        0         0         0         1

 0.559514 -0.342943  0.754543   1.70744
-0.717543  0.255213  0.648073   0.79688
-0.414821 -0.904022 -0.103281   1.50543
        0         0         0         1

 0.561273 -0.343417  0.753019    1.7072
-0.715964  0.254945  0.649922  0.798022
-0.415173 -0.903918  -0.10278   1.50679
        0         0         0         1

  0.564071  -0.342005   0.751569    1.70524
 -0.713527   0.256199   0.652105   0.799038
 -0.415575  -0.904099 -0.0995153    1.51033
         0          0          0          1

  0.569274  -0.341395   0.747915    1.70318
 -0.709233   0.256194   0.656774   0.801081
 -0.415831  -0.904331 -0.0962839     1.5133
         0          0          0          1

  0.570675   -0.34125   0.746913    1.70421
 -0.707374   0.257683   0.658196   0.801301
 -0.417076  -0.903962 -0.0943375    1.51507
         0          0          0          1

  0.587426  -0.341102   0.733881    1.69665
 -0.693627   0.254954   0.673706   0.807196
 -0.416908  -0.904792 -0.0868308     1.5229
         0          0          0          1

  0.589714  -0.345334   0.730056    1.69501
 -0.692369   0.249194   0.677146   0.809394
 -0.415767  -0.904791 -0.0921454    1.52209
         0          0          0          1

  0.588998  -0.348907   0.728934    1.69681
 -0.692834   0.246309   0.677726   0.810585
 -0.416007   -0.90421 -0.0966592    1.52351
         0          0          0          1

  0.591803  -0.351362   0.725475    1.69533
 -0.690379   0.243658   0.681182   0.812476
 -0.416109  -0.903978 -0.0983759    1.52618
         0          0          0          1

 0.599134 -0.354026  0.718125   1.69159
-0.685617  0.236346  0.688527  0.818032
-0.413483 -0.904879 -0.101123    1.5329
        0         0         0         1

 0.601451 -0.352464  0.716956   1.69134
-0.685181  0.233914   0.68979  0.819826
-0.410832  -0.90612 -0.100814   1.53672
        0         0         0         1

 0.604002 -0.352737  0.714674   1.69003
-0.685665  0.227114   0.69158  0.823342
-0.406258 -0.907742 -0.104682   1.53801
        0         0         0         1

 0.607076 -0.353155  0.711857   1.68841
-0.685606  0.220124  0.693894  0.826398
-0.401749   -0.9093 -0.108493   1.54098
        0         0         0         1

 0.611527 -0.352551  0.708338   1.68535
-0.686089  0.209638  0.696659  0.830708
-0.394103 -0.912008 -0.113682   1.54484
        0         0         0         1

 0.614385 -0.354076  0.705097   1.68296
-0.686782  0.199934  0.698826  0.834422
 -0.38841 -0.913595 -0.120336   1.54762
        0         0         0         1

 0.622865 -0.350863  0.699238    1.6779
-0.687225  0.181721  0.703348  0.841946
-0.373845 -0.918625 -0.127934   1.55845
        0         0         0         1

 0.624967 -0.350364  0.697612   1.67749
-0.688827  0.172997  0.703981  0.845753
-0.367334 -0.920498 -0.133223   1.56222
        0         0         0         1

 0.631657 -0.348674  0.692413   1.67455
-0.686592  0.163148  0.708501  0.850244
-0.360002 -0.922935 -0.136343   1.56925
        0         0         0         1

 0.634428 -0.349667  0.689372   1.67349
-0.687397  0.152678  0.710053  0.854488
-0.353534  -0.92435 -0.143496   1.57252
        0         0         0         1

 0.647413  -0.34591  0.679119   1.66882
-0.682533  0.133344  0.718587  0.864393
-0.339123 -0.928744 -0.149766    1.5861
        0         0         0         1

 0.650544 -0.345912  0.676119   1.66881
-0.682444  0.124401  0.720274   0.86858
-0.333261 -0.929984 -0.155137   1.59042
        0         0         0         1

 0.659733 -0.339668  0.670356   1.66635
-0.679035  0.112737  0.725398  0.874683
-0.321968 -0.933764 -0.156271   1.59792
        0         0         0         1

 0.669924 -0.333816  0.663151   1.66156
-0.672851  0.104553  0.732353  0.880212
-0.313806 -0.936822 -0.154566   1.60636
        0         0         0         1

 0.675916  -0.33274  0.657587   1.66032
 -0.67126 0.0903615  0.735693  0.886882
-0.304215 -0.938679 -0.162278    1.6109
        0         0         0         1

  0.68205 -0.329533  0.652853   1.65921
-0.668407 0.0813063  0.739339  0.892232
-0.296717 -0.940637 -0.164807   1.61762
        0         0         0         1

 0.694963  -0.32299   0.64242   1.65489
-0.663111 0.0575922  0.746302  0.905572
-0.278047 -0.944648 -0.174154   1.63222
        0         0         0         1

 0.703896 -0.317152  0.635567    1.6497
-0.657825 0.0464702  0.751736  0.912331
-0.267949 -0.947236  -0.17592   1.63937
        0         0         0         1

 0.711482 -0.310598  0.630336   1.64624
-0.655186 0.0310475   0.75483  0.920555
-0.254019 -0.950034 -0.181409   1.64662
        0         0         0         1

 0.718944 -0.302711  0.625689   1.64318
-0.651568 0.0199434  0.758328  0.927196
-0.242032 -0.952874 -0.182898   1.65395
        0         0         0         1

    0.727556    -0.288557     0.622412      1.64127
   -0.650285 -0.000963317      0.75969     0.942897
   -0.218614    -0.957462    -0.188345      1.67318
           0            0            0            1

   0.733876   -0.277238    0.620133     1.63576
  -0.647595 -0.00996486     0.76192    0.950023
  -0.205054    -0.96075   -0.186851     1.68223
          0           0           0           1

  0.739674  -0.267083   0.617696    1.63246
 -0.644714 -0.0180803    0.76421   0.958025
 -0.192939  -0.963504  -0.185566    1.69544
         0          0          0          1

  0.745436  -0.256924   0.615073    1.62696
 -0.642596 -0.0317059   0.765549   0.967986
 -0.177186  -0.965911  -0.188733    1.70261
         0          0          0          1

  0.748856  -0.248302    0.61446    1.62197
   -0.6436 -0.0512959   0.763641   0.979465
 -0.158094  -0.967324   -0.19822    1.70614
         0          0          0          1

   0.75077  -0.239289   0.615699    1.61931
 -0.644829 -0.0632619   0.761704   0.988228
 -0.143317  -0.968885  -0.201796    1.71404
         0          0          0          1

  0.751188  -0.218537   0.622863    1.61467
 -0.650924 -0.0885496   0.753961    1.00764
 -0.109614  -0.971803  -0.208768    1.73258
         0          0          0          1

 0.757467 -0.206082  0.619494   1.60627
-0.646615 -0.105741  0.755452   1.01841
-0.0901793 -0.972805 -0.213352   1.73981
        0         0         0         1

 0.759545  -0.19279  0.621227   1.60478
-0.646296 -0.115864  0.754239   1.02845
-0.073432 -0.974375 -0.212604   1.75473
        0         0         0         1

 0.766082 -0.183911  0.615869   1.59829
-0.640164 -0.132581  0.756712   1.03869
-0.057515 -0.973961 -0.219301   1.76149
        0         0         0         1

   0.7783 -0.161022  0.606894   1.58639
-0.627704 -0.175905  0.758317   1.06313
-0.0153496 -0.971149 -0.237981   1.77641
        0         0         0         1

 0.782763 -0.152191  0.603424   1.58129
-0.622318 -0.188665  0.759688   1.07299
-0.00177291 -0.970177 -0.242391   1.78665
        0         0         0         1

 0.786634 -0.143796  0.600442   1.57929
-0.617199 -0.209174  0.758493   1.08492
0.0165286 -0.967248 -0.253294   1.79538
        0         0         0         1

 0.792444 -0.133933  0.595058   1.57259
-0.608977 -0.228664  0.759513   1.09634
0.0343447 -0.964248 -0.262765   1.80238
        0         0         0         1

 0.798925 -0.121754  0.588977   1.56634
-0.599137 -0.246558  0.761738      1.11
0.0524722 -0.961449 -0.269929   1.81464
        0         0         0         1

  0.80819 -0.112792  0.578019   1.55774
-0.585164 -0.264498  0.766566   1.12151
0.0664222 -0.957768 -0.279766   1.82236
        0         0         0         1

   0.82411 -0.0920868   0.558895    1.54279
  -0.55748  -0.306577   0.771509    1.14895
  0.100299  -0.947381   -0.30399    1.83776
         0          0          0          1

  0.827745 -0.0875752   0.554229    1.54058
 -0.549861  -0.323348   0.770129    1.16022
  0.111765  -0.942219  -0.315804    1.84429
         0          0          0          1

  0.831397 -0.0789212   0.550047    1.53672
 -0.541091  -0.340308   0.769032    1.17443
  0.126492  -0.936996  -0.325635    1.85304
         0          0          0          1

  0.843839 -0.0617674    0.53303     1.5167
 -0.516695  -0.361552   0.776084    1.19002
  0.144781  -0.930304  -0.337007    1.85718
         0          0          0          1

