 0.0766846 -0.0730281   0.994377    0.50962
 -0.983098   0.160751  0.0876205    1.08206
 -0.166246   -0.98429 -0.0594667      1.755
         0          0          0          1

 0.0781575 -0.0693802   0.994524   0.505863
 -0.981537   0.169331  0.0889498    1.07669
 -0.174575  -0.983114 -0.0548648    1.74845
         0          0          0          1

 0.0653619 -0.0618237   0.995945   0.509883
 -0.975284   0.207156  0.0768652     1.0638
 -0.211068  -0.976353 -0.0467555    1.72983
         0          0          0          1

 0.0651166  -0.055462   0.996335   0.504558
 -0.974318   0.212149   0.075487    1.05948
 -0.215558  -0.975662 -0.0402232    1.72091
         0          0          0          1

 0.0552663 -0.0487025   0.997283   0.504372
 -0.970402   0.232544   0.065133    1.05181
 -0.235084  -0.971366 -0.0344092    1.70915
         0          0          0          1

 0.0580196 -0.0488737   0.997118   0.496891
 -0.967116   0.244999  0.0682825    1.04545
  -0.24763  -0.968291 -0.0330518    1.70631
         0          0          0          1

 0.0545258 -0.0483918   0.997339    0.49421
 -0.961405   0.267219   0.065527    1.03794
 -0.269679   -0.96242 -0.0319538    1.69517
         0          0          0          1

 0.0531168 -0.0491758   0.997377   0.491476
 -0.959047   0.275767  0.0646722    1.03427
 -0.278224  -0.959966 -0.0325141    1.68906
         0          0          0          1

 0.0455662 -0.0552023   0.997435   0.487847
 -0.949928   0.306583  0.0603635    1.02406
 -0.309128  -0.950242 -0.0384684    1.66422
         0          0          0          1

 0.0414637 -0.0539797   0.997681   0.489832
 -0.947986   0.313285  0.0563487     1.0236
   -0.3156  -0.948124  -0.038182    1.65547
         0          0          0          1

 0.0353038 -0.0549667   0.997864   0.490585
  -0.94213   0.331256  0.0515791    1.02037
 -0.333384  -0.941938 -0.0400912    1.64198
         0          0          0          1

 0.0354345 -0.0554927    0.99783   0.490297
 -0.938432   0.341479   0.052316    1.01815
 -0.343641   -0.93825  -0.039976    1.63629
         0          0          0          1

 0.0376434 -0.0499398   0.998043   0.486318
 -0.926578   0.372266  0.0535753    1.01121
 -0.374213  -0.926781 -0.0322597    1.61082
         0          0          0          1

 0.0362756 -0.0507603   0.998052   0.484787
 -0.922708   0.381845  0.0529575    1.00869
 -0.383789  -0.922831 -0.0329853    1.60612
         0          0          0          1

 0.0340561  -0.047996   0.998267    0.48535
 -0.915092   0.400076   0.050454    1.00596
 -0.401804  -0.915224 -0.0302957     1.5936
         0          0          0          1

 0.0341208 -0.0472431     0.9983   0.483717
 -0.910605   0.410176  0.0505344    1.00361
 -0.411867  -0.910782 -0.0290243     1.5901
         0          0          0          1

 0.0260666   -0.04231   0.998764   0.486767
 -0.904009   0.425483   0.041618     1.0033
 -0.426718  -0.903977 -0.0271577    1.57723
         0          0          0          1

 0.0278635 -0.0366475    0.99894    0.48488
 -0.899816   0.434335  0.0410328    1.00172
 -0.435378  -0.900006 -0.0208739    1.57055
         0          0          0          1

 0.0140922 -0.0233514   0.999628   0.488158
 -0.886152   0.462808  0.0233037    1.00258
  -0.46318  -0.886151 -0.0141709    1.54924
         0          0          0          1

 0.0128673 -0.0189206   0.999738   0.487705
 -0.881753   0.471275  0.0202679     1.0021
 -0.471536  -0.881783 -0.0106193    1.54263
         0          0          0          1

 0.00689632  -0.0141773    0.999876    0.488383
  -0.871327    0.490531    0.012965      1.0003
  -0.490654   -0.871308 -0.00897025     1.53366
          0           0           0           1

 0.00454837 -0.00976341    0.999942    0.491751
  -0.866846    0.498498  0.00881029     1.00167
  -0.498555   -0.866836 -0.00619602     1.52937
          0           0           0           1

 0.0176315 0.00743532   0.999817   0.489954
 -0.855725   0.517309  0.0112435    1.00116
 -0.517131  -0.855766  0.0154836    1.50275
         0          0          0          1

  0.013299  0.0112644   0.999848   0.495146
 -0.849748   0.527162 0.00536347     1.0031
 -0.527022   -0.84969  0.0165826    1.50172
         0          0          0          1

 0.0151184  0.0200389   0.999685   0.498344
 -0.843729   0.536766 0.00200023    1.00447
 -0.536557  -0.843493  0.0250224    1.49164
         0          0          0          1

 0.0202105  0.0257005   0.999465    0.49837
 -0.841529   0.540203 0.00312597    1.00438
 -0.539833  -0.841143  0.0325455    1.48443
         0          0          0          1

   0.0260079    0.0399342     0.998864     0.504576
   -0.835075     0.550137 -0.000251014      1.00595
   -0.549522    -0.834119     0.047656      1.47223
           0            0            0            1

   0.0293726    0.0446195     0.998572     0.505054
   -0.831274     0.555862 -0.000386194      1.00576
   -0.555086    -0.830076    0.0534181      1.46754
           0            0            0            1

  0.0374129    0.063116    0.997305    0.507139
  -0.821949    0.569537 -0.00520937     1.00583
   -0.56833   -0.819539   0.0731862     1.45055
          0           0           0           1

  0.037304   0.068067   0.996983   0.508631
 -0.820215   0.571995 -0.0083619    1.00607
 -0.570838  -0.817428  0.0771673    1.44656
         0          0          0          1

 0.0405323  0.0742669   0.996414   0.507131
 -0.813366   0.581662 -0.0102674    1.00441
 -0.580339  -0.810033  0.0839823    1.44307
         0          0          0          1

 0.0400431  0.0804377   0.995955   0.509028
 -0.812683   0.582529 -0.0143731    1.00415
 -0.581329   -0.80882  0.0886966    1.44008
         0          0          0          1

 0.0375714   0.106746   0.993576    0.51719
  -0.81288   0.581565 -0.0317424     1.0066
 -0.581218  -0.806466   0.108622    1.42564
         0          0          0          1

 0.0392169   0.110091   0.993147   0.516928
 -0.814306   0.579548 -0.0320885    1.00611
 -0.579109  -0.807468   0.112376    1.41941
         0          0          0          1

 0.0387103   0.119988    0.99202   0.520661
 -0.817551   0.574628 -0.0376009     1.0069
 -0.574554  -0.809571    0.12034    1.40747
         0          0          0          1

 0.0379656   0.118742   0.992199   0.520326
 -0.815876   0.576989 -0.0378327    1.00599
  -0.57698  -0.808075   0.118784    1.40827
         0          0          0          1

  0.036249   0.113049   0.992928   0.518384
  -0.81407   0.579633 -0.0362743     1.0026
 -0.579634  -0.806998   0.113041    1.40716
         0          0          0          1

0.0333311  0.113902  0.992933   0.52149
-0.813742  0.579902 -0.039206   1.00335
-0.580269 -0.806685  0.112015   1.40546
        0         0         0         1

 0.0312985   0.110082    0.99343   0.522632
 -0.814014   0.579563 -0.0385753    1.00257
 -0.580002  -0.807458   0.107747    1.39774
         0          0          0          1

 0.0294255   0.109686   0.993531    0.52445
 -0.813084   0.580768 -0.0400356    1.00252
 -0.581402  -0.806646   0.106273    1.39788
         0          0          0          1

 0.0281473   0.108268   0.993723   0.526035
 -0.813324   0.580421 -0.0402002    1.00186
  -0.58113  -0.807087   0.104394    1.39485
         0          0          0          1

  0.026784    0.10929   0.993649   0.527542
 -0.813781   0.579666 -0.0418211     1.0016
 -0.580555  -0.807492   0.104464    1.39322
         0          0          0          1

 0.0274888   0.115371   0.992942    0.52961
 -0.817625   0.574062 -0.0440657    1.00099
 -0.575094  -0.810643   0.110111    1.38431
         0          0          0          1

0.0269621  0.116915  0.992776  0.531313
-0.819053  0.571942 -0.045111   1.00063
-0.573084  -0.81192   0.11118   1.38112
        0         0         0         1

 0.0232829   0.118722   0.992655   0.536158
 -0.821347   0.568346 -0.0487093    1.00223
 -0.569954   -0.81418   0.110744    1.37887
         0          0          0          1

 0.0227539    0.11833   0.992714    0.53605
 -0.822199   0.567109 -0.0487529    1.00153
 -0.568746  -0.815098   0.110195    1.37849
         0          0          0          1

 0.0206432   0.119805   0.992583   0.537894
 -0.823255   0.565365 -0.0511184    1.00128
 -0.567296  -0.816093   0.110301    1.37838
         0          0          0          1

 0.0187959   0.120056   0.992589   0.540716
 -0.823245   0.565228 -0.0527766    1.00178
 -0.567375  -0.816152    0.10946     1.3798
         0          0          0          1

 0.0263711    0.12345      0.992   0.536294
 -0.828032   0.558664 -0.0475109   0.998949
  -0.56006  -0.820156   0.116953    1.37309
         0          0          0          1

 0.0272019   0.126994    0.99153   0.537518
 -0.830864   0.554383 -0.0482106    0.99933
  -0.55581  -0.822516   0.120595     1.3709
         0          0          0          1

 0.0293162   0.131276   0.990912   0.538696
 -0.833664   0.550162 -0.0482217   0.999394
 -0.551493  -0.824674   0.125569    1.37046
         0          0          0          1

 0.0293868   0.135525   0.990338   0.539974
 -0.837145   0.544718 -0.0497022   0.999851
 -0.546191  -0.827596   0.129462    1.36904
         0          0          0          1

 0.0280166   0.137461   0.990111   0.542448
  -0.84609   0.530714 -0.0497398     1.0003
 -0.532303  -0.836329   0.131173     1.3669
         0          0          0          1

0.0284159  0.135712  0.990341   0.54225
-0.847642  0.528385 -0.048086   1.00012
-0.529807 -0.838088   0.13005   1.36652
        0         0         0         1

 0.0273401   0.126655    0.99157   0.542613
 -0.849138    0.52635 -0.0438188   0.998907
 -0.527462  -0.840782   0.121938    1.36779
         0          0          0          1

 0.0256565    0.12584   0.991719   0.543671
 -0.852131   0.521465 -0.0441241   0.999131
 -0.522699  -0.843942   0.120612    1.36621
         0          0          0          1

 0.0223318   0.117668   0.992802   0.545055
 -0.853461   0.519431 -0.0423663   0.998776
 -0.520677  -0.846372   0.112025    1.36739
         0          0          0          1

 0.0225949   0.115923   0.993001   0.545601
 -0.854575   0.517708 -0.0409922   0.998539
 -0.518836  -0.847668   0.110763    1.36756
         0          0          0          1

 0.0290479   0.115738   0.992855   0.547131
  -0.85756    0.51321 -0.0347357   0.997587
 -0.513563  -0.850424    0.11416    1.36854
         0          0          0          1

 0.0331656    0.11868   0.992378   0.546815
 -0.858922    0.51108 -0.0324154    0.99712
 -0.511031  -0.851301   0.118887    1.36789
         0          0          0          1

 0.0361457   0.126838   0.991265   0.549264
 -0.861075   0.507371 -0.0335226   0.997093
 -0.507191  -0.852342   0.127556    1.36724
         0          0          0          1

 0.0397452   0.130828   0.990608   0.549663
 -0.862201   0.505544 -0.0321733   0.996855
 -0.505006  -0.852824   0.132893    1.36673
         0          0          0          1

 0.0475505   0.149643   0.987596   0.552799
 -0.867577   0.496179 -0.0334104   0.997016
 -0.495024  -0.855227   0.153421    1.36358
         0          0          0          1

 0.0488381   0.150868   0.987347   0.552463
 -0.866463   0.498132 -0.0332564   0.996565
 -0.496846  -0.853876   0.155049    1.36463
         0          0          0          1

 0.0515941   0.151969   0.987038   0.551153
 -0.863691   0.502985 -0.0322953   0.994622
 -0.501373   -0.85083   0.157205    1.36754
         0          0          0          1

 0.0546187   0.153723   0.986603   0.549444
 -0.863455   0.503494 -0.0306483    0.99388
 -0.501461  -0.850213   0.160233     1.3675
         0          0          0          1

0.0535544  0.160736  0.985543   0.54975
-0.862942  0.504068 -0.035318   0.99362
-0.502458 -0.848575  0.165701   1.36775
        0         0         0         1

 0.0546978    0.16471   0.984824   0.549421
 -0.863169   0.503609 -0.0362868   0.993355
 -0.501943  -0.848085   0.169719    1.36717
         0          0          0          1

     0.053   0.182969   0.981689   0.550806
 -0.862223   0.504302 -0.0474426   0.993429
 -0.503748  -0.843921   0.184488    1.36681
         0          0          0          1

 0.0545024   0.189085   0.980447   0.550625
 -0.862727   0.503281 -0.0491022   0.993517
 -0.502725  -0.843182   0.190559    1.36608
         0          0          0          1

 0.0532469   0.200252   0.978296   0.551365
  -0.86397   0.500484 -0.0554221   0.993604
  -0.50072  -0.842268   0.199661    1.36469
         0          0          0          1

 0.0533801    0.20287    0.97775     0.5516
 -0.864759   0.499019 -0.0563286   0.993502
 -0.499343   -0.84251   0.202072    1.36397
         0          0          0          1

 0.0511539   0.195157   0.979437   0.550638
  -0.86246   0.503107 -0.0552019   0.992658
 -0.503534  -0.841901   0.194051    1.36382
         0          0          0          1

 0.0486112   0.194239   0.979749   0.551082
 -0.862056   0.503589 -0.0570669   0.992949
 -0.504476  -0.841825   0.191925     1.3641
         0          0          0          1

 0.0472201   0.186356   0.981347   0.551186
 -0.859839   0.507592 -0.0550172   0.992728
 -0.508377  -0.841203   0.184204    1.36526
         0          0          0          1

0.0463922  0.186101  0.981435  0.551405
-0.860944  0.505696 -0.055194  0.992858
 -0.50658   -0.8424  0.183683   1.36474
        0         0         0         1

 0.0487519   0.184662   0.981592   0.551215
 -0.863353    0.50196 -0.0515518   0.993097
  -0.50224  -0.844947     0.1839    1.36305
         0          0          0          1

 0.0472434    0.18394   0.981802   0.552374
 -0.864592   0.499773 -0.0520288   0.993495
 -0.500248    -0.8464   0.182644    1.36193
         0          0          0          1

  0.044858   0.177104   0.983169   0.553567
 -0.864873   0.499443 -0.0505071    0.99385
 -0.499983  -0.848051   0.175577    1.36209
         0          0          0          1

 0.0473264   0.175956    0.98326   0.552695
 -0.864632   0.500118 -0.0478805   0.993462
 -0.500171  -0.847892   0.175806    1.36239
         0          0          0          1

 0.0511126   0.174426   0.983343   0.551885
 -0.864402    0.50088 -0.0439163   0.992887
 -0.500197  -0.847758   0.176376     1.3628
         0          0          0          1

 0.0519627   0.175004   0.983195   0.551719
 -0.864581   0.500615 -0.0434135   0.992755
   -0.4998  -0.847796   0.177319    1.36318
         0          0          0          1

0.0541222   0.17802  0.982537  0.551639
-0.866316   0.49769 -0.042453  0.992406
-0.496556  -0.84889  0.181157    1.3634
        0         0         0         1

  0.054515   0.178773   0.982379   0.551256
 -0.866757   0.496931 -0.0423327   0.992318
 -0.495742  -0.849176   0.182043    1.36332
         0          0          0          1

 0.0549953   0.180155     0.9821   0.550314
 -0.867924   0.494903 -0.0421827   0.991964
 -0.493644  -0.850068   0.183578     1.3632
         0          0          0          1

0.0525822   0.18132  0.982017  0.551073
-0.869651  0.491683 -0.044219  0.992383
-0.490859 -0.851687  0.183539   1.36262
        0         0         0         1

  0.050555   0.179988   0.982369   0.550981
 -0.872251   0.487044 -0.0443475   0.992726
 -0.486439   -0.85463   0.181617    1.36223
         0          0          0          1

 0.0488147   0.179687   0.982512   0.551078
 -0.872211   0.486988 -0.0457285   0.992739
 -0.486688  -0.854725   0.180497    1.36299
         0          0          0          1

0.0468395  0.177369  0.983029  0.549762
-0.873569  0.484541 -0.045802  0.993101
-0.484441 -0.856598  0.177639    1.3657
        0         0         0         1

  0.047509   0.176665   0.983124    0.54889
 -0.873587   0.484596 -0.0448649   0.992815
 -0.484344  -0.856713   0.177355    1.36789
         0          0          0          1

 0.0460919   0.178794   0.982806   0.550214
 -0.875143   0.481618 -0.0465744   0.994147
 -0.481664  -0.857949   0.178669    1.36951
         0          0          0          1

 0.0484012   0.178185   0.982806   0.548192
 -0.876572    0.47928 -0.0437251   0.994025
  -0.47883  -0.859384    0.17939    1.36931
         0          0          0          1

 0.0499691   0.177095   0.982924   0.546784
 -0.881082    0.47126 -0.0401161   0.995544
 -0.470317  -0.864032   0.179584    1.37285
         0          0          0          1

 0.0477228   0.177025   0.983049   0.547979
 -0.882329   0.468791 -0.0415856    0.99646
 -0.468206  -0.865388   0.178567    1.37429
         0          0          0          1

 0.0505446   0.177293   0.982859   0.546611
 -0.886544   0.461114 -0.0375865   0.997509
 -0.459874  -0.869449   0.180485    1.37595
         0          0          0          1

 0.0485428   0.175763   0.983235   0.547945
 -0.887269   0.459655 -0.0383631   0.998693
 -0.458691  -0.870531   0.178262    1.37931
         0          0          0          1

 0.0467484   0.173075   0.983799   0.548755
 -0.889204   0.455933 -0.0379565    1.00151
 -0.455116  -0.873024   0.175213    1.38664
         0          0          0          1

 0.0447295   0.170467   0.984348   0.549757
 -0.891944   0.450588 -0.0375009    1.00388
 -0.449927  -0.876306   0.172201    1.38786
         0          0          0          1

 0.0429269   0.160758    0.98606   0.553882
 -0.898313   0.438165 -0.0323275    1.00967
 -0.437254  -0.884403    0.16322    1.39816
         0          0          0          1

  0.045054   0.157075   0.986558   0.554522
 -0.898789   0.437447 -0.0286023    1.01145
  -0.43606  -0.885419   0.160886    1.40333
         0          0          0          1

  0.054288    0.14963   0.987251   0.549052
 -0.901509   0.432467 -0.0159724    1.01229
 -0.429343  -0.889148    0.15837     1.4105
         0          0          0          1

 0.0540909   0.145414   0.987891   0.550238
 -0.902627   0.430199 -0.0139013    1.01389
 -0.427011  -0.890946   0.154525    1.41514
         0          0          0          1

  0.0536516     0.13911    0.988822    0.555397
  -0.911163    0.411958 -0.00851731      1.0224
  -0.408538   -0.900521    0.148854     1.42778
          0           0           0           1

  0.0524251    0.138277    0.989005    0.557156
  -0.913137    0.407563 -0.00857977      1.0249
  -0.404268   -0.902647    0.147633     1.43285
          0           0           0           1

  0.0522997    0.138268    0.989013    0.558124
  -0.917677    0.397264 -0.00701178     1.02919
  -0.393869   -0.907228    0.147662     1.44215
          0           0           0           1

  0.0560501    0.135098    0.989246    0.555961
  -0.920265    0.391294 -0.00129592     1.03067
  -0.387261   -0.910296    0.146258     1.44537
          0           0           0           1

  0.058441   0.130192   0.989765   0.554263
 -0.925523   0.378661 0.00483939    1.03511
 -0.374155  -0.916333   0.142625     1.4535
         0          0          0          1

 0.0589452   0.132395   0.989443    0.55536
  -0.92912   0.369731 0.00587856    1.03808
 -0.365049  -0.919658   0.144805    1.45399
         0          0          0          1

 0.0519383   0.128682   0.990325   0.562865
 -0.937091   0.349065 0.00378898    1.05014
   -0.3452  -0.928221   0.138717    1.47079
         0          0          0          1

 0.0554639   0.126365   0.990432   0.562285
 -0.939585   0.342199 0.00895696    1.05325
 -0.337793  -0.931092    0.13771    1.47431
         0          0          0          1

0.0560599  0.122245  0.990915  0.561978
-0.943835  0.330174 0.0126642   1.06046
-0.325626 -0.935971  0.133889   1.48727
        0         0         0         1

0.0600592  0.122987  0.990589  0.561587
-0.946875  0.321124 0.0175396   1.06429
-0.315944 -0.939018   0.13574   1.48901
        0         0         0         1

 0.062905  0.112443  0.991665  0.567035
-0.954878  0.295764 0.0270353   1.07846
-0.290259  -0.94862  0.125974   1.50286
        0         0         0         1

0.0662771  0.107635  0.991979  0.565478
-0.955553  0.293072 0.0320435    1.0809
-0.287272 -0.950012  0.122275   1.51058
        0         0         0         1

0.0676643  0.102281  0.992452  0.570388
-0.960053  0.277378 0.0368691    1.0906
-0.271514 -0.955301  0.116964   1.51999
        0         0         0         1

0.0708497  0.101078  0.992353  0.569653
-0.961488  0.271778 0.0409637   1.09338
-0.265559 -0.957037   0.11644   1.52489
        0         0         0         1

0.0714488 0.0932004   0.99308  0.573236
-0.964134  0.261605 0.0448146   1.10245
-0.255618 -0.960665  0.108549   1.53831
        0         0         0         1

0.0751152 0.0897629  0.993127  0.570994
 -0.96644  0.251913 0.0503278   1.10657
-0.245664 -0.963578  0.105673   1.54148
        0         0         0         1

0.0778625 0.0713639  0.994407  0.579144
-0.973349  0.221251 0.0603354   1.12554
-0.215708 -0.972602 0.0866892   1.55889
        0         0         0         1

0.0759355 0.0622757  0.995166  0.581443
-0.974716  0.214981  0.060922   1.13202
-0.210148 -0.974631 0.0770258   1.56597
        0         0         0         1

0.0802808 0.0536636  0.995327  0.581308
-0.978062  0.196808 0.0682773   1.14338
-0.192224 -0.978972 0.0682862   1.57254
        0         0         0         1

0.0819298 0.0460077  0.995576   0.58256
-0.979361  0.188912 0.0718654   1.14897
 -0.18477 -0.980916 0.0605356   1.57732
        0         0         0         1

0.0982185 0.0223323  0.994914  0.584063
-0.981885  0.164953 0.0932296   1.16982
-0.162032 -0.986049 0.0381292   1.59971
        0         0         0         1

 0.099421 0.0179956  0.994883  0.587715
-0.982543  0.159775 0.0952978   1.17594
-0.157242 -0.986989 0.0335665   1.60589
        0         0         0         1

