 0.385064 -0.709758   0.58989  0.344772
-0.856912 -0.512299 -0.057032   1.07097
 0.342679 -0.483522 -0.805467   2.40715
        0         0         0         1

  0.384934  -0.740775   0.550525   0.361422
 -0.862341  -0.501252 -0.0715148    1.04556
  0.328929  -0.447212   -0.83175    2.40012
         0          0          0          1

  0.389303  -0.745028   0.541642   0.359542
 -0.864387  -0.498657 -0.0646288    1.03055
  0.318244  -0.443028  -0.838121    2.40143
         0          0          0          1

  0.389402  -0.764516   0.513693   0.372422
 -0.872076  -0.485494 -0.0614766    1.01117
  0.296395   -0.42404  -0.855769    2.40455
         0          0          0          1

  0.385293  -0.770762    0.50742   0.377452
 -0.873707  -0.481649 -0.0681959    1.00556
  0.296961  -0.417061  -0.858996     2.3992
         0          0          0          1

  0.382122  -0.789281   0.480643   0.399108
 -0.882261  -0.466338 -0.0643738   0.973066
  0.274951  -0.399454   -0.87455     2.3868
         0          0          0          1

  0.383714  -0.791619   0.475503   0.397953
 -0.883311  -0.464802 -0.0610034   0.961141
  0.269306  -0.396609  -0.877597    2.38117
         0          0          0          1

  0.379236  -0.798033    0.46832   0.403353
 -0.889762  -0.453435 -0.0521581   0.938744
  0.253977  -0.396913  -0.882018    2.37078
         0          0          0          1

   0.38373  -0.796705   0.466918   0.400388
 -0.889464  -0.454784 -0.0450061   0.928196
  0.248203  -0.398037  -0.883155    2.36392
         0          0          0          1

  0.380756  -0.807339   0.450809    0.41386
 -0.893978  -0.445982 -0.0436366   0.916334
  0.236282  -0.386398  -0.891553    2.35328
         0          0          0          1

  0.380279  -0.808171   0.449719   0.412303
  -0.89551  -0.443295 -0.0393892   0.906631
  0.231191  -0.387749  -0.892301     2.3447
         0          0          0          1

  0.387059  -0.812416    0.43608   0.408028
 -0.901979  -0.431764 -0.0037921   0.858359
  0.191364  -0.391867    -0.8999    2.32472
         0          0          0          1

  0.385399  -0.816913   0.429093   0.413211
   -0.9048  -0.425831 0.00196291   0.851103
  0.181118     -0.389  -0.903258    2.31522
         0          0          0          1

 0.380883 -0.830205  0.407048   0.42616
-0.911604 -0.410789 0.0151707  0.836962
 0.154616 -0.376845 -0.913281   2.30005
        0         0         0         1

 0.380966  -0.83216  0.402958  0.424976
-0.913308 -0.406572 0.0238382  0.827931
 0.143994 -0.377106 -0.914908   2.28864
        0         0         0         1

 0.373637 -0.848208  0.375418  0.438028
-0.922228 -0.383092 0.0523063  0.795846
0.0994532 -0.365765 -0.925378   2.25938
        0         0         0         1

 0.377257 -0.847558  0.373259  0.435327
-0.921512  -0.38365 0.0602291  0.785514
0.0921532 -0.366684  -0.92577   2.24555
        0         0         0         1

 0.377987 -0.852643  0.360729  0.438648
-0.923153 -0.376618 0.0771191  0.766511
 0.070102 -0.362158 -0.929477   2.22388
        0         0         0         1

 0.379637 -0.853544  0.356845  0.438742
-0.923552 -0.372217 0.0922267  0.753729
0.0541043 -0.364578   -0.9296   2.21831
        0         0         0         1

 0.380843 -0.855151  0.351675  0.439441
-0.924078 -0.365266  0.112523  0.734231
 0.032231 -0.367829 -0.929335   2.19429
        0         0         0         1

  0.38159    -0.856  0.348787  0.440176
-0.924071 -0.362246  0.121945   0.72513
0.0219619 -0.368837 -0.929235   2.18307
        0         0         0         1

 0.375569 -0.862901  0.338157   0.44777
-0.926693 -0.344248  0.150776  0.697863
-0.0136948 -0.369994 -0.928933   2.13955
        0         0         0         1

 0.375565 -0.863768   0.33594   0.44936
-0.926359 -0.338722  0.164702  0.688318
-0.0284739 -0.373057 -0.927371     2.129
        0         0         0         1

 0.368485 -0.868129  0.332523  0.456772
-0.928216 -0.323836  0.183155  0.675122
-0.0513189 -0.376143 -0.925139   2.10284
        0         0         0         1

 0.370523 -0.867811  0.331085  0.455535
-0.926711 -0.321372  0.194745   0.66605
-0.0626003 -0.378978 -0.923286   2.08938
        0         0         0         1

 0.371774 -0.871202  0.320611  0.457491
 -0.92203 -0.306386  0.236617  0.636145
 -0.10791 -0.383581 -0.917181   2.04425
        0         0         0         1

 0.370415 -0.872507  0.318628  0.457862
-0.921167 -0.300982  0.246699  0.628175
-0.119345  -0.38489 -0.915214   2.03168
        0         0         0         1

 0.368225 -0.876167  0.311033  0.459714
-0.918327   -0.2905  0.268858  0.612768
 -0.14521  -0.38463 -0.911578   2.00538
        0         0         0         1

 0.367321  -0.87683  0.310234  0.459198
-0.916674 -0.284833  0.280318  0.604735
-0.157426  -0.38735 -0.908393   1.99137
        0         0         0         1

 0.358552 -0.882684  0.303825  0.465223
 -0.91635 -0.270683  0.295013  0.595921
-0.178163 -0.384188 -0.905902   1.96093
        0         0         0         1

 0.357419 -0.883823  0.301842   0.46437
-0.913947 -0.264473  0.307823  0.587801
-0.192232 -0.385889 -0.902295   1.94931
        0         0         0         1

 0.346615 -0.889694  0.297159  0.467429
-0.908738 -0.239981  0.341474   0.56854
-0.232495   -0.3884 -0.891679   1.89961
        0         0         0         1

 0.343748 -0.891395  0.295385  0.468522
 -0.90643 -0.232761  0.352429   0.56354
  -0.2454 -0.388893 -0.887999   1.88571
        0         0         0         1

 0.339366 -0.893751  0.293325  0.468712
-0.901378 -0.219814  0.373094  0.552944
-0.268976 -0.391012 -0.880205   1.85797
        0         0         0         1

 0.335753 -0.895463  0.292261  0.469518
-0.898956 -0.211944  0.383351  0.548413
-0.281334 -0.391441 -0.876142   1.84537
        0         0         0         1

 0.323714 -0.900397  0.290678  0.472834
-0.890857 -0.186563  0.414209  0.535483
-0.318722 -0.393037 -0.862518   1.79687
        0         0         0         1

 0.320592 -0.901607  0.290387  0.473456
-0.888493 -0.179972  0.422125  0.532324
-0.328329 -0.393337  -0.85877   1.78376
        0         0         0         1

 0.313811 -0.905146  0.286763  0.474284
-0.882193 -0.166279  0.440553  0.524759
-0.351082 -0.391231 -0.850693   1.75873
        0         0         0         1

  0.30955 -0.906922  0.285782  0.476282
-0.879813 -0.159165  0.447879  0.523117
-0.360705 -0.390076 -0.847191   1.74658
        0         0         0         1

 0.306671 -0.909242  0.281481  0.476568
-0.873708 -0.151591  0.462228  0.517529
-0.377607 -0.387685 -0.840901   1.72092
        0         0         0         1

 0.303118 -0.911389   0.27837  0.477882
 -0.87113 -0.146581  0.468665  0.515586
-0.386332 -0.384557 -0.838369   1.71025
        0         0         0         1

 0.289699 -0.918004   0.27082  0.484324
-0.864617  -0.12965  0.485416  0.512826
-0.410502  -0.37478 -0.831281   1.66995
        0         0         0         1

 0.289237 -0.919489  0.266237  0.484427
-0.860064 -0.127508  0.493996  0.510394
-0.420277 -0.371863 -0.827699   1.66081
        0         0         0         1

 0.285093 -0.921722  0.262963  0.486581
-0.854736 -0.120321  0.504924  0.508634
 -0.43376 -0.368715 -0.822133   1.63878
        0         0         0         1

 0.285447  -0.92242  0.260118    0.4866
-0.850995 -0.119106  0.511489  0.507552
-0.440826 -0.367362 -0.818973   1.62943
        0         0         0         1

 0.282302 -0.924307   0.25683  0.490259
-0.841356 -0.109927  0.529184  0.506627
-0.460896 -0.365475 -0.808704   1.59709
        0         0         0         1

 0.283234 -0.923678  0.258064  0.491258
-0.839312 -0.108533  0.532706  0.506712
 -0.46404 -0.367477 -0.805995   1.58822
        0         0         0         1

 0.285611 -0.923466  0.256197  0.492926
-0.833511 -0.107434  0.541958  0.506794
-0.472955 -0.368332 -0.800403   1.57298
        0         0         0         1

 0.286832 -0.922818  0.257166  0.494225
-0.831341 -0.106385  0.545486  0.507327
-0.476025 -0.370256 -0.797691   1.56551
        0         0         0         1

 0.293118 -0.921913  0.253295  0.494514
-0.823272  -0.10868  0.557146  0.506493
-0.486112  -0.37184 -0.790841   1.55328
        0         0         0         1

 0.293924 -0.921398  0.254233    0.4964
-0.821544 -0.107582  0.559903  0.507795
-0.488542 -0.373433  -0.78859   1.54659
        0         0         0         1

 0.304718 -0.918888  0.250584  0.499228
-0.808726  -0.11065  0.577684  0.509021
-0.503099 -0.378685 -0.776845   1.52889
        0         0         0         1

 0.309209 -0.917369  0.250647  0.499571
-0.805046 -0.112195  0.582506  0.509461
-0.506251 -0.381898 -0.773216   1.52424
        0         0         0         1

 0.315893 -0.914964  0.251102  0.501675
-0.799558 -0.114232  0.589626   0.51177
-0.510803 -0.387029 -0.767652   1.51449
        0         0         0         1

 0.320198 -0.913308  0.251678  0.503548
-0.797351 -0.116355  0.592193  0.513522
-0.511571 -0.390295 -0.765484   1.51134
        0         0         0         1

 0.341292 -0.913052  0.223284  0.510624
-0.802648 -0.159473  0.574738  0.519554
-0.489158 -0.375372 -0.787287   1.50392
        0         0         0         1

 0.344175 -0.914106   0.21437  0.513702
-0.805415   -0.1701  0.567778  0.522183
-0.482545 -0.368072 -0.794779   1.50316
        0         0         0         1

 0.352946 -0.914553  0.197539  0.516854
-0.806107 -0.190045  0.560424   0.52485
-0.474996 -0.357036 -0.804303    1.5035
        0         0         0         1

 0.357096 -0.913866  0.193211  0.517953
-0.806559 -0.197354  0.557237  0.525622
-0.471109 -0.354823 -0.807562   1.50316
        0         0         0         1

 0.367229 -0.911096  0.187207  0.519249
-0.805304 -0.210725  0.554148  0.526355
-0.465433 -0.354258 -0.811094   1.50367
        0         0         0         1

 0.371249 -0.909422   0.18742  0.520215
-0.805202 -0.214793  0.552732  0.527127
 -0.46241 -0.356113  -0.81201   1.50426
        0         0         0         1

 0.388169 -0.901585  0.190971  0.521529
-0.806377 -0.231946   0.54402  0.528344
-0.446185 -0.365166 -0.817051   1.50464
        0         0         0         1

 0.392795 -0.899615  0.190801  0.521688
-0.805916   -0.2368   0.54261  0.528228
-0.442958 -0.366904 -0.818028    1.5052
        0         0         0         1

 0.401056 -0.896403   0.18872   0.52246
-0.804479 -0.246117  0.540592  0.528463
-0.438141 -0.368629 -0.819845   1.50644
        0         0         0         1

  0.40464  -0.89493  0.188062   0.52279
-0.804064  -0.25022  0.539325  0.528648
-0.435601 -0.369447  -0.82083   1.50648
        0         0         0         1

 0.413832 -0.890847  0.187444  0.524444
-0.802877 -0.260101   0.53641  0.529784
-0.429105 -0.372478 -0.822879   1.50648
        0         0         0         1

 0.415928 -0.889636  0.188549   0.52462
-0.803221 -0.262163  0.534889  0.530024
-0.426426 -0.373922 -0.823616    1.5061
        0         0         0         1

 0.420409 -0.887786  0.187331  0.524049
-0.800739  -0.26593  0.536748  0.529725
  -0.4267 -0.375657 -0.822684   1.50636
        0         0         0         1

 0.419964  -0.88764  0.189014  0.524476
 -0.80128  -0.26487  0.536464  0.529992
-0.426122 -0.376749 -0.822484   1.50651
        0         0         0         1

 0.423223 -0.885791  0.190413  0.523785
-0.799814 -0.266531  0.537828  0.529532
-0.425652 -0.379916  -0.82127   1.50671
        0         0         0         1

  0.42418 -0.885239   0.19085  0.523365
-0.799444 -0.267056  0.538117   0.52933
-0.425394 -0.380833 -0.820979   1.50673
        0         0         0         1

 0.427687 -0.883233   0.19231  0.521708
-0.798495  -0.26944  0.538338  0.528657
-0.423662 -0.383798 -0.820493   1.50566
        0         0         0         1

 0.428043 -0.882878  0.193148  0.521449
-0.798617  -0.26946  0.538147  0.528582
-0.423072 -0.384601 -0.820422   1.50533
        0         0         0         1

 0.428089 -0.882909  0.192906   0.52087
-0.798007 -0.269108  0.539227  0.528112
-0.424175 -0.384777 -0.819769   1.50535
        0         0         0         1

 0.428707 -0.882404  0.193836   0.52018
-0.797449 -0.268762  0.540224  0.527618
-0.424601 -0.386173 -0.818893   1.50522
        0         0         0         1

  0.42634 -0.882747  0.197462  0.520462
-0.798856 -0.265033  0.539988  0.527866
-0.424339 -0.387962 -0.818182   1.50451
        0         0         0         1

  0.42702 -0.882179  0.198531  0.519666
-0.798366 -0.264731   0.54086  0.527429
-0.424578 -0.389458 -0.817347   1.50417
        0         0         0         1

 0.425854  -0.88194  0.202064  0.517177
-0.797502 -0.260392   0.54423  0.526575
-0.427362 -0.392909 -0.814238   1.50284
        0         0         0         1

 0.424576 -0.882387  0.202802   0.51634
-0.797507  -0.25844  0.545153    0.5263
-0.428623 -0.393195 -0.813437   1.50258
        0         0         0         1

  0.42204 -0.882836  0.206115  0.514323
-0.798145  -0.25401    0.5463  0.526274
-0.429938  -0.39507 -0.811833   1.50041
        0         0         0         1

 0.420176 -0.883578  0.206742  0.513612
-0.798399  -0.25168  0.547007  0.526387
 -0.43129 -0.394902 -0.811197    1.4998
        0         0         0         1

 0.411078 -0.887288  0.209129  0.511637
-0.800145 -0.241275   0.54914  0.527478
-0.436788 -0.393073 -0.809142   1.49688
        0         0         0         1

 0.408616  -0.88822  0.209995   0.51051
-0.800267 -0.238033  0.550375  0.527509
-0.438868 -0.392945 -0.808078    1.4956
        0         0         0         1

 0.403039 -0.890298  0.211965  0.507683
-0.799645 -0.229933  0.554706   0.52698
-0.445116 -0.393065 -0.804594   1.49405
        0         0         0         1

 0.400106  -0.89088  0.215052  0.506003
-0.799122 -0.224253  0.557777  0.526825
-0.448686 -0.395023 -0.801647   1.49318
        0         0         0         1

 0.390341 -0.891844   0.22858  0.500667
-0.797863 -0.203797  0.567345  0.526801
  -0.4594 -0.403834  -0.79112   1.48821
        0         0         0         1

 0.388799  -0.89129  0.233319  0.498585
-0.796953 -0.198286  0.570569  0.526638
-0.462278 -0.407781 -0.787409   1.48637
        0         0         0         1

 0.383918 -0.890607  0.243774  0.495498
-0.794741 -0.184305  0.578289  0.527298
-0.470099 -0.415753  -0.77856   1.48387
        0         0         0         1

 0.382035 -0.889266  0.251505  0.494298
-0.794442 -0.176983  0.580981  0.527978
-0.472134 -0.421761 -0.774084   1.48193
        0         0         0         1

 0.377378 -0.886308   0.26841  0.492444
-0.795905 -0.162246  0.583276  0.530347
-0.473414 -0.433745 -0.766645   1.47828
        0         0         0         1

 0.378365 -0.884045  0.274418  0.489065
-0.795641 -0.159092  0.584504  0.529897
 -0.47307 -0.439494 -0.763577   1.47728
        0         0         0         1

 0.365418 -0.882754  0.295322  0.484773
-0.800403 -0.136011  0.583828  0.533799
 -0.47521 -0.449718  -0.75626   1.47554
        0         0         0         1

 0.366126 -0.880852  0.300085  0.481249
-0.799125 -0.132381  0.586407  0.533234
-0.476813 -0.454505  -0.75238   1.47518
        0         0         0         1

 0.359162 -0.878258  0.315699  0.478053
-0.800992 -0.116477  0.587234  0.534399
-0.478972 -0.463785 -0.745312   1.47387
        0         0         0         1

 0.358501  -0.87555  0.323866   0.47523
-0.799978 -0.109321  0.589986  0.533985
-0.481157 -0.470596 -0.739613    1.4738
        0         0         0         1

  0.349543  -0.862786   0.365267   0.467701
 -0.802245 -0.0742341   0.592362   0.536421
 -0.483966   -0.50009  -0.718113    1.47142
         0          0          0          1

  0.347529  -0.857671   0.378978   0.465731
 -0.802743 -0.0632608   0.592961   0.537398
 -0.484591  -0.510293  -0.710474    1.47084
         0          0          0          1

  0.343411  -0.845895   0.408082   0.462431
 -0.803629 -0.0397878   0.593799   0.539559
 -0.486055  -0.531863  -0.693449    1.47087
         0          0          0          1

  0.343327  -0.840393   0.419364   0.460091
 -0.804303 -0.0325066    0.59333   0.539691
 -0.484998  -0.541002  -0.687091    1.47151
         0          0          0          1

  0.339962  -0.830361   0.441504   0.457415
  -0.80733 -0.0169045   0.589859   0.541092
 -0.482332  -0.556969  -0.676122    1.47256
         0          0          0          1

  0.337863  -0.826921     0.4495   0.456568
 -0.809127 -0.0112233   0.587526   0.542085
 -0.480793  -0.562206  -0.672876    1.47361
         0          0          0          1

  0.323755  -0.825595   0.462143   0.455826
 -0.815216 0.00449958   0.579139   0.546489
 -0.480214  -0.564246  -0.671582     1.4775
         0          0          0          1

  0.322727    -0.8251   0.463742   0.454699
 -0.815134 0.00672563   0.579233   0.547149
 -0.481044  -0.564946  -0.670397    1.47793
         0          0          0          1

 0.320085 -0.824352  0.466894  0.452546
-0.813816 0.0130578  0.580976  0.548577
-0.485025 -0.565927 -0.666691   1.47952
        0         0         0         1

 0.315872 -0.824006  0.470361  0.452627
-0.813871 0.0194998  0.580718  0.550183
-0.487687 -0.566246 -0.664475   1.48102
        0         0         0         1

 0.306854 -0.817182  0.487909  0.451279
-0.815311 0.0387856  0.577723   0.55631
-0.491028 -0.575074 -0.654355   1.48471
        0         0         0         1

 0.304462 -0.815885  0.491564  0.450458
-0.815496 0.0434014  0.577133  0.557306
-0.492208 -0.576584 -0.652137   1.48704
        0         0         0         1

 0.299109 -0.809545  0.505145  0.449661
-0.817973 0.0550798  0.572613  0.561411
-0.491379 -0.584468 -0.645711   1.49043
        0         0         0         1

 0.296038 -0.806162  0.512313  0.448924
-0.818715 0.0621124   0.57083  0.562897
-0.492003 -0.588426  -0.64163   1.49341
        0         0         0         1

 0.294342  -0.79728  0.526979   0.44514
-0.819697 0.0729053  0.568139  0.564928
-0.491386  -0.59919 -0.632069   1.49891
        0         0         0         1

  0.29359 -0.791858  0.535506  0.444138
-0.820847 0.0782654   0.56576  0.566529
-0.489913  -0.60567 -0.627016   1.50176
        0         0         0         1

 0.289791 -0.766937  0.572563  0.439277
-0.829306 0.0974262  0.550237  0.574388
 -0.47778 -0.634284 -0.607792   1.51378
        0         0         0         1

 0.289649 -0.757176  0.585481  0.437603
-0.832602  0.102393  0.544325  0.576693
-0.472099 -0.645136 -0.600768   1.51745
        0         0         0         1

 0.289701 -0.736515  0.611244  0.434081
-0.840308  0.110015  0.530828  0.581125
-0.458209 -0.667415 -0.587028   1.52619
        0         0         0         1

 0.289178 -0.726044  0.623888  0.432546
 -0.84509  0.112519   0.52265  0.584094
-0.449666  -0.67838 -0.581034   1.53013
        0         0         0         1

 0.288157 -0.689189  0.664819  0.426911
-0.859465   0.11999  0.496912  0.593589
-0.422238 -0.714578 -0.557758   1.54809
        0         0         0         1

 0.288262 -0.679483   0.67469   0.42521
  -0.8632   0.12059   0.49025   0.59617
-0.414477 -0.723713 -0.551768   1.55435
        0         0         0         1

  0.28881 -0.658447  0.695008  0.421742
-0.871852  0.119046  0.475081  0.601965
-0.395553 -0.743153 -0.539686   1.56532
        0         0         0         1

 0.291813 -0.649004  0.702595  0.418831
-0.874209  0.117064  0.471226  0.603284
-0.388076 -0.751725 -0.533204   1.57284
        0         0         0         1

 0.292866 -0.631865  0.717618  0.416307
-0.881178  0.112972  0.459089  0.609011
-0.371153 -0.766801   -0.5237   1.58863
        0         0         0         1

 0.294663 -0.622414  0.725103  0.414327
-0.884613  0.109328  0.453329   0.61236
-0.361432 -0.775015 -0.518381   1.59575
        0         0         0         1

 0.299634 -0.595134  0.745678  0.410998
-0.897192 0.0900258  0.432367  0.625593
-0.324446 -0.798568 -0.506975    1.6223
        0         0         0         1

 0.300137 -0.589322  0.750078  0.410946
-0.900297 0.0848637  0.426922  0.629651
-0.315249 -0.803429 -0.505095   1.63134
        0         0         0         1

 0.301721  -0.57512  0.760396  0.410803
-0.907721 0.0706163  0.413588  0.639485
-0.291559 -0.815016 -0.500742   1.64592
        0         0         0         1

 0.305192  -0.56956   0.76319  0.408794
 -0.90944 0.0633807  0.410977  0.642792
-0.282447 -0.819503 -0.498637   1.65572
        0         0         0         1

 0.308496  -0.55785  0.770476  0.407209
-0.913891 0.0508821  0.402759  0.651086
-0.263882 -0.828381 -0.494117   1.67574
        0         0         0         1

 0.309744 -0.553448  0.773146  0.406312
-0.915931 0.0445711  0.398853  0.655728
-0.255204  -0.83169 -0.493114   1.68495
        0         0         0         1

  0.31929 -0.530716  0.785108  0.399594
-0.921851 0.0180822  0.387124  0.671184
-0.219649 -0.847357 -0.483468    1.7178
        0         0         0         1

  0.323025   -0.52104   0.790046    0.39671
 -0.923286 0.00983037   0.383987    0.67596
 -0.207839  -0.853476  -0.477894    1.72518
         0          0          0          1

  0.327065  -0.507546   0.797136   0.393838
 -0.926589 -0.0065333    0.37602   0.687266
 -0.185639    -0.8616  -0.472423    1.74368
         0          0          0          1

  0.328302  -0.501661   0.800346   0.392404
 -0.928264 -0.0145777   0.371637   0.693036
 -0.174768  -0.864942  -0.470459    1.75318
         0          0          0          1

  0.322908  -0.485125    0.81264   0.393819
 -0.936791 -0.0415957   0.347409   0.717619
 -0.134735  -0.873455  -0.467893    1.78636
         0          0          0          1

  0.327362  -0.479501   0.814195   0.390479
 -0.936423 -0.0494787   0.347367   0.722183
 -0.126277  -0.876145  -0.465214    1.79766
         0          0          0          1

 0.324888  -0.46912  0.821203  0.391399
-0.940102  -0.06542  0.334556   0.73745
-0.103224 -0.880708 -0.462275   1.81697
        0         0         0         1

 0.327947 -0.462403  0.823792  0.386811
-0.940342 -0.076157  0.331597  0.742205
-0.0905941 -0.883393 -0.459792   1.82618
        0         0         0         1

 0.321756 -0.452912  0.831471  0.386828
-0.944472 -0.091682  0.315544  0.757497
-0.0666827 -0.886829 -0.457262   1.84522
        0         0         0         1

 0.319654 -0.448684  0.834568  0.385492
-0.946073 -0.102231    0.3074  0.764847
-0.0526071 -0.887824 -0.457167   1.85408
        0         0         0         1

 0.310241 -0.423383  0.851174  0.377037
-0.950645 -0.133471  0.280106  0.790547
-0.00498554 -0.896065 -0.443895   1.88437
        0         0         0         1

 0.307789 -0.417606   0.85491  0.375645
-0.951397 -0.144933   0.27173  0.799287
0.0104283 -0.896995 -0.441918   1.89274
        0         0         0         1

 0.295547 -0.408587  0.863544  0.379893
-0.954712 -0.158793  0.251615  0.818021
0.0343183   -0.8988 -0.437014   1.91237
        0         0         0         1

 0.293726 -0.401058  0.867685   0.37878
-0.954657 -0.169164  0.244977  0.827037
0.0485309 -0.900298  -0.43256   1.91977
        0         0         0         1

 0.283271 -0.377714  0.881527  0.373413
-0.954086 -0.204296  0.219051    0.8553
0.0973539 -0.903103 -0.418243    1.9491
        0         0         0         1

 0.282902 -0.369421  0.885152  0.369344
-0.952958 -0.212943  0.215701  0.860986
 0.108802 -0.904535 -0.412285   1.95804
        0         0         0         1

 0.277857  -0.35799  0.891425  0.367239
-0.951174 -0.232364  0.203165  0.878102
 0.134404 -0.904351 -0.405074   1.97389
        0         0         0         1

 0.277546 -0.352501  0.893706  0.365533
-0.949491  -0.24241  0.199257  0.887255
 0.146406 -0.903869 -0.401977   1.97964
        0         0         0         1

 0.275356  -0.34833  0.896016  0.364735
-0.946931 -0.259059  0.190292  0.905611
 0.165837 -0.900863 -0.401177   1.99734
        0         0         0         1

 0.274792 -0.342651  0.898376  0.362039
-0.944963 -0.268806  0.186516   0.91385
 0.177579 -0.900185 -0.397658   2.00394
        0         0         0         1

 0.264496 -0.330451  0.906005  0.362366
-0.938406 -0.304786  0.162789  0.951402
 0.222343 -0.893257 -0.390712   2.02507
        0         0         0         1

  0.25782 -0.330255  0.907998  0.366905
-0.937782 -0.311756  0.152885   0.96246
 0.232583 -0.890921 -0.390084    2.0321
        0         0         0         1

 0.253308 -0.316593  0.914114  0.362493
-0.933304 -0.328586  0.144823  0.978657
 0.254515 -0.889831 -0.378712   2.04725
        0         0         0         1

 0.249204 -0.310698  0.917259  0.361177
-0.931757 -0.335167  0.139613  0.987351
 0.264058 -0.889455  -0.37302   2.05434
        0         0         0         1

 0.233413 -0.283796  0.930042  0.357396
-0.925248 -0.358984  0.122668   1.01829
 0.299057 -0.889151 -0.346373   2.07666
        0         0         0         1

 0.227046 -0.281502  0.932313  0.360111
-0.922515  -0.36897  0.113253   1.03018
 0.312115 -0.885786 -0.343463   2.07951
        0         0         0         1

 0.216962  -0.27083  0.937859  0.360905
-0.916235 -0.387981 0.0999209    1.0516
  0.33681 -0.880978 -0.332321   2.08613
        0         0         0         1

 0.222509 -0.268898  0.937115  0.357436
-0.916243 -0.386138  0.106753   1.05405
  0.33315 -0.882378 -0.332295   2.10351
        0         0         0         1

 0.225787 -0.270677  0.935817  0.357724
-0.909156 -0.403617  0.102611   1.07381
 0.349938 -0.873972 -0.337219   2.11462
        0         0         0         1

 0.223539 -0.265737  0.937771  0.355623
-0.906484 -0.410271 0.0998227   1.08402
 0.358214 -0.872389 -0.332598   2.11538
        0         0         0         1

 0.222884 -0.260162  0.939488  0.354808
-0.894516 -0.437672  0.091015   1.12271
 0.387509 -0.860673  -0.33027   2.12306
        0         0         0         1

 0.224525 -0.260023  0.939136  0.352677
-0.892989 -0.440684  0.091478    1.1307
 0.390076 -0.859177 -0.331142   2.13085
        0         0         0         1

 0.216586 -0.264972  0.939617  0.362741
-0.889655 -0.449888 0.0782004   1.15528
 0.402002 -0.852872 -0.333173   2.13485
        0         0         0         1

 0.219878 -0.259538  0.940369  0.354091
-0.887137 -0.454148 0.0820876   1.16086
 0.405762 -0.852285 -0.330103   2.13868
        0         0         0         1

 0.218717 -0.258929  0.940807  0.352046
-0.875786 -0.477263 0.0722487   1.19724
 0.430305 -0.839748 -0.331152   2.14209
        0         0         0         1

