 0.495726 -0.373177  0.784216   1.03303
-0.867083 -0.263843  0.422556   1.07171
0.0492222 -0.889452 -0.454369   1.97122
        0         0         0         1

 0.497849 -0.379932  0.779614    1.0325
 -0.86671 -0.250084  0.431592   1.05949
0.0309936 -0.890567 -0.453795   1.96978
        0         0         0         1

 0.498795 -0.381839  0.778076   1.03347
 -0.86638 -0.244814  0.435261   1.04874
0.0242847 -0.891216 -0.452929   1.96141
        0         0         0         1

 0.501485 -0.376753  0.778826   1.03253
 -0.86499 -0.236482   0.44257   1.03789
0.0174389 -0.895619  -0.44448   1.95899
        0         0         0         1

 0.497144 -0.385736   0.77721   1.04006
 -0.86763 -0.212594  0.449469   1.01392
-0.00814626 -0.897781 -0.440366   1.95011
        0         0         0         1

 0.497999 -0.381757  0.778626   1.04049
-0.867088 -0.206306  0.453427   1.00552
-0.0124641 -0.900944 -0.433757   1.94209
        0         0         0         1

 0.497893 -0.379569  0.779763   1.04052
-0.866951  -0.19467  0.458803  0.994416
-0.0223515 -0.904451 -0.425992   1.93588
        0         0         0         1

 0.496323 -0.376602  0.782199   1.04185
-0.867538 -0.181664  0.463008  0.984348
-0.0322726 -0.908388  -0.41688   1.93249
        0         0         0         1

 0.487151 -0.379569  0.786519   1.05032
-0.871508 -0.153332  0.465794  0.962047
-0.0562021 -0.912369 -0.405493   1.92088
        0         0         0         1

 0.488044 -0.376547  0.787417   1.04931
-0.870361 -0.142296  0.471406  0.952088
-0.0654601 -0.915404 -0.397179   1.91713
        0         0         0         1

   0.4888 -0.376666  0.786891   1.05027
-0.868709 -0.127316  0.478681  0.940025
-0.080119 -0.917558 -0.389445   1.91241
        0         0         0         1

 0.483831 -0.377433   0.78959   1.05505
-0.870806 -0.117723  0.477324  0.931424
-0.0872055 -0.918524 -0.385629   1.90636
        0         0         0         1

 0.485542 -0.374881  0.789755   1.05525
-0.869134 -0.109761  0.482243  0.920625
-0.0940997 -0.920553 -0.379115   1.89791
        0         0         0         1

  0.484767   -0.37242   0.791394    1.05673
  -0.86825 -0.0957014   0.486809   0.910254
  -0.10556  -0.923117  -0.369746    1.89617
         0          0          0          1

  0.489392  -0.367073   0.791045    1.05523
 -0.864436 -0.0844858   0.495593   0.891592
 -0.115087  -0.926347  -0.358658     1.8794
         0          0          0          1

  0.487633  -0.368552   0.791444    1.05796
 -0.864265 -0.0755123   0.497337   0.882987
 -0.123531  -0.926535  -0.355349    1.87414
         0          0          0          1

  0.484256  -0.371949   0.791928    1.06323
 -0.865134 -0.0685204   0.496839   0.874444
 -0.130536  -0.925721  -0.354967     1.8655
         0          0          0          1

  0.485388  -0.372808    0.79083    1.06221
 -0.863413 -0.0621011   0.500662   0.866024
 -0.137539  -0.925828   -0.35203    1.85903
         0          0          0          1

 0.486717 -0.373756  0.789565   1.06261
-0.861635 -0.056572  0.504365  0.856541
-0.143842   -0.9258 -0.349576   1.84985
        0         0         0         1

  0.483703  -0.375778   0.790457    1.06631
 -0.861378 -0.0443313   0.506027   0.847304
 -0.155112  -0.925649   -0.34513    1.84733
         0          0          0          1

  0.485904  -0.372277   0.790764    1.06657
 -0.857278 -0.0268048   0.514156   0.829268
 -0.170212  -0.927734   -0.33217    1.83294
         0          0          0          1

  0.487152  -0.369619   0.791243     1.0677
 -0.855441 -0.0195811    0.51753    0.82165
 -0.175795  -0.928977  -0.325726    1.82642
         0          0          0          1

   0.485633   -0.365706     0.79399      1.0701
   -0.85475 -0.00829997    0.518974    0.813274
  -0.183202   -0.930693   -0.316618     1.81827
          0           0           0           1

   0.489027   -0.361502    0.793832     1.06937
  -0.851391 9.90713e-05    0.524531    0.805925
  -0.189697   -0.932371   -0.307731     1.81114
          0           0           0           1

 0.488851  -0.35286  0.797819   1.07043
-0.848794 0.0187792   0.52839  0.789828
 -0.20143 -0.935488 -0.290325   1.79725
        0         0         0         1

 0.486252 -0.353942  0.798927   1.07242
-0.849198 0.0240962  0.527524  0.783978
-0.205964 -0.934957  -0.28885   1.79031
        0         0         0         1

 0.482894 -0.354314  0.800797   1.07242
-0.849233 0.0335603  0.526951  0.775816
-0.213581 -0.934524 -0.284689   1.78381
        0         0         0         1

 0.478428 -0.355029  0.803157   1.07421
-0.850397 0.0407126  0.524564   0.77001
-0.218934 -0.933968 -0.282438   1.77808
        0         0         0         1

 0.476586 -0.351374  0.805855   1.07394
-0.851442 0.0437456  0.522621  0.763869
-0.218888 -0.935212 -0.278326   1.76811
        0         0         0         1

 0.474954 -0.350509  0.807194   1.07389
-0.850721 0.0518025  0.523059  0.757983
-0.225152 -0.935126 -0.273581    1.7637
        0         0         0         1

  0.47076 -0.346038  0.811568   1.07294
-0.851534  0.062445  0.520568  0.746214
-0.230815  -0.93614 -0.265267   1.74729
        0         0         0         1

  0.46865 -0.344433   0.81347   1.07349
  -0.8512 0.0702257  0.520121  0.741203
-0.236274 -0.936181  -0.26027   1.74195
        0         0         0         1

 0.466314 -0.341457  0.816063   1.07404
-0.850708 0.0798798  0.519534  0.734754
-0.242585 -0.936497 -0.253231   1.73555
        0         0         0         1

 0.464601 -0.338961  0.818078   1.07467
-0.850814 0.0852337  0.518508  0.730581
-0.245482 -0.936931 -0.248793   1.72875
        0         0         0         1

   0.4604  -0.33519  0.821997   1.07559
-0.849917  0.100871  0.517171  0.720365
-0.256266 -0.936735 -0.238443   1.71556
        0         0         0         1

 0.456351 -0.336907  0.823552   1.07651
-0.850458  0.107022  0.515042   0.71639
-0.261659 -0.935436 -0.237685   1.70959
        0         0         0         1

  0.45416 -0.338376   0.82416   1.07642
-0.850252  0.111681  0.514391  0.712205
  -0.2661  -0.93436 -0.236984   1.70114
        0         0         0         1

 0.452605 -0.338678  0.824891   1.07607
-0.849412  0.117785  0.514418  0.708545
-0.271382 -0.933501 -0.234367   1.69545
        0         0         0         1

 0.448448 -0.337478  0.827649   1.07587
-0.849041  0.128538  0.512452  0.701415
-0.279325 -0.932516  -0.22889   1.68097
        0         0         0         1

 0.447071 -0.337031  0.828575   1.07557
-0.847889  0.135438  0.512583  0.697685
-0.284977 -0.931701 -0.225215   1.67653
        0         0         0         1

 0.444825 -0.337724  0.829502   1.07532
-0.846531  0.143868  0.512531  0.693856
-0.292432 -0.930185 -0.221898   1.67143
        0         0         0         1

 0.441714 -0.336522   0.83165   1.07583
-0.847479  0.147671  0.509875  0.691246
-0.294395 -0.930025 -0.219967   1.66499
        0         0         0         1

 0.442279 -0.334413    0.8322    1.0739
 -0.84522  0.154948  0.511463   0.68774
-0.299987 -0.929602 -0.214122   1.66037
        0         0         0         1

 0.439646 -0.335541  0.833141   1.07434
 -0.84536  0.158799  0.510049  0.685358
-0.303444 -0.928545 -0.213837   1.65565
        0         0         0         1

 0.435444 -0.338127  0.834302   1.07451
-0.844764  0.166764  0.508491  0.679854
-0.311066 -0.926207 -0.213021   1.64516
        0         0         0         1

 0.432895 -0.341105  0.834415   1.07492
-0.844297  0.170911   0.50789  0.677553
-0.315855 -0.924357 -0.214008   1.64138
        0         0         0         1

 0.431012 -0.343789  0.834288    1.0752
-0.843145  0.175937  0.508087   0.67446
-0.321457 -0.922418 -0.214033   1.63741
        0         0         0         1

 0.432426 -0.346359  0.832492   1.07277
-0.841439  0.176771   0.51062  0.672506
-0.324018 -0.921297    -0.215   1.63367
        0         0         0         1

 0.427665 -0.355111  0.831263   1.07492
-0.840781  0.181432  0.510068  0.668562
-0.331948 -0.917049 -0.220979    1.6254
        0         0         0         1

  0.42744 -0.358218  0.830045   1.07472
-0.839597  0.183153  0.511401  0.666893
-0.335219 -0.915497 -0.222472    1.6223
        0         0         0         1

 0.426543 -0.362751  0.828537   1.07469
-0.837953  0.186304  0.512958  0.664571
-0.340435 -0.913073 -0.224502   1.61901
        0         0         0         1

 0.425901 -0.366397  0.827262     1.075
-0.836383   0.18928  0.514429  0.662833
-0.345069 -0.911003 -0.225834   1.61678
        0         0         0         1

 0.427713 -0.370009  0.824715   1.07352
 -0.83345  0.191736  0.518265  0.660724
-0.349891 -0.909027 -0.226376    1.6137
        0         0         0         1

 0.427878 -0.373125  0.823225   1.07373
-0.832599  0.191707  0.519641   0.65975
-0.351709 -0.907759 -0.228636   1.61029
        0         0         0         1

 0.428453 -0.377795  0.820791   1.07297
-0.829116  0.196695  0.523334  0.656313
-0.359158 -0.904755 -0.228961   1.60643
        0         0         0         1

 0.427287 -0.379965  0.820397   1.07344
-0.829154  0.197083  0.523127  0.654887
-0.360456 -0.903761 -0.230839   1.60344
        0         0         0         1

 0.426606 -0.382227  0.819701   1.07345
-0.828315   0.19882  0.523799  0.653663
-0.363183 -0.902426 -0.231786    1.6009
        0         0         0         1

 0.426274 -0.383649  0.819209    1.0731
-0.828124  0.198911  0.524066  0.652852
-0.364007 -0.901803 -0.232918   1.59899
        0         0         0         1

0.424906 -0.38668 0.818494   1.0731
-0.827231 0.201326 0.524554  0.65103
-0.367619 -0.89997 -0.23433    1.595
       0        0        0        1

 0.424602 -0.387659  0.818189   1.07306
-0.826511  0.202932   0.52507  0.650247
-0.369585 -0.899188 -0.234239   1.59372
        0         0         0         1

  0.42566 -0.388389  0.817292   1.07215
-0.825816  0.202498   0.52633   0.64946
-0.369921 -0.898971 -0.234543   1.59132
        0         0         0         1

 0.425205 -0.388696  0.817384   1.07276
-0.825694  0.203307  0.526208  0.648954
-0.370715 -0.898655 -0.234497   1.58999
        0         0         0         1

  0.42636 -0.389763  0.816274   1.07199
-0.825313  0.201737  0.527409  0.648729
-0.370237 -0.898547 -0.235663   1.58772
        0         0         0         1

 0.426046 -0.390705  0.815986   1.07242
-0.824738  0.203009   0.52782  0.647823
-0.371875 -0.897851 -0.235738   1.58716
        0         0         0         1

 0.426284 -0.392375  0.815061   1.07231
-0.823441  0.204677    0.5292  0.646848
-0.374469 -0.896744 -0.235847   1.58565
        0         0         0         1

 0.425513 -0.392999  0.815163    1.0727
-0.823976  0.204188  0.528555  0.646883
-0.374168 -0.896582 -0.236937   1.58394
        0         0         0         1

 0.426293 -0.393236  0.814641   1.07176
-0.823116  0.204882  0.529626  0.646318
-0.375174  -0.89632 -0.236339   1.58409
        0         0         0         1

 0.426731  -0.39346  0.814304   1.07111
-0.822637  0.205198  0.530247  0.646064
-0.375725 -0.896149  -0.23611   1.58363
        0         0         0         1

 0.427086 -0.393521  0.814088   1.07084
-0.822307  0.205393  0.530683  0.645915
-0.376043 -0.896078 -0.235875   1.58177
        0         0         0         1

 0.425409 -0.393046  0.815194   1.07208
-0.823406  0.205684  0.528864  0.646249
 -0.37554 -0.896219 -0.236137    1.5805
        0         0         0         1

 0.426179 -0.391724  0.815429   1.07128
-0.823152  0.205953  0.529154  0.646223
-0.375222 -0.896736 -0.234675   1.57967
        0         0         0         1

 0.426618 -0.390204  0.815928   1.07083
-0.822945  0.206754  0.529164  0.646103
-0.375178 -0.897214 -0.232911     1.579
        0         0         0         1

 0.425911 -0.388488  0.817115   1.07145
-0.823672  0.207221  0.527849   0.64652
-0.374386 -0.897851 -0.231729    1.5777
        0         0         0         1

 0.425298 -0.386489  0.818381   1.07164
-0.824604  0.207219  0.526393  0.647039
-0.373029 -0.898714  -0.23057   1.57622
        0         0         0         1

 0.423642 -0.382533  0.821095   1.07176
-0.826772  0.207067   0.52304  0.647586
-0.370102  -0.90044 -0.228545   1.57328
        0         0         0         1

 0.423799 -0.380192    0.8221   1.07128
-0.826614    0.2087  0.522642  0.647492
-0.370276 -0.901054 -0.225825   1.57367
        0         0         0         1

 0.423304  -0.37765  0.823526    1.0708
-0.827447  0.209047  0.521183  0.647653
 -0.36898 -0.902042 -0.223995   1.57261
        0         0         0         1

 0.422631 -0.375445  0.824878   1.07085
-0.827442  0.211487  0.520204  0.647565
-0.369759 -0.902394 -0.221278   1.57289
        0         0         0         1

 0.422597 -0.373096  0.825961   1.07061
-0.827706  0.212375  0.519422  0.647634
-0.369208 -0.903159 -0.219065   1.57237
        0         0         0         1

 0.422333 -0.371585  0.826776   1.07021
-0.828045    0.2129  0.518666  0.647746
 -0.36875 -0.903658 -0.217774   1.57185
        0         0         0         1

  0.42178 -0.368559  0.828411   1.07008
-0.828493  0.214542  0.517272  0.648034
-0.368375 -0.904508 -0.214859   1.56982
        0         0         0         1

 0.421273 -0.367861   0.82898   1.07002
-0.828351  0.216104   0.51685  0.648083
-0.369274 -0.904421 -0.213679   1.56963
        0         0         0         1

 0.418725 -0.366739  0.830766    1.0717
-0.829053  0.218954  0.514519  0.648203
-0.370594 -0.904191 -0.212364   1.56947
        0         0         0         1

 0.419262 -0.365279  0.831138    1.0714
-0.828267  0.220964  0.514926  0.648183
-0.371743 -0.904293 -0.209907   1.56978
        0         0         0         1

 0.420306 -0.363095  0.831568   1.07116
-0.826913  0.224035  0.515775  0.648121
-0.373575 -0.904417 -0.206084   1.56956
        0         0         0         1

 0.419151 -0.362561  0.832383   1.07228
-0.826713  0.226575  0.514985  0.648025
-0.375311 -0.903999 -0.204764   1.56975
        0         0         0         1

 0.421436  -0.36185  0.831538   1.07213
-0.824783  0.228248  0.517336  0.647943
-0.376995 -0.903863 -0.202255   1.57015
        0         0         0         1

 0.422331 -0.361561   0.83121   1.07237
-0.823763  0.229535   0.51839  0.647845
-0.378221 -0.903652 -0.200901   1.57009
        0         0         0         1

 0.423905 -0.361328   0.83051   1.07243
-0.822196   0.23107  0.520192  0.647641
-0.379866 -0.903354 -0.199131   1.57044
        0         0         0         1

 0.424103 -0.362051  0.830094   1.07278
-0.821851  0.231141  0.520705  0.647771
-0.380391 -0.903047 -0.199524   1.57022
        0         0         0         1

  0.42566  -0.36295  0.828903   1.07351
-0.819454  0.233924  0.523236  0.648023
-0.383809 -0.901968 -0.197849   1.57016
        0         0         0         1

  0.42682 -0.363058  0.828259   1.07368
-0.817373  0.237006  0.525099  0.647946
-0.386944  -0.90112 -0.195595    1.5708
        0         0         0         1

   0.4274 -0.363855   0.82761   1.07404
-0.815315  0.240414  0.526747  0.647842
-0.390629 -0.899895 -0.193903   1.57149
        0         0         0         1

 0.427052 -0.364763   0.82739   1.07429
-0.814878  0.241349  0.526995  0.647939
-0.391919 -0.899277 -0.194168   1.57154
        0         0         0         1

 0.428734 -0.365143  0.826352   1.07421
-0.811828  0.245611  0.529728  0.648327
-0.396387 -0.897968 -0.191131   1.57148
        0         0         0         1

 0.427154  -0.36695   0.82637   1.07487
-0.810224  0.250337   0.52997  0.648461
-0.401343 -0.895924 -0.190379   1.57187
        0         0         0         1

  0.42899 -0.366638  0.825557   1.07503
-0.808302  0.252188  0.532024  0.648692
-0.403256 -0.895532 -0.188168   1.57195
        0         0         0         1

 0.427991 -0.366985  0.825921   1.07598
-0.807162  0.255907  0.531978  0.649064
-0.406587 -0.894334 -0.186691   1.57184
        0         0         0         1

 0.428957 -0.367348  0.825258   1.07664
-0.805529  0.257888  0.533496  0.649716
-0.408803 -0.893616 -0.185286   1.57168
        0         0         0         1

 0.430692 -0.367137  0.824448   1.07664
-0.803911  0.259102  0.535345  0.650105
-0.410161 -0.893351 -0.183552   1.57173
        0         0         0         1

 0.431925 -0.366668  0.824012   1.07728
-0.801632  0.262609   0.53705  0.651366
-0.413311  -0.89252 -0.180506   1.57145
        0         0         0         1

 0.432945 -0.366664  0.823478    1.0774
-0.800636  0.263325  0.538184  0.651837
-0.414175  -0.89231 -0.179559   1.57167
        0         0         0         1

 0.433497 -0.366499  0.823261   1.07749
 -0.79951  0.265077  0.538997   0.65213
 -0.41577 -0.891859 -0.178109   1.57243
        0         0         0         1

 0.434731 -0.365477  0.823065   1.07663
-0.798805  0.265524  0.539822  0.652582
-0.415836 -0.892145 -0.176513   1.57276
        0         0         0         1

  0.43481 -0.363984  0.823684    1.0765
-0.798672  0.266676   0.53945  0.653992
-0.416008 -0.892412 -0.174751   1.57378
        0         0         0         1

 0.433804 -0.363208  0.824557   1.07708
-0.799406   0.26702  0.538191   0.65486
-0.415648 -0.892626 -0.174516    1.5745
        0         0         0         1

   0.4332 -0.361506  0.825622   1.07771
-0.799854  0.268014  0.537031  0.655881
-0.415418 -0.893018 -0.173048   1.57611
        0         0         0         1

   0.4319  -0.36013  0.826903   1.07866
-0.800502  0.269326  0.535406  0.656777
-0.415522  -0.89318 -0.171963   1.57807
        0         0         0         1

 0.431568 -0.358232    0.8279   1.07839
-0.801116  0.269694  0.534302  0.657739
-0.414683 -0.893832 -0.170594   1.58034
        0         0         0         1

 0.433205 -0.355909  0.828047   1.07726
-0.801577  0.267907  0.534508  0.658981
-0.412076 -0.895296 -0.169229   1.58158
        0         0         0         1

 0.435775 -0.349115   0.82959   1.07645
 -0.80413  0.263032  0.533093  0.662152
 -0.40432 -0.899407 -0.166111   1.58637
        0         0         0         1

  0.43566 -0.343423  0.832022   1.07746
-0.807069  0.260245  0.530012  0.663775
-0.398548 -0.902404 -0.163787   1.58894
        0         0         0         1

 0.438995 -0.337192  0.832817   1.07595
-0.808975  0.254981  0.529665  0.665536
-0.390951 -0.906248 -0.160844   1.59181
        0         0         0         1

 0.441827  -0.33218  0.833334   1.07513
-0.809844  0.251931  0.529796  0.667188
 -0.38593 -0.908949 -0.157704   1.59559
        0         0         0         1

  0.44087 -0.321294  0.838095   1.07688
-0.816966  0.243089  0.522947    0.6716
-0.371752 -0.915247 -0.155316   1.60478
        0         0         0         1

 0.440494 -0.317106  0.839886   1.07719
-0.820657  0.237077  0.519919   0.67361
-0.363987  -0.91828 -0.155805   1.60861
        0         0         0         1

 0.439781 -0.311495  0.842356   1.07762
-0.824846   0.23094  0.516038  0.676424
-0.355277 -0.921758 -0.155372   1.61479
        0         0         0         1

 0.439998 -0.306567  0.844049   1.07735
-0.828865  0.223005  0.513081  0.678888
-0.345521 -0.925357 -0.155981   1.61846
        0         0         0         1

 0.439664 -0.299653  0.846702    1.0771
-0.833783  0.214308  0.508801  0.681886
-0.333919 -0.929667 -0.155622   1.62459
        0         0         0         1

  0.43849 -0.294357  0.849164   1.07805
-0.838163  0.207064  0.504587  0.684605
 -0.32436 -0.932994 -0.155923   1.63023
        0         0         0         1

 0.441556 -0.279019  0.852746   1.07667
-0.846384  0.185879  0.499082  0.691333
-0.297761 -0.942124 -0.154082   1.64347
        0         0         0         1

 0.440474 -0.273802  0.854994   1.07829
-0.850029  0.179219  0.495309  0.694129
-0.288848 -0.944941 -0.153798   1.65072
        0         0         0         1

 0.440236 -0.265219  0.857818   1.07966
-0.855249  0.167031   0.49056  0.698828
-0.273388  -0.94961 -0.153296   1.65783
        0         0         0         1

 0.440656 -0.258223  0.859734   1.08044
-0.858317  0.159284  0.487771   0.70218
-0.262896 -0.952864 -0.151448   1.66485
        0         0         0         1

 0.449433 -0.242796  0.859686   1.07975
-0.861304  0.137532  0.489122    0.7105
-0.236991 -0.960279 -0.147309   1.68211
        0         0         0         1

 0.453843 -0.235838  0.859306   1.07971
-0.861813  0.128955  0.490559    0.7143
-0.226505 -0.963198 -0.144723   1.68993
        0         0         0         1

 0.460138 -0.227471  0.858213   1.07942
-0.862367  0.115409  0.492954  0.719731
-0.211178 -0.966922  -0.14306   1.69867
        0         0         0         1

 0.464976 -0.220523  0.857419   1.08056
-0.862044  0.107857  0.495224  0.724026
-0.201687   -0.9694  -0.13995    1.7082
        0         0         0         1

 0.470259 -0.212381  0.856593   1.08194
-0.862928 0.0927709  0.496738    0.7308
-0.184965 -0.972773 -0.139643    1.7171
        0         0         0         1

 0.476986 -0.204527  0.854783   1.08193
 -0.86145 0.0841022  0.500829  0.735414
-0.174322 -0.975241 -0.136074   1.72657
        0         0         0         1

 0.489976  -0.19031  0.850709   1.08275
-0.859636 0.0565484  0.507768  0.749418
-0.144739 -0.980094  -0.13589   1.74689
        0         0         0         1

 0.494685 -0.185862  0.848965   1.08379
-0.858933 0.0442227  0.510175  0.756046
-0.132366  -0.98158 -0.137767   1.75536
        0         0         0         1

 0.502263 -0.180069  0.845758   1.08409
-0.856812 0.0282975  0.514852  0.764437
-0.116642 -0.983247 -0.140072   1.76546
        0         0         0         1

 0.506385 -0.174129  0.844543   1.08558
-0.855847 0.0181683  0.516909  0.771458
-0.105353 -0.984555 -0.139828   1.77533
        0         0         0         1

  0.519496  -0.160584   0.839248    1.08726
 -0.851314 -0.0128916   0.524498   0.790069
-0.0734069  -0.986938  -0.143405    1.79591
         0          0          0          1

   0.52755  -0.157291   0.834835    1.08689
 -0.847361 -0.0273416   0.530314   0.798377
 -0.060588  -0.987174  -0.147707    1.80491
         0          0          0          1

   0.53581   -0.15285   0.830388    1.08831
 -0.843131 -0.0442843   0.535881   0.809264
 -0.045136  -0.987257    -0.1526    1.81574
         0          0          0          1

  0.541544  -0.148793     0.8274    1.08908
 -0.840085 -0.0589966   0.539237   0.819021
-0.0314211  -0.987107  -0.156948    1.82358
         0          0          0          1

  0.550822    -0.1443   0.822054    1.08903
 -0.834419 -0.0734586   0.546213   0.829493
-0.0184316  -0.986804  -0.160869    1.83637
         0          0          0          1

  0.557926   -0.13966   0.818055    1.08872
 -0.829868 -0.0866664   0.551187   0.839171
-0.00608077    -0.9864  -0.164253    1.84561
         0          0          0          1

 0.573367 -0.130368   0.80886   1.08934
-0.818859 -0.123538  0.560543  0.864196
0.0268477 -0.983739 -0.177586   1.86535
        0         0         0         1

 0.577353 -0.131105    0.8059   1.09207
-0.815652 -0.137437  0.561981  0.874767
 0.037082 -0.981795 -0.186286   1.87557
        0         0         0         1

 0.583609 -0.130212  0.801527   1.09427
-0.810372 -0.156525  0.564621  0.889045
0.0519386 -0.979053  -0.19687   1.88625
        0         0         0         1

 0.592063 -0.124911  0.796152   1.09256
-0.803001 -0.175043  0.569693   0.90144
0.0682003 -0.976605 -0.203941   1.89341
        0         0         0         1

 0.604604 -0.121051  0.787274   1.09403
-0.790615 -0.211393  0.574666  0.930358
0.0968608 -0.969876 -0.223513   1.91149
        0         0         0         1

 0.612678 -0.119582  0.781233   1.09312
-0.782505 -0.230558  0.578384  0.944304
 0.110955 -0.965683 -0.234832   1.91616
        0         0         0         1

 0.618961 -0.115472  0.776887   1.09452
-0.775807  -0.24418  0.581807  0.959773
 0.122518  -0.96283 -0.240722   1.92625
        0         0         0         1

 0.628642 -0.104766  0.770606   1.09091
-0.765309 -0.259476  0.589045  0.973598
 0.138242  -0.96005 -0.243296   1.93299
        0         0         0         1

 0.634335  -0.10228  0.766262   1.09455
 -0.75829 -0.275147  0.591008  0.990508
 0.150387 -0.955946 -0.252093   1.93982
        0         0         0         1

  0.642262 -0.0939725   0.760702     1.0924
 -0.749171  -0.286718   0.597107    1.00324
  0.161995  -0.953395  -0.254549    1.94801
         0          0          0          1

  0.658348 -0.0790519   0.748551    1.08906
 -0.730566  -0.306571   0.610154     1.0334
  0.181251  -0.948559  -0.259583    1.96661
         0          0          0          1

 0.661434 -0.081204  0.745595   1.09365
 -0.72489 -0.324316  0.607744   1.05041
 0.192457 -0.942457 -0.273377   1.96612
        0         0         0         1

  0.671789 -0.0741655    0.73702     1.0885
 -0.712153  -0.338422   0.615068    1.06762
  0.203807  -0.938067  -0.280165    1.97484
         0          0          0          1

   0.67506 -0.0755989    0.73388    1.09168
 -0.707025  -0.350432   0.614258    1.08235
  0.210738  -0.933532  -0.290013    1.97836
         0          0          0          1

  0.684901 -0.0765985   0.724599    1.09167
 -0.692512  -0.377673   0.614647    1.11632
  0.226581  -0.922765  -0.311714    1.98647
         0          0          0          1

  0.689748 -0.0748717   0.720168    1.08993
 -0.682397   -0.39971   0.612018    1.13373
  0.242035  -0.913579  -0.326791    1.98318
         0          0          0          1

  0.695107 -0.0780822   0.714654    1.09345
   -0.6756   -0.41076   0.612242    1.15242
  0.245746  -0.908394  -0.338274    1.98576
         0          0          0          1

  0.698663 -0.0763262   0.711368    1.09395
 -0.671407  -0.413422   0.615057    1.16545
   0.24715  -0.907335  -0.340089    1.99232
         0          0          0          1

  0.704161 -0.0807286   0.705436    1.09614
 -0.664154  -0.426249   0.614175    1.18379
   0.25111  -0.900997  -0.353764    1.99423
         0          0          0          1

  0.712276 -0.0770994   0.697653    1.09307
 -0.651691   -0.44181   0.616525    1.20069
  0.260696   -0.89379  -0.364935    1.98717
         0          0          0          1

