0.0578384 -0.547644   0.83471  0.521342
-0.786901 -0.539545 -0.299464   1.05381
 0.614363 -0.639514 -0.462148   2.72074
        0         0         0         1

0.0437291 -0.570709  0.819987  0.542589
-0.787201 -0.525061  -0.32346    1.0527
 0.615145  -0.63135 -0.472223   2.72326
        0         0         0         1

0.0388832 -0.577951  0.815144  0.541747
-0.792867 -0.514327 -0.326846   1.03892
 0.608152 -0.633593 -0.478237   2.73097
        0         0         0         1

0.0294655 -0.580598  0.813657  0.537867
-0.792041 -0.510125 -0.335325   1.02692
 0.609756  -0.63457 -0.474888   2.72952
        0         0         0         1

0.0240863 -0.596004   0.80262  0.553652
-0.793943 -0.499291 -0.346933   1.02149
 0.607514 -0.628879 -0.485219   2.73794
        0         0         0         1

0.0116106 -0.608446  0.793511  0.560038
-0.799336 -0.482431 -0.358221  0.999238
 0.600772 -0.630123 -0.491954     2.747
        0         0         0         1

0.00731484 -0.608038  0.793874  0.555674
-0.804087 -0.475533 -0.356808  0.982035
 0.594466 -0.635734 -0.492394   2.75409
        0         0         0         1

0.00578241 -0.622865  0.782308  0.569319
-0.810678 -0.460948  -0.36101  0.957958
 0.585464 -0.632112 -0.507608   2.77036
        0         0         0         1

-0.000523655 -0.636329  0.771418  0.582126
-0.815686  -0.44599 -0.368442  0.945218
 0.578495 -0.629428 -0.518811   2.77891
        0         0         0         1

-0.0157506 -0.643604  0.765197  0.585626
-0.814593 -0.435526 -0.383087  0.940835
 0.579819 -0.629358 -0.517415   2.77464
        0         0         0         1

-0.0197666 -0.644989  0.763936  0.579525
-0.815578 -0.431563  -0.38547  0.929324
  0.57831 -0.630669 -0.517508   2.77462
        0         0         0         1

-0.0379484  -0.65497  0.754701  0.584873
-0.818026 -0.413407 -0.399909  0.905428
 0.573927 -0.632542 -0.520095   2.77395
        0         0         0         1

-0.0355614 -0.661049  0.749499  0.589647
-0.819848 -0.409566 -0.400132  0.892115
 0.571476 -0.628705 -0.527395   2.77975
        0         0         0         1

-0.0411434 -0.658037   0.75186  0.585868
-0.826359 -0.400579 -0.395812  0.869415
 0.561638 -0.637592 -0.527294   2.78362
        0         0         0         1

-0.0468703 -0.656851  0.752562  0.585155
-0.823208 -0.401339 -0.401566   0.86869
 0.565802 -0.638337 -0.521914   2.77281
        0         0         0         1

-0.0552081 -0.656168  0.752592  0.591985
-0.824366 -0.395321 -0.405144  0.856458
 0.563358 -0.642779 -0.519098   2.77213
        0         0         0         1

-0.0592146 -0.656966  0.751591  0.599087
-0.822116 -0.394978 -0.410021  0.852492
 0.566232 -0.642175 -0.516714   2.76695
        0         0         0         1

-0.072291 -0.647766  0.758401  0.599722
-0.818058 -0.396489 -0.416627  0.832602
 0.570574 -0.650535 -0.501248   2.75843
        0         0         0         1

-0.075364 -0.638557  0.765876  0.590503
-0.818578 -0.398985 -0.413208  0.817951
 0.569429  -0.65807  -0.49264   2.75501
        0         0         0         1

-0.0786209 -0.634822  0.768648  0.594744
-0.817736 -0.399941 -0.413951  0.805543
 0.570199 -0.661096 -0.487673   2.74871
        0         0         0         1

-0.0783996 -0.632072  0.770934  0.596391
-0.819873 -0.399062 -0.410558  0.789639
 0.567152 -0.664255 -0.486932   2.75101
        0         0         0         1

-0.0746964 -0.625916  0.776305  0.597087
-0.825636 -0.397756 -0.400144  0.753681
 0.559236 -0.670835 -0.487068   2.74511
        0         0         0         1

-0.0756354 -0.622011  0.779347  0.597153
-0.825701 -0.399104 -0.398666  0.749643
 0.559015  -0.67366 -0.483409   2.73316
        0         0         0         1

-0.0737568 -0.617532   0.78308  0.599415
-0.827898 -0.399865 -0.393309   0.73667
 0.556008  -0.67732 -0.481761   2.72495
        0         0         0         1

-0.0695078 -0.616068   0.78462  0.600448
-0.830848 -0.399574  -0.38734  0.719442
 0.552141 -0.678823 -0.484086   2.72514
        0         0         0         1

-0.0682129 -0.611309  0.788447  0.600611
-0.831436 -0.401964 -0.383588  0.710274
 0.551418 -0.681709 -0.480845    2.7121
        0         0         0         1

-0.0682708 -0.610059  0.789409  0.605522
-0.830496 -0.403697 -0.383803  0.707449
 0.552825 -0.681804 -0.479091   2.70098
        0         0         0         1

-0.0562467 -0.603515  0.795365  0.605131
-0.836976 -0.405822 -0.367123  0.678727
 0.544341 -0.686351 -0.482302   2.68335
        0         0         0         1

-0.0495584 -0.594158   0.80282  0.596778
-0.845527 -0.402895 -0.350372  0.657192
 0.531628  -0.69617 -0.482409   2.68192
        0         0         0         1

-0.0475289 -0.584685  0.809867  0.590961
-0.845171 -0.408592 -0.344585  0.648155
 0.532378 -0.700854 -0.474739   2.66348
        0         0         0         1

-0.0455875 -0.581703  0.812123  0.589139
-0.846492  -0.40919 -0.340609  0.640892
 0.530445 -0.702983 -0.473753   2.65238
        0         0         0         1

-0.0362495 -0.579744  0.813992  0.592174
 -0.85368 -0.405489 -0.326816  0.611178
 0.519535 -0.706735 -0.480217   2.62871
        0         0         0         1

-0.032754 -0.579863  0.814055  0.594177
-0.852794 -0.408542 -0.325323  0.607033
 0.521219 -0.704877 -0.481123   2.61346
        0         0         0         1

-0.0234386 -0.580806  0.813705  0.597036
-0.856314 -0.408376 -0.316156  0.591681
 0.515923 -0.704197  -0.48778   2.60285
        0         0         0         1

-0.0176785 -0.576065  0.817213  0.592617
-0.858846 -0.409736 -0.307408  0.580354
 0.511929 -0.707295 -0.487507   2.58987
        0         0         0         1

-0.0147318  -0.57394  0.818765  0.595888
-0.861564 -0.408274 -0.301695  0.569825
 0.507436 -0.709862 -0.488471   2.57445
        0         0         0         1

-0.00758005  -0.57362  0.819086  0.598246
-0.864878 -0.407382   -0.2933   0.56077
 0.501924 -0.710633 -0.493024   2.56427
        0         0         0         1

0.00300997 -0.561839  0.827241  0.590774
-0.871644 -0.406933 -0.273206  0.539252
  0.49013 -0.720237 -0.490949   2.52806
        0         0         0         1

0.00963517 -0.555438  0.831502  0.587674
-0.878501   -0.4019 -0.258287  0.525707
 0.477644 -0.727986 -0.491825   2.51813
        0         0         0         1

0.0166844 -0.553367  0.832771  0.589473
-0.882266 -0.400039 -0.248145  0.517254
 0.470456 -0.730585 -0.494891   2.49794
        0         0         0         1

0.0218882 -0.550058  0.834839  0.588696
-0.888061 -0.394243 -0.236475  0.505861
 0.459204 -0.736212 -0.497114   2.48677
        0         0         0         1

0.0310134 -0.551387  0.833673  0.593735
-0.900506 -0.377356 -0.216081  0.483923
 0.433736 -0.744026  -0.50823   2.45656
        0         0         0         1

0.0344231 -0.546542  0.836724  0.590159
-0.905137 -0.372009 -0.205756  0.473433
 0.423724 -0.750267 -0.507501   2.44254
        0         0         0         1

0.0408861 -0.543716  0.838273  0.589289
-0.910504  -0.36578 -0.192842  0.460637
 0.411475 -0.755366 -0.510011   2.42393
        0         0         0         1

0.0446689 -0.544218  0.837754  0.589872
-0.914188 -0.360408 -0.185383   0.45203
 0.402822 -0.757583 -0.513617   2.41054
        0         0         0         1

0.0494798 -0.540826  0.839678  0.587566
-0.918622 -0.354628  -0.17428  0.439922
 0.392028 -0.762723 -0.514362   2.39089
        0         0         0         1

0.0562497 -0.541647  0.838722  0.587911
-0.923182 -0.348131 -0.162909  0.430556
 0.380225  -0.76513 -0.519621   2.37852
        0         0         0         1

0.0672579 -0.541784  0.837822  0.586489
-0.931939 -0.334005 -0.141174  0.408811
 0.356322 -0.771304 -0.527375   2.34234
        0         0         0         1

0.0676261 -0.543371  0.836764  0.588665
-0.933995 -0.329387 -0.138411  0.405012
 0.350827 -0.772173 -0.529781   2.32596
        0         0         0         1

0.0700181 -0.544689   0.83571  0.590176
  -0.9359 -0.325809  -0.13394  0.400278
 0.345237 -0.772763 -0.532587   2.30186
        0         0         0         1

 0.073789 -0.543625  0.836078  0.589355
 -0.93942 -0.319284 -0.124692   0.39134
 0.334732 -0.776228 -0.534252    2.2881
        0         0         0         1

0.0784756  -0.54495  0.834788  0.592137
-0.944468 -0.308668 -0.112712  0.379718
 0.319095 -0.779585 -0.538911   2.24559
        0         0         0         1

0.0820781 -0.544172  0.834949  0.592064
-0.947509  -0.30237 -0.103924  0.372228
 0.309016 -0.782591 -0.540426   2.23043
        0         0         0         1

 0.0878655  -0.541217    0.83628   0.590785
 -0.950722  -0.296151 -0.0917707   0.363763
  0.297333  -0.787007  -0.540568    2.20784
         0          0          0          1

 0.0894584   -0.54053   0.836555   0.591862
  -0.95399  -0.287841 -0.0839684   0.357096
  0.286182  -0.790554   -0.54141     2.1932
         0          0          0          1

0.0917697   -0.5406   0.83626  0.593417
 -0.95688  -0.28031   -0.0762  0.351117
 0.275606 -0.793207 -0.543013   2.17091
        0         0         0         1

 0.0922709  -0.539852   0.836687   0.594368
 -0.959583  -0.272569 -0.0700442    0.34642
  0.265868  -0.796408  -0.543183    2.15486
         0          0          0          1

 0.0975085  -0.536162   0.838464    0.59538
 -0.964406   -0.25897 -0.0534452   0.335226
  0.245792  -0.803408  -0.542329    2.11098
         0          0          0          1

  0.101761  -0.536198   0.837936   0.595719
 -0.967019  -0.251017 -0.0431887   0.328967
  0.233494  -0.805905  -0.544057    2.09614
         0          0          0          1

  0.104155  -0.533117   0.839606   0.595545
 -0.969851  -0.241454 -0.0330014   0.322342
   0.22032  -0.810855  -0.542192    2.07431
         0          0          0          1

  0.105632  -0.533758   0.839014   0.596429
 -0.971676  -0.234769 -0.0270194   0.318231
  0.211396  -0.812395  -0.543439    2.05827
         0          0          0          1

   0.10596  -0.534475   0.838516   0.598909
 -0.975326   -0.22011 -0.0170509   0.310541
  0.193679   -0.81602   -0.54461    2.01636
         0          0          0          1

  0.104838  -0.537898   0.836466    0.60196
 -0.976868  -0.213336 -0.0147528   0.309115
  0.186384   -0.81557  -0.547821    2.00061
         0          0          0          1

   0.106641   -0.538848    0.835626     0.60252
  -0.978913   -0.204168 -0.00672997    0.304425
   0.174235   -0.817287   -0.549258      1.9787
          0           0           0           1

   0.108673   -0.540663    0.834191    0.603343
  -0.980418   -0.196929 8.69954e-05    0.301611
   0.164229   -0.817865   -0.551476     1.96248
          0           0           0           1

  0.109318  -0.542903    0.83265   0.604677
 -0.982367  -0.186823 0.00716193   0.298672
   0.15167  -0.818751  -0.553753    1.94021
         0          0          0          1

 0.111395 -0.545791  0.830484  0.605921
-0.983953 -0.177784 0.0151416  0.295693
 0.139382 -0.818844 -0.556837   1.92566
        0         0         0         1

 0.112636 -0.549348  0.827968  0.609587
-0.987406 -0.155048 0.0314524  0.290089
 0.111097 -0.821083 -0.559893   1.88653
        0         0         0         1

 0.112195 -0.549411  0.827986  0.610444
-0.988483 -0.146868 0.0364885  0.288417
 0.101557 -0.822544 -0.559561   1.87098
        0         0         0         1

 0.111588 -0.550362  0.827436  0.611831
-0.989935 -0.134498 0.0440425  0.286283
0.0870488 -0.824022  -0.55983   1.85036
        0         0         0         1

 0.111811 -0.550114  0.827571  0.612584
 -0.99084 -0.125176 0.0506616  0.284362
 0.075722 -0.825655 -0.559071   1.83574
        0         0         0         1

 0.111369 -0.551776  0.826523  0.615815
-0.992687 -0.100757 0.0664937  0.280615
0.0465886 -0.827883 -0.558962   1.79945
        0         0         0         1

  0.111143  -0.550778   0.827219   0.616484
 -0.993133 -0.0921503  0.0720792   0.279326
 0.0365288  -0.829549  -0.557237    1.78518
         0          0          0          1

  0.110936  -0.552156   0.826327   0.618375
 -0.993619 -0.0786671  0.0808295   0.277289
 0.0203743  -0.830021   -0.55736    1.76741
         0          0          0          1

  0.109428  -0.552151   0.826532   0.619561
  -0.99394 -0.0694972  0.0851653   0.276481
 0.0104176  -0.830843   -0.55641    1.75376
         0          0          0          1

  0.108359  -0.553555   0.825733   0.621718
 -0.994102 -0.0566848  0.0924537   0.275324
-0.00437171  -0.830881  -0.556433    1.73618
         0          0          0          1

  0.107516  -0.553654   0.825777   0.622748
 -0.994101 -0.0479484  0.0972846   0.274531
-0.0142673  -0.831366  -0.555543    1.72334
         0          0          0          1

  0.103352  -0.554501    0.82574   0.626211
 -0.993936 -0.0262367   0.106785   0.273592
-0.0375478  -0.831769   -0.55385     1.6918
         0          0          0          1

  0.103596  -0.555039   0.825348   0.627048
 -0.993468 -0.0178318   0.112707   0.272566
-0.0478392  -0.831633  -0.553261    1.68051
         0          0          0          1

   0.102112   -0.555084    0.825503    0.628444
   -0.99294 -0.00652636    0.118435    0.271783
 -0.0603538   -0.831769   -0.551831     1.66524
          0           0           0           1

 0.100923 -0.554805  0.825836  0.629341
-0.992531 0.0010328  0.121988    0.2714
-0.0685322  -0.83198 -0.550557   1.65418
        0         0         0         1

0.0979966 -0.555346  0.825825  0.631434
-0.991208 0.0196663  0.130847  0.270626
-0.0889062 -0.831387 -0.548536   1.62775
        0         0         0         1

0.0964061 -0.555802  0.825706  0.632498
-0.990531 0.0278935  0.134426  0.270554
-0.0977462 -0.830847  -0.54785   1.61813
        0         0         0         1

0.0952904 -0.555598  0.825972  0.633388
-0.989575 0.0371413  0.139148  0.270456
-0.107988 -0.830621 -0.546267   1.60464
        0         0         0         1

0.0954387 -0.556795  0.825149  0.633779
-0.988587 0.0440533  0.144069  0.269856
-0.116567 -0.829481 -0.546236   1.59599
        0         0         0         1

0.0952056  -0.55834  0.824131  0.634556
-0.987388 0.0522356  0.149454  0.269663
-0.126495 -0.827966 -0.546325   1.58384
        0         0         0         1

0.0941715 -0.561044  0.822412  0.635563
-0.986448 0.0588986  0.153135  0.269602
-0.134354 -0.825688 -0.547895   1.57597
        0         0         0         1

0.0933118 -0.567534  0.818045  0.637493
-0.983677  0.074416  0.163832  0.268779
-0.153856  -0.81998 -0.551326   1.55706
        0         0         0         1

0.0931789 -0.568612  0.817312  0.637585
-0.982699 0.0794442  0.167304  0.268433
-0.160062 -0.818761 -0.551372   1.54978
        0         0         0         1

0.0938806 -0.568494  0.817313  0.637184
-0.981355 0.0854538  0.172162  0.267479
-0.167715 -0.818237 -0.549872   1.53974
        0         0         0         1

0.0914409 -0.568977  0.817254  0.637951
-0.980819 0.0904085  0.172685  0.267824
 -0.17214 -0.817369 -0.549797   1.53305
        0         0         0         1

 0.086981 -0.566855  0.819213  0.638642
-0.979363  0.101936   0.17452  0.267778
-0.182435 -0.817487  -0.54629   1.51671
        0         0         0         1

 0.086889 -0.566246  0.819644  0.638033
 -0.97852  0.105886  0.176882  0.266959
-0.186948 -0.817407 -0.544882   1.51102
        0         0         0         1

0.0847362 -0.565461  0.820411  0.638119
-0.977843  0.110988  0.177494  0.266956
-0.191421 -0.817273 -0.543527   1.50326
        0         0         0         1

0.0843414 -0.564667  0.820998  0.637717
-0.977098  0.114673  0.179247   0.26637
-0.195361 -0.817314 -0.542063   1.49786
        0         0         0         1

0.0825379 -0.564538   0.82127  0.637841
-0.976265  0.119774  0.180447  0.266191
-0.200236 -0.816671 -0.541252   1.49089
        0         0         0         1

0.0811018 -0.565092  0.821032   0.63796
-0.975644  0.123437  0.181333  0.266122
-0.203816 -0.815741 -0.541318    1.4863
        0         0         0         1

0.0791372 -0.565773  0.820754  0.637868
-0.973733   0.13246  0.185196  0.265752
-0.213496 -0.813852  -0.54043   1.47482
        0         0         0         1

0.0784803 -0.566467  0.820339  0.637924
-0.972955  0.135805  0.186858  0.265544
-0.217255 -0.812817 -0.540489   1.47046
        0         0         0         1

0.0758125 -0.567465    0.8199  0.638564
-0.972015  0.141299  0.187673  0.265943
-0.222349 -0.811183 -0.540873   1.46483
        0         0         0         1

0.0760773 -0.567437  0.819895  0.638269
 -0.97127  0.143784  0.189634  0.265688
-0.225493 -0.810766 -0.540196   1.46053
        0         0         0         1

0.0747403 -0.567574  0.819923  0.637995
-0.969306  0.151773  0.193419  0.265738
-0.234222 -0.809212 -0.538809   1.45013
        0         0         0         1

0.0733503 -0.567895  0.819826  0.638129
 -0.96861   0.15521  0.194176  0.266107
-0.237517 -0.808335 -0.538684   1.44633
        0         0         0         1

0.0729109 -0.567809  0.819925  0.637887
-0.967571  0.159085  0.196208  0.266239
-0.241846 -0.807642 -0.537797   1.44084
        0         0         0         1

0.0716449 -0.568769  0.819371  0.637788
-0.966727  0.162655  0.197437  0.266447
-0.245571 -0.806254 -0.538191   1.43757
        0         0         0         1

0.0727304 -0.570674  0.817949  0.636953
 -0.96534  0.165836  0.201538  0.266065
-0.250658 -0.804257 -0.538833   1.43264
        0         0         0         1

 0.070887 -0.573278  0.816289  0.637403
-0.964512  0.169276  0.202641  0.266688
-0.254347 -0.801685 -0.540933   1.42923
        0         0         0         1

0.0692436 -0.583628  0.809064   0.63819
-0.961895  0.175975  0.209265  0.267979
-0.264507 -0.792724 -0.549203   1.42027
        0         0         0         1

0.0689136 -0.589888  0.804539  0.638167
-0.960526  0.178639  0.213253  0.268184
-0.269518 -0.787477 -0.554293   1.41819
        0         0         0         1

0.0726017  -0.58765  0.805852  0.637819
 -0.95992  0.178135  0.216383  0.268635
-0.270707 -0.789263 -0.551164   1.41337
        0         0         0         1

0.0727749 -0.584923  0.807817  0.638109
-0.960502  0.177022  0.214708  0.269538
-0.268589 -0.791535 -0.548937   1.41009
        0         0         0         1

0.0694773 -0.581741  0.810402  0.639944
-0.961768  0.176662   0.20927  0.271212
-0.264908 -0.793957 -0.547225   1.40574
        0         0         0         1

0.0690636  -0.58074  0.811154  0.640361
-0.961768  0.177238  0.208779  0.271303
-0.265014 -0.794562 -0.546296   1.40491
        0         0         0         1

0.0687444 -0.578874  0.812514  0.641164
-0.961961  0.177383  0.207765  0.271624
-0.264395 -0.795889  -0.54466   1.40326
        0         0         0         1

0.0687199 -0.577519   0.81348  0.641446
-0.961884  0.177979   0.20761  0.271601
-0.264681  -0.79674 -0.543276   1.40249
        0         0         0         1

0.0683893 -0.57622 0.814428 0.641766
-0.961647 0.179277 0.207593 0.271519
-0.265627 -0.79739 -0.54186  1.40195
       0        0        0        1

0.0677292 -0.575232  0.815182  0.642084
-0.961541  0.180352  0.207154  0.271642
-0.266181 -0.797861 -0.540893    1.4012
        0         0         0         1

0.0645637  -0.57599  0.814903  0.643181
-0.960634  0.185245  0.207044  0.272423
-0.270212 -0.796191 -0.541356   1.40108
        0         0         0         1

0.0640708 -0.577425  0.813926  0.643212
 -0.95992  0.187339  0.208467  0.272315
-0.272854  -0.79466 -0.542278   1.40159
        0         0         0         1

0.0623082 -0.580132  0.812136  0.643894
-0.958542  0.191915  0.210631  0.272805
-0.278055 -0.791591 -0.544123   1.40242
        0         0         0         1

0.0624099 -0.581604  0.811074  0.643702
 -0.95727  0.195045  0.213522  0.272722
-0.282382 -0.789743 -0.544579   1.40274
        0         0         0         1

0.0616944 -0.586256  0.807773  0.643843
-0.953152  0.205516  0.221955  0.273246
-0.296133 -0.783624 -0.546112   1.40493
        0         0         0         1

0.0617169 -0.584993  0.808687  0.643673
-0.952067  0.208702  0.223632  0.273609
-0.299598 -0.783726 -0.544072    1.4056
        0         0         0         1

0.0632051 -0.582639  0.810269  0.643059
-0.950216  0.213084  0.227343   0.27403
-0.305114   -0.7843 -0.540165   1.40718
        0         0         0         1

0.0642968 -0.579718  0.812276  0.642244
-0.949211  0.215691  0.229074   0.27441
-0.307999  -0.78575 -0.536407   1.40846
        0         0         0         1

0.0654401 -0.575218  0.815379  0.640748
  -0.9481  0.218967  0.230565  0.275354
-0.311166 -0.788149 -0.531034   1.41044
        0         0         0         1

0.0661561 -0.571661  0.817818  0.639384
-0.947738  0.220375   0.23071   0.27626
-0.312114 -0.790341 -0.527206   1.41194
        0         0         0         1

0.0657754 -0.566127   0.82169  0.636329
-0.946683  0.224865  0.230708  0.278895
-0.315379 -0.793055 -0.521152   1.41742
        0         0         0         1

0.0651193 -0.564904  0.822583  0.635404
-0.946112  0.227104  0.230861  0.280088
-0.317226 -0.793289 -0.519674   1.41992
        0         0         0         1

0.0637489 -0.564596  0.822902   0.63396
-0.945704  0.229165  0.230493  0.281592
-0.318716 -0.792915 -0.519332   1.42319
        0         0         0         1

0.0634725 -0.566086  0.821899   0.63258
-0.945274  0.230005  0.231417  0.282403
-0.320043 -0.791609 -0.520507   1.42589
        0         0         0         1

0.0597357  -0.57638  0.814995  0.630767
-0.944233  0.232226  0.233443  0.285652
-0.323815  -0.78349 -0.530365   1.43388
        0         0         0         1

0.0579539 -0.581824  0.811247  0.630203
-0.943642  0.233314  0.234744  0.287385
-0.325855 -0.779131 -0.535512   1.43758
        0         0         0         1

0.0571747 -0.588554  0.806434  0.628456
-0.942729  0.234056  0.237657  0.289378
-0.328624 -0.773836 -0.541465   1.44226
        0         0         0         1

0.0573157  -0.59368  0.802658  0.627101
-0.942014  0.234108  0.240423  0.290939
-0.330642 -0.769895 -0.545837   1.44603
        0         0         0         1

0.0573303  -0.59932  0.798454  0.624747
-0.941257  0.234146  0.243334  0.293086
 -0.33279   -0.7655 -0.550691   1.45165
        0         0         0         1

0.0574802  -0.60127  0.796976  0.622962
-0.941147  0.233697  0.244188  0.294954
-0.333074 -0.764108  -0.55245   1.45552
        0         0         0         1

0.0582214 -0.601979  0.796386  0.617926
-0.941964  0.231077  0.243532  0.300364
-0.330627 -0.764346 -0.553589   1.46602
        0         0         0         1

0.0594679 -0.601576  0.796599  0.615439
-0.942432  0.229231  0.243466  0.302289
-0.329068 -0.765219 -0.553312   1.47039
        0         0         0         1

0.0589589 -0.601736  0.796516   0.61318
 -0.94357  0.226884  0.241246  0.305909
-0.325883 -0.765792 -0.554403   1.47669
        0         0         0         1

0.0596755 -0.602582  0.795823  0.610734
-0.944451  0.224037  0.240457  0.307868
-0.323189 -0.765965 -0.555739    1.4814
        0         0         0         1

0.0587396  -0.60681  0.792674  0.606286
-0.947529  0.216051  0.235607  0.314967
-0.314226 -0.764921 -0.562279   1.49382
        0         0         0         1

0.0584204  -0.61182  0.788837  0.605037
-0.949092   0.21097  0.233916  0.317983
-0.309535 -0.762344 -0.568348   1.49945
        0         0         0         1

0.0592382 -0.620354  0.782082  0.603141
-0.950965  0.203186  0.233199  0.321931
-0.303573 -0.757547 -0.577898   1.50772
        0         0         0         1

0.0631136 -0.627458  0.776088  0.601536
-0.951993   0.19555  0.235518  0.324742
-0.299542 -0.753695 -0.584994   1.51416
        0         0         0         1

0.0697237 -0.638745  0.766253  0.599828
-0.953148     0.184  0.240111  0.328932
 -0.29436 -0.747094 -0.595989   1.52338
        0         0         0         1

0.0766822 -0.646517  0.759036  0.598211
-0.954211   0.17318  0.243907  0.332314
 -0.28914 -0.742984 -0.603633   1.52892
        0         0         0         1

0.0964885 -0.670551  0.735562  0.594875
-0.954219  0.147889  0.259989  0.341355
-0.283117 -0.726973 -0.625583   1.54693
        0         0         0         1

 0.105589 -0.676765  0.728588  0.593511
-0.954249  0.137161  0.265698  0.345484
-0.279749 -0.723309  -0.63132   1.55296
        0         0         0         1

 0.117508 -0.682535  0.721344  0.591804
-0.954202  0.123633  0.272422  0.351863
 -0.27512  -0.72032 -0.636748   1.56174
        0         0         0         1

 0.129903  -0.68337  0.718423  0.588882
-0.953886  0.111613  0.278646  0.355602
-0.270604 -0.721491 -0.637358   1.56786
        0         0         0         1

 0.144665 -0.683387   0.71558  0.587144
-0.953685 0.0964601  0.284923  0.362821
-0.263737 -0.723656 -0.637781   1.57688
        0         0         0         1

 0.156408 -0.680526  0.715836  0.585681
-0.953409 0.0852672  0.289378  0.368258
-0.257967 -0.727746 -0.635484    1.5837
        0         0         0         1

 0.187997 -0.668201  0.719836  0.581483
-0.953632 0.0512035  0.296588  0.383991
-0.235038 -0.742217 -0.627592   1.60019
        0         0         0         1

 0.200593 -0.661479  0.722639  0.579971
-0.953851 0.0363731  0.298069  0.390616
-0.223451 -0.749081 -0.623656   1.60723
        0         0         0         1

 0.219214 -0.651178  0.726576  0.577588
-0.953339 0.0154811  0.301505  0.399925
-0.207582 -0.758767 -0.617399   1.61769
        0         0         0         1

    0.232076    -0.641665     0.731031      0.57549
   -0.953374 -0.000993133      0.30179     0.407046
   -0.192922    -0.766984    -0.611977      1.62462
           0            0            0            1

 0.263274 -0.614757  0.743479   0.57185
 -0.95221  -0.04188  0.302559  0.427293
-0.154863 -0.787604 -0.596404   1.64358
        0         0         0         1

  0.276346  -0.603748   0.747745   0.570183
 -0.950964 -0.0593084   0.303563   0.435608
 -0.138928  -0.794966  -0.590532    1.65117
         0          0          0          1

  0.293297  -0.587902   0.753889   0.568654
 -0.948797 -0.0822407   0.304992   0.447784
 -0.117305  -0.804741   -0.58192    1.66155
         0          0          0          1

  0.304531  -0.579708   0.755778   0.568576
 -0.946758 -0.0972118   0.306919   0.456844
 -0.104453  -0.809005  -0.578447    1.67109
         0          0          0          1

 0.320172 -0.567844  0.758316  0.567592
  -0.9435 -0.118946   0.30929  0.469721
 -0.08543 -0.814496 -0.573844   1.68309
        0         0         0         1

 0.333493 -0.558891  0.759225  0.565859
-0.940014 -0.135792  0.312944  0.478745
-0.0718053 -0.818047 -0.570651    1.6923
        0         0         0         1

  0.36289 -0.540015  0.759404  0.564231
-0.931152 -0.179015  0.317663   0.50494
-0.035598 -0.822398 -0.567798    1.7149
        0         0         0         1

 0.374105 -0.534581  0.757806  0.564426
-0.927133  -0.19649  0.319086  0.516091
-0.0216756 -0.821958 -0.569135   1.72386
        0         0         0         1

 0.387429 -0.528454  0.755404  0.565359
-0.921891 -0.218667  0.319846  0.532004
-0.00384233 -0.820318 -0.571895   1.73609
        0         0         0         1

 0.399117 -0.525075  0.751666  0.565063
-0.916874 -0.234792  0.322825  0.542967
0.00697802 -0.818028 -0.575137   1.74613
        0         0         0         1

 0.425578 -0.516801  0.742833  0.565389
-0.904227  -0.27503  0.326699  0.572973
0.0354632 -0.810725 -0.584352   1.76948
        0         0         0         1

 0.436384  -0.51468   0.73802  0.565585
-0.898633 -0.290358  0.328864  0.585177
0.0450302  -0.80672 -0.589216   1.77912
        0         0         0         1

 0.448793 -0.512968  0.731744  0.567942
-0.891699 -0.310948  0.328914  0.602776
0.0588118 -0.800109 -0.596964   1.79082
        0         0         0         1

 0.462034 -0.509975  0.725569  0.566399
-0.884473 -0.324979  0.334807  0.613221
0.0650512 -0.796438 -0.601211   1.80187
        0         0         0         1

 0.477769 -0.507497  0.717066   0.56655
-0.875277 -0.344695  0.339227  0.630206
0.0750128 -0.789704 -0.608885   1.81576
        0         0         0         1

 0.487574 -0.506867  0.710885  0.568049
-0.869063  -0.35979   0.33953  0.643791
0.0836722  -0.78335 -0.615923   1.82399
        0         0         0         1

 0.516229 -0.501738  0.694094  0.564913
-0.850622 -0.394754  0.347291  0.673505
0.0997475 -0.769693 -0.630573   1.84908
        0         0         0         1

 0.523047 -0.500917  0.689567  0.567113
-0.845005 -0.410431  0.342803  0.688761
 0.111304  -0.76199 -0.637952   1.85627
        0         0         0         1

 0.533963 -0.500878  0.681179  0.568201
-0.836455 -0.430511  0.339122  0.707919
 0.123397 -0.750854 -0.648839   1.86824
        0         0         0         1

 0.543538  -0.50028  0.674007   0.56892
 -0.82954 -0.442772  0.340318  0.721142
 0.128178 -0.744092 -0.655666   1.87744
        0         0         0         1

 0.566757 -0.500993  0.654058   0.57004
-0.811536 -0.476408  0.338297  0.755146
 0.142114 -0.722524 -0.676582   1.89823
        0         0         0         1

 0.576479 -0.499513  0.646652  0.568984
-0.803718 -0.489337  0.338506  0.768442
 0.147343 -0.714868  -0.68356   1.90655
        0         0         0         1

 0.588514  -0.49945  0.635768   0.56939
 -0.79368 -0.506711  0.336624  0.787811
 0.154024 -0.702705  -0.69461   1.91493
        0         0         0         1

 0.601549 -0.497609  0.624919  0.565975
 -0.78406 -0.517548  0.342627  0.798365
 0.152931 -0.696081 -0.701486   1.92466
        0         0         0         1

 0.609341 -0.500921   0.61464  0.568673
-0.777232 -0.530719  0.338005  0.818925
 0.156887 -0.683679  -0.71272   1.93411
        0         0         0         1

  0.61492 -0.502746  0.607553  0.568947
-0.772092 -0.540591  0.334119  0.832618
  0.16046 -0.674543 -0.720586   1.94083
        0         0         0         1

 0.626869 -0.510221   0.58882  0.571068
-0.760509 -0.564923  0.320139  0.872886
 0.169297 -0.648488  -0.74216     1.953
        0         0         0         1

 0.631217  -0.51103  0.583449  0.571284
-0.756594 -0.571238  0.318203  0.886494
 0.170677 -0.642289 -0.747218   1.96146
        0         0         0         1

 0.638746 -0.510374  0.575779  0.570567
-0.749867 -0.580551  0.317268  0.904412
 0.172344 -0.634412 -0.753538   1.97038
        0         0         0         1

 0.644623 -0.511393  0.568276  0.567981
-0.745135 -0.586527  0.317426  0.916234
  0.17098 -0.628063 -0.759146   1.97693
        0         0         0         1

 0.655616 -0.506313  0.560191  0.562925
-0.734197 -0.600772  0.316272  0.951881
 0.176415 -0.618644 -0.765609   1.98699
        0         0         0         1

 0.657606 -0.507119  0.557122   0.56541
-0.733459 -0.599829  0.319755  0.965918
 0.172024 -0.618899 -0.766401   1.99425
        0         0         0         1

 0.655885 -0.502086   0.56367  0.563819
-0.734684 -0.596087  0.323914  0.985709
 0.173364 -0.626569 -0.759839   1.99895
        0         0         0         1

 0.647075 -0.500034  0.575552  0.564377
-0.741457 -0.588535  0.322285   1.00169
 0.177579 -0.635289  -0.75158   1.99821
        0         0         0         1

 0.633968 -0.496567  0.592879  0.559503
-0.753021 -0.571021  0.326947   1.01848
 0.176195 -0.653724 -0.735935   2.00544
        0         0         0         1

 0.608203 -0.499026  0.617303  0.562555
-0.772254 -0.551872  0.314739   1.03444
 0.183609  -0.66814 -0.721025   2.00642
        0         0         0         1

 0.576045 -0.462028  0.674316  0.552902
-0.779277 -0.559453  0.282383   1.07043
 0.246779 -0.688144 -0.682318   2.00891
        0         0         0         1

 0.565489 -0.449137  0.691736   0.55623
-0.780312 -0.562962  0.272373   1.08595
 0.267088 -0.693794 -0.668816   2.01151
        0         0         0         1

 0.558054 -0.427516    0.7112  0.547056
-0.773587 -0.578128  0.259483   1.10317
 0.300231  -0.69498 -0.653348   2.00914
        0         0         0         1

 0.544546  -0.42496  0.723104  0.554162
-0.775521 -0.583458  0.241128   1.11872
 0.319431 -0.692088 -0.647285   2.01045
        0         0         0         1

 0.505218 -0.386859  0.771424  0.541349
-0.770844 -0.604202  0.201839   1.15067
 0.388013  -0.69662 -0.603462   2.00867
        0         0         0         1

 0.494913 -0.369703  0.786372  0.533597
-0.767659 -0.610044  0.196331   1.16004
 0.407137 -0.700833 -0.585725   2.01243
        0         0         0         1

 0.468184 -0.359467  0.807209  0.539343
-0.762108 -0.626599  0.162988   1.18473
 0.447208 -0.691489 -0.567316   2.00121
        0         0         0         1

 0.456605 -0.346105  0.819588  0.534823
-0.762686 -0.626588  0.160301   1.19421
 0.458063 -0.698283 -0.550072   2.00547
        0         0         0         1

