 0.633992 -0.204783  0.745733   1.08704
-0.745029 -0.420265  0.517986     1.066
 0.207331 -0.883991 -0.419015   1.99891
        0         0         0         1

 0.629739 -0.201821  0.750132   1.08839
-0.750386 -0.407755  0.520247   1.04942
 0.200874 -0.890508 -0.408223   1.99669
        0         0         0         1

 0.624531 -0.203877   0.75392   1.09408
-0.758235 -0.389651  0.522735   1.02822
 0.187192 -0.898112 -0.397936   1.99402
        0         0         0         1

 0.622898 -0.201203  0.755986   1.09561
-0.761759 -0.376004  0.527583   1.01196
 0.178103  -0.90451  -0.38748   1.99142
        0         0         0         1

 0.612991 -0.192114  0.766377   1.09945
-0.773673 -0.342658  0.532931  0.974226
 0.160222 -0.919607  -0.35868   1.98472
        0         0         0         1

 0.612991 -0.192114  0.766377   1.09945
-0.773673 -0.342658  0.532931  0.974226
 0.160222 -0.919607  -0.35868   1.98472
        0         0         0         1

 0.606146 -0.186311  0.773224   1.10694
-0.782551 -0.313434  0.537934  0.941802
 0.142131 -0.931154 -0.335785   1.97333
        0         0         0         1

 0.591729 -0.189173  0.783626   1.12121
-0.796305 -0.288519  0.531653  0.914103
 0.125517   -0.9386 -0.321365   1.95987
        0         0         0         1

 0.585152 -0.192364  0.787778   1.12729
-0.803019 -0.272766  0.529867  0.896642
 0.112952 -0.942653 -0.314081    1.9514
        0         0         0         1

 0.581753 -0.190408  0.790765   1.12932
-0.806803 -0.258341  0.531346  0.881664
 0.103114 -0.947103 -0.303912   1.94677
        0         0         0         1

 0.580098 -0.190023  0.792071   1.13081
-0.809024  -0.24745  0.533149  0.866842
0.0946871 -0.950084 -0.297278   1.93601
        0         0         0         1

 0.577574 -0.190856  0.793714   1.13494
-0.811988  -0.23456   0.53447  0.853862
0.0841663 -0.953182 -0.290448   1.92921
        0         0         0         1

 0.574121 -0.187107  0.797105   1.14165
-0.816415 -0.204609  0.540001  0.822744
0.0620567 -0.960794 -0.270227   1.91207
        0         0         0         1

 0.572155 -0.185752  0.798834   1.14695
-0.818647 -0.188199  0.542584  0.809516
0.0495539 -0.964405 -0.259744   1.90606
        0         0         0         1

 0.571703 -0.180991  0.800249   1.15016
-0.819377 -0.176064  0.545548  0.795261
0.0421561 -0.967597 -0.248956   1.89478
        0         0         0         1

 0.570263 -0.180508  0.801384   1.15382
-0.820884 -0.161831  0.547687  0.783567
0.0308267 -0.970169 -0.240462   1.88731
        0         0         0         1

 0.568338  -0.18153   0.80252   1.15824
-0.822519 -0.150622  0.548431  0.770639
0.0213203 -0.971782 -0.234916   1.87576
        0         0         0         1

 0.564399 -0.184899  0.804528   1.16329
-0.825423 -0.139857  0.546915  0.760471
0.0113952 -0.972755 -0.231555   1.86713
        0         0         0         1

 0.554687 -0.192851  0.809402   1.17255
-0.831959 -0.113464  0.543111  0.737702
-0.0129012 -0.974646 -0.223381   1.84686
        0         0         0         1

 0.552098 -0.194968  0.810664   1.17446
-0.833467  -0.10245  0.542989  0.728464
-0.0228125 -0.975444 -0.219062   1.83788
        0         0         0         1

  0.550989  -0.193951   0.811661    1.17591
 -0.833844 -0.0890231   0.544775   0.717433
-0.0334031  -0.976964  -0.210776     1.8254
         0          0          0          1

  0.547743  -0.193658   0.813925    1.17989
 -0.835461 -0.0748281   0.544432   0.708525
-0.0445292  -0.978211  -0.202781    1.81704
         0          0          0          1

  0.542088   -0.18746   0.819146    1.18579
  -0.83783 -0.0455534   0.544028   0.690273
-0.0646688  -0.981215  -0.181754    1.79515
         0          0          0          1

  0.538075  -0.185325   0.822272    1.18989
  -0.83985 -0.0349982   0.541689   0.683789
-0.0716104  -0.982054  -0.174476    1.78453
         0          0          0          1

  0.533202  -0.180915   0.826417    1.19323
 -0.842092 -0.0198571   0.538969   0.675523
-0.0810971  -0.983298  -0.162935    1.77368
         0          0          0          1

   0.529471   -0.177312    0.829591     1.19528
  -0.843727 -0.00835614    0.536708    0.669403
 -0.0882326   -0.984119   -0.154027     1.76416
          0           0           0           1

  0.524745  -0.172767   0.833543    1.19687
 -0.845838 0.00451888   0.533421    0.66268
-0.0959244  -0.984952  -0.143762    1.75214
         0          0          0          1

 0.519203 -0.168979  0.837779   1.19949
-0.848318  0.017213  0.529207  0.657234
-0.103845 -0.985469 -0.134411   1.74361
        0         0         0         1

 0.506194 -0.158796  0.847674   1.20413
 -0.85345 0.0491545  0.518852  0.644463
-0.124058 -0.986087 -0.110642   1.72403
        0         0         0         1

 0.500852 -0.154963  0.851548   1.20613
-0.855445  0.061147  0.514271  0.639729
-0.131763 -0.986026 -0.101937   1.71581
        0         0         0         1

 0.494874  -0.14762  0.856334   1.20729
-0.857374 0.0774699   0.50883  0.634008
-0.141454 -0.986005 -0.088228   1.70553
        0         0         0         1

  0.488751  -0.143276   0.860578    1.20865
 -0.859848  0.0877674   0.502949   0.629966
 -0.147591  -0.985783 -0.0802996    1.69679
         0          0          0          1

  0.483427  -0.138297   0.864391    1.20899
 -0.861444   0.100365   0.497837   0.625251
 -0.155604  -0.985292 -0.0706158    1.68582
         0          0          0          1

  0.477269  -0.133918   0.868493    1.21029
 -0.863705   0.110653   0.491701   0.621804
 -0.161949  -0.984795 -0.0628542     1.6768
         0          0          0          1

   0.46419  -0.124365   0.876962    1.21286
 -0.867829   0.134222    0.47839   0.613858
 -0.177203  -0.983116 -0.0456225    1.65761
         0          0          0          1

  0.457165  -0.121633   0.881026     1.2146
 -0.869935   0.144865    0.47141    0.61053
 -0.184968  -0.981947 -0.0395855    1.64971
         0          0          0          1

  0.453072  -0.116651   0.883809    1.21415
  -0.87061   0.155334   0.466808   0.607022
 -0.191739   -0.98095 -0.0311796    1.64044
         0          0          0          1

  0.448734  -0.115014   0.886233    1.21454
 -0.870754   0.166842   0.462549   0.603789
 -0.201061  -0.979253 -0.0252815     1.6342
         0          0          0          1

   0.44106  -0.114294    0.89017    1.21418
 -0.871057   0.184377   0.455263   0.597845
 -0.216161  -0.976187 -0.0182349    1.61765
         0          0          0          1

   0.43554  -0.116396   0.892613    1.21597
 -0.871831   0.192309   0.450476   0.595457
 -0.224091  -0.974407 -0.0177193    1.61155
         0          0          0          1

  0.433478  -0.117098   0.893524    1.21513
 -0.871387   0.198311   0.448728   0.593172
 -0.229741  -0.973119 -0.0160744    1.60333
         0          0          0          1

 0.431685 -0.118046  0.894267   1.21476
-0.870654  0.204652  0.447302  0.591104
-0.235815 -0.971691 -0.014432   1.59783
        0         0         0         1

  0.428299  -0.121449   0.895439    1.21578
 -0.870315   0.211174   0.444924   0.589094
 -0.243128  -0.969874 -0.0152533    1.59095
         0          0          0          1

  0.425943  -0.123736   0.896249    1.21631
 -0.869783   0.216733   0.443287   0.587393
 -0.249098  -0.968357 -0.0153078    1.58555
         0          0          0          1

 0.421116 -0.130422  0.897581   1.21788
-0.868512   0.22726  0.440499  0.583981
-0.261435 -0.965061  -0.01757   1.57411
        0         0         0         1

   0.42185  -0.133115   0.896841    1.21714
  -0.86619   0.233082   0.442028   0.582388
 -0.267878  -0.963303 -0.0169778    1.57061
         0          0          0          1

  0.421382  -0.138244   0.896284    1.21722
 -0.864801   0.236315    0.44303   0.581026
 -0.273052  -0.961792 -0.0199751     1.5653
         0          0          0          1

  0.419232   -0.14255   0.896618    1.21827
 -0.864778   0.237984    0.44218    0.57999
 -0.276413  -0.960751 -0.0235035    1.56073
         0          0          0          1

  0.417935  -0.151625   0.895734     1.2191
 -0.862468   0.243575   0.443645   0.577683
 -0.285446  -0.957957 -0.0289731    1.55354
         0          0          0          1

  0.418717  -0.155356   0.894729    1.21876
 -0.860756    0.24613   0.445555   0.576616
 -0.289439  -0.956705 -0.0306645    1.55073
         0          0          0          1

  0.417869   -0.15984   0.894336    1.22052
  -0.85988   0.248156   0.446121   0.575594
 -0.293242  -0.955442 -0.0337465    1.54733
         0          0          0          1

 0.421296  -0.16215   0.89231   1.21939
-0.857207  0.250089  0.450169  0.574813
-0.296152 -0.954548 -0.033634   1.54529
        0         0         0         1

  0.421316  -0.164937    0.89179    1.22101
 -0.856597   0.250608   0.451039   0.573992
 -0.297883  -0.953935 -0.0356991    1.54153
         0          0          0          1

  0.422967   -0.16626   0.890762    1.22139
 -0.855214   0.251678   0.453064    0.57353
 -0.299512  -0.953423 -0.0357367     1.5393
         0          0          0          1

   0.42468  -0.170156    0.88921    1.22281
 -0.852107   0.256711   0.456084   0.571895
 -0.305875  -0.951392 -0.0359712    1.53583
         0          0          0          1

  0.425758  -0.171706   0.888396    1.22306
 -0.851248   0.256861     0.4576   0.571575
 -0.306767  -0.951073 -0.0368039    1.53362
         0          0          0          1

  0.426248  -0.173409    0.88783    1.22433
  -0.84987   0.259452   0.458699   0.570757
 -0.309892   -0.95006 -0.0367842    1.53292
         0          0          0          1

  0.426206  -0.174472   0.887642    1.22497
 -0.849685   0.259537   0.458995   0.570429
 -0.310457  -0.949842 -0.0376298    1.53124
         0          0          0          1

  0.426899  -0.176746   0.886858     1.2258
   -0.8492   0.258743   0.460338    0.56978
 -0.310832  -0.949638 -0.0396352    1.52755
         0          0          0          1

   0.42762  -0.177295   0.886401    1.22586
 -0.848753   0.258678   0.461198   0.569566
 -0.311061  -0.949554 -0.0398642    1.52607
         0          0          0          1

  0.426617  -0.177393   0.886865    1.22722
 -0.848863    0.25988   0.460319   0.569071
 -0.312136  -0.949207 -0.0397131    1.52516
         0          0          0          1

  0.427454  -0.176979   0.886544    1.22694
 -0.848278   0.260552   0.461017   0.568831
 -0.312582    -0.9491 -0.0387533    1.52422
         0          0          0          1

  0.425859  -0.176595   0.887388     1.2286
 -0.848809   0.261652   0.459415   0.568473
 -0.313317  -0.948869 -0.0384689    1.52303
         0          0          0          1

  0.426595  -0.176739   0.887006    1.22768
 -0.848237   0.262154   0.460184   0.568099
 -0.313865  -0.948704 -0.0380827     1.5221
         0          0          0          1

  0.425893  -0.175761   0.887538    1.22828
 -0.848301   0.263564   0.459259    0.56792
 -0.314643  -0.948495 -0.0368485    1.52029
         0          0          0          1

   0.42538  -0.175367   0.887861    1.22829
 -0.848305   0.264555   0.458682   0.567644
 -0.315326  -0.948292 -0.0362284    1.52003
         0          0          0          1

  0.424293  -0.175096   0.888435    1.22849
  -0.84857   0.265583   0.457596   0.567386
 -0.316077  -0.948054 -0.0358958    1.51908
         0          0          0          1

 0.422234 -0.175289  0.889377   1.22916
-0.849214  0.266721  0.455735  0.567273
-0.317101 -0.947699 -0.036239   1.51866
        0         0         0         1

  0.415881  -0.176809   0.892066    1.23066
 -0.851654   0.268306    0.45022   0.567255
 -0.318949  -0.946969 -0.0389966    1.51684
         0          0          0          1

  0.413578  -0.174684   0.893554    1.23106
 -0.852827   0.269329   0.447379    0.56697
  -0.31881  -0.947073 -0.0375869    1.51625
         0          0          0          1

  0.412334  -0.172541   0.894545    1.22997
 -0.853692   0.269671   0.445518   0.566882
 -0.318103  -0.947369 -0.0361018    1.51593
         0          0          0          1

 0.409616 -0.173648  0.895579   1.23013
-0.855083  0.268999  0.443252   0.56673
-0.317879 -0.947357 -0.038297   1.51596
        0         0         0         1

  0.406311  -0.174281    0.89696    1.23019
 -0.856951   0.267972   0.440256   0.566611
 -0.317089  -0.947532 -0.0404702    1.51571
         0          0          0          1

  0.404808  -0.172762   0.897933    1.23061
 -0.857825   0.268304   0.438348   0.566336
 -0.316649  -0.947716 -0.0395883    1.51566
         0          0          0          1

  0.401048  -0.169908   0.900162     1.2314
 -0.859978   0.268704   0.433863   0.565856
 -0.315593  -0.948119 -0.0383538    1.51537
         0          0          0          1

  0.401055  -0.170002   0.900141    1.23115
 -0.859811   0.269148   0.433918   0.565678
 -0.316038  -0.947976 -0.0382262     1.5155
         0          0          0          1

  0.399921  -0.170844   0.900486    1.23113
 -0.859979   0.269874   0.433132   0.565419
 -0.317016  -0.947618 -0.0389943     1.5157
         0          0          0          1

  0.398371  -0.172508   0.900856    1.23131
 -0.860644   0.269312    0.43216   0.565402
 -0.317163  -0.947477 -0.0411817    1.51558
         0          0          0          1

  0.393592  -0.178495    0.90179    1.23196
 -0.861463     0.2708   0.429592   0.564801
 -0.320885  -0.945942 -0.0471817    1.51627
         0          0          0          1

  0.392187  -0.182643   0.901572    1.23211
  -0.86125   0.271416   0.429631   0.564611
  -0.32317  -0.944973 -0.0508556    1.51672
         0          0          0          1

  0.389972   -0.18723   0.901591     1.2326
 -0.861022   0.272961   0.429109    0.56421
 -0.326441   -0.94363 -0.0547618    1.51729
         0          0          0          1

   0.38856  -0.190429   0.901531    1.23301
 -0.861166   0.272961   0.428819    0.56409
 -0.327742   -0.94299 -0.0579289    1.51718
         0          0          0          1

   0.38928  -0.194228   0.900409    1.23255
 -0.860027   0.273429   0.430803    0.56409
 -0.329872  -0.942079 -0.0606011    1.51752
         0          0          0          1

  0.388138  -0.197893   0.900104    1.23281
 -0.859912   0.273559    0.43095   0.564069
 -0.331513  -0.941278 -0.0639916    1.51769
         0          0          0          1

  0.387979  -0.205609   0.898441      1.233
 -0.857905    0.27571   0.433571   0.564109
 -0.336855  -0.938994 -0.0694233    1.51849
         0          0          0          1

  0.387228   -0.20774   0.898275    1.23365
 -0.857383   0.277137   0.433692   0.564002
  -0.33904  -0.938104 -0.0707976    1.51902
         0          0          0          1

   0.38801  -0.210159   0.897375    1.23378
 -0.855836   0.279184   0.435432   0.563842
 -0.342043  -0.936957 -0.0715358    1.52015
         0          0          0          1

  0.38716 -0.212465  0.897199   1.23463
-0.854671  0.282359  0.435674  0.563514
-0.345897 -0.935485  -0.07227   1.52154
        0         0         0         1

  0.387279  -0.218351   0.895733    1.23572
 -0.851989    0.28651   0.438208   0.563591
 -0.352319  -0.932864 -0.0750735    1.52322
         0          0          0          1

  0.387868    -0.2202   0.895025    1.23587
 -0.849958   0.290186   0.439731   0.563683
 -0.356553  -0.931292 -0.0746067    1.52477
         0          0          0          1

   0.39001  -0.222071   0.893631    1.23538
 -0.847596   0.292656   0.442645   0.564095
 -0.359825  -0.930074 -0.0740876    1.52559
         0          0          0          1

  0.389373  -0.223195   0.893629    1.23636
 -0.846769    0.29504   0.442645   0.564546
 -0.362452  -0.929051 -0.0741137    1.52576
         0          0          0          1

  0.390159  -0.224358   0.892994    1.23705
 -0.843917   0.300714   0.444269   0.564928
 -0.368211  -0.926949 -0.0720131    1.52712
         0          0          0          1

  0.391009  -0.225372   0.892367    1.23745
  -0.84253   0.302624   0.445602   0.565584
 -0.370478  -0.926081 -0.0715541    1.52762
         0          0          0          1

  0.394071  -0.224448   0.891252    1.23772
 -0.837675   0.311289   0.448775   0.567381
 -0.378164  -0.923429 -0.0653445    1.53016
         0          0          0          1

  0.394449  -0.222768   0.891507    1.23837
 -0.836252   0.315134   0.448746   0.568242
  -0.38091  -0.922532 -0.0619864     1.5314
         0          0          0          1

   0.39614   -0.22006   0.891429    1.23791
 -0.834427   0.318847    0.44952   0.569462
 -0.383151  -0.921906 -0.0573153    1.53284
         0          0          0          1

  0.395434  -0.218351   0.892163    1.23787
 -0.834143   0.321244    0.44834   0.570958
 -0.384497   -0.92148 -0.0551048    1.53425
         0          0          0          1

  0.395775  -0.215914   0.892605    1.23649
 -0.832857   0.325128   0.447929   0.574334
 -0.386925  -0.920692 -0.0511475    1.53746
         0          0          0          1

  0.395224  -0.215859   0.892862    1.23586
  -0.83258    0.32647   0.447468    0.57609
 -0.388083  -0.920229 -0.0506909    1.53915
         0          0          0          1

  0.394787  -0.215677     0.8931    1.23483
 -0.832445   0.327401    0.44704   0.578424
 -0.388818  -0.919941 -0.0502855    1.54083
         0          0          0          1

  0.393518  -0.213797   0.894111    1.23509
 -0.832275   0.330235   0.445267   0.580161
 -0.390463  -0.919367 -0.0479844    1.54352
         0          0          0          1

  0.391791  -0.212167   0.895257    1.23527
 -0.832144   0.333365   0.443175   0.582394
 -0.392474  -0.918615 -0.0459442    1.54643
         0          0          0          1

  0.390936  -0.211416   0.895808    1.23489
 -0.831876    0.33535    0.44218   0.584432
 -0.393893  -0.918065 -0.0447715    1.54873
         0          0          0          1

  0.387656  -0.210513   0.897445    1.23488
 -0.832375   0.338378   0.438921    0.58946
 -0.396074  -0.917161 -0.0440513    1.55467
         0          0          0          1

 0.387646 -0.210281  0.897503   1.23368
  -0.8325  0.338213  0.438812  0.591856
-0.395821 -0.917275 -0.043952   1.55711
        0         0         0         1

  0.388099  -0.209465   0.897498    1.23274
 -0.831891    0.33951   0.438966   0.594427
 -0.396657  -0.916983 -0.0424883    1.56131
         0          0          0          1

  0.387307  -0.210339   0.897636    1.23251
 -0.832453   0.338678   0.438543   0.597028
 -0.396252   -0.91709 -0.0439245    1.56397
         0          0          0          1

   0.38547  -0.214678     0.8974     1.2293
  -0.83531   0.331994    0.43822   0.603082
 -0.392008  -0.918528 -0.0513486    1.56973
         0          0          0          1

  0.382813  -0.218965   0.897501    1.22949
 -0.837248   0.328397   0.437232   0.605674
 -0.390475  -0.918809 -0.0576137    1.57246
         0          0          0          1

  0.377546  -0.226377   0.897893    1.22958
 -0.839962   0.324429   0.434982   0.608467
 -0.389773  -0.918422 -0.0676619    1.57678
         0          0          0          1

  0.376829  -0.232863   0.896535    1.22731
 -0.840677   0.320415   0.436574   0.610568
 -0.388925   -0.91821 -0.0750211    1.58079
         0          0          0          1

  0.370877  -0.243053   0.896312    1.22754
 -0.843032    0.31673   0.434719   0.613166
 -0.389548  -0.916847 -0.0874336    1.58568
         0          0          0          1

  0.368158  -0.251798   0.895018     1.2262
 -0.844901   0.311188    0.43509   0.615813
 -0.388074  -0.916384 -0.0981779     1.5891
         0          0          0          1

 0.362273  -0.26691  0.893038   1.22391
-0.847548  0.304346  0.434782  0.621705
-0.387841 -0.914403 -0.115963   1.59859
        0         0         0         1

 0.361382 -0.270227  0.892401   1.22292
-0.849188  0.299877  0.434688  0.624989
-0.385075 -0.914905 -0.121103   1.60211
        0         0         0         1

 0.359204 -0.273026  0.892429   1.22323
-0.850349  0.298274   0.43352  0.628358
-0.384551 -0.914598 -0.125026   1.60785
        0         0         0         1

 0.359175 -0.273757  0.892216   1.22279
-0.851246  0.295813  0.433446  0.631529
-0.382588 -0.915178 -0.126785   1.61237
        0         0         0         1

 0.361694 -0.275787  0.890572   1.22131
-0.853031  0.287548  0.435493  0.639877
-0.376185 -0.917201  -0.13125   1.62405
        0         0         0         1

 0.363315 -0.274816  0.890212   1.22165
 -0.85358  0.284734  0.436265  0.643698
-0.373367 -0.918369 -0.131129   1.63035
        0         0         0         1

 0.368708 -0.270643  0.889273   1.22026
-0.854495   0.27791  0.438868  0.649065
-0.365914 -0.921693 -0.128795   1.63731
        0         0         0         1

 0.372501 -0.266065  0.889074   1.21981
-0.855906    0.2718  0.439943  0.653548
-0.358703 -0.924843 -0.126481   1.64369
        0         0         0         1

 0.376732 -0.259434  0.889251   1.21963
-0.858332  0.263227  0.440428  0.659066
-0.348337 -0.929196 -0.123515   1.65216
        0         0         0         1

 0.382094 -0.252183  0.889049   1.21843
-0.860645  0.253299  0.441736  0.663792
-0.336594  -0.93394 -0.120256   1.66067
        0         0         0         1

 0.389245 -0.235191  0.890603    1.2171
-0.870113  0.223436  0.439295  0.676701
-0.302311 -0.945918 -0.117672   1.67988
        0         0         0         1

 0.392516 -0.227025  0.891286   1.21685
-0.874461  0.208207   0.43814  0.682565
-0.285041 -0.951372   -0.1168   1.68772
        0         0         0         1

 0.396551 -0.217375  0.891906   1.21606
-0.879053  0.190121  0.437173  0.689796
  -0.2646 -0.957393 -0.115691   1.69867
        0         0         0         1

 0.400722 -0.209279  0.891978   1.21559
-0.881914  0.175731  0.437432  0.695927
-0.248293 -0.961936 -0.114147   1.70892
        0         0         0         1

 0.409696 -0.194499  0.891246   1.21603
-0.888752  0.135092   0.43803  0.711577
-0.205597 -0.971556 -0.117514   1.73133
        0         0         0         1

 0.414196 -0.187113  0.890747   1.21687
-0.890293  0.120208  0.439236  0.718256
-0.189262 -0.974956 -0.116796   1.74393
        0         0         0         1

 0.422823 -0.175532  0.889049    1.2161
-0.891251 0.0969835  0.443019  0.727369
-0.163987 -0.979685 -0.115436   1.75704
        0         0         0         1

 0.431922 -0.164817  0.886723    1.2134
-0.890652  0.076918  0.448133  0.735746
-0.142065  -0.98332 -0.113572   1.76842
        0         0         0         1

 0.444205 -0.152862  0.882788   1.21057
-0.888495 0.0514761   0.45599  0.745928
-0.115146 -0.986906 -0.112951   1.78227
        0         0         0         1

  0.45092 -0.146455  0.880467   1.21075
-0.887626 0.0300484  0.459585   0.75462
-0.093765 -0.988761 -0.116448   1.79396
        0         0         0         1

  0.470945  -0.131416   0.872319    1.20848
 -0.880794 -0.0149816   0.473263    0.77595
-0.0491256  -0.991214  -0.122806    1.82578
         0          0          0          1

  0.477572  -0.126731   0.869404     1.2098
 -0.878096 -0.0355957   0.477158   0.785657
-0.0295239  -0.991298  -0.128282    1.83868
         0          0          0          1

  0.487844  -0.117848   0.864939    1.20933
 -0.872929 -0.0637924   0.483659   0.799794
-0.00182143  -0.990981  -0.133993    1.85397
         0          0          0          1

 0.497712 -0.109729  0.860374    1.2082
-0.867201 -0.080909  0.491342  0.809513
0.0156977 -0.990663 -0.135426   1.86932
        0         0         0         1

  0.519694 -0.0904682   0.849549    1.20813
 -0.851751  -0.132408    0.50694   0.838455
 0.0666251  -0.987058  -0.145868     1.8985
         0          0          0          1

  0.529584 -0.0845765   0.844031     1.2083
 -0.844174  -0.150064   0.514636   0.850259
 0.0831322  -0.985052  -0.150869    1.91348
         0          0          0          1

  0.539748 -0.0769212   0.838305    1.20934
 -0.834341  -0.181387   0.520552   0.868383
  0.112016  -0.980399  -0.162082    1.92676
         0          0          0          1

  0.548764 -0.0705008   0.832999    1.20891
 -0.825466  -0.203211   0.526603   0.882814
  0.132149  -0.976593  -0.169711    1.93954
         0          0          0          1

  0.559603 -0.0641016   0.826278    1.21021
 -0.813555  -0.232597   0.532941   0.901412
  0.158028  -0.970458  -0.182312    1.95354
         0          0          0          1

  0.569776 -0.0553854   0.819931    1.20748
 -0.802991  -0.249758   0.541134   0.915226
  0.174814  -0.966723   -0.18678    1.96917
         0          0          0          1

  0.584534 -0.0500939   0.809822    1.21088
 -0.780571  -0.307101   0.544424   0.952714
  0.221425  -0.950358  -0.218613     1.9936
         0          0          0          1

  0.589585 -0.0456885   0.806413    1.21178
 -0.772297  -0.324261   0.546271   0.967031
   0.23653  -0.944864  -0.226465    2.00854
         0          0          0          1

  0.601594 -0.0349108   0.798039    1.20222
 -0.753988  -0.354739   0.552868   0.987209
  0.263795  -0.934313  -0.239731    2.02028
         0          0          0          1

  0.609394 -0.0322626   0.792211    1.20033
 -0.742206  -0.374648   0.555671     1.0031
  0.278873  -0.926606  -0.252254     2.0339
         0          0          0          1

  0.627158 -0.0281209   0.778384    1.19502
 -0.711864  -0.426269   0.558162    1.04248
  0.316105  -0.904159  -0.287357    2.05781
         0          0          0          1

  0.634952 -0.0260139   0.772114    1.19512
 -0.700534  -0.440753   0.561238     1.0576
  0.325712  -0.897251  -0.298081    2.07194
         0          0          0          1

 0.645746 -0.021973  0.763236    1.1931
-0.682051 -0.465952  0.563644   1.07967
 0.343247 -0.884537 -0.315873   2.08291
        0         0         0         1

   0.65554 -0.0167942   0.754974    1.19078
 -0.666595  -0.482653   0.568065    1.09517
   0.35485  -0.875651  -0.327593    2.09255
         0          0          0          1

  0.663583 -0.0168176   0.747914    1.19658
 -0.652011   -0.50318   0.567179    1.11756
  0.366797  -0.864018  -0.344867    2.10306
         0          0          0          1

  0.67104 -0.017331  0.741218   1.19972
-0.639926 -0.518421  0.567216     1.135
 0.374433  -0.85495 -0.358972    2.1128
        0         0         0         1

   0.690862 -0.00484655     0.72297     1.18731
  -0.602249   -0.557116    0.571767     1.17364
   0.400007   -0.830421   -0.387809     2.13233
          0           0           0           1

   0.698035 -0.00580606     0.71604     1.18184
  -0.587666      -0.576    0.568218     1.19141
    0.40914   -0.817429    -0.40548     2.13834
          0           0           0           1

