  0.26817 -0.267761  0.925413  0.668232
 -0.93652 -0.297674  0.185259   1.06732
 0.225866 -0.916348 -0.330591    2.0942
        0         0         0         1

 0.263693 -0.280826  0.922823  0.673072
-0.941437  -0.28335  0.182785    1.0586
 0.210151 -0.916979 -0.339097   2.09234
        0         0         0         1

 0.255033  -0.29613   0.92047  0.675832
-0.949807 -0.255093  0.181094   1.04127
 0.181179 -0.920454 -0.346323   2.08556
        0         0         0         1

 0.250573 -0.311261  0.916695  0.680158
-0.953977 -0.240527  0.179093   1.03281
 0.164746 -0.919382 -0.357206   2.08619
        0         0         0         1

 0.240425 -0.341177  0.908732  0.685309
-0.963371 -0.198446  0.180376   1.00052
 0.118794 -0.918813 -0.376391   2.08063
        0         0         0         1

 0.238281 -0.348874  0.906371  0.686999
-0.965206 -0.188561  0.181169  0.991415
 0.107702 -0.918004 -0.381666   2.07884
        0         0         0         1

 0.231537 -0.367461  0.900757  0.692894
-0.969534 -0.163271   0.18261  0.972368
0.0799656 -0.915596 -0.394069   2.07844
        0         0         0         1

 0.225891 -0.372898  0.899956  0.694679
-0.971341 -0.156362   0.17902   0.96595
0.0739626 -0.914603 -0.397532   2.07283
        0         0         0         1

 0.215803 -0.384176  0.897685  0.697352
-0.974354 -0.144745  0.172289  0.952327
0.0637458 -0.911843  -0.40556     2.062
        0         0         0         1

 0.211637 -0.389391  0.896429  0.697344
-0.975826 -0.135366  0.171582   0.94342
0.0545333 -0.911071 -0.408626   2.05872
        0         0         0         1

 0.199703 -0.413948  0.888125  0.702509
-0.979623 -0.104118  0.171748   0.91325
0.0213751 -0.904326 -0.426306   2.04848
        0         0         0         1

  0.198969   -0.42014   0.885378   0.702278
 -0.979971 -0.0928969   0.176145   0.903313
0.00824341  -0.902692  -0.430208    2.04806
         0          0          0          1

  0.191995  -0.433428   0.880499   0.705783
 -0.981343 -0.0754869   0.176826   0.887527
-0.0101753  -0.898021  -0.439835    2.04186
         0          0          0          1

  0.186742   -0.44185   0.877437   0.709893
 -0.982174 -0.0644452    0.17658   0.880293
-0.0214754  -0.894771  -0.446009    2.03905
         0          0          0          1

  0.177301  -0.448347   0.876099   0.708454
 -0.983137 -0.0401822   0.178399   0.854715
-0.0447812  -0.892956  -0.447911    2.01937
         0          0          0          1

  0.170985  -0.452242   0.875352   0.711657
 -0.983962 -0.0325436   0.175387    0.84881
-0.0508302  -0.891301  -0.450553    2.01467
         0          0          0          1

  0.158676  -0.458042   0.874654   0.715956
 -0.985042 -0.0131635   0.171808    0.83502
-0.0671818  -0.888833  -0.453279     2.0058
         0          0          0          1

   0.155731   -0.461069    0.873592    0.716289
  -0.984976 -0.00565967      0.1726    0.827644
 -0.0746361   -0.887346   -0.455023     2.00061
          0           0           0           1

 0.144809 -0.468814  0.871346  0.720818
-0.985467 0.0106973   0.16953  0.814491
-0.088799 -0.883232 -0.460452   1.99063
        0         0         0         1

 0.146079 -0.468582  0.871259     0.718
 -0.98454  0.017185  0.174314  0.806397
-0.0966532 -0.883253 -0.458827   1.98474
        0         0         0         1

 0.144265 -0.475342  0.867893  0.714698
-0.980878 0.0470962   0.18884  0.776667
-0.130638  -0.87854 -0.459458   1.96967
        0         0         0         1

 0.140074 -0.474401  0.869093   0.71661
-0.980773 0.0539749  0.187537  0.770687
-0.135877 -0.878653 -0.457719   1.96265
        0         0         0         1

  0.13084 -0.470263  0.872774  0.718458
-0.980756 0.0672773  0.183278  0.757792
-0.144907 -0.879958  -0.45241   1.94793
        0         0         0         1

 0.130712 -0.466687   0.87471  0.717137
-0.980249 0.0712388  0.184491  0.751509
-0.148413 -0.881549 -0.448157   1.94018
        0         0         0         1

 0.126334 -0.462398  0.877626  0.718782
-0.979311 0.0828491  0.184623  0.738672
 -0.15808 -0.882793 -0.442365    1.9265
        0         0         0         1

  0.12489 -0.461862  0.878115  0.719547
-0.977954 0.0919831   0.18747  0.730593
-0.167357  -0.88217 -0.440192    1.9227
        0         0         0         1

 0.127867 -0.449269  0.884199  0.719281
-0.974612  0.108296  0.195968  0.706089
-0.183798 -0.886808 -0.424016   1.89817
        0         0         0         1

 0.128147 -0.446587  0.885516   0.71975
-0.973337  0.114645  0.198675  0.699246
-0.190245 -0.887365 -0.419988   1.89254
        0         0         0         1

 0.128916 -0.441272  0.888065  0.722121
-0.971347  0.124119   0.20268  0.686473
-0.199662 -0.888748 -0.412628    1.8782
        0         0         0         1

 0.129192 -0.439271  0.889017  0.723223
-0.970416  0.128401  0.204465  0.680271
-0.203966 -0.889131 -0.409687   1.87045
        0         0         0         1

 0.137512 -0.433917  0.890397  0.722818
-0.964393  0.146375  0.220272  0.655161
-0.225911 -0.888983 -0.398338   1.84655
        0         0         0         1

 0.139833  -0.43295  0.890506   0.72262
-0.962223  0.152765  0.225366  0.647839
-0.233611 -0.888379 -0.395232   1.84031
        0         0         0         1

 0.141956 -0.429921  0.891637  0.723564
-0.958698  0.164568  0.231983  0.633886
-0.246469 -0.887742 -0.388803   1.82609
        0         0         0         1

 0.142105 -0.429485  0.891823  0.724248
-0.957216  0.169817  0.234305  0.627643
-0.252077 -0.886964 -0.386978   1.81954
        0         0         0         1

 0.143233 -0.425272   0.89366  0.726084
-0.951757  0.188406  0.242202  0.605243
-0.271372 -0.885239 -0.377769   1.79362
        0         0         0         1

 0.145133  -0.42345  0.894218  0.725529
-0.949907  0.193202  0.245661  0.598718
 -0.27679 -0.885078 -0.374198    1.7863
        0         0         0         1

  0.14692  -0.42351  0.893898  0.726361
-0.944709  0.207754    0.2537  0.585037
-0.293155 -0.881747 -0.369571   1.77424
        0         0         0         1

 0.147494 -0.424002   0.89357  0.726849
-0.942673  0.213179  0.256753  0.579309
-0.299354 -0.880214 -0.368253   1.76714
        0         0         0         1

 0.149797 -0.424175  0.893105  0.726649
-0.938087  0.224377  0.263908  0.566916
-0.312335 -0.877343 -0.364303   1.75271
        0         0         0         1

 0.150663 -0.424707  0.892706  0.726692
 -0.93632  0.228423  0.266697  0.560998
-0.317183  -0.87604 -0.363247    1.7462
        0         0         0         1

 0.147518 -0.413694  0.898385  0.726048
-0.934338  0.239654  0.263779    0.5416
-0.324425 -0.878307 -0.351177   1.72059
        0         0         0         1

 0.145854  -0.41175  0.899549   0.72639
-0.933537  0.243695  0.262911  0.536441
-0.327469 -0.878109 -0.348839   1.71363
        0         0         0         1

 0.140054  -0.40986  0.901332  0.727593
-0.932193  0.252273  0.259565   0.52664
-0.333767 -0.876569 -0.346737   1.69961
        0         0         0         1

 0.139564 -0.409364  0.901634   0.72707
-0.930756  0.256534  0.260544  0.521213
-0.337957 -0.875563 -0.345215   1.69329
        0         0         0         1

 0.141367 -0.410925  0.900642  0.726554
-0.925888  0.267093  0.267193  0.503296
-0.350352 -0.871666 -0.342712   1.67081
        0         0         0         1

 0.142928 -0.412476  0.899686  0.726799
-0.924202  0.269646  0.270446  0.498585
-0.354149 -0.870147 -0.342671   1.66515
        0         0         0         1

 0.146433 -0.414347  0.898262  0.726913
-0.921505   0.27305  0.276174  0.489247
-0.359702 -0.868194  -0.34184   1.65263
        0         0         0         1

 0.146759 -0.415034  0.897891  0.727452
-0.920446  0.275142  0.277625  0.485311
-0.362271 -0.867205 -0.341637   1.64652
        0         0         0         1

 0.147178 -0.416961  0.896929  0.727849
 -0.91783  0.280432  0.280974  0.476929
-0.368683 -0.864582 -0.341426   1.63432
        0         0         0         1

 0.146407 -0.416818  0.897122  0.728209
 -0.91742     0.282  0.280742  0.473692
-0.370006 -0.864141 -0.341111   1.62782
        0         0         0         1

 0.140488 -0.423459  0.894956   0.73068
-0.913744  0.292599  0.281884  0.461684
-0.381229 -0.857361 -0.345826    1.6078
        0         0         0         1

  0.14026 -0.426217  0.893681  0.730874
-0.912376  0.294947  0.283861  0.458307
-0.384575 -0.855187 -0.347501   1.60239
        0         0         0         1

 0.139043 -0.435322  0.889473  0.732167
-0.909347  0.299526  0.288743   0.45134
-0.392116 -0.848987 -0.354211   1.59216
        0         0         0         1

 0.139845 -0.441228  0.886432  0.732631
 -0.90787  0.300208  0.292657  0.448128
-0.395242 -0.845691 -0.358595   1.58722
        0         0         0         1

 0.142066 -0.465273  0.873692  0.735236
-0.903769  0.299056  0.306215  0.438145
-0.403756 -0.833118 -0.378014   1.56887
        0         0         0         1

 0.142367 -0.474619  0.868602    0.7362
-0.902018   0.29911  0.311283   0.43525
-0.407548 -0.827811 -0.385531   1.56473
        0         0         0         1

 0.141373 -0.492459  0.858777  0.738487
-0.899712  0.297952  0.318971  0.430158
-0.412955 -0.817746 -0.400949    1.5558
        0         0         0         1

 0.141994 -0.500712  0.853888  0.739134
-0.898693  0.296407  0.323255  0.427642
-0.414957 -0.813284 -0.407898   1.55152
        0         0         0         1

 0.140407  -0.51793  0.843821  0.742091
-0.897481  0.293326  0.329376  0.423552
-0.418109  -0.80356 -0.423648   1.54279
        0         0         0         1

 0.142371 -0.526086   0.83843  0.742895
-0.896177  0.291115  0.334841  0.421297
-0.420235 -0.799053  -0.43002   1.53857
        0         0         0         1

 0.146124  -0.55695   0.81759   0.74802
-0.892006  0.283179  0.352329  0.414506
-0.427754 -0.780779 -0.455424   1.52494
        0         0         0         1

 0.146582 -0.564294  0.812457  0.749697
-0.891596  0.280374  0.355594  0.413129
-0.428452 -0.776507 -0.462024   1.52079
        0         0         0         1

 0.148225 -0.579745  0.801203  0.752834
-0.889475  0.275969  0.364245  0.410206
-0.432276  -0.76664 -0.474763    1.5134
        0         0         0         1

 0.150512 -0.586698  0.795696  0.753981
-0.888062  0.273414  0.369583  0.408478
-0.434388 -0.762253 -0.479872   1.51015
        0         0         0         1

  0.15528 -0.606717  0.779604  0.759364
-0.885427  0.264482  0.382188  0.403863
-0.438072 -0.749629 -0.496135   1.49819
        0         0         0         1

 0.157473  -0.61118  0.775668   0.76065
-0.884885  0.261357   0.38558  0.402726
-0.438385 -0.747095 -0.499667   1.49493
        0         0         0         1

 0.161686  -0.62122  0.766774  0.763994
-0.883377  0.255239  0.393062   0.40061
-0.439889 -0.740904 -0.507503   1.48902
        0         0         0         1

 0.164295 -0.627217  0.761318  0.765517
-0.882509  0.251328  0.397507  0.399607
-0.440664 -0.737179 -0.512233   1.48635
        0         0         0         1

 0.168235 -0.642106  0.747928  0.769913
-0.880683  0.242942  0.406665  0.397895
-0.442825 -0.727103 -0.524621   1.48175
        0         0         0         1

 0.171735 -0.649619  0.740609  0.772153
-0.880806  0.235461  0.410777  0.397237
-0.441234 -0.722878 -0.531752   1.47898
        0         0         0         1

 0.182478 -0.696913  0.693552  0.782867
-0.879961  0.198911  0.431397  0.395897
-0.438601 -0.689019 -0.576959   1.47163
        0         0         0         1

 0.186689 -0.713596  0.675224  0.786083
 -0.87911  0.185458  0.439057  0.395648
-0.438535 -0.675564 -0.592706   1.46984
        0         0         0         1

 0.193969 -0.748226  0.634456  0.793177
-0.877466  0.156868   0.45326  0.395406
-0.438667 -0.644632 -0.626115   1.46626
        0         0         0         1

 0.198419 -0.764391  0.613462  0.796299
-0.876423  0.141821  0.460184  0.395212
-0.438762 -0.628962  -0.64179   1.46457
        0         0         0         1

 0.206276 -0.794934  0.570553  0.803199
-0.874854  0.111339  0.471417  0.395293
 -0.43827 -0.596393 -0.672484   1.46075
        0         0         0         1

  0.20917 -0.807986  0.550823  0.806521
-0.874127 0.0980075  0.475707  0.395378
-0.438349 -0.580993 -0.685782   1.45916
        0         0         0         1

 0.221102 -0.839005  0.497177  0.816132
-0.870941  0.059524   0.48777   0.39564
-0.438835 -0.540858 -0.717562   1.45381
        0         0         0         1

 0.223477  -0.84286  0.489536  0.818214
-0.871064 0.0526736  0.488338    0.3958
-0.437386  -0.53555 -0.722413   1.45228
        0         0         0         1

 0.228387 -0.850114  0.474495  0.821919
-0.871655  0.038542  0.488603  0.395968
-0.433656 -0.525186 -0.732204   1.44942
        0         0         0         1

 0.230012  -0.85423  0.466246  0.823971
-0.872162 0.0316199  0.488195  0.396094
-0.431773 -0.518932 -0.737754   1.44844
        0         0         0         1

  0.237245  -0.869459   0.433308   0.828501
 -0.871542 0.00652362   0.490278   0.395535
 -0.429103  -0.493962  -0.756222    1.44643
         0          0          0          1

   0.238851   -0.872118    0.427037    0.829876
  -0.872145 0.000703963    0.489247    0.395517
  -0.426982   -0.489295   -0.760445     1.44577
          0           0           0           1

   0.241394   -0.876928    0.415604    0.832724
  -0.873622 -0.00991453    0.486504    0.395653
  -0.422508    -0.48052   -0.768497     1.44482
          0           0           0           1

   0.24289  -0.878366   0.411677   0.833567
 -0.874208 -0.0142673   0.485343   0.395503
 -0.420435  -0.477776  -0.771339    1.44477
         0          0          0          1

  0.245536  -0.880453   0.405604   0.835416
 -0.875281 -0.0215252   0.483135   0.395124
 -0.416647  -0.473644  -0.775929    1.44499
         0          0          0          1

  0.246376  -0.881024   0.403852   0.836259
 -0.875484 -0.0235751   0.482672   0.394713
 -0.415724  -0.472484  -0.777131    1.44564
         0          0          0          1

   0.24829  -0.880755   0.403266   0.838342
 -0.876749 -0.0273067   0.480172   0.393396
 -0.411902  -0.472785  -0.778981    1.44738
         0          0          0          1

  0.248643  -0.880539    0.40352   0.838371
 -0.876803 -0.0275944   0.480058   0.392866
 -0.411575   -0.47317   -0.77892    1.44808
         0          0          0          1

    0.2493  -0.880178   0.403901   0.838299
 -0.877125 -0.0284362    0.47942   0.391685
  -0.41049  -0.473791  -0.779115    1.44937
         0          0          0          1

  0.249315  -0.880222   0.403796   0.838171
 -0.877368 -0.0287901   0.478954   0.391202
  -0.40996  -0.473688  -0.779456    1.44985
         0          0          0          1

  0.248011  -0.880604   0.403766   0.837376
 -0.878613 -0.0288969   0.476659   0.389538
 -0.408081  -0.472971  -0.780877    1.45147
         0          0          0          1

  0.247528  -0.880934   0.403343   0.836985
   -0.8789 -0.0289582   0.476126   0.389007
 -0.407755  -0.472352  -0.781421    1.45193
         0          0          0          1

  0.244876  -0.881638   0.403424   0.836436
 -0.879969 -0.0274084   0.474239   0.388029
  -0.40705  -0.471131  -0.782526    1.45304
         0          0          0          1

  0.244313  -0.881819   0.403369   0.835514
 -0.879938 -0.0268197   0.474331    0.38706
 -0.407456  -0.470825  -0.782498    1.45404
         0          0          0          1

 0.241724 -0.882008  0.404514  0.834075
-0.880529 -0.024217  0.473373  0.385444
-0.407723 -0.470612 -0.782488   1.45592
        0         0         0         1

  0.240311  -0.881958   0.405465   0.833212
 -0.881006 -0.0228025   0.472556    0.38464
 -0.407528  -0.470777  -0.782489    1.45667
         0          0          0          1

  0.235084   -0.88091   0.410772   0.829407
  -0.88263 -0.0164822    0.46978   0.381531
 -0.407064  -0.472997  -0.781392    1.45909
         0          0          0          1

  0.231994  -0.879514   0.415493   0.828693
 -0.883577 -0.0119124   0.468135   0.380938
 -0.406782  -0.475725  -0.779881    1.45935
         0          0          0          1

   0.226311    -0.87529    0.427376    0.826012
  -0.884667 -0.00109501    0.466222    0.379295
  -0.407611   -0.483597   -0.774589     1.46024
          0           0           0           1

  0.223017  -0.872683   0.434383    0.82461
 -0.884866 0.00572911    0.46581   0.378547
 -0.408993  -0.488254   -0.77093    1.46081
         0          0          0          1

 0.213953 -0.860212  0.462882  0.818841
-0.886783 0.0276947  0.461356  0.376031
-0.409683 -0.509184 -0.756896    1.4605
        0         0         0         1

 0.210362 -0.856791  0.470805  0.817801
 -0.88749 0.0346095  0.459526  0.375643
-0.410012 -0.514502 -0.753113   1.46042
        0         0         0         1

 0.204346 -0.849636  0.486169   0.81498
 -0.88831 0.0477136  0.456758  0.374698
-0.411275 -0.525206 -0.744991   1.46028
        0         0         0         1

 0.202303 -0.845762   0.49372  0.813475
-0.888545 0.0534614  0.455664  0.374193
-0.411778 -0.530875 -0.740682   1.45996
        0         0         0         1

 0.197613 -0.838794   0.50732  0.810771
-0.888519 0.0653582  0.454161  0.373173
-0.414105 -0.540512 -0.732369   1.45955
        0         0         0         1

 0.196078 -0.835118  0.513937  0.809499
-0.889015 0.0697593  0.452533  0.373003
 -0.41377  -0.54563 -0.728754    1.4587
        0         0         0         1

 0.190901  -0.82403  0.533415  0.805978
-0.889436 0.0846901  0.449146   0.37274
-0.415285 -0.560181 -0.716754   1.45592
        0         0         0         1

 0.190168 -0.821514  0.537542  0.805011
-0.889301 0.0878126  0.448812  0.372688
-0.415909 -0.563387 -0.713874   1.45512
        0         0         0         1

 0.188172 -0.816271  0.546162  0.803607
 -0.88975 0.0937808   0.44671  0.373019
-0.415856 -0.570006  -0.70863   1.45322
        0         0         0         1

 0.186683 -0.813885  0.550218  0.803076
-0.889681 0.0974827  0.446055  0.373143
-0.416675 -0.572789   -0.7059   1.45259
        0         0         0         1

 0.183157 -0.802967  0.567185  0.800954
-0.890558  0.108834  0.441658  0.374006
-0.416366 -0.586003 -0.695154   1.44953
        0         0         0         1

  0.18284 -0.800684  0.570503  0.800319
-0.890524     0.111  0.441188  0.374078
-0.416578 -0.588714 -0.692733   1.44899
        0         0         0         1

 0.181061 -0.796874  0.576375  0.799781
-0.890957  0.115248   0.43922  0.374567
-0.416429 -0.593051 -0.689114   1.44804
        0         0         0         1

 0.180114 -0.796108  0.577729  0.799613
-0.891322  0.116336  0.438191  0.374792
-0.416059 -0.593867 -0.688634   1.44782
        0         0         0         1

 0.178131 -0.795713  0.578887  0.799653
-0.893018  0.116348   0.43472  0.375531
-0.413264 -0.594394 -0.689861   1.44709
        0         0         0         1

 0.176929 -0.796708  0.577886  0.799841
-0.893356  0.116413  0.434009  0.375669
-0.413052 -0.593047 -0.691147   1.44736
        0         0         0         1

 0.172313 -0.796379  0.579731  0.800067
-0.895017  0.119224  0.429803  0.376315
-0.411404  -0.59293 -0.692229   1.44841
        0         0         0         1

 0.170114 -0.794856  0.582465   0.80032
-0.896007   0.12126  0.427163  0.376639
-0.410162 -0.594558 -0.691569   1.44874
        0         0         0         1

 0.166908 -0.790521  0.589252  0.799884
-0.897818   0.12515  0.422208   0.37679
 -0.40751 -0.599511 -0.688856   1.44961
        0         0         0         1

 0.165594 -0.787121  0.594154  0.799436
-0.898384  0.128117  0.420111    0.3768
  -0.4068 -0.603346 -0.685921   1.45014
        0         0         0         1

 0.162366 -0.765859  0.622172  0.797421
-0.898505  0.145857  0.414022  0.376583
-0.407831 -0.626248 -0.664445    1.4524
        0         0         0         1

 0.162538 -0.757804  0.631914  0.796762
-0.898749   0.15061  0.411786  0.376584
-0.407225 -0.634862 -0.656595    1.4528
        0         0         0         1

 0.163944 -0.742826    0.6491  0.795433
-0.898778  0.158732  0.408658  0.376637
-0.406595 -0.650395 -0.641613   1.45413
        0         0         0         1

 0.164748 -0.736746  0.655793  0.795243
 -0.89932  0.160851  0.406634  0.376756
 -0.40507 -0.656759  -0.63607   1.45476
        0         0         0         1

 0.165399 -0.728345  0.664948  0.795721
-0.901027  0.162541  0.402158  0.377241
-0.400991 -0.665653 -0.629375    1.4562
        0         0         0         1

 0.163864 -0.729093  0.664509  0.796817
-0.902119  0.161813  0.399997  0.377755
-0.399161 -0.665012 -0.631213   1.45711
        0         0         0         1

 0.163199  -0.73829  0.654441  0.799971
-0.902513  0.156243  0.401322  0.379119
-0.398543 -0.656137 -0.640818   1.46118
        0         0         0         1

 0.163164 -0.740461  0.651993  0.800984
-0.902026   0.15574  0.402609  0.379631
-0.399658 -0.653806 -0.642504   1.46256
        0         0         0         1

 0.164159 -0.743319  0.648481  0.802387
-0.900803  0.154947  0.405641  0.380765
-0.402001 -0.650744 -0.644149   1.46501
        0         0         0         1

 0.164455 -0.744341  0.647233  0.803042
-0.900115  0.155118  0.407101  0.381549
 -0.40342 -0.649534 -0.644483   1.46616
        0         0         0         1

 0.167089 -0.747159    0.6433  0.804609
-0.897474  0.154872  0.412983   0.38464
-0.408193  -0.64635 -0.644679   1.46927
        0         0         0         1

 0.168069 -0.748103  0.641946  0.804873
-0.896536  0.154748  0.415062  0.385595
-0.409849 -0.645287 -0.644693   1.47036
        0         0         0         1

  0.17006 -0.749079  0.640282   0.80561
-0.894872  0.154692  0.418658  0.387958
-0.412654 -0.644167 -0.644023   1.47192
        0         0         0         1

 0.170875 -0.748447  0.640803  0.805727
-0.894271  0.155213  0.419749  0.389358
-0.413621 -0.644776 -0.642792   1.47267
        0         0         0         1

 0.173202 -0.744853  0.644356  0.805213
-0.893352   0.15662  0.421179  0.392095
-0.414636 -0.648586 -0.638289   1.47373
        0         0         0         1

 0.174118 -0.741478  0.647992  0.805253
-0.893338  0.157905  0.420729  0.393747
-0.414283 -0.652133 -0.634896   1.47411
        0         0         0         1

  0.17635 -0.728121  0.662375  0.804235
-0.893996  0.163121  0.417328  0.399753
-0.411913 -0.665756 -0.622171   1.47681
        0         0         0         1

 0.176514 -0.724667  0.666109  0.803634
-0.894007  0.165105  0.416525  0.401609
-0.411819 -0.669028 -0.618714   1.47756
        0         0         0         1

 0.175862 -0.718822  0.672583  0.802689
 -0.89412  0.169208  0.414629  0.405863
-0.411851 -0.674287 -0.612956   1.47904
        0         0         0         1

 0.175587 -0.716178  0.675469  0.802172
-0.893968  0.171361  0.414074  0.408147
  -0.4123 -0.676553 -0.610151   1.47968
        0         0         0         1

 0.174225  -0.70743  0.684973  0.799784
-0.893914   0.17812  0.411329   0.41673
-0.412994  -0.68397 -0.601349   1.48227
        0         0         0         1

 0.173504 -0.704792   0.68787  0.799077
-0.894535  0.179381  0.409426  0.419668
 -0.41195 -0.686361 -0.599338   1.48286
        0         0         0         1

 0.173659 -0.698633  0.694085  0.796631
-0.895498  0.181248  0.406488  0.425246
-0.409788 -0.692142 -0.594149   1.48437
        0         0         0         1

 0.172981 -0.695756  0.697138  0.795345
-0.895728  0.183206  0.405101  0.428112
-0.409571 -0.694521 -0.591517   1.48575
        0         0         0         1

 0.173199 -0.685419   0.70725  0.791824
-0.896971  0.186794  0.400688  0.434315
-0.406749 -0.703782 -0.582449   1.48753
        0         0         0         1

 0.175901 -0.677252  0.714415  0.788706
-0.896937  0.188802  0.399822  0.437097
-0.405663 -0.711114 -0.574242   1.48855
        0         0         0         1

 0.182564 -0.644493  0.742496   0.77969
-0.898284  0.197667  0.392446  0.448596
-0.399696 -0.738618  -0.54285   1.49298
        0         0         0         1

 0.185319 -0.634724  0.750188  0.776799
-0.898957   0.19884  0.390305  0.451931
-0.396904 -0.746718 -0.533741   1.49427
        0         0         0         1

 0.190483 -0.616767  0.763751  0.771384
-0.901317  0.198432  0.385036  0.458945
 -0.38903 -0.761724 -0.518104   1.49652
        0         0         0         1

 0.192334 -0.608261  0.770082  0.769047
-0.902397  0.198724  0.382347  0.462838
-0.385601 -0.768457 -0.510671   1.49805
        0         0         0         1

 0.202056 -0.581073   0.78837  0.759713
-0.906219  0.194339  0.375499  0.476468
-0.371404 -0.790308 -0.487312    1.5042
        0         0         0         1

 0.204562 -0.575249  0.791987  0.757235
-0.907099  0.192666  0.374234  0.480438
-0.367867 -0.794965 -0.482395   1.50694
        0         0         0         1

 0.210371 -0.563371  0.798973  0.752498
-0.909929  0.185984  0.370727  0.488977
-0.357453 -0.804999 -0.473502   1.51182
        0         0         0         1

 0.214924 -0.559136  0.800734  0.749416
-0.910975  0.180767  0.370739   0.49319
 -0.35204  -0.80913 -0.470508   1.51457
        0         0         0         1

 0.221282 -0.552305  0.803737  0.744819
-0.914033  0.169853  0.368367  0.502652
-0.339968 -0.816155  -0.46724   1.52035
        0         0         0         1

 0.225321 -0.550024  0.804179  0.742099
-0.914867  0.164393  0.368772   0.50724
-0.335035 -0.818809 -0.466158   1.52366
        0         0         0         1

 0.239052 -0.543525  0.804633  0.733404
-0.917588  0.144612  0.370296  0.524586
-0.317625 -0.826842 -0.464162   1.53699
        0         0         0         1

 0.242711 -0.541113  0.805164  0.731146
-0.918708  0.138345  0.369913  0.530111
-0.311555 -0.829492 -0.463547    1.5405
        0         0         0         1

 0.251531 -0.535728  0.806057  0.725574
-0.920261  0.125553  0.370615  0.541028
-0.299752 -0.835004  -0.46143   1.54838
        0         0         0         1

 0.255391 -0.531968  0.807332  0.723087
-0.921314  0.119308  0.370063  0.546896
-0.293183 -0.838317 -0.459639    1.5518
        0         0         0         1

 0.272265 -0.520187  0.809492  0.712313
-0.922886 0.0969106   0.37268  0.566975
-0.272312 -0.848536 -0.453688   1.56698
        0         0         0         1

 0.277716 -0.517473   0.80938  0.709443
-0.922893 0.0902108  0.374341   0.57269
-0.266726 -0.850931 -0.452519   1.57172
        0         0         0         1

 0.291087 -0.512234  0.808013  0.702348
-0.922775 0.0725825  0.378443  0.584897
-0.252499 -0.855773 -0.451549   1.58002
        0         0         0         1

 0.299406 -0.510667  0.805963  0.698171
-0.921609 0.0638617  0.382831  0.590596
-0.246969 -0.857404 -0.451514   1.58473
        0         0         0         1

   0.3099 -0.509517  0.802717  0.693382
-0.921847 0.0456324  0.384857  0.605093
-0.232721  -0.85925 -0.455556   1.59321
        0         0         0         1

 0.317517 -0.509531  0.799726  0.689765
-0.920127  0.038327   0.38974  0.611499
-0.229235 -0.859598 -0.456664   1.59937
        0         0         0         1

  0.339721  -0.503516   0.794394   0.680168
 -0.917308 0.00913086   0.398073   0.638011
  -0.20769  -0.863938  -0.458777    1.61722
         0          0          0          1

  0.345086  -0.499864   0.794388   0.677031
 -0.916833 0.00157377   0.399267   0.645854
 -0.200829  -0.866102  -0.457749    1.62184
         0          0          0          1

  0.358564  -0.490201    0.79444   0.668707
   -0.9145 -0.0136027   0.404358    0.66144
  -0.18741  -0.871503  -0.453166    1.63165
         0          0          0          1

 0.363522 -0.485239  0.795233   0.66594
-0.913449 -0.018039  0.406554  0.669749
-0.182931 -0.874195 -0.449798   1.63663
        0         0         0         1

 0.379974 -0.467094    0.7984   0.65377
-0.909524 -0.031452  0.414459  0.699739
 -0.16848 -0.883648 -0.436784   1.65411
        0         0         0         1

  0.383628  -0.461005    0.80019   0.650177
 -0.908135 -0.0309827   0.417529   0.708401
 -0.167691  -0.886856  -0.430541    1.66005
         0          0          0          1

  0.394965  -0.443975   0.804294    0.63947
 -0.904777 -0.0361606   0.424348   0.725622
 -0.159316  -0.895309   -0.41598    1.66783
         0          0          0          1

  0.395425  -0.439348   0.806606   0.637556
 -0.904678 -0.0345324   0.424694   0.735992
 -0.158734  -0.897653  -0.411123    1.67269
         0          0          0          1

 0.399323 -0.427292  0.811149  0.632427
-0.902727 -0.028771   0.42925  0.756478
-0.160078 -0.903656 -0.397217   1.68297
        0         0         0         1

  0.399254  -0.419222   0.815382   0.629189
 -0.903257 -0.0273336   0.428229   0.767415
 -0.157236  -0.907472  -0.389579    1.68611
         0          0          0          1

  0.391986   -0.38587   0.835136   0.614884
 -0.907201 -0.0114019   0.420543   0.804952
 -0.152753  -0.922483  -0.354531     1.6996
         0          0          0          1

  0.385579  -0.377845   0.841761   0.612531
 -0.911574 -0.0149071   0.410866   0.815961
 -0.142695  -0.925749  -0.350181    1.70493
         0          0          0          1

  0.392209  -0.349988   0.850694   0.600127
 -0.912277 -0.0293681   0.408519   0.837394
 -0.117993  -0.936294  -0.330804    1.70868
         0          0          0          1

 0.394152 -0.346849  0.851082  0.597559
-0.912292 -0.035604  0.407989  0.848438
-0.111209 -0.937245 -0.330461   1.71346
        0         0         0         1

 0.394267 -0.326138  0.859179  0.585465
-0.916041 -0.064561  0.395854  0.888447
-0.0736334 -0.943115  -0.32421   1.72921
        0         0         0         1

  0.393955  -0.313812   0.863899   0.578044
 -0.917287 -0.0747462    0.39115    0.89857
-0.0581741  -0.946539  -0.317302    1.73337
         0          0          0          1

  0.384034  -0.286349   0.877794   0.567994
  -0.92312 -0.0993459   0.371456   0.922672
-0.0191608  -0.952961  -0.302486    1.73704
         0          0          0          1

   0.3744  -0.27708  0.884902  0.566043
-0.927221 -0.102373  0.360251  0.934858
-0.0092285 -0.955378 -0.295243   1.74188
        0         0         0         1

 0.357055  -0.25519  0.898549   0.55837
-0.933872  -0.11797  0.337588  0.961261
0.0198532 -0.959667 -0.280436   1.74441
        0         0         0         1

  0.35299 -0.243702  0.903331  0.553493
-0.935094 -0.124485  0.331818  0.972504
0.0315865 -0.961828 -0.271826   1.74711
        0         0         0         1

 0.332404 -0.211582  0.919097  0.542796
 -0.94021  -0.15105  0.305268   1.01561
0.0742401 -0.965617 -0.249142    1.7549
        0         0         0         1

 0.332605 -0.200363  0.921536  0.533762
-0.938969 -0.161345  0.303817   1.02646
0.0878115 -0.966345 -0.241799   1.75437
        0         0         0         1

 0.321273 -0.185949  0.928551  0.528407
-0.940332 -0.178682  0.289567   1.05149
  0.11207 -0.966176  -0.23226   1.75727
        0         0         0         1

 0.320927 -0.178861  0.930062  0.522414
-0.939769 -0.182115  0.289254   1.06065
 0.117642 -0.966873 -0.226533   1.76244
        0         0         0         1

 0.306721 -0.147358  0.940323  0.506906
-0.937172 -0.219294  0.271328   1.10386
 0.166225 -0.964467 -0.205362   1.75922
        0         0         0         1

 0.301977 -0.145333  0.942172    0.5053
 -0.93658   -0.2296  0.264768   1.11562
 0.177843 -0.962373  -0.20545   1.76057
        0         0         0         1

 0.295621 -0.138877  0.945157  0.501074
-0.934581 -0.247008  0.256018   1.13939
 0.197907  -0.95901 -0.202812   1.76655
        0         0         0         1

 0.295784 -0.132581   0.94601  0.495078
-0.930756 -0.262844  0.254178   1.15089
 0.214954 -0.955686 -0.201146   1.76554
        0         0         0         1

 0.292343 -0.124332  0.948197  0.488473
-0.924995 -0.288433  0.247369   1.17537
 0.242735 -0.949394 -0.199328   1.76444
        0         0         0         1

 0.287124 -0.118523  0.950533  0.488873
-0.922399 -0.301835  0.240989   1.18955
 0.258342 -0.945964  -0.19599   1.76101
        0         0         0         1

