 0.132337 -0.462345  0.876769  0.768235
-0.823856 -0.543137 -0.162061   1.07551
 0.551133 -0.700885 -0.452783   2.58055
        0         0         0         1

 0.129321 -0.464132  0.876275  0.764448
-0.827946 -0.536851 -0.162163   1.06018
 0.545694 -0.704537 -0.453702   2.56274
        0         0         0         1

 0.126982 -0.471239  0.872817  0.769108
-0.840858 -0.517899 -0.157284   1.04429
 0.526149 -0.713943 -0.462009   2.55698
        0         0         0         1

 0.126593 -0.480763  0.867664  0.770064
-0.858705 -0.491002 -0.146773   1.01093
 0.496588 -0.726487 -0.474991   2.53487
        0         0         0         1

 0.124895 -0.476351  0.870339  0.760725
-0.866418 -0.479794 -0.138267  0.993779
 0.483447 -0.736809 -0.472643    2.5226
        0         0         0         1

 0.130314 -0.471935  0.871949   0.75074
-0.882656  -0.45579 -0.114778  0.962597
 0.451594 -0.754674 -0.475952   2.52407
        0         0         0         1

 0.133571 -0.479241   0.86746  0.750564
 -0.89159 -0.440275  -0.10595  0.945411
 0.432696 -0.759267 -0.486094   2.51752
        0         0         0         1

  0.133448  -0.475327   0.869629   0.738175
 -0.913515   -0.39925 -0.0780416   0.899277
  0.384295  -0.784005  -0.487498    2.49939
         0          0          0          1

  0.131413  -0.482387   0.866045   0.741922
 -0.918306  -0.388321 -0.0769511    0.88817
  0.373423  -0.785181  -0.494009    2.48631
         0          0          0          1

   0.12946  -0.486375   0.864106   0.739581
 -0.928393  -0.365568 -0.0666739   0.866324
  0.348318  -0.793599  -0.498874     2.4785
         0          0          0          1

  0.125728  -0.498005   0.858011   0.744615
 -0.934561  -0.349631 -0.0659872   0.852564
  0.332849  -0.793567  -0.509375    2.46751
         0          0          0          1

  0.123195  -0.497375   0.858744   0.737019
 -0.937883  -0.341175 -0.0630562   0.838991
  0.324344  -0.797633   -0.50851    2.44672
         0          0          0          1

  0.125966  -0.501374   0.856012   0.732257
 -0.944671  -0.324064 -0.0507947   0.822652
   0.30287  -0.802251  -0.514454    2.43746
         0          0          0          1

  0.126392  -0.506992   0.852634   0.723165
 -0.957668  -0.286473 -0.0283805   0.783488
  0.258645  -0.812953  -0.521738    2.41151
         0          0          0          1

  0.125325  -0.509092   0.851539   0.719436
 -0.963134  -0.268371 -0.0186963   0.767015
  0.238046  -0.817803  -0.523958    2.40301
         0          0          0          1

  0.123616   -0.51265   0.849652   0.717772
 -0.967789  -0.251526 -0.0109583   0.752646
  0.219327  -0.820929   -0.52723    2.38608
         0          0          0          1

 0.124202 -0.512902  0.849415  0.712824
 -0.97276 -0.231803 0.0022684  0.735226
 0.195733 -0.826558 -0.527721   2.37834
        0         0         0         1

 0.117161  -0.52475  0.843155  0.716085
 -0.98089 -0.193937 0.0156008  0.707159
 0.155333  -0.82887 -0.537443   2.34995
        0         0         0         1

 0.119181 -0.529435  0.839937  0.714383
-0.983589 -0.178369 0.0271327  0.692629
 0.135454 -0.829387 -0.542005   2.34026
        0         0         0         1

 0.116214 -0.534426  0.837188  0.716131
 -0.98607 -0.163066 0.0327865  0.680547
 0.118995 -0.829336 -0.545932   2.32109
        0         0         0         1

 0.118626 -0.536944  0.835236  0.713751
-0.988144 -0.146405  0.046225   0.66612
0.0974625 -0.830817 -0.547945   2.31058
        0         0         0         1

 0.116565 -0.539165  0.834095   0.71145
-0.990161  -0.12855 0.0552796  0.653253
0.0774182 -0.832332 -0.548844   2.29225
        0         0         0         1

 0.116815 -0.543308  0.831367  0.710061
-0.991535 -0.111566 0.0664107  0.640741
0.0566707 -0.832087 -0.551742   2.28075
        0         0         0         1

  0.118209  -0.551898   0.825491   0.706292
 -0.992911 -0.0760666  0.0913273   0.612801
 0.0123889  -0.830435  -0.556978    2.25099
         0          0          0          1

  0.115811  -0.552868   0.825181   0.705834
 -0.993252 -0.0593231  0.0996532   0.602779
-0.00614276  -0.831154  -0.556008    2.23665
         0          0          0          1

  0.117377  -0.555891   0.822926   0.704569
 -0.992759 -0.0443635   0.111633   0.591479
 -0.025548   -0.83007  -0.557073    2.21764
         0          0          0          1

  0.117067  -0.558868   0.820952   0.704519
 -0.992039 -0.0271758   0.122964   0.580708
-0.0464107  -0.828811    -0.5576    2.20497
         0          0          0          1

  0.114283   -0.56348   0.818187   0.705592
 -0.989769 0.00623001    0.14254   0.562128
-0.0854157  -0.826106  -0.557004    2.17099
         0          0          0          1

 0.116966 -0.565062  0.816715  0.704836
-0.987756 0.0192928   0.15481  0.553894
-0.103234 -0.824823 -0.555887    2.1561
        0         0         0         1

 0.113033 -0.567549  0.815544  0.706708
 -0.98626 0.0354393  0.161357  0.546883
 -0.12048 -0.822576 -0.555745   2.13686
        0         0         0         1

 0.115373 -0.569488  0.813862  0.705322
-0.983905 0.0470371  0.172392  0.539838
-0.136457 -0.820652 -0.554896   2.12109
        0         0         0         1

 0.115945 -0.573508  0.810953  0.705742
-0.979994 0.0669217   0.18744   0.52986
-0.161769 -0.816462 -0.554275   2.10518
        0         0         0         1

 0.116948 -0.574622   0.81002  0.705043
-0.976621 0.0815906  0.198881   0.52195
-0.180372 -0.814342 -0.551646   2.09155
        0         0         0         1

 0.112599 -0.581797  0.805502   0.70867
-0.969806  0.112142  0.216565  0.510499
-0.216327 -0.805566 -0.551603   2.05667
        0         0         0         1

 0.112812  -0.58165  0.805579  0.709078
-0.966484  0.123936   0.22483  0.505951
-0.230613 -0.803942 -0.548174   2.04111
        0         0         0         1

 0.111044  -0.57968  0.807243  0.709448
-0.963794  0.135325  0.229755  0.503153
-0.242424 -0.803529 -0.543665   2.01879
        0         0         0         1

 0.110771 -0.581883  0.805694  0.710121
-0.959023  0.150135  0.240281  0.497588
-0.260778 -0.799295 -0.541408   2.00567
        0         0         0         1

 0.112309  -0.58227  0.805201  0.709949
-0.949063  0.177216  0.260526  0.487913
-0.294391 -0.793446 -0.532707   1.97062
        0         0         0         1

 0.112148 -0.583264  0.804503  0.710695
-0.944207  0.189756  0.269196  0.484361
-0.309671 -0.789807 -0.529441   1.95676
        0         0         0         1

 0.108177 -0.585515  0.803412  0.714033
-0.939505  0.203992  0.275168  0.481766
-0.325004 -0.784576 -0.528027   1.93855
        0         0         0         1

 0.107022 -0.584976  0.803958  0.714462
-0.935833  0.213832  0.280165  0.479938
-0.335802 -0.782355 -0.524555   1.92315
        0         0         0         1

 0.105351 -0.587325  0.802465  0.715706
-0.929945  0.227682  0.288728  0.476914
-0.352284 -0.776666 -0.522194   1.90713
        0         0         0         1

 0.102759  -0.58694  0.803083  0.717694
-0.926503  0.237329  0.292005  0.476451
-0.361984 -0.774065 -0.519414   1.89185
        0         0         0         1

  0.10346 -0.585075  0.804353  0.719018
-0.916081   0.25894   0.30618  0.473022
-0.387417  -0.76853 -0.509186   1.86027
        0         0         0         1

 0.101253 -0.585703  0.804177  0.722346
-0.912606  0.267156  0.309482  0.473259
-0.396105 -0.765232 -0.507465   1.84653
        0         0         0         1

 0.105002 -0.585395   0.80392  0.722515
-0.906628   0.27584  0.319277  0.471234
-0.408657 -0.762381 -0.501772   1.83055
        0         0         0         1

 0.106052 -0.584996  0.804072  0.723985
-0.902352  0.283101  0.324983  0.470725
-0.417748 -0.760022 -0.497849   1.81802
        0         0         0         1

 0.106545 -0.588522   0.80143  0.729779
-0.892256  0.299099  0.338259  0.469976
 -0.43878 -0.751121 -0.493245    1.7908
        0         0         0         1

 0.107803 -0.590425   0.79986  0.731575
-0.888643  0.303502  0.343802  0.469671
-0.445748 -0.747853 -0.491959   1.77909
        0         0         0         1

 0.109001 -0.593408  0.797487  0.733579
-0.883758  0.309427  0.351036  0.469118
-0.455071 -0.743049 -0.490701   1.76617
        0         0         0         1

 0.108534 -0.593484  0.797495   0.73537
-0.881154   0.31395  0.353557  0.469527
-0.460204 -0.741089 -0.488876   1.75463
        0         0         0         1

 0.108681  -0.59444  0.796762  0.737233
-0.877329  0.319519  0.358053  0.469626
-0.467422 -0.737936 -0.486794   1.74159
        0         0         0         1

  0.10644 -0.594945  0.796687  0.739622
-0.875473  0.323786  0.358762  0.470577
  -0.4714 -0.735665 -0.486395   1.73098
        0         0         0         1

 0.103719 -0.597264   0.79531  0.743563
-0.868669  0.335051  0.364903  0.470619
-0.484413 -0.728709 -0.484074   1.70978
        0         0         0         1

 0.100912 -0.598718  0.794577  0.746336
-0.866283  0.339874  0.366115  0.471504
-0.489256 -0.725274 -0.484362   1.70182
        0         0         0         1

 0.101511 -0.600222  0.793365  0.748081
-0.862429  0.344427  0.370925  0.471112
-0.495895 -0.721875 -0.482686   1.69258
        0         0         0         1

 0.102085 -0.600664  0.792958  0.749749
-0.860493  0.346637  0.373356  0.471137
 -0.49913 -0.720448 -0.481481   1.68475
        0         0         0         1

  0.10652 -0.600444  0.792541  0.753544
-0.857615  0.347855  0.378807  0.471688
-0.503141 -0.720045 -0.477896   1.66752
        0         0         0         1

 0.109022 -0.599849  0.792651  0.754871
-0.857411  0.346714  0.380309  0.472069
-0.502952  -0.72109 -0.476518   1.66058
        0         0         0         1

 0.111052 -0.600225  0.792084  0.756734
-0.857113   0.34556  0.382028  0.472782
-0.503016  -0.72133 -0.476086   1.65232
        0         0         0         1

 0.111621 -0.601804  0.790805  0.758466
 -0.85654  0.345223  0.383614  0.472716
-0.503864 -0.720176 -0.476935   1.64678
        0         0         0         1

 0.112897 -0.603859  0.789056  0.759918
-0.856246  0.343756  0.385584  0.472845
-0.504081 -0.719157 -0.478243   1.63996
        0         0         0         1

 0.113127 -0.606264  0.787176  0.761613
-0.855955   0.34283  0.387051  0.473046
-0.504523 -0.717573 -0.480152   1.63519
        0         0         0         1

 0.113336 -0.610731  0.783685  0.765613
-0.855033   0.34178  0.390006  0.473154
-0.506037 -0.714278 -0.483459   1.62524
        0         0         0         1

 0.113933 -0.611038  0.783359   0.76656
-0.855276  0.340864  0.390275  0.473339
-0.505492 -0.714453 -0.483771   1.62063
        0         0         0         1

 0.113425 -0.610284   0.78402  0.769252
-0.855988  0.340588  0.388952  0.473952
-0.504399 -0.715229 -0.483765   1.61561
        0         0         0         1

 0.114863 -0.608355  0.785309  0.769624
-0.855524  0.341193  0.389444  0.473334
-0.504862 -0.716583 -0.481272    1.6131
        0         0         0         1

 0.120234 -0.602154  0.789275  0.770823
-0.856038  0.339731  0.389592  0.472786
-0.502735 -0.722491 -0.474619   1.60492
        0         0         0         1

 0.121624 -0.600223  0.790532  0.772393
-0.856325  0.339282  0.389351  0.472763
-0.501911 -0.724307 -0.472721   1.60213
        0         0         0         1

 0.123281 -0.599241  0.791019  0.774167
-0.856527  0.338293  0.389767  0.472395
-0.501161 -0.725581 -0.471561   1.59902
        0         0         0         1

 0.124028 -0.599331  0.790835  0.775554
-0.856741  0.337407  0.390066  0.472098
-0.500612  -0.72592 -0.471623   1.59682
        0         0         0         1

 0.124355 -0.600278  0.790065  0.777423
-0.856724   0.33673  0.390689   0.47137
 -0.50056 -0.725451 -0.472398   1.59477
        0         0         0         1

 0.124963 -0.600778  0.789589  0.778085
-0.856439  0.336458  0.391546  0.470476
-0.500896 -0.725163 -0.472485    1.5935
        0         0         0         1

 0.127436 -0.599739  0.789983  0.780217
-0.856964   0.33443  0.392134  0.469826
-0.499372 -0.726959 -0.471337    1.5876
        0         0         0         1

 0.129106 -0.599463  0.789921  0.780626
-0.856497  0.334038  0.393485  0.468891
-0.499744 -0.727367 -0.470312   1.58684
        0         0         0         1

 0.131215  -0.59869   0.79016   0.78153
-0.856415   0.33301  0.394534  0.468542
-0.499335 -0.728474 -0.469032    1.5845
        0         0         0         1

 0.132613 -0.597428  0.790881  0.782437
-0.856397  0.332648  0.394879   0.46841
-0.498997 -0.729675 -0.467522   1.58253
        0         0         0         1

  0.13396 -0.595474  0.792127  0.784383
-0.856115  0.333052   0.39515  0.467891
-0.499121 -0.731087 -0.465178   1.57866
        0         0         0         1

 0.133332 -0.595721  0.792047  0.785482
-0.855239  0.334667  0.395682  0.467366
-0.500788 -0.730147 -0.464862   1.57795
        0         0         0         1

 0.133345 -0.595322  0.792346  0.786842
-0.854404  0.336073  0.396294   0.46704
-0.502208 -0.729827 -0.463831   1.57638
        0         0         0         1

 0.133448 -0.594289  0.793103  0.787879
-0.853937  0.337192  0.396349  0.466935
-0.502974 -0.730152 -0.462488   1.57509
        0         0         0         1

 0.134717 -0.592676  0.794095  0.788482
  -0.8528  0.338728  0.397487  0.466332
-0.504563 -0.730752 -0.459801    1.5738
        0         0         0         1

 0.135935 -0.590654  0.795392  0.789538
-0.851304  0.341022  0.398731  0.465881
-0.506758 -0.731322  -0.45647    1.5731
        0         0         0         1

 0.139036  -0.58362  0.800036  0.791049
-0.850317  0.343722  0.398517  0.465514
-0.507572 -0.735692 -0.448472   1.56949
        0         0         0         1

 0.140783 -0.576727  0.804715  0.791081
-0.850505  0.345604  0.396483  0.465417
-0.506776 -0.740232 -0.441854   1.56787
        0         0         0         1

  0.14253 -0.568156  0.810484  0.791376
-0.849441  0.350109  0.394809  0.464959
-0.508071  -0.74473 -0.432714   1.56699
        0         0         0         1

 0.142724 -0.561651  0.814971  0.792478
-0.849753   0.35266  0.391856  0.465111
-0.507494 -0.748451 -0.426931   1.56583
        0         0         0         1

 0.146733 -0.549871   0.82226  0.793775
-0.849155  0.356334  0.389824  0.464497
-0.507352 -0.755426 -0.414639   1.56477
        0         0         0         1

 0.149159 -0.543649  0.825953  0.794218
-0.848805  0.358084   0.38898  0.464117
-0.507229 -0.759093  -0.40804   1.56503
        0         0         0         1

 0.151574 -0.535209  0.831009  0.795074
-0.849478   0.35932  0.386362  0.463898
-0.505383 -0.764487 -0.400185   1.56471
        0         0         0         1

 0.155461 -0.527611   0.83514  0.795443
-0.849825  0.359576  0.385361  0.463534
-0.503617 -0.769631 -0.392477   1.56485
        0         0         0         1

  0.15919 -0.519442  0.839547   0.79562
-0.851584  0.357977  0.382959  0.463215
-0.499463 -0.775908 -0.385362   1.56509
        0         0         0         1

 0.161486 -0.514856   0.84193  0.796083
-0.853145   0.35599  0.381332  0.463053
 -0.49605 -0.779868  -0.38176   1.56561
        0         0         0         1

 0.164061 -0.507552  0.845858  0.797328
-0.856622  0.351905  0.377308  0.462513
-0.489165 -0.786482 -0.377046   1.56939
        0         0         0         1

 0.165488 -0.505671  0.846706  0.797797
-0.858632  0.348465   0.37593  0.462246
-0.485144 -0.789221 -0.376518   1.57176
        0         0         0         1

  0.16395 -0.505926  0.846852  0.799724
-0.860232  0.346853  0.373757  0.462033
-0.482827 -0.789767 -0.378348   1.57671
        0         0         0         1

 0.164218 -0.504747  0.847504  0.800701
-0.862386  0.343635  0.371759  0.461976
-0.478876 -0.791926 -0.378856   1.58047
        0         0         0         1

 0.168851 -0.499468  0.849718  0.801212
-0.866637  0.335417  0.369373  0.460957
  -0.4695 -0.798766 -0.376222   1.59044
        0         0         0         1

 0.170513 -0.498437  0.849992  0.801858
-0.868281  0.331818  0.368761  0.460741
-0.465847  -0.80091 -0.376204   1.59561
        0         0         0         1

 0.173458 -0.497234  0.850101  0.802018
-0.871242  0.324987   0.36786  0.460509
-0.459184 -0.804451  -0.37684   1.60151
        0         0         0         1

 0.174277 -0.496525  0.850347  0.803064
-0.873938  0.319909   0.36591  0.460597
-0.453717 -0.806921  -0.37818   1.60686
        0         0         0         1

 0.175238 -0.496573  0.850122  0.804367
-0.877198  0.313299  0.363824  0.460965
-0.447007 -0.809481 -0.380691   1.61434
        0         0         0         1

 0.177808 -0.497097  0.849281  0.804425
-0.879419  0.307016  0.363819  0.460703
-0.441596 -0.811564 -0.382567   1.62053
        0         0         0         1

 0.179388 -0.502539  0.845739  0.806757
-0.884601   0.29377  0.362189  0.460768
-0.430467 -0.813113 -0.391848   1.63782
        0         0         0         1

 0.179006  -0.50545  0.844084  0.808053
-0.887241  0.287816  0.360507  0.461215
-0.425159 -0.813439 -0.396935   1.64572
        0         0         0         1

 0.178956 -0.509377   0.84173  0.809345
-0.890617  0.279666  0.358591  0.461792
-0.418062 -0.813832 -0.403611   1.65578
        0         0         0         1

 0.180234 -0.510979  0.840486  0.809661
 -0.89371  0.271837  0.356913  0.462205
 -0.41085 -0.815478 -0.407673   1.66375
        0         0         0         1

 0.184196 -0.515415  0.836911  0.810527
-0.900162  0.253462  0.354212  0.463564
-0.394691 -0.818599  -0.41727   1.68425
        0         0         0         1

 0.188217 -0.514596  0.836519  0.810467
-0.903071  0.244122  0.353367  0.464387
-0.386054 -0.821946 -0.418769   1.69294
        0         0         0         1

 0.190563 -0.515973  0.835139  0.811725
-0.907106   0.23268  0.350741  0.466102
-0.375293 -0.824398 -0.423702   1.70443
        0         0         0         1

 0.192773 -0.517358  0.833774  0.812595
-0.910227  0.223092  0.348878  0.467326
-0.366503 -0.826179 -0.427907   1.71436
        0         0         0         1

 0.194178 -0.519825  0.831911  0.814439
-0.914288   0.21142  0.345513  0.469401
-0.355489 -0.827698 -0.434217   1.72678
        0         0         0         1

 0.196259 -0.520557  0.830965  0.815267
-0.917039  0.202594  0.343503  0.470749
-0.347162 -0.829443  -0.43761   1.73818
        0         0         0         1

 0.198778 -0.523904  0.828258  0.818081
-0.924259  0.180849  0.336212  0.475532
-0.325933 -0.832357 -0.448274   1.76408
        0         0         0         1

 0.202581 -0.524058  0.827239  0.817897
 -0.92689  0.169954  0.334651  0.477419
-0.315969 -0.834553 -0.451315   1.77524
        0         0         0         1

 0.206626 -0.521873   0.82762  0.818136
-0.930318  0.157168  0.331371  0.480321
-0.303009 -0.838419 -0.453032   1.78874
        0         0         0         1

 0.208961 -0.521658  0.827169  0.818286
-0.933651  0.145203  0.327433   0.48334
-0.290915 -0.840707 -0.456705   1.79919
        0         0         0         1

 0.213744 -0.524246  0.824306  0.818894
-0.938616  0.123666  0.322035  0.489647
-0.270764  -0.84254 -0.465633   1.82731
        0         0         0         1

 0.214486 -0.525764  0.823145  0.820121
 -0.94205  0.111213  0.316503  0.493902
 -0.25795 -0.843329 -0.471442   1.83813
        0         0         0         1

 0.219599 -0.526652  0.821227  0.819429
-0.943806 0.0984316  0.315501  0.497936
-0.246994 -0.844363 -0.475442   1.85247
        0         0         0         1

  0.21851 -0.530261  0.819193  0.821872
 -0.94627 0.0899335   0.31062  0.501886
-0.238383 -0.843051 -0.482119   1.86564
        0         0         0         1

 0.219503 -0.531308  0.818248  0.822719
-0.948976 0.0783631  0.305456    0.5071
-0.226412 -0.843546 -0.486998      1.88
        0         0         0         1

 0.220952 -0.532014  0.817399   0.82366
-0.951099 0.0679487  0.301318  0.511947
-0.215847 -0.844004 -0.490985    1.8918
        0         0         0         1

 0.228357 -0.528783   0.81746  0.822384
-0.954192 0.0451642  0.295768  0.521791
-0.193317 -0.847554 -0.494247   1.92013
        0         0         0         1

 0.231286 -0.527047  0.817758  0.822148
-0.955551 0.0349018  0.292753  0.526978
-0.182836 -0.849119 -0.495548   1.93195
        0         0         0         1

 0.231823 -0.527309  0.817437   0.82365
 -0.95757 0.0242106  0.287182  0.533443
-0.171225 -0.849328 -0.499323   1.94642
        0         0         0         1

 0.234493 -0.524278  0.818624  0.822734
-0.958949  0.013386  0.283262  0.539205
-0.159466 -0.851442 -0.499617   1.95734
        0         0         0         1

   0.236152   -0.521885    0.819676    0.824164
  -0.962309 -0.00851412    0.271825    0.553217
  -0.134882   -0.852973   -0.504225     1.98507
          0           0           0           1

 0.236379 -0.522864  0.818986  0.825593
-0.963505 -0.017154  0.267139  0.559896
-0.125629 -0.852244 -0.507837    1.9969
        0         0         0         1

  0.237352  -0.520716   0.820073   0.825329
 -0.964894 -0.0286553   0.261072   0.567704
 -0.112445  -0.853249  -0.509237    2.01133
         0          0          0          1

  0.239081  -0.519729   0.820196   0.824854
 -0.965498 -0.0374477   0.257706   0.574278
 -0.103223   -0.85351   -0.51075    2.02271
         0          0          0          1

  0.240726  -0.518308   0.820614   0.824362
 -0.966138 -0.0470502   0.253698   0.581295
-0.0928838  -0.853899  -0.512084     2.0381
         0          0          0          1

  0.241902   -0.51857   0.820103   0.823988
 -0.966738 -0.0564475   0.249461   0.588492
-0.0830705   -0.85317  -0.514976    2.04988
         0          0          0          1

  0.245055  -0.518203   0.819398   0.822892
 -0.967824 -0.0809458   0.238253    0.60591
-0.0571368  -0.851418  -0.521366    2.07621
         0          0          0          1

  0.242588    -0.5179   0.820323   0.823638
 -0.969195 -0.0922704   0.228359   0.615377
-0.0425755   -0.85045   -0.52433    2.08584
         0          0          0          1

  0.240341  -0.523733   0.817276   0.828043
 -0.970079 -0.0997692   0.221342   0.625107
-0.0343853   -0.84602  -0.532041    2.10273
         0          0          0          1

 0.241015 -0.522384   0.81794  0.827537
-0.970281 -0.110941  0.215051  0.634549
-0.021596 -0.845463 -0.533598   2.11333
        0         0         0         1

 0.242921 -0.520314  0.818696  0.826266
-0.969954 -0.118639  0.212402  0.642559
-0.0133868 -0.845694 -0.533501   2.12974
        0         0         0         1

 0.240448 -0.522028  0.818335  0.828815
-0.970653 -0.132877   0.20044  0.655139
0.00410242 -0.842515 -0.538658   2.13776
        0         0         0         1

 0.238283 -0.520344  0.820039  0.828522
-0.970902 -0.148381  0.187967  0.674967
0.0238707 -0.840967  -0.54056   2.16743
        0         0         0         1

 0.242972  -0.51614  0.821319  0.824146
-0.969322   -0.1616  0.185202  0.685067
0.0371348 -0.841121  -0.53957   2.17641
        0         0         0         1

 0.242398 -0.516233   0.82143  0.824728
 -0.96902 -0.170167  0.179008  0.697159
0.0473701 -0.839373 -0.541488   2.19035
        0         0         0         1

 0.241755 -0.513377  0.823407  0.824135
-0.968514 -0.179659  0.172345  0.707955
0.0594551 -0.839146 -0.540646   2.20073
        0         0         0         1

  0.23782 -0.518539  0.821315  0.831506
-0.967501 -0.201264  0.153082  0.736435
0.0859224 -0.831029 -0.549552   2.22377
        0         0         0         1

 0.235366 -0.519566  0.821373  0.834488
-0.967236 -0.207968  0.145612  0.747397
0.0951647 -0.828734 -0.551492   2.23596
        0         0         0         1

 0.237262 -0.512279  0.825395  0.829239
-0.964954 -0.222339  0.139385   0.76245
 0.112114 -0.829539 -0.547079    2.2458
        0         0         0         1

 0.233949 -0.515645  0.824244  0.833859
-0.964755 -0.228181  0.131082  0.773245
 0.120485 -0.825859 -0.550854   2.25907
        0         0         0         1

 0.231948 -0.514904  0.825272   0.83573
-0.963872 -0.235884   0.12373  0.787109
 0.130959 -0.824156 -0.551014   2.27258
        0         0         0         1

 0.233671 -0.514005  0.825346    0.8339
-0.961264 -0.249746  0.116617  0.800859
 0.146185 -0.820625 -0.552453   2.27961
        0         0         0         1

 0.230128 -0.513118  0.826892  0.835511
-0.959491  -0.26155   0.10473   0.82645
 0.162535 -0.817497 -0.552522   2.30626
        0         0         0         1

 0.230312 -0.508665  0.829588  0.831818
-0.955943 -0.277719 0.0951069  0.842851
 0.182015 -0.814943 -0.550217   2.30942
        0         0         0         1

 0.228828 -0.511388  0.828323  0.835935
-0.954125 -0.286599 0.0866416  0.858796
 0.193089  -0.81015  -0.55351    2.3221
        0         0         0         1

   0.2284 -0.508558  0.830182   0.83422
-0.951504 -0.297113 0.0797703  0.872371
  0.20609 -0.808141 -0.551756   2.32811
        0         0         0         1

 0.220017 -0.513795  0.829221  0.837698
-0.948056 -0.312822 0.0577192  0.905379
 0.229743 -0.798847 -0.555933   2.35121
        0         0         0         1

 0.216966 -0.514005  0.829894  0.837606
-0.946167 -0.319913 0.0492223  0.918704
 0.240194 -0.795898 -0.555745   2.35999
        0         0         0         1

 0.209286  -0.51362  0.832102   0.84015
-0.944069 -0.327877 0.0350635  0.936169
 0.254818 -0.792901 -0.553513   2.36851
        0         0         0         1

 0.208679 -0.512237  0.833107  0.838697
-0.942907 -0.331478 0.0323719  0.946094
 0.259575 -0.792298 -0.552164   2.37836
        0         0         0         1

 0.210031  -0.51042  0.833881  0.831668
  -0.9412 -0.336411 0.0311441   0.95736
  0.26463  -0.79139 -0.551065   2.39116
        0         0         0         1

 0.208816 -0.510494  0.834141  0.832677
-0.935351 -0.353266 0.0179534  0.976625
 0.285509 -0.783963 -0.551258   2.39192
        0         0         0         1

 0.202056 -0.511373  0.835267  0.834359
-0.931489 -0.363761 0.0026287   1.00928
 0.302493 -0.778573 -0.549838   2.41191
        0         0         0         1

   0.200125   -0.513099    0.834674    0.836824
  -0.929296   -0.369311 -0.00421465     1.02048
   0.310417   -0.774815   -0.550729     2.42176
          0           0           0           1

  0.196584  -0.507402   0.838986   0.834083
 -0.924173  -0.381706 -0.0143032    1.04193
  0.327503  -0.772557  -0.543965    2.42545
         0          0          0          1

   0.19157  -0.513296   0.836557   0.840965
 -0.922052  -0.386203 -0.0258192    1.05823
  0.336334  -0.766403  -0.547271    2.43144
         0          0          0          1

  0.186745  -0.498356   0.846621   0.826797
 -0.915455  -0.400972 -0.0341009    1.08878
  0.356466  -0.768676  -0.531102    2.44797
         0          0          0          1

  0.177782  -0.500656   0.847194   0.834129
 -0.912878  -0.405399 -0.0480079    1.10475
  0.367487   -0.76485  -0.529111    2.44955
         0          0          0          1

   0.17612  -0.490785   0.853295   0.826437
 -0.911583  -0.408447 -0.0467743    1.11419
  0.371482  -0.769611  -0.519327    2.45972
         0          0          0          1

  0.177843  -0.485352    0.85604   0.817892
 -0.908575  -0.415114 -0.0466013    1.12553
  0.377972  -0.769489  -0.514804    2.46838
         0          0          0          1

  0.176933  -0.495289   0.850519   0.827715
 -0.906673   -0.41824 -0.0549427    1.14146
  0.382934  -0.761422  -0.523066    2.47971
         0          0          0          1

  0.17323 -0.494948   0.85148  0.825216
-0.902665 -0.425596 -0.063747   1.16085
 0.393937 -0.757558 -0.520499   2.47806
        0         0         0         1

