0.0387385 -0.909892  0.413032  0.909693
-0.970717 0.0638017  0.231596   1.05207
 -0.23708 -0.409909 -0.880777   2.21043
        0         0         0         1

0.0366251 -0.914116  0.403796  0.916763
 -0.96811 0.0677528  0.241189   1.03977
-0.247833 -0.399752 -0.882483   2.19637
        0         0         0         1

 0.036302 -0.918844  0.392947  0.923601
-0.963504 0.0721747  0.257782   1.02189
-0.265222 -0.387963  -0.88269   2.17914
        0         0         0         1

0.0397214 -0.921984  0.385186  0.923928
-0.958314 0.0740066  0.275967   1.00659
-0.282943 -0.380091  -0.88061   2.17043
        0         0         0         1

0.0438499 -0.923204    0.3818  0.925219
-0.954612 0.0739785   0.28852  0.991388
-0.294608 -0.377123 -0.878057   2.14695
        0         0         0         1

0.0433133 -0.925517  0.376222  0.927487
-0.952418 0.0754689  0.295305  0.980602
-0.301703 -0.371111  -0.87821   2.12929
        0         0         0         1

0.0540547 -0.926025  0.373571  0.930419
-0.935379  0.083984   0.34353  0.948062
-0.349491    -0.368 -0.861645   2.09565
        0         0         0         1

0.0639972 -0.921361  0.383404  0.926262
-0.929911 0.0843729  0.357976  0.937321
-0.362174 -0.379441 -0.851384   2.07557
        0         0         0         1

0.0627251 -0.918435  0.390567  0.929835
-0.921822 0.0966684  0.375365  0.919978
-0.382504 -0.383578  -0.84057   2.05855
        0         0         0         1

 0.056247 -0.917748  0.393159  0.933896
-0.917012  0.108254  0.383888  0.907833
-0.394873 -0.382125 -0.835497   2.04632
        0         0         0         1

0.0366667  -0.91982  0.390624  0.944984
-0.910253  0.130579  0.392924  0.883114
-0.412426 -0.369974 -0.832481   2.00806
        0         0         0         1

0.0357388 -0.920949  0.388042  0.943002
-0.905789  0.134197  0.401917  0.872613
-0.422219 -0.365848 -0.829389   1.99193
        0         0         0         1

0.0299792 -0.922773  0.384177  0.946794
 -0.90069  0.141723  0.410696  0.862103
-0.433426 -0.358337 -0.826884   1.96765
        0         0         0         1

0.0259703  -0.92463  0.379979  0.948986
-0.892335  0.149902  0.425756  0.851747
-0.450627 -0.350126 -0.821187   1.95461
        0         0         0         1

0.0253406  -0.92743  0.373137  0.949108
-0.883559  0.153825  0.442336  0.839807
-0.467633 -0.340898 -0.815542   1.93377
        0         0         0         1

0.0195273 -0.929795   0.36756  0.954108
-0.876408  0.161009  0.453855  0.831653
-0.481173 -0.330995 -0.811736   1.91751
        0         0         0         1

0.0208299 -0.935018  0.353989  0.954487
-0.859769  0.163952   0.48365  0.811506
-0.510259 -0.314423 -0.800484   1.87936
        0         0         0         1

0.0174815 -0.937088  0.348655  0.956945
-0.854586  0.167008  0.491722   0.80593
-0.519015 -0.306552 -0.797903   1.86097
        0         0         0         1

0.0129788  -0.94088  0.338492  0.959069
-0.843397  0.171545   0.50917  0.796191
-0.537135 -0.292091 -0.791309   1.84322
        0         0         0         1

0.0107207 -0.943481  0.331253  0.959603
-0.836932  0.172817  0.519306  0.789457
-0.547201 -0.282804 -0.787777   1.82732
        0         0         0         1

0.00536182 -0.949685  0.313162  0.961749
-0.818669  0.175666  0.546738  0.773627
 -0.57424 -0.259307 -0.776536   1.79263
        0         0         0         1

0.0037206 -0.951845  0.306558  0.962207
-0.811997  0.176049  0.556477  0.768343
-0.583649 -0.250995  -0.77224   1.77886
        0         0         0         1

-0.00241031 -0.955117  0.296218  0.966039
 -0.80301  0.178384  0.568643  0.761935
-0.595961 -0.236495 -0.767398   1.76082
        0         0         0         1

-0.00587723 -0.957322  0.288964  0.968419
-0.797694   0.17875  0.575963  0.758221
-0.603034  -0.22712   -0.7647   1.74629
        0         0         0         1

-0.00285004 -0.958388  0.285454  0.967287
-0.789607  0.177315  0.587435  0.752912
-0.613606 -0.223723 -0.757256   1.72816
        0         0         0         1

-0.0058338 -0.958502  0.285027  0.970241
-0.780269   0.18263  0.598187  0.749245
-0.625417 -0.218908 -0.748954   1.71536
        0         0         0         1

-0.00418121 -0.961079   0.27624  0.972292
-0.759284  0.182817  0.624553  0.741744
-0.650746 -0.207133 -0.730497    1.6834
        0         0         0         1

-0.00284736 -0.962236  0.272201  0.972856
-0.749693  0.182192  0.636212  0.738828
 -0.66178 -0.202255 -0.721901   1.67243
        0         0         0         1

-0.00291436 -0.964058  0.265677  0.973564
-0.739537  0.180909  0.648349  0.735814
-0.673109 -0.194589 -0.713484   1.65755
        0         0         0         1

-0.00544016 -0.965169   0.26157  0.975186
-0.732584  0.181891  0.655924  0.733576
-0.680655 -0.188054 -0.708057   1.64691
        0         0         0         1

-0.00453035 -0.966341  0.257223  0.974336
 -0.72301  0.180864  0.666742  0.730468
-0.690823 -0.182954 -0.699494   1.63467
        0         0         0         1

-0.00356448 -0.966957  0.254914  0.973559
-0.717259  0.180098   0.67313  0.728298
-0.696797  -0.18044 -0.694201   1.62477
        0         0         0         1

-0.00470769 -0.967023  0.254647  0.973198
 -0.70406   0.18404  0.685878  0.725239
-0.710125 -0.176058 -0.681708   1.60233
        0         0         0         1

-0.0063432 -0.966584   0.25627   0.97436
-0.697894   0.18782  0.691135  0.724138
-0.716173 -0.174466 -0.675765   1.59407
        0         0         0         1

-0.00334248 -0.966461  0.256792  0.973186
-0.688189  0.188534  0.700608  0.722573
-0.725524  -0.17438 -0.665738   1.58513
        0         0         0         1

-0.00296877  -0.96623  0.257663  0.973611
-0.681491   0.19052  0.706592   0.72143
-0.731821 -0.173498 -0.659043    1.5784
        0         0         0         1

0.0010278 -0.964211  0.265133  0.974784
-0.667958   0.19665  0.717747   0.72011
-0.744198 -0.177836 -0.643851    1.5618
        0         0         0         1

0.00837968 -0.964057  0.265565  0.971997
-0.664245  0.193149   0.72213  0.719377
-0.747468 -0.182451 -0.638751   1.55581
        0         0         0         1

0.0139668 -0.963404   0.26769  0.971018
-0.657872  0.192756  0.728045  0.718496
   -0.753 -0.186274 -0.631105   1.54986
        0         0         0         1

0.0186994 -0.962865  0.269335  0.970496
-0.655805  0.191526  0.730231  0.717886
-0.754698 -0.190286 -0.627871   1.54441
        0         0         0         1

0.0217034 -0.961791  0.272924  0.972408
-0.653441  0.192964   0.73197  0.717837
-0.756667 -0.194226 -0.624285   1.53746
        0         0         0         1

0.0280456 -0.961956  0.271761  0.970241
-0.650744  0.188799   0.73545  0.717324
-0.758779 -0.197473 -0.620693   1.53371
        0         0         0         1

0.0378082 -0.962284  0.269405  0.970422
-0.646511  0.182016  0.740873  0.716513
-0.761967 -0.202184 -0.615246   1.52576
        0         0         0         1

 0.042527 -0.962003  0.269707  0.969739
 -0.64501  0.179721   0.74274   0.71562
 -0.76299  -0.20555 -0.612858   1.52301
        0         0         0         1

0.0456847 -0.961189  0.272082   0.97076
-0.646093    0.1793    0.7419  0.715698
 -0.76189 -0.209684 -0.612827   1.51848
        0         0         0         1

0.0503491 -0.961066  0.271694  0.969191
-0.644756  0.176477  0.743738   0.71518
-0.762729 -0.212623 -0.610767   1.51676
        0         0         0         1

0.0597592 -0.960291  0.272527  0.966923
-0.639618  0.172767  0.749026  0.713339
-0.766366 -0.219074 -0.603895   1.51369
        0         0         0         1

0.0628767 -0.960367  0.271555  0.966672
-0.640149  0.169939  0.749219  0.713153
-0.765673 -0.220944 -0.604093    1.5113
        0         0         0         1

0.0690411 -0.960393   0.26996  0.964547
 -0.64065   0.16475   0.74995  0.712653
-0.764722 -0.224727 -0.603902   1.50813
        0         0         0         1

0.0752602 -0.960227  0.268887  0.962524
-0.639746  0.160345  0.751674  0.711917
-0.764893  -0.22859 -0.602234   1.50682
        0         0         0         1

0.0770623  -0.95935  0.271493  0.963721
-0.638885  0.161536  0.752152  0.711542
-0.765433 -0.231415 -0.600466   1.50577
        0         0         0         1

0.0796328 -0.958835  0.272571  0.963663
-0.636428  0.161551  0.754229  0.711136
-0.767215 -0.233533 -0.597364   1.50531
        0         0         0         1

0.0893049 -0.957621  0.273837  0.963275
-0.633265  0.157617  0.757715  0.710551
-0.768765 -0.241079 -0.592352   1.50292
        0         0         0         1

0.0954641 -0.956847  0.274464  0.962423
-0.629236  0.155643  0.761471  0.710125
-0.771329 -0.245396 -0.587224    1.5034
        0         0         0         1

  0.10032 -0.955147  0.278622  0.962662
-0.626673  0.156848  0.763334  0.710192
-0.772798 -0.251183  -0.58283   1.50294
        0         0         0         1

 0.107095 -0.953791  0.280739  0.961325
-0.625676  0.154791  0.764572  0.710321
-0.772697 -0.257533 -0.580186   1.50144
        0         0         0         1

 0.116677 -0.950922  0.286592   0.96048
-0.619877  0.155733   0.76909  0.710199
-0.775976 -0.267386 -0.571284   1.50019
        0         0         0         1

 0.121325 -0.949483  0.289418  0.959414
-0.616922   0.15629   0.77135  0.709846
-0.777617 -0.272132 -0.566795   1.49972
        0         0         0         1

 0.124468  -0.94685  0.296619  0.959366
-0.613028  0.161679  0.773341  0.709695
-0.780195 -0.278092 -0.560322   1.49925
        0         0         0         1

 0.125957 -0.944453  0.303551   0.96001
 -0.61053  0.167377  0.774105  0.709961
-0.781913 -0.282831 -0.555534   1.49868
        0         0         0         1

 0.128939 -0.942059  0.309678  0.960396
-0.604966  0.172714  0.777294  0.710437
-0.785742 -0.287568 -0.547644   1.49862
        0         0         0         1

 0.133515 -0.940322  0.312998  0.961001
-0.602197  0.173857  0.779187  0.711049
-0.787104  -0.29252 -0.543047   1.49774
        0         0         0         1

 0.142258 -0.940118  0.309744  0.963203
-0.592298   0.16987  0.787608  0.712975
-0.793061 -0.295505 -0.532665   1.49736
        0         0         0         1

 0.147943 -0.941239  0.303616  0.962938
 -0.58708  0.163475  0.792851   0.71367
-0.795896 -0.295544 -0.528397   1.49782
        0         0         0         1

 0.152382 -0.942015  0.298979  0.963254
-0.583925  0.158254  0.796233  0.715424
-0.797378 -0.295913 -0.525951   1.49756
        0         0         0         1

 0.156498 -0.942185  0.296303  0.962986
-0.581391  0.154639  0.798794  0.717387
-0.798432 -0.297277 -0.523577   1.49757
        0         0         0         1

 0.160778 -0.940424  0.299587   0.96437
-0.575483  0.157278  0.802548  0.722441
-0.801854  -0.30144 -0.515912   1.49994
        0         0         0         1

  0.16227 -0.939144  0.302782   0.96354
-0.575239  0.159279  0.802328  0.724206
-0.801728 -0.304366 -0.514387   1.50119
        0         0         0         1

  0.16048 -0.937363  0.309187  0.964053
 -0.57654  0.165234  0.800187  0.727208
-0.801154 -0.306673 -0.513911   1.50409
        0         0         0         1

 0.160219 -0.935823  0.313951  0.962302
-0.580376   0.16796  0.796839  0.729437
-0.798432 -0.309878 -0.516219   1.50459
        0         0         0         1

 0.158965 -0.933681   0.32089  0.961028
 -0.58539  0.172588  0.792169  0.732753
-0.795015 -0.313773 -0.519132   1.50644
        0         0         0         1

 0.156699 -0.932089  0.326581   0.95947
 -0.58787  0.177686    0.7892  0.734896
-0.793633 -0.315655 -0.520104   1.51061
        0         0         0         1

 0.154593 -0.925342  0.346185   0.95379
-0.600279  0.190332  0.776813  0.740657
-0.784707 -0.327897  -0.52604   1.51657
        0         0         0         1

 0.154767  -0.92223  0.354314  0.950635
 -0.60643  0.194442  0.770996  0.743705
 -0.77993 -0.334191 -0.529175   1.51904
        0         0         0         1

 0.156252 -0.917896  0.364763  0.946073
 -0.61513  0.198507  0.763027  0.747888
-0.772787 -0.343602 -0.533609   1.52224
        0         0         0         1

 0.156262 -0.914602  0.372942  0.943752
-0.619216  0.203455  0.758404  0.750924
-0.769515 -0.349442 -0.534544   1.52648
        0         0         0         1

 0.157957 -0.906113  0.392441  0.938911
-0.629498  0.213796   0.74701  0.758745
-0.760777 -0.365036 -0.536626   1.53791
        0         0         0         1

 0.164037 -0.902563  0.398086  0.934464
-0.633378  0.213012  0.743947  0.762006
-0.756256 -0.374174 -0.536722   1.54255
        0         0         0         1

 0.171854 -0.898118  0.404784  0.928201
-0.636242  0.212515  0.741642  0.765826
-0.752105 -0.384995 -0.534899    1.5505
        0         0         0         1

 0.176226 -0.894811  0.410193   0.92523
-0.640427  0.212234  0.738113  0.769582
-0.747528 -0.392773  -0.53566   1.55723
        0         0         0         1

 0.184085 -0.890413  0.416266  0.919719
-0.648768  0.208075  0.731987  0.774891
-0.738385 -0.404808 -0.539368   1.56308
        0         0         0         1

 0.190225 -0.886818  0.421151  0.915038
-0.650888  0.207224  0.730344  0.778203
-0.734955 -0.413052   -0.5378   1.57195
        0         0         0         1

 0.202687 -0.877334  0.434975  0.905868
-0.665967  0.202157  0.718067  0.789634
-0.717918 -0.435222 -0.543301   1.59067
        0         0         0         1

 0.207718 -0.873935  0.439421  0.901135
 -0.67432  0.197494  0.711539  0.794518
-0.708622 -0.444111 -0.548289   1.59825
        0         0         0         1

 0.208862 -0.870607  0.445444  0.895956
-0.685591  0.194462  0.701534  0.801273
-0.697382 -0.451916 -0.556264   1.61025
        0         0         0         1

 0.212263 -0.867333  0.450198   0.89103
-0.695702  0.189402  0.692911   0.80709
-0.686253 -0.460283 -0.563202    1.6184
        0         0         0         1

 0.211044 -0.860244  0.464156  0.882306
-0.722177  0.182782  0.667121   0.82281
-0.658726 -0.475995 -0.582673   1.63986
        0         0         0         1

 0.212293 -0.858015  0.467699   0.87594
-0.730766  0.178362  0.658914  0.828136
-0.648778 -0.481661 -0.589143   1.65015
        0         0         0         1

 0.213099 -0.854076  0.474492  0.867808
-0.742562  0.174045  0.646769  0.836625
-0.634973 -0.490166 -0.597115   1.66512
        0         0         0         1

 0.211528 -0.853103   0.47694  0.861584
-0.749023  0.171987  0.639833   0.84191
 -0.62787 -0.492581 -0.602613   1.67793
        0         0         0         1

 0.213948  -0.84767  0.485471  0.853249
-0.763408  0.164974  0.624493  0.852696
-0.609454 -0.504221 -0.611823   1.68884
        0         0         0         1

 0.213762 -0.845383  0.489524  0.847141
 -0.77128  0.161484  0.615671  0.860392
-0.599528 -0.509167 -0.617507   1.69886
        0         0         0         1

 0.211545 -0.837689  0.503513  0.835369
-0.789872  0.156885  0.592865  0.881509
 -0.57563 -0.523128 -0.628479   1.72589
        0         0         0         1

 0.216866 -0.834279    0.5069  0.826217
-0.795871   0.14959  0.586697  0.889162
-0.565296 -0.530661 -0.631537   1.73482
        0         0         0         1

 0.216137 -0.829809  0.514491  0.819186
-0.803173   0.14851  0.576939  0.900209
-0.555156 -0.537923 -0.634382   1.75076
        0         0         0         1

 0.212321 -0.826131  0.521947  0.815659
-0.811494  0.148515  0.565173  0.910232
-0.544423 -0.543555 -0.638868    1.7607
        0         0         0         1

 0.215843 -0.816584  0.535353  0.797435
-0.826062  0.139618  0.546011  0.932459
-0.520609 -0.560088 -0.644413   1.78899
        0         0         0         1

 0.214871 -0.814589  0.538772  0.790964
-0.832345  0.135851   0.53735  0.943112
-0.510913 -0.563905 -0.648829   1.80064
        0         0         0         1

 0.207129 -0.812112  0.545502  0.786938
-0.842058  0.135862  0.521996  0.958322
-0.498032 -0.567465 -0.655704   1.81625
        0         0         0         1

  0.20344 -0.811309  0.548078  0.780524
-0.847352  0.134552  0.513703  0.968118
-0.490517 -0.568922 -0.660091   1.83055
        0         0         0         1

 0.199446 -0.806979  0.555884  0.771478
-0.858341  0.129797  0.496391    0.9833
-0.472729 -0.576141 -0.666775   1.84181
        0         0         0         1

 0.194969 -0.803615  0.562307  0.766849
-0.867702  0.125952  0.480863   0.99714
-0.457253 -0.581669 -0.672742   1.84898
        0         0         0         1

  0.18153 -0.801776  0.569388  0.751047
-0.884459   0.11998  0.450929   1.02692
-0.429859 -0.585457 -0.687358   1.87594
        0         0         0         1

 0.171711 -0.803603  0.569857  0.746787
-0.890423  0.120892  0.438784   1.03903
-0.421499 -0.582758 -0.694788   1.88882
        0         0         0         1

 0.165011 -0.806747  0.567389  0.735883
-0.896058  0.117759  0.428034   1.05416
-0.412131 -0.579043 -0.703461   1.90565
        0         0         0         1

 0.157932 -0.808576    0.5668  0.727576
-0.903669  0.113033  0.413045   1.06766
-0.398046 -0.577433 -0.712833   1.91556
        0         0         0         1

 0.131583 -0.814528  0.565004  0.713746
-0.920456  0.111212  0.374691   1.10436
-0.368032 -0.569364 -0.735104   1.93891
        0         0         0         1

 0.120412 -0.819128   0.56083  0.709024
-0.926223  0.110591  0.360389   1.11971
-0.357228 -0.562849 -0.745378   1.94924
        0         0         0         1

 0.101089 -0.823288  0.558549  0.704733
 -0.93256  0.117162  0.341474    1.1377
-0.346572   -0.5554 -0.755922   1.96348
        0         0         0         1

0.0931326 -0.825147  0.557188  0.695794
 -0.93681  0.116913  0.329724   1.15176
-0.337213 -0.552688 -0.762118   1.97499
        0         0         0         1

 0.074889 -0.826006  0.558665  0.689506
-0.941182  0.126568    0.3133   1.16971
-0.329497 -0.549268 -0.767943   1.99322
        0         0         0         1

0.0679263 -0.823088  0.563837  0.678562
-0.946501  0.125534  0.297282   1.18455
 -0.31547 -0.553865 -0.770527   1.99766
        0         0         0         1

0.0241475  -0.81959  0.572442  0.679213
-0.957201  0.146241  0.249758   1.23097
-0.288414 -0.553973 -0.780981   2.01853
        0         0         0         1

