  0.133798  -0.782483   0.608126    1.00356
  -0.97705  -0.206788 -0.0511097    1.06006
  0.165746  -0.587332  -0.792193    2.51005
         0          0          0          1

  0.142155  -0.782175   0.606625    1.00865
 -0.979837  -0.198121 -0.0258422    1.03271
  0.140398   -0.59072  -0.794568    2.50337
         0          0          0          1

  0.147885  -0.782081   0.605375    1.01407
 -0.980267  -0.197096 -0.0151611    1.01577
  0.131174  -0.591187  -0.795796    2.48916
         0          0          0          1

 0.152688 -0.783243  0.602674   1.03073
-0.984199 -0.175836   0.02083  0.967639
0.0896566 -0.596332 -0.797716   2.46927
        0         0         0         1

 0.153991 -0.788422  0.595548   1.04198
-0.985239 -0.168134 0.0321685  0.949984
0.0747693 -0.591711 -0.802675   2.45861
        0         0         0         1

 0.160984 -0.790238  0.591277   1.04516
-0.985191 -0.164492 0.0483903   0.92768
0.0590205  -0.59031 -0.805016   2.44144
        0         0         0         1

 0.163718 -0.789246  0.591851   1.04543
-0.985768 -0.154101 0.0671863  0.906393
0.0381785 -0.594427 -0.803242   2.43475
        0         0         0         1

  0.16181 -0.793828  0.586221    1.0589
-0.986722 -0.138591 0.0846845  0.882389
0.0140204  -0.59214 -0.805713   2.42293
        0         0         0         1

 0.165771 -0.791273  0.588563    1.0591
-0.986153 -0.130092  0.102856  0.863557
-0.00482027 -0.597463 -0.801882   2.41264
        0         0         0         1

 0.168914 -0.789879  0.589541   1.06724
-0.984505 -0.106639  0.139202  0.818836
-0.0470849  -0.60392 -0.795653   2.38565
        0         0         0         1

 0.168629 -0.788308  0.591723    1.0721
-0.984146 -0.101178  0.145669  0.805599
-0.0549626 -0.606905 -0.792871   2.36807
        0         0         0         1

  0.166326  -0.790474    0.58948    1.08256
 -0.982931 -0.0852402   0.163037   0.784405
-0.0786291  -0.606536  -0.791159    2.35176
         0          0          0          1

   0.16857  -0.787863   0.592331    1.08443
 -0.981448 -0.0784712   0.174933   0.770403
-0.0913424   -0.61083  -0.786475    2.33696
         0          0          0          1

   0.16826  -0.788515   0.591551    1.09574
 -0.976979 -0.0535538   0.206505   0.732753
 -0.131153  -0.612679  -0.779374    2.30129
         0          0          0          1

  0.166754  -0.790203   0.589722    1.10172
 -0.974572 -0.0413018   0.220234    0.71788
 -0.149673  -0.611452  -0.776997     2.2889
         0          0          0          1

  0.166151  -0.792917   0.586239    1.10775
  -0.97164 -0.0302027    0.23453   0.700076
 -0.168257   -0.60858  -0.775448    2.26824
         0          0          0          1

   0.16461  -0.796038   0.582432    1.11294
 -0.968583 -0.0188561   0.247974   0.684872
 -0.186414  -0.604953  -0.774133    2.25489
         0          0          0          1

    0.16136   -0.800207    0.577608     1.12002
  -0.964919 -0.00509738    0.262496    0.667767
  -0.207107   -0.599702   -0.772958     2.23497
          0           0           0           1

  0.160934  -0.799756   0.578352    1.12266
   -0.9618 0.00439906   0.273717   0.654148
 -0.221451  -0.600309  -0.768497    2.22005
         0          0          0          1

 0.155661 -0.800991  0.578086   1.13282
-0.953521 0.0310131  0.299726   0.62327
-0.258006 -0.597872 -0.758934   2.18303
        0         0         0         1

 0.150486 -0.802929  0.576766   1.13884
-0.950231 0.0435047  0.308492  0.611458
-0.272789 -0.594485 -0.756421    2.1673
        0         0         0         1

 0.146684 -0.802064  0.578945    1.1437
-0.945252 0.0588305  0.320996  0.596765
-0.291519 -0.594334 -0.749522   2.14603
        0         0         0         1

 0.140212 -0.804627  0.576989   1.15052
-0.940384 0.0741555  0.331931  0.584893
-0.309867 -0.589133 -0.746261   2.13162
        0         0         0         1

 0.131355 -0.805084  0.578434   1.15959
-0.929543  0.102756  0.354105  0.559531
-0.344522 -0.584193 -0.734863   2.09281
        0         0         0         1

 0.125923  -0.80627   0.57799   1.16356
-0.924896  0.115286  0.362321  0.549725
-0.358763 -0.580205 -0.731199     2.077
        0         0         0         1

 0.119913 -0.808595  0.576016   1.17013
-0.916746  0.132506  0.376853  0.537125
-0.381047  -0.57325 -0.725388   2.05743
        0         0         0         1

 0.113423 -0.810648  0.574444   1.17596
-0.912039   0.14439  0.383843  0.528886
-0.394106 -0.567452 -0.722965   2.04149
        0         0         0         1

 0.108751 -0.812505  0.572721   1.18011
-0.905537  0.156709  0.394266  0.518772
-0.410094 -0.561496 -0.718711   2.02007
        0         0         0         1

 0.101885 -0.814922  0.570545    1.1848
-0.900191  0.168582  0.401542  0.511086
-0.423409 -0.554511  -0.71641   2.00501
        0         0         0         1

0.0886553 -0.821384  0.563444   1.19295
-0.887278  0.191931  0.419404  0.494248
-0.452634 -0.537114  -0.71178   1.96715
        0         0         0         1

0.0814656 -0.824961  0.559288   1.19682
-0.881749  0.201945  0.426307  0.487487
-0.464632 -0.527881 -0.710957   1.95318
        0         0         0         1

0.0712334 -0.829012  0.554676   1.20179
-0.875271  0.214736  0.433347  0.479754
-0.478359  -0.51636 -0.710314   1.93396
        0         0         0         1

0.0634543 -0.831913  0.551266    1.2049
-0.870469  0.224034  0.438284  0.474033
-0.488116 -0.507671 -0.709938    1.9198
        0         0         0         1

0.0525785 -0.835184  0.547452   1.20914
-0.864241  0.236605  0.443965  0.466923
-0.500322 -0.496473  -0.70936   1.90225
        0         0         0         1

 0.042374 -0.837542  0.544728   1.21284
-0.859862  0.247066  0.446762   0.46201
-0.508765 -0.487322 -0.709701   1.88838
        0         0         0         1

0.0227141 -0.843863  0.536078   1.21901
 -0.84955  0.266377  0.455311  0.451497
-0.527018 -0.465767 -0.710853   1.85574
        0         0         0         1

0.0137927 -0.846864  0.531631   1.22166
-0.846097  0.273448  0.457543  0.448235
 -0.53285 -0.456122 -0.712758   1.84204
        0         0         0         1

0.00240427 -0.850208  0.526441   1.22516
-0.840299  0.283677  0.461979  0.443726
-0.542118 -0.443478 -0.713747   1.82549
        0         0         0         1

-0.00470431 -0.852645  0.522469   1.22695
-0.836237  0.289855  0.465501  0.440526
-0.548348 -0.434718 -0.714377   1.81301
        0         0         0         1

-0.0220999 -0.857161  0.514575    1.2323
-0.824007  0.307085  0.476142  0.432797
-0.566149  -0.41349 -0.713093   1.78441
        0         0         0         1

-0.0290938 -0.858136  0.512597   1.23476
-0.820135  0.313655  0.478539  0.430721
 -0.57143 -0.406477 -0.712913    1.7722
        0         0         0         1

-0.0353718 -0.858202  0.512093   1.23674
-0.813243  0.322539   0.48436  0.427429
-0.580848 -0.399323 -0.709335   1.75799
        0         0         0         1

-0.0393132 -0.858267  0.511695   1.23801
-0.807126  0.329166    0.4901  0.424826
-0.589069 -0.393735  -0.70567   1.74773
        0         0         0         1

-0.044886 -0.858055  0.511593   1.24017
-0.800285  0.337403  0.495684  0.422113
-0.597937 -0.387171 -0.701833   1.73406
        0         0         0         1

-0.0473754 -0.857685  0.511988    1.2414
-0.795485  0.342393  0.499971  0.420406
-0.604119 -0.383592 -0.698497    1.7233
        0         0         0         1

-0.0540857 -0.855871  0.514354   1.24518
-0.783963   0.35543  0.508991  0.416346
-0.618447 -0.375705 -0.690194   1.69918
        0         0         0         1

-0.0566775  -0.85524  0.515123   1.24656
-0.779112  0.360524  0.512842  0.414672
-0.624317 -0.372272 -0.686762   1.69019
        0         0         0         1

-0.0597601 -0.854294  0.516344   1.24847
-0.773772  0.366438   0.51672  0.412808
-0.630639 -0.368653 -0.682927   1.67852
        0         0         0         1

-0.0612604 -0.854094  0.516499   1.24954
-0.769803  0.369815  0.520231  0.411532
-0.635335 -0.365733 -0.680139    1.6699
        0         0         0         1

-0.0660442 -0.855041  0.514338   1.25262
-0.761583  0.376238   0.52767  0.408767
-0.644693 -0.356862 -0.676033   1.65004
        0         0         0         1

-0.0690716 -0.855662  0.512905   1.25458
-0.758059  0.379241  0.530588  0.407701
-0.648519 -0.352164 -0.674837   1.64234
        0         0         0         1

-0.0712643 -0.856818   0.51067   1.25658
-0.754961  0.380932  0.533784  0.406906
-0.651886 -0.347496 -0.674011   1.63204
        0         0         0         1

-0.0730916 -0.857459  0.509334   1.25804
-0.751356  0.383177  0.537252  0.406096
-0.655837 -0.343423 -0.672264   1.62508
        0         0         0         1

-0.0736785 -0.858428  0.507614   1.25946
-0.747034  0.384712  0.542159  0.405043
 -0.66069  -0.33926  -0.66962   1.61639
        0         0         0         1

-0.0745589  -0.85921  0.506162   1.26087
-0.744871  0.385461  0.544598  0.404756
-0.663029 -0.336421  -0.66874   1.60931
        0         0         0         1

-0.0765391  -0.86086  0.503052   1.26416
-0.737769  0.388283  0.552207  0.403874
  -0.6707 -0.328871 -0.664835   1.59408
        0         0         0         1

-0.0773669 -0.861177  0.502383   1.26556
-0.734611  0.389916  0.555258  0.403536
-0.674063 -0.326098 -0.662797   1.58836
        0         0         0         1

-0.0785183 -0.861642  0.501406   1.26746
-0.730766  0.391858  0.558953  0.403138
-0.678097 -0.322522 -0.660427   1.58099
        0         0         0         1

-0.0787665 -0.862202  0.500403    1.2685
-0.728029  0.392656  0.561956  0.403137
-0.681006 -0.320045 -0.658636   1.57543
        0         0         0         1

-0.0802089 -0.863603  0.497752   1.27132
 -0.72204  0.394601  0.568285  0.403128
-0.687186 -0.313815 -0.655206   1.56266
        0         0         0         1

-0.0806454 -0.864144   0.49674   1.27218
-0.719392   0.39541  0.571074  0.403168
-0.689906 -0.311297 -0.653547     1.558
        0         0         0         1

-0.0819319 -0.864587  0.495758   1.27356
 -0.71646  0.396878  0.573737  0.403306
-0.692801 -0.308183 -0.651959   1.55204
        0         0         0         1

-0.0832974 -0.864678  0.495372   1.27413
-0.715764  0.397783  0.573978  0.403605
-0.693357 -0.306759  -0.65204   1.54732
        0         0         0         1

-0.0840003 -0.862113  0.499705   1.27496
-0.712874   0.40238   0.57437  0.403783
-0.696243 -0.307979 -0.648378   1.54202
        0         0         0         1

-0.0846905 -0.859482  0.504101   1.27558
-0.710459  0.406809  0.574242  0.404017
-0.698624  -0.30951  -0.64508   1.53823
        0         0         0         1

-0.0842804 -0.855839   0.51033   1.27535
-0.706681  0.412407  0.574911  0.404449
-0.702495 -0.312187 -0.639563   1.52883
        0         0         0         1

-0.0838908 -0.853818  0.513768    1.2756
-0.704212   0.41558  0.575654  0.404477
-0.705016  -0.31351 -0.636132   1.52548
        0         0         0         1

-0.0832552 -0.852148  0.516635   1.27572
-0.701144  0.418495  0.577286  0.404386
-0.708142 -0.314174 -0.632321   1.52175
        0         0         0         1

-0.0831159 -0.851282  0.518084   1.27598
-0.700906  0.419498  0.576846  0.404503
-0.708394 -0.315183 -0.631536    1.5185
        0         0         0         1

-0.0830667 -0.850114  0.520007   1.27631
-0.699627  0.421342  0.577056  0.404186
-0.709663 -0.315877 -0.629762   1.51333
        0         0         0         1

-0.0839513 -0.849884   0.52024   1.27659
-0.699845  0.421936  0.576357  0.403936
-0.709344 -0.315701 -0.630209   1.51134
        0         0         0         1

-0.085047   -0.8495   0.52069   1.27679
-0.699564  0.423026  0.575899   0.40369
-0.709491 -0.315277 -0.630257   1.50917
        0         0         0         1

-0.0854533 -0.849412  0.520766   1.27664
-0.700143  0.423065  0.575165  0.403623
 -0.70887 -0.315461 -0.630862    1.5071
        0         0         0         1

-0.0862504 -0.847688  0.523436    1.2764
-0.699325  0.425717  0.574203   0.40294
-0.709581 -0.316527 -0.629528   1.50383
        0         0         0         1

-0.0868234 -0.846406  0.525413   1.27666
-0.698731  0.427666  0.573477  0.402582
-0.710096 -0.317331 -0.628542   1.50272
        0         0         0         1

-0.086015  -0.84586  0.526425   1.27614
-0.698231  0.428091   0.57377  0.402209
-0.710687 -0.318213 -0.627427   1.50171
        0         0         0         1

-0.086136 -0.845817  0.526473   1.27629
-0.697932   0.42833  0.573955  0.401822
-0.710965 -0.318004 -0.627218   1.50101
        0         0         0         1

-0.0862673 -0.846694  0.525041   1.27631
-0.698142  0.427343  0.574436  0.401498
-0.710743 -0.316998 -0.627978   1.50024
        0         0         0         1

-0.0866222 -0.848524  0.522018   1.27618
-0.699094  0.425083  0.574954  0.401234
-0.709764 -0.315136  -0.63002   1.49953
        0         0         0         1

-0.0901987 -0.854582  0.511424    1.2768
-0.701382  0.419079  0.576573  0.400477
-0.707056 -0.306697 -0.637188   1.49955
        0         0         0         1

-0.0916848 -0.857685  0.505935   1.27641
-0.703628  0.415318  0.576557  0.400391
-0.704628 -0.303128  -0.64157   1.49936
        0         0         0         1

-0.0936443  -0.86156  0.498944   1.27605
-0.706097  0.410777  0.576792  0.400215
-0.701895  -0.29829 -0.646812   1.49952
        0         0         0         1

-0.0960141 -0.863392  0.495314   1.27617
-0.707417  0.409257  0.576256  0.400036
-0.700245 -0.295064 -0.650072   1.49973
        0         0         0         1

-0.100435 -0.867065  0.487966   1.27617
-0.710084  0.406004  0.575275  0.399524
-0.696917 -0.288719 -0.656466   1.50052
        0         0         0         1

-0.101733 -0.868294  0.485505   1.27624
-0.711078  0.404775  0.574913   0.39931
-0.695714 -0.286745 -0.658604   1.50089
        0         0         0         1

-0.102219 -0.869119  0.483925   1.27634
-0.711692  0.403782  0.574852   0.39904
-0.695015 -0.285645 -0.659819   1.50126
        0         0         0         1

 -0.10098 -0.869531  0.483445   1.27603
-0.712286  0.402441  0.575056  0.398907
-0.694587 -0.286282 -0.659994   1.50131
        0         0         0         1

-0.100549 -0.869014  0.484463   1.27581
-0.712675  0.402683  0.574404  0.398683
 -0.69425 -0.287509 -0.659814   1.50153
        0         0         0         1

-0.100143 -0.867636   0.48701   1.27549
-0.713386  0.403814  0.572726  0.398577
-0.693579 -0.290071 -0.659398   1.50156
        0         0         0         1

-0.0991367 -0.859731  0.501033   1.27463
-0.712826  0.412677  0.567077   0.39856
-0.694299 -0.300932  -0.65375   1.50176
        0         0         0         1

-0.0984079 -0.855902  0.507689   1.27402
-0.713516   0.41631  0.563543  0.398795
-0.693693 -0.306787 -0.651668   1.50165
        0         0         0         1

-0.0983279 -0.850822  0.516172   1.27343
-0.714332  0.421473   0.55865  0.399158
-0.692864 -0.313788 -0.649212   1.50161
        0         0         0         1

-0.0968995 -0.847531  0.521825   1.27244
-0.715722  0.423667  0.555201  0.399652
 -0.69163 -0.319683  -0.64765   1.50157
        0         0         0         1

-0.0954072 -0.844425  0.527109   1.27112
-0.717299  0.425473  0.551774  0.400319
-0.690202 -0.325452 -0.646299   1.50171
        0         0         0         1

-0.0958498 -0.842956  0.529376   1.27046
-0.718063  0.426862  0.549704  0.400795
-0.689347 -0.327436  -0.64621    1.5018
        0         0         0         1

-0.0955847 -0.838864  0.535883   1.26777
-0.718996  0.430491   0.54564  0.402179
 -0.68841 -0.333143 -0.644288    1.5019
        0         0         0         1

-0.0949251 -0.834768  0.542358   1.26697
-0.717383  0.435092  0.544111  0.402813
-0.690182 -0.337429 -0.640149   1.50202
        0         0         0         1

-0.0933552 -0.829088   0.55127   1.26614
-0.714367  0.441453  0.542953  0.403719
-0.693516 -0.343122 -0.633485   1.50268
        0         0         0         1

-0.0908759 -0.827177  0.554545   1.26468
-0.713145  0.442729  0.543522  0.404695
-0.695102 -0.346078  -0.63013   1.50361
        0         0         0         1

-0.0882822  -0.82126  0.563682   1.26206
-0.710736  0.448417  0.542011  0.407607
-0.697897  -0.35278 -0.623287   1.50622
        0         0         0         1

-0.0876526 -0.818237  0.568159   1.26148
-0.710404  0.451171  0.540158  0.409086
-0.698315 -0.356276 -0.620825   1.50751
        0         0         0         1

-0.0843003 -0.814907  0.573428    1.2598
-0.710068  0.452863  0.539183  0.411382
-0.699069 -0.361719 -0.616816   1.50983
        0         0         0         1

-0.0823314 -0.811884  0.577985   1.25838
-0.710059  0.454737  0.537616  0.413318
-0.699313 -0.366141 -0.613924   1.51217
        0         0         0         1

-0.0799046 -0.808732  0.582725   1.25675
-0.710279  0.456353  0.535952  0.415912
 -0.69937 -0.371072  -0.61089   1.51566
        0         0         0         1

-0.0774865 -0.807139  0.585255   1.25544
-0.711273  0.456101  0.534848  0.418236
-0.698631 -0.374833 -0.609438   1.51859
        0         0         0         1

-0.0715976 -0.802812  0.591918   1.25184
-0.715335  0.454893  0.530441  0.424461
-0.695104 -0.385441 -0.606849    1.5264
        0         0         0         1

-0.0683694 -0.800516  0.595399   1.25008
-0.717671  0.454023  0.528026  0.427305
-0.693018   -0.3912 -0.605548   1.52998
        0         0         0         1

-0.0634375 -0.797595  0.599849   1.24757
 -0.72129  0.452043  0.524784  0.431318
-0.689722 -0.399374 -0.603973   1.53516
        0         0         0         1

-0.0589294  -0.79548  0.603107   1.24491
-0.723087  0.450543    0.5236  0.434248
-0.688239 -0.405243 -0.601751   1.53988
        0         0         0         1

-0.046277 -0.789472  0.612039   1.23774
-0.729129  0.445498   0.51952  0.442069
-0.682809 -0.422214 -0.596244   1.55231
        0         0         0         1

-0.0417036 -0.786876    0.6157   1.23488
-0.732038  0.443461  0.517168  0.445387
-0.679987 -0.429148 -0.594517   1.55792
        0         0         0         1

-0.0342331 -0.783918   0.61992   1.23029
-0.736136  0.439315  0.514884  0.449847
-0.675967 -0.438719 -0.592109   1.56553
        0         0         0         1

-0.0271922 -0.781967  0.622727   1.22588
-0.740017  0.434553  0.513361  0.453508
-0.672039 -0.446869 -0.590485   1.57168
        0         0         0         1

-0.0194944  -0.77912  0.626572   1.22095
-0.744985  0.429274  0.510609  0.458418
-0.666796 -0.456833 -0.588801   1.58016
        0         0         0         1

-0.0123649 -0.776954  0.629436   1.21652
-0.748441  0.424625   0.50944  0.462362
-0.663086 -0.464797 -0.586755    1.5876
        0         0         0         1

0.00345098 -0.772481  0.635028   1.20644
-0.759112  0.411354  0.504517  0.472901
-0.650951 -0.483799  -0.58498   1.60651
        0         0         0         1

0.0119188 -0.770794  0.636973    1.2014
-0.762869  0.404816  0.504138  0.477383
-0.646443 -0.491936 -0.583189    1.6154
        0         0         0         1

0.0199582 -0.768673  0.639331   1.19611
 -0.76993  0.396121  0.500295   0.48402
-0.637816 -0.502225 -0.583919   1.62594
        0         0         0         1

0.0290571 -0.766996  0.640994   1.19033
-0.774657  0.387988  0.499372  0.489391
-0.631714 -0.511061 -0.582885   1.63494
        0         0         0         1

0.0448431 -0.763315  0.644468   1.17914
-0.787515  0.369918  0.492931  0.503435
-0.614662 -0.529633 -0.584534   1.65843
        0         0         0         1

 0.052569 -0.762326  0.645055   1.17374
-0.792518   0.36116  0.491405  0.509435
-0.607579  -0.53705 -0.585171   1.66858
        0         0         0         1

0.0595202 -0.760743  0.646318   1.16785
 -0.80033  0.350596  0.486369  0.517966
-0.596599 -0.546217 -0.587978   1.68204
        0         0         0         1

0.0663464 -0.759933  0.646606   1.16239
-0.805663  0.341506  0.484026  0.524655
-0.588647  -0.55306 -0.589592   1.69279
        0         0         0         1

0.0736714 -0.757909  0.648187   1.15584
-0.811805  0.331944  0.480402  0.533653
-0.579262 -0.561593  -0.59082   1.70797
        0         0         0         1

 0.081093  -0.75573  0.649843   1.14988
-0.818335   0.32172  0.476261  0.541361
-0.568992  -0.57041 -0.592351    1.7187
        0         0         0         1

0.0939473 -0.750868  0.653736   1.13689
-0.831896   0.30152  0.465871  0.561336
-0.546922 -0.587607 -0.596317   1.74722
        0         0         0         1

 0.100904 -0.747471  0.656587    1.1303
 -0.83673  0.293278  0.462462  0.569811
-0.538239  -0.59605 -0.595838   1.75941
        0         0         0         1

 0.109489 -0.743101  0.660161   1.12151
-0.843352  0.282069  0.457379  0.581186
-0.526089 -0.606826 -0.595812   1.77489
        0         0         0         1

 0.115192 -0.739278  0.663474   1.11528
-0.848517  0.274047  0.452677   0.59049
-0.516477 -0.615114 -0.595722   1.78708
        0         0         0         1

  0.12833  -0.72997  0.671324   1.09953
-0.859803  0.255457  0.442132  0.613865
-0.494237 -0.633945 -0.594847    1.8192
        0         0         0         1

 0.133122 -0.726956  0.673657   1.09291
-0.863634  0.248373  0.438688   0.62369
-0.486225 -0.640192  -0.59476   1.83279
        0         0         0         1

 0.136751 -0.724529  0.675542   1.08599
-0.870541  0.237526  0.430975  0.637901
-0.472713 -0.647023 -0.598251   1.84874
        0         0         0         1

 0.142897 -0.721715   0.67728    1.0791
-0.874464  0.228444  0.427932  0.648493
-0.463566 -0.653407  -0.59847   1.86239
        0         0         0         1

 0.146721  -0.71942  0.678902   1.07165
-0.880454  0.217843  0.421123   0.66307
-0.450858  -0.65953 -0.601454   1.87953
        0         0         0         1

 0.148042 -0.717669  0.680467   1.06642
-0.886196  0.209171  0.413407  0.675116
-0.439023 -0.664228 -0.605029   1.89202
        0         0         0         1

 0.151934 -0.713859   0.68361   1.05239
-0.898784  0.187973  0.396048  0.705545
-0.411223  -0.67459 -0.613045   1.92501
        0         0         0         1

 0.151029 -0.714456  0.683186   1.04846
 -0.90465  0.178707  0.386874  0.718637
-0.398495 -0.676474 -0.619343    1.9384
        0         0         0         1

 0.155808 -0.713126  0.683502   1.03744
  -0.9093  0.166761  0.381268  0.734943
-0.385873 -0.680913 -0.622462   1.95728
        0         0         0         1

 0.156116 -0.711081   0.68556   1.03139
-0.914849  0.157582  0.371779  0.748793
-0.372397 -0.685224  -0.62593   1.96979
        0         0         0         1

 0.154565 -0.711865  0.685097   1.01697
-0.925297  0.138765  0.352943  0.781345
-0.346316 -0.688471 -0.637238   2.00562
        0         0         0         1

 0.154487 -0.710426  0.686607   1.01121
-0.930031  0.129966  0.343732  0.795997
-0.333432 -0.691668  -0.64064   2.01876
        0         0         0         1

 0.151661 -0.711314  0.686317     1.004
-0.935666  0.120518  0.331669  0.815024
-0.318634 -0.692465 -0.647275   2.03699
        0         0         0         1

 0.150712 -0.711385  0.686452   0.99787
-0.939435  0.113146   0.32351  0.828426
 -0.30781 -0.693635 -0.651248   2.05206
        0         0         0         1

 0.146884 -0.712559  0.686065  0.991076
-0.945749  0.102038   0.30846  0.848397
  -0.2898 -0.694153 -0.658914   2.06884
        0         0         0         1

 0.144406 -0.713439  0.685676  0.985903
-0.949639 0.0948182  0.298656  0.863263
-0.278087 -0.694272 -0.663818   2.08414
        0         0         0         1

 0.137432 -0.715272    0.6852  0.971007
-0.960499 0.0727613  0.268603  0.904772
 -0.24198 -0.695048 -0.677018    2.1111
        0         0         0         1

 0.134504 -0.715817  0.685211  0.964393
-0.963166 0.0680508  0.260156  0.919726
-0.232853 -0.694964 -0.680297   2.12603
        0         0         0         1

  0.12631 -0.719112  0.683318  0.960532
-0.967854 0.0616917  0.243829  0.939487
-0.217496  -0.69215 -0.688203   2.14478
        0         0         0         1

 0.125767 -0.720285  0.682182  0.952146
-0.969577 0.0563217  0.238218  0.953521
-0.210007 -0.691388 -0.691288   2.15897
        0         0         0         1

 0.110729 -0.723825   0.68104  0.942863
-0.977507 0.0444429  0.206166  0.995155
-0.179495  -0.68855 -0.702623   2.18755
        0         0         0         1

 0.102332 -0.724581   0.68155   0.93799
-0.980754 0.0410396  0.190887   1.01173
-0.166284 -0.687966 -0.706436   2.19985
        0         0         0         1

0.0991612 -0.724883  0.681698  0.927981
-0.983574 0.0324383  0.177566   1.03324
-0.150828 -0.688108  -0.70976   2.21456
        0         0         0         1

0.0965402 -0.722605  0.684487   0.91798
-0.986371 0.0226014  0.162978    1.0521
-0.133239 -0.690891 -0.710575   2.22203
        0         0         0         1

0.0776142 -0.727802  0.681381  0.921756
-0.989399 0.0279117  0.142513   1.07432
 -0.12274 -0.685219  -0.71792    2.2405
        0         0         0         1

0.0693676 -0.729853  0.680076  0.916554
-0.990549 0.0304648   0.13373   1.08906
-0.118322 -0.682925 -0.720842   2.25721
        0         0         0         1

0.0558351 -0.730425  0.680707  0.898467
-0.994256 0.0216729   0.10481   1.13092
-0.0913087 -0.682649  -0.72502   2.28013
        0         0         0         1

0.0445161 -0.728708  0.683377  0.893835
-0.996469 0.0163613 0.0823579   1.15138
-0.0711958  -0.68463 -0.725406   2.28459
        0         0         0         1

0.0335926 -0.730851   0.68171  0.890517
-0.997404 0.0189575 0.0694731   1.17102
-0.063698 -0.682274 -0.728317    2.3046
        0         0         0         1

0.0268075 -0.730667  0.682208  0.884403
-0.998363 0.0149295 0.0552208   1.19083
-0.0505331 -0.682571  -0.72907   2.31035
        0         0         0         1

