 0.591917 -0.250151  0.766197   1.46077
-0.793195 -0.349557   0.49865   1.06626
 0.143091 -0.902903 -0.405327   2.04076
        0         0         0         1

 0.586571 -0.253891  0.769074   1.46755
-0.799881 -0.330492  0.500964    1.0504
 0.126983 -0.909018  -0.39694   2.03597
        0         0         0         1

 0.582091 -0.255107  0.772069    1.4715
  -0.8048 -0.316267  0.502267   1.03768
 0.116048 -0.913726 -0.389406   2.03306
        0         0         0         1

 0.574843 -0.261175  0.775463   1.47856
-0.812722 -0.292343  0.504002    1.0152
 0.095069 -0.919958 -0.380314   2.01677
        0         0         0         1

 0.567409  -0.27036  0.777787   1.48734
-0.819367 -0.279164  0.500705   1.00334
0.0817595 -0.921397 -0.379924   2.01116
        0         0         0         1

 0.564636 -0.274435  0.778378   1.48691
-0.822607 -0.263807  0.503709  0.990641
0.0671058 -0.924712 -0.374707   2.00517
        0         0         0         1

 0.563375 -0.276935  0.778405   1.48787
-0.824034 -0.256533  0.505132  0.981536
0.0597974 -0.926012 -0.372729   1.99914
        0         0         0         1

 0.554947  -0.29115  0.779272   1.49437
-0.831414 -0.225663  0.507767  0.956413
0.0280164 -0.929681 -0.367298   1.98889
        0         0         0         1

 0.551042 -0.297325  0.779712   1.49692
-0.834296 -0.215765  0.507342   0.94674
0.0173895 -0.930077 -0.366953   1.98187
        0         0         0         1

 0.549223  -0.30211  0.779156   1.49884
 -0.83566 -0.204304  0.509836  0.935528
0.00515849 -0.931123  -0.36467   1.97345
        0         0         0         1

 0.542949 -0.310442  0.780277   1.50412
-0.839729 -0.192057  0.507907   0.92579
-0.00781854 -0.930989 -0.364964   1.96426
        0         0         0         1

 0.544201 -0.310803   0.77926   1.50249
-0.838695 -0.178426  0.514544  0.914068
-0.020881 -0.933577 -0.357768   1.95775
        0         0         0         1

  0.54391  -0.31435   0.77804   1.50326
-0.838378  -0.16397  0.519842  0.904156
-0.0358375 -0.935039 -0.352729   1.95348
        0         0         0         1

  0.53714  -0.32335  0.779054   1.51039
-0.841109 -0.135932  0.523506  0.882872
-0.0633773 -0.936465 -0.344987   1.93472
        0         0         0         1

 0.540996 -0.321391  0.777194    1.5071
-0.837673 -0.123485   0.53203  0.874047
-0.0750179  -0.93886 -0.336026   1.93007
        0         0         0         1

 0.536664 -0.329451  0.776823   1.51105
-0.838741 -0.107655  0.533783  0.863595
-0.0922264 -0.938015 -0.334098   1.91935
        0         0         0         1

  0.534243  -0.332812   0.777059     1.5137
 -0.838685 -0.0936391   0.536506   0.854452
 -0.105793  -0.938332  -0.329151    1.91254
         0          0          0          1

   0.52779  -0.341784   0.777574    1.51984
 -0.838551 -0.0639893   0.541052   0.836348
 -0.135166  -0.937598  -0.320376    1.89108
         0          0          0          1

 0.526462  -0.34057  0.779005   1.52032
-0.838397 -0.055824  0.542194  0.829973
-0.141168  -0.93856 -0.314922   1.88021
        0         0         0         1

  0.519985  -0.342435    0.78253    1.52601
 -0.840042 -0.0390502   0.541114   0.820213
 -0.154738   -0.93873  -0.307966    1.86928
         0          0          0          1

  0.516306  -0.342056   0.785128    1.52806
 -0.840213 -0.0248907   0.541685   0.813508
 -0.165744   -0.93935  -0.300251    1.86137
         0          0          0          1

  0.520511  -0.333384   0.786081    1.52319
  -0.83603 -0.0118583   0.548556   0.805762
 -0.173558  -0.942716  -0.284891    1.85175
         0          0          0          1

  0.513058  -0.333003   0.791126    1.52755
 -0.838466 0.00282025   0.544946   0.798243
   -0.1837  -0.942922  -0.277765    1.84306
         0          0          0          1

 0.505815 -0.323122   0.79984   1.52843
-0.839218 0.0302819  0.542951  0.783273
 -0.19966 -0.945873 -0.255853   1.82424
        0         0         0         1

 0.500342  -0.32134  0.803989   1.53043
-0.841325 0.0389075  0.539128  0.777618
-0.204524 -0.946164 -0.250884   1.81469
        0         0         0         1

  0.49532 -0.317574  0.808582   1.53139
-0.842288 0.0522499  0.536489  0.770501
-0.212623 -0.946793 -0.241608   1.80521
        0         0         0         1

 0.490972 -0.314775  0.812319   1.53259
-0.842845 0.0642245   0.53431  0.764787
-0.220358 -0.946991 -0.233774   1.79652
        0         0         0         1

 0.476672  -0.30933   0.82286   1.53932
-0.847232 0.0880218  0.523879  0.750985
-0.234481 -0.946872 -0.220117   1.77487
        0         0         0         1

 0.475326 -0.304015  0.825615   1.53862
-0.846427  0.098027  0.523404  0.746236
-0.240056  -0.94761 -0.210732   1.76748
        0         0         0         1

 0.472903 -0.297305  0.829441   1.53829
-0.846252  0.108922   0.52153  0.740283
-0.245398 -0.948549 -0.200085   1.75757
        0         0         0         1

  0.46943 -0.295094  0.832199   1.53875
-0.847002  0.115767  0.518831  0.735831
-0.249445 -0.948429 -0.195601   1.74911
        0         0         0         1

 0.466106 -0.290617  0.835636   1.53941
-0.846893  0.126698  0.516449  0.729603
-0.255962 -0.948414 -0.187067   1.74074
        0         0         0         1

 0.460898 -0.291005  0.838385   1.54081
-0.848835  0.131094  0.512146  0.725273
-0.258944 -0.947697 -0.186594   1.73129
        0         0         0         1

 0.451897 -0.285662  0.845095   1.54126
-0.851444  0.144515  0.504141  0.715265
-0.266143 -0.947372 -0.177919    1.7142
        0         0         0         1

 0.449627 -0.283761  0.846945   1.54099
 -0.85175  0.149341  0.502214  0.711707
-0.268992 -0.947194 -0.174546   1.70702
        0         0         0         1

 0.445088 -0.280514  0.850417   1.54198
-0.852851  0.156756  0.498069  0.706444
-0.273024 -0.946963 -0.169466   1.69904
        0         0         0         1

 0.439533  -0.27906  0.853778    1.5437
-0.853788  0.165475  0.493624  0.701768
-0.279029 -0.945909 -0.165527   1.69283
        0         0         0         1

 0.430634 -0.274379  0.859808   1.54599
-0.856247  0.176945  0.485316  0.693039
-0.285299 -0.945202 -0.158737   1.67627
        0         0         0         1

 0.427099 -0.272161  0.862273   1.54712
 -0.85723  0.181498  0.481887  0.689641
-0.287652  -0.94498 -0.155787   1.66892
        0         0         0         1

 0.428405 -0.267619  0.863046   1.54592
-0.854975  0.189004  0.483006  0.686163
 -0.29238 -0.944806 -0.147837   1.66275
        0         0         0         1

 0.425788 -0.265622  0.864956   1.54683
-0.855412  0.193404  0.480484  0.682968
-0.294913 -0.944479 -0.144868   1.65612
        0         0         0         1

 0.423971 -0.262817  0.866704   1.54737
-0.855339    0.1984  0.478574  0.679656
-0.297731 -0.944227 -0.140682   1.64908
        0         0         0         1

 0.424071 -0.260481   0.86736   1.54612
-0.855209  0.199925  0.478171  0.677555
-0.297961 -0.944553 -0.137983   1.64241
        0         0         0         1

  0.41676  -0.25542  0.872394   1.54886
-0.855642   0.21379  0.471351  0.670467
-0.306901 -0.942897 -0.129449   1.63132
        0         0         0         1

 0.412177  -0.25595  0.874414   1.55117
-0.856908  0.217164  0.467491  0.667755
-0.309546 -0.941982 -0.129816   1.62564
        0         0         0         1

 0.414151 -0.255897  0.873496   1.54961
-0.855456  0.218388  0.469576  0.665725
-0.310924 -0.941713 -0.128463   1.61903
        0         0         0         1

 0.412808 -0.255915  0.874127   1.55052
-0.855387  0.220762   0.46859   0.66355
-0.312893 -0.941154 -0.127774   1.61451
        0         0         0         1

 0.413946 -0.255862  0.873604    1.5508
 -0.85191  0.229294  0.470822  0.658707
-0.320778 -0.939127 -0.123057   1.60593
        0         0         0         1

 0.415478 -0.256687  0.872634      1.55
-0.850128   0.23163  0.472896  0.657358
-0.323514 -0.938328 -0.121979   1.60194
        0         0         0         1

 0.414372 -0.259492   0.87233   1.55199
-0.850454  0.230901  0.472666  0.655689
-0.324075 -0.937736 -0.125007   1.59456
        0         0         0         1

 0.414595 -0.261131  0.871735   1.55214
-0.849311  0.232955  0.473712  0.654218
-0.326776 -0.936772   -0.1252    1.5912
        0         0         0         1

 0.413979 -0.263535  0.871304   1.55414
-0.848944  0.233652  0.474026   0.65216
-0.328504 -0.935925    -0.127   1.58557
        0         0         0         1

 0.413215 -0.264718  0.871308   1.55546
-0.848715  0.234841  0.473849  0.650629
-0.330055 -0.935294  -0.12763   1.58201
        0         0         0         1

  0.41548 -0.267237   0.86946   1.55444
-0.846042  0.237503  0.477289  0.648674
-0.334049 -0.933904 -0.127416   1.57469
        0         0         0         1

 0.414181 -0.268817  0.869593   1.55638
 -0.84569  0.239604  0.476864  0.647053
-0.336547 -0.932914 -0.128096   1.57205
        0         0         0         1

  0.41523 -0.270964  0.868425   1.55593
-0.843629   0.24251  0.479041  0.645988
-0.340405  -0.93154 -0.127896   1.56942
        0         0         0         1

 0.417398 -0.272873  0.866787   1.55459
-0.842024  0.242554  0.481833  0.645915
-0.341721 -0.930971 -0.128525   1.56661
        0         0         0         1

 0.418028 -0.276845  0.865222   1.55655
-0.839507  0.246187  0.484376  0.643453
-0.347103 -0.928843   -0.1295   1.56191
        0         0         0         1

 0.419322  -0.27961  0.863705    1.5568
-0.837945   0.24686  0.486733  0.642876
 -0.34931 -0.927835 -0.130784   1.55979
        0         0         0         1

 0.422956 -0.282088  0.861124   1.55535
-0.835531  0.246392    0.4911    0.6431
-0.350707 -0.927209  -0.13148   1.55699
        0         0         0         1

 0.423159 -0.284845  0.860116   1.55665
-0.835221  0.245331  0.492157  0.642401
-0.351202 -0.926648 -0.134095   1.55417
        0         0         0         1

 0.422805   -0.2872  0.859507   1.55822
-0.834172  0.247268  0.492966  0.641401
-0.354108 -0.925405 -0.135028   1.55272
        0         0         0         1

 0.423455 -0.290565  0.858054    1.5582
-0.833184  0.246934  0.494801  0.641198
-0.355655 -0.924443 -0.137529   1.55024
        0         0         0         1

 0.425038 -0.292608  0.856576   1.55899
 -0.83049   0.25034   0.49761  0.640083
 -0.36004 -0.922881 -0.136604   1.54804
        0         0         0         1

 0.424684  -0.29506  0.855911   1.55945
-0.829667   0.25154  0.498377  0.639472
-0.362347 -0.921774 -0.137977   1.54639
        0         0         0         1

 0.424537 -0.296752  0.855398   1.56026
 -0.82925  0.251832  0.498924  0.639216
-0.363473 -0.921151  -0.13917   1.54463
        0         0         0         1

 0.426309 -0.298215  0.854007   1.55933
-0.828184  0.251049  0.501084  0.639531
-0.363829 -0.920892 -0.139953   1.54328
        0         0         0         1

 0.425851 -0.301292  0.853156   1.55998
-0.828272  0.249702  0.501612  0.639145
-0.364166 -0.920257 -0.143216   1.53967
        0         0         0         1

 0.425495 -0.303564  0.852527   1.56006
-0.828049  0.249455  0.502103  0.639313
-0.365088 -0.919577 -0.145224   1.53845
        0         0         0         1

 0.424769 -0.305615  0.852157   1.56081
-0.828181  0.248991  0.502115  0.639425
-0.365633 -0.919023 -0.147341     1.537
        0         0         0         1

 0.424395 -0.305882  0.852247   1.56093
-0.828691  0.248106  0.501712  0.639208
-0.364912 -0.919173 -0.148187   1.53576
        0         0         0         1

 0.424663 -0.304276  0.852688   1.56029
-0.828678  0.248684  0.501447  0.638915
-0.364628  -0.91955  -0.14654   1.53589
        0         0         0         1

 0.424327 -0.306723  0.851979   1.56049
-0.829121  0.246627  0.501731  0.638904
-0.364013 -0.919291  -0.14966   1.53533
        0         0         0         1

 0.423345 -0.309298  0.851536   1.56134
-0.830065  0.244186  0.501364  0.638283
-0.363004  -0.91908 -0.153362   1.53502
        0         0         0         1

  0.42434 -0.309715  0.850889   1.56066
-0.829915  0.242831  0.502269  0.638214
-0.362183 -0.919298 -0.153994   1.53485
        0         0         0         1

 0.424906 -0.310267  0.850405    1.5611
-0.830014  0.241403  0.502793  0.637797
-0.361291 -0.919488 -0.154953    1.5345
        0         0         0         1

 0.423793 -0.311056  0.850673   1.56252
-0.830715  0.240827  0.501911  0.637262
-0.360987 -0.919373 -0.156338   1.53376
        0         0         0         1

 0.424037 -0.312924  0.849865   1.56375
-0.830339  0.240315  0.502779  0.636655
-0.361567 -0.918873 -0.157931    1.5332
        0         0         0         1

 0.424011 -0.314056  0.849461     1.564
-0.830189  0.240063  0.503146   0.63642
 -0.36194 -0.918553 -0.158936   1.53294
        0         0         0         1

 0.424687 -0.314532  0.848947   1.56369
-0.829503  0.240505  0.504066  0.636057
-0.362721 -0.918274 -0.158766   1.53315
        0         0         0         1

 0.426107 -0.315493  0.847878   1.56303
-0.828268  0.240918  0.505897  0.635913
-0.363876 -0.917836 -0.158656   1.53342
        0         0         0         1

 0.425976 -0.316656   0.84751   1.56346
-0.827173  0.243168   0.50661  0.635233
-0.366509 -0.916841 -0.158346   1.53443
        0         0         0         1

 0.427946 -0.317669  0.846137   1.56309
-0.825195  0.244546  0.509166  0.635104
-0.368666 -0.916124 -0.157487   1.53526
        0         0         0         1

 0.427785 -0.323076  0.844169   1.56337
-0.822423  0.248339  0.511808  0.634427
-0.374993 -0.913208  -0.15947   1.53554
        0         0         0         1

 0.428032  -0.32535   0.84317    1.5635
-0.821344  0.249213  0.513115  0.634249
-0.377071 -0.912162 -0.160554   1.53577
        0         0         0         1

 0.428152   -0.3268  0.842548   1.56382
-0.820426  0.250367   0.51402  0.634063
-0.378929 -0.911327  -0.16092   1.53595
        0         0         0         1

  0.43003 -0.328313  0.841002   1.56342
-0.818617  0.251022  0.516579  0.634156
-0.380709 -0.910604 -0.160816   1.53611
        0         0         0         1

 0.428247 -0.329148  0.841585   1.56414
-0.817408  0.255982   0.51606  0.633245
-0.385291  -0.90892 -0.159425   1.53709
        0         0         0         1

 0.426352 -0.331569  0.841597   1.56486
-0.817435  0.257166  0.515428  0.632869
 -0.38733 -0.907705 -0.161393   1.53712
        0         0         0         1

 0.426737 -0.334448  0.840262   1.56501
-0.814701  0.261202  0.517721  0.632325
-0.392629 -0.905493 -0.161011   1.53832
        0         0         0         1

 0.426701 -0.335048  0.840041   1.56486
-0.813972   0.26256  0.518181  0.632303
-0.394177 -0.904878 -0.160685   1.53851
        0         0         0         1

 0.427601 -0.334977  0.839612   1.56486
-0.813263  0.262957  0.519093  0.632299
-0.394666  -0.90479 -0.159983   1.53872
        0         0         0         1

 0.428649 -0.335585  0.838834   1.56465
-0.811648  0.264785  0.520688  0.632353
-0.396846 -0.904031 -0.158877   1.53894
        0         0         0         1

 0.427821  -0.33614  0.839035   1.56644
-0.808504  0.272688    0.5215   0.63197
-0.404092 -0.901472 -0.155108    1.5409
        0         0         0         1

 0.430852  -0.33517  0.837871   1.56587
-0.805561  0.275634  0.524498  0.632156
-0.406742 -0.900937 -0.151242   1.54182
        0         0         0         1

 0.430513 -0.335098  0.838074   1.56608
-0.804529  0.278425  0.524607  0.632577
-0.409136 -0.900105  -0.14973   1.54195
        0         0         0         1

 0.430726 -0.334505  0.838201   1.56613
-0.803883  0.279921  0.524801  0.633132
-0.410178 -0.899862 -0.148334   1.54192
        0         0         0         1

 0.432405 -0.334449  0.837359   1.56589
-0.802188  0.281362  0.526621  0.634022
-0.411729 -0.899433 -0.146629   1.54201
        0         0         0         1

 0.432314 -0.333219  0.837896   1.56576
-0.801076  0.284682   0.52653  0.634542
-0.413983 -0.898845 -0.143862   1.54275
        0         0         0         1

 0.430993 -0.330874  0.839504    1.5656
-0.798485  0.293513  0.525616  0.635973
-0.420318 -0.896868 -0.137696   1.54501
        0         0         0         1

 0.430145 -0.330192  0.840208   1.56599
 -0.79821  0.295654  0.524833  0.636705
-0.421706 -0.896416 -0.136388   1.54523
        0         0         0         1

  0.43161 -0.329206  0.839843   1.56525
-0.797474  0.295888  0.525819  0.638134
-0.421602 -0.896702 -0.134825   1.54544
        0         0         0         1

 0.429492 -0.329655  0.840752   1.56603
-0.797964  0.297376  0.524234  0.639001
-0.422836 -0.896044 -0.135333   1.54541
        0         0         0         1

 0.431779 -0.325447   0.84122   1.56482
-0.794302  0.304711  0.525581  0.641172
-0.427378 -0.895118 -0.126935   1.54849
        0         0         0         1

 0.432858 -0.325812  0.840524   1.56414
-0.792952  0.305893  0.526932  0.642363
-0.428792 -0.894581 -0.125945   1.54955
        0         0         0         1

 0.432665 -0.328311  0.839651   1.56438
-0.791751  0.307072   0.52805  0.643608
-0.431198 -0.893263 -0.127082   1.55103
        0         0         0         1

 0.435799 -0.331262  0.836866   1.56214
-0.789989  0.304751  0.532019  0.645607
-0.431273 -0.892968 -0.128883   1.55157
        0         0         0         1

 0.438227  -0.33482  0.834178   1.56057
 -0.78808  0.303218  0.535714  0.647638
-0.432305 -0.892163 -0.130986   1.55326
        0         0         0         1

   0.4373 -0.337158  0.833723   1.56171
-0.787847  0.303422  0.535941  0.648481
-0.433667 -0.891212 -0.132942   1.55478
        0         0         0         1

 0.438904 -0.340133  0.831669   1.56148
-0.786413  0.302319  0.538663  0.651872
-0.434646 -0.890457 -0.134795   1.55815
        0         0         0         1

 0.441425 -0.339681  0.830518   1.56035
-0.785399  0.301335   0.54069  0.653926
-0.433926 -0.890962 -0.133769   1.55995
        0         0         0         1

 0.442034 -0.338333  0.830745   1.56095
 -0.78545  0.301293  0.540639  0.655771
-0.433213 -0.891489 -0.132562   1.56248
        0         0         0         1

 0.444367 -0.336488  0.830249   1.55912
-0.785282  0.299705  0.541765    0.6582
-0.431127 -0.892722 -0.131059   1.56481
        0         0         0         1

 0.446745 -0.332113  0.830734   1.55844
-0.787958  0.293711  0.541162  0.664067
-0.423722 -0.896345 -0.130478   1.56929
        0         0         0         1

 0.451311 -0.327482  0.830105   1.55509
-0.789841   0.28632  0.542376   0.66771
-0.415294 -0.900431 -0.129439   1.57173
        0         0         0         1

 0.453182 -0.319797  0.832079   1.55478
-0.793041  0.281628  0.540159  0.670541
-0.407078 -0.904663 -0.125983   1.57693
        0         0         0         1

 0.455002 -0.314522  0.833096   1.55351
-0.796888  0.273714  0.538563  0.673724
 -0.39742 -0.908931 -0.126098   1.57918
        0         0         0         1

 0.458001 -0.305487  0.834813   1.55184
-0.800347  0.267007  0.536799   0.67728
-0.386885 -0.913994 -0.122206   1.58447
        0         0         0         1

 0.458734 -0.300591  0.836187   1.55152
 -0.80413  0.259962  0.534598   0.68024
-0.378072 -0.917641  -0.12246   1.58784
        0         0         0         1

 0.462973 -0.283232  0.839902     1.549
-0.810686  0.247831  0.530442  0.687413
-0.358392 -0.926477 -0.114873   1.59901
        0         0         0         1

 0.465469 -0.277382  0.840475   1.54817
-0.813284   0.24057  0.529806  0.690525
-0.349151 -0.930153 -0.113613   1.60296
        0         0         0         1

 0.471172 -0.268452  0.840197   1.54541
-0.816167  0.228517  0.530709  0.695674
-0.334469 -0.935796 -0.111431   1.60841
        0         0         0         1

 0.475774 -0.260465  0.840117   1.54417
-0.816815  0.223468   0.53186  0.698153
 -0.32627 -0.939266 -0.106432   1.61647
        0         0         0         1

 0.486568 -0.247324  0.837904   1.54165
-0.820955  0.198592  0.535344  0.706877
-0.298804 -0.948363 -0.106414   1.63156
        0         0         0         1

 0.490016 -0.241613   0.83756   1.54109
-0.823324  0.187391  0.535744  0.710798
-0.286394 -0.952107 -0.107101   1.63923
        0         0         0         1

 0.495271 -0.236785  0.835846   1.54051
-0.825808  0.170393  0.537594  0.716141
-0.269717 -0.956504 -0.111148   1.64781
        0         0         0         1

 0.501133 -0.230093   0.83422   1.53944
-0.827783  0.153567  0.539622  0.721387
-0.252272 -0.960976  -0.11351   1.65494
        0         0         0         1

 0.505855 -0.222251  0.833496   1.54003
-0.829652  0.139217  0.540645  0.726533
-0.236195 -0.964999 -0.113968   1.66773
        0         0         0         1

 0.514762 -0.213641  0.830288    1.5373
-0.829098  0.122446   0.54553  0.733171
-0.218213 -0.969208 -0.114098   1.67665
        0         0         0         1

 0.530072 -0.196501   0.82487   1.53536
-0.829523 0.0815427  0.552487  0.747959
-0.175827 -0.977107 -0.119779   1.69873
        0         0         0         1

 0.533984 -0.188888  0.824125   1.53618
-0.830028 0.0684751  0.553503   0.75317
-0.160982 -0.979608 -0.120217   1.71104
        0         0         0         1

  0.54198 -0.179664  0.820962   1.53434
-0.828701 0.0481222   0.55762  0.762054
 -0.13969  -0.98255 -0.122806    1.7251
        0         0         0         1

 0.548513  -0.17211  0.818237   1.53364
-0.827173 0.0312546  0.561077  0.769142
-0.122141 -0.984582 -0.125222   1.73621
        0         0         0         1

  0.561898  -0.157802   0.812015    1.53311
 -0.823568 -0.0147554   0.567025   0.788891
-0.0774959  -0.987361  -0.138251    1.76048
         0          0          0          1

  0.572856  -0.149332   0.805938    1.53006
 -0.817705 -0.0363071   0.574492   0.799083
-0.0565285   -0.98812  -0.142908    1.77082
         0          0          0          1

  0.581323  -0.140442   0.801461    1.52888
 -0.812903 -0.0573958   0.579565   0.810182
-0.0353946  -0.988424  -0.147531    1.78734
         0          0          0          1

 0.587706 -0.135843  0.797589   1.52926
  -0.8089 -0.078166  0.582727  0.820335
-0.0168147 -0.987642 -0.155822   1.79755
        0         0         0         1

 0.596884 -0.127595  0.792117   1.52995
-0.802311 -0.101283  0.588251   0.83248
0.0051702 -0.986641 -0.162825   1.81197
        0         0         0         1

 0.607208 -0.117148   0.78586   1.52755
-0.794115 -0.121944  0.595408  0.844156
0.0260797 -0.985599 -0.167074   1.82476
        0         0         0         1

  0.631457 -0.0943927   0.769644    1.52006
 -0.772013  -0.169343   0.612632   0.872986
 0.0725054  -0.981027  -0.179805    1.85311
         0          0          0          1

  0.637766 -0.0865988   0.765346    1.52067
 -0.765004  -0.186772   0.616348   0.884877
   0.08957  -0.978579  -0.185365    1.86628
         0          0          0          1

  0.648873 -0.0742284   0.757267    1.51555
 -0.751508  -0.218375   0.622533   0.903017
  0.119159  -0.973038  -0.197481    1.87811
         0          0          0          1

  0.656743 -0.0663025   0.751194    1.51258
 -0.740625  -0.244276   0.625942   0.917745
  0.141997  -0.967436  -0.209532     1.8888
         0          0          0          1

  0.670799 -0.0557319   0.739543    1.50798
 -0.718425  -0.296371   0.629309   0.951879
  0.184107  -0.953445  -0.238845    1.91469
         0          0          0          1

  0.674539 -0.0536962   0.736283    1.50685
 -0.710126  -0.319806   0.627252    0.96691
  0.201787   -0.94596  -0.253853     1.9248
         0          0          0          1

  0.682838 -0.0467636   0.729072    1.49953
  -0.69452  -0.351165   0.627953   0.988404
  0.226659  -0.935145  -0.272267    1.93535
         0          0          0          1

   0.68552 -0.0466993   0.726554    1.49849
 -0.688364  -0.366569   0.625925    1.00164
  0.237102  -0.929218  -0.283436     1.9502
         0          0          0          1

  0.692807 -0.0376018   0.720142    1.48975
 -0.672529  -0.394078   0.626424    1.02126
  0.260238  -0.918307  -0.298308    1.96385
         0          0          0          1

 0.695912 -0.040281  0.716996   1.48981
-0.662844 -0.420183  0.619746   1.03878
 0.276306 -0.906545  -0.31911    1.9688
        0         0         0         1

  0.713158 -0.0285278   0.700423    1.47183
 -0.629951    -0.4644    0.62249    1.07751
  0.307518  -0.885166  -0.349162    1.99335
         0          0          0          1

  0.718276 -0.0330771   0.694971    1.47321
 -0.620674  -0.481822   0.618556    1.09366
  0.314393  -0.875644  -0.366612    2.00102
         0          0          0          1

  0.726777 -0.0281737   0.686295    1.46697
 -0.602361  -0.506299   0.617108    1.11572
  0.330084  -0.861898  -0.384937    2.00717
         0          0          0          1

  0.734452 -0.0220274   0.678303    1.46187
 -0.584456  -0.528545   0.615672     1.1353
  0.344952   -0.84862  -0.401065    2.01022
         0          0          0          1

   0.74721 -0.0137009   0.664446    1.45543
 -0.554365  -0.564272   0.611782    1.17479
  0.366546  -0.825476  -0.429225    2.02523
         0          0          0          1

  0.752726 -0.0109026   0.658244    1.44961
 -0.541594   -0.57869   0.609748    1.19058
  0.374271  -0.815474    -0.4415    2.03172
         0          0          0          1

