  0.515672   0.183208   0.836969    1.16807
 -0.847882 -0.0313479   0.529258    1.07544
  0.123202  -0.982574   0.139174    1.80118
         0          0          0          1

  0.515502   0.179216   0.837938    1.16939
  -0.84914 -0.0243635   0.527605    1.06864
   0.11497  -0.983508    0.13962    1.79791
         0          0          0          1

   0.518422    0.174936     0.83704     1.16754
  -0.849688 -0.00483046    0.527264     1.05343
  0.0962807   -0.984568    0.146137     1.79057
          0           0           0           1

  0.518792   0.171491   0.837524     1.1697
 -0.850486 0.00410249   0.525982    1.04682
 0.0867652  -0.985177   0.147979     1.7872
         0          0          0          1

 0.514536  0.169078  0.840634   1.17599
  -0.8558 0.0401295  0.515748   1.02162
0.0534675 -0.984785  0.165345   1.77182
        0         0         0         1

 0.512689  0.170677  0.841439   1.17655
-0.857445 0.0515319  0.511989   1.01519
0.0440238 -0.983979  0.172766   1.76869
        0         0         0         1

 0.508074   0.18061  0.842164   1.17709
-0.860709 0.0698557  0.504281   1.00278
0.0322481 -0.981071  0.190944    1.7586
        0         0         0         1

 0.505461  0.183622  0.843085   1.17654
-0.862487 0.0791962  0.499844   0.99636
0.0250135 -0.979801  0.198402   1.75448
        0         0         0         1

  0.49894  0.187588  0.846091   1.17821
-0.866627  0.103283  0.488151  0.982338
0.00418445 -0.976803  0.214101   1.74904
        0         0         0         1

 0.493363  0.187804  0.849307   1.18125
-0.869823  0.108055  0.481386  0.976233
-0.00136506 -0.976245  0.216667   1.74296
        0         0         0         1

 0.490012  0.189517  0.850865   1.18036
-0.871261  0.137999  0.471021  0.952758
-0.0281522 -0.972131   0.23274   1.72765
        0         0         0         1

 0.489118  0.188453  0.851615   1.17989
-0.871451  0.146506  0.468091  0.946747
-0.0365533 -0.971093  0.235886     1.723
        0         0         0         1

 0.484451  0.182194  0.855636    1.1827
-0.873065  0.162588  0.459698   0.93536
-0.0553617 -0.969727  0.237833   1.71078
        0         0         0         1

 0.484271    0.1799  0.856223   1.18289
-0.872489  0.172169  0.457297  0.928947
-0.0651477 -0.968501  0.240337   1.70607
        0         0         0         1

 0.480321  0.176303  0.859191   1.18591
 -0.87203  0.201084  0.446238  0.908876
-0.0940965 -0.963578  0.250326   1.68641
        0         0         0         1

  0.47766  0.179459   0.86002   1.18604
-0.872765   0.20903  0.441121   0.90376
-0.100607 -0.961302  0.256471   1.68096
        0         0         0         1

 0.471795  0.186443   0.86177    1.1877
-0.873712  0.230197  0.428529  0.892106
-0.118481 -0.955117  0.271503   1.67122
        0         0         0         1

0.471148 0.187971 0.861792  1.18707
-0.873157 0.237811 0.425491 0.886875
-0.124964 -0.95295 0.276172  1.66559
       0        0        0        1

 0.468342  0.186089  0.863729   1.18758
-0.872485  0.251614   0.41888  0.876786
-0.139378 -0.949769  0.280201   1.65302
        0         0         0         1

 0.467656  0.183025  0.864754   1.18761
-0.871573  0.258373  0.416659   0.87176
-0.147171 -0.948549  0.280349   1.64761
        0         0         0         1

 0.468326  0.174378  0.866177   1.18898
-0.866391  0.282927  0.411484  0.852864
-0.173311 -0.943157  0.283581   1.62879
        0         0         0         1

 0.470889  0.170786  0.865503    1.1888
-0.863257  0.291381   0.41217  0.848072
-0.181798 -0.941238   0.28464   1.62437
        0         0         0         1

 0.472616   0.16271  0.866118   1.19153
-0.858387  0.307499   0.41063  0.837751
-0.199516 -0.937534  0.284997   1.61383
        0         0         0         1

 0.473534  0.160022  0.866117   1.19151
-0.856803  0.311555   0.41088  0.833975
-0.204093 -0.936657  0.284639   1.60714
        0         0         0         1

 0.474366  0.152211  0.867069   1.19051
-0.850346  0.334085  0.406569  0.818695
-0.227791 -0.930172   0.28791   1.58746
        0         0         0         1

 0.471807  0.151723   0.86855    1.1919
-0.850037  0.339898  0.402376  0.814592
-0.234169 -0.928143  0.289336   1.58242
        0         0         0         1

  0.46897   0.15304  0.869854   1.19302
-0.848913  0.349909  0.396118  0.806492
-0.243747 -0.924198  0.294015   1.56959
        0         0         0         1

 0.466979  0.153135  0.870908   1.19331
-0.848198  0.355998  0.392206  0.802666
-0.249981 -0.921854  0.296132   1.56506
        0         0         0         1

0.462793 0.150094 0.873667  1.19393
-0.846504 0.367404 0.385285 0.794708
-0.26316 -0.91787 0.297087  1.55562
       0        0        0        1

 0.459271  0.149697  0.875592    1.1952
-0.846772  0.371626  0.380618  0.791181
-0.268415 -0.916234  0.297437   1.55131
        0         0         0         1

 0.458085  0.148467  0.876422   1.19532
-0.842197  0.387899  0.374485  0.779087
-0.284365 -0.909666  0.302729   1.53402
        0         0         0         1

 0.460541  0.149626  0.874937   1.19478
 -0.84025  0.391247  0.375374  0.776136
-0.286151 -0.908041  0.305908   1.52908
        0         0         0         1

 0.461132  0.149892   0.87458   1.19678
-0.836598  0.401943  0.372217  0.769947
-0.295739 -0.903313  0.310748   1.52079
        0         0         0         1

 0.463294  0.149539  0.873497   1.19681
-0.834081   0.40663  0.372775  0.767055
-0.299445 -0.901271  0.313117   1.51626
        0         0         0         1

  0.46717   0.14807  0.871681   1.19688
-0.828603  0.417301  0.373197  0.761042
-0.308494 -0.896624  0.317642   1.50829
        0         0         0         1

  0.46611  0.147012  0.872427    1.1979
-0.828114  0.419573  0.371733  0.758526
-0.311397 -0.895738   0.31731   1.50372
        0         0         0         1

 0.463996  0.144426  0.873985   1.19865
-0.823872  0.432878  0.365858  0.749083
 -0.32549 -0.889808  0.319842   1.49032
        0         0         0         1

 0.463681  0.143479  0.874308   1.19795
-0.821926  0.438107  0.364005  0.746632
-0.330813 -0.887399  0.321071   1.48761
        0         0         0         1

 0.460897  0.140913  0.876195    1.1982
-0.820975  0.442629  0.360665  0.742032
-0.337007 -0.885564  0.319692   1.47973
        0         0         0         1

 0.462225  0.140383   0.87558   1.19704
-0.819555  0.444698  0.361349  0.740102
-0.338642 -0.884611  0.320602   1.47607
        0         0         0         1

 0.459443  0.141064  0.876934   1.19863
-0.818512  0.450614  0.356348  0.732388
-0.344891 -0.881503  0.322494   1.46403
        0         0         0         1

 0.458983  0.141439  0.877115   1.19864
-0.817743  0.453198  0.354834   0.73023
 -0.34732 -0.880117  0.323671   1.46173
        0         0         0         1

 0.455907  0.142878  0.878485   1.19924
-0.818819  0.454184  0.351073  0.726247
-0.348833 -0.879376  0.324057   1.45555
        0         0         0         1

 0.453564  0.144378  0.879451   1.19985
-0.819132  0.456332   0.34754  0.724216
-0.351144 -0.878018   0.32524   1.45346
        0         0         0         1

 0.449816  0.145786  0.881142   1.19931
 -0.81939  0.459889  0.342203  0.720131
-0.355339 -0.875927  0.326321   1.44838
        0         0         0         1

 0.446636  0.145904  0.882739   1.19935
-0.819982  0.461493  0.338605  0.718115
-0.357974 -0.875064  0.325758   1.44602
        0         0         0         1

 0.441164  0.143365  0.885901   1.19665
-0.817864  0.470588  0.331128   0.71099
-0.369422 -0.870628   0.32486   1.43956
        0         0         0         1

 0.439157  0.142977   0.88696   1.19679
-0.818562  0.470559  0.329438  0.709318
-0.370265 -0.870708  0.323685   1.43662
        0         0         0         1

 0.436355  0.140742  0.888699   1.19671
 -0.81804  0.473374  0.326693   0.70531
-0.374708 -0.869545  0.321691   1.43259
        0         0         0         1

  0.43514  0.139128  0.889549   1.19712
-0.818024   0.47385  0.326041  0.703698
-0.376151 -0.869546  0.320001   1.43076
        0         0         0         1

 0.435654  0.130783  0.890563   1.19714
-0.815233  0.476751  0.328791  0.697328
-0.381576 -0.869255  0.314317   1.42547
        0         0         0         1

 0.436356  0.129327  0.890431   1.19737
-0.814965  0.476232  0.330205  0.695689
-0.381347 -0.869757  0.313204   1.42344
        0         0         0         1

 0.437857  0.126771  0.890062   1.19807
-0.813708  0.476871  0.332375  0.692033
-0.382309 -0.869783  0.311956   1.42045
        0         0         0         1

 0.439348  0.125493  0.889508   1.19766
-0.813057  0.476603  0.334347   0.69061
-0.381984 -0.870115  0.311427   1.41864
        0         0         0         1

  0.44122   0.12298  0.888933   1.19786
-0.811081  0.478538  0.336375   0.68688
-0.384021 -0.869412  0.310887   1.41686
        0         0         0         1

 0.442235  0.121453  0.888638   1.19704
-0.810589  0.478202  0.338036  0.685418
-0.383893 -0.869811  0.309926   1.41511
        0         0         0         1

 0.444761  0.114793  0.888263    1.1957
-0.808163  0.478945  0.342759  0.680237
-0.386082 -0.870307  0.305787   1.41122
        0         0         0         1

 0.445081  0.111801  0.888484   1.19563
-0.807652  0.478662  0.344357  0.678811
-0.386784 -0.870852  0.303339   1.41043
        0         0         0         1

 0.444138   0.10547  0.889729   1.19674
-0.807992   0.47626  0.346879  0.676457
-0.387157 -0.872956  0.296745   1.40787
        0         0         0         1

 0.444336  0.103148  0.889902   1.19687
-0.807596  0.476072  0.348059  0.675217
-0.387756 -0.873336  0.294838   1.40734
        0         0         0         1

 0.445454 0.0974453  0.889986   1.19743
 -0.80553  0.477483  0.350902  0.670548
-0.390759 -0.873221  0.291192   1.40559
        0         0         0         1

 0.445133 0.0965105  0.890248    1.1977
-0.805571  0.477304   0.35105   0.66934
-0.391039 -0.873423   0.29021    1.4048
        0         0         0         1

 0.446082 0.0953182  0.889902   1.19676
-0.805166  0.476901  0.352524  0.667133
-0.390793 -0.873773  0.289484   1.40276
        0         0         0         1

 0.444918 0.0955327  0.890461    1.1978
-0.805527  0.477206  0.351284  0.666065
-0.391375 -0.873583  0.289272   1.40222
        0         0         0         1

 0.444893 0.0953128  0.890498   1.19765
-0.805495  0.477213  0.351348  0.664554
-0.391469 -0.873603  0.289083   1.40018
        0         0         0         1

 0.445578  0.094742  0.890216   1.19718
-0.805246  0.476939   0.35229  0.663562
-0.391202 -0.873815  0.288805   1.39894
        0         0         0         1

 0.443434 0.0928416  0.891486   1.19966
-0.805776  0.476895  0.351136  0.660576
-0.392546 -0.874043  0.286281   1.39654
        0         0         0         1

 0.443779 0.0915098  0.891452   1.19929
-0.805608  0.476441  0.352136  0.659848
-0.392501 -0.874431  0.285156   1.39544
        0         0         0         1

 0.443654 0.0893122  0.891737   1.19991
 -0.80556  0.475788  0.353127  0.658672
-0.392739 -0.875014  0.283031   1.39372
        0         0         0         1

  0.44421 0.0886464  0.891526   1.19991
-0.805132  0.475986  0.353836  0.658099
-0.392988 -0.874974   0.28281   1.39324
        0         0         0         1

 0.445903 0.0876755  0.890777   1.19958
-0.804008  0.476603  0.355558  0.656245
-0.393373 -0.874736   0.28301   1.39088
        0         0         0         1

 0.446373 0.0879903   0.89051   1.19902
-0.803393  0.477676  0.355507  0.655846
-0.394094 -0.874118  0.283913   1.39086
        0         0         0         1

  0.44582 0.0892347  0.890664   1.19957
-0.802978  0.479578  0.353881  0.654911
-0.395564  -0.87295  0.285459   1.39008
        0         0         0         1

 0.444992 0.0904008   0.89096   1.20022
-0.803426  0.479777  0.352593  0.654669
-0.395587 -0.872721  0.286127   1.38872
        0         0         0         1

 0.442242 0.0935292  0.892006   1.20246
-0.804534  0.480947  0.348446  0.654078
-0.396418 -0.871747  0.287942   1.38722
        0         0         0         1

 0.441922 0.0945802  0.892053   1.20201
-0.804746  0.481165  0.347655  0.653853
-0.396344 -0.871513  0.288751   1.38599
        0         0         0         1

 0.439342  0.100634  0.892665    1.2038
-0.805798  0.483385  0.342094  0.652956
-0.397075 -0.869604  0.293462    1.3828
        0         0         0         1

 0.439214  0.102355  0.892533   1.20396
-0.805769  0.484213  0.340988  0.652722
-0.397274 -0.868942  0.295148   1.38196
        0         0         0         1

0.438971 0.104213 0.892437  1.20454
-0.805488 0.485738 0.339481 0.652434
-0.398113 -0.86787 0.297168  1.38096
       0        0        0        1

 0.439471  0.105135  0.892083   1.20438
-0.805373  0.485925  0.339486  0.652585
-0.397793 -0.867654  0.298223   1.38038
        0         0         0         1

 0.440084  0.107902   0.89145   1.20466
-0.804777  0.487768  0.338256  0.652787
-0.398322 -0.866279  0.301496    1.3778
        0         0         0         1

 0.438857   0.10901   0.89192   1.20533
-0.805007  0.488695  0.336364  0.652871
 -0.39921 -0.865618  0.302221   1.37708
        0         0         0         1

 0.437546   0.11108  0.892308   1.20565
-0.805043  0.490459    0.3337  0.653145
-0.400573 -0.864356  0.304023   1.37514
        0         0         0         1

 0.437137  0.111305  0.892481   1.20549
-0.805121  0.490704   0.33315  0.653273
-0.400863 -0.864188  0.304119   1.37406
        0         0         0         1

 0.436416  0.112007  0.892746   1.20546
-0.804412  0.493064  0.331373  0.653572
-0.403065 -0.862753  0.305281   1.37259
        0         0         0         1

 0.434818  0.112481  0.893466   1.20616
 -0.80392  0.495549  0.328853  0.653609
-0.405766 -0.861266  0.305899   1.37273
        0         0         0         1

0.433675 0.112506 0.894018   1.2083
-0.802111 0.500252 0.326139 0.654326
-0.410541 -0.85854 0.307189  1.37119
       0        0        0        1

 0.434433  0.110318  0.893923   1.20816
-0.802004  0.499094  0.328169  0.654646
-0.409948 -0.859497  0.305299   1.37037
        0         0         0         1

 0.434927  0.105842  0.894224   1.20802
-0.801521  0.498074  0.330887     0.655
-0.410368 -0.860651   0.30146   1.36938
        0         0         0         1

  0.43471  0.103858  0.894562   1.20852
-0.801826  0.496869  0.331959  0.655321
-0.410004 -0.861588   0.29927   1.36851
        0         0         0         1

 0.436233 0.0963756  0.894658   1.20991
-0.801547  0.493455  0.337676  0.655729
-0.408929 -0.864416  0.292511   1.36645
        0         0         0         1

 0.436473  0.095096  0.894678   1.21015
-0.801463  0.492957  0.338601  0.655732
-0.408838 -0.864841  0.291378   1.36636
        0         0         0         1

 0.437356 0.0922108  0.894549   1.21057
-0.800802  0.492551  0.340749  0.655799
 -0.40919 -0.865385  0.289263   1.36648
        0         0         0         1

 0.437061 0.0914726  0.894768    1.2114
-0.800657  0.492813  0.340711  0.655789
-0.409788 -0.865314  0.288628   1.36673
        0         0         0         1

 0.438288 0.0879547  0.894521   1.21142
-0.799105  0.493751  0.342989  0.655903
-0.411503 -0.865144   0.28669   1.36668
        0         0         0         1

 0.438392 0.0867657  0.894586   1.21154
-0.798463  0.494559   0.34332  0.656054
-0.412637 -0.864802   0.28609   1.36668
        0         0         0         1

 0.438313  0.084998  0.894794   1.21176
 -0.79705  0.496894  0.343232  0.656599
-0.415444 -0.863639  0.285543   1.36658
        0         0         0         1

 0.437826 0.0843897   0.89509   1.21163
-0.796927  0.497304  0.342924  0.656817
-0.416192 -0.863462  0.284985   1.36654
        0         0         0         1

 0.435351 0.0828799  0.896438   1.21188
 -0.79719  0.498137  0.341097  0.657148
-0.418279 -0.863128  0.282935   1.36637
        0         0         0         1

 0.433285 0.0807651  0.897631   1.21213
-0.796824    0.4997  0.339665  0.657232
-0.421113 -0.862425  0.280868   1.36686
        0         0         0         1

 0.429106 0.0709217  0.900466   1.21222
-0.795859  0.501153  0.339785  0.657683
-0.427173 -0.862447  0.271491   1.36717
        0         0         0         1

 0.427631 0.0683865  0.901363   1.21252
-0.796095  0.500842  0.339691  0.657837
 -0.42821 -0.862833  0.268618    1.3672
        0         0         0         1

 0.427097 0.0613481  0.902122   1.21257
-0.795019  0.500748  0.342338  0.658189
-0.430735 -0.863416  0.262641   1.36746
        0         0         0         1

 0.425624 0.0574724  0.903073   1.21289
-0.794751  0.500934  0.342691  0.658361
-0.432685 -0.863575  0.258886   1.36796
        0         0         0         1

 0.423967 0.0490962  0.904346   1.21307
-0.793677  0.501134  0.344878  0.658672
-0.436266 -0.863976  0.251431     1.369
        0         0         0         1

 0.423976 0.0446341  0.904573    1.2125
-0.793842  0.499092   0.34745  0.658854
-0.435957 -0.865399  0.247036   1.36887
        0         0         0         1

 0.420191 0.0260623  0.907061   1.21208
-0.793379  0.495721  0.353285  0.659474
-0.440442 -0.868091  0.228975   1.36994
        0         0         0         1

 0.419537 0.0190443  0.907538   1.21176
-0.793102  0.494026  0.356269  0.659701
-0.441562 -0.869239  0.222366    1.3704
        0         0         0         1

  0.416209 0.00400597    0.90926    1.21206
 -0.793571    0.48975   0.361095   0.659991
 -0.443864  -0.871854   0.207017    1.37131
         0          0          0          1

 0.415835 -0.003184  0.909434   1.21197
-0.792663  0.488955  0.364154  0.660308
-0.445832 -0.872303  0.200801   1.37237
        0         0         0         1

  0.414645 -0.0272605   0.909575    1.21278
 -0.790094   0.485117   0.374717   0.661222
 -0.451465  -0.874024   0.179613    1.37685
         0          0          0          1

  0.414538 -0.0360742   0.909317    1.21289
 -0.789002   0.483662   0.378876   0.661778
  -0.45347  -0.874511   0.172033    1.37817
         0          0          0          1

 0.415461 -0.057332  0.907803     1.212
-0.787097  0.477579   0.39038   0.66286
-0.455928 -0.876716  0.153289   1.37966
        0         0         0         1

  0.414539 -0.0669788   0.907563    1.21246
 -0.786629   0.475072   0.394362   0.663402
 -0.457572  -0.877394   0.144248    1.38072
         0          0          0          1

  0.412831 -0.0851747   0.906816    1.21288
 -0.785759   0.470185   0.401882   0.664644
 -0.460602  -0.878448    0.12718    1.38334
         0          0          0          1

  0.412268 -0.0932789   0.906275     1.2128
 -0.785006   0.468487   0.405322   0.665488
 -0.462386  -0.878532   0.119918    1.38482
         0          0          0          1

 0.408283 -0.123369  0.904481   1.21151
-0.786169   0.45605  0.417081  0.669038
-0.463943 -0.881362 0.0892083    1.3894
        0         0         0         1

 0.402684 -0.127984  0.906347   1.21285
-0.788563  0.454267    0.4145  0.669904
-0.464773 -0.881625 0.0820023   1.39111
        0         0         0         1

  0.39176 -0.136619  0.909868    1.2136
-0.792365   0.45253  0.409115  0.672469
-0.467635 -0.881222 0.0690306   1.39608
        0         0         0         1

 0.386207 -0.138962  0.911885   1.21362
-0.795412  0.450417  0.405517  0.673792
 -0.46708 -0.881938 0.0634226   1.39753
        0         0         0         1

 0.370375 -0.138153  0.918551   1.21123
-0.803196  0.449085  0.391405  0.679119
-0.466581 -0.882744  0.055366    1.4051
        0         0         0         1

 0.365285 -0.134651  0.921106   1.21133
-0.805133  0.450964  0.385217  0.680685
-0.467255 -0.882327 0.0563178   1.40755
        0         0         0         1

 0.355108 -0.127053  0.926151   1.21109
-0.809622  0.453489   0.37264   0.68416
-0.467345 -0.882159  0.058173   1.41186
        0         0         0         1

  0.35081 -0.123684  0.928243   1.21094
-0.811846  0.453872  0.367297  0.685702
-0.466732 -0.882441 0.0588101   1.41371
        0         0         0         1

  0.34293 -0.117219  0.932019   1.21143
-0.815936  0.454458  0.357375  0.689275
-0.465455 -0.883022 0.0602037   1.41816
        0         0         0         1

 0.340653 -0.115983  0.933008   1.21069
-0.817277  0.454034   0.35484  0.690874
-0.464772 -0.883403 0.0598779   1.42105
        0         0         0         1

 0.335486 -0.114654  0.935042   1.20906
-0.824145  0.445078  0.350272   0.69757
-0.456327 -0.888121 0.0548259   1.42959
        0         0         0         1

 0.334378 -0.114268  0.935486   1.20945
-0.826348  0.441726  0.349324   0.69947
-0.453145 -0.889843 0.0532787   1.43225
        0         0         0         1

 0.336006 -0.112251  0.935147   1.20816
-0.828992  0.436039  0.350204  0.703783
-0.447071   -0.8929 0.0534563   1.43971
        0         0         0         1

 0.337277 -0.109804   0.93498   1.20764
-0.830638  0.432693  0.350453  0.705875
-0.443041 -0.894829 0.0547306    1.4424
        0         0         0         1

  0.344899 -0.0971567   0.933598    1.20672
 -0.834122   0.424398   0.352316   0.715048
 -0.430447  -0.900248   0.065334     1.4578
         0          0          0          1

  0.348435 -0.0915191   0.932854    1.20679
 -0.835456   0.420901   0.353348   0.717632
 -0.424977  -0.902478  0.0701964    1.46111
         0          0          0          1

  0.357366 -0.0791868   0.930601     1.2066
 -0.836965   0.415015   0.356723   0.723752
 -0.414462  -0.906362  0.0820357    1.47024
         0          0          0          1

  0.361874 -0.0717189   0.929464    1.20694
 -0.837764   0.412308   0.357986    0.72688
   -0.4089  -0.908217  0.0891202    1.47518
         0          0          0          1

 0.366478 -0.056671  0.928699   1.21036
-0.841163   0.40643  0.356735  0.733982
-0.397668 -0.911923  0.101278   1.48601
        0         0         0         1

  0.371101 -0.0513996   0.927169    1.20967
 -0.842261   0.401789    0.35939   0.737693
 -0.390999  -0.914289   0.105812    1.49074
         0          0          0          1

  0.381959 -0.0352256   0.923508    1.20994
  -0.84802   0.383876    0.36538   0.752548
 -0.367383  -0.922713   0.116753    1.51026
         0          0          0          1

  0.382525 -0.0328102   0.923363    1.21094
 -0.850332   0.378402   0.365716   0.756754
 -0.361401   -0.92506   0.116848    1.51621
         0          0          0          1

  0.389213 -0.0309172   0.920629    1.21001
 -0.852964   0.365264   0.372873   0.766064
 -0.347801   -0.93039   0.115794    1.52865
         0          0          0          1

  0.391921 -0.0305728   0.919491    1.20974
 -0.854417   0.358493   0.376104   0.770732
 -0.341129  -0.933032   0.114379    1.53472
         0          0          0          1

  0.402105 -0.0266266   0.915206    1.20983
 -0.860966   0.329106   0.387849   0.788651
 -0.311527  -0.943918    0.10941    1.55802
         0          0          0          1

 0.402979 -0.025396  0.914857   1.21157
-0.863656  0.320206  0.389315   0.79402
-0.302829 -0.947008  0.107103   1.56464
        0         0         0         1

 0.408429 -0.021981  0.912525   1.21198
-0.866957  0.303463  0.395344  0.804987
-0.285608  -0.95259  0.104887    1.5807
        0         0         0         1

  0.412393 -0.0198854   0.910789    1.21164
 -0.868444   0.293434   0.399626    0.81104
 -0.275204  -0.955772   0.103741    1.58759
         0          0          0          1

  0.422154 -0.0148144   0.906403    1.20848
  -0.86897   0.278195   0.409267   0.823143
  -0.25822   -0.96041   0.104568     1.6052
         0          0          0          1

  0.423404 -0.0120166   0.905861    1.20892
 -0.871029   0.269509   0.410699   0.829475
 -0.249073  -0.962923   0.103644    1.61284
         0          0          0          1

   0.419596 -0.00657129    0.907687     1.21143
  -0.881372    0.236191    0.409141    0.853997
  -0.217076   -0.971684    0.093313     1.64295
          0           0           0           1

   0.420418 -0.00507127    0.907317     1.20899
  -0.883854    0.223716    0.410796    0.861132
  -0.205064   -0.974641   0.0895718     1.65009
          0           0           0           1

   0.415012 -0.00411435    0.909807     1.20857
  -0.891632    0.197089    0.407613     0.87715
   -0.18099   -0.980377    0.078126     1.66533
          0           0           0           1

  0.412977 -0.0046262   0.910729    1.20827
 -0.895048   0.182777   0.406795   0.884998
 -0.168342  -0.983144   0.071342    1.67213
         0          0          0          1

   0.401789 -0.00906483    0.915687     1.20839
  -0.906314    0.139111    0.399053    0.913052
  -0.130999   -0.990235   0.0476776      1.7041
          0           0           0           1

   0.400367 -0.00848212    0.916316     1.20764
  -0.908759    0.124805    0.398221    0.921673
  -0.117739   -0.992145   0.0422596     1.71152
          0           0           0           1

   0.403232 -0.00292471    0.915093     1.20253
   -0.91061   0.0976267    0.401569     0.93891
  -0.090512   -0.995219    0.036703     1.73035
          0           0           0           1

  0.402153 -0.0020671    0.91557    1.20278
 -0.912353  0.0828801   0.400927   0.948022
-0.0767113  -0.996557  0.0314446    1.73824
         0          0          0          1

    0.400115 -0.000841761     0.916465      1.20355
   -0.915043    0.0553308     0.399544     0.966205
  -0.0510451    -0.998468    0.0213684      1.75526
           0            0            0            1

     0.40123 -0.000547911     0.915977      1.20279
   -0.915153    0.0421884     0.400894     0.975142
  -0.0388633     -0.99911    0.0164258      1.76318
           0            0            0            1

   0.409156  0.00532873    0.912449     1.20018
  -0.912431 -0.00615694    0.409184     1.00846
 0.00779832   -0.999967  0.00234296     1.79213
          0           0           0           1

   0.409669  0.00652642    0.912211     1.20197
   -0.91198  -0.0206574    0.409714     1.01833
  0.0215179   -0.999765 -0.00251075     1.79941
          0           0           0           1

  0.413324 0.00769217   0.910552    1.20285
 -0.909301 -0.0495831   0.413175    1.03907
 0.0483262   -0.99874 -0.0134994    1.81298
         0          0          0          1

  0.416565   0.010849   0.909041    1.20179
 -0.906871  -0.065111   0.416347    1.04897
 0.0637056  -0.997819 -0.0172844    1.81795
         0          0          0          1

  0.412891    0.01518   0.910654    1.20791
 -0.904394  -0.111362    0.41191    1.08362
  0.107665  -0.993664 -0.0322517    1.84611
         0          0          0          1

  0.418438  0.0204646   0.908015    1.20086
 -0.899832  -0.126423   0.417516    1.09419
  0.123338  -0.991765 -0.0344853    1.85135
         0          0          0          1

  0.418512   0.022757   0.907926    1.20093
 -0.895788  -0.154438   0.416788    1.11472
  0.149704   -0.98774 -0.0442489    1.86609
         0          0          0          1

  0.421404  0.0255246   0.906514    1.20079
  -0.89182  -0.169705   0.419353    1.12606
  0.164544  -0.985164 -0.0487511    1.86955
         0          0          0          1

  0.428898  0.0274007   0.902937    1.20355
 -0.882065  -0.203012   0.425144    1.14984
  0.194957  -0.978793 -0.0629022    1.87633
         0          0          0          1

  0.434049  0.0303309   0.900378    1.20402
 -0.875847  -0.219799   0.429628    1.16112
  0.210934  -0.975073 -0.0688384    1.87947
         0          0          0          1

