   0.5003 -0.862158 0.0798956  0.770726
-0.836288 -0.505062  -0.21339   1.07828
 0.224328 0.0399434 -0.973695   2.30985
        0         0         0         1

   0.5003 -0.862158 0.0798956  0.770726
-0.836288 -0.505062  -0.21339   1.07828
 0.224328 0.0399434 -0.973695   2.30985
        0         0         0         1

 0.505595 -0.861786  0.041214   0.78199
-0.840757 -0.502855  -0.20066   1.04611
  0.19365 0.0668016 -0.978794   2.30938
        0         0         0         1

 0.505595 -0.861786  0.041214   0.78199
-0.840757 -0.502855  -0.20066   1.04611
  0.19365 0.0668016 -0.978794   2.30938
        0         0         0         1

  0.503379  -0.863056 -0.0417692   0.818414
 -0.853043  -0.488679   -0.18306    1.00033
  0.137579   0.127779  -0.982214    2.30482
         0          0          0          1

  0.503379  -0.863056 -0.0417692   0.818414
 -0.853043  -0.488679   -0.18306    1.00033
  0.137579   0.127779  -0.982214    2.30482
         0          0          0          1

 0.498778 -0.860372 -0.104788  0.840949
-0.861218 -0.478357 -0.171692  0.968031
0.0975932  0.175882 -0.979562   2.29934
        0         0         0         1

 0.498778 -0.860372 -0.104788  0.840949
-0.861218 -0.478357 -0.171692  0.968031
0.0975932  0.175882 -0.979562   2.29934
        0         0         0         1

 0.499155 -0.850932  -0.16358  0.850498
-0.864829 -0.477466 -0.155229  0.930881
 0.053986  0.218952 -0.974241   2.29561
        0         0         0         1

 0.499155 -0.850932  -0.16358  0.850498
-0.864829 -0.477466 -0.155229  0.930881
 0.053986  0.218952 -0.974241   2.29561
        0         0         0         1

 0.479701 -0.842224 -0.246063  0.878253
-0.877429 -0.459735 -0.136972  0.884427
0.0022376  0.281608 -0.959527   2.27757
        0         0         0         1

 0.479701 -0.842224 -0.246063  0.878253
-0.877429 -0.459735 -0.136972  0.884427
0.0022376  0.281608 -0.959527   2.27757
        0         0         0         1

 0.467837 -0.836804 -0.284408  0.892085
 -0.88356 -0.450555 -0.127758  0.856207
-0.0212332  0.311062 -0.950152   2.26108
        0         0         0         1

 0.467837 -0.836804 -0.284408  0.892085
 -0.88356 -0.450555 -0.127758  0.856207
-0.0212332  0.311062 -0.950152   2.26108
        0         0         0         1

 0.447017 -0.827384 -0.340017  0.916686
-0.892085 -0.440396 -0.101173  0.810257
-0.0660332   0.34855 -0.934961    2.2391
        0         0         0         1

 0.447017 -0.827384 -0.340017  0.916686
-0.892085 -0.440396 -0.101173  0.810257
-0.0660332   0.34855 -0.934961    2.2391
        0         0         0         1

  0.431958  -0.823599  -0.367556   0.931027
 -0.897604  -0.432283 -0.0862452   0.783054
-0.0878568   0.367174  -0.925994    2.21902
         0          0          0          1

  0.431958  -0.823599  -0.367556   0.931027
 -0.897604  -0.432283 -0.0862452   0.783054
-0.0878568   0.367174  -0.925994    2.21902
         0          0          0          1

 0.425278 -0.819408  -0.38433  0.935826
-0.897891 -0.435331 -0.065412  0.751426
-0.113712  0.372905 -0.920875   2.20316
        0         0         0         1

 0.425278 -0.819408  -0.38433  0.935826
-0.897891 -0.435331 -0.065412  0.751426
-0.113712  0.372905 -0.920875   2.20316
        0         0         0         1

  0.398943  -0.820519   -0.40938    0.95671
  -0.90539  -0.423213 -0.0340639   0.711721
 -0.145305   0.384238  -0.911728    2.16988
         0          0          0          1

  0.398943  -0.820519   -0.40938    0.95671
  -0.90539  -0.423213 -0.0340639   0.711721
 -0.145305   0.384238  -0.911728    2.16988
         0          0          0          1

   0.388214   -0.823041   -0.414601     0.96184
  -0.906003   -0.423191 -0.00824783    0.680816
  -0.168667    0.378832   -0.909966     2.15298
          0           0           0           1

   0.388214   -0.823041   -0.414601     0.96184
  -0.906003   -0.423191 -0.00824783    0.680816
  -0.168667    0.378832   -0.909966     2.15298
          0           0           0           1

 0.370945 -0.832299 -0.411919  0.969214
-0.909965 -0.414309 0.0176797  0.643284
-0.185377  0.368274 -0.911049   2.11676
        0         0         0         1

 0.370945 -0.832299 -0.411919  0.969214
-0.909965 -0.414309 0.0176797  0.643284
-0.185377  0.368274 -0.911049   2.11676
        0         0         0         1

 0.360576   -0.8396 -0.406272  0.971182
-0.911623 -0.409366 0.0369067  0.616541
-0.197301   0.35706 -0.913006   2.09384
        0         0         0         1

 0.360576   -0.8396 -0.406272  0.971182
-0.911623 -0.409366 0.0369067  0.616541
-0.197301   0.35706 -0.913006   2.09384
        0         0         0         1

 0.346052  -0.84674 -0.404078  0.974628
-0.914823 -0.400099 0.0549468  0.591996
-0.208197  0.350646 -0.913073     2.069
        0         0         0         1

 0.346052  -0.84674 -0.404078  0.974628
-0.914823 -0.400099 0.0549468  0.591996
-0.208197  0.350646 -0.913073     2.069
        0         0         0         1

 0.324324 -0.856983 -0.400492   0.97713
-0.918251 -0.386918 0.0843242   0.55724
-0.227222  0.340404 -0.912412    2.0314
        0         0         0         1

 0.324324 -0.856983 -0.400492   0.97713
-0.918251 -0.386918 0.0843242   0.55724
-0.227222  0.340404 -0.912412    2.0314
        0         0         0         1

 0.307243 -0.864414 -0.397984  0.978378
-0.921222 -0.375043  0.103404  0.535386
-0.238645  0.334861 -0.911546    2.0054
        0         0         0         1

 0.307243 -0.864414 -0.397984  0.978378
-0.921222 -0.375043  0.103404  0.535386
-0.238645  0.334861 -0.911546    2.0054
        0         0         0         1

  0.28759 -0.880777 -0.376197  0.976241
 -0.92356 -0.359052  0.134606  0.504242
-0.253632  0.308729  -0.91671   1.96786
        0         0         0         1

  0.28759 -0.880777 -0.376197  0.976241
 -0.92356 -0.359052  0.134606  0.504242
-0.253632  0.308729  -0.91671   1.96786
        0         0         0         1

 0.272913 -0.896795  -0.34825  0.974851
-0.925637 -0.343413  0.158943   0.48541
-0.262133  0.278975 -0.923829   1.94333
        0         0         0         1

 0.272913 -0.896795  -0.34825  0.974851
-0.925637 -0.343413  0.158943   0.48541
-0.262133  0.278975 -0.923829   1.94333
        0         0         0         1

 0.258647 -0.915467 -0.308256  0.972864
-0.928023 -0.324061  0.183733  0.468125
-0.268095  0.238547 -0.933392   1.91896
        0         0         0         1

 0.258647 -0.915467 -0.308256  0.972864
-0.928023 -0.324061  0.183733  0.468125
-0.268095  0.238547 -0.933392   1.91896
        0         0         0         1

 0.237123 -0.941859 -0.238064  0.968562
-0.930578 -0.290572  0.222696  0.443517
-0.278923  0.168731 -0.945374   1.88375
        0         0         0         1

 0.237123 -0.941859 -0.238064  0.968562
-0.930578 -0.290572  0.222696  0.443517
-0.278923  0.168731 -0.945374   1.88375
        0         0         0         1

 0.223452 -0.957289 -0.183485   0.96456
-0.932398 -0.264794  0.246006  0.428779
-0.284084  0.116111 -0.951743   1.86128
        0         0         0         1

 0.223452 -0.957289 -0.183485   0.96456
-0.932398 -0.264794  0.246006  0.428779
-0.284084  0.116111 -0.951743   1.86128
        0         0         0         1

 0.210248 -0.970213 -0.120341  0.960779
-0.934938 -0.235519   0.26537  0.415997
-0.285808 0.0567178 -0.956607   1.83941
        0         0         0         1

 0.210248 -0.970213 -0.120341  0.960779
-0.934938 -0.235519   0.26537  0.415997
-0.285808 0.0567178 -0.956607   1.83941
        0         0         0         1

  0.193473  -0.981105 0.00091974   0.953739
 -0.937534  -0.184604   0.294876   0.397986
 -0.289134 -0.0579128  -0.955535     1.8091
         0          0          0          1

  0.193473  -0.981105 0.00091974   0.953739
 -0.937534  -0.184604   0.294876   0.397986
 -0.289134 -0.0579128  -0.955535     1.8091
         0          0          0          1

 0.181265 -0.979102 0.0922024  0.948229
-0.938099  -0.14401  0.315009   0.38721
-0.295148 -0.143595 -0.944599   1.78957
        0         0         0         1

 0.181265 -0.979102 0.0922024  0.948229
-0.938099  -0.14401  0.315009   0.38721
-0.295148 -0.143595 -0.944599   1.78957
        0         0         0         1

  0.167254  -0.956087   0.240674   0.938757
 -0.939528 -0.0805663   0.332861   0.373433
 -0.298853  -0.281793  -0.911745    1.76099
         0          0          0          1

  0.167254  -0.956087   0.240674   0.938757
 -0.939528 -0.0805663   0.332861   0.373433
 -0.298853  -0.281793  -0.911745    1.76099
         0          0          0          1

  0.157233  -0.930331   0.331303   0.933878
 -0.939374 -0.0373795   0.340851    0.36517
 -0.304721  -0.364811  -0.879806    1.74389
         0          0          0          1

  0.157233  -0.930331   0.331303   0.933878
 -0.939374 -0.0373795   0.340851    0.36517
 -0.304721  -0.364811  -0.879806    1.74389
         0          0          0          1

    0.149863    -0.897725     0.414283      0.93019
   -0.940457 -0.000133582     0.339912     0.358639
   -0.305092    -0.440556    -0.844292       1.7262
           0            0            0            1

    0.149863    -0.897725     0.414283      0.93019
   -0.940457 -0.000133582     0.339912     0.358639
   -0.305092    -0.440556    -0.844292       1.7262
           0            0            0            1

 0.139809 -0.846508   0.51369   0.92663
-0.940284 0.0491028   0.33683  0.350146
-0.310353 -0.530106 -0.789094   1.70263
        0         0         0         1

 0.139809 -0.846508   0.51369   0.92663
-0.940284 0.0491028   0.33683  0.350146
-0.310353 -0.530106 -0.789094   1.70263
        0         0         0         1

 0.140228 -0.808495  0.571553  0.924382
-0.941012 0.0707127  0.330901  0.345733
-0.307947  -0.58424 -0.750888   1.68684
        0         0         0         1

 0.140228 -0.808495  0.571553  0.924382
-0.941012 0.0707127  0.330901  0.345733
-0.307947  -0.58424 -0.750888   1.68684
        0         0         0         1

 0.142144 -0.772884  0.618422  0.925605
-0.939807 0.0907526  0.329434  0.339559
-0.310737 -0.628024 -0.713462   1.66718
        0         0         0         1

 0.142144 -0.772884  0.618422  0.925605
-0.939807 0.0907526  0.329434  0.339559
-0.310737 -0.628024 -0.713462   1.66718
        0         0         0         1

 0.144885 -0.760815  0.632589  0.927828
-0.938486 0.0968695  0.331451  0.335891
-0.313451 -0.641698  -0.69998   1.65563
        0         0         0         1

 0.144885 -0.760815  0.632589  0.927828
-0.938486 0.0968695  0.331451  0.335891
-0.313451 -0.641698  -0.69998   1.65563
        0         0         0         1

 0.149069 -0.747966   0.64678     0.932
-0.935405  0.105417  0.337499  0.330885
-0.320619 -0.655312 -0.683937   1.63977
        0         0         0         1

 0.149069 -0.747966   0.64678     0.932
-0.935405  0.105417  0.337499  0.330885
-0.320619 -0.655312 -0.683937   1.63977
        0         0         0         1

 0.150342 -0.734752  0.661466  0.934088
-0.934208  0.113351  0.338241  0.327995
-0.323501 -0.668798  -0.66937   1.63019
        0         0         0         1

 0.150342 -0.734752  0.661466  0.934088
-0.934208  0.113351  0.338241  0.327995
-0.323501 -0.668798  -0.66937   1.63019
        0         0         0         1

 0.153157 -0.717189   0.67984  0.935363
-0.932716  0.122368  0.339216  0.325443
-0.326473 -0.686051 -0.650192   1.62057
        0         0         0         1

 0.153157 -0.717189   0.67984  0.935363
-0.932716  0.122368  0.339216  0.325443
-0.326473 -0.686051 -0.650192   1.62057
        0         0         0         1

 0.165103 -0.699249  0.695552  0.936983
-0.926643  0.131528  0.352184   0.32142
-0.337749 -0.702674 -0.626238   1.60875
        0         0         0         1

 0.165103 -0.699249  0.695552  0.936983
-0.926643  0.131528  0.352184   0.32142
-0.337749 -0.702674 -0.626238   1.60875
        0         0         0         1

 0.173814 -0.686307  0.706237  0.937181
-0.924144  0.134083  0.357743  0.319067
-0.340216 -0.714846 -0.610941    1.6016
        0         0         0         1

 0.173814 -0.686307  0.706237  0.937181
-0.924144  0.134083  0.357743  0.319067
-0.340216 -0.714846 -0.610941    1.6016
        0         0         0         1

 0.178583 -0.654917  0.734297  0.936519
-0.927146  0.137842  0.348425  0.316554
-0.329406 -0.743023 -0.582587    1.5926
        0         0         0         1

 0.178583 -0.654917  0.734297  0.936519
-0.927146  0.137842  0.348425  0.316554
-0.329406 -0.743023 -0.582587    1.5926
        0         0         0         1

 0.183955 -0.638402  0.747398  0.935894
-0.927998  0.137844  0.346148  0.315014
-0.324006 -0.757259 -0.567079   1.58812
        0         0         0         1

 0.183955 -0.638402  0.747398  0.935894
-0.927998  0.137844  0.346148  0.315014
-0.324006 -0.757259 -0.567079   1.58812
        0         0         0         1

 0.189035 -0.631506  0.751974  0.936097
-0.927313  0.137119  0.348265  0.313984
-0.323041  -0.76315 -0.559684   1.58485
        0         0         0         1

 0.189035 -0.631506  0.751974  0.936097
-0.927313  0.137119  0.348265  0.313984
-0.323041  -0.76315 -0.559684   1.58485
        0         0         0         1

 0.186454 -0.619465   0.76256  0.936915
-0.931225  0.135955  0.338137  0.313479
-0.313138 -0.773162 -0.551512   1.58163
        0         0         0         1

 0.186454 -0.619465   0.76256  0.936915
-0.931225  0.135955  0.338137  0.313479
-0.313138 -0.773162 -0.551512   1.58163
        0         0         0         1

 0.184441 -0.613391  0.767941  0.937653
-0.933944  0.134005  0.331348  0.313243
-0.306154 -0.778328 -0.548157    1.5813
        0         0         0         1

 0.184441 -0.613391  0.767941  0.937653
-0.933944  0.134005  0.331348  0.313243
-0.306154 -0.778328 -0.548157    1.5813
        0         0         0         1

 0.193481 -0.607323  0.770535  0.938594
-0.932906  0.129251  0.336126  0.313361
-0.303729  -0.78387 -0.541568   1.58129
        0         0         0         1

 0.193481 -0.607323  0.770535  0.938594
-0.932906  0.129251  0.336126  0.313361
-0.303729  -0.78387 -0.541568   1.58129
        0         0         0         1

 0.202711  -0.60818   0.76748  0.939964
-0.929438  0.127264  0.346337  0.314308
-0.308308 -0.783531 -0.539468   1.58143
        0         0         0         1

 0.202711  -0.60818   0.76748  0.939964
-0.929438  0.127264  0.346337  0.314308
-0.308308 -0.783531 -0.539468   1.58143
        0         0         0         1

 0.215419 -0.608231   0.76397  0.941428
 -0.92611  0.120867  0.357367  0.315639
-0.309701 -0.784504 -0.537252   1.58217
        0         0         0         1

 0.215419 -0.608231   0.76397  0.941428
 -0.92611  0.120867  0.357367  0.315639
-0.309701 -0.784504 -0.537252   1.58217
        0         0         0         1

 0.226912 -0.617519  0.753115  0.944168
-0.924189  0.107405  0.366523  0.318759
-0.307223 -0.779189 -0.546332   1.58666
        0         0         0         1

 0.226912 -0.617519  0.753115  0.944168
-0.924189  0.107405  0.366523  0.318759
-0.307223 -0.779189 -0.546332   1.58666
        0         0         0         1

 0.236695 -0.614583  0.752504  0.944962
-0.923699 0.0978075  0.370424  0.321864
-0.301257 -0.782765 -0.544539    1.5905
        0         0         0         1

 0.236695 -0.614583  0.752504  0.944962
-0.923699 0.0978075  0.370424  0.321864
-0.301257 -0.782765 -0.544539    1.5905
        0         0         0         1

 0.244298 -0.611736  0.752395  0.945002
-0.925021 0.0857933  0.370103  0.325635
-0.290956 -0.786396 -0.544909   1.59513
        0         0         0         1

 0.244298 -0.611736  0.752395  0.945002
-0.925021 0.0857933  0.370103  0.325635
-0.290956 -0.786396 -0.544909   1.59513
        0         0         0         1

 0.249437 -0.622845  0.741516  0.944927
-0.928927 0.0624745  0.364955  0.331618
-0.273636 -0.779847 -0.562993   1.60489
        0         0         0         1

 0.249437 -0.622845  0.741516  0.944927
-0.928927 0.0624745  0.364955  0.331618
-0.273636 -0.779847 -0.562993   1.60489
        0         0         0         1

  0.25204 -0.631521  0.733251  0.944512
-0.932314 0.0446131  0.358887  0.336222
-0.259357 -0.774074 -0.577532   1.61274
        0         0         0         1

  0.25204 -0.631521  0.733251  0.944512
-0.932314 0.0446131  0.358887  0.336222
-0.259357 -0.774074 -0.577532   1.61274
        0         0         0         1

 0.255395 -0.642558  0.722422  0.941996
-0.937716 0.0173818  0.346968  0.344446
-0.235504  -0.76604 -0.598097   1.62552
        0         0         0         1

 0.255395 -0.642558  0.722422  0.941996
-0.937716 0.0173818  0.346968  0.344446
-0.235504  -0.76604 -0.598097   1.62552
        0         0         0         1

    0.260196    -0.646182     0.717459     0.939705
   -0.940305 -0.000758579     0.340331     0.350741
   -0.219371    -0.763183    -0.607806      1.63454
           0            0            0            1

    0.260196    -0.646182     0.717459     0.939705
   -0.940305 -0.000758579     0.340331     0.350741
   -0.219371    -0.763183    -0.607806      1.63454
           0            0            0            1

  0.264078  -0.650372   0.712236   0.938052
 -0.943745 -0.0218624   0.329952   0.358505
  -0.19902  -0.759302  -0.619558     1.6442
         0          0          0          1

  0.264078  -0.650372   0.712236   0.938052
 -0.943745 -0.0218624   0.329952   0.358505
  -0.19902  -0.759302  -0.619558     1.6442
         0          0          0          1

  0.272869  -0.656238   0.703487   0.935505
 -0.947367 -0.0560172    0.31521   0.371356
 -0.167446  -0.752472  -0.636984    1.66174
         0          0          0          1

  0.272869  -0.656238   0.703487   0.935505
 -0.947367 -0.0560172    0.31521   0.371356
 -0.167446  -0.752472  -0.636984    1.66174
         0          0          0          1

 0.281899 -0.657298  0.698922  0.932808
 -0.94861 -0.081779  0.305698  0.380712
-0.143778  -0.74918 -0.646573   1.67472
        0         0         0         1

 0.281899 -0.657298  0.698922  0.932808
 -0.94861 -0.081779  0.305698  0.380712
-0.143778  -0.74918 -0.646573   1.67472
        0         0         0         1

 0.296209 -0.659944   0.69046  0.929605
-0.948858 -0.120662  0.291733   0.39726
-0.109216 -0.741562 -0.661934   1.69534
        0         0         0         1

 0.296209 -0.659944   0.69046  0.929605
-0.948858 -0.120662  0.291733   0.39726
-0.109216 -0.741562 -0.661934   1.69534
        0         0         0         1

  0.30667  -0.65898  0.686803  0.926242
-0.947696 -0.144336  0.284674  0.408675
-0.0884643 -0.738182 -0.668777    1.7108
        0         0         0         1

  0.30667  -0.65898  0.686803  0.926242
-0.947696 -0.144336  0.284674  0.408675
-0.0884643 -0.738182 -0.668777    1.7108
        0         0         0         1

 0.316179 -0.653756  0.687483  0.921859
 -0.94643 -0.167263  0.276214  0.421285
-0.0655861 -0.737988  -0.67162   1.72606
        0         0         0         1

 0.316179 -0.653756  0.687483  0.921859
 -0.94643 -0.167263  0.276214  0.421285
-0.0655861 -0.737988  -0.67162   1.72606
        0         0         0         1

 0.330509 -0.645612  0.688439  0.915891
-0.943357 -0.203551  0.262002  0.442934
-0.0290196 -0.736038 -0.676318   1.74906
        0         0         0         1

 0.330509 -0.645612  0.688439  0.915891
-0.943357 -0.203551  0.262002  0.442934
-0.0290196 -0.736038 -0.676318   1.74906
        0         0         0         1

  0.34154 -0.640777  0.687572  0.910549
 -0.93984 -0.227297  0.255022  0.458264
-0.00712944 -0.733308 -0.679859   1.76552
        0         0         0         1

  0.34154 -0.640777  0.687572  0.910549
 -0.93984 -0.227297  0.255022  0.458264
-0.00712944 -0.733308 -0.679859   1.76552
        0         0         0         1

 0.356043 -0.632382  0.687987  0.901973
-0.934076 -0.262224  0.242366  0.483947
0.0271387 -0.728925 -0.684056   1.79109
        0         0         0         1

 0.356043 -0.632382  0.687987  0.901973
-0.934076 -0.262224  0.242366  0.483947
0.0271387 -0.728925 -0.684056   1.79109
        0         0         0         1

 0.363631 -0.627219  0.688745  0.894902
-0.930224 -0.283818  0.232659  0.502137
0.0495504 -0.725289 -0.686659   1.80884
        0         0         0         1

 0.363631 -0.627219  0.688745  0.894902
-0.930224 -0.283818  0.232659  0.502137
0.0495504 -0.725289 -0.686659   1.80884
        0         0         0         1

 0.370014 -0.623568   0.68866    0.8897
-0.926339 -0.303975  0.222475  0.521711
0.0706064 -0.720251 -0.690111   1.82682
        0         0         0         1

 0.370014 -0.623568   0.68866    0.8897
-0.926339 -0.303975  0.222475  0.521711
0.0706064 -0.720251 -0.690111   1.82682
        0         0         0         1

 0.379571 -0.618995  0.687584  0.879373
-0.919423  -0.33504  0.205936  0.553207
 0.102895 -0.710347  -0.69629   1.85354
        0         0         0         1

 0.379571 -0.618995  0.687584  0.879373
-0.919423  -0.33504  0.205936  0.553207
 0.102895 -0.710347  -0.69629   1.85354
        0         0         0         1

 0.387337 -0.615616  0.686285  0.870873
-0.913822 -0.354922  0.197383  0.574809
 0.122066 -0.703596 -0.700037   1.87293
        0         0         0         1

 0.387337 -0.615616  0.686285  0.870873
-0.913822 -0.354922  0.197383  0.574809
 0.122066 -0.703596 -0.700037   1.87293
        0         0         0         1

 0.395851  -0.61489  0.682065  0.860172
-0.904919 -0.387591   0.17577  0.612768
 0.156283 -0.686792 -0.709854   1.89715
        0         0         0         1

 0.395851  -0.61489  0.682065  0.860172
-0.904919 -0.387591   0.17577  0.612768
 0.156283 -0.686792 -0.709854   1.89715
        0         0         0         1

 0.404114 -0.614565  0.677497  0.850459
-0.898441 -0.405751  0.167842  0.637339
 0.171745 -0.676518  -0.71612   1.91611
        0         0         0         1

 0.404114 -0.614565  0.677497  0.850459
-0.898441 -0.405751  0.167842  0.637339
 0.171745 -0.676518  -0.71612   1.91611
        0         0         0         1

 0.408903 -0.615556  0.673713  0.842018
-0.892493 -0.423777  0.154494  0.663776
 0.190405 -0.664458 -0.722663   1.93341
        0         0         0         1

 0.408903 -0.615556  0.673713  0.842018
-0.892493 -0.423777  0.154494  0.663776
 0.190405 -0.664458 -0.722663   1.93341
        0         0         0         1

 0.417185 -0.613868  0.670166  0.826002
-0.882053 -0.451143  0.135842  0.705413
 0.218951 -0.647793 -0.729674   1.95716
        0         0         0         1

 0.417185 -0.613868  0.670166  0.826002
-0.882053 -0.451143  0.135842  0.705413
 0.218951 -0.647793 -0.729674   1.95716
        0         0         0         1

 0.419757 -0.617479  0.665224  0.817808
-0.876854  -0.46514  0.121539  0.734611
 0.234375 -0.634321 -0.736685   1.97158
        0         0         0         1

 0.419757 -0.617479  0.665224  0.817808
-0.876854  -0.46514  0.121539  0.734611
 0.234375 -0.634321 -0.736685   1.97158
        0         0         0         1

  0.43082 -0.624068  0.651869  0.803715
-0.867409 -0.485663  0.108319  0.778188
  0.24899 -0.612103 -0.750556    1.9954
        0         0         0         1

  0.43082 -0.624068  0.651869  0.803715
-0.867409 -0.485663  0.108319  0.778188
  0.24899 -0.612103 -0.750556    1.9954
        0         0         0         1

 0.436209 -0.630117  0.642397  0.796464
-0.863906 -0.492999  0.103045  0.806346
 0.251771  -0.59992 -0.759413   2.01378
        0         0         0         1

 0.436209 -0.630117  0.642397  0.796464
-0.863906 -0.492999  0.103045  0.806346
 0.251771  -0.59992 -0.759413   2.01378
        0         0         0         1

 0.442139 -0.623138  0.645145  0.781964
-0.856633 -0.506576 0.0977826  0.836486
 0.265883 -0.595885 -0.757778   2.02292
        0         0         0         1

 0.442139 -0.623138  0.645145  0.781964
-0.856633 -0.506576 0.0977826  0.836486
 0.265883 -0.595885 -0.757778   2.02292
        0         0         0         1

 0.430453 -0.616166  0.659584  0.766443
-0.862271  -0.49674 0.0986877  0.881339
 0.266833  -0.61122 -0.745124   2.03967
        0         0         0         1

 0.430453 -0.616166  0.659584  0.766443
-0.862271  -0.49674 0.0986877  0.881339
 0.266833  -0.61122 -0.745124   2.03967
        0         0         0         1

 0.401007 -0.597035  0.694797  0.752489
-0.876662 -0.470181  0.101947  0.911555
 0.265815 -0.649984 -0.711944   2.04834
        0         0         0         1

 0.401007 -0.597035  0.694797  0.752489
-0.876662 -0.470181  0.101947  0.911555
 0.265815 -0.649984 -0.711944   2.04834
        0         0         0         1

 0.374296 -0.522496  0.766094  0.728904
-0.867351 -0.489509 0.0899102  0.961902
 0.328032 -0.698125 -0.636408   2.04883
        0         0         0         1

 0.374296 -0.522496  0.766094  0.728904
-0.867351 -0.489509 0.0899102  0.961902
 0.328032 -0.698125 -0.636408   2.04883
        0         0         0         1

  0.37576 -0.554896  0.742223  0.729028
-0.865097  -0.49721 0.0662463  0.994503
 0.332281 -0.666988 -0.666871   2.05714
        0         0         0         1

  0.37576 -0.554896  0.742223  0.729028
-0.865097  -0.49721 0.0662463  0.994503
 0.332281 -0.666988 -0.666871   2.05714
        0         0         0         1

 0.358147 -0.572443  0.737591  0.718501
-0.863889 -0.502834 0.0292239   1.02703
 0.354157 -0.647663 -0.674615   2.06071
        0         0         0         1

 0.358147 -0.572443  0.737591  0.718501
-0.863889 -0.502834 0.0292239   1.02703
 0.354157 -0.647663 -0.674615   2.06071
        0         0         0         1

  0.316668   -0.54588   0.775717   0.695982
 -0.847858  -0.529559 -0.0265389    1.07335
  0.425275  -0.649294  -0.630522    2.06371
         0          0          0          1

  0.316668   -0.54588   0.775717   0.695982
 -0.847858  -0.529559 -0.0265389    1.07335
  0.425275  -0.649294  -0.630522    2.06371
         0          0          0          1

  0.296596  -0.506486   0.809631   0.682956
 -0.830725  -0.555029 -0.0428891    1.10154
  0.471091   -0.65986   -0.58537    2.06493
         0          0          0          1

  0.296596  -0.506486   0.809631   0.682956
 -0.830725  -0.555029 -0.0428891    1.10154
  0.471091   -0.65986   -0.58537    2.06493
         0          0          0          1

  0.279906  -0.507402   0.814982   0.667486
 -0.818932  -0.569213 -0.0731257    1.14565
  0.501003  -0.646946  -0.574854    2.06565
         0          0          0          1

  0.279906  -0.507402   0.814982   0.667486
 -0.818932  -0.569213 -0.0731257    1.14565
  0.501003  -0.646946  -0.574854    2.06565
         0          0          0          1

  0.271302  -0.521308   0.809094   0.662969
 -0.819147  -0.566433 -0.0902856     1.1755
  0.505364  -0.638272  -0.580703    2.07182
         0          0          0          1

  0.271302  -0.521308   0.809094   0.662969
 -0.819147  -0.566433 -0.0902856     1.1755
  0.505364  -0.638272  -0.580703    2.07182
         0          0          0          1

