 0.715687 -0.168291  0.677842   1.17416
 -0.69669 -0.240307  0.675926   1.06607
0.0491384 -0.955997 -0.289231   1.84985
        0         0         0         1

 0.709394 -0.175817  0.682531   1.18044
-0.704087 -0.220695  0.674948   1.04974
0.0319637 -0.959365  -0.28035   1.85238
        0         0         0         1

 0.707855 -0.177681  0.683645   1.17923
-0.706063 -0.205961  0.677537   1.03051
0.0204188 -0.962294 -0.271244   1.84688
        0         0         0         1

 0.704866 -0.181023  0.685853   1.18605
-0.709248 -0.195507  0.677307   1.01776
 0.011481 -0.963851 -0.266196   1.84225
        0         0         0         1

 0.701611 -0.180424  0.689339   1.19303
-0.712555 -0.174022  0.679692  0.997935
-0.00267288 -0.968072 -0.250658   1.83853
        0         0         0         1

 0.703079 -0.176237  0.688927   1.19444
-0.711016 -0.158339  0.685117  0.984849
-0.011659 -0.971529 -0.236633   1.83546
        0         0         0         1

 0.698114  -0.17066   0.69535   1.20429
-0.715583 -0.133711  0.685611  0.956568
-0.0240304 -0.976215 -0.215467   1.81603
        0         0         0         1

 0.694908 -0.168054  0.699186   1.20563
-0.718456 -0.121133  0.684944   0.94519
-0.0304127 -0.978307 -0.204916   1.80946
        0         0         0         1

 0.691247 -0.164892  0.703554   1.20864
-0.721469  -0.10257  0.684808   0.92863
-0.0407563 -0.980964 -0.189866   1.80203
        0         0         0         1

  0.684716  -0.167514   0.709298    1.21411
 -0.727198 -0.0923331    0.68019   0.917749
-0.0484497  -0.981536  -0.185038     1.7958
         0          0          0          1

  0.667603  -0.178032   0.722918    1.22389
 -0.740296 -0.0554804   0.669988   0.886197
-0.0791716  -0.982459  -0.168835    1.78425
         0          0          0          1

  0.660601  -0.184678   0.727668    1.22819
 -0.745316 -0.0450517   0.665188   0.875635
-0.0900627  -0.981766  -0.167404    1.77732
         0          0          0          1

  0.653487    -0.1899    0.73273    1.23242
 -0.749978 -0.0314767   0.660713   0.861294
 -0.102405  -0.981299   -0.16299    1.76608
         0          0          0          1

 0.648764 -0.192002  0.736369   1.23615
-0.752248 -0.015566  0.658696  0.850063
-0.115009 -0.981271 -0.154532   1.76094
        0         0         0         1

   0.646711   -0.192512     0.73804     1.23772
  -0.752094 0.000113549    0.659056    0.836911
   -0.12696   -0.981295   -0.144714     1.75012
          0           0           0           1

 0.645419 -0.191613  0.739405   1.23959
-0.752037 0.0100292  0.659044   0.82843
-0.133697 -0.981419 -0.137627   1.74044
        0         0         0         1

 0.640457 -0.186632  0.744972    1.2454
-0.752181 0.0433965  0.657526  0.806045
-0.155045 -0.981471 -0.112587   1.71922
        0         0         0         1

 0.635738 -0.186229  0.749104   1.24954
-0.754166 0.0570018  0.654205  0.797973
-0.164532 -0.980851 -0.104209   1.71087
        0         0         0         1

  0.631836   -0.18468   0.752779    1.25163
 -0.753846  0.0794657   0.652228   0.786609
 -0.180274  -0.979581 -0.0890113    1.70217
         0          0          0          1

  0.627932  -0.183524    0.75632    1.25392
 -0.755012   0.092142   0.649205   0.779125
 -0.188834  -0.978687 -0.0807042    1.69418
         0          0          0          1

  0.614867  -0.182579   0.767205    1.26109
 -0.758996   0.127177   0.638554   0.761319
 -0.214157  -0.974931 -0.0603799    1.67212
         0          0          0          1

  0.611349  -0.179328   0.770775    1.26235
 -0.759071     0.1425    0.63522   0.754563
 -0.223748  -0.973414 -0.0490051    1.66506
         0          0          0          1

  0.606414   -0.17665   0.775278     1.2646
 -0.759725   0.159061   0.630491   0.746696
 -0.234693  -0.971336 -0.0377491    1.65243
         0          0          0          1

   0.60101  -0.175849   0.779656    1.26613
 -0.761213   0.171378   0.625447   0.741537
 -0.243599  -0.969385 -0.0308587    1.64301
         0          0          0          1

  0.594562  -0.173426   0.785124    1.26795
 -0.762518   0.188153   0.619004   0.734598
 -0.255074  -0.966707 -0.0203715    1.63101
         0          0          0          1

  0.590564  -0.172052   0.788436    1.26921
  -0.76292   0.199417   0.614968   0.729722
 -0.263034  -0.964692 -0.0134934    1.62225
         0          0          0          1

  0.578171  -0.166131   0.798824    1.27202
 -0.763636    0.23464   0.601501   0.717523
 -0.287364  -0.957781 0.00879805    1.60372
         0          0          0          1

 0.571107 -0.166002  0.803916   1.27436
-0.765627  0.245495  0.594599  0.713346
-0.296061 -0.955079 0.0131083   1.59535
        0         0         0         1

 0.562155 -0.166777  0.810041   1.27638
-0.767416   0.25994  0.586092  0.707923
-0.308309 -0.951113 0.0181394   1.58462
        0         0         0         1

 0.555529 -0.167727  0.814405    1.2781
-0.768495  0.270417  0.579905  0.704152
-0.317495  -0.94802 0.0213274   1.57807
        0         0         0         1

 0.546902 -0.174555  0.818797   1.27764
-0.765793  0.290924  0.573519  0.696166
-0.338318 -0.940688 0.0254339   1.55976
        0         0         0         1

 0.545384 -0.177784  0.819114   1.27713
-0.763602    0.2976  0.573015  0.693409
-0.345641 -0.937991 0.0265499   1.55264
        0         0         0         1

 0.540203 -0.184325    0.8211   1.27915
-0.762206  0.306387  0.570236  0.689626
-0.356683  -0.93389 0.0250172   1.54302
        0         0         0         1

 0.538959  -0.18907  0.820838   1.27926
-0.759095   0.31336  0.570597  0.687205
-0.365101 -0.930622 0.0253658   1.53693
        0         0         0         1

 0.535732 -0.196476  0.821211   1.28011
-0.755653  0.322438  0.570108  0.683653
-0.376802 -0.925976 0.0242726   1.52882
        0         0         0         1

 0.533173 -0.200987  0.821785   1.28121
-0.753486   0.32888  0.569295  0.681089
 -0.38469 -0.922736 0.0239085   1.52392
        0         0         0         1

 0.529295 -0.212674   0.82135   1.28318
-0.745379  0.345874  0.569896  0.675711
-0.405286  -0.91386 0.0245468   1.51211
        0         0         0         1

 0.529073 -0.216829  0.820406    1.2828
-0.742931  0.348814  0.571299  0.674091
-0.410043 -0.911764 0.0234589   1.50604
        0         0         0         1

 0.528179  -0.22098  0.819875   1.28305
-0.739228  0.355431  0.572023  0.671745
-0.417815 -0.908205 0.0243765   1.49918
        0         0         0         1

 0.527561 -0.223566  0.819572   1.28295
-0.736363  0.360731  0.572401  0.670308
-0.423614 -0.905479 0.0256821   1.49465
        0         0         0         1

 0.524047 -0.227661  0.820698   1.28315
-0.731844  0.372515  0.570646  0.666838
-0.435636 -0.899669 0.0286029   1.48415
        0         0         0         1

 0.522145 -0.229108  0.821507   1.28292
-0.730475   0.37703  0.569434  0.665739
-0.440195 -0.897417 0.0295061   1.48074
        0         0         0         1

 0.518313 -0.231291   0.82332   1.28344
-0.729204  0.383436   0.56678   0.66396
-0.446782 -0.894137 0.0300814   1.47678
        0         0         0         1

 0.515577 -0.232952  0.824569   1.28377
 -0.72939  0.385671  0.565021   0.66317
-0.449635 -0.892744 0.0289302   1.47307
        0         0         0         1

 0.512568 -0.234508  0.826003   1.28407
-0.728096  0.391208  0.562879  0.661598
-0.455138 -0.889923 0.0297763   1.46936
        0         0         0         1

 0.510791 -0.235936  0.826696   1.28424
-0.726795  0.395115   0.56183  0.660809
-0.459196 -0.887817 0.0303439   1.46711
        0         0         0         1

 0.508414 -0.239606  0.827106   1.28459
-0.725808  0.397623  0.561336   0.65941
-0.463376 -0.885712 0.0282487   1.45829
        0         0         0         1

   0.5087 -0.241393   0.82641   1.28456
-0.724038  0.399411  0.562352  0.658857
-0.465825 -0.884421 0.0284027   1.45573
        0         0         0         1

 0.508056 -0.242784  0.826399   1.28536
-0.721929  0.403275  0.562306    0.6582
-0.469785 -0.882284 0.0296132   1.45242
        0         0         0         1

 0.509943 -0.243925  0.824899   1.28486
-0.719048   0.40548  0.564408  0.657891
-0.472153 -0.880958 0.0313777   1.45043
        0         0         0         1

 0.511476  -0.24572  0.823416   1.28578
-0.712843  0.413762  0.566265  0.656622
 -0.47984 -0.876597 0.0364696   1.44593
        0         0         0         1

 0.512183 -0.246693  0.822685   1.28598
-0.711052  0.415468  0.567267  0.656289
-0.481741 -0.875516 0.0373842   1.44365
        0         0         0         1

 0.510608 -0.249817  0.822722   1.28744
-0.709618  0.417872  0.567297  0.655608
-0.485513 -0.873484 0.0360944   1.44069
        0         0         0         1

 0.510893 -0.252957  0.821585   1.28735
-0.706607  0.420736  0.568935  0.655693
-0.489587 -0.871203 0.0362099   1.43966
        0         0         0         1

 0.512672 -0.256644   0.81933   1.28618
-0.703371  0.421715  0.572211  0.655692
-0.492378 -0.869649 0.0356852   1.43681
        0         0         0         1

 0.513364 -0.260072  0.817814   1.28641
-0.701619  0.421548  0.574481  0.655954
-0.494154 -0.868712 0.0339365   1.43449
        0         0         0         1

 0.512943 -0.269427  0.815045   1.28636
-0.697495   0.42265  0.578678  0.656149
 -0.50039 -0.865318 0.0288712   1.42965
        0         0         0         1

 0.513556  -0.27323  0.813392   1.28603
-0.695911  0.421921  0.581111  0.656531
-0.501964 -0.864481 0.0265366   1.42758
        0         0         0         1

 0.511346 -0.277294  0.813408   1.28732
-0.694642  0.423896  0.581192  0.656635
-0.505962 -0.862218 0.0241381   1.42524
        0         0         0         1

 0.510327 -0.279531  0.813283   1.28744
-0.693378  0.425681  0.581397  0.656599
-0.508718 -0.860615 0.0234155   1.42428
        0         0         0         1

 0.509482 -0.285156  0.811859   1.28749
-0.689649  0.428925  0.583444  0.657126
-0.514599 -0.857152 0.0218722   1.42075
        0         0         0         1

  0.50886 -0.286604  0.811739   1.28777
-0.688216  0.431005  0.583604  0.657285
-0.517127 -0.855624  0.022076   1.42001
        0         0         0         1

 0.508758 -0.289057  0.810932   1.28766
-0.687081  0.431235  0.584771   0.65834
-0.518734 -0.854683  0.020789   1.41744
        0         0         0         1

 0.508233 -0.290608  0.810707   1.28762
-0.685496  0.433339  0.585074  0.658699
-0.521339 -0.853091 0.0210269   1.41668
        0         0         0         1

 0.507376 -0.292265  0.810648   1.28781
 -0.68463  0.434567  0.585178  0.659422
-0.523308 -0.851899 0.0203959   1.41513
        0         0         0         1

  0.50867 -0.293848  0.809264   1.28655
-0.683231  0.434173  0.587102  0.660053
-0.523879 -0.851556 0.0200844   1.41362
        0         0         0         1

 0.507812 -0.300224   0.80746   1.28557
-0.680684   0.43466  0.589695  0.661879
-0.528011  -0.84908 0.0163678   1.41053
        0         0         0         1

 0.506205 -0.299734  0.808651   1.28673
-0.681392  0.435762  0.588062  0.662305
-0.528642 -0.848688 0.0163483   1.40967
        0         0         0         1

 0.506471 -0.297953  0.809142   1.28631
-0.680839  0.437632  0.587312  0.663078
-0.529098 -0.848353 0.0187903   1.40959
        0         0         0         1

 0.504029 -0.299377   0.81014   1.28721
-0.682511  0.436756  0.586023  0.663633
-0.529276 -0.848302 0.0158097   1.40877
        0         0         0         1

 0.502402 -0.301393  0.810404   1.28767
-0.685512  0.432365  0.585775  0.665288
-0.526939 -0.849837  0.010613   1.40617
        0         0         0         1

 0.502654 -0.300343  0.810638   1.28802
-0.686053  0.431958  0.585443  0.665845
-0.525995 -0.850415 0.0110742   1.40576
        0         0         0         1

 0.502821  -0.29866  0.811156   1.28829
-0.686432  0.432364  0.584699  0.666402
-0.525341 -0.850802 0.0123921   1.40582
        0         0         0         1

 0.502924 -0.297386   0.81156   1.28799
-0.686329  0.433328  0.584106  0.666785
-0.525377 -0.850757 0.0138262   1.40633
        0         0         0         1

 0.502002 -0.296421  0.812483   1.28837
-0.687822  0.432674  0.582833  0.667289
-0.524304 -0.851427 0.0133189   1.40521
        0         0         0         1

 0.500499 -0.295769  0.813647   1.28909
-0.688604  0.433618  0.581206  0.667372
-0.524714 -0.851174  0.013358   1.40522
        0         0         0         1

 0.496866 -0.296049  0.815769   1.29004
-0.689614  0.435967  0.578244  0.667949
-0.526837 -0.849875 0.0124571   1.40551
        0         0         0         1

 0.496174 -0.296018  0.816201   1.29013
-0.689245  0.437372  0.577622  0.668117
 -0.52797 -0.849164 0.0129833   1.40569
        0         0         0         1

  0.49511 -0.295215  0.817138   1.29047
-0.688948  0.439624  0.576265  0.668448
-0.529356  -0.84828 0.0142745   1.40563
        0         0         0         1

  0.49494 -0.294143  0.817627    1.2905
-0.687726  0.442523  0.575505  0.668626
  -0.5311 -0.847144 0.0167326   1.40597
        0         0         0         1

 0.495656 -0.294047  0.817227   1.29031
-0.683726  0.448133   0.57593  0.669204
-0.535577 -0.844223  0.021072   1.40642
        0         0         0         1

 0.495959 -0.294477  0.816889   1.29044
-0.682249  0.449819  0.576368  0.669344
-0.537179 -0.843176 0.0221854   1.40638
        0         0         0         1

 0.495519 -0.295347  0.816842   1.29066
-0.679006  0.454749  0.576328  0.669415
-0.541675 -0.840222 0.0247946   1.40693
        0         0         0         1

 0.496467 -0.296766  0.815752   1.29068
 -0.67668  0.456307   0.57783   0.66956
-0.543714 -0.838877 0.0257259   1.40743
        0         0         0         1

 0.496685 -0.299833  0.814496   1.29034
-0.674307  0.457541  0.579627  0.669992
-0.546456 -0.837112 0.0250743   1.40822
        0         0         0         1

 0.494552 -0.302164  0.814933   1.29113
-0.674446  0.457988  0.579111  0.670207
-0.548216 -0.836029 0.0227053   1.40851
        0         0         0         1

 0.493294 -0.307449  0.813718   1.29149
-0.672054  0.459213  0.580919  0.671754
-0.552273 -0.833426 0.0199048   1.41022
        0         0         0         1

 0.494684 -0.307612  0.812812   1.29065
 -0.67033  0.460196  0.582131  0.672499
-0.553123 -0.832823 0.0214502   1.41136
        0         0         0         1

 0.494693 -0.306857  0.813092   1.29077
-0.669697  0.461679  0.581686  0.673561
-0.553881 -0.832281  0.022888   1.41295
        0         0         0         1

  0.49522 -0.306491  0.812908   1.29005
-0.669723  0.461334   0.58193  0.674678
-0.553379 -0.832607 0.0231978    1.4136
        0         0         0         1

 0.496713  -0.30284  0.813366   1.28977
-0.669584  0.462547  0.581126  0.677311
-0.552208  -0.83327 0.0269766   1.41765
        0         0         0         1

 0.497111 -0.301502   0.81362   1.28988
-0.669693  0.462908  0.580712  0.678236
-0.551717 -0.833554 0.0282029   1.41913
        0         0         0         1

 0.498763  -0.29943  0.813374   1.28908
-0.670136  0.461929  0.580981  0.680099
-0.549684 -0.834843 0.0297343   1.42035
        0         0         0         1

 0.499234 -0.297552  0.813774   1.29054
-0.670642  0.461989  0.580349  0.681442
-0.548639 -0.835481 0.0310903   1.42298
        0         0         0         1

 0.501894 -0.293896  0.813466   1.28977
-0.671162  0.460901  0.580613  0.683517
-0.545568 -0.837374 0.0340719    1.4261
        0         0         0         1

 0.505323 -0.289136  0.813049    1.2891
-0.671308    0.4603  0.580921  0.685146
-0.542212 -0.839359 0.0385014   1.42947
        0         0         0         1

 0.514333 -0.274569  0.812449   1.28917
-0.674894  0.454929  0.580996  0.689646
 -0.52913 -0.847143 0.0486804   1.43629
        0         0         0         1

 0.519772 -0.268245  0.811099    1.2879
-0.676534  0.450511  0.582531    0.6915
 -0.52167 -0.851519 0.0526859   1.43872
        0         0         0         1

 0.525658 -0.259636  0.810107   1.28698
-0.679596  0.444638  0.583477   0.69422
-0.511696 -0.857255 0.0572796   1.44335
        0         0         0         1

 0.528098 -0.253151  0.810572   1.28728
 -0.68307  0.440459   0.58259  0.696225
-0.504507 -0.861342 0.0596858    1.4473
        0         0         0         1

 0.535395 -0.235682  0.811052   1.28589
-0.695217   0.42232  0.581651  0.701288
-0.479609 -0.875271 0.0622578   1.45839
        0         0         0         1

 0.535456 -0.228718  0.813004   1.28663
-0.701603  0.415413  0.578952  0.703247
-0.470149 -0.880409  0.061966   1.46367
        0         0         0         1

 0.536551 -0.220656  0.814509   1.28603
-0.710899  0.401869  0.577168  0.706377
-0.454682 -0.888714 0.0587586   1.47041
        0         0         0         1

 0.541812 -0.216626  0.812104   1.28264
-0.714277  0.390587  0.580733  0.708824
-0.442999 -0.894715 0.0568941   1.47639
        0         0         0         1

 0.542187 -0.213427    0.8127   1.28253
-0.723076  0.374165  0.580656  0.711924
-0.428012 -0.902469  0.048544   1.48425
        0         0         0         1

 0.542814 -0.214836  0.811911   1.28173
-0.729652  0.358081  0.582568   0.71477
-0.415886 -0.908638  0.037616   1.49001
        0         0         0         1

   0.54915  -0.220203   0.806191    1.27845
   -0.7421   0.315159   0.591576   0.722324
 -0.384346  -0.923139 0.00965697    1.50826
         0          0          0          1

   0.552566    -0.22244    0.803238      1.2772
  -0.746708    0.296014    0.595653     0.72595
  -0.370267   -0.928922 -0.00253078     1.51515
          0           0           0           1

  0.561707  -0.220904   0.797299    1.27441
 -0.750566   0.269345    0.60341   0.731451
 -0.348045  -0.937366 -0.0145099    1.52635
         0          0          0          1

 0.567857 -0.220292  0.793101   1.27394
-0.752553  0.251404  0.608655  0.735765
-0.333471 -0.942479  -0.02302   1.53643
        0         0         0         1

  0.584992  -0.222986   0.779783    1.27282
 -0.757003   0.194952    0.62365   0.748947
 -0.291086  -0.955129 -0.0547557    1.55974
         0          0          0          1

  0.592599  -0.225068   0.773415    1.27338
 -0.757785   0.169779    0.63003   0.755227
 -0.273109  -0.959437 -0.0699423    1.56874
         0          0          0          1

 0.606038 -0.224557  0.763081   1.27222
-0.755995  0.135725  0.640351  0.764121
-0.247365 -0.964963  -0.08751   1.58176
        0         0         0         1

  0.615339  -0.225023   0.755462    1.27265
 -0.753415   0.113913   0.647603    0.77107
 -0.231782  -0.967672 -0.0994404    1.59389
         0          0          0          1

 0.632796 -0.223256  0.741435   1.26999
-0.747013 0.0760244  0.660449  0.782293
-0.203816 -0.971791 -0.118667   1.60824
        0         0         0         1

 0.642939 -0.222716  0.732821   1.27021
 -0.74352 0.0482012  0.666975  0.791053
-0.183869 -0.973691 -0.134603   1.61758
        0         0         0         1

  0.668113  -0.217667   0.711509     1.2717
 -0.730774 -0.0120621   0.682513   0.813685
 -0.139978  -0.975948  -0.167125    1.64903
         0          0          0          1

 0.678493 -0.216447  0.701996   1.27097
-0.724689 -0.040713  0.687873  0.824421
-0.120308 -0.975445  -0.18448   1.65876
        0         0         0         1

   0.68921  -0.212548   0.692686    1.27243
  -0.71787 -0.0706778    0.69258   0.837458
-0.0982492  -0.974591  -0.201294    1.67693
         0          0          0          1

  0.698755  -0.209278   0.684065    1.27156
 -0.710843 -0.0958182   0.696794   0.848529
-0.0802774   -0.97315  -0.215717    1.68918
         0          0          0          1

 0.711592 -0.206605  0.671529   1.27095
-0.700438 -0.133815  0.701056  0.864676
-0.0549815 -0.969231 -0.239936   1.70383
        0         0         0         1

 0.719223 -0.204301  0.664063    1.2699
-0.693761 -0.159453  0.702332  0.876402
-0.0376005 -0.965834 -0.256418   1.71563
        0         0         0         1

   0.7428 -0.190423  0.641863   1.26126
-0.669458 -0.223565  0.708409  0.908259
0.00860097 -0.955907 -0.293544   1.74688
        0         0         0         1

 0.750276 -0.186089  0.634395   1.25902
-0.660561 -0.250597  0.707714  0.922189
0.0272799 -0.950038  -0.31094    1.7557
        0         0         0         1

 0.756151  -0.18745  0.626975   1.26163
-0.652898 -0.280921  0.703426  0.939917
0.0442731 -0.941247 -0.334804   1.77147
        0         0         0         1

 0.765366 -0.180434  0.617785   1.25624
-0.640775 -0.303387   0.70524  0.953343
0.0601782 -0.935628 -0.347819   1.78283
        0         0         0         1

 0.775464 -0.189068   0.60242   1.25643
-0.625514 -0.359934  0.692228  0.987079
0.0859535  -0.91362  -0.39738     1.812
        0         0         0         1

 0.786204 -0.186196  0.589249   1.25052
-0.610362 -0.383109  0.693315   1.00186
0.0966539 -0.904742 -0.414848   1.82315
        0         0         0         1

 0.800305 -0.181744  0.571385   1.24265
-0.589289 -0.414325  0.693595   1.02134
 0.110683 -0.891798 -0.438686   1.83612
        0         0         0         1

 0.804782 -0.182301  0.564882   1.24283
-0.582184 -0.427931   0.69133   1.03442
   0.1157 -0.885235 -0.450524   1.84839
        0         0         0         1

 0.812397 -0.171407  0.557342   1.23309
 -0.56725 -0.453691  0.687308   1.05507
 0.135051  -0.87452 -0.465808   1.86124
        0         0         0         1

 0.814193 -0.172413  0.554404   1.23207
-0.562358 -0.471637    0.6792    1.0702
 0.144375 -0.864773 -0.480961   1.86706
        0         0         0         1

 0.815356 -0.169171  0.553692   1.22981
-0.554075 -0.505375  0.661511    1.1079
 0.167914 -0.846155 -0.505794   1.88402
        0         0         0         1

 0.819089 -0.157774  0.551544   1.22132
-0.543645 -0.520429  0.658486   1.12388
 0.183148 -0.839202 -0.512051   1.88717
        0         0         0         1

 0.818668 -0.159624  0.551637   1.22334
-0.542362  -0.53064  0.651356   1.14271
 0.188749 -0.832431 -0.520992   1.89654
        0         0         0         1

 0.821978 -0.150022  0.549405   1.21384
-0.533161  -0.54186  0.649713   1.15798
  0.20023 -0.826971 -0.525383       1.9
        0         0         0         1

