 0.705892 -0.393895  0.588695   1.18436
-0.707218 -0.345607  0.616765   1.06401
-0.0394839 -0.851706 -0.522531   1.99274
        0         0         0         1

 0.701395 -0.389477  0.596953   1.18888
-0.710898 -0.321544  0.625487   1.04757
-0.051666 -0.863086 -0.502408   1.98657
        0         0         0         1

 0.695375 -0.384538  0.607111   1.19361
-0.715478 -0.291194  0.635057   1.02805
-0.0674161 -0.875978 -0.477617   1.97704
        0         0         0         1

 0.690697 -0.379868  0.615335   1.19709
-0.719116 -0.271117  0.639819   1.01506
-0.0762188 -0.884419 -0.460429   1.96919
        0         0         0         1

 0.675416 -0.370703   0.63749   1.20286
-0.730938 -0.222017   0.64532  0.981833
-0.0976886 -0.901825 -0.420915   1.94821
        0         0         0         1

 0.665061 -0.373281  0.646804   1.20683
-0.738796 -0.202489   0.64279  0.968686
-0.108971  -0.90535 -0.410446   1.94064
        0         0         0         1

  0.65369 -0.376094  0.656691   1.20905
-0.746601 -0.178778  0.640801  0.951767
-0.123599 -0.909171 -0.397657   1.92923
        0         0         0         1

 0.645817 -0.376156  0.664399   1.20955
-0.751871 -0.162088  0.639075  0.939524
-0.132701 -0.912269   -0.3875   1.92157
        0         0         0         1

 0.630494 -0.381857  0.675768   1.21299
-0.761329 -0.134668  0.634226   0.92277
-0.151179 -0.914358 -0.375626   1.91237
        0         0         0         1

 0.621043 -0.383963  0.683285   1.21403
-0.766757 -0.116947  0.631195  0.911938
-0.162447 -0.915913 -0.367035   1.90441
        0         0         0         1

  0.592562  -0.395612   0.701685    1.22278
 -0.782576 -0.0762831   0.617864   0.888064
 -0.190908  -0.915244  -0.354798    1.87568
         0          0          0          1

  0.578447  -0.401272   0.710197     1.2291
 -0.789725 -0.0574426   0.610766   0.879019
 -0.204287  -0.914156  -0.350122    1.86464
         0          0          0          1

  0.566973  -0.402849   0.718508    1.23234
 -0.793239 -0.0318676   0.608076   0.866861
 -0.222066  -0.914711  -0.337624    1.85076
         0          0          0          1

  0.561728  -0.402948   0.722561    1.23368
 -0.793191 -0.0140343   0.608811   0.857835
 -0.235178  -0.915115  -0.327498    1.84137
         0          0          0          1

 0.550871 -0.395209  0.735085   1.23508
-0.790976 0.0337729  0.610914  0.836057
-0.266265  -0.91797 -0.293997   1.81657
        0         0         0         1

 0.545164 -0.394458  0.739729   1.23832
-0.790394  0.052253  0.610366  0.828142
-0.279417 -0.917427 -0.283291   1.80649
        0         0         0         1

 0.540485 -0.391011  0.744974   1.24039
-0.788469 0.0735751  0.610658  0.818306
-0.293585 -0.917441 -0.268534   1.79137
        0         0         0         1

 0.539214 -0.387157  0.747902   1.23987
-0.785644 0.0886167  0.612299  0.811239
-0.303333 -0.917745 -0.256385   1.78057
        0         0         0         1

 0.533667 -0.386382  0.752269   1.24281
-0.784298  0.106624  0.611153  0.802897
-0.316348 -0.916155 -0.246137   1.76495
        0         0         0         1

 0.528784 -0.386519  0.755639   1.24659
-0.783881  0.118977  0.609406  0.797045
 -0.32545 -0.914575 -0.240072   1.75358
        0         0         0         1

 0.520231 -0.383326  0.763165   1.25107
-0.779142   0.15289  0.607917  0.782211
-0.349711 -0.910871 -0.219127   1.72585
        0         0         0         1

 0.515703  -0.38338  0.766205   1.25351
-0.778592  0.163511  0.605854   0.77785
-0.357555 -0.909002 -0.214173    1.7129
        0         0         0         1

 0.514568  -0.37986  0.768718   1.25424
-0.772677  0.183254  0.607773  0.770763
-0.371739 -0.906711 -0.199213   1.69993
        0         0         0         1

  0.51554 -0.376048  0.769939    1.2536
 -0.76776  0.196264  0.609939  0.766181
-0.380477 -0.905576 -0.187533   1.68948
        0         0         0         1

 0.512567 -0.371177  0.774276   1.25697
 -0.76375  0.214987   0.60866  0.760384
 -0.39238 -0.903332 -0.173291   1.67421
        0         0         0         1

 0.510978 -0.366885  0.777365   1.25806
-0.759741  0.230287   0.60808  0.756357
-0.402112 -0.901312 -0.161066   1.66381
        0         0         0         1

 0.506773 -0.355661  0.785294   1.26196
-0.751857   0.26333  0.604457  0.746806
-0.421773 -0.896751 -0.133958   1.63662
        0         0         0         1

 0.501485 -0.354658  0.789133   1.26511
-0.750399  0.275661   0.60076   0.74366
-0.430598 -0.893436 -0.127895   1.62661
        0         0         0         1

 0.498618 -0.353614  0.791414    1.2661
-0.745974   0.28995  0.599543  0.739477
-0.441478 -0.889318 -0.119212   1.61305
        0         0         0         1

 0.496865 -0.353151  0.792723    1.2664
-0.742494  0.299881  0.598977  0.736736
-0.449252 -0.886203 -0.113212   1.60407
        0         0         0         1

 0.491655 -0.350204  0.797266   1.27003
-0.734084  0.325797    0.5958  0.730468
-0.468398 -0.878188 -0.096899   1.57981
        0         0         0         1

  0.492735  -0.347238   0.797896    1.27002
 -0.729684   0.334699    0.59627   0.727948
 -0.474103  -0.876015 -0.0884561    1.57036
         0          0          0          1

  0.492289   -0.34255   0.800194    1.27224
 -0.723393   0.350275   0.594987   0.725033
 -0.484101  -0.871761 -0.0753618    1.55959
         0          0          0          1

 0.492822  -0.33819  0.801719   1.27293
-0.719652  0.359498  0.594022  0.723097
-0.489109 -0.869706 -0.066211   1.55039
        0         0         0         1

  0.491198  -0.331389   0.805547    1.27609
 -0.715353   0.374184   0.590133   0.720263
 -0.496986  -0.866122 -0.0532613    1.54032
         0          0          0          1

  0.493346  -0.326712   0.806144    1.27594
 -0.710621    0.38308   0.590141   0.718664
 -0.501624  -0.864007 -0.0431775    1.53313
         0          0          0          1

  0.492562   -0.31448   0.811471    1.27952
 -0.705132   0.402283   0.583916   0.714262
 -0.510071  -0.859809 -0.0236005    1.51357
         0          0          0          1

  0.492361  -0.310732   0.813035    1.28059
 -0.703233   0.408404   0.581954   0.713231
 -0.512878  -0.858284 -0.0174349    1.50695
         0          0          0          1

  0.489412  -0.305158   0.816918    1.28348
 -0.702607     0.4169   0.576661   0.711004
 -0.516546  -0.856197 -0.0103705    1.49776
         0          0          0          1

   0.490695   -0.301339    0.817565     1.28312
  -0.699517    0.423201    0.575827    0.709572
  -0.519514   -0.854456 -0.00312873     1.49255
          0           0           0           1

 0.488978 -0.286421  0.823932   1.28639
-0.696725  0.440095  0.566473  0.705829
-0.524858 -0.851046 0.0156401   1.47989
        0         0         0         1

 0.488402 -0.280326  0.826366   1.28736
-0.696132  0.445862  0.562679  0.704668
-0.526179 -0.850073 0.0226157   1.47529
        0         0         0         1

 0.487167 -0.271301  0.830099   1.28814
-0.696922  0.452034  0.556745  0.703252
-0.526279 -0.849742 0.0311407   1.46839
        0         0         0         1

 0.485468 -0.265077    0.8331   1.28918
 -0.69896  0.454718  0.551984  0.702432
-0.525144 -0.850274 0.0354729   1.46295
        0         0         0         1

 0.480979 -0.254583  0.838956   1.29193
-0.702723  0.460251   0.54254  0.700954
-0.524252 -0.850504   0.04247   1.45717
        0         0         0         1

  0.47831 -0.248041  0.842434   1.29316
-0.702828  0.467049  0.536561  0.699539
-0.526547 -0.848729 0.0490638   1.45487
        0         0         0         1

 0.473571 -0.237267  0.848195   1.29531
-0.706441  0.472805  0.526685   0.69725
-0.525996 -0.848622  0.056292   1.44502
        0         0         0         1

 0.473337 -0.235046  0.848944   1.29482
-0.706983  0.473542  0.525293   0.69626
-0.525478  -0.84883 0.0579714   1.44162
        0         0         0         1

 0.471401 -0.231279  0.851053   1.29568
-0.706397  0.478722  0.521372  0.694824
   -0.528 -0.846957 0.0622954   1.43916
        0         0         0         1

 0.469424  -0.23062  0.852324   1.29661
-0.708494  0.477697  0.519463  0.694286
 -0.52695 -0.847715 0.0608496   1.43496
        0         0         0         1

 0.464265 -0.229991  0.855314   1.29916
-0.712534  0.476605  0.514921   0.69244
-0.526074   -0.8485 0.0573945   1.42731
        0         0         0         1

 0.462756 -0.229966  0.856138   1.30036
-0.713961  0.475779  0.513706   0.69198
-0.525467  -0.84897 0.0559832   1.42458
        0         0         0         1

 0.460746  -0.22976  0.857277   1.30213
-0.715281  0.475714  0.511927  0.691133
-0.525439 -0.849062 0.0548399   1.42184
        0         0         0         1

 0.460634  -0.22848  0.857679   1.30248
-0.715883  0.475612  0.511179  0.690951
-0.524717 -0.849464 0.0555177   1.42059
        0         0         0         1

 0.460577 -0.226643  0.858197   1.30276
-0.717711  0.473792  0.510306  0.690533
-0.522264 -0.850973 0.0555534   1.41729
        0         0         0         1

   0.4596  -0.22456  0.859268   1.30322
-0.719876  0.472437  0.508509  0.690705
-0.520141 -0.852277 0.0554765   1.41571
        0         0         0         1

 0.451822 -0.219278  0.864739   1.30342
-0.729534  0.467078  0.499618  0.690265
-0.513456 -0.856595 0.0510658    1.4131
        0         0         0         1

  0.44402 -0.217218  0.869289   1.30537
 -0.73566  0.465472  0.492077  0.689862
-0.511517 -0.857993 0.0468801    1.4126
        0         0         0         1

 0.437789 -0.217382  0.872402   1.30434
-0.741992   0.46061   0.48712  0.689494
-0.507729 -0.860571 0.0403544    1.4116
        0         0         0         1

 0.432888 -0.218734  0.874508   1.30423
-0.745146  0.459129  0.483692  0.689139
-0.507312  -0.86102 0.0357624   1.41207
        0         0         0         1

 0.421049 -0.220235  0.879894   1.30466
-0.756063  0.450692    0.4746  0.687958
-0.501085 -0.865086 0.0232519   1.41008
        0         0         0         1

 0.419519 -0.220654   0.88052   1.30439
-0.758685  0.447352  0.473575  0.687758
-0.498399 -0.866711 0.0202658   1.40952
        0         0         0         1

 0.414843 -0.224627   0.88173   1.30502
-0.761246  0.445128  0.471556  0.687131
-0.498407 -0.866835  0.013662   1.40969
        0         0         0         1

  0.413114  -0.229891   0.881185    1.30454
 -0.762007   0.442596    0.47271    0.68668
 -0.498681  -0.866752 0.00766422    1.40982
         0          0          0          1

    0.412972    -0.237549     0.879218      1.30267
   -0.762272     0.438139      0.47642     0.686368
   -0.498393    -0.866951 -0.000137519      1.41009
           0            0            0            1

   0.410453   -0.244422    0.878514     1.30228
  -0.763403    0.434819    0.477648     0.68594
  -0.498742   -0.866712 -0.00811927     1.41014
          0           0           0           1

  0.405506  -0.264055   0.875123    1.30153
 -0.762803   0.429777   0.483139   0.684391
 -0.503682  -0.863462 -0.0271446    1.41144
         0          0          0          1

  0.403354   -0.27195   0.873698    1.30149
 -0.763979   0.425432   0.485122   0.684017
 -0.503628  -0.863163 -0.0361644    1.41117
         0          0          0          1

   0.40354  -0.281519   0.870576    1.30111
 -0.762965   0.421639   0.490004   0.683334
 -0.505014  -0.861956 -0.0446408    1.41132
         0          0          0          1

  0.406214  -0.286117   0.867829    1.29985
 -0.760708     0.4203   0.494642    0.68302
 -0.506275  -0.861095 -0.0469195    1.41197
         0          0          0          1

  0.410789  -0.292854   0.863417    1.29767
 -0.759259   0.414404   0.501792   0.682727
 -0.504755  -0.861688 -0.0521196    1.41258
         0          0          0          1

  0.411207   -0.29318   0.863107    1.29742
 -0.758557   0.414998   0.502363   0.682507
 -0.505471  -0.861291 -0.0517436    1.41383
         0          0          0          1

  0.412842  -0.292916   0.862416    1.29599
 -0.759537   0.411844   0.503475   0.682992
 -0.502657  -0.862893 -0.0524539    1.41505
         0          0          0          1

 0.411875 -0.291369  0.863402   1.29618
-0.761468  0.410391  0.501742  0.683146
-0.500524 -0.864109 -0.052838   1.41633
        0         0         0         1

  0.411174  -0.288344   0.864751    1.29576
 -0.765094   0.406548   0.499349   0.683625
 -0.495547  -0.866935 -0.0534491    1.41749
         0          0          0          1

   0.41119  -0.285032    0.86584    1.29517
  -0.76734   0.404491    0.49757   0.684193
 -0.492048   -0.86899 -0.0523939     1.4199
         0          0          0          1

  0.410728  -0.272447   0.870101    1.29442
 -0.775213   0.397993   0.490557   0.685951
 -0.479945  -0.875999 -0.0477382    1.42627
         0          0          0          1

  0.410842  -0.265153   0.872298    1.29397
 -0.778973   0.395047   0.486969   0.686561
 -0.473719  -0.879564 -0.0442452    1.42932
         0          0          0          1

  0.411795  -0.253361   0.875348     1.2931
 -0.785704    0.38788   0.481891   0.687556
 -0.461622  -0.886204 -0.0393394    1.43206
         0          0          0          1

  0.412774  -0.244957   0.877276    1.29272
 -0.789229   0.384612   0.478739   0.688298
 -0.454681  -0.889983 -0.0345692     1.4362
         0          0          0          1

  0.414908  -0.224712   0.881678    1.29245
 -0.798715   0.374162   0.471229   0.689861
 -0.435781  -0.899726 -0.0242374    1.44751
         0          0          0          1

  0.417164  -0.219081   0.882031    1.29164
  -0.80211   0.367557    0.47066   0.690626
 -0.427309  -0.903828 -0.0223961    1.45172
         0          0          0          1

  0.421171  -0.211355   0.882011    1.29025
 -0.806806   0.356952   0.470796   0.691546
 -0.414341  -0.909898 -0.0201849     1.4577
         0          0          0          1

  0.424081  -0.207065   0.881634     1.2896
 -0.809671   0.349416   0.471531   0.692363
 -0.405695  -0.913801 -0.0194736    1.46343
         0          0          0          1

  0.427711  -0.201521   0.881165    1.28899
 -0.815052   0.335519   0.472353   0.693636
 -0.390837  -0.920226 -0.0207449    1.46993
         0          0          0          1

  0.430599  -0.198638   0.880413     1.2887
  -0.81836   0.325449   0.473678   0.694309
  -0.38062   -0.92446 -0.0224195     1.4753
         0          0          0          1

  0.43624 -0.188366  0.879894   1.28855
 -0.82746  0.300238  0.474518  0.696564
-0.353561  -0.93508 -0.024889    1.4916
        0         0         0         1

   0.43823  -0.184086   0.879811    1.28861
 -0.830767   0.290764   0.474639    0.69727
 -0.343191  -0.938919 -0.0255115    1.49901
         0          0          0          1

  0.442277  -0.179156   0.878803    1.28819
 -0.834316   0.277362   0.476432    0.69845
 -0.329102  -0.943914 -0.0268018    1.50966
         0          0          0          1

  0.445227  -0.175595   0.878032    1.28697
 -0.837178   0.266238   0.477755   0.699524
 -0.317657  -0.947778 -0.0284685    1.51725
         0          0          0          1

  0.455365  -0.167323    0.87444    1.28389
 -0.842614    0.23615   0.483978   0.703034
  -0.28748  -0.957202 -0.0334543    1.53936
         0          0          0          1

  0.458046  -0.164725   0.873533    1.28328
 -0.845708   0.221937   0.485306   0.704704
 -0.273811  -0.961046 -0.0376521    1.54726
         0          0          0          1

  0.458165  -0.162581   0.873872    1.28463
 -0.850452    0.20572   0.484159   0.706992
 -0.258488  -0.965011 -0.0440138    1.56026
         0          0          0          1

  0.462074  -0.158596   0.872545    1.28315
 -0.852283   0.192565   0.486346   0.709166
 -0.245154  -0.968383 -0.0461895    1.56993
         0          0          0          1

  0.465019  -0.154563   0.871704     1.2815
 -0.855637   0.174282    0.48735   0.712267
 -0.227249   -0.97249 -0.0512051     1.5835
         0          0          0          1

  0.469579  -0.150962   0.869889    1.27956
 -0.856971    0.15905   0.490208   0.714998
 -0.212358  -0.975661 -0.0546837    1.59239
         0          0          0          1

  0.480141  -0.140783    0.86582     1.2753
 -0.859386   0.122366    0.49647   0.722463
 -0.175841  -0.982449 -0.0622342    1.61893
         0          0          0          1

  0.482154  -0.138687    0.86504    1.27528
 -0.861012   0.107366   0.497123   0.725836
 -0.161821  -0.984499 -0.0676441    1.62891
         0          0          0          1

  0.487295  -0.135122    0.86272    1.27317
 -0.861174  0.0892934   0.500407   0.730366
 -0.144651  -0.986797 -0.0728511    1.64408
         0          0          0          1

  0.491671  -0.132266   0.860677    1.27176
 -0.860544  0.0773081   0.503476   0.733651
  -0.13313  -0.988195 -0.0758102    1.65615
         0          0          0          1

  0.503441  -0.128344   0.854444    1.26943
 -0.857759  0.0446817   0.512106   0.744233
 -0.103904  -0.990723 -0.0875936     1.6879
         0          0          0          1

  0.508181  -0.127566   0.851751    1.26775
 -0.856384  0.0301407   0.515459   0.749125
-0.0914276  -0.991372 -0.0939289    1.69934
         0          0          0          1

  0.518788   -0.12387   0.845882    1.26338
 -0.851958 0.00714673   0.523561   0.757086
 -0.070899  -0.992273  -0.101825    1.71564
         0          0          0          1

  0.521976  -0.124406   0.843839    1.26293
 -0.851056 -0.0098908   0.524982   0.763099
-0.0569648  -0.992182   -0.11104     1.7268
         0          0          0          1

  0.52651 -0.125236  0.840894   1.26213
-0.849234   -0.0311    0.5271  0.771183
-0.0398599 -0.991639 -0.122729    1.7439
        0         0         0         1

  0.531055   -0.12335   0.838311    1.26017
 -0.846953 -0.0474755   0.529544   0.777273
-0.0255201  -0.991227  -0.129684    1.75604
         0          0          0          1

  0.543681  -0.119799   0.830698     1.2543
 -0.839236 -0.0890845   0.536421   0.794079
0.00973968  -0.988793  -0.148973    1.78748
         0          0          0          1

 0.546449 -0.118577  0.829056   1.25281
-0.837225 -0.102353  0.537194  0.800803
0.0211581 -0.987655 -0.155206   1.80107
        0         0         0         1

 0.553847  -0.11562  0.824552   1.24878
-0.831572 -0.126447  0.540832  0.811738
0.0417308 -0.985212 -0.166178   1.81744
        0         0         0         1

 0.556261 -0.115979  0.822874   1.24786
-0.829353 -0.139923   0.54092  0.819101
 0.052404 -0.983346 -0.174022   1.83062
        0         0         0         1

 0.565647 -0.112624  0.816921   1.24082
-0.820515  -0.17592  0.543882  0.840685
0.0824584 -0.977941 -0.191919   1.86346
        0         0         0         1

 0.566028 -0.114624  0.816378   1.24109
-0.818447 -0.196782  0.539834  0.851298
0.0987707 -0.973724 -0.205198   1.87183
        0         0         0         1

 0.571737 -0.110814  0.812919   1.23474
-0.812735 -0.211946  0.542716  0.862475
 0.112154 -0.970979 -0.211239   1.89147
        0         0         0         1

 0.574196 -0.109954  0.811301    1.2319
-0.809273 -0.226307  0.542091  0.871419
 0.123997  -0.96783 -0.218928   1.90331
        0         0         0         1

  0.58013 -0.108436  0.807273    1.2258
-0.802245 -0.247507  0.543271  0.885687
 0.140896 -0.962799 -0.230579   1.91781
        0         0         0         1

 0.581455 -0.110028  0.806104   1.22548
-0.799085 -0.263419  0.540438  0.895744
  0.15288 -0.958386 -0.241088   1.92729
        0         0         0         1

 0.590577 -0.108241  0.799689   1.21794
-0.788208 -0.289879  0.542862  0.920191
 0.173053 -0.950923 -0.256512   1.95846
        0         0         0         1

 0.592426 -0.106917  0.798499   1.21646
-0.784628 -0.301388  0.541779  0.930037
 0.182732 -0.947488  -0.26244   1.96893
        0         0         0         1

 0.600706 -0.096968  0.793567   1.20717
-0.774314 -0.317608  0.547323  0.944494
 0.198971 -0.943251 -0.265873   1.98349
        0         0         0         1

  0.599806 -0.0996752   0.793913    1.20909
 -0.772019  -0.332852   0.541476   0.957604
  0.210284  -0.937696  -0.276598    1.98983
         0          0          0          1

  0.609049 -0.0904367    0.78796    1.19808
 -0.758508  -0.356748    0.54534   0.983664
  0.231784  -0.929813  -0.285874    2.01678
         0          0          0          1

  0.608871 -0.0923397   0.787876    1.19677
 -0.754975  -0.372317   0.539809   0.995558
  0.243494  -0.923501  -0.296407    2.02072
         0          0          0          1

  0.613654 -0.0878932   0.784668    1.18876
 -0.747599  -0.384391   0.541608    1.00967
  0.254016  -0.918977  -0.301592    2.03377
         0          0          0          1

  0.615818 -0.0872057   0.783047    1.18454
 -0.742814  -0.395596   0.540121     1.0195
  0.262669  -0.914275  -0.308393    2.04369
         0          0          0          1

   0.61761 -0.0913618    0.78116    1.18236
 -0.736758  -0.414773   0.533995    1.03691
  0.275217  -0.905327   -0.32348    2.05148
         0          0          0          1

  0.621134 -0.0908507   0.778421    1.17789
 -0.729527  -0.429915   0.531943    1.04929
  0.286328  -0.898287  -0.333313    2.05663
         0          0          0          1

  0.632318 -0.0916365    0.76927    1.16632
 -0.713345  -0.456187   0.532008    1.07851
   0.30218  -0.885153  -0.353824     2.0762
         0          0          0          1

  0.636392 -0.0925392   0.765795    1.16226
 -0.707211  -0.466393   0.531347    1.08973
  0.307991  -0.879724  -0.362253    2.08227
         0          0          0          1

  0.640049 -0.0959143   0.762323    1.16098
 -0.702263  -0.475551    0.52979    1.10472
   0.31171  -0.874443  -0.371734    2.09224
         0          0          0          1

  0.644671 -0.0933529   0.758739    1.15379
  -0.69354  -0.488913   0.529119    1.11841
  0.321563  -0.867323  -0.379932    2.09225
         0          0          0          1

 0.654846  -0.10119  0.748958   1.15108
-0.679444 -0.512793  0.524784   1.15012
 0.330957 -0.852528 -0.404553   2.10052
        0         0         0         1

  0.663171 -0.0959257   0.742296    1.13902
 -0.671357  -0.514675   0.533283    1.15892
  0.330885  -0.852002  -0.405717    2.10889
         0          0          0          1

  0.665881 -0.0953777   0.739936    1.13403
 -0.665848  -0.523345   0.531749    1.17526
  0.336524  -0.846766  -0.411993    2.11498
         0          0          0          1

 0.667555 -0.102627  0.737453   1.13806
-0.662349 -0.534266  0.525218   1.18997
 0.340094 -0.839064 -0.424627   2.11369
        0         0         0         1

