 0.159688 -0.583868  0.795989  0.400028
-0.758535 -0.588609 -0.279577   1.07403
 0.631762 -0.559141 -0.536878   2.43877
        0         0         0         1

 0.159688 -0.583868  0.795989  0.400028
-0.758535 -0.588609 -0.279577   1.07403
 0.631762 -0.559141 -0.536878   2.43877
        0         0         0         1

 0.142216 -0.555331  0.819379  0.382831
-0.763857 -0.588038 -0.265961   1.01941
 0.629522 -0.588064 -0.507821   2.43008
        0         0         0         1

 0.142216 -0.555331  0.819379  0.382831
-0.763857 -0.588038 -0.265961   1.01941
 0.629522 -0.588064 -0.507821   2.43008
        0         0         0         1

 0.140792  -0.56165  0.815308   0.38843
-0.775657  -0.57434 -0.261707  0.988743
 0.615251 -0.595553  -0.51651   2.43142
        0         0         0         1

 0.140792  -0.56165  0.815308   0.38843
-0.775657  -0.57434 -0.261707  0.988743
 0.615251 -0.595553  -0.51651   2.43142
        0         0         0         1

 0.130719 -0.567313  0.813061  0.390506
 -0.79046 -0.554634 -0.259911  0.938405
 0.598402 -0.608717 -0.520939   2.43188
        0         0         0         1

 0.130719 -0.567313  0.813061  0.390506
 -0.79046 -0.554634 -0.259911  0.938405
 0.598402 -0.608717 -0.520939   2.43188
        0         0         0         1

 0.128063 -0.552802  0.823413  0.365686
 -0.80997 -0.537409 -0.234819  0.890009
 0.572318 -0.636869 -0.516575   2.43347
        0         0         0         1

 0.128063 -0.552802  0.823413  0.365686
 -0.80997 -0.537409 -0.234819  0.890009
 0.572318 -0.636869 -0.516575   2.43347
        0         0         0         1

 0.114433 -0.558492  0.821579  0.370948
-0.816154 -0.524361 -0.242773   0.87517
 0.566391 -0.642753  -0.51582   2.41606
        0         0         0         1

 0.114433 -0.558492  0.821579  0.370948
-0.816154 -0.524361 -0.242773   0.87517
 0.566391 -0.642753  -0.51582   2.41606
        0         0         0         1

 0.096214 -0.571176  0.815169  0.371391
-0.831048 -0.496833 -0.250035  0.832262
 0.547816 -0.653387 -0.522477    2.3988
        0         0         0         1

 0.096214 -0.571176  0.815169  0.371391
-0.831048 -0.496833 -0.250035  0.832262
 0.547816 -0.653387 -0.522477    2.3988
        0         0         0         1

0.0914964 -0.578384  0.810617  0.363969
-0.848944 -0.470795 -0.240095   0.79065
 0.520502 -0.666201 -0.534092   2.39814
        0         0         0         1

0.0914964 -0.578384  0.810617  0.363969
-0.848944 -0.470795 -0.240095   0.79065
 0.520502 -0.666201 -0.534092   2.39814
        0         0         0         1

0.0764335 -0.575124  0.814488  0.343964
-0.864451 -0.445298 -0.233311  0.739498
 0.496873 -0.686252 -0.531202   2.37583
        0         0         0         1

0.0764335 -0.575124  0.814488  0.343964
-0.864451 -0.445298 -0.233311  0.739498
 0.496873 -0.686252 -0.531202   2.37583
        0         0         0         1

0.0679969 -0.583418   0.80932  0.340626
 -0.87604 -0.423096 -0.231396  0.705282
 0.477421 -0.693263 -0.539867   2.36664
        0         0         0         1

0.0679969 -0.583418   0.80932  0.340626
 -0.87604 -0.423096 -0.231396  0.705282
 0.477421 -0.693263 -0.539867   2.36664
        0         0         0         1

0.0490378 -0.592021  0.804429  0.336763
-0.886047 -0.397516  -0.23854  0.680284
 0.460994 -0.701065 -0.544052   2.34775
        0         0         0         1

0.0490378 -0.592021  0.804429  0.336763
-0.886047 -0.397516  -0.23854  0.680284
 0.460994 -0.701065 -0.544052   2.34775
        0         0         0         1

0.0272007 -0.612113  0.790303  0.334902
-0.902807 -0.354479 -0.243482  0.637793
 0.429184 -0.706868 -0.562262   2.32329
        0         0         0         1

0.0272007 -0.612113  0.790303  0.334902
-0.902807 -0.354479 -0.243482  0.637793
 0.429184 -0.706868 -0.562262   2.32329
        0         0         0         1

0.0177957 -0.610636  0.791711  0.321584
-0.913744  -0.33139 -0.235058  0.607028
 0.405901 -0.719238 -0.563863   2.29705
        0         0         0         1

0.0177957 -0.610636  0.791711  0.321584
-0.913744  -0.33139 -0.235058  0.607028
 0.405901 -0.719238 -0.563863   2.29705
        0         0         0         1

0.00286014 -0.609784  0.792563  0.307905
-0.931145 -0.290625 -0.220242  0.564378
 0.364638 -0.737361 -0.568628   2.26004
        0         0         0         1

0.00286014 -0.609784  0.792563  0.307905
-0.931145 -0.290625 -0.220242  0.564378
 0.364638 -0.737361 -0.568628   2.26004
        0         0         0         1

-0.00509726  -0.61268  0.790315  0.300621
-0.941568 -0.263232 -0.210139  0.537982
 0.336784 -0.745206 -0.575538   2.23301
        0         0         0         1

-0.00509726  -0.61268  0.790315  0.300621
-0.941568 -0.263232 -0.210139  0.537982
 0.336784 -0.745206 -0.575538   2.23301
        0         0         0         1

-0.024642 -0.612863  0.789805  0.291144
-0.954405 -0.220683 -0.201021  0.506976
 0.297495 -0.758748 -0.579482   2.18645
        0         0         0         1

-0.024642 -0.612863  0.789805  0.291144
-0.954405 -0.220683 -0.201021  0.506976
 0.297495 -0.758748 -0.579482   2.18645
        0         0         0         1

 -0.03117 -0.619327  0.784514  0.287193
 -0.96517 -0.185335 -0.184658  0.485913
 0.259762 -0.762945 -0.591979   2.15919
        0         0         0         1

 -0.03117 -0.619327  0.784514  0.287193
 -0.96517 -0.185335 -0.184658  0.485913
 0.259762 -0.762945 -0.591979   2.15919
        0         0         0         1

-0.0337927  -0.61121  0.790746  0.273088
-0.975687 -0.151253 -0.158608  0.462249
 0.216546 -0.776881 -0.591239   2.12441
        0         0         0         1

-0.0337927  -0.61121  0.790746  0.273088
-0.975687 -0.151253 -0.158608  0.462249
 0.216546 -0.776881 -0.591239   2.12441
        0         0         0         1

-0.0439381  -0.601094    0.79797   0.260234
 -0.987319 -0.0958345  -0.126554   0.437875
  0.152544  -0.793411  -0.589261    2.06951
         0          0          0          1

-0.0439381  -0.601094    0.79797   0.260234
 -0.987319 -0.0958345  -0.126554   0.437875
  0.152544  -0.793411  -0.589261    2.06951
         0          0          0          1

-0.0472913  -0.601893   0.797176    0.25597
 -0.992037 -0.0649622    -0.1079   0.422094
   0.11673   -0.79593  -0.594028    2.03848
         0          0          0          1

-0.0472913  -0.601893   0.797176    0.25597
 -0.992037 -0.0649622    -0.1079   0.422094
   0.11673   -0.79593  -0.594028    2.03848
         0          0          0          1

 -0.049675   -0.59395   0.802967   0.242827
  -0.99565  -0.034003 -0.0867469    0.40217
 0.0788266  -0.803783  -0.589677    1.98244
         0          0          0          1

 -0.049675   -0.59395   0.802967   0.242827
  -0.99565  -0.034003 -0.0867469    0.40217
 0.0788266  -0.803783  -0.589677    1.98244
         0          0          0          1

-0.0604043  -0.590132   0.805044   0.237255
 -0.996365 -0.0128898 -0.0842083   0.394223
 0.0600709  -0.807204  -0.587208    1.94552
         0          0          0          1

-0.0604043  -0.590132   0.805044   0.237255
 -0.996365 -0.0128898 -0.0842083   0.394223
 0.0600709  -0.807204  -0.587208    1.94552
         0          0          0          1

-0.0712107  -0.584529   0.808242   0.231791
 -0.996665 0.00932745 -0.0810662    0.38609
 0.0398467  -0.811319  -0.583244    1.90939
         0          0          0          1

-0.0712107  -0.584529   0.808242   0.231791
 -0.996665 0.00932745 -0.0810662    0.38609
 0.0398467  -0.811319  -0.583244    1.90939
         0          0          0          1

-0.0845616  -0.575052   0.813735   0.225421
 -0.996317  0.0371765 -0.0772632   0.377581
 0.0141785  -0.817272  -0.576078    1.85343
         0          0          0          1

-0.0845616  -0.575052   0.813735   0.225421
 -0.996317  0.0371765 -0.0772632   0.377581
 0.0141785  -0.817272  -0.576078    1.85343
         0          0          0          1

-0.0880164  -0.569785   0.817067   0.219737
 -0.996082   0.057456 -0.0672332   0.369062
-0.00863689  -0.819783   -0.57261    1.82015
         0          0          0          1

-0.0880164  -0.569785   0.817067   0.219737
 -0.996082   0.057456 -0.0672332   0.369062
-0.00863689  -0.819783   -0.57261    1.82015
         0          0          0          1

-0.0952867  -0.568713   0.816998   0.216304
 -0.995003   0.079006 -0.0610513   0.362904
-0.0298271  -0.818733  -0.573399    1.78968
         0          0          0          1

-0.0952867  -0.568713   0.816998   0.216304
 -0.995003   0.079006 -0.0610513   0.362904
-0.0298271  -0.818733  -0.573399    1.78968
         0          0          0          1

 -0.107784  -0.562014   0.820075   0.213714
 -0.992619   0.106963 -0.0571579   0.359162
-0.0555944  -0.820182  -0.569395    1.74468
         0          0          0          1

 -0.107784  -0.562014   0.820075   0.213714
 -0.992619   0.106963 -0.0571579   0.359162
-0.0555944  -0.820182  -0.569395    1.74468
         0          0          0          1

 -0.113434  -0.556237   0.823245   0.213818
 -0.991088   0.121589 -0.0544081   0.359098
-0.0698334  -0.822081  -0.565073    1.71554
         0          0          0          1

 -0.113434  -0.556237   0.823245   0.213818
 -0.991088   0.121589 -0.0544081   0.359098
-0.0698334  -0.822081  -0.565073    1.71554
         0          0          0          1

 -0.116733  -0.551045    0.82627   0.212587
 -0.988683   0.143414 -0.0440343    0.35665
-0.0942336  -0.822059   -0.56155    1.68047
         0          0          0          1

 -0.116733  -0.551045    0.82627   0.212587
 -0.988683   0.143414 -0.0440343    0.35665
-0.0942336  -0.822059   -0.56155    1.68047
         0          0          0          1

  -0.11048  -0.548011   0.829143   0.208443
 -0.987567   0.154397 -0.0295433   0.351527
 -0.111827  -0.822098  -0.558255    1.65872
         0          0          0          1

  -0.11048  -0.548011   0.829143   0.208443
 -0.987567   0.154397 -0.0295433   0.351527
 -0.111827  -0.822098  -0.558255    1.65872
         0          0          0          1

-0.106984 -0.547241   0.83011   0.20738
-0.986303  0.163832 -0.019109   0.35081
-0.125542 -0.820784 -0.557273    1.6387
        0         0         0         1

-0.106984 -0.547241   0.83011   0.20738
-0.986303  0.163832 -0.019109   0.35081
-0.125542 -0.820784 -0.557273    1.6387
        0         0         0         1

  -0.102106   -0.549963    0.828924    0.205528
  -0.984466    0.175511 -0.00482013     0.34925
  -0.142834   -0.816539    -0.55934     1.61627
          0           0           0           1

  -0.102106   -0.549963    0.828924    0.205528
  -0.984466    0.175511 -0.00482013     0.34925
  -0.142834   -0.816539    -0.55934     1.61627
          0           0           0           1

-0.0976634  -0.549547   0.829735   0.204871
 -0.983382   0.181493 0.00445722   0.348193
  -0.15304  -0.815511   -0.55814    1.60211
         0          0          0          1

-0.0976634  -0.549547   0.829735   0.204871
 -0.983382   0.181493 0.00445722   0.348193
  -0.15304  -0.815511   -0.55814    1.60211
         0          0          0          1

-0.0900264 -0.555049  0.826932  0.202427
 -0.98118  0.191846 0.0219508  0.344975
-0.170827 -0.809392 -0.561874   1.58735
        0         0         0         1

-0.0900264 -0.555049  0.826932  0.202427
 -0.98118  0.191846 0.0219508  0.344975
-0.170827 -0.809392 -0.561874   1.58735
        0         0         0         1

-0.0904832 -0.551821  0.829039  0.202147
 -0.98035  0.195877 0.0233811  0.346171
-0.175292 -0.810633 -0.558702    1.5747
        0         0         0         1

-0.0904832 -0.551821  0.829039  0.202147
 -0.98035  0.195877 0.0233811  0.346171
-0.175292 -0.810633 -0.558702    1.5747
        0         0         0         1

-0.0915639 -0.548368  0.831209  0.201137
-0.979336  0.200743 0.0245536  0.345246
-0.180324 -0.811785 -0.555417   1.56691
        0         0         0         1

-0.0915639 -0.548368  0.831209  0.201137
-0.979336  0.200743 0.0245536  0.345246
-0.180324 -0.811785 -0.555417   1.56691
        0         0         0         1

-0.0971975 -0.545144  0.832689  0.201642
-0.977813  0.208298  0.022231  0.346435
-0.185566 -0.812053 -0.553295   1.55712
        0         0         0         1

-0.0971975 -0.545144  0.832689  0.201642
-0.977813  0.208298  0.022231  0.346435
-0.185566 -0.812053 -0.553295   1.55712
        0         0         0         1

-0.0970725 -0.542773  0.834251  0.199818
-0.977025  0.211757  0.024086  0.343793
-0.189732 -0.812746 -0.550859   1.55058
        0         0         0         1

-0.0970725 -0.542773  0.834251  0.199818
-0.977025  0.211757  0.024086  0.343793
-0.189732 -0.812746 -0.550859   1.55058
        0         0         0         1

-0.0999779 -0.546347   0.83157  0.199862
-0.975011  0.220434 0.0276029  0.344179
-0.198387 -0.808031 -0.554733   1.54383
        0         0         0         1

-0.0999779 -0.546347   0.83157  0.199862
-0.975011  0.220434 0.0276029  0.344179
-0.198387 -0.808031 -0.554733   1.54383
        0         0         0         1

-0.0992285 -0.553266  0.827073  0.200555
-0.973869  0.224635 0.0334278  0.345025
-0.204284 -0.802144 -0.561099   1.53911
        0         0         0         1

-0.0992285 -0.553266  0.827073  0.200555
-0.973869  0.224635 0.0334278  0.345025
-0.204284 -0.802144 -0.561099   1.53911
        0         0         0         1

-0.0992574 -0.565312  0.818884  0.202165
-0.972444  0.229571 0.0406128  0.346574
-0.210951 -0.792287 -0.572521   1.53535
        0         0         0         1

-0.0992574 -0.565312  0.818884  0.202165
-0.972444  0.229571 0.0406128  0.346574
-0.210951 -0.792287 -0.572521   1.53535
        0         0         0         1

-0.0976764 -0.585347  0.804878  0.202762
-0.969503  0.238623  0.055884  0.346445
-0.224774 -0.774873 -0.590804   1.53004
        0         0         0         1

-0.0976764 -0.585347  0.804878  0.202762
-0.969503  0.238623  0.055884  0.346445
-0.224774 -0.774873 -0.590804   1.53004
        0         0         0         1

-0.0957545 -0.589857   0.80181  0.203127
-0.968095  0.242576 0.0628397  0.346237
-0.231566 -0.770211 -0.594266   1.52925
        0         0         0         1

-0.0957545 -0.589857   0.80181  0.203127
-0.968095  0.242576 0.0628397  0.346237
-0.231566 -0.770211 -0.594266   1.52925
        0         0         0         1

-0.103638 -0.592262  0.799053  0.204142
-0.966763  0.248773  0.059001  0.349034
-0.233727  -0.76638 -0.598359   1.52686
        0         0         0         1

-0.103638 -0.592262  0.799053  0.204142
-0.966763  0.248773  0.059001  0.349034
-0.233727  -0.76638 -0.598359   1.52686
        0         0         0         1

-0.109759 -0.591365    0.7989  0.205299
-0.965584  0.254114 0.0554421    0.3511
-0.235798 -0.765319 -0.598904   1.52776
        0         0         0         1

-0.109759 -0.591365    0.7989  0.205299
-0.965584  0.254114 0.0554421    0.3511
-0.235798 -0.765319 -0.598904   1.52776
        0         0         0         1

-0.114185 -0.591336    0.7983  0.204988
-0.964821  0.257556   0.05278  0.351964
-0.236818  -0.76419 -0.599942   1.52744
        0         0         0         1

-0.114185 -0.591336    0.7983  0.204988
-0.964821  0.257556   0.05278  0.351964
-0.236818  -0.76419 -0.599942   1.52744
        0         0         0         1

-0.122228 -0.591749  0.796802  0.204876
-0.961612  0.269341 0.0525178  0.354776
-0.245689 -0.759795 -0.601953   1.52966
        0         0         0         1

-0.122228 -0.591749  0.796802  0.204876
-0.961612  0.269341 0.0525178  0.354776
-0.245689 -0.759795 -0.601953   1.52966
        0         0         0         1

-0.130505 -0.592449  0.794967  0.205083
-0.959023  0.278818 0.0503529  0.359858
-0.251483  -0.75582  -0.60456   1.53283
        0         0         0         1

-0.130505 -0.592449  0.794967  0.205083
-0.959023  0.278818 0.0503529  0.359858
-0.251483  -0.75582  -0.60456   1.53283
        0         0         0         1

 -0.13275 -0.598727  0.789876  0.202643
 -0.95494  0.290701 0.0598601  0.362739
-0.265458 -0.746337 -0.610339   1.54099
        0         0         0         1

 -0.13275 -0.598727  0.789876  0.202643
 -0.95494  0.290701 0.0598601  0.362739
-0.265458 -0.746337 -0.610339   1.54099
        0         0         0         1

-0.138436 -0.602322  0.786158  0.201741
-0.952605  0.298103 0.0606483  0.367236
-0.270886 -0.740502 -0.615043   1.54721
        0         0         0         1

-0.138436 -0.602322  0.786158  0.201741
-0.952605  0.298103 0.0606483  0.367236
-0.270886 -0.740502 -0.615043   1.54721
        0         0         0         1

-0.141004  -0.60811   0.78123   0.20023
-0.950259  0.304495 0.0655068  0.369895
-0.277716 -0.733134 -0.620797   1.55471
        0         0         0         1

-0.141004  -0.60811   0.78123   0.20023
-0.950259  0.304495 0.0655068  0.369895
-0.277716 -0.733134 -0.620797   1.55471
        0         0         0         1

-0.146356 -0.613791  0.775784  0.197693
-0.947765  0.311681 0.0677976  0.378065
-0.283411 -0.725338 -0.627346   1.56329
        0         0         0         1

-0.146356 -0.613791  0.775784  0.197693
-0.947765  0.311681 0.0677976  0.378065
-0.283411 -0.725338 -0.627346   1.56329
        0         0         0         1

-0.152963 -0.620598  0.769064  0.198506
-0.945319  0.318727 0.0691787  0.385707
-0.288054 -0.716429 -0.635417   1.57185
        0         0         0         1

-0.152963 -0.620598  0.769064  0.198506
-0.945319  0.318727 0.0691787  0.385707
-0.288054 -0.716429 -0.635417   1.57185
        0         0         0         1

-0.164149 -0.638645   0.75179  0.197295
-0.941761  0.328219  0.073194  0.393486
-0.293497 -0.695992 -0.655328   1.58787
        0         0         0         1

-0.164149 -0.638645   0.75179  0.197295
-0.941761  0.328219  0.073194  0.393486
-0.293497 -0.695992 -0.655328   1.58787
        0         0         0         1

-0.176261 -0.645739  0.742936  0.196953
-0.939432  0.335732 0.0689294  0.402718
-0.293938 -0.685788 -0.665804   1.59956
        0         0         0         1

-0.176261 -0.645739  0.742936  0.196953
-0.939432  0.335732 0.0689294  0.402718
-0.293938 -0.685788 -0.665804   1.59956
        0         0         0         1

-0.180376 -0.649458  0.738694  0.194432
-0.940309  0.334205 0.0642252  0.410348
-0.288587 -0.683016 -0.670974   1.60892
        0         0         0         1

-0.180376 -0.649458  0.738694  0.194432
-0.940309  0.334205 0.0642252  0.410348
-0.288587 -0.683016 -0.670974   1.60892
        0         0         0         1

-0.197087 -0.658902  0.725951  0.194921
-0.940768   0.33548 0.0490879  0.429496
-0.275886 -0.673276 -0.685993   1.62638
        0         0         0         1

-0.197087 -0.658902  0.725951  0.194921
-0.940768   0.33548 0.0490879  0.429496
-0.275886 -0.673276 -0.685993   1.62638
        0         0         0         1

-0.201952  -0.67711  0.707628  0.194944
-0.941698  0.332774 0.0496678    0.4403
-0.269111 -0.656341 -0.704837   1.64263
        0         0         0         1

-0.201952  -0.67711  0.707628  0.194944
-0.941698  0.332774 0.0496678    0.4403
-0.269111 -0.656341 -0.704837   1.64263
        0         0         0         1

-0.198436 -0.709374  0.676323  0.192781
-0.943591  0.324886 0.0639095  0.455782
-0.265064  -0.62549 -0.733828   1.66848
        0         0         0         1

-0.198436 -0.709374  0.676323  0.192781
-0.943591  0.324886 0.0639095  0.455782
-0.265064  -0.62549 -0.733828   1.66848
        0         0         0         1

-0.191894 -0.726747  0.659558  0.191271
-0.947459  0.312434  0.068604  0.468655
-0.255926 -0.611739 -0.748517    1.6792
        0         0         0         1

-0.191894 -0.726747  0.659558  0.191271
-0.947459  0.312434  0.068604  0.468655
-0.255926 -0.611739 -0.748517    1.6792
        0         0         0         1

-0.191254 -0.749738  0.633494  0.195488
-0.949706   0.30439 0.0735242  0.485047
-0.247953 -0.587571 -0.770246   1.69837
        0         0         0         1

-0.191254 -0.749738  0.633494  0.195488
-0.949706   0.30439 0.0735242  0.485047
-0.247953 -0.587571 -0.770246   1.69837
        0         0         0         1

-0.177118   -0.7816  0.598106  0.197278
-0.954705  0.284084 0.0885193  0.508028
-0.239099 -0.555337 -0.796513   1.72424
        0         0         0         1

-0.177118   -0.7816  0.598106  0.197278
-0.954705  0.284084 0.0885193  0.508028
-0.239099 -0.555337 -0.796513   1.72424
        0         0         0         1

-0.160791 -0.805142   0.57087  0.198602
 -0.95921  0.263733  0.101791  0.524898
-0.232513 -0.531217 -0.814706    1.7458
        0         0         0         1

-0.160791 -0.805142   0.57087  0.198602
 -0.95921  0.263733  0.101791  0.524898
-0.232513 -0.531217 -0.814706    1.7458
        0         0         0         1

-0.128725 -0.828865  0.544437   0.20078
-0.969774  0.219972    0.1056  0.555341
-0.207288 -0.514388 -0.832128   1.77031
        0         0         0         1

-0.128725 -0.828865  0.544437   0.20078
-0.969774  0.219972    0.1056  0.555341
-0.207288 -0.514388 -0.832128   1.77031
        0         0         0         1

-0.107343 -0.839576  0.532531  0.207113
-0.977167  0.187876  0.099231  0.581568
-0.183362  -0.50972 -0.840574   1.78943
        0         0         0         1

-0.107343 -0.839576  0.532531  0.207113
-0.977167  0.187876  0.099231  0.581568
-0.183362  -0.50972 -0.840574   1.78943
        0         0         0         1

-0.0785039 -0.845162  0.528713  0.210801
-0.984293  0.149835  0.093366  0.608547
-0.158129 -0.513079  -0.84365   1.80717
        0         0         0         1

-0.0785039 -0.845162  0.528713  0.210801
-0.984293  0.149835  0.093366  0.608547
-0.158129 -0.513079  -0.84365   1.80717
        0         0         0         1

-0.0305455 -0.851273  0.523834  0.219115
-0.993093 0.0852462 0.0806235  0.655438
-0.113287 -0.517753 -0.847997   1.83056
        0         0         0         1

-0.0305455 -0.851273  0.523834  0.219115
-0.993093 0.0852462 0.0806235  0.655438
-0.113287 -0.517753 -0.847997   1.83056
        0         0         0         1

0.0132121 -0.851198  0.524678  0.221115
 -0.99635 0.0330461  0.078701  0.687866
-0.0843287 -0.523803 -0.847655   1.84783
        0         0         0         1

0.0132121 -0.851198  0.524678  0.221115
 -0.99635 0.0330461  0.078701  0.687866
-0.0843287 -0.523803 -0.847655   1.84783
        0         0         0         1

 0.0705795  -0.848304   0.524784   0.232193
 -0.996436 -0.0355952  0.0764741   0.747322
-0.0461936  -0.528311  -0.847793    1.86755
         0          0          0          1

 0.0705795  -0.848304   0.524784   0.232193
 -0.996436 -0.0355952  0.0764741   0.747322
-0.0461936  -0.528311  -0.847793    1.86755
         0          0          0          1

  0.103968   -0.84362   0.526778   0.242717
 -0.994401 -0.0781064  0.0711752   0.793479
-0.0189001  -0.531229  -0.847018    1.88021
         0          0          0          1

  0.103968   -0.84362   0.526778   0.242717
 -0.994401 -0.0781064  0.0711752   0.793479
-0.0189001  -0.531229  -0.847018    1.88021
         0          0          0          1

 0.145844 -0.829836   0.53861  0.242769
-0.989202 -0.130257 0.0671672   0.83163
0.0144202 -0.542591 -0.839873   1.89114
        0         0         0         1

 0.145844 -0.829836   0.53861  0.242769
-0.989202 -0.130257 0.0671672   0.83163
0.0144202 -0.542591 -0.839873   1.89114
        0         0         0         1

 0.188339 -0.815877  0.546693  0.249959
-0.980574  -0.18728 0.0583188  0.899521
0.0548037 -0.547057   -0.8353   1.90454
        0         0         0         1

 0.188339 -0.815877  0.546693  0.249959
-0.980574  -0.18728 0.0583188  0.899521
0.0548037 -0.547057   -0.8353   1.90454
        0         0         0         1

 0.190916 -0.822598  0.535614  0.265127
-0.976817 -0.213046 0.0209822  0.957312
0.0968508 -0.527203 -0.844202   1.90233
        0         0         0         1

 0.190916 -0.822598  0.535614  0.265127
-0.976817 -0.213046 0.0209822  0.957312
0.0968508 -0.527203 -0.844202   1.90233
        0         0         0         1

  0.192857  -0.828717    0.52539    0.27453
 -0.971747  -0.235556 -0.0148469    1.00558
  0.136063  -0.507683  -0.850732    1.91129
         0          0          0          1

  0.192857  -0.828717    0.52539    0.27453
 -0.971747  -0.235556 -0.0148469    1.00558
  0.136063  -0.507683  -0.850732    1.91129
         0          0          0          1

  0.179354  -0.832194   0.524676   0.295131
 -0.959864   -0.26492 -0.0920756    1.08428
  0.215622  -0.487104  -0.846308    1.92015
         0          0          0          1

  0.179354  -0.832194   0.524676   0.295131
 -0.959864   -0.26492 -0.0920756    1.08428
  0.215622  -0.487104  -0.846308    1.92015
         0          0          0          1

 0.181742 -0.816393  0.548154  0.279922
-0.942502 -0.303607 -0.139688    1.1287
 0.280463 -0.491249  -0.82463   1.90842
        0         0         0         1

 0.181742 -0.816393  0.548154  0.279922
-0.942502 -0.303607 -0.139688    1.1287
 0.280463 -0.491249  -0.82463   1.90842
        0         0         0         1

