  0.282324  -0.425591   0.859747   0.959068
 -0.956542 -0.0567492   0.286018    1.07611
-0.0729368  -0.903134  -0.423117    1.87454
         0          0          0          1

 0.283711 -0.421701  0.861206  0.948457
-0.953971 -0.033087   0.29807   1.05553
-0.0972016 -0.906131 -0.411678   1.86022
        0         0         0         1

 0.283711 -0.421701  0.861206  0.948457
-0.953971 -0.033087   0.29807   1.05553
-0.0972016 -0.906131 -0.411678   1.86022
        0         0         0         1

  0.283731  -0.421859   0.861122   0.945866
 -0.952711 -0.0221245    0.30307    1.04793
 -0.108801  -0.906392  -0.408187    1.85852
         0          0          0          1

  0.270886  -0.428279   0.862089   0.948239
 -0.953342 0.00462353   0.301857    1.02808
 -0.133265  -0.903635  -0.407044    1.83583
         0          0          0          1

 0.271343 -0.428402  0.861884  0.946018
 -0.95204 0.0120858  0.305734   1.02315
-0.141393 -0.903508 -0.404576   1.83085
        0         0         0         1

 0.274468 -0.423137  0.863494  0.939303
-0.948404 0.0291166  0.315725   1.01023
-0.158737 -0.905598 -0.393313   1.81915
        0         0         0         1

 0.272841 -0.421529  0.864795  0.939471
-0.947609 0.0374597  0.317228   1.00555
-0.166116 -0.906041 -0.389224   1.81294
        0         0         0         1

 0.269386 -0.415143  0.868957  0.939575
-0.944547 0.0620438  0.322461  0.995088
-0.187781 -0.907638 -0.375409   1.80411
        0         0         0         1

  0.26823 -0.412124   0.87075  0.939722
-0.943799 0.0687783  0.323285  0.991043
-0.193122 -0.908528 -0.370514   1.79601
        0         0         0         1

 0.269251 -0.398271  0.876861  0.936049
-0.936976  0.102179   0.33412  0.973046
-0.222667 -0.911559 -0.345658   1.77499
        0         0         0         1

 0.264624 -0.397614  0.878565  0.938301
-0.936047  0.113201  0.333169  0.969459
-0.231927 -0.910543  -0.34223   1.77051
        0         0         0         1

  0.26452 -0.392628  0.880836  0.933656
-0.932319   0.12944  0.337678  0.960997
-0.246597 -0.910543 -0.331815   1.75931
        0         0         0         1

  0.26386 -0.389999  0.882201  0.926941
-0.923089  0.163207  0.348239  0.942244
-0.279794 -0.906236 -0.316939   1.73546
        0         0         0         1

  0.26386 -0.389999  0.882201  0.926941
-0.923089  0.163207  0.348239  0.942244
-0.279794 -0.906236 -0.316939   1.73546
        0         0         0         1

 0.260139 -0.390628  0.883027  0.927787
-0.922293    0.1702  0.346999  0.939346
-0.285839 -0.904678 -0.315998   1.72915
        0         0         0         1

 0.254601 -0.389604  0.885092  0.928522
-0.919885  0.184762  0.345939  0.933863
-0.298311 -0.902259  -0.31135   1.71546
        0         0         0         1

 0.258294 -0.382177  0.887257  0.925457
-0.910964   0.20939  0.355388  0.923729
-0.321604 -0.900054 -0.294065   1.69951
        0         0         0         1

 0.258294 -0.382177  0.887257  0.925457
-0.910964   0.20939  0.355388  0.923729
-0.321604 -0.900054 -0.294065   1.69951
        0         0         0         1

 0.252262 -0.380524    0.8897  0.927356
-0.895627  0.256282  0.363554  0.912146
-0.366355  -0.88855 -0.276158   1.67359
        0         0         0         1

 0.252262 -0.380524    0.8897  0.927356
-0.895627  0.256282  0.363554  0.912146
-0.366355  -0.88855 -0.276158   1.67359
        0         0         0         1

 0.254567  -0.37831  0.889987  0.924392
-0.891251    0.2654  0.367742  0.909179
-0.375323 -0.886817 -0.269607   1.66793
        0         0         0         1

 0.247302 -0.375891  0.893055  0.926563
-0.885286  0.286978  0.365941  0.904951
-0.393841 -0.881107 -0.261801   1.65533
        0         0         0         1

 0.245406 -0.373214    0.8947  0.926752
-0.882594  0.295752  0.365456  0.902783
-0.401002 -0.879342 -0.256817   1.65003
        0         0         0         1

 0.247174 -0.363938  0.898028  0.925123
-0.872745  0.319031  0.369506  0.895365
-0.420976 -0.875082 -0.238769   1.62995
        0         0         0         1

 0.249938 -0.360152  0.898789  0.924764
-0.869738  0.324451   0.37187  0.893356
-0.425543 -0.874655 -0.232146   1.62507
        0         0         0         1

 0.252083  -0.35498  0.900246  0.925079
-0.863876  0.336676  0.374655  0.889436
-0.436087 -0.872146 -0.221789   1.61595
        0         0         0         1

 0.251225 -0.352098  0.901617  0.926471
-0.861977  0.342361  0.373878  0.888129
 -0.44032 -0.871101 -0.217491   1.61131
        0         0         0         1

 0.251952 -0.347147  0.903332  0.927515
-0.856311  0.354885  0.375218  0.884466
-0.450835  -0.86807 -0.207852   1.60258
        0         0         0         1

 0.255193 -0.345388  0.903097  0.925296
-0.853284  0.358827   0.37835  0.882862
-0.454734  -0.86715 -0.203144   1.59778
        0         0         0         1

 0.255888 -0.339115  0.905275  0.928087
-0.846223  0.374159  0.379356  0.879062
-0.467362 -0.863137 -0.191224   1.57834
        0         0         0         1

 0.256666 -0.337097  0.905808  0.928019
-0.844004  0.378486  0.380007  0.878016
-0.470935  -0.86204 -0.187367   1.57338
        0         0         0         1

 0.255034 -0.333861  0.907466  0.928979
-0.839422  0.389368  0.379162  0.875744
-0.479926 -0.858446 -0.180948   1.56305
        0         0         0         1

 0.255983 -0.331908  0.907915  0.928002
-0.837629  0.392674  0.379717  0.875029
-0.482546 -0.857697 -0.177498   1.55804
        0         0         0         1

 0.254973 -0.327006  0.909976  0.929076
-0.828565  0.411244  0.379945   0.87106
-0.498466  -0.85085  -0.16609    1.5445
        0         0         0         1

  0.25448 -0.326118  0.910432   0.93037
-0.826127  0.416103  0.379964   0.86993
-0.502747 -0.848826 -0.163525   1.54111
        0         0         0         1

 0.252096 -0.322954  0.912222  0.932619
-0.822507  0.425134  0.377813  0.868645
-0.509833 -0.845554 -0.158457    1.5338
        0         0         0         1

 0.258261 -0.320342  0.911418  0.929781
-0.814637  0.434907  0.383696  0.865107
-0.519296 -0.841568 -0.148643   1.52285
        0         0         0         1

 0.258261 -0.320342  0.911418  0.929781
-0.814637  0.434907  0.383696  0.865107
-0.519296 -0.841568 -0.148643   1.52285
        0         0         0         1

 0.262051 -0.319853  0.910507  0.930475
 -0.80546  0.447192  0.388913   0.86099
-0.531567 -0.835292 -0.140441   1.50791
        0         0         0         1

 0.262051 -0.319853  0.910507  0.930475
 -0.80546  0.447192  0.388913   0.86099
-0.531567 -0.835292 -0.140441   1.50791
        0         0         0         1

  0.26455 -0.318611   0.91022  0.931155
 -0.79773  0.458053  0.392191   0.85776
-0.541885 -0.829864 -0.132988   1.49979
        0         0         0         1

  0.26455 -0.318611   0.91022  0.931155
 -0.79773  0.458053  0.392191   0.85776
-0.541885 -0.829864 -0.132988   1.49979
        0         0         0         1

 0.269815 -0.318995  0.908538   0.93165
-0.788453  0.468442  0.398627     0.854
-0.552757 -0.823896  -0.12512   1.48731
        0         0         0         1

 0.269815 -0.318995  0.908538   0.93165
-0.788453  0.468442  0.398627     0.854
-0.552757 -0.823896  -0.12512   1.48731
        0         0         0         1

 0.272442 -0.320988  0.907051  0.931395
-0.781644  0.475895  0.403184  0.851022
-0.561078 -0.818835 -0.121244   1.47996
        0         0         0         1

 0.272442 -0.320988  0.907051  0.931395
-0.781644  0.475895  0.403184  0.851022
-0.561078 -0.818835 -0.121244   1.47996
        0         0         0         1

 0.272079  -0.32161   0.90694  0.931925
-0.780759  0.477142  0.403424   0.85056
-0.562485 -0.817864  -0.12128   1.47754
        0         0         0         1

 0.273288 -0.323807  0.905794  0.932309
-0.777838  0.479607  0.406135  0.848706
-0.565934 -0.815552 -0.120799   1.47194
        0         0         0         1

 0.274287 -0.327358  0.904214  0.933266
-0.772064  0.485605  0.410007  0.845495
 -0.57331 -0.810571 -0.119546   1.46269
        0         0         0         1

 0.274287 -0.327358  0.904214  0.933266
-0.772064  0.485605  0.410007  0.845495
 -0.57331 -0.810571 -0.119546   1.46269
        0         0         0         1

 0.276168 -0.329559  0.902841  0.931979
-0.768936    0.4878  0.413267  0.844269
-0.576601 -0.808358 -0.118695   1.46204
        0         0         0         1

 0.281748   -0.3319  0.900256  0.928801
-0.764536  0.489263  0.419651  0.841667
-0.579744 -0.806513 -0.115901   1.45826
        0         0         0         1

 0.282924 -0.327898  0.901353  0.931473
-0.759677  0.497082  0.419284  0.838897
-0.585529 -0.803363  -0.10846   1.45234
        0         0         0         1

 0.282924 -0.327898  0.901353  0.931473
-0.759677  0.497082  0.419284  0.838897
-0.585529 -0.803363  -0.10846   1.45234
        0         0         0         1

 0.282637 -0.323621  0.902987  0.933069
-0.759852  0.499006  0.416674  0.837805
-0.585441 -0.803904 -0.104867   1.44711
        0         0         0         1

 0.282637 -0.323621  0.902987  0.933069
-0.759852  0.499006  0.416674  0.837805
-0.585441 -0.803904 -0.104867   1.44711
        0         0         0         1

 0.283815 -0.322746  0.902931  0.932915
 -0.75999  0.498474   0.41706  0.837275
-0.584692 -0.804586  -0.10381   1.44475
        0         0         0         1

 0.282727 -0.319592  0.904393  0.936117
-0.760485  0.499932  0.414404  0.837334
-0.584575 -0.804941   -0.1017   1.44147
        0         0         0         1

 0.286705 -0.318919  0.903377  0.935509
-0.756793  0.502795  0.417685  0.834417
-0.587422 -0.803422 -0.097202   1.43808
        0         0         0         1

 0.286705 -0.318919  0.903377  0.935509
-0.756793  0.502795  0.417685  0.834417
-0.587422 -0.803422 -0.097202   1.43808
        0         0         0         1

  0.289404  -0.319197   0.902418   0.933897
 -0.755792   0.502324   0.420059   0.833768
 -0.587388  -0.803607 -0.0958718    1.43695
         0          0          0          1

  0.292305  -0.319464   0.901388   0.932426
 -0.753926   0.502897   0.422719   0.832722
 -0.588349  -0.803142 -0.0938529    1.43575
         0          0          0          1

  0.296225  -0.316943   0.900998   0.933708
    -0.753   0.502828   0.424446    0.83143
 -0.587572  -0.804184 -0.0897078    1.43122
         0          0          0          1

  0.296225  -0.316943   0.900998   0.933708
    -0.753   0.502828   0.424446    0.83143
 -0.587572  -0.804184 -0.0897078    1.43122
         0          0          0          1

  0.299103  -0.313473   0.901262   0.934235
 -0.752418   0.503403   0.424797   0.830417
  -0.58686  -0.805184 -0.0852937    1.42883
         0          0          0          1

  0.299103  -0.313473   0.901262   0.934235
 -0.752418   0.503403   0.424797   0.830417
  -0.58686  -0.805184 -0.0852937    1.42883
         0          0          0          1

 0.296901 -0.312303  0.902395  0.936722
-0.752065  0.505852  0.422507  0.830187
-0.588429 -0.804102 -0.084684    1.4294
        0         0         0         1

  0.296129  -0.311512   0.902922   0.937715
 -0.750567   0.508755   0.421684    0.82917
 -0.590726  -0.802576 -0.0831539     1.4303
         0          0          0          1

   0.29878  -0.308732   0.903003   0.936703
 -0.749587   0.509702   0.422283   0.828429
 -0.590635  -0.803049 -0.0791327    1.42811
         0          0          0          1

   0.29878  -0.308732   0.903003   0.936703
 -0.749587   0.509702   0.422283   0.828429
 -0.590635  -0.803049 -0.0791327    1.42811
         0          0          0          1

 0.300688 -0.307828  0.902678  0.936314
 -0.75051  0.507649  0.423117   0.82786
-0.588491 -0.804695 -0.078384     1.425
        0         0         0         1

 0.300688 -0.307828  0.902678  0.936314
 -0.75051  0.507649  0.423117   0.82786
-0.588491 -0.804695 -0.078384     1.425
        0         0         0         1

  0.302592  -0.301865   0.904055   0.937568
 -0.751128   0.508369   0.421151    0.82801
 -0.586724  -0.806498 -0.0729111    1.42315
         0          0          0          1

  0.302592  -0.301865   0.904055   0.937568
 -0.751128   0.508369   0.421151    0.82801
 -0.586724  -0.806498 -0.0729111    1.42315
         0          0          0          1

  0.307156  -0.298745   0.903552   0.936361
 -0.749883   0.508605    0.42308   0.827447
 -0.585944   -0.80751 -0.0678024     1.4227
         0          0          0          1

  0.307156  -0.298745   0.903552   0.936361
 -0.749883   0.508605    0.42308   0.827447
 -0.585944   -0.80751 -0.0678024     1.4227
         0          0          0          1

  0.308291  -0.296958   0.903755   0.936442
 -0.749704   0.508956   0.422975   0.827368
 -0.585578  -0.807948 -0.0657235    1.42233
         0          0          0          1

  0.311419  -0.292676   0.904079   0.935969
 -0.750198    0.50825   0.422948    0.82754
 -0.583285  -0.809952 -0.0612862    1.42049
         0          0          0          1

  0.312369  -0.291418   0.904157   0.936002
 -0.749176    0.50964   0.423088   0.827665
  -0.58409  -0.809533 -0.0591278    1.42067
         0          0          0          1

   0.31642  -0.287392   0.904038   0.935322
 -0.748566   0.509736   0.424049   0.827521
 -0.582689   -0.81091 -0.0538412    1.41884
         0          0          0          1

  0.318015  -0.285955   0.903934   0.935505
 -0.748352   0.509667    0.42451   0.827592
 -0.582096  -0.811461 -0.0519132    1.41794
         0          0          0          1

  0.318015  -0.285955   0.903934   0.935505
 -0.748352   0.509667    0.42451   0.827592
 -0.582096  -0.811461 -0.0519132    1.41794
         0          0          0          1

  0.318675  -0.285065   0.903982   0.935479
 -0.747862   0.510337    0.42457   0.827703
 -0.582365  -0.811353 -0.0505577    1.41812
         0          0          0          1

 0.317509 -0.283921  0.904752  0.937349
-0.748798  0.510328  0.422926  0.828065
-0.581798  -0.81176 -0.050566    1.4171
        0         0         0         1

  0.319121  -0.282791   0.904539   0.937989
 -0.748188   0.510656    0.42361   0.828415
 -0.581701  -0.811948 -0.0486194    1.41657
         0          0          0          1

  0.319121  -0.282791   0.904539   0.937989
 -0.748188   0.510656    0.42361   0.828415
 -0.581701  -0.811948 -0.0486194    1.41657
         0          0          0          1

  0.321762  -0.282536   0.903683   0.937074
 -0.747869   0.509488   0.425575   0.828384
 -0.580656   -0.81277 -0.0473659    1.41587
         0          0          0          1

 0.325349 -0.282389  0.902444  0.936424
-0.746099  0.509662  0.428465  0.828195
-0.580935 -0.812712 -0.044872   1.41561
        0         0         0         1

  0.327931  -0.282517   0.901468    0.93572
 -0.745891   0.508168   0.430594   0.828127
 -0.579748  -0.813602 -0.0440832    1.41456
         0          0          0          1

 0.331762 -0.281597  0.900354  0.935901
-0.743926   0.50879  0.433252  0.828463
-0.580094 -0.813533  -0.04069   1.41333
        0         0         0         1

  0.334497  -0.282166   0.899163   0.936193
 -0.742585   0.508543   0.435834   0.828675
 -0.580241   -0.81349 -0.0394264    1.41253
         0          0          0          1

  0.334497  -0.282166   0.899163   0.936193
 -0.742585   0.508543   0.435834   0.828675
 -0.580241   -0.81349 -0.0394264    1.41253
         0          0          0          1

 0.336672  -0.28388  0.897811  0.936472
-0.741212  0.508149  0.438621  0.829878
-0.580738  -0.81314 -0.039336   1.41089
        0         0         0         1

 0.336672  -0.28388  0.897811  0.936472
-0.741212  0.508149  0.438621  0.829878
-0.580738  -0.81314 -0.039336   1.41089
        0         0         0         1

  0.337895  -0.281358   0.898145   0.936542
 -0.739016   0.511613     0.4383   0.830404
 -0.582822  -0.811843 -0.0350566    1.41178
         0          0          0          1

  0.337895  -0.281358   0.898145   0.936542
 -0.739016   0.511613     0.4383   0.830404
 -0.582822  -0.811843 -0.0350566    1.41178
         0          0          0          1

  0.338338  -0.280179   0.898347   0.936421
 -0.739264   0.511543   0.437964   0.830722
 -0.582251  -0.812295 -0.0340517    1.41134
         0          0          0          1

  0.339491  -0.275584   0.899333    0.93692
 -0.741521   0.509828   0.436146    0.83154
   -0.5787  -0.814941 -0.0312696    1.40859
         0          0          0          1

 0.341396 -0.260678  0.903048  0.938079
 -0.74136  0.515921  0.429198  0.832036
-0.577784  -0.81601 -0.017123   1.41012
        0         0         0         1

 0.341396 -0.260678  0.903048  0.938079
 -0.74136  0.515921  0.429198  0.832036
-0.577784  -0.81601 -0.017123   1.41012
        0         0         0         1

  0.343078  -0.255354   0.903931   0.937926
  -0.74167   0.516879   0.427507   0.832589
 -0.576388  -0.817087 -0.0120585    1.41106
         0          0          0          1

  0.343078  -0.255354   0.903931   0.937926
  -0.74167   0.516879   0.427507   0.832589
 -0.576388  -0.817087 -0.0120585    1.41106
         0          0          0          1

  0.341766  -0.255801   0.904302   0.937939
 -0.740277   0.519511    0.42673   0.832624
 -0.578952  -0.815276 -0.0118123    1.41181
         0          0          0          1

  0.336853  -0.260218   0.904885   0.938564
 -0.739996   0.521069   0.425316   0.832674
 -0.582182   -0.81288 -0.0170366    1.41334
         0          0          0          1

  0.332731  -0.264248   0.905242    0.93981
 -0.740737   0.520842   0.424303   0.833338
 -0.583609  -0.811725 -0.0224378     1.4148
         0          0          0          1

  0.332731  -0.264248   0.905242    0.93981
 -0.740737   0.520842   0.424303   0.833338
 -0.583609  -0.811725 -0.0224378     1.4148
         0          0          0          1

  0.331063  -0.264874    0.90567   0.940209
 -0.740976   0.521301    0.42332   0.833392
 -0.584254  -0.811225 -0.0236816    1.41577
         0          0          0          1

 0.327034 -0.266337  0.906705  0.941368
-0.742524  0.521075  0.420878  0.833549
-0.584557 -0.810892 -0.027353   1.41673
        0         0         0         1

  0.325157  -0.268278   0.906807   0.941943
 -0.743067   0.520629   0.420472   0.833487
 -0.584914  -0.810538 -0.0300618    1.41768
         0          0          0          1

  0.315768  -0.279219   0.906822   0.941675
 -0.743152   0.521429   0.419329   0.833402
 -0.589929  -0.806318 -0.0428513    1.42324
         0          0          0          1

  0.314211  -0.283838   0.905929   0.940483
 -0.743307   0.520062    0.42075   0.832917
 -0.590564  -0.805588 -0.0475698    1.42395
         0          0          0          1

  0.307307  -0.296344   0.904291   0.940523
 -0.745284   0.515924   0.422344   0.833174
 -0.591705  -0.803743 -0.0623135    1.42489
         0          0          0          1

  0.295069  -0.313117   0.902714   0.943064
 -0.747389   0.512966   0.422227   0.833562
 -0.595268  -0.799265 -0.0826604    1.42786
         0          0          0          1

  0.295069  -0.313117   0.902714   0.943064
 -0.747389   0.512966   0.422227   0.833562
 -0.595268  -0.799265 -0.0826604    1.42786
         0          0          0          1

 0.282511 -0.331052  0.900329  0.945815
-0.749957  0.508992  0.422483  0.834744
-0.598124 -0.794564 -0.104479   1.43229
        0         0         0         1

 0.282511 -0.331052  0.900329  0.945815
-0.749957  0.508992  0.422483  0.834744
-0.598124 -0.794564 -0.104479   1.43229
        0         0         0         1

 0.281405 -0.333439  0.899794  0.946466
-0.749454  0.509226  0.423092  0.834985
-0.599274 -0.793415 -0.106598   1.43336
        0         0         0         1

 0.279055 -0.334546  0.900115  0.948277
-0.750301  0.509045  0.421806  0.835963
-0.599313 -0.793065 -0.108959   1.43431
        0         0         0         1

 0.279824 -0.334701  0.899819  0.947706
-0.748973  0.510251  0.422709  0.835871
-0.600614 -0.792224 -0.107902   1.43531
        0         0         0         1

 0.277088 -0.331792  0.901741  0.947209
-0.747152  0.515681  0.419329  0.836075
 -0.60414 -0.789929  -0.10501   1.44009
        0         0         0         1

 0.270138 -0.328704  0.904975   0.94814
-0.750665  0.516688  0.411747  0.837349
-0.602933 -0.790561 -0.107169   1.44096
        0         0         0         1

 0.270138 -0.328704  0.904975   0.94814
-0.750665  0.516688  0.411747  0.837349
-0.602933 -0.790561 -0.107169   1.44096
        0         0         0         1

 0.267519 -0.327779  0.906087  0.948446
-0.751942  0.516989   0.40903  0.837847
-0.602509 -0.790748 -0.108166    1.4415
        0         0         0         1

 0.264004 -0.327491  0.907222  0.947915
-0.753634   0.51697  0.405927   0.83836
-0.601944  -0.79088 -0.110326   1.44321
        0         0         0         1

 0.250228 -0.323444  0.912562  0.949462
 -0.75986  0.518503  0.392132  0.841376
-0.599999 -0.791542 -0.116028   1.44808
        0         0         0         1

 0.250228 -0.323444  0.912562  0.949462
 -0.75986  0.518503  0.392132  0.841376
-0.599999 -0.791542 -0.116028   1.44808
        0         0         0         1

 0.248959 -0.320189  0.914056  0.946788
-0.759995  0.520434  0.389303  0.841553
-0.600356 -0.791598 -0.113775   1.45402
        0         0         0         1

 0.248959 -0.320189  0.914056  0.946788
-0.759995  0.520434  0.389303  0.841553
-0.600356 -0.791598 -0.113775   1.45402
        0         0         0         1

 0.241456 -0.308633  0.920024  0.949889
-0.767348  0.519637  0.375705  0.845656
-0.594033 -0.796695  -0.11136   1.46285
        0         0         0         1

 0.241456 -0.308633  0.920024  0.949889
-0.767348  0.519637  0.375705  0.845656
-0.594033 -0.796695  -0.11136   1.46285
        0         0         0         1

  0.24069 -0.309711  0.919863  0.948822
-0.768867  0.517577  0.375444  0.846512
-0.592379 -0.797617 -0.113551   1.46576
        0         0         0         1

 0.235306 -0.310717  0.920916  0.949697
-0.775429  0.511226  0.370619  0.848319
-0.585953 -0.801314 -0.120644   1.46931
        0         0         0         1

 0.233925 -0.312756  0.920577  0.948601
-0.777297  0.508606   0.37031  0.848947
-0.584028 -0.802187 -0.124129   1.47234
        0         0         0         1

 0.230079 -0.315266   0.92069  0.947616
-0.783914  0.500566  0.367305  0.850987
-0.576665 -0.806251 -0.131972   1.47692
        0         0         0         1

 0.222091 -0.312571  0.923567  0.949064
-0.797489   0.48674  0.356504  0.855213
 -0.56097 -0.815711 -0.141171   1.49348
        0         0         0         1

 0.222091 -0.312571  0.923567  0.949064
-0.797489   0.48674  0.356504  0.855213
 -0.56097 -0.815711 -0.141171   1.49348
        0         0         0         1

  0.22448 -0.301708  0.926596  0.948486
-0.806635  0.475982  0.350402  0.859129
-0.546762 -0.826083  -0.13652   1.50446
        0         0         0         1

  0.22448 -0.301708  0.926596  0.948486
-0.806635  0.475982  0.350402  0.859129
-0.546762 -0.826083  -0.13652   1.50446
        0         0         0         1

 0.230795 -0.278434  0.932313  0.950757
-0.823911  0.453786  0.339483  0.866855
-0.517595 -0.846494 -0.124674   1.52197
        0         0         0         1

 0.230795 -0.278434  0.932313  0.950757
-0.823911  0.453786  0.339483  0.866855
-0.517595 -0.846494 -0.124674   1.52197
        0         0         0         1

 0.235361 -0.258575   0.93688  0.954776
-0.836186  0.437452    0.3308  0.871561
-0.495376 -0.861264 -0.113258   1.53682
        0         0         0         1

 0.235361 -0.258575   0.93688  0.954776
-0.836186  0.437452    0.3308  0.871561
-0.495376 -0.861264 -0.113258   1.53682
        0         0         0         1

 0.247299 -0.242162   0.93819  0.952458
-0.848994   0.41248  0.330256  0.877985
-0.466961  -0.87819 -0.103588   1.55091
        0         0         0         1

 0.247299 -0.242162   0.93819  0.952458
-0.848994   0.41248  0.330256  0.877985
-0.466961  -0.87819 -0.103588   1.55091
        0         0         0         1

  0.253061  -0.222484   0.941521   0.956426
 -0.865676   0.382423   0.323043   0.887964
 -0.431931  -0.896802 -0.0958224    1.57698
         0          0          0          1

  0.253061  -0.222484   0.941521   0.956426
 -0.865676   0.382423   0.323043   0.887964
 -0.431931  -0.896802 -0.0958224    1.57698
         0          0          0          1

  0.257672  -0.221085   0.940599   0.954122
 -0.867848   0.375016   0.325889   0.889444
 -0.424789  -0.900269 -0.0952368    1.58268
         0          0          0          1

  0.267803   -0.21693   0.938735   0.950288
 -0.872973   0.357634   0.331687   0.893898
 -0.407677  -0.908317 -0.0935981    1.59485
         0          0          0          1

 0.266707 -0.216755  0.939087  0.952139
-0.876559  0.350492  0.329847  0.896697
-0.400639 -0.911138  -0.09652    1.6006
        0         0         0         1

 0.271888 -0.215514  0.937886  0.954872
-0.884506  0.327982  0.331779  0.906921
-0.379113 -0.919772 -0.101449   1.62507
        0         0         0         1

 0.277555 -0.212299  0.936959  0.956801
-0.890767  0.308445   0.33376  0.916415
-0.359857 -0.927249 -0.103498    1.6476
        0         0         0         1

 0.277555 -0.212299  0.936959  0.956801
-0.890767  0.308445   0.33376  0.916415
-0.359857 -0.927249 -0.103498    1.6476
        0         0         0         1

  0.28284 -0.209887  0.935921  0.956012
-0.891158  0.303373  0.337346  0.919114
-0.354738 -0.929469 -0.101237   1.65568
        0         0         0         1

  0.290041  -0.204054   0.935007   0.955137
 -0.895385   0.287076   0.340402   0.926796
 -0.337878  -0.935922 -0.0994431      1.669
         0          0          0          1

 0.286236 -0.199093  0.937246  0.960548
-0.901232  0.276198  0.333908  0.932462
-0.325345 -0.940253 -0.100371    1.6735
        0         0         0         1

  0.296589  -0.175409   0.938758   0.961488
  -0.91102   0.242921   0.333216   0.947551
 -0.286493  -0.954055 -0.0877536    1.69618
         0          0          0          1

  0.307099  -0.153241   0.939259   0.962926
 -0.917144   0.215801   0.335076   0.961549
  -0.25404  -0.964338 -0.0742724    1.71779
         0          0          0          1

  0.307099  -0.153241   0.939259   0.962926
 -0.917144   0.215801   0.335076   0.961549
  -0.25404  -0.964338 -0.0742724    1.71779
         0          0          0          1

  0.325352  -0.122496   0.937625   0.965164
 -0.920566   0.185587   0.343679   0.982956
  -0.21611  -0.974963 -0.0523842    1.75699
         0          0          0          1

  0.325352  -0.122496   0.937625   0.965164
 -0.920566   0.185587   0.343679   0.982956
  -0.21611  -0.974963 -0.0523842    1.75699
         0          0          0          1

  0.329596   -0.10694   0.938046   0.973853
  -0.92627   0.155672   0.343206    1.00217
  -0.18273  -0.982003 -0.0477465    1.77789
         0          0          0          1

  0.329596   -0.10694   0.938046   0.973853
  -0.92627   0.155672   0.343206    1.00217
  -0.18273  -0.982003 -0.0477465    1.77789
         0          0          0          1

  0.33593 -0.101432   0.93641   0.97245
-0.926083  0.145787  0.348017   1.00751
-0.171817 -0.984102  -0.04496   1.78447
        0         0         0         1

  0.343946 -0.0922942   0.934443   0.974768
 -0.926991   0.125203   0.353569    1.01853
 -0.149628  -0.987829 -0.0424928    1.79989
         0          0          0          1

  0.365103 -0.0753791   0.927911   0.976123
 -0.925794  0.0755361   0.370406    1.04699
-0.0980116   -0.99429 -0.0422071    1.83541
         0          0          0          1

  0.365103 -0.0753791   0.927911   0.976123
 -0.925794  0.0755361   0.370406    1.04699
-0.0980116   -0.99429 -0.0422071    1.83541
         0          0          0          1

  0.364871 -0.0748823   0.928042   0.981534
 -0.927171  0.0617603   0.369512    1.05419
 -0.084986  -0.995278 -0.0468942    1.84102
         0          0          0          1

  0.369019 -0.0728898   0.926559   0.987968
 -0.927084  0.0417995   0.372516    1.06768
-0.0658823  -0.996464 -0.0521502    1.86095
         0          0          0          1

  0.390618 -0.0637662   0.918342   0.985274
 -0.920522 -0.0188695   0.390235     1.1003
-0.00755517  -0.997786 -0.0660689    1.89158
         0          0          0          1

  0.390618 -0.0637662   0.918342   0.985274
 -0.920522 -0.0188695   0.390235     1.1003
-0.00755517  -0.997786 -0.0660689    1.89158
         0          0          0          1

  0.401622 -0.0543386   0.914192   0.988657
 -0.915371 -0.0545566   0.398897    1.12295
 0.0281997  -0.997031 -0.0716511     1.9188
         0          0          0          1

  0.401622 -0.0543386   0.914192   0.988657
 -0.915371 -0.0545566   0.398897    1.12295
 0.0281997  -0.997031 -0.0716511     1.9188
         0          0          0          1

  0.400565 -0.0544382    0.91465   0.994342
 -0.915451 -0.0659225   0.396992    1.13114
 0.0386845  -0.996339 -0.0762417    1.92386
         0          0          0          1

  0.411919 -0.0434162   0.910185   0.993562
  -0.90939 -0.0828694   0.407606    1.14506
 0.0577298  -0.995614 -0.0736177    1.94492
         0          0          0          1

  0.414912 -0.0374679    0.90909   0.994164
 -0.906727 -0.0998912   0.409717    1.15417
 0.0754588  -0.994293 -0.0754192    1.94676
         0          0          0          1

   0.43177 -0.0164687   0.901833   0.992973
 -0.893957  -0.140906   0.425426    1.18282
  0.120068  -0.989886 -0.0755614    1.97249
         0          0          0          1

  0.433651 -0.0103385   0.901022   0.993945
 -0.891154  -0.152938   0.427147    1.19095
  0.133385  -0.988182  -0.075535    1.97703
         0          0          0          1

