 0.571265 -0.233607  0.786819   1.23067
-0.816566  -0.25862  0.516078   1.08077
0.0829282 -0.937307 -0.338496   1.90167
        0         0         0         1

 0.567388 -0.241805  0.787148   1.23527
 -0.82008 -0.252328  0.513613   1.07377
 0.074425 -0.936943 -0.341467     1.898
        0         0         0         1

 0.561361 -0.259306  0.785897   1.24197
 -0.82571 -0.239146  0.510893   1.05854
0.0554666 -0.935719 -0.348359   1.88908
        0         0         0         1

  0.55865 -0.263258  0.786514   1.24431
-0.828129 -0.229588  0.511362   1.05062
0.0459539 -0.937008 -0.346271   1.88597
        0         0         0         1

 0.556368 -0.267061   0.78685   1.24558
-0.830461 -0.210726  0.515683   1.03398
0.0280907 -0.940358 -0.339025   1.87887
        0         0         0         1

 0.556599 -0.266921  0.786735   1.24709
-0.830566 -0.200352  0.519634   1.02613
0.0189233 -0.942662 -0.333211   1.87546
        0         0         0         1

 0.558323 -0.261135  0.787454   1.25362
-0.829583 -0.166292  0.533048   1.00003
-0.00825025 -0.950871 -0.309478   1.85872
        0         0         0         1

 0.558178  -0.26134  0.787489    1.2552
-0.829563 -0.157232   0.53582  0.993219
-0.0162128 -0.952355 -0.304562   1.85306
        0         0         0         1

 0.561475  -0.25843  0.786104   1.25392
-0.826979 -0.141766  0.544066  0.980008
 -0.02916 -0.955571 -0.293315      1.84
        0         0         0         1

 0.558037 -0.261827  0.787427   1.25776
-0.828753 -0.127825  0.544821   0.97204
-0.041996 -0.956612 -0.288321   1.83796
        0         0         0         1

   0.55177  -0.265716   0.790535    1.26237
  -0.83112 -0.0965289   0.547651   0.949157
-0.0692101  -0.959207  -0.274103    1.81733
         0          0          0          1

  0.549536  -0.267435   0.791511     1.2647
 -0.832099 -0.0901721   0.547248   0.943006
 -0.074981  -0.959348  -0.272085    1.81071
         0          0          0          1

  0.544865  -0.268484   0.794379    1.26758
 -0.833451 -0.0693591   0.548223   0.929297
-0.0920917  -0.960784   -0.26156    1.79912
         0          0          0          1

  0.544272  -0.264834   0.796009    1.26714
 -0.833088 -0.0590449   0.549981   0.923331
-0.0986535  -0.962485  -0.252767    1.79341
         0          0          0          1

   0.54242  -0.258764   0.799263    1.26788
 -0.832122 -0.0346219   0.553511   0.910102
 -0.115556   -0.96532  -0.234103    1.78341
         0          0          0          1

   0.53938  -0.256962   0.801897    1.26986
 -0.832997 -0.0234686   0.552779   0.904201
 -0.123224  -0.966137  -0.226707    1.77754
         0          0          0          1

 0.538169 -0.247047  0.805818   1.27127
-0.830115 0.0101247    0.5575  0.885355
-0.145887 -0.968951 -0.199629   1.75431
        0         0         0         1

 0.540799 -0.243071  0.805266   1.26885
-0.827587 0.0174763  0.561065  0.880779
-0.150452 -0.969851 -0.191712   1.74833
        0         0         0         1

 0.534354 -0.243475  0.809436   1.27434
-0.828603 0.0382934  0.558526  0.869679
-0.166983 -0.969151 -0.181282    1.7365
        0         0         0         1

  0.53412 -0.243639   0.80954   1.27421
-0.827265 0.0466964  0.559868   0.86517
-0.174209 -0.968741 -0.176613   1.73063
        0         0         0         1

 0.522349 -0.249604  0.815383   1.28078
-0.829018 0.0752862  0.554131  0.849145
  -0.1997 -0.965417 -0.167601   1.70802
        0         0         0         1

 0.522645 -0.248213  0.815618   1.27959
-0.827038  0.084678  0.555732  0.844722
-0.207005 -0.964997 -0.161025   1.70296
        0         0         0         1

 0.522801 -0.244736  0.816568   1.27924
-0.823395  0.103001  0.558042  0.835773
-0.220681 -0.964103 -0.147665   1.69106
        0         0         0         1

 0.521779 -0.244994  0.817144   1.28054
-0.822144  0.111206  0.558312  0.832073
-0.227655 -0.963126 -0.143396   1.68476
        0         0         0         1

  0.52007 -0.241965  0.819134   1.28203
-0.819145  0.130346   0.55858  0.824447
-0.241927  -0.96149 -0.130415   1.67213
        0         0         0         1

 0.520854 -0.239548  0.819346    1.2818
-0.816877  0.138795  0.559864  0.820758
-0.247836 -0.960912  -0.12339   1.66585
        0         0         0         1

  0.521302  -0.230625   0.821618    1.28155
 -0.809868   0.169783   0.561504   0.808537
 -0.268994  -0.958116 -0.0982677     1.6449
         0          0          0          1

  0.521571  -0.228811   0.821955    1.28143
 -0.808412   0.175522   0.561838   0.805624
 -0.272826  -0.957516 -0.0934261    1.63879
         0          0          0          1

  0.521093  -0.225704   0.823115    1.28099
 -0.805113   0.190115   0.561827   0.799173
 -0.283293  -0.955465 -0.0826498    1.62603
         0          0          0          1

   0.52196  -0.224231   0.822969    1.28035
 -0.802383   0.198248    0.56292   0.796098
 -0.289376  -0.954158 -0.0764417    1.62166
         0          0          0          1

  0.520537  -0.223667   0.824023    1.28077
 -0.795639   0.223143   0.563175   0.785721
 -0.309839  -0.948778 -0.0618036    1.60214
         0          0          0          1

  0.519609  -0.222951   0.824803    1.28155
 -0.793912   0.230786   0.562531   0.783155
  -0.31577  -0.947117 -0.0570852    1.59797
         0          0          0          1

  0.519819  -0.222706   0.824737      1.281
 -0.789435   0.243712   0.563379   0.778334
 -0.326466  -0.943931 -0.0491254    1.58718
         0          0          0          1

 0.519667 -0.223117  0.824721   1.28138
 -0.78744   0.24945  0.563661  0.775872
-0.331489 -0.942334  -0.04606    1.5817
        0         0         0         1

  0.522545  -0.223229    0.82287    1.27986
 -0.782189   0.258565   0.566855   0.771739
 -0.339304  -0.939847 -0.0394954     1.5704
         0          0          0          1

 0.519871 -0.225159  0.824037   1.28142
-0.780905  0.265788  0.565283   0.76921
-0.346297 -0.937369 -0.037652   1.56653
        0         0         0         1

  0.516663  -0.233592   0.823708    1.28192
 -0.775443    0.28019   0.565847   0.762459
 -0.362972   -0.93109 -0.0363735    1.54931
         0          0          0          1

  0.516109  -0.235816   0.823421    1.28163
 -0.773581    0.28437   0.566309    0.76075
 -0.367701   -0.92926 -0.0356565    1.54531
         0          0          0          1

  0.514973  -0.240873   0.822668    1.28133
 -0.769644   0.292633   0.567463    0.75707
 -0.377426   -0.92539 -0.0346881    1.53655
         0          0          0          1

  0.515405  -0.242677   0.821867    1.28115
 -0.767362   0.296221    0.56869   0.755627
 -0.381463  -0.923775 -0.0335477    1.53292
         0          0          0          1

  0.516122  -0.251428   0.818781    1.28054
 -0.759046   0.308623   0.573238   0.750281
 -0.396823  -0.917353 -0.0315584    1.52005
         0          0          0          1

  0.517148  -0.252786   0.817715    1.27956
 -0.756042   0.312916   0.574878    0.74884
 -0.401197  -0.915523 -0.0292925    1.51773
         0          0          0          1

  0.516716  -0.256022   0.816981    1.27999
 -0.751914   0.320628   0.576041   0.746086
 -0.409426  -0.911949 -0.0268327     1.5118
         0          0          0          1

  0.516547  -0.257344   0.816672    1.27979
 -0.750719   0.322613   0.576491   0.744952
 -0.411826  -0.910876 -0.0265481    1.50789
         0          0          0          1

  0.516408  -0.261947   0.815295     1.2797
 -0.748486    0.32448   0.578344   0.742814
 -0.416042  -0.908899 -0.0284992    1.49966
         0          0          0          1

  0.516403  -0.263718   0.814727    1.27966
 -0.747165   0.326105   0.579137   0.741829
 -0.418416  -0.907804 -0.0286393     1.4967
         0          0          0          1

  0.516005  -0.269947   0.812938    1.28017
 -0.741134   0.335148   0.581718   0.737811
 -0.429488  -0.902665 -0.0271294    1.48781
         0          0          0          1

  0.516992  -0.270587   0.812097    1.27971
 -0.739292   0.337067   0.582953   0.736874
 -0.431471  -0.901759 -0.0257817    1.48568
         0          0          0          1

  0.519703  -0.271485   0.810065    1.27907
 -0.736366   0.338448   0.585848   0.735573
 -0.433214  -0.900971 -0.0240203       1.48
         0          0          0          1

 0.521066 -0.271556  0.809165    1.2784
-0.734044  0.341162  0.587186  0.734776
 -0.43551 -0.899925 -0.021566   1.47856
        0         0         0         1

  0.525344  -0.271579   0.806386    1.27773
 -0.728545   0.346033   0.591171   0.732433
 -0.439586  -0.898057 -0.0160705      1.471
         0          0          0          1

 0.525425 -0.270909  0.806559   1.27872
-0.728019  0.347477  0.590972  0.731761
 -0.44036 -0.897702 -0.014654   1.46907
        0         0         0         1

   0.529273   -0.269047    0.804664     1.27731
  -0.723075    0.353135    0.593682    0.730329
  -0.443883   -0.896052 -0.00763601     1.46668
          0           0           0           1

    0.53064   -0.268394    0.803981      1.2768
  -0.721487    0.354783     0.59463    0.729697
  -0.444834   -0.895597 -0.00538044     1.46466
          0           0           0           1

    0.532106    -0.266161     0.803755      1.27723
   -0.719454      0.35834      0.59496     0.728593
   -0.446373    -0.894847 -0.000816042       1.4605
           0            0            0            1

   0.530361   -0.265787    0.805031     1.27886
  -0.719653    0.360796    0.593233    0.727857
  -0.448126   -0.893971 7.72256e-05     1.45876
          0           0           0           1

  0.530444   -0.26566   0.805018    1.27951
 -0.715795   0.368401   0.593227   0.726004
 -0.454166  -0.890902 0.00525781    1.45371
         0          0          0          1

  0.530474  -0.266617   0.804681    1.27987
 -0.715394   0.368436   0.593688   0.725737
 -0.454761  -0.890601 0.00470947    1.45141
         0          0          0          1

  0.532611  -0.269572   0.802282    1.27779
  -0.71133   0.371079   0.596917   0.724783
 -0.458622  -0.888612 0.00588635    1.44903
         0          0          0          1

   0.53237  -0.271142   0.801913    1.27797
 -0.710785   0.371313    0.59742   0.724548
 -0.459747  -0.888036 0.00495204    1.44722
         0          0          0          1

  0.532554  -0.275916   0.800161    1.27842
 -0.706974   0.374787   0.599769   0.723252
 -0.465376  -0.885102 0.00452936    1.44146
         0          0          0          1

 0.532903 -0.277289  0.799453   1.27812
 -0.70581  0.375468  0.600713  0.723007
 -0.46674 -0.884384 0.0043742   1.43985
        0         0         0         1

  0.533492  -0.279952   0.798131    1.27798
 -0.703458   0.377064   0.602469   0.722191
 -0.469609  -0.882864 0.00422542    1.43669
         0          0          0          1

  0.532924  -0.280144   0.798443    1.27877
  -0.70306   0.378471   0.602051   0.721863
 -0.470848  -0.882201 0.00473844     1.4352
         0          0          0          1

  0.534809  -0.281024   0.796872    1.27779
  -0.69893   0.382847   0.604091   0.721193
 -0.474844  -0.880031 0.00833359    1.43331
         0          0          0          1

 0.536982  -0.28008  0.795743   1.27734
-0.696196  0.385568  0.605515  0.720949
-0.476405 -0.879143 0.0120525   1.43322
        0         0         0         1

 0.538273 -0.277136  0.795901   1.27794
-0.692141  0.393442  0.605098  0.719986
-0.480835 -0.876584 0.0199619   1.42971
        0         0         0         1

 0.539959 -0.277986  0.794461   1.27704
 -0.68978  0.394752  0.606938  0.720008
-0.482336 -0.875725 0.0214004   1.42889
        0         0         0         1

 0.538846 -0.278275  0.795115   1.27768
  -0.6888  0.397841  0.606033  0.719522
-0.484973 -0.874234 0.0226991   1.42701
        0         0         0         1

 0.537542 -0.279012  0.795739   1.27834
-0.689128  0.398478  0.605242  0.719422
-0.485954 -0.873709 0.0219239   1.42569
        0         0         0         1

  0.53507 -0.281596  0.796495   1.27925
-0.688443  0.401099  0.604289  0.719053
-0.489639 -0.871678 0.0207532   1.42174
        0         0         0         1

  0.53532 -0.282064  0.796161   1.27875
-0.687857   0.40145  0.604724  0.719117
-0.490189 -0.871366 0.0208845    1.4208
        0         0         0         1

 0.534078 -0.282554  0.796821   1.27935
-0.686989  0.404284  0.603821  0.718862
-0.492755 -0.869895 0.0218081   1.41947
        0         0         0         1

 0.533008 -0.282447  0.797575   1.27992
-0.686756  0.406203  0.602798  0.718803
-0.494236 -0.869036 0.0225377   1.41937
        0         0         0         1

 0.533777 -0.283176  0.796802   1.27905
-0.684988  0.407733  0.603776  0.718919
-0.495857 -0.868082 0.0236665   1.41808
        0         0         0         1

 0.533874  -0.28273  0.796896    1.2792
-0.685169  0.407624  0.603644   0.71914
-0.495501 -0.868278 0.0239018   1.41691
        0         0         0         1

 0.533115 -0.281383   0.79788   1.28046
-0.685746  0.408637  0.602303  0.719189
-0.495521 -0.868239 0.0248934    1.4153
        0         0         0         1

 0.532944 -0.281344  0.798008   1.28068
-0.686277  0.407962  0.602155  0.719169
 -0.49497 -0.868569 0.0243411   1.41459
        0         0         0         1

 0.532593 -0.281744  0.798101    1.2812
-0.686764   0.40727  0.602069  0.719095
-0.494672 -0.868764 0.0234177   1.41418
        0         0         0         1

 0.532563 -0.281825  0.798092    1.2811
-0.686836  0.407123  0.602086  0.718923
-0.494604 -0.868807 0.0232507   1.41418
        0         0         0         1

 0.531012 -0.281005  0.799414   1.28313
-0.688431  0.406988  0.600353   0.71838
-0.494055 -0.869136 0.0226628   1.41406
        0         0         0         1

 0.531332 -0.280703  0.799308   1.28314
-0.688261  0.407092  0.600478  0.718237
-0.493947 -0.869185 0.0231044   1.41424
        0         0         0         1

  0.53082 -0.280163  0.799837    1.2842
 -0.68838  0.407961   0.59975  0.717827
 -0.49433 -0.868951 0.0236956    1.4146
        0         0         0         1

 0.530818 -0.279958   0.79991   1.28442
-0.688283  0.408289  0.599639  0.717718
-0.494468 -0.868863 0.0240371   1.41479
        0         0         0         1

 0.530879 -0.279397  0.800065   1.28501
-0.688305   0.40859  0.599408  0.717536
-0.494372 -0.868902 0.0246011   1.41472
        0         0         0         1

 0.531116 -0.279332  0.799931   1.28497
-0.688569  0.407862  0.599601   0.71773
-0.493749 -0.869266  0.024283   1.41388
        0         0         0         1

 0.531754 -0.278281  0.799873   1.28588
-0.688762  0.407468  0.599648  0.718057
-0.492793 -0.869787  0.025003   1.41307
        0         0         0         1

 0.531907 -0.278077  0.799842   1.28601
 -0.68874  0.407456  0.599681  0.718073
-0.492659 -0.869858 0.0252059   1.41299
        0         0         0         1

 0.532555 -0.277401  0.799646   1.28597
-0.688521  0.407491  0.599908   0.71817
-0.492263 -0.870057 0.0260153   1.41284
        0         0         0         1

 0.532641 -0.276901  0.799762    1.2862
-0.688463  0.407854  0.599727  0.718228
-0.492251 -0.870046 0.0266035   1.41286
        0         0         0         1

 0.533272 -0.275373  0.799869   1.28618
-0.687951   0.40907  0.599488  0.718832
-0.492286  -0.86996 0.0287022   1.41274
        0         0         0         1

 0.532733 -0.275158  0.800302   1.28638
-0.688354  0.409232  0.598914  0.719001
-0.492305 -0.869952 0.0286058   1.41245
        0         0         0         1

 0.532166 -0.274811  0.800798   1.28666
-0.689042  0.409025  0.598264  0.719451
-0.491956  -0.87016 0.0283132   1.41126
        0         0         0         1

 0.532241 -0.274604   0.80082   1.28677
-0.689124  0.408935  0.598231  0.719821
 -0.49176 -0.870267 0.0284159   1.41051
        0         0         0         1

 0.532285 -0.273235  0.801259    1.2875
-0.688702  0.410645  0.597545   0.72023
-0.492303 -0.869893 0.0304031   1.41027
        0         0         0         1

 0.532319 -0.272121  0.801615   1.28789
-0.688266  0.412202  0.596976  0.720367
-0.492877 -0.869506 0.0321312   1.41025
        0         0         0         1

 0.533497 -0.268937  0.801906   1.28853
-0.688152  0.413222  0.596401  0.721527
 -0.49176 -0.870012 0.0353831   1.40782
        0         0         0         1

 0.533598 -0.267268  0.802397   1.28883
-0.688006  0.414587  0.595621  0.721654
-0.491854 -0.869877 0.0373409   1.40765
        0         0         0         1

 0.534692  -0.26424  0.802671   1.28927
-0.687432  0.416413  0.595011   0.72222
-0.491469 -0.869929 0.0410056   1.40754
        0         0         0         1

 0.534706 -0.262213  0.803326   1.28966
-0.687751   0.41733  0.593998  0.722424
-0.491007 -0.870103  0.042812   1.40714
        0         0         0         1

 0.538101 -0.257969  0.802433   1.28905
-0.685833  0.419417  0.594746  0.723668
 -0.48998 -0.870369 0.0487648   1.40683
        0         0         0         1

 0.538408 -0.256491  0.802701   1.28893
-0.686336  0.419213  0.594309  0.723903
-0.488938 -0.870904 0.0496689   1.40621
        0         0         0         1

  0.53941  -0.25324   0.80306   1.28877
-0.686636  0.419758  0.593577  0.724519
-0.487409 -0.871592 0.0525383   1.40524
        0         0         0         1

 0.538971 -0.250885  0.804094   1.28926
-0.686382  0.422528  0.591903   0.72466
-0.488252 -0.870934 0.0555275   1.40567
        0         0         0         1

 0.538333 -0.246032  0.806018    1.2905
-0.687508  0.424911  0.588883  0.725018
 -0.48737  -0.87116 0.0595945   1.40521
        0         0         0         1

 0.538262 -0.243595  0.806806    1.2911
-0.688159  0.425618  0.587611  0.725261
 -0.48653 -0.871499 0.0614622   1.40478
        0         0         0         1

 0.538247 -0.237047  0.808764   1.29225
-0.688012  0.430649  0.584106  0.726055
-0.486754 -0.870833 0.0687046   1.40452
        0         0         0         1

 0.538509 -0.236504  0.808748   1.29247
-0.688239  0.430297    0.5841  0.726332
-0.486143 -0.871155 0.0689479   1.40388
        0         0         0         1

  0.53823 -0.234151  0.809618   1.29339
-0.687616  0.433466  0.582487  0.726677
-0.487332 -0.870219 0.0722986   1.40415
        0         0         0         1

 0.539139 -0.233887  0.809089   1.29335
-0.687279  0.433089  0.583165   0.72694
-0.486803 -0.870477 0.0727497   1.40381
        0         0         0         1

 0.539472 -0.233225  0.809059   1.29329
-0.687161  0.433348  0.583112  0.727514
  -0.4866 -0.870526 0.0735154   1.40324
        0         0         0         1

  0.53871 -0.232689   0.80972    1.2937
-0.687042  0.434925  0.582076  0.727736
-0.487611 -0.869883 0.0744316   1.40348
        0         0         0         1

 0.539592 -0.229102  0.810156   1.29349
-0.685975  0.438274  0.580822  0.728346
-0.488138 -0.869154 0.0793313   1.40352
        0         0         0         1

 0.539527 -0.227806  0.810564    1.2936
-0.686573   0.43822  0.580156   0.72852
-0.487369 -0.869521 0.0800264   1.40323
        0         0         0         1

 0.538221 -0.223602  0.812601   1.29387
-0.687636   0.44098  0.576795  0.728803
-0.487313 -0.869217  0.083588   1.40335
        0         0         0         1

 0.538951 -0.221993  0.812558   1.29361
-0.688182  0.440221  0.576724  0.729192
-0.485734 -0.870014 0.0844859   1.40299
        0         0         0         1

 0.535988 -0.212792  0.816968   1.29453
-0.691127  0.445148  0.569374  0.729792
-0.484829 -0.869806 0.0915277   1.40284
        0         0         0         1

 0.534985 -0.210761  0.818151   1.29474
-0.692243  0.445809  0.567498  0.730005
-0.484345 -0.869962 0.0926027   1.40241
        0         0         0         1

 0.533362 -0.207615  0.820013   1.29479
-0.692581  0.449386  0.564254  0.730471
 -0.48565 -0.868877 0.0958947   1.40242
        0         0         0         1

 0.531785 -0.206975  0.821198   1.29517
-0.693397  0.450303  0.562519  0.730532
-0.486215 -0.868556 0.0959484    1.4024
        0         0         0         1

 0.529258 -0.206428  0.822967   1.29569
-0.694404  0.451958  0.559944  0.730795
-0.487535 -0.867826 0.0958583   1.40205
        0         0         0         1

  0.52841 -0.206759  0.823428   1.29557
-0.693969  0.453529  0.559213  0.730937
 -0.48907 -0.866927 0.0961651    1.4021
        0         0         0         1

 0.522827 -0.210389  0.826068    1.2962
-0.695084  0.455763  0.556002  0.731959
-0.493468  -0.86488 0.0920472   1.40184
        0         0         0         1

 0.521267 -0.211702  0.826719   1.29627
-0.695465   0.45605  0.555291  0.732259
-0.494581 -0.864408 0.0904922    1.4019
        0         0         0         1

 0.517431 -0.214188  0.828486   1.29593
-0.696342   0.45733  0.553134  0.732597
-0.497366 -0.863118  0.087488   1.40222
        0         0         0         1

 0.514148 -0.214491  0.830449   1.29635
 -0.69801  0.458023  0.550452  0.732846
-0.498432 -0.862675 0.0857744    1.4021
        0         0         0         1

 0.509479 -0.213353  0.833614   1.29499
-0.700708  0.459425  0.545835  0.733766
-0.499439 -0.862212 0.0845698   1.40249
        0         0         0         1

  0.50852 -0.212909  0.834313    1.2949
-0.701912  0.458719  0.544882  0.733821
-0.498725 -0.862697 0.0838244    1.4024
        0         0         0         1

 0.506314 -0.212139  0.835849    1.2953
-0.703036  0.459759  0.542551  0.733903
-0.499385 -0.862333 0.0836412   1.40294
        0         0         0         1

 0.506919 -0.212313  0.835438   1.29492
-0.702728  0.459502  0.543169  0.733836
-0.499207 -0.862428 0.0837321   1.40316
        0         0         0         1

 0.505245  -0.21258  0.836383   1.29535
-0.703836   0.45929  0.541911  0.733688
-0.499342 -0.862475 0.0824327   1.40351
        0         0         0         1

 0.505697 -0.214022  0.835742   1.29521
-0.703168  0.459002  0.543022  0.733594
-0.499826 -0.862271 0.0816224   1.40377
        0         0         0         1

 0.502804 -0.221626  0.835506   1.29534
-0.703247  0.457155  0.544475  0.733452
-0.502626 -0.861331 0.0740017   1.40513
        0         0         0         1

 0.502048 -0.225353  0.834963   1.29519
-0.703521  0.455097  0.545843  0.733566
-0.502996 -0.861454 0.0699401   1.40529
        0         0         0         1

 0.498685 -0.234941  0.834336   1.29527
-0.704328  0.451201  0.548033  0.733728
-0.505209 -0.860941 0.0595321   1.40594
        0         0         0         1

 0.495489 -0.238629  0.835193   1.29583
-0.705701  0.450012  0.547243  0.733647
-0.506435 -0.860549 0.0545756   1.40662
        0         0         0         1

 0.487485 -0.250135  0.836535   1.29684
-0.708158  0.447182  0.546388   0.73395
-0.510754 -0.858755 0.0408596   1.40945
        0         0         0         1

  0.48784 -0.252882  0.835501   1.29595
 -0.70798  0.445292  0.548159  0.734503
-0.510662 -0.858933 0.0381958   1.40993
        0         0         0         1

 0.484456 -0.256304  0.836427   1.29634
-0.709543  0.444149  0.547065   0.73493
-0.511713  -0.85851 0.0333119   1.41108
        0         0         0         1

 0.482319 -0.259307  0.836737   1.29638
-0.710066   0.44365  0.546791  0.735062
-0.513006 -0.857866 0.0298556    1.4116
        0         0         0         1

 0.478799 -0.267185   0.83628   1.29595
-0.709374  0.443477  0.547829  0.735737
-0.517243 -0.855535 0.0228023   1.41446
        0         0         0         1

 0.475471 -0.272131  0.836584   1.29633
-0.710657  0.441719  0.547587  0.735837
 -0.51855 -0.854885 0.0166328   1.41522
        0         0         0         1

   0.463926   -0.294808     0.83538     1.29674
  -0.713414    0.434714    0.549604    0.737291
  -0.525179   -0.850948 -0.00864493     1.41793
          0           0           0           1

  0.460477   -0.30163   0.834854    1.29735
 -0.713432   0.433858   0.550256   0.737474
 -0.528182  -0.848991 -0.0154107    1.41901
         0          0          0          1

   0.45266   -0.31467   0.834315    1.29883
 -0.715116   0.430803    0.55047   0.738113
 -0.532642  -0.845808 -0.0300184    1.42015
         0          0          0          1

  0.450684  -0.319297   0.833626    1.29901
 -0.714528   0.430743    0.55128   0.738726
 -0.535101  -0.844103 -0.0340178    1.42167
         0          0          0          1

   0.44428  -0.332676    0.83183    1.29843
 -0.714797   0.428103   0.552985   0.740918
 -0.540074   -0.84027 -0.0475986    1.42393
         0          0          0          1

  0.441998  -0.333874   0.832566     1.2988
 -0.715102   0.429188   0.551749   0.741304
 -0.541542  -0.839241 -0.0490535    1.42519
         0          0          0          1

  0.436348  -0.334497   0.835291    1.30041
 -0.717001   0.431595   0.547389   0.742447
 -0.543608  -0.837757 -0.0515094    1.42711
         0          0          0          1

  0.434893  -0.334411   0.836085    1.30014
 -0.717475   0.432389   0.546141   0.743199
 -0.544149  -0.837383 -0.0518886    1.42772
         0          0          0          1

  0.432616  -0.332407   0.838063    1.29938
 -0.717918   0.435288   0.543248   0.744372
 -0.545378  -0.836678 -0.0503281    1.42974
         0          0          0          1

  0.430071  -0.331743   0.839634    1.29981
 -0.718941    0.43667    0.54078   0.745156
 -0.546043  -0.836221 -0.0507041    1.43104
         0          0          0          1

  0.420547  -0.333114   0.843905    1.29932
 -0.723385   0.438291   0.533494   0.748131
  -0.54759  -0.834827 -0.0566482    1.43373
         0          0          0          1

  0.417491  -0.333235   0.845373    1.29942
 -0.724175   0.439944   0.531056   0.748507
 -0.548883  -0.833909 -0.0576476    1.43527
         0          0          0          1

   0.41097  -0.333648     0.8484    1.29965
 -0.727266   0.441168   0.525789   0.750541
 -0.549715  -0.833096 -0.0613444    1.43678
         0          0          0          1

 0.408819  -0.33372   0.84941   1.29972
-0.727675  0.442519  0.524087  0.751245
-0.550778 -0.832351 -0.061929   1.43789
        0         0         0         1

  0.403355  -0.334353    0.85177    1.29832
 -0.727884   0.446859   0.520098   0.754372
 -0.554518  -0.829774 -0.0631274    1.44404
         0          0          0          1

 0.400014 -0.333441  0.853701   1.29919
-0.730485  0.446559  0.516698   0.75541
-0.553516 -0.830302 -0.064944    1.4447
        0         0         0         1

  0.397277  -0.332421   0.855375    1.29809
 -0.734869   0.443052    0.51349   0.758279
 -0.549671  -0.832587 -0.0682715    1.44632
         0          0          0          1

  0.396703  -0.331314   0.856071    1.29787
 -0.736259   0.442129   0.512293   0.759493
 -0.548224  -0.833519 -0.0685389    1.44862
         0          0          0          1

  0.393726  -0.326869   0.859149    1.29812
 -0.742015   0.438663    0.50694   0.762559
  -0.54258  -0.837097 -0.0698288    1.45143
         0          0          0          1

  0.393136  -0.324086   0.860472    1.29759
 -0.744576   0.436872   0.504727    0.76406
 -0.539491  -0.839113 -0.0695568    1.45335
         0          0          0          1

  0.392217  -0.309044   0.866405    1.29597
 -0.754302   0.431032   0.495216   0.769539
 -0.526492  -0.847764 -0.0640546    1.46325
         0          0          0          1

   0.39274  -0.303005   0.868299    1.29523
 -0.758846   0.426602   0.492101   0.771228
 -0.519527  -0.852173 -0.0623904    1.46471
         0          0          0          1

  0.392251  -0.289047   0.873265    1.29506
 -0.767849   0.419854   0.483871   0.774555
 -0.506505  -0.860334 -0.0572559    1.46944
         0          0          0          1

  0.393046  -0.283352   0.874772     1.2946
 -0.770846   0.417122   0.481463    0.77628
  -0.50131  -0.863552 -0.0544726    1.47281
         0          0          0          1

  0.39599 -0.259279   0.88089   1.29481
-0.784094   0.40379  0.471328  0.782121
  -0.4779 -0.877342 -0.043402   1.48381
        0         0         0         1

  0.398228  -0.253376   0.881598    1.29379
 -0.787052   0.399247   0.470267   0.783461
 -0.471129  -0.881137 -0.0404286    1.48767
         0          0          0          1

  0.402614  -0.240711   0.883154    1.29246
 -0.791946   0.392239   0.467942   0.786766
 -0.459046   -0.88781 -0.0327093    1.49775
         0          0          0          1

  0.404011  -0.236229   0.883726    1.29245
 -0.796184    0.38487   0.466869   0.788827
 -0.450407  -0.892228 -0.0325899    1.50021
         0          0          0          1

  0.409341  -0.223783   0.884512    1.29128
 -0.801955   0.374064   0.465773   0.792559
 -0.435097  -0.899998 -0.0263442    1.51041
         0          0          0          1

   0.41266  -0.219244   0.884106    1.29016
 -0.805169   0.366054   0.466591    0.79434
 -0.425928  -0.904398 -0.0254726    1.51392
         0          0          0          1

   0.42138  -0.202285   0.884036     1.2906
 -0.814947   0.343207    0.46698    0.80088
  -0.39787  -0.917219 -0.0202309    1.53406
         0          0          0          1

  0.427463  -0.197896   0.882107    1.28874
 -0.816911    0.33337    0.47066   0.803405
  -0.38721  -0.921793 -0.0191596    1.53881
         0          0          0          1

  0.436067  -0.187934   0.880072    1.28737
 -0.820934   0.317558   0.474578   0.807989
 -0.368663  -0.929429 -0.0158047    1.55158
         0          0          0          1

  0.439645   -0.18416   0.879089    1.28729
 -0.823182   0.308899   0.476396   0.810436
 -0.359283  -0.933095 -0.0157911    1.55793
         0          0          0          1

  0.457178  -0.167685   0.873424    1.28411
 -0.828998   0.275327   0.486783   0.820493
 -0.322104  -0.946613 -0.0131366    1.58209
         0          0          0          1

  0.461256  -0.163312   0.872108    1.28367
 -0.830124   0.267607   0.489164    0.82313
 -0.313269  -0.949587 -0.0121337    1.59025
         0          0          0          1

  0.472033  -0.154139   0.868001    1.28195
 -0.833251   0.243518   0.496379   0.830233
 -0.287886   -0.95757 -0.0134875    1.60437
         0          0          0          1

  0.476715  -0.149962   0.866172    1.28199
 -0.834508   0.232499   0.499541   0.833494
 -0.276297  -0.960966 -0.0143085    1.61181
         0          0          0          1

  0.490618  -0.140266   0.860012    1.27987
 -0.834865   0.207032   0.510038   0.841192
 -0.249591  -0.968227 -0.0155296    1.62819
         0          0          0          1

  0.496859  -0.135694   0.857157      1.279
 -0.834449   0.196607   0.514821   0.844617
 -0.238381  -0.971047 -0.0155434    1.63744
         0          0          0          1

  0.524312  -0.119683   0.843073    1.27281
 -0.830802     0.1452   0.537294   0.860285
 -0.186719  -0.982137 -0.0233027    1.66694
         0          0          0          1

  0.528259  -0.116723   0.841022    1.27303
 -0.830662   0.134159   0.540372   0.863896
 -0.175905  -0.984062 -0.0260865    1.67613
         0          0          0          1

  0.540886  -0.107706   0.834171    1.26977
 -0.828464   0.103015   0.550486   0.874624
 -0.145223  -0.988831 -0.0335112    1.69387
         0          0          0          1

  0.544349  -0.105243   0.832231    1.26948
 -0.827993  0.0917601    0.55318    0.87901
 -0.134584  -0.990204 -0.0371908      1.703
         0          0          0          1

  0.559391 -0.0876656   0.824255     1.2655
 -0.824377  0.0449435   0.564254   0.898146
-0.0865105  -0.995136 -0.0471285    1.73716
         0          0          0          1

  0.562334 -0.0814583   0.822888    1.26448
  -0.82367  0.0328304   0.566119    0.90382
-0.0731308  -0.996136 -0.0486331    1.74603
         0          0          0          1

  0.566844  -0.070142   0.820834    1.26199
 -0.822269  0.0130444    0.56895   0.914588
-0.0506146  -0.997452 -0.0502814    1.76743
         0          0          0          1

  0.568457 -0.0662262   0.820043    1.26042
 -0.821702  0.0036961   0.569906   0.920335
-0.0407736  -0.997798 -0.0523171    1.77711
         0          0          0          1

  0.573409  -0.053768   0.817503    1.25474
 -0.819196 -0.0242996   0.572998   0.934496
 -0.010944  -0.998258 -0.0579801    1.79454
         0          0          0          1

  0.575322 -0.0509202    0.81634     1.2541
 -0.817924 -0.0386087    0.57403   0.941722
0.00228816  -0.997956 -0.0638613    1.80163
         0          0          0          1

   0.58019 -0.0429367   0.813349    1.25327
 -0.813509 -0.0793342   0.576116   0.966599
 0.0397898  -0.995923 -0.0809583    1.83409
         0          0          0          1

  0.584167 -0.0383021   0.810729    1.25045
 -0.809848 -0.0937348   0.579103   0.974108
 0.0538127   -0.99486 -0.0857757    1.84169
         0          0          0          1

  0.592041  -0.030788   0.805319    1.24716
 -0.802246  -0.117664   0.585283   0.988462
 0.0767372  -0.992576 -0.0943613    1.86134
         0          0          0          1

  0.597299 -0.0278427   0.801535    1.24348
  -0.79725  -0.129434   0.589609   0.996378
 0.0873295  -0.991197 -0.0995082     1.8711
         0          0          0          1

   0.60793 -0.0242734   0.793619    1.23918
 -0.783887  -0.177294   0.595053      1.026
   0.12626  -0.983859   -0.12681    1.89821
         0          0          0          1

 0.613766 -0.023138  0.789149   1.23445
-0.778319 -0.185274  0.599911   1.03317
 0.132328 -0.982414 -0.131724   1.90854
        0         0         0         1

  0.619787 -0.0241372   0.784399    1.23033
 -0.769967  -0.211926   0.601863     1.0512
  0.151707  -0.976988  -0.149934    1.92401
         0          0          0          1

  0.625625 -0.0214693   0.779828    1.22508
 -0.762933  -0.225533   0.605862    1.06018
  0.162869  -0.973999  -0.157478    1.92997
         0          0          0          1

  0.629422 -0.0261674   0.776623    1.22715
 -0.756217  -0.250572   0.604441    1.07756
  0.178783  -0.967744  -0.177504    1.94409
         0          0          0          1

 0.634624 -0.022933  0.772481   1.22219
-0.749694  -0.26097  0.608156   1.08568
 0.187647 -0.965075  -0.18281   1.95178
        0         0         0         1

   0.64066 -0.0243463   0.767438    1.22273
 -0.738213  -0.294426   0.606923    1.11488
  0.211177  -0.955364  -0.206599    1.97719
         0          0          0          1

  0.646229 -0.0168763   0.762957    1.21597
  -0.73079    -0.3017    0.61231    1.12236
  0.219851  -0.953254    -0.2073    1.98516
         0          0          0          1

   0.649716 -0.00758258    0.760139     1.21306
  -0.721689   -0.320299    0.613656     1.14015
   0.238818   -0.947286   -0.213576     1.99935
          0           0           0           1

   0.650209 -0.00593394    0.759732     1.21364
  -0.717893   -0.332147    0.611807     1.15079
   0.248712   -0.943209   -0.220225      2.0021
          0           0           0           1

   0.65668 0.00790629   0.754128    1.20415
 -0.697932  -0.372523   0.611651    1.18888
  0.285766  -0.927989   -0.23911    2.01179
         0          0          0          1

  0.65758 0.0110621  0.753304   1.20244
-0.694916 -0.377309  0.612152   1.19725
    0.291 -0.926021 -0.240424   2.01757
        0         0         0         1

