0.0294222 -0.557144  0.829894  0.183386
-0.941691 -0.293863 -0.163897   1.06565
  0.33519 -0.776682 -0.533304   2.07323
        0         0         0         1

0.0294222 -0.557144  0.829894  0.183386
-0.941691 -0.293863 -0.163897   1.06565
  0.33519 -0.776682 -0.533304   2.07323
        0         0         0         1

0.0200415 -0.573278  0.819116  0.178464
-0.956286 -0.250062 -0.151614  0.996091
 0.291747  -0.78027 -0.553229   2.07201
        0         0         0         1

0.0200415 -0.573278  0.819116  0.178464
-0.956286 -0.250062 -0.151614  0.996091
 0.291747  -0.78027 -0.553229   2.07201
        0         0         0         1

0.0171982 -0.598658   0.80082  0.174365
-0.974015 -0.190933 -0.121815  0.947769
 0.225828 -0.777916 -0.586385   2.07537
        0         0         0         1

0.0171982 -0.598658   0.80082  0.174365
-0.974015 -0.190933 -0.121815  0.947769
 0.225828 -0.777916 -0.586385   2.07537
        0         0         0         1

0.000753079 -0.611398  0.791323    0.1699
-0.983634 -0.143033 -0.109575  0.914315
 0.180179 -0.778289 -0.601499   2.04867
        0         0         0         1

0.000753079 -0.611398  0.791323    0.1699
-0.983634 -0.143033 -0.109575  0.914315
 0.180179 -0.778289 -0.601499   2.04867
        0         0         0         1

-0.0205614  -0.656006   0.754476    0.16874
 -0.994958 -0.0606627 -0.0798605   0.848271
 0.0981575  -0.752314  -0.651451    2.04377
         0          0          0          1

-0.0205614  -0.656006   0.754476    0.16874
 -0.994958 -0.0606627 -0.0798605   0.848271
 0.0981575  -0.752314  -0.651451    2.04377
         0          0          0          1

 -0.035348  -0.659681   0.750714   0.165275
 -0.996261 -0.0359961 -0.0785409   0.813395
 0.0788347  -0.750683  -0.655942    2.02066
         0          0          0          1

 -0.035348  -0.659681   0.750714   0.165275
 -0.996261 -0.0359961 -0.0785409   0.813395
 0.0788347  -0.750683  -0.655942    2.02066
         0          0          0          1

-0.0629853  -0.662548   0.746366   0.163069
 -0.996948 0.00719816 -0.0777418   0.759367
 0.0461352  -0.748985  -0.660979    1.98955
         0          0          0          1

-0.0629853  -0.662548   0.746366   0.163069
 -0.996948 0.00719816 -0.0777418   0.759367
 0.0461352  -0.748985  -0.660979    1.98955
         0          0          0          1

-0.0781949  -0.669081   0.739065   0.162653
 -0.996846  0.0423935 -0.0670897   0.725202
 0.0135569  -0.741979  -0.670285    1.97047
         0          0          0          1

-0.0781949  -0.669081   0.739065   0.162653
 -0.996846  0.0423935 -0.0670897   0.725202
 0.0135569  -0.741979  -0.670285    1.97047
         0          0          0          1

-0.0857877  -0.674558    0.73322    0.15761
 -0.996154  0.0712298 -0.0510203   0.687416
 -0.017811  -0.734777  -0.678075    1.95207
         0          0          0          1

-0.0857877  -0.674558    0.73322    0.15761
 -0.996154  0.0712298 -0.0510203   0.687416
 -0.017811  -0.734777  -0.678075    1.95207
         0          0          0          1

 -0.100761    -0.6738   0.732012   0.155252
  -0.99236   0.120715 -0.0254828   0.642347
-0.0711943  -0.728987  -0.680815    1.91219
         0          0          0          1

 -0.100761    -0.6738   0.732012   0.155252
  -0.99236   0.120715 -0.0254828   0.642347
-0.0711943  -0.728987  -0.680815    1.91219
         0          0          0          1

   -0.11135   -0.683053    0.721831    0.158162
  -0.987794    0.155682 -0.00505916    0.614118
   -0.10892   -0.713584   -0.692051     1.89277
          0           0           0           1

   -0.11135   -0.683053    0.721831    0.158162
  -0.987794    0.155682 -0.00505916    0.614118
   -0.10892   -0.713584   -0.692051     1.89277
          0           0           0           1

-0.123797 -0.684562  0.718366  0.158052
-0.980936  0.193709 0.0155477  0.577085
-0.149797 -0.702746 -0.695492   1.85496
        0         0         0         1

-0.123797 -0.684562  0.718366  0.158052
-0.980936  0.193709 0.0155477  0.577085
-0.149797 -0.702746 -0.695492   1.85496
        0         0         0         1

-0.122395 -0.685673  0.717546  0.156634
-0.974746  0.219117 0.0431174  0.550501
-0.186791 -0.694147 -0.695175   1.83425
        0         0         0         1

-0.122395 -0.685673  0.717546  0.156634
-0.974746  0.219117 0.0431174  0.550501
-0.186791 -0.694147 -0.695175   1.83425
        0         0         0         1

-0.118398  -0.68953  0.714514  0.158333
-0.968511  0.238907 0.0700671  0.528361
-0.219016 -0.683719 -0.696104   1.81209
        0         0         0         1

-0.118398  -0.68953  0.714514  0.158333
-0.968511  0.238907 0.0700671  0.528361
-0.219016 -0.683719 -0.696104   1.81209
        0         0         0         1

-0.114469 -0.682061  0.722281  0.156769
-0.960542   0.26151 0.0947184  0.499184
-0.253487 -0.682939 -0.685083   1.77624
        0         0         0         1

-0.114469 -0.682061  0.722281  0.156769
-0.960542   0.26151 0.0947184  0.499184
-0.253487 -0.682939 -0.685083   1.77624
        0         0         0         1

-0.118307 -0.665138  0.737288  0.158086
-0.957574   0.27292 0.0925572  0.485437
-0.262784 -0.695058 -0.669208   1.75175
        0         0         0         1

-0.118307 -0.665138  0.737288  0.158086
-0.957574   0.27292 0.0925572  0.485437
-0.262784 -0.695058 -0.669208   1.75175
        0         0         0         1

-0.119008 -0.641131  0.758148  0.158611
 -0.95443  0.284338 0.0906325  0.465266
-0.273678 -0.712814 -0.645753   1.71708
        0         0         0         1

-0.119008 -0.641131  0.758148  0.158611
 -0.95443  0.284338 0.0906325  0.465266
-0.273678 -0.712814 -0.645753   1.71708
        0         0         0         1

 -0.11625 -0.631291  0.766784   0.15734
-0.952728  0.289065  0.093546  0.448423
-0.280705 -0.719662 -0.635052   1.69568
        0         0         0         1

 -0.11625 -0.631291  0.766784   0.15734
-0.952728  0.289065  0.093546  0.448423
-0.280705 -0.719662 -0.635052   1.69568
        0         0         0         1

-0.118451 -0.632589  0.765376  0.158361
 -0.95041  0.295451 0.0971058  0.432516
-0.287559 -0.715919 -0.636216   1.67947
        0         0         0         1

-0.118451 -0.632589  0.765376  0.158361
 -0.95041  0.295451 0.0971058  0.432516
-0.287559 -0.715919 -0.636216   1.67947
        0         0         0         1

-0.125493 -0.637097  0.760499  0.165517
-0.946595  0.306374   0.10046  0.417961
   -0.297 -0.707278 -0.641521   1.65343
        0         0         0         1

-0.125493 -0.637097  0.760499  0.165517
-0.946595  0.306374   0.10046  0.417961
   -0.297 -0.707278 -0.641521   1.65343
        0         0         0         1

 -0.12219 -0.636735   0.76134  0.167135
-0.946003   0.30677  0.104735   0.40529
-0.300245 -0.707432 -0.639838   1.63766
        0         0         0         1

 -0.12219 -0.636735   0.76134  0.167135
-0.946003   0.30677  0.104735   0.40529
-0.300245 -0.707432 -0.639838   1.63766
        0         0         0         1

-0.109625 -0.617777  0.778674  0.166988
-0.946512  0.304064  0.107982  0.390365
-0.303476 -0.725187 -0.618067   1.60861
        0         0         0         1

-0.109625 -0.617777  0.778674  0.166988
-0.946512  0.304064  0.107982  0.390365
-0.303476 -0.725187 -0.618067   1.60861
        0         0         0         1

-0.106564 -0.620363  0.777042  0.172201
-0.945332  0.305453  0.114219  0.381481
-0.308207 -0.722391 -0.618999   1.59877
        0         0         0         1

-0.106564 -0.620363  0.777042  0.172201
-0.945332  0.305453  0.114219  0.381481
-0.308207 -0.722391 -0.618999   1.59877
        0         0         0         1

-0.0957756 -0.614021  0.783457  0.177317
-0.946636  0.299523  0.119022  0.376315
-0.307746 -0.730249 -0.609941   1.58356
        0         0         0         1

-0.0957756 -0.614021  0.783457  0.177317
-0.946636  0.299523  0.119022  0.376315
-0.307746 -0.730249 -0.609941   1.58356
        0         0         0         1

-0.0820364 -0.608505  0.789298  0.181965
-0.952286  0.281465  0.118017  0.365003
-0.293974 -0.741956 -0.602561   1.56723
        0         0         0         1

-0.0820364 -0.608505  0.789298  0.181965
-0.952286  0.281465  0.118017  0.365003
-0.293974 -0.741956 -0.602561   1.56723
        0         0         0         1

-0.0678291 -0.599058  0.797828   0.18798
-0.953557  0.274152  0.124781  0.362683
-0.293477  -0.75231 -0.589831   1.55655
        0         0         0         1

-0.0678291 -0.599058  0.797828   0.18798
-0.953557  0.274152  0.124781  0.362683
-0.293477  -0.75231 -0.589831   1.55655
        0         0         0         1

-0.0548957 -0.568264  0.821013  0.192773
-0.958555  0.260216  0.116016  0.357597
-0.279569 -0.780618 -0.558997    1.5405
        0         0         0         1

-0.0548957 -0.568264  0.821013  0.192773
-0.958555  0.260216  0.116016  0.357597
-0.279569 -0.780618 -0.558997    1.5405
        0         0         0         1

-0.0504147 -0.550093   0.83358  0.196518
-0.961778   0.25167  0.107913  0.353513
 -0.26915 -0.796279 -0.541755   1.53233
        0         0         0         1

-0.0504147 -0.550093   0.83358  0.196518
-0.961778   0.25167  0.107913  0.353513
 -0.26915 -0.796279 -0.541755   1.53233
        0         0         0         1

-0.040693 -0.551537  0.833157  0.200294
-0.963276  0.243152  0.113914  0.347286
-0.265412 -0.797925 -0.541177   1.52798
        0         0         0         1

-0.040693 -0.551537  0.833157  0.200294
-0.963276  0.243152  0.113914  0.347286
-0.265412 -0.797925 -0.541177   1.52798
        0         0         0         1

-0.034903  -0.54991  0.834494  0.207607
-0.963706  0.239658  0.117621  0.342912
-0.264674 -0.800102 -0.538317    1.5234
        0         0         0         1

-0.034903  -0.54991  0.834494  0.207607
-0.963706  0.239658  0.117621  0.342912
-0.264674 -0.800102 -0.538317    1.5234
        0         0         0         1

-0.0263327 -0.542111  0.839894  0.210638
-0.964547  0.234483  0.121106  0.337738
-0.262594 -0.806929 -0.529066   1.52181
        0         0         0         1

-0.0263327 -0.542111  0.839894  0.210638
-0.964547  0.234483  0.121106  0.337738
-0.262594 -0.806929 -0.529066   1.52181
        0         0         0         1

-0.0264872 -0.547445  0.836422  0.216472
-0.966319  0.228279   0.11881  0.333994
-0.255979 -0.805104 -0.535053   1.52195
        0         0         0         1

-0.0264872 -0.547445  0.836422  0.216472
-0.966319  0.228279   0.11881  0.333994
-0.255979 -0.805104 -0.535053   1.52195
        0         0         0         1

-0.0287311 -0.553412  0.832412  0.220349
-0.966264  0.228604  0.118632   0.33142
-0.255945 -0.800922  -0.54131   1.52351
        0         0         0         1

-0.0287311 -0.553412  0.832412  0.220349
-0.966264  0.228604  0.118632   0.33142
-0.255945 -0.800922  -0.54131   1.52351
        0         0         0         1

-0.0293878 -0.544888  0.837994  0.223274
-0.966644  0.228888   0.11493  0.328955
 -0.25443 -0.806665 -0.533439   1.52219
        0         0         0         1

-0.0293878 -0.544888  0.837994  0.223274
-0.966644  0.228888   0.11493  0.328955
 -0.25443 -0.806665 -0.533439   1.52219
        0         0         0         1

-0.0324911 -0.544709  0.837995  0.224648
-0.966705  0.230053  0.112056  0.324695
-0.253821 -0.806454 -0.534048   1.52586
        0         0         0         1

-0.0324911 -0.544709  0.837995  0.224648
-0.966705  0.230053  0.112056  0.324695
-0.253821 -0.806454 -0.534048   1.52586
        0         0         0         1

-0.0353729 -0.535778  0.843618  0.224204
-0.967681  0.229263  0.105029  0.323898
-0.249683 -0.812638 -0.526572   1.52736
        0         0         0         1

-0.0353729 -0.535778  0.843618  0.224204
-0.967681  0.229263  0.105029  0.323898
-0.249683 -0.812638 -0.526572   1.52736
        0         0         0         1

-0.0378904  -0.53153  0.846191  0.225705
-0.970151  0.222541  0.096347  0.323231
-0.239524 -0.817283 -0.524097   1.53249
        0         0         0         1

-0.0378904  -0.53153  0.846191  0.225705
-0.970151  0.222541  0.096347  0.323231
-0.239524 -0.817283 -0.524097   1.53249
        0         0         0         1

-0.0340492 -0.539401  0.841361  0.229249
-0.971128  0.216747 0.0996568  0.324045
-0.236117 -0.813675 -0.531207   1.53637
        0         0         0         1

-0.0340492 -0.539401  0.841361  0.229249
-0.971128  0.216747 0.0996568  0.324045
-0.236117 -0.813675 -0.531207   1.53637
        0         0         0         1

-0.0301862 -0.554143  0.831874  0.235482
-0.971461  0.212158  0.106075  0.326134
-0.235269 -0.804932 -0.544733   1.54424
        0         0         0         1

-0.0301862 -0.554143  0.831874  0.235482
-0.971461  0.212158  0.106075  0.326134
-0.235269 -0.804932 -0.544733   1.54424
        0         0         0         1

-0.0245671 -0.589115  0.807676  0.244179
-0.973793  0.196833  0.113949  0.332316
-0.226106 -0.783709 -0.578512   1.55004
        0         0         0         1

-0.0245671 -0.589115  0.807676  0.244179
-0.973793  0.196833  0.113949  0.332316
-0.226106 -0.783709 -0.578512   1.55004
        0         0         0         1

-0.0203244 -0.610119  0.792049  0.249491
 -0.97556  0.185467  0.117833  0.336518
-0.218791 -0.770296 -0.598977   1.55606
        0         0         0         1

-0.0203244 -0.610119  0.792049  0.249491
 -0.97556  0.185467  0.117833  0.336518
-0.218791 -0.770296 -0.598977   1.55606
        0         0         0         1

-0.00855671 -0.631121  0.775638  0.255639
-0.977676  0.168133   0.12602  0.342601
-0.209944 -0.757244  -0.61847    1.5669
        0         0         0         1

-0.00855671 -0.631121  0.775638  0.255639
-0.977676  0.168133   0.12602  0.342601
-0.209944 -0.757244  -0.61847    1.5669
        0         0         0         1

-0.00105277 -0.641233  0.767346  0.260445
-0.979459  0.155391  0.128509  0.349203
-0.201643 -0.751448 -0.628224   1.57579
        0         0         0         1

-0.00105277 -0.641233  0.767346  0.260445
-0.979459  0.155391  0.128509  0.349203
-0.201643 -0.751448 -0.628224   1.57579
        0         0         0         1

0.0025288 -0.644622  0.764497  0.264899
-0.981737  0.143829  0.124524  0.357181
-0.190228  -0.75085 -0.632485    1.5818
        0         0         0         1

0.0025288 -0.644622  0.764497  0.264899
-0.981737  0.143829  0.124524  0.357181
-0.190228  -0.75085 -0.632485    1.5818
        0         0         0         1

0.00515261 -0.655692  0.755011  0.271987
-0.984884  0.127397   0.11736  0.370395
-0.173138 -0.744203 -0.645124   1.59631
        0         0         0         1

0.00515261 -0.655692  0.755011  0.271987
-0.984884  0.127397   0.11736  0.370395
-0.173138 -0.744203 -0.645124   1.59631
        0         0         0         1

0.00739743 -0.661246  0.750133  0.274723
-0.986715  0.116922  0.112798  0.379925
-0.162294 -0.741001 -0.651596   1.60608
        0         0         0         1

0.00739743 -0.661246  0.750133  0.274723
-0.986715  0.116922  0.112798  0.379925
-0.162294 -0.741001 -0.651596   1.60608
        0         0         0         1

0.0121078 -0.668726   0.74341  0.279336
-0.988727  0.102958  0.108718  0.395069
-0.149242 -0.736346 -0.659941   1.62336
        0         0         0         1

0.0121078 -0.668726   0.74341  0.279336
-0.988727  0.102958  0.108718  0.395069
-0.149242 -0.736346 -0.659941   1.62336
        0         0         0         1

0.0114737 -0.672651  0.739871  0.284851
-0.990043 0.0961734  0.102789  0.409104
-0.140297 -0.733684  -0.66485   1.63674
        0         0         0         1

0.0114737 -0.672651  0.739871  0.284851
-0.990043 0.0961734  0.102789  0.409104
-0.140297 -0.733684  -0.66485   1.63674
        0         0         0         1

 0.013983 -0.673804  0.738778  0.287161
-0.991731 0.0849178 0.0962201   0.42271
-0.127569 -0.734015 -0.667045   1.64796
        0         0         0         1

 0.013983 -0.673804  0.738778  0.287161
-0.991731 0.0849178 0.0962201   0.42271
-0.127569 -0.734015 -0.667045   1.64796
        0         0         0         1

0.00998897 -0.674348  0.738346  0.293282
-0.994327 0.0714951 0.0787501  0.448133
-0.105893 -0.734945 -0.669808   1.66679
        0         0         0         1

0.00998897 -0.674348  0.738346  0.293282
-0.994327 0.0714951 0.0787501  0.448133
-0.105893 -0.734945 -0.669808   1.66679
        0         0         0         1

  0.01058 -0.678027  0.734961  0.296413
-0.995994 0.0581189 0.0679543  0.465769
-0.0887899 -0.732736 -0.674696   1.67855
        0         0         0         1

  0.01058 -0.678027  0.734961  0.296413
-0.995994 0.0581189 0.0679543  0.465769
-0.0887899 -0.732736 -0.674696   1.67855
        0         0         0         1

0.0161324 -0.687929  0.725598  0.299306
-0.997423   0.03967 0.0597865  0.493574
-0.0699133 -0.724693 -0.685516   1.70044
        0         0         0         1

0.0161324 -0.687929  0.725598  0.299306
-0.997423   0.03967 0.0597865  0.493574
-0.0699133 -0.724693 -0.685516   1.70044
        0         0         0         1

0.0154181 -0.691937  0.721793  0.302956
-0.998288  0.030077 0.0501571  0.516394
-0.0564149 -0.721331 -0.690289   1.71464
        0         0         0         1

0.0154181 -0.691937  0.721793  0.302956
-0.998288  0.030077 0.0501571  0.516394
-0.0564149 -0.721331 -0.690289   1.71464
        0         0         0         1

0.0214336 -0.699122  0.714681  0.304313
-0.998512 0.0208824 0.0503737  0.536873
-0.0501417 -0.714697 -0.697635   1.73017
        0         0         0         1

0.0214336 -0.699122  0.714681  0.304313
-0.998512 0.0208824 0.0503737  0.536873
-0.0501417 -0.714697 -0.697635   1.73017
        0         0         0         1

 0.0312452  -0.715478   0.697936   0.305669
 -0.998787 0.00423429  0.0490544   0.571499
-0.0380526  -0.698622  -0.714478    1.75581
         0          0          0          1

 0.0312452  -0.715478   0.697936   0.305669
 -0.998787 0.00423429  0.0490544   0.571499
-0.0380526  -0.698622  -0.714478    1.75581
         0          0          0          1

  0.0303186   -0.724208    0.688915    0.310945
  -0.999321 -0.00752134   0.0360727    0.601985
 -0.0209426   -0.689541   -0.723944      1.7704
          0           0           0           1

  0.0303186   -0.724208    0.688915    0.310945
  -0.999321 -0.00752134   0.0360727    0.601985
 -0.0209426   -0.689541   -0.723944      1.7704
          0           0           0           1

 0.038565 -0.735107  0.676853  0.313006
-0.999256 -0.027893 0.0266408  0.644158
-0.000704425 -0.677377 -0.735636    1.7936
        0         0         0         1

 0.038565 -0.735107  0.676853  0.313006
-0.999256 -0.027893 0.0266408  0.644158
-0.000704425 -0.677377 -0.735636    1.7936
        0         0         0         1

 0.0410867  -0.744173   0.666722   0.316977
 -0.999114 -0.0366664  0.0206444   0.678046
0.00908328   -0.66698  -0.745021     1.8077
         0          0          0          1

 0.0410867  -0.744173   0.666722   0.316977
 -0.999114 -0.0366664  0.0206444   0.678046
0.00908328   -0.66698  -0.745021     1.8077
         0          0          0          1

 0.0489919   -0.75126   0.658186   0.316951
 -0.998764 -0.0423631  0.0259891   0.708001
0.00835826  -0.658646  -0.752407    1.82693
         0          0          0          1

 0.0489919   -0.75126   0.658186   0.316951
 -0.998764 -0.0423631  0.0259891   0.708001
0.00835826  -0.658646  -0.752407    1.82693
         0          0          0          1

 0.0485585  -0.739058    0.67189   0.316302
 -0.998745 -0.0441704  0.0235948   0.758414
 0.0122397  -0.672192  -0.740275    1.84763
         0          0          0          1

 0.0485585  -0.739058    0.67189   0.316302
 -0.998745 -0.0441704  0.0235948   0.758414
 0.0122397  -0.672192  -0.740275    1.84763
         0          0          0          1

 0.0348391  -0.728441   0.684222   0.311679
 -0.999355 -0.0313193  0.0175417   0.791522
0.00865125  -0.684392  -0.729063     1.8633
         0          0          0          1

 0.0348391  -0.728441   0.684222   0.311679
 -0.999355 -0.0313193  0.0175417   0.791522
0.00865125  -0.684392  -0.729063     1.8633
         0          0          0          1

  0.041037  -0.727577   0.684797   0.317869
 -0.998638 -0.0519681 0.00462951   0.851524
 0.0322193  -0.684054  -0.728719    1.88158
         0          0          0          1

  0.041037  -0.727577   0.684797   0.317869
 -0.998638 -0.0519681 0.00462951   0.851524
 0.0322193  -0.684054  -0.728719    1.88158
         0          0          0          1

   0.051617   -0.735777    0.675254    0.314594
  -0.996952   -0.077572 -0.00831683    0.885713
  0.0585001   -0.672767   -0.737538     1.90128
          0           0           0           1

   0.051617   -0.735777    0.675254    0.314594
  -0.996952   -0.077572 -0.00831683    0.885713
  0.0585001   -0.672767   -0.737538     1.90128
          0           0           0           1

 0.0518211  -0.722542   0.689382   0.310675
 -0.989156  -0.132128 -0.0641286   0.926049
  0.137422  -0.678583  -0.721554    1.90947
         0          0          0          1

 0.0518211  -0.722542   0.689382   0.310675
 -0.989156  -0.132128 -0.0641286   0.926049
  0.137422  -0.678583  -0.721554    1.90947
         0          0          0          1

0.0514278 -0.686799  0.725025  0.303941
 -0.97135 -0.203068 -0.123461  0.982968
 0.232023 -0.697904 -0.677566   1.92604
        0         0         0         1

0.0514278 -0.686799  0.725025  0.303941
 -0.97135 -0.203068 -0.123461  0.982968
 0.232023 -0.697904 -0.677566   1.92604
        0         0         0         1

0.0412114 -0.685719  0.726699  0.308405
-0.959241 -0.230662 -0.163255   1.02954
 0.279569 -0.690351 -0.667275   1.93148
        0         0         0         1

0.0412114 -0.685719  0.726699  0.308405
-0.959241 -0.230662 -0.163255   1.02954
 0.279569 -0.690351 -0.667275   1.93148
        0         0         0         1

0.0383847 -0.691855  0.721016  0.304375
-0.947031 -0.255415 -0.194667   1.08759
 0.318839 -0.675352 -0.665012   1.94979
        0         0         0         1

0.0383847 -0.691855  0.721016  0.304375
-0.947031 -0.255415 -0.194667   1.08759
 0.318839 -0.675352 -0.665012   1.94979
        0         0         0         1

0.0165816 -0.678057  0.734823  0.309912
-0.929604  -0.28108 -0.238389   1.13789
 0.368186 -0.679142 -0.634985   1.94459
        0         0         0         1

0.0165816 -0.678057  0.734823  0.309912
-0.929604  -0.28108 -0.238389   1.13789
 0.368186 -0.679142 -0.634985   1.94459
        0         0         0         1

0.0104598 -0.661082  0.750241  0.304036
-0.906913 -0.322299 -0.271353   1.18082
 0.421188 -0.677565 -0.602915   1.94469
        0         0         0         1

0.0104598 -0.661082  0.750241  0.304036
-0.906913 -0.322299 -0.271353   1.18082
 0.421188 -0.677565 -0.602915   1.94469
        0         0         0         1

