0.0833217 -0.413724  0.906582  0.562217
-0.649827 -0.712269 -0.265324   1.07906
 0.755501 -0.567014 -0.328196   2.57374
        0         0         0         1

0.0898245 -0.431596  0.897584  0.578173
-0.680197 -0.684893 -0.261256   1.05349
 0.727505 -0.587066 -0.355091   2.59152
        0         0         0         1

0.0966657 -0.438555   0.89349  0.583192
-0.693016 -0.673998 -0.255844   1.03979
 0.714412 -0.594471 -0.369078   2.60111
        0         0         0         1

0.0952259 -0.448119  0.888888  0.592827
 -0.69662 -0.667864 -0.262065   1.03747
 0.711092 -0.594262 -0.375767   2.59941
        0         0         0         1

0.0978508 -0.447386  0.888972   0.59385
 -0.71148 -0.656028  -0.25184   1.02128
  0.69586 -0.607843 -0.382499   2.61121
        0         0         0         1

0.0949598 -0.443609  0.891176  0.593938
-0.716365 -0.652068 -0.248253   1.00977
 0.691234 -0.614833 -0.379706   2.61134
        0         0         0         1

0.0950068  -0.44798  0.888981  0.601239
 -0.71998 -0.647629 -0.249411    1.0032
 0.687461 -0.616353 -0.384066   2.61146
        0         0         0         1

0.0911447 -0.455323  0.885648  0.617418
-0.729065 -0.636321 -0.252111  0.983852
 0.678349 -0.622716 -0.389958   2.61183
        0         0         0         1

0.0920589 -0.456996  0.884692  0.620993
-0.727951 -0.637103 -0.253353  0.980601
 0.679421 -0.620689 -0.391322   2.60645
        0         0         0         1

0.0948803 -0.456869   0.88446  0.629653
-0.729587 -0.636377 -0.250455  0.972402
 0.677275 -0.621527 -0.393705   2.60532
        0         0         0         1

0.0943093 -0.456917  0.884496  0.636558
-0.731414 -0.634533 -0.249803  0.966476
 0.675381 -0.623373 -0.394038   2.60305
        0         0         0         1

0.0978238 -0.449741  0.887786   0.64818
-0.749261 -0.620409 -0.231732  0.927802
  0.65501 -0.642515 -0.397665   2.61862
        0         0         0         1

  0.09682 -0.446832  0.889363  0.652945
-0.748314  -0.62184 -0.230959  0.927525
 0.656241 -0.643161 -0.394577    2.6087
        0         0         0         1

0.0988829 -0.441877  0.891609  0.657352
-0.753117 -0.618872 -0.223187  0.914538
 0.650413 -0.649416 -0.393981   2.60977
        0         0         0         1

0.0960592 -0.442251  0.891732  0.666417
-0.750693  -0.62048 -0.226859  0.913526
 0.653631 -0.647625 -0.391597   2.60035
        0         0         0         1

 0.100114 -0.437166  0.893791  0.670238
-0.751454 -0.622005 -0.220061  0.906194
 0.652146 -0.649612 -0.390782   2.59344
        0         0         0         1

 0.102341 -0.438318  0.892974  0.680832
-0.753224   -0.6205 -0.218249  0.899265
 0.649753 -0.650274 -0.393655   2.59178
        0         0         0         1

 0.110908  -0.43892  0.891655  0.699307
-0.754882 -0.620762 -0.211677  0.882916
 0.646415 -0.649618 -0.400181   2.57864
        0         0         0         1

 0.118114 -0.432866  0.893687  0.698191
-0.761093  -0.61752 -0.198512  0.866864
 0.637798 -0.656731 -0.402389   2.57929
        0         0         0         1

 0.123564 -0.430843  0.893928  0.706313
-0.764357  -0.61581 -0.191146  0.854281
 0.632843 -0.659661 -0.405409   2.57322
        0         0         0         1

  0.12976 -0.426145    0.8953  0.708587
-0.769775 -0.612429 -0.179937  0.843808
 0.624987 -0.665831 -0.407505   2.56951
        0         0         0         1

 0.148226 -0.436458  0.887431  0.737811
-0.775669 -0.607966 -0.169452  0.826254
 0.613487 -0.663235 -0.428664   2.55822
        0         0         0         1

  0.15562 -0.437159  0.885818  0.745317
-0.776583  -0.60835 -0.163797  0.821199
 0.610492 -0.662422 -0.434162   2.54956
        0         0         0         1

 0.172915 -0.440206   0.88109  0.753206
-0.784329 -0.602637  -0.14716  0.804249
 0.595758 -0.665618 -0.449471    2.5439
        0         0         0         1

 0.187355 -0.444606  0.875913  0.762494
-0.785468 -0.603273 -0.138207  0.796636
 0.589862 -0.662108  -0.46225   2.53729
        0         0         0         1

 0.198803 -0.445215  0.873076  0.772578
-0.790071 -0.599922  -0.12602  0.785053
 0.579883 -0.664739 -0.471018   2.52834
        0         0         0         1

 0.211676 -0.450435  0.867353  0.784115
 -0.79236  -0.59863 -0.117506  0.777398
 0.572152 -0.662383 -0.483622   2.52272
        0         0         0         1

  0.236525   -0.44685   0.862775   0.795603
 -0.796459  -0.597768 -0.0912519   0.759352
  0.556515  -0.665581  -0.497285    2.49731
         0          0          0          1

  0.247284  -0.443893   0.861284   0.798305
 -0.798455  -0.596928 -0.0784025     0.7498
  0.548926  -0.668309  -0.502039    2.48914
         0          0          0          1

  0.261358  -0.442698   0.857736   0.804558
 -0.801692  -0.594458 -0.0625329   0.735014
  0.537571  -0.671296  -0.510274     2.4781
         0          0          0          1

  0.266441  -0.438429   0.858364   0.806571
  -0.80218  -0.594572 -0.0546898   0.728042
  0.534337  -0.673991  -0.510118    2.46681
         0          0          0          1

  0.294409  -0.443475   0.846554   0.829546
 -0.809712  -0.586272 -0.0255279   0.704254
  0.507632  -0.677949  -0.531691    2.44547
         0          0          0          1

  0.303881  -0.442538   0.843692   0.837013
 -0.810049  -0.586152 -0.0156885   0.697834
  0.501475  -0.678665  -0.536598    2.43281
         0          0          0          1

    0.31774   -0.439302    0.840271    0.845038
  -0.810954    -0.58511 0.000752373    0.687057
    0.49132    -0.68166   -0.542167     2.41733
          0           0           0           1

 0.331613 -0.436715  0.836249  0.851037
-0.813282 -0.581566 0.0187941  0.675874
 0.478126 -0.686339 -0.548028   2.40805
        0         0         0         1

 0.346956 -0.432281  0.832319  0.860375
 -0.81408 -0.579483 0.0383876  0.664335
  0.46572 -0.690893 -0.552966   2.39223
        0         0         0         1

 0.358847 -0.424134  0.831468  0.862852
-0.814507 -0.577344 0.0570224  0.654931
 0.455858 -0.697699 -0.552638   2.37934
        0         0         0         1

 0.389078 -0.409718  0.825075  0.877072
-0.813506 -0.573059  0.099051  0.633969
 0.432234 -0.709742 -0.556273   2.34462
        0         0         0         1

 0.401818 -0.408535  0.819537  0.884013
 -0.81387 -0.569525  0.115135  0.625514
  0.41971 -0.713261  -0.56134   2.33191
        0         0         0         1

 0.417082 -0.404743  0.813772  0.892892
-0.811462 -0.569106  0.132844  0.616481
 0.409355 -0.715753 -0.565798   2.31026
        0         0         0         1

 0.426872   -0.4051  0.808501  0.902313
-0.809703 -0.569341  0.142238  0.612452
 0.402692 -0.715364 -0.571046   2.29273
        0         0         0         1

 0.456808 -0.398298  0.795415  0.916349
-0.808137 -0.559539  0.183929  0.591316
 0.371807 -0.726825 -0.577482   2.25591
        0         0         0         1

 0.466945 -0.396778  0.790272  0.923034
-0.806061 -0.558479  0.195874  0.585608
 0.363632  -0.72847 -0.580606   2.23867
        0         0         0         1

 0.482301  -0.39631  0.781232  0.931059
-0.803727 -0.554917  0.214685  0.576704
 0.348437 -0.731441 -0.586162   2.21663
        0         0         0         1

 0.493212 -0.397836  0.773607  0.938805
 -0.80201 -0.552394  0.227245  0.570605
  0.33693 -0.732521 -0.591516   2.20082
        0         0         0         1

  0.50669 -0.398573  0.764464  0.947223
-0.800292 -0.547212  0.245134   0.56194
  0.32062 -0.736001 -0.596242   2.17874
        0         0         0         1

 0.515401 -0.399306  0.758232  0.952109
-0.798121 -0.545847  0.255056   0.55694
 0.312033 -0.736618 -0.600025   2.16105
        0         0         0         1

 0.536121 -0.403223   0.74161  0.967357
-0.793928  -0.53934  0.280696  0.545101
 0.286797 -0.739272 -0.609281   2.11655
        0         0         0         1

  0.54494 -0.405749  0.733763  0.973102
-0.792691 -0.534526  0.293126  0.540173
  0.27328 -0.741383 -0.612918   2.10034
        0         0         0         1

 0.556175  -0.40778  0.724144  0.979543
-0.790317 -0.529014  0.309101  0.533428
 0.257037 -0.744218   -0.6165    2.0773
        0         0         0         1

 0.563209 -0.411269  0.716696  0.985653
-0.788424 -0.527097  0.317106  0.530934
 0.247352 -0.743658  -0.62112    2.0587
        0         0         0         1

 0.577899 -0.417595  0.701176   1.00005
-0.786002 -0.516008  0.340495  0.522722
 0.219623 -0.747897 -0.626431    2.0137
        0         0         0         1

 0.584059  -0.42166  0.693598   1.00575
-0.784863 -0.511317  0.350065   0.52024
  0.20704 -0.748838 -0.629585    1.9959
        0         0         0         1

 0.592875 -0.422081  0.685818   1.01077
-0.782121 -0.504636  0.365554  0.515786
 0.191795  -0.75312 -0.629305   1.97318
        0         0         0         1

 0.598006 -0.426873  0.678357   1.01637
-0.781242 -0.499496  0.374385  0.513439
 0.179021 -0.753846 -0.632192   1.95647
        0         0         0         1

 0.606639 -0.433046  0.666678   1.02245
-0.778202 -0.494849  0.386686  0.511318
 0.162452 -0.753389 -0.637192   1.93274
        0         0         0         1

 0.611385 -0.439952  0.657762   1.02859
-0.777263 -0.489914  0.394775  0.510271
 0.148565 -0.752613 -0.641484   1.91574
        0         0         0         1

 0.624781 -0.451511  0.637013   1.04008
-0.771803  -0.48062  0.416322  0.508386
 0.118188 -0.751759  -0.64876   1.87255
        0         0         0         1

 0.629875 -0.455853  0.628852   1.04408
-0.769494 -0.476257  0.425509  0.507844
 0.105526 -0.751916 -0.650759   1.85696
        0         0         0         1

  0.63565 -0.463157  0.617604   1.05024
-0.766805 -0.471268  0.435794  0.507448
0.0892163 -0.750594 -0.654713   1.83574
        0         0         0         1

 0.641215 -0.466522  0.609263   1.05347
-0.763289 -0.469455   0.44385  0.507331
0.0789555 -0.749647 -0.657112   1.82083
        0         0         0         1

 0.652788  -0.48024  0.585864   1.06328
-0.756009 -0.462146  0.463542   0.50801
0.0481433 -0.745514 -0.664749   1.78401
        0         0         0         1

 0.658107  -0.48431  0.576488   1.06635
-0.751941 -0.461876  0.470377  0.508924
0.0384578 -0.743044 -0.668137   1.76946
        0         0         0         1

 0.663999 -0.490271  0.564571    1.0706
-0.747321 -0.460218  0.479283  0.510236
0.0248472 -0.740158 -0.671973   1.75047
        0         0         0         1

 0.668892  -0.49296  0.556394   1.07296
-0.743184 -0.459732  0.486131  0.511245
0.0161486 -0.738672 -0.673871   1.73737
        0         0         0         1

 0.675208 -0.496785   0.54525   1.07655
-0.737615 -0.458941  0.495275  0.512937
0.00419214 -0.736599 -0.676317   1.71982
        0         0         0         1

 0.679273 -0.498538  0.538561   1.07877
 -0.73388 -0.458552  0.501149  0.514243
-0.00288427 -0.735656 -0.677349   1.70728
        0         0         0         1

 0.688918 -0.503812   0.52112   1.08539
-0.724514  -0.45709  0.515895  0.517964
-0.0217154 -0.732969 -0.679916   1.67755
        0         0         0         1

 0.693216 -0.504766  0.514454   1.08737
-0.720219 -0.458274  0.520835  0.519664
-0.027139 -0.731571 -0.681225   1.66645
        0         0         0         1

 0.699748   -0.5055  0.504799   1.08928
-0.713489 -0.459047  0.529348  0.521825
-0.0358589 -0.730579 -0.681886   1.65208
        0         0         0         1

 0.703168 -0.506995  0.498508   1.09149
-0.709827 -0.459897  0.533517  0.523703
-0.0412284 -0.729007 -0.683264   1.64177
        0         0         0         1

 0.713025 -0.510234   0.48089   1.09525
-0.698854 -0.461878  0.546143  0.528319
-0.0565484 -0.725486  -0.68591   1.61713
        0         0         0         1

 0.717417 -0.510477  0.474053   1.09575
-0.693822 -0.462378  0.552103  0.529823
-0.0626445 -0.724996 -0.685898    1.6087
        0         0         0         1

 0.722109 -0.511916  0.465296    1.0973
-0.688201 -0.463266  0.558359  0.532264
-0.0702771 -0.723413 -0.686829   1.59712
        0         0         0         1

 0.725385 -0.512981  0.458985   1.09806
-0.684296   -0.4652  0.561541  0.534354
-0.0745404 -0.721415 -0.688479   1.58846
        0         0         0         1

 0.730351 -0.513138  0.450863   1.09859
-0.678335 -0.467246  0.567047  0.537017
-0.0803091  -0.71998 -0.689333   1.57767
        0         0         0         1

 0.733411 -0.513203  0.445792   1.09916
-0.674389 -0.466827  0.572077  0.538633
-0.085484 -0.720205 -0.688474   1.57103
        0         0         0         1

  0.74131 -0.512322  0.433573    1.0995
-0.664298 -0.467921  0.582889  0.542797
-0.0957486 -0.720123 -0.687208   1.55383
        0         0         0         1

 0.743666 -0.511221  0.430829   1.09942
-0.661254 -0.467502  0.586673  0.544276
-0.0985063 -0.721176 -0.685712   1.54771
        0         0         0         1

  0.74669 -0.509905  0.427143   1.09943
-0.657394  -0.46779  0.590767  0.546507
-0.101422 -0.721921 -0.684503   1.53949
        0         0         0         1

 0.749737 -0.508241  0.423775   1.09858
-0.653592 -0.468584  0.594345  0.547792
-0.103497 -0.722579 -0.683497   1.53392
        0         0         0         1

 0.754189 -0.506416  0.418022   1.09888
-0.647721  -0.46905  0.600374   0.55139
-0.107966 -0.723557 -0.681769   1.52113
        0         0         0         1

 0.755452 -0.506294  0.415882   1.09894
 -0.64595 -0.469212  0.602154  0.552695
 -0.10973 -0.723538 -0.681508    1.5166
        0         0         0         1

 0.758344 -0.505342  0.411757   1.09821
-0.642046 -0.469886  0.605792  0.554401
-0.112654 -0.723766 -0.680788   1.51119
        0         0         0         1

 0.759572 -0.505711   0.40903   1.09807
-0.640328 -0.471045   0.60671  0.555785
-0.114149 -0.722754 -0.681613   1.50686
        0         0         0         1

 0.761936 -0.505302  0.405122   1.09759
-0.637122 -0.472456  0.608984  0.557533
-0.116319 -0.722119  -0.68192   1.50115
        0         0         0         1

 0.763368 -0.505479  0.402195   1.09714
-0.634859 -0.472122  0.611601  0.558701
-0.119266 -0.722213  -0.68131    1.4976
        0         0         0         1

 0.766676 -0.504325  0.397321   1.09612
-0.629622 -0.469496  0.618991    0.5615
-0.125632 -0.724728 -0.677485   1.48913
        0         0         0         1

 0.768079 -0.503374  0.395814    1.0953
-0.627541 -0.468662   0.62173  0.562427
-0.127459 -0.725927 -0.675858   1.48563
        0         0         0         1

   0.7694 -0.502522  0.394329   1.09493
-0.625574 -0.467972  0.624226  0.564186
-0.129152 -0.726962 -0.674422   1.48052
        0         0         0         1

 0.769404 -0.503375  0.393231   1.09523
-0.625005 -0.466186  0.626131  0.565261
 -0.13186 -0.727519 -0.673297   1.47718
        0         0         0         1

 0.770544 -0.503272  0.391125   1.09499
-0.622927 -0.464641  0.629342  0.566495
-0.134998 -0.728578 -0.671528    1.4728
        0         0         0         1

 0.772373 -0.502101  0.389018   1.09388
-0.620364 -0.464859  0.631708  0.567401
-0.136342 -0.729247  -0.67053   1.46948
        0         0         0         1

 0.771778 -0.506391  0.384613   1.09504
-0.619198 -0.460784  0.635824  0.569244
-0.144751 -0.728867 -0.669179    1.4623
        0         0         0         1

 0.772343 -0.507744  0.381685   1.09487
 -0.61779 -0.460692  0.637258  0.570131
-0.147725 -0.727983 -0.669491   1.45949
        0         0         0         1

 0.773313 -0.509313  0.377608   1.09428
-0.615621 -0.460714  0.639339  0.571345
-0.151654 -0.726872  -0.66982   1.45561
        0         0         0         1

 0.772835 -0.512261  0.374585   1.09448
-0.615052 -0.459218  0.640961   0.57208
-0.156323 -0.725746 -0.669967   1.45295
        0         0         0         1

 0.771953 -0.518151  0.368251   1.09495
-0.613845 -0.457086  0.643636  0.574353
-0.165179 -0.722905 -0.670913   1.44573
        0         0         0         1

 0.771534 -0.520576  0.365699   1.09464
-0.613357 -0.456058  0.644829  0.575245
-0.168902 -0.721812 -0.671163   1.44284
        0         0         0         1

 0.771822 -0.523294  0.361185   1.09397
-0.611362 -0.454664  0.647701  0.576316
 -0.17472 -0.720725 -0.670842    1.4394
        0         0         0         1

 0.770259   -0.5275  0.358392   1.09461
-0.611936 -0.453137   0.64823  0.577353
 -0.17954 -0.718618 -0.671829   1.43666
        0         0         0         1

 0.769628 -0.532899  0.351699   1.09476
-0.610101 -0.451352  0.651198  0.578558
-0.188283 -0.715752 -0.672495   1.43411
        0         0         0         1

 0.768049 -0.537348  0.348365   1.09534
-0.611008 -0.452005  0.649893  0.579509
-0.191756 -0.712003 -0.675485   1.42988
        0         0         0         1

 0.767151 -0.535538  0.353099   1.09466
-0.608451 -0.433183  0.664936  0.580788
-0.203142  -0.72495 -0.658165   1.42579
        0         0         0         1

 0.766026 -0.534646  0.356873   1.09378
-0.610165 -0.430099  0.665367  0.581589
-0.202244  -0.72744  -0.65569   1.42357
        0         0         0         1

 0.763547 -0.534031  0.363052   1.09307
-0.613572 -0.424712  0.665695  0.582637
-0.201309 -0.731048 -0.651954   1.42166
        0         0         0         1

 0.761921 -0.534411  0.365899   1.09228
-0.615541 -0.421768  0.665748  0.583271
-0.201459 -0.732473 -0.650306   1.42085
        0         0         0         1

 0.756238 -0.538667  0.371406   1.09116
-0.621708 -0.414672  0.664474  0.584511
-0.203919 -0.733407 -0.648484   1.41974
        0         0         0         1

 0.754169 -0.540805  0.372502   1.09076
-0.623872 -0.413008  0.663481  0.584923
-0.204967 -0.732771 -0.648872   1.41891
        0         0         0         1

  0.75133 -0.543911  0.373717   1.08975
-0.626536 -0.410059  0.662801  0.585331
-0.207259 -0.732129 -0.648869   1.41872
        0         0         0         1

 0.748284 -0.546917  0.375437   1.08988
-0.629457 -0.406713  0.662094  0.585567
-0.209415 -0.731756 -0.648597   1.41879
        0         0         0         1

  0.74352 -0.553216  0.375673    1.0883
-0.632739 -0.400232  0.662915  0.586188
-0.216379 -0.730594 -0.647621   1.41973
        0         0         0         1

 0.742192 -0.555609  0.374765   1.08782
-0.633653 -0.399654  0.662391  0.586587
-0.218254 -0.729092 -0.648683   1.41924
        0         0         0         1

  0.73994 -0.559978  0.372711   1.08788
-0.634972 -0.398567  0.661782  0.587274
-0.222033  -0.72634 -0.650486   1.41863
        0         0         0         1

 0.739329 -0.562381  0.370297   1.08738
-0.634654 -0.398282  0.662258  0.587883
-0.224958 -0.724637 -0.651379   1.41823
        0         0         0         1

 0.737204 -0.566908  0.367622   1.08728
-0.635177 -0.395942   0.66316  0.588858
-0.230393 -0.722389 -0.651976   1.41779
        0         0         0         1

 0.735327 -0.570053  0.366517   1.08723
-0.635901 -0.393335  0.664016  0.589474
-0.234361 -0.721337 -0.651727   1.41775
        0         0         0         1

 0.728739 -0.580003  0.364055   1.08812
-0.640211 -0.388362    0.6628  0.590877
-0.243041 -0.716081 -0.654339   1.41715
        0         0         0         1

 0.725486 -0.585046  0.362479   1.08856
-0.641826 -0.384992  0.663205  0.591234
-0.248454 -0.713794 -0.654804   1.41753
        0         0         0         1

 0.723054 -0.590113   0.35911    1.0883
-0.642306 -0.382994  0.663897  0.591655
-0.254237 -0.710692 -0.655958   1.41766
        0         0         0         1

  0.72004 -0.594472  0.357974   1.08835
-0.644255  -0.38101  0.663149  0.591873
-0.257832  -0.70812 -0.657335   1.41753
        0         0         0         1

 0.712738 -0.606569  0.352248   1.08776
-0.648357 -0.378087   0.66082  0.592749
-0.267653 -0.699374 -0.662751    1.4173
        0         0         0         1

 0.708989 -0.613032  0.348607   1.08813
-0.650614 -0.377862  0.658727  0.593397
-0.272096 -0.693839 -0.666747   1.41719
        0         0         0         1

 0.703391 -0.623325  0.341623   1.08868
-0.653121 -0.377116   0.65667  0.594146
-0.280488 -0.685018 -0.672367   1.41733
        0         0         0         1

 0.700989 -0.629471  0.335233   1.08825
-0.653411 -0.378514  0.655577  0.594551
-0.285776 -0.678597 -0.676638   1.41768
        0         0         0         1

 0.697077 -0.638375  0.326437   1.08749
-0.653806 -0.379053  0.654872  0.595085
-0.294317 -0.669923 -0.681602   1.41865
        0         0         0         1

 0.692427 -0.645453   0.32239    1.0875
-0.656401 -0.378101  0.652823  0.595585
 -0.29947 -0.663649 -0.685483   1.41904
        0         0         0         1

 0.680137 -0.661248  0.316487   1.08698
-0.663648 -0.371981     0.649  0.596848
-0.311423 -0.651445 -0.691835   1.42144
        0         0         0         1

 0.675619 -0.666415  0.315325   1.08586
-0.666207  -0.36867  0.648267  0.597146
-0.315764 -0.648054 -0.693051   1.42324
        0         0         0         1

 0.670477 -0.672706  0.312933   1.08299
-0.669082 -0.365966  0.646837  0.597415
-0.320609 -0.643067 -0.695467   1.42607
        0         0         0         1

  0.66561 -0.677384  0.313233   1.08127
-0.672911 -0.363233  0.644401  0.598005
 -0.32273 -0.639697  -0.69759   1.42816
        0         0         0         1

 0.650907 -0.689225  0.318261   1.07797
-0.685844 -0.354137  0.635771  0.599687
-0.325481 -0.632105 -0.703211   1.43491
        0         0         0         1

 0.645647 -0.692854  0.321082   1.07572
-0.690583 -0.350297  0.632761  0.600142
-0.325937 -0.630274 -0.704642   1.43855
        0         0         0         1

  0.63867 -0.697185  0.325627   1.07264
-0.697016 -0.344893  0.628663  0.600963
-0.325988 -0.628476 -0.706222   1.44415
        0         0         0         1

 0.634107 -0.699967  0.328565   1.06959
-0.701798 -0.342581  0.624594  0.601618
-0.324635 -0.626645 -0.708469   1.44838
        0         0         0         1

 0.626755   -0.7041  0.333798   1.06635
-0.709932 -0.339395  0.617096  0.602831
-0.321208 -0.623742 -0.712581   1.45417
        0         0         0         1

 0.622911 -0.706173  0.336602   1.06297
-0.714093 -0.337572  0.613283  0.603317
-0.319457 -0.622386 -0.714551    1.4596
        0         0         0         1

 0.611142 -0.712966  0.343781   1.05545
-0.726574 -0.333018   0.60099  0.604902
   -0.314 -0.617072 -0.721544   1.47553
        0         0         0         1

 0.606706 -0.715368  0.346636   1.05241
 -0.73189  -0.33251  0.594789  0.605623
-0.310233 -0.614561 -0.725307   1.48181
        0         0         0         1

  0.60212 -0.717216  0.350788   1.04707
-0.738617 -0.333568  0.585813  0.606631
-0.303144 -0.611828 -0.730596   1.49092
        0         0         0         1

 0.599008 -0.718702  0.353068   1.04258
-0.743216 -0.334904  0.579197  0.607388
-0.298026 -0.609349 -0.734761   1.49835
        0         0         0         1

 0.592782 -0.721919   0.35699   1.03807
-0.750708 -0.334794  0.569517  0.608205
-0.291627 -0.605595 -0.740411   1.50893
        0         0         0         1

 0.587705 -0.724548  0.360044   1.03474
 -0.75612 -0.333509  0.563077  0.608706
-0.287898  -0.60316  -0.74385   1.51796
        0         0         0         1

 0.579428 -0.728581  0.365285   1.02358
-0.767694 -0.337386  0.544809  0.610516
-0.273695 -0.596105 -0.754817   1.53996
        0         0         0         1

 0.574782 -0.731319  0.367147   1.01996
-0.772592 -0.337125  0.538004  0.611265
-0.269678  -0.59289 -0.758785   1.55009
        0         0         0         1

 0.569916  -0.73365  0.370072   1.01423
-0.778458 -0.337884  0.528996  0.612433
-0.263057 -0.589569 -0.763682    1.5632
        0         0         0         1

 0.569201  -0.73317  0.372119   1.00828
-0.781092 -0.340874  0.523164   0.61327
-0.256722 -0.588444 -0.766699   1.57299
        0         0         0         1

  0.56594 -0.732509  0.378341  0.994136
-0.789095 -0.348332  0.505958  0.616542
 -0.23883 -0.584889 -0.775155   1.59854
        0         0         0         1

 0.561596 -0.734153  0.381613  0.990494
-0.793882 -0.348141  0.498548  0.618787
-0.233155 -0.582938 -0.778345   1.60912
        0         0         0         1

 0.558113 -0.734504  0.386024  0.984528
-0.799551 -0.351652  0.486888  0.621795
-0.221875 -0.580384 -0.783534    1.6231
        0         0         0         1

 0.557208 -0.733816   0.38863  0.979337
-0.801936  -0.35412  0.481143  0.623601
-0.215449 -0.579753 -0.785792   1.63515
        0         0         0         1

 0.556354 -0.731601  0.393992  0.972262
-0.805905 -0.359554   0.47036  0.627028
-0.202454 -0.579207  -0.78964   1.64998
        0         0         0         1

 0.556288 -0.730396  0.396316   0.96679
-0.807587  -0.36279  0.464958   0.62947
-0.195824  -0.57871 -0.791674    1.6627
        0         0         0         1

 0.554353 -0.727822  0.403693  0.954814
-0.813761 -0.372231   0.44636  0.638161
-0.174603 -0.575951 -0.798621   1.69345
        0         0         0         1

 0.555696  -0.72514  0.406661  0.948933
-0.814619 -0.377169  0.440613  0.641606
-0.166126 -0.576121 -0.800304   1.70687
        0         0         0         1

 0.556602 -0.722191  0.410651  0.942078
-0.816596 -0.384643  0.430373  0.647317
-0.152857 -0.574883 -0.803831   1.72415
        0         0         0         1

 0.556721 -0.720136  0.414086  0.936912
-0.818408 -0.390045  0.421988   0.65252
-0.142377  -0.57382  -0.80651   1.73608
        0         0         0         1

 0.558526 -0.712856  0.424128  0.924241
-0.821406 -0.404118   0.40247  0.666304
-0.115506 -0.573171 -0.811254   1.76894
        0         0         0         1

 0.557903 -0.711616  0.427021   0.92124
-0.823215 -0.409316  0.393419   0.67309
-0.105177 -0.571019 -0.814171   1.78104
        0         0         0         1

  0.56076 -0.706092  0.432414  0.913468
-0.822885  -0.41743  0.385502  0.681539
-0.0916975 -0.572001 -0.815111   1.79894
        0         0         0         1

 0.564385   -0.7001  0.437412   0.90705
-0.821847  -0.42665   0.37754  0.688886
-0.077694 -0.572564  -0.81617   1.81041
        0         0         0         1

  0.56774 -0.693012  0.444303  0.899564
 -0.82097  -0.43688  0.367619  0.699281
-0.0606572 -0.573471 -0.816977   1.82758
        0         0         0         1

 0.569493 -0.688958  0.448346  0.894964
 -0.82058 -0.444502  0.359257  0.707255
-0.0482222 -0.572498 -0.818487   1.84058
        0         0         0         1

 0.575397 -0.674961  0.461894  0.881139
-0.817681 -0.462488  0.342785   0.72883
-0.0177463  -0.57492 -0.818017   1.87332
        0         0         0         1

 0.577118 -0.670479  0.466254  0.877204
-0.816628 -0.468683   0.33683  0.738396
-0.00731218 -0.575147 -0.818018   1.88625
        0         0         0         1

 0.581185 -0.661516  0.473942  0.868659
-0.813725 -0.478637  0.329784  0.751108
0.00868922 -0.577324 -0.816469   1.90379
        0         0         0         1

 0.582361 -0.655181  0.481243  0.863553
-0.812528 -0.487747  0.319219  0.762568
0.0255787 -0.576924 -0.816398   1.91398
        0         0         0         1

   0.5875 -0.638002  0.497792  0.851196
-0.807026 -0.507248  0.302338  0.790973
 0.059612 -0.579355 -0.812893   1.94336
        0         0         0         1

 0.589314 -0.630447  0.505217   0.84612
-0.804584  -0.51461  0.296346  0.802727
0.0731597 -0.581131 -0.810515   1.95462
        0         0         0         1

 0.591876 -0.619706   0.51541  0.838477
-0.800655 -0.525737  0.287319  0.819188
0.0929165 -0.582723 -0.807342   1.96936
        0         0         0         1

 0.594743 -0.609441  0.524274  0.831016
-0.796443 -0.535392  0.281129  0.831989
 0.109361 -0.584754 -0.803805   1.97783
        0         0         0         1

  0.59786 -0.597433   0.53445  0.822551
-0.791558  -0.54521  0.276012  0.848562
 0.126488 -0.588064 -0.798862   1.99347
        0         0         0         1

 0.602846 -0.586188  0.541258  0.812388
-0.785622 -0.554473  0.274515  0.859404
 0.139195 -0.590714 -0.794784   2.00389
        0         0         0         1

 0.607055 -0.562414  0.561404  0.796539
-0.775185 -0.574554  0.262632  0.894013
 0.174849 -0.594624 -0.784761   2.02813
        0         0         0         1

 0.603972 -0.560099  0.567017  0.792819
-0.773456 -0.583567  0.247418   0.91049
 0.192313 -0.587996 -0.785669   2.03405
        0         0         0         1

  0.60589 -0.546677  0.577963  0.782401
-0.766141  -0.59666  0.238798  0.930149
 0.214302 -0.587487 -0.780342   2.04356
        0         0         0         1

 0.605407  -0.54215  0.582714  0.778174
-0.763267 -0.603005  0.231964  0.944823
 0.225621 -0.585199 -0.778869   2.05271
        0         0         0         1

 0.602887 -0.525237  0.600544   0.76207
-0.750176 -0.629436  0.202597  0.988251
 0.271593 -0.572657 -0.773499   2.06055
        0         0         0         1

 0.601819 -0.518319  0.607584  0.753811
-0.747991 -0.632417   0.20139  0.999367
 0.279863 -0.575668 -0.768299   2.07266
        0         0         0         1

 0.600836  -0.50979  0.615719  0.742289
-0.740229 -0.645591  0.187814    1.0215
 0.301757 -0.568618 -0.765255   2.07932
        0         0         0         1

  0.59463 -0.505121  0.625514  0.735807
-0.739008 -0.649818  0.177774   1.03651
 0.316673  -0.56797 -0.759689    2.0855
        0         0         0         1

 0.590349 -0.503688  0.630703  0.731572
-0.733971 -0.660105   0.15984    1.0602
  0.33582 -0.557279 -0.759385   2.08827
        0         0         0         1

 0.583546 -0.501547   0.63869  0.726555
-0.732561 -0.664534  0.147471   1.07622
 0.350467 -0.553936   -0.7552   2.09461
        0         0         0         1

  0.57168  -0.48992  0.658149  0.703775
-0.719839 -0.684415  0.115793   1.11926
 0.393717 -0.539958  -0.74393   2.09663
        0         0         0         1

 0.570902 -0.483353  0.663657  0.692168
-0.717794 -0.686239  0.117673   1.12961
  0.39855 -0.543549 -0.738723   2.10848
        0         0         0         1

  0.55179 -0.485742  0.677925  0.695325
-0.716584    -0.692 0.0874285   1.15725
 0.426656 -0.534032 -0.729914    2.1057
        0         0         0         1

  0.55077 -0.474781  0.686466  0.678709
-0.708051 -0.701257 0.0830772    1.1709
 0.441946  -0.53181   -0.7224   2.10564
        0         0         0         1

