 0.127931 -0.586873  0.799509  0.859308
  -0.9812 -0.192347 0.0158135   1.08203
 0.144502 -0.786501 -0.600446   2.34629
        0         0         0         1

 0.134128 -0.581104    0.8027  0.853516
-0.982048 -0.186361 0.0291824   1.06599
 0.132634 -0.792204 -0.595668   2.34171
        0         0         0         1

 0.134195 -0.589666  0.796421  0.868754
-0.985373 -0.164585 0.0441747   1.03527
 0.105031   -0.7907 -0.603127   2.32851
        0         0         0         1

 0.140962 -0.586853  0.797329  0.867322
-0.985787 -0.157556 0.0583149    1.0213
0.0914018 -0.794216 -0.600721   2.32246
        0         0         0         1

 0.144021 -0.583162  0.799487   0.86898
-0.986629 -0.146911 0.0705727    1.0047
0.0762985 -0.798961 -0.596523   2.31518
        0         0         0         1

 0.144546  -0.57944  0.802095  0.868028
-0.987522 -0.135684 0.0799428  0.991193
0.0625093 -0.803641 -0.591822   2.30888
        0         0         0         1

 0.130778 -0.581354  0.803072  0.877766
 -0.98996 -0.120401 0.0740519  0.969535
0.0536405 -0.804693 -0.591263   2.28338
        0         0         0         1

 0.131739 -0.575487   0.80713  0.870029
-0.990406 -0.110684  0.082735  0.954839
0.0417233 -0.810286 -0.584547   2.27538
        0         0         0         1

  0.127337  -0.578072   0.805989   0.871761
 -0.991414 -0.0985394  0.0859578   0.939916
 0.0297318  -0.810014  -0.585657    2.26645
         0          0          0          1

 0.128478 -0.573449  0.809104  0.867214
-0.991578 -0.087723 0.0952801  0.926988
0.0163388 -0.814531  -0.57989   2.25728
        0         0         0         1

  0.125353   -0.57854   0.805964   0.875381
 -0.992101 -0.0691761   0.104647   0.909972
-0.00478896  -0.812715  -0.582641    2.25225
         0          0          0          1

  0.129057  -0.576638   0.806742   0.872069
 -0.991483 -0.0607018   0.115222   0.897389
 -0.017471  -0.814741  -0.579561    2.24265
         0          0          0          1

  0.131066  -0.574766   0.807754   0.874496
 -0.989922 -0.0317992   0.137998   0.868907
-0.0536304    -0.8177  -0.573141    2.22595
         0          0          0          1

  0.129439  -0.575325   0.807618    0.87726
 -0.990026 -0.0292941   0.137805   0.862269
-0.0556245    -0.8174  -0.573379    2.20899
         0          0          0          1

  0.130182   -0.57263   0.809412    0.87649
 -0.989054 -0.0178137   0.146473   0.849164
-0.0694561  -0.819621  -0.568681    2.19647
         0          0          0          1

   0.128642   -0.576576    0.806853    0.879415
  -0.988561 -0.00996011    0.150495    0.840326
 -0.0787354   -0.816983   -0.571262     2.18612
          0           0           0           1

 0.123933 -0.575831  0.808121  0.881052
 -0.98615 0.0189886  0.164766  0.814536
-0.110223 -0.817348 -0.565503   2.16493
        0         0         0         1

 0.121235 -0.573971  0.809851  0.881691
-0.985975 0.0246399  0.165064  0.807641
-0.114696 -0.818505 -0.562934   2.15141
        0         0         0         1

 0.123639 -0.571011  0.811579  0.878934
-0.982703 0.0431723  0.180083  0.791148
-0.137867 -0.819806 -0.555797   2.14358
        0         0         0         1

 0.118469 -0.570828  0.812478  0.883372
-0.981564 0.0562772  0.182663  0.782212
-0.149993 -0.819139 -0.553637   2.13292
        0         0         0         1

 0.119207 -0.572762  0.811007  0.883665
-0.978648 0.0699722  0.193265  0.769231
-0.167443  -0.81673 -0.552192   2.12302
        0         0         0         1

 0.114521 -0.572943  0.811555  0.886359
 -0.97795 0.0785929  0.193486   0.76181
-0.174639 -0.815818 -0.551309    2.1102
        0         0         0         1

 0.105066 -0.577412  0.809664  0.891436
-0.975361 0.0989868   0.19716  0.744315
-0.193989  -0.81043 -0.552785   2.08298
        0         0         0         1

 0.104669 -0.577831  0.809417  0.890403
-0.971863  0.113259  0.206529  0.733268
-0.211013 -0.808259 -0.549718   2.07629
        0         0         0         1

  0.10342 -0.577584  0.809754  0.889387
-0.968906  0.125483  0.213251   0.72158
-0.224781 -0.806629 -0.546647    2.0646
        0         0         0         1

 0.100877 -0.575401  0.811627   0.89074
-0.966766  0.135937  0.216531  0.713719
-0.234922 -0.806495 -0.542565   2.05332
        0         0         0         1

0.0944877  -0.57576  0.812141   0.89302
-0.961525  0.158603  0.224308  0.696339
-0.257956 -0.802088 -0.538622    2.0292
        0         0         0         1

0.0911582 -0.577272  0.811447  0.894985
-0.958383  0.170513   0.22897  0.688028
-0.270541  -0.79855 -0.537704   2.02006
        0         0         0         1

0.0872778 -0.576098  0.812707  0.897127
 -0.95577  0.181589  0.231363  0.680018
-0.280867 -0.796954 -0.534769   2.00742
        0         0         0         1

0.0843052 -0.575814  0.813223  0.898141
-0.953074  0.191549  0.234432  0.673423
-0.290761 -0.794826 -0.532645   1.99747
        0         0         0         1

0.0801652 -0.573258  0.815444  0.899774
-0.950415  0.202645  0.235894  0.665817
-0.300474 -0.793921 -0.528588   1.98512
        0         0         0         1

0.0767143 -0.573609  0.815529  0.900091
-0.948375  0.210472  0.237248   0.65977
-0.307733 -0.791628  -0.52785   1.97334
        0         0         0         1

0.0763113 -0.568132  0.819392  0.897689
-0.941238   0.23012  0.247215  0.644129
-0.329009 -0.790108 -0.517187   1.95018
        0         0         0         1

0.0694776 -0.568917  0.819455  0.901881
-0.939835  0.238098  0.244987  0.640011
-0.334488 -0.787174 -0.518146   1.93852
        0         0         0         1

0.0663517 -0.566871   0.82113   0.90328
-0.936049  0.249639  0.247977  0.632784
-0.345558 -0.785072 -0.514055   1.92642
        0         0         0         1

 0.064864 -0.567123  0.821075  0.903252
-0.932227   0.25911  0.252614  0.626074
-0.356012 -0.781814 -0.511881   1.91765
        0         0         0         1

0.0566007 -0.568474  0.820752  0.906295
-0.925475  0.278533  0.256741  0.613616
-0.374557 -0.774117 -0.510343   1.89491
        0         0         0         1

0.0552576 -0.569071   0.82043  0.905563
 -0.92167  0.286954  0.261115  0.607876
-0.384019 -0.770594 -0.508639   1.88674
        0         0         0         1

0.0490926 -0.570908  0.819545  0.906908
-0.918424  0.296678  0.261686   0.60252
 -0.39254 -0.765537 -0.509771   1.87485
        0         0         0         1

0.0457072 -0.570997  0.819679  0.907267
-0.915699     0.304  0.262831  0.598094
-0.399258 -0.762592 -0.508966   1.86551
        0         0         0         1

0.0385435 -0.572356  0.819099  0.909073
-0.911862  0.315104  0.263092   0.59265
-0.408684 -0.757045 -0.509765   1.85439
        0         0         0         1

 0.036279 -0.571891  0.819527  0.909609
-0.909093  0.321675  0.264718  0.588453
-0.415011  -0.75463 -0.508232   1.84501
        0         0         0         1

0.0281714 -0.569038  0.821829  0.912113
-0.901924  0.339998  0.266333  0.579422
-0.430974  -0.74873 -0.503651   1.82462
        0         0         0         1

0.0260533 -0.566664  0.823537  0.912743
-0.899103  0.346816  0.267083  0.575842
-0.436962 -0.747403 -0.500453    1.8157
        0         0         0         1

0.0221092 -0.566002  0.824107  0.914582
-0.895093  0.355974  0.268499  0.571197
-0.445332 -0.743589 -0.498754    1.8066
        0         0         0         1

0.0192612 -0.564472  0.825227  0.916372
-0.892767  0.361868  0.268362  0.568203
-0.450106 -0.741905 -0.496972   1.79804
        0         0         0         1

0.0163368 -0.560857  0.827751   0.91732
-0.887107  0.373793  0.270778  0.561406
-0.461275 -0.738727 -0.491434   1.77873
        0         0         0         1

0.0113252 -0.559904   0.82848   0.91966
-0.885258  0.379647  0.268675  0.559176
-0.464963 -0.736461  -0.49136   1.77037
        0         0         0         1

0.0124266 -0.558273  0.829564  0.918646
-0.882053  0.384654  0.272074  0.555345
-0.470987   -0.7351 -0.487646   1.76108
        0         0         0         1

0.0091222 -0.557626  0.830042  0.919865
-0.878783  0.391605   0.27274   0.55228
-0.477135 -0.731915  -0.48646   1.75484
        0         0         0         1

 0.005133 -0.556455  0.830862  0.921628
-0.874329  0.400736  0.273787  0.548824
-0.485307 -0.727852 -0.484467   1.74681
        0         0         0         1

0.00461142 -0.553934  0.832548  0.921236
-0.871852  0.405519  0.274641  0.546412
-0.489747 -0.727125 -0.481079    1.7396
        0         0         0         1

0.000410779 -0.548177  0.836362  0.923132
-0.865921  0.418138  0.274485  0.541069
-0.500181 -0.724336 -0.474506   1.72398
        0         0         0         1

-0.00228771 -0.545319  0.838226  0.924372
-0.863735  0.423496  0.273153  0.539394
 -0.50394  -0.72338  -0.47198   1.71746
        0         0         0         1

-0.00286193 -0.541598  0.840633  0.924572
-0.861759    0.4278  0.272687  0.537429
 -0.50731 -0.723642 -0.467951   1.70859
        0         0         0         1

-0.00485217 -0.539298  0.842101  0.925382
-0.859787  0.432262  0.271874  0.535607
-0.510629 -0.722709 -0.465779   1.70204
        0         0         0         1

-0.0083948 -0.535046  0.844781  0.926462
-0.853404  0.444149  0.272824  0.531154
-0.521182 -0.718649 -0.460339   1.68885
        0         0         0         1

-0.00827834  -0.53264  0.846302  0.926216
-0.851792  0.447092  0.273056   0.52965
-0.523815 -0.718613 -0.457399   1.68297
        0         0         0         1

-0.0121765 -0.530159  0.847811  0.927796
-0.849234  0.453089  0.271132  0.527796
-0.527877 -0.716688 -0.455746   1.67643
        0         0         0         1

-0.0132634 -0.528278  0.848968  0.928151
-0.847301  0.456774  0.270994  0.526555
-0.530947 -0.715737 -0.453669   1.67082
        0         0         0         1

-0.0137636 -0.525957    0.8504  0.927978
-0.844314  0.461734  0.271909  0.524686
-0.535671 -0.714262 -0.450428   1.66482
        0         0         0         1

-0.0157295 -0.523622  0.851805  0.928609
-0.842577  0.465621  0.270668  0.523583
-0.538346 -0.713454 -0.448516   1.65978
        0         0         0         1

-0.0158522 -0.516697  0.856022   0.92843
-0.838509  0.473225  0.270112  0.521029
-0.544657   -0.7135 -0.440757   1.64799
        0         0         0         1

-0.0165699 -0.514404  0.857388  0.929077
-0.837019   0.47619  0.269522  0.520055
-0.546923 -0.713184 -0.438456   1.64289
        0         0         0         1

-0.0182314 -0.511884  0.858861   0.92974
-0.834494  0.480935  0.268925  0.518594
-0.550715 -0.711812 -0.435933   1.63762
        0         0         0         1

-0.0185403 -0.510274  0.859812  0.929823
-0.832637  0.483957  0.269261  0.517508
-0.553509 -0.710919 -0.433846   1.63386
        0         0         0         1

-0.0198878 -0.508534  0.860812  0.930299
-0.829116  0.489535  0.270042  0.515542
-0.558723 -0.708342  -0.43137   1.62418
        0         0         0         1

-0.0195963 -0.507343  0.861521  0.930058
-0.827774   0.49149  0.270606  0.514466
-0.560719 -0.707842 -0.429597   1.62031
        0         0         0         1

-0.0219483 -0.506767  0.861804   0.93115
-0.824902  0.496204  0.270775  0.513641
 -0.56485  -0.70496 -0.428924   1.61722
        0         0         0         1

-0.0236298 -0.506084  0.862161  0.931769
-0.823644  0.498641  0.270125  0.512945
-0.566615 -0.703731 -0.428616   1.61356
        0         0         0         1

-0.0222238 -0.504582  0.863078  0.930966
-0.822984  0.499384  0.270764  0.512369
 -0.56763 -0.704282 -0.426361   1.60862
        0         0         0         1

-0.0233984 -0.503437  0.863715  0.931236
-0.822264  0.501091  0.269797  0.512105
-0.568626 -0.703889 -0.425682   1.60475
        0         0         0         1

-0.0257214 -0.501231  0.864931  0.931793
-0.819446   0.50614  0.268942  0.511316
-0.572578 -0.701847 -0.423751   1.59747
        0         0         0         1

-0.0259897 -0.500158  0.865544  0.931883
-0.818128  0.508188  0.269092  0.511231
-0.574448 -0.701133 -0.422401   1.59448
        0         0         0         1

-0.0268394 -0.499602  0.865839  0.931808
-0.816063  0.511194   0.26967  0.510919
 -0.57734 -0.699341 -0.421427   1.59145
        0         0         0         1

-0.0271367 -0.497431  0.867079  0.932201
-0.815498  0.512664  0.268586  0.510905
-0.578123 -0.699813 -0.419566   1.58808
        0         0         0         1

-0.0286981 -0.495825  0.867948  0.932618
-0.811957  0.518004  0.269069  0.510658
-0.583012 -0.697015 -0.417454    1.5827
        0         0         0         1

-0.0293286 -0.494672  0.868585  0.932647
-0.811485  0.519158  0.268268  0.510802
-0.583637 -0.696975 -0.416645    1.5799
        0         0         0         1

-0.0296324 -0.493358  0.869322  0.932735
-0.810993  0.520262  0.267615  0.511143
-0.584306 -0.697083 -0.415526   1.57651
        0         0         0         1

-0.0290142 -0.493151   0.86946   0.93246
-0.809137  0.522306  0.269247  0.511144
-0.586903   -0.6957 -0.414181   1.57496
        0         0         0         1

-0.0269761 -0.488019  0.872416  0.931582
-0.810763    0.5212  0.266483  0.511798
-0.584752 -0.700134 -0.409728   1.57095
        0         0         0         1

-0.0295692  -0.49226  0.869946  0.932299
-0.810221  0.521497  0.267551  0.511795
-0.585378 -0.696937 -0.414259   1.56946
        0         0         0         1

-0.0251169 -0.490025  0.871346  0.930512
-0.807416  0.523881  0.271345  0.510789
-0.589447 -0.696724 -0.408813   1.56654
        0         0         0         1

-0.0243022 -0.489263  0.871798  0.930773
 -0.80668  0.524688  0.271974  0.510728
-0.590489 -0.696652  -0.40743   1.56535
        0         0         0         1

-0.0243402 -0.488523  0.872211  0.931421
-0.806253  0.525436  0.271796  0.510967
 -0.59107 -0.696608 -0.406663   1.56376
        0         0         0         1

-0.023572 -0.488219  0.872403   0.93112
-0.805987  0.525562   0.27234  0.510695
-0.591463 -0.696726 -0.405887   1.56272
        0         0         0         1

-0.0221056 -0.488488  0.872291  0.931773
 -0.80764  0.522984  0.272407  0.511234
-0.589261 -0.698475 -0.406083    1.5596
        0         0         0         1

-0.0213732 -0.489735   0.87161  0.931931
-0.808245  0.521605  0.273257   0.51093
-0.588459 -0.698633 -0.406974   1.55939
        0         0         0         1

-0.021454 -0.490948  0.870925   0.93296
-0.809598  0.519644  0.272985   0.51122
-0.586592 -0.699242 -0.408619   1.55811
        0         0         0         1

-0.0211075 -0.491163  0.870812  0.933408
-0.810544  0.518318    0.2727  0.511165
-0.585297 -0.700075  -0.40905   1.55757
        0         0         0         1

-0.0198344 -0.491545  0.870626  0.933477
-0.811289  0.516828  0.273312  0.510831
-0.584309 -0.700908 -0.409036   1.55737
        0         0         0         1

-0.0190909  -0.49162    0.8706  0.933947
-0.811861  0.515836  0.273485  0.510708
-0.583538 -0.701586 -0.408975    1.5576
        0         0         0         1

-0.0188311 -0.490374  0.871308  0.935764
-0.813894  0.513674  0.271506  0.510964
-0.580708  -0.70404 -0.408786   1.55706
        0         0         0         1

-0.0174362 -0.489699  0.871717   0.93535
 -0.81462  0.512474  0.271595  0.510722
-0.579733 -0.705383 -0.407854   1.55676
        0         0         0         1

-0.0172578  -0.48975  0.871692  0.935512
-0.815005  0.511923  0.271482  0.510703
-0.579197 -0.705748 -0.407983   1.55705
        0         0         0         1

-0.0166509 -0.489626  0.871773  0.935368
-0.816166  0.510313  0.271025  0.510721
-0.577578 -0.706999 -0.408113    1.5564
        0         0         0         1

-0.0157408 -0.489164   0.87205  0.934957
-0.816952  0.509145  0.270852  0.510641
-0.576491 -0.708159 -0.407638   1.55588
        0         0         0         1

-0.0159053 -0.488981  0.872149  0.934838
-0.817076  0.509113  0.270539  0.510643
-0.576311 -0.708309 -0.407632   1.55574
        0         0         0         1

-0.0161143 -0.489445  0.871885  0.934787
-0.816431   0.50984  0.271116  0.510511
-0.577218 -0.707465 -0.407814   1.55592
        0         0         0         1

-0.0164417 -0.489308  0.871956  0.934712
-0.815662  0.510948  0.271344  0.510403
-0.578295  -0.70676 -0.407511    1.5564
        0         0         0         1

-0.0162811 -0.488342    0.8725  0.934384
-0.815709  0.511129   0.27086  0.510389
-0.578233 -0.707297 -0.406667   1.55623
        0         0         0         1

-0.0169069 -0.488228  0.872553  0.934348
-0.815512  0.511643  0.270483  0.510545
-0.578493 -0.707004 -0.406806   1.55631
        0         0         0         1

-0.0175183 -0.487605  0.872889  0.933798
-0.814997  0.512697  0.270041  0.510906
-0.579201 -0.706671 -0.406378   1.55615
        0         0         0         1

-0.0179041 -0.487669  0.872845  0.933609
-0.814968  0.512858  0.269823  0.511167
 -0.57923  -0.70651 -0.406617   1.55599
        0         0         0         1

-0.019403 -0.487711   0.87279   0.93378
-0.814443  0.514048  0.269142  0.511593
-0.579919 -0.705615 -0.407186    1.5562
        0         0         0         1

-0.0194806 -0.488003  0.872625  0.933386
 -0.81437  0.514076  0.269309  0.511964
-0.580019 -0.705393 -0.407429   1.55607
        0         0         0         1

-0.0211553 -0.490332  0.871279   0.93316
  -0.8136  0.514919  0.270027  0.512836
-0.581041  -0.70316 -0.409827   1.55643
        0         0         0         1

-0.0221837  -0.49164  0.870516  0.933235
 -0.81311   0.51549  0.270411  0.513191
-0.581687 -0.701827 -0.411193   1.55689
        0         0         0         1

-0.023899 -0.493493  0.869421  0.933437
-0.813061  0.515615  0.270319  0.513876
-0.581688 -0.700432 -0.413563   1.55744
        0         0         0         1

 -0.02527 -0.494054  0.869064  0.933617
-0.812823   0.51624  0.269842  0.514585
-0.581962 -0.699577 -0.414624   1.55819
        0         0         0         1

-0.0259138 -0.493942  0.869109  0.933441
-0.812236  0.517219  0.269734  0.515341
-0.582752 -0.698932 -0.414601   1.55916
        0         0         0         1

-0.0259676  -0.49253  0.869908  0.933029
-0.813184  0.516537  0.268182    0.5163
-0.581427 -0.700431 -0.413931   1.55899
        0         0         0         1

-0.027761 -0.487981  0.872413  0.932237
-0.813926  0.517691  0.263668  0.518536
-0.580305  -0.70276 -0.411552   1.56017
        0         0         0         1

-0.0287688  -0.48559  0.873713  0.932318
-0.814357  0.518254  0.261219  0.519731
-0.579651 -0.703999 -0.410353   1.56049
        0         0         0         1

-0.0305511 -0.482436  0.875398  0.932751
-0.814339  0.519856  0.258075  0.521302
-0.579586 -0.704986 -0.408748   1.56151
        0         0         0         1

-0.0323349 -0.479338  0.877035  0.932695
-0.814205  0.521562  0.255038   0.52243
-0.579677 -0.705839 -0.407144   1.56292
        0         0         0         1

-0.0329118 -0.473594  0.880128  0.931778
-0.814826  0.522659  0.250771  0.525428
-0.578771 -0.708898 -0.403098    1.5656
        0         0         0         1

-0.0327816 -0.472526  0.880707  0.931068
-0.815173  0.522492   0.24999  0.526765
-0.578289 -0.709733 -0.402319   1.56706
        0         0         0         1

-0.0331472 -0.471001   0.88151  0.930477
-0.816337  0.521618   0.24801   0.52877
-0.576624 -0.711388 -0.401786   1.56855
        0         0         0         1

-0.0328706 -0.469392  0.882378  0.929963
-0.817997  0.519917  0.246104  0.530642
-0.574283 -0.713693 -0.401051    1.5691
        0         0         0         1

-0.0338214 -0.469057   0.88252  0.929796
 -0.81878  0.519364  0.244662  0.532713
 -0.57311 -0.714315 -0.401621   1.57178
        0         0         0         1

-0.0343414 -0.468485  0.882804  0.928853
-0.820364  0.517721  0.242831  0.534616
-0.570809 -0.715882 -0.402108     1.573
        0         0         0         1

-0.0388805 -0.465457  0.884216  0.928376
-0.822905  0.516889  0.235909  0.539228
-0.566847 -0.718454 -0.403124   1.57737
        0         0         0         1

-0.0389256 -0.464936  0.884488  0.927232
-0.823039  0.516873  0.235476  0.540733
 -0.56665 -0.718802  -0.40278   1.58063
        0         0         0         1

-0.0385028 -0.463069  0.885486  0.925506
-0.824357  0.515549  0.233764  0.543265
 -0.56476 -0.720955 -0.401584    1.5836
        0         0         0         1

-0.0397173 -0.461268  0.886371  0.925011
-0.825689  0.514723  0.230864  0.545409
-0.562726 -0.722697 -0.401308   1.58591
        0         0         0         1

-0.0410802 -0.459108   0.88743  0.924106
 -0.82723  0.513749  0.227493  0.548065
 -0.56036 -0.724763 -0.400893   1.58936
        0         0         0         1

-0.0383999 -0.458298  0.887969  0.921506
-0.829203  0.510501  0.227621  0.549882
-0.557627 -0.727566 -0.399625   1.59194
        0         0         0         1

-0.0361929 -0.454143  0.890193  0.918293
-0.834065  0.504402  0.223416  0.554855
-0.550478 -0.734393  -0.39704   1.59995
        0         0         0         1

-0.0364311 -0.452629  0.890955   0.91722
-0.836815  0.501168  0.220389  0.557239
-0.546273 -0.737535 -0.397025   1.60389
        0         0         0         1

-0.0348496 -0.450797  0.891946  0.915319
-0.839956  0.496818  0.218278  0.560298
-0.541534 -0.741589 -0.395963   1.60908
        0         0         0         1

-0.0337339 -0.448829  0.892981  0.914172
-0.843373  0.492207  0.215533  0.562595
-0.536269 -0.745845 -0.395134    1.6135
        0         0         0         1

-0.0311093 -0.444811  0.895084  0.911875
-0.852412  0.479443  0.208633  0.568692
-0.521944  -0.75649 -0.394078   1.62455
        0         0         0         1

-0.0267983 -0.443351  0.895947  0.909104
-0.856557  0.472247  0.208067  0.571097
-0.515355 -0.761855 -0.392411   1.62997
        0         0         0         1

-0.0239009 -0.442903  0.896251   0.90704
  -0.8606  0.465317  0.206997  0.573921
 -0.50872 -0.766366 -0.392284   1.63831
        0         0         0         1

-0.0203355 -0.441111  0.897222  0.905395
-0.865741  0.456636  0.204879  0.576926
-0.500078 -0.772596 -0.391174   1.64383
        0         0         0         1

-0.0148184 -0.441023  0.897373  0.902495
-0.870213  0.447699  0.205656  0.579466
-0.492452 -0.777859 -0.390418   1.65271
        0         0         0         1

-0.0120281 -0.440414  0.897714  0.901165
-0.875875   0.43775  0.203023  0.582911
-0.482388 -0.783843 -0.391013   1.65923
        0         0         0         1

-0.00194718 -0.440738  0.897634  0.897175
   -0.887  0.415259  0.201968  0.589803
-0.461766 -0.795808 -0.391743   1.67635
        0         0         0         1

0.00122644 -0.440093  0.897951  0.896189
-0.892169  0.405123  0.199773  0.593436
  -0.4517 -0.801369 -0.392141   1.68456
        0         0         0         1

0.00721968 -0.440611  0.897669  0.894396
-0.898518  0.391129  0.199208   0.59806
-0.438878  -0.80801 -0.393073   1.69479
        0         0         0         1

0.0112189 -0.441124  0.897376  0.893333
-0.904089   0.37893  0.197574  0.602006
-0.427197 -0.813524 -0.394564   1.70354
        0         0         0         1

0.0261404 -0.441849  0.896708  0.887222
  -0.9148  0.351102  0.199672  0.609863
-0.403061 -0.825528 -0.395025   1.72657
        0         0         0         1

0.0301721 -0.443242  0.895894  0.886884
-0.920264  0.337518  0.197979  0.614835
-0.390134 -0.830432 -0.397716   1.73604
        0         0         0         1

 0.035979 -0.444689  0.894962  0.885202
-0.926098  0.321714  0.197084  0.620277
-0.375564 -0.835913 -0.400251   1.74842
        0         0         0         1

0.0442763  -0.44598  0.893947  0.881588
-0.930591  0.307062  0.199281  0.624203
-0.363372 -0.840723 -0.401429   1.75917
        0         0         0         1

0.0509525 -0.449257  0.891948  0.879975
-0.935251  0.291797  0.200399   0.63026
-0.350298 -0.844407   -0.4053   1.77328
        0         0         0         1

0.0533646 -0.452686  0.890072  0.880331
 -0.94002  0.277964  0.197731  0.636338
-0.336918 -0.847237   -0.4107   1.78329
        0         0         0         1

0.0719707 -0.457434  0.886326  0.873188
-0.947611  0.245913  0.203863  0.647407
-0.311213 -0.854565 -0.415771   1.81265
        0         0         0         1

0.0759729 -0.461028  0.884128  0.872235
-0.951746   0.23088  0.202175  0.654036
-0.297335 -0.856824 -0.421241   1.82366
        0         0         0         1

 0.085322 -0.463382  0.882042  0.869048
-0.955651  0.212384  0.204019  0.661306
 -0.28187 -0.860331 -0.424711   1.83819
        0         0         0         1

 0.092897 -0.466508  0.879625  0.865432
-0.958143  0.198389  0.206405  0.666667
-0.270797 -0.861982 -0.428552   1.85269
        0         0         0         1

 0.105274 -0.471736  0.875433  0.861698
-0.964901  0.164525  0.204689  0.683212
 -0.24059 -0.866254 -0.437858   1.88226
        0         0         0         1

 0.107708 -0.471998  0.874995  0.860229
-0.968897  0.147398  0.198777   0.69209
-0.222795  -0.86919 -0.441442   1.89307
        0         0         0         1

 0.113796 -0.476932  0.871542  0.857135
-0.970933  0.132542  0.199304  0.700019
 -0.21057 -0.868889 -0.447987   1.91146
        0         0         0         1

  0.11472 -0.480343  0.869546  0.856899
-0.973106  0.121677  0.195598  0.707514
-0.199758   -0.8686 -0.453466   1.92639
        0         0         0         1

 0.121412 -0.482182  0.867617  0.851626
-0.974765  0.107044  0.195896  0.715768
-0.187331 -0.869507 -0.457018   1.94473
        0         0         0         1

 0.124976  -0.48308  0.866611    0.8477
-0.976914  0.092621  0.192513  0.724506
-0.173266 -0.870664 -0.460352   1.95788
        0         0         0         1

 0.132372 -0.489462  0.861919  0.840732
-0.980812  0.060883  0.185205  0.745483
-0.143127 -0.869897 -0.472011   1.98775
        0         0         0         1

 0.135538 -0.490071  0.861081  0.837834
-0.982012 0.0488674  0.182385  0.753807
 -0.13146 -0.870312 -0.474632    2.0025
        0         0         0         1

 0.138371 -0.494998  0.857805  0.835308
-0.983462 0.0335211  0.177983  0.764877
-0.116856 -0.868247 -0.482174   2.01876
        0         0         0         1

 0.144556 -0.496455  0.855942  0.830678
-0.983831 0.0203199  0.177941  0.773857
-0.105732 -0.867825 -0.485491    2.0342
        0         0         0         1

  0.146324  -0.502608   0.852041   0.825159
 -0.986767 -0.0133292   0.161598   0.799426
-0.0698634  -0.864412  -0.497907    2.06272
         0          0          0          1

  0.148731  -0.507528   0.848701   0.824214
 -0.986828 -0.0209508   0.160409   0.807933
 -0.063631   -0.86138  -0.503959    2.08029
         0          0          0          1

  0.150277  -0.511113   0.846275    0.82119
 -0.987664 -0.0395159   0.151519   0.822793
-0.0440019  -0.858605  -0.510746      2.094
         0          0          0          1

  0.150865  -0.516307   0.843011   0.819646
 -0.988014 -0.0505677   0.145844   0.833797
-0.0326711   -0.85491  -0.517747    2.10845
         0          0          0          1

  0.150222  -0.521098   0.840173   0.817858
 -0.988576 -0.0685935   0.134212   0.848357
-0.0123072  -0.850736  -0.525449    2.12124
         0          0          0          1

   0.15517  -0.522238   0.838564    0.81328
 -0.987861 -0.0757977   0.135592   0.857111
-0.00724992  -0.849425   -0.52766    2.13695
         0          0          0          1

 0.156879 -0.526716   0.83544  0.809875
  -0.9874 -0.101425  0.121469  0.884366
0.0207547 -0.843969  -0.53599   2.16762
        0         0         0         1

 0.159617 -0.523166   0.83715  0.803529
-0.986645 -0.112446  0.117849  0.894652
0.0324795  -0.84478 -0.534127   2.18033
        0         0         0         1

 0.156316 -0.524426  0.836984  0.805297
-0.986404 -0.126404   0.10502  0.912912
 0.050723 -0.842021 -0.537055   2.19303
        0         0         0         1

 0.155954 -0.525589  0.836322  0.802272
-0.985773 -0.136553 0.0980061  0.925014
0.0626914 -0.839708 -0.539407   2.20288
        0         0         0         1

 0.154176 -0.528054  0.835098  0.799877
-0.983211 -0.165482 0.0768825  0.957715
0.0975957 -0.832931 -0.544703   2.22384
        0         0         0         1

 0.152201 -0.526761  0.836276  0.797992
-0.982136 -0.175337 0.0683045  0.972135
  0.11065 -0.831733 -0.544037   2.23596
        0         0         0         1

  0.15194 -0.525193  0.837309  0.794514
-0.980721 -0.185433 0.0616522   0.98777
 0.122886 -0.830534 -0.543243   2.24897
        0         0         0         1

 0.153025 -0.521556  0.839382  0.786986
-0.979312  -0.19384 0.0580914  0.997458
 0.132408 -0.830906 -0.540428   2.26222
        0         0         0         1

 0.144679 -0.526914  0.837514  0.793277
-0.978582 -0.201463 0.0422997   1.01779
  0.14644 -0.825696 -0.544776   2.27361
        0         0         0         1

 0.142607 -0.530912  0.835342   0.79383
-0.976498  -0.21326 0.0311645   1.03336
 0.161599 -0.820154 -0.548847   2.28299
        0         0         0         1

  0.131505   -0.53061   0.837353   0.793207
 -0.973632  -0.227969 0.00844852    1.06628
  0.186408  -0.816384  -0.546597    2.30151
         0          0          0          1

 0.132432 -0.523619  0.841597  0.783538
-0.970921 -0.239371 0.0038518   1.08077
 0.199437 -0.817634 -0.540092    2.3102
        0         0         0         1

   0.130661   -0.532825    0.836077    0.788538
  -0.969957    -0.24325 -0.00343715     1.09526
   0.205208    -0.81051   -0.548601     2.32816
          0           0           0           1

  0.128594  -0.528355   0.839228   0.781308
 -0.965903  -0.258486 -0.0147312    1.11412
  0.224712  -0.808718   -0.54358    2.32581
         0          0          0          1

  0.117806  -0.520218   0.845869   0.775723
 -0.959363  -0.279559 -0.0383195    1.15142
  0.256405  -0.806982  -0.532012    2.34042
         0          0          0          1

   0.11719  -0.520507   0.845777   0.770865
 -0.955005  -0.292712 -0.0478157    1.16875
  0.272457  -0.802118  -0.531389    2.34176
         0          0          0          1

  0.113429  -0.526136   0.842802   0.777257
 -0.955029  -0.291642 -0.0535298    1.18498
   0.27396  -0.798828  -0.535555    2.36076
         0          0          0          1

