 0.0622586  -0.518425   0.852854   0.768512
 -0.994364  -0.105691 0.00834234    1.07253
 0.0858143  -0.848567  -0.522083    2.28811
         0          0          0          1

 0.0576746  -0.524053   0.849731   0.773866
 -0.995368 -0.0957564 0.00850401    1.06101
 0.0769106  -0.846286  -0.527148    2.27692
         0          0          0          1

 0.0555019  -0.533041   0.844267     0.7781
 -0.997913 -0.0575687  0.0292556     1.0268
 0.0330089  -0.844129  -0.535123    2.26159
         0          0          0          1

 0.0487526  -0.532526   0.845008   0.782868
 -0.998609 -0.0430066  0.0305117    1.01512
 0.0200927   -0.84532  -0.533882    2.25161
         0          0          0          1

 0.0524739  -0.532081   0.845066   0.777897
 -0.998593 -0.0214574  0.0484969   0.992939
-0.00767139  -0.846421  -0.532459    2.24556
         0          0          0          1

  0.0575665   -0.533529    0.843821    0.774115
  -0.998033 -0.00972561   0.0619378    0.977432
 -0.0248389   -0.845726   -0.533039      2.2377
          0           0           0           1

0.0573503 -0.536625   0.84187   0.77669
-0.996244 0.0240305 0.0831842  0.945577
-0.0648693 -0.843479 -0.533231   2.21921
        0         0         0         1

0.0568252 -0.541856  0.838548  0.779077
-0.995218 0.0360914 0.0907638  0.932957
-0.0794453 -0.839696 -0.537214   2.21012
        0         0         0         1

0.0566301  -0.54246   0.83817  0.777594
-0.994387 0.0445083 0.0959903  0.920204
-0.0893765 -0.838901 -0.536895   2.19088
        0         0         0         1

0.0561351 -0.549721   0.83346   0.78149
-0.992212 0.0622568   0.10789  0.904624
-0.111198 -0.833025 -0.541945   2.18779
        0         0         0         1

0.0574458 -0.552543  0.831502  0.780608
-0.990129 0.0751233  0.118325  0.889029
-0.127845 -0.830092 -0.542773    2.1758
        0         0         0         1

0.0559577  -0.55634  0.829069  0.783554
-0.987943 0.0891993  0.126537  0.876789
 -0.14435 -0.826154 -0.544641   2.16792
        0         0         0         1

0.0526905 -0.561448  0.825833  0.782306
-0.982686  0.117947  0.142885  0.849027
-0.177627 -0.819063 -0.545512   2.14426
        0         0         0         1

 0.052774 -0.561556  0.825754  0.781642
-0.980934  0.125727  0.148193  0.840068
-0.187038 -0.817831 -0.544215   2.13023
        0         0         0         1

0.0559642 -0.564258    0.8237   0.78271
-0.975639  0.144371  0.165185  0.823587
-0.212125 -0.812878 -0.542432   2.12079
        0         0         0         1

0.0550254 -0.568473   0.82086  0.784698
-0.972002  0.157589  0.174293  0.812734
-0.228439 -0.807468 -0.543885   2.11166
        0         0         0         1

0.0512421  -0.57267  0.818183  0.784432
-0.962792  0.189341  0.192824  0.785625
 -0.26534 -0.797621  -0.54166   2.08957
        0         0         0         1

  0.04632 -0.576082  0.816079  0.786337
-0.959762  0.200848  0.196257  0.776573
-0.276968 -0.792332 -0.543598   2.07706
        0         0         0         1

0.0411435 -0.578957   0.81432  0.788091
-0.955553  0.215331  0.201373  0.765157
-0.291935 -0.786411 -0.544364   2.06503
        0         0         0         1

0.0391945 -0.578594  0.814674  0.788667
-0.951221  0.228076  0.207747  0.755829
-0.306009 -0.783078 -0.541431   2.05353
        0         0         0         1

0.0374908 -0.575771  0.816751  0.788459
-0.946302  0.242175  0.214159  0.745328
-0.321103 -0.780922 -0.535774   2.04041
        0         0         0         1

0.0330652 -0.577387  0.815801  0.790399
-0.943051  0.252303  0.216791  0.738015
-0.331001  -0.77651 -0.536163   2.02793
        0         0         0         1

0.0316166 -0.578353  0.815174  0.786129
-0.932323  0.276889  0.232609  0.716786
-0.360243 -0.767359 -0.530457   2.00087
        0         0         0         1

0.0279931  -0.57959  0.814427  0.787037
-0.927568  0.288636  0.237291  0.708852
-0.372604 -0.762079 -0.529529   1.99049
        0         0         0         1

0.0252265  -0.58202  0.812783  0.786758
-0.920733  0.303154   0.24566  0.698953
-0.389377 -0.754553 -0.528237   1.97732
        0         0         0         1

0.0238183 -0.584655  0.810932  0.786151
 -0.91548  0.313146  0.252657  0.691173
-0.401658  -0.74841 -0.527782   1.96702
        0         0         0         1

0.0146927 -0.589376  0.807725  0.790334
 -0.90462  0.336303  0.261847  0.677264
-0.425966 -0.734531  -0.52822   1.94109
        0         0         0         1

0.0153358 -0.591248  0.806344  0.789629
-0.898696  0.345357  0.270324  0.670085
-0.438305 -0.728804 -0.526056   1.93034
        0         0         0         1

0.0135326 -0.591841  0.805941  0.789936
 -0.89399  0.353871  0.274876  0.663768
-0.447882 -0.724223 -0.524312   1.91523
        0         0         0         1

0.0107606 -0.593178     0.805  0.790266
-0.888307  0.363967  0.280069   0.65771
-0.459124 -0.718101 -0.523007   1.90511
        0         0         0         1

0.0103967 -0.593951  0.804434   0.78927
-0.882739  0.372471  0.286421  0.650929
-0.469749 -0.713083 -0.520431   1.89111
        0         0         0         1

0.00747512  -0.59617  0.802823  0.790067
-0.877074  0.381706  0.291618  0.646066
-0.480297 -0.706315 -0.520032   1.88092
        0         0         0         1

-7.49089e-05 -0.599121  0.800658  0.792126
-0.863601  0.403711   0.30201  0.635423
-0.504175 -0.691427 -0.517432   1.85826
        0         0         0         1

-0.000600847 -0.599416  0.800438  0.791837
-0.859264  0.409759  0.306207  0.631495
-0.511532 -0.687603 -0.515303   1.84695
        0         0         0         1

-0.00502457 -0.599951  0.800021  0.794283
-0.854736  0.417829  0.307969  0.628733
-0.519038  -0.68226 -0.514899   1.83295
        0         0         0         1

-0.00586337 -0.600695  0.799457  0.794757
 -0.84888   0.42556  0.313531  0.624866
-0.528553 -0.676804 -0.512413    1.8245
        0         0         0         1

-0.00722559 -0.601052  0.799177  0.796597
-0.838994  0.438493    0.3222  0.617865
-0.544093 -0.668176 -0.507448   1.80143
        0         0         0         1

-0.00652044  -0.60338  0.797427  0.796896
 -0.83193  0.445738  0.330469  0.613643
-0.554842 -0.661249 -0.504877   1.79471
        0         0         0         1

-0.00824549 -0.604872   0.79628  0.798762
-0.827029  0.451743   0.33459   0.61078
-0.562098 -0.655788 -0.503971   1.78402
        0         0         0         1

-0.00495825 -0.606538  0.795039  0.798321
-0.822287  0.454902  0.341919  0.607587
-0.569052 -0.652054 -0.501004   1.77529
        0         0         0         1

-0.00694792 -0.608932  0.793192  0.800164
-0.816913  0.460928  0.346698  0.604494
 -0.57672  -0.64556 -0.500647   1.76529
        0         0         0         1

-0.00872696 -0.611033  0.791557    0.8011
-0.811712  0.466627  0.351258  0.601522
-0.583992 -0.639451 -0.500055   1.75882
        0         0         0         1

-0.0100151  -0.61326  0.789818  0.802968
-0.805556  0.472911  0.356981  0.596735
-0.592436 -0.632667 -0.498751   1.73918
        0         0         0         1

-0.00931279 -0.614819  0.788613  0.803436
-0.802666  0.474931  0.360787  0.594388
-0.596356 -0.629633 -0.497917   1.73253
        0         0         0         1

-0.00859722 -0.616073  0.787642  0.803964
-0.798116  0.478771  0.365771  0.591132
-0.602442 -0.625485 -0.495814   1.72511
        0         0         0         1

-0.00810402 -0.615176  0.788348  0.804844
-0.797123  0.479981  0.366352  0.589339
-0.603763 -0.625441 -0.494261   1.71682
        0         0         0         1

-0.00774741 -0.613732  0.789476  0.807114
-0.792693  0.485041  0.369288  0.584664
-0.609572 -0.622951 -0.490259   1.70238
        0         0         0         1

-0.00576172 -0.614919  0.788569  0.806984
-0.790508  0.485757  0.373012  0.582141
-0.612425 -0.621221 -0.488897   1.69712
        0         0         0         1

-0.00498613 -0.616464  0.787368  0.808531
-0.786457  0.488728  0.377666   0.57844
-0.617625 -0.617347 -0.487259   1.69253
        0         0         0         1

-0.00273295 -0.616382  0.787443  0.808839
-0.786621  0.487519  0.378882  0.576642
 -0.61743 -0.618384 -0.486191   1.68618
        0         0         0         1

-0.0017411 -0.616802  0.787116  0.810324
-0.787162  0.486295  0.379331  0.575023
-0.616743 -0.618928  -0.48637   1.67899
        0         0         0         1

-0.00170901 -0.617305  0.786722  0.811796
-0.787183  0.486017  0.379645  0.573438
-0.616717 -0.618645 -0.486763   1.67393
        0         0         0         1

0.000809007 -0.620453  0.784243  0.813435
-0.785938  0.484507  0.384128  0.568831
-0.618305 -0.616677 -0.487246   1.66387
        0         0         0         1

0.00162981 -0.622374  0.782718  0.813395
-0.785666  0.483432  0.386034  0.566476
-0.618649 -0.615584  -0.48819   1.65985
        0         0         0         1

0.00333429 -0.623098  0.782136  0.814264
-0.784799  0.483097  0.388211  0.563864
-0.619741 -0.615114 -0.487397   1.65554
        0         0         0         1

0.00355255 -0.624097  0.781339  0.815816
-0.784541  0.482748  0.389164  0.562321
-0.620066 -0.614375 -0.487915   1.65141
        0         0         0         1

0.00536061 -0.627096  0.778923  0.817405
-0.782013   0.48284  0.394107  0.557587
-0.623239 -0.611241 -0.487809   1.64404
        0         0         0         1

0.00695653 -0.626713  0.779219   0.81804
-0.781482  0.482762  0.395254    0.5557
-0.623889 -0.611696 -0.486407   1.64058
        0         0         0         1

0.00911397 -0.626593  0.779293  0.817757
-0.780392  0.482816  0.397337  0.553281
-0.625224 -0.611775 -0.484588   1.63706
        0         0         0         1

0.00983482 -0.625547  0.780124  0.818331
 -0.78056  0.482825  0.396996  0.552026
-0.625003 -0.612838 -0.483529   1.63318
        0         0         0         1

0.0114931 -0.624317  0.781086  0.818553
-0.780687  0.482498  0.397144  0.550296
-0.624816 -0.614349 -0.481851   1.62854
        0         0         0         1

0.0115432 -0.622795    0.7823  0.820191
-0.780365  0.483562  0.396482  0.549444
-0.625218 -0.615057 -0.480425    1.6256
        0         0         0         1

0.0123953 -0.619244  0.785101  0.821396
-0.780015  0.485276  0.395074   0.54658
-0.625638 -0.617288 -0.477005   1.61853
        0         0         0         1

0.0143947 -0.617901  0.786124  0.820387
-0.779588   0.48538  0.395788  0.544975
-0.626127 -0.618551 -0.474721   1.61587
        0         0         0         1

0.0140163 -0.616553  0.787188  0.822169
-0.778902  0.486923  0.395244  0.543911
-0.626989 -0.618682  -0.47341   1.61297
        0         0         0         1

0.0160634 -0.616151  0.787464  0.821098
-0.778721  0.486288  0.396381  0.542496
-0.627165 -0.619582 -0.471998   1.61025
        0         0         0         1

0.0182791 -0.614945  0.788358  0.823185
-0.779627  0.484892  0.396309  0.540957
-0.625977 -0.621869 -0.470565   1.60328
        0         0         0         1

0.0195348 -0.613744  0.789263  0.823994
-0.780179  0.484319  0.395924  0.540067
-0.625252 -0.623501 -0.469369   1.60106
        0         0         0         1

0.0236622 -0.611514   0.79088   0.82349
-0.782179  0.481357   0.39559  0.539301
-0.622605  -0.62797 -0.466923   1.59681
        0         0         0         1

0.0251816 -0.611347  0.790962  0.824369
-0.783312  0.479527  0.395572  0.538536
-0.621119 -0.629531   -0.4668    1.5942
        0         0         0         1

0.0293158 -0.610867   0.79119  0.823912
-0.784235  0.476722  0.397129    0.5373
-0.619771 -0.632121 -0.465088   1.59129
        0         0         0         1

0.0321115 -0.611095  0.790905    0.8239
-0.785457  0.473921  0.398066  0.536462
-0.618083 -0.634004 -0.464771   1.58911
        0         0         0         1

0.0343843 -0.610943  0.790927  0.825312
-0.787305  0.470917  0.397981  0.534701
-0.615605 -0.636385 -0.464806   1.58457
        0         0         0         1

0.0372229 -0.610983  0.790768  0.825082
-0.788107  0.468582  0.399146  0.533684
-0.614411 -0.638068 -0.464078    1.5825
        0         0         0         1

0.0383847 -0.610938  0.790747   0.82556
-0.789443  0.466604  0.398824   0.53304
-0.612622 -0.639559 -0.464391   1.58054
        0         0         0         1

0.0410616 -0.608646  0.792379  0.825542
-0.790809  0.464913  0.398092  0.532386
-0.610684 -0.642967 -0.462233   1.57789
        0         0         0         1

0.0438165 -0.604867   0.79512  0.825492
-0.793183  0.462826  0.395793  0.532033
-0.607404 -0.648019 -0.459491   1.57486
        0         0         0         1

0.0480513 -0.602565  0.796622  0.824874
-0.795187  0.459561  0.395577   0.53133
-0.604457 -0.652472 -0.457069   1.57214
        0         0         0         1

0.0553812 -0.597326  0.800084   0.82489
-0.798602   0.45447  0.394577  0.529612
-0.599306 -0.660801 -0.451857    1.5683
        0         0         0         1

0.0586928 -0.596271  0.800635  0.824948
-0.799145  0.452585  0.395645  0.528504
-0.598267 -0.663045 -0.449943   1.56761
        0         0         0         1

 0.060384 -0.594639  0.801722  0.826286
-0.800728    0.4507  0.394594  0.527662
-0.595977 -0.665789 -0.448929   1.56655
        0         0         0         1

0.0654263 -0.593636   0.80207  0.825677
-0.802165  0.446791  0.396117  0.526334
-0.593507 -0.669309 -0.446962   1.56538
        0         0         0         1

0.0712794 -0.590175  0.804122  0.826569
-0.807499  0.439113   0.39386  0.524827
-0.585547 -0.677402 -0.445266   1.56286
        0         0         0         1

0.0737079 -0.586436  0.806635  0.826868
-0.809047  0.437759  0.392186  0.524135
-0.583104 -0.681513 -0.442188   1.56209
        0         0         0         1

0.0782685 -0.581739  0.809601  0.826298
-0.811115  0.434999  0.390983  0.522932
-0.579626 -0.687282  -0.43781   1.56096
        0         0         0         1

0.0816274 -0.576305  0.813148  0.826286
-0.813089  0.433326  0.388735  0.522488
-0.576388 -0.692893 -0.433216   1.55933
        0         0         0         1

0.0849896 -0.570213  0.817088  0.826621
-0.814718  0.432317   0.38644  0.521426
-0.573595  -0.69854 -0.427821   1.55853
        0         0         0         1

0.0885644 -0.566724  0.819134  0.826686
-0.815565  0.430865  0.386276  0.520569
-0.571848 -0.702267 -0.424041   1.55814
        0         0         0         1

0.0936467 -0.562547  0.821445  0.827747
-0.818364  0.426403  0.385307  0.518898
 -0.56702 -0.708323 -0.420437   1.55705
        0         0         0         1

0.0979569 -0.560343  0.822447  0.826814
-0.819322  0.423697  0.386255  0.517954
-0.564904 -0.711685 -0.417597   1.55626
        0         0         0         1

0.0980675 -0.557195   0.82457  0.827852
-0.819824  0.424471  0.384335  0.517538
-0.564156 -0.713693 -0.415175   1.55653
        0         0         0         1

0.0984076 -0.554872  0.826095  0.828629
-0.821199  0.423603   0.38235  0.517235
-0.562092 -0.716015 -0.413974   1.55628
        0         0         0         1

 0.101173 -0.549447   0.82938  0.829441
-0.823821    0.4211  0.379465  0.516672
-0.557748 -0.721652 -0.410042   1.55559
        0         0         0         1

 0.102159 -0.546606  0.831135  0.829565
-0.823997  0.421586  0.378543  0.516112
-0.557308 -0.723524 -0.407333   1.55602
        0         0         0         1

 0.103261 -0.542411  0.833743  0.829845
-0.825137   0.42135  0.376314  0.515576
-0.555415 -0.726811 -0.404054   1.55643
        0         0         0         1

 0.105252 -0.540106  0.834989  0.829641
-0.825768  0.420384  0.376012  0.515057
-0.554102 -0.729084 -0.401756   1.55718
        0         0         0         1

 0.107256 -0.533333  0.839078  0.831011
-0.829823  0.416824  0.371013  0.514272
-0.547621  -0.73608 -0.397865    1.5586
        0         0         0         1

 0.108187 -0.531464  0.840144  0.831026
-0.830869  0.415685   0.36995  0.513757
 -0.54585 -0.738073 -0.396605   1.56011
        0         0         0         1

 0.108887 -0.528373  0.842001  0.831945
-0.833453  0.413107  0.367014  0.513501
-0.541757 -0.741731 -0.395392   1.56165
        0         0         0         1

 0.109879 -0.527292  0.842549  0.832233
-0.835127  0.410682  0.365928  0.513199
-0.538971 -0.743843 -0.395231   1.56346
        0         0         0         1

 0.111007    -0.526  0.843209  0.832669
 -0.83584  0.409579  0.365536  0.512744
-0.537632 -0.745365 -0.394186   1.56741
        0         0         0         1

 0.112208 -0.523497  0.844607  0.833524
-0.838632  0.406039  0.363082  0.513141
-0.533016 -0.749055  -0.39346   1.56881
        0         0         0         1

 0.115974 -0.520959  0.845667  0.834733
-0.841309  0.401048  0.362436   0.51305
-0.527967   -0.7535 -0.391776    1.5759
        0         0         0         1

 0.116051 -0.520645  0.845849   0.83627
-0.843541  0.397935  0.360675  0.513633
-0.524377 -0.755365 -0.393004   1.57909
        0         0         0         1

 0.115868 -0.520412  0.846018   0.83853
 -0.84608   0.39447  0.358528  0.514678
-0.520311 -0.757341 -0.394603   1.58337
        0         0         0         1

 0.117997 -0.520894  0.845426   0.83865
-0.848154   0.38991  0.358614  0.514929
-0.516441 -0.759368  -0.39579   1.58745
        0         0         0         1

 0.120884 -0.522292  0.844155  0.840617
-0.853254  0.379913  0.357245  0.516357
-0.507292 -0.763464 -0.399722   1.59844
        0         0         0         1

 0.123257 -0.522855  0.843463  0.840968
-0.855394  0.374915  0.357407  0.516997
-0.503099 -0.765546 -0.401036   1.60341
        0         0         0         1

 0.125221 -0.523069  0.843041  0.842128
-0.859514  0.367218   0.35551  0.518356
-0.495536 -0.769122 -0.403602   1.60916
        0         0         0         1

 0.127773 -0.524089  0.842024  0.842843
-0.861855  0.361448  0.355754  0.519359
-0.490795 -0.771159 -0.405506   1.61478
        0         0         0         1

 0.129672 -0.524247  0.841635  0.844152
-0.865299  0.354654  0.354229  0.520789
-0.484193   -0.7742 -0.407642   1.62189
        0         0         0         1

 0.133819 -0.523119  0.841688  0.844419
-0.868146   0.34772  0.354137   0.52206
-0.477928 -0.778099 -0.407612   1.62794
        0         0         0         1

 0.140655 -0.522581  0.840908  0.846069
-0.873804  0.333813  0.353604  0.524793
-0.465492 -0.784525 -0.409681   1.64404
        0         0         0         1

  0.14269 -0.522596  0.840555  0.847054
-0.877452  0.326142  0.351725    0.5269
 -0.45795 -0.787734 -0.412015   1.65094
        0         0         0         1

 0.146035 -0.522711  0.839909  0.848039
-0.881636  0.316371  0.350182  0.529096
-0.448767 -0.791633 -0.414639   1.65941
        0         0         0         1

 0.147763 -0.521593  0.840301  0.849199
 -0.88566   0.30837  0.347151  0.531583
-0.440196 -0.795518 -0.416389   1.66671
        0         0         0         1

 0.154398 -0.520575   0.83974  0.847917
 -0.88923   0.29722  0.347751  0.533762
-0.430618 -0.800414 -0.417021   1.67618
        0         0         0         1

  0.15687 -0.518106  0.840808  0.848986
-0.893953  0.287395  0.343878  0.536962
-0.419809 -0.805587 -0.418079   1.68326
        0         0         0         1

 0.162713 -0.517687  0.839955  0.851104
-0.901339  0.268329  0.339983  0.542924
-0.401389 -0.812404 -0.422951   1.70497
        0         0         0         1

 0.165857  -0.51797  0.839165  0.851773
-0.904605  0.258915  0.338605  0.545892
 -0.39266 -0.815273 -0.425616    1.7143
        0         0         0         1

 0.170119 -0.519196  0.837553  0.851789
 -0.90825  0.247113  0.337663  0.549451
-0.382284 -0.818151 -0.429521   1.72609
        0         0         0         1

 0.173618 -0.520295  0.836152  0.851902
-0.911546  0.236458  0.336409  0.552541
-0.372747 -0.820598  -0.43322   1.73541
        0         0         0         1

 0.182425 -0.524497  0.831639  0.852128
-0.918643   0.21056  0.334306  0.560664
-0.350452 -0.824965 -0.443414   1.75955
        0         0         0         1

 0.185276 -0.527162  0.829321  0.852616
-0.921539  0.199844   0.33291  0.564552
-0.341232 -0.825931 -0.448774   1.77043
        0         0         0         1

 0.190715 -0.528952  0.826945  0.852026
-0.925629  0.183598  0.330911  0.569611
-0.326861 -0.828554 -0.454598   1.78265
        0         0         0         1

 0.193112 -0.531602  0.824686  0.852875
-0.928439  0.172844  0.328825  0.574027
-0.317346 -0.829171 -0.460182    1.7945
        0         0         0         1

 0.197349 -0.534152  0.822031  0.853404
-0.931544  0.159058  0.326995  0.579312
-0.305416 -0.830291 -0.466196   1.80936
        0         0         0         1

  0.20035 -0.536851  0.819543  0.853932
-0.934536  0.146398  0.324362  0.584379
-0.294113 -0.830878 -0.472376   1.82105
        0         0         0         1

 0.205872 -0.544323  0.813221  0.855014
-0.941373  0.116811  0.316501   0.59712
-0.267272 -0.830703 -0.488363   1.84928
        0         0         0         1

 0.208319 -0.545487  0.811817  0.855307
-0.944628  0.102949  0.311574  0.603212
-0.253536 -0.831772 -0.493837   1.86109
        0         0         0         1

 0.212028 -0.548355   0.80892  0.855518
-0.947503 0.0873704  0.307579  0.610778
-0.239338 -0.831669 -0.501043   1.87599
        0         0         0         1

 0.215038 -0.550225  0.806853  0.855902
  -0.9493 0.0762324  0.304988  0.616791
 -0.22932 -0.831529 -0.505936   1.88954
        0         0         0         1

 0.221082  -0.55139   0.80442    0.8561
-0.954364 0.0474935  0.294846  0.632208
 -0.20078 -0.832894 -0.515727   1.91922
        0         0         0         1

 0.224469 -0.552043  0.803033  0.855405
-0.956016 0.0349079  0.291229  0.639063
-0.188803 -0.833085 -0.519926    1.9324
        0         0         0         1

 0.226039  -0.55086  0.803405  0.855651
-0.958813 0.0198117  0.283347  0.648742
-0.172001 -0.834362 -0.523693   1.94818
        0         0         0         1

  0.227976  -0.548415    0.80453   0.855679
 -0.960699 0.00771148   0.277485   0.657041
 -0.158381  -0.836171  -0.525104    1.96051
         0          0          0          1

   0.230316   -0.547211    0.804683    0.855684
  -0.962677 -0.00732793    0.270554    0.666282
  -0.142154   -0.836962   -0.528475     1.97691
          0           0           0           1

   0.23197  -0.544399   0.806114   0.856442
 -0.964535 -0.0214304   0.263085   0.675413
 -0.125948  -0.838552  -0.530063    1.98855
         0          0          0          1

  0.236519  -0.542494   0.806076   0.857527
 -0.966176 -0.0435661   0.254176    0.69372
 -0.102771  -0.838929  -0.534449    2.02295
         0          0          0          1

  0.238561  -0.539071   0.807769    0.85587
 -0.967329 -0.0584091   0.246704   0.703348
-0.0858102  -0.840232  -0.535393    2.03421
         0          0          0          1

  0.239467  -0.539492    0.80722   0.856456
 -0.968409 -0.0731478   0.238398   0.714485
-0.0695673  -0.838808  -0.539965    2.05154
         0          0          0          1

   0.24125  -0.536925     0.8084   0.854238
 -0.968839 -0.0850888   0.232616   0.723648
-0.0561114  -0.839328  -0.540722    2.06427
         0          0          0          1

 0.242582 -0.535253  0.809109  0.853767
-0.969872 -0.114545  0.215005  0.748018
-0.0224025 -0.836889 -0.546914   2.09312
        0         0         0         1

    0.242 -0.533004  0.810767  0.853839
-0.970209 -0.123116  0.208654  0.757213
-0.0113952 -0.837108 -0.546919   2.10715
        0         0         0         1

  0.24099 -0.535476  0.809438  0.855365
-0.970523 -0.135577  0.199259  0.770115
0.00304249 -0.833597 -0.552365   2.12412
        0         0         0         1

 0.238257 -0.537856  0.808668  0.857129
-0.971025 -0.147808  0.187783  0.782007
0.0185276 -0.829978 -0.557488   2.13615
        0         0         0         1

 0.241296 -0.534224  0.810173  0.852006
-0.969989 -0.158534  0.184358   0.79178
0.0299515 -0.830344 -0.556445   2.15528
        0         0         0         1

 0.236988 -0.536474  0.809958  0.855406
-0.970487 -0.169031     0.172  0.805153
0.0446345 -0.826816 -0.560699   2.16571
        0         0         0         1

 0.239196 -0.529278  0.814033  0.852028
 -0.96789 -0.196713  0.156503  0.831083
0.0772974 -0.825329 -0.559336   2.19404
        0         0         0         1

 0.238171 -0.527507  0.815482  0.852788
-0.967367 -0.203598   0.15083  0.841571
0.0864671 -0.824793 -0.558784   2.20935
        0         0         0         1

 0.238171 -0.522476  0.818715  0.851241
-0.965154 -0.221414  0.139473  0.858492
 0.108404 -0.823404 -0.557004   2.21941
        0         0         0         1

 0.239956 -0.518049  0.821003  0.849328
-0.962986 -0.233995  0.133804  0.870191
 0.122794 -0.822722 -0.555022   2.23101
        0         0         0         1

 0.230855 -0.519137  0.822923  0.856998
 -0.96013  -0.25859  0.106216  0.905124
 0.157659 -0.814634 -0.558136   2.25541
        0         0         0         1

  0.23285 -0.514641  0.825182  0.853607
-0.957888 -0.267967  0.103174  0.914796
 0.168024 -0.814456 -0.555365   2.26915
        0         0         0         1

 0.234251 -0.507907  0.828949  0.849849
-0.955076 -0.279454 0.0986679  0.928919
 0.181539 -0.814822 -0.550552    2.2848
        0         0         0         1

   0.2324  -0.50685  0.830116   0.85074
-0.952969  -0.28936 0.0901179  0.943412
 0.194526 -0.812019  -0.55026   2.29531
        0         0         0         1

 0.234389 -0.502065  0.832462  0.846974
-0.950384 -0.298502 0.0875625  0.955677
  0.20453 -0.811682  -0.54712   2.31311
        0         0         0         1

 0.230042 -0.499844  0.835007   0.84816
-0.948906 -0.305651 0.0784553  0.970047
 0.216005 -0.810391 -0.544618   2.32488
        0         0         0         1

 0.229721 -0.491919  0.839788  0.844108
-0.941673 -0.330374 0.0640692   1.00192
 0.245927 -0.805524 -0.539121   2.34645
        0         0         0         1

 0.224835 -0.493537  0.840161  0.847783
  -0.9393 -0.339107 0.0521631   1.01746
  0.25916 -0.800891 -0.539823   2.35408
        0         0         0         1

  0.21433 -0.501429  0.838231  0.859467
-0.934907 -0.353835 0.0273856   1.04224
 0.282863 -0.789538 -0.544627   2.36091
        0         0         0         1

 0.215749 -0.507599  0.834144  0.864366
-0.932346 -0.360928 0.0215146   1.05669
 0.290145 -0.782352 -0.551127   2.37011
        0         0         0         1

  0.210398  -0.496039   0.842424   0.854996
 -0.925307  -0.379138 0.00785303    1.08712
    0.3155  -0.781153  -0.538758    2.39247
         0          0          0          1

  0.212836  -0.492046   0.844151   0.849803
 -0.923901    -0.3825 0.00998857    1.09483
  0.317973  -0.782038  -0.536012    2.40835
         0          0          0          1

 0.214347 -0.484938  0.847874  0.841549
-0.921049 -0.389315  0.010179   1.10664
 0.325154 -0.783115   -0.5301   2.42507
        0         0         0         1

   0.210576   -0.482933    0.849961    0.840574
  -0.914713   -0.404093 -0.00298054     1.12647
   0.344902   -0.776843   -0.526838     2.42632
          0           0           0           1

  0.199187  -0.482403   0.853002   0.847629
 -0.908382  -0.417454 -0.0239655    1.15057
   0.36765  -0.770078  -0.521357    2.42816
         0          0          0          1

  0.199692  -0.483577   0.852219   0.848867
 -0.909704  -0.414668 -0.0221345    1.15907
  0.364091  -0.770846  -0.522717    2.44714
         0          0          0          1

