 0.0773514 -0.0172249   0.996855   0.334329
 -0.988433  -0.132145  0.0744145    1.08751
  0.130448  -0.991081 -0.0272473     1.8426
         0          0          0          1

 0.0698633 -0.0127176   0.997476   0.328702
 -0.990354  -0.120823   0.067824    1.08127
  0.119655  -0.992593  -0.021036    1.83447
         0          0          0          1

  0.0441215  0.00249589    0.999023    0.317611
  -0.993606   -0.103914   0.0441419     1.06948
   0.103922   -0.994583 -0.00210489      1.8056
          0           0           0           1

   0.0409789   0.00321192     0.999155     0.310136
   -0.995547    -0.084833    0.0411036      1.05989
   0.0848933     -0.99639 -0.000278748      1.80542
           0            0            0            1

 0.0288702 0.00465529   0.999572   0.303177
 -0.997642 -0.0621511  0.0291039    1.05075
   0.06226  -0.998056    0.00285    1.80131
         0          0          0          1

 0.0238945 0.00490207   0.999702   0.297105
  -0.99856 -0.0479357  0.0241022    1.04364
 0.0480396  -0.998838 0.00374961    1.79442
         0          0          0          1

 0.0104222  0.0104829   0.999891   0.278299
  -0.99983 -0.0151012  0.0105799    1.02828
 0.0152104  -0.999831  0.0103238    1.77582
         0          0          0          1

0.00129134  0.0144466   0.999895   0.275909
 -0.999936 -0.0112312 0.00145366    1.02779
 0.0112511  -0.999833  0.0144312    1.76122
         0          0          0          1

-0.00736597   0.0174548    0.999821    0.272617
  -0.999968  0.00286856 -0.00741714     1.02346
-0.00299751   -0.999844   0.0174331       1.748
          0           0           0           1

-0.00809746   0.0272173    0.999597    0.264345
  -0.999824   0.0166986 -0.00855398     1.01627
 -0.0169247    -0.99949   0.0270773      1.7397
          0           0           0           1

-0.0189469  0.0394106   0.999043   0.260944
 -0.999528  0.0234231 -0.0198801    1.01421
-0.0241842  -0.998949  0.0389482    1.72037
         0          0          0          1

-0.0180933  0.0390246   0.999074    0.25271
 -0.998997   0.040235 -0.0196635    1.00577
-0.0409651  -0.998428  0.0382574    1.71595
         0          0          0          1

-0.0302761  0.0465447   0.998457   0.243858
 -0.996214  0.0800373 -0.0339392   0.994366
-0.0814936  -0.995705  0.0439453    1.70262
         0          0          0          1

-0.0350794  0.0523073   0.998015   0.241425
 -0.995014  0.0914616 -0.0397676   0.991407
-0.0933602  -0.994434  0.0488381    1.69434
         0          0          0          1

-0.0388195  0.0572445   0.997605   0.232473
 -0.992896   0.110165 -0.0449578   0.985036
 -0.112475  -0.992263  0.0525612    1.68406
         0          0          0          1

-0.0408722  0.0729629   0.996497   0.224557
  -0.99257   0.111434 -0.0488702    0.98176
 -0.114609   -0.99109  0.0678662    1.66388
         0          0          0          1

-0.0465476  0.0886748   0.994972   0.213865
 -0.988792   0.137364 -0.0585007   0.972952
 -0.141861  -0.986543  0.0812869    1.64082
         0          0          0          1

 -0.051715  0.0870356   0.994862   0.212156
 -0.987247   0.145736 -0.0640689   0.971033
 -0.150564  -0.985488  0.0783889    1.63388
         0          0          0          1

-0.0565185  0.100878  0.993292  0.207775
-0.985176  0.155765 -0.071876  0.968007
-0.161971  -0.98263 0.0905789   1.61557
        0         0         0         1

-0.0651027  0.0988706   0.992968   0.209447
 -0.982079   0.170026 -0.0813183   0.967692
  -0.17687  -0.980467  0.0860296    1.61469
         0          0          0          1

-0.0672776   0.107364   0.991941   0.204409
 -0.979648   0.181334 -0.0860708   0.964207
 -0.189114  -0.977543  0.0929789    1.60048
         0          0          0          1

-0.0755432   0.111545   0.990884   0.205356
 -0.977252   0.189212 -0.0958037   0.965521
 -0.198173   -0.97558  0.0947142    1.59186
         0          0          0          1

-0.0736975   0.114979    0.99063   0.193557
 -0.970674   0.219648 -0.0977066   0.955932
 -0.228824   -0.96878  0.0954194    1.57705
         0          0          0          1

-0.0734502   0.123193   0.989661   0.189168
 -0.969571   0.223552 -0.0997867   0.954496
 -0.233533  -0.966876   0.103024    1.56186
         0          0          0          1

-0.0868509  0.129032   0.98783  0.196987
-0.966062   0.23123 -0.115141  0.960367
-0.243272 -0.964305  0.104571   1.55161
        0         0         0         1

-0.0831674  0.130308  0.987979  0.190516
-0.963572  0.242367 -0.113079  0.955519
-0.254189 -0.961394  0.105404   1.54507
        0         0         0         1

-0.0850413  0.143231  0.986029  0.183702
-0.956647  0.264929 -0.120991   0.95081
-0.278557 -0.953571  0.114492   1.52023
        0         0         0         1

-0.0946006  0.144804  0.984928  0.189284
-0.953245  0.272062 -0.131556  0.954266
-0.287011 -0.951322  0.112297   1.51485
        0         0         0         1

-0.0983839  0.145538  0.984449  0.188819
-0.949031  0.283938 -0.136821   0.95306
-0.299435 -0.947733  0.110185   1.50765
        0         0         0         1

-0.0988323  0.152163  0.983402  0.189066
-0.947982  0.286109 -0.139543   0.95416
-0.302593 -0.946038  0.115971   1.49538
        0         0         0         1

-0.0991522   0.15481  0.982956  0.189933
-0.945776  0.292403 -0.141453   0.95482
-0.309317 -0.943681  0.117423   1.48538
        0         0         0         1

-0.0945257  0.157434  0.982995  0.187135
-0.943448  0.301006 -0.138931  0.953822
 -0.31776 -0.940537  0.120077    1.4801
        0         0         0         1

-0.0925006  0.167519   0.98152   0.18326
-0.937692  0.316921  -0.14246  0.952105
-0.334929 -0.933541  0.127765   1.45705
        0         0         0         1

-0.0997113  0.173805  0.979719  0.189919
-0.935909  0.317924 -0.151653  0.957547
-0.337834  -0.93205  0.130965   1.44854
        0         0         0         1

-0.102756  0.184784  0.977393  0.194019
-0.934191  0.319567 -0.158631  0.961476
-0.341655 -0.929372  0.139786    1.4357
        0         0         0         1

-0.100905  0.186414  0.977276  0.194244
-0.931995   0.32602 -0.158418  0.960639
-0.348143 -0.926801   0.14084   1.43199
        0         0         0         1

-0.106702  0.181469  0.977591  0.197255
-0.923957  0.345119 -0.164912  0.961203
-0.367312 -0.920848  0.130845   1.43122
        0         0         0         1

-0.104631  0.182388  0.977644  0.194737
-0.922598  0.349219 -0.163889  0.959628
-0.371303  -0.91912  0.131732   1.42421
        0         0         0         1

-0.102801  0.176782  0.978867  0.192209
 -0.92065  0.355679 -0.160922  0.957369
 -0.37661 -0.917737  0.126191   1.41844
        0         0         0         1

-0.102204  0.175907  0.979087  0.191252
-0.919475  0.358911 -0.160465  0.956414
-0.379632 -0.916646   0.12506   1.41154
        0         0         0         1

-0.105068  0.171527  0.979561  0.191742
-0.916705  0.365135 -0.162263  0.957074
-0.385504 -0.915017  0.118875   1.40825
        0         0         0         1

-0.104122  0.172858  0.979428  0.190454
-0.916005  0.366941 -0.162141  0.957564
-0.387419 -0.914043  0.120132   1.39948
        0         0         0         1

-0.109095  0.175658  0.978388  0.195254
-0.914306  0.368488 -0.168108   0.95935
-0.390054 -0.912886  0.120405     1.384
        0         0         0         1

-0.111115  0.173696  0.978511  0.196215
-0.913341  0.370268 -0.169441  0.959377
-0.391742 -0.912541  0.117502   1.38201
        0         0         0         1

-0.107785  0.167448  0.979971   0.19093
-0.911749  0.376331 -0.164585  0.955815
-0.396353 -0.911228  0.112107   1.38311
        0         0         0         1

-0.110383  0.166992   0.97976  0.194979
-0.910928  0.377284 -0.166934   0.95793
-0.397525 -0.910917  0.110472   1.38079
        0         0         0         1

-0.113287  0.166596  0.979496   0.19828
-0.906883  0.385377 -0.170435  0.959294
-0.405869 -0.907596  0.107424    1.3775
        0         0         0         1

-0.113102  0.167456   0.97937  0.199518
-0.906316  0.386564 -0.170762   0.96038
-0.407185 -0.906932  0.108047   1.37334
        0         0         0         1

-0.111379  0.165735   0.97986  0.199052
-0.906185  0.387818   -0.1686  0.960467
-0.407951 -0.906713  0.106992   1.36927
        0         0         0         1

-0.111757  0.165855  0.979797  0.201162
 -0.90577  0.388575 -0.169089  0.961279
-0.408769 -0.906367  0.106801   1.36672
        0         0         0         1

-0.104283  0.162601  0.981166  0.195853
-0.905907  0.391604 -0.161182   0.95661
-0.410436 -0.905653  0.106464   1.36446
        0         0         0         1

-0.103323  0.160607  0.981595   0.19671
-0.904233  0.395947 -0.159964  0.956205
-0.414351 -0.904119  0.104316   1.36494
        0         0         0         1

-0.102927  0.157078  0.982208   0.20105
-0.902683  0.400024 -0.158566  0.957624
-0.417814 -0.902944  0.100618   1.36334
        0         0         0         1

-0.101998  0.155891  0.982494  0.200958
-0.902604   0.40071 -0.157284  0.958027
-0.418214 -0.902845 0.0998364   1.36203
        0         0         0         1

-0.102493  0.155339   0.98253  0.204104
-0.902234  0.401424 -0.157582  0.959306
 -0.41889 -0.902623 0.0990089   1.36007
        0         0         0         1

-0.0964968  0.152471  0.983586  0.201138
-0.903143  0.401943 -0.150912  0.957283
-0.418355 -0.902881 0.0989167   1.35738
        0         0         0         1

-0.0938587  0.153961  0.983609  0.201358
-0.903048  0.402787 -0.149218  0.957333
-0.419159 -0.902252  0.101229   1.35397
        0         0         0         1

-0.0934559  0.152197  0.983922  0.202238
-0.902798  0.403724   -0.1482  0.958131
-0.419788 -0.902133 0.0996725   1.35328
        0         0         0         1

-0.0929493  0.150594  0.984216  0.204133
-0.902354   0.40508 -0.147199  0.958736
-0.420853 -0.901794  0.098237   1.34962
        0         0         0         1

-0.093008  0.151236  0.984112  0.205338
-0.902681  0.404264 -0.147438  0.959964
 -0.42014 -0.902052 0.0989181    1.3461
        0         0         0         1

-0.0906343  0.149152  0.984652  0.204706
-0.901889  0.407022 -0.144671  0.959113
-0.422353 -0.901159 0.0976282   1.34608
        0         0         0         1

-0.0913411  0.147997  0.984761  0.205619
-0.901448  0.407909 -0.144917  0.959257
 -0.42314 -0.900948 0.0961529   1.34652
        0         0         0         1

-0.0905723  0.132745  0.987003  0.204399
-0.898384  0.416803 -0.138497  0.956213
-0.429771 -0.899252 0.0815054   1.35071
        0         0         0         1

-0.0917025  0.132437   0.98694  0.205073
-0.896848  0.419716 -0.139653  0.956451
 -0.43273 -0.897942 0.0802863   1.35236
        0         0         0         1

-0.084246  0.137497  0.986913  0.203425
-0.899822  0.414965 -0.134625  0.955318
-0.428045 -0.899388 0.0887639   1.34793
        0         0         0         1

-0.0818611  0.139057  0.986895  0.202643
-0.900721  0.413542 -0.132983  0.954898
-0.426615 -0.899803 0.0913986   1.34522
        0         0         0         1

-0.0838883  0.143207  0.986131  0.203634
-0.901014  0.411772 -0.136446  0.955264
-0.425601 -0.899964 0.0944885   1.34219
        0         0         0         1

-0.0848596  0.142142  0.986202  0.203612
-0.900572   0.41257 -0.136955  0.955218
-0.426344 -0.899768 0.0929986    1.3417
        0         0         0         1

-0.0881622  0.141934  0.985942  0.206425
-0.900398  0.411987 -0.139822  0.956028
-0.426041 -0.900067 0.0914757   1.33775
        0         0         0         1

-0.0874654  0.143305  0.985806  0.206667
-0.900503   0.41178 -0.139757  0.956225
-0.425963 -0.899945 0.0930303   1.33631
        0         0         0         1

-0.0888379  0.138686  0.986344  0.206354
-0.899271  0.414618 -0.139293  0.955323
-0.428274 -0.899365 0.0878826   1.33841
        0         0         0         1

-0.0913016  0.137855  0.986235    0.2085
-0.898765  0.415064 -0.141221  0.956539
-0.428818 -0.899288 0.0860034   1.33864
        0         0         0         1

-0.0869787  0.136177  0.986859  0.206044
-0.898624  0.416869 -0.136726  0.954756
 -0.43001 -0.898708 0.0861132   1.33544
        0         0         0         1

-0.0876836  0.137418  0.986625  0.207472
-0.899182  0.415323 -0.137759  0.955526
-0.428699 -0.899235 0.0871465   1.33324
        0         0         0         1

-0.0896249  0.139673  0.986133  0.209805
-0.899048  0.414714 -0.140449  0.957409
 -0.42858 -0.899169 0.0884037   1.33071
        0         0         0         1

-0.0888749  0.139815  0.986181  0.209948
-0.899342  0.414299 -0.139786   0.95751
-0.428118 -0.899338 0.0889207   1.32846
        0         0         0         1

-0.0911803  0.139029  0.986082  0.213539
-0.898397  0.415703 -0.141683   0.95901
-0.429615 -0.898812 0.0869993   1.32905
        0         0         0         1

-0.0909722  0.138995  0.986106  0.214077
-0.898028  0.416541  -0.14156  0.959125
-0.430429 -0.898429 0.0869283    1.3282
        0         0         0         1

-0.0892615  0.137834  0.986425  0.213932
-0.897482  0.418351  -0.13967  0.959041
-0.431923 -0.897766 0.0863607   1.32651
        0         0         0         1

-0.0888536  0.134659    0.9869  0.213321
-0.896651  0.420641 -0.138123  0.958543
 -0.43373 -0.897178 0.0833669   1.32792
        0         0         0         1

-0.0858555  0.129848   0.98781  0.210919
-0.896047    0.4234 -0.133536  0.956838
-0.435578 -0.896589 0.0799992   1.32775
        0         0         0         1

-0.0869899   0.12878   0.98785  0.211424
-0.895511  0.424332 -0.134176  0.957146
-0.436456 -0.896302 0.0784113   1.32681
        0         0         0         1

-0.0909385  0.128042  0.987591  0.214274
-0.895014  0.424338  -0.13743  0.959349
-0.436669 -0.896405 0.0760106   1.32408
        0         0         0         1

-0.0882769  0.127096  0.987954  0.213579
-0.895096  0.425052 -0.134661  0.958867
-0.437046 -0.896202 0.0762411   1.32351
        0         0         0         1

-0.0890616  0.126681  0.987937  0.214392
-0.894649  0.425804 -0.135252  0.959713
-0.437802 -0.895903 0.0754119   1.32321
        0         0         0         1

-0.0921164  0.124738  0.987904  0.215508
-0.894363  0.425797 -0.137158  0.960412
-0.437755 -0.896179 0.0723384   1.32342
        0         0         0         1

-0.0957647  0.123707  0.987687  0.217196
 -0.89506  0.423459 -0.139822  0.961371
-0.435542 -0.897429 0.0701725      1.32
        0         0         0         1

-0.0982647  0.123723  0.987439  0.218529
-0.895093  0.422653 -0.142032  0.962609
-0.434917 -0.897807 0.0692113   1.32029
        0         0         0         1

-0.0983757  0.121273  0.987732  0.217873
-0.895318  0.422506 -0.141047  0.961424
-0.434428  -0.89821 0.0670138   1.32041
        0         0         0         1

-0.0977357  0.117525  0.988249  0.215518
-0.894398  0.425123  -0.13901  0.959995
-0.436464 -0.897474 0.0635641   1.32246
        0         0         0         1

-0.101436  0.118234  0.987791  0.217157
-0.894027  0.424699 -0.142642  0.960765
 -0.43638 -0.897581 0.0626245   1.32264
        0         0         0         1

-0.102058  0.116542  0.987928  0.216856
-0.893957  0.424902 -0.142474  0.960228
-0.436377 -0.897706 0.0608185   1.32308
        0         0         0         1

-0.101353   0.11251  0.988468  0.214901
-0.893448  0.426732 -0.140182  0.958178
-0.437583 -0.897352 0.0572713   1.32232
        0         0         0         1

-0.104545  0.110722  0.988337  0.215675
-0.891992   0.42903 -0.142418  0.958189
-0.439795 -0.896479 0.0539098   1.32317
        0         0         0         1

-0.108156  0.109079  0.988132  0.216404
 -0.88973  0.432791 -0.145161  0.958808
-0.443489 -0.894871 0.0502417   1.32419
        0         0         0         1

-0.107821  0.107874    0.9883  0.216044
-0.890188  0.432143 -0.144286  0.958536
-0.442652  -0.89533 0.0494339   1.32267
        0         0         0         1

-0.107318  0.105205  0.988643  0.215421
-0.889443   0.43418 -0.142753  0.957987
-0.444267 -0.894662 0.0469788   1.32223
        0         0         0         1

-0.107725  0.102308  0.988903  0.214843
-0.887944  0.437487 -0.141988  0.957415
-0.447159 -0.893386 0.0437148   1.32254
        0         0         0         1

-0.105643  0.101034  0.989258  0.214004
-0.887995  0.438159 -0.139579  0.956305
-0.447554 -0.893202 0.0434292   1.32083
        0         0         0         1

-0.107916  0.102618   0.98885  0.214445
-0.887454  0.438366 -0.142342  0.956494
-0.448085 -0.892919 0.0437616   1.32029
        0         0         0         1

-0.108469 0.0989125  0.989167   0.21431
-0.886479  0.440678 -0.141275  0.956111
-0.449878 -0.892199 0.0398839   1.32057
        0         0         0         1

-0.107675 0.0974298  0.989401   0.21401
-0.886294  0.441479 -0.139928  0.955479
-0.450433 -0.891966 0.0388154   1.32025
        0         0         0         1

-0.111976 0.0922358  0.989421  0.214771
-0.883937  0.445656 -0.141583  0.954419
   -0.454  -0.89044  0.031628    1.3213
        0         0         0         1

-0.115714 0.0867768  0.989485  0.215172
 -0.88179  0.449585 -0.142548  0.954452
-0.457227 -0.889013 0.0244958   1.32277
        0         0         0         1

-0.114775 0.0789998  0.990245  0.213987
-0.880752  0.452958  -0.13822  0.953206
-0.459459 -0.888025 0.0175909   1.32439
        0         0         0         1

-0.113533 0.0778422   0.99048  0.212084
-0.879876  0.455139 -0.136625  0.951424
-0.461441 -0.887012 0.0168181   1.32477
        0         0         0         1

-0.113041 0.0773631  0.990574  0.211173
-0.880296  0.454527 -0.135954  0.950044
 -0.46076 -0.887367 0.0167224   1.32413
        0         0         0         1

-0.116014 0.0813786  0.989908  0.212813
-0.879691  0.454333 -0.140447  0.951221
-0.461177 -0.887107  0.018879   1.32319
        0         0         0         1

-0.110484 0.0888756  0.989896  0.211795
-0.880506  0.453208 -0.138965  0.950236
-0.460979 -0.886963 0.0281833   1.31848
        0         0         0         1

-0.112588 0.0864381  0.989875  0.212746
-0.878328  0.457154 -0.139821  0.950723
-0.464611 -0.885177 0.0244509   1.31985
        0         0         0         1

-0.111528 0.0863036  0.990007  0.212951
 -0.87738  0.459257 -0.138876  0.950615
-0.466653 -0.884101 0.0245009   1.32009
        0         0         0         1

-0.107749  0.083633  0.990654  0.211622
-0.877318   0.46073 -0.134318  0.949531
-0.467657 -0.883591 0.0237297   1.32021
        0         0         0         1

 -0.10673 0.0796518  0.991093  0.212123
-0.875238  0.465429 -0.131659   0.94937
 -0.47177 -0.881494 0.0200392   1.32198
        0         0         0         1

-0.105956 0.0798079  0.991163  0.212656
-0.874132   0.46766 -0.131101  0.949578
 -0.47399 -0.880298 0.0202112   1.32254
        0         0         0         1

-0.103153 0.0763806  0.991729  0.212831
 -0.87351  0.469934  -0.12705  0.949887
-0.475751 -0.879391  0.018244   1.32268
        0         0         0         1

 -0.10146 0.0766278  0.991884  0.213547
-0.872552  0.472067 -0.125723  0.950584
 -0.47787 -0.878226 0.0189657   1.32243
        0         0         0         1

-0.0935665 0.0743645  0.992832  0.213405
-0.871468  0.476098 -0.117789  0.950523
-0.481444 -0.876243 0.0202595   1.32187
        0         0         0         1

-0.0914914 0.0737661   0.99307  0.214315
-0.870658  0.478082 -0.115726  0.951389
-0.483306 -0.875212 0.0204846   1.32205
        0         0         0         1

-0.0803881 0.0740073  0.994012  0.218115
-0.866589  0.487552 -0.106383  0.955036
-0.492506 -0.869952 0.0249406   1.32571
        0         0         0         1

-0.0779963  0.072535  0.994311   0.22098
-0.868385  0.484971 -0.103497  0.957344
-0.489719 -0.871517 0.0251623   1.32638
        0         0         0         1

  -0.07079  0.0727712   0.994833   0.222344
 -0.870894    0.48176 -0.0972111   0.959699
 -0.486345  -0.873276  0.0292722    1.32626
         0          0          0          1

-0.0676104  0.0742685   0.994944   0.223721
 -0.871801   0.480537 -0.0951125   0.961332
 -0.485171  -0.873824  0.0322581    1.32777
         0          0          0          1

-0.0589827 0.0731022  0.995579  0.222808
-0.876932  0.472736 -0.086665  0.961993
-0.476981 -0.878167 0.0362224   1.33198
        0         0         0         1

-0.0538138  0.0782978   0.995477   0.220948
 -0.880444   0.466598 -0.0842949   0.962581
 -0.471087  -0.880997  0.0438274    1.33021
         0          0          0          1

-0.0527627  0.0786938   0.995502   0.220883
 -0.884947   0.458213 -0.0831246   0.964542
 -0.462694  -0.885352  0.0454632    1.33206
         0          0          0          1

-0.0586708  0.0826878   0.994847   0.227186
 -0.887142   0.452648 -0.0899413   0.969958
 -0.457753  -0.887847  0.0467986    1.33482
         0          0          0          1

-0.0555393  0.0875516   0.994611   0.226101
 -0.892878   0.441473 -0.0887196   0.970884
 -0.446861  -0.892993  0.0536538    1.33506
         0          0          0          1

-0.0590813  0.0894971   0.994233   0.227411
 -0.896459    0.43341 -0.0922851   0.973539
  -0.43917  -0.896742   0.054624    1.33847
         0          0          0          1

-0.0697636 0.0844768   0.99398  0.233013
-0.902247  0.419702 -0.098995  0.980626
-0.425538 -0.903722  0.046939   1.35636
        0         0         0         1

-0.066942  0.082108  0.994373  0.228844
-0.904543  0.415616 -0.095213  0.979299
-0.421095 -0.905827  0.046448   1.36288
        0         0         0         1

-0.0706515  0.0834673   0.994003   0.230355
 -0.909853   0.403067 -0.0985161   0.982991
 -0.408872  -0.911356  0.0474657    1.36539
         0          0          0          1

-0.0694916  0.0825932   0.994158    0.22913
 -0.913124    0.39604 -0.0967298   0.984327
 -0.401716  -0.914511  0.0478963    1.36851
         0          0          0          1

-0.0727225  0.0834947   0.993851   0.231354
  -0.92136   0.375893 -0.0989974   0.990769
 -0.381848  -0.922894  0.0495928    1.37608
         0          0          0          1

-0.0794955  0.081321  0.993513  0.235786
-0.923329  0.369622 -0.104134  0.996422
-0.375692 -0.925617 0.0457027    1.3825
        0         0         0         1

-0.0750316  0.0688846   0.994799   0.229132
  -0.92518   0.367389 -0.0952205    0.99571
 -0.372038  -0.927513  0.0361648     1.3952
         0          0          0          1

-0.0812845  0.0666833   0.994458    0.23469
 -0.927743    0.35959 -0.0999436     1.0017
 -0.364262  -0.930725  0.0326358     1.4016
         0          0          0          1

-0.0833921  0.0605662   0.994675    0.23609
 -0.932896   0.346187 -0.0992922     1.0043
 -0.350357  -0.936209  0.0276327    1.40845
         0          0          0          1

-0.0811732  0.0558052   0.995137   0.233818
 -0.935332   0.340664 -0.0953988    1.00636
 -0.344331  -0.938527  0.0245436    1.41884
         0          0          0          1

-0.0824536  0.0385622   0.995849   0.234259
 -0.940532   0.327415  -0.090552    1.01141
 -0.329548  -0.944093 0.00927246      1.445
         0          0          0          1

-0.0794241  0.0330425   0.996293   0.232607
 -0.942634   0.322602 -0.0858457    1.01181
 -0.324243  -0.945958 0.00552463    1.45578
         0          0          0          1

-0.0773242  0.0332988    0.99645   0.232234
 -0.948612   0.305142 -0.0838091    1.01631
  -0.30685  -0.951724 0.00799273    1.46252
         0          0          0          1

 -0.080333  0.0338806   0.996192   0.237662
 -0.952496   0.291939 -0.0867382    1.02222
 -0.293766  -0.955837  0.0088188    1.46666
         0          0          0          1

  -0.078094   0.0148974    0.996835    0.241331
  -0.959601    0.269982  -0.0792118     1.02977
  -0.270308    -0.96275 -0.00678842      1.4995
          0           0           0           1

-0.0758971 0.00994745   0.997066   0.240591
 -0.962225   0.261476 -0.0758536    1.03118
 -0.261463  -0.965159 -0.0102735    1.51301
         0          0          0          1

-0.0733097 0.00528302   0.997295   0.241612
 -0.967085   0.243941 -0.0723813    1.03528
 -0.243664  -0.969776 -0.0127741    1.52494
         0          0          0          1

 -0.0806056 -0.00378885    0.996739    0.251084
  -0.970212    0.229496  -0.0775881     1.04353
  -0.228454   -0.973302  -0.0221747     1.53776
          0           0           0           1

-0.0838561 -0.0132716   0.996389   0.256083
 -0.972984   0.216939 -0.0789967    1.04984
 -0.215107  -0.976095 -0.0311047    1.55724
         0          0          0          1

-0.0848372 -0.0139405   0.996297   0.259423
 -0.976546    0.19975 -0.0803604    1.05666
  -0.19789  -0.979748 -0.0305597    1.56574
         0          0          0          1

-0.0706162 -0.0243294   0.997207   0.256233
 -0.983477   0.168757 -0.0655267    1.06292
 -0.166692  -0.985357 -0.0358444    1.59927
         0          0          0          1

-0.0706678 -0.0267363   0.997142   0.260265
  -0.98686   0.147491 -0.0659845    1.06913
 -0.145305  -0.988702 -0.0368078     1.6058
         0          0          0          1

-0.0688533 -0.0365685   0.996956   0.265787
 -0.989558   0.129349 -0.0635978    1.07518
  -0.12663  -0.990925 -0.0450927    1.62703
         0          0          0          1

-0.0722986 -0.0383823   0.996644   0.269239
 -0.991999   0.106454  -0.067862    1.08273
 -0.103492  -0.993577 -0.0457717    1.63344
         0          0          0          1

-0.0714139 -0.0617285   0.995535   0.279311
  -0.99507  0.0732634 -0.0668378    1.09571
-0.0688105    -0.9954 -0.0666562    1.67657
         0          0          0          1

-0.0728206 -0.0729523   0.994673   0.288011
 -0.995799  0.0608205 -0.0684422    1.10398
-0.0555035  -0.995479 -0.0770748    1.69516
         0          0          0          1

-0.0653028 -0.0820134   0.994489   0.290536
 -0.997295  0.0390688 -0.0622651    1.11113
-0.0337469  -0.995865 -0.0843429    1.71322
         0          0          0          1

-0.0594125 -0.0922738    0.99396   0.295859
 -0.998161  0.0174865 -0.0580403    1.11954
-0.0120253   -0.99558  -0.093143    1.72412
         0          0          0          1

 -0.0483177   -0.104974      0.9933    0.298228
  -0.998798 -0.00308384   -0.048911     1.12819
 0.00819758    -0.99447   -0.104699      1.7449
          0           0           0           1

-0.0406103  -0.116686   0.992338   0.305142
 -0.998858 -0.0202815 -0.0432619    1.13645
 0.0251741  -0.992962  -0.115729    1.75857
         0          0          0          1

-0.00751468  -0.138636   0.990315   0.314166
 -0.998648 -0.0498996 -0.0145635    1.14775
 0.0514353  -0.989085  -0.138074    1.80454
         0          0          0          1

-0.00838396  -0.142688   0.989732   0.328285
 -0.996992 -0.0750746 -0.0192688    1.16334
 0.0770532  -0.986916  -0.141629     1.8113
         0          0          0          1

 0.00634919    -0.14841    0.988906    0.336168
  -0.994324   -0.105964 -0.00951846     1.17873
   0.106201   -0.983233    -0.14824     1.82097
          0           0           0           1

  0.0157338   -0.157324    0.987422    0.347604
  -0.992972    -0.11831 -0.00302788     1.18963
   0.117298   -0.980435    -0.15808     1.84047
          0           0           0           1

