 0.656065 -0.689264  0.307397   1.59432
-0.733179 -0.485507  0.476163   1.08012
-0.178959 -0.537771 -0.823878    1.9794
        0         0         0         1

 0.662486 -0.684485   0.30429   1.61909
-0.723325 -0.478963  0.497388   1.05609
-0.194711 -0.549614 -0.812412   1.95931
        0         0         0         1

 0.662486 -0.684485   0.30429   1.61909
-0.723325 -0.478963  0.497388   1.05609
-0.194711 -0.549614 -0.812412   1.95931
        0         0         0         1

 0.669336 -0.683875  0.290352   1.65736
-0.707779 -0.468099  0.529085   1.02267
-0.225915 -0.559641 -0.797348   1.92282
        0         0         0         1

 0.669336 -0.683875  0.290352   1.65736
-0.707779 -0.468099  0.529085   1.02267
-0.225915 -0.559641 -0.797348   1.92282
        0         0         0         1

  0.68191  -0.67546   0.28063   1.67481
-0.690052  -0.46687  0.553047   1.00482
-0.242543 -0.570778 -0.784465   1.90081
        0         0         0         1

  0.68191  -0.67546   0.28063   1.67481
-0.690052  -0.46687  0.553047   1.00482
-0.242543 -0.570778 -0.784465   1.90081
        0         0         0         1

 0.687557 -0.674104  0.269907   1.69633
-0.677746 -0.462347  0.571748  0.988916
-0.260628 -0.576037 -0.774761   1.87321
        0         0         0         1

 0.687557 -0.674104  0.269907   1.69633
-0.677746 -0.462347  0.571748  0.988916
-0.260628 -0.576037 -0.774761   1.87321
        0         0         0         1

   0.6835 -0.682037  0.260103   1.73635
-0.667265 -0.439321  0.601461  0.958959
 -0.29595 -0.584656 -0.755375   1.83422
        0         0         0         1

   0.6835 -0.682037  0.260103   1.73635
-0.667265 -0.439321  0.601461  0.958959
 -0.29595 -0.584656 -0.755375   1.83422
        0         0         0         1

 0.686454 -0.682173  0.251836   1.75501
-0.655885 -0.431295  0.619516  0.945014
-0.314001 -0.590444 -0.743491   1.80611
        0         0         0         1

 0.686454 -0.682173  0.251836   1.75501
-0.655885 -0.431295  0.619516  0.945014
-0.314001 -0.590444 -0.743491   1.80611
        0         0         0         1

 0.683328 -0.689449  0.240255   1.78568
-0.643289 -0.412902  0.644742  0.924432
-0.345315 -0.595123 -0.725662   1.76405
        0         0         0         1

 0.683328 -0.689449  0.240255   1.78568
-0.643289 -0.412902  0.644742  0.924432
-0.345315 -0.595123 -0.725662   1.76405
        0         0         0         1

 0.683082 -0.694004  0.227501   1.80154
-0.633338 -0.407759  0.657735  0.914865
-0.363705 -0.593372 -0.718072   1.73357
        0         0         0         1

 0.683082 -0.694004  0.227501   1.80154
-0.633338 -0.407759  0.657735  0.914865
-0.363705 -0.593372 -0.718072   1.73357
        0         0         0         1

 0.679925 -0.700525   0.21672   1.81702
-0.623795 -0.397206  0.673132  0.904756
-0.385463 -0.592868 -0.707054   1.70463
        0         0         0         1

 0.679925 -0.700525   0.21672   1.81702
-0.623795 -0.397206  0.673132  0.904756
-0.385463 -0.592868 -0.707054   1.70463
        0         0         0         1

 0.666855 -0.715362  0.208715   1.84593
-0.616869 -0.372798  0.693177  0.888109
-0.418064 -0.590998 -0.689886   1.66262
        0         0         0         1

 0.666855 -0.715362  0.208715   1.84593
-0.616869 -0.372798  0.693177  0.888109
-0.418064 -0.590998 -0.689886   1.66262
        0         0         0         1

 0.660409 -0.723278  0.201814   1.86031
-0.609379 -0.359179  0.706857  0.881374
-0.438767 -0.589796 -0.677956   1.63581
        0         0         0         1

 0.660409 -0.723278  0.201814   1.86031
-0.609379 -0.359179  0.706857  0.881374
-0.438767 -0.589796 -0.677956   1.63581
        0         0         0         1

 0.647031 -0.737695   0.19276   1.87907
-0.601891  -0.33898  0.723063   0.87283
-0.468058 -0.583865 -0.663343   1.59185
        0         0         0         1

 0.647031 -0.737695   0.19276   1.87907
-0.601891  -0.33898  0.723063   0.87283
-0.468058 -0.583865 -0.663343   1.59185
        0         0         0         1

 0.639486 -0.745798  0.186662   1.88955
-0.595638 -0.327115  0.733629  0.868268
-0.486079 -0.580329 -0.653411   1.56475
        0         0         0         1

 0.639486 -0.745798  0.186662   1.88955
-0.595638 -0.327115  0.733629  0.868268
-0.486079 -0.580329 -0.653411   1.56475
        0         0         0         1

 0.630777 -0.753926  0.183619   1.90065
-0.588715 -0.310815  0.746196  0.863367
-0.505505 -0.578782 -0.639903   1.54199
        0         0         0         1

 0.630777 -0.753926  0.183619   1.90065
-0.588715 -0.310815  0.746196  0.863367
-0.505505 -0.578782 -0.639903   1.54199
        0         0         0         1

 0.614182 -0.767937  0.181808   1.91774
-0.584638 -0.288022  0.758447  0.856919
-0.530075 -0.572116 -0.625863   1.50876
        0         0         0         1

 0.614182 -0.767937  0.181808   1.91774
-0.584638 -0.288022  0.758447  0.856919
-0.530075 -0.572116 -0.625863   1.50876
        0         0         0         1

 0.604019  -0.77725  0.176192   1.92615
-0.582521 -0.279689  0.763179   0.85542
-0.543902 -0.563611 -0.621702   1.48358
        0         0         0         1

 0.604019  -0.77725  0.176192   1.92615
-0.582521 -0.279689  0.763179   0.85542
-0.543902 -0.563611 -0.621702   1.48358
        0         0         0         1

 0.590022 -0.790759  0.163012   1.93321
-0.569836 -0.264815  0.777921  0.855003
 -0.57198 -0.551881  -0.60685   1.45312
        0         0         0         1

 0.590022 -0.790759  0.163012   1.93321
-0.569836 -0.264815  0.777921  0.855003
 -0.57198 -0.551881  -0.60685   1.45312
        0         0         0         1

 0.584731 -0.796068  0.156092   1.93944
-0.562075 -0.258829  0.785544  0.853528
-0.584945 -0.547068 -0.598795    1.4338
        0         0         0         1

 0.584731 -0.796068  0.156092   1.93944
-0.562075 -0.258829  0.785544  0.853528
-0.584945 -0.547068 -0.598795    1.4338
        0         0         0         1

 0.580632 -0.800765  0.147109   1.94409
-0.552215 -0.254564  0.793887  0.852566
-0.598268 -0.542192 -0.590003   1.42145
        0         0         0         1

 0.580632 -0.800765  0.147109   1.94409
-0.552215 -0.254564  0.793887  0.852566
-0.598268 -0.542192 -0.590003   1.42145
        0         0         0         1

 0.571069  -0.81188  0.121369   1.94975
-0.537707 -0.258236  0.802612  0.853273
-0.620283 -0.523608 -0.584024   1.39416
        0         0         0         1

 0.571069  -0.81188  0.121369   1.94975
-0.537707 -0.258236  0.802612  0.853273
-0.620283 -0.523608 -0.584024   1.39416
        0         0         0         1

 0.564348  -0.81828   0.10922   1.95394
-0.525221 -0.253819  0.812231  0.852716
 -0.63691 -0.515746  -0.57302   1.38536
        0         0         0         1

 0.564348  -0.81828   0.10922   1.95394
-0.525221 -0.253819  0.812231  0.852716
 -0.63691 -0.515746  -0.57302   1.38536
        0         0         0         1

 0.554657  -0.82755 0.0866918   1.95576
-0.514852 -0.259481  0.817066  0.853996
-0.653669 -0.497825 -0.569989   1.36404
        0         0         0         1

 0.554657  -0.82755 0.0866918   1.95576
-0.514852 -0.259481  0.817066  0.853996
-0.653669 -0.497825 -0.569989   1.36404
        0         0         0         1

 0.547696 -0.833516 0.0726606   1.95639
-0.508798 -0.262865  0.819772  0.855376
-0.664193 -0.485956 -0.568062   1.35235
        0         0         0         1

 0.547696 -0.833516 0.0726606   1.95639
-0.508798 -0.262865  0.819772  0.855376
-0.664193 -0.485956 -0.568062   1.35235
        0         0         0         1

 0.543827 -0.836332 0.0692848   1.95739
-0.504812 -0.260065  0.823123  0.855004
-0.670385 -0.482612 -0.563621   1.34618
        0         0         0         1

 0.543827 -0.836332 0.0692848   1.95739
-0.504812 -0.260065  0.823123  0.855004
-0.670385 -0.482612 -0.563621   1.34618
        0         0         0         1

 0.539269 -0.839896 0.0613493   1.95725
-0.503872 -0.263432  0.822628  0.857455
 -0.67476  -0.47453 -0.565261   1.33137
        0         0         0         1

 0.539269 -0.839896 0.0613493   1.95725
-0.503872 -0.263432  0.822628  0.857455
 -0.67476  -0.47453 -0.565261   1.33137
        0         0         0         1

 0.536123 -0.841895  0.061514   1.95871
-0.503786 -0.260639   0.82357  0.856609
-0.677327 -0.472525  -0.56387   1.32529
        0         0         0         1

 0.536123 -0.841895  0.061514   1.95871
-0.503786 -0.260639   0.82357  0.856609
-0.677327 -0.472525  -0.56387   1.32529
        0         0         0         1

 0.528497 -0.846665 0.0620489   1.96455
-0.505044  -0.25482  0.824619  0.854059
-0.682365 -0.467146 -0.562275   1.31535
        0         0         0         1

 0.528497 -0.846665 0.0620489   1.96455
-0.505044  -0.25482  0.824619  0.854059
-0.682365 -0.467146 -0.562275   1.31535
        0         0         0         1

 0.530136 -0.846247 0.0531247   1.95693
-0.501239 -0.262237  0.824615  0.859224
-0.683897 -0.463786 -0.563194   1.31022
        0         0         0         1

 0.530136 -0.846247 0.0531247   1.95693
-0.501239 -0.262237  0.824615  0.859224
-0.683897 -0.463786 -0.563194   1.31022
        0         0         0         1

 0.525832 -0.849188 0.0487828   1.95671
-0.500633 -0.262615  0.824864  0.858648
-0.687654 -0.458162 -0.563223   1.30586
        0         0         0         1

 0.525832 -0.849188 0.0487828   1.95671
-0.500633 -0.262615  0.824864  0.858648
-0.687654 -0.458162 -0.563223   1.30586
        0         0         0         1

 0.523254 -0.851031  0.044176    1.9562
-0.496662 -0.262426   0.82732  0.859143
-0.692482 -0.454839 -0.559991   1.30338
        0         0         0         1

 0.523254 -0.851031  0.044176    1.9562
-0.496662 -0.262426   0.82732  0.859143
-0.692482 -0.454839 -0.559991   1.30338
        0         0         0         1

 0.519244 -0.853604 0.0417817   1.95864
-0.497217  -0.26197  0.827132  0.857486
-0.695097 -0.450258 -0.560453   1.30066
        0         0         0         1

 0.519244 -0.853604 0.0417817   1.95864
-0.497217  -0.26197  0.827132  0.857486
-0.695097 -0.450258 -0.560453   1.30066
        0         0         0         1

  0.51907 -0.854285 0.0276318   1.95688
-0.497986 -0.275989  0.822095  0.859674
-0.694677 -0.440485  -0.56868   1.29602
        0         0         0         1

  0.51907 -0.854285 0.0276318   1.95688
-0.497986 -0.275989  0.822095  0.859674
-0.694677 -0.440485  -0.56868   1.29602
        0         0         0         1

 0.518141 -0.855018 0.0217711   1.95635
-0.501799  -0.28328  0.817282  0.860503
-0.692623 -0.434392 -0.575827    1.2926
        0         0         0         1

 0.518141 -0.855018 0.0217711   1.95635
-0.501799  -0.28328  0.817282  0.860503
-0.692623 -0.434392 -0.575827    1.2926
        0         0         0         1

 0.517534 -0.855412 0.0207308   1.95772
-0.502958 -0.284516  0.816139  0.860044
-0.692237 -0.432806 -0.577483   1.29326
        0         0         0         1

 0.517534 -0.855412 0.0207308   1.95772
-0.502958 -0.284516  0.816139  0.860044
-0.692237 -0.432806 -0.577483   1.29326
        0         0         0         1

 0.514953 -0.857047  0.017149   1.95899
 -0.50571 -0.287579  0.813361  0.859734
-0.692157 -0.427515 -0.581507   1.29233
        0         0         0         1

 0.514953 -0.857047  0.017149   1.95899
 -0.50571 -0.287579  0.813361  0.859734
-0.692157 -0.427515 -0.581507   1.29233
        0         0         0         1

 0.514583   -0.8573 0.0155387   1.95895
-0.505565 -0.288722  0.813046  0.860629
-0.692538 -0.426235 -0.581992   1.29284
        0         0         0         1

 0.514583   -0.8573 0.0155387   1.95895
-0.505565 -0.288722  0.813046  0.860629
-0.692538 -0.426235 -0.581992   1.29284
        0         0         0         1

 0.510523 -0.859716 0.0159743   1.95955
-0.505987 -0.285345  0.813975  0.861012
-0.695229 -0.423636  -0.58068   1.29152
        0         0         0         1

 0.510523 -0.859716 0.0159743   1.95955
-0.505987 -0.285345  0.813975  0.861012
-0.695229 -0.423636  -0.58068   1.29152
        0         0         0         1

 0.510755 -0.859599 0.0147893   1.95852
-0.503684 -0.285249  0.815436  0.862042
-0.696729 -0.423937 -0.578658   1.29131
        0         0         0         1

 0.510755 -0.859599 0.0147893   1.95852
-0.503684 -0.285249  0.815436  0.862042
-0.696729 -0.423937 -0.578658   1.29131
        0         0         0         1

 0.508683 -0.860806  0.015927    1.9598
-0.502387 -0.281755  0.817448  0.861436
-0.699177 -0.423824 -0.575782    1.2916
        0         0         0         1

 0.508683 -0.860806  0.015927    1.9598
-0.502387 -0.281755  0.817448  0.861436
-0.699177 -0.423824 -0.575782    1.2916
        0         0         0         1

 0.506239 -0.862234 0.0165787   1.95969
-0.499133 -0.277268  0.820968  0.862527
 -0.70327 -0.423881 -0.570734   1.29254
        0         0         0         1

 0.506239 -0.862234 0.0165787   1.95969
-0.499133 -0.277268  0.820968  0.862527
 -0.70327 -0.423881 -0.570734   1.29254
        0         0         0         1

 0.503668 -0.863762  0.015255   1.95937
 -0.49786 -0.275785   0.82224  0.863272
-0.706013 -0.421731 -0.568937   1.29216
        0         0         0         1

 0.503668 -0.863762  0.015255   1.95937
 -0.49786 -0.275785   0.82224  0.863272
-0.706013 -0.421731 -0.568937   1.29216
        0         0         0         1

 0.496958 -0.867529 0.0206273    1.9601
-0.497911 -0.265596  0.825556  0.863788
-0.710716 -0.420538 -0.563943   1.29357
        0         0         0         1

 0.496958 -0.867529 0.0206273    1.9601
-0.497911 -0.265596  0.825556  0.863788
-0.710716 -0.420538 -0.563943   1.29357
        0         0         0         1

 0.494912 -0.868627 0.0234322   1.96052
-0.496069 -0.260296  0.828349  0.864037
-0.713427 -0.421584 -0.559722   1.29693
        0         0         0         1

 0.494912 -0.868627 0.0234322   1.96052
-0.496069 -0.260296  0.828349  0.864037
-0.713427 -0.421584 -0.559722   1.29693
        0         0         0         1

 0.488131 -0.872497 0.0218486   1.96056
 -0.49641  -0.25696  0.829186  0.865356
-0.717847 -0.415597 -0.558546    1.2991
        0         0         0         1

 0.488131 -0.872497 0.0218486   1.96056
 -0.49641  -0.25696  0.829186  0.865356
-0.717847 -0.415597 -0.558546    1.2991
        0         0         0         1

 0.487212 -0.872737  0.030907   1.95943
-0.495861 -0.247338  0.832433  0.865884
-0.718851 -0.420897 -0.553262   1.30686
        0         0         0         1

 0.487212 -0.872737  0.030907   1.95943
-0.495861 -0.247338  0.832433  0.865884
-0.718851 -0.420897 -0.553262   1.30686
        0         0         0         1

 0.494569 -0.868058 0.0433258   1.95447
-0.496211 -0.241083  0.834059  0.868278
-0.713566 -0.433998 -0.549972   1.31855
        0         0         0         1

 0.494569 -0.868058 0.0433258   1.95447
-0.496211 -0.241083  0.834059  0.868278
-0.713566 -0.433998 -0.549972   1.31855
        0         0         0         1

 0.507132 -0.858356 0.0777351   1.95571
-0.506749 -0.224004  0.832483  0.866469
-0.697153 -0.461571 -0.548571   1.33879
        0         0         0         1

 0.507132 -0.858356 0.0777351   1.95571
-0.506749 -0.224004  0.832483  0.866469
-0.697153 -0.461571 -0.548571   1.33879
        0         0         0         1

 0.519646 -0.849081 0.0950235   1.95151
-0.517033 -0.223973  0.826143  0.867688
 -0.68018 -0.478433  -0.55539   1.34939
        0         0         0         1

 0.519646 -0.849081 0.0950235   1.95151
-0.517033 -0.223973  0.826143  0.867688
 -0.68018 -0.478433  -0.55539   1.34939
        0         0         0         1

 0.529559 -0.840987  0.110939   1.94856
-0.531073  -0.22671  0.816433  0.870502
-0.661459 -0.491267 -0.566682   1.36034
        0         0         0         1

 0.529559 -0.840987  0.110939   1.94856
-0.531073  -0.22671  0.816433  0.870502
-0.661459 -0.491267 -0.566682   1.36034
        0         0         0         1

 0.550484 -0.822605  0.142439     1.942
-0.550374 -0.229296  0.802815  0.873812
-0.627739 -0.520331 -0.578964   1.38755
        0         0         0         1

 0.550484 -0.822605  0.142439     1.942
-0.550374 -0.229296  0.802815  0.873812
-0.627739 -0.520331 -0.578964   1.38755
        0         0         0         1

 0.558634 -0.812561  0.166352   1.94183
-0.561296 -0.222706  0.797087  0.871723
-0.610634 -0.538653 -0.580499   1.41394
        0         0         0         1

 0.558634 -0.812561  0.166352   1.94183
-0.561296 -0.222706  0.797087  0.871723
-0.610634 -0.538653 -0.580499   1.41394
        0         0         0         1

 0.568761 -0.801821  0.183288   1.94123
 -0.57548 -0.228725   0.78518  0.872436
-0.587651 -0.552058 -0.591522   1.43508
        0         0         0         1

 0.568761 -0.801821  0.183288   1.94123
 -0.57548 -0.228725   0.78518  0.872436
-0.587651 -0.552058 -0.591522   1.43508
        0         0         0         1

 0.594182 -0.778764  0.201183   1.92962
-0.587519 -0.249394  0.769821  0.879661
-0.549335 -0.575613 -0.605724   1.47046
        0         0         0         1

 0.594182 -0.778764  0.201183   1.92962
-0.587519 -0.249394  0.769821  0.879661
-0.549335 -0.575613 -0.605724   1.47046
        0         0         0         1

 0.606854 -0.762817  0.223243    1.9255
-0.599349 -0.254717   0.75888  0.881845
-0.522023 -0.594331  -0.61177   1.49879
        0         0         0         1

 0.606854 -0.762817  0.223243    1.9255
-0.599349 -0.254717   0.75888  0.881845
-0.522023 -0.594331  -0.61177   1.49879
        0         0         0         1

 0.626468 -0.735234  0.258785    1.9183
-0.611436 -0.257644  0.748174  0.885862
-0.483409 -0.626937 -0.610955   1.54304
        0         0         0         1

 0.626468 -0.735234  0.258785    1.9183
-0.611436 -0.257644  0.748174  0.885862
-0.483409 -0.626937 -0.610955   1.54304
        0         0         0         1

 0.648325 -0.709485  0.276235   1.90734
-0.608403 -0.264648  0.748203  0.893205
-0.457734  -0.65314 -0.603231   1.57447
        0         0         0         1

 0.648325 -0.709485  0.276235   1.90734
-0.608403 -0.264648  0.748203  0.893205
-0.457734  -0.65314 -0.603231   1.57447
        0         0         0         1

 0.670483 -0.681802  0.292571    1.8935
-0.606747 -0.276945   0.74509  0.903745
-0.426978 -0.677087 -0.599369   1.60334
        0         0         0         1

 0.670483 -0.681802  0.292571    1.8935
-0.606747 -0.276945   0.74509  0.903745
-0.426978 -0.677087 -0.599369   1.60334
        0         0         0         1

 0.693865 -0.643362  0.323475   1.88176
-0.608784 -0.284158    0.7407  0.911824
-0.384621 -0.710872 -0.588836    1.6614
        0         0         0         1

 0.693865 -0.643362  0.323475   1.88176
-0.608784 -0.284158    0.7407  0.911824
-0.384621 -0.710872 -0.588836    1.6614
        0         0         0         1

 0.705535 -0.626597  0.331053   1.87189
-0.612792 -0.304778  0.729107  0.921689
-0.355958 -0.717277 -0.599005   1.69821
        0         0         0         1

 0.705535 -0.626597  0.331053   1.87189
-0.612792 -0.304778  0.729107  0.921689
-0.355958 -0.717277 -0.599005   1.69821
        0         0         0         1

 0.730388  -0.59938  0.327532    1.8469
-0.613182  -0.36414  0.701006  0.945024
-0.300902 -0.712843 -0.633493   1.75478
        0         0         0         1

 0.730388  -0.59938  0.327532    1.8469
-0.613182  -0.36414  0.701006  0.945024
-0.300902 -0.712843 -0.633493   1.75478
        0         0         0         1

 0.745814  -0.58062  0.326561   1.82629
-0.611706 -0.402807  0.680854  0.963411
-0.263776  -0.70755 -0.655588   1.79238
        0         0         0         1

 0.745814  -0.58062  0.326561   1.82629
-0.611706 -0.402807  0.680854  0.963411
-0.263776  -0.70755 -0.655588   1.79238
        0         0         0         1

 0.755093 -0.563185  0.335645   1.80127
-0.618943 -0.443524  0.648225  0.988898
-0.216204 -0.697216 -0.683481   1.84969
        0         0         0         1

 0.755093 -0.563185  0.335645   1.80127
-0.618943 -0.443524  0.648225  0.988898
-0.216204 -0.697216 -0.683481   1.84969
        0         0         0         1

 0.762963 -0.549789   0.34003    1.7798
-0.619593 -0.471917  0.627215   1.00944
 -0.18437 -0.689222 -0.700701   1.88452
        0         0         0         1

 0.762963 -0.549789   0.34003    1.7798
-0.619593 -0.471917  0.627215   1.00944
 -0.18437 -0.689222 -0.700701   1.88452
        0         0         0         1

 0.764666 -0.542095  0.348452   1.76279
 -0.62488 -0.491566  0.606538   1.02891
-0.157514  -0.68154 -0.714628   1.91925
        0         0         0         1

 0.764666 -0.542095  0.348452   1.76279
 -0.62488 -0.491566  0.606538   1.02891
-0.157514  -0.68154 -0.714628   1.91925
        0         0         0         1

 0.777113 -0.508603  0.370699   1.71369
-0.622402 -0.533714  0.572507   1.06852
-0.0933314 -0.675627 -0.731312   1.96868
        0         0         0         1

 0.777113 -0.508603  0.370699   1.71369
-0.622402 -0.533714  0.572507   1.06852
-0.0933314 -0.675627 -0.731312   1.96868
        0         0         0         1

 0.774549 -0.499105  0.388546   1.68798
-0.629465 -0.547985  0.550896   1.09127
-0.0620376 -0.671272  -0.73861   2.00257
        0         0         0         1

 0.774549 -0.499105  0.388546   1.68798
-0.629465 -0.547985  0.550896   1.09127
-0.0620376 -0.671272  -0.73861   2.00257
        0         0         0         1

 0.765432 -0.499567  0.405644   1.67486
-0.642288 -0.554137  0.529526   1.11116
-0.0397516 -0.665856 -0.745021   2.03451
        0         0         0         1

 0.765432 -0.499567  0.405644   1.67486
-0.642288 -0.554137  0.529526   1.11116
-0.0397516 -0.665856 -0.745021   2.03451
        0         0         0         1

 0.769119 -0.474294   0.42837   1.62522
-0.638953 -0.585295  0.499167   1.15739
 0.013971 -0.657628 -0.753214   2.06632
        0         0         0         1

 0.769119 -0.474294   0.42837   1.62522
-0.638953 -0.585295  0.499167   1.15739
 0.013971 -0.657628 -0.753214   2.06632
        0         0         0         1

 0.758848 -0.479279  0.440956    1.6108
-0.650634 -0.587777  0.480827   1.18145
0.0287337 -0.651775 -0.757868   2.09244
        0         0         0         1

 0.758848 -0.479279  0.440956    1.6108
-0.650634 -0.587777  0.480827   1.18145
0.0287337 -0.651775 -0.757868   2.09244
        0         0         0         1

 0.759462 -0.459436  0.460583   1.55601
-0.646291 -0.613736  0.453471   1.23138
0.0743352 -0.642065 -0.763038   2.12158
        0         0         0         1

