 0.260246 -0.851223  0.455731  0.971427
-0.960867 -0.274717 0.0355837   1.06212
0.0949073 -0.447158 -0.889406   2.30314
        0         0         0         1

 0.260246 -0.851223  0.455731  0.971427
-0.960867 -0.274717 0.0355837   1.06212
0.0949073 -0.447158 -0.889406   2.30314
        0         0         0         1

 0.265836  -0.85585  0.443681  0.972484
-0.962501 -0.261447 0.0723673   1.02195
0.0540636 -0.446281 -0.893258   2.27882
        0         0         0         1

 0.265836  -0.85585  0.443681  0.972484
-0.962501 -0.261447 0.0723673   1.02195
0.0540636 -0.446281 -0.893258   2.27882
        0         0         0         1

 0.270492 -0.863221  0.426243  0.977004
-0.962721 -0.241872  0.121104  0.970776
-0.00144316 -0.443111 -0.896466    2.2373
        0         0         0         1

 0.270492 -0.863221  0.426243  0.977004
-0.962721 -0.241872  0.121104  0.970776
-0.00144316 -0.443111 -0.896466    2.2373
        0         0         0         1

 0.269186 -0.868637  0.415943  0.992489
-0.961914 -0.221174  0.160634  0.936158
-0.0475369 -0.443342 -0.895091   2.20957
        0         0         0         1

 0.269186 -0.868637  0.415943  0.992489
-0.961914 -0.221174  0.160634  0.936158
-0.0475369 -0.443342 -0.895091   2.20957
        0         0         0         1

 0.271785 -0.867718  0.416172  0.990077
 -0.95883 -0.207165  0.194233  0.903599
-0.0823235 -0.451828 -0.888299   2.17934
        0         0         0         1

 0.271785 -0.867718  0.416172  0.990077
 -0.95883 -0.207165  0.194233  0.903599
-0.0823235 -0.451828 -0.888299   2.17934
        0         0         0         1

 0.248872 -0.882547  0.398965    1.0079
-0.960235 -0.171016  0.220685  0.857804
-0.126536 -0.438022 -0.890014    2.1321
        0         0         0         1

 0.248872 -0.882547  0.398965    1.0079
-0.960235 -0.171016  0.220685  0.857804
-0.126536 -0.438022 -0.890014    2.1321
        0         0         0         1

 0.255725 -0.882754  0.394146   1.00452
-0.953875  -0.16408  0.251398  0.826464
-0.157251 -0.440254 -0.883996   2.09972
        0         0         0         1

 0.255725 -0.882754  0.394146   1.00452
-0.953875  -0.16408  0.251398  0.826464
-0.157251 -0.440254 -0.883996   2.09972
        0         0         0         1

 0.248845 -0.889948   0.38219   1.01617
-0.945753 -0.138173   0.29404   0.78415
-0.208872 -0.434628 -0.876054   2.05287
        0         0         0         1

 0.248845 -0.889948   0.38219   1.01617
-0.945753 -0.138173   0.29404   0.78415
-0.208872 -0.434628 -0.876054   2.05287
        0         0         0         1

 0.242234 -0.894753  0.375153   1.02432
-0.940324 -0.121266  0.317939  0.758256
-0.238983 -0.429781 -0.870733   2.01942
        0         0         0         1

 0.242234 -0.894753  0.375153   1.02432
-0.940324 -0.121266  0.317939  0.758256
-0.238983 -0.429781 -0.870733   2.01942
        0         0         0         1

 0.232097 -0.905106  0.356251   1.03368
-0.932003 -0.102112   0.34777  0.721312
-0.278391 -0.412743 -0.867261   1.96954
        0         0         0         1

 0.232097 -0.905106  0.356251   1.03368
-0.932003 -0.102112   0.34777  0.721312
-0.278391 -0.412743 -0.867261   1.96954
        0         0         0         1

  0.222964  -0.913404   0.340559    1.04049
 -0.926357 -0.0897389   0.365799    0.69894
 -0.303561  -0.397039  -0.866147    1.93663
         0          0          0          1

  0.222964  -0.913404   0.340559    1.04049
 -0.926357 -0.0897389   0.365799    0.69894
 -0.303561  -0.397039  -0.866147    1.93663
         0          0          0          1

  0.212324  -0.921501     0.3252    1.04702
 -0.920116 -0.0764511   0.384111   0.676801
 -0.329097  -0.380778   -0.86412    1.90502
         0          0          0          1

  0.212324  -0.921501     0.3252    1.04702
 -0.920116 -0.0764511   0.384111   0.676801
 -0.329097  -0.380778   -0.86412    1.90502
         0          0          0          1

  0.199406    -0.9315   0.304211    1.05538
 -0.908668 -0.0595584    0.41325   0.645127
 -0.366824  -0.358832  -0.858301    1.85876
         0          0          0          1

  0.199406    -0.9315   0.304211    1.05538
 -0.908668 -0.0595584    0.41325   0.645127
 -0.366824  -0.358832  -0.858301    1.85876
         0          0          0          1

   0.19067  -0.936364   0.294732    1.06159
 -0.901306 -0.0480218   0.430513   0.627127
 -0.388963  -0.347729  -0.853107    1.82672
         0          0          0          1

   0.19067  -0.936364   0.294732    1.06159
 -0.901306 -0.0480218   0.430513   0.627127
 -0.388963  -0.347729  -0.853107    1.82672
         0          0          0          1

  0.175771  -0.945435    0.27433     1.0695
 -0.891181 -0.0344326    0.45234   0.601869
 -0.418212  -0.323986  -0.848606    1.78171
         0          0          0          1

  0.175771  -0.945435    0.27433     1.0695
 -0.891181 -0.0344326    0.45234   0.601869
 -0.418212  -0.323986  -0.848606    1.78171
         0          0          0          1

  0.165461  -0.952527   0.255567    1.07328
 -0.884602 -0.0287774   0.465458   0.586334
 -0.436007   -0.30309  -0.847369    1.75424
         0          0          0          1

  0.165461  -0.952527   0.255567    1.07328
 -0.884602 -0.0287774   0.465458   0.586334
 -0.436007   -0.30309  -0.847369    1.75424
         0          0          0          1

  0.151788  -0.959097    0.23894    1.07822
 -0.880169 -0.0211623   0.474188   0.572647
 -0.449736  -0.282284   -0.84738    1.72677
         0          0          0          1

  0.151788  -0.959097    0.23894    1.07822
 -0.880169 -0.0211623   0.474188   0.572647
 -0.449736  -0.282284   -0.84738    1.72677
         0          0          0          1

    0.13589   -0.964959    0.224471     1.08323
  -0.872442 -0.00919451    0.488631    0.553481
  -0.469445   -0.262238   -0.843121     1.68984
          0           0           0           1

    0.13589   -0.964959    0.224471     1.08323
  -0.872442 -0.00919451    0.488631    0.553481
  -0.469445   -0.262238   -0.843121     1.68984
          0           0           0           1

    0.125719    -0.967727       0.2184      1.08631
   -0.867643 -0.000509351     0.497188     0.542372
   -0.481031    -0.251999    -0.839706      1.66765
           0            0            0            1

    0.125719    -0.967727       0.2184      1.08631
   -0.867643 -0.000509351     0.497188     0.542372
   -0.481031    -0.251999    -0.839706      1.66765
           0            0            0            1

 0.111984 -0.970309  0.214382   1.09018
-0.861863 0.0125461  0.506986  0.528241
-0.494623 -0.241542 -0.834868   1.63658
        0         0         0         1

 0.111984 -0.970309  0.214382   1.09018
-0.861863 0.0125461  0.506986  0.528241
-0.494623 -0.241542 -0.834868   1.63658
        0         0         0         1

 0.103839 -0.970208   0.21889   1.09256
-0.857651  0.024097  0.513668  0.520323
-0.503639  -0.24107 -0.829598   1.61852
        0         0         0         1

 0.103839 -0.970208   0.21889   1.09256
-0.857651  0.024097  0.513668  0.520323
-0.503639  -0.24107 -0.829598   1.61852
        0         0         0         1

0.0989739 -0.969384  0.224719   1.09357
-0.852714 0.0337805  0.521285  0.513183
-0.512916 -0.243215 -0.823264    1.6024
        0         0         0         1

0.0989739 -0.969384  0.224719   1.09357
-0.852714 0.0337805  0.521285  0.513183
-0.512916 -0.243215 -0.823264    1.6024
        0         0         0         1

0.0909288 -0.968198  0.233077   1.09538
-0.847368 0.0477319  0.528856  0.504481
-0.523162  -0.24559  -0.81608   1.58103
        0         0         0         1

0.0909288 -0.968198  0.233077   1.09538
-0.847368 0.0477319  0.528856  0.504481
-0.523162  -0.24559  -0.81608   1.58103
        0         0         0         1

0.0860129 -0.968193  0.234954   1.09615
-0.844276 0.0543751  0.533143  0.499793
-0.528961 -0.244224 -0.812745   1.56956
        0         0         0         1

0.0860129 -0.968193  0.234954   1.09615
-0.844276 0.0543751  0.533143  0.499793
-0.528961 -0.244224 -0.812745   1.56956
        0         0         0         1

0.0800468 -0.968884  0.234214   1.09612
-0.840824 0.0605651   0.53791  0.493356
-0.535358  -0.23999 -0.809813   1.55429
        0         0         0         1

0.0800468 -0.968884  0.234214   1.09612
-0.840824 0.0605651   0.53791  0.493356
-0.535358  -0.23999 -0.809813   1.55429
        0         0         0         1

0.0782415 -0.968533  0.236268   1.09574
-0.838604 0.0642147  0.540944  0.489703
-0.539094 -0.240459 -0.807191   1.54518
        0         0         0         1

0.0782415 -0.968533  0.236268   1.09574
-0.838604 0.0642147  0.540944  0.489703
-0.539094 -0.240459 -0.807191   1.54518
        0         0         0         1

0.0779619 -0.967694  0.239771   1.09515
-0.835452 0.0678198  0.545363  0.486729
-0.544006 -0.242835 -0.803174   1.53761
        0         0         0         1

0.0779619 -0.967694  0.239771   1.09515
-0.835452 0.0678198  0.545363  0.486729
-0.544006 -0.242835 -0.803174   1.53761
        0         0         0         1

0.0761578  -0.96704  0.242968   1.09471
-0.831688 0.0728019   0.55045  0.483395
-0.549995 -0.243995 -0.798731   1.52669
        0         0         0         1

0.0761578  -0.96704  0.242968   1.09471
-0.831688 0.0728019   0.55045  0.483395
-0.549995 -0.243995 -0.798731   1.52669
        0         0         0         1

0.0738432 -0.964701  0.252783   1.09261
 -0.83012 0.0810132  0.551668  0.481772
-0.552673 -0.250577 -0.794836   1.52137
        0         0         0         1

0.0738432 -0.964701  0.252783   1.09261
 -0.83012 0.0810132  0.551668  0.481772
-0.552673 -0.250577 -0.794836   1.52137
        0         0         0         1

 0.071283 -0.964767  0.253265   1.09224
-0.830729 0.0831177  0.550437   0.48006
-0.552094 -0.249631 -0.795535   1.51739
        0         0         0         1

 0.071283 -0.964767  0.253265   1.09224
-0.830729 0.0831177  0.550437   0.48006
-0.552094 -0.249631 -0.795535   1.51739
        0         0         0         1

0.0724056 -0.961747  0.264198   1.08968
-0.829811 0.0888692  0.550922  0.477149
-0.553327 -0.259124 -0.791634   1.51377
        0         0         0         1

0.0724056 -0.961747  0.264198   1.08968
-0.829811 0.0888692  0.550922  0.477149
-0.553327 -0.259124 -0.791634   1.51377
        0         0         0         1

0.0751175  -0.96011  0.269344   1.08858
-0.830102 0.0894575  0.550389   0.47607
-0.552529 -0.264927 -0.790269   1.51172
        0         0         0         1

0.0751175  -0.96011  0.269344   1.08858
-0.830102 0.0894575  0.550389   0.47607
-0.552529 -0.264927 -0.790269   1.51172
        0         0         0         1

0.0789139 -0.961253   0.26413   1.08851
-0.830853 0.0829923  0.550268  0.474791
-0.550868 -0.262877 -0.792111   1.51064
        0         0         0         1

0.0789139 -0.961253   0.26413   1.08851
-0.830853 0.0829923  0.550268  0.474791
-0.550868 -0.262877 -0.792111   1.51064
        0         0         0         1

0.0796336 -0.962831    0.2581   1.08856
-0.831644  0.078577  0.549722  0.474292
 -0.54957 -0.258423 -0.794475   1.51028
        0         0         0         1

0.0796336 -0.962831    0.2581   1.08856
-0.831644  0.078577  0.549722  0.474292
 -0.54957 -0.258423 -0.794475   1.51028
        0         0         0         1

0.0794445 -0.964309   0.25258   1.08795
-0.831428 0.0756827  0.550454  0.474098
-0.549924 -0.253733 -0.795741   1.51061
        0         0         0         1

0.0794445 -0.964309   0.25258   1.08795
-0.831428 0.0756827  0.550454  0.474098
-0.549924 -0.253733 -0.795741   1.51061
        0         0         0         1

0.0759406 -0.967134  0.242663   1.08726
-0.829392 0.0738208  0.553769   0.47445
-0.553482 -0.243316 -0.796527   1.51191
        0         0         0         1

0.0759406 -0.967134  0.242663   1.08726
-0.829392 0.0738208  0.553769   0.47445
-0.553482 -0.243316 -0.796527   1.51191
        0         0         0         1

0.0730082  -0.96833   0.23876    1.0868
-0.828669  0.074314  0.554784  0.475539
-0.554958 -0.238357    -0.797   1.51302
        0         0         0         1

0.0730082  -0.96833   0.23876    1.0868
-0.828669  0.074314  0.554784  0.475539
-0.554958 -0.238357    -0.797   1.51302
        0         0         0         1

 0.072769 -0.966907  0.244532   1.08583
 -0.82768 0.0782511  0.555718  0.478574
-0.556463 -0.242833 -0.794595    1.5184
        0         0         0         1

 0.072769 -0.966907  0.244532   1.08583
 -0.82768 0.0782511  0.555718  0.478574
-0.556463 -0.242833 -0.794595    1.5184
        0         0         0         1

0.0769986 -0.964331  0.253254   1.08458
-0.827977 0.0796635  0.555074  0.481284
 -0.55545 -0.252429  -0.79231   1.52497
        0         0         0         1

0.0769986 -0.964331  0.253254   1.08458
-0.827977 0.0796635  0.555074  0.481284
 -0.55545 -0.252429  -0.79231   1.52497
        0         0         0         1

0.0839063 -0.959875   0.26758   1.08308
-0.830212 0.0811687  0.551506  0.484067
-0.551096 -0.268423  -0.79009   1.53362
        0         0         0         1

0.0839063 -0.959875   0.26758   1.08308
-0.830212 0.0811687  0.551506  0.484067
-0.551096 -0.268423  -0.79009   1.53362
        0         0         0         1

  0.10089 -0.949866  0.295931   1.08044
-0.837446 0.0795074  0.540705  0.488941
-0.537126 -0.302378 -0.787441   1.54926
        0         0         0         1

  0.10089 -0.949866  0.295931   1.08044
-0.837446 0.0795074  0.540705  0.488941
-0.537126 -0.302378 -0.787441   1.54926
        0         0         0         1

 0.110816 -0.943363  0.312708   1.07893
-0.844095 0.0767532  0.530671  0.492772
-0.524617 -0.322763 -0.787782    1.5634
        0         0         0         1

 0.110816 -0.943363  0.312708   1.07893
-0.844095 0.0767532  0.530671  0.492772
-0.524617 -0.322763 -0.787782    1.5634
        0         0         0         1

 0.134264 -0.929087  0.344631   1.07267
-0.856284 0.0662636  0.512237  0.499489
-0.498749 -0.363877 -0.786665   1.58879
        0         0         0         1

 0.134264 -0.929087  0.344631   1.07267
-0.856284 0.0662636  0.512237  0.499489
-0.498749 -0.363877 -0.786665   1.58879
        0         0         0         1

 0.149196 -0.917137  0.369594   1.06921
-0.865584 0.0595584  0.497209  0.505067
-0.478021 -0.394096 -0.784974   1.60962
        0         0         0         1

 0.149196 -0.917137  0.369594   1.06921
-0.865584 0.0595584  0.497209  0.505067
-0.478021 -0.394096 -0.784974   1.60962
        0         0         0         1

  0.16651 -0.904233   0.39324   1.06446
-0.875693 0.0477115  0.480505  0.511692
-0.453251 -0.424366 -0.783886   1.63292
        0         0         0         1

  0.16651 -0.904233   0.39324   1.06446
-0.875693 0.0477115  0.480505  0.511692
-0.453251 -0.424366 -0.783886   1.63292
        0         0         0         1

 0.191818  -0.88538  0.423449   1.05675
-0.891516 0.0232183  0.452394  0.524058
-0.410372 -0.464288 -0.784876   1.67267
        0         0         0         1

 0.191818  -0.88538  0.423449   1.05675
-0.891516 0.0232183  0.452394  0.524058
-0.410372 -0.464288 -0.784876   1.67267
        0         0         0         1

    0.21103   -0.872616    0.440463     1.04948
  -0.901618 0.000282998    0.432534    0.533243
  -0.377561   -0.488407   -0.786706     1.70293
          0           0           0           1

    0.21103   -0.872616    0.440463     1.04948
  -0.901618 0.000282998    0.432534    0.533243
  -0.377561   -0.488407   -0.786706     1.70293
          0           0           0           1

  0.238289  -0.855466   0.459778    1.03822
 -0.915944 -0.0405532   0.399253   0.550303
 -0.322902  -0.516269  -0.793222      1.752
         0          0          0          1

  0.238289  -0.855466   0.459778    1.03822
 -0.915944 -0.0405532   0.399253   0.550303
 -0.322902  -0.516269  -0.793222      1.752
         0          0          0          1

  0.253341  -0.846323   0.468568    1.03148
  -0.92468 -0.0695431    0.37434   0.563452
 -0.284227  -0.528112  -0.800196    1.78757
         0          0          0          1

  0.253341  -0.846323   0.468568    1.03148
  -0.92468 -0.0695431    0.37434   0.563452
 -0.284227  -0.528112  -0.800196    1.78757
         0          0          0          1

 0.269354 -0.837163  0.476031   1.02281
-0.931978 -0.102065  0.347849  0.578293
 -0.24262 -0.537345  -0.80771   1.82552
        0         0         0         1

 0.269354 -0.837163  0.476031   1.02281
-0.931978 -0.102065  0.347849  0.578293
 -0.24262 -0.537345  -0.80771   1.82552
        0         0         0         1

 0.285857 -0.828448  0.481622   1.01202
-0.941342 -0.148705  0.302923  0.603344
-0.179337 -0.539964 -0.822361   1.88659
        0         0         0         1

 0.285857 -0.828448  0.481622   1.01202
-0.941342 -0.148705  0.302923  0.603344
-0.179337 -0.539964 -0.822361   1.88659
        0         0         0         1

 0.295741 -0.823362  0.484368   1.00173
-0.945919 -0.181644  0.268779  0.622699
 -0.13332 -0.537662 -0.832554   1.92834
        0         0         0         1

 0.295741 -0.823362  0.484368   1.00173
-0.945919 -0.181644  0.268779  0.622699
 -0.13332 -0.537662 -0.832554   1.92834
        0         0         0         1

 0.301439 -0.822367  0.482543   0.99002
-0.951482  -0.22665  0.208115   0.65692
-0.0617786 -0.521865 -0.850788   1.99156
        0         0         0         1

 0.301439 -0.822367  0.482543   0.99002
-0.951482  -0.22665  0.208115   0.65692
-0.0617786 -0.521865 -0.850788   1.99156
        0         0         0         1

 0.303908  -0.82021   0.48466  0.979541
-0.952586 -0.253691   0.16799  0.681079
-0.014833 -0.512734 -0.858419    2.0335
        0         0         0         1

 0.303908  -0.82021   0.48466  0.979541
-0.952586 -0.253691   0.16799  0.681079
-0.014833 -0.512734 -0.858419    2.0335
        0         0         0         1

 0.304303 -0.819805  0.485097   0.96934
-0.952191 -0.276254  0.130449  0.705544
0.0270677 -0.501601 -0.864676   2.07779
        0         0         0         1

 0.304303 -0.819805  0.485097   0.96934
-0.952191 -0.276254  0.130449  0.705544
0.0270677 -0.501601 -0.864676   2.07779
        0         0         0         1

 0.299227 -0.820954   0.48631  0.955676
-0.949049 -0.308856 0.0625612  0.751301
0.0988399 -0.480252 -0.871544   2.13667
        0         0         0         1

 0.299227 -0.820954   0.48631  0.955676
-0.949049 -0.308856 0.0625612  0.751301
0.0988399 -0.480252 -0.871544   2.13667
        0         0         0         1

 0.294955 -0.823593  0.484454  0.947235
-0.946053 -0.322879 0.0270867  0.777711
 0.134112 -0.466308 -0.874397   2.18218
        0         0         0         1

 0.294955 -0.823593  0.484454  0.947235
-0.946053 -0.322879 0.0270867  0.777711
 0.134112 -0.466308 -0.874397   2.18218
        0         0         0         1

  0.283926  -0.828261   0.483083   0.934041
 -0.938692  -0.342858 -0.0361371   0.826544
   0.19556  -0.443206  -0.874828    2.24071
         0          0          0          1

  0.283926  -0.828261   0.483083   0.934041
 -0.938692  -0.342858 -0.0361371   0.826544
   0.19556  -0.443206  -0.874828    2.24071
         0          0          0          1

  0.275962  -0.830166   0.484428   0.922181
 -0.931729  -0.354832 -0.0773036   0.861921
  0.236065  -0.430022  -0.871409    2.27288
         0          0          0          1

  0.275962  -0.830166   0.484428   0.922181
 -0.931729  -0.354832 -0.0773036   0.861921
  0.236065  -0.430022  -0.871409    2.27288
         0          0          0          1

 0.265006 -0.833934  0.484072  0.915473
-0.922589 -0.365255 -0.124171  0.900034
  0.28036 -0.413693 -0.866173   2.30499
        0         0         0         1

 0.265006 -0.833934  0.484072  0.915473
-0.922589 -0.365255 -0.124171  0.900034
  0.28036 -0.413693 -0.866173   2.30499
        0         0         0         1

  0.24179 -0.842963  0.480574  0.911561
-0.909962 -0.368947 -0.189332   0.95857
 0.336906 -0.391525 -0.856272   2.34849
        0         0         0         1

  0.24179 -0.842963  0.480574  0.911561
-0.909962 -0.368947 -0.189332   0.95857
 0.336906 -0.391525 -0.856272   2.34849
        0         0         0         1

 0.223391 -0.851175  0.474971  0.908928
-0.904415 -0.362721 -0.224647  0.995669
 0.363496 -0.379387 -0.850844   2.38138
        0         0         0         1

 0.223391 -0.851175  0.474971  0.908928
-0.904415 -0.362721 -0.224647  0.995669
 0.363496 -0.379387 -0.850844   2.38138
        0         0         0         1

 0.207794 -0.853089  0.478603  0.887793
-0.888269 -0.369465 -0.272898   1.05007
 0.409633 -0.368421 -0.834546   2.41991
        0         0         0         1

 0.207794 -0.853089  0.478603  0.887793
-0.888269 -0.369465 -0.272898   1.05007
 0.409633 -0.368421 -0.834546   2.41991
        0         0         0         1

 0.186656 -0.862381  0.470594  0.893426
-0.877229 -0.361961 -0.315363    1.0942
 0.442299 -0.353954 -0.824068   2.44256
        0         0         0         1

 0.186656 -0.862381  0.470594  0.893426
-0.877229 -0.361961 -0.315363    1.0942
 0.442299 -0.353954 -0.824068   2.44256
        0         0         0         1

 0.170728 -0.870884  0.460883  0.890411
-0.865973 -0.355762  -0.35146   1.13673
 0.470045 -0.339108   -0.8149   2.46118
        0         0         0         1

 0.170728 -0.870884  0.460883  0.890411
-0.865973 -0.355762  -0.35146   1.13673
 0.470045 -0.339108   -0.8149   2.46118
        0         0         0         1

 0.142545 -0.877638  0.457637  0.876557
-0.844452 -0.349021 -0.406308    1.1966
 0.516316 -0.328535 -0.790874   2.48699
        0         0         0         1

