 0.432865 -0.211994  0.876177  0.628587
-0.873558 -0.338587  0.349649   1.07837
 0.222539 -0.916743 -0.331751   2.04851
        0         0         0         1

 0.422655 -0.202221  0.883442  0.619505
-0.882796 -0.312379  0.350842    1.0437
 0.205021 -0.928184 -0.310548   2.03784
        0         0         0         1

 0.416677 -0.191971  0.888553  0.619499
-0.886144 -0.303834  0.349904   1.03398
 0.202801 -0.933184 -0.296715   2.03033
        0         0         0         1

 0.414719 -0.178855  0.892199  0.614863
-0.888975  -0.28894  0.355298   1.01537
 0.194245 -0.940492 -0.278827   2.02499
        0         0         0         1

 0.411829 -0.168932  0.895466  0.611501
-0.892401 -0.273653  0.358794   1.00111
 0.184435 -0.946877 -0.263454   2.02485
        0         0         0         1

 0.403867 -0.156508  0.901331  0.608567
-0.896336 -0.264743  0.355659  0.986747
 0.182957 -0.951534 -0.247205   2.01501
        0         0         0         1

 0.394109 -0.153851  0.906095  0.610891
-0.901873  -0.25453  0.349055  0.974675
 0.176926 -0.954748 -0.239067   2.01234
        0         0         0         1

  0.37711 -0.146705  0.914476  0.607619
-0.912472 -0.228031  0.339701  0.945499
 0.158693 -0.962538 -0.219857   2.00421
        0         0         0         1

 0.368543 -0.143103   0.91853  0.605878
-0.916581 -0.220788  0.333363  0.934959
 0.155095 -0.964766 -0.212536   1.99811
        0         0         0         1

 0.362687 -0.144324  0.920668  0.602931
-0.921107 -0.205515  0.330643  0.918442
 0.141492 -0.967954 -0.207475   1.99471
        0         0         0         1

 0.355086 -0.146007  0.923361  0.603273
-0.925441 -0.194567   0.32512  0.907713
 0.132186 -0.969962 -0.204209   1.99076
        0         0         0         1

 0.343438 -0.145576  0.927825   0.59986
-0.932822 -0.167592  0.318992  0.880806
 0.109059 -0.975049 -0.193354    1.9783
        0         0         0         1

 0.342099 -0.135249   0.92988  0.593426
-0.933301 -0.163875  0.319522  0.870456
 0.109169 -0.977166 -0.182289   1.96861
        0         0         0         1

  0.34141 -0.129164  0.930997  0.591457
-0.934864 -0.149211  0.322127  0.856322
0.0973081 -0.980333 -0.171693   1.96363
        0         0         0         1

 0.337993 -0.124817  0.932835  0.591201
-0.937115 -0.136298  0.321307  0.845965
 0.087039 -0.982773 -0.163036   1.95949
        0         0         0         1

 0.333785 -0.119748  0.935012  0.590181
 -0.93961 -0.121851  0.319821  0.833967
0.0756339 -0.985298 -0.153189   1.95417
        0         0         0         1

 0.330365 -0.113176  0.937043  0.588781
-0.941138 -0.114752  0.317949    0.8254
0.0715435 -0.986926 -0.144425   1.94698
        0         0         0         1

   0.32307  -0.105388   0.940489   0.581211
 -0.944945 -0.0905352   0.314455   0.801367
 0.0520076  -0.990301  -0.128835    1.93569
         0          0          0          1

  0.318058   -0.10249   0.942515   0.579988
 -0.946879 -0.0841741   0.310377    0.79296
 0.0475248  -0.991166  -0.123818    1.92822
         0          0          0          1

   0.31156  -0.102882    0.94464   0.578445
 -0.949468 -0.0734218   0.305156   0.783131
 0.0379622   -0.99198  -0.120558    1.92192
         0          0          0          1

  0.308771  -0.102484   0.945599   0.576539
 -0.950644 -0.0652412   0.303347   0.774616
 0.0306037  -0.992593  -0.117571    1.91685
         0          0          0          1

  0.302938  -0.101801   0.947558   0.571971
 -0.952957 -0.0428697   0.300058   0.753703
 0.0100752  -0.993881  -0.109999    1.90682
         0          0          0          1

  0.298579 -0.0999056   0.949142   0.570129
 -0.954383 -0.0334578   0.296706   0.745679
0.00211364  -0.994434  -0.105338    1.90234
         0          0          0          1

  0.293169  -0.095759   0.951253   0.568763
 -0.956059 -0.0277103   0.291861   0.738499
-0.0015888  -0.995019 -0.0996751    1.89287
         0          0          0          1

  0.287259 -0.0914865   0.953474   0.567765
 -0.957843 -0.0228086   0.286386    0.73271
-0.00445309  -0.995545 -0.0941816    1.88629
         0          0          0          1

   0.28861 -0.0827521   0.953864   0.561279
 -0.957394 -0.0144369   0.288425   0.722302
 -0.010097  -0.996466 -0.0833929    1.87753
         0          0          0          1

  0.283207 -0.0851178   0.955274   0.562856
 -0.958866 -0.0051517   0.283813   0.715998
-0.0192363  -0.996358 -0.0830755    1.87494
         0          0          0          1

    0.2793 -0.0797664   0.956885   0.557677
  -0.95951  0.0146976   0.281291    0.69951
-0.0365015  -0.996705 -0.0724317    1.86211
         0          0          0          1

  0.275752 -0.0783361   0.958032   0.557502
 -0.960195  0.0237625   0.278317   0.693921
-0.0445676  -0.996644 -0.0686654    1.85768
         0          0          0          1

  0.275071 -0.0735238   0.958608   0.552909
 -0.960092  0.0314509   0.277909    0.68492
 -0.050582  -0.996797 -0.0619384    1.85088
         0          0          0          1

  0.277495 -0.0713666   0.958073   0.548109
 -0.958789  0.0427371   0.280886   0.676075
-0.0609911  -0.996534 -0.0565661    1.84729
         0          0          0          1

  0.266923  -0.067061   0.961382   0.545952
 -0.960791  0.0591681   0.270886    0.66312
 -0.075049  -0.995993 -0.0486383    1.83316
         0          0          0          1

  0.260784 -0.0689997   0.962928   0.547628
 -0.962041  0.0645248   0.265168   0.659305
-0.0804292  -0.995528 -0.0495535    1.82824
         0          0          0          1

  0.261145 -0.0656963   0.963061   0.541881
 -0.961083  0.0754537   0.265756   0.650141
-0.0901257  -0.994983 -0.0434352    1.82267
         0          0          0          1

  0.257741  -0.066803   0.963902   0.542017
 -0.961157  0.0842106   0.262843   0.644351
-0.0987294  -0.994206 -0.0425036    1.81854
         0          0          0          1

  0.252317  -0.060872   0.965728   0.540842
 -0.962242  0.0895295   0.257049   0.639402
 -0.102108  -0.994122 -0.0359838    1.80982
         0          0          0          1

   0.25036 -0.0573171   0.966455   0.538422
 -0.962294  0.0949214   0.254912   0.633975
 -0.106348  -0.993833 -0.0313914    1.80431
         0          0          0          1

  0.243056 -0.0498992   0.968728   0.535755
  -0.96282   0.108978   0.247187   0.623628
 -0.117904  -0.992791 -0.0215563    1.79015
         0          0          0          1

  0.241241 -0.0459491   0.969377   0.533717
 -0.962323   0.117792   0.245069   0.618338
 -0.125446  -0.991975 -0.0158016    1.78508
         0          0          0          1

  0.237442 -0.0428696   0.970455   0.531899
  -0.96206   0.127839   0.241035   0.612347
 -0.134395  -0.990868 -0.0108887    1.77892
         0          0          0          1

  0.236479 -0.0367272   0.970942   0.530132
 -0.961691   0.133767   0.239286   0.608211
 -0.138668  -0.990332 -0.0036871    1.77227
         0          0          0          1

   0.232305  -0.0329958    0.972083     0.52984
  -0.961893    0.140384    0.234635    0.603648
  -0.144207   -0.989547 0.000873482     1.76493
          0           0           0           1

  0.228906 -0.0303566   0.972975   0.529008
 -0.962035   0.145552   0.230873   0.599662
 -0.148627  -0.988885 0.00411355    1.75994
         0          0          0          1

  0.224756 -0.0226658   0.974151   0.525334
 -0.961196    0.15896   0.225466   0.589931
 -0.159962  -0.987025   0.013941    1.74596
         0          0          0          1

  0.222062 -0.0209594   0.974807   0.524458
 -0.960999   0.164309   0.222449   0.585388
 -0.164832  -0.986186  0.0163449    1.74086
         0          0          0          1

  0.216697 -0.0177602   0.976077   0.523941
 -0.961616   0.168524   0.216553    0.58172
 -0.168338  -0.985538  0.0194402    1.73364
         0          0          0          1

  0.216888 -0.0150594    0.97608   0.521665
 -0.960564   0.174931   0.216139   0.576624
 -0.174002  -0.984466  0.0234748    1.72943
         0          0          0          1

  0.207154 -0.0041713   0.978299   0.522025
 -0.961763   0.182263   0.204429   0.570622
  -0.17916  -0.983241  0.0337447    1.71485
         0          0          0          1

  0.206116 0.00183846   0.978526   0.520162
 -0.961297   0.187213   0.202135   0.566444
 -0.182821  -0.982318  0.0403548    1.70956
         0          0          0          1

  0.202511 0.00845279   0.979244   0.519795
 -0.961438   0.191727   0.197174   0.563258
 -0.186081  -0.981412  0.0469536    1.70257
         0          0          0          1

 0.203215 0.0153372  0.979014  0.517354
-0.960876  0.195317   0.19639  0.558801
-0.188206  -0.98062 0.0544285   1.69621
        0         0         0         1

 0.198763 0.0223404  0.979793  0.517325
-0.961809   0.19642  0.190636  0.556208
-0.188192 -0.980265 0.0605283   1.68875
        0         0         0         1

 0.195112 0.0263638  0.980427  0.517455
-0.961978  0.199948  0.186064  0.553302
-0.191129 -0.979452 0.0643736   1.68402
        0         0         0         1

 0.191724 0.0358558  0.980794  0.513593
-0.961699  0.206333  0.180448  0.544854
  -0.1959 -0.977825 0.0740414   1.67193
        0         0         0         1

 0.189854 0.0408532  0.980962   0.51226
-0.962088  0.207007   0.17758  0.541715
-0.195811 -0.977486 0.0786054   1.66559
        0         0         0         1

 0.187799 0.0440374   0.98122  0.510745
-0.961911  0.210285  0.174666  0.537617
-0.198644 -0.976648 0.0818513   1.66016
        0         0         0         1

 0.184396 0.0483301  0.981663   0.51101
-0.962482  0.211172  0.170397  0.535687
-0.199065 -0.976253 0.0854563   1.65409
        0         0         0         1

  0.18191 0.0570649  0.981658  0.509295
-0.962527  0.214524  0.165894  0.529311
-0.201123  -0.97505 0.0939505   1.64202
        0         0         0         1

 0.183439 0.0612135  0.981123  0.507699
-0.961688  0.218019  0.166202  0.525807
 -0.20373 -0.974023 0.0988614   1.63722
        0         0         0         1

 0.182621 0.0686045  0.980787  0.506915
-0.961261  0.221939  0.163461  0.522066
-0.206461 -0.972644  0.106478   1.63162
        0         0         0         1

 0.180664 0.0763078   0.98058  0.506901
-0.962206  0.220262  0.160138  0.521281
-0.203765 -0.972451  0.113217   1.62443
        0         0         0         1

  0.18141 0.0889153   0.97938  0.504791
 -0.96141  0.225501  0.157608  0.515017
-0.206837 -0.970177  0.126392   1.61311
        0         0         0         1

 0.178369 0.0917184   0.97968   0.50603
-0.961649  0.227089  0.153826  0.514028
-0.208365 -0.969546  0.128706   1.60907
        0         0         0         1

 0.178444 0.0982441  0.979033  0.504788
-0.961373  0.229332  0.152212  0.511005
 -0.20957 -0.968377  0.135372   1.60323
        0         0         0         1

 0.178784 0.0998593  0.978808  0.503356
-0.960732  0.232284  0.151785  0.507864
-0.212204 -0.967508  0.137467   1.60005
        0         0         0         1

 0.174702  0.103618  0.979154  0.503152
-0.961769  0.230963  0.147158  0.506234
  -0.2109 -0.967429  0.140007   1.59396
        0         0         0         1

 0.174866  0.106262  0.978841  0.501326
-0.961534  0.232322  0.146554  0.503544
-0.211833 -0.966817  0.142799   1.58938
        0         0         0         1

0.168413  0.11012 0.979546 0.502067
-0.961947 0.235276 0.138938 0.500775
-0.215164 -0.96567 0.145553  1.58005
       0        0        0        1

 0.168699  0.113365  0.979127  0.501262
-0.961669  0.236798  0.138274  0.498956
 -0.21618 -0.964922  0.148967   1.57526
        0         0         0         1

 0.169215  0.114402  0.978917   0.50084
-0.960958  0.239772   0.13809  0.496674
-0.218919 -0.964065  0.150509   1.57161
        0         0         0         1

 0.168487  0.118332  0.978575  0.501844
-0.961077  0.240252  0.136423  0.496621
-0.218961 -0.963471  0.154205   1.56719
        0         0         0         1

 0.171458  0.123313  0.977443  0.501312
-0.959745  0.244941  0.137452  0.493704
-0.222466 -0.961664  0.160347   1.55954
        0         0         0         1

 0.171751  0.126537   0.97698  0.501897
-0.959625  0.245737  0.136872  0.493894
-0.222761 -0.961042  0.163634   1.55551
        0         0         0         1

 0.171405  0.129216   0.97669  0.502643
-0.959135  0.248415  0.135459  0.493198
-0.225121 -0.959997  0.166515   1.55231
        0         0         0         1

 0.169847  0.131854   0.97661  0.502817
-0.959362  0.248726  0.133267  0.493439
-0.225336 -0.959557  0.168741   1.54898
        0         0         0         1

 0.167798  0.136958  0.976261  0.503053
-0.959402  0.250413   0.12977  0.493359
-0.226696 -0.958403  0.173417   1.54551
        0         0         0         1

 0.168007  0.139468   0.97587  0.501845
-0.958853   0.25294  0.128928  0.492034
-0.228855 -0.957377  0.176225   1.54308
        0         0         0         1

 0.161852  0.147682  0.975702  0.502616
-0.959204  0.255797  0.120398  0.492156
-0.231801 -0.955384  0.183059   1.53656
        0         0         0         1

 0.161541  0.152277  0.975047  0.501923
-0.958821  0.258089  0.118545  0.491658
-0.233598 -0.954045  0.187699   1.53374
        0         0         0         1

 0.159818  0.157171  0.974554  0.502909
-0.958453  0.261004  0.115084  0.491716
-0.236274 -0.952457  0.192354   1.53117
        0         0         0         1

 0.161561  0.160241  0.973766  0.502206
-0.957692  0.263593  0.115518  0.490911
-0.238167 -0.951232  0.196048   1.52884
        0         0         0         1

  0.16407  0.166147  0.972356   0.50128
-0.956931  0.266138  0.115992  0.489996
-0.239509 -0.949508  0.202657   1.52235
        0         0         0         1

 0.163831  0.166941   0.97226  0.501855
  -0.9567  0.267257   0.11532  0.490288
-0.240592 -0.949054  0.203498   1.52042
        0         0         0         1

 0.162858  0.167609  0.972309  0.503148
-0.956666  0.267921  0.114053  0.491143
-0.241386 -0.948749  0.203979   1.51715
        0         0         0         1

 0.162485  0.168133  0.972281  0.503481
-0.956308  0.269556  0.113202  0.491237
-0.243051 -0.948194  0.204585   1.51517
        0         0         0         1

 0.162659  0.167295  0.972396  0.503186
-0.955441   0.27274    0.1129  0.490604
-0.246324 -0.947431  0.204204   1.51435
        0         0         0         1

  0.16168  0.167912  0.972453  0.503844
-0.955384  0.273462  0.111624  0.491185
-0.247186 -0.947114  0.204634   1.51158
        0         0         0         1

  0.16226  0.165828  0.972714  0.503767
-0.954445   0.27654  0.112068  0.490986
-0.250411 -0.946587  0.203145   1.50688
        0         0         0         1

 0.163582  0.163162  0.972944  0.503047
-0.953613  0.278786   0.11358  0.490276
-0.252711 -0.946391  0.201197   1.50614
        0         0         0         1

0.164111 0.162029 0.973044 0.503224
-0.953002 0.280702 0.113989 0.490063
-0.254666 -0.94602  0.20048  1.50368
       0        0        0        1

 0.16429 0.160701 0.973234 0.502959
-0.95267 0.281698 0.114304 0.489144
-0.255789 -0.94595 0.199376  1.50314
       0        0        0        1

 0.163334  0.157881  0.973856   0.50283
-0.952746  0.281502  0.114156  0.489019
-0.256119 -0.946483  0.196399   1.50168
        0         0         0         1

 0.162265  0.151059  0.975116  0.502858
-0.952601  0.281699   0.11488  0.488559
-0.257335 -0.947537  0.189609   1.50225
        0         0         0         1

0.161196 0.143177 0.976481 0.504339
-0.952969 0.279875 0.116278 0.488741
-0.256644  -0.9493 0.181558  1.50075
       0        0        0        1

 0.162697  0.142693  0.976303  0.504584
-0.952916  0.279343  0.117972  0.488187
 -0.25589 -0.949529  0.181423   1.50035
        0         0         0         1

 0.164864  0.141685  0.976087  0.505109
-0.952188   0.28094  0.120047  0.487635
-0.257213 -0.949209  0.181227   1.50069
        0         0         0         1

 0.166314  0.142185  0.975768   0.50594
 -0.95206   0.28081  0.121355  0.487815
-0.256751 -0.949173  0.182072   1.49988
        0         0         0         1

 0.170368  0.136934  0.975819  0.506048
 -0.95056   0.28377  0.126137  0.486672
-0.259636 -0.949065   0.17851   1.50001
        0         0         0         1

 0.171849  0.135354   0.97578  0.505769
-0.950011  0.284864  0.127796  0.486242
-0.260667 -0.948964  0.177541   1.49959
        0         0         0         1

 0.172672  0.133184  0.975933  0.505689
-0.949087  0.287531  0.128683    0.4857
-0.263473 -0.948466  0.176052   1.49949
        0         0         0         1

 0.173864   0.13068   0.97606  0.505691
-0.948002  0.290516  0.129971  0.485515
-0.266576 -0.947905  0.174395   1.49959
        0         0         0         1

   0.177 0.128442 0.975794 0.505143
-0.946687 0.293373 0.133104 0.484894
-0.269175 -0.94733 0.173522   1.4994
       0        0        0        1

 0.177472   0.12556  0.976083  0.505374
-0.945373   0.29734  0.133639  0.484748
-0.273449 -0.946479  0.171471    1.4999
        0         0         0         1

 0.183061  0.117475  0.976058  0.504901
-0.941506  0.306692  0.139668  0.483639
-0.282942 -0.944531  0.166747   1.50132
        0         0         0         1

 0.183999  0.109783  0.976776  0.505127
-0.939499  0.311763  0.141937  0.483142
 -0.28894 -0.943796  0.160505   1.50294
        0         0         0         1

 0.182665  0.105734  0.977473  0.505968
 -0.93947    0.3119  0.141825  0.483511
-0.289878 -0.944213  0.156307   1.50316
        0         0         0         1

 0.185302  0.100827  0.977495  0.505378
-0.937612  0.315935  0.145153  0.482853
 -0.29419 -0.943408   0.15308   1.50375
        0         0         0         1

 0.188294 0.0883976  0.978126  0.504983
-0.934303   0.32308  0.150659  0.482042
-0.302695 -0.942234  0.143424   1.50484
        0         0         0         1

 0.189254 0.0834265  0.978378  0.505343
 -0.93286   0.32631  0.152625  0.482148
-0.306521 -0.941574  0.139581   1.50531
        0         0         0         1

 0.190945 0.0796482  0.978364  0.505687
 -0.93158  0.328816  0.155045  0.482409
-0.309353 -0.941029  0.136984   1.50561
        0         0         0         1

 0.193011  0.076659  0.978197  0.505732
-0.929373  0.333996  0.157203  0.482352
-0.314663 -0.939452   0.13571   1.50676
        0         0         0         1

 0.193456 0.0742736  0.978293   0.50642
-0.927878  0.337832  0.157838  0.482703
-0.318776 -0.938271  0.134273   1.50762
        0         0         0         1

 0.193554 0.0734402  0.978337  0.506712
-0.926779  0.340866  0.157766  0.483143
-0.321896 -0.937239  0.134039   1.50757
        0         0         0         1

 0.195055 0.0662325  0.978553  0.506198
-0.922732  0.350572    0.1602  0.483234
-0.332443 -0.934191  0.129496   1.50832
        0         0         0         1

 0.194474 0.0655307  0.978716  0.506219
-0.921077  0.355336  0.159229  0.483341
-0.337339 -0.932439  0.129463   1.50855
        0         0         0         1

 0.198013 0.0623839  0.978212   0.50525
-0.917497  0.362999  0.162574  0.482704
-0.344948 -0.929699  0.129116   1.50912
        0         0         0         1

 0.195806 0.0608754  0.978751  0.505588
-0.915886  0.368027  0.160339  0.483094
-0.350446  -0.92782  0.127817   1.50988
        0         0         0         1

 0.202677 0.0560679  0.977639  0.505068
-0.910024  0.379475  0.166896  0.483429
-0.361632 -0.923502  0.127934    1.5108
        0         0         0         1

 0.199641 0.0546471  0.978344  0.506072
-0.909316  0.382338  0.164199  0.484607
-0.365086 -0.922405  0.126022   1.51079
        0         0         0         1

 0.203128 0.0541248  0.977655  0.506247
  -0.9074  0.385583  0.167184   0.48546
-0.367918 -0.921084  0.127435   1.51036
        0         0         0         1

  0.20459 0.0519653  0.977467    0.5065
-0.905356   0.38967  0.168781  0.485873
-0.372119 -0.919487   0.12677   1.51066
        0         0         0         1

 0.205404  0.051277  0.977333  0.506974
-0.903857  0.392893  0.169348  0.486878
-0.375303 -0.918154  0.127049   1.51112
        0         0         0         1

 0.204212 0.0511805  0.977588  0.507339
-0.904096  0.392795  0.168295  0.487966
-0.375378 -0.918201  0.126485   1.51102
        0         0         0         1

  0.19875  0.045655  0.978986  0.508418
-0.904034  0.394271  0.165147  0.490385
-0.378446 -0.917859  0.119635   1.51316
        0         0         0         1

 0.197118 0.0447957  0.979356  0.507884
-0.903831  0.395282  0.163836  0.490698
-0.379783 -0.917467  0.118405   1.51435
        0         0         0         1

 0.194867 0.0430219  0.979886  0.507922
-0.903657  0.396308  0.162307  0.491539
-0.381354 -0.917109  0.116104   1.51593
        0         0         0         1

 0.192719 0.0426107  0.980328  0.508962
-0.904269  0.395619  0.160571  0.493129
-0.380994 -0.917426  0.114775   1.51659
        0         0         0         1

 0.191182 0.0374495   0.98084  0.510258
-0.903221  0.397888  0.160862  0.494368
 -0.38424 -0.916669  0.109894   1.52092
        0         0         0         1

 0.190134 0.0356686   0.98111  0.511206
-0.903204  0.398047  0.160565  0.495833
-0.384801 -0.916671  0.107898   1.52255
        0         0         0         1

 0.188142 0.0331711  0.981582  0.512427
  -0.9025   0.40008  0.159464  0.496818
-0.387422  -0.91588  0.105209   1.52593
        0         0         0         1

 0.186436 0.0308769  0.981982  0.513722
-0.902376  0.400655  0.158724  0.498403
-0.388535 -0.915709  0.102559   1.52871
        0         0         0         1

 0.185293 0.0314976  0.982178  0.515375
-0.902201  0.401599  0.157326  0.500286
-0.389487 -0.915274  0.102831   1.53049
        0         0         0         1

  0.18567 0.0313464  0.982112  0.515641
-0.901981  0.401949  0.157692  0.501617
-0.389816 -0.915125  0.102904   1.53262
        0         0         0         1

 0.186065 0.0279987  0.982138  0.517226
-0.900856  0.403894  0.159152  0.504417
-0.392223 -0.914377  0.100373   1.53851
        0         0         0         1

   0.1846  0.023183   0.98254  0.518369
 -0.89984  0.406022  0.159482  0.505792
-0.395235 -0.913569 0.0958123   1.54252
        0         0         0         1

 0.183595 0.0202884  0.982793  0.520238
-0.899218  0.407361  0.159574  0.508103
-0.397114 -0.913042 0.0930333   1.54562
        0         0         0         1

 0.181983 0.0185597  0.983127  0.521042
-0.899183  0.407761  0.158747  0.509794
-0.397935   -0.9129 0.0908941   1.54854
        0         0         0         1

 0.179559 0.0169581  0.983601  0.522216
-0.898217  0.410597  0.156893  0.513287
-0.401203 -0.911659 0.0889584   1.55588
        0         0         0         1

 0.181845 0.0173743  0.983174  0.520753
-0.897069  0.412435  0.158631   0.51341
-0.402739 -0.910821 0.0905853   1.55994
        0         0         0         1

 0.179266 0.0166856  0.983659  0.521995
-0.897475  0.412342  0.156565  0.515944
-0.402991 -0.910877 0.0888937   1.56443
        0         0         0         1

 0.176423 0.0170166  0.984167  0.523689
-0.898738  0.410549   0.15401  0.518993
-0.401428  -0.91168 0.0877238    1.5676
        0         0         0         1

 0.176256 0.0163024  0.984209  0.523452
-0.899312   0.40919  0.154275  0.520642
-0.400214 -0.912303 0.0867834   1.57296
        0         0         0         1

 0.175073 0.0166789  0.984414  0.524872
-0.900453  0.407064  0.153244  0.523323
-0.398163 -0.913247 0.0862843   1.57692
        0         0         0         1

  0.17352 0.0128537  0.984746   0.52663
-0.902964  0.401223  0.153872  0.528352
-0.393125  -0.91589 0.0812267   1.58757
        0         0         0         1

  0.170002 0.00859533   0.985406    0.52914
 -0.905474   0.395958   0.152758   0.532116
 -0.388866  -0.918228  0.0750963    1.59228
         0          0          0          1

  0.172071 0.00446264   0.985074   0.528626
 -0.906793   0.391402   0.156624   0.533965
 -0.384861  -0.920209  0.0713957    1.59662
         0          0          0          1

   0.171093 -0.00269028    0.985251    0.529397
  -0.906714    0.390819    0.158522     0.53568
  -0.385481   -0.920464   0.0644273     1.60449
          0           0           0           1

   0.16698 -0.0164551   0.985823   0.530581
 -0.910567   0.380892   0.160591   0.542324
 -0.378135  -0.924473  0.0486179    1.61637
         0          0          0          1

  0.165885 -0.0228338   0.985881   0.530635
 -0.911277   0.378547   0.162099   0.544524
 -0.376903  -0.925301  0.0419871    1.62214
         0          0          0          1

  0.160764 -0.0266803   0.986632   0.532286
 -0.914001   0.373248   0.159023   0.549459
 -0.372501  -0.927348  0.0356191    1.62896
         0          0          0          1

 0.158217 -0.029555  0.986962  0.533164
-0.915977  0.368861  0.157883  0.552592
-0.368718 -0.929014 0.0312884   1.63494
        0         0         0         1

  0.15414 -0.031607  0.987543  0.535068
-0.919047  0.362372  0.155047  0.557484
-0.362759 -0.931498 0.0268077   1.64212
        0         0         0         1

  0.154601 -0.0306615   0.987501   0.535969
 -0.920556   0.358433   0.155249   0.561204
 -0.358714  -0.933052  0.0271885    1.64822
         0          0          0          1

  0.156405 -0.0245588   0.987388      0.539
  -0.92593   0.344319   0.155234   0.570794
 -0.343789  -0.938531  0.0311136    1.66123
         0          0          0          1

  0.159739 -0.0222576   0.986908    0.53855
 -0.927731   0.338256   0.157789   0.574138
  -0.33734  -0.940791  0.0333836     1.6671
         0          0          0          1

  0.163474 -0.0202078   0.986341    0.53753
  -0.93014   0.330067   0.160921   0.578503
  -0.32881  -0.943741  0.0351611    1.67546
         0          0          0          1

  0.161468 -0.0177432   0.986718   0.540919
 -0.933979   0.320204   0.158595   0.585055
 -0.318765  -0.947182  0.0351308    1.68021
         0          0          0          1

 0.160876 -0.012954   0.98689  0.543934
 -0.94186  0.296841  0.157432   0.59816
-0.294989 -0.954839 0.0355538   1.69351
        0         0         0         1

  0.161951 -0.0104819   0.986743   0.544842
 -0.943806   0.290293   0.157988   0.602561
   -0.2881   -0.95688  0.0371204    1.70167
         0          0          0          1

   0.165589 -0.00446754    0.986185    0.544987
  -0.947105    0.278029    0.160287    0.609092
  -0.274904   -0.960562   0.0418073     1.70869
          0           0           0           1

   0.168601 -0.00136303    0.985683    0.546029
  -0.948779    0.270851    0.162663    0.613883
  -0.267195    -0.96262   0.0443724     1.71662
          0           0           0           1

 0.171035  0.005307  0.985251  0.548406
-0.952555  0.256418  0.163978  0.621648
-0.251766 -0.966551 0.0489117   1.72349
        0         0         0         1

  0.173394 0.00884328   0.984813   0.550674
 -0.953835    0.25049   0.165691   0.627771
  -0.24522  -0.968079  0.0518686    1.73293
         0          0          0          1

 0.183242 0.0128145  0.982984  0.552615
-0.958069  0.226388  0.175647  0.641234
-0.220285 -0.973953  0.053761   1.75283
        0         0         0         1

 0.189783 0.0158544  0.981698  0.551883
-0.959869  0.213269  0.182119  0.647438
-0.206478 -0.976865  0.055693   1.76059
        0         0         0         1

 0.195036 0.0164036  0.980659  0.552709
-0.962631  0.194745  0.188192  0.656463
-0.187892 -0.980717 0.0537729   1.77087
        0         0         0         1

 0.195689 0.0165458  0.980526   0.55707
-0.965112   0.18062  0.189565  0.665858
-0.173966 -0.983414 0.0513139   1.77953
        0         0         0         1

 0.200355 0.0198312  0.979523  0.559105
-0.967145  0.163698  0.194509  0.674674
-0.156489 -0.986311 0.0519774   1.79119
        0         0         0         1

 0.204015  0.023688  0.978681  0.560658
-0.969144  0.146158  0.198489  0.683459
 -0.13834 -0.988978 0.0527754   1.79883
        0         0         0         1

 0.208647 0.0278298  0.977595  0.566447
-0.972599   0.11073  0.204428  0.702833
 -0.10256 -0.993461 0.0501706   1.82229
        0         0         0         1

 0.215143 0.0308078  0.976097  0.565901
-0.973056 0.0916229  0.211581  0.711522
-0.0829145 -0.995317 0.0496897   1.82922
        0         0         0         1

 0.225722 0.0268183  0.973823  0.566548
-0.972013 0.0730181  0.223291  0.721508
-0.0651184  -0.99697 0.0425495   1.84231
        0         0         0         1

 0.231007 0.0204361  0.972737   0.56938
-0.971595 0.0576298  0.229525  0.731184
-0.0513681 -0.998129 0.0331685   1.85304
        0         0         0         1

 0.257599 0.0081117  0.966218  0.570139
 -0.96616 0.0159749   0.25745  0.754617
-0.0133469 -0.999839 0.0119523   1.87358
        0         0         0         1

  0.271156 0.00125527   0.962535   0.572504
 -0.962533 0.00253404   0.271152   0.764112
-0.00209873  -0.999996 0.00189536    1.88563
         0          0          0          1

    0.28342 -0.00479564    0.958984    0.578614
  -0.958792   -0.022043    0.283253    0.779632
  0.0197805   -0.999746  -0.0108455     1.89784
          0           0           0           1

   0.295175 -0.00891579    0.955402      0.5839
  -0.954872  -0.0373251    0.294663    0.791056
  0.0330333   -0.999263  -0.0195309     1.90943
          0           0           0           1

  0.320578 -0.0206863   0.946996   0.592175
 -0.944735 -0.0793763   0.318079     0.8188
 0.0685891   -0.99663 -0.0449894     1.9356
         0          0          0          1

   0.33252 -0.0255766   0.942749    0.59507
  -0.93933 -0.0982281   0.328649   0.830941
 0.0841988  -0.994835 -0.0566876    1.94702
         0          0          0          1

  0.343695 -0.0283178   0.938654   0.599014
 -0.932891  -0.124875   0.337817   0.847466
  0.107648  -0.991768 -0.0693364     1.9573
         0          0          0          1

  0.355906 -0.0305069   0.934024   0.601634
 -0.925901  -0.146953   0.348011   0.861653
  0.126641  -0.988673 -0.0805478    1.96488
         0          0          0          1

  0.370656 -0.0364392   0.928055   0.605276
 -0.916705  -0.174891   0.359256   0.879605
  0.149218  -0.983913 -0.0982285    1.97536
         0          0          0          1

 0.378163 -0.043559  0.924714  0.615466
-0.911373 -0.192808  0.363625  0.895773
 0.162453 -0.980269 -0.112612   1.98565
        0         0         0         1

 0.407476 -0.047694   0.91197  0.620033
-0.890717 -0.241062  0.385373    0.9306
 0.201461 -0.969337 -0.140709   2.00361
        0         0         0         1

   0.41748 -0.0523185   0.907179   0.626353
 -0.883436   -0.25708   0.391728     0.9453
  0.212723  -0.964973  -0.153546    2.01417
         0          0          0          1

  0.432444 -0.0567673   0.899872    0.63111
 -0.872195  -0.279389   0.401519   0.964317
  0.228621  -0.958498  -0.170332     2.0236
         0          0          0          1

  0.443518 -0.0593314   0.894299   0.633777
 -0.862021  -0.301417   0.407513   0.981903
  0.245379  -0.951645  -0.184829    2.02752
         0          0          0          1

  0.476175 -0.0713839   0.876448    0.64098
 -0.840104   -0.33137    0.42944    1.01383
  0.259774  -0.940797   -0.21776    2.05366
         0          0          0          1

  0.485757 -0.0809723   0.870335     0.6508
 -0.829825  -0.355575   0.430066    1.03431
  0.274646  -0.931134  -0.239916    2.05468
         0          0          0          1

  0.498767 -0.0865044   0.862408   0.655888
 -0.817975  -0.376011   0.435354    1.05735
  0.286615  -0.922569    -0.2583    2.06022
         0          0          0          1

  0.514478 -0.0835571   0.853423   0.652724
  -0.80115  -0.401675   0.443639    1.07402
  0.305729  -0.911962  -0.273595    2.05848
         0          0          0          1

  0.525921 -0.0989609   0.844756   0.670017
  -0.79285  -0.416577   0.444805    1.09867
  0.307888  -0.903698  -0.297548     2.0692
         0          0          0          1

  0.541637 -0.0919782   0.835566   0.664799
 -0.775599  -0.437984   0.454551    1.11562
  0.324155  -0.894265  -0.308566    2.06771
         0          0          0          1

 0.563176    -0.104  0.819767  0.684822
-0.750548 -0.479408  0.454803   1.16283
 0.345703 -0.871408 -0.348047   2.06829
        0         0         0         1

 0.573919 -0.107551  0.811819  0.692885
 -0.74388 -0.483002    0.4619   1.17756
 0.342433 -0.868989 -0.357209   2.07787
        0         0         0         1

 0.590325 -0.102798  0.800593  0.691104
 -0.73027 -0.490528  0.475487   1.19291
 0.343834 -0.865341 -0.364641   2.08906
        0         0         0         1

