  -0.418571   -0.848389     0.32409    0.387476
  -0.897328    0.441349 -0.00357718     1.08349
  -0.140002   -0.292312    -0.94602     2.16287
          0           0           0           1

-0.426337 -0.847747  0.315533  0.376385
-0.885145  0.462872 0.0476279   1.02798
-0.186428 -0.258987 -0.947718   2.12536
        0         0         0         1

-0.426337 -0.847747  0.315533  0.376385
-0.885145  0.462872 0.0476279   1.02798
-0.186428 -0.258987 -0.947718   2.12536
        0         0         0         1

-0.428768  -0.84588  0.317245  0.369445
-0.878998  0.471701 0.0697135  0.997707
-0.208614 -0.248967 -0.945778   2.09594
        0         0         0         1

-0.428768  -0.84588  0.317245  0.369445
-0.878998  0.471701 0.0697135  0.997707
-0.208614 -0.248967 -0.945778   2.09594
        0         0         0         1

-0.436823 -0.837954  0.327138  0.353657
-0.863083  0.492912  0.110116  0.940156
-0.253522 -0.234246 -0.938539   2.06987
        0         0         0         1

-0.436823 -0.837954  0.327138  0.353657
-0.863083  0.492912  0.110116  0.940156
-0.253522 -0.234246 -0.938539   2.06987
        0         0         0         1

-0.446295 -0.837195   0.31611    0.3514
-0.853135  0.504682  0.132127  0.912924
-0.270151 -0.210717 -0.939477   2.03914
        0         0         0         1

-0.446295 -0.837195   0.31611    0.3514
-0.853135  0.504682  0.132127  0.912924
-0.270151 -0.210717 -0.939477   2.03914
        0         0         0         1

-0.447793 -0.846234  0.288739  0.351753
 -0.84338  0.506998  0.177944  0.883027
-0.296972 -0.163835 -0.940726   2.01864
        0         0         0         1

-0.447793 -0.846234  0.288739  0.351753
 -0.84338  0.506998  0.177944  0.883027
-0.296972 -0.163835 -0.940726   2.01864
        0         0         0         1

 -0.45203 -0.855612  0.252186  0.344948
-0.830986  0.506696  0.229612  0.844429
 -0.32424 -0.105771 -0.940043   1.97574
        0         0         0         1

 -0.45203 -0.855612  0.252186  0.344948
-0.830986  0.506696  0.229612  0.844429
 -0.32424 -0.105771 -0.940043   1.97574
        0         0         0         1

   -0.4514   -0.86248   0.228837   0.337339
 -0.822804   0.501551   0.267282   0.815961
 -0.345299 -0.0676372  -0.936052    1.95285
         0          0          0          1

   -0.4514   -0.86248   0.228837   0.337339
 -0.822804   0.501551   0.267282   0.815961
 -0.345299 -0.0676372  -0.936052    1.95285
         0          0          0          1

  -0.46547  -0.860168   0.208444   0.341035
 -0.810625   0.508868   0.289723   0.799484
 -0.355281 -0.0341129  -0.934137    1.92296
         0          0          0          1

  -0.46547  -0.860168   0.208444   0.341035
 -0.810625   0.508868   0.289723   0.799484
 -0.355281 -0.0341129  -0.934137    1.92296
         0          0          0          1

-0.477946 -0.858417  0.186247  0.342902
-0.791158  0.512813  0.333304  0.768934
-0.381623 0.0119506 -0.924241   1.89343
        0         0         0         1

-0.477946 -0.858417  0.186247  0.342902
-0.791158  0.512813  0.333304  0.768934
-0.381623 0.0119506 -0.924241   1.89343
        0         0         0         1

-0.472712 -0.861925  0.183379  0.332877
-0.783945  0.506366  0.359198  0.746406
-0.402459 0.0260381 -0.915067   1.86826
        0         0         0         1

-0.472712 -0.861925  0.183379  0.332877
-0.783945  0.506366  0.359198  0.746406
-0.402459 0.0260381 -0.915067   1.86826
        0         0         0         1

 -0.48318 -0.856809  0.180042  0.334873
-0.766857  0.513391  0.385176   0.72504
-0.422454 0.0480425  -0.90511   1.83559
        0         0         0         1

 -0.48318 -0.856809  0.180042  0.334873
-0.766857  0.513391  0.385176   0.72504
-0.422454 0.0480425  -0.90511   1.83559
        0         0         0         1

-0.486478 -0.855843  0.175701  0.333584
 -0.75761  0.513388  0.403063  0.710681
-0.435161  0.062969 -0.898148   1.81492
        0         0         0         1

-0.486478 -0.855843  0.175701  0.333584
 -0.75761  0.513388  0.403063  0.710681
-0.435161  0.062969 -0.898148   1.81492
        0         0         0         1

-0.485421 -0.858322  0.166283  0.330772
-0.749605  0.506485  0.426104  0.695394
-0.449954 0.0821932 -0.889261   1.79434
        0         0         0         1

-0.485421 -0.858322  0.166283  0.330772
-0.749605  0.506485  0.426104  0.695394
-0.449954 0.0821932 -0.889261   1.79434
        0         0         0         1

-0.485557 -0.860843  0.152262  0.330348
-0.736415  0.496631  0.459403  0.676102
-0.471092  0.110938  -0.87508   1.76662
        0         0         0         1

-0.485557 -0.860843  0.152262  0.330348
-0.736415  0.496631  0.459403  0.676102
-0.471092  0.110938  -0.87508   1.76662
        0         0         0         1

-0.490199 -0.859936  0.142183  0.330356
-0.730594  0.494347  0.471013  0.667238
-0.475329  0.127012 -0.870592   1.74668
        0         0         0         1

-0.490199 -0.859936  0.142183  0.330356
-0.730594  0.494347  0.471013  0.667238
-0.475329  0.127012 -0.870592   1.74668
        0         0         0         1

-0.496836 -0.859353  0.121107  0.327744
-0.725301  0.487795  0.485793  0.650339
-0.476543  0.153521 -0.865643   1.72377
        0         0         0         1

-0.496836 -0.859353  0.121107  0.327744
-0.725301  0.487795  0.485793  0.650339
-0.476543  0.153521 -0.865643   1.72377
        0         0         0         1

-0.504604 -0.856245  0.110542  0.328448
-0.721122  0.488409  0.491364  0.643567
-0.474718   0.16823 -0.863911   1.70749
        0         0         0         1

-0.504604 -0.856245  0.110542  0.328448
-0.721122  0.488409  0.491364  0.643567
-0.474718   0.16823 -0.863911   1.70749
        0         0         0         1

-0.504604 -0.856245  0.110542  0.328448
-0.721122  0.488409  0.491364  0.643567
-0.474718   0.16823 -0.863911   1.70749
        0         0         0         1

-0.505794  -0.85731 0.0958776  0.326199
-0.714049  0.478434  0.511111  0.630774
-0.484052  0.190056  -0.85415   1.68684
        0         0         0         1

-0.509393 -0.855115 0.0964187  0.327957
-0.707611  0.479994  0.518548  0.628404
-0.489699  0.195918 -0.849595   1.67033
        0         0         0         1

-0.509393 -0.855115 0.0964187  0.327957
-0.707611  0.479994  0.518548  0.628404
-0.489699  0.195918 -0.849595   1.67033
        0         0         0         1

-0.510655 -0.854368 0.0963683  0.327887
-0.700471  0.478407  0.529592  0.623764
-0.498569  0.202936 -0.842761   1.65781
        0         0         0         1

-0.510655 -0.854368 0.0963683  0.327887
-0.700471  0.478407  0.529592  0.623764
-0.498569  0.202936 -0.842761   1.65781
        0         0         0         1

-0.512031 -0.853838 0.0937329  0.325249
-0.693807  0.475444  0.540912  0.615217
-0.506416  0.211931  -0.83584   1.64144
        0         0         0         1

-0.512031 -0.853838 0.0937329  0.325249
-0.693807  0.475444  0.540912  0.615217
-0.506416  0.211931  -0.83584   1.64144
        0         0         0         1

-0.514863  -0.85234 0.0918238  0.324685
-0.689899  0.475539  0.545804  0.611667
-0.508877  0.217665 -0.832866   1.63175
        0         0         0         1

-0.514863  -0.85234 0.0918238  0.324685
-0.689899  0.475539  0.545804  0.611667
-0.508877  0.217665 -0.832866   1.63175
        0         0         0         1

-0.519368  -0.84976 0.0903533  0.324785
-0.685287  0.477328  0.550036  0.610373
-0.510527  0.223753 -0.830239   1.62226
        0         0         0         1

-0.519368  -0.84976 0.0903533  0.324785
-0.685287  0.477328  0.550036  0.610373
-0.510527  0.223753 -0.830239   1.62226
        0         0         0         1

-0.526397 -0.846286 0.0818911  0.325414
-0.683839  0.478642  0.550697  0.610131
-0.505243  0.233885 -0.830679   1.60906
        0         0         0         1

-0.526397 -0.846286 0.0818911  0.325414
-0.683839  0.478642  0.550697  0.610131
-0.505243  0.233885 -0.830679   1.60906
        0         0         0         1

-0.532682 -0.842786 0.0772073  0.328026
-0.683776  0.482339  0.547539  0.611819
-0.498699  0.238872  -0.83321   1.60202
        0         0         0         1

-0.532682 -0.842786 0.0772073  0.328026
-0.683776  0.482339  0.547539  0.611819
-0.498699  0.238872  -0.83321   1.60202
        0         0         0         1

-0.537091 -0.840857 0.0670231   0.32637
-0.688951  0.483129  0.540309  0.609494
-0.486704  0.244019 -0.838793   1.59642
        0         0         0         1

-0.537091 -0.840857 0.0670231   0.32637
-0.688951  0.483129  0.540309  0.609494
-0.486704  0.244019 -0.838793   1.59642
        0         0         0         1

-0.543442 -0.837626 0.0552525  0.328328
-0.691481     0.484  0.536281  0.609895
-0.475946  0.253232 -0.842229   1.59688
        0         0         0         1

-0.543442 -0.837626 0.0552525  0.328328
-0.691481     0.484  0.536281  0.609895
-0.475946  0.253232 -0.842229   1.59688
        0         0         0         1

-0.541776 -0.838772 0.0542167  0.326748
-0.698208  0.485019  0.526558  0.609936
-0.467958  0.247422 -0.848409   1.59738
        0         0         0         1

-0.541776 -0.838772 0.0542167  0.326748
-0.698208  0.485019  0.526558  0.609936
-0.467958  0.247422 -0.848409   1.59738
        0         0         0         1

-0.539469  -0.83966 0.0628002  0.325959
-0.699104  0.488233  0.522381  0.610453
-0.469284  0.237905 -0.850396    1.5981
        0         0         0         1

-0.539469  -0.83966 0.0628002  0.325959
-0.699104  0.488233  0.522381  0.610453
-0.469284  0.237905 -0.850396    1.5981
        0         0         0         1

-0.536272 -0.841339 0.0675434  0.324734
-0.700664  0.488364  0.520164  0.610941
 -0.47062  0.231624 -0.851392   1.60151
        0         0         0         1

-0.536272 -0.841339 0.0675434  0.324734
-0.700664  0.488364  0.520164  0.610941
 -0.47062  0.231624 -0.851392   1.60151
        0         0         0         1

 -0.53027 -0.843234 0.0881527  0.321643
-0.699888  0.494051  0.515821   0.61371
-0.478509  0.211827 -0.852149   1.60565
        0         0         0         1

 -0.53027 -0.843234 0.0881527  0.321643
-0.699888  0.494051  0.515821   0.61371
-0.478509  0.211827 -0.852149   1.60565
        0         0         0         1

-0.526518 -0.843593  0.105493  0.319902
-0.699209  0.500269  0.510722  0.617245
-0.483617  0.195142 -0.853249   1.61068
        0         0         0         1

-0.526518 -0.843593  0.105493  0.319902
-0.699209  0.500269  0.510722  0.617245
-0.483617  0.195142 -0.853249   1.61068
        0         0         0         1

-0.523033 -0.843922  0.119296  0.317768
-0.703372  0.506434  0.498791  0.623567
-0.481357  0.176974 -0.858473   1.62127
        0         0         0         1

-0.523033 -0.843922  0.119296  0.317768
-0.703372  0.506434  0.498791  0.623567
-0.481357  0.176974 -0.858473   1.62127
        0         0         0         1

-0.523408 -0.841991  0.130746  0.319967
-0.705222  0.514187  0.488133   0.63119
-0.478231  0.163288 -0.862921   1.62914
        0         0         0         1

-0.523408 -0.841991  0.130746  0.319967
-0.705222  0.514187  0.488133   0.63119
-0.478231  0.163288 -0.862921   1.62914
        0         0         0         1

-0.515777 -0.846053  0.134794  0.317707
-0.713611  0.511328  0.478856  0.634387
-0.474062  0.150793 -0.867483   1.64017
        0         0         0         1

-0.515777 -0.846053  0.134794  0.317707
-0.713611  0.511328  0.478856  0.634387
-0.474062  0.150793 -0.867483   1.64017
        0         0         0         1

-0.503431 -0.851289  0.147864  0.315679
-0.728275  0.510158  0.457553  0.644745
-0.464944  0.122661 -0.876802   1.65614
        0         0         0         1

-0.503431 -0.851289  0.147864  0.315679
-0.728275  0.510158  0.457553  0.644745
-0.464944  0.122661 -0.876802   1.65614
        0         0         0         1

 -0.49129 -0.857653  0.151871  0.313716
-0.741861  0.503402  0.442977  0.651074
-0.456373  0.104963 -0.883576   1.67018
        0         0         0         1

 -0.49129 -0.857653  0.151871  0.313716
-0.741861  0.503402  0.442977  0.651074
-0.456373  0.104963 -0.883576   1.67018
        0         0         0         1

-0.483701  -0.86103  0.157037  0.315991
-0.756716  0.501573  0.419291  0.662371
-0.439788 0.0839788 -0.894167    1.6832
        0         0         0         1

-0.483701  -0.86103  0.157037  0.315991
-0.756716  0.501573  0.419291  0.662371
-0.439788 0.0839788 -0.894167    1.6832
        0         0         0         1

-0.465645 -0.870138  0.161354  0.315207
-0.780142  0.489683  0.389344  0.676122
-0.417795  0.055417  -0.90685   1.71321
        0         0         0         1

-0.465645 -0.870138  0.161354  0.315207
-0.780142  0.489683  0.389344  0.676122
-0.417795  0.055417  -0.90685   1.71321
        0         0         0         1

-0.446937 -0.878473  0.168917  0.310856
 -0.79897  0.476926  0.366317  0.686097
-0.402361 0.0287616 -0.915029    1.7301
        0         0         0         1

-0.446937 -0.878473  0.168917  0.310856
 -0.79897  0.476926  0.366317  0.686097
-0.402361 0.0287616 -0.915029    1.7301
        0         0         0         1

  -0.427488   -0.886708    0.176078    0.311487
  -0.823904    0.462304    0.327807    0.706765
  -0.372071 -0.00493751   -0.928191     1.76342
          0           0           0           1

  -0.427488   -0.886708    0.176078    0.311487
  -0.823904    0.462304    0.327807    0.706765
  -0.372071 -0.00493751   -0.928191     1.76342
          0           0           0           1

 -0.424759  -0.886571   0.183228   0.320576
 -0.837521   0.461664   0.292277   0.729259
 -0.343714 -0.0293099  -0.938617    1.78563
         0          0          0          1

 -0.424759  -0.886571   0.183228   0.320576
 -0.837521   0.461664   0.292277   0.729259
 -0.343714 -0.0293099  -0.938617    1.78563
         0          0          0          1

 -0.405026  -0.893676   0.193125   0.313572
 -0.854586   0.445116   0.267495   0.741686
 -0.325017 -0.0566996  -0.944007    1.81198
         0          0          0          1

 -0.405026  -0.893676   0.193125   0.313572
 -0.854586   0.445116   0.267495   0.741686
 -0.325017 -0.0566996  -0.944007    1.81198
         0          0          0          1

 -0.385953  -0.898489   0.209186   0.315853
 -0.877356   0.427577   0.217773   0.772378
 -0.285109 -0.0994805  -0.953319    1.85108
         0          0          0          1

 -0.385953  -0.898489   0.209186   0.315853
 -0.877356   0.427577   0.217773   0.772378
 -0.285109 -0.0994805  -0.953319    1.85108
         0          0          0          1

-0.366566 -0.904085  0.219682  0.311636
-0.893642  0.407838  0.187277  0.790388
-0.258909 -0.127668 -0.957427   1.87865
        0         0         0         1

-0.366566 -0.904085  0.219682  0.311636
-0.893642  0.407838  0.187277  0.790388
-0.258909 -0.127668 -0.957427   1.87865
        0         0         0         1

-0.351403 -0.909152  0.223512  0.316752
-0.912194  0.386226  0.136861  0.825253
-0.210754 -0.155793 -0.965045   1.92876
        0         0         0         1

-0.351403 -0.909152  0.223512  0.316752
-0.912194  0.386226  0.136861  0.825253
-0.210754 -0.155793 -0.965045   1.92876
        0         0         0         1

-0.344533 -0.911755  0.223605  0.322867
 -0.92177  0.373685  0.103438   0.85167
-0.177868 -0.170475 -0.969176   1.96463
        0         0         0         1

-0.344533 -0.911755  0.223605  0.322867
 -0.92177  0.373685  0.103438   0.85167
-0.177868 -0.170475 -0.969176   1.96463
        0         0         0         1

-0.335931 -0.910315  0.241823  0.322821
 -0.93208  0.358242 0.0537523  0.882892
-0.135562 -0.207341  -0.96883   1.98436
        0         0         0         1

-0.335931 -0.910315  0.241823  0.322821
 -0.93208  0.358242 0.0537523  0.882892
-0.135562 -0.207341  -0.96883   1.98436
        0         0         0         1

 -0.330306  -0.907592    0.25918   0.331562
 -0.940909   0.338361 -0.0142551   0.933198
-0.0747585  -0.248573  -0.965724    2.02855
         0          0          0          1

 -0.330306  -0.907592    0.25918   0.331562
 -0.940909   0.338361 -0.0142551   0.933198
-0.0747585  -0.248573  -0.965724    2.02855
         0          0          0          1

-0.330323 -0.905404  0.266702  0.340335
-0.942956  0.328976 -0.051083  0.964658
-0.0414876 -0.268362 -0.962424   2.06498
        0         0         0         1

-0.330323 -0.905404  0.266702  0.340335
-0.942956  0.328976 -0.051083  0.964658
-0.0414876 -0.268362 -0.962424   2.06498
        0         0         0         1

 -0.32529 -0.903182  0.280086  0.348847
-0.945591  0.308615 -0.103026   1.01135
0.00661253  -0.29836 -0.954431   2.11931
        0         0         0         1

 -0.32529 -0.903182  0.280086  0.348847
-0.945591  0.308615 -0.103026   1.01135
0.00661253  -0.29836 -0.954431   2.11931
        0         0         0         1

-0.327408 -0.900883   0.28498   0.35689
-0.943758  0.297076 -0.145143   1.04494
0.0460961 -0.316474 -0.947481   2.15744
        0         0         0         1

-0.327408 -0.900883   0.28498   0.35689
-0.943758  0.297076 -0.145143   1.04494
0.0460961 -0.316474 -0.947481   2.15744
        0         0         0         1

-0.327816 -0.896763  0.297241   0.36336
-0.940964  0.281815 -0.187531    1.0819
0.0844041 -0.341169 -0.936205    2.1826
        0         0         0         1

-0.327816 -0.896763  0.297241   0.36336
-0.940964  0.281815 -0.187531    1.0819
0.0844041 -0.341169 -0.936205    2.1826
        0         0         0         1

-0.315829 -0.893491  0.319258   0.35414
-0.939023  0.246123 -0.240125    1.1276
 0.135973 -0.375629 -0.916741   2.22483
        0         0         0         1

-0.315829 -0.893491  0.319258   0.35414
-0.939023  0.246123 -0.240125    1.1276
 0.135973 -0.375629 -0.916741   2.22483
        0         0         0         1

-0.339106 -0.884795    0.3196  0.375445
-0.921791  0.244652 -0.300745   1.18136
 0.187907 -0.396589 -0.898559   2.23791
        0         0         0         1

-0.339106 -0.884795    0.3196  0.375445
-0.921791  0.244652 -0.300745   1.18136
 0.187907 -0.396589 -0.898559   2.23791
        0         0         0         1

