 0.218081 -0.767889  0.602318  0.406413
-0.958776 -0.283784 -0.014649   1.08613
 0.182177 -0.574294 -0.798121   1.98673
        0         0         0         1

  0.212469  -0.771772   0.599354   0.407502
 -0.964451  -0.264257 0.00161765    1.06011
  0.157135  -0.578392  -0.800482    1.98136
         0          0          0          1

 0.211597 -0.767051   0.60569  0.403655
-0.966104 -0.257926 0.0108671    1.0457
 0.147887 -0.587458 -0.795627   1.97644
        0         0         0         1

 0.208775 -0.764113  0.610364   0.40033
-0.970527 -0.238705 0.0331341   1.01771
 0.120379 -0.599292 -0.791428   1.97135
        0         0         0         1

 0.205613 -0.761295  0.614941  0.400062
-0.971623 -0.233882 0.0353292   1.00962
 0.116928 -0.604755 -0.787781   1.96151
        0         0         0         1

 0.200503 -0.756559  0.622429  0.396899
-0.977002 -0.201472 0.0698345  0.969894
0.0725678 -0.622116 -0.779555   1.94269
        0         0         0         1

 0.198026 -0.760209  0.618763  0.397762
-0.978398 -0.191521 0.0778206  0.959792
0.0593464 -0.620807 -0.781714    1.9365
        0         0         0         1

 0.194224 -0.761843  0.617958  0.394914
-0.980456 -0.170888 0.0974803  0.936741
0.0313369 -0.624814 -0.780145    1.9248
        0         0         0         1

 0.185845 -0.766074  0.615299  0.400699
-0.982386 -0.157266  0.100918  0.930371
0.0194555 -0.623216 -0.781807   1.91916
        0         0         0         1

 0.171408  -0.77249  0.611455  0.403313
-0.985115 -0.126214  0.116702  0.899487
-0.0129773 -0.622357 -0.782626   1.89101
        0         0         0         1

 0.173107 -0.774158  0.608862  0.400992
-0.984505 -0.118427  0.129328  0.888285
-0.0280146 -0.621815 -0.782663   1.88543
        0         0         0         1

  0.167487  -0.782784   0.599331   0.403209
 -0.984118 -0.0964768    0.14901   0.868839
-0.0588214   -0.61477   -0.78651    1.87473
         0          0          0          1

  0.165739  -0.785452   0.596318   0.402125
 -0.983537 -0.0875019   0.158108   0.859516
-0.0720069  -0.612706  -0.787024    1.86857
         0          0          0          1

  0.156522  -0.793625   0.587929    0.40518
 -0.983118 -0.0680789   0.169835   0.843234
-0.0947597  -0.604587  -0.790883    1.85253
         0          0          0          1

  0.157548  -0.797797   0.581978   0.402144
 -0.981119 -0.0595092   0.184022   0.830848
 -0.112179  -0.599982   -0.79211     1.8491
         0          0          0          1

  0.143437  -0.809578   0.569219   0.403619
 -0.977659 -0.0266168   0.208503   0.801159
 -0.153648  -0.586409  -0.795309    1.82235
         0          0          0          1

  0.138978  -0.812864    0.56563   0.405691
 -0.976206 -0.0164493   0.216219   0.793611
 -0.166452  -0.582221  -0.795809    1.81625
         0          0          0          1

   0.138063   -0.814714    0.563187    0.401222
  -0.971902 -0.00199044    0.235378    0.773251
  -0.190645   -0.579859   -0.792097     1.80061
          0           0           0           1

  0.132093  -0.818359   0.559321   0.404488
  -0.97036 0.00844151   0.241518   0.767405
  -0.20237  -0.574645  -0.792988    1.79409
         0          0          0          1

 0.124374 -0.820122  0.558507  0.405024
-0.963991  0.033469  0.263819  0.741965
-0.235056 -0.571209 -0.786428   1.76321
        0         0         0         1

 0.117146 -0.821906  0.557448  0.407555
-0.962624 0.0440475  0.267237   0.73687
-0.244197 -0.567918 -0.786026   1.75552
        0         0         0         1

 0.108994 -0.826036  0.552979  0.409786
-0.958087 0.0609685  0.279916  0.724031
-0.264935 -0.560311 -0.784768     1.741
        0         0         0         1

 0.108799 -0.825727  0.553478   0.40914
-0.955928 0.0658338  0.286127  0.716802
  -0.2727 -0.560215 -0.782172   1.73194
        0         0         0         1

  0.11117 -0.827622  0.550166  0.405159
-0.949918 0.0741981  0.303564  0.700109
-0.292058  -0.55636 -0.777924   1.71659
        0         0         0         1

 0.108939 -0.827692  0.550508  0.405363
-0.947941 0.0802079   0.30818  0.694788
-0.299233 -0.555421 -0.775865   1.70702
        0         0         0         1

 0.102922  -0.83316   0.54337  0.404584
 -0.93835 0.0999106  0.330933  0.673341
-0.330008 -0.543932 -0.771513   1.67818
        0         0         0         1

0.0990158 -0.833961  0.542868   0.40683
-0.935904  0.107287  0.335519   0.66977
-0.338052 -0.541294 -0.769884   1.66945
        0         0         0         1

0.0955613  -0.83674  0.539197  0.408641
-0.929273   0.11918   0.34964  0.660001
-0.356819 -0.534473 -0.766171   1.65454
        0         0         0         1

0.0936546 -0.838183  0.537287  0.408652
-0.926045  0.124838   0.35617  0.655024
 -0.36561 -0.530909 -0.764503   1.64736
        0         0         0         1

0.0921137 -0.843069  0.529858  0.409661
-0.915309  0.137833  0.378433  0.640355
-0.392077 -0.519843 -0.758973    1.6194
        0         0         0         1

0.0901907 -0.845846  0.525748  0.410838
-0.911414  0.142711  0.385951  0.636379
-0.401485 -0.513983 -0.758044   1.61339
        0         0         0         1

0.0845963 -0.848791  0.521917  0.415468
-0.904777  0.153983  0.397075  0.632133
  -0.4174 -0.505809  -0.75494   1.59771
        0         0         0         1

0.0860819 -0.851477  0.517278  0.415259
-0.900341  0.155827  0.406331  0.628096
-0.426587 -0.500704 -0.753206    1.5906
        0         0         0         1

0.0849138 -0.856458  0.509186  0.417224
-0.892654   0.16165   0.42076  0.622788
-0.442673 -0.490255 -0.750794   1.57685
        0         0         0         1

0.0853859 -0.858269  0.506047  0.417985
-0.888613   0.16412  0.428289  0.620474
 -0.45064  -0.48625 -0.748655   1.57086
        0         0         0         1

0.0885428 -0.863138  0.497145  0.422087
-0.876921  0.169163  0.449881  0.613566
-0.472408  -0.47579 -0.741926   1.54852
        0         0         0         1

0.0900209 -0.863701  0.495901  0.423079
 -0.87412  0.170106  0.454949  0.611955
-0.477295 -0.474432 -0.739665   1.54214
        0         0         0         1

0.0972822 -0.864178  0.493692  0.423723
-0.868365  0.168671   0.46636  0.608164
 -0.48629 -0.474074 -0.734014   1.52963
        0         0         0         1

0.0956925 -0.864454  0.493521  0.427067
-0.865859  0.172296  0.469682  0.608063
 -0.49105 -0.472265 -0.732008   1.52617
        0         0         0         1

 0.105645 -0.864649  0.491143  0.430805
-0.859148  0.169327    0.4829  0.603895
-0.500703  -0.47298 -0.724973   1.51133
        0         0         0         1

 0.109225 -0.863915   0.49165  0.432054
-0.858092  0.167714  0.485336  0.603094
-0.501745 -0.474892    -0.723   1.50712
        0         0         0         1

 0.113535 -0.862007  0.494018  0.437239
-0.857116  0.166484  0.487479   0.60327
-0.502456 -0.478776 -0.719938   1.49957
        0         0         0         1

 0.117639 -0.861901  0.493242  0.438843
-0.856512  0.163291  0.489616  0.602428
-0.502542 -0.480066 -0.719019   1.49685
        0         0         0         1

 0.126427 -0.865393  0.484883  0.444139
-0.858541  0.149401  0.490496  0.602307
-0.496913 -0.478304 -0.724087   1.49138
        0         0         0         1

 0.133241 -0.868803  0.476894  0.445816
-0.859675  0.138121  0.491814  0.601119
-0.493159 -0.475504 -0.728485   1.48919
        0         0         0         1

 0.150966 -0.880763   0.44885  0.456448
-0.865862  0.101262  0.489928   0.60174
-0.476961 -0.462605 -0.747332   1.48649
        0         0         0         1

 0.158866 -0.884608   0.43844  0.457847
-0.868334 0.0861441  0.488442   0.60081
-0.469849 -0.458309  -0.75445    1.4869
        0         0         0         1

 0.175061 -0.892825  0.414991  0.460373
-0.873548 0.0535822  0.483779   0.59914
-0.454166 -0.447206 -0.770545   1.48754
        0         0         0         1

   0.1806 -0.896065  0.405526  0.462242
-0.873929 0.0429697   0.48415  0.598676
-0.451255 -0.441839 -0.775337   1.48919
        0         0         0         1

  0.203881  -0.902462   0.379466   0.468062
 -0.877633 0.00327291   0.479321    0.59792
 -0.433811  -0.430756  -0.791364    1.49233
         0          0          0          1

   0.208706   -0.904008    0.373109    0.470359
  -0.879097 -0.00624828    0.476601    0.598253
   -0.42852   -0.427469   -0.796016     1.49345
          0           0           0           1

  0.220937  -0.905976   0.361102   0.474319
 -0.881458 -0.0270336   0.471488   0.598689
 -0.417395  -0.422465  -0.804552    1.49617
         0          0          0          1

  0.228586  -0.906319   0.355436   0.475329
 -0.880894 -0.0371242   0.471855   0.598489
 -0.414456  -0.420961  -0.806857    1.49794
         0          0          0          1

  0.238846  -0.907116   0.346544   0.479943
 -0.882531 -0.0539067   0.467154   0.599886
 -0.405082  -0.417414  -0.813434    1.49939
         0          0          0          1

  0.245487  -0.907146   0.341794    0.48149
 -0.882829 -0.0635626   0.465374   0.600442
 -0.400437  -0.415989  -0.816458    1.49869
         0          0          0          1

  0.260514  -0.910262   0.321801   0.486366
 -0.879406 -0.0861583   0.468211   0.602413
 -0.398469  -0.404969  -0.822935    1.49927
         0          0          0          1

  0.266402  -0.908981   0.320598   0.485813
 -0.877979 -0.0915989   0.469853   0.602241
 -0.397721  -0.406648  -0.822469    1.49811
         0          0          0          1

   0.27181  -0.906941   0.321834   0.486188
 -0.876804 -0.0955481   0.471259   0.602129
 -0.396654  -0.410278  -0.821181    1.49601
         0          0          0          1

  0.271509  -0.906248   0.324032   0.486787
 -0.877301 -0.0945986   0.470526   0.602537
  -0.39576  -0.412026  -0.820737    1.49548
         0          0          0          1

  0.274867  -0.904231   0.326824   0.485868
 -0.875899 -0.0952984    0.47299   0.601134
 -0.396546  -0.416274   -0.81821    1.49572
         0          0          0          1

  0.275371  -0.902732   0.330524   0.485753
 -0.876914 -0.0949839   0.471168   0.601149
 -0.393944  -0.419587  -0.817774    1.49508
         0          0          0          1

   0.27761  -0.897534   0.342587   0.484805
 -0.878291 -0.0926154    0.46907   0.598755
 -0.389278   -0.43111  -0.814007    1.49553
         0          0          0          1

  0.278423  -0.896121   0.345613   0.484652
  -0.87873 -0.0924119   0.468288   0.598119
 -0.387704  -0.434082  -0.813178    1.49565
         0          0          0          1

   0.27864  -0.894021   0.350837   0.484935
  -0.87953 -0.0908239   0.467095   0.597213
 -0.385728  -0.438723  -0.811625    1.49554
         0          0          0          1

  0.280034  -0.893401   0.351306   0.484558
 -0.878688 -0.0911534   0.468613   0.596105
 -0.386636  -0.439916  -0.810547    1.49609
         0          0          0          1

  0.284158    -0.8911    0.35383   0.483668
  -0.87702 -0.0924601   0.471473   0.592562
 -0.387415  -0.444289  -0.807785    1.49604
         0          0          0          1

  0.283774  -0.891082   0.354182   0.484357
 -0.877059 -0.0918948   0.471511   0.592255
 -0.387608  -0.444441  -0.807609    1.49602
         0          0          0          1

 0.283616 -0.891147  0.354146  0.485314
-0.876516 -0.091118  0.472671  0.591326
 -0.38895 -0.444472 -0.806946   1.49658
        0         0         0         1

  0.283294  -0.891284   0.354058   0.485678
 -0.876024 -0.0902494   0.473748   0.590835
  -0.39029  -0.444373  -0.806353    1.49704
         0          0          0          1

   0.28511  -0.890938   0.353471   0.484577
 -0.874752 -0.0911099   0.475929    0.58897
 -0.391818  -0.444892  -0.805326     1.4968
         0          0          0          1

  0.285466  -0.890657   0.353893   0.484604
 -0.874575 -0.0910744    0.47626   0.588685
 -0.391953  -0.445462  -0.804945    1.49612
         0          0          0          1

  0.284957  -0.891533   0.352091   0.485404
 -0.873488 -0.0902529   0.478407    0.58799
 -0.394739  -0.443872  -0.804462    1.49568
         0          0          0          1

  0.285015  -0.892315   0.350059   0.484848
 -0.872128 -0.0898877   0.480951   0.587262
 -0.397693  -0.442374  -0.803832    1.49634
         0          0          0          1

  0.283631  -0.893424   0.348349   0.484172
 -0.870924 -0.0879776   0.483479   0.586736
 -0.401305  -0.440515  -0.803057    1.49632
         0          0          0          1

  0.282491  -0.894245   0.347168   0.483843
 -0.870477 -0.0868957   0.484479   0.586481
 -0.403075  -0.439062  -0.802966    1.49611
         0          0          0          1

  0.280065  -0.895048   0.347063   0.480809
 -0.867738 -0.0813977   0.490311   0.584883
 -0.410601  -0.438479  -0.799464    1.49518
         0          0          0          1

  0.278268  -0.895008   0.348607    0.48023
 -0.867766 -0.0786671   0.490707   0.585123
 -0.411763  -0.439058  -0.798548    1.49433
         0          0          0          1

  0.274865  -0.895629   0.349712   0.478435
 -0.866462 -0.0730767   0.493866   0.584728
 -0.416764  -0.438759  -0.796114    1.49357
         0          0          0          1

  0.273154  -0.895226   0.352076   0.477708
 -0.866284 -0.0697857   0.494653   0.584959
 -0.418256  -0.440114  -0.794582    1.49259
         0          0          0          1

  0.268215  -0.895575   0.354974   0.476594
 -0.865382 -0.0620797   0.497252   0.585528
  -0.42329  -0.440559  -0.791665    1.49071
         0          0          0          1

  0.260851  -0.899384   0.350806   0.474381
 -0.862689 -0.0540767   0.502835   0.587156
 -0.433272  -0.433802  -0.789995    1.48577
         0          0          0          1

  0.260851  -0.899384   0.350806   0.474381
 -0.862689 -0.0540767   0.502835   0.587156
 -0.433272  -0.433802  -0.789995    1.48577
         0          0          0          1

  0.259656  -0.900983   0.347576   0.473925
 -0.861727 -0.0537113   0.504521   0.587354
 -0.435896  -0.430518  -0.790348    1.48524
         0          0          0          1

  0.256881  -0.903961   0.341859   0.473753
 -0.860257 -0.0526747   0.507133   0.588771
 -0.440421  -0.424359  -0.791169     1.4837
         0          0          0          1

  0.257035  -0.905713   0.337072   0.473145
 -0.858541 -0.0538801   0.509906   0.588839
 -0.443667  -0.420453  -0.791441    1.48334
         0          0          0          1

    0.2562  -0.911035   0.323075   0.474733
 -0.853933 -0.0566999   0.517285   0.592977
 -0.452947  -0.408413  -0.792489    1.47991
         0          0          0          1

  0.256805  -0.912883   0.317326   0.475433
 -0.852181 -0.0590039   0.519909   0.593955
 -0.455893  -0.403935  -0.793094     1.4793
         0          0          0          1

  0.251536  -0.918941   0.303772   0.479236
 -0.850611 -0.0601631   0.522342   0.597546
 -0.461726   -0.38978  -0.796794     1.4795
         0          0          0          1

  0.253163   -0.92136   0.294965   0.479351
 -0.848602 -0.0650935   0.525012   0.597949
 -0.464525  -0.383222  -0.798347    1.48005
         0          0          0          1

  0.251264  -0.926473   0.280204   0.480652
 -0.846642 -0.0700663    0.52753    0.59966
 -0.469109  -0.369781  -0.801997    1.48128
         0          0          0          1

  0.249558  -0.928279   0.275716   0.481203
 -0.847067 -0.0712905   0.526683   0.600945
 -0.469253  -0.364987  -0.804106    1.48077
         0          0          0          1

  0.241856   -0.93028   0.275833   0.483406
 -0.845132 -0.0622995   0.530915   0.605853
 -0.476716  -0.361521  -0.801277    1.48308
         0          0          0          1

  0.239875  -0.930122   0.278088    0.48345
 -0.844674 -0.0587678   0.532045   0.606916
 -0.478524  -0.362518  -0.799747    1.48441
         0          0          0          1

  0.236807  -0.928606   0.285681   0.482529
 -0.844307 -0.0512095   0.533407   0.608643
 -0.480696  -0.367517  -0.796155    1.48547
         0          0          0          1

  0.233632  -0.928102   0.289903   0.483213
 -0.845039 -0.0463298   0.532693   0.610494
 -0.480962  -0.369433  -0.795107    1.48611
         0          0          0          1

  0.229721  -0.923622   0.306839   0.482331
 -0.846494 -0.0340302    0.53131   0.614437
 -0.480288   -0.38179  -0.789658    1.48926
         0          0          0          1

  0.227718  -0.923087   0.309926   0.483192
 -0.847108 -0.0308515   0.530524   0.615896
 -0.480158  -0.383351  -0.788981    1.49122
         0          0          0          1

  0.223809  -0.922411   0.314751   0.484058
 -0.846985 -0.0242955   0.531061   0.618369
  -0.48221  -0.385446  -0.786706    1.49619
         0          0          0          1

  0.222965  -0.921499   0.318004    0.48365
 -0.846367 -0.0211339   0.532181   0.619224
 -0.483683  -0.387806  -0.784638    1.49724
         0          0          0          1

    0.21678   -0.918185    0.331576    0.484823
  -0.845696 -0.00696431    0.533619    0.623024
  -0.487652    -0.39609   -0.778015     1.50056
          0           0           0           1

    0.218021    -0.914103     0.341881     0.483884
   -0.844223 -0.000888596     0.535992     0.623889
   -0.489648    -0.405481      -0.7719      1.50183
           0            0            0            1

  0.216476  -0.909222   0.355603    0.48406
 -0.847672 0.00565684    0.53049   0.630124
 -0.484345  -0.416273  -0.769498    1.50562
         0          0          0          1

  0.213065   -0.91227    0.34981   0.485718
 -0.847314 0.00574118   0.531062   0.632764
  -0.48648  -0.409549  -0.771755    1.50902
         0          0          0          1

  0.211156  -0.916312   0.340272   0.485864
 -0.843877 0.00477053   0.536516   0.636299
 -0.493239  -0.400436  -0.772247     1.5156
         0          0          0          1

  0.210256  -0.916632   0.339967   0.486723
 -0.844415 0.00498075   0.535666   0.639622
 -0.492702    -0.3997  -0.772971    1.51577
         0          0          0          1

  0.212317   -0.91781    0.33548   0.485521
 -0.844348 0.00052245   0.535795   0.648799
 -0.491934   -0.39702   -0.77484    1.52282
         0          0          0          1

   0.211864   -0.919643    0.330713    0.485785
  -0.843833 -0.00143076    0.536604    0.651281
  -0.493011   -0.392754   -0.776328     1.52719
          0           0           0           1

   0.210864    -0.92277    0.322541    0.485486
  -0.844224 -0.00557729    0.535961    0.657865
  -0.492769   -0.385312   -0.780201     1.53345
          0           0           0           1

    0.21142    -0.92299    0.321544    0.483504
   -0.84431 -0.00673538    0.535813    0.660747
  -0.492385   -0.384764   -0.780714     1.53609
          0           0           0           1

   0.209272   -0.923183    0.322396    0.484252
  -0.845689 -0.00534298     0.53365    0.669671
  -0.490934   -0.384325   -0.781843     1.54356
          0           0           0           1

   0.212297   -0.921704    0.324642     0.47887
  -0.846574 -0.00753523    0.532218    0.671092
  -0.488101   -0.387822    -0.78189     1.54585
          0           0           0           1

   0.212722   -0.916756    0.338094    0.474655
  -0.852389 -0.00494902    0.522885    0.687122
  -0.477685   -0.399417   -0.782485     1.56007
          0           0           0           1

    0.21529   -0.913592    0.344964    0.470703
  -0.854674 -0.00538446    0.519137    0.691268
  -0.472422   -0.406597   -0.781982     1.56438
          0           0           0           1

   0.222211   -0.905246    0.362148    0.463272
  -0.861021 -0.00792403    0.508508    0.699605
  -0.457455   -0.424813   -0.781197     1.57373
          0           0           0           1

   0.223622   -0.899666    0.374959     0.46198
  -0.865465 -0.00634579    0.500929    0.706101
  -0.448289   -0.436533   -0.780049     1.57848
          0           0           0           1

  0.236644  -0.876571   0.419074   0.451307
 -0.879868 -0.0103948   0.475104   0.726711
 -0.412106  -0.481161  -0.773726    1.59583
         0          0          0          1

  0.241379  -0.869093   0.431757   0.447553
 -0.883412 -0.0126455   0.468427   0.732563
 -0.401647  -0.494487  -0.770819    1.60055
         0          0          0          1

  0.250581  -0.855317   0.453478   0.439305
 -0.889651 -0.0187391   0.456256   0.744516
 -0.381746  -0.517766  -0.765629    1.61339
         0          0          0          1

 0.255142 -0.848221  0.464137  0.435591
-0.893608 -0.023528  0.448231  0.751477
-0.369279 -0.529119 -0.763981   1.61795
        0         0         0         1

   0.25941  -0.834514   0.486099   0.430442
 -0.902493 -0.0302806   0.429638   0.767616
  -0.34382  -0.550153  -0.760999    1.62928
         0          0          0          1

  0.261426  -0.829175    0.49409   0.427747
 -0.905999 -0.0342501   0.421892   0.775404
 -0.332899  -0.557939  -0.760185    1.63671
         0          0          0          1

  0.274314  -0.802797   0.529404   0.414374
 -0.918379 -0.0554357     0.3918   0.804045
 -0.285188   -0.59367  -0.752479    1.65538
         0          0          0          1

  0.276519  -0.796382   0.537879     0.4113
 -0.921101 -0.0600159   0.384671   0.813117
 -0.274063  -0.601809  -0.750143    1.66261
         0          0          0          1

  0.288529  -0.777475   0.558823   0.397452
 -0.924582 -0.0745814   0.373612   0.827478
 -0.248796  -0.624476  -0.740358    1.67571
         0          0          0          1

  0.284834  -0.768596   0.572827   0.396743
 -0.929547 -0.0755159   0.360887   0.838991
 -0.234119  -0.635262  -0.735955    1.68113
         0          0          0          1

  0.275937   -0.73491   0.619489    0.38893
 -0.942924 -0.0819686   0.322763   0.876344
 -0.186423  -0.673193  -0.715582    1.70435
         0          0          0          1

  0.277318  -0.723174   0.632546   0.382573
 -0.945441 -0.0882365   0.313618   0.886026
 -0.170986  -0.685007  -0.708188    1.70948
         0          0          0          1

  0.273232  -0.699679   0.660147    0.37416
 -0.951916 -0.0978106   0.290326   0.907187
 -0.138565   -0.70773  -0.692761    1.72071
         0          0          0          1

 0.273938 -0.685969  0.674095   0.36604
-0.954107 -0.105659  0.280209  0.915179
-0.120991 -0.719918 -0.683432    1.7258
        0         0         0         1

 0.268016  -0.66191  0.700031  0.355292
-0.959569 -0.118545  0.255295  0.936214
-0.0859973 -0.740151  -0.66692   1.73877
        0         0         0         1

 0.261405 -0.644887  0.718184  0.352481
 -0.96318 -0.125818  0.237601  0.947441
-0.0628654 -0.753851 -0.654031   1.74084
        0         0         0         1

 0.250094  -0.58655  0.770333  0.332094
 -0.96819  -0.15789  0.194109  0.982429
0.00777356 -0.794374 -0.607379   1.76035
        0         0         0         1

 0.242301 -0.567687   0.78678  0.327825
-0.969619 -0.169767  0.176117  0.995662
0.0335898  -0.80555 -0.591575   1.76043
        0         0         0         1

 0.233608 -0.530105  0.815117  0.314966
-0.969075 -0.195477  0.150604   1.01819
0.0795012 -0.825092 -0.559376   1.76422
        0         0         0         1

 0.227399 -0.517537  0.824891  0.312951
-0.969099 -0.203419  0.139527    1.0296
0.0955883 -0.831129 -0.547802   1.77292
        0         0         0         1

  0.20966 -0.461019  0.862267  0.293815
 -0.96273 -0.251435 0.0996559   1.07162
  0.17086 -0.851024 -0.496552   1.77926
        0         0         0         1

   0.2015 -0.451496  0.869223  0.291894
-0.961717 -0.259476 0.0881639   1.08418
 0.185737 -0.853712 -0.486496   1.78649
        0         0         0         1

  0.18159 -0.432942  0.882942  0.291533
-0.959995 -0.272667 0.0637378   1.11043
 0.213154 -0.859194 -0.465136   1.80329
        0         0         0         1

 0.171035 -0.417863  0.892265  0.288024
-0.955579  -0.29098 0.0469004   1.12413
 0.240034 -0.860651 -0.449069   1.80008
        0         0         0         1

 0.151033 -0.389823   0.90842   0.28157
-0.947741 -0.318351  0.020959   1.15189
 0.281026 -0.864113 -0.417533   1.80387
        0         0         0         1

   0.1467 -0.377059  0.914497  0.275673
-0.943593 -0.330767 0.0149885   1.16162
 0.296834 -0.865113 -0.404314   1.80944
        0         0         0         1

