-0.201994 -0.808158  0.553245  0.688448
-0.973144  0.101936 -0.206399   1.04909
 0.110407 -0.580078 -0.807044   2.30791
        0         0         0         1

-0.203015 -0.812248  0.546843  0.693971
-0.976314  0.125247 -0.176422   1.01132
0.0748078 -0.569707 -0.818436   2.29519
        0         0         0         1

-0.203015 -0.812248  0.546843  0.693971
-0.976314  0.125247 -0.176422   1.01132
0.0748078 -0.569707 -0.818436   2.29519
        0         0         0         1

-0.193172  -0.81798  0.541843  0.685532
-0.980665  0.143326 -0.133247  0.969864
0.0313324 -0.557106  -0.82985      2.28
        0         0         0         1

-0.193172  -0.81798  0.541843  0.685532
-0.980665  0.143326 -0.133247  0.969864
0.0313324 -0.557106  -0.82985      2.28
        0         0         0         1

 -0.197309  -0.825719   0.528448   0.690992
  -0.98025    0.17354 -0.0948385   0.924623
-0.0133968  -0.536724  -0.843652    2.24588
         0          0          0          1

 -0.197309  -0.825719   0.528448   0.690992
  -0.98025    0.17354 -0.0948385   0.924623
-0.0133968  -0.536724  -0.843652    2.24588
         0          0          0          1

-0.202969  -0.83013  0.519315  0.698112
-0.978578  0.190636 -0.077735  0.898988
-0.0344698 -0.523968  -0.85104   2.21548
        0         0         0         1

-0.202969  -0.83013  0.519315  0.698112
-0.978578  0.190636 -0.077735  0.898988
-0.0344698 -0.523968  -0.85104   2.21548
        0         0         0         1

 -0.196707   -0.83827   0.508537   0.699237
 -0.976712    0.21286 -0.0269243   0.849036
-0.0856772   -0.50199  -0.860619    2.18568
         0          0          0          1

 -0.196707   -0.83827   0.508537   0.699237
 -0.976712    0.21286 -0.0269243   0.849036
-0.0856772   -0.50199  -0.860619    2.18568
         0          0          0          1

-0.186996 -0.841552  0.506777  0.697405
-0.974744  0.223066 0.0107496  0.815614
-0.122091 -0.491968  -0.86201   2.16463
        0         0         0         1

-0.186996 -0.841552  0.506777  0.697405
-0.974744  0.223066 0.0107496  0.815614
-0.122091 -0.491968  -0.86201   2.16463
        0         0         0         1

 -0.18698 -0.848354  0.495313  0.702292
-0.971018  0.236016 0.0376808  0.788137
-0.148868 -0.473912 -0.867897   2.13971
        0         0         0         1

 -0.18698 -0.848354  0.495313  0.702292
-0.971018  0.236016 0.0376808  0.788137
-0.148868 -0.473912 -0.867897   2.13971
        0         0         0         1

-0.181652 -0.857901  0.480634  0.705058
-0.964025  0.251813 0.0851235  0.744243
-0.194057  -0.44788  -0.87278   2.10446
        0         0         0         1

-0.181652 -0.857901  0.480634  0.705058
-0.964025  0.251813 0.0851235  0.744243
-0.194057  -0.44788  -0.87278   2.10446
        0         0         0         1

-0.181131 -0.864072  0.469649   0.70993
-0.958219  0.262555  0.113496  0.717588
-0.221378 -0.429469 -0.875527   2.08136
        0         0         0         1

-0.181131 -0.864072  0.469649   0.70993
-0.958219  0.262555  0.113496  0.717588
-0.221378 -0.429469 -0.875527   2.08136
        0         0         0         1

-0.182152 -0.870253  0.457691  0.714566
-0.952732  0.271316  0.136711  0.694402
-0.243152 -0.411154 -0.878538   2.05329
        0         0         0         1

-0.182152 -0.870253  0.457691  0.714566
-0.952732  0.271316  0.136711  0.694402
-0.243152 -0.411154 -0.878538   2.05329
        0         0         0         1

 -0.18328 -0.879934   0.43832  0.718302
-0.942954  0.283418  0.174676  0.660203
-0.277931 -0.381301 -0.881682   2.01358
        0         0         0         1

 -0.18328 -0.879934   0.43832  0.718302
-0.942954  0.283418  0.174676  0.660203
-0.277931 -0.381301 -0.881682   2.01358
        0         0         0         1

-0.188338 -0.888109  0.419276  0.722613
-0.935711  0.291929  0.198045   0.63762
-0.298284 -0.355022 -0.885994   1.98917
        0         0         0         1

-0.188338 -0.888109  0.419276  0.722613
-0.935711  0.291929  0.198045   0.63762
-0.298284 -0.355022 -0.885994   1.98917
        0         0         0         1

-0.191713  -0.89894  0.393895  0.727119
-0.923282  0.301303  0.238257  0.605881
 -0.33286    -0.318 -0.887739   1.95271
        0         0         0         1

-0.191713  -0.89894  0.393895  0.727119
-0.923282  0.301303  0.238257  0.605881
 -0.33286    -0.318 -0.887739   1.95271
        0         0         0         1

-0.199708 -0.905122  0.375329  0.731926
-0.916064  0.308416  0.256334  0.588618
-0.347771 -0.292633 -0.890742    1.9266
        0         0         0         1

-0.199708 -0.905122  0.375329  0.731926
-0.916064  0.308416  0.256334  0.588618
-0.347771 -0.292633 -0.890742    1.9266
        0         0         0         1

-0.209666 -0.917556  0.337832  0.736033
-0.902971  0.314241  0.293081  0.560538
-0.375079 -0.243604 -0.894412   1.89405
        0         0         0         1

-0.209666 -0.917556  0.337832  0.736033
-0.902971  0.314241  0.293081  0.560538
-0.375079 -0.243604 -0.894412   1.89405
        0         0         0         1

-0.218411 -0.925331  0.309935  0.740034
-0.895286  0.316372  0.313643  0.544556
-0.388278 -0.208977 -0.897535   1.87276
        0         0         0         1

-0.218411 -0.925331  0.309935  0.740034
-0.895286  0.316372  0.313643  0.544556
-0.388278 -0.208977 -0.897535   1.87276
        0         0         0         1

-0.226511 -0.930304  0.288492  0.743512
-0.887719  0.319064  0.331893  0.530212
-0.400809 -0.180923  -0.89812    1.8501
        0         0         0         1

-0.226511 -0.930304  0.288492  0.743512
-0.887719  0.319064  0.331893  0.530212
-0.400809 -0.180923  -0.89812    1.8501
        0         0         0         1

-0.235828 -0.937642  0.255367  0.746737
-0.875769  0.318953  0.362352   0.50894
-0.421206 -0.138189 -0.896376   1.81907
        0         0         0         1

-0.235828 -0.937642  0.255367  0.746737
-0.875769  0.318953  0.362352   0.50894
-0.421206 -0.138189 -0.896376   1.81907
        0         0         0         1

-0.245663 -0.942327  0.227309  0.749173
-0.868614  0.318088  0.379908  0.495744
-0.430302 -0.104114 -0.896661   1.79998
        0         0         0         1

-0.245663 -0.942327  0.227309  0.749173
-0.868614  0.318088  0.379908  0.495744
-0.430302 -0.104114 -0.896661   1.79998
        0         0         0         1

 -0.265901  -0.945285   0.189031   0.753014
 -0.859797    0.32123   0.396939   0.479238
 -0.435943 -0.0569819  -0.898169    1.77125
         0          0          0          1

 -0.265901  -0.945285   0.189031   0.753014
 -0.859797    0.32123   0.396939   0.479238
 -0.435943 -0.0569819  -0.898169    1.77125
         0          0          0          1

 -0.277816  -0.945596   0.169311   0.754524
 -0.853567   0.323849     0.4081   0.468781
 -0.440729 -0.0311412    -0.8971    1.75378
         0          0          0          1

 -0.277816  -0.945596   0.169311   0.754524
 -0.853567   0.323849     0.4081   0.468781
 -0.440729 -0.0311412    -0.8971    1.75378
         0          0          0          1

  -0.289035   -0.944965    0.153294    0.756104
  -0.848361    0.327026    0.416339    0.460505
  -0.443557 -0.00971265   -0.896194     1.73538
          0           0           0           1

  -0.289035   -0.944965    0.153294    0.756104
  -0.848361    0.327026    0.416339    0.460505
  -0.443557 -0.00971265   -0.896194     1.73538
          0           0           0           1

-0.299053 -0.943996  0.139424  0.757066
-0.838065  0.329695  0.434682  0.447128
-0.456305 0.0131466 -0.889726    1.7121
        0         0         0         1

-0.299053 -0.943996  0.139424  0.757066
-0.838065  0.329695  0.434682  0.447128
-0.456305 0.0131466 -0.889726    1.7121
        0         0         0         1

-0.304555 -0.942178  0.139807  0.757617
-0.830701   0.33455  0.444985  0.439947
-0.466028 0.0193848 -0.884558   1.69734
        0         0         0         1

-0.304555 -0.942178  0.139807  0.757617
-0.830701   0.33455  0.444985  0.439947
-0.466028 0.0193848 -0.884558   1.69734
        0         0         0         1

-0.309683 -0.939454  0.146703  0.757889
-0.822157  0.342072  0.455021  0.430878
-0.477655 0.0202993 -0.878313   1.67549
        0         0         0         1

-0.309683 -0.939454  0.146703  0.757889
-0.822157  0.342072  0.455021  0.430878
-0.477655 0.0202993 -0.878313   1.67549
        0         0         0         1

-0.317167 -0.936294   0.15086  0.758802
-0.817177  0.350538  0.457542  0.426254
-0.481276 0.0218382 -0.876297   1.66221
        0         0         0         1

-0.317167 -0.936294   0.15086  0.758802
-0.817177  0.350538  0.457542  0.426254
-0.481276 0.0218382 -0.876297   1.66221
        0         0         0         1

-0.328168 -0.932549  0.150523  0.759852
-0.813194  0.359981  0.457307  0.422804
-0.480646 0.0276688 -0.876478   1.65045
        0         0         0         1

-0.328168 -0.932549  0.150523  0.759852
-0.813194  0.359981  0.457307  0.422804
-0.480646 0.0276688 -0.876478   1.65045
        0         0         0         1

-0.346146 -0.927857  0.138797  0.760168
-0.810221  0.370233  0.454389  0.417889
-0.472995 0.0448292 -0.879924   1.63484
        0         0         0         1

-0.346146 -0.927857  0.138797  0.760168
-0.810221  0.370233  0.454389  0.417889
-0.472995 0.0448292 -0.879924   1.63484
        0         0         0         1

-0.356101 -0.925921  0.125949  0.760029
-0.808951  0.372932  0.454444  0.415283
-0.467749 0.0599418 -0.881826   1.62577
        0         0         0         1

-0.356101 -0.925921  0.125949  0.760029
-0.808951  0.372932  0.454444  0.415283
-0.467749 0.0599418 -0.881826   1.62577
        0         0         0         1

 -0.36943 -0.923301  0.105061  0.760606
-0.808148  0.375031  0.454146  0.412854
-0.458714 0.0828706 -0.884711   1.61471
        0         0         0         1

 -0.36943 -0.923301  0.105061  0.760606
-0.808148  0.375031  0.454146  0.412854
-0.458714 0.0828706 -0.884711   1.61471
        0         0         0         1

-0.374774 -0.921857 0.0986119  0.760549
-0.808445  0.377014  0.451971   0.41204
 -0.45383 0.0896645 -0.886565   1.60841
        0         0         0         1

-0.374774 -0.921857 0.0986119  0.760549
-0.808445  0.377014  0.451971   0.41204
 -0.45383 0.0896645 -0.886565   1.60841
        0         0         0         1

-0.377992  -0.92137 0.0905454  0.759997
-0.810214  0.376534  0.449194  0.410922
-0.447967 0.0964304 -0.888834   1.60434
        0         0         0         1

-0.377992  -0.92137 0.0905454  0.759997
-0.810214  0.376534  0.449194  0.410922
-0.447967 0.0964304 -0.888834   1.60434
        0         0         0         1

-0.380176 -0.921938  0.074133  0.759286
-0.815091  0.371838  0.444255  0.409947
-0.437141   0.10847 -0.892828   1.60042
        0         0         0         1

-0.380176 -0.921938  0.074133  0.759286
-0.815091  0.371838  0.444255  0.409947
-0.437141   0.10847 -0.892828   1.60042
        0         0         0         1

-0.383855 -0.921336 0.0616075  0.759431
-0.819818  0.370741  0.436404   0.41044
-0.424915  0.117009 -0.897639   1.59904
        0         0         0         1

-0.383855 -0.921336 0.0616075  0.759431
-0.819818  0.370741  0.436404   0.41044
-0.424915  0.117009 -0.897639   1.59904
        0         0         0         1

-0.386206 -0.920701 0.0561706  0.758884
-0.823004  0.371444   0.42976  0.410848
-0.416545  0.119747 -0.901194   1.59946
        0         0         0         1

-0.386206 -0.920701 0.0561706  0.758884
-0.823004  0.371444   0.42976  0.410848
-0.416545  0.119747 -0.901194   1.59946
        0         0         0         1

-0.383228 -0.922142 0.0528155  0.758067
-0.826584   0.36791  0.425913  0.411679
-0.412184  0.119565 -0.903221   1.60176
        0         0         0         1

-0.383228 -0.922142 0.0528155  0.758067
-0.826584   0.36791  0.425913  0.411679
-0.412184  0.119565 -0.903221   1.60176
        0         0         0         1

-0.379245 -0.923463 0.0582091  0.756846
-0.827327  0.366592  0.425606  0.412433
 -0.41437  0.113251 -0.903035   1.60346
        0         0         0         1

-0.379245 -0.923463 0.0582091  0.756846
-0.827327  0.366592  0.425606  0.412433
 -0.41437  0.113251 -0.903035   1.60346
        0         0         0         1

-0.375144 -0.923821 0.0762983   0.75394
-0.825065   0.37029  0.426794  0.414872
-0.422534 0.0971583 -0.901125   1.60712
        0         0         0         1

-0.375144 -0.923821 0.0762983   0.75394
-0.825065   0.37029  0.426794  0.414872
-0.422534 0.0971583 -0.901125   1.60712
        0         0         0         1

-0.374567 -0.922605 0.0921914  0.751854
 -0.82215  0.376454  0.427027  0.418237
-0.428683 0.0841553 -0.899527    1.6107
        0         0         0         1

-0.374567 -0.922605 0.0921914  0.751854
 -0.82215  0.376454  0.427027  0.418237
-0.428683 0.0841553 -0.899527    1.6107
        0         0         0         1

 -0.37435 -0.920807  0.109434  0.749387
-0.820034  0.383833  0.424519  0.421867
-0.432905 0.0691796 -0.898781   1.61555
        0         0         0         1

 -0.37435 -0.920807  0.109434  0.749387
-0.820034  0.383833  0.424519  0.421867
-0.432905 0.0691796 -0.898781   1.61555
        0         0         0         1

-0.375205 -0.917764  0.130117  0.748068
-0.821126  0.394212  0.412733  0.429405
-0.430085 0.0480171 -0.901511   1.62421
        0         0         0         1

-0.375205 -0.917764  0.130117  0.748068
-0.821126  0.394212  0.412733  0.429405
-0.430085 0.0480171 -0.901511   1.62421
        0         0         0         1

-0.369972 -0.918622  0.138764   0.74634
-0.825348  0.393563  0.404857  0.434418
-0.426523 0.0352571 -0.903789   1.63159
        0         0         0         1

-0.369972 -0.918622  0.138764   0.74634
-0.825348  0.393563  0.404857  0.434418
-0.426523 0.0352571 -0.903789   1.63159
        0         0         0         1

-0.359298 -0.921777   0.14571  0.744496
-0.834904   0.38726  0.391107  0.443478
-0.416941 0.0188701 -0.908737   1.64624
        0         0         0         1

-0.359298 -0.921777   0.14571  0.744496
-0.834904   0.38726  0.391107  0.443478
-0.416941 0.0188701 -0.908737   1.64624
        0         0         0         1

 -0.352403  -0.923959   0.148698   0.743697
  -0.84232   0.382394   0.379832   0.450679
  -0.40781 0.00860276  -0.913026    1.65874
         0          0          0          1

 -0.352403  -0.923959   0.148698   0.743697
  -0.84232   0.382394   0.379832   0.450679
  -0.40781 0.00860276  -0.913026    1.65874
         0          0          0          1

  -0.345801   -0.925605    0.153876    0.742568
  -0.850737    0.378461     0.36471     0.45903
  -0.395814 -0.00479071   -0.918318     1.67163
          0           0           0           1

  -0.345801   -0.925605    0.153876    0.742568
  -0.850737    0.378461     0.36471     0.45903
  -0.395814 -0.00479071   -0.918318     1.67163
          0           0           0           1

 -0.336959  -0.928333    0.15702   0.742316
 -0.864243    0.37114   0.339617   0.474019
 -0.373554 -0.0212667  -0.927365    1.69507
         0          0          0          1

 -0.336959  -0.928333    0.15702   0.742316
 -0.864243    0.37114   0.339617   0.474019
 -0.373554 -0.0212667  -0.927365    1.69507
         0          0          0          1

   -0.3278   -0.93157   0.157241    0.74099
 -0.874347   0.362187   0.323013   0.484619
  -0.35786 -0.0315994  -0.933241    1.71291
         0          0          0          1

   -0.3278   -0.93157   0.157241    0.74099
 -0.874347   0.362187   0.323013   0.484619
  -0.35786 -0.0315994  -0.933241    1.71291
         0          0          0          1

-0.312622 -0.935864  0.162559  0.738785
-0.889915  0.348408  0.294386  0.502715
-0.332142 -0.052632  -0.94176   1.74277
        0         0         0         1

-0.312622 -0.935864  0.162559  0.738785
-0.889915  0.348408  0.294386  0.502715
-0.332142 -0.052632  -0.94176   1.74277
        0         0         0         1

 -0.299945  -0.938231     0.1725   0.736987
 -0.899977   0.338272   0.274979   0.516069
 -0.316346 -0.0727677  -0.945849    1.76524
         0          0          0          1

 -0.299945  -0.938231     0.1725   0.736987
 -0.899977   0.338272   0.274979   0.516069
 -0.316346 -0.0727677  -0.945849    1.76524
         0          0          0          1

 -0.289479  -0.939362   0.183851   0.736165
 -0.909617   0.329768   0.252687   0.531893
 -0.297993 -0.0940868   -0.94992     1.7893
         0          0          0          1

 -0.289479  -0.939362   0.183851   0.736165
 -0.909617   0.329768   0.252687   0.531893
 -0.297993 -0.0940868   -0.94992     1.7893
         0          0          0          1

-0.273742 -0.940478  0.201412  0.734243
-0.923507  0.315518  0.218135  0.557657
  -0.2687 -0.126293 -0.954909   1.82942
        0         0         0         1

-0.273742 -0.940478  0.201412  0.734243
-0.923507  0.315518  0.218135  0.557657
  -0.2687 -0.126293 -0.954909   1.82942
        0         0         0         1

-0.266832 -0.941041   0.20795  0.736058
 -0.93225  0.306742  0.191882  0.577984
-0.244356 -0.142661 -0.959134   1.85626
        0         0         0         1

-0.266832 -0.941041   0.20795  0.736058
 -0.93225  0.306742  0.191882  0.577984
-0.244356 -0.142661 -0.959134   1.85626
        0         0         0         1

-0.248107 -0.943113  0.221315  0.732846
-0.945445  0.285531  0.156863  0.608649
-0.211132 -0.170322 -0.962504    1.8992
        0         0         0         1

-0.248107 -0.943113  0.221315  0.732846
-0.945445  0.285531  0.156863  0.608649
-0.211132 -0.170322 -0.962504    1.8992
        0         0         0         1

-0.240761 -0.944327  0.224232  0.734439
 -0.95306  0.273721  0.129432  0.632827
-0.183603 -0.182544 -0.965902   1.92937
        0         0         0         1

-0.240761 -0.944327  0.224232  0.734439
 -0.95306  0.273721  0.129432  0.632827
-0.183603 -0.182544 -0.965902   1.92937
        0         0         0         1

-0.231838 -0.944048  0.234571  0.733119
-0.960655  0.260113 0.0973846  0.658906
-0.152951 -0.202765 -0.967209   1.95673
        0         0         0         1

-0.231838 -0.944048  0.234571  0.733119
-0.960655  0.260113 0.0973846  0.658906
-0.152951 -0.202765 -0.967209   1.95673
        0         0         0         1

-0.213555 -0.945787  0.244706  0.729289
-0.970014  0.235037  0.061885  0.694874
-0.116045 -0.224152  -0.96762   2.00599
        0         0         0         1

-0.213555 -0.945787  0.244706  0.729289
-0.970014  0.235037  0.061885  0.694874
-0.116045 -0.224152  -0.96762   2.00599
        0         0         0         1

-0.208999 -0.946548  0.245696  0.731907
 -0.97406  0.223788 0.0335713  0.722461
-0.0867605 -0.232306 -0.968766   2.03933
        0         0         0         1

-0.208999 -0.946548  0.245696  0.731907
 -0.97406  0.223788 0.0335713  0.722461
-0.0867605 -0.232306 -0.968766   2.03933
        0         0         0         1

 -0.206943   -0.94925   0.236854   0.740667
 -0.977808   0.208753 -0.0176993    0.76923
-0.0326428   -0.23526  -0.971384    2.08918
         0          0          0          1

 -0.206943   -0.94925   0.236854   0.740667
 -0.977808   0.208753 -0.0176993    0.76923
-0.0326428   -0.23526  -0.971384    2.08918
         0          0          0          1

 -0.199223  -0.950838   0.237101    0.74075
 -0.979952   0.193745 -0.0464321   0.800049
-0.00178785  -0.241598  -0.970375    2.12227
         0          0          0          1

 -0.199223  -0.950838   0.237101    0.74075
 -0.979952   0.193745 -0.0464321   0.800049
-0.00178785  -0.241598  -0.970375    2.12227
         0          0          0          1

 -0.196473  -0.951215   0.237885   0.745982
 -0.980039   0.182999 -0.0776822   0.832559
 0.0303597  -0.248399  -0.968182    2.15552
         0          0          0          1

 -0.196473  -0.951215   0.237885   0.745982
 -0.980039   0.182999 -0.0776822   0.832559
 0.0303597  -0.248399  -0.968182    2.15552
         0          0          0          1

-0.183802  -0.95031  0.251251  0.744242
 -0.98038  0.158709 -0.116906  0.880181
0.0712206 -0.267809 -0.960836   2.20592
        0         0         0         1

-0.183802  -0.95031  0.251251  0.744242
 -0.98038  0.158709 -0.116906  0.880181
0.0712206 -0.267809 -0.960836   2.20592
        0         0         0         1

-0.176601 -0.949263  0.260216  0.742921
 -0.97953  0.143546 -0.141124  0.910429
0.0966103 -0.279812 -0.955181   2.24123
        0         0         0         1

-0.176601 -0.949263  0.260216  0.742921
 -0.97953  0.143546 -0.141124  0.910429
0.0966103 -0.279812 -0.955181   2.24123
        0         0         0         1

-0.178401 -0.948114   0.26316  0.751662
-0.972751  0.129694 -0.192186  0.966185
 0.148084 -0.290276 -0.945416   2.28654
        0         0         0         1

-0.178401 -0.948114   0.26316  0.751662
-0.972751  0.129694 -0.192186  0.966185
 0.148084 -0.290276 -0.945416   2.28654
        0         0         0         1

-0.176919 -0.944373  0.277235   0.75283
-0.968579  0.117031 -0.219452  0.999307
 0.174799 -0.307349 -0.935405   2.31829
        0         0         0         1

-0.176919 -0.944373  0.277235   0.75283
-0.968579  0.117031 -0.219452  0.999307
 0.174799 -0.307349 -0.935405   2.31829
        0         0         0         1

-0.177064 -0.944338  0.277262  0.761025
-0.960854  0.104867 -0.256443   1.04271
 0.213093 -0.311815 -0.925939   2.34149
        0         0         0         1

-0.177064 -0.944338  0.277262  0.761025
-0.960854  0.104867 -0.256443   1.04271
 0.213093 -0.311815 -0.925939   2.34149
        0         0         0         1

-0.181712 -0.945226   0.27116  0.773452
-0.951784 0.0997517 -0.290097   1.09257
 0.247158   -0.3108 -0.917778   2.39267
        0         0         0         1

-0.181712 -0.945226   0.27116  0.773452
-0.951784 0.0997517 -0.290097   1.09257
 0.247158   -0.3108 -0.917778   2.39267
        0         0         0         1

-0.192489 -0.939928  0.281927  0.773206
-0.933323 0.0866262 -0.348431    1.1451
 0.303078 -0.330198 -0.893931   2.39599
        0         0         0         1

-0.192489 -0.939928  0.281927  0.773206
-0.933323 0.0866262 -0.348431    1.1451
 0.303078 -0.330198 -0.893931   2.39599
        0         0         0         1

-0.200706 -0.940223  0.275131  0.784712
-0.925075  0.089467 -0.369095   1.18913
 0.322416 -0.328597 -0.887734   2.45281
        0         0         0         1

-0.200706 -0.940223  0.275131  0.784712
-0.925075  0.089467 -0.369095   1.18913
 0.322416 -0.328597 -0.887734   2.45281
        0         0         0         1

