 0.524967 -0.305436   0.79443  0.831328
 -0.80798 -0.472242  0.352357   1.06932
 0.267541 -0.826859 -0.494698   2.03642
        0         0         0         1

 0.521519 -0.309065  0.795297  0.836444
-0.813356 -0.461721  0.353929    1.0522
 0.257818  -0.83144 -0.492176    2.0384
        0         0         0         1

 0.522287 -0.305175  0.796294  0.833191
-0.813987 -0.456806  0.358824   1.02966
 0.254248 -0.835582 -0.486992    2.0331
        0         0         0         1

 0.519627  -0.30051  0.799801  0.833586
-0.816076  -0.45176  0.360461   1.01512
 0.252996 -0.840004 -0.479986   2.02947
        0         0         0         1

 0.512116 -0.294033  0.807021  0.837836
-0.824583   -0.4313  0.366119  0.975469
 0.240417 -0.852951  -0.46333   2.02088
        0         0         0         1

 0.506495 -0.296077  0.809815  0.845191
-0.830053 -0.421655  0.364991  0.960811
 0.233398 -0.857056 -0.459326   2.01871
        0         0         0         1

 0.506417 -0.289444  0.812258   0.84514
 -0.83341 -0.406036  0.374916  0.938688
 0.221289 -0.866808 -0.446849   2.01532
        0         0         0         1

 0.504108 -0.286644  0.814684  0.847428
-0.835953 -0.398889  0.376922  0.924922
 0.216926 -0.871047 -0.440704   2.01084
        0         0         0         1

 0.502891 -0.278243   0.81834  0.847546
-0.839165  -0.38405  0.385108  0.903467
  0.20713  -0.88039 -0.426627   2.00688
        0         0         0         1

 0.496846 -0.278055  0.822089   0.85314
-0.843633 -0.376918  0.382382  0.891865
 0.203537 -0.883526 -0.421846   1.99991
        0         0         0         1

 0.492348 -0.273566   0.82629  0.855176
-0.851378 -0.348738  0.391838  0.853469
 0.180965 -0.896406 -0.404609   1.99035
        0         0         0         1

 0.492833 -0.268321  0.827719  0.853734
-0.853236 -0.335532  0.399257  0.837665
 0.170597 -0.903007 -0.394303   1.98621
        0         0         0         1

 0.490254 -0.264122  0.830597  0.855616
-0.856395 -0.323091  0.402741  0.819991
 0.161986 -0.908764 -0.384589   1.97688
        0         0         0         1

 0.486535 -0.264695  0.832599  0.860549
-0.860555 -0.309648   0.40443  0.806215
 0.150762 -0.913266 -0.378439   1.97297
        0         0         0         1

 0.487319 -0.258444  0.834102  0.861246
-0.862372 -0.292557  0.413188  0.786889
 0.137237 -0.920661 -0.365444   1.96677
        0         0         0         1

 0.486685 -0.255537  0.835367  0.863178
-0.864094 -0.281341   0.41736  0.773852
 0.128372 -0.924958 -0.357732   1.96041
        0         0         0         1

 0.481901 -0.255024  0.838292  0.870492
-0.870013 -0.252981  0.423175  0.742864
 0.104152 -0.933254 -0.343786   1.94438
        0         0         0         1

 0.481431 -0.254426  0.838744  0.871445
-0.871537 -0.240492  0.427302  0.730597
 0.092994 -0.936713 -0.337522   1.93962
        0         0         0         1

 0.477311 -0.256466  0.840476  0.874496
-0.874882  -0.22816  0.427229  0.716091
0.0821927 -0.939238 -0.333281   1.92974
        0         0         0         1

 0.475558 -0.255792  0.841674  0.875106
-0.876632 -0.217435  0.429229  0.704694
0.0732158 -0.941962 -0.327639   1.92251
        0         0         0         1

 0.471569 -0.259942  0.842646  0.878873
 -0.88067 -0.187801  0.434915  0.677133
0.0451972 -0.947186 -0.317484   1.90406
        0         0         0         1

 0.469961  -0.26329  0.842505  0.881518
-0.882165 -0.172925  0.438043  0.666731
0.0303576 -0.949092 -0.313533   1.89755
        0         0         0         1

 0.471567 -0.261532  0.842155  0.882063
-0.881694 -0.156598  0.445076  0.653227
0.0154777 -0.952406 -0.304438   1.88617
        0         0         0         1

  0.46862 -0.265562  0.842539  0.887013
-0.883399 -0.142174  0.446535  0.644605
0.00120404 -0.953553 -0.301223   1.87829
        0         0         0         1

 0.468825  -0.26598  0.842293   0.89078
 -0.88321 -0.128265  0.451096  0.634011
-0.0119458 -0.955407  -0.29505   1.86541
        0         0         0         1

 0.472409 -0.265527  0.840431  0.890484
 -0.88098 -0.113559  0.459324  0.624432
-0.0265244 -0.957392  -0.28757   1.85833
        0         0         0         1

  0.472282  -0.272801    0.83817   0.895047
 -0.879614 -0.0845533   0.468114   0.605077
 -0.056832  -0.958348  -0.279893    1.83655
         0          0          0          1

  0.472017  -0.276129   0.837229   0.895527
 -0.878875 -0.0729275   0.471444     0.5978
-0.0691224   -0.95835  -0.277106    1.82816
         0          0          0          1

  0.472043  -0.281228   0.835516   0.896539
 -0.877444 -0.0582331    0.47613   0.588209
-0.0852468  -0.957872  -0.274251      1.817
         0          0          0          1

  0.469499  -0.286464    0.83517   0.898701
  -0.87782 -0.0497958   0.476395   0.582794
-0.0948824  -0.956796  -0.274843    1.80759
         0          0          0          1

  0.464257  -0.298466   0.833896   0.903391
 -0.876619 -0.0203607   0.480755    0.56812
  -0.12651  -0.954203  -0.271094    1.78585
         0          0          0          1

   0.461237   -0.301273    0.834563    0.906252
  -0.876592 -0.00919375    0.481147    0.563572
  -0.137284   -0.953494   -0.268334     1.77672
          0           0           0           1

 0.459988   -0.3009  0.835386  0.908645
-0.875119 0.0055778  0.483875  0.557257
-0.150258 -0.953639 -0.260758   1.76329
        0         0         0         1

 0.459735 -0.298262  0.836471  0.909545
-0.873617 0.0172631  0.486307  0.552473
-0.159487 -0.954328  -0.25263   1.75405
        0         0         0         1

 0.456973 -0.296989  0.838435    0.9126
-0.872031  0.036204  0.488109  0.546218
-0.175318 -0.954194  -0.24244   1.74225
        0         0         0         1

 0.455255 -0.293866  0.840468  0.913857
-0.871389 0.0467753  0.488359  0.542385
-0.182825 -0.954701 -0.234777   1.73231
        0         0         0         1

 0.451071 -0.285706  0.845522   0.91551
  -0.8688 0.0762551  0.489256   0.53168
-0.204259 -0.955279 -0.213825   1.70941
        0         0         0         1

  0.44639 -0.283914  0.848604  0.917411
-0.869177 0.0879122  0.486624  0.528245
-0.212762 -0.954811 -0.207528   1.70078
        0         0         0         1

 0.440163 -0.282396  0.852355  0.920063
-0.869217  0.104077  0.483353  0.523523
-0.225208 -0.953635 -0.199653   1.68905
        0         0         0         1

  0.43834 -0.280441  0.853938  0.919734
 -0.86816  0.113883  0.483041  0.519852
-0.232714 -0.953091 -0.193549   1.68066
        0         0         0         1

 0.429376 -0.279554   0.85877  0.923224
-0.866945  0.138866  0.478668   0.51265
-0.253068 -0.950035 -0.182732   1.65876
        0         0         0         1

 0.427784 -0.278671  0.859851  0.924036
-0.865791  0.146915  0.478353  0.510148
-0.259628 -0.949083 -0.178423   1.64961
        0         0         0         1

 0.426357 -0.278854    0.8605  0.925416
-0.862707  0.160646  0.479509  0.506408
-0.271949 -0.946802 -0.172076   1.63822
        0         0         0         1

 0.424747 -0.279554  0.861069  0.926673
-0.860222  0.171802  0.480106  0.503663
-0.282149 -0.944634 -0.167506   1.63075
        0         0         0         1

 0.422575 -0.278035  0.862628  0.928626
 -0.85467  0.194494  0.481364  0.497892
-0.301612 -0.940674  -0.15544   1.60937
        0         0         0         1

 0.419812 -0.278616  0.863789  0.930466
-0.852991  0.204055  0.480383  0.496095
-0.310103 -0.938475 -0.151992   1.60172
        0         0         0         1

 0.418353 -0.278375  0.864574  0.931295
-0.849587  0.216704  0.480875  0.493136
 -0.32122 -0.935707 -0.145845   1.59144
        0         0         0         1

 0.416385   -0.2778  0.865708  0.932037
-0.847994  0.224759  0.479988   0.49152
-0.327917 -0.933976 -0.141987   1.58367
        0         0         0         1

 0.414471 -0.277229  0.866809  0.933017
-0.845592  0.234798  0.479421  0.489301
-0.336434 -0.931673 -0.137106   1.57284
        0         0         0         1

 0.413067 -0.276963  0.867564   0.93362
 -0.84353  0.242715   0.47911  0.487627
-0.343267 -0.929721 -0.133369    1.5658
        0         0         0         1

  0.40899 -0.278588  0.868974  0.934785
-0.838326  0.261452  0.478385  0.483117
-0.360467 -0.924138 -0.126616   1.54878
        0         0         0         1

 0.407008  -0.27856  0.869913   0.93576
-0.836681  0.268413  0.477409  0.481814
-0.366483 -0.922149 -0.123819   1.54229
        0         0         0         1

 0.406154 -0.277328  0.870706  0.935882
-0.833481  0.278205    0.4774  0.479693
-0.374631 -0.919615 -0.118154   1.53353
        0         0         0         1

 0.403687 -0.276753  0.872035  0.936951
-0.832584  0.283993  0.475554  0.478795
-0.379262 -0.918017 -0.115776   1.52712
        0         0         0         1

 0.398933 -0.273726  0.875173  0.938344
-0.829059  0.300134  0.471785  0.475955
-0.391809  -0.91378 -0.107201   1.51277
        0         0         0         1

 0.397298 -0.271878  0.876491  0.938774
-0.828009  0.305602  0.470116  0.475033
-0.395672 -0.912518 -0.103702   1.50722
        0         0         0         1

 0.393291 -0.269616  0.878993   0.94023
-0.827591   0.31266  0.466195  0.474144
 -0.40052 -0.910797 -0.100166   1.49958
        0         0         0         1

  0.391473  -0.268058    0.88028   0.940706
 -0.826574   0.317957   0.464412   0.473347
 -0.404381  -0.909422 -0.0970983    1.49438
         0          0          0          1

  0.391619  -0.264892   0.881174   0.940621
 -0.824383   0.324352   0.463884   0.472084
  -0.40869   -0.90809 -0.0913496     1.4874
         0          0          0          1

 0.389938 -0.262566  0.882614  0.941382
-0.823612   0.32923  0.461813   0.47148
-0.411839  -0.90701 -0.087873   1.48243
        0         0         0         1

  0.388984  -0.258341    0.88428   0.941818
 -0.819266   0.341962   0.460289   0.469583
 -0.421301  -0.903505 -0.0786326    1.47102
         0          0          0          1

  0.388042  -0.257577   0.884916   0.942581
 -0.817989   0.346129   0.459444   0.469062
 -0.424638  -0.902135 -0.0763827    1.46666
         0          0          0          1

  0.388553  -0.257882   0.884603   0.942429
 -0.815445   0.350781   0.460437   0.468089
  -0.42904   -0.90025 -0.0739919      1.461
         0          0          0          1

  0.387457  -0.259165   0.884709   0.943028
  -0.81415   0.354009   0.460258   0.467528
 -0.432478  -0.898616 -0.0738363    1.45715
         0          0          0          1

  0.386416  -0.261914   0.884355   0.943575
  -0.81181    0.35852   0.460899   0.466797
 -0.437775  -0.896027 -0.0740865    1.45255
         0          0          0          1

   0.38648  -0.264742   0.883485   0.943671
 -0.810545   0.359556   0.462316    0.46628
 -0.440057   -0.89478 -0.0756237    1.44873
         0          0          0          1

  0.384693   -0.27378   0.881508   0.944825
 -0.807207   0.363409   0.465136   0.465148
 -0.447692  -0.890493 -0.0811968    1.44075
         0          0          0          1

   0.38504  -0.277298   0.880255   0.944774
  -0.80575   0.364071    0.46714   0.464637
 -0.450013  -0.889133 -0.0832511    1.43752
         0          0          0          1

  0.386828  -0.282771   0.877727   0.943995
  -0.80227   0.366106   0.471519   0.463443
 -0.454673  -0.886571 -0.0852384    1.43404
         0          0          0          1

  0.386003  -0.286177   0.876986   0.944651
 -0.800798   0.367992   0.472552   0.463219
 -0.457957  -0.884695 -0.0871237     1.4318
         0          0          0          1

  0.385587  -0.292648   0.875031   0.945174
 -0.797501   0.371235    0.47558   0.462482
  -0.46402  -0.881216 -0.0902436    1.42587
         0          0          0          1

  0.386961   -0.29402   0.873964   0.944605
 -0.796267   0.371408   0.477509   0.462088
 -0.464995  -0.880686 -0.0903984    1.42347
         0          0          0          1

  0.386611  -0.296314   0.873344   0.944909
 -0.794522   0.373805   0.478545   0.461852
  -0.46826  -0.878902 -0.0909113    1.42118
         0          0          0          1

  0.386392  -0.296785   0.873281   0.945206
 -0.794222   0.374334   0.478629   0.461789
 -0.468949  -0.878517 -0.0910737    1.41898
         0          0          0          1

  0.386018  -0.297652   0.873151   0.945512
 -0.793782   0.375065   0.478786   0.461716
     -0.47  -0.877912 -0.0914888    1.41638
         0          0          0          1

  0.386891   -0.29843   0.872499   0.945171
 -0.793377   0.374497     0.4799   0.461597
 -0.469965   -0.87789 -0.0918781    1.41404
         0          0          0          1

  0.388604  -0.301719   0.870605   0.944396
 -0.790552   0.376174   0.483239   0.460906
 -0.473302  -0.876047 -0.0923421    1.41072
         0          0          0          1

  0.388901  -0.302851   0.870079   0.944553
 -0.789785   0.376658   0.484116   0.460845
 -0.474337  -0.875449 -0.0927045    1.40952
         0          0          0          1

  0.389834  -0.303532   0.869424   0.944575
 -0.788653   0.377406   0.485378   0.460622
 -0.475453   -0.87489 -0.0922551    1.40768
         0          0          0          1

 0.389566 -0.304602   0.86917  0.944929
 -0.78808  0.378137  0.485739  0.460571
-0.476622 -0.874203 -0.092741   1.40662
        0         0         0         1

  0.389703  -0.305771   0.868698   0.944977
 -0.787844   0.377774   0.486403   0.460432
 -0.476899  -0.873951 -0.0936799    1.40338
         0          0          0          1

  0.389349  -0.306464   0.868612    0.94497
 -0.787681   0.378048   0.486456   0.460336
 -0.477458   -0.87359 -0.0942031    1.40265
         0          0          0          1

  0.389177  -0.307056    0.86848   0.945021
 -0.787672   0.377909   0.486578   0.460246
 -0.477613  -0.873442 -0.0947858     1.4013
         0          0          0          1

 0.389494 -0.308202  0.867932  0.944548
-0.787683  0.376922  0.487325  0.460229
-0.477337 -0.873465 -0.095957   1.40018
        0         0         0         1

  0.388304  -0.310292   0.867721   0.945222
 -0.787771   0.376808   0.487271   0.460227
 -0.478161  -0.872774 -0.0981227    1.39935
         0          0          0          1

  0.389384  -0.311295   0.866877   0.944256
 -0.787202   0.376172   0.488678   0.459896
 -0.478218  -0.872691 -0.0985766    1.39873
         0          0          0          1

  0.389173   -0.31113   0.867031   0.944717
 -0.787547   0.375853   0.488369   0.459831
 -0.477822  -0.872888 -0.0987577    1.39753
         0          0          0          1

 0.389619 -0.312761  0.866243  0.943965
-0.788006  0.373633  0.489331  0.459487
-0.476701 -0.873257 -0.100883   1.39684
        0         0         0         1

 0.389311 -0.315945  0.865226  0.943493
-0.788828  0.370645  0.490279  0.459283
-0.475593 -0.873385  -0.10493   1.39637
        0         0         0         1

 0.388401 -0.318376  0.864744  0.943814
-0.789568  0.368854  0.490438  0.459241
-0.475108  -0.87326 -0.108116   1.39614
        0         0         0         1

 0.388104 -0.322277  0.863431  0.943673
-0.790404   0.36541  0.491668  0.458949
 -0.47396 -0.873277 -0.112912    1.3957
        0         0         0         1

 0.387928 -0.323126  0.863192  0.943669
-0.790277  0.365344  0.491921  0.458769
-0.474315 -0.872991 -0.113632   1.39559
        0         0         0         1

 0.387091 -0.323994  0.863243  0.943904
-0.790431  0.365443    0.4916   0.45863
-0.474741 -0.872628 -0.114635   1.39557
        0         0         0         1

 0.386873  -0.32518  0.862895  0.943904
-0.790565  0.364748    0.4919  0.458521
-0.474695 -0.872477 -0.115965   1.39533
        0         0         0         1

 0.387048 -0.327373  0.861987  0.943745
-0.790117  0.364135  0.493072  0.458294
-0.475298 -0.871913 -0.117725   1.39527
        0         0         0         1

 0.386467 -0.329648   0.86138  0.943642
-0.789341  0.364862  0.493778  0.458122
-0.477058 -0.870751 -0.119198   1.39554
        0         0         0         1

 0.384785 -0.336898  0.859325  0.943865
-0.788449  0.364071  0.495782  0.458096
-0.479883 -0.868304 -0.125539   1.39586
        0         0         0         1

 0.383159  -0.34022  0.858743  0.944227
 -0.78807   0.36453  0.496047  0.458234
-0.481803 -0.866815 -0.128445    1.3961
        0         0         0         1

 0.383534   -0.3453  0.856545  0.944235
-0.786282  0.364399  0.498973   0.45826
 -0.48442 -0.864859 -0.131743    1.3965
        0         0         0         1

 0.383542 -0.347775   0.85554  0.944324
-0.786068  0.363328   0.50009   0.45841
 -0.48476 -0.864318 -0.134023   1.39652
        0         0         0         1

 0.383205 -0.350694  0.854498  0.944843
-0.783978  0.365676  0.501657  0.458981
-0.488398 -0.862145 -0.134807   1.39689
        0         0         0         1

 0.383677 -0.350347  0.854429  0.944938
-0.782565  0.367881  0.502251  0.459253
 -0.49029 -0.861348 -0.133021   1.39734
        0         0         0         1

 0.384103 -0.350554  0.854153  0.945163
-0.781095  0.369895  0.503059  0.459658
-0.492296 -0.860401 -0.131738   1.39789
        0         0         0         1

 0.384075 -0.350876  0.854033  0.945223
-0.780616   0.37057  0.503306  0.460017
-0.493077 -0.859979 -0.131573   1.39825
        0         0         0         1

 0.382807 -0.351834  0.854208  0.945718
-0.780255  0.371934  0.502859  0.460482
-0.494632 -0.858998 -0.132141   1.39895
        0         0         0         1

 0.382804 -0.352796  0.853813  0.945662
-0.780175  0.371509  0.503296  0.460753
 -0.49476 -0.858788 -0.133028    1.3989
        0         0         0         1

 0.381307 -0.354897  0.853612  0.946641
-0.778743   0.37427  0.503469  0.461619
-0.498161  -0.85672 -0.133662   1.40028
        0         0         0         1

 0.381104 -0.355624    0.8534  0.947061
-0.778343  0.374735  0.503742  0.462067
-0.498941 -0.856216 -0.133984   1.40028
        0         0         0         1

 0.380415 -0.356251  0.853446  0.948122
-0.777453  0.376583  0.503738  0.462721
 -0.50085 -0.855144 -0.133711   1.40089
        0         0         0         1

 0.381413  -0.35771  0.852389  0.947901
-0.775332  0.378325  0.505698  0.462882
-0.503374 -0.853764 -0.133046   1.40193
        0         0         0         1

  0.38158 -0.361095  0.850886  0.948665
-0.771065  0.383319  0.508455  0.463888
-0.509761 -0.850104 -0.132161   1.40435
        0         0         0         1

 0.381421 -0.362247  0.850468  0.948888
-0.770003  0.384554   0.50913  0.464481
-0.511481 -0.849056 -0.132254   1.40525
        0         0         0         1

 0.381047 -0.365182   0.84938   0.94917
-0.767681  0.386999  0.510781  0.465003
-0.515237 -0.846684 -0.132878   1.40711
        0         0         0         1

 0.378974 -0.368494  0.848876  0.950389
-0.767269  0.387724   0.51085  0.465829
-0.517375 -0.844916 -0.135797   1.40806
        0         0         0         1

  0.37934 -0.375053  0.845835  0.950665
-0.763108  0.390134  0.515229  0.466444
-0.523227 -0.840911 -0.138213   1.41076
        0         0         0         1

 0.380193 -0.376745  0.844699  0.951249
-0.760808  0.391951  0.517248  0.467209
-0.525951 -0.839308 -0.137613   1.41211
        0         0         0         1

 0.386012 -0.375806  0.842476   0.95251
-0.752852   0.39944  0.523127  0.469158
-0.533113 -0.836192 -0.128737   1.41713
        0         0         0         1

 0.388717   -0.3716  0.843097  0.953323
-0.750967  0.402373  0.523588  0.470248
-0.533804 -0.836666  -0.12265   1.41906
        0         0         0         1

 0.392566 -0.365405  0.844021  0.953948
-0.749155  0.405313  0.523916  0.471851
-0.533535 -0.837974 -0.114633   1.42223
        0         0         0         1

 0.394541 -0.361008  0.844991  0.954363
-0.749004   0.40635  0.523329  0.473154
-0.532288 -0.839376 -0.110075   1.42491
        0         0         0         1

 0.396119 -0.351811  0.848127  0.954939
-0.754521  0.401654  0.519011  0.476783
-0.523247 -0.845519 -0.106346   1.43258
        0         0         0         1

 0.395318 -0.347482  0.850282  0.955556
-0.758456  0.398683  0.515554  0.478438
-0.518139  -0.84871 -0.105943   1.43603
        0         0         0         1

 0.394821  -0.34126  0.853029   0.95556
-0.763494  0.394599  0.511242  0.480455
-0.511071 -0.853131 -0.104754    1.4414
        0         0         0         1

 0.394895 -0.334332  0.855734    0.9553
-0.768848  0.389617  0.507022  0.482078
-0.502922  -0.85815 -0.103193   1.44495
        0         0         0         1

  0.39304 -0.323826  0.860614  0.955997
-0.777117  0.383333  0.499145  0.484278
-0.491538 -0.864981 -0.100985   1.45072
        0         0         0         1

  0.392391  -0.317061   0.863424    0.95557
 -0.782621   0.378102   0.494513    0.48575
 -0.483253  -0.869777 -0.0997748    1.45511
         0          0          0          1

  0.391643    -0.3016   0.869283   0.954455
  -0.79404   0.366544   0.484918   0.489307
 -0.464882  -0.880161 -0.0959282     1.4678
         0          0          0          1

  0.392376  -0.296874   0.870578   0.953583
 -0.796985   0.362776   0.482917   0.490476
  -0.45919  -0.883323 -0.0942592    1.47317
         0          0          0          1

  0.393362  -0.290432   0.872305    0.95272
 -0.801512   0.356458   0.480121    0.49237
 -0.450383  -0.888024 -0.0925671    1.48075
         0          0          0          1

  0.392635  -0.286737   0.873853   0.953115
 -0.805146   0.352053   0.477282   0.494022
 -0.444497  -0.890977 -0.0926373    1.48656
         0          0          0          1

   0.39546   -0.27799   0.875404   0.951708
 -0.812805   0.337938   0.474495   0.497648
 -0.427737  -0.899177 -0.0923106     1.5019
         0          0          0          1

  0.396527  -0.275514   0.875705   0.950787
 -0.816071   0.331116   0.473699   0.499379
  -0.42047  -0.902471 -0.0935426    1.50861
         0          0          0          1

  0.396457  -0.273162   0.876473   0.950286
 -0.821428   0.320794   0.471537   0.501812
 -0.409973  -0.906903 -0.0972019    1.51696
         0          0          0          1

  0.398509  -0.270979    0.87622   0.948766
 -0.824824   0.311883   0.471586   0.503567
 -0.401068  -0.910659 -0.0992223    1.52348
         0          0          0          1

 0.397485 -0.268465  0.877458  0.948357
-0.830394  0.301652  0.468457  0.506102
-0.390451  -0.91484 -0.103029   1.53309
        0         0         0         1

 0.399053 -0.265481  0.877654  0.946792
 -0.83384  0.293071  0.467782  0.507662
-0.381402 -0.918493 -0.104418   1.54023
        0         0         0         1

 0.401657 -0.258284  0.878613  0.943475
-0.841941  0.273299  0.465233  0.512183
-0.360287 -0.926605 -0.107687   1.56057
        0         0         0         1

  0.40248 -0.254229  0.879419  0.942417
-0.845669  0.264567  0.463517  0.514346
-0.350504 -0.930254 -0.108511   1.56851
        0         0         0         1

 0.402965  -0.24827  0.880898  0.941422
 -0.85132  0.251645  0.460358  0.517429
-0.335966 -0.935434 -0.109953   1.57969
        0         0         0         1

 0.403623 -0.243364  0.881965  0.940533
-0.854755  0.243511  0.458364  0.519717
-0.326317  -0.93887  -0.10973   1.58857
        0         0         0         1

 0.406935 -0.229116  0.884257  0.937414
-0.863874  0.218068  0.454058  0.526253
 -0.29686 -0.948658 -0.109188   1.61163
        0         0         0         1

 0.408304 -0.222466  0.885323  0.936126
-0.867455  0.207464  0.452196  0.529073
 -0.28427 -0.952611  -0.10827    1.6211
        0         0         0         1

 0.409446 -0.215399  0.886542  0.934876
-0.871931  0.193588  0.449733  0.533203
-0.268496 -0.957145  -0.10855   1.63469
        0         0         0         1

 0.411344 -0.209597  0.887054  0.933491
-0.874523  0.183558  0.448905  0.536134
-0.256915 -0.960404 -0.107792   1.64507
        0         0         0         1

 0.413747 -0.202614  0.887559  0.932324
-0.877326  0.171626  0.448156  0.540505
-0.243131 -0.964102 -0.106749   1.66059
        0         0         0         1

 0.416148 -0.197243  0.887646  0.931462
-0.879656  0.159889  0.447931  0.544541
-0.230276 -0.967228 -0.106968   1.67068
        0         0         0         1

 0.420042 -0.188331  0.887748  0.930745
-0.884875  0.132099  0.446707  0.555501
-0.201399 -0.973181 -0.111162   1.69939
        0         0         0         1

 0.424478 -0.182534  0.886848  0.928745
-0.886064  0.117797  0.448347  0.560553
-0.186306 -0.976117 -0.111735   1.70994
        0         0         0         1

 0.426275 -0.177429  0.887022  0.928788
  -0.8889  0.099702  0.447121  0.568493
 -0.16777  -0.97907 -0.115216   1.72497
        0         0         0         1

 0.428713 -0.174695   0.88639   0.92884
-0.889627 0.0892831  0.447875  0.573632
-0.157381 -0.980566 -0.117137   1.73741
        0         0         0         1

 0.433882 -0.168424  0.885088  0.926896
-0.890233 0.0710653  0.449927  0.581684
-0.138678  -0.98315 -0.119103    1.7523
        0         0         0         1

 0.440341 -0.161788  0.883133  0.923999
-0.888966 0.0593147  0.454115  0.587046
-0.125853 -0.985041 -0.117706    1.7642
        0         0         0         1

 0.448355 -0.153061  0.880653  0.923864
-0.889005 0.0261432  0.457151  0.604869
-0.0929951 -0.987871 -0.124351   1.79443
        0         0         0         1

 0.454197 -0.147937  0.878533  0.921712
-0.887293   0.01355  0.461008  0.611631
-0.0801043 -0.988904 -0.125109   1.80659
        0         0         0         1

   0.459776   -0.144995    0.876118    0.921068
  -0.885849 -0.00570147    0.463939     0.62252
 -0.0622735   -0.989416   -0.131065     1.82313
          0           0           0           1

  0.461933  -0.143755   0.875187   0.922283
 -0.885533 -0.0196928   0.464159   0.631032
-0.0494902  -0.989417  -0.136396    1.83441
         0          0          0          1

  0.474431  -0.135232   0.869843    0.91789
 -0.880232 -0.0612469   0.470576   0.655057
-0.0103615  -0.988919  -0.148093    1.86278
         0          0          0          1

  0.477228  -0.135169   0.868322   0.918377
 -0.878771 -0.0777271   0.470872   0.665676
 0.0038448  -0.987769  -0.155876    1.87304
         0          0          0          1

    0.4818  -0.133894   0.865991   0.917346
 -0.876013 -0.0980212   0.472221   0.679294
 0.0216581  -0.986136  -0.164519     1.8895
         0          0          0          1

 0.487504 -0.132877  0.862951  0.915535
-0.872499 -0.111432  0.475739  0.689013
0.0329451 -0.984849 -0.170259   1.90186
        0         0         0         1

 0.498228 -0.129277  0.857354  0.913377
-0.864596 -0.148358  0.480066  0.716967
0.0651333 -0.980448 -0.185689   1.93104
        0         0         0         1

 0.500893 -0.127499  0.856067  0.913225
-0.861822 -0.164675  0.479734  0.729654
0.0798073 -0.978073 -0.192366   1.94086
        0         0         0         1

 0.504628 -0.129802  0.853524  0.914661
-0.857836 -0.186818  0.478766  0.747771
0.0973082 -0.973782 -0.205623   1.95444
        0         0         0         1

 0.510636 -0.126285  0.850472  0.909739
 -0.85259 -0.202174  0.481887  0.759178
 0.111088 -0.971173 -0.210906   1.96557
        0         0         0         1

   0.5136 -0.128205  0.848398  0.909996
-0.848073  -0.22605  0.479244  0.778082
 0.130339 -0.965642 -0.224827   1.97799
        0         0         0         1

 0.514512 -0.131722  0.847306  0.910748
-0.845054 -0.245525  0.474975  0.793472
  0.14547 -0.960399 -0.237638   1.98573
        0         0         0         1

  0.52114 -0.136548  0.842477  0.906453
-0.835439 -0.283455  0.470845  0.828174
 0.174511 -0.949215 -0.261797    2.0114
        0         0         0         1

  0.52139 -0.139846  0.841781  0.905281
-0.832121 -0.301836  0.465262  0.843529
 0.189015 -0.943047 -0.273743   2.01888
        0         0         0         1

 0.524495 -0.145573  0.838876  0.902978
-0.827474 -0.319156  0.461981  0.862369
  0.20048 -0.936455 -0.287854   2.03222
        0         0         0         1

 0.526888 -0.147737  0.836996  0.900252
-0.822405 -0.337225   0.45818   0.87843
 0.214566  -0.92976  -0.29918   2.03851
        0         0         0         1

 0.531354 -0.159455  0.832008   0.89781
-0.812871  -0.37252  0.447739  0.918205
 0.238545 -0.914223 -0.327556    2.0594
        0         0         0         1

 0.533471 -0.166625  0.829244  0.897078
-0.809805 -0.383652  0.443876  0.932958
 0.244181 -0.908321 -0.339601   2.06901
        0         0         0         1

   0.5374 -0.170799   0.82585  0.893458
-0.801654 -0.407492  0.437379  0.957218
 0.261823 -0.897094 -0.355908    2.0724
        0         0         0         1

 0.539936 -0.172001  0.823945  0.888416
-0.795388 -0.424512  0.432605  0.974604
 0.275366 -0.888935 -0.366017   2.07664
        0         0         0         1

 0.547158 -0.171419  0.819288  0.877761
-0.785872 -0.442147  0.432332  0.995408
 0.288136  -0.88041 -0.376637   2.08464
        0         0         0         1

 0.544646 -0.183913  0.818252  0.884193
 -0.78439 -0.456992  0.419392   1.01524
 0.296804 -0.870249 -0.393159   2.08557
        0         0         0         1

 0.550702 -0.200325  0.810307  0.883617
-0.777742 -0.475611  0.410989   1.05504
 0.303059 -0.856542 -0.417721   2.10311
        0         0         0         1

 0.556202  -0.19838  0.807022  0.877392
 -0.76807 -0.493533  0.408037   1.07415
 0.317346   -0.8468 -0.426874   2.10003
        0         0         0         1

 0.559246   -0.2113  0.801621   0.88134
-0.764875 -0.504428  0.400648   1.09809
 0.319704 -0.837201 -0.443717   2.10753
        0         0         0         1

 0.561067 -0.215125  0.799328  0.880659
-0.760441 -0.515424  0.395054   1.11721
 0.327007 -0.829493 -0.452777    2.1053
        0         0         0         1

 0.570201 -0.222495  0.790801  0.874743
-0.750366 -0.532899  0.391113   1.16109
 0.334396 -0.816404 -0.470813   2.11004
        0         0         0         1

 0.568088 -0.235509  0.788551  0.884824
-0.749575 -0.543614  0.377652   1.18391
 0.339727 -0.805617 -0.485352   2.10613
        0         0         0         1

