0.00157477 -0.766218  0.642579  0.974314
-0.969267  0.156909  0.189475   1.05801
-0.246005 -0.623129 -0.742423     2.137
        0         0         0         1

-0.00245266 -0.770106  0.637911  0.981472
-0.964217  0.170934   0.20265   1.03816
-0.265102 -0.614588 -0.742969   2.12551
        0         0         0         1

-0.00662986 -0.772688  0.634752  0.985837
-0.961434  0.179462  0.208418    1.0258
-0.274955  -0.60889 -0.744078   2.11256
        0         0         0         1

0.00200604 -0.772072  0.635531  0.979071
-0.954374  0.188297  0.231765   1.00439
-0.298608 -0.606999 -0.736468   2.10117
        0         0         0         1

0.00205702 -0.771707  0.635975  0.980297
 -0.95092  0.195281  0.240034  0.991575
 -0.30943 -0.605255  -0.73343    2.0881
        0         0         0         1

0.00301261 -0.774977  0.631983  0.982623
-0.938724  0.215628  0.268891  0.956522
-0.344658 -0.594067 -0.726839   2.06277
        0         0         0         1

0.000694722 -0.778312  0.627878  0.983958
-0.930933  0.228791  0.284638  0.940656
 -0.36519  -0.58471 -0.724397   2.05598
        0         0         0         1

-0.0113979 -0.783521   0.62126  0.989835
-0.928121  0.239494  0.285017  0.926547
-0.372105 -0.573356 -0.729932   2.03551
        0         0         0         1

-0.0139203 -0.784932  0.619425  0.994696
-0.922422  0.249184  0.295035  0.914254
-0.385933 -0.567264 -0.727507   2.02348
        0         0         0         1

-0.00952445 -0.769146  0.639002  0.995025
 -0.90844  0.273723  0.315932  0.881667
-0.417908 -0.577485  -0.70133   1.99519
        0         0         0         1

-0.0141695  -0.76547  0.643316   0.99567
-0.904549  0.284007  0.318012  0.868988
-0.426135 -0.577404 -0.696429   1.98384
        0         0         0         1

-0.0304752 -0.762773  0.645948   1.00394
-0.900758  0.301076  0.313032   0.85494
-0.433252 -0.572302 -0.696249   1.96663
        0         0         0         1

-0.0357663 -0.763991  0.644234   1.00349
-0.895288  0.310933  0.319029   0.84198
-0.444049 -0.565365 -0.695114   1.95793
        0         0         0         1

-0.0416911 -0.766315  0.641111   1.00541
-0.889164   0.32111  0.325999  0.828093
-0.455685 -0.556462 -0.694767   1.94118
        0         0         0         1

-0.045135 -0.769232  0.637373   1.00816
-0.881869  0.330429  0.336339  0.816106
 -0.46933 -0.546899 -0.693276   1.92991
        0         0         0         1

-0.0492878 -0.773217  0.632223   1.01298
-0.866601  0.347809  0.357815  0.792106
-0.496562 -0.530249 -0.687213   1.89676
        0         0         0         1

-0.0508589 -0.774428  0.630615    1.0151
-0.860254  0.354726  0.366242  0.782037
-0.507324 -0.523862 -0.684245   1.88417
        0         0         0         1

-0.0542944 -0.777835  0.626118   1.01718
-0.852144  0.362942  0.376993  0.769389
-0.520483 -0.513074 -0.682534    1.8682
        0         0         0         1

-0.058666 -0.778877  0.624427   1.01934
-0.844377  0.372389  0.385167  0.759744
-0.532527 -0.504656 -0.679513   1.85638
        0         0         0         1

-0.0643146 -0.782905  0.618808   1.02211
-0.827833  0.388135  0.405023  0.738345
-0.557276  -0.48622 -0.673077   1.82517
        0         0         0         1

-0.0691105 -0.785893  0.614489   1.02458
-0.820702  0.394976  0.412847  0.730354
-0.567162  -0.47578  -0.67228   1.81364
        0         0         0         1

-0.0758019 -0.789085  0.609589    1.0283
 -0.81286  0.402978  0.420557  0.720914
-0.577506 -0.463632 -0.671962    1.7958
        0         0         0         1

-0.0797668 -0.792414  0.604745   1.02977
-0.806518  0.407836  0.428017  0.713236
-0.585803 -0.453597 -0.671628   1.78423
        0         0         0         1

-0.0844496 -0.795995  0.599384   1.03192
-0.796323  0.415493  0.439586  0.703195
-0.598948  -0.44018 -0.668957    1.7705
        0         0         0         1

-0.0894937  -0.79798  0.596002   1.03395
-0.791146  0.420475  0.444172  0.696862
-0.605045 -0.431774 -0.668948   1.75736
        0         0         0         1

-0.0980109 -0.799942  0.592019   1.03863
 -0.77625  0.433712  0.457526   0.68165
 -0.62276 -0.414712 -0.663464   1.72867
        0         0         0         1

-0.101601  -0.80018  0.591091    1.0409
 -0.77026  0.439298  0.462295   0.67527
-0.629584 -0.408324  -0.66098   1.71714
        0         0         0         1

-0.107006 -0.799815  0.590632   1.04388
-0.760223  0.448671  0.469845  0.667342
-0.640789 -0.398736 -0.656049   1.70459
        0         0         0         1

-0.108725 -0.798788  0.591707   1.04469
 -0.75429  0.453991  0.474277  0.661634
-0.647476 -0.394753 -0.651878   1.69421
        0         0         0         1

 -0.10882 -0.797681  0.593181   1.04546
-0.746679  0.459515  0.480954  0.654764
-0.656223 -0.390578 -0.645616   1.68117
        0         0         0         1

-0.110248 -0.796511  0.594488   1.04638
-0.741071  0.464459  0.484862  0.649444
-0.662314 -0.387103 -0.641477   1.67133
        0         0         0         1

-0.113898 -0.794977  0.595851   1.04822
-0.727193  0.475353  0.495206  0.637363
-0.676917 -0.376896 -0.632244   1.64902
        0         0         0         1

-0.117906  -0.79357  0.596947    1.0506
-0.721588  0.481452  0.497508  0.632875
-0.682209 -0.372091 -0.629396   1.64063
        0         0         0         1

-0.121424 -0.791811  0.598575   1.05144
-0.715922  0.487566  0.499736   0.62734
-0.687541 -0.367853 -0.626077   1.62962
        0         0         0         1

-0.123601 -0.790656  0.599654   1.05206
-0.711396    0.4919  0.501946  0.623376
-0.691837  -0.36455 -0.623269   1.62166
        0         0         0         1

-0.129396 -0.786122  0.604375   1.05448
-0.703013  0.502569  0.503187  0.614309
-0.699306 -0.359773 -0.617684   1.60283
        0         0         0         1

-0.132083 -0.784256  0.606215   1.05561
-0.699785  0.506918  0.503324  0.610973
-0.702036  -0.35774 -0.615766   1.59601
        0         0         0         1

-0.131437 -0.783766  0.606989   1.05533
-0.694988   0.50948  0.507367  0.606169
-0.706906 -0.355163 -0.611672   1.58792
        0         0         0         1

-0.132116 -0.781676  0.609531   1.05632
-0.691397  0.513307  0.508416  0.602722
-0.710293 -0.354258 -0.608264   1.58165
        0         0         0         1

-0.131707  -0.77971  0.612132    1.0565
-0.687435  0.516745  0.510301  0.598448
-0.714203 -0.353591 -0.604059   1.57434
        0         0         0         1

-0.129588 -0.778281  0.614399   1.05632
 -0.68666  0.517444  0.510636  0.595502
-0.715336 -0.355711 -0.601469   1.56769
        0         0         0         1

-0.129187 -0.773944  0.619936   1.05869
-0.682016  0.523175  0.511021  0.588767
-0.719837 -0.356789  -0.59543   1.55472
        0         0         0         1

-0.127707 -0.772715  0.621774    1.0594
-0.680613  0.524279   0.51176  0.586078
-0.721427 -0.357832 -0.592874   1.54955
        0         0         0         1

-0.128126 -0.770587  0.624323    1.0613
-0.677827  0.527576  0.512068  0.582867
-0.723971 -0.357574 -0.589921   1.54406
        0         0         0         1

-0.125994 -0.769033  0.626669   1.06205
-0.676346  0.528718  0.512848  0.580444
-0.725728  -0.35923 -0.586748   1.53963
        0         0         0         1

-0.120191  -0.76546  0.632159   1.06359
-0.673229   0.53083  0.514764  0.575178
-0.729601 -0.363718  -0.57913   1.52977
        0         0         0         1

-0.116241 -0.763619  0.635117    1.0637
-0.673226  0.530719  0.514882  0.573468
-0.730243 -0.367727  -0.57578   1.52534
        0         0         0         1

-0.112069 -0.761381  0.638545   1.06402
-0.670799  0.532051  0.516672  0.570841
-0.733123 -0.370432  -0.57036   1.52107
        0         0         0         1

-0.111429 -0.758992  0.641495   1.06527
-0.668825  0.534717   0.51648  0.569395
-0.735022 -0.371497 -0.567215   1.51832
        0         0         0         1

-0.108145 -0.757283   0.64407   1.06591
 -0.66721  0.535571  0.517682  0.567502
-0.736977 -0.373746 -0.563186   1.51425
        0         0         0         1

-0.105686 -0.755892   0.64611   1.06643
-0.667476  0.535548  0.517363  0.566459
-0.737093 -0.376585 -0.561139   1.51016
        0         0         0         1

-0.101413 -0.752447  0.650799   1.06804
-0.663938  0.538364   0.51899  0.563871
-0.740879 -0.379457 -0.554175     1.503
        0         0         0         1

-0.0987738 -0.752239  0.651444   1.06816
-0.662621  0.538125  0.520918   0.56295
-0.742413 -0.380208 -0.551602   1.50012
        0         0         0         1

-0.0978126 -0.751549  0.652385   1.06984
-0.660535   0.53935  0.522298  0.561845
-0.744396 -0.379836  -0.54918   1.49674
        0         0         0         1

-0.0962919 -0.751257  0.652947   1.07043
-0.659268  0.539608   0.52363  0.561215
-0.745717 -0.380046  -0.54724   1.49453
        0         0         0         1

-0.0885241 -0.748248  0.657486   1.07054
-0.657041  0.539972  0.526048   0.55982
-0.748639 -0.385427  -0.53943   1.48867
        0         0         0         1

-0.0848066  -0.74855  0.657632    1.0696
-0.656439  0.538504    0.5283  0.559239
-0.749597 -0.386892 -0.537046   1.48666
        0         0         0         1

-0.0799332 -0.748641  0.658139   1.06845
-0.657086  0.536065  0.529974  0.558504
-0.749566 -0.390092 -0.534771   1.48364
        0         0         0         1

-0.0775261 -0.748006  0.659149   1.06875
-0.657325   0.53544  0.530309  0.558322
-0.749609 -0.392162 -0.533193   1.48186
        0         0         0         1

-0.0733007 -0.744236  0.663882   1.06955
-0.658226  0.536198  0.528421  0.557588
-0.749243 -0.398251 -0.529179   1.47793
        0         0         0         1

-0.0724105 -0.741817  0.666682   1.06998
-0.658364  0.537667  0.526755  0.557376
-0.749209 -0.400776 -0.527318   1.47667
        0         0         0         1

-0.0699452  -0.73708  0.672176   1.06964
-0.659392  0.539785  0.523291  0.557353
-0.748538 -0.406626  -0.52378   1.47472
        0         0         0         1

-0.0669135 -0.734111  0.675725    1.0688
-0.660919  0.539966  0.521175   0.55756
-0.747468 -0.411726 -0.521319   1.47315
        0         0         0         1

-0.0630583 -0.730552   0.67994   1.06803
-0.661142  0.540935  0.519885  0.557526
-0.747606 -0.416753 -0.517109   1.47198
        0         0         0         1

-0.0607012 -0.728214  0.682656   1.06808
-0.662404  0.541002  0.518207  0.557965
-0.746684 -0.420738 -0.515211   1.47063
        0         0         0         1

-0.0520524 -0.721545  0.690408   1.06661
-0.663302  0.541797  0.516223  0.558552
-0.746539 -0.431079 -0.506804   1.46861
        0         0         0         1

-0.0466631 -0.716949  0.695563   1.06555
-0.664872  0.541964  0.514023   0.55919
-0.745498 -0.438474 -0.501969   1.46739
        0         0         0         1

-0.0391868 -0.711748  0.701341   1.06428
-0.665731  0.542013  0.512858  0.560022
-0.745162 -0.446807 -0.495073   1.46621
        0         0         0         1

-0.0338367 -0.708009  0.705392    1.0639
-0.667386   0.54138  0.511374  0.560818
-0.743943 -0.453466 -0.490834   1.46509
        0         0         0         1

-0.0232195 -0.701649  0.712145    1.0634
 -0.66614  0.542024  0.512316  0.562756
-0.745465 -0.462492 -0.479982   1.46673
        0         0         0         1

-0.0201066 -0.699857     0.714   1.06299
-0.667419   0.54112  0.511606  0.563863
-0.744411 -0.466251 -0.477978   1.46701
        0         0         0         1

-0.0183953  -0.69676  0.717068   1.06278
  -0.6681  0.542134  0.509641   0.56544
-0.743844 -0.469698 -0.475478   1.46818
        0         0         0         1

-0.0145448 -0.693984  0.719844   1.06152
-0.669258  0.541633  0.508652  0.566976
-0.742888 -0.474363 -0.472332   1.46912
        0         0         0         1

-0.0102163 -0.689576  0.724142   1.06021
-0.669883  0.542376  0.507036  0.569291
-0.742397  -0.47991 -0.467476   1.47081
        0         0         0         1

-0.00787863 -0.684747  0.728738   1.05958
-0.671332  0.543734  0.503653  0.571514
-0.741115 -0.485257 -0.463977   1.47221
        0         0         0         1

0.00296656 -0.672653  0.739952   1.05629
-0.675316  0.544388  0.497583  0.577785
-0.737522 -0.501178 -0.452638   1.47682
        0         0         0         1

0.0087858 -0.668309  0.743832    1.0544
-0.678014  0.542775  0.495674  0.580285
-0.734997 -0.508683 -0.448354   1.47893
        0         0         0         1

0.0175279 -0.662811  0.748582   1.05226
-0.682044  0.539531  0.493682  0.583627
-0.731101 -0.519219 -0.442609   1.48181
        0         0         0         1

0.0230177 -0.658549  0.752185    1.0506
-0.684617  0.537904  0.491893   0.58652
 -0.72854 -0.526281 -0.438473   1.48521
        0         0         0         1

0.0310539 -0.653882  0.755959   1.04865
-0.687249  0.535205  0.491167  0.589972
-0.725758 -0.534785 -0.432759   1.49085
        0         0         0         1

0.0380511 -0.650239  0.758776     1.047
-0.692323    0.5304  0.489249  0.593018
-0.720584 -0.543935 -0.429993   1.49381
        0         0         0         1

0.0557632 -0.641386  0.765189   1.04185
-0.702183  0.519641  0.486737  0.601118
 -0.70981 -0.564445 -0.421393   1.50499
        0         0         0         1

0.0632622 -0.638378  0.767119   1.03908
-0.707115  0.513753  0.485846   0.60483
-0.704263 -0.573177 -0.418905   1.51005
        0         0         0         1

0.0723635 -0.634498   0.76953   1.03588
-0.713469  0.506208  0.484474  0.609642
 -0.69694 -0.584094 -0.416063   1.51649
        0         0         0         1

0.0804553 -0.631903   0.77086   1.03208
-0.718219  0.499499  0.484419   0.61362
 -0.69115 -0.592621 -0.413657   1.52232
        0         0         0         1

0.0956642 -0.622781  0.776525   1.02555
-0.729896  0.486543  0.480132  0.624284
-0.676831 -0.612714 -0.408021    1.5381
        0         0         0         1

 0.101988 -0.618949  0.778782   1.02219
-0.734942  0.480715  0.478302  0.628827
-0.670417 -0.621141 -0.405864   1.54506
        0         0         0         1

 0.111349 -0.613484  0.781818    1.0171
-0.740711  0.473248  0.476847  0.635231
-0.662532 -0.632197 -0.401719   1.55472
        0         0         0         1

 0.117924 -0.608704  0.784585   1.01343
-0.745791  0.467386  0.474705  0.640597
-0.655659 -0.641115 -0.398851   1.56207
        0         0         0         1

 0.127696 -0.602237  0.788038   1.00817
-0.751626  0.459641  0.473063  0.647873
-0.647111 -0.652718 -0.393963   1.57249
        0         0         0         1

 0.134625 -0.595859  0.791725   1.00412
-0.758609  0.452052  0.469213   0.65426
-0.637486 -0.663778 -0.391166   1.57895
        0         0         0         1

 0.150854  -0.58181  0.799212  0.993992
-0.771198   0.43653  0.463352  0.670484
-0.618463 -0.686249 -0.382839   1.59983
        0         0         0         1

 0.158744 -0.577919  0.800506  0.988104
-0.775853  0.428421   0.46315  0.676972
-0.610616 -0.694597 -0.380371   1.60898
        0         0         0         1

 0.164745 -0.572461  0.803211  0.982974
-0.783739   0.41844  0.458979  0.686561
-0.598843 -0.705122 -0.379724   1.62066
        0         0         0         1

 0.171405 -0.569106  0.804201  0.977363
-0.788448  0.410211   0.45834  0.693874
-0.590737 -0.712632 -0.378399   1.63098
        0         0         0         1

 0.180341  -0.56102  0.807919   0.96721
-0.803534  0.389696  0.449968  0.713466
-0.567284 -0.730338  -0.38052   1.65477
        0         0         0         1

 0.183461 -0.559926  0.807975   0.96172
-0.806949   0.38362  0.449076  0.721056
-0.561405 -0.734383 -0.381452   1.66718
        0         0         0         1

 0.187291 -0.556134  0.809714  0.955237
-0.814438  0.372941   0.44453  0.732254
-0.549194 -0.742718 -0.383089   1.68048
        0         0         0         1

 0.189796 -0.552416  0.811674  0.950119
-0.821305  0.363663  0.439553  0.741866
-0.537992 -0.750057  -0.38468   1.68962
        0         0         0         1

 0.196395 -0.548432  0.812804  0.941393
-0.828185  0.350989  0.436939  0.754403
-0.524917 -0.758965 -0.385271   1.70253
        0         0         0         1

 0.198659 -0.544121  0.815148  0.936545
-0.833869  0.343187  0.432302  0.764295
-0.514973 -0.765608 -0.385549   1.71269
        0         0         0         1

 0.200056 -0.534149  0.821379  0.925399
-0.846622  0.327719  0.419323  0.789426
-0.493162 -0.779285  -0.38666   1.73908
        0         0         0         1

 0.203714  -0.53041  0.822901  0.919023
-0.851905  0.318162  0.415969  0.800422
 -0.48245 -0.785772 -0.387045   1.75039
        0         0         0         1

 0.203727 -0.525067  0.826317  0.912448
-0.858855  0.309303  0.408289  0.814709
-0.469962 -0.792866 -0.387943   1.76448
        0         0         0         1

 0.204807 -0.520998  0.828622  0.907503
-0.862876  0.303532   0.40412  0.825418
-0.462059 -0.797765 -0.387392   1.77692
        0         0         0         1

  0.20992 -0.513435  0.832056  0.891315
-0.874921  0.281203  0.394256  0.854206
-0.436402 -0.810746 -0.390185   1.80354
        0         0         0         1

 0.208481 -0.510517  0.834211  0.885624
-0.880488  0.273346  0.387327  0.866359
-0.425765 -0.815263 -0.392517   1.81519
        0         0         0         1

 0.207941 -0.506053  0.837061  0.878754
-0.886813  0.263533  0.379622  0.882561
-0.412702 -0.821256 -0.393975   1.83059
        0         0         0         1

 0.205749 -0.504259  0.838683  0.873712
-0.892549  0.254725  0.372118  0.896366
-0.401277 -0.825129 -0.397667   1.84114
        0         0         0         1

 0.202859 -0.500963  0.841359  0.866764
-0.898866  0.245579  0.362948  0.913677
-0.388443 -0.829896 -0.400481   1.85694
        0         0         0         1

 0.197269 -0.498877  0.843924   0.86356
-0.905482  0.237225  0.351891  0.928357
 -0.37575 -0.833574 -0.404927   1.86773
        0         0         0         1

 0.184617 -0.495465  0.848782  0.852784
-0.920117  0.216382  0.326442   0.96599
-0.345402 -0.841245 -0.415938   1.89501
        0         0         0         1

 0.178085  -0.49504  0.850424  0.848091
-0.926097  0.207807  0.314897   0.98105
-0.332611 -0.843654 -0.421448   1.90616
        0         0         0         1

 0.175737  -0.49368  0.851702  0.837453
-0.931598  0.196236  0.305969   0.99915
-0.318185 -0.847214 -0.425425   1.92091
        0         0         0         1

 0.171437 -0.493218  0.852845  0.831005
  -0.9365  0.187204  0.296517   1.01589
-0.305904 -0.849524 -0.429805   1.92968
        0         0         0         1

 0.143226 -0.493344  0.857962  0.826667
-0.950672  0.172434  0.257856   1.05773
-0.275154 -0.852572 -0.444311   1.95684
        0         0         0         1

 0.146422 -0.487794  0.860591  0.813498
-0.954774  0.157897  0.251944   1.07363
-0.258782  -0.85856 -0.442614   1.96444
        0         0         0         1

 0.127989 -0.491554   0.86139  0.814991
-0.960713   0.15422  0.230753   1.09637
-0.246271 -0.857083 -0.452504   1.98098
        0         0         0         1

 0.122962 -0.488964  0.863594  0.807521
-0.965378  0.142792  0.218303    1.1145
-0.230057 -0.860537 -0.454477   1.98945
        0         0         0         1

 0.106264 -0.493808  0.863054  0.805608
-0.970691  0.136648  0.197702    1.1378
-0.215562 -0.858767 -0.464814   2.00314
        0         0         0         1

0.0939974  -0.49751   0.86235  0.804297
-0.973828  0.134098  0.183513   1.15463
-0.206939  -0.85703 -0.471885   2.01653
        0         0         0         1

0.0649139 -0.511835  0.856628  0.796755
-0.981964  0.119997   0.14611   1.19984
-0.177576 -0.850662 -0.494814   2.03993
        0         0         0         1

