 0.382123 -0.704086  0.598536   0.66321
-0.916666 -0.206741  0.342026   1.08296
-0.117074 -0.679353 -0.724412   2.05727
        0         0         0         1

 0.368021 -0.706835  0.604107  0.672509
-0.918233 -0.174042  0.355749   1.04386
-0.146316 -0.685634  -0.71309   2.05053
        0         0         0         1

 0.368021 -0.706835  0.604107  0.672509
-0.918233 -0.174042  0.355749   1.04386
-0.146316 -0.685634  -0.71309   2.05053
        0         0         0         1

 0.351466 -0.709943   0.61029  0.675606
-0.916149  -0.12662  0.380314  0.984884
-0.192727 -0.692784 -0.694915   2.04088
        0         0         0         1

 0.351466 -0.709943   0.61029  0.675606
-0.916149  -0.12662  0.380314  0.984884
-0.192727 -0.692784 -0.694915   2.04088
        0         0         0         1

 0.343268 -0.698633  0.627758  0.674383
-0.916613 -0.103367  0.386181  0.952554
-0.204909 -0.707974 -0.675859   2.01729
        0         0         0         1

 0.343268 -0.698633  0.627758  0.674383
-0.916613 -0.103367  0.386181  0.952554
-0.204909 -0.707974 -0.675859   2.01729
        0         0         0         1

  0.326452  -0.683448   0.652938   0.679556
 -0.915355 -0.0563332   0.398688   0.905953
   -0.2357  -0.727823  -0.643987    1.98735
         0          0          0          1

  0.326452  -0.683448   0.652938   0.679556
 -0.915355 -0.0563332   0.398688   0.905953
   -0.2357  -0.727823  -0.643987    1.98735
         0          0          0          1

  0.314038  -0.672337   0.670331   0.687618
 -0.909995 -0.0118295   0.414451   0.873541
 -0.270721  -0.740151  -0.615538    1.97204
         0          0          0          1

  0.314038  -0.672337   0.670331   0.687618
 -0.909995 -0.0118295   0.414451   0.873541
 -0.270721  -0.740151  -0.615538    1.97204
         0          0          0          1

 0.312072 -0.654647  0.688512   0.68829
-0.904127 0.0179695  0.426887  0.844283
-0.291832 -0.755721 -0.586276    1.9478
        0         0         0         1

 0.312072 -0.654647  0.688512   0.68829
-0.904127 0.0179695  0.426887  0.844283
-0.291832 -0.755721 -0.586276    1.9478
        0         0         0         1

  0.30015 -0.641198   0.70624  0.695933
-0.897469 0.0610336  0.436834  0.804234
-0.323202 -0.764945 -0.557136   1.91285
        0         0         0         1

  0.30015 -0.641198   0.70624  0.695933
-0.897469 0.0610336  0.436834  0.804234
-0.323202 -0.764945 -0.557136   1.91285
        0         0         0         1

 0.290266 -0.640901  0.710627  0.702263
-0.891292 0.0892547  0.444558  0.777175
-0.348345 -0.762417 -0.545323   1.89118
        0         0         0         1

 0.290266 -0.640901  0.710627  0.702263
-0.891292 0.0892547  0.444558  0.777175
-0.348345 -0.762417 -0.545323   1.89118
        0         0         0         1

 0.278638 -0.641308  0.714902  0.711401
-0.878674   0.13025  0.459311  0.741093
-0.387676 -0.756148 -0.527208   1.85601
        0         0         0         1

 0.278638 -0.641308  0.714902  0.711401
-0.878674   0.13025  0.459311  0.741093
-0.387676 -0.756148 -0.527208   1.85601
        0         0         0         1

  0.27275 -0.634903  0.722846  0.716968
-0.869628  0.158682  0.467511  0.720949
-0.411527 -0.756121 -0.508849   1.82952
        0         0         0         1

  0.27275 -0.634903  0.722846  0.716968
-0.869628  0.158682  0.467511  0.720949
-0.411527 -0.756121 -0.508849   1.82952
        0         0         0         1

 0.268939 -0.628818  0.729561  0.722934
-0.859425  0.185281  0.476507  0.700818
 -0.43481 -0.755155 -0.490593   1.80245
        0         0         0         1

 0.268939 -0.628818  0.729561  0.722934
-0.859425  0.185281  0.476507  0.700818
 -0.43481 -0.755155 -0.490593   1.80245
        0         0         0         1

 0.258519 -0.634427  0.728471  0.732175
-0.841574  0.222314   0.49227  0.672484
-0.474259 -0.740324 -0.476445   1.76605
        0         0         0         1

 0.258519 -0.634427  0.728471  0.732175
-0.841574  0.222314   0.49227  0.672484
-0.474259 -0.740324 -0.476445   1.76605
        0         0         0         1

 0.252508 -0.638357  0.727145  0.739123
-0.830591  0.242492  0.501314  0.656908
-0.496344 -0.730546 -0.468983   1.73936
        0         0         0         1

 0.252508 -0.638357  0.727145  0.739123
-0.830591  0.242492  0.501314  0.656908
-0.496344 -0.730546 -0.468983   1.73936
        0         0         0         1

 0.244624 -0.643979  0.724879  0.746775
-0.811582  0.273083  0.516489  0.633068
 -0.53056 -0.714644 -0.455839   1.70355
        0         0         0         1

 0.244624 -0.643979  0.724879  0.746775
-0.811582  0.273083  0.516489  0.633068
 -0.53056 -0.714644 -0.455839   1.70355
        0         0         0         1

 0.233708 -0.647178  0.725631  0.753591
-0.800819  0.295126  0.521142  0.619472
-0.551424 -0.702895   -0.4493   1.68065
        0         0         0         1

 0.233708 -0.647178  0.725631  0.753591
-0.800819  0.295126  0.521142  0.619472
-0.551424 -0.702895   -0.4493   1.68065
        0         0         0         1

 0.226367 -0.650257  0.725207  0.757237
-0.789093  0.314066  0.527915  0.606097
-0.571043 -0.691758 -0.442019   1.65865
        0         0         0         1

 0.226367 -0.650257  0.725207  0.757237
-0.789093  0.314066  0.527915  0.606097
-0.571043 -0.691758 -0.442019   1.65865
        0         0         0         1

 0.215121 -0.645551  0.732794  0.764283
-0.776445  0.342061  0.529271  0.589028
-0.592332 -0.682831  -0.42765   1.62378
        0         0         0         1

 0.215121 -0.645551  0.732794  0.764283
-0.776445  0.342061  0.529271  0.589028
-0.592332 -0.682831  -0.42765   1.62378
        0         0         0         1

 0.207901 -0.639785    0.7399  0.767563
-0.769221  0.360318  0.527703  0.578349
-0.604216 -0.678857 -0.417226    1.6021
        0         0         0         1

 0.207901 -0.639785    0.7399  0.767563
-0.769221  0.360318  0.527703  0.578349
-0.604216 -0.678857 -0.417226    1.6021
        0         0         0         1

  0.19408 -0.631165  0.750975  0.771421
 -0.75936   0.38799  0.522338  0.563362
-0.621052 -0.671635  -0.40398   1.57369
        0         0         0         1

  0.19408 -0.631165  0.750975  0.771421
 -0.75936   0.38799  0.522338  0.563362
-0.621052 -0.671635  -0.40398   1.57369
        0         0         0         1

 0.181804 -0.628251  0.756471   0.77506
-0.754743   0.40397  0.516886  0.555395
-0.630326 -0.664913 -0.400725   1.55504
        0         0         0         1

 0.181804 -0.628251  0.756471   0.77506
-0.754743   0.40397  0.516886  0.555395
-0.630326 -0.664913 -0.400725   1.55504
        0         0         0         1

 0.173357   -0.6255  0.760721  0.778344
-0.749765  0.417023  0.513756  0.548473
-0.638592 -0.659425 -0.396684   1.53617
        0         0         0         1

 0.173357   -0.6255  0.760721  0.778344
-0.749765  0.417023  0.513756  0.548473
-0.638592 -0.659425 -0.396684   1.53617
        0         0         0         1

  0.16436 -0.623391  0.764441  0.782666
-0.737461  0.437019  0.514942  0.539115
-0.655086 -0.648381 -0.387898   1.51139
        0         0         0         1

  0.16436 -0.623391  0.764441  0.782666
-0.737461  0.437019  0.514942  0.539115
-0.655086 -0.648381 -0.387898   1.51139
        0         0         0         1

 0.158238 -0.621976  0.766881  0.787023
-0.731279  0.448048   0.51428  0.535194
-0.663469 -0.642183  -0.38394   1.49511
        0         0         0         1

 0.158238 -0.621976  0.766881  0.787023
-0.731279  0.448048   0.51428  0.535194
-0.663469 -0.642183  -0.38394   1.49511
        0         0         0         1

  0.15625 -0.623538  0.766019  0.789425
-0.721561  0.457541   0.51962  0.529896
-0.674489 -0.633921  -0.37843   1.47284
        0         0         0         1

  0.15625 -0.623538  0.766019  0.789425
-0.721561  0.457541   0.51962  0.529896
-0.674489 -0.633921  -0.37843   1.47284
        0         0         0         1

 0.153121 -0.626094  0.764566  0.792858
-0.717676  0.461412  0.521575  0.527723
-0.679334 -0.628574 -0.378681   1.45955
        0         0         0         1

 0.153121 -0.626094  0.764566  0.792858
-0.717676  0.461412  0.521575  0.527723
-0.679334 -0.628574 -0.378681   1.45955
        0         0         0         1

  0.15002   -0.6337  0.758893  0.794578
-0.714488   0.46106  0.526242  0.525244
-0.683375 -0.621167 -0.383602    1.4495
        0         0         0         1

  0.15002   -0.6337  0.758893  0.794578
-0.714488   0.46106  0.526242  0.525244
-0.683375 -0.621167 -0.383602    1.4495
        0         0         0         1

 0.138588 -0.649282  0.747815  0.798278
-0.716564  0.455487  0.528268   0.52327
-0.683615 -0.609069 -0.402127   1.43459
        0         0         0         1

 0.138588 -0.649282  0.747815  0.798278
-0.716564  0.455487  0.528268   0.52327
-0.683615 -0.609069 -0.402127   1.43459
        0         0         0         1

 0.132262 -0.658129  0.741197  0.799456
-0.716783  0.452983  0.530122  0.521708
-0.684638 -0.601392 -0.411822   1.42651
        0         0         0         1

 0.132262 -0.658129  0.741197  0.799456
-0.716783  0.452983  0.530122  0.521708
-0.684638 -0.601392 -0.411822   1.42651
        0         0         0         1

 0.129248 -0.662414  0.737905  0.800113
-0.717637  0.451056  0.530609  0.520371
-0.684319 -0.598128 -0.417075   1.41656
        0         0         0         1

 0.129248 -0.662414  0.737905  0.800113
-0.717637  0.451056  0.530609  0.520371
-0.684319 -0.598128 -0.417075   1.41656
        0         0         0         1

 0.126372 -0.666688  0.734545  0.800624
-0.719013  0.448582  0.530843  0.519999
-0.683411 -0.595231 -0.422669   1.41103
        0         0         0         1

 0.126372 -0.666688  0.734545  0.800624
-0.719013  0.448582  0.530843  0.519999
-0.683411 -0.595231 -0.422669   1.41103
        0         0         0         1

 0.122536 -0.673718  0.728759  0.800316
-0.720428  0.444666  0.532218  0.519317
-0.682619 -0.590234 -0.430877    1.4063
        0         0         0         1

 0.122536 -0.673718  0.728759  0.800316
-0.720428  0.444666  0.532218  0.519317
-0.682619 -0.590234 -0.430877    1.4063
        0         0         0         1

 0.113716 -0.691771  0.713107  0.799979
 -0.72216  0.435385  0.537518  0.518804
-0.682315 -0.576102 -0.450059   1.40045
        0         0         0         1

 0.113716 -0.691771  0.713107  0.799979
 -0.72216  0.435385  0.537518  0.518804
-0.682315 -0.576102 -0.450059   1.40045
        0         0         0         1

 0.110691 -0.698452  0.707045  0.799188
-0.722234  0.432181  0.539998  0.518597
-0.682734 -0.570425 -0.456607   1.39721
        0         0         0         1

 0.110691 -0.698452  0.707045  0.799188
-0.722234  0.432181  0.539998  0.518597
-0.682734 -0.570425 -0.456607   1.39721
        0         0         0         1

 0.111537 -0.700016  0.705363  0.796595
-0.723398   0.42947  0.540603  0.517926
-0.681363 -0.570555 -0.458489   1.39437
        0         0         0         1

 0.111537 -0.700016  0.705363  0.796595
-0.723398   0.42947  0.540603  0.517926
-0.681363 -0.570555 -0.458489   1.39437
        0         0         0         1

 0.110658 -0.695421  0.710031  0.794503
-0.727314   0.43022   0.53472  0.517993
-0.677325 -0.575587 -0.458183   1.39135
        0         0         0         1

 0.110658 -0.695421  0.710031  0.794503
-0.727314   0.43022   0.53472  0.517993
-0.677325 -0.575587 -0.458183   1.39135
        0         0         0         1

 0.111166 -0.690658  0.714586  0.794025
-0.731175  0.430145  0.529489  0.518127
-0.673071 -0.581349 -0.457174   1.38932
        0         0         0         1

 0.111166 -0.690658  0.714586  0.794025
-0.731175  0.430145  0.529489  0.518127
-0.673071 -0.581349 -0.457174   1.38932
        0         0         0         1

 0.112278 -0.693491  0.711662  0.792943
-0.734506  0.424439  0.529484  0.516674
 -0.66925  -0.58217 -0.461718   1.38865
        0         0         0         1

 0.112278 -0.693491  0.711662  0.792943
-0.734506  0.424439  0.529484  0.516674
 -0.66925  -0.58217 -0.461718   1.38865
        0         0         0         1

 0.111955 -0.698061  0.707232  0.793189
-0.735716  0.420181  0.531197   0.51632
-0.667973 -0.579791 -0.466534   1.38839
        0         0         0         1

 0.111955 -0.698061  0.707232  0.793189
-0.735716  0.420181  0.531197   0.51632
-0.667973 -0.579791 -0.466534   1.38839
        0         0         0         1

 0.113137 -0.702827  0.702306  0.793322
-0.736481  0.415141  0.534091  0.515845
 -0.66693 -0.577661 -0.470651   1.38763
        0         0         0         1

 0.113137 -0.702827  0.702306  0.793322
-0.736481  0.415141  0.534091  0.515845
 -0.66693 -0.577661 -0.470651   1.38763
        0         0         0         1

  0.11541 -0.707178  0.697553  0.793702
-0.736625   0.41018  0.537714  0.515632
-0.666382 -0.575892 -0.473586   1.38653
        0         0         0         1

  0.11541 -0.707178  0.697553  0.793702
-0.736625   0.41018  0.537714  0.515632
-0.666382 -0.575892 -0.473586   1.38653
        0         0         0         1

 0.118712 -0.711078  0.693019  0.792963
-0.737107  0.404521  0.541327  0.515199
-0.665267 -0.575092 -0.476119    1.3859
        0         0         0         1

 0.118712 -0.711078  0.693019  0.792963
-0.737107  0.404521  0.541327  0.515199
-0.665267 -0.575092 -0.476119    1.3859
        0         0         0         1

  0.11753 -0.716185  0.687943  0.793036
-0.737885  0.400641  0.543151  0.514976
-0.664614 -0.571459 -0.481375   1.38551
        0         0         0         1

  0.11753 -0.716185  0.687943  0.793036
-0.737885  0.400641  0.543151  0.514976
-0.664614 -0.571459 -0.481375   1.38551
        0         0         0         1

 0.117913 -0.717895  0.686092  0.792691
-0.739006  0.398063  0.543522  0.514826
  -0.6633 -0.571115 -0.483592   1.38508
        0         0         0         1

 0.117913 -0.717895  0.686092  0.792691
-0.739006  0.398063  0.543522  0.514826
  -0.6633 -0.571115 -0.483592   1.38508
        0         0         0         1

 0.117698 -0.718412  0.685588  0.792418
-0.739356  0.397499  0.543458  0.514812
-0.662947 -0.570858 -0.484378   1.38482
        0         0         0         1

 0.117698 -0.718412  0.685588  0.792418
-0.739356  0.397499  0.543458  0.514812
-0.662947 -0.570858 -0.484378   1.38482
        0         0         0         1

  0.12108 -0.716206  0.687305    0.7912
-0.740258   0.39615  0.543215  0.515399
 -0.66133 -0.574556 -0.482212   1.38424
        0         0         0         1

  0.12108 -0.716206  0.687305    0.7912
-0.740258   0.39615  0.543215  0.515399
 -0.66133 -0.574556 -0.482212   1.38424
        0         0         0         1

 0.123229 -0.713982  0.689234  0.790542
-0.739995  0.396657  0.543204  0.516123
-0.661228 -0.576968 -0.479464   1.38562
        0         0         0         1

 0.123229 -0.713982  0.689234  0.790542
-0.739995  0.396657  0.543204  0.516123
-0.661228 -0.576968 -0.479464   1.38562
        0         0         0         1

 0.124391 -0.712094  0.690977  0.789739
 -0.74172   0.39583  0.541452  0.519096
-0.659074 -0.579863 -0.478936   1.39107
        0         0         0         1

 0.124391 -0.712094  0.690977  0.789739
 -0.74172   0.39583  0.541452  0.519096
-0.659074 -0.579863 -0.478936   1.39107
        0         0         0         1

 0.123876 -0.710662  0.692542  0.790699
-0.746354  0.393196  0.536985  0.522908
 -0.65392 -0.583401 -0.481697   1.39384
        0         0         0         1

 0.123876 -0.710662  0.692542  0.790699
-0.746354  0.393196  0.536985  0.522908
 -0.65392 -0.583401 -0.481697   1.39384
        0         0         0         1

 0.126746  -0.70988  0.692825   0.78979
-0.755257  0.383737  0.531351  0.528059
-0.643057 -0.590607 -0.487504   1.40264
        0         0         0         1

 0.126746  -0.70988  0.692825   0.78979
-0.755257  0.383737  0.531351  0.528059
-0.643057 -0.590607 -0.487504   1.40264
        0         0         0         1

 0.128989  -0.70821  0.694119  0.790033
-0.763313  0.375917  0.525395  0.531906
-0.633021   -0.5976 -0.492096   1.40974
        0         0         0         1

 0.128989  -0.70821  0.694119  0.790033
-0.763313  0.375917  0.525395  0.531906
-0.633021   -0.5976 -0.492096   1.40974
        0         0         0         1

 0.132425 -0.707017  0.694688  0.789138
-0.769777  0.368165  0.521438  0.535428
-0.624426 -0.603806 -0.495491   1.41922
        0         0         0         1

 0.132425 -0.707017  0.694688  0.789138
-0.769777  0.368165  0.521438  0.535428
-0.624426 -0.603806 -0.495491   1.41922
        0         0         0         1

 0.141943 -0.703657  0.696218  0.788151
-0.780051  0.353489  0.516301  0.541575
-0.609404  -0.61637 -0.498713   1.43406
        0         0         0         1

 0.141943 -0.703657  0.696218  0.788151
-0.780051  0.353489  0.516301  0.541575
-0.609404  -0.61637 -0.498713   1.43406
        0         0         0         1

  0.15022  -0.70272  0.695427   0.78717
-0.787412  0.340315  0.513973  0.546146
-0.597843 -0.624797 -0.502208   1.44455
        0         0         0         1

  0.15022  -0.70272  0.695427   0.78717
-0.787412  0.340315  0.513973  0.546146
-0.597843 -0.624797 -0.502208   1.44455
        0         0         0         1

 0.160608 -0.706347  0.689405  0.786786
-0.796698  0.319541  0.512997  0.552889
-0.582647 -0.631639 -0.511424   1.46585
        0         0         0         1

 0.160608 -0.706347  0.689405  0.786786
-0.796698  0.319541  0.512997  0.552889
-0.582647 -0.631639 -0.511424   1.46585
        0         0         0         1

 0.168661 -0.711859   0.68177  0.785618
-0.803232  0.301631  0.513652  0.557696
 -0.57129 -0.634252 -0.520914    1.4824
        0         0         0         1

 0.168661 -0.711859   0.68177  0.785618
-0.803232  0.301631  0.513652  0.557696
 -0.57129 -0.634252 -0.520914    1.4824
        0         0         0         1

 0.177409 -0.716534  0.674615  0.784087
-0.810804  0.282099  0.512852  0.563223
-0.557784 -0.637965 -0.530921   1.49946
        0         0         0         1

 0.177409 -0.716534  0.674615  0.784087
-0.810804  0.282099  0.512852  0.563223
-0.557784 -0.637965 -0.530921   1.49946
        0         0         0         1

 0.193362 -0.721209  0.665183  0.780886
-0.820536  0.252825  0.512641  0.572503
-0.537896 -0.644932 -0.542891   1.52877
        0         0         0         1

 0.193362 -0.721209  0.665183  0.780886
-0.820536  0.252825  0.512641  0.572503
-0.537896 -0.644932 -0.542891   1.52877
        0         0         0         1

 0.205262 -0.722811  0.659857  0.779239
-0.825849  0.233888  0.513098   0.58031
-0.525206 -0.650262 -0.548925   1.54952
        0         0         0         1

 0.205262 -0.722811  0.659857  0.779239
-0.825849  0.233888  0.513098   0.58031
-0.525206 -0.650262 -0.548925   1.54952
        0         0         0         1

 0.215595  -0.72586  0.653181   0.77954
-0.830605  0.215394  0.513518  0.589789
-0.513434 -0.653247 -0.556465   1.57166
        0         0         0         1

 0.215595  -0.72586  0.653181   0.77954
-0.830605  0.215394  0.513518  0.589789
-0.513434 -0.653247 -0.556465   1.57166
        0         0         0         1

  0.23739 -0.727365  0.643884  0.776193
-0.839412  0.180005  0.512821  0.606568
 -0.48891 -0.662222 -0.567828   1.60582
        0         0         0         1

  0.23739 -0.727365  0.643884  0.776193
-0.839412  0.180005  0.512821  0.606568
 -0.48891 -0.662222 -0.567828   1.60582
        0         0         0         1

  0.25077 -0.727234   0.63894   0.77367
-0.845887  0.156338  0.509934  0.619136
-0.470732 -0.668348 -0.575953   1.63104
        0         0         0         1

  0.25077 -0.727234   0.63894   0.77367
-0.845887  0.156338  0.509934  0.619136
-0.470732 -0.668348 -0.575953   1.63104
        0         0         0         1

 0.268268 -0.728537  0.630291   0.77057
-0.856048  0.119794  0.502823  0.640921
 -0.44183 -0.674451 -0.591526   1.66969
        0         0         0         1

 0.268268 -0.728537  0.630291   0.77057
-0.856048  0.119794  0.502823  0.640921
 -0.44183 -0.674451 -0.591526   1.66969
        0         0         0         1

 0.278561 -0.730542  0.623467  0.768749
-0.861336 0.0971402  0.498662  0.656638
-0.424857 -0.675923 -0.602183   1.69764
        0         0         0         1

 0.278561 -0.730542  0.623467  0.768749
-0.861336 0.0971402  0.498662  0.656638
-0.424857 -0.675923 -0.602183   1.69764
        0         0         0         1

 0.291731  -0.73148  0.616304  0.765621
 -0.86625   0.07117  0.494515  0.673859
 -0.40559 -0.678139 -0.612882   1.72493
        0         0         0         1

 0.291731  -0.73148  0.616304  0.765621
 -0.86625   0.07117  0.494515  0.673859
 -0.40559 -0.678139 -0.612882   1.72493
        0         0         0         1

  0.30872 -0.732447  0.606806  0.760746
-0.872644 0.0356926  0.487051  0.702585
-0.378398 -0.679887 -0.628146   1.76657
        0         0         0         1

  0.30872 -0.732447  0.606806  0.760746
-0.872644 0.0356926  0.487051  0.702585
-0.378398 -0.679887 -0.628146   1.76657
        0         0         0         1

 0.314801 -0.735102  0.600437   0.76028
-0.877983 0.0148242  0.478463   0.72392
 -0.36062 -0.677794  -0.64074   1.79536
        0         0         0         1

 0.314801 -0.735102  0.600437   0.76028
-0.877983 0.0148242  0.478463   0.72392
 -0.36062 -0.677794  -0.64074   1.79536
        0         0         0         1

  0.320777  -0.740434   0.590644   0.760854
 -0.887206 -0.0165612   0.461077   0.760904
 -0.331615  -0.671925  -0.662229    1.83434
         0          0          0          1

  0.320777  -0.740434   0.590644   0.760854
 -0.887206 -0.0165612   0.461077   0.760904
 -0.331615  -0.671925  -0.662229    1.83434
         0          0          0          1

  0.329148  -0.745139   0.580025   0.756384
 -0.889639 -0.0387884   0.455015    0.78409
 -0.316551   -0.66578  -0.675672    1.86312
         0          0          0          1

  0.329148  -0.745139   0.580025   0.756384
 -0.889639 -0.0387884   0.455015    0.78409
 -0.316551   -0.66578  -0.675672    1.86312
         0          0          0          1

  0.333779  -0.752625    0.56758   0.755996
 -0.892095 -0.0576642   0.448154   0.810329
 -0.304563   -0.65592   -0.69066    1.89064
         0          0          0          1

  0.333779  -0.752625    0.56758   0.755996
 -0.892095 -0.0576642   0.448154   0.810329
 -0.304563   -0.65592   -0.69066    1.89064
         0          0          0          1

  0.345402  -0.757406   0.554107   0.750999
 -0.894996 -0.0882583   0.437255   0.853331
 -0.282275  -0.646952   -0.70836    1.92633
         0          0          0          1

  0.345402  -0.757406   0.554107   0.750999
 -0.894996 -0.0882583   0.437255   0.853331
 -0.282275  -0.646952   -0.70836    1.92633
         0          0          0          1

  0.344608    -0.7653   0.543655   0.754337
 -0.897301 -0.0983539   0.430322   0.882179
 -0.275855  -0.636115  -0.720598    1.95417
         0          0          0          1

  0.344608    -0.7653   0.543655   0.754337
 -0.897301 -0.0983539   0.430322   0.882179
 -0.275855  -0.636115  -0.720598    1.95417
         0          0          0          1

 0.357673 -0.763964  0.537056  0.742835
-0.899899 -0.128316  0.416793  0.928241
-0.249502 -0.632372 -0.733386   1.98122
        0         0         0         1

 0.357673 -0.763964  0.537056  0.742835
-0.899899 -0.128316  0.416793  0.928241
-0.249502 -0.632372 -0.733386   1.98122
        0         0         0         1

 0.350176 -0.771881  0.530638   0.74673
-0.904512 -0.131456  0.405681  0.961074
-0.243382 -0.622028 -0.744208   2.00626
        0         0         0         1

 0.350176 -0.771881  0.530638   0.74673
-0.904512 -0.131456  0.405681  0.961074
-0.243382 -0.622028 -0.744208   2.00626
        0         0         0         1

 0.355116 -0.770115  0.529921  0.738425
-0.906379 -0.144877  0.396848  0.992314
-0.228845 -0.621236 -0.749464   2.02204
        0         0         0         1

 0.355116 -0.770115  0.529921  0.738425
-0.906379 -0.144877  0.396848  0.992314
-0.228845 -0.621236 -0.749464   2.02204
        0         0         0         1

 0.355054 -0.771129  0.528486  0.733374
-0.911772  -0.16082    0.3779   1.04526
-0.206419 -0.616033 -0.760194   2.04537
        0         0         0         1

 0.355054 -0.771129  0.528486  0.733374
-0.911772  -0.16082    0.3779   1.04526
-0.206419 -0.616033 -0.760194   2.04537
        0         0         0         1

  0.34625 -0.778163  0.523998  0.740039
-0.914632 -0.155746  0.373084    1.0776
-0.208709 -0.608445  -0.76566   2.06919
        0         0         0         1

  0.34625 -0.778163  0.523998  0.740039
-0.914632 -0.155746  0.373084    1.0776
-0.208709 -0.608445  -0.76566   2.06919
        0         0         0         1

 0.347454  -0.77912  0.521773  0.730102
-0.917685 -0.168188  0.359955   1.13256
-0.192692 -0.603891 -0.773425   2.08375
        0         0         0         1

 0.347454  -0.77912  0.521773  0.730102
-0.917685 -0.168188  0.359955   1.13256
-0.192692 -0.603891 -0.773425   2.08375
        0         0         0         1

 0.346661 -0.779767  0.521334   0.72706
-0.919964 -0.174206  0.351167   1.16858
-0.183009 -0.601345 -0.777748   2.08954
        0         0         0         1

 0.346661 -0.779767  0.521334   0.72706
-0.919964 -0.174206  0.351167   1.16858
-0.183009 -0.601345 -0.777748   2.08954
        0         0         0         1

  0.34027 -0.785102  0.517524  0.727978
-0.922733 -0.172817  0.344525   1.20466
-0.181051 -0.594768 -0.783244   2.10418
        0         0         0         1

