  0.102712   -0.59117   0.799981   0.394599
 -0.994368 -0.0821363  0.0669729    1.07145
 0.0261151  -0.802354  -0.596277    1.78763
         0          0          0          1

 0.0903396  -0.584685   0.806215   0.398306
 -0.995758 -0.0671974  0.0628457     1.0498
 0.0174306  -0.808472  -0.588276     1.7923
         0          0          0          1

 0.0928613   -0.59365   0.799348   0.393519
 -0.995653 -0.0611587  0.0702458     1.0298
0.00718567  -0.802396  -0.596749     1.7952
         0          0          0          1

 0.0860833  -0.632964    0.76938   0.403397
 -0.995865 -0.0321723   0.084956   0.990809
-0.0290214  -0.773512  -0.633116    1.79749
         0          0          0          1

 0.0803769  -0.652645   0.753389   0.407754
 -0.995324 -0.0119281  0.0958552    0.97531
-0.0535729   -0.75757  -0.650552    1.80056
         0          0          0          1

0.0801373   -0.6731  0.735197   0.40425
-0.992601 0.0136119  0.120657  0.948749
-0.0912216 -0.739426 -0.667029   1.80556
        0         0         0         1

0.0756016 -0.685889  0.723768  0.404804
-0.991135 0.0278342  0.129907  0.932068
-0.109247 -0.727174 -0.677705   1.80488
        0         0         0         1

0.0609309  -0.69852  0.712992  0.413809
-0.990773 0.0443101   0.12808  0.917589
-0.121059 -0.714218 -0.689375   1.79898
        0         0         0         1

0.0511038 -0.711215  0.701115  0.418219
-0.989624 0.0583332  0.131307  0.903699
-0.134286  -0.70055 -0.700854   1.80131
        0         0         0         1

0.0422458 -0.734422  0.677377  0.419308
-0.985915 0.0791687  0.147324  0.866027
-0.161825  -0.67406 -0.720733    1.7995
        0         0         0         1

0.0327879 -0.740071  0.671729  0.424426
-0.985115  0.089539  0.146733   0.85437
-0.168739 -0.666542 -0.726119   1.79717
        0         0         0         1

0.0238706 -0.744636  0.667044  0.426816
-0.983652  0.101635  0.148658  0.835571
-0.178492 -0.659688 -0.730036   1.79353
        0         0         0         1

0.0176538 -0.749841  0.661383  0.428374
-0.981869  0.111866  0.153036  0.822761
-0.188738 -0.652093  -0.73427   1.79297
        0         0         0         1

0.00454333 -0.761084  0.648638   0.43351
-0.977434  0.133611   0.16362  0.793021
-0.211194 -0.634744 -0.743302    1.7851
        0         0         0         1

0.00219273 -0.764965  0.644068  0.435527
-0.975526  0.139979  0.169575  0.780866
-0.219875 -0.628677 -0.745936   1.78022
        0         0         0         1

-0.00515139 -0.769294  0.638874  0.438628
-0.973539  0.149821  0.172556  0.766795
-0.228463  -0.62108  -0.74971   1.77462
        0         0         0         1

-0.00548835 -0.769112  0.639091  0.435949
-0.972198  0.153716  0.176641  0.753752
-0.234095 -0.620353 -0.748573    1.7689
        0         0         0         1

-0.0181215 -0.770992  0.636586  0.441446
 -0.96954  0.169094  0.177197  0.740582
-0.244261 -0.613985 -0.750572   1.76472
        0         0         0         1

-0.023941 -0.771317  0.636001  0.443058
-0.968946  0.174519  0.175176  0.731785
-0.246111 -0.612057 -0.751542   1.75852
        0         0         0         1

-0.0325093 -0.774656  0.631546  0.447401
-0.965587  0.187479  0.180258  0.707956
-0.258039 -0.603953 -0.754093   1.74429
        0         0         0         1

-0.0333074 -0.776109  0.629718    0.4471
-0.963982  0.191297  0.184781   0.69757
-0.263874 -0.600882 -0.754527   1.73852
        0         0         0         1

-0.0371485 -0.777576   0.62769  0.448582
-0.961472  0.199019   0.18964  0.685598
-0.272382 -0.596462 -0.755011   1.73215
        0         0         0         1

-0.0366234 -0.778681  0.626351  0.448875
-0.959537  0.202508  0.195653  0.675719
-0.279192 -0.593841 -0.754589   1.72687
        0         0         0         1

-0.0444525 -0.780326  0.623791  0.452428
-0.953564  0.219333  0.206419  0.654346
-0.297892 -0.585649 -0.753841   1.71033
        0         0         0         1

-0.0435608 -0.783315  0.620097  0.453275
-0.950392  0.223838  0.215992  0.646421
-0.307991 -0.579926 -0.754207   1.70396
        0         0         0         1

-0.0453334 -0.787379    0.6148  0.455513
-0.944009  0.235089  0.231472  0.635915
-0.326789 -0.569884 -0.753951   1.69734
        0         0         0         1

-0.0455944 -0.788305  0.613593  0.457262
-0.940212  0.241397  0.240268  0.629435
-0.337524 -0.565952 -0.752181   1.69074
        0         0         0         1

-0.0431569 -0.789529  0.612194  0.457255
-0.934852  0.248057  0.254009  0.619024
-0.352406 -0.561348 -0.748798   1.68303
        0         0         0         1

-0.0421536  -0.78965  0.612108  0.457477
-0.931717  0.252267  0.261274  0.612179
-0.360729 -0.559298 -0.746365   1.67595
        0         0         0         1

-0.0424692 -0.795833  0.604025  0.459998
 -0.92206  0.264015  0.283023  0.594484
-0.384711 -0.544928 -0.745018   1.66283
        0         0         0         1

-0.0401128 -0.796639  0.603122  0.460378
-0.919766  0.265285  0.289231  0.587894
-0.390412  -0.54313 -0.743363   1.65696
        0         0         0         1

-0.0414123 -0.796777  0.602853   0.46222
-0.917958  0.268581  0.291919   0.58039
-0.394509 -0.541305 -0.742531   1.64903
        0         0         0         1

-0.0405605 -0.798223  0.600995  0.462327
-0.915783  0.270263   0.29715  0.574264
-0.399619 -0.538329 -0.741961    1.6453
        0         0         0         1

-0.0444288 -0.797011  0.602329  0.465877
 -0.91355  0.276412  0.298367  0.562703
-0.404292 -0.537002  -0.74039   1.63145
        0         0         0         1

-0.0433991 -0.796339  0.603292  0.465766
 -0.91386  0.275653  0.298119  0.557186
-0.403703 -0.538386 -0.739705   1.62521
        0         0         0         1

-0.0459256 -0.795401   0.60434  0.468061
-0.914122  0.277424  0.295664  0.551863
 -0.40283 -0.538862 -0.739835   1.61871
        0         0         0         1

-0.0461362 -0.796071  0.603442  0.468446
-0.913578  0.277959   0.29684  0.546234
-0.404038 -0.537597 -0.740097   1.61595
        0         0         0         1

-0.0441409 -0.795616  0.604191  0.467818
 -0.91368  0.276738  0.297665  0.539219
 -0.40403 -0.538898 -0.739154   1.61001
        0         0         0         1

-0.0456577 -0.793558  0.606779  0.469645
-0.914305  0.277902  0.294648  0.536303
-0.402445 -0.541328 -0.738242   1.60438
        0         0         0         1

-0.0467467 -0.789276  0.612256  0.471456
-0.914598  0.280272  0.291475  0.525924
-0.401653 -0.546343 -0.734972   1.59471
        0         0         0         1

-0.044737  -0.78827  0.613701  0.469412
-0.913887  0.280415   0.29356  0.519895
-0.403496  -0.54772 -0.732935   1.59196
        0         0         0         1

-0.0458867 -0.785905  0.616642  0.471072
-0.913373  0.282985  0.292694  0.515675
 -0.40453 -0.549793  -0.73081   1.58652
        0         0         0         1

-0.0446571 -0.784272  0.618808  0.470062
-0.912809  0.283733  0.293727  0.511247
-0.405938 -0.551736 -0.728561   1.58182
        0         0         0         1

-0.0457347 -0.782156  0.621401  0.470924
-0.911845  0.286737  0.293803   0.50695
-0.407979 -0.553185 -0.726319   1.57703
        0         0         0         1

-0.0489034 -0.780163  0.623661  0.473856
-0.911375  0.290332  0.291724  0.505624
-0.408661 -0.554123  -0.72522    1.5727
        0         0         0         1

-0.0473602 -0.778683  0.625628  0.474452
-0.908812  0.293502  0.296508   0.49738
-0.414509 -0.554535 -0.721577   1.56296
        0         0         0         1

-0.0456886 -0.779026  0.625325  0.474429
-0.907335  0.294243  0.300273  0.494063
-0.417918  -0.55366 -0.720281   1.55919
        0         0         0         1

-0.0440532 -0.779752  0.624537  0.475166
 -0.90486  0.296101  0.305864  0.489879
-0.423424 -0.551644  -0.71861   1.55496
        0         0         0         1

-0.0427512 -0.778881  0.625712  0.475112
-0.903296  0.297728  0.308893  0.487168
-0.426883 -0.551998 -0.716288   1.55105
        0         0         0         1

-0.040663 -0.773672   0.63228  0.473662
-0.901923  0.300738  0.309986  0.479064
-0.429978 -0.557663 -0.710021   1.54229
        0         0         0         1

-0.0424057 -0.770012  0.636619  0.473966
-0.902452   0.30293  0.306291  0.477086
-0.428698  -0.56153 -0.707745   1.53843
        0         0         0         1

-0.0443033 -0.764358  0.643268  0.474068
-0.903303  0.305677  0.301006  0.474559
-0.426709 -0.567731  -0.70399   1.53331
        0         0         0         1

-0.0450725 -0.759322  0.649152  0.473515
-0.904353  0.307073  0.296396   0.47226
-0.424398 -0.573703 -0.700536   1.52956
        0         0         0         1

-0.048748 -0.749341  0.660387  0.474637
-0.905871  0.311682  0.286797  0.470914
 -0.42074 -0.584245    -0.694   1.52464
        0         0         0         1

-0.0486092 -0.743044  0.667475   0.47371
-0.907343  0.312229    0.2815  0.468458
-0.417572 -0.591945 -0.689373   1.52149
        0         0         0         1

-0.0531663 -0.733776  0.677308  0.474477
-0.909686   0.31535  0.270234  0.465087
 -0.41188  -0.60177 -0.684271   1.51548
        0         0         0         1

-0.0540882 -0.731845  0.679321  0.475003
-0.910321   0.31572  0.267651  0.463766
-0.410354 -0.603923 -0.683291    1.5131
        0         0         0         1

-0.0531395 -0.727924  0.683595  0.475438
-0.910564  0.316348  0.266079   0.46191
-0.409939 -0.608318 -0.679632   1.50924
        0         0         0         1

-0.0517427 -0.724429  0.687404  0.475488
-0.910763  0.316599  0.265097  0.461076
-0.409676 -0.612345 -0.676165   1.50545
        0         0         0         1

-0.0494452 -0.718836  0.693419  0.476059
-0.908371  0.321001  0.267994  0.459408
-0.415232 -0.616631 -0.668842   1.49891
        0         0         0         1

-0.0497216 -0.717713  0.694562  0.476874
-0.907094  0.323484   0.26933  0.459117
-0.417981 -0.616641 -0.667117   1.49683
        0         0         0         1

-0.0511055 -0.714943  0.697313  0.478029
-0.906988  0.325496  0.267253  0.459022
-0.418043 -0.618797 -0.665079   1.49307
        0         0         0         1

-0.052831 -0.711268  0.700933  0.479003
-0.906983  0.327875  0.264348  0.459576
-0.417841 -0.621768  -0.66243   1.49039
        0         0         0         1

-0.050849 -0.708013  0.704367  0.478584
-0.905949  0.329529  0.265833  0.458326
-0.420323 -0.624603  -0.65818   1.48839
        0         0         0         1

-0.0508221 -0.705811  0.706575  0.479204
-0.905483  0.331036  0.265549  0.459036
-0.421329 -0.626296 -0.655923   1.48536
        0         0         0         1

 -0.04967 -0.707007   0.70546  0.480802
-0.902684  0.334058  0.271234  0.459962
-0.427429 -0.623335 -0.654796   1.48151
        0         0         0         1

-0.0481499 -0.706776  0.705797  0.480797
-0.902618  0.333388  0.272273  0.460454
-0.427741 -0.623955 -0.654002   1.47887
        0         0         0         1

-0.047313 -0.707646  0.704981  0.481237
-0.902272  0.333084   0.27379  0.460806
-0.428564  -0.62313 -0.654248   1.47761
        0         0         0         1

-0.045011 -0.707411  0.705368  0.481355
-0.902302  0.331828  0.275211  0.461222
-0.428748 -0.624067 -0.653234   1.47631
        0         0         0         1

-0.0411937 -0.704778  0.708231  0.484273
-0.903804  0.328475  0.274304  0.464883
 -0.42596 -0.628803 -0.650512   1.47306
        0         0         0         1

-0.037232 -0.705496  0.707736  0.483139
-0.904023  0.325593  0.277004  0.464377
-0.425859 -0.629496 -0.649907   1.47335
        0         0         0         1

-0.0308044 -0.706421  0.707122  0.482139
 -0.90405  0.321435  0.281733  0.464395
-0.426316 -0.630595 -0.648541    1.4741
        0         0         0         1

-0.0246286 -0.707283  0.706501  0.481404
 -0.90357  0.318125  0.286979  0.464139
-0.427731 -0.631306 -0.646915   1.47508
        0         0         0         1

-0.0196337 -0.707767  0.706173  0.481687
-0.903859  0.314486  0.290066  0.465564
 -0.42738 -0.632586 -0.645896   1.47555
        0         0         0         1

-0.016642 -0.708674   0.70534  0.481872
-0.904576   0.31122  0.291348   0.46684
-0.425987 -0.633185 -0.646229   1.47584
        0         0         0         1

-0.00766135     -0.71   0.70416  0.480429
 -0.90733  0.300947  0.293571  0.469417
 -0.42035 -0.636656  -0.64651   1.47794
        0         0         0         1

-0.00699759 -0.710776  0.703384  0.480404
-0.908746   0.29805  0.292141  0.471155
 -0.41729 -0.637153    -0.648   1.47985
        0         0         0         1

-0.00403667 -0.711062  0.703118  0.479632
-0.911763   0.29139  0.289448   0.47354
-0.410696 -0.639908 -0.649496   1.48203
        0         0         0         1

-0.0019203  -0.71157  0.702613  0.478857
-0.914025  0.286267  0.287419  0.475503
-0.405653 -0.641654 -0.650942   1.48418
        0         0         0         1

0.00633888 -0.715928  0.698145  0.477989
-0.919268  0.270615  0.285855  0.481388
 -0.39358 -0.643595 -0.656415   1.49273
        0         0         0         1

0.0110106  -0.71731  0.696667  0.477685
-0.922222  0.262013  0.284352  0.483775
-0.386504 -0.645613 -0.658634   1.49514
        0         0         0         1

0.0208477 -0.721521  0.692079   0.47518
-0.924625  0.249404  0.287866  0.485331
-0.380308 -0.645915 -0.661936     1.501
        0         0         0         1

0.0242232 -0.722945  0.690481  0.476134
-0.927728  0.241079   0.28496  0.488882
 -0.37247 -0.647481 -0.664856   1.50465
        0         0         0         1

0.0334311 -0.724685  0.688269  0.474222
 -0.93234  0.225464   0.28268   0.49192
-0.360033 -0.651151 -0.668116   1.50941
        0         0         0         1

0.0399918 -0.726029    0.6865  0.472728
-0.936146  0.212975  0.279773  0.494611
 -0.34933 -0.653853 -0.671152   1.51341
        0         0         0         1

0.0531606 -0.733093  0.678048  0.473284
-0.944557  0.183406  0.272351  0.503196
-0.324017 -0.654933 -0.682698   1.52801
        0         0         0         1

0.0618048 -0.736209  0.673926  0.471555
-0.947763  0.168412  0.270894  0.505934
-0.312931 -0.655465 -0.687343   1.53349
        0         0         0         1

0.0701298  -0.74303  0.665573  0.471332
-0.951757   0.14997  0.267707  0.510998
 -0.29873 -0.652239 -0.696667   1.54223
        0         0         0         1

0.0814841 -0.748196  0.658455  0.469105
-0.953398  0.134049  0.270302  0.513131
-0.290504 -0.649795 -0.702406   1.54907
        0         0         0         1

0.0994522 -0.761888  0.640028  0.469007
-0.960019 0.0956832  0.263076   0.52516
-0.261674 -0.640602 -0.721911   1.56637
        0         0         0         1

  0.10896 -0.766142  0.633367  0.467891
-0.962527   0.07786  0.259769  0.529097
-0.248334 -0.637937 -0.728949   1.57242
        0         0         0         1

 0.121999 -0.772828  0.622779  0.465884
-0.964752 0.0550733  0.257332  0.534523
-0.233172 -0.632221 -0.738869   1.58317
        0         0         0         1

 0.131517 -0.778865  0.613248  0.465218
-0.965886 0.0385339  0.256084  0.538951
-0.223085 -0.626007 -0.747227   1.59165
        0         0         0         1

 0.145798 -0.783894  0.603534  0.464373
-0.967544 0.0142927  0.252297  0.546667
  -0.2064  -0.62073 -0.756368   1.60061
        0         0         0         1

     0.15352    -0.789199      0.59464      0.46559
   -0.968447 -0.000608747      0.24922      0.55288
   -0.196322    -0.614137    -0.764391      1.60943
           0            0            0            1

  0.178778  -0.797611   0.576069   0.464742
  -0.96913 -0.0417195   0.242996   0.568764
 -0.169783  -0.601728  -0.780447    1.62907
         0          0          0          1

  0.189014  -0.798778   0.571163   0.464721
 -0.969051 -0.0576717   0.240031   0.575764
 -0.158792  -0.598855  -0.784957    1.63641
         0          0          0          1

  0.205993  -0.800488   0.562838   0.463175
 -0.967484 -0.0803356   0.239834    0.58451
 -0.146768  -0.593941  -0.791008    1.65019
         0          0          0          1

  0.216565  -0.798884   0.561145   0.461787
 -0.966841 -0.0958187   0.236723   0.591313
 -0.135346  -0.593803  -0.793145    1.65834
         0          0          0          1

 0.242633 -0.794157  0.557175  0.459747
-0.963954 -0.132721  0.230602  0.610892
-0.109185 -0.593042 -0.797734   1.68001
        0         0         0         1

 0.252386 -0.791384  0.556788  0.458151
-0.962577 -0.146634   0.22791  0.619165
-0.0987207 -0.593473 -0.798776   1.68821
        0         0         0         1

 0.261101 -0.789497  0.555447  0.460176
-0.961312 -0.160335  0.223991  0.632333
-0.0877829 -0.592442 -0.800816   1.70073
        0         0         0         1

 0.271955 -0.783846  0.558234  0.457564
-0.959328   -0.1752  0.221349  0.641435
-0.0757014 -0.595727 -0.799612   1.70682
        0         0         0         1

 0.286107 -0.777749  0.559687  0.456494
-0.956066 -0.192765  0.220862  0.654436
-0.0638871 -0.598288  -0.79873   1.71842
        0         0         0         1

 0.295493 -0.774899  0.558762   0.45613
 -0.95358 -0.203699  0.221793  0.664115
-0.0580475 -0.598363  -0.79912   1.72917
        0         0         0         1

 0.318507 -0.761369  0.564687  0.454794
-0.947287 -0.233885  0.218962  0.691332
-0.0346394 -0.604662 -0.795729   1.75042
        0         0         0         1

 0.327773 -0.755202  0.567658  0.453135
-0.944433 -0.246199  0.217789  0.702183
-0.024718   -0.6075 -0.793935   1.75766
        0         0         0         1

 0.341293 -0.746949  0.570602  0.450477
-0.939841 -0.261634  0.219652  0.717023
-0.0147798  -0.61124 -0.791307   1.77068
        0         0         0         1

 0.352032 -0.740362  0.572658  0.447972
-0.935975 -0.275201   0.21958  0.728537
-0.00497283 -0.613293  -0.78984   1.77844
        0         0         0         1

 0.369853 -0.726125  0.579613  0.444536
-0.928782 -0.305024  0.210533  0.761099
0.0239226 -0.616201 -0.787226   1.79571
        0         0         0         1

 0.372646 -0.721474  0.583618  0.445754
-0.927192 -0.315283  0.202266   0.77587
0.0380754   -0.6165 -0.786434   1.80235
        0         0         0         1

 0.383279 -0.713125  0.586983   0.44239
-0.922308 -0.329523  0.201897  0.791199
0.0494462 -0.618763  -0.78402    1.8133
        0         0         0         1

 0.383966 -0.712786  0.586946  0.443434
-0.921489 -0.336122   0.19463  0.805849
0.0585555 -0.615596 -0.785884   1.82225
        0         0         0         1

  0.38819  -0.71042  0.587036  0.441408
-0.918789 -0.347868  0.186584  0.824446
0.0716582 -0.611793 -0.787766   1.83161
        0         0         0         1

 0.393285  -0.70844  0.586037  0.439069
-0.916053 -0.356401  0.183916  0.836841
0.0785705 -0.609172 -0.789136   1.83969
        0         0         0         1

 0.396045 -0.703459  0.590164  0.437121
-0.912116 -0.375444   0.16458  0.874426
 0.105799 -0.603479 -0.790329    1.8545
        0         0         0         1

 0.400793 -0.695946  0.595839  0.432548
-0.908538 -0.385683  0.160648  0.888079
 0.118003 -0.605729 -0.786872   1.85646
        0         0         0         1

 0.398423 -0.697335  0.595804   0.43465
-0.907628 -0.393365  0.146545    0.9111
 0.132177 -0.599156 -0.789646   1.86236
        0         0         0         1

 0.396335 -0.699199  0.595012  0.436331
-0.907196 -0.397864  0.136749  0.927587
 0.141119 -0.593991 -0.791997   1.86823
        0         0         0         1

 0.397937 -0.696457  0.597155  0.428538
 -0.90179 -0.416562   0.11511  0.964517
 0.168583 -0.584315 -0.793824   1.87542
        0         0         0         1

 0.397823 -0.698842  0.594438  0.426499
-0.900937 -0.419988  0.109191  0.978453
 0.173349  -0.57899 -0.796693   1.88351
        0         0         0         1

 0.394983 -0.703506   0.59082  0.422206
-0.900738 -0.423067 0.0984156  0.997521
 0.180721 -0.571046 -0.800778   1.89136
        0         0         0         1

 0.388646 -0.708117  0.589512  0.423131
-0.901495 -0.424468 0.0844595   1.01301
 0.190422 -0.564267 -0.803332   1.89558
        0         0         0         1

 0.382568 -0.710372  0.590773  0.420108
-0.900506 -0.429744 0.0663985   1.03299
 0.206714 -0.557397 -0.804101   1.90238
        0         0         0         1

 0.368814  -0.71425   0.59483  0.425408
-0.900575 -0.432995 0.0384616   1.05288
 0.230087 -0.549874 -0.802931   1.90057
        0         0         0         1

   0.348409   -0.706441    0.616078     0.42196
  -0.893977   -0.448039 -0.00818565     1.09396
    0.28181   -0.547908   -0.787642     1.90365
          0           0           0           1

  0.335961   -0.70914    0.61988    0.42869
 -0.893553  -0.448064 -0.0282976    1.11288
  0.297813  -0.544389  -0.784186    1.90701
         0          0          0          1

  0.325545  -0.709623   0.624864   0.432758
  -0.88991  -0.453263 -0.0511151     1.1372
    0.3195  -0.539433  -0.779058    1.90996
         0          0          0          1

  0.318931  -0.705552   0.632834   0.429926
 -0.886862  -0.457676 -0.0633124    1.15233
  0.334303  -0.541044  -0.771694    1.90904
         0          0          0          1

  0.302564  -0.696762   0.650367   0.420577
   -0.8752  -0.473328 -0.0999329    1.19153
  0.377466  -0.538965  -0.753018    1.89889
         0          0          0          1

