 0.263908 -0.739237  0.619581  0.172046
-0.950915 -0.307018 0.0387275   1.06668
 0.161594  -0.59939 -0.783977   1.95921
        0         0         0         1

 0.263908 -0.739237  0.619581  0.172046
-0.950915 -0.307018 0.0387275   1.06668
 0.161594  -0.59939 -0.783977   1.95921
        0         0         0         1

 0.257643 -0.724489  0.639325  0.154291
 -0.95564 -0.288804 0.0578409   1.02537
 0.142734 -0.625866 -0.766758   1.94168
        0         0         0         1

 0.257643 -0.724489  0.639325  0.154291
 -0.95564 -0.288804 0.0578409   1.02537
 0.142734 -0.625866 -0.766758   1.94168
        0         0         0         1

 0.238422 -0.710472  0.662106  0.152899
-0.965542 -0.246649 0.0830212  0.992048
 0.104324 -0.659085 -0.744797   1.93605
        0         0         0         1

 0.238422 -0.710472  0.662106  0.152899
-0.965542 -0.246649 0.0830212  0.992048
 0.104324 -0.659085 -0.744797   1.93605
        0         0         0         1

 0.207279 -0.698621  0.684809  0.140764
-0.976109 -0.194329 0.0972021  0.942358
0.0651707 -0.688596  -0.72221     1.911
        0         0         0         1

 0.207279 -0.698621  0.684809  0.140764
-0.976109 -0.194329 0.0972021  0.942358
0.0651707 -0.688596  -0.72221     1.911
        0         0         0         1

 0.189481 -0.696133  0.692456  0.134293
-0.981433 -0.155666  0.112063  0.907805
0.0297807 -0.700833 -0.712703    1.9023
        0         0         0         1

 0.189481 -0.696133  0.692456  0.134293
-0.981433 -0.155666  0.112063  0.907805
0.0297807 -0.700833 -0.712703    1.9023
        0         0         0         1

  0.152806  -0.697182    0.70042   0.129336
 -0.987975 -0.0908508   0.125109    0.86913
-0.0235902  -0.711115   -0.70268     1.8711
         0          0          0          1

  0.152806  -0.697182    0.70042   0.129336
 -0.987975 -0.0908508   0.125109    0.86913
-0.0235902  -0.711115   -0.70268     1.8711
         0          0          0          1

  0.132757  -0.700746    0.70095   0.118972
 -0.988946 -0.0465352   0.140781   0.841785
-0.0660331  -0.711891  -0.699178    1.84755
         0          0          0          1

  0.132757  -0.700746    0.70095   0.118972
 -0.988946 -0.0465352   0.140781   0.841785
-0.0660331  -0.711891  -0.699178    1.84755
         0          0          0          1

   0.109304   -0.703233    0.702507    0.114775
  -0.988399 -0.00191997    0.151864    0.815478
  -0.105447   -0.710957   -0.695285     1.82493
          0           0           0           1

   0.109304   -0.703233    0.702507    0.114775
  -0.988399 -0.00191997    0.151864    0.815478
  -0.105447   -0.710957   -0.695285     1.82493
          0           0           0           1

0.0709625 -0.701186  0.709438  0.111756
-0.985653 0.0599002  0.157795  0.784083
-0.153139 -0.710458 -0.686876   1.79353
        0         0         0         1

0.0709625 -0.701186  0.709438  0.111756
-0.985653 0.0599002  0.157795  0.784083
-0.153139 -0.710458 -0.686876   1.79353
        0         0         0         1

0.0390033 -0.703533  0.709592  0.116073
-0.982766  0.101403  0.154556  0.770787
 -0.18069 -0.703391 -0.687453   1.76845
        0         0         0         1

0.0390033 -0.703533  0.709592  0.116073
-0.982766  0.101403  0.154556  0.770787
 -0.18069 -0.703391 -0.687453   1.76845
        0         0         0         1

0.0148607 -0.710399  0.703642    0.1077
-0.971672  0.155742  0.177759   0.73942
-0.235866 -0.686351  -0.68796   1.74373
        0         0         0         1

0.0148607 -0.710399  0.703642    0.1077
-0.971672  0.155742  0.177759   0.73942
-0.235866 -0.686351  -0.68796   1.74373
        0         0         0         1

-0.0153054 -0.701818  0.712192  0.111787
-0.966411  0.193136  0.169554  0.732649
-0.256545 -0.685675 -0.681201   1.72051
        0         0         0         1

-0.0153054 -0.701818  0.712192  0.111787
-0.966411  0.193136  0.169554  0.732649
-0.256545 -0.685675 -0.681201   1.72051
        0         0         0         1

-0.0328959 -0.692609  0.720563  0.112726
-0.961298  0.219243  0.166852  0.721516
-0.273541 -0.687187 -0.673015    1.7012
        0         0         0         1

-0.0328959 -0.692609  0.720563  0.112726
-0.961298  0.219243  0.166852  0.721516
-0.273541 -0.687187 -0.673015    1.7012
        0         0         0         1

-0.0424859 -0.677161  0.734607  0.110167
-0.955149  0.243204  0.168945   0.70472
-0.293063 -0.694482 -0.657122   1.66799
        0         0         0         1

-0.0424859 -0.677161  0.734607  0.110167
-0.955149  0.243204  0.168945   0.70472
-0.293063 -0.694482 -0.657122   1.66799
        0         0         0         1

-0.0507344 -0.673151  0.737763  0.111224
-0.949693  0.261109  0.172933  0.695007
-0.309046 -0.691874 -0.652534   1.65092
        0         0         0         1

-0.0507344 -0.673151  0.737763  0.111224
-0.949693  0.261109  0.172933  0.695007
-0.309046 -0.691874 -0.652534   1.65092
        0         0         0         1

-0.0541979 -0.671137  0.739349  0.112643
 -0.94302   0.27784  0.183079  0.685594
-0.328292 -0.687299 -0.647955   1.63731
        0         0         0         1

-0.0541979 -0.671137  0.739349  0.112643
 -0.94302   0.27784  0.183079  0.685594
-0.328292 -0.687299 -0.647955   1.63731
        0         0         0         1

-0.0575158 -0.665822  0.743891  0.123485
-0.932833  0.301313  0.197567  0.681812
-0.355689 -0.682562 -0.638431   1.61201
        0         0         0         1

-0.0575158 -0.665822  0.743891  0.123485
-0.932833  0.301313  0.197567  0.681812
-0.355689 -0.682562 -0.638431   1.61201
        0         0         0         1

-0.0507985 -0.664384  0.745663  0.129003
-0.924688  0.313371  0.216218  0.675965
-0.377321 -0.678522 -0.630267   1.60026
        0         0         0         1

-0.0507985 -0.664384  0.745663  0.129003
-0.924688  0.313371  0.216218  0.675965
-0.377321 -0.678522 -0.630267   1.60026
        0         0         0         1

-0.0432644 -0.651329  0.757561  0.132051
-0.920446  0.320826  0.223271  0.664808
-0.388468 -0.687634 -0.613394   1.58199
        0         0         0         1

-0.0432644 -0.651329  0.757561  0.132051
-0.920446  0.320826  0.223271  0.664808
-0.388468 -0.687634 -0.613394   1.58199
        0         0         0         1

-0.0470734 -0.640761  0.766296  0.136954
-0.920674  0.325419  0.215551  0.661132
-0.387484 -0.695362  -0.60525   1.57227
        0         0         0         1

-0.0470734 -0.640761  0.766296  0.136954
-0.920674  0.325419  0.215551  0.661132
-0.387484 -0.695362  -0.60525   1.57227
        0         0         0         1

-0.0554461  -0.62807  0.776179  0.145553
-0.923283  0.328186  0.199607  0.661258
-0.380098 -0.705565 -0.598082   1.56199
        0         0         0         1

-0.0554461  -0.62807  0.776179  0.145553
-0.923283  0.328186  0.199607  0.661258
-0.380098 -0.705565 -0.598082   1.56199
        0         0         0         1

-0.068137 -0.613022  0.787122  0.156498
-0.924922  0.334571  0.180503  0.657161
-0.374001 -0.715727 -0.589794   1.55037
        0         0         0         1

-0.068137 -0.613022  0.787122  0.156498
-0.924922  0.334571  0.180503  0.657161
-0.374001 -0.715727 -0.589794   1.55037
        0         0         0         1

-0.0736531  -0.60369  0.793809  0.161402
-0.924521  0.339793  0.172631  0.652066
-0.373947 -0.721178 -0.583151   1.54491
        0         0         0         1

-0.0736531  -0.60369  0.793809  0.161402
-0.924521  0.339793  0.172631  0.652066
-0.373947 -0.721178 -0.583151   1.54491
        0         0         0         1

-0.069973 -0.587331  0.806317   0.16593
-0.925262  0.340303  0.167586  0.645649
 -0.37282 -0.734327 -0.567247   1.53555
        0         0         0         1

-0.069973 -0.587331  0.806317   0.16593
-0.925262  0.340303  0.167586  0.645649
 -0.37282 -0.734327 -0.567247   1.53555
        0         0         0         1

-0.0750835 -0.576792  0.813433  0.167739
-0.928044  0.338861  0.154619  0.642636
-0.364824 -0.743292 -0.560732   1.53188
        0         0         0         1

-0.0750835 -0.576792  0.813433  0.167739
-0.928044  0.338861  0.154619  0.642636
-0.364824 -0.743292 -0.560732   1.53188
        0         0         0         1

-0.0777171 -0.571064  0.817219  0.168217
-0.930149  0.336585  0.146745  0.633852
-0.358864  -0.74873 -0.557333   1.53226
        0         0         0         1

-0.0777171 -0.571064  0.817219  0.168217
-0.930149  0.336585  0.146745  0.633852
-0.358864  -0.74873 -0.557333   1.53226
        0         0         0         1

-0.0743181 -0.574827  0.814893  0.168967
-0.931727  0.331307  0.148731  0.629454
-0.355474 -0.748204 -0.560204   1.53271
        0         0         0         1

-0.0743181 -0.574827  0.814893  0.168967
-0.931727  0.331307  0.148731  0.629454
-0.355474 -0.748204 -0.560204   1.53271
        0         0         0         1

-0.0788642 -0.572345  0.816212  0.171123
-0.932684   0.33144  0.142295  0.627963
-0.351967 -0.750046 -0.559956   1.53373
        0         0         0         1

-0.0788642 -0.572345  0.816212  0.171123
-0.932684   0.33144  0.142295  0.627963
-0.351967 -0.750046 -0.559956   1.53373
        0         0         0         1

-0.0832483 -0.564516  0.821213  0.169808
-0.934127  0.331237  0.133003  0.624666
-0.347098 -0.756045 -0.554905   1.53262
        0         0         0         1

-0.0832483 -0.564516  0.821213  0.169808
-0.934127  0.331237  0.133003  0.624666
-0.347098 -0.756045 -0.554905   1.53262
        0         0         0         1

-0.0819948 -0.560936  0.823788  0.168979
-0.935584   0.32817  0.130336   0.62332
-0.343453 -0.760036 -0.551711     1.532
        0         0         0         1

-0.0819948 -0.560936  0.823788  0.168979
-0.935584   0.32817  0.130336   0.62332
-0.343453 -0.760036 -0.551711     1.532
        0         0         0         1

-0.0793761 -0.555973  0.827402  0.165281
-0.937659  0.323387  0.127347  0.619418
-0.338372 -0.765712 -0.546982   1.53528
        0         0         0         1

-0.0793761 -0.555973  0.827402  0.165281
-0.937659  0.323387  0.127347  0.619418
-0.338372 -0.765712 -0.546982   1.53528
        0         0         0         1

-0.0754923 -0.551196  0.830953  0.163646
-0.939812  0.317831  0.125445  0.617927
-0.333247  -0.77147 -0.542015   1.53538
        0         0         0         1

-0.0754923 -0.551196  0.830953  0.163646
-0.939812  0.317831  0.125445  0.617927
-0.333247  -0.77147 -0.542015   1.53538
        0         0         0         1

-0.0730627 -0.556431  0.827675  0.164229
-0.941075  0.313238  0.127511  0.618707
 -0.33021 -0.769589 -0.546529   1.53863
        0         0         0         1

-0.0730627 -0.556431  0.827675  0.164229
-0.941075  0.313238  0.127511  0.618707
 -0.33021 -0.769589 -0.546529   1.53863
        0         0         0         1

-0.0733592 -0.567845   0.81986  0.164252
-0.941676  0.310161  0.130562  0.619068
-0.328428 -0.762465 -0.557479   1.54441
        0         0         0         1

-0.0733592 -0.567845   0.81986  0.164252
-0.941676  0.310161  0.130562  0.619068
-0.328428 -0.762465 -0.557479   1.54441
        0         0         0         1

-0.0664189 -0.569875  0.819043  0.162827
-0.942381  0.305568  0.136188  0.619484
-0.327883 -0.762805 -0.557334   1.54766
        0         0         0         1

-0.0664189 -0.569875  0.819043  0.162827
-0.942381  0.305568  0.136188  0.619484
-0.327883 -0.762805 -0.557334   1.54766
        0         0         0         1

-0.0477763 -0.570111  0.820177  0.159341
-0.944504  0.292959  0.148619  0.620817
-0.325008  -0.76756 -0.552469   1.55632
        0         0         0         1

-0.0477763 -0.570111  0.820177  0.159341
-0.944504  0.292959  0.148619  0.620817
-0.325008  -0.76756 -0.552469   1.55632
        0         0         0         1

-0.0321627 -0.571003  0.820318  0.157258
-0.948371  0.276536  0.155307  0.624692
-0.315528  -0.77297 -0.550417   1.56302
        0         0         0         1

-0.0321627 -0.571003  0.820318  0.157258
-0.948371  0.276536  0.155307  0.624692
-0.315528  -0.77297 -0.550417   1.56302
        0         0         0         1

-0.0184186 -0.573356  0.819099  0.158421
-0.951888  0.260697  0.161079  0.630872
-0.305893 -0.776724 -0.550572   1.57061
        0         0         0         1

-0.0184186 -0.573356  0.819099  0.158421
-0.951888  0.260697  0.161079  0.630872
-0.305893 -0.776724 -0.550572   1.57061
        0         0         0         1

0.00415324 -0.570827   0.82106  0.154252
 -0.95913  0.230038  0.164781  0.637653
-0.282936 -0.788188 -0.546541   1.58334
        0         0         0         1

0.00415324 -0.570827   0.82106  0.154252
 -0.95913  0.230038  0.164781  0.637653
-0.282936 -0.788188 -0.546541   1.58334
        0         0         0         1

0.0121848 -0.571332  0.820629  0.151239
-0.962137  0.216788  0.165216  0.643554
-0.272296  -0.79157 -0.547058   1.59514
        0         0         0         1

0.0121848 -0.571332  0.820629  0.151239
-0.962137  0.216788  0.165216  0.643554
-0.272296  -0.79157 -0.547058   1.59514
        0         0         0         1

0.0131534  -0.56574  0.824479  0.152575
-0.966112  0.205386  0.156345  0.655539
-0.257787 -0.798596 -0.543867   1.60462
        0         0         0         1

0.0131534  -0.56574  0.824479  0.152575
-0.966112  0.205386  0.156345  0.655539
-0.257787 -0.798596 -0.543867   1.60462
        0         0         0         1

0.0237913 -0.553498  0.832511  0.152403
-0.974064  0.174603  0.143922  0.673431
 -0.22502 -0.814343 -0.534988   1.61922
        0         0         0         1

0.0237913 -0.553498  0.832511  0.152403
-0.974064  0.174603  0.143922  0.673431
 -0.22502 -0.814343 -0.534988   1.61922
        0         0         0         1

0.0409043 -0.551856  0.832936  0.148861
-0.978582  0.146203  0.144922  0.683956
-0.201754 -0.821024 -0.534056   1.63016
        0         0         0         1

0.0409043 -0.551856  0.832936  0.148861
-0.978582  0.146203  0.144922  0.683956
-0.201754 -0.821024 -0.534056   1.63016
        0         0         0         1

 0.058613 -0.557052  0.828406  0.148317
-0.984537  0.104968  0.140244  0.704997
-0.165079 -0.823817 -0.542286   1.65192
        0         0         0         1

 0.058613 -0.557052  0.828406  0.148317
-0.984537  0.104968  0.140244  0.704997
-0.165079 -0.823817 -0.542286   1.65192
        0         0         0         1

0.0662187 -0.562508  0.824136  0.151162
-0.987712  0.080227   0.13412  0.723826
-0.141562  -0.82289 -0.550283   1.67215
        0         0         0         1

0.0662187 -0.562508  0.824136  0.151162
-0.987712  0.080227   0.13412  0.723826
-0.141562  -0.82289 -0.550283   1.67215
        0         0         0         1

0.0789086 -0.558456  0.825772   0.14904
-0.990328 0.0509164  0.129067  0.742136
-0.114124  -0.82797 -0.549037    1.6816
        0         0         0         1

0.0789086 -0.558456  0.825772   0.14904
-0.990328 0.0509164  0.129067  0.742136
-0.114124  -0.82797 -0.549037    1.6816
        0         0         0         1

  0.100132  -0.564391   0.819412   0.147119
 -0.992212 0.00468421   0.124474    0.76867
-0.0740904  -0.825494  -0.559526    1.70717
         0          0          0          1

  0.100132  -0.564391   0.819412   0.147119
 -0.992212 0.00468421   0.124474    0.76867
-0.0740904  -0.825494  -0.559526    1.70717
         0          0          0          1

  0.107108  -0.564309   0.818586   0.148791
 -0.993441 -0.0275855   0.110971   0.793951
-0.0400406  -0.825102  -0.563563    1.71988
         0          0          0          1

  0.107108  -0.564309   0.818586   0.148791
 -0.993441 -0.0275855   0.110971   0.793951
-0.0400406  -0.825102  -0.563563    1.71988
         0          0          0          1

  0.120882  -0.565965   0.815519   0.148976
 -0.992653 -0.0733154  0.0962571   0.830972
0.00531205  -0.821163  -0.570669    1.74679
         0          0          0          1

  0.120882  -0.565965   0.815519   0.148976
 -0.992653 -0.0733154  0.0962571   0.830972
0.00531205  -0.821163  -0.570669    1.74679
         0          0          0          1

 0.123729 -0.568498  0.813327  0.150252
-0.991389 -0.106238 0.0765587  0.856532
0.0428827 -0.815796 -0.576748   1.76546
        0         0         0         1

 0.123729 -0.568498  0.813327  0.150252
-0.991389 -0.106238 0.0765587  0.856532
0.0428827 -0.815796 -0.576748   1.76546
        0         0         0         1

  0.12155 -0.568919  0.813361  0.150645
-0.989242 -0.136635 0.0522622  0.883057
0.0814006 -0.810964 -0.579406   1.78405
        0         0         0         1

  0.12155 -0.568919  0.813361  0.150645
-0.989242 -0.136635 0.0522622  0.883057
0.0814006 -0.810964 -0.579406   1.78405
        0         0         0         1

   0.103305   -0.567643    0.816767    0.159036
  -0.982944   -0.183873 -0.00346642    0.935416
   0.152149   -0.802478   -0.576957     1.80054
          0           0           0           1

   0.103305   -0.567643    0.816767    0.159036
  -0.982944   -0.183873 -0.00346642    0.935416
   0.152149   -0.802478   -0.576957     1.80054
          0           0           0           1

 0.0994534  -0.575193   0.811949   0.156165
 -0.976162  -0.214604 -0.0324602   0.962682
  0.192918  -0.789365  -0.582825    1.81681
         0          0          0          1

 0.0994534  -0.575193   0.811949   0.156165
 -0.976162  -0.214604 -0.0324602   0.962682
  0.192918  -0.789365  -0.582825    1.81681
         0          0          0          1

 0.0677362  -0.592412   0.802783   0.168529
 -0.964234  -0.245533 -0.0998317    1.01396
  0.256251  -0.767308  -0.587855    1.84621
         0          0          0          1

 0.0677362  -0.592412   0.802783   0.168529
 -0.964234  -0.245533 -0.0998317    1.01396
  0.256251  -0.767308  -0.587855    1.84621
         0          0          0          1

0.0404145 -0.578394  0.814755  0.167269
-0.945698 -0.285351 -0.155661   1.05052
 0.322525 -0.764222 -0.558519   1.84226
        0         0         0         1

0.0404145 -0.578394  0.814755  0.167269
-0.945698 -0.285351 -0.155661   1.05052
 0.322525 -0.764222 -0.558519   1.84226
        0         0         0         1

0.0223034 -0.569132  0.821943  0.167217
-0.925982 -0.321712 -0.197634   1.08251
 0.376908 -0.756697 -0.534182   1.85412
        0         0         0         1

0.0223034 -0.569132  0.821943  0.167217
-0.925982 -0.321712 -0.197634   1.08251
 0.376908 -0.756697 -0.534182   1.85412
        0         0         0         1

-0.0172602 -0.551813  0.833789  0.172709
-0.889387  -0.37254 -0.264963   1.13885
 0.456829 -0.746135 -0.484345   1.85463
        0         0         0         1

-0.0172602 -0.551813  0.833789  0.172709
-0.889387  -0.37254 -0.264963   1.13885
 0.456829 -0.746135 -0.484345   1.85463
        0         0         0         1

-0.0309485  -0.56801   0.82244  0.189281
-0.872421 -0.386198 -0.299553   1.17843
 0.487774 -0.726785 -0.483591   1.87737
        0         0         0         1

-0.0309485  -0.56801   0.82244  0.189281
-0.872421 -0.386198 -0.299553   1.17843
 0.487774 -0.726785 -0.483591   1.87737
        0         0         0         1

