 0.274198 -0.709141  0.649565  0.689642
-0.905754 0.0365332  0.422227   1.04504
-0.323149  -0.70412  -0.63229   2.03242
        0         0         0         1

 0.281747  -0.71671  0.637923  0.705424
-0.897847  0.037525  0.438706   1.03019
-0.338363 -0.696361 -0.632923   2.01838
        0         0         0         1

 0.295767 -0.716463  0.631825  0.709157
 -0.88822  0.037148  0.457914   1.01598
-0.351549 -0.696636 -0.625389      2.01
        0         0         0         1

 0.328527 -0.721153  0.609925  0.716551
-0.865387 0.0288782  0.500272  0.984121
-0.378386 -0.692173 -0.614589   1.98239
        0         0         0         1

 0.348068 -0.713813  0.607717  0.723372
-0.853037 0.0277043  0.521115  0.973638
-0.388815 -0.699788 -0.599266   1.96675
        0         0         0         1

 0.374951 -0.702144  0.605314  0.730868
-0.833513 0.0304782  0.551659  0.957451
-0.405793 -0.711382 -0.573818   1.94856
        0         0         0         1

 0.389072 -0.699574  0.599349  0.734792
-0.820397 0.0328006  0.570853  0.945375
-0.419013 -0.713807 -0.561167   1.93765
        0         0         0         1

 0.395637 -0.698051  0.596822  0.746777
-0.814019 0.0343714   0.57982  0.933881
-0.425257 -0.715223 -0.554628   1.91671
        0         0         0         1

  0.40061 -0.700568  0.590522  0.753368
-0.804117 0.0401259  0.593115  0.922006
-0.439213 -0.712457 -0.547263   1.90845
        0         0         0         1

 0.416643 -0.705772  0.572969  0.766863
-0.785495 0.0377747  0.617714  0.899571
 -0.45761 -0.707431 -0.538642   1.87058
        0         0         0         1

  0.42569 -0.707557  0.564049  0.771053
-0.774294 0.0377365    0.6317  0.889403
-0.468249 -0.705648 -0.531793   1.85858
        0         0         0         1

 0.432828 -0.710012  0.555466  0.778502
-0.763175 0.0393621  0.644992  0.877134
-0.479816 -0.703088 -0.524827    1.8415
        0         0         0         1

  0.43402 -0.713349  0.550236  0.787657
 -0.75637  0.043269  0.652712  0.869465
-0.489419 -0.699472 -0.520776   1.82632
        0         0         0         1

 0.449783 -0.715499  0.534562  0.797039
-0.732549 0.0468653  0.679099  0.849368
-0.510947  -0.69704 -0.503059   1.79133
        0         0         0         1

 0.450641 -0.716588  0.532376  0.805247
-0.728603 0.0493424  0.683157  0.843617
-0.515811 -0.695749 -0.499873     1.774
        0         0         0         1

 0.456295 -0.718909  0.524371  0.810107
-0.713888 0.0560236  0.698016  0.832763
-0.531187 -0.692843 -0.487657    1.7596
        0         0         0         1

 0.454201 -0.720042  0.524634  0.819969
-0.706949 0.0670597  0.704078  0.826215
-0.542148 -0.690682 -0.478575   1.74738
        0         0         0         1

 0.466658 -0.718002  0.516433  0.829061
-0.682452 0.0790929  0.726639  0.810004
-0.562574 -0.691533 -0.453092   1.71331
        0         0         0         1

 0.467768 -0.720437  0.512019  0.835488
-0.672641 0.0856325  0.734998   0.80393
-0.573365 -0.688213 -0.444539   1.70184
        0         0         0         1

  0.46797  -0.72483  0.505593  0.843925
-0.662612  0.090775  0.743442  0.797499
-0.584764 -0.682921 -0.437801   1.68451
        0         0         0         1

 0.469191 -0.729612   0.49752  0.848227
-0.651847 0.0939501  0.752508  0.792022
-0.595781 -0.677377 -0.431515   1.67382
        0         0         0         1

 0.472789 -0.735024  0.486015  0.851139
-0.640067 0.0926155  0.762717  0.785477
-0.605627 -0.671686 -0.426677   1.65764
        0         0         0         1

 0.469699 -0.740443  0.480757  0.857981
-0.634078 0.0959628  0.767291  0.781408
 -0.61427 -0.665234 -0.424425   1.64529
        0         0         0         1

 0.468194 -0.751839  0.464254  0.868736
-0.613816  0.101212  0.782934   0.77192
-0.635629 -0.651532 -0.414104   1.61933
        0         0         0         1

 0.466947 -0.756117  0.458528  0.873499
-0.608187  0.101809  0.787238  0.768728
-0.641926 -0.646469  -0.41232    1.6084
        0         0         0         1

 0.466209 -0.761717  0.449928   0.87887
-0.599147  0.102332  0.794073  0.765052
-0.650901 -0.639777 -0.408672   1.59408
        0         0         0         1

 0.465759 -0.765491  0.443951  0.882289
-0.591678  0.103661  0.799482  0.761689
-0.658016 -0.635042 -0.404643   1.58436
        0         0         0         1

 0.464559 -0.776113   0.42642  0.889507
-0.572784  0.103889  0.813097  0.754651
-0.675355 -0.621978 -0.396282    1.5622
        0         0         0         1

 0.463157 -0.780893  0.419156  0.891835
-0.563928   0.10519  0.819097  0.751906
-0.683719 -0.615744 -0.391648     1.555
        0         0         0         1

 0.460992  -0.78659  0.410807  0.896115
-0.557263   0.10367  0.823839  0.749243
-0.690612 -0.608711 -0.390546   1.54315
        0         0         0         1

 0.459589 -0.790869  0.404108  0.898305
-0.550668  0.103238  0.828316  0.747252
-0.696809 -0.603214 -0.388059   1.53592
        0         0         0         1

 0.456778 -0.796777  0.395602  0.901586
-0.542186  0.103206  0.833896   0.74465
-0.705257 -0.595395 -0.384859   1.52679
        0         0         0         1

 0.454182 -0.800142   0.39178  0.905194
-0.538249  0.103983  0.836347  0.743295
-0.709935 -0.590728 -0.383448    1.5199
        0         0         0         1

 0.448242 -0.809504  0.379186  0.910854
-0.526309  0.103879  0.843924  0.739774
-0.722549 -0.577851 -0.379486   1.50464
        0         0         0         1

 0.446794 -0.811596  0.376413  0.912834
-0.523178   0.10427  0.845821  0.738653
-0.725713 -0.574839 -0.378022   1.49812
        0         0         0         1

 0.444538 -0.814459  0.372883  0.915382
-0.518848  0.105216  0.848367  0.737331
-0.730193 -0.570601 -0.375809   1.49071
        0         0         0         1

 0.443587 -0.816748   0.36899  0.916757
-0.513876  0.105528  0.851349  0.735869
-0.734276 -0.567262 -0.372897   1.48585
        0         0         0         1

 0.441807 -0.819121  0.365851  0.918616
-0.509019  0.106921  0.854089  0.734077
-0.738719 -0.563568 -0.369709   1.48037
        0         0         0         1

 0.439983 -0.820663  0.364592  0.920366
-0.506689  0.108327  0.855296  0.733612
-0.741405 -0.561051 -0.368159   1.47534
        0         0         0         1

 0.441408 -0.822811  0.357968  0.920419
-0.499197   0.10632  0.859941  0.731783
-0.745628 -0.558282 -0.363815   1.46447
        0         0         0         1

 0.438504 -0.823802  0.359254  0.923433
-0.498689  0.109518  0.859834  0.731772
-0.747678 -0.556197 -0.362797   1.46045
        0         0         0         1

 0.439196 -0.825084  0.355449  0.922883
-0.492989  0.109418  0.863128  0.731031
-0.751045 -0.554314 -0.358702    1.4564
        0         0         0         1

 0.439874 -0.825142  0.354474  0.923667
-0.491074  0.109472  0.864212  0.730719
-0.751902 -0.554218 -0.357052    1.4524
        0         0         0         1

 0.437292 -0.828794  0.349107  0.925096
-0.483817  0.110422  0.868175  0.729985
-0.758088  -0.54855 -0.352698   1.44709
        0         0         0         1

 0.436081 -0.830121  0.347466  0.926151
-0.483691  0.109386  0.868377  0.729999
-0.758865 -0.546749 -0.353821   1.44357
        0         0         0         1

 0.433549 -0.832882   0.34401  0.928135
-0.480957  0.108961  0.869947  0.730131
-0.762047 -0.542619 -0.353341   1.44166
        0         0         0         1

  0.43218 -0.834824  0.341013  0.928512
-0.480551  0.106785  0.870441  0.730182
 -0.76308 -0.540061 -0.355025   1.43952
        0         0         0         1

 0.430071 -0.837389  0.337369  0.928986
-0.479144  0.105004  0.871433  0.730244
-0.765154 -0.536426 -0.356071   1.43778
        0         0         0         1

 0.429018  -0.83962  0.333139  0.929143
-0.477541  0.102234  0.872642  0.730366
-0.766745 -0.533466 -0.357093    1.4364
        0         0         0         1

 0.424887 -0.844181  0.326849  0.929888
 -0.47749 0.0977509  0.873183  0.731055
-0.769074 -0.527071 -0.361555   1.43233
        0         0         0         1

 0.423483 -0.846629  0.322306  0.928956
-0.475651 0.0949917   0.87449   0.73053
-0.770985 -0.523636 -0.362473   1.43159
        0         0         0         1

 0.425649 -0.845052  0.323588  0.928323
 -0.47603  0.095007  0.874282  0.730515
-0.769557 -0.526175 -0.361831     1.429
        0         0         0         1

 0.423398  -0.84603  0.323987  0.929356
-0.474808 0.0973424  0.874689  0.730815
-0.771551 -0.524173 -0.360488   1.42969
        0         0         0         1

 0.422274 -0.847282  0.322177  0.927887
-0.476308 0.0950011  0.874131  0.730526
-0.771243 -0.522578 -0.363451   1.42995
        0         0         0         1

 0.420295 -0.847546  0.324065   0.92876
-0.478824 0.0962062  0.872623  0.730798
-0.770766 -0.521929 -0.365391   1.42965
        0         0         0         1

 0.418913  -0.84835  0.323752  0.928932
-0.481566 0.0947064  0.871278  0.731168
 -0.76981 -0.520897 -0.368862   1.42879
        0         0         0         1

 0.416842 -0.849198    0.3242  0.929498
-0.482959  0.095245  0.870448  0.731333
-0.770061 -0.519415 -0.370425   1.42858
        0         0         0         1

 0.414617   -0.8504  0.323902  0.929789
-0.484487 0.0950099  0.869624  0.731688
-0.770302 -0.517487 -0.372615   1.42856
        0         0         0         1

 0.412775 -0.851851  0.322439  0.929797
-0.484362  0.094509  0.869748  0.731829
-0.771369 -0.515187 -0.373594   1.42944
        0         0         0         1

 0.405471 -0.857325  0.317153  0.929646
-0.492027 0.0877142   0.86615  0.732653
-0.770391 -0.507247 -0.386262   1.42844
        0         0         0         1

 0.403774 -0.859934  0.312217   0.92893
-0.492815 0.0830803  0.866159  0.732857
-0.770779 -0.503597 -0.390243   1.42861
        0         0         0         1

 0.398098 -0.863618  0.309324  0.928906
-0.493136 0.0828577  0.865997   0.73329
-0.773521 -0.497291 -0.392896   1.43007
        0         0         0         1

 0.393976 -0.865403  0.309615  0.929571
-0.494792 0.0841888  0.864924  0.734082
-0.774573 -0.493954 -0.395026   1.43106
        0         0         0         1

 0.388857 -0.869144   0.30558  0.928673
-0.498376 0.0805205  0.863214  0.735863
-0.774863  -0.48796 -0.401849   1.43328
        0         0         0         1

 0.387452 -0.870095  0.304657  0.927266
-0.498152 0.0804685  0.863348  0.736738
 -0.77571 -0.486272 -0.402262   1.43492
        0         0         0         1

 0.382495 -0.870962   0.30842  0.926964
-0.501885 0.0844141  0.860805  0.738485
-0.775764 -0.484045 -0.404834    1.4368
        0         0         0         1

  0.37985 -0.871328  0.310646  0.926638
-0.504276 0.0864869  0.859201      0.74
-0.775513 -0.483018 -0.406538   1.43766
        0         0         0         1

 0.375514 -0.871596  0.315135  0.927333
-0.506851 0.0915457  0.857159   0.74169
-0.775946 -0.481601 -0.407393   1.44019
        0         0         0         1

 0.371589 -0.872298  0.317834  0.927832
-0.507436 0.0958577  0.856341  0.742827
-0.777451 -0.479487 -0.407016   1.44384
        0         0         0         1

 0.361405 -0.876041  0.319279  0.925786
-0.512104 0.0996611  0.853122  0.745606
-0.779189 -0.471827 -0.412606   1.44944
        0         0         0         1

 0.358038 -0.877279  0.319673  0.923922
-0.515952 0.0994611  0.850824  0.746743
-0.778204 -0.469563 -0.417023   1.45066
        0         0         0         1

 0.350043  -0.87988  0.321375  0.922846
-0.521031  0.102227  0.847394  0.748718
-0.778458  -0.46407 -0.422661   1.45317
        0         0         0         1

 0.342809 -0.882084  0.323125  0.923183
-0.524687  0.105529  0.844729  0.750774
-0.779221  -0.45912 -0.426642   1.45622
        0         0         0         1

 0.328524 -0.889317  0.318099   0.92163
-0.534621  0.102551  0.838846  0.755059
-0.778622 -0.445644 -0.441757   1.46256
        0         0         0         1

 0.321783 -0.892004  0.317467  0.920646
-0.539937  0.102556  0.835434  0.757126
-0.777768 -0.440241 -0.448625   1.46653
        0         0         0         1

 0.311254 -0.894951  0.319663  0.920073
-0.547827  0.105886  0.829864  0.759697
-0.776535 -0.433419  -0.45732   1.47361
        0         0         0         1

 0.304173 -0.896849  0.321156  0.918302
-0.558576  0.105179  0.822758  0.762039
-0.771668  -0.42965 -0.468965   1.47713
        0         0         0         1

 0.295707 -0.899358  0.322046  0.914455
-0.571394  0.103645  0.814105  0.764956
-0.765549 -0.424751 -0.483239     1.484
        0         0         0         1

 0.285912 -0.901176  0.325785  0.913284
-0.583345   0.10604  0.805272  0.767647
-0.760238 -0.420283 -0.495379   1.49016
        0         0         0         1

 0.264666 -0.901963  0.341197  0.908647
-0.617014  0.113524  0.778721  0.774179
-0.741111 -0.416624 -0.526477    1.5051
        0         0         0         1

 0.256716 -0.901304  0.348923  0.906424
-0.631407  0.116927  0.766586  0.777443
-0.731726 -0.417107 -0.539072   1.51249
        0         0         0         1

 0.245907 -0.898819  0.362843  0.904495
-0.652871  0.123098  0.747399  0.782585
-0.716441 -0.420681 -0.556542   1.52051
        0         0         0         1

 0.239206  -0.89747  0.370578  0.902165
-0.664292  0.127092  0.736589  0.785762
-0.708164 -0.422369 -0.565781   1.53028
        0         0         0         1

 0.226861 -0.889845  0.395866  0.896914
-0.695931   0.13624  0.705067  0.795198
-0.681333 -0.435447 -0.588363   1.55174
        0         0         0         1

 0.225129 -0.885585   0.40627  0.895124
-0.706626  0.138682  0.693864  0.799637
-0.670818  -0.44329 -0.594556   1.56147
        0         0         0         1

 0.223853 -0.880594  0.417665  0.890462
-0.719968  0.139434  0.679856  0.805188
-0.656913 -0.452893 -0.602787   1.57475
        0         0         0         1

 0.222267 -0.875727  0.428601  0.888685
-0.729338  0.142396  0.669171  0.809834
-0.647042  -0.46133 -0.607051   1.58622
        0         0         0         1

 0.226392 -0.868527  0.440917  0.883001
-0.743386  0.138431   0.65438  0.816705
-0.629383 -0.475918 -0.614311   1.59861
        0         0         0         1

 0.226817 -0.863103   0.45123  0.880778
-0.754258  0.137441  0.642032  0.822514
-0.616157 -0.485967 -0.619828   1.60956
        0         0         0         1

  0.22881 -0.848298  0.477532  0.874147
-0.779004  0.134617  0.612398  0.837406
 -0.58378 -0.512122 -0.630026   1.64046
        0         0         0         1

 0.231304 -0.841306  0.488572  0.871165
-0.786871  0.133549  0.602494  0.843634
 -0.57213 -0.523802 -0.631109   1.65468
        0         0         0         1

 0.234079 -0.831939  0.503075  0.867146
-0.800055  0.129161  0.585858  0.853031
-0.552376 -0.539624 -0.635363   1.67148
        0         0         0         1

 0.240586 -0.824659  0.511913  0.859924
-0.807982  0.122094  0.576418  0.859566
 -0.53785 -0.552295 -0.636936   1.68466
        0         0         0         1

 0.243476 -0.808521  0.535736  0.854065
-0.832451  0.109262   0.54322  0.880527
 -0.49774 -0.578235 -0.646451   1.71732
        0         0         0         1

 0.249391 -0.802172  0.542517  0.847104
-0.838626  0.101247  0.535216  0.887996
-0.484263 -0.588446 -0.647472   1.73297
        0         0         0         1

 0.249254 -0.795807  0.551873  0.842985
-0.850615 0.0925131  0.517586  0.899909
-0.462954 -0.598442 -0.653866    1.7521
        0         0         0         1

 0.250764 -0.790343  0.558995  0.838543
-0.857982 0.0859668  0.506435  0.908709
-0.448312 -0.606603 -0.656543   1.76876
        0         0         0         1

 0.247424 -0.785048  0.567874  0.835125
-0.870307 0.0775268   0.48637  0.922343
-0.425849 -0.614564 -0.664051    1.7887
        0         0         0         1

 0.250787 -0.777434  0.576803  0.827602
-0.880395 0.0645776  0.469824  0.932909
-0.402506  -0.62564 -0.668254   1.80031
        0         0         0         1

 0.245585 -0.768243  0.591178  0.816097
-0.898594 0.0483416   0.43611  0.957617
-0.363617 -0.638331 -0.678466   1.84217
        0         0         0         1

 0.240283 -0.763806  0.599053  0.814416
-0.907465 0.0423506  0.417987  0.970223
-0.344632 -0.644055 -0.682951   1.85528
        0         0         0         1

 0.234774 -0.759487   0.60668  0.808623
-0.916257 0.0355003  0.399016  0.984818
-0.324585 -0.649553  -0.68755   1.87728
        0         0         0         1

 0.228045 -0.757343  0.611904  0.805138
-0.926245 0.0249659  0.376094   1.00029
-0.300109  -0.65254 -0.695792   1.88783
        0         0         0         1

 0.215844  -0.75644  0.617422  0.792066
-0.940247 0.0095159  0.340359   1.02891
-0.263337 -0.653994 -0.709187   1.92815
        0         0         0         1

  0.203727  -0.760214   0.616904   0.791059
 -0.948583 0.00264336   0.316518    1.04394
 -0.242252  -0.649667  -0.720587     1.9408
         0          0          0          1

   0.196736   -0.765897    0.612125    0.781695
   -0.95398 -0.00542353    0.299822     1.05869
  -0.226313   -0.642941   -0.731717     1.96589
          0           0           0           1

   0.178963   -0.771559    0.610466    0.782635
  -0.962624 -0.00911051    0.270687      1.0759
  -0.203289   -0.636093   -0.744352     1.97659
          0           0           0           1

   0.16091  -0.780217   0.604457   0.780233
  -0.97004 -0.0120742   0.242645    1.09543
 -0.182018  -0.625392  -0.758785    1.99744
         0          0          0          1

  0.146245  -0.790414    0.59486   0.777479
 -0.976005 -0.0172217   0.217065    1.11069
 -0.161326  -0.612331  -0.773966    2.01128
         0          0          0          1

  0.108393  -0.805844   0.582123   0.767594
 -0.987235 -0.0185169   0.158193    1.14784
   -0.1167  -0.591839  -0.797564    2.04697
         0          0          0          1

 0.0910508  -0.812761   0.575438   0.763359
 -0.990648 -0.0149579   0.135622    1.16337
 -0.101621  -0.582405  -0.806522    2.06449
         0          0          0          1

 0.0745934  -0.813573   0.576659   0.749185
 -0.994483 -0.0179207   0.103358    1.18413
-0.0737549  -0.581187  -0.810421    2.07679
         0          0          0          1

 0.0527573  -0.820499   0.569208   0.754527
 -0.997124 -0.0122272  0.0747936    1.20387
-0.0544083  -0.571517  -0.818785    2.08931
         0          0          0          1

