 0.548304 -0.739712  0.390113   1.42328
 -0.82297  -0.39438  0.408883   1.06553
-0.148603 -0.545244 -0.825001   2.09511
        0         0         0         1

 0.566428 -0.726649  0.388769   1.43069
 -0.80877 -0.399542  0.431575   1.03079
-0.158274 -0.558881 -0.814004   2.08627
        0         0         0         1

 0.566428 -0.726649  0.388769   1.43069
 -0.80877 -0.399542  0.431575   1.03079
-0.158274 -0.558881 -0.814004   2.08627
        0         0         0         1

 0.580304 -0.717212  0.385816   1.45682
 -0.79594 -0.399174  0.455126  0.981986
-0.172414 -0.571198   -0.8025   2.06317
        0         0         0         1

 0.580304 -0.717212  0.385816   1.45682
 -0.79594 -0.399174  0.455126  0.981986
-0.172414 -0.571198   -0.8025   2.06317
        0         0         0         1

 0.589538  -0.71102  0.383269   1.47314
-0.786853 -0.398317  0.471388  0.950352
-0.182504 -0.579478 -0.794291   2.04605
        0         0         0         1

 0.589538  -0.71102  0.383269   1.47314
-0.786853 -0.398317  0.471388  0.950352
-0.182504 -0.579478 -0.794291   2.04605
        0         0         0         1

 0.599331  -0.70356  0.381846   1.48741
-0.776717 -0.395687  0.490043  0.919049
-0.193683 -0.590284 -0.783614   2.03079
        0         0         0         1

 0.599331  -0.70356  0.381846   1.48741
-0.776717 -0.395687  0.490043  0.919049
-0.193683 -0.590284 -0.783614   2.03079
        0         0         0         1

 0.604406 -0.701686  0.377267   1.51501
-0.767305 -0.385314  0.512618  0.877085
 -0.21433 -0.599308 -0.771293   2.00036
        0         0         0         1

 0.604406 -0.701686  0.377267   1.51501
-0.767305 -0.385314  0.512618  0.877085
 -0.21433 -0.599308 -0.771293   2.00036
        0         0         0         1

 0.606115 -0.700679  0.376396   1.53076
-0.762414 -0.376997  0.525926  0.850119
-0.226605 -0.605741 -0.762711   1.97708
        0         0         0         1

 0.606115 -0.700679  0.376396   1.53076
-0.762414 -0.376997  0.525926  0.850119
-0.226605 -0.605741 -0.762711   1.97708
        0         0         0         1

 0.604572 -0.699897  0.380311   1.55804
-0.756927 -0.356079  0.547968  0.807686
-0.248101 -0.619154 -0.745046   1.94829
        0         0         0         1

 0.604572 -0.699897  0.380311   1.55804
-0.756927 -0.356079  0.547968  0.807686
-0.248101 -0.619154 -0.745046   1.94829
        0         0         0         1

 0.603895 -0.701372  0.378666   1.57549
-0.752116 -0.344148  0.562036  0.782184
-0.263879 -0.624211 -0.735342   1.92474
        0         0         0         1

 0.603895 -0.701372  0.378666   1.57549
-0.752116 -0.344148  0.562036  0.782184
-0.263879 -0.624211 -0.735342   1.92474
        0         0         0         1

  0.60175 -0.704366  0.376518   1.59195
-0.748281 -0.332379  0.574108  0.760233
-0.279235  -0.62721 -0.727073   1.89641
        0         0         0         1

  0.60175 -0.704366  0.376518   1.59195
-0.748281 -0.332379  0.574108  0.760233
-0.279235  -0.62721 -0.727073   1.89641
        0         0         0         1

 0.598919 -0.705486  0.378927   1.61348
-0.738343 -0.303255    0.6024  0.722651
-0.310073 -0.640567 -0.702516   1.86729
        0         0         0         1

 0.598919 -0.705486  0.378927   1.61348
-0.738343 -0.303255    0.6024  0.722651
-0.310073 -0.640567 -0.702516   1.86729
        0         0         0         1

 0.591953  -0.71365  0.374561   1.62887
-0.735604 -0.288472  0.612919  0.700914
 -0.32936 -0.638348 -0.695726   1.84355
        0         0         0         1

 0.591953  -0.71365  0.374561   1.62887
-0.735604 -0.288472  0.612919  0.700914
 -0.32936 -0.638348 -0.695726   1.84355
        0         0         0         1

 0.583964 -0.728024  0.359119   1.64729
-0.727612 -0.273254  0.629216  0.672879
-0.359954 -0.628739  -0.68929   1.80703
        0         0         0         1

 0.583964 -0.728024  0.359119   1.64729
-0.727612 -0.273254  0.629216  0.672879
-0.359954 -0.628739  -0.68929   1.80703
        0         0         0         1

  0.57657 -0.737286  0.352103   1.65967
-0.722106 -0.258201  0.641791  0.654451
 -0.38227 -0.624293 -0.681269     1.785
        0         0         0         1

  0.57657 -0.737286  0.352103   1.65967
-0.722106 -0.258201  0.641791  0.654451
 -0.38227 -0.624293 -0.681269     1.785
        0         0         0         1

 0.560694 -0.753206  0.343952   1.67452
 -0.72044  -0.23901  0.651031  0.636208
-0.408152 -0.612825 -0.676651   1.76097
        0         0         0         1

 0.560694 -0.753206  0.343952   1.67452
 -0.72044  -0.23901  0.651031  0.636208
-0.408152 -0.612825 -0.676651   1.76097
        0         0         0         1

 0.542229 -0.769616  0.337163   1.69219
-0.713372 -0.209655  0.668689  0.611949
-0.443945 -0.603106 -0.662704   1.72886
        0         0         0         1

 0.542229 -0.769616  0.337163   1.69219
-0.713372 -0.209655  0.668689  0.611949
-0.443945 -0.603106 -0.662704   1.72886
        0         0         0         1

 0.529051 -0.781135  0.331561   1.70209
-0.708327 -0.191336  0.679458  0.598063
 -0.46731 -0.594322 -0.654526   1.70652
        0         0         0         1

 0.529051 -0.781135  0.331561   1.70209
-0.708327 -0.191336  0.679458  0.598063
 -0.46731 -0.594322 -0.654526   1.70652
        0         0         0         1

 0.513018   -0.7952  0.323216   1.71356
-0.698323 -0.167678  0.695866  0.580385
-0.499157 -0.582701 -0.641328   1.67363
        0         0         0         1

 0.513018   -0.7952  0.323216   1.71356
-0.698323 -0.167678  0.695866  0.580385
-0.499157 -0.582701 -0.641328   1.67363
        0         0         0         1

 0.498122 -0.805423  0.321198   1.72267
-0.693735  -0.14795   0.70487  0.568646
-0.520198 -0.573937 -0.632448   1.65189
        0         0         0         1

 0.498122 -0.805423  0.321198   1.72267
-0.693735  -0.14795   0.70487  0.568646
-0.520198 -0.573937 -0.632448   1.65189
        0         0         0         1

 0.487712 -0.812361  0.319698    1.7277
-0.687001 -0.131179  0.714718    0.5594
-0.538671 -0.568209 -0.622071   1.63215
        0         0         0         1

 0.487712 -0.812361  0.319698    1.7277
-0.687001 -0.131179  0.714718    0.5594
-0.538671 -0.568209 -0.622071   1.63215
        0         0         0         1

   0.46519  -0.823688   0.324247    1.73839
 -0.680524 -0.0985155   0.726073   0.545216
 -0.566114   -0.55842  -0.606368    1.59989
         0          0          0          1

   0.46519  -0.823688   0.324247    1.73839
 -0.680524 -0.0985155   0.726073   0.545216
 -0.566114   -0.55842  -0.606368    1.59989
         0          0          0          1

  0.451418    -0.8293    0.32937    1.74364
 -0.676818 -0.0776745   0.732041   0.536988
 -0.581498  -0.553379  -0.596348    1.57893
         0          0          0          1

  0.451418    -0.8293    0.32937    1.74364
 -0.676818 -0.0776745   0.732041   0.536988
 -0.581498  -0.553379  -0.596348    1.57893
         0          0          0          1

  0.433332  -0.835673   0.337452    1.74951
 -0.669238 -0.0475951   0.741523   0.527161
 -0.603609  -0.547161  -0.579888    1.55036
         0          0          0          1

  0.433332  -0.835673   0.337452    1.74951
 -0.669238 -0.0475951   0.741523   0.527161
 -0.603609  -0.547161  -0.579888    1.55036
         0          0          0          1

  0.420844  -0.839533    0.34362    1.75448
 -0.666525 -0.0292265    0.74491   0.520663
 -0.615334  -0.542522  -0.571869    1.53266
         0          0          0          1

  0.420844  -0.839533    0.34362    1.75448
 -0.666525 -0.0292265    0.74491   0.520663
 -0.615334  -0.542522  -0.571869    1.53266
         0          0          0          1

  0.408351  -0.843228   0.349593    1.75853
 -0.665349 -0.0127506   0.746423   0.515683
 -0.624947  -0.537405  -0.566248    1.51527
         0          0          0          1

  0.408351  -0.843228   0.349593    1.75853
 -0.665349 -0.0127506   0.746423   0.515683
 -0.624947  -0.537405  -0.566248    1.51527
         0          0          0          1

  0.391185   -0.84688   0.360235    1.76254
 -0.665829 0.00978604    0.74604   0.509585
 -0.635332  -0.531694  -0.560049    1.49018
         0          0          0          1

  0.391185   -0.84688   0.360235    1.76254
 -0.665829 0.00978604    0.74604   0.509585
 -0.635332  -0.531694  -0.560049    1.49018
         0          0          0          1

 0.379338 -0.849066  0.367681   1.76547
-0.666354 0.0250023  0.745216  0.505723
-0.641931 -0.527694 -0.556294   1.47604
        0         0         0         1

 0.379338 -0.849066  0.367681   1.76547
-0.666354 0.0250023  0.745216  0.505723
-0.641931 -0.527694 -0.556294   1.47604
        0         0         0         1

 0.359078 -0.852873  0.379039   1.76943
-0.671764   0.04576  0.739351  0.500683
-0.647917 -0.520109 -0.556498   1.45612
        0         0         0         1

 0.359078 -0.852873  0.379039   1.76943
-0.671764   0.04576  0.739351  0.500683
-0.647917 -0.520109 -0.556498   1.45612
        0         0         0         1

 0.350227 -0.855211   0.38204   1.76954
-0.676169 0.0514116   0.73495  0.499579
-0.648179 -0.515724 -0.560262   1.44311
        0         0         0         1

 0.350227 -0.855211   0.38204   1.76954
-0.676169 0.0514116   0.73495  0.499579
-0.648179 -0.515724 -0.560262   1.44311
        0         0         0         1

  0.33946 -0.855101   0.39188   1.77176
-0.679649 0.0650371  0.730649  0.497167
-0.650265 -0.514367 -0.559091   1.43281
        0         0         0         1

  0.33946 -0.855101   0.39188   1.77176
-0.679649 0.0650371  0.730649  0.497167
-0.650265 -0.514367 -0.559091   1.43281
        0         0         0         1

 0.325611 -0.855684  0.402221   1.77338
-0.683454 0.0809504  0.725491  0.494702
-0.653351 -0.511127 -0.558463   1.41866
        0         0         0         1

 0.325611 -0.855684  0.402221   1.77338
-0.683454 0.0809504  0.725491  0.494702
-0.653351 -0.511127 -0.558463   1.41866
        0         0         0         1

 0.320594 -0.856451  0.404614   1.77357
-0.683114 0.0868635  0.725127  0.493385
-0.656182 -0.508869 -0.557206   1.41146
        0         0         0         1

 0.320594 -0.856451  0.404614   1.77357
-0.683114 0.0868635  0.725127  0.493385
-0.656182 -0.508869 -0.557206   1.41146
        0         0         0         1

 0.316019 -0.861831  0.396711   1.77257
-0.680203 0.0856875  0.727998  0.493293
-0.661404 -0.499905 -0.559141   1.40069
        0         0         0         1

 0.316019 -0.861831  0.396711   1.77257
-0.680203 0.0856875  0.727998  0.493293
-0.661404 -0.499905 -0.559141   1.40069
        0         0         0         1

 0.313243 -0.863633   0.39499   1.77379
-0.676941 0.0886532  0.730679  0.491806
-0.666056 -0.496265 -0.556858    1.3953
        0         0         0         1

 0.313243 -0.863633   0.39499   1.77379
-0.676941 0.0886532  0.730679  0.491806
-0.666056 -0.496265 -0.556858    1.3953
        0         0         0         1

 0.315111 -0.865311  0.389798   1.77219
-0.672775 0.0860225  0.734829  0.492683
-0.669387 -0.493799 -0.555052   1.39016
        0         0         0         1

 0.315111 -0.865311  0.389798   1.77219
-0.672775 0.0860225  0.734829  0.492683
-0.669387 -0.493799 -0.555052   1.39016
        0         0         0         1

 0.314293 -0.866725  0.387307   1.77186
-0.669206 0.0870969  0.737955  0.491961
-0.673338 -0.491122 -0.552644     1.385
        0         0         0         1

 0.314293 -0.866725  0.387307   1.77186
-0.669206 0.0870969  0.737955  0.491961
-0.673338 -0.491122 -0.552644     1.385
        0         0         0         1

 0.314305 -0.867221  0.386187    1.7724
-0.667678 0.0872462   0.73932  0.491278
-0.674847 -0.490221 -0.551602   1.38298
        0         0         0         1

 0.314305 -0.867221  0.386187    1.7724
-0.667678 0.0872462   0.73932  0.491278
-0.674847 -0.490221 -0.551602   1.38298
        0         0         0         1

 0.315354  -0.87078   0.37722   1.77204
-0.665342  0.080556   0.74218  0.491763
-0.676662 -0.485029 -0.553963   1.37855
        0         0         0         1

 0.315354  -0.87078   0.37722   1.77204
-0.665342  0.080556   0.74218  0.491763
-0.676662 -0.485029 -0.553963   1.37855
        0         0         0         1

 0.314819 -0.873605  0.371085   1.77193
-0.663581 0.0769568  0.744135  0.492007
-0.678638 -0.480513  -0.55548   1.37585
        0         0         0         1

 0.314819 -0.873605  0.371085   1.77193
-0.663581 0.0769568  0.744135  0.492007
-0.678638 -0.480513  -0.55548   1.37585
        0         0         0         1

 0.313931 -0.874961  0.368633   1.77225
-0.661804 0.0767388  0.745739  0.491848
-0.680781 -0.478073 -0.554962   1.37479
        0         0         0         1

 0.313931 -0.874961  0.368633   1.77225
-0.661804 0.0767388  0.745739  0.491848
-0.680781 -0.478073 -0.554962   1.37479
        0         0         0         1

 0.310775 -0.878174  0.363632   1.77317
-0.661185 0.0751046  0.746454  0.491659
-0.682827 -0.472408 -0.557295   1.37264
        0         0         0         1

 0.310775 -0.878174  0.363632   1.77317
-0.661185 0.0751046  0.746454  0.491659
-0.682827 -0.472408 -0.557295   1.37264
        0         0         0         1

 0.308872 -0.880538  0.359515   1.77296
 -0.66168 0.0725905  0.746264  0.492192
-0.683211 -0.468384 -0.560213   1.37114
        0         0         0         1

 0.308872 -0.880538  0.359515   1.77296
 -0.66168 0.0725905  0.746264  0.492192
-0.683211 -0.468384 -0.560213   1.37114
        0         0         0         1

 0.303779 -0.883082  0.357609   1.77265
-0.664483 0.0726113  0.743768  0.492899
-0.682774 -0.463566 -0.564735    1.3681
        0         0         0         1

 0.303779 -0.883082  0.357609   1.77265
-0.664483 0.0726113  0.743768  0.492899
-0.682774 -0.463566 -0.564735    1.3681
        0         0         0         1

 0.300239 -0.883495  0.359573   1.77345
-0.667196 0.0748896  0.741108  0.492936
-0.681693 -0.462415  -0.56698   1.36597
        0         0         0         1

 0.300239 -0.883495  0.359573   1.77345
-0.667196 0.0748896  0.741108  0.492936
-0.681693 -0.462415  -0.56698   1.36597
        0         0         0         1

 0.297416  -0.88332  0.362339   1.77445
-0.668663  0.078181  0.739444  0.492663
-0.681494 -0.462205 -0.567391   1.36557
        0         0         0         1

 0.297416  -0.88332  0.362339   1.77445
-0.668663  0.078181  0.739444  0.492663
-0.681494 -0.462205 -0.567391   1.36557
        0         0         0         1

 0.294527 -0.885514  0.359332   1.77463
-0.672163 0.0753239  0.736561  0.494076
-0.679301 -0.458467 -0.573025   1.36421
        0         0         0         1

 0.294527 -0.885514  0.359332   1.77463
-0.672163 0.0753239  0.736561  0.494076
-0.679301 -0.458467 -0.573025   1.36421
        0         0         0         1

 0.292511 -0.887463  0.356156   1.77476
-0.675453 0.0718924  0.733891  0.495514
-0.676905 -0.455238  -0.57841   1.36241
        0         0         0         1

 0.292511 -0.887463  0.356156   1.77476
-0.675453 0.0718924  0.733891  0.495514
-0.676905 -0.455238  -0.57841   1.36241
        0         0         0         1

 0.288047 -0.884611  0.366733   1.77654
-0.676104 0.0833444  0.732078   0.49551
-0.678169 -0.458822 -0.574081   1.36086
        0         0         0         1

 0.288047 -0.884611  0.366733   1.77654
-0.676104 0.0833444  0.732078   0.49551
-0.678169 -0.458822 -0.574081   1.36086
        0         0         0         1

 0.284829 -0.880668  0.378546    1.7784
-0.674309 0.0966001  0.732104  0.494682
-0.681308 -0.463781 -0.566327    1.3615
        0         0         0         1

 0.284829 -0.880668  0.378546    1.7784
-0.674309 0.0966001  0.732104  0.494682
-0.681308 -0.463781 -0.566327    1.3615
        0         0         0         1

 0.282213 -0.881281  0.379077   1.77892
-0.674222 0.0989052  0.731876  0.495227
-0.682481 -0.462127 -0.566267   1.36124
        0         0         0         1

 0.282213 -0.881281  0.379077   1.77892
-0.674222 0.0989052  0.731876  0.495227
-0.682481 -0.462127 -0.566267   1.36124
        0         0         0         1

  0.27972 -0.886489  0.368638   1.77901
-0.672705  0.092983  0.734045  0.497193
   -0.685 -0.453312 -0.570336   1.36182
        0         0         0         1

  0.27972 -0.886489  0.368638   1.77901
-0.672705  0.092983  0.734045  0.497193
   -0.685 -0.453312 -0.570336   1.36182
        0         0         0         1

 0.276532 -0.887902  0.367642   1.78056
-0.669906 0.0961866  0.736189  0.497648
-0.689026 -0.449865 -0.568212     1.364
        0         0         0         1

 0.276532 -0.887902  0.367642   1.78056
-0.669906 0.0961866  0.736189  0.497648
-0.689026 -0.449865 -0.568212     1.364
        0         0         0         1

  0.27014 -0.890997  0.364896   1.78284
-0.664768  0.101554  0.740115  0.499288
-0.696497 -0.442506 -0.564872   1.36854
        0         0         0         1

  0.27014 -0.890997  0.364896   1.78284
-0.664768  0.101554  0.740115  0.499288
-0.696497 -0.442506 -0.564872   1.36854
        0         0         0         1

 0.263906 -0.895875  0.357438   1.78282
-0.663067  0.100625  0.741766   0.50156
-0.700497 -0.432762 -0.567469   1.37136
        0         0         0         1

 0.263906 -0.895875  0.357438   1.78282
-0.663067  0.100625  0.741766   0.50156
-0.700497 -0.432762 -0.567469   1.37136
        0         0         0         1

 0.261969 -0.899287  0.350223   1.78112
-0.661864 0.0966929  0.743362   0.50487
 -0.70236 -0.426537 -0.569875   1.37639
        0         0         0         1

 0.261969 -0.899287  0.350223   1.78112
-0.661864 0.0966929  0.743362   0.50487
 -0.70236 -0.426537 -0.569875   1.37639
        0         0         0         1

 0.265396 -0.895739  0.356673   1.77955
-0.664903 0.0978536  0.740493  0.508853
 -0.69819 -0.433677 -0.569609   1.38764
        0         0         0         1

 0.265396 -0.895739  0.356673   1.77955
-0.664903 0.0978536  0.740493  0.508853
 -0.69819 -0.433677 -0.569609   1.38764
        0         0         0         1

  0.27055  -0.89072  0.365268   1.77761
-0.671922 0.0970073  0.734241  0.512453
-0.689437  -0.44408 -0.572249   1.39605
        0         0         0         1

  0.27055  -0.89072  0.365268   1.77761
-0.671922 0.0970073  0.734241  0.512453
-0.689437  -0.44408 -0.572249   1.39605
        0         0         0         1

 0.285034 -0.878503   0.38339    1.7739
-0.689399 0.0900018  0.718769  0.518511
-0.665946 -0.469182 -0.579986   1.41337
        0         0         0         1

 0.285034 -0.878503   0.38339    1.7739
-0.689399 0.0900018  0.718769  0.518511
-0.665946 -0.469182 -0.579986   1.41337
        0         0         0         1

 0.297548  -0.87015  0.392816   1.76884
-0.701654 0.0797056  0.708046  0.524327
-0.647416 -0.486299 -0.586828    1.4263
        0         0         0         1

 0.297548  -0.87015  0.392816   1.76884
-0.701654 0.0797056  0.708046  0.524327
-0.647416 -0.486299 -0.586828    1.4263
        0         0         0         1

 0.304549 -0.862237  0.404719   1.76561
-0.711925 0.0762211  0.698106  0.528635
-0.632781 -0.500737 -0.590636   1.44153
        0         0         0         1

 0.304549 -0.862237  0.404719   1.76561
-0.711925 0.0762211  0.698106  0.528635
-0.632781 -0.500737 -0.590636   1.44153
        0         0         0         1

 0.312749 -0.854572  0.414602   1.76046
 -0.72223 0.0695446  0.688148  0.534925
-0.616905 -0.514655 -0.595447   1.46771
        0         0         0         1

 0.312749 -0.854572  0.414602   1.76046
 -0.72223 0.0695446  0.688148  0.534925
-0.616905 -0.514655 -0.595447   1.46771
        0         0         0         1

 0.322576 -0.851285  0.413834   1.75432
 -0.72686 0.0572753  0.684393  0.540972
-0.606316 -0.521568 -0.600289   1.48662
        0         0         0         1

 0.322576 -0.851285  0.413834   1.75432
 -0.72686 0.0572753  0.684393  0.540972
-0.606316 -0.521568 -0.600289   1.48662
        0         0         0         1

 0.328693 -0.848834  0.414056    1.7508
 -0.72824 0.0513609  0.683395  0.544007
-0.601355 -0.526159 -0.601272   1.49744
        0         0         0         1

 0.339959 -0.842765  0.417342   1.74372
-0.734954  0.038788  0.677007  0.550925
-0.586746 -0.536882 -0.606207   1.51934
        0         0         0         1

  0.35361 -0.833882  0.423794   1.73585
-0.742204 0.0256125  0.669685  0.557871
-0.569292 -0.551349 -0.609853   1.54397
        0         0         0         1

  0.35361 -0.833882  0.423794   1.73585
-0.742204 0.0256125  0.669685  0.557871
-0.569292 -0.551349 -0.609853   1.54397
        0         0         0         1

 0.364304 -0.824927  0.432178    1.7287
-0.752866  0.012277   0.65806   0.56556
-0.548157 -0.565106 -0.616587   1.56987
        0         0         0         1

 0.364304 -0.824927  0.432178    1.7287
-0.752866  0.012277   0.65806   0.56556
-0.548157 -0.565106 -0.616587   1.56987
        0         0         0         1

  0.384988  -0.809555   0.443176    1.71578
 -0.767075 -0.0136568   0.641412   0.579927
 -0.513207  -0.586885  -0.626247    1.61233
         0          0          0          1

  0.384988  -0.809555   0.443176    1.71578
 -0.767075 -0.0136568   0.641412   0.579927
 -0.513207  -0.586885  -0.626247    1.61233
         0          0          0          1

  0.401284  -0.799328   0.447264    1.70497
 -0.773483 -0.0341726   0.632895   0.592024
 -0.490607  -0.599922   -0.63198     1.6432
         0          0          0          1

  0.401284  -0.799328   0.447264    1.70497
 -0.773483 -0.0341726   0.632895   0.592024
 -0.490607  -0.599922   -0.63198     1.6432
         0          0          0          1

  0.425048  -0.786738   0.447635    1.69018
 -0.778734 -0.0657391   0.623901   0.612793
 -0.461419  -0.613777  -0.640602    1.69111
         0          0          0          1

  0.425048  -0.786738   0.447635    1.69018
 -0.778734 -0.0657391   0.623901   0.612793
 -0.461419  -0.613777  -0.640602    1.69111
         0          0          0          1

  0.441581  -0.779171   0.444859    1.68067
 -0.779892 -0.0881969   0.619669   0.628136
 -0.443593  -0.620576  -0.646615    1.72414
         0          0          0          1

  0.441581  -0.779171   0.444859    1.68067
 -0.779892 -0.0881969   0.619669   0.628136
 -0.443593  -0.620576  -0.646615    1.72414
         0          0          0          1

 0.463816 -0.766346   0.44451   1.66885
-0.779404 -0.114425  0.615984  0.646188
-0.421193 -0.632156 -0.650365   1.75936
        0         0         0         1

 0.463816 -0.766346   0.44451   1.66885
-0.779404 -0.114425  0.615984  0.646188
-0.421193 -0.632156 -0.650365   1.75936
        0         0         0         1

 0.495261 -0.746622  0.444152   1.64769
-0.783907 -0.163717  0.598904  0.679466
 -0.37444 -0.644788 -0.666365   1.81147
        0         0         0         1

 0.495261 -0.746622  0.444152   1.64769
-0.783907 -0.163717  0.598904  0.679466
 -0.37444 -0.644788 -0.666365   1.81147
        0         0         0         1

 0.511078 -0.734481  0.446472    1.6335
-0.788287 -0.193456  0.584104  0.702588
 -0.34264 -0.650471 -0.677853   1.84848
        0         0         0         1

 0.511078 -0.734481  0.446472    1.6335
-0.788287 -0.193456  0.584104  0.702588
 -0.34264 -0.650471 -0.677853   1.84848
        0         0         0         1

 0.523917 -0.722247   0.45152   1.61886
-0.792802  -0.21969  0.568507  0.726959
-0.311408 -0.655817 -0.687698   1.88589
        0         0         0         1

 0.523917 -0.722247   0.45152   1.61886
-0.792802  -0.21969  0.568507  0.726959
-0.311408 -0.655817 -0.687698   1.88589
        0         0         0         1

 0.535138 -0.710183  0.457457   1.60114
-0.800521 -0.253371   0.54311  0.765963
-0.269801 -0.656843 -0.704105   1.94085
        0         0         0         1

 0.535138 -0.710183  0.457457   1.60114
-0.800521 -0.253371   0.54311  0.765963
-0.269801 -0.656843 -0.704105   1.94085
        0         0         0         1

 0.546456 -0.701409  0.457615   1.58414
-0.803153 -0.284051  0.523698  0.797541
-0.237341 -0.653713  -0.71856   1.97168
        0         0         0         1

 0.546456 -0.701409  0.457615   1.58414
-0.803153 -0.284051  0.523698  0.797541
-0.237341 -0.653713  -0.71856   1.97168
        0         0         0         1

 0.555451 -0.684139  0.472681   1.55572
-0.810247  -0.31744  0.492679  0.843087
-0.187013 -0.656647 -0.730644   2.02487
        0         0         0         1

 0.555451 -0.684139  0.472681   1.55572
-0.810247  -0.31744  0.492679  0.843087
-0.187013 -0.656647 -0.730644   2.02487
        0         0         0         1

 0.555928 -0.674928  0.485197   1.54085
-0.816276 -0.333046   0.47199  0.872902
-0.156967 -0.658447 -0.736077   2.05809
        0         0         0         1

 0.555928 -0.674928  0.485197   1.54085
-0.816276 -0.333046   0.47199  0.872902
-0.156967 -0.658447 -0.736077   2.05809
        0         0         0         1

 0.561392 -0.663492  0.494588   1.52089
-0.817573 -0.352147  0.455596  0.905613
-0.128116  -0.66013 -0.740145   2.08692
        0         0         0         1

 0.561392 -0.663492  0.494588   1.52089
-0.817573 -0.352147  0.455596  0.905613
-0.128116  -0.66013 -0.740145   2.08692
        0         0         0         1

 0.571783  -0.64289  0.509664   1.48341
-0.816955 -0.389266  0.425508  0.959731
-0.0751599  -0.65967 -0.747787   2.12849
        0         0         0         1

 0.571783  -0.64289  0.509664   1.48341
-0.816955 -0.389266  0.425508  0.959731
-0.0751599  -0.65967 -0.747787   2.12849
        0         0         0         1

 0.572653  -0.63871  0.513923   1.45939
-0.818525 -0.410544  0.401835  0.997016
-0.0456683 -0.650771 -0.757899   2.15228
        0         0         0         1

 0.572653  -0.63871  0.513923   1.45939
-0.818525 -0.410544  0.401835  0.997016
-0.0456683 -0.650771 -0.757899   2.15228
        0         0         0         1

 0.561736 -0.635895  0.529236   1.43315
-0.827151 -0.418863  0.374667   1.04805
-0.0165716 -0.648222 -0.761271   2.19091
        0         0         0         1

 0.561736 -0.635895  0.529236   1.43315
-0.827151 -0.418863  0.374667   1.04805
-0.0165716 -0.648222 -0.761271   2.19091
        0         0         0         1

 0.554861 -0.631117  0.542052   1.41027
-0.831905 -0.427137  0.354244   1.08623
0.00796168 -0.647492 -0.762031   2.20928
        0         0         0         1

 0.554861 -0.631117  0.542052   1.41027
-0.831905 -0.427137  0.354244   1.08623
0.00796168 -0.647492 -0.762031   2.20928
        0         0         0         1

 0.551084 -0.622109  0.556135    1.3865
-0.833846 -0.435891  0.338673   1.12409
0.0317231 -0.650368 -0.758956   2.22474
        0         0         0         1

 0.551084 -0.622109  0.556135    1.3865
-0.833846 -0.435891  0.338673   1.12409
0.0317231 -0.650368 -0.758956   2.22474
        0         0         0         1

 0.532801 -0.617181  0.578973   1.34318
-0.843046 -0.446508  0.299841   1.18327
0.0734602 -0.647857 -0.758212   2.24549
        0         0         0         1

 0.532801 -0.617181  0.578973   1.34318
-0.843046 -0.446508  0.299841   1.18327
0.0734602 -0.647857 -0.758212   2.24549
        0         0         0         1

 0.507981 -0.622698  0.595149   1.31896
-0.855085 -0.447851  0.261263   1.22328
  0.10385  -0.64162  -0.75996   2.25554
        0         0         0         1

