-0.00305281  -0.843647    0.53689   0.920659
 -0.994132 -0.0554961 -0.0928572    1.05903
  0.108134  -0.534023  -0.838527    2.29363
         0          0          0          1

0.000404355  -0.842996    0.53792   0.925196
 -0.996865 -0.0428983 -0.0664783    1.02758
 0.0791168  -0.536207   -0.84037    2.26391
         0          0          0          1

0.000404355  -0.842996    0.53792   0.925196
 -0.996865 -0.0428983 -0.0664783    1.02758
 0.0791168  -0.536207   -0.84037    2.26391
         0          0          0          1

-0.00141236  -0.840395   0.541972   0.929897
 -0.998734 -0.0260632 -0.0430168   0.995112
 0.0502767  -0.541347  -0.839295    2.23549
         0          0          0          1

-0.00141236  -0.840395   0.541972   0.929897
 -0.998734 -0.0260632 -0.0430168   0.995112
 0.0502767  -0.541347  -0.839295    2.23549
         0          0          0          1

   0.0106097    -0.834204     0.551353     0.927312
   -0.999823 -0.000288734    0.0188027     0.938206
  -0.0155261    -0.551455     -0.83406      2.19834
           0            0            0            1

   0.0106097    -0.834204     0.551353     0.927312
   -0.999823 -0.000288734    0.0188027     0.938206
  -0.0155261    -0.551455     -0.83406      2.19834
           0            0            0            1

0.000405205 -0.832805  0.553566   0.93663
-0.998569 0.0292666 0.0447608  0.903457
-0.053478 -0.552792 -0.831602   2.17432
        0         0         0         1

0.000405205 -0.832805  0.553566   0.93663
-0.998569 0.0292666 0.0447608  0.903457
-0.053478 -0.552792 -0.831602   2.17432
        0         0         0         1

-0.00388415 -0.834243  0.551383  0.935991
-0.995547 0.0551608 0.0764453   0.85652
-0.0941887 -0.548631 -0.830742   2.12435
        0         0         0         1

-0.00388415 -0.834243  0.551383  0.935991
-0.995547 0.0551608 0.0764453   0.85652
-0.0941887 -0.548631 -0.830742   2.12435
        0         0         0         1

-0.00179035 -0.838731  0.544543  0.939631
-0.990912 0.0747304  0.111845  0.822664
-0.134502 -0.539394 -0.831242   2.09742
        0         0         0         1

-0.00179035 -0.838731  0.544543  0.939631
-0.990912 0.0747304  0.111845  0.822664
-0.134502 -0.539394 -0.831242   2.09742
        0         0         0         1

-0.00315577 -0.843304  0.537428  0.945783
-0.985762 0.0929759  0.140104  0.794034
-0.168118 -0.529334  -0.83159   2.06467
        0         0         0         1

-0.00315577 -0.843304  0.537428  0.945783
-0.985762 0.0929759  0.140104  0.794034
-0.168118 -0.529334  -0.83159   2.06467
        0         0         0         1

-0.00294408 -0.847444  0.530876  0.949116
-0.975229  0.119852  0.185913  0.750733
-0.221178 -0.517178 -0.826805   2.01771
        0         0         0         1

-0.00294408 -0.847444  0.530876  0.949116
-0.975229  0.119852  0.185913  0.750733
-0.221178 -0.517178 -0.826805   2.01771
        0         0         0         1

-0.00529203 -0.854248  0.519838  0.952189
-0.967357  0.136085  0.213781  0.723891
-0.253364 -0.501738 -0.827083   1.98465
        0         0         0         1

-0.00529203 -0.854248  0.519838  0.952189
-0.967357  0.136085  0.213781  0.723891
-0.253364 -0.501738 -0.827083   1.98465
        0         0         0         1

-0.0109969  -0.86791    0.4966    0.9585
-0.954536  0.157062  0.253361  0.687036
-0.297892 -0.471236 -0.830179   1.93722
        0         0         0         1

-0.0109969  -0.86791    0.4966    0.9585
-0.954536  0.157062  0.253361  0.687036
-0.297892 -0.471236 -0.830179   1.93722
        0         0         0         1

-0.0171064 -0.877341  0.479562  0.963315
 -0.94569  0.169918  0.277126  0.664426
 -0.32462 -0.448776 -0.832599     1.905
        0         0         0         1

-0.0171064 -0.877341  0.479562  0.963315
 -0.94569  0.169918  0.277126  0.664426
 -0.32462 -0.448776 -0.832599     1.905
        0         0         0         1

-0.0227175 -0.883943  0.467043  0.969023
-0.937103  0.181589    0.2981  0.644336
-0.348313 -0.430895 -0.832471   1.87147
        0         0         0         1

-0.0227175 -0.883943  0.467043  0.969023
-0.937103  0.181589    0.2981  0.644336
-0.348313 -0.430895 -0.832471   1.87147
        0         0         0         1

-0.0298142 -0.891873  0.451303  0.975748
-0.922733  0.198141  0.330611  0.615909
-0.384284 -0.406575 -0.828868   1.82501
        0         0         0         1

-0.0298142 -0.891873  0.451303  0.975748
-0.922733  0.198141  0.330611  0.615909
-0.384284 -0.406575 -0.828868   1.82501
        0         0         0         1

-0.0334738 -0.896603  0.441568  0.980162
-0.913483  0.206703  0.350461  0.598813
-0.405498 -0.391634 -0.825951   1.79607
        0         0         0         1

-0.0334738 -0.896603  0.441568  0.980162
-0.913483  0.206703  0.350461  0.598813
-0.405498 -0.391634 -0.825951   1.79607
        0         0         0         1

-0.0418858 -0.903984   0.42551  0.986692
-0.900699  0.218487  0.375507  0.575824
-0.432421 -0.367528 -0.823368   1.75589
        0         0         0         1

-0.0418858 -0.903984   0.42551  0.986692
-0.900699  0.218487  0.375507  0.575824
-0.432421 -0.367528 -0.823368   1.75589
        0         0         0         1

-0.0489127 -0.906106  0.420214  0.989987
-0.892468  0.228546  0.388931  0.562528
-0.448451 -0.356004 -0.819849   1.73022
        0         0         0         1

-0.0489127 -0.906106  0.420214  0.989987
-0.892468  0.228546  0.388931  0.562528
-0.448451 -0.356004 -0.819849   1.73022
        0         0         0         1

-0.0544504 -0.905992  0.419778  0.991649
 -0.88465  0.238733    0.4005  0.550196
-0.463064  -0.34955 -0.814485   1.70573
        0         0         0         1

-0.0544504 -0.905992  0.419778  0.991649
 -0.88465  0.238733    0.4005  0.550196
-0.463064  -0.34955 -0.814485   1.70573
        0         0         0         1

-0.0659978  -0.90267  0.425243  0.996281
-0.873667  0.258151  0.412388  0.534709
-0.482027 -0.344304  -0.80567   1.67139
        0         0         0         1

-0.0659978  -0.90267  0.425243  0.996281
-0.873667  0.258151  0.412388  0.534709
-0.482027 -0.344304  -0.80567   1.67139
        0         0         0         1

-0.0730907 -0.900555  0.428555  0.999325
-0.867304  0.269541  0.418488  0.525632
-0.492384 -0.341099 -0.800755   1.65117
        0         0         0         1

-0.0730907 -0.900555  0.428555  0.999325
-0.867304  0.269541  0.418488  0.525632
-0.492384 -0.341099 -0.800755   1.65117
        0         0         0         1

-0.0775098 -0.899012  0.431009   1.00189
-0.859577  0.279275  0.427939  0.513992
-0.505093 -0.337316 -0.794417   1.62383
        0         0         0         1

-0.0775098 -0.899012  0.431009   1.00189
-0.859577  0.279275  0.427939  0.513992
-0.505093 -0.337316 -0.794417   1.62383
        0         0         0         1

-0.0773582 -0.898466  0.432174   1.00287
-0.854524  0.283059  0.435506  0.507004
-0.513619 -0.335614 -0.789658   1.60845
        0         0         0         1

-0.0773582 -0.898466  0.432174   1.00287
-0.854524  0.283059  0.435506  0.507004
-0.513619 -0.335614 -0.789658   1.60845
        0         0         0         1

-0.0789093  -0.89818  0.432489   1.00477
-0.850464  0.286992  0.440847  0.501387
 -0.52008 -0.333029 -0.786516   1.59389
        0         0         0         1

-0.0789093  -0.89818  0.432489   1.00477
-0.850464  0.286992  0.440847  0.501387
 -0.52008 -0.333029 -0.786516   1.59389
        0         0         0         1

-0.0798803 -0.898342  0.431973   1.00678
-0.844169  0.291423  0.449947  0.493841
-0.530093 -0.328716 -0.781631   1.57547
        0         0         0         1

-0.0798803 -0.898342  0.431973   1.00678
-0.844169  0.291423  0.449947  0.493841
-0.530093 -0.328716 -0.781631   1.57547
        0         0         0         1

-0.078546 -0.898511  0.431865   1.00674
 -0.84037   0.29272  0.456172  0.489733
-0.536292 -0.327096 -0.778074   1.56508
        0         0         0         1

-0.078546 -0.898511  0.431865   1.00674
 -0.84037   0.29272  0.456172  0.489733
-0.536292 -0.327096 -0.778074   1.56508
        0         0         0         1

-0.0762202 -0.897984  0.433376   1.00681
-0.836623  0.294055  0.462161  0.485034
 -0.54245 -0.327346 -0.773688    1.5505
        0         0         0         1

-0.0762202 -0.897984  0.433376   1.00681
-0.836623  0.294055  0.462161  0.485034
 -0.54245 -0.327346 -0.773688    1.5505
        0         0         0         1

-0.0744603 -0.896175  0.437409   1.00644
-0.835132  0.295749  0.463774  0.483128
-0.544986 -0.330762 -0.770446   1.54178
        0         0         0         1

-0.0744603 -0.896175  0.437409   1.00644
-0.835132  0.295749  0.463774  0.483128
-0.544986 -0.330762 -0.770446   1.54178
        0         0         0         1

-0.0734913 -0.894617  0.440748   1.00673
-0.831968  0.298695  0.467558  0.481821
-0.549934 -0.332327 -0.766245     1.535
        0         0         0         1

-0.0734913 -0.894617  0.440748   1.00673
-0.831968  0.298695  0.467558  0.481821
-0.549934 -0.332327 -0.766245     1.535
        0         0         0         1

-0.0701662 -0.892706  0.445144   1.00502
-0.828788  0.300513   0.47202  0.481469
-0.555146  -0.33581  -0.76095   1.52475
        0         0         0         1

-0.0701662 -0.892706  0.445144   1.00502
-0.828788  0.300513   0.47202  0.481469
-0.555146  -0.33581  -0.76095   1.52475
        0         0         0         1

-0.0683636 -0.890276   0.45026   1.00265
-0.826373   0.30339  0.474407  0.481497
-0.558958 -0.339651 -0.756441   1.51948
        0         0         0         1

-0.0683636 -0.890276   0.45026   1.00265
-0.826373   0.30339  0.474407  0.481497
-0.558958 -0.339651 -0.756441   1.51948
        0         0         0         1

-0.0681018 -0.891179  0.448511   1.00204
-0.825452  0.302824  0.476367  0.482401
-0.560349 -0.337783 -0.756249   1.51432
        0         0         0         1

-0.0681018 -0.891179  0.448511   1.00204
-0.825452  0.302824  0.476367  0.482401
-0.560349 -0.337783 -0.756249   1.51432
        0         0         0         1

-0.0659718 -0.890839  0.449504   1.00092
-0.824672  0.302291  0.478054  0.482676
 -0.56175 -0.339155 -0.754593   1.51164
        0         0         0         1

-0.0659718 -0.890839  0.449504   1.00092
-0.824672  0.302291  0.478054  0.482676
 -0.56175 -0.339155 -0.754593   1.51164
        0         0         0         1

-0.0637873 -0.890629  0.450234    1.0006
-0.824331  0.301315  0.479258  0.483318
-0.562504 -0.340571 -0.753393    1.5087
        0         0         0         1

-0.0637873 -0.890629  0.450234    1.0006
-0.824331  0.301315  0.479258  0.483318
-0.562504 -0.340571 -0.753393    1.5087
        0         0         0         1

-0.0603898  -0.89406  0.443858   1.00103
-0.821141  0.297319  0.487165  0.483538
-0.567522  -0.33505 -0.752104   1.50807
        0         0         0         1

-0.0603898  -0.89406  0.443858   1.00103
-0.821141  0.297319  0.487165  0.483538
-0.567522  -0.33505 -0.752104   1.50807
        0         0         0         1

-0.0563612 -0.900276  0.431656   1.00078
-0.819754  0.288528  0.494728  0.483718
-0.569936 -0.325968 -0.754266   1.50762
        0         0         0         1

-0.0563612 -0.900276  0.431656   1.00078
-0.819754  0.288528  0.494728  0.483718
-0.569936 -0.325968 -0.754266   1.50762
        0         0         0         1

-0.0548264 -0.910085   0.41078   1.00167
-0.817152  0.277316   0.50533  0.483788
-0.573809 -0.307964 -0.758882   1.50829
        0         0         0         1

-0.0548264 -0.910085   0.41078   1.00167
-0.817152  0.277316   0.50533  0.483788
-0.573809 -0.307964 -0.758882   1.50829
        0         0         0         1

-0.0565079 -0.913646  0.402565   1.00219
-0.816187  0.274497  0.508419  0.484041
-0.575018 -0.299839 -0.761217   1.50876
        0         0         0         1

-0.0565079 -0.913646  0.402565   1.00219
-0.816187  0.274497  0.508419  0.484041
-0.575018 -0.299839 -0.761217   1.50876
        0         0         0         1

-0.0609834 -0.915366  0.397977   1.00244
-0.814801  0.275954  0.509852  0.484539
-0.576525 -0.293179 -0.762669   1.51001
        0         0         0         1

-0.0609834 -0.915366  0.397977   1.00244
-0.814801  0.275954  0.509852  0.484539
-0.576525 -0.293179 -0.762669   1.51001
        0         0         0         1

-0.0665343 -0.917167  0.392909   1.00117
-0.815806  0.276729  0.507821  0.485924
-0.574486  -0.28675 -0.766642   1.51274
        0         0         0         1

-0.0665343 -0.917167  0.392909   1.00117
-0.815806  0.276729  0.507821  0.485924
-0.574486  -0.28675 -0.766642   1.51274
        0         0         0         1

-0.0721615 -0.917755  0.390536   1.00062
-0.815508  0.279722  0.506658   0.48743
-0.574229 -0.281924 -0.768622   1.51688
        0         0         0         1

-0.0721615 -0.917755  0.390536   1.00062
-0.815508  0.279722  0.506658   0.48743
-0.574229 -0.281924 -0.768622   1.51688
        0         0         0         1

-0.0804811 -0.919182  0.385521  0.998881
-0.815548  0.283094  0.504717  0.490014
-0.573066 -0.273791 -0.772421    1.5243
        0         0         0         1

-0.0804811 -0.919182  0.385521  0.998881
-0.815548  0.283094  0.504717  0.490014
-0.573066 -0.273791 -0.772421    1.5243
        0         0         0         1

-0.083045 -0.918703  0.386121  0.996674
-0.815847  0.285177  0.503058  0.492215
-0.572274 -0.273239 -0.773203   1.53166
        0         0         0         1

-0.083045 -0.918703  0.386121  0.996674
-0.815847  0.285177  0.503058  0.492215
-0.572274 -0.273239 -0.773203   1.53166
        0         0         0         1

-0.0851559 -0.917082  0.389498  0.994029
 -0.81681   0.28812  0.499808  0.495177
-0.570587 -0.275584 -0.773617   1.54156
        0         0         0         1

-0.0851559 -0.917082  0.389498  0.994029
 -0.81681   0.28812  0.499808  0.495177
-0.570587 -0.275584 -0.773617   1.54156
        0         0         0         1

-0.0831812 -0.910922  0.404105  0.989643
-0.822314  0.291807  0.488517   0.50215
-0.562922 -0.291666 -0.773337   1.55884
        0         0         0         1

-0.0831812 -0.910922  0.404105  0.989643
-0.822314  0.291807  0.488517   0.50215
-0.562922 -0.291666 -0.773337   1.55884
        0         0         0         1

-0.075985  -0.90173  0.425569  0.985762
-0.829275  0.294135  0.475171  0.507997
-0.553651 -0.316808 -0.770132    1.5733
        0         0         0         1

-0.075985  -0.90173  0.425569  0.985762
-0.829275  0.294135  0.475171  0.507997
-0.553651 -0.316808 -0.770132    1.5733
        0         0         0         1

-0.0582925 -0.886653  0.458746  0.976999
-0.843754  0.289359  0.452051  0.518731
-0.533555 -0.360718 -0.764985     1.599
        0         0         0         1

-0.0582925 -0.886653  0.458746  0.976999
-0.843754  0.289359  0.452051  0.518731
-0.533555 -0.360718 -0.764985     1.599
        0         0         0         1

-0.0459933 -0.876297  0.479571  0.970963
-0.856493  0.281666  0.432532  0.527779
-0.514105 -0.390856 -0.763497   1.61922
        0         0         0         1

-0.0459933 -0.876297  0.479571  0.970963
-0.856493  0.281666  0.432532  0.527779
-0.514105 -0.390856 -0.763497   1.61922
        0         0         0         1

-0.0333195 -0.866873  0.497414  0.964998
-0.870385   0.26979  0.411877  0.537812
-0.491243 -0.419218 -0.763503   1.64283
        0         0         0         1

-0.0333195 -0.866873  0.497414  0.964998
-0.870385   0.26979  0.411877  0.537812
-0.491243 -0.419218 -0.763503   1.64283
        0         0         0         1

-0.0136513 -0.852924  0.521856  0.954859
-0.892841  0.245363  0.377667  0.556187
-0.450165 -0.460779 -0.764875   1.68367
        0         0         0         1

-0.0136513 -0.852924  0.521856  0.954859
-0.892841  0.245363  0.377667  0.556187
-0.450165 -0.460779 -0.764875   1.68367
        0         0         0         1

0.00464615   -0.8421  0.539301  0.944519
-0.907254  0.223262  0.356432  0.570557
-0.420557 -0.490939 -0.762962    1.7136
        0         0         0         1

0.00464615   -0.8421  0.539301  0.944519
-0.907254  0.223262  0.356432  0.570557
-0.420557 -0.490939 -0.762962    1.7136
        0         0         0         1

0.0212601 -0.826392  0.562694  0.932477
-0.928604  0.192229    0.3174  0.597906
-0.370463 -0.529267 -0.763304   1.76083
        0         0         0         1

0.0212601 -0.826392  0.562694  0.932477
-0.928604  0.192229    0.3174  0.597906
-0.370463 -0.529267 -0.763304   1.76083
        0         0         0         1

0.0339781 -0.817119  0.575467  0.922833
 -0.94211  0.165998  0.291331  0.618686
-0.333578 -0.552052 -0.764176   1.79229
        0         0         0         1

0.0339781 -0.817119  0.575467  0.922833
 -0.94211  0.165998  0.291331  0.618686
-0.333578 -0.552052 -0.764176   1.79229
        0         0         0         1

0.0457398 -0.808921  0.586136  0.911334
-0.954374  0.137939  0.264844  0.641335
-0.295089 -0.571507 -0.765704   1.82616
        0         0         0         1

0.0457398 -0.808921  0.586136  0.911334
-0.954374  0.137939  0.264844  0.641335
-0.295089 -0.571507 -0.765704   1.82616
        0         0         0         1

0.0564145 -0.801028  0.595963  0.896349
-0.969755 0.0980129  0.223536  0.678522
-0.237471 -0.590549 -0.771271   1.88048
        0         0         0         1

0.0564145 -0.801028  0.595963  0.896349
-0.969755 0.0980129  0.223536  0.678522
-0.237471 -0.590549 -0.771271   1.88048
        0         0         0         1

0.0615804 -0.797216  0.600545  0.884458
 -0.97834 0.0709277  0.194475  0.705511
-0.197634 -0.599513  -0.77558    1.9153
        0         0         0         1

0.0615804 -0.797216  0.600545  0.884458
 -0.97834 0.0709277  0.194475  0.705511
-0.197634 -0.599513  -0.77558    1.9153
        0         0         0         1

 0.067966 -0.792479    0.6061  0.868309
-0.987821  0.031776  0.152318  0.749034
-0.139968 -0.609071 -0.780668   1.96876
        0         0         0         1

 0.067966 -0.792479    0.6061  0.868309
-0.987821  0.031776  0.152318  0.749034
-0.139968 -0.609071 -0.780668   1.96876
        0         0         0         1

 0.0683735  -0.789975   0.609315   0.858287
 -0.992995 0.00510368   0.118044   0.782425
-0.0963618  -0.613118  -0.784092    2.00092
         0          0          0          1

 0.0683735  -0.789975   0.609315   0.858287
 -0.992995 0.00510368   0.118044   0.782425
-0.0963618  -0.613118  -0.784092    2.00092
         0          0          0          1

 0.0638768  -0.791113   0.608326   0.852279
 -0.996126 -0.0136289  0.0868734   0.815615
-0.0604358  -0.611519  -0.788918    2.03618
         0          0          0          1

 0.0638768  -0.791113   0.608326   0.852279
 -0.996126 -0.0136289  0.0868734   0.815615
-0.0604358  -0.611519  -0.788918    2.03618
         0          0          0          1

 0.0537793  -0.794086   0.605422   0.843452
 -0.998553 -0.0426676   0.032737   0.869157
-0.000164064  -0.606306  -0.795231    2.08364
         0          0          0          1

 0.0537793  -0.794086   0.605422   0.843452
 -0.998553 -0.0426676   0.032737   0.869157
-0.000164064  -0.606306  -0.795231    2.08364
         0          0          0          1

 0.0515178  -0.792156   0.608141   0.830202
 -0.998047  -0.062383 0.00328885   0.903646
 0.0353324  -0.607123  -0.793822    2.11588
         0          0          0          1

 0.0515178  -0.792156   0.608141   0.830202
 -0.998047  -0.062383 0.00328885   0.903646
 0.0353324  -0.607123  -0.793822    2.11588
         0          0          0          1

 0.0361163  -0.800652    0.59804   0.830317
 -0.994725 -0.0862924 -0.0554552   0.962476
 0.0960066  -0.592882  -0.799546    2.15555
         0          0          0          1

 0.0361163  -0.800652    0.59804   0.830317
 -0.994725 -0.0862924 -0.0554552   0.962476
 0.0960066  -0.592882  -0.799546    2.15555
         0          0          0          1

 0.0295641  -0.802654   0.595712   0.820153
 -0.991903 -0.0971973  -0.081736   0.995679
  0.123507  -0.588472  -0.799029    2.18997
         0          0          0          1

 0.0295641  -0.802654   0.595712   0.820153
 -0.991903 -0.0971973  -0.081736   0.995679
  0.123507  -0.588472  -0.799029    2.18997
         0          0          0          1

0.0234655 -0.807697  0.589131  0.814025
-0.988185 -0.108016  -0.10873   1.03144
 0.151457 -0.579619 -0.800689    2.2196
        0         0         0         1

0.0234655 -0.807697  0.589131  0.814025
-0.988185 -0.108016  -0.10873   1.03144
 0.151457 -0.579619 -0.800689    2.2196
        0         0         0         1

0.00395589 -0.817118  0.576458    0.8148
-0.980023 -0.117795 -0.160247   1.08841
 0.198844 -0.564308  -0.80126   2.25942
        0         0         0         1

0.00395589 -0.817118  0.576458    0.8148
-0.980023 -0.117795 -0.160247   1.08841
 0.198844 -0.564308  -0.80126   2.25942
        0         0         0         1

-0.00915788 -0.821678  0.569879  0.809429
-0.967959 -0.135734 -0.211262   1.13821
 0.250941 -0.553554 -0.794107   2.26631
        0         0         0         1

-0.00915788 -0.821678  0.569879  0.809429
-0.967959 -0.135734 -0.211262   1.13821
 0.250941 -0.553554 -0.794107   2.26631
        0         0         0         1

-0.0203617 -0.826685  0.562296  0.791532
 -0.95583 -0.148846 -0.253445   1.18989
 0.293215  -0.54262  -0.78714   2.30554
        0         0         0         1

-0.0203617 -0.826685  0.562296  0.791532
 -0.95583 -0.148846 -0.253445   1.18989
 0.293215  -0.54262  -0.78714   2.30554
        0         0         0         1

