-0.220286  0.241897  0.944966  0.665562
 0.925434 -0.254357  0.280845   1.05559
 0.308294   0.93637 -0.167828   1.95608
        0         0         0         1

-0.220428  0.242058  0.944891  0.667964
 0.925157 -0.255022  0.281154   1.05109
 0.309023  0.936147 -0.167727   1.95421
        0         0         0         1

-0.225777  0.242046   0.94363  0.668897
 0.918973 -0.268531  0.288757   1.02451
 0.323287  0.932365 -0.161806   1.95637
        0         0         0         1

-0.228442  0.241921  0.943021  0.669197
 0.916397 -0.273586  0.292177    1.0161
 0.328681  0.930927 -0.159197   1.95771
        0         0         0         1

-0.220894  0.244716  0.944097  0.678625
 0.915633 -0.281346  0.287161    1.0012
 0.335891  0.927878 -0.161923   1.95811
        0         0         0         1

-0.220421  0.241069  0.945146  0.685376
 0.912602 -0.291106  0.287081  0.972465
 0.344344   0.92582 -0.155834   1.95232
        0         0         0         1

-0.221938  0.238744  0.945381  0.689156
  0.91166 -0.293103  0.288041  0.959357
 0.345862  0.925793 -0.152603   1.94485
        0         0         0         1

 -0.21712  0.240179  0.946136   0.70057
 0.908778 -0.304095  0.285742  0.944882
 0.356345  0.921868 -0.152244   1.94584
        0         0         0         1

-0.228215  0.237773   0.94413  0.694343
 0.901538 -0.314546  0.297136  0.921933
 0.367623   0.91898 -0.142577   1.94384
        0         0         0         1

-0.240602  0.238457  0.940877  0.694311
  0.89096 -0.330337  0.311558  0.891975
   0.3851  0.913245 -0.132976    1.9404
        0         0         0         1

-0.241854  0.244359   0.93904  0.703138
 0.884718 -0.341894  0.316832  0.874849
 0.398472  0.907413   -0.1335   1.93542
        0         0         0         1

-0.244387   0.24778  0.937486  0.706661
 0.879948 -0.349512  0.321765  0.864708
  0.40739  0.903574 -0.132618   1.93206
        0         0         0         1

-0.250988  0.253079  0.934321  0.712699
 0.871282 -0.361476  0.331967  0.836217
 0.421749  0.897377 -0.129777   1.92262
        0         0         0         1

-0.250988  0.253079  0.934321  0.712699
 0.871282 -0.361476  0.331967  0.836217
 0.421749  0.897377 -0.129777   1.92262
        0         0         0         1

-0.258099  0.257604  0.931142  0.714381
  0.86422 -0.369268  0.341709  0.820511
 0.431867  0.892906 -0.127319   1.91891
        0         0         0         1

-0.264199  0.258554  0.929166  0.720691
 0.854887  -0.38323  0.349718  0.793738
 0.446505  0.886727 -0.119785   1.90612
        0         0         0         1

-0.271173  0.260142   0.92671  0.722625
 0.847354 -0.392171   0.35804  0.777188
  0.45657  0.882342 -0.114086   1.89933
        0         0         0         1

  -0.2755  0.261648  0.925008  0.724931
 0.841088 -0.400329  0.363743  0.765864
  0.46548  0.878224 -0.109778   1.89602
        0         0         0         1

 -0.290927   0.262007   0.920171   0.731568
  0.823876  -0.420353   0.380172   0.742684
  0.486404   0.868709 -0.0935688    1.88735
         0          0          0          1

 -0.302958   0.264259   0.915633   0.740648
  0.808458  -0.437446   0.393747    0.72646
  0.504591    0.85954 -0.0811143    1.88082
         0          0          0          1

 -0.326473   0.260224    0.90868   0.741685
  0.788985  -0.454365   0.413588   0.706095
  0.520498    0.85196 -0.0569748    1.87146
         0          0          0          1

 -0.334193   0.259245    0.90615   0.742701
  0.781165  -0.461749   0.420202   0.698599
  0.527349   0.848281 -0.0481999    1.86853
         0          0          0          1

 -0.354606   0.252709   0.900218   0.750706
  0.761409   -0.48076   0.434886   0.678145
  0.542688   0.839648 -0.0219346    1.85419
         0          0          0          1

 -0.357867   0.251909   0.899151   0.750847
     0.759  -0.482427   0.437245   0.675537
  0.543921   0.838931 -0.0185541    1.85247
         0          0          0          1

 -0.380183   0.251521   0.890055   0.758319
  0.730297  -0.508882   0.455748   0.640904
  0.567563   0.823272 0.00978354    1.82987
         0          0          0          1

 -0.380183   0.251521   0.890055   0.758319
  0.730297  -0.508882   0.455748   0.640904
  0.567563   0.823272 0.00978354    1.82987
         0          0          0          1

-0.387781  0.252549  0.886479  0.758387
 0.719486 -0.518224  0.462368  0.628177
 0.576165  0.817106 0.0192524    1.8227
        0         0         0         1

-0.393041  0.255729  0.883245  0.759899
 0.711741 -0.523557  0.468309  0.617295
 0.582189  0.812706 0.0237668    1.8145
        0         0         0         1

-0.394787  0.258587  0.881633  0.763094
 0.705886 -0.528857  0.471205   0.60784
 0.588105  0.808358 0.0262533   1.80522
        0         0         0         1

 -0.39722  0.267388  0.877906  0.769309
 0.688404 -0.545794  0.477712   0.58652
 0.606891  0.794111 0.0327296   1.79197
        0         0         0         1

-0.399437  0.271445  0.875653  0.771709
 0.680784 -0.551879  0.481624  0.576862
 0.613989  0.788509 0.0356454   1.78411
        0         0         0         1

-0.403374  0.274976  0.872741  0.772159
 0.671545 -0.558899  0.486476   0.56633
 0.621544  0.782317 0.0407862   1.77676
        0         0         0         1

 -0.41121  0.276031  0.868743  0.775509
 0.659108 -0.568303  0.492552  0.552119
 0.629669  0.775138 0.0517578    1.7625
        0         0         0         1

-0.413599  0.276385  0.867495  0.776163
 0.655739 -0.570571  0.494424  0.548693
 0.631618  0.773344 0.0547514   1.75894
        0         0         0         1

 -0.41817  0.278106  0.864749  0.779793
 0.646498 -0.577619  0.498394  0.540381
 0.638102  0.767472 0.0617486   1.75102
        0         0         0         1

-0.433127   0.28131  0.856309  0.781797
 0.623225 -0.592868  0.509997  0.521953
 0.651146  0.754567 0.0814675    1.7349
        0         0         0         1

-0.436688  0.283205  0.853873  0.785754
 0.612194 -0.601933  0.512733  0.512043
 0.659182   0.74664 0.0894807   1.72464
        0         0         0         1

-0.438523  0.284034  0.852656  0.787763
  0.60603  -0.60713  0.513927  0.506145
 0.663646  0.742104 0.0941075   1.71888
        0         0         0         1

-0.443795  0.283905  0.849967  0.788582
 0.597876 -0.612723  0.516831  0.498099
 0.667525  0.737542  0.102183   1.71059
        0         0         0         1

-0.445445  0.284118  0.849032  0.790697
 0.594136 -0.615605  0.517718  0.491175
 0.669762  0.735056  0.105413   1.70121
        0         0         0         1

-0.445049  0.285945  0.848626  0.792092
  0.58912 -0.620223  0.517939  0.483821
  0.67444  0.730451  0.107574   1.69333
        0         0         0         1

-0.442749  0.285579  0.849952   0.79561
 0.582315 -0.629236  0.514753  0.469935
 0.681823  0.722846  0.112297   1.67755
        0         0         0         1

-0.446353  0.285294  0.848161  0.796737
 0.574471 -0.635365  0.516037  0.459702
 0.686114  0.717579  0.119704   1.66589
        0         0         0         1

-0.447796  0.284234  0.847756  0.797284
 0.572862 -0.636774   0.51609  0.456612
 0.686519   0.71675  0.122318   1.66144
        0         0         0         1

-0.450518  0.282503  0.846892  0.798369
 0.567716 -0.641454   0.51598  0.450038
 0.689008  0.713252  0.128605   1.65393
        0         0         0         1

-0.452459  0.278722   0.84711  0.802351
 0.559875 -0.650589  0.513102   0.43827
 0.694133  0.706433  0.138316   1.63919
        0         0         0         1

-0.456304  0.274784  0.846333  0.804692
 0.554431 -0.656131  0.511954  0.431487
 0.695983  0.702841  0.147047   1.62973
        0         0         0         1

-0.458108  0.272783  0.846006  0.805893
 0.551976 -0.658718  0.511286  0.427647
  0.69675  0.701199  0.151194   1.62395
        0         0         0         1

-0.463474   0.26803  0.844602  0.807693
 0.544645 -0.665684  0.510124  0.417397
 0.698966  0.696437  0.162546   1.60853
        0         0         0         1

-0.463474   0.26803  0.844602  0.807693
 0.544645 -0.665684  0.510124  0.417397
 0.698966  0.696437  0.162546   1.60853
        0         0         0         1

-0.463898  0.265455  0.845182  0.809683
  0.54155 -0.670053  0.507693  0.412644
 0.701086  0.693226   0.16708   1.60176
        0         0         0         1

-0.465311   0.25986  0.846143  0.811859
 0.537771 -0.676287  0.503426  0.403429
 0.703056  0.689281  0.174939   1.58723
        0         0         0         1

-0.465153  0.256621  0.847218  0.813215
 0.535463 -0.680554  0.500127  0.397995
  0.70492  0.686289   0.17915   1.57905
        0         0         0         1

-0.464337 0.254141 0.848412  0.81438
0.534277 -0.68363 0.497191  0.39463
0.706357 0.684151 0.181653  1.57424
       0        0        0        1

 -0.46454  0.248915   0.84985  0.815921
 0.533448 -0.687364  0.492914  0.388676
 0.706849  0.682329  0.186525   1.56446
        0         0         0         1

 -0.46501  0.243104  0.851273    0.8173
 0.532611 -0.691261  0.488348  0.382511
 0.707172  0.680484  0.191963   1.55476
        0         0         0         1

-0.465327  0.239295  0.852179  0.818364
 0.532729 -0.693151  0.485532  0.378668
 0.706874  0.679912  0.195062   1.54853
        0         0         0         1

-0.465707   0.23555  0.853014  0.819184
  0.53302 -0.694789  0.482863  0.375012
 0.706404  0.679547  0.198015   1.54242
        0         0         0         1

-0.468638  0.230298  0.852843  0.820804
 0.530218 -0.698857  0.480071  0.367437
 0.706575  0.677172  0.205402   1.53129
        0         0         0         1

-0.468638  0.230298  0.852843  0.820804
 0.530218 -0.698857  0.480071  0.367437
 0.706575  0.677172  0.205402   1.53129
        0         0         0         1

-0.467789  0.229278  0.853584  0.821963
 0.530032 -0.700064  0.478515  0.363177
 0.707276   0.67627  0.205958   1.52435
        0         0         0         1

-0.465558  0.229027   0.85487  0.823571
 0.528562 -0.702792  0.476137  0.357277
 0.709843  0.673521  0.206135   1.51531
        0         0         0         1

-0.466956    0.2272  0.854595  0.825122
 0.526649 -0.704884  0.475163  0.352836
 0.710347  0.671951  0.209495   1.50793
        0         0         0         1

-0.467425  0.226411  0.854548  0.825876
 0.525554 -0.706111  0.474552  0.351093
  0.71085  0.670928  0.211063   1.50514
        0         0         0         1

 -0.46909  0.225869  0.853778  0.826296
 0.523302 -0.707662  0.474731  0.347846
 0.711414  0.669475   0.21376   1.50022
        0         0         0         1

-0.472819  0.223135   0.85244  0.827439
 0.520631 -0.709744  0.474559  0.341944
 0.710905  0.668187   0.21941   1.49027
        0         0         0         1

-0.475125  0.222258  0.851386  0.827687
 0.518638 -0.710898  0.475014  0.338784
 0.710824  0.667252  0.222494   1.48568
        0         0         0         1

-0.477009   0.22124  0.850597  0.827881
 0.516138 -0.712824  0.474851  0.335589
 0.711382  0.665534  0.225833   1.48164
        0         0         0         1

-0.478805  0.219569   0.85002  0.828427
 0.515322 -0.713582    0.4746  0.332817
 0.710767  0.665275  0.228518   1.47727
        0         0         0         1

-0.479031  0.218407  0.850193  0.829099
 0.515016 -0.714398  0.473702  0.330043
 0.710836  0.664781  0.229736   1.47306
        0         0         0         1

-0.479352  0.217257  0.850307  0.829636
 0.514731 -0.715138  0.472895  0.327192
 0.710826  0.664362  0.230974   1.46908
        0         0         0         1

-0.477601  0.214534  0.851982  0.831245
 0.516487 -0.715911  0.469801  0.322279
 0.710731  0.664415  0.231115   1.46157
        0         0         0         1

-0.477231  0.212548  0.852687   0.83175
 0.517326 -0.716409  0.468114  0.316809
 0.710369  0.664516  0.231936   1.45473
        0         0         0         1

-0.477231  0.212548  0.852687   0.83175
 0.517326 -0.716409  0.468114  0.316809
 0.710369  0.664516  0.231936   1.45473
        0         0         0         1

-0.477137  0.212036  0.852867  0.832083
 0.517943 -0.716161  0.467812  0.314123
 0.709983  0.664946  0.231884   1.45142
        0         0         0         1

-0.476256  0.210399  0.853764  0.833336
 0.519988 -0.715591  0.466414  0.309245
 0.709079  0.666079    0.2314   1.44506
        0         0         0         1

-0.475963  0.209762  0.854084  0.833836
  0.52092 -0.715213  0.465953  0.306765
 0.708591  0.666686  0.231146   1.44217
        0         0         0         1

-0.475521  0.20939 0.854421   0.8348
0.521167 -0.71541 0.465375 0.304366
0.708706 0.666591 0.231065  1.43971
       0        0        0        1

-0.475711  0.209494   0.85429  0.834997
  0.52117 -0.715253  0.465612  0.301696
 0.708576  0.666727  0.231072   1.43682
        0         0         0         1

-0.475643  0.209203  0.854399   0.83584
 0.521536 -0.715103  0.465434  0.299593
 0.708353   0.66698  0.231027   1.43406
        0         0         0         1

-0.475091  0.209494  0.854635  0.836991
 0.521864 -0.714918  0.465349  0.295203
 0.708482  0.667086  0.230324   1.42938
        0         0         0         1

-0.474504  0.209328  0.855001   0.83786
 0.522378 -0.714825  0.464916   0.29298
 0.708496  0.667239  0.229839   1.42685
        0         0         0         1

 -0.47489  0.208714  0.854938  0.838428
 0.522989 -0.714385  0.464905  0.289933
 0.707787  0.667901  0.230099   1.42309
        0         0         0         1

-0.475341  0.208503  0.854739  0.838562
 0.523087 -0.714177  0.465115  0.288701
 0.707412   0.66819  0.230412   1.42155
        0         0         0         1

-0.476741  0.207872  0.854112  0.839413
 0.522555 -0.714301  0.465521  0.286024
 0.706862  0.668254  0.231913    1.4184
        0         0         0         1

-0.479053  0.206561  0.853136  0.840641
  0.52117 -0.715134  0.465796   0.28296
 0.706322  0.667769  0.234934   1.41499
        0         0         0         1

-0.481762  0.205228  0.851931  0.841226
 0.519529 -0.716014  0.466276   0.28059
 0.705688  0.667237  0.238327   1.41223
        0         0         0         1

-0.483418  0.204487  0.851171  0.841469
 0.518665 -0.716379  0.466677  0.279397
  0.70519  0.667073  0.240251   1.41076
        0         0         0         1

-0.486242   0.20365  0.849762  0.842385
 0.516612 -0.717313  0.467519  0.276587
 0.704755  0.666325   0.24358   1.40703
        0         0         0         1

-0.486468  0.203615  0.849641  0.842492
 0.516375 -0.717439  0.467587  0.276275
 0.704774    0.6662   0.24387   1.40662
        0         0         0         1

-0.488367  0.205557  0.848082  0.843176
 0.512868 -0.718685  0.469529  0.272248
 0.706019  0.664257  0.245559    1.4014
        0         0         0         1

-0.488562  0.205916  0.847883  0.843285
 0.512275 -0.718943  0.469782  0.271697
 0.706315  0.663867  0.245762   1.40069
        0         0         0         1

-0.489373  0.207841  0.846945  0.843337
 0.510009 -0.719578  0.471273  0.269736
 0.707393  0.662578  0.246141   1.39818
        0         0         0         1

 -0.48946  0.208692  0.846686  0.843528
  0.50881 -0.720181  0.471648  0.268835
 0.708196  0.661655  0.246315    1.3969
        0         0         0         1

-0.489733  0.210536  0.846071  0.843957
 0.505742 -0.721867  0.472369  0.267015
 0.710202  0.659229  0.247046   1.39418
        0         0         0         1

 -0.49062  0.212543  0.845054  0.844217
  0.50241 -0.723369  0.473626  0.265335
 0.711952  0.656934  0.248116   1.39123
        0         0         0         1

-0.491712  0.214959  0.843808  0.844049
 0.498723 -0.724838  0.475273  0.263881
 0.713789  0.654524  0.249207   1.38909
        0         0         0         1

 -0.49268   0.21679  0.842774  0.843768
 0.495711 -0.726061  0.476557  0.262863
 0.715218  0.652563  0.250251   1.38791
        0         0         0         1

-0.493584  0.218077  0.841913  0.843984
 0.493261 -0.727097  0.477519  0.261982
 0.716288  0.650978  0.251315   1.38587
        0         0         0         1

-0.494789  0.219028  0.840958  0.844214
 0.491091 -0.727904  0.478523  0.261193
 0.716947  0.649755  0.252596   1.38373
        0         0         0         1

-0.496574   0.22109  0.839365  0.844057
 0.487036 -0.729471  0.480278   0.26021
 0.718477  0.647295  0.254557   1.38207
        0         0         0         1

-0.500733   0.22645  0.835456  0.843692
 0.479457 -0.731028  0.485508   0.25849
 0.720685  0.643676  0.257476   1.37808
        0         0         0         1

-0.500868  0.228696  0.834763  0.843707
 0.476033 -0.732698  0.486359   0.25779
 0.722858  0.640976  0.258118   1.37668
        0         0         0         1

-0.501588  0.230941  0.833712  0.843291
 0.472495 -0.734144  0.487628  0.256996
 0.724678  0.638513  0.259119   1.37508
        0         0         0         1

-0.501222   0.23206  0.833621  0.843489
  0.47076 -0.735203  0.487711  0.256668
 0.726059  0.636887  0.259255   1.37312
        0         0         0         1

-0.501594  0.235675  0.832382  0.842745
 0.465696 -0.737311  0.489386  0.255751
 0.729061  0.633111  0.260078    1.3692
        0         0         0         1

-0.500968  0.238203   0.83204  0.841941
 0.463975 -0.737634  0.490533  0.255199
 0.730587  0.631788  0.259011   1.36692
        0         0         0         1

-0.500959  0.238287  0.832021  0.841122
 0.463453 -0.738041  0.490416  0.254848
 0.730925  0.631281  0.259293   1.36499
        0         0         0         1

-0.499337   0.24015   0.83246  0.840355
 0.462606 -0.738496   0.49053  0.254677
 0.732569  0.630041  0.257663   1.36343
        0         0         0         1

-0.499116  0.240925  0.832369  0.839988
 0.462777 -0.738005  0.491108  0.254694
 0.732612  0.630321  0.256856    1.3616
        0         0         0         1

-0.499021  0.242994  0.831824  0.839783
 0.461286 -0.738111  0.492349    0.2546
 0.733616  0.629402  0.256243   1.36016
        0         0         0         1

-0.499424  0.247121  0.830365   0.83917
 0.457782 -0.738452    0.4951  0.254384
 0.735535  0.627391  0.255673   1.35741
        0         0         0         1

-0.498043  0.249572  0.830462  0.839303
 0.457152 -0.738228  0.496015  0.254659
 0.736862  0.626684  0.253577   1.35615
        0         0         0         1

-0.495333  0.254087  0.830714  0.839121
 0.455508 -0.738295  0.497426  0.254773
 0.739701  0.624789  0.249963   1.35548
        0         0         0         1

-0.492488  0.259474   0.83074    0.8388
 0.454508 -0.737343  0.499748  0.254833
 0.742212  0.623697  0.245199   1.35437
        0         0         0         1

-0.481708  0.275917  0.831761  0.839003
 0.451183 -0.735589  0.505314  0.254826
 0.751259  0.618691   0.22985    1.3544
        0         0         0         1

-0.477932 0.284335 0.831105  0.83917
0.448882 -0.73423 0.509324 0.254689
0.755041  0.61649 0.223279  1.35464
       0        0        0        1

-0.477932 0.284335 0.831105  0.83917
0.448882 -0.73423 0.509324 0.254689
0.755041  0.61649 0.223279  1.35464
       0        0        0        1

-0.477824  0.287444  0.830096  0.839484
 0.445718 -0.734949  0.511063  0.254661
 0.756981  0.614187  0.223058   1.35518
        0         0         0         1

-0.477339  0.288811  0.829901  0.839595
  0.44445 -0.735376  0.511553  0.254689
 0.758031  0.613033  0.222662   1.35545
        0         0         0         1

-0.473987  0.291623  0.830838  0.840067
 0.443357 -0.736188  0.511333  0.255137
  0.76077  0.610723   0.21965   1.35587
        0         0         0         1

-0.471831  0.294256  0.831137  0.839988
  0.44174 -0.736923  0.511674  0.255208
 0.763047   0.60857  0.217718   1.35626
        0         0         0         1

 -0.46807  0.296012  0.832639  0.840261
 0.441747 -0.737676  0.510582  0.255482
 0.765356  0.606804  0.214522   1.35667
        0         0         0         1

-0.463806  0.299312  0.833844  0.840414
 0.440714 -0.738532  0.510236  0.255604
 0.768541  0.604138  0.210625   1.35731
        0         0         0         1

-0.459296 0.303477 0.834835 0.840413
0.440082 -0.73864 0.510626 0.255665
0.771606 0.601924   0.2057  1.35811
       0        0        0        1

-0.447556  0.312362  0.837928   0.84115
 0.439565 -0.739156  0.510324   0.25588
 0.778765  0.596723   0.19351   1.36078
        0         0         0         1

-0.439763  0.317121  0.840264   0.84197
  0.44013 -0.739445  0.509418   0.25617
 0.782876  0.593848  0.185606   1.36272
        0         0         0         1

-0.435196  0.320413  0.841392  0.842145
 0.440342 -0.739382  0.509326  0.256161
 0.785304  0.592157  0.180685    1.3639
        0         0         0         1

-0.424934  0.324096  0.845217  0.843787
 0.442631 -0.740082  0.506316  0.256721
 0.789625  0.589271  0.171031   1.36615
        0         0         0         1

-0.422521  0.325135  0.846028  0.843984
 0.443004 -0.740259  0.505731  0.256745
 0.790711  0.588476  0.168738   1.36677
        0         0         0         1

-0.416626  0.327735  0.847946  0.844293
 0.443703 -0.740797  0.504329  0.256731
 0.793442  0.586353  0.163219   1.36842
        0         0         0         1

-0.403914  0.329481  0.853402  0.846211
 0.448258 -0.741929  0.498604  0.257476
 0.797445  0.583938  0.151983   1.37123
        0         0         0         1

-0.396669  0.331495  0.856017  0.846828
 0.450257 -0.742376  0.496131  0.257654
 0.799951  0.582228   0.14522   1.37287
        0         0         0         1

-0.389446  0.333833  0.858422   0.84751
 0.452807 -0.742204  0.494064  0.257937
 0.802059   0.58111  0.137886   1.37449
        0         0         0         1

-0.379362   0.33646  0.861905  0.848868
 0.455413 -0.742984  0.490484  0.258426
 0.805409  0.578593  0.128631   1.37659
        0         0         0         1

-0.359648  0.344573  0.867135  0.850797
 0.461128 -0.742268   0.48621  0.259181
 0.811181  0.574725  0.108063   1.38031
        0         0         0         1

-0.348891  0.350076  0.869323  0.851946
 0.464017 -0.741397  0.484787  0.259696
 0.814225  0.572519 0.0962255   1.38212
        0         0         0         1

-0.338892  0.356518  0.870659  0.852978
 0.465973 -0.740339  0.484528  0.260043
 0.817326  0.569906 0.0847674   1.38385
        0         0         0         1

-0.329542  0.362244  0.871884  0.854203
 0.467645 -0.739604  0.484039  0.260501
 0.820189  0.567243 0.0743286   1.38567
        0         0         0         1

-0.320785   0.36817  0.872667  0.854886
 0.468218 -0.739266  0.484002  0.260671
 0.823328  0.563858 0.0647613   1.38756
        0         0         0         1

-0.311385  0.371743  0.874555  0.856145
 0.470689 -0.739151  0.481776  0.261256
 0.825525  0.561661 0.0551851   1.38905
        0         0         0         1

-0.298227  0.374139  0.878112  0.857939
 0.474153 -0.740366  0.476483  0.262116
 0.828396   0.55846 0.0433977   1.39217
        0         0         0         1

 -0.29227  0.372849   0.88066   0.85913
 0.476677 -0.741526  0.472141  0.262801
  0.82907  0.557783 0.0389977   1.39346
        0         0         0         1

 -0.28618  0.371511  0.883222   0.85977
 0.479719 -0.742376  0.467704  0.263225
  0.82944  0.557546 0.0342323   1.39484
        0         0         0         1

-0.279608  0.370271  0.885844  0.860472
 0.482588 -0.743424  0.463066  0.263609
 0.830017  0.556975 0.0291793   1.39638
        0         0         0         1

-0.274061  0.367951   0.88854  0.861526
 0.486754 -0.743764  0.458132  0.264273
 0.829434  0.558057 0.0247352   1.39745
        0         0         0         1

-0.268693  0.366295   0.89086  0.862837
 0.489583 -0.744561  0.453804   0.26492
 0.829526  0.558084 0.0207263   1.39885
        0         0         0         1

-0.262107  0.365748  0.893044  0.863563
  0.49502  -0.74342  0.449757   0.26551
 0.828405  0.559959 0.0138025   1.40079
        0         0         0         1

 -0.253638   0.366691   0.895101   0.864287
  0.498908  -0.743187   0.445829   0.266036
  0.828709   0.559652 0.00555514    1.40238
         0          0          0          1

   -0.247675     0.367913     0.896268     0.864642
     0.50118    -0.743045     0.443512      0.26631
    0.829142     0.559039 -0.000356802      1.40347
           0            0            0            1

 -0.239011   0.367342   0.898851   0.865406
  0.507102  -0.742199   0.438164   0.267142
  0.828083   0.560536 -0.0088857    1.40409
         0          0          0          1

-0.220435   0.36752  0.903514  0.865908
 0.516427 -0.741843  0.427753  0.268444
 0.827473   0.56089 -0.026269   1.40613
        0         0         0         1

  -0.21243   0.366295   0.905926   0.866103
  0.520055  -0.742508   0.422167   0.269311
  0.827295   0.560812 -0.0327628    1.40716
         0          0          0          1

 -0.207604   0.363765   0.908061   0.865984
  0.523952  -0.742548   0.417249   0.270185
   0.82606   0.562403 -0.0364397    1.40765
         0          0          0          1

  -0.20255    0.35938   0.910944   0.865638
  0.527735  -0.743533   0.410676   0.271431
  0.824906    0.56392 -0.0390544    1.40822
         0          0          0          1

 -0.200391   0.357825   0.912033   0.865223
   0.52881  -0.744159   0.408151    0.27185
  0.824745   0.564082 -0.0400983    1.40877
         0          0          0          1

 -0.196599   0.349963   0.915901   0.864896
  0.531491  -0.746944    0.39949   0.273731
  0.823933   0.565333 -0.0391535     1.4097
         0          0          0          1

 -0.200691   0.339552   0.918928   0.863748
  0.533506  -0.748834   0.393216   0.275091
  0.821642   0.569168 -0.0308687    1.41009
         0          0          0          1

 -0.209612   0.328662   0.920893   0.862922
  0.535062  -0.749735   0.389367   0.276055
  0.818396   0.574351 -0.0187009    1.40991
         0          0          0          1

   -0.21769    0.317984    0.922766    0.862323
   0.536667   -0.750692    0.385292    0.277234
    0.81523    0.579092 -0.00723338     1.41006
          0           0           0           1

  -0.223113    0.310161    0.924132     0.86136
   0.537611   -0.751662    0.382071    0.278134
   0.813139    0.582069 0.000959907     1.41107
          0           0           0           1

  -0.22704   0.299159   0.926799   0.860076
   0.54211  -0.751762   0.375461   0.280412
  0.809055   0.587672 0.00850319    1.41368
         0          0          0          1

 -0.226504   0.297343   0.927514   0.859211
  0.544061  -0.751233   0.373693   0.281442
  0.807894   0.589268 0.00838491    1.41544
         0          0          0          1

 -0.224565   0.296295   0.928321   0.858128
   0.54686  -0.750177   0.371724   0.282885
  0.806545   0.591138 0.00643138    1.41686
         0          0          0          1

   -0.21909    0.297145    0.929357    0.856488
   0.550795   -0.748552    0.369182    0.285022
   0.805372    0.592769 0.000334123     1.41947
          0           0           0           1

  -0.216317    0.297766    0.929808    0.855513
   0.553123     -0.7474    0.368033    0.286081
   0.804526     0.59391 -0.00302568     1.42065
          0           0           0           1

  -0.211062    0.298273    0.930852    0.853762
   0.558555   -0.744709    0.365274    0.288852
   0.802165    0.597028 -0.00942264     1.42293
          0           0           0           1

 -0.204713   0.297748   0.932437   0.851954
  0.566113  -0.741106   0.360939    0.29288
  0.798504   0.601754 -0.0168451    1.42592
         0          0          0          1

 -0.198668   0.296082   0.934273    0.84964
  0.573772  -0.737697   0.355794   0.296916
  0.794554   0.606745 -0.0233265    1.42855
         0          0          0          1

 -0.196101   0.295165   0.935105   0.849187
  0.576494  -0.736707   0.353437   0.298458
  0.793221   0.608391 -0.0256921    1.42938
         0          0          0          1

 -0.190804   0.293771   0.936639   0.847555
  0.581063  -0.735243   0.348974   0.301589
  0.791176   0.610832 -0.0304122    1.43153
         0          0          0          1

 -0.179969   0.292133   0.939292   0.843704
  0.589524  -0.732369    0.34073   0.308122
  0.787447   0.615056 -0.0404156     1.4363
         0          0          0          1

 -0.174831   0.290933   0.940634   0.842001
  0.594072  -0.730687   0.336415   0.311832
  0.785183    0.61762 -0.0450881    1.43869
         0          0          0          1

 -0.170565   0.290559   0.941532   0.839784
  0.597696  -0.729159   0.333297    0.31541
  0.783369   0.619599 -0.0492971    1.44149
         0          0          0          1

 -0.167624   0.289609   0.942353   0.837634
   0.60219  -0.726747   0.330464   0.319305
  0.780557   0.622869 -0.0525799    1.44418
         0          0          0          1

-0.165105   0.28901  0.942981   0.83545
 0.606193 -0.724453  0.328172  0.323285
 0.777991  0.625812 -0.055585     1.447
        0         0         0         1

 -0.163265   0.288351   0.943503   0.831739
  0.611774  -0.720681   0.326115   0.329098
     0.774   0.630454 -0.0587439    1.45204
         0          0          0          1

 -0.162807   0.286739   0.944073   0.827889
  0.618001  -0.716255    0.32412   0.335549
  0.769135   0.636207 -0.0605938    1.45744
         0          0          0          1

 -0.163147   0.285086   0.944515   0.825444
  0.621987   -0.71341   0.322767    0.33989
  0.765843   0.640135 -0.0609289    1.46157
         0          0          0          1

 -0.165273   0.283339   0.944671   0.822275
  0.626999  -0.709175   0.322401   0.344319
  0.761286   0.645593 -0.0604454    1.46541
         0          0          0          1

 -0.165597   0.281667   0.945114   0.819672
  0.631453  -0.705851      0.321    0.34905
  0.757525   0.649952 -0.0609732    1.47007
         0          0          0          1

 -0.16596   0.27862  0.945954  0.815233
 0.642381 -0.697264  0.318072  0.359335
   0.7482   0.66045 -0.063262   1.47939
        0         0         0         1

 -0.167095   0.277429   0.946104   0.812924
   0.64816  -0.692183   0.317445   0.364806
  0.742945   0.666271 -0.0641576    1.48453
         0          0          0          1

 -0.168363   0.278126   0.945674   0.810599
  0.653619  -0.686631   0.318308   0.370307
  0.737859   0.671702 -0.0661858    1.48964
         0          0          0          1

 -0.168862   0.278881   0.945363   0.808885
  0.658657  -0.681606   0.318723   0.376161
  0.733251    0.67649 -0.0685895    1.49564
         0          0          0          1

 -0.17017  0.280646  0.944606  0.806673
 0.663971 -0.675659  0.320355  0.382034
 0.728138  0.681706 -0.071364   1.50134
        0         0         0         1

 -0.170737    0.28268   0.943897   0.804824
  0.669028  -0.670019   0.321676   0.388189
   0.72336   0.686416 -0.0747239    1.50749
         0          0          0          1

 -0.171397   0.288252    0.94209   0.800917
  0.679367  -0.657946   0.324912   0.400587
    0.7135   0.695714 -0.0830592    1.52092
         0          0          0          1

 -0.172892   0.290037   0.941269   0.797509
  0.693412  -0.642854   0.325451   0.413302
  0.699491   0.708955 -0.0899708    1.53301
         0          0          0          1

 -0.172961   0.290127   0.941228   0.797251
  0.694693  -0.641498   0.325395   0.414463
  0.698202   0.710146 -0.0905952    1.53415
         0          0          0          1

 -0.173532   0.290096   0.941133   0.795593
  0.703411   -0.63233    0.32461   0.422966
  0.689275   0.718333 -0.0943271    1.54275
         0          0          0          1

 -0.176106   0.287144    0.94156   0.793571
  0.719035  -0.615738   0.322266   0.438174
  0.672291   0.733767 -0.0980315    1.55572
         0          0          0          1

 -0.182257   0.284911   0.941067   0.791522
  0.731072  -0.600751   0.323467    0.45257
  0.657507   0.746943 -0.0987994    1.56809
         0          0          0          1

  -0.18363   0.284714    0.94086   0.791057
  0.732783  -0.598332   0.324081   0.455067
  0.655217   0.748957 -0.0987615    1.57044
         0          0          0          1

-0.186392   0.28344  0.940702  0.790873
 0.740214 -0.589071  0.324158  0.464668
 0.646019  0.756741 -0.100008   1.57764
        0         0         0         1

-0.190609   0.28454  0.939524  0.789955
 0.746413 -0.579619  0.326971  0.473816
 0.637602  0.763596 -0.101903   1.58539
        0         0         0         1

-0.197376  0.286401  0.937559  0.788807
 0.759132 -0.560482  0.331027  0.492992
 0.620291  0.777068 -0.106791   1.60005
        0         0         0         1

-0.199244  0.286874  0.937019   0.78904
 0.767033 -0.549446  0.331315  0.504859
 0.609887  0.784737 -0.110568   1.60894
        0         0         0         1

-0.202255  0.287152  0.936289  0.787865
 0.782539 -0.527447  0.330805  0.526923
 0.588834   0.79959 -0.118029   1.62555
        0         0         0         1

-0.202255  0.287152  0.936289  0.787865
 0.782539 -0.527447  0.330805  0.526923
 0.588834   0.79959 -0.118029   1.62555
        0         0         0         1

-0.204785  0.286372  0.935978  0.787365
 0.790402 -0.515655  0.330704  0.538898
 0.577346  0.807522 -0.120751   1.63361
        0         0         0         1

-0.209163    0.2854  0.935306  0.788001
 0.804979 -0.492799  0.330391  0.564156
 0.555212  0.822007 -0.126666   1.65048
        0         0         0         1

  -0.2136  0.287514  0.933654  0.787367
 0.811064  -0.48055  0.333537  0.576835
 0.544564  0.828497 -0.130547   1.65829
        0         0         0         1

-0.217009  0.288651  0.932517  0.787955
 0.817331  -0.46859  0.335251  0.590028
 0.533739  0.834927 -0.134235   1.66652
        0         0         0         1

-0.225575  0.291165  0.929698  0.788503
 0.826455 -0.448093  0.340859   0.61278
 0.515838  0.845243 -0.139556   1.68001
        0         0         0         1

-0.226588  0.291623  0.929308   0.78916
 0.828739  -0.44355  0.341255  0.618023
 0.511712  0.847479 -0.141176    1.6828
        0         0         0         1

-0.244736  0.294006   0.92394  0.786819
 0.837167 -0.416651  0.354334  0.647248
 0.489137   0.86021 -0.144162   1.70097
        0         0         0         1

-0.249062  0.295294  0.922371  0.787681
 0.842128 -0.404332  0.356841  0.660669
 0.478318  0.865631 -0.147972   1.70779
        0         0         0         1

-0.263721   0.29551  0.918218  0.785913
 0.849948 -0.378926  0.366063  0.689157
 0.456113  0.876977 -0.151237    1.7249
        0         0         0         1

 -0.26426  0.295519  0.918061  0.785846
 0.850226 -0.377975  0.366402  0.690232
 0.455282  0.877385 -0.151374   1.72556
        0         0         0         1

-0.267624  0.296369  0.916811  0.787933
 0.855197 -0.365271  0.367716  0.706219
 0.443864  0.882464 -0.155698   1.73445
        0         0         0         1

-0.281113  0.298854  0.911955  0.788458
 0.862472 -0.338056  0.376643  0.738213
 0.420854  0.892415 -0.162721   1.75199
        0         0         0         1

-0.291791    0.2993  0.908448  0.786189
  0.86493 -0.322927  0.384206  0.754255
 0.408355  0.897852 -0.164646   1.76018
        0         0         0         1

-0.296256  0.300896  0.906473  0.788277
 0.870555 -0.305343  0.385874  0.773217
 0.392894  0.903453 -0.171487    1.7662
        0         0         0         1

  -0.3096  0.300444  0.902154  0.786294
 0.873959 -0.283886  0.394467  0.797244
 0.374624  0.910572 -0.174685   1.77767
        0         0         0         1

-0.314824   0.30012  0.900452  0.785598
 0.875293 -0.275102   0.39772   0.80647
  0.36708  0.913371 -0.176084    1.7821
        0         0         0         1

-0.321909  0.301019  0.897642   0.78563
 0.877849 -0.260224  0.402076  0.824075
  0.35462  0.917426 -0.180481    1.7897
        0         0         0         1

-0.33703 0.298115  0.89305 0.783293
  0.8824 -0.23074 0.410036 0.858351
0.328301 0.926221 -0.18529  1.80398
       0        0        0        1

-0.347385  0.295822  0.889839  0.787317
 0.887515 -0.202621  0.413838  0.896081
 0.302722  0.933506 -0.192159   1.81781
        0         0         0         1

-0.347385  0.295822  0.889839  0.787317
 0.887515 -0.202621  0.413838  0.896081
 0.302722  0.933506 -0.192159   1.81781
        0         0         0         1

 -0.35658  0.288619  0.888566  0.788238
 0.892584  -0.17567  0.415252  0.928132
 0.275944   0.94119 -0.194976   1.82538
        0         0         0         1

-0.362737   0.28829  0.886178  0.790155
 0.895028 -0.157043  0.417448  0.953609
 0.259514  0.944577 -0.201062   1.83286
        0         0         0         1

 -0.37455  0.281783  0.883352  0.783882
 0.895132 -0.138525  0.423734   0.97442
 0.241768  0.949426 -0.200348   1.83871
        0         0         0         1

-0.380638  0.280347  0.881204  0.783183
  0.89429 -0.130864  0.427924  0.988599
 0.235286  0.950936   -0.2009   1.84732
        0         0         0         1

-0.392725  0.274264  0.877808   0.77662
 0.893238 -0.113377  0.435053   1.00546
 0.218842  0.954948 -0.200457   1.85148
        0         0         0         1

 -0.394694   0.275947   0.876396   0.778244
  0.895347 -0.0986786   0.434299    1.02404
  0.206325   0.956094  -0.208121    1.85459
         0          0          0          1

 -0.398201     0.2702     0.8766   0.775383
  0.897117 -0.0846416    0.43361    1.04289
  0.191358   0.959076  -0.208697      1.858
         0          0          0          1

 -0.401334   0.272529   0.874448   0.779558
  0.899896 -0.0605375   0.431881    1.08055
  0.170637   0.960241  -0.220952    1.86719
         0          0          0          1

 -0.409106   0.271151   0.871269   0.774747
   0.89909 -0.0432319   0.435624    1.10483
  0.155786   0.961566  -0.226102    1.87226
         0          0          0          1

 -0.414591   0.271438   0.868582   0.771937
  0.898032 -0.0323043   0.438743    1.11693
  0.147151   0.961914  -0.230367    1.87201
         0          0          0          1

 -0.408769   0.272368   0.871047   0.775829
  0.902893 -0.0184121   0.429471    1.13724
  0.133012   0.962017  -0.238392    1.87165
         0          0          0          1

   -0.408583     0.273065     0.870917     0.771573
    0.905309 -0.000114278     0.424753      1.17232
    0.116085     0.961996    -0.247161       1.8808
           0            0            0            1

 -0.413421   0.270813   0.869335   0.761435
   0.90407 0.00847192   0.427301    1.18798
  0.108354   0.962595  -0.248336    1.88513
         0          0          0          1

-0.407914  0.274788  0.870688  0.761767
 0.908015 0.0223724   0.41834   1.20736
0.0954756  0.961245 -0.258638   1.88265
        0         0         0         1

