 0.402544 -0.298054  0.865518  0.625771
-0.889957 -0.348797  0.293797   1.08497
 0.214322 -0.888541 -0.405662   2.03326
        0         0         0         1

 0.394993 -0.297985  0.869014  0.625695
-0.892462 -0.348855  0.286028   1.07622
 0.217928 -0.888541 -0.403735   2.02328
        0         0         0         1

  0.39139 -0.297048  0.870963  0.617269
-0.895564 -0.340598  0.286282   1.05368
 0.211609 -0.892051 -0.399332   2.01962
        0         0         0         1

 0.384319 -0.300298  0.872995  0.620378
-0.899836 -0.333243  0.281504   1.04091
 0.206384 -0.893739 -0.398291    2.0172
        0         0         0         1

 0.377583 -0.294854  0.877777  0.613425
-0.907135 -0.308038  0.286739   1.00011
 0.185842  -0.90453 -0.383782   2.01041
        0         0         0         1

 0.373572  -0.28873  0.881521  0.612391
-0.910232 -0.297147  0.288413  0.985169
 0.178668 -0.910131 -0.373817   2.00707
        0         0         0         1

 0.374067  -0.27165  0.886724  0.604479
  -0.9108 -0.287713  0.296082    0.9655
 0.174691 -0.918383 -0.355042   1.99613
        0         0         0         1

 0.372674 -0.261656  0.890309   0.60316
-0.912067 -0.280101  0.299462  0.952282
  0.17102 -0.923623 -0.343034   1.99077
        0         0         0         1

 0.363891 -0.237511  0.900651  0.600044
-0.916575 -0.263378  0.300869  0.921591
 0.165752 -0.934998 -0.313537   1.97396
        0         0         0         1

 0.357441 -0.232572  0.904514   0.60109
-0.919747  -0.25584  0.297677  0.910731
 0.162179 -0.938326 -0.305355   1.96632
        0         0         0         1

 0.350902 -0.220786  0.910012  0.595603
-0.923768  -0.24078  0.297789  0.890868
 0.153365 -0.945134 -0.288445   1.95959
        0         0         0         1

 0.348671 -0.218905  0.911323  0.593171
-0.926496 -0.227342  0.299868  0.874735
  0.14154 -0.948892 -0.282082   1.95804
        0         0         0         1

 0.337736 -0.216078  0.916103   0.59423
-0.931319 -0.217663  0.292006  0.859938
 0.136306 -0.951805  -0.27475   1.94848
        0         0         0         1

 0.332626 -0.214502   0.91834  0.591972
-0.934453 -0.206223  0.290293  0.846447
 0.127114 -0.954705 -0.269037   1.94389
        0         0         0         1

 0.322856 -0.203258  0.924365  0.586242
-0.940835 -0.175136  0.290098  0.812891
 0.102924 -0.963335 -0.247776   1.92906
        0         0         0         1

 0.321947 -0.195983  0.926251  0.584101
-0.941857 -0.165716  0.292308  0.800829
0.0962076 -0.966503 -0.237939   1.92123
        0         0         0         1

 0.318632 -0.189088  0.928827  0.583973
 -0.94422 -0.149332  0.293511  0.785584
0.0832039 -0.970539 -0.226123    1.9141
        0         0         0         1

 0.317157 -0.176728  0.931761  0.580131
-0.944641 -0.145939  0.293861  0.775369
0.0840472  -0.97338  -0.21323   1.90163
        0         0         0         1

 0.308544 -0.163234  0.937099  0.579666
-0.949068 -0.118907  0.291772  0.746698
0.0638005 -0.979396 -0.191609   1.88315
        0         0         0         1

 0.307519 -0.159064  0.938153  0.577204
-0.950031 -0.106858  0.293295  0.734635
0.0535968 -0.981468 -0.183977   1.87712
        0         0         0         1

  0.301729  -0.159523   0.939953   0.579241
 -0.952693 -0.0882455   0.290842   0.720394
 0.0365506  -0.983242  -0.178603    1.87039
         0          0          0          1

  0.300008  -0.158869   0.940615   0.576726
 -0.953608 -0.0758291   0.291345   0.708341
 0.0250404  -0.984383  -0.174248    1.86525
         0          0          0          1

  0.299775  -0.153956   0.941505   0.570896
 -0.953939 -0.0604298   0.293852   0.692107
 0.0116546  -0.986228   -0.16498    1.85479
         0          0          0          1

    0.2973  -0.154589   0.942186   0.570477
 -0.954775 -0.0523564   0.292682   0.682616
0.00408403  -0.986591  -0.163163    1.84687
         0          0          0          1

  0.293793  -0.147697   0.944389    0.56583
 -0.955599 -0.0219174   0.293853   0.656936
-0.0227026   -0.98879  -0.147578    1.82796
         0          0          0          1

   0.29017  -0.145372   0.945869   0.566818
 -0.956505 -0.0130675   0.291425   0.649788
-0.0300048  -0.989291  -0.142841    1.81866
         0          0          0          1

  0.294756  -0.136595   0.945759   0.561879
 -0.954525 0.00423656     0.2981    0.63557
-0.0447258  -0.990618  -0.129135     1.8074
         0          0          0          1

 0.293337 -0.136654  0.946192  0.562482
-0.954424 0.0151075  0.298071  0.627934
-0.055027 -0.990504 -0.125994   1.80047
        0         0         0         1

 0.289279 -0.137554   0.94731  0.563258
-0.953275 0.0486332  0.298162  0.607606
-0.0870841   -0.9893 -0.117058   1.78412
        0         0         0         1

 0.287705 -0.138238   0.94769   0.56294
-0.952811 0.0587373  0.297828  0.600452
-0.0968358 -0.988656 -0.114815   1.77661
        0         0         0         1

 0.282164 -0.141096  0.948934  0.564427
-0.952917 0.0732825  0.294244  0.592285
-0.111057  -0.98728 -0.113775   1.76707
        0         0         0         1

 0.280493 -0.144414   0.94893  0.564544
-0.952128 0.0833357  0.294121  0.585765
-0.121555 -0.986002 -0.114126   1.76062
        0         0         0         1

 0.280131 -0.143718  0.949143  0.562023
-0.950163 0.0993975  0.295483  0.575615
-0.136809 -0.984614 -0.108712   1.75129
        0         0         0         1

 0.275352 -0.146559  0.950106  0.563494
-0.950221  0.108409  0.292108   0.57056
-0.145811 -0.983244 -0.109413   1.74389
        0         0         0         1

 0.274438 -0.148452  0.950077  0.560668
-0.946072  0.135182  0.294404  0.554998
-0.172138 -0.979637 -0.103348   1.72545
        0         0         0         1

 0.270786 -0.151908  0.950578  0.562593
-0.944984   0.14631  0.292574  0.549913
-0.183523 -0.977506 -0.103932   1.71976
        0         0         0         1

    0.2685  -0.150629    0.95143   0.563998
 -0.943391    0.15855   0.291333   0.544313
 -0.194733  -0.975793 -0.0995314     1.7089
         0          0          0          1

  0.270648  -0.149831   0.950947   0.562416
 -0.940482   0.169748   0.294415   0.537647
 -0.205533  -0.974031 -0.0949711    1.70288
         0          0          0          1

  0.265258  -0.143849   0.953386   0.563679
  -0.93733   0.193242   0.289948   0.526454
 -0.225943  -0.970549 -0.0835752     1.6848
         0          0          0          1

  0.264862  -0.138987   0.954217    0.56299
 -0.935787   0.201752   0.289133    0.52209
 -0.232701  -0.969525 -0.0766262    1.67725
         0          0          0          1

   0.26498  -0.133916    0.95491   0.561575
  -0.93297   0.214601   0.288987   0.515402
 -0.243624  -0.967478 -0.0680751    1.66775
         0          0          0          1

  0.261898  -0.128028   0.956566   0.562336
 -0.932722   0.220988   0.284947   0.512919
 -0.247871  -0.966837 -0.0615382    1.65874
         0          0          0          1

  0.257469  -0.122116   0.958539   0.563911
 -0.931504   0.232388   0.279814   0.509363
 -0.256922  -0.964927 -0.0539193    1.64854
         0          0          0          1

  0.259416  -0.118492   0.958469   0.562191
 -0.928335   0.243025   0.281305   0.504596
 -0.266265  -0.962756 -0.0469554    1.64194
         0          0          0          1

  0.258331  -0.106964   0.960116   0.562893
 -0.923235   0.265283   0.277962   0.496962
 -0.284434  -0.958219 -0.0302218    1.62272
         0          0          0          1

  0.257924  -0.102212   0.960744   0.563087
 -0.921417   0.273097    0.27642   0.494044
  -0.29063  -0.956541 -0.0237415    1.61546
         0          0          0          1

  0.255571 -0.0982488   0.961785   0.563786
 -0.918733   0.285069   0.273251   0.490487
 -0.301021  -0.953458 -0.0174091    1.60653
         0          0          0          1

  0.254445 -0.0942512   0.962483   0.564092
 -0.917247   0.291859   0.271067   0.488633
 -0.306457  -0.951806 -0.0121896    1.59877
         0          0          0          1

   0.246739  -0.0869308    0.965175    0.565045
  -0.913404     0.31187    0.261593    0.483533
  -0.323749    -0.94614 -0.00245256     1.58197
          0           0           0           1

    0.2443 -0.0839108   0.966062   0.564994
 -0.912118   0.318307   0.258306   0.481613
 -0.329179  -0.944267 0.00122586    1.57466
         0          0          0          1

  0.241302 -0.0778389   0.967323   0.565759
 -0.910485   0.326794    0.25342   0.479857
 -0.335842  -0.941885   0.007985    1.56426
         0          0          0          1

  0.239695 -0.0755003   0.967908   0.565039
 -0.908576   0.333865   0.251044   0.477797
 -0.342105  -0.939592   0.011428    1.55785
         0          0          0          1

  0.239119 -0.0704229   0.968433   0.564958
 -0.906113   0.342267    0.24862   0.475628
 -0.348971   -0.93696  0.0180313    1.54788
         0          0          0          1

  0.238284 -0.0688249   0.968754   0.565231
 -0.903909   0.349102   0.247136    0.47427
 -0.355203  -0.934554   0.020974     1.5419
         0          0          0          1

  0.237219 -0.0648268   0.969291   0.565818
 -0.897959    0.36608   0.244245   0.470681
 -0.370672  -0.928323  0.0286292    1.52628
         0          0          0          1

  0.237482 -0.0636701   0.969303   0.565367
 -0.895879   0.371376   0.243887   0.469657
 -0.375504  -0.926297  0.0311543    1.52016
         0          0          0          1

  0.237873 -0.0615098   0.969347   0.565193
 -0.893444   0.377633    0.24321   0.468492
 -0.381017   -0.92391  0.0348731    1.51148
         0          0          0          1

  0.236412 -0.0613602   0.969714   0.565855
 -0.891792   0.382528    0.24162   0.468013
 -0.385768  -0.921904  0.0357135    1.50587
         0          0          0          1

 0.235928  -0.05797   0.97004  0.565176
-0.888274  0.391952  0.239464  0.466131
-0.394091 -0.918157 0.0409791   1.49032
        0         0         0         1

 0.235843  -0.05635  0.970156  0.564805
-0.886783  0.395854  0.238568   0.46526
-0.397484 -0.916583 0.0433892   1.48526
        0         0         0         1

  0.234091 -0.0527422   0.970783   0.565435
 -0.885737   0.400117   0.235321   0.465249
 -0.400838  -0.914945   0.046948    1.47818
         0          0          0          1

  0.233079 -0.0500292    0.97117   0.565859
 -0.884599   0.403913   0.233109   0.465101
  -0.40393  -0.913428  0.0498876    1.47347
         0          0          0          1

  0.231741 -0.0458595   0.971696   0.566521
 -0.882954   0.409318   0.229895   0.465004
 -0.408276  -0.911239   0.054364    1.46767
         0          0          0          1

  0.233266 -0.0420916   0.971502   0.565959
  -0.88193   0.411686   0.229596   0.464001
 -0.409617  -0.910353  0.0589105    1.46296
         0          0          0          1

  0.234456 -0.0324726   0.971584   0.565647
 -0.879279   0.419172   0.226191   0.463489
 -0.414606  -0.907326  0.0697248     1.4525
         0          0          0          1

   0.23356 -0.0290501   0.971908    0.56627
 -0.879454   0.420036   0.223897   0.463829
  -0.41474  -0.907043  0.0725553    1.44802
         0          0          0          1

   0.23312 -0.0244722    0.97214   0.566221
 -0.879523   0.421156   0.221512   0.464215
 -0.414843  -0.906658   0.076656    1.44166
         0          0          0          1

  0.232524 -0.0236123   0.972304   0.566157
 -0.878806   0.423209   0.220441   0.464012
 -0.416693  -0.905724  0.0776555    1.43883
         0          0          0          1

  0.232864 -0.0218907   0.972263   0.565189
 -0.877253   0.426791   0.219717   0.462945
 -0.419763  -0.904085  0.0801803    1.43124
         0          0          0          1

 0.231648 -0.022476   0.97254  0.565383
-0.876394  0.429091  0.218664   0.46306
-0.422223 -0.902981 0.0797003   1.42948
        0         0         0         1

  0.230118 -0.0219519   0.972915   0.565825
 -0.875519   0.431804   0.216824   0.463152
 -0.424868    -0.9017  0.0801467    1.42683
         0          0          0          1

  0.232334 -0.0207489   0.972415   0.564396
 -0.874932   0.432266   0.218267    0.46229
 -0.424871  -0.901507  0.0822765    1.42379
         0          0          0          1

  0.232161 -0.0206171   0.972459   0.565173
 -0.874543   0.433203   0.217969   0.462431
 -0.425766  -0.901061  0.0825422    1.42089
         0          0          0          1

  0.234353 -0.0201261   0.971943   0.563804
 -0.873588   0.434289   0.219631   0.461466
 -0.426524  -0.900549  0.0841951    1.41921
         0          0          0          1

  0.236142 -0.0185793   0.971541   0.563707
 -0.873349   0.434287   0.220581   0.461533
 -0.426026  -0.900583  0.0863271    1.41305
         0          0          0          1

  0.237612 -0.0195659   0.971163   0.562814
 -0.872543   0.435057   0.222248   0.460751
 -0.426859  -0.900191  0.0863024    1.41207
         0          0          0          1

  0.238286 -0.0201619   0.970986   0.563029
  -0.87222   0.435276   0.223087   0.460774
 -0.427144  -0.900071  0.0861346     1.4099
         0          0          0          1

  0.239016 -0.0212822   0.970782   0.562563
 -0.871489   0.436202   0.224131   0.460198
 -0.428227  -0.899597  0.0857119     1.4091
         0          0          0          1

   0.24008 -0.0233716   0.970472   0.562244
 -0.870552   0.437164    0.22589   0.459324
 -0.429535  -0.899078  0.0846082    1.40785
         0          0          0          1

  0.241117 -0.0257522   0.970154   0.561219
 -0.869549   0.438198   0.227744    0.45841
 -0.430984   -0.89851  0.0832639    1.40741
         0          0          0          1

  0.240668 -0.0279017   0.970206   0.560819
 -0.868936   0.439186   0.228177   0.458131
 -0.432468  -0.897963  0.0814531    1.40495
         0          0          0          1

  0.241783 -0.0279356   0.969928   0.559922
 -0.868873   0.438764   0.229229   0.457652
 -0.431973  -0.898168   0.081813    1.40315
         0          0          0          1

  0.241892 -0.0276057    0.96991   0.559083
 -0.868965   0.438596     0.2292   0.457078
 -0.431726   -0.89826  0.0821047    1.40158
         0          0          0          1

  0.241298 -0.0263679   0.970093   0.558896
 -0.869789   0.437463   0.228239   0.457491
 -0.430398   -0.89885  0.0826244    1.39972
         0          0          0          1

  0.240069 -0.0251393    0.97043   0.557546
 -0.870196   0.437503   0.226606   0.456534
 -0.430263  -0.898865  0.0831547    1.39875
         0          0          0          1

  0.238321 -0.0244581   0.970878   0.558149
 -0.870687   0.437484   0.224748    0.45701
  -0.43024  -0.898894  0.0829662    1.39814
         0          0          0          1

  0.23769 -0.024411  0.971034  0.557258
-0.870807  0.437548  0.224156  0.456304
-0.430346 -0.898863 0.0827437   1.39753
        0         0         0         1

  0.237306 -0.0244929   0.971126   0.556586
 -0.870927   0.437465   0.223854   0.455998
 -0.430317  -0.898902  0.0824816    1.39716
         0          0          0          1

  0.236511 -0.0254727   0.971295   0.556001
 -0.870666   0.438164   0.223499   0.455492
  -0.43128  -0.898534  0.0814526    1.39749
         0          0          0          1

   0.23598 -0.0259166   0.971412   0.555613
 -0.870623   0.438407   0.223192   0.455276
 -0.431658  -0.898403  0.0808917    1.39713
         0          0          0          1

  0.235734 -0.0266278   0.971453   0.553324
   -0.8707   0.438201   0.223296   0.454088
 -0.431638  -0.898482  0.0801142    1.39543
         0          0          0          1

  0.235379 -0.0264443   0.971544   0.552943
 -0.870865    0.43807   0.222911   0.454143
 -0.431499  -0.898552  0.0800828    1.39438
         0          0          0          1

 0.234062  -0.02597  0.971875  0.553026
-0.871512  0.437458   0.22158  0.454903
-0.430909 -0.898864 0.0797589   1.39322
        0         0         0         1

   0.23371 -0.0263827   0.971948   0.552027
  -0.87162   0.437305   0.221455   0.454605
 -0.430881  -0.898926  0.0792068    1.39305
         0          0          0          1

  0.22882 -0.029247  0.973029  0.551167
-0.871761  0.438664   0.21819  0.454895
-0.433215 -0.898175 0.0748788   1.39356
        0         0         0         1

  0.226896 -0.0317811     0.9734   0.550739
 -0.871405   0.439724   0.217478   0.454994
  -0.43494   -0.89757  0.0720775    1.39375
         0          0          0          1

  0.225489 -0.0347804   0.973625    0.54964
 -0.871146   0.440234   0.217482   0.454985
 -0.436186  -0.897209   0.068969    1.39366
         0          0          0          1

  0.224989 -0.0366389   0.973672   0.548319
 -0.870371   0.441639   0.217737   0.454526
  -0.43799  -0.896444  0.0674744    1.39386
         0          0          0          1

  0.224064 -0.0374943   0.973853   0.546768
 -0.870049   0.442528   0.217219    0.45412
 -0.439101  -0.895971  0.0665328    1.39325
         0          0          0          1

  0.221117 -0.0364876   0.974565   0.547212
 -0.870751   0.442651   0.214135   0.455195
 -0.439205  -0.895952  0.0661058    1.39274
         0          0          0          1

  0.215668 -0.0380392   0.975725    0.54597
 -0.870828   0.444563   0.209814   0.455417
 -0.441752   -0.89494  0.0627525    1.39247
         0          0          0          1

  0.214586 -0.0392733   0.975915   0.545151
 -0.870292   0.445851   0.209304   0.455224
 -0.443333  -0.894245  0.0614942    1.39235
         0          0          0          1

  0.209864 -0.0394334   0.976935   0.545143
 -0.871088   0.446233   0.205138   0.455722
  -0.44403  -0.894048  0.0592982    1.39198
         0          0          0          1

  0.208071 -0.0398282   0.977303   0.544291
 -0.870759   0.447566   0.203627   0.455571
 -0.445518  -0.893364  0.0584446    1.39202
         0          0          0          1

  0.206217 -0.0407754   0.977656   0.541238
 -0.870182   0.449293   0.202286   0.455111
 -0.447502  -0.892453  0.0571699    1.39066
         0          0          0          1

  0.206022 -0.0423219   0.977632   0.540026
 -0.869198   0.451009   0.202695   0.454619
 -0.449499  -0.891515  0.0561317    1.39069
         0          0          0          1

  0.204961 -0.0427124   0.977838   0.539003
 -0.868606   0.452533   0.201833   0.454759
 -0.451125  -0.890724  0.0556516    1.38973
         0          0          0          1

  0.202966 -0.0431476   0.978235    0.53909
 -0.868679   0.453111   0.200221   0.455811
 -0.451888  -0.890409  0.0544847    1.38908
         0          0          0          1

  0.202906 -0.0446903   0.978178    0.53808
 -0.867483   0.455167    0.20074   0.455999
 -0.454205  -0.889284  0.0535882    1.38848
         0          0          0          1

  0.201659 -0.0459005    0.97838   0.537382
 -0.866674   0.456998   0.200075   0.456458
 -0.456301  -0.888283  0.0523769    1.38799
         0          0          0          1

  0.196603 -0.0490413   0.979256   0.536593
 -0.866314   0.459047   0.196917    0.45816
 -0.459182  -0.887057  0.0477647    1.38684
         0          0          0          1

  0.196449 -0.0496737   0.979255   0.535266
  -0.86564   0.460279   0.197005   0.458041
 -0.460517  -0.886383  0.0474221    1.38692
         0          0          0          1

  0.192928 -0.0520861   0.979829    0.53437
 -0.866666   0.459176   0.195055   0.458911
 -0.460074  -0.886817  0.0434468    1.38633
         0          0          0          1

  0.188196 -0.0568712   0.980484   0.534548
 -0.867173   0.459058   0.193074   0.459605
 -0.461079  -0.886584  0.0370757     1.3869
         0          0          0          1

  0.183898 -0.0605807   0.981077   0.532612
 -0.867598   0.459131   0.190978   0.459544
 -0.462012  -0.886301  0.0318736    1.38686
         0          0          0          1

  0.182985 -0.0581121   0.981397   0.532058
  -0.86852   0.458177   0.189069   0.459809
 -0.460641  -0.886959   0.033368    1.38622
         0          0          0          1

  0.181074 -0.0557715   0.981887   0.531609
 -0.868888   0.458618   0.186285   0.460004
 -0.460701  -0.886881  0.0345845    1.38597
         0          0          0          1

   0.18091 -0.0528947   0.982076   0.531208
 -0.869142   0.458734   0.184813   0.460159
 -0.460287  -0.886998  0.0370164     1.3855
         0          0          0          1

  0.179853 -0.0505123   0.982396   0.530572
 -0.869654   0.458573   0.182792   0.460341
 -0.459734   -0.88722  0.0385478    1.38471
         0          0          0          1

  0.178696 -0.0510416   0.982579   0.530616
 -0.869276   0.459616   0.181966   0.460216
 -0.460897   -0.88665  0.0377625    1.38539
         0          0          0          1

  0.176425 -0.0524664   0.982915   0.530651
 -0.868587   0.461478   0.180537   0.460696
 -0.463066  -0.885599  0.0358447    1.38626
         0          0          0          1

  0.176144 -0.0535743   0.982905   0.530898
 -0.868279   0.461963   0.180782   0.460757
 -0.463751   -0.88528  0.0348544    1.38623
         0          0          0          1

  0.177602 -0.0559308   0.982512   0.530232
 -0.867273   0.462929   0.183124   0.460256
 -0.465075  -0.884629  0.0337099    1.38615
         0          0          0          1

  0.178026 -0.0568763   0.982381    0.53001
 -0.867009   0.463104   0.183931   0.460431
 -0.465406  -0.884477  0.0331323    1.38562
         0          0          0          1

  0.178969 -0.0603282   0.982003   0.530184
 -0.865689   0.464617   0.186314   0.460289
 -0.467495  -0.883454  0.0309267    1.38488
         0          0          0          1

   0.18125 -0.0623274    0.98146    0.52977
 -0.864259   0.466109   0.189206   0.459672
  -0.46926  -0.882529  0.0306152    1.38478
         0          0          0          1

  0.182055 -0.0638649   0.981212   0.530096
 -0.862549   0.468723   0.190546   0.459456
 -0.472085  -0.881034  0.0302468    1.38494
         0          0          0          1

  0.182938 -0.0640247   0.981037   0.530365
 -0.861861   0.469654   0.191366   0.459222
    -0.473  -0.880526  0.0307374    1.38499
         0          0          0          1

  0.184603 -0.0670971    0.98052    0.53022
 -0.860031   0.471838   0.194206   0.458536
 -0.475678  -0.879128  0.0293971    1.38546
         0          0          0          1

 0.183186 -0.069015  0.980653   0.53073
-0.860135  0.471784  0.193876  0.458465
-0.476037 -0.879009  0.027062   1.38553
        0         0         0         1

  0.184203 -0.0810779   0.979539   0.530123
 -0.858177   0.472582   0.200497   0.456621
 -0.479168  -0.877549  0.0174716     1.3863
         0          0          0          1

  0.182043 -0.0855344   0.979563   0.530591
 -0.857793   0.473179   0.200731   0.456393
 -0.480678  -0.876804  0.0127682    1.38677
         0          0          0          1

  0.181431 -0.0887753   0.979389    0.53105
 -0.858316   0.471787   0.201767   0.456132
 -0.479975  -0.877232 0.00939926    1.38676
         0          0          0          1

  0.181771 -0.0905937   0.979159   0.531137
 -0.857494   0.472783   0.202928   0.455544
 -0.481314  -0.876509 0.00825479    1.38713
         0          0          0          1

  0.181541 -0.0917375   0.979095   0.531811
  -0.85694   0.473641    0.20327    0.45464
 -0.482387  -0.875927 0.00737186    1.38745
         0          0          0          1

  0.180566 -0.0910419    0.97934   0.532161
   -0.8567   0.474586   0.202072   0.454585
 -0.483179  -0.875488 0.00769841    1.38772
         0          0          0          1

  0.180209 -0.0894537   0.979552    0.53248
 -0.856096   0.476138   0.200978   0.454261
  -0.48438  -0.874809  0.0092235    1.38793
         0          0          0          1

  0.177612 -0.0876996   0.980185   0.533832
 -0.855843   0.477905    0.19784   0.454947
 -0.485785  -0.874023 0.00982459    1.38844
         0          0          0          1

  0.177742 -0.0859088    0.98032   0.533805
 -0.855025   0.479687   0.197062   0.454532
 -0.487176  -0.873224  0.0118067    1.38854
         0          0          0          1

  0.177755 -0.0851436   0.980384   0.533597
 -0.854551   0.480683   0.196686   0.454184
 -0.488001  -0.872751  0.0126844    1.38829
         0          0          0          1

  0.176611 -0.0825414   0.980814   0.533124
  -0.85352   0.483449   0.194375   0.453464
 -0.490217  -0.871473  0.0149317      1.388
         0          0          0          1

   0.17507 -0.0808425   0.981231   0.533575
  -0.85347   0.484411   0.192185   0.453692
 -0.490856  -0.871097  0.0158091    1.38776
         0          0          0          1

   0.17314 -0.0817982   0.981495    0.53389
 -0.852687   0.486276   0.190945   0.453777
 -0.492897  -0.869968  0.0144458     1.3878
         0          0          0          1

  0.170909 -0.0844099   0.981664   0.534102
 -0.851797   0.488099   0.190269   0.453974
  -0.49521  -0.868697  0.0115203    1.38836
         0          0          0          1

  0.170009 -0.0918202   0.981155   0.534191
 -0.846557   0.496036   0.193107   0.454001
 -0.504419  -0.863434 0.00659945    1.39032
         0          0          0          1

  0.171892 -0.0914739    0.98086   0.534465
 -0.844682   0.498667   0.194533   0.454449
 -0.506917  -0.861953 0.00845068     1.3909
         0          0          0          1

   0.17602 -0.0891107   0.980345   0.534915
 -0.842189   0.501968   0.196841   0.455324
 -0.509642  -0.860284  0.0133081    1.39173
         0          0          0          1

  0.179723 -0.0881171   0.979763   0.535284
 -0.840531     0.5037   0.199484   0.456168
 -0.511085  -0.859373  0.0164612    1.39223
         0          0          0          1

  0.183967 -0.0879156   0.978993   0.536372
 -0.839248   0.504432   0.203006   0.458035
 -0.511683  -0.858964  0.0190159    1.39316
         0          0          0          1

   0.18697 -0.0899987   0.978234   0.536966
 -0.837583   0.505732   0.206615   0.459105
 -0.513319  -0.857983  0.0191754    1.39495
         0          0          0          1

  0.193822 -0.0921703   0.976697    0.53865
 -0.837086    0.50363   0.213644   0.463705
 -0.511586  -0.858988    0.02046    1.39776
         0          0          0          1

   0.19622 -0.0909048   0.976337   0.539083
 -0.838174   0.501188   0.215117    0.46556
 -0.508884   -0.86055   0.022149    1.39832
         0          0          0          1

  0.198611 -0.0899543   0.975942   0.539608
 -0.839422   0.498382   0.216765   0.468331
  -0.50589  -0.862278  0.0234745    1.40055
         0          0          0          1

  0.199168 -0.0896707   0.975854   0.540119
 -0.840407   0.496549   0.217151   0.470268
 -0.504032  -0.863364  0.0235368    1.40338
         0          0          0          1

   0.20085 -0.0890962   0.975562   0.539256
 -0.843234   0.491153   0.218462   0.474594
 -0.498614  -0.866505  0.0235193    1.40919
         0          0          0          1

  0.200841 -0.0875757   0.975701   0.539503
 -0.844773   0.488813   0.217764   0.477328
 -0.496006  -0.867982  0.0241921    1.41172
         0          0          0          1

  0.203147 -0.0841049   0.975529   0.538816
 -0.846968   0.484815   0.218173    0.48013
 -0.491301  -0.870563  0.0272544    1.41478
         0          0          0          1

  0.204677 -0.0803753   0.975524   0.538547
 -0.849084   0.481269   0.217801   0.482374
 -0.486995   -0.87288  0.0302592    1.41709
         0          0          0          1

  0.207947 -0.0749464   0.975265   0.537889
  -0.85233   0.475285   0.218259   0.485907
 -0.479887  -0.876634   0.034955    1.42026
         0          0          0          1

  0.209795 -0.0749453   0.974869   0.536832
 -0.853413   0.472539   0.219984   0.487821
 -0.477151  -0.878117  0.0351769    1.42377
         0          0          0          1

  0.210937 -0.0751067    0.97461   0.537352
 -0.857538   0.464346   0.221383   0.495771
 -0.469184  -0.882463  0.0335411    1.43293
         0          0          0          1

  0.213533 -0.0760468   0.973971   0.536347
 -0.858424   0.461337   0.224222   0.498181
 -0.466381   -0.88396  0.0332304    1.43702
         0          0          0          1

  0.216734 -0.0781769   0.973095   0.535294
 -0.859598    0.45719   0.228185    0.50127
 -0.462729  -0.885926   0.031888     1.4436
         0          0          0          1

  0.217805 -0.0795233   0.972747   0.535378
 -0.861933   0.451886   0.229935   0.504755
 -0.457856  -0.888524  0.0298792    1.44754
         0          0          0          1

    0.2231 -0.0877014   0.970842    0.53275
 -0.865245   0.440898   0.238662   0.511293
 -0.448973  -0.893262  0.0224809    1.46106
         0          0          0          1

  0.224799 -0.0899538   0.970244   0.531774
 -0.867818   0.434337   0.241336   0.514157
 -0.443122  -0.896248  0.0195749    1.46601
         0          0          0          1

   0.22672 -0.0920421   0.969601   0.530582
  -0.87205   0.424157   0.244174   0.518532
 -0.433737  -0.900899  0.0158993    1.47239
         0          0          0          1

    0.2283 -0.0929896    0.96914   0.529664
 -0.875203    0.41646   0.246131   0.521899
 -0.426496  -0.904386  0.0136929    1.47746
         0          0          0          1

  0.229948 -0.0970272   0.968354   0.528382
  -0.87807   0.408385   0.249428   0.525386
 -0.419663  -0.907638 0.00871061    1.48683
         0          0          0          1

  0.230881  -0.100359   0.967792   0.527512
 -0.880926   0.400761   0.251716   0.528751
 -0.413115   -0.91067 0.00411911    1.49369
         0          0          0          1

   0.232043   -0.109319    0.966543    0.525172
  -0.887344    0.383264    0.256378    0.536664
  -0.398468   -0.917147 -0.00806968     1.51384
          0           0           0           1

   0.233943   -0.108718    0.966153    0.524301
  -0.891543    0.372423    0.257785    0.540318
  -0.387843   -0.921673 -0.00980109      1.5193
          0           0           0           1

  0.232881  -0.107125   0.966587     0.5243
 -0.897257   0.359685    0.25604    0.54634
 -0.375095  -0.926904 -0.0123548    1.52946
         0          0          0          1

   0.23361  -0.104852    0.96666   0.523725
 -0.901185   0.349945   0.255744   0.550096
 -0.365093  -0.930884 -0.0127409    1.53716
         0          0          0          1

   0.23903 -0.0999119   0.965858   0.520719
 -0.910345   0.323022   0.258706    0.55936
 -0.337841  -0.941103 -0.0137425    1.55672
         0          0          0          1

  0.237302 -0.0985223   0.966427   0.521747
 -0.915265    0.31071   0.256415   0.564855
 -0.325541  -0.945385 -0.0164419    1.56499
         0          0          0          1

  0.238315  -0.101615   0.965857   0.521444
 -0.918642   0.299106   0.258133   0.570186
 -0.315124  -0.948794 -0.0220663    1.57979
         0          0          0          1

  0.240431  -0.101624   0.965332   0.520846
 -0.922146    0.28658   0.259844   0.574902
 -0.303051  -0.952651 -0.0248096    1.58838
         0          0          0          1

  0.239584  -0.105236   0.965155   0.522779
 -0.927209   0.269983   0.259602   0.582712
 -0.287895  -0.957097 -0.0328927    1.60172
         0          0          0          1

  0.241694  -0.106456   0.964495    0.52228
 -0.929767   0.259051   0.261584   0.586796
   -0.2777  -0.959979 -0.0363682     1.6124
         0          0          0          1

 0.248354 -0.105389  0.962919  0.522076
-0.937818  0.222724  0.266256  0.601158
-0.242525 -0.969168 -0.043521   1.63551
        0         0         0         1

  0.252754  -0.105298   0.961784   0.521653
 -0.939191   0.212128   0.270041   0.605647
 -0.232456  -0.971552 -0.0452791    1.64679
         0          0          0          1

    0.2582  -0.101812   0.960712   0.520957
 -0.941724   0.195412   0.273806   0.612707
 -0.215611  -0.975422 -0.0454232    1.66177
         0          0          0          1

  0.262102  -0.100845   0.959757    0.52121
 -0.943571   0.181831   0.276787   0.618612
 -0.202426  -0.978145 -0.0474962    1.67216
         0          0          0          1

  0.271064  -0.103647   0.956965   0.522785
 -0.946771   0.150633   0.284491   0.633374
 -0.173637  -0.983141 -0.0572984    1.70256
         0          0          0          1

  0.274483  -0.103481   0.956008   0.523991
 -0.948368    0.13518   0.286922   0.641677
 -0.158924  -0.985402 -0.0610338    1.71308
         0          0          0          1

  0.277616  -0.104437   0.954998   0.526576
 -0.950614   0.113746   0.288781    0.65294
 -0.138786  -0.988005 -0.0677017    1.72656
         0          0          0          1

  0.282693  -0.105803   0.953358   0.526754
 -0.950867  0.0998986   0.293041   0.659714
 -0.126244  -0.989356 -0.0723635    1.73773
         0          0          0          1

   0.28726  -0.113042   0.951159   0.530615
 -0.951314  0.0821556   0.297071   0.670899
 -0.111725  -0.990188 -0.0839389    1.75601
         0          0          0          1

   0.29164  -0.115025   0.949587   0.531556
 -0.951782  0.0638799   0.300052   0.679762
-0.0951729  -0.991307 -0.0908484     1.7663
         0          0          0          1

 0.304707 -0.121763  0.944631  0.536279
-0.950304 0.0276086  0.310096  0.701777
-0.0638382 -0.992175   -0.1073   1.79826
        0         0         0         1

  0.30959 -0.124582  0.942674   0.53757
-0.949554 0.0116436  0.313388  0.711175
-0.0500184 -0.992141 -0.114692   1.80988
        0         0         0         1

  0.315283  -0.126766   0.940493   0.539658
 -0.948507 -0.0102173   0.316592   0.724407
-0.0305239   -0.99188   -0.12346    1.82589
         0          0          0          1

  0.322684  -0.127385   0.937895   0.538641
 -0.946363 -0.0261492   0.322046   0.732703
-0.0164987  -0.991509  -0.128991    1.83663
         0          0          0          1

  0.329582  -0.140582   0.933602   0.547188
 -0.944022 -0.0638476   0.323646   0.758992
 0.0141095  -0.988008  -0.153755    1.87207
         0          0          0          1

  0.330983  -0.146724    0.93216   0.550619
  -0.94316 -0.0828242   0.321852    0.77167
  0.029982  -0.985704  -0.165798    1.88266
         0          0          0          1

 0.339692 -0.148313   0.92877  0.549418
-0.939146 -0.107178  0.326372  0.786616
 0.051139 -0.983116 -0.175695   1.89776
        0         0         0         1

 0.340789 -0.152418  0.927702   0.55339
-0.937736 -0.125626  0.323835  0.799748
0.0671853 -0.980299  -0.18574   1.90818
        0         0         0         1

 0.348754 -0.161182   0.92325  0.555662
-0.933744 -0.144455  0.327499  0.814517
0.0805812 -0.976296 -0.200882   1.92846
        0         0         0         1

 0.350732 -0.165302  0.921771  0.558908
-0.931377 -0.164145  0.324951  0.828653
 0.097589 -0.972487 -0.211529   1.93788
        0         0         0         1

 0.361308  -0.17913  0.915079  0.566674
-0.923511 -0.204285  0.324647  0.862161
 0.128783 -0.962383 -0.239238   1.96809
        0         0         0         1

 0.367039 -0.184211  0.911783  0.568315
-0.919442 -0.220529  0.325567  0.876333
 0.141102 -0.957827 -0.250314   1.97838
        0         0         0         1

  0.36781  -0.19454  0.909324  0.576894
-0.916254 -0.242734  0.318683  0.898272
 0.158727 -0.950386 -0.267528   1.99264
        0         0         0         1

  0.37455 -0.197938  0.905833  0.575987
-0.911744 -0.256298  0.320989  0.909385
 0.168627 -0.946114 -0.276465   2.00377
        0         0         0         1

 0.394972 -0.209668  0.894448   0.57836
-0.898072 -0.293245  0.327833  0.944497
 0.193556 -0.932763  -0.30412   2.03087
        0         0         0         1

  0.39682 -0.217032  0.891869   0.58447
-0.894738 -0.308341  0.323063  0.960966
 0.204885 -0.926187 -0.316543   2.03993
        0         0         0         1

  0.40463 -0.218926  0.887889  0.584922
-0.886882 -0.330675  0.322637  0.981871
 0.222969 -0.918001 -0.327962   2.05078
        0         0         0         1

 0.406781 -0.224102  0.885612  0.588893
-0.882496 -0.346923  0.317562  0.999797
 0.236073 -0.910727 -0.338891   2.05706
        0         0         0         1

 0.411107 -0.229978    0.8821  0.591927
 -0.87615 -0.366864  0.312686   1.02169
   0.2517   -0.9014 -0.352315   2.06607
        0         0         0         1

 0.416647 -0.242079  0.876244  0.595092
-0.873817 -0.372464  0.312593   1.03402
 0.250697 -0.895918 -0.366719    2.0813
        0         0         0         1

 0.423145  -0.25904  0.868243  0.601745
-0.859298 -0.418608  0.293894   1.08148
 0.287324  -0.87044 -0.399725   2.08485
        0         0         0         1

 0.429762 -0.273856  0.860411  0.607457
-0.859161 -0.417144  0.296367   1.09224
 0.277753 -0.866599 -0.414559   2.10469
        0         0         0         1

 0.432726 -0.284285  0.855529  0.609412
-0.853705 -0.434183  0.287528     1.115
 0.289717 -0.854791 -0.430577   2.10919
        0         0         0         1

 0.439998 -0.292163  0.849142  0.610793
-0.848588 -0.444616  0.286733   1.13193
 0.293769 -0.846733 -0.443556   2.11243
        0         0         0         1

 0.441717 -0.306519  0.843168  0.618871
 -0.84313 -0.463034  0.273369   1.15764
 0.306623 -0.831652 -0.462965   2.11462
        0         0         0         1

 0.449455 -0.311539  0.837218  0.617587
-0.840133 -0.465932  0.277641   1.16904
  0.30359 -0.828161  -0.47115   2.12693
        0         0         0         1

