 0.275455 -0.207351  0.938685  0.420572
-0.915343 -0.354923  0.190204   1.08271
 0.293722 -0.911611 -0.287562   1.98123
        0         0         0         1

 0.270862 -0.204721  0.940597   0.41496
-0.919376 -0.344591  0.189751   1.06771
 0.285276 -0.916158 -0.281552     1.979
        0         0         0         1

 0.253928 -0.204794  0.945294  0.404966
-0.932375 -0.311804  0.182907   1.03144
 0.257288 -0.927813  -0.27012   1.97512
        0         0         0         1

 0.252072 -0.201333  0.946533  0.398179
-0.936578 -0.296852  0.186279   1.01495
 0.243477 -0.933458 -0.263392   1.97323
        0         0         0         1

 0.237938 -0.201473  0.950155  0.396681
-0.940738 -0.291193  0.173834   1.00444
 0.241655 -0.935209  -0.25882   1.95837
        0         0         0         1

  0.22965 -0.199495  0.952608  0.394161
-0.943748 -0.284897  0.167851  0.993497
 0.237909 -0.937569   -0.2537    1.9488
        0         0         0         1

 0.224075 -0.193632  0.955143  0.388806
-0.947587  -0.27232  0.167096   0.97725
 0.227749 -0.942523 -0.244503    1.9409
        0         0         0         1

 0.215401 -0.192185  0.957427  0.388833
 -0.95177 -0.260682  0.161801  0.966465
 0.218488 -0.946103 -0.239067   1.93623
        0         0         0         1

   0.2043 -0.179832  0.962248  0.381526
-0.961316 -0.222376  0.162543  0.934377
 0.184751 -0.958232 -0.218307   1.92433
        0         0         0         1

 0.200628 -0.172611  0.964341  0.374807
-0.963525 -0.212727  0.162381  0.922579
 0.177112 -0.961745 -0.208994   1.91659
        0         0         0         1

 0.195533 -0.167048  0.966365  0.369415
-0.967774 -0.192311  0.162575  0.905944
 0.158685 -0.967012 -0.199268   1.91041
        0         0         0         1

 0.183486  -0.16365  0.969305  0.370461
-0.970973 -0.184083  0.152723  0.899516
 0.153439 -0.969192 -0.192677   1.90047
        0         0         0         1

 0.167833 -0.156695  0.973282  0.363263
-0.978642 -0.145373  0.145353  0.870724
 0.118713  -0.97689 -0.177746   1.88624
        0         0         0         1

 0.160449 -0.152038  0.975264     0.361
-0.980865 -0.134949  0.140333  0.861706
 0.110275 -0.979119 -0.170781   1.87739
        0         0         0         1

 0.152307 -0.155424  0.976036  0.359305
-0.983652 -0.119843  0.134412  0.850113
  0.09608 -0.980551 -0.171136   1.86965
        0         0         0         1

 0.149188 -0.154188  0.976713   0.35727
-0.984941  -0.11045  0.133008  0.841009
0.0873699 -0.981849 -0.168343   1.86174
        0         0         0         1

  0.140123  -0.148425   0.978946   0.355366
 -0.987211 -0.0968531   0.126621   0.830275
 0.0760203  -0.984169  -0.160098    1.84881
         0          0          0          1

  0.141561  -0.143256   0.979509    0.34961
 -0.987916 -0.0835245   0.130561   0.818975
 0.0631094  -0.986155  -0.153349    1.84315
         0          0          0          1

  0.128018  -0.140453   0.981776    0.34674
 -0.991142 -0.0533951     0.1216   0.797742
  0.035343  -0.988647  -0.146044    1.82637
         0          0          0          1

  0.124942  -0.139347    0.98233   0.344761
 -0.991829 -0.0432667   0.120012   0.790514
 0.0257789  -0.989298  -0.143614    1.81802
         0          0          0          1

  0.118842  -0.136373   0.983503   0.342952
 -0.992871 -0.0254023   0.116452   0.780022
0.00910236  -0.990332  -0.138419    1.80955
         0          0          0          1

  0.111185  -0.136242   0.984417   0.344172
 -0.993792 -0.0112349   0.110689    0.77314
-0.00402069  -0.990612  -0.136645    1.80363
         0          0          0          1

0.0991245 -0.128962  0.986683  0.341693
-0.994754 0.0123375  0.101548  0.758363
-0.025269 -0.991573 -0.127063   1.77974
        0         0         0         1

0.0950302 -0.129573  0.987006  0.340334
-0.994718 0.0262891 0.0992239  0.750044
-0.0388042 -0.991221  -0.12639   1.77578
        0         0         0         1

0.0900684  -0.12818  0.987653  0.337204
-0.994333 0.0446536 0.0964729  0.739078
-0.0564681 -0.990745 -0.123432   1.76851
        0         0         0         1

0.0866013 -0.125927  0.988252   0.33542
-0.994226 0.0521673 0.0937721  0.733858
-0.0633629 -0.990667 -0.120682    1.7593
        0         0         0         1

0.0793179 -0.124865  0.988998  0.335502
-0.993897  0.066397 0.0880937  0.727101
-0.0766663  -0.98995 -0.118837   1.75074
        0         0         0         1

0.0750418 -0.117226  0.990266   0.33456
-0.993624 0.0750096 0.0841757  0.722241
-0.084147 -0.990268  -0.11085   1.74124
        0         0         0         1

 0.0646511  -0.103129   0.992565   0.333696
 -0.992106   0.100454  0.0750585   0.709847
 -0.107447  -0.989583 -0.0958201     1.7211
         0          0          0          1

0.0652613 -0.100076  0.992837   0.32986
 -0.99035  0.115413 0.0767312  0.701866
-0.122265 -0.988263 -0.091578   1.71652
        0         0         0         1

 0.0574928 -0.0941591   0.993896   0.329593
 -0.989496   0.126891  0.0692596    0.69586
 -0.132638  -0.987437 -0.0858747    1.70551
         0          0          0          1

 0.0461895 -0.0926051   0.994631   0.334064
 -0.989111   0.135042  0.0585062   0.694967
 -0.139735  -0.986503 -0.0853592      1.699
         0          0          0          1

 0.0343514 -0.0845177    0.99583   0.331122
 -0.985195   0.164592  0.0479538   0.682724
 -0.167959  -0.982734 -0.0776125    1.68491
         0          0          0          1

 0.0273184 -0.0780328   0.996576   0.330719
 -0.984876   0.168532  0.0401939   0.680143
 -0.171091  -0.982603 -0.0722486    1.67528
         0          0          0          1

 0.0140144  -0.073008   0.997233   0.331358
 -0.983409   0.179387  0.0269532   0.676767
 -0.180859  -0.981066 -0.0692827    1.66431
         0          0          0          1

 0.0105867 -0.0684942   0.997595   0.327815
 -0.981966   0.187616  0.0233024    0.67221
 -0.188761  -0.979851 -0.0652727    1.65625
         0          0          0          1

-0.000168466 -0.0667495    0.99777   0.327888
 -0.980284   0.197166  0.0130246   0.669587
 -0.197596  -0.978095 -0.0654666    1.64582
         0          0          0          1

-0.0120967 -0.0686578   0.997567   0.330552
  -0.97849   0.206282 0.00233201   0.668848
  -0.20594  -0.976081 -0.0696763    1.64053
         0          0          0          1

 -0.0222421  -0.0650693    0.997633    0.327741
  -0.973733    0.227589 -0.00686505    0.660796
  -0.226604   -0.971581  -0.0684222     1.62312
          0           0           0           1

 -0.0234827  -0.0633154    0.997717    0.326991
  -0.971425    0.237217 -0.00781002    0.656997
  -0.236181   -0.969391  -0.0670767     1.61678
          0           0           0           1

-0.0301302 -0.0595339   0.997771   0.327008
 -0.968186   0.249823 -0.0143306    0.65394
 -0.248413   -0.96646 -0.0651671    1.60942
         0          0          0          1

-0.0366666 -0.0575622   0.997668   0.328236
 -0.966146   0.257165 -0.0206705   0.652565
 -0.255375  -0.964652 -0.0650428    1.60343
         0          0          0          1

-0.0390803 -0.0563065   0.997648   0.326459
 -0.962983   0.268617 -0.0225618   0.649006
 -0.266715    -0.9616 -0.0647198    1.59626
         0          0          0          1

-0.0413401 -0.0555088   0.997602   0.325351
  -0.96053   0.277107  -0.024385   0.646109
 -0.275089  -0.959234 -0.0647734    1.59065
         0          0          0          1

-0.0505866 -0.0430229   0.997793   0.325838
 -0.957194    0.28718 -0.0361457   0.644142
 -0.284991   -0.95691 -0.0557088    1.57042
         0          0          0          1

-0.0537124 -0.0448401   0.997549   0.325899
 -0.954375   0.296174 -0.0380746   0.642139
 -0.293741  -0.954081 -0.0587025    1.56794
         0          0          0          1

-0.0576276 -0.0428459   0.997418   0.325578
  -0.95086   0.306791 -0.0417589   0.639183
  -0.30421  -0.950812 -0.0584201     1.5626
         0          0          0          1

-0.0584565  -0.040694    0.99746   0.324326
 -0.949644   0.310366  -0.042992   0.637011
 -0.307828  -0.949746 -0.0567878    1.55702
         0          0          0          1

-0.0582987 -0.0326362   0.997766   0.322628
 -0.945067   0.323817 -0.0446278   0.632474
 -0.321637  -0.945557 -0.0497215    1.54309
         0          0          0          1

 -0.062507 -0.0326568    0.99751   0.323872
 -0.942913    0.32952 -0.0482979   0.632191
 -0.327122  -0.943584 -0.0513898    1.53981
         0          0          0          1

-0.0677805 -0.0297782   0.997256   0.325746
 -0.940441   0.335657 -0.0538962   0.632107
 -0.333131  -0.941514 -0.0507556    1.53348
         0          0          0          1

-0.0660558 -0.0289445   0.997396   0.323214
 -0.939365   0.338894 -0.0523778   0.630245
 -0.336495  -0.940379 -0.0495753    1.52819
         0          0          0          1

-0.0667945 -0.0245312   0.997465   0.322756
 -0.938086   0.342104 -0.0544046   0.629396
 -0.339902  -0.939342 -0.0458631    1.51911
         0          0          0          1

-0.0653291 -0.0244227   0.997565   0.321296
  -0.93684   0.345736 -0.0528879   0.627572
 -0.343602  -0.938014 -0.0454668    1.51488
         0          0          0          1

-0.0721636 -0.0239682   0.997105   0.323082
 -0.932144    0.35727 -0.0588742   0.627251
 -0.354824  -0.933694 -0.0481237    1.50788
         0          0          0          1

-0.0718972  -0.022338   0.997162   0.321727
 -0.931151   0.359815 -0.0590773   0.625433
 -0.357475  -0.932756 -0.0466697    1.50311
         0          0          0          1

-0.0754669  -0.018017   0.996986    0.32314
 -0.928959   0.364656 -0.0637277   0.625666
 -0.362409  -0.930968 -0.0442565    1.49802
         0          0          0          1

-0.0744674 -0.0168352   0.997081   0.321157
 -0.927933   0.367366 -0.0631003    0.62398
 -0.365232  -0.929924 -0.0429788    1.49476
         0          0          0          1

-0.0782528 -0.0064477   0.996913   0.319279
 -0.924996   0.373438 -0.0701924   0.621911
 -0.371832  -0.927633 -0.0351866    1.48434
         0          0          0          1

  -0.081091 -0.00318506    0.996702    0.318671
  -0.922756    0.378239  -0.0738661    0.621046
  -0.376756   -0.925702  -0.0336108     1.48251
          0           0           0           1

-0.0845865 0.00412102   0.996408   0.318888
 -0.921249   0.380704 -0.0797807   0.621356
 -0.379665  -0.924688 -0.0284059    1.47551
         0          0          0          1

-0.0864932 0.00476125   0.996241   0.318226
 -0.919315   0.384958 -0.0816543   0.620651
   -0.3839  -0.922922 -0.0289192    1.47319
         0          0          0          1

-0.0896533 0.00762161   0.995944   0.317799
 -0.915855   0.392313 -0.0854461   0.619639
 -0.391373    -0.9198 -0.0281919    1.47116
         0          0          0          1

-0.0935925  0.0111287   0.995548   0.317953
 -0.915154   0.392831 -0.0904258   0.620086
 -0.392088  -0.919543 -0.0265816    1.46675
         0          0          0          1

-0.0963106 0.00934515   0.995307   0.316689
 -0.911276   0.401399 -0.0919481   0.616914
 -0.400375  -0.915856  -0.030143    1.46175
         0          0          0          1

 -0.100867  0.0072729   0.994873   0.316772
 -0.908984   0.405831 -0.0951261    0.61722
 -0.404442  -0.913919 -0.0343242     1.4615
         0          0          0          1

 -0.104647 0.00830171   0.994475   0.317387
 -0.907773    0.40763 -0.0989264   0.618291
 -0.406199  -0.913109 -0.0351213    1.45652
         0          0          0          1

 -0.103097 0.00684043   0.994648   0.315472
 -0.906745   0.410416 -0.0968081   0.616832
 -0.408881  -0.911873   -0.03611    1.45482
         0          0          0          1

 -0.102624 0.00639523     0.9947   0.313685
 -0.904341   0.415879 -0.0959751   0.614919
 -0.414289  -0.909397 -0.0368955    1.44795
         0          0          0          1

 -0.102992 0.00724127   0.994656   0.313355
 -0.903862    0.41677 -0.0966251   0.614792
 -0.415242  -0.908983 -0.0363789    1.44433
         0          0          0          1

 -0.103041 0.00526181   0.994663   0.312209
 -0.902797   0.419275 -0.0957419   0.613363
 -0.417541  -0.907844  -0.038452    1.44254
         0          0          0          1

 -0.103347 0.00356051   0.994639   0.311599
 -0.901132   0.422976 -0.0951454   0.612569
 -0.421047  -0.906134 -0.0405048    1.44228
         0          0          0          1

   -0.103431 -6.42917e-05     0.994637     0.311627
   -0.898351     0.429236    -0.093391     0.611352
   -0.426927    -0.903193   -0.0444542      1.43906
           0            0            0            1

  -0.103389 -0.00148246     0.99464    0.311735
  -0.897343    0.431503  -0.0926319    0.610921
  -0.429052    -0.90211  -0.0459427     1.43777
          0           0           0           1

  -0.105747 -0.00350022    0.994387    0.312577
  -0.896836    0.432292  -0.0938517    0.611291
  -0.429537   -0.901727  -0.0488529     1.43615
          0           0           0           1

  -0.108019 -0.00243738    0.994146    0.313232
  -0.896382    0.432688   -0.096336    0.612306
   -0.42992    -0.90154  -0.0489236      1.4344
          0           0           0           1

 -0.105841 -0.0020097   0.994381   0.310947
 -0.896549   0.432736 -0.0945528   0.610999
 -0.430114  -0.901519 -0.0476028    1.43117
         0          0          0          1

   -0.106543 -0.000450443     0.994308     0.311438
   -0.895784     0.434046   -0.0957892     0.611016
   -0.431532    -0.900891    -0.046648      1.42961
           0            0            0            1

 -0.105529 0.00234133   0.994413   0.310453
 -0.894606   0.436429 -0.0959648   0.609825
 -0.434216  -0.899736 -0.0439613    1.42417
         0          0          0          1

  -0.10531 0.00361205   0.994433   0.310628
  -0.89441   0.436757 -0.0963042    0.61002
 -0.434674  -0.899572 -0.0427644    1.42194
         0          0          0          1

  -0.10651 0.00128393   0.994311   0.311628
 -0.893592    0.43843 -0.0962876   0.610049
  -0.43606  -0.898764 -0.0455501    1.42329
         0          0          0          1

 -0.106018 0.00452271   0.994354   0.311869
 -0.893738   0.437914 -0.0972822   0.610159
 -0.435881  -0.899006 -0.0423846    1.42218
         0          0          0          1

 -0.109334 0.00603478   0.993987   0.313252
 -0.895425   0.433576  -0.101125   0.611012
 -0.431579  -0.901097 -0.0420009    1.41909
         0          0          0          1

 -0.110054  0.0049856   0.993913   0.312825
 -0.895988    0.43235   -0.10138   0.610313
 -0.430224  -0.901692 -0.0431151    1.41826
         0          0          0          1

 -0.110408 0.00521964   0.993873   0.312079
 -0.896978   0.430169  -0.101903   0.609515
 -0.428065  -0.902733 -0.0428122    1.41636
         0          0          0          1

 -0.111729 0.00534536   0.993724   0.313278
 -0.897101   0.429609  -0.103176   0.609935
 -0.427464  -0.902999 -0.0432046    1.41709
         0          0          0          1

 -0.112712 0.00729646   0.993601   0.313774
 -0.897251   0.428871  -0.104931   0.609623
 -0.426892  -0.903336 -0.0417921    1.41647
         0          0          0          1

 -0.112178 0.00800199   0.993656   0.313616
  -0.89761   0.428155  -0.104783    0.60885
 -0.426278   -0.90367 -0.0408469    1.41571
         0          0          0          1

  -0.11211 0.00766786   0.993666   0.314067
  -0.89734   0.428778  -0.104551   0.607775
 -0.426864  -0.903377 -0.0411895    1.41699
         0          0          0          1

 -0.112078 0.00737802   0.993672   0.314582
  -0.89734   0.428815  -0.104397   0.607545
 -0.426872  -0.903362 -0.0414402    1.41687
         0          0          0          1

 -0.111852 0.00610448   0.993706   0.315264
 -0.897507   0.428645  -0.103657   0.607695
  -0.42658  -0.903452  -0.042466    1.41665
         0          0          0          1

  -0.11103 0.00400687   0.993809   0.315328
 -0.897595   0.428855   -0.10201    0.60729
 -0.426609  -0.903364 -0.0440194    1.41673
         0          0          0          1

   -0.10822 -0.00042953    0.994127    0.314956
  -0.897573    0.429945  -0.0975232     0.60674
  -0.427378   -0.902855   -0.046914     1.41676
          0           0           0           1

 -0.105815 -0.0031779   0.994381   0.315229
 -0.898472   0.428798 -0.0942388     0.6066
 -0.426089  -0.903395 -0.0482286    1.41516
         0          0          0          1

-0.0970139 -0.0194438   0.995093   0.314885
 -0.897536   0.433801 -0.0790265   0.605266
 -0.430136  -0.900799 -0.0595362    1.41485
         0          0          0          1

-0.0963269 -0.0218691   0.995109   0.315689
  -0.89688   0.435475 -0.0772481   0.605278
 -0.431656  -0.899935 -0.0615619    1.41501
         0          0          0          1

-0.0947797 -0.0299525   0.995048   0.316563
 -0.895721   0.438729 -0.0721122   0.605184
 -0.434397   -0.89812 -0.0684117    1.41599
         0          0          0          1

-0.0925929 -0.0312308   0.995214   0.316885
 -0.895679   0.439229 -0.0695488   0.605111
 -0.434955  -0.897832 -0.0686423    1.41627
         0          0          0          1

-0.0894847 -0.0346801   0.995384   0.318008
 -0.897339    0.43646 -0.0654637   0.605319
 -0.432175  -0.899055 -0.0701763    1.41625
         0          0          0          1

-0.0889007 -0.0368758   0.995358    0.31852
 -0.897107   0.437164 -0.0639294   0.605366
 -0.432777  -0.898625 -0.0719457    1.41613
         0          0          0          1

-0.0868432 -0.0390958   0.995455   0.318421
 -0.896458   0.438915 -0.0609686   0.605104
 -0.434537  -0.897678 -0.0731646    1.41617
         0          0          0          1

 -0.083518   -0.04013   0.995698   0.317629
 -0.896703   0.438878 -0.0575262   0.604444
 -0.434682   -0.89765 -0.0726389    1.41575
         0          0          0          1

-0.0876293 -0.0393684   0.995375   0.318685
 -0.896138   0.439492 -0.0615104   0.605391
 -0.435037  -0.897384 -0.0737919    1.41538
         0          0          0          1

-0.0880381 -0.0409408   0.995275   0.318774
 -0.895169    0.44153 -0.0610207   0.605479
 -0.436946  -0.896312 -0.0755205    1.41554
         0          0          0          1

-0.0882352 -0.0422961   0.995201   0.319099
 -0.893623   0.444745 -0.0603276   0.605584
 -0.440059  -0.894658 -0.0770389    1.41597
         0          0          0          1

-0.0870947 -0.0423161   0.995301   0.318858
 -0.893959   0.444203  -0.059341   0.605299
 -0.439605  -0.894926 -0.0765166    1.41585
         0          0          0          1

-0.0854319 -0.0428727   0.995421   0.318408
 -0.893551   0.445262 -0.0575116   0.604806
 -0.440758  -0.894373 -0.0763485    1.41591
         0          0          0          1

-0.0866121 -0.0429954   0.995314   0.318532
 -0.893204   0.445835 -0.0584674   0.605047
 -0.441232  -0.894082 -0.0770184    1.41614
         0          0          0          1

-0.0869748 -0.0425516   0.995301   0.318795
 -0.892612   0.446963 -0.0588924   0.605395
 -0.442357   -0.89354 -0.0768566    1.41651
         0          0          0          1

-0.0868995 -0.0429108   0.995292    0.31871
 -0.892314   0.447595 -0.0586109   0.605422
 -0.442972  -0.893206 -0.0771857    1.41668
         0          0          0          1

-0.0856836 -0.0419594   0.995438   0.318466
 -0.892442   0.447424 -0.0579584   0.605366
 -0.442951  -0.893337 -0.0757832    1.41639
         0          0          0          1

-0.0854015 -0.0415459    0.99548   0.318449
 -0.892136   0.448049 -0.0578366   0.605383
 -0.443621  -0.893043 -0.0753286    1.41628
         0          0          0          1

-0.0847613   -0.03995     0.9956   0.318426
 -0.891509   0.449291 -0.0578709   0.605531
 -0.445002  -0.892492 -0.0736982    1.41625
         0          0          0          1

-0.0847086 -0.0391005   0.995638   0.318468
 -0.890827   0.450613 -0.0580949    0.60555
 -0.446376  -0.891863 -0.0730025    1.41638
         0          0          0          1

-0.0842932 -0.0356661   0.995802   0.318992
 -0.886836   0.458347  -0.058653   0.605903
 -0.454331  -0.888057 -0.0702655    1.41778
         0          0          0          1

-0.0835451 -0.0343174   0.995913   0.319169
 -0.885026   0.461874 -0.0583276   0.606379
 -0.457984  -0.886282 -0.0689591     1.4187
         0          0          0          1

-0.0836327 -0.0320142   0.995982   0.319794
 -0.882447   0.466684 -0.0590983   0.607213
 -0.462917  -0.883844 -0.0672809    1.41989
         0          0          0          1

-0.0799384  -0.030549   0.996332   0.319442
 -0.880711   0.470302 -0.0562417   0.607126
 -0.466859  -0.881976 -0.0645001    1.41999
         0          0          0          1

-0.0756999 -0.0273174   0.996756   0.319903
 -0.878286   0.475112 -0.0536815   0.607705
 -0.472104  -0.879501 -0.0599584    1.41929
         0          0          0          1

-0.0740351 -0.0270464   0.996889   0.319733
 -0.876494   0.478585 -0.0521095   0.607826
 -0.475686  -0.877625 -0.0591381    1.42001
         0          0          0          1

-0.0723071 -0.0295543   0.996944   0.319725
  -0.87595   0.479875 -0.0493057   0.607966
 -0.476952  -0.876839 -0.0605865      1.421
         0          0          0          1

-0.0726545 -0.0304285   0.996893   0.320538
 -0.875947   0.479893 -0.0491919   0.609292
 -0.476905  -0.876799 -0.0615201    1.42258
         0          0          0          1

-0.0683173 -0.0300142   0.997212   0.320945
 -0.875272   0.481489 -0.0454714   0.610183
 -0.478782  -0.875938 -0.0591646    1.42417
         0          0          0          1

-0.0659663 -0.0309645   0.997341   0.320884
 -0.876476   0.479513 -0.0430846   0.610812
 -0.476904  -0.876988 -0.0587714    1.42461
         0          0          0          1

-0.0609416 -0.0379766   0.997419   0.321273
 -0.877485   0.478296 -0.0354027   0.613267
 -0.475717  -0.877377  -0.062472    1.42854
         0          0          0          1

-0.0581931  -0.041851   0.997428   0.321102
 -0.878949   0.475887  -0.031313    0.61403
 -0.473352   -0.87851 -0.0644782    1.42802
         0          0          0          1

-0.0522844 -0.0490616   0.997426   0.320337
 -0.879502   0.475353 -0.0227211    0.61406
 -0.473015  -0.878426 -0.0680034    1.43003
         0          0          0          1

-0.0498698 -0.0537422   0.997309   0.320993
 -0.879217    0.47607 -0.0183105   0.614687
 -0.473805  -0.877764 -0.0709925    1.43375
         0          0          0          1

 -0.0361135  -0.0527292    0.997956    0.320156
  -0.882978     0.46936 -0.00715309    0.616603
  -0.468023   -0.881431  -0.0635089     1.43699
          0           0           0           1

 -0.0332443  -0.0536807    0.998005    0.321319
  -0.884198    0.467091 -0.00432941    0.617999
  -0.465927   -0.882578  -0.0629925     1.44235
          0           0           0           1

  -0.026339  -0.0513762    0.998332    0.320616
  -0.886314    0.463085 0.000447687    0.618681
  -0.462335   -0.884824  -0.0577326     1.44727
          0           0           0           1

 -0.0263252  -0.0479566    0.998502    0.323981
  -0.888546    0.458785 -0.00139148    0.622757
  -0.458031   -0.887252  -0.0546892     1.44982
          0           0           0           1

 -0.0209278    -0.04157    0.998916    0.323994
  -0.892202    0.451637 0.000102816    0.625696
  -0.451152   -0.891233  -0.0465406     1.45276
          0           0           0           1

 -0.016169 -0.0376511    0.99916   0.322979
 -0.895967   0.444115 0.00223639   0.626808
 -0.443827  -0.895178  -0.040915    1.45558
         0          0          0          1

-0.00365841 -0.0287777   0.999579   0.321479
 -0.908342   0.418136 0.00871358   0.631083
 -0.418211  -0.907928 -0.0276697    1.46024
         0          0          0          1

-0.00359472  -0.031476   0.999498   0.321875
 -0.911327   0.411569 0.00968342    0.63333
 -0.411667  -0.910835 -0.0301644    1.46696
         0          0          0          1

-0.00137513 -0.0336276   0.999433   0.320823
 -0.916668   0.399464  0.0121793   0.634897
 -0.399647  -0.916132 -0.0313746     1.4739
         0          0          0          1

-0.00407186 -0.0356129   0.999357   0.322771
 -0.919811   0.392228  0.0102296   0.638611
 -0.392341  -0.919178 -0.0343542    1.48086
         0          0          0          1

-0.000753769 -0.0386257   0.999253   0.321863
  -0.92953   0.368497  0.0135429   0.644159
 -0.368745  -0.928826 -0.0361815    1.49575
         0          0          0          1

-0.00149909 -0.0394285   0.999221   0.322766
 -0.933603   0.358082   0.012729   0.648513
 -0.358305  -0.932857 -0.0373474    1.50305
         0          0          0          1

  0.006128 -0.0433198   0.999042   0.320117
 -0.938109   0.345718   0.020745   0.650209
 -0.346286  -0.937338 -0.0385201    1.51347
         0          0          0          1

0.00936129 -0.0426426   0.999047   0.319432
 -0.942003   0.334806  0.0231174   0.653817
 -0.335473  -0.941322 -0.0370353    1.51966
         0          0          0          1

0.00747766 -0.0420518   0.999087   0.323522
 -0.948184   0.317064   0.020442   0.661337
 -0.317634  -0.947471 -0.0375019    1.52838
         0          0          0          1

 0.0180507 -0.0482515   0.998672   0.320729
 -0.951573   0.305757  0.0319722   0.662493
 -0.306894  -0.950886 -0.0403957    1.53726
         0          0          0          1

 0.0253858 -0.0541163   0.998212   0.321184
 -0.961964   0.270359   0.039121   0.672898
 -0.271993  -0.961237 -0.0451947     1.5577
         0          0          0          1

  0.030109 -0.0578598   0.997871   0.320842
  -0.96565   0.256098  0.0439862   0.676418
 -0.258097  -0.964918 -0.0481615    1.56687
         0          0          0          1

 0.0352344 -0.0639714    0.99733   0.322258
 -0.969789   0.238851   0.049582   0.682716
 -0.241385  -0.968947  -0.053623    1.58315
         0          0          0          1

 0.0379759 -0.0680962   0.996956    0.32367
 -0.973556   0.222387  0.0522745   0.688859
 -0.225269  -0.972578 -0.0578501    1.59316
         0          0          0          1

 0.0490282 -0.0717647   0.996216   0.325463
 -0.981672   0.180445  0.0613112   0.704367
 -0.184162  -0.980964 -0.0616025    1.61962
         0          0          0          1

 0.0540836  -0.076317   0.995616   0.327977
 -0.984113   0.164786  0.0660901   0.710949
 -0.169107  -0.983372 -0.0661924    1.63217
         0          0          0          1

 0.0642811 -0.0770232   0.994955   0.328246
 -0.987351   0.139889  0.0746192   0.718945
 -0.144931  -0.987167 -0.0670567    1.64696
         0          0          0          1

 0.0769235 -0.0720084   0.994433   0.326346
 -0.988729    0.12298  0.0853875   0.723649
 -0.128444  -0.989793 -0.0617367    1.65703
         0          0          0          1

 0.0845285 -0.0695907   0.993988   0.330331
 -0.991038  0.0976768  0.0911161   0.734683
  -0.10343  -0.992782 -0.0607105    1.67433
         0          0          0          1

 0.0938961 -0.0653962   0.993432   0.331054
 -0.991685  0.0820576  0.0991327   0.742227
-0.0880016   -0.99448 -0.0571475    1.68664
         0          0          0          1

  0.113286 -0.0680627   0.991228   0.336089
 -0.992281  0.0428945   0.116351   0.762031
-0.0504374  -0.996759  -0.062678    1.72255
         0          0          0          1

  0.116938 -0.0713537   0.990573    0.34048
 -0.992693   0.021488   0.118736   0.773124
-0.0297577   -0.99722 -0.0683196    1.73365
         0          0          0          1

   0.127913  -0.0688908     0.98939    0.340051
   -0.99177 -0.00332992    0.127989    0.785733
-0.00552265   -0.997619  -0.0687498     1.74821
          0           0           0           1

  0.134133 -0.0722232   0.988328   0.341975
 -0.990909 -0.0201955   0.133007   0.795569
 0.0103535  -0.997184 -0.0742756    1.76039
         0          0          0          1

  0.156423 -0.0841006   0.984103   0.345622
 -0.986596 -0.0601808   0.151676   0.821144
  0.046468  -0.994638  -0.092387    1.79474
         0          0          0          1

   0.16322 -0.0913397   0.982352    0.34992
 -0.984946 -0.0725417   0.156906   0.831385
 0.0569298  -0.993174  -0.101805    1.81065
         0          0          0          1

  0.174393  -0.100826     0.9795   0.353919
 -0.981685 -0.0952784   0.164975   0.847292
 0.0766916  -0.990331  -0.115595     1.8261
         0          0          0          1

 0.182605 -0.109404   0.97708  0.357941
-0.979736  -0.10343   0.17152  0.858604
0.0822948 -0.988601 -0.126074   1.84353
        0         0         0         1

 0.190999 -0.121319  0.974064  0.365098
-0.976845 -0.120943  0.176481  0.876526
 0.096396 -0.985218  -0.14161    1.8631
        0         0         0         1

 0.201038 -0.131263  0.970749  0.370186
-0.974166 -0.130868   0.18405  0.889174
 0.102881 -0.982672 -0.154182   1.88062
        0         0         0         1

 0.221932   -0.1471  0.963902  0.383425
-0.965824 -0.168919  0.196596  0.924029
 0.133902 -0.974591 -0.179562   1.91437
        0         0         0         1

 0.230275 -0.154227  0.960826  0.387766
-0.962242 -0.183341  0.201186  0.937795
 0.145131 -0.970876 -0.190623   1.92573
        0         0         0         1

 0.245144 -0.161629  0.955919  0.388561
-0.956991 -0.198142  0.211917  0.954371
 0.155156 -0.966755 -0.203251   1.94421
        0         0         0         1

 0.245569 -0.175506  0.953359  0.402193
-0.954271 -0.216723  0.205907  0.974176
 0.170477 -0.960327 -0.220701   1.95393
        0         0         0         1

  0.26663 -0.191136  0.944656  0.409888
-0.943436  -0.25217  0.215263   1.01142
  0.19707 -0.948618 -0.247561   1.98109
        0         0         0         1

  0.27369 -0.199068  0.940992  0.414309
-0.939208 -0.266199  0.216856   1.02635
 0.207322 -0.943138 -0.259822   1.98937
        0         0         0         1

 0.280231 -0.223132   0.93364  0.426753
 -0.93704 -0.274728  0.215594   1.04628
 0.208391 -0.935274 -0.286071   2.01252
        0         0         0         1

 0.287673 -0.230161  0.929662  0.428283
-0.932693 -0.287822  0.217353   1.06042
 0.217551 -0.929615 -0.297468   2.02175
        0         0         0         1

 0.293514 -0.245848  0.923801  0.439672
-0.927282 -0.308123  0.212621   1.08746
 0.232372 -0.919032 -0.318409   2.02971
        0         0         0         1

  0.30877 -0.250293  0.917613  0.440268
  -0.9223 -0.314546   0.22455   1.09864
 0.232428 -0.915649 -0.327968   2.04168
        0         0         0         1

 0.331648 -0.259246  0.907084  0.447242
-0.910165 -0.340899  0.235345   1.13828
 0.248212 -0.903648 -0.349015   2.06085
        0         0         0         1

 0.341675 -0.265406  0.901564  0.449678
-0.905261 -0.350685   0.23984   1.15342
  0.25251 -0.898098 -0.360081   2.06753
        0         0         0         1

 0.348716 -0.276427  0.895536   0.46433
-0.902347 -0.357275  0.241088   1.17732
  0.25331 -0.892156 -0.374021   2.07729
        0         0         0         1

