 -0.111593  -0.636796   0.762914  0.0825484
 -0.977917 -0.0661445  -0.198252    1.07986
  0.176709   -0.76819  -0.615353    1.86315
         0          0          0          1

 -0.126548  -0.613842    0.77922  0.0785677
  -0.97614 -0.0626746  -0.207901    1.06693
  0.176456  -0.786937  -0.591264    1.84914
         0          0          0          1

 -0.141355   -0.59618   0.790309  0.0746633
 -0.975792 -0.0506649   -0.21275    1.04698
  0.166878  -0.801251  -0.574586    1.84284
         0          0          0          1

-0.146301 -0.591435  0.792969 0.0713246
-0.977657 -0.035865 -0.207126   1.03107
 0.150941 -0.805554 -0.572974   1.83932
        0         0         0         1

-0.153841 -0.599273  0.785624 0.0625311
 -0.98328 0.0144442 -0.181528   0.99096
0.0974372 -0.800414 -0.591475   1.82203
        0         0         0         1

 -0.15024 -0.613718  0.775099 0.0571819
-0.986824 0.0454635 -0.155281  0.970087
0.0600602 -0.788215 -0.612462   1.82487
        0         0         0         1

-0.137129 -0.631729  0.762964 0.0457397
-0.990456 0.0766631  -0.11454  0.942071
0.0138673 -0.771389 -0.636212   1.81489
        0         0         0         1

 -0.129023  -0.640537   0.757011  0.0394274
 -0.991472  0.0974399 -0.0865366   0.924566
-0.0183332  -0.761721  -0.647646    1.80673
         0          0          0          1

 -0.133414  -0.653295   0.745256   0.034741
 -0.987545   0.150911 -0.0444988   0.892463
-0.0833962  -0.741911  -0.665292    1.78488
         0          0          0          1

 -0.136128  -0.656029   0.742358   0.030487
 -0.985143    0.16883 -0.0314521   0.879333
 -0.104698   -0.73561  -0.669265    1.77652
         0          0          0          1

 -0.142131  -0.662401   0.735543  0.0297548
 -0.980893   0.193982 -0.0148487   0.861726
 -0.132846  -0.723599  -0.677315    1.76516
         0          0          0          1

   -0.15007   -0.666209    0.730509   0.0299686
  -0.976897    0.213628 -0.00586229    0.853351
  -0.152152   -0.714512   -0.682878     1.75373
          0           0           0           1

-0.147803 -0.677903  0.720141    0.0252
-0.971972  0.234163   0.02094  0.836219
-0.182826 -0.696861 -0.693512   1.74437
        0         0         0         1

-0.148292  -0.68355  0.714681 0.0252653
-0.968588  0.246259 0.0345556  0.825273
-0.199617 -0.687107 -0.698597    1.7306
        0         0         0         1

-0.155466 -0.699933  0.697083 0.0274489
 -0.95587  0.284665 0.0726466  0.803304
-0.249283 -0.655027 -0.713301   1.70967
        0         0         0         1

-0.154585  -0.71013  0.686891 0.0267835
-0.950894  0.295639 0.0916416  0.791688
-0.268149 -0.638994 -0.720959   1.70508
        0         0         0         1

-0.148789 -0.717457  0.680527 0.0193744
-0.944617  0.306687  0.116801  0.773304
-0.292508 -0.625459 -0.723353   1.69384
        0         0         0         1

-0.156225 -0.712986  0.683553 0.0241595
-0.940524  0.318752  0.117521  0.771615
-0.301675 -0.624538 -0.720378   1.67885
        0         0         0         1

-0.159918 -0.712708  0.682989 0.0228531
-0.929348  0.341949  0.139226  0.751633
-0.332774  -0.61247 -0.717037   1.66033
        0         0         0         1

-0.166742 -0.704883  0.689446 0.0263286
-0.926304  0.351593  0.135439  0.748282
-0.337873 -0.616053 -0.711562   1.64849
        0         0         0         1

-0.166748 -0.696139  0.698273 0.0240165
-0.923509  0.358374  0.136743  0.737728
-0.345435  -0.62206 -0.702649   1.63718
        0         0         0         1

-0.168145 -0.686123  0.707787 0.0242633
-0.921962  0.363574   0.13342  0.732642
-0.348875 -0.630119 -0.693712   1.62574
        0         0         0         1

-0.170558 -0.673459  0.719279 0.0248369
-0.919895  0.370441  0.128714  0.727624
-0.353134 -0.639708 -0.682693   1.60952
        0         0         0         1

-0.163528 -0.668831  0.725206 0.0216448
-0.918301  0.371839  0.135864   0.71912
 -0.36053  -0.64374 -0.674994   1.60012
        0         0         0         1

-0.150086  -0.66017  0.735968 0.0204951
-0.911412  0.380869  0.155778  0.706055
-0.383148  -0.64739  -0.65885   1.57717
        0         0         0         1

-0.145678 -0.656591  0.740045 0.0214015
-0.907813  0.386055  0.163817  0.702043
-0.393259 -0.647958 -0.652302   1.56733
        0         0         0         1

-0.134239 -0.656536  0.742253 0.0174118
-0.902808  0.389844  0.181549  0.691624
-0.408556 -0.645741 -0.645058   1.55736
        0         0         0         1

-0.133417 -0.657207  0.741808 0.0208025
-0.899413  0.394658  0.187885  0.689911
 -0.41624 -0.642125 -0.643755   1.55153
        0         0         0         1

-0.124881 -0.657464  0.743065 0.0223955
 -0.88993  0.405348  0.209088   0.68237
-0.438668 -0.635165 -0.635717   1.53547
        0         0         0         1

-0.118162 -0.654778  0.746527 0.0224566
-0.888405  0.405552   0.21509  0.679634
-0.443592 -0.637804 -0.629629   1.52521
        0         0         0         1

-0.114213 -0.649048  0.752125 0.0253594
-0.884046  0.411793  0.221112   0.67901
-0.453232 -0.639659  -0.62082   1.51279
        0         0         0         1

-0.107424 -0.645624  0.756062 0.0235033
-0.881926  0.412952  0.227325  0.674807
-0.458984  -0.64237 -0.613754   1.50409
        0         0         0         1

-0.105557 -0.641527  0.759803 0.0253177
-0.880407  0.415523  0.228527  0.673138
-0.462322 -0.644813 -0.608666   1.49324
        0         0         0         1

-0.108085 -0.637213  0.763071 0.0276897
-0.878353  0.420721  0.226916  0.672598
-0.465633 -0.645719 -0.605172   1.48706
        0         0         0         1

 -0.10707 -0.624506  0.773646 0.0256407
-0.877574  0.425103  0.221701  0.667626
-0.467333 -0.655194 -0.593566   1.46932
        0         0         0         1

-0.112341 -0.623094  0.774037 0.0287471
-0.875919  0.429914   0.21895  0.668678
-0.469196 -0.653397 -0.594077   1.46918
        0         0         0         1

-0.112917 -0.621409  0.775307 0.0290012
-0.875654  0.430985  0.217903   0.66568
-0.469553 -0.654296 -0.592805   1.46343
        0         0         0         1

-0.111996 -0.618526  0.777742 0.0284299
-0.876537  0.430195  0.215904  0.665241
-0.468123 -0.657539 -0.590342   1.45475
        0         0         0         1

-0.111317 -0.611444  0.783418 0.0300417
-0.877144  0.431016  0.211765  0.662669
-0.467148 -0.663597 -0.584304   1.44234
        0         0         0         1

-0.110849 -0.611909  0.783122 0.0297039
 -0.87709  0.430787  0.212454  0.659874
-0.467361 -0.663318 -0.584451    1.4415
        0         0         0         1

-0.110846 -0.607831  0.786292 0.0294876
-0.877016  0.431988  0.210306  0.658351
-0.467499 -0.666279 -0.580962   1.43534
        0         0         0         1

-0.116174 -0.604546  0.788053 0.0323823
-0.876882   0.43505  0.204474   0.66079
-0.466457 -0.667275 -0.580657   1.43119
        0         0         0         1

-0.117822 -0.603617   0.78852 0.0304945
-0.876901  0.435871  0.202634  0.657569
-0.466007  -0.66758 -0.580668   1.42722
        0         0         0         1

-0.119624 -0.599143  0.791655 0.0315269
-0.876972  0.437562  0.198641  0.658175
-0.465413 -0.670498 -0.577775   1.42237
        0         0         0         1

-0.126308 -0.590102  0.797387 0.0345565
-0.879315  0.438686  0.185362  0.660567
-0.459185 -0.677742 -0.574295    1.4113
        0         0         0         1

-0.126772 -0.591523   0.79626 0.0332331
-0.878155   0.44022  0.187219   0.65864
-0.461274 -0.675505 -0.575256    1.4118
        0         0         0         1

-0.129073 -0.589392  0.797469 0.0354853
-0.876676  0.443666   0.18601  0.659807
-0.463442 -0.675113 -0.573971   1.40981
        0         0         0         1

-0.125801 -0.586852  0.799861 0.0338823
-0.877488  0.441957  0.186251   0.65814
-0.462806 -0.678438 -0.570554   1.40586
        0         0         0         1

-0.127357 -0.581032  0.803854 0.0348431
-0.877268  0.444141  0.182041  0.658627
-0.462796 -0.682012 -0.566286   1.40149
        0         0         0         1

-0.129126 -0.580542  0.803926 0.0344525
-0.876696  0.445682  0.181028  0.657965
 -0.46339 -0.681423 -0.566509    1.4013
        0         0         0         1

-0.131596 -0.577306  0.805854 0.0340192
-0.876904  0.446905   0.17696  0.657435
-0.462301  -0.68337 -0.565052   1.40116
        0         0         0         1

-0.132982 -0.570727    0.8103 0.0334118
-0.876474  0.449411  0.172696  0.656903
 -0.46272 -0.687242  -0.55999   1.40041
        0         0         0         1

-0.136536 -0.559881  0.817246 0.0335209
-0.877158   0.45172   0.16292    0.6576
-0.460382 -0.694609 -0.552781   1.39806
        0         0         0         1

-0.145523 -0.551227  0.821567 0.0358604
-0.876298  0.457295  0.151602  0.660522
-0.459266 -0.697875 -0.549586   1.39813
        0         0         0         1

-0.147969 -0.544306  0.825734 0.0364007
-0.878107  0.456433  0.143517    0.6615
-0.455009 -0.703847 -0.545497   1.39642
        0         0         0         1

 -0.14948 -0.542052  0.826943 0.0364375
-0.879985  0.454294  0.138717  0.661299
-0.450868 -0.706963 -0.544906   1.39586
        0         0         0         1

-0.147181 -0.541001  0.828043 0.0352002
 -0.88224  0.450306  0.137392   0.65955
-0.447202 -0.710312 -0.543569    1.3952
        0         0         0         1

-0.150237  -0.54126  0.827325 0.0355788
-0.881836  0.451705  0.135382  0.660112
-0.446984 -0.709225 -0.545165   1.39627
        0         0         0         1

-0.148234  -0.54379  0.826026 0.0350507
-0.883668  0.447848  0.136249  0.658345
-0.444024 -0.709736 -0.546916   1.39864
        0         0         0         1

-0.143524 -0.542496  0.827707 0.0336903
-0.884345  0.445724  0.138792  0.656701
-0.444223 -0.712059 -0.543726   1.39837
        0         0         0         1

-0.145241 -0.536773  0.831132 0.0349462
-0.884232  0.447303  0.134363  0.657505
 -0.44389 -0.715399 -0.539598   1.39781
        0         0         0         1

-0.141969 -0.535325   0.83263 0.0342687
-0.883989  0.447072  0.136712  0.656662
-0.445431 -0.716627 -0.536691   1.39828
        0         0         0         1

-0.141634 -0.532483  0.834507  0.034101
-0.883648  0.447997  0.135884  0.656476
-0.446212 -0.718165 -0.533979   1.39988
        0         0         0         1

-0.140309 -0.529473  0.836643 0.0342187
-0.884184  0.447274  0.134777  0.656894
-0.445569 -0.720836 -0.530908   1.40065
        0         0         0         1

-0.133785 -0.521439  0.842736 0.0337397
-0.887063  0.442149  0.132756  0.656876
-0.441839 -0.729799 -0.521702   1.40372
        0         0         0         1

-0.129335  -0.51531  0.847188 0.0332641
-0.888737  0.439166  0.131449  0.656927
-0.439793 -0.735927 -0.514775   1.40417
        0         0         0         1

-0.131428  -0.50879    0.8508 0.0349387
-0.890673  0.437411   0.12399  0.658898
-0.435234 -0.741488 -0.510653   1.40591
        0         0         0         1

-0.125644 -0.509023  0.851533 0.0350805
-0.891268    0.4349  0.128464   0.65937
-0.435723 -0.742804 -0.508319    1.4105
        0         0         0         1

-0.108045 -0.506354   0.85553 0.0333055
-0.894712  0.424675  0.138354  0.657698
-0.433378 -0.750505 -0.498925   1.41819
        0         0         0         1

-0.103261 -0.500394  0.859618 0.0344784
 -0.89757  0.419289  0.136253   0.66011
-0.428609 -0.757497 -0.492435   1.41711
        0         0         0         1

-0.0965933 -0.499688  0.860803 0.0355438
-0.901373  0.410712  0.137269  0.662159
-0.422134 -0.762645 -0.490077   1.41904
        0         0         0         1

-0.0873778 -0.495062  0.864453 0.0350972
-0.904563  0.402934  0.139323  0.662978
-0.417291 -0.769778 -0.483022   1.41986
        0         0         0         1

-0.0801883 -0.496863  0.864116 0.0347697
-0.907891  0.394262  0.142448  0.663207
-0.411466 -0.773101 -0.482712    1.4243
        0         0         0         1

-0.0791823 -0.495167  0.865182 0.0355773
-0.910626   0.38904  0.139317  0.666178
-0.405575 -0.776825 -0.481717   1.42874
        0         0         0         1

-0.0692503 -0.495123  0.866058 0.0339466
-0.919783  0.367832  0.136742  0.666617
-0.386268 -0.787117 -0.480879   1.43603
        0         0         0         1

-0.0738012 -0.500287  0.862709 0.0365143
-0.920431  0.367156  0.134176  0.671373
-0.383875 -0.784161 -0.487577   1.44748
        0         0         0         1

-0.0776071 -0.500139  0.862461 0.0405221
-0.923977  0.361022  0.126213  0.677659
-0.374491 -0.787099 -0.490135   1.45376
        0         0         0         1

-0.0711738 -0.503658  0.860966 0.0366917
-0.927233  0.351561  0.129008  0.675729
-0.367658 -0.789135  -0.49203   1.45869
        0         0         0         1

-0.0606302 -0.510962  0.857462 0.0371351
 -0.93672  0.325861  0.127947  0.681391
 -0.34479 -0.795444 -0.498386   1.47405
        0         0         0         1

-0.0554479 -0.509289  0.858808 0.0384768
-0.942044  0.311719  0.124033  0.684498
-0.330875 -0.802158 -0.497056   1.47556
        0         0         0         1

-0.0507119 -0.515438  0.855425 0.0401024
-0.946863  0.297209  0.122951  0.690479
-0.317614 -0.803735 -0.503121   1.48667
        0         0         0         1

-0.0455826 -0.517692  0.854352 0.0417824
-0.950748  0.284968   0.12195  0.695159
-0.306596 -0.806714 -0.505184   1.49281
        0         0         0         1

-0.0333441 -0.515794  0.856064 0.0391833
-0.957858     0.261  0.119948  0.699403
-0.285301 -0.815988  -0.50276   1.49474
        0         0         0         1

-0.0267523 -0.523881  0.851371 0.0389563
-0.959508  0.252359  0.125136  0.700749
-0.280407  -0.81355 -0.509419   1.50789
        0         0         0         1

-0.0139433 -0.529199  0.848383 0.0391201
-0.967302  0.222027  0.122597  0.712226
-0.253242 -0.818934 -0.514991   1.52958
        0         0         0         1

-0.00681149  -0.52461  0.851315 0.0380679
-0.970418   0.20893  0.120986  0.716736
-0.241336 -0.825307 -0.510514   1.53406
        0         0         0         1

0.0018317 -0.526105  0.850418 0.0379916
-0.974103   0.19134  0.120469  0.721796
-0.226099 -0.828615  -0.51213   1.54668
        0         0         0         1

-0.00321834 -0.525556  0.850753 0.0455419
 -0.97701   0.18301   0.10936  0.734021
-0.213171 -0.830842 -0.514062   1.55528
        0         0         0         1

0.00398051 -0.522315  0.852744 0.0507053
-0.984937  0.145365 0.0936351  0.755882
-0.172866 -0.840272 -0.513868   1.56899
        0         0         0         1

 0.011982 -0.522831  0.852352 0.0499445
-0.986626  0.132398 0.0950824  0.761468
-0.162562 -0.842092 -0.514252   1.57849
        0         0         0         1

 0.016393 -0.522757  0.852324 0.0541558
-0.989814  0.112083 0.0877812  0.773855
-0.141419 -0.845081 -0.515595    1.5886
        0         0         0         1

0.0253834 -0.524545  0.851005 0.0536368
-0.991033 0.0985062 0.0902776  0.779892
-0.131184 -0.845665 -0.517341   1.59787
        0         0         0         1

0.0279995 -0.524486  0.850959 0.0591155
-0.993209 0.0815711 0.0829561  0.794221
-0.112923 -0.847503  -0.51864   1.60999
        0         0         0         1

0.0370095 -0.521284  0.852581 0.0561329
-0.994382 0.0654539 0.0831847  0.799866
-0.0991676  -0.85087 -0.515933    1.6161
        0         0         0         1

 0.044121 -0.510219  0.858912  0.057706
 -0.99761 0.0232557 0.0650603  0.825361
-0.0531696  -0.85973 -0.507974   1.62618
        0         0         0         1

 0.0481687  -0.507649   0.860217  0.0603113
 -0.998303 0.00374602  0.0581117   0.837323
-0.0327227  -0.861556  -0.506607    1.62931
         0          0          0          1

 0.0570631  -0.513322   0.856297  0.0587072
  -0.99821 -0.0139337  0.0581673   0.847469
-0.0179272  -0.858083  -0.513199     1.6471
         0          0          0          1

0.0507905 -0.517076  0.854431 0.0675173
-0.998695 -0.021765 0.0461945  0.863328
-0.00528938 -0.855663 -0.517507   1.65787
        0         0         0         1

 0.0662251  -0.518259   0.852656  0.0641662
 -0.997218 -0.0636703  0.0387533    0.88538
 0.0342046   -0.85285  -0.521034    1.67611
         0          0          0          1

0.0661024 -0.524091  0.849093 0.0685794
-0.996667 -0.075453 0.0310187  0.897755
  0.04781 -0.848313 -0.527332   1.68674
        0         0         0         1

 0.0706104  -0.531801    0.84392  0.0730916
 -0.994805 -0.0997375  0.0203847   0.914538
 0.0733299  -0.840976  -0.536081    1.69857
         0          0          0          1

 0.0647008  -0.536312   0.841536  0.0794459
  -0.99374  -0.111596 0.00528272   0.930616
 0.0910786   -0.83661  -0.540175    1.70599
         0          0          0          1

 0.0596691   -0.54064   0.839135  0.0856389
 -0.991244  -0.131287 -0.0141009   0.951414
  0.117791  -0.830946   -0.54374    1.71213
         0          0          0          1

  0.065909  -0.542706   0.837333  0.0803487
 -0.988172  -0.151944 -0.0206987   0.959392
  0.138461  -0.826065  -0.546302    1.71594
         0          0          0          1

 0.0591531  -0.558197   0.827597  0.0888258
 -0.979548   -0.19218 -0.0596079   0.995459
  0.192321  -0.807145  -0.558149    1.73427
         0          0          0          1

 0.0451026  -0.567539    0.82211  0.0967374
 -0.975726  -0.201565 -0.0856192    1.01279
  0.214301  -0.798292  -0.562854    1.74479
         0          0          0          1

0.0302167 -0.567569  0.822771  0.105694
-0.968504 -0.220164 -0.116306   1.03506
 0.247156 -0.793343 -0.556346   1.75238
        0         0         0         1

0.0316966 -0.560869  0.827297  0.100269
-0.963284 -0.237926 -0.124396   1.04224
 0.266606  -0.79298 -0.547818   1.76017
        0         0         0         1

0.0169091  -0.54357  0.839193 0.0973856
-0.945299 -0.282149  -0.16371   1.06998
 0.325765 -0.790521 -0.518608     1.775
        0         0         0         1

-0.00605418 -0.537986  0.842932  0.107803
-0.935313 -0.295169 -0.195104   1.09309
  0.35377 -0.789586 -0.501398   1.77393
        0         0         0         1

-0.0275145 -0.531085  0.846872  0.114516
-0.917015 -0.323818 -0.232864   1.11883
 0.397903 -0.783001 -0.478103   1.77094
        0         0         0         1

-0.0451322 -0.522459  0.851469  0.119365
-0.904836 -0.339835 -0.256483   1.13711
  0.42336 -0.782016 -0.457403   1.76848
        0         0         0         1

-0.0471374 -0.515051  0.855862  0.115339
-0.892674 -0.362758  -0.26747   1.15052
 0.448231 -0.776614 -0.442673   1.77844
        0         0         0         1

-0.0572395 -0.513399  0.856239  0.121375
-0.881771 -0.376204 -0.284518   1.16655
 0.468191 -0.771292 -0.431167   1.78187
        0         0         0         1

