-0.470015  0.235015  0.850796  0.693349
 0.716003 -0.462157  0.523211   1.06332
 0.516164   0.85509 0.0489493   1.63287
        0         0         0         1

-0.471551  0.237285  0.849315  0.691759
 0.713543 -0.463256  0.525595   1.05646
 0.518166  0.853868 0.0491351   1.63046
        0         0         0         1

-0.467441  0.239541  0.850952  0.696521
 0.711248 -0.469752  0.522934    1.0446
    0.525  0.849678 0.0492085   1.62761
        0         0         0         1

 -0.46436  0.243168   0.85161  0.701784
 0.705951 -0.479009  0.521712   1.03223
 0.534792  0.843457 0.0507685   1.62713
        0         0         0         1

 -0.47055  0.252162  0.845575  0.701703
 0.690503  -0.49139  0.530793   1.01352
 0.549353  0.833637 0.0571052   1.62643
        0         0         0         1

-0.479981  0.257386  0.838672  0.707946
 0.673949 -0.503821   0.54033  0.993416
 0.561614   0.82457 0.0683595   1.61918
        0         0         0         1

 -0.50315  0.265677  0.822348  0.703763
 0.643938 -0.519368  0.561783  0.970255
 0.576354  0.812202 0.0902404    1.6157
        0         0         0         1

-0.505801  0.267124   0.82025  0.704458
 0.638798 -0.523036  0.564243  0.966452
 0.579743  0.809369 0.0939139   1.61578
        0         0         0         1

-0.515756  0.268997  0.813411   0.70403
 0.623234 -0.533659  0.571653   0.95282
 0.587857  0.801778   0.10759   1.61301
        0         0         0         1

-0.531767  0.269798  0.802766  0.700782
 0.598482 -0.550951  0.581612  0.926849
 0.599202  0.789723  0.131509   1.60369
        0         0         0         1

-0.539438  0.266545  0.798724   0.70349
 0.584905 -0.563746   0.58316  0.909537
 0.605716  0.781757  0.148203   1.59774
        0         0         0         1

-0.539364  0.263932  0.799641  0.707055
  0.58168 -0.569861  0.580437  0.903023
  0.60888  0.778202  0.153839   1.59543
        0         0         0         1

-0.548928  0.265867   0.79246  0.705042
 0.561499 -0.585015  0.585215  0.884396
  0.61919  0.766206  0.171847   1.59385
        0         0         0         1

 -0.55032   0.26461  0.791915  0.707891
 0.556284 -0.591096  0.584083  0.877274
 0.622652  0.761962  0.178094   1.59151
        0         0         0         1

-0.557187  0.265184  0.786906  0.707821
  0.54347 -0.600034  0.587025  0.864128
  0.62784  0.754743  0.190212   1.58819
        0         0         0         1

-0.567516 0.262746 0.780314 0.708143
0.529224 -0.60961 0.590167 0.840965
0.630752  0.74789 0.206912  1.57367
       0        0        0        1

-0.569445  0.262918  0.778849  0.707606
 0.522556 -0.615616  0.589875  0.828379
 0.634561  0.742894   0.21317   1.56921
        0         0         0         1

-0.565934  0.264925  0.780726  0.706964
 0.516769 -0.623867  0.586294  0.815727
 0.642393  0.735259  0.216163   1.56712
        0         0         0         1

-0.565141  0.266548  0.780748  0.704677
 0.513339 -0.627231  0.585716  0.803287
 0.645831  0.731801  0.217644   1.56083
        0         0         0         1

-0.551869  0.265365  0.790583  0.712421
 0.512093 -0.640388   0.57242  0.782131
  0.65818  0.720753  0.217519   1.55311
        0         0         0         1

-0.548595   0.26647  0.792488  0.712325
 0.509775 -0.644684   0.56966  0.770846
 0.662702  0.716503   0.21783   1.54818
        0         0         0         1

-0.546751  0.267319  0.793476  0.711765
 0.508684 -0.646675  0.568376  0.759748
 0.665059  0.714389  0.217589    1.5425
        0         0         0         1

-0.539837  0.266408    0.7985  0.713804
 0.507225 -0.654093  0.561146  0.746049
 0.671787  0.707947  0.217975   1.53752
        0         0         0         1

-0.537278  0.265283  0.800599  0.714407
 0.506637 -0.657379  0.557827  0.739066
 0.674279  0.705321  0.218793   1.53446
        0         0         0         1

-0.536873  0.259572  0.802739  0.714084
  0.50594 -0.662353  0.552551  0.725318
 0.675123  0.702788  0.224272   1.52619
        0         0         0         1

-0.535481 0.252455 0.805932 0.714282
0.503145 -0.67108 0.544515 0.708573
 0.67831 0.697078 0.232329  1.51788
       0        0        0        1

-0.531606  0.245326  0.810685  0.716336
 0.506085 -0.675488  0.536278  0.696613
 0.679171  0.695364  0.234938   1.51004
        0         0         0         1

-0.529448  0.243112  0.812762  0.716633
 0.504583 -0.679924  0.532072  0.689975
 0.681969   0.69181  0.237314   1.50824
        0         0         0         1

-0.529468   0.23634  0.814744  0.716059
   0.5041 -0.684803   0.52624  0.678978
  0.68231  0.689339  0.243442   1.50214
        0         0         0         1

-0.526893  0.224945  0.819624  0.718786
 0.502609 -0.695194  0.513896  0.662771
 0.685396  0.682719  0.253234   1.49502
        0         0         0         1

 -0.52982  0.221068  0.818792  0.716844
 0.500562 -0.697835  0.512312    0.6533
 0.684637  0.681289  0.259068   1.48925
        0         0         0         1

-0.531926  0.213352  0.819473  0.716383
 0.500633 -0.701263   0.50754   0.64464
  0.68295  0.680229  0.266209   1.48367
        0         0         0         1

-0.533191  0.203125  0.821248  0.715295
  0.50123 -0.706176  0.500085  0.626652
 0.681525  0.678274  0.274714   1.47518
        0         0         0         1

-0.533191  0.203125  0.821248  0.715295
  0.50123 -0.706176  0.500085  0.626652
 0.681525  0.678274  0.274714   1.47518
        0         0         0         1

-0.529055  0.200117  0.824654  0.716172
 0.504715 -0.707016  0.495369  0.617768
 0.682175  0.678293  0.273049   1.46927
        0         0         0         1

-0.525214  0.198984  0.827379  0.715908
 0.505264 -0.709422  0.491354  0.602343
 0.684732  0.676111  0.272058   1.46141
        0         0         0         1

-0.522521  0.198025  0.829312  0.716786
  0.50541 -0.711414  0.488314  0.592667
 0.686682  0.674297  0.271644   1.45624
        0         0         0         1

-0.521351  0.197091   0.83027  0.716823
 0.505916 -0.712141  0.486728  0.587291
 0.687199  0.673803  0.271564   1.45321
        0         0         0         1

-0.519618  0.195951  0.831625  0.715547
 0.505807 -0.713904  0.484253  0.574173
  0.68859  0.672268  0.271844   1.44588
        0         0         0         1

-0.516337 0.192646 0.834436 0.716896
0.509228 -0.71433  0.48002 0.564659
0.688537 0.672771 0.270734  1.43926
       0        0        0        1

-0.515309  0.189609  0.835766  0.715962
 0.510631 -0.715275  0.477114  0.554923
 0.688268  0.672629  0.271767   1.43398
        0         0         0         1

-0.514999   0.18852  0.836203  0.714716
 0.511337 -0.715378  0.476202  0.549179
 0.687975  0.672825  0.272022   1.43082
        0         0         0         1

-0.514788  0.185659  0.836973  0.714142
 0.512976 -0.715516  0.474228  0.541573
 0.686912  0.673474  0.273101    1.4265
        0         0         0         1

-0.514474  0.182139  0.837939  0.714333
 0.513813 -0.716856  0.471289  0.534675
 0.686522   0.67301  0.275219   1.42281
        0         0         0         1

-0.514093  0.178282  0.839002  0.714553
  0.51541 -0.717661  0.468312  0.526426
  0.68561  0.673186  0.277056   1.41877
        0         0         0         1

-0.514085  0.17256 0.840202 0.713434
0.519251 -0.71706 0.464978 0.513599
0.682712 0.675313 0.279028  1.41173
       0        0        0        1

-0.512848  0.166393    0.8422   0.71436
 0.522297 -0.718107  0.459923  0.507184
 0.681317  0.675749  0.281372   1.40822
        0         0         0         1

-0.512477  0.164087  0.842878  0.713973
 0.523301 -0.718567  0.458059  0.500263
 0.680825  0.675823  0.282382   1.40523
        0         0         0         1

-0.512683 0.161779 0.843198  0.71336
0.525299 -0.71772 0.457098 0.490977
0.679129 0.677278 0.282981  1.40022
       0        0        0        1

-0.511992   0.16286   0.84341  0.712064
 0.525773 -0.717035  0.457628  0.479822
 0.679284  0.677744  0.281489   1.39555
        0         0         0         1

-0.510587  0.164675  0.843909  0.711217
  0.52602 -0.716564  0.458081  0.472526
  0.68015  0.677803  0.279246    1.3925
        0         0         0         1

-0.508275  0.165162  0.845209  0.711778
  0.52642 -0.717148  0.456706   0.46676
  0.68157  0.677067  0.277564   1.39052
        0         0         0         1

-0.508717 0.166308 0.844718 0.711223
0.524535 -0.71816 0.457284 0.459691
0.682693 0.675713 0.278106  1.38854
       0        0        0        1

-0.510692 0.166237  0.84354 0.711225
0.523382 -0.71828 0.458415 0.453674
0.682104 0.675603 0.279814   1.3856
       0        0        0        1

-0.512482  0.166555  0.842391  0.711549
 0.522029 -0.718482  0.459641  0.445176
 0.681798   0.67531  0.281263   1.38224
        0         0         0         1

-0.51362 0.167749  0.84146 0.712125
0.519484 -0.71973  0.46057 0.435566
0.682884 0.673683 0.282525   1.3798
       0        0        0        1

-0.516734  0.167554   0.83959  0.712456
 0.517547 -0.720062  0.462229  0.428763
 0.682005  0.673377  0.285363   1.37705
        0         0         0         1

-0.519428  0.167511  0.837935  0.711795
 0.515644 -0.720496  0.463677  0.423238
   0.6814  0.672923   0.28787   1.37575
        0         0         0         1

-0.521703  0.165668  0.836887  0.712165
 0.514884 -0.721023  0.463703  0.417568
 0.680236  0.672815   0.29086   1.37407
        0         0         0         1

-0.522962  0.163252  0.836576  0.712684
 0.515713 -0.720848  0.463052  0.412128
 0.678639  0.673592  0.292785   1.37197
        0         0         0         1

-0.523282  0.161949  0.836629  0.712328
 0.516343 -0.720768  0.462476  0.406214
 0.677912  0.673993  0.293544   1.37069
        0         0         0         1

-0.521663  0.159113  0.838183  0.712282
 0.519526 -0.720048  0.460026  0.394809
 0.676728  0.675436  0.292959   1.36884
        0         0         0         1

-0.519078  0.15694 0.840195 0.713596
0.523045 -0.71913 0.457467 0.390201
0.676004 0.676921 0.291198  1.36755
       0        0        0        1

-0.517673  0.155163  0.841391  0.713504
 0.525828 -0.718069  0.455941  0.384676
 0.674922  0.678455  0.290136   1.36615
        0         0         0         1

-0.515592  0.153074   0.84305  0.713242
 0.529174 -0.716959  0.453811  0.377892
 0.673899  0.680102  0.288655   1.36525
        0         0         0         1

-0.512604  0.149219  0.845559  0.713644
 0.534614 -0.715134  0.450302  0.368667
 0.671882  0.682874  0.286806   1.36325
        0         0         0         1

-0.511325  0.147883  0.846568  0.713289
 0.536396 -0.714722  0.448834  0.361592
 0.671436  0.683596  0.286131     1.362
        0         0         0         1

-0.510574    0.1479  0.847018  0.713185
 0.536629 -0.714881  0.448302  0.358026
 0.671821  0.683426  0.285632   1.36164
        0         0         0         1

 -0.50885  0.147457  0.848132  0.713766
 0.537339 -0.715318  0.446751  0.353227
 0.672561  0.683064  0.284755   1.36115
        0         0         0         1

-0.507963  0.148559  0.848472  0.713575
 0.536268 -0.716298  0.446469  0.347909
 0.674085  0.681798  0.284185   1.36124
        0         0         0         1

-0.507264 0.148703 0.848864 0.714016
0.536499 -0.71636 0.446091 0.342547
0.674428 0.681701 0.283604  1.36022
       0        0        0        1

-0.505025  0.150404  0.849899  0.714928
 0.536275 -0.716878  0.445528  0.333784
 0.676283  0.680783  0.281383   1.35975
        0         0         0         1

-0.503724  0.153076  0.850194  0.714797
 0.536021 -0.716418  0.446572  0.327363
 0.677454  0.680671  0.278825   1.35906
        0         0         0         1

-0.502665  0.154368  0.850587   0.71509
  0.53624 -0.716078  0.446854  0.324497
 0.678067  0.680737  0.277169    1.3588
        0         0         0         1

-0.501057 0.158477  0.85078 0.714579
0.535824 -0.71518 0.448786 0.317912
0.679583 0.680736 0.273431  1.35815
       0        0        0        1

-0.497562  0.162823   0.85201   0.71446
 0.536849 -0.713707  0.449905  0.310711
 0.681341  0.681257  0.267703   1.35751
        0         0         0         1

-0.492881  0.165277  0.854255  0.714776
 0.538977 -0.712752  0.448875  0.303772
  0.68306  0.681666  0.262221   1.35735
        0         0         0         1

 -0.49205  0.165636  0.854665  0.714755
  0.53951 -0.712467  0.448686  0.302377
 0.683239  0.681876  0.261207   1.35724
        0         0         0         1

-0.489193  0.165749  0.856281   0.71515
  0.54202 -0.711396  0.447359  0.296591
 0.683305  0.682966   0.25817    1.3568
        0         0         0         1

-0.487745  0.164953   0.85726  0.715701
 0.543511 -0.711075  0.446059  0.294893
 0.683155  0.683493   0.25717   1.35659
        0         0         0         1

 -0.48704  0.165075  0.857638  0.715239
 0.544873 -0.710015  0.446086   0.29057
 0.682573  0.684565  0.255861    1.3562
        0         0         0         1

-0.484568  0.162523  0.859523  0.716011
 0.549514 -0.707955   0.44366  0.283403
 0.680609  0.687304  0.253744   1.35532
        0         0         0         1

-0.483101  0.162273  0.860396  0.716193
 0.551222 -0.707122  0.442869  0.278803
  0.68027   0.68822  0.252163   1.35531
        0         0         0         1

-0.482235  0.162329  0.860871   0.71605
 0.552139 -0.706615  0.442535  0.275799
 0.680141  0.688726  0.251126   1.35531
        0         0         0         1

-0.479541  0.163376  0.862177  0.716338
 0.554863 -0.704719  0.442152  0.270911
 0.679829   0.69042   0.24729   1.35476
        0         0         0         1

-0.476234  0.166775  0.863358  0.715756
 0.556814 -0.702716  0.442886  0.264842
 0.680558  0.691648  0.241795   1.35469
        0         0         0         1

-0.471352    0.1707  0.865268  0.716119
 0.559288 -0.700733  0.442911  0.258373
 0.681927  0.692701  0.234822   1.35466
        0         0         0         1

-0.471352    0.1707  0.865268  0.716119
 0.559288 -0.700733  0.442911  0.258373
 0.681927  0.692701  0.234822   1.35466
        0         0         0         1

-0.468155  0.173824  0.866381  0.716393
 0.560945 -0.699113  0.443376  0.254289
 0.682767  0.693561  0.229787   1.35448
        0         0         0         1

-0.466401  0.175627  0.866963  0.716615
 0.561159 -0.698884  0.443465  0.252224
 0.683792  0.693337  0.227405   1.35459
        0         0         0         1

-0.465317  0.177344  0.867196  0.716594
  0.56095 -0.698779  0.443895  0.248347
 0.684701  0.693005  0.225673   1.35458
        0         0         0         1

-0.463008 0.179358 0.868018 0.716666
0.561299 -0.69859 0.443751 0.243157
0.685979 0.692678 0.222779  1.35487
       0        0        0        1

-0.462125  0.181611  0.868019  0.716297
 0.561569 -0.697621  0.444933  0.238273
 0.686353  0.693068  0.220401   1.35478
        0         0         0         1

  -0.4614  0.182099  0.868303  0.716279
 0.562156 -0.697153  0.444925  0.236778
  0.68636   0.69341  0.219298   1.35479
        0         0         0         1

-0.460547  0.182751  0.868619  0.716489
 0.562788 -0.696622  0.444958  0.233126
 0.686416  0.693772  0.217977   1.35488
        0         0         0         1

-0.460094  0.184632  0.868461  0.716504
 0.563264 -0.695411  0.446248  0.228235
 0.686329  0.694489  0.215957   1.35501
        0         0         0         1

-0.458606  0.185981   0.86896  0.716906
  0.56483 -0.693906  0.446612  0.224106
 0.686038  0.695633  0.213182   1.35507
        0         0         0         1

-0.458141  0.186158  0.869167   0.71709
 0.565462 -0.693416  0.446572  0.223129
 0.685828  0.696074  0.212417   1.35503
        0         0         0         1

-0.456608  0.187718  0.869639  0.716954
 0.566808 -0.692048  0.446988  0.219177
 0.685739  0.697016  0.209595   1.35535
        0         0         0         1

-0.456007  0.187896  0.869915  0.717006
 0.567454 -0.691613  0.446842  0.217946
 0.685604    0.6974  0.208758   1.35549
        0         0         0         1

-0.455636   0.18778  0.870135  0.717192
 0.568822 -0.690473  0.446865  0.214389
 0.684717  0.698559  0.207791   1.35555
        0         0         0         1

-0.455609  0.188584  0.869975  0.717285
 0.569254 -0.689633  0.447612  0.210604
 0.684376  0.699172  0.206851   1.35595
        0         0         0         1

-0.456292  0.187695  0.869809  0.717702
 0.570304 -0.688656  0.447779  0.208637
 0.683046  0.700373  0.207185   1.35573
        0         0         0         1

-0.456918  0.187582  0.869505  0.717919
 0.570572 -0.688109  0.448279  0.206474
 0.682403  0.700942   0.20738   1.35574
        0         0         0         1

-0.457402  0.187842  0.869195  0.718186
 0.570645 -0.687643    0.4489  0.204344
 0.682018  0.701329  0.207338   1.35598
        0         0         0         1

  -0.4591  0.187971  0.868271  0.719117
 0.570492 -0.686829  0.450339   0.20075
 0.681004  0.702092  0.208087   1.35595
        0         0         0         1

-0.460956  0.187581  0.867371  0.719343
 0.569886 -0.686662   0.45136  0.198913
 0.680257   0.70236  0.209622   1.35561
        0         0         0         1

-0.462917  0.188251  0.866181  0.719376
 0.567922 -0.687283  0.452887  0.196779
 0.680568  0.701573  0.211243   1.35614
        0         0         0         1

-0.464905  0.187838  0.865205  0.719696
 0.566713 -0.687672   0.45381  0.195159
  0.68022  0.701302  0.213252   1.35601
        0         0         0         1

-0.467172  0.187541  0.864048  0.719982
 0.565245 -0.688113  0.454971  0.193483
 0.679888  0.700948  0.215461   1.35593
        0         0         0         1

-0.469209  0.187894  0.862867  0.719891
 0.563298 -0.688825  0.456305   0.19162
 0.680102  0.700154  0.217363   1.35612
        0         0         0         1

-0.471607  0.187146  0.861721   0.72051
 0.561755 -0.689503  0.457184  0.188881
 0.679719  0.699687  0.220044   1.35573
        0         0         0         1

 -0.47186   0.18785   0.86143   0.72043
 0.560639 -0.690139  0.457594  0.187238
 0.680465  0.698871  0.220333   1.35597
        0         0         0         1

-0.471699  0.187437  0.861607  0.720778
 0.560666 -0.690418   0.45714   0.18616
 0.680554  0.698706   0.22058   1.35569
        0         0         0         1

-0.471499  0.187204  0.861768  0.721067
 0.560542 -0.690778  0.456748  0.184223
 0.680795  0.698413  0.220765   1.35489
        0         0         0         1

-0.471555  0.187109  0.861757  0.720903
 0.560255 -0.691092  0.456626  0.182827
 0.680992  0.698128  0.221059   1.35418
        0         0         0         1

-0.471592  0.187138  0.861731  0.720679
 0.559802 -0.691521  0.456532   0.18179
 0.681339  0.697695  0.221356   1.35359
        0         0         0         1

-0.470811  0.186903  0.862209  0.720772
 0.559668 -0.692205  0.455658   0.18108
 0.681989   0.69708  0.221294   1.35314
        0         0         0         1

-0.470448  0.186994  0.862387  0.720339
 0.559167 -0.692864  0.455271  0.180108
  0.68265    0.6964  0.221396   1.35241
        0         0         0         1

-0.470328  0.186782  0.862498  0.720104
 0.558373 -0.693849  0.454746  0.179513
 0.683382  0.695476  0.222043   1.35143
        0         0         0         1

 -0.47001  0.186409  0.862753  0.720129
 0.557306 -0.695299  0.453838  0.179251
 0.684471  0.694126  0.222911   1.35035
        0         0         0         1

-0.471734  0.184321   0.86226  0.718963
 0.556794 -0.695997  0.453396  0.177924
 0.683701  0.693984  0.225696    1.3484
        0         0         0         1

-0.470509  0.183415  0.863122  0.718738
 0.558649 -0.695241  0.452273  0.177388
 0.683032  0.694981  0.224653   1.34736
        0         0         0         1

-0.470509  0.183415  0.863122  0.718738
 0.558649 -0.695241  0.452273  0.177388
 0.683032  0.694981  0.224653   1.34736
        0         0         0         1

-0.470365  0.182857  0.863319  0.718977
 0.559577 -0.694665  0.452011  0.177335
 0.682371  0.695704  0.224424    1.3467
        0         0         0         1

-0.469977  0.183707   0.86335  0.719683
 0.559792 -0.694208  0.452447  0.176965
 0.682462  0.695936  0.223424   1.34589
        0         0         0         1

-0.469009   0.18502  0.863596  0.719808
 0.559486 -0.694348  0.452611  0.176688
 0.683378  0.695449  0.222139   1.34581
        0         0         0         1

-0.467509  0.185768  0.864249  0.719992
 0.559808 -0.694428  0.452089  0.176674
 0.684142  0.695169  0.220657   1.34559
        0         0         0         1

-0.463066  0.189792  0.865765  0.719925
  0.55973 -0.694755  0.451683  0.176488
  0.68722  0.693754  0.215485   1.34579
        0         0         0         1

-0.460149  0.192436  0.866736  0.719847
 0.559747 -0.694892  0.451452  0.176369
 0.689164  0.692887  0.212038   1.34594
        0         0         0         1

-0.454926  0.196509  0.868577  0.719819
  0.56061 -0.694632   0.45078  0.176359
 0.691924  0.692004  0.205842     1.346
        0         0         0         1

-0.445898  0.204402  0.871433  0.719968
 0.560948 -0.694856  0.450013  0.176435
 0.697504  0.689488  0.195176   1.34654
        0         0         0         1

-0.441812  0.208728  0.872488  0.719866
 0.561166 -0.694489  0.450309   0.17643
 0.699925  0.688562  0.189703   1.34669
        0         0         0         1

-0.438114 0.211301 0.873732 0.719919
0.561321 -0.69488 0.449511 0.176545
0.702121 0.687381 0.185829  1.34698
       0        0        0        1

-0.434893 0.214989 0.874441 0.719665
0.560861 -0.69505 0.449822 0.176566
0.704487 0.686065 0.181693  1.34739
       0        0        0        1

-0.42763 0.221333 0.876438 0.719247
0.559716 -0.69651  0.44899 0.176865
0.709824 0.682559 0.173965  1.34889
       0        0        0        1

-0.424334  0.223862  0.877398  0.718904
 0.559586 -0.696959  0.448455  0.177061
 0.711902  0.681274  0.170473   1.34978
        0         0         0         1

-0.419983  0.226363  0.878848  0.718799
 0.559885 -0.697516  0.447215  0.177346
 0.714244  0.679876  0.166207   1.35097
        0         0         0         1

-0.415089 0.227683  0.88083 0.718499
0.561604 -0.69757 0.444968 0.177605
0.715753 0.679379 0.161686  1.35197
       0        0        0        1

-0.412553  0.228359  0.881846  0.718312
 0.562255 -0.697825  0.443745  0.177712
 0.716708   0.67889  0.159494   1.35259
        0         0         0         1

-0.407258  0.228458  0.884278  0.718293
 0.564258 -0.698388  0.440303  0.178054
  0.71816  0.678278  0.155515   1.35374
        0         0         0         1

-0.399525 0.228348 0.887827 0.718214
0.566646 -0.69979 0.434978 0.178237
0.720619 0.676868 0.150191  1.35567
       0        0        0        1

-0.395004  0.228321  0.889855  0.718257
 0.568136 -0.700474  0.431923  0.178254
 0.721937   0.67617  0.146972    1.3572
        0         0         0         1

-0.392659  0.228671  0.890802  0.718441
 0.568651 -0.700885  0.430576  0.178337
 0.722811  0.675625  0.145174   1.35806
        0         0         0         1

-0.388259  0.230537  0.892249  0.718766
 0.569273 -0.701384  0.428939  0.178367
 0.724695  0.674473   0.14108   1.35939
        0         0         0         1

-0.376403  0.238476  0.895237  0.719699
 0.570531 -0.701671  0.426793  0.178445
 0.729942  0.671407  0.128053   1.36258
        0         0         0         1

-0.366928  0.243046  0.897938   0.72128
 0.573288 -0.701098  0.424031  0.179138
 0.732602  0.670366  0.117917    1.3646
        0         0         0         1

-0.364479  0.244724  0.898479   0.72156
 0.573835 -0.700862  0.423681  0.179164
 0.733395  0.670002  0.115018   1.36518
        0         0         0         1

-0.358618  0.247504  0.900075   0.72227
  0.57565 -0.700414  0.421957  0.179333
 0.734861   0.66945  0.108706   1.36641
        0         0         0         1

 -0.35206  0.249267  0.902175  0.723472
 0.577671 -0.700536  0.418982  0.179894
 0.736444  0.668667  0.102636   1.36763
        0         0         0         1

-0.346649  0.251333  0.903696  0.724214
 0.578926 -0.700712   0.41695  0.180184
 0.738024  0.667708 0.0973983   1.36902
        0         0         0         1

-0.339732  0.251694  0.906219  0.725843
  0.58095 -0.701581  0.412651  0.180868
 0.739648  0.666658 0.0921279   1.37136
        0         0         0         1

-0.335818  0.248933  0.908437  0.727553
 0.583156 -0.702437  0.408057  0.181803
 0.739699  0.666794  0.090724    1.3729
        0         0         0         1

-0.335636   0.24877  0.908549  0.727634
 0.583249 -0.702501  0.407815  0.181847
 0.739709  0.666788 0.0906903   1.37298
        0         0         0         1

-0.334389  0.246305   0.90968  0.728516
 0.584046 -0.703387  0.405139  0.182353
 0.739644  0.666769 0.0913512   1.37383
        0         0         0         1

-0.332892  0.240934  0.911666  0.730066
 0.585481 -0.705064   0.40012  0.183411
 0.739185   0.66696 0.0936476   1.37535
        0         0         0         1

-0.335045  0.235324  0.912342  0.730596
 0.585983 -0.706212  0.397351    0.1841
 0.737813  0.667747 0.0987166   1.37561
        0         0         0         1

-0.338321  0.229072  0.912724  0.730724
 0.586736 -0.706953  0.394915  0.184647
 0.735717  0.669136  0.104772   1.37541
        0         0         0         1

-0.339616  0.223222  0.913692  0.731335
 0.587567 -0.708207  0.391417  0.185474
 0.734456  0.669787   0.10936   1.37563
        0         0         0         1

-0.340721  0.218042  0.914531  0.731415
 0.588585 -0.709056  0.388339  0.185893
 0.733128  0.670594  0.113254   1.37579
        0         0         0         1

-0.339555  0.213101  0.916128  0.731695
 0.590387 -0.709941  0.383961  0.186647
  0.73222  0.671246  0.115252   1.37626
        0         0         0         1

-0.336787  0.210115  0.917838   0.73229
 0.591772 -0.710972  0.379901  0.187716
  0.73238  0.671097  0.115105   1.37707
        0         0         0         1

-0.333465  0.210163  0.919039  0.732671
 0.592899 -0.711175  0.377757  0.188803
 0.732988  0.670866  0.112547   1.37788
        0         0         0         1

-0.333418  0.210164  0.919056  0.732682
 0.592918 -0.711175  0.377728  0.188822
 0.732994  0.670866  0.112508   1.37789
        0         0         0         1

-0.331409  0.211388  0.919502  0.732832
 0.593305 -0.711073  0.377312  0.189362
 0.733592  0.670589  0.110238   1.37862
        0         0         0         1

-0.330594  0.211742  0.919714  0.732822
  0.59375 -0.710827  0.377076  0.189747
   0.7336  0.670739  0.109273   1.37887
        0         0         0         1

-0.330223  0.211504  0.919901  0.732963
 0.594544 -0.710337  0.376748  0.190214
 0.733124  0.671333  0.108821   1.37903
        0         0         0         1

-0.331198  0.210288   0.91983   0.73311
 0.595068 -0.709988  0.376577   0.19116
 0.732258  0.672083  0.110011   1.37998
        0         0         0         1

-0.332943  0.207914  0.919739  0.733022
 0.595794 -0.709635  0.376095  0.191899
 0.730875  0.673194  0.112394   1.37996
        0         0         0         1

-0.333872  0.205939  0.919847  0.733333
 0.596379 -0.709553  0.375322  0.192586
 0.729974  0.673887  0.114082   1.38016
        0         0         0         1

-0.335879  0.202487  0.919883  0.732995
 0.597153 -0.709487  0.374214  0.193149
 0.728419  0.675001  0.117386   1.38035
        0         0         0         1

-0.340207  0.189878  0.920981  0.732436
 0.599648 -0.710624  0.368016  0.195042
 0.724349  0.677466  0.127899   1.38044
        0         0         0         1

-0.342774  0.184507  0.921121   0.73157
 0.599893 -0.711576   0.36577  0.195715
 0.722934   0.67795  0.133226    1.3804
        0         0         0         1

-0.344268  0.179624  0.921529  0.730644
 0.600984 -0.711928  0.363286   0.19638
 0.721317  0.678892  0.137143    1.3801
        0         0         0         1

-0.344594  0.174849  0.922325  0.730026
 0.601539 -0.713158   0.35994  0.197572
 0.720698  0.678848  0.140571    1.3801
        0         0         0         1

-0.345992  0.171141  0.922497  0.728757
 0.601556 -0.714072  0.358094  0.198287
 0.720014  0.678831  0.144112   1.38018
        0         0         0         1

-0.346514  0.168998  0.922696  0.727352
 0.601273 -0.714978  0.356759  0.198857
 0.719999  0.678414  0.146136   1.38038
        0         0         0         1

-0.345545  0.163869  0.923984   0.72535
 0.602939 -0.715728  0.352417  0.201131
 0.719071  0.678882  0.148513   1.38048
        0         0         0         1

-0.344633  0.162543  0.924558  0.724328
 0.604366 -0.715211  0.351018  0.202379
  0.71831  0.679744   0.14825   1.38036
        0         0         0         1

-0.343839  0.162737   0.92482  0.722954
 0.605156 -0.714676  0.350749  0.203493
 0.718026  0.680261  0.147252   1.38049
        0         0         0         1

-0.342652  0.162941  0.925224  0.721909
 0.606042 -0.714185  0.350219  0.204889
 0.717846  0.680728  0.145968   1.38083
        0         0         0         1

-0.341658   0.16609  0.925032  0.719385
 0.607085 -0.712358  0.352129  0.207674
 0.717438   0.68188  0.142552   1.38107
        0         0         0         1

-0.339908 0.171231 0.924739 0.717055
0.606904  -0.7112 0.354771 0.210344
0.718422 0.681817 0.137822  1.38182
       0        0        0        1

-0.339747  0.171863  0.924681  0.716794
 0.606807 -0.711108  0.355121   0.21057
  0.71858  0.681754  0.137309   1.38191
        0         0         0         1

-0.336934  0.176166    0.9249  0.715542
 0.606376 -0.710886  0.356301  0.212345
 0.720267  0.680887  0.132699   1.38271
        0         0         0         1

-0.331456  0.181832  0.925783  0.714418
  0.60621 -0.710849  0.356656  0.214304
 0.722943  0.679435  0.125387   1.38348
        0         0         0         1

-0.320269  0.192204  0.927623  0.712483
 0.607023 -0.710124  0.356718  0.217474
  0.72729  0.677334  0.110758   1.38486
        0         0         0         1

 -0.31259  0.198905   0.92883  0.710641
 0.608486 -0.708932  0.356595  0.220784
 0.729406  0.676648  0.100574   1.38625
        0         0         0         1

-0.309233  0.201567  0.929379  0.709462
 0.609518 -0.708148  0.356391  0.223151
 0.729975  0.676681 0.0961245   1.38747
        0         0         0         1

-0.306965  0.202737  0.929876   0.70824
 0.611505 -0.706661  0.355937  0.225683
 0.729269  0.677884 0.0929455   1.38865
        0         0         0         1

-0.306668  0.203002  0.929917  0.706888
 0.613905 -0.704429  0.356231  0.228174
 0.727375  0.680126  0.091402   1.38934
        0         0         0         1

-0.306168   0.20552  0.929528  0.704162
  0.61659 -0.701123  0.358112  0.233073
 0.725312   0.68278 0.0879399   1.39254
        0         0         0         1

-0.303991  0.208831  0.929505   0.70184
 0.619941 -0.697473   0.35945  0.238641
 0.723369  0.685508 0.0825631   1.39637
        0         0         0         1

-0.303991  0.208831  0.929505   0.70184
 0.619941 -0.697473   0.35945  0.238641
 0.723369  0.685508 0.0825631   1.39637
        0         0         0         1

-0.300856  0.212802  0.929624   0.70055
 0.621724 -0.695396  0.360394  0.241586
 0.723149  0.686396 0.0769094   1.39935
        0         0         0         1

-0.299424  0.216455  0.929243  0.699198
  0.62347 -0.692845  0.362286   0.24402
  0.72224  0.687832 0.0725015   1.40141
        0         0         0         1

-0.295731  0.220267   0.92953  0.698219
 0.626673 -0.689675  0.362806  0.247553
 0.720988  0.689805 0.0659229   1.40419
        0         0         0         1

-0.289172  0.229155  0.929445  0.696488
 0.632031 -0.683516  0.365161  0.253965
 0.718969  0.693032 0.0528212   1.41081
        0         0         0         1

-0.287659  0.232918  0.928979  0.695564
 0.636237 -0.678537  0.367138  0.257489
 0.715859  0.696661 0.0469959   1.41345
        0         0         0         1

-0.286607  0.238344  0.927927  0.694291
 0.638819  -0.67427  0.370501  0.260621
  0.71398  0.698965 0.0409919   1.41709
        0         0         0         1

-0.285974  0.242889  0.926943  0.693364
 0.642136 -0.669435  0.373521  0.264125
 0.711252  0.702041 0.0354727   1.42067
        0         0         0         1

-0.285269  0.252186  0.924675  0.691552
 0.648333 -0.659772  0.379954   0.27161
 0.705894  0.707887 0.0247116   1.42855
        0         0         0         1

-0.284059  0.260531  0.922732   0.69048
 0.653151 -0.651961  0.385149  0.278062
 0.701929  0.712089 0.0150301   1.43515
        0         0         0         1

-0.283437  0.263253  0.922151  0.690195
 0.654408 -0.649811  0.386648  0.280003
 0.701009  0.713053 0.0119056   1.43726
        0         0         0         1

 -0.282642   0.270269   0.920363   0.689186
  0.659926  -0.641541   0.391054   0.286203
   0.69614     0.7179 0.00296822    1.44317
         0          0          0          1

  -0.281405     0.27444    0.919507    0.688938
   0.662335   -0.637817    0.393066    0.289498
   0.694351    0.719633 -0.00228617     1.44674
          0           0           0           1

 -0.282681   0.282709   0.916606   0.687227
  0.668228  -0.627512   0.399625   0.296446
  0.688159   0.725468 -0.0115285    1.45401
         0          0          0          1

 -0.281702   0.289546   0.914772   0.686752
   0.67654  -0.616116   0.403354   0.305222
  0.680395   0.732505 -0.0223289    1.46226
         0          0          0          1

 -0.285117   0.295034   0.911956   0.685021
   0.68053    -0.6077   0.409365   0.310853
  0.674972    0.73733 -0.0275138    1.46932
         0          0          0          1

 -0.287384   0.297522   0.910435   0.684571
  0.685521  -0.599956   0.412449   0.315736
  0.668933   0.742653 -0.0315395    1.47393
         0          0          0          1

 -0.292225   0.302812   0.907144   0.683825
  0.690862  -0.589061   0.419186   0.323574
  0.661297   0.749208 -0.0370628    1.48255
         0          0          0          1

 -0.300555   0.307517   0.902829   0.682826
  0.699299  -0.572647   0.427851   0.334143
  0.648574    0.75994 -0.0429348    1.49243
         0          0          0          1

 -0.307886   0.313403   0.898323   0.682579
  0.709592  -0.553327   0.436243   0.347955
  0.633787   0.771756 -0.0520265     1.5053
         0          0          0          1

 -0.308428   0.313684   0.898039   0.682466
   0.71005  -0.552311   0.436786   0.348592
   0.63301   0.772369 -0.0523828    1.50591
         0          0          0          1

  -0.31591   0.318739   0.893648    0.68122
  0.716897  -0.536784   0.444883   0.359658
  0.621498   0.781197 -0.0589272    1.51621
         0          0          0          1

 -0.318143   0.320754   0.892134   0.680827
  0.719527  -0.531044   0.447519   0.363857
  0.617305   0.784289 -0.0618433    1.52024
         0          0          0          1

 -0.323516   0.324882   0.888701   0.680696
   0.72697  -0.515854   0.453221   0.376059
  0.605683   0.792683 -0.0692925    1.53095
         0          0          0          1

 -0.329835   0.329798   0.884558   0.680286
  0.735177  -0.498066   0.459832   0.390473
   0.59222   0.801975 -0.0781801    1.54343
         0          0          0          1

 -0.335144   0.332387   0.881588   0.680042
  0.739667  -0.486758   0.464714   0.400122
  0.583585   0.807828 -0.0827218    1.55152
         0          0          0          1

 -0.341654   0.334634   0.878232   0.679722
  0.743425  -0.475462   0.470377   0.410318
  0.574971   0.813607 -0.0863319    1.55972
         0          0          0          1

 -0.350412   0.335761   0.874343   0.679054
  0.749243  -0.459673   0.476797   0.422998
  0.562002   0.822171 -0.0904919    1.56864
         0          0          0          1

 -0.359893   0.336827   0.870072   0.679554
  0.758445  -0.437485   0.483082   0.444153
  0.543358   0.833759 -0.0980167    1.58441
         0          0          0          1

-0.375655  0.334662  0.864225  0.678072
 0.766629 -0.411757  0.492682  0.468741
 0.520733  0.847619 -0.101883    1.6005
        0         0         0         1

-0.375655  0.334662  0.864225  0.678072
 0.766629 -0.411757  0.492682  0.468741
 0.520733  0.847619 -0.101883    1.6005
        0         0         0         1

-0.382093  0.332779  0.862127  0.678028
  0.77072 -0.399995  0.495979  0.481999
 0.509898  0.853968 -0.103644   1.60932
        0         0         0         1

-0.389748  0.331918  0.859027  0.676475
 0.773254 -0.388673   0.50101  0.494761
 0.500175  0.859514 -0.105172    1.6188
        0         0         0         1

-0.398515  0.329356  0.855985   0.67619
 0.778999  -0.37106  0.505445   0.51616
 0.484093  0.868239 -0.108695   1.63216
        0         0         0         1

-0.408067  0.323438  0.853738  0.675847
 0.784328 -0.354392  0.509151  0.538486
 0.467237  0.877379 -0.109066   1.64529
        0         0         0         1

-0.414339   0.32024  0.851921   0.67591
 0.787523 -0.343057  0.511976  0.554353
 0.456213  0.883039 -0.110055   1.65458
        0         0         0         1

-0.421158  0.316698  0.849899  0.675789
 0.790663 -0.330922  0.515115  0.570687
 0.444386  0.888928 -0.111031   1.66368
        0         0         0         1

-0.431653  0.311634  0.846499  0.673222
 0.792134 -0.317959  0.520986  0.586354
 0.431509  0.895425 -0.109608   1.67202
        0         0         0         1

-0.447596  0.301704  0.841803  0.671564
 0.797141 -0.291987  0.528497  0.620897
 0.405245  0.907589 -0.109809   1.68831
        0         0         0         1

-0.458798  0.295807  0.837856  0.670173
 0.797818 -0.277951  0.535004  0.647392
 0.391141  0.913916 -0.108477   1.70405
        0         0         0         1

-0.462259   0.29464  0.836363  0.669689
 0.797753  -0.27364  0.537319  0.655266
 0.387178  0.915592 -0.108557   1.70913
        0         0         0         1

-0.470634  0.289936  0.833331  0.667933
  0.79926 -0.259978  0.541844  0.678842
 0.373748  0.921058  -0.10938    1.7208
        0         0         0         1

-0.475332  0.287076  0.831653  0.666693
 0.800188 -0.251879  0.544294  0.691758
  0.36573  0.924199 -0.109988   1.72679
        0         0         0         1

-0.477876  0.285206  0.830838  0.667933
 0.803071 -0.241431  0.544782  0.711051
 0.355965  0.927561 -0.113667   1.73544
        0         0         0         1

-0.488777  0.278527  0.826753  0.665372
 0.805876 -0.218835  0.550159  0.749688
 0.334156  0.935165 -0.117497    1.7531
        0         0         0         1

-0.494276  0.276922  0.824018   0.66464
 0.809081 -0.200129  0.552573  0.775747
  0.31793   0.93982 -0.125134   1.76061
        0         0         0         1

 -0.49922  0.273944   0.82203  0.662454
 0.810181 -0.188801  0.554942  0.789672
 0.307223  0.943032 -0.127691   1.76322
        0         0         0         1

-0.504173  0.270765  0.820058  0.661611
 0.812359 -0.173538  0.556738  0.816221
 0.293056  0.946874 -0.132465   1.77218
        0         0         0         1

-0.511735  0.265944  0.816946   0.65862
 0.813071 -0.157294  0.560512  0.848566
 0.277565  0.951069 -0.135739    1.7852
        0         0         0         1

-0.515102  0.265427  0.814996  0.656407
 0.813716 -0.147342  0.562279  0.877582
 0.269327  0.952806 -0.140086   1.79965
        0         0         0         1

-0.514546  0.264779  0.815558  0.656953
 0.815183 -0.143926  0.561036   0.88734
 0.265931  0.953508 -0.141787    1.8041
        0         0         0         1

-0.512161   0.25852  0.819059  0.659532
 0.822274 -0.127885  0.554536  0.913453
 0.248104  0.957503 -0.147076   1.80443
        0         0         0         1

-0.518159  0.251359  0.817515  0.653901
 0.822538 -0.115505  0.556857  0.932574
 0.234398  0.960977 -0.146902    1.8073
        0         0         0         1

-0.516101  0.250158  0.819183  0.657273
 0.826522 -0.105473  0.552934  0.954057
 0.224723  0.962443 -0.152327   1.81232
        0         0         0         1

 -0.511833   0.247349   0.822706   0.661783
  0.834768 -0.0830423   0.544304   0.998583
  0.202953   0.965361  -0.163975    1.81784
         0          0          0          1

