 0.365971 -0.297196  0.881895  0.568713
-0.906166 -0.329638  0.264956    1.0898
 0.211962  -0.89611 -0.389947   2.02071
        0         0         0         1

 0.362877 -0.290999  0.885234  0.563963
-0.909797 -0.316036  0.269057   1.06989
  0.20147 -0.903018 -0.379432   2.02182
        0         0         0         1

 0.353728 -0.292573  0.888413  0.568164
-0.915519  -0.30284  0.264789   1.04684
 0.191577 -0.907022 -0.374979    2.0224
        0         0         0         1

 0.351177 -0.283266  0.892432  0.563508
-0.918388 -0.289798  0.269406   1.02984
 0.182312 -0.914209 -0.361918   2.01909
        0         0         0         1

 0.339138 -0.266407  0.902227  0.561199
-0.927269 -0.256365  0.272853  0.984922
  0.15861 -0.929142 -0.333974    2.0149
        0         0         0         1

 0.336638  -0.25821   0.90554  0.560654
-0.929245 -0.246582  0.275138  0.969334
 0.152247  -0.93409 -0.322949   2.00975
        0         0         0         1

 0.333023 -0.240042  0.911853  0.558198
-0.932187 -0.229298  0.280088  0.945813
 0.141853 -0.943293 -0.300126   2.00311
        0         0         0         1

 0.332548 -0.222732  0.916407  0.553014
-0.933088 -0.218828  0.285415  0.929361
 0.136964 -0.950003 -0.280599   1.99853
        0         0         0         1

 0.320459 -0.197571   0.92643  0.550232
-0.940325 -0.184499  0.285919  0.889342
 0.114436  -0.96277 -0.244905   1.98783
        0         0         0         1

 0.310629 -0.190332   0.93128  0.551454
-0.944031 -0.176157   0.27888  0.876328
 0.110972 -0.965786 -0.234399   1.97983
        0         0         0         1

 0.307621 -0.181805  0.933979   0.54403
-0.946967 -0.154288  0.281866  0.852334
0.0928571 -0.971155 -0.219626   1.97467
        0         0         0         1

  0.29453 -0.180951  0.938354  0.547478
-0.951401 -0.147929  0.270099  0.842055
0.0899349 -0.972303 -0.215726   1.96599
        0         0         0         1

 0.286175 -0.176554  0.941771  0.542229
-0.955116 -0.131072  0.265658  0.820919
0.0765372 -0.975525 -0.206139   1.95651
        0         0         0         1

 0.280089 -0.176826  0.943548  0.541215
-0.958113 -0.112666  0.263298  0.805473
0.0597483 -0.977772 -0.200976    1.9532
        0         0         0         1

  0.269251  -0.168377   0.948237   0.539007
  -0.96258 -0.0784598   0.259392    0.77379
  0.030723  -0.982595  -0.183201    1.93312
         0          0          0          1

  0.267298  -0.160002   0.950237   0.536431
 -0.963429 -0.0636912   0.260284   0.760454
 0.0188757   -0.98506  -0.171175    1.92437
         0          0          0          1

   0.26935  -0.149453   0.951375   0.532592
 -0.963042 -0.0406926    0.26626   0.741581
-0.0010793  -0.987931   -0.15489    1.91536
         0          0          0          1

  0.271227  -0.141384   0.952075   0.530638
 -0.962399 -0.0244861   0.270532   0.728845
-0.0149364  -0.989652  -0.142709    1.90743
         0          0          0          1

 0.280862 -0.119317  0.952303   0.52342
-0.958487 0.0159717  0.284687  0.696849
-0.0491778 -0.992728 -0.109878   1.88559
        0         0         0         1

 0.273763 -0.119108  0.954394  0.528231
-0.959818 0.0297972  0.279037  0.688525
-0.0616739 -0.992434 -0.106165   1.87751
        0         0         0         1

 0.268576 -0.120434    0.9557  0.530787
 -0.95974 0.0512681  0.276172  0.675302
-0.0822574 -0.991397 -0.101816   1.86703
        0         0         0         1

  0.266474  -0.122362   0.956043   0.530523
  -0.95893  0.0663536   0.275771   0.665117
-0.0971808  -0.990265 -0.0996549    1.85892
         0          0          0          1

  0.264293  -0.124051   0.956431   0.529551
 -0.957719  0.0831382   0.275432   0.653099
 -0.113684  -0.988787 -0.0968332    1.84465
         0          0          0          1

  0.260626  -0.129314    0.95674   0.530398
 -0.956653  0.0988056   0.273957   0.643901
 -0.129958  -0.986669 -0.0979577    1.83705
         0          0          0          1

   0.25719  -0.135282   0.956845    0.52622
 -0.952609   0.130953   0.274567   0.622491
 -0.162446  -0.982115 -0.0951913    1.81127
         0          0          0          1

  0.260746    -0.1382   0.955464   0.523788
  -0.94835   0.148555   0.280292    0.61258
 -0.180676    -0.9792 -0.0923266    1.80266
         0          0          0          1

  0.261208   -0.14043   0.955013   0.523411
 -0.944243   0.168266   0.283005   0.602961
 -0.200439  -0.975687 -0.0886478    1.79004
         0          0          0          1

  0.259977  -0.142016   0.955114   0.524916
 -0.941544   0.182192   0.283373   0.597151
 -0.214258  -0.972953 -0.0863485    1.77951
         0          0          0          1

 0.260291 -0.143337  0.954831  0.525811
 -0.93698  0.201207   0.28563  0.588377
 -0.23306 -0.969005 -0.081932   1.76719
        0         0         0         1

  0.260446  -0.144364   0.954635   0.525503
 -0.933222   0.215842   0.287244   0.581406
 -0.247518  -0.965697 -0.0785083     1.7591
         0          0          0          1

   0.25991  -0.148655   0.954122   0.525546
 -0.924083   0.248433   0.290434    0.56753
  -0.28021  -0.957174 -0.0727991    1.73471
         0          0          0          1

  0.261032   -0.14836   0.953861   0.524567
 -0.920948   0.257895   0.292137   0.562207
 -0.289338  -0.954714 -0.0693129    1.72362
         0          0          0          1

  0.260303   -0.15149   0.953569   0.524031
 -0.915774   0.274204   0.293548   0.555435
 -0.305942  -0.949665 -0.0673544    1.70976
         0          0          0          1

  0.255562  -0.151958   0.954776   0.525703
 -0.913765   0.284608   0.289881   0.552649
 -0.315786  -0.946524 -0.0661189    1.69996
         0          0          0          1

  0.253172  -0.152767   0.955283   0.523593
 -0.903736   0.315003   0.289886     0.5397
 -0.345202  -0.936715 -0.0583113    1.67653
         0          0          0          1

  0.248546  -0.151147   0.956755   0.525076
  -0.90123   0.325902   0.285608   0.536823
 -0.354977  -0.933243 -0.0552164    1.66721
         0          0          0          1

  0.244064   -0.14902   0.958241   0.525668
 -0.896308   0.342569   0.281564   0.531549
 -0.370223  -0.927599 -0.0499587     1.6563
         0          0          0          1

  0.244472  -0.143238   0.959018   0.524296
  -0.89372   0.350392   0.280161   0.527555
 -0.376162  -0.925585 -0.0423537    1.64545
         0          0          0          1

 0.238926 -0.138412  0.961123  0.525656
-0.890378  0.363736  0.273721  0.524415
-0.387481 -0.921161 -0.036333   1.63342
        0         0         0         1

  0.239107  -0.134413   0.961645   0.524834
 -0.887196   0.372236   0.272625   0.520866
 -0.394603  -0.918354 -0.0302468    1.62398
         0          0          0          1

  0.236202  -0.121219   0.964113   0.525095
 -0.880572   0.392813   0.265124   0.514644
 -0.410855  -0.911594 -0.0139592    1.59953
         0          0          0          1

   0.234531   -0.118196    0.964896    0.525727
  -0.877075    0.402306    0.262466    0.512165
  -0.419206   -0.907843 -0.00931369     1.59216
          0           0           0           1

 0.233877 -0.112248  0.965765  0.525361
-0.872807  0.413416  0.259415  0.508651
-0.428381 -0.903597 -0.001283   1.58021
        0         0         0         1

  0.232518  -0.106165    0.96678   0.526183
 -0.871092   0.419391   0.255559   0.507246
  -0.43259  -0.901577 0.00503635    1.57126
         0          0          0          1

 0.224778 -0.097327  0.969537  0.529317
-0.864399  0.439353  0.244507  0.503103
-0.449766 -0.893027 0.0146275   1.55192
        0         0         0         1

  0.222754 -0.0926854   0.970459   0.529896
 -0.862342   0.445567   0.240492   0.502068
 -0.454695  -0.890438  0.0193254    1.54353
         0          0          0          1

  0.218398 -0.0837037   0.972263   0.531871
 -0.860056   0.454246     0.2323   0.500801
 -0.461091  -0.886935  0.0272165    1.53288
         0          0          0          1

 0.217597 -0.079429  0.972801  0.531649
-0.857404  0.460689    0.2294  0.498736
-0.466379 -0.884001 0.0321419   1.52597
        0         0         0         1

  0.213715 -0.0680754   0.974521   0.533083
 -0.856793   0.466158   0.220461   0.497944
 -0.469288  -0.882079  0.0412985    1.51499
         0          0          0          1

  0.214724 -0.0595794   0.974856   0.532119
 -0.855425   0.470205   0.217155   0.495923
  -0.47132  -0.880544  0.0499985     1.5072
         0          0          0          1

  0.211436 -0.0397012   0.976585   0.533745
 -0.852659   0.480928   0.204157   0.492784
 -0.477773  -0.875861  0.0678341     1.4903
         0          0          0          1

  0.209111 -0.0326164   0.977348   0.535077
 -0.852479   0.483595   0.198533   0.492309
 -0.479116  -0.874684  0.0733201    1.48416
         0          0          0          1

  0.205614 -0.0220194   0.978385   0.536808
 -0.852658   0.486641   0.190144   0.491236
  -0.48031  -0.873324  0.0812854    1.47548
         0          0          0          1

  0.205325 -0.0154081   0.978573   0.536508
 -0.852883   0.487605    0.18663   0.489814
 -0.480033  -0.872928  0.0869762    1.46918
         0          0          0          1

    0.194544 -0.000242348     0.980894     0.540256
   -0.855168     0.489775     0.169729     0.488913
   -0.480458    -0.871849    0.0950754      1.45383
           0            0            0            1

  0.195108 0.00207557   0.980779    0.53945
 -0.853656   0.492734   0.168777   0.487076
 -0.482913  -0.870178  0.0979083    1.44945
         0          0          0          1

 0.191697  0.011196   0.98139   0.54094
-0.854399  0.493962  0.161256  0.486323
-0.482964 -0.869411  0.104257   1.44219
        0         0         0         1

 0.191706  0.017366  0.981299  0.540937
-0.854539  0.494711  0.158188  0.484936
-0.482712 -0.868884  0.109679   1.43754
        0         0         0         1

  0.18724 0.0288059  0.981892  0.543729
-0.856344  0.494505  0.148792  0.485408
-0.481265 -0.868697  0.117259   1.43127
        0         0         0         1

 0.186439 0.0365882  0.981785  0.544678
-0.858122  0.492665  0.144596  0.485005
-0.478401 -0.869449  0.123249   1.42573
        0         0         0         1

 0.185943 0.0441974  0.981566  0.545474
-0.860221  0.490072  0.140889   0.48224
-0.474811 -0.870561  0.129145   1.41611
        0         0         0         1

 0.185442 0.0432646  0.981702  0.545647
-0.860191  0.490125  0.140888  0.480892
-0.475061 -0.870578  0.128105   1.41347
        0         0         0         1

 0.182821  0.043183  0.982197  0.546896
-0.861143  0.489051  0.138787  0.480544
-0.474351 -0.871186  0.126596   1.40923
        0         0         0         1

 0.179459 0.0423356  0.982854  0.549025
-0.862343  0.487592  0.136453  0.480642
-0.473455 -0.872045  0.124011   1.40645
        0         0         0         1

 0.179517 0.0395727  0.982959  0.549613
-0.862217  0.487424  0.137843  0.477936
-0.473662 -0.872268  0.121621   1.39968
        0         0         0         1

 0.180019 0.0403034  0.982837  0.550491
 -0.86284  0.486246    0.1381  0.477744
-0.472335 -0.872892  0.122309   1.39649
        0         0         0         1

 0.181221 0.0415191  0.982566  0.551753
-0.862719  0.486329  0.138566   0.47685
-0.472097 -0.872789  0.123952   1.39372
        0         0         0         1

  0.18356 0.0435648  0.982043  0.551221
-0.863432  0.484682  0.139889  0.475833
-0.469884 -0.873605  0.126583   1.39046
        0         0         0         1

 0.182963 0.0467393  0.982008  0.554369
-0.865559  0.481316  0.138358  0.476698
 -0.46619   -0.8753  0.128518   1.38733
        0         0         0         1

 0.183311 0.0476413    0.9819  0.554292
-0.866379  0.479807  0.138464  0.475498
-0.464526  -0.87608  0.129229   1.38654
        0         0         0         1

 0.180796 0.0474279  0.982376  0.555533
-0.869702  0.474134  0.137169  0.474371
-0.459272 -0.879174   0.12697   1.38403
        0         0         0         1

 0.177582 0.0457775  0.983041  0.556838
-0.871668  0.470984   0.13553  0.474546
-0.456792 -0.880953  0.123541   1.38291
        0         0         0         1

 0.176195 0.0435301  0.983392  0.555895
 -0.87335  0.467788  0.135772  0.473182
-0.454109 -0.882768  0.120439   1.38165
        0         0         0         1

 0.172785 0.0414419  0.984087  0.556551
-0.875089  0.465023  0.134064   0.47304
-0.452067 -0.884328  0.116614   1.38069
        0         0         0         1

 0.167493 0.0373248  0.985166  0.556638
-0.878362   0.45943  0.131929  0.471946
 -0.44769  -0.88743  0.109736   1.37737
        0         0         0         1

 0.166104 0.0360227   0.98545   0.55649
-0.878366  0.459615  0.131253  0.471443
  -0.4482 -0.887387  0.107985   1.37727
        0         0         0         1

 0.163949 0.0345687  0.985863  0.556882
-0.878862  0.459006   0.13006  0.470919
-0.448021  -0.88776  0.105635   1.37687
        0         0         0         1

 0.163158 0.0349719   0.98598  0.556656
-0.879888  0.457227  0.129385  0.470338
-0.446292 -0.888662  0.105372   1.37571
        0         0         0         1

 0.152146 0.0324411  0.987825  0.557731
 -0.88236   0.45476  0.120968  0.470786
-0.445299 -0.890023 0.0978149   1.37616
        0         0         0         1

 0.149986 0.0313259  0.988192  0.557396
-0.883177  0.453516   0.11967  0.470478
-0.444412 -0.890698 0.0956872    1.3756
        0         0         0         1

 0.145976 0.0274638  0.988907  0.556842
-0.883489  0.453393  0.117823  0.470025
-0.445128 -0.890887 0.0904486   1.37584
        0         0         0         1

  0.14359 0.0240271  0.989346  0.556193
-0.883831  0.452868  0.117277  0.469554
-0.445225 -0.891254  0.086263   1.37564
        0         0         0         1

 0.139646 0.0186203  0.990026  0.555227
 -0.88422  0.452381  0.116213  0.468952
-0.445706  -0.89163 0.0796378   1.37542
        0         0         0         1

  0.13781 0.0152303  0.990342   0.55424
-0.883994  0.452866  0.116047  0.468233
-0.446725 -0.891448 0.0758731   1.37518
        0         0         0         1

  0.129304 0.00799502   0.991573    0.55337
 -0.883608   0.454743   0.111558   0.467389
 -0.450019  -0.890587  0.0658644    1.37542
         0          0          0          1

 0.127066 0.0067951  0.991871  0.553224
-0.883667  0.454988  0.110087  0.467256
-0.450541 -0.890472  0.063818   1.37571
        0         0         0         1

  0.124219 0.00186988   0.992253   0.552577
 -0.883463   0.455466   0.109741   0.466873
 -0.451732  -0.890251  0.0582293    1.37633
         0          0          0          1

   0.120795 -0.00161857    0.992676    0.552568
  -0.884241    0.454291    0.108341    0.466936
  -0.451139   -0.890852   0.0534449     1.37653
          0           0           0           1

   0.120211 -0.00855091    0.992711    0.551224
  -0.883239    0.455626    0.110879    0.465915
  -0.453254    -0.89013    0.047219     1.37761
          0           0           0           1

  0.117797 -0.0118813   0.992967    0.55046
 -0.883498   0.455275   0.110258   0.465844
 -0.453382  -0.890272  0.0431329    1.37817
         0          0          0          1

  0.115504 -0.0193031   0.993119   0.548857
 -0.882589   0.456727   0.111526   0.465235
 -0.455737  -0.889398  0.0357169     1.3797
         0          0          0          1

  0.115438 -0.0214153   0.993084   0.548234
 -0.882134   0.457389   0.112405   0.465196
 -0.456633  -0.889009  0.0339091     1.3804
         0          0          0          1

  0.110276 -0.0222268   0.993652   0.549709
 -0.882225   0.458237    0.10816   0.466614
 -0.457732  -0.888552  0.0309234    1.38155
         0          0          0          1

  0.110479 -0.0250825   0.993562   0.549037
 -0.881707   0.458885   0.109626   0.466385
 -0.458681  -0.888141  0.0285817    1.38263
         0          0          0          1

  0.107253 -0.0317941   0.993723   0.548052
 -0.882677   0.456952   0.109888   0.467263
 -0.457578  -0.888923  0.0209457    1.38476
         0          0          0          1

  0.104335 -0.0363976   0.993876   0.547853
 -0.883275   0.455908   0.109421   0.467954
 -0.457098  -0.889283   0.015418    1.38644
         0          0          0          1

 0.0983781 -0.0412418   0.994294   0.548039
 -0.884898   0.453478   0.106364   0.469465
 -0.455277  -0.890313 0.00811756    1.38838
         0          0          0          1

 0.0956308 -0.0448009   0.994408   0.547928
 -0.886005   0.451504   0.105547   0.470377
 -0.453708  -0.891144 0.00348391    1.38998
         0          0          0          1

  0.0913582  -0.0476341    0.994678    0.547816
  -0.889122    0.445925    0.103018    0.472017
  -0.448459   -0.893802 -0.00161362     1.39127
          0           0           0           1

  0.0909121  -0.0498981    0.994608    0.546638
  -0.889846    0.444337    0.103628    0.472038
  -0.447112   -0.894469 -0.00400609     1.39347
          0           0           0           1

  0.0831906  -0.0489196    0.995332    0.548538
  -0.894165    0.437275   0.0962266    0.475856
  -0.439941   -0.897996 -0.00736498     1.39999
          0           0           0           1

  0.0840638  -0.0467291    0.995364    0.547827
   -0.89548    0.434618    0.096032    0.476441
  -0.437091   -0.899402 -0.00530932     1.40201
          0           0           0           1

  0.0835432  -0.0440807    0.995529    0.547639
  -0.897124    0.431576   0.0943948    0.477912
  -0.433808   -0.900999 -0.00349056     1.40578
          0           0           0           1

  0.0824622  -0.0408862    0.995755    0.548382
  -0.899027    0.428113   0.0920303    0.479723
  -0.430059     -0.9028 -0.00145468      1.4078
          0           0           0           1

  0.0807393  -0.0369209    0.996051    0.548134
  -0.903189    0.419962   0.0887787     0.48272
  -0.421581   -0.906791 0.000560865      1.4157
          0           0           0           1

    0.079701   -0.0365997     0.996147      0.54838
   -0.905289     0.415643    0.0877028     0.484473
   -0.417252    -0.908791 -6.09485e-06      1.41845
           0            0            0            1

    0.079839   -0.0360248     0.996157     0.547875
    -0.90879     0.407956    0.0875901     0.486059
   -0.409544     -0.91229 -0.000168164       1.4219
           0            0            0            1

  0.0789274  -0.0372763    0.996183    0.547735
  -0.910613    0.403941   0.0872628    0.487344
  -0.405653   -0.914025 -0.00206223     1.42597
          0           0           0           1

 0.0801081 -0.0369163   0.996102   0.546788
  -0.91407   0.395852  0.0881815   0.488932
 -0.397565  -0.917572 -0.0020331    1.43014
         0          0          0          1

  0.07688  -0.03931  0.996265  0.547991
-0.915479  0.393034 0.0861539  0.491042
-0.394953 -0.918683 -0.005771   1.43582
        0         0         0         1

 0.0735113 -0.0441923   0.996315   0.549123
 -0.920786   0.380732  0.0848262   0.495489
 -0.383078  -0.923629 -0.0127036    1.44799
         0          0          0          1

 0.0732756 -0.0437443   0.996352   0.549675
 -0.923724   0.373658  0.0843395   0.497578
 -0.375985  -0.926534 -0.0130276    1.45147
         0          0          0          1

 0.0739507 -0.0468497   0.996161    0.54923
 -0.926229   0.367014    0.08602   0.499398
 -0.369635  -0.929035 -0.0162526    1.45901
         0          0          0          1

 0.0756489 -0.0497299   0.995894    0.54838
 -0.928152   0.361514  0.0885553   0.500085
 -0.364433   -0.93104 -0.0188088    1.46399
         0          0          0          1

  0.077714 -0.0556431   0.995422   0.547608
 -0.933334   0.346952   0.092261   0.503877
 -0.350497  -0.936231 -0.0249706    1.47742
         0          0          0          1

 0.0776497 -0.0583686   0.995271   0.547856
 -0.935721   0.340271  0.0929592   0.505662
 -0.344087  -0.938514 -0.0281948    1.48334
         0          0          0          1

 0.0783155 -0.0622257   0.994985   0.548654
 -0.938539   0.331948  0.0946325   0.508628
 -0.336172  -0.941243 -0.0324046    1.49188
         0          0          0          1

 0.0783326 -0.0651273   0.994798   0.548983
 -0.940969   0.324783  0.0953568   0.510796
 -0.329304  -0.943544 -0.0358417    1.49783
         0          0          0          1

 0.0834815 -0.0695029   0.994083   0.547172
 -0.943506   0.315495   0.101292   0.511724
 -0.320668  -0.946378 -0.0392383    1.50659
         0          0          0          1

 0.0837454 -0.0729788   0.993811   0.547993
 -0.945754   0.308344   0.102338   0.514552
 -0.313904  -0.948471 -0.0431976    1.51356
         0          0          0          1

 0.0884814 -0.0820352   0.992694   0.547733
 -0.950798   0.290109   0.108721   0.519519
 -0.296908  -0.953471 -0.0523297    1.53188
         0          0          0          1

 0.0922162 -0.0845036   0.992147   0.546977
 -0.952598   0.282623   0.112612   0.521341
  -0.28992  -0.955502 -0.0544355    1.53908
         0          0          0          1

 0.0933457 -0.0907057   0.991493   0.548228
 -0.955678   0.271118   0.114777   0.525663
 -0.279223  -0.958263 -0.0613778     1.5492
         0          0          0          1

 0.0974803 -0.0934937   0.990836   0.547357
 -0.957012   0.264466   0.119107   0.527655
 -0.273178  -0.959853 -0.0636943    1.55762
         0          0          0          1

  0.103416 -0.0993179   0.989667    0.54773
 -0.962121   0.242349   0.124859   0.535203
 -0.252246  -0.965092  -0.070493    1.57726
         0          0          0          1

  0.105394   -0.10215    0.98917   0.548569
 -0.963694   0.234907   0.126938   0.538299
  -0.24533  -0.966635 -0.0736835     1.5864
         0          0          0          1

  0.108417  -0.107099    0.98832   0.549363
 -0.965399   0.225846   0.130377   0.542252
 -0.237171  -0.968258 -0.0789075    1.60004
         0          0          0          1

  0.110936   -0.11018   0.987701   0.549078
 -0.967305   0.216096   0.132752   0.545656
 -0.228065  -0.970135 -0.0826052    1.60861
         0          0          0          1

  0.115396   -0.11501   0.986639   0.549664
 -0.969163   0.204684   0.137211   0.550033
  -0.21773  -0.972048 -0.0878437    1.62142
         0          0          0          1

  0.118521  -0.116986   0.986036   0.549552
 -0.970966   0.194157   0.139744   0.553796
 -0.207794   -0.97397 -0.0905779    1.62972
         0          0          0          1

 0.128623 -0.125928  0.983666  0.548195
-0.974147   0.16972  0.149106  0.563405
-0.185724 -0.977414 -0.100842   1.65328
        0         0         0         1

 0.132918   -0.1305  0.982498  0.548001
-0.975184  0.159866  0.153163  0.567142
-0.177056 -0.978475 -0.106013   1.66296
        0         0         0         1

 0.135415 -0.135615  0.981464  0.549417
-0.977001  0.146406  0.155029  0.573786
-0.164717 -0.979885 -0.112671   1.67611
        0         0         0         1

 0.139599 -0.140598  0.980176  0.549855
-0.977906  0.135973   0.15878  0.578832
-0.155602 -0.980685  -0.11851    1.6858
        0         0         0         1

 0.152596 -0.149363  0.976937  0.548935
   -0.979  0.112364  0.170098   0.59035
-0.135179 -0.982377  -0.12908   1.71187
        0         0         0         1

 0.152214 -0.153119  0.976415  0.551776
 -0.98059  0.100136  0.168568  0.597747
-0.123585 -0.983121 -0.134904   1.72098
        0         0         0         1

 0.157849 -0.160937   0.97426  0.552502
-0.981019 0.0869726  0.173311  0.605545
-0.112626 -0.983125 -0.144153   1.73577
        0         0         0         1

 0.159962 -0.165734  0.973111  0.554721
-0.981487 0.0784881  0.174707  0.611684
-0.105332 -0.983042 -0.150111   1.74706
        0         0         0         1

 0.165616 -0.170386   0.97136  0.555253
-0.981929 0.0629712  0.178464   0.62078
-0.0915756 -0.983363 -0.156878   1.76053
        0         0         0         1

 0.169835 -0.172616  0.970237  0.555278
-0.982234 0.0501039  0.180849  0.627821
-0.0798301 -0.983714  -0.16104   1.76895
        0         0         0         1

 0.182171 -0.180492  0.966559  0.555371
 -0.98174 0.0213756  0.189024  0.645167
-0.0547781 -0.983344 -0.173302   1.79367
        0         0         0         1

 0.184637 -0.187013   0.96485  0.557539
-0.981737 0.0106902  0.189941  0.653184
-0.0458359 -0.982299 -0.181624   1.80427
        0         0         0         1

   0.187521   -0.196376     0.96243    0.562015
  -0.981618 -0.00203409    0.190844    0.664747
 -0.0355196   -0.980526   -0.193148     1.81941
          0           0           0           1

  0.190778  -0.201378   0.960755   0.563256
 -0.981307 -0.0138909   0.191948   0.672702
-0.0253083  -0.979415  -0.200264    1.82969
         0          0          0          1

  0.200509  -0.218065   0.955115   0.567205
 -0.979685 -0.0409626   0.196315   0.694855
-0.00368534  -0.975074  -0.221848    1.85789
         0          0          0          1

  0.205328   -0.22266   0.953028   0.568085
 -0.978673 -0.0530048   0.198469   0.703639
 0.0063239  -0.973454  -0.228795    1.86753
         0          0          0          1

  0.208144    -0.2267   0.951464   0.569979
 -0.977864 -0.0695163   0.197356   0.717207
 0.0214015  -0.971481  -0.236151    1.87977
         0          0          0          1

  0.214739   -0.22846   0.949575   0.568581
 -0.976101 -0.0834164   0.200668   0.726623
 0.0333655  -0.969973  -0.240913    1.88725
         0          0          0          1

  0.222344  -0.236262   0.945909   0.570521
 -0.973959 -0.0979488   0.204473   0.739101
 0.0443413   -0.96674  -0.251888    1.90213
         0          0          0          1

 0.226965 -0.237806  0.944423  0.570473
-0.972278 -0.111322  0.205628  0.749804
0.0562357 -0.964912  -0.25648   1.90964
        0         0         0         1

 0.234331 -0.258354  0.937199  0.580181
-0.969105 -0.138411  0.204153  0.778492
0.0769746 -0.956084 -0.282806   1.93693
        0         0         0         1

  0.23833 -0.263054   0.93488  0.581176
-0.967372 -0.149512  0.204544   0.78936
0.0859696 -0.953126 -0.290105    1.9457
        0         0         0         1

 0.236852 -0.274494  0.931962  0.590087
-0.966499 -0.164219  0.197262  0.808337
0.0988985 -0.947462 -0.304194   1.95741
        0         0         0         1

 0.244743 -0.276223  0.929409  0.588132
 -0.96398 -0.172265  0.202649  0.816842
 0.104129 -0.945529 -0.308435   1.96812
        0         0         0         1

 0.252064 -0.288418  0.923731  0.594883
-0.958203 -0.207864  0.196569   0.85126
 0.135316  -0.93467 -0.328758   1.98453
        0         0         0         1

 0.257241 -0.291029  0.921482  0.594666
-0.955926 -0.216299  0.198543  0.861822
 0.141534 -0.931942 -0.333843   1.99476
        0         0         0         1

 0.264033  -0.29653    0.9178  0.595349
-0.952027 -0.232745  0.198682  0.878995
 0.154698 -0.926229 -0.343757   2.00623
        0         0         0         1

 0.266983 -0.296198  0.917053  0.595118
-0.949135  -0.24564  0.196984  0.891206
 0.166919 -0.922999 -0.346714   2.01031
        0         0         0         1

 0.269496 -0.303426   0.91395   0.60067
-0.946427 -0.258775  0.193161  0.909977
 0.177898 -0.917043 -0.356909   2.01972
        0         0         0         1

 0.271847 -0.309163  0.911327  0.603965
-0.944549 -0.266972  0.191188  0.922536
  0.18419 -0.912767 -0.364596   2.03023
        0         0         0         1

 0.277934 -0.326998   0.90323  0.616698
-0.938498 -0.292976   0.18272  0.959598
 0.204876 -0.898464 -0.388315   2.04747
        0         0         0         1

 0.285253 -0.324083  0.901998  0.612004
-0.933183 -0.308583  0.184243   0.97263
 0.218632 -0.894285 -0.390453   2.04984
        0         0         0         1

 0.285482 -0.330608  0.899555  0.618077
-0.930075 -0.322017  0.176819  0.994401
 0.231214 -0.887132  -0.39942   2.05626
        0         0         0         1

 0.286338 -0.341163  0.895332  0.623287
-0.928019 -0.331174  0.170599   1.00969
 0.238308 -0.879734 -0.411433   2.06381
        0         0         0         1

 0.291186 -0.343365  0.892923   0.62427
-0.924108 -0.342385  0.169696   1.02816
 0.247456  -0.87457 -0.417004   2.06844
        0         0         0         1

 0.297881 -0.342933  0.890878  0.623779
-0.919352 -0.354328  0.171008   1.04297
 0.257019  -0.86997 -0.420824   2.07105
        0         0         0         1

   0.3089 -0.350808  0.884033  0.630695
-0.911435 -0.374796  0.169746   1.07956
 0.271784 -0.858174 -0.435513   2.08065
        0         0         0         1

 0.309919 -0.354242  0.882305  0.633833
 -0.91057  -0.37756  0.168258   1.09259
 0.273519 -0.855547 -0.439576   2.08757
        0         0         0         1

 0.309099  -0.36849   0.87674   0.64974
-0.907487 -0.390036  0.156009   1.11888
 0.284472 -0.843852  -0.45496    2.0904
        0         0         0         1

 0.315153 -0.363339  0.876735  0.644968
-0.901564 -0.403153  0.157002   1.13496
 0.296414 -0.839912 -0.454628   2.08522
        0         0         0         1

 0.336272 -0.367385   0.86715  0.638826
-0.894772 -0.411862   0.17249   1.16378
 0.293776 -0.833905 -0.467223   2.10185
        0         0         0         1

 0.337829 -0.370223  0.865336  0.643076
 -0.89092 -0.422282  0.167149   1.18165
 0.303533 -0.827414 -0.472498   2.09562
        0         0         0         1

