 -0.39136 -0.781852   0.48533  0.592743
-0.920165  0.339135 -0.195664   1.07719
-0.0116124 -0.523159 -0.852156    2.2457
        0         0         0         1

-0.394084 -0.781111  0.484317  0.575435
-0.917721  0.363019  -0.16126   1.04713
-0.0498544 -0.508018 -0.859903   2.22043
        0         0         0         1

-0.394084 -0.781111  0.484317  0.575435
-0.917721  0.363019  -0.16126   1.04713
-0.0498544 -0.508018 -0.859903   2.22043
        0         0         0         1

-0.384835 -0.776623  0.498757  0.552203
-0.918299  0.376549 -0.122219   1.01614
-0.0928881 -0.505043 -0.858081   2.18681
        0         0         0         1

-0.384835 -0.776623  0.498757  0.552203
-0.918299  0.376549 -0.122219   1.01614
-0.0928881 -0.505043 -0.858081   2.18681
        0         0         0         1

 -0.384479  -0.759916   0.524122   0.528996
 -0.910412   0.406071 -0.0790933   0.980346
 -0.152727  -0.507577  -0.847962    2.13082
         0          0          0          1

 -0.384479  -0.759916   0.524122   0.528996
 -0.910412   0.406071 -0.0790933   0.980346
 -0.152727  -0.507577  -0.847962    2.13082
         0          0          0          1

 -0.385762  -0.747441   0.540851   0.519247
 -0.901032   0.431229 -0.0467149   0.955543
 -0.198314  -0.505345   -0.83982    2.10064
         0          0          0          1

 -0.385762  -0.747441   0.540851   0.519247
 -0.901032   0.431229 -0.0467149   0.955543
 -0.198314  -0.505345   -0.83982    2.10064
         0          0          0          1

 -0.394093  -0.738203   0.547491   0.495294
 -0.885513    0.46448 -0.0111313   0.919398
 -0.246082  -0.489198  -0.836737    2.05016
         0          0          0          1

 -0.394093  -0.738203   0.547491   0.495294
 -0.885513    0.46448 -0.0111313   0.919398
 -0.246082  -0.489198  -0.836737    2.05016
         0          0          0          1

 -0.409078  -0.731751   0.545156   0.489305
 -0.871238   0.490834 0.00506967   0.902977
 -0.271291  -0.472887  -0.838319    2.01319
         0          0          0          1

 -0.409078  -0.731751   0.545156   0.489305
 -0.871238   0.490834 0.00506967   0.902977
 -0.271291  -0.472887  -0.838319    2.01319
         0          0          0          1

-0.407464 -0.729731  0.549059  0.471793
-0.859903  0.509014 0.0383638  0.878366
-0.307474 -0.456505 -0.834903   1.98135
        0         0         0         1

-0.407464 -0.729731  0.549059  0.471793
-0.859903  0.509014 0.0383638  0.878366
-0.307474 -0.456505 -0.834903   1.98135
        0         0         0         1

-0.415265 -0.713404  0.564455  0.458052
-0.837288  0.542332 0.0694567  0.850541
-0.355673 -0.443769 -0.822536   1.92941
        0         0         0         1

-0.415265 -0.713404  0.564455  0.458052
-0.837288  0.542332 0.0694567  0.850541
-0.355673 -0.443769 -0.822536   1.92941
        0         0         0         1

 -0.41484 -0.707652  0.571959  0.446606
-0.825438  0.557165  0.090661  0.832817
-0.382832 -0.434507 -0.815257   1.89268
        0         0         0         1

 -0.41484 -0.707652  0.571959  0.446606
-0.825438  0.557165  0.090661  0.832817
-0.382832 -0.434507 -0.815257   1.89268
        0         0         0         1

-0.417512 -0.708068  0.569494  0.432732
-0.803733  0.580146  0.132073  0.806484
-0.423907 -0.402579 -0.811316   1.84591
        0         0         0         1

-0.417512 -0.708068  0.569494  0.432732
-0.803733  0.580146  0.132073  0.806484
-0.423907 -0.402579 -0.811316   1.84591
        0         0         0         1

-0.425794  -0.70738  0.564193  0.427791
 -0.78864  0.595812   0.15184  0.792571
-0.443561 -0.380292 -0.811561   1.81852
        0         0         0         1

-0.425794  -0.70738  0.564193  0.427791
 -0.78864  0.595812   0.15184  0.792571
-0.443561 -0.380292 -0.811561   1.81852
        0         0         0         1

-0.426521 -0.705441  0.566068  0.419885
-0.776712  0.606362  0.170419   0.77863
-0.463463 -0.366985 -0.806551    1.7862
        0         0         0         1

-0.426521 -0.705441  0.566068  0.419885
-0.776712  0.606362  0.170419   0.77863
-0.463463 -0.366985 -0.806551    1.7862
        0         0         0         1

-0.432903 -0.704096  0.562888  0.411047
-0.755397  0.624096  0.199702  0.760359
-0.491905 -0.338753 -0.802045   1.74794
        0         0         0         1

-0.432903 -0.704096  0.562888  0.411047
-0.755397  0.624096  0.199702  0.760359
-0.491905 -0.338753 -0.802045   1.74794
        0         0         0         1

-0.440172 -0.701746  0.560179   0.40628
-0.743695  0.634515  0.210495  0.750163
-0.503156 -0.323948 -0.801181   1.72069
        0         0         0         1

-0.440172 -0.701746  0.560179   0.40628
-0.743695  0.634515  0.210495  0.750163
-0.503156 -0.323948 -0.801181   1.72069
        0         0         0         1

-0.449702 -0.699394  0.555532  0.401182
-0.726132   0.64845  0.228572  0.737977
-0.520097   -0.3006 -0.799462   1.68897
        0         0         0         1

-0.449702 -0.699394  0.555532  0.401182
-0.726132   0.64845  0.228572  0.737977
-0.520097   -0.3006 -0.799462   1.68897
        0         0         0         1

-0.451746  -0.70037  0.552637  0.395855
-0.716028  0.654148  0.243709  0.727961
-0.532193 -0.285609 -0.796993   1.67183
        0         0         0         1

-0.451746  -0.70037  0.552637  0.395855
-0.716028  0.654148  0.243709  0.727961
-0.532193 -0.285609 -0.796993   1.67183
        0         0         0         1

-0.453735 -0.696518  0.555866  0.393434
-0.707817  0.660656  0.250057  0.723192
-0.541405 -0.279992 -0.792771   1.65193
        0         0         0         1

-0.453735 -0.696518  0.555866  0.393434
-0.707817  0.660656  0.250057  0.723192
-0.541405 -0.279992 -0.792771   1.65193
        0         0         0         1

-0.456236 -0.695004  0.555714  0.390804
-0.698247  0.666737  0.260601  0.714482
-0.551634  -0.26913 -0.789474   1.62808
        0         0         0         1

-0.456236 -0.695004  0.555714  0.390804
-0.698247  0.666737  0.260601  0.714482
-0.551634  -0.26913 -0.789474   1.62808
        0         0         0         1

-0.451514 -0.694163  0.560601  0.384078
 -0.69344  0.668373  0.269107  0.706038
-0.561495 -0.267237  -0.78314   1.61588
        0         0         0         1

-0.451514 -0.694163  0.560601  0.384078
 -0.69344  0.668373  0.269107  0.706038
-0.561495 -0.267237  -0.78314   1.61588
        0         0         0         1

-0.448769 -0.685479  0.573346  0.380764
 -0.68792  0.674505  0.267974   0.70092
-0.570414 -0.274157 -0.774251   1.59627
        0         0         0         1

-0.448769 -0.685479  0.573346  0.380764
 -0.68792  0.674505  0.267974   0.70092
-0.570414 -0.274157 -0.774251   1.59627
        0         0         0         1

-0.446457  -0.68079  0.580691   0.37794
-0.684105  0.678003  0.268911  0.696005
-0.576781 -0.277196  -0.76843   1.58756
        0         0         0         1

-0.446457  -0.68079  0.580691   0.37794
-0.684105  0.678003  0.268911  0.696005
-0.576781 -0.277196  -0.76843   1.58756
        0         0         0         1

-0.441687 -0.677655  0.587959  0.374924
-0.682649  0.679089  0.269867  0.691764
-0.582153 -0.282173 -0.762546   1.57918
        0         0         0         1

-0.441687 -0.677655  0.587959  0.374924
-0.682649  0.679089  0.269867  0.691764
-0.582153 -0.282173 -0.762546   1.57918
        0         0         0         1

-0.436355 -0.676546  0.593195  0.372004
-0.680778  0.679317  0.273988  0.686904
-0.588333 -0.284278 -0.757001   1.57016
        0         0         0         1

-0.436355 -0.676546  0.593195  0.372004
-0.680778  0.679317  0.273988  0.686904
-0.588333 -0.284278 -0.757001   1.57016
        0         0         0         1

-0.430883  -0.67553   0.59833  0.370119
 -0.68197  0.677978   0.27434  0.685476
 -0.59098 -0.289835  -0.75282   1.56214
        0         0         0         1

-0.430883  -0.67553   0.59833  0.370119
 -0.68197  0.677978   0.27434  0.685476
 -0.59098 -0.289835  -0.75282   1.56214
        0         0         0         1

-0.418894 -0.678585  0.603366  0.365175
 -0.68521  0.672238  0.280327  0.680877
-0.595831 -0.296006 -0.746569   1.55223
        0         0         0         1

-0.418894 -0.678585  0.603366  0.365175
 -0.68521  0.672238  0.280327  0.680877
-0.595831 -0.296006 -0.746569   1.55223
        0         0         0         1

-0.421656 -0.676115  0.604214  0.370152
-0.684674  0.674279  0.276711  0.684689
-0.594498 -0.297013 -0.747232   1.54721
        0         0         0         1

-0.421656 -0.676115  0.604214  0.370152
-0.684674  0.674279  0.276711  0.684689
-0.594498 -0.297013 -0.747232   1.54721
        0         0         0         1

-0.417359 -0.681919  0.600665   0.36588
-0.685682  0.670085  0.284299  0.681418
-0.596365  -0.29321 -0.747246   1.54585
        0         0         0         1

-0.417359 -0.681919  0.600665   0.36588
-0.685682  0.670085  0.284299  0.681418
-0.596365  -0.29321 -0.747246   1.54585
        0         0         0         1

-0.415102 -0.682375   0.60171  0.364911
-0.684981  0.669687  0.286915  0.680279
-0.598741 -0.293061 -0.745402   1.54064
        0         0         0         1

-0.415102 -0.682375   0.60171  0.364911
-0.684981  0.669687  0.286915  0.680279
-0.598741 -0.293061 -0.745402   1.54064
        0         0         0         1

-0.409646 -0.683826  0.603798  0.360393
-0.685471  0.667471  0.290881  0.677233
 -0.60193 -0.294728  -0.74217   1.53845
        0         0         0         1

-0.409646 -0.683826  0.603798  0.360393
-0.685471  0.667471  0.290881  0.677233
 -0.60193 -0.294728  -0.74217   1.53845
        0         0         0         1

-0.409602 -0.678853  0.609414  0.361847
-0.685755  0.669681  0.285073  0.678971
-0.601636 -0.301142  -0.73983   1.53266
        0         0         0         1

-0.409602 -0.678853  0.609414  0.361847
-0.685755  0.669681  0.285073  0.678971
-0.601636 -0.301142  -0.73983   1.53266
        0         0         0         1

-0.409962  -0.67857  0.609487  0.361775
-0.686444  0.669552  0.283717  0.678914
-0.600604 -0.302065 -0.740291   1.53207
        0         0         0         1

-0.409962  -0.67857  0.609487  0.361775
-0.686444  0.669552  0.283717  0.678914
-0.600604 -0.302065 -0.740291   1.53207
        0         0         0         1

-0.408803 -0.679314  0.609436  0.361136
 -0.68678  0.668764   0.28476  0.677633
-0.601011 -0.302137 -0.739932   1.53145
        0         0         0         1

-0.408803 -0.679314  0.609436  0.361136
 -0.68678  0.668764   0.28476  0.677633
-0.601011 -0.302137 -0.739932   1.53145
        0         0         0         1

 -0.40529 -0.682319  0.608426  0.359356
-0.690116  0.664841  0.285879  0.675931
-0.599566 -0.304021 -0.740332   1.52761
        0         0         0         1

 -0.40529 -0.682319  0.608426  0.359356
-0.690116  0.664841  0.285879  0.675931
-0.599566 -0.304021 -0.740332   1.52761
        0         0         0         1

-0.402256 -0.686411   0.60583  0.359393
-0.692139  0.661149  0.289526  0.674806
-0.599278 -0.302855 -0.741043   1.52584
        0         0         0         1

-0.402256 -0.686411   0.60583  0.359393
-0.692139  0.661149  0.289526  0.674806
-0.599278 -0.302855 -0.741043   1.52584
        0         0         0         1

-0.403236 -0.691135  0.599777  0.359062
-0.691885  0.659225  0.294478  0.672614
-0.598912 -0.296232  -0.74401   1.52852
        0         0         0         1

-0.403236 -0.691135  0.599777  0.359062
-0.691885  0.659225  0.294478  0.672614
-0.598912 -0.296232  -0.74401   1.52852
        0         0         0         1

-0.402339 -0.691689  0.599741  0.357646
-0.691656  0.658848  0.295857  0.671572
 -0.59978  -0.29578 -0.743491   1.52862
        0         0         0         1

-0.402339 -0.691689  0.599741  0.357646
-0.691656  0.658848  0.295857  0.671572
 -0.59978  -0.29578 -0.743491   1.52862
        0         0         0         1

-0.406305 -0.688421  0.600826  0.359174
-0.688547  0.662939  0.293964  0.672558
-0.600683 -0.294258 -0.743366      1.53
        0         0         0         1

-0.406305 -0.688421  0.600826  0.359174
-0.688547  0.662939  0.293964  0.672558
-0.600683 -0.294258 -0.743366      1.53
        0         0         0         1

-0.408186 -0.684248  0.604308  0.360097
-0.686453  0.666441  0.290929  0.674545
-0.601803 -0.296076 -0.741736   1.52888
        0         0         0         1

-0.408186 -0.684248  0.604308  0.360097
-0.686453  0.666441  0.290929  0.674545
-0.601803 -0.296076 -0.741736   1.52888
        0         0         0         1

-0.408477 -0.684893   0.60338   0.35966
-0.685799  0.666519  0.292288  0.675043
 -0.60235 -0.294405 -0.741957   1.52946
        0         0         0         1

-0.408477 -0.684893   0.60338   0.35966
-0.685799  0.666519  0.292288  0.675043
 -0.60235 -0.294405 -0.741957   1.52946
        0         0         0         1

-0.408744 -0.687263  0.600498  0.357994
-0.684525  0.666041  0.296337  0.675681
-0.603618  -0.28993 -0.742689   1.53347
        0         0         0         1

-0.408744 -0.687263  0.600498  0.357994
-0.684525  0.666041  0.296337  0.675681
-0.603618  -0.28993 -0.742689   1.53347
        0         0         0         1

-0.407867 -0.685258  0.603379  0.357655
-0.683654  0.667238  0.295653  0.678814
-0.605196 -0.291915 -0.740624    1.5373
        0         0         0         1

-0.407867 -0.685258  0.603379  0.357655
-0.683654  0.667238  0.295653  0.678814
-0.605196 -0.291915 -0.740624    1.5373
        0         0         0         1

-0.402557 -0.680652  0.612095  0.355706
-0.686268  0.666916  0.290274  0.681428
-0.605792  -0.30321 -0.735582    1.5422
        0         0         0         1

-0.402557 -0.680652  0.612095  0.355706
-0.686268  0.666916  0.290274  0.681428
-0.605792  -0.30321 -0.735582    1.5422
        0         0         0         1

-0.386283  -0.66561  0.638552  0.353973
 -0.70022  0.662237  0.266711  0.686547
-0.600398 -0.344101 -0.721884    1.5557
        0         0         0         1

-0.386283  -0.66561  0.638552  0.353973
 -0.70022  0.662237  0.266711  0.686547
-0.600398 -0.344101 -0.721884    1.5557
        0         0         0         1

-0.382045 -0.656971  0.649947  0.357685
-0.713962  0.656372  0.243791  0.693822
-0.586771 -0.370898 -0.719816   1.56512
        0         0         0         1

-0.382045 -0.656971  0.649947  0.357685
-0.713962  0.656372  0.243791  0.693822
-0.586771 -0.370898 -0.719816   1.56512
        0         0         0         1

-0.370371 -0.657359   0.65628  0.357495
-0.739081  0.636518  0.220464   0.70031
-0.562658 -0.403391  -0.72159   1.59053
        0         0         0         1

-0.370371 -0.657359   0.65628  0.357495
-0.739081  0.636518  0.220464   0.70031
-0.562658 -0.403391  -0.72159   1.59053
        0         0         0         1

-0.352913 -0.659101  0.664107  0.353299
-0.761564  0.614694  0.205358  0.703095
-0.543574 -0.433286 -0.718881   1.60766
        0         0         0         1

-0.352913 -0.659101  0.664107  0.353299
-0.761564  0.614694  0.205358  0.703095
-0.543574 -0.433286 -0.718881   1.60766
        0         0         0         1

-0.342297 -0.658194  0.670532  0.357822
-0.783881  0.593507  0.182426  0.713193
-0.518038 -0.463174 -0.719102   1.62667
        0         0         0         1

-0.342297 -0.658194  0.670532  0.357822
-0.783881  0.593507  0.182426  0.713193
-0.518038 -0.463174 -0.719102   1.62667
        0         0         0         1

-0.321958 -0.660206   0.67858  0.358159
-0.818388  0.554437  0.151134  0.725272
-0.476009 -0.506683  -0.71881   1.66269
        0         0         0         1

-0.321958 -0.660206   0.67858  0.358159
-0.818388  0.554437  0.151134  0.725272
-0.476009 -0.506683  -0.71881   1.66269
        0         0         0         1

-0.308046 -0.662535  0.682756  0.358746
-0.839671  0.526736  0.132293  0.733251
 -0.44728 -0.532538  -0.71857   1.69056
        0         0         0         1

-0.308046 -0.662535  0.682756  0.358746
-0.839671  0.526736  0.132293  0.733251
 -0.44728 -0.532538  -0.71857   1.69056
        0         0         0         1

-0.294774 -0.661969  0.689133  0.363496
-0.871177  0.482494 0.0908318  0.754471
 -0.39263 -0.573582 -0.718919   1.73227
        0         0         0         1

-0.294774 -0.661969  0.689133  0.363496
-0.871177  0.482494 0.0908318  0.754471
 -0.39263 -0.573582 -0.718919   1.73227
        0         0         0         1

-0.289083 -0.661404  0.692081  0.370173
 -0.88944  0.452919 0.0613228  0.772614
-0.354016 -0.597838  -0.71921   1.76144
        0         0         0         1

-0.289083 -0.661404  0.692081  0.370173
 -0.88944  0.452919 0.0613228  0.772614
-0.354016 -0.597838  -0.71921   1.76144
        0         0         0         1

 -0.27324 -0.660832  0.699028  0.368272
-0.909733  0.413677 0.0354715  0.787466
-0.312612 -0.626237 -0.714214   1.78628
        0         0         0         1

 -0.27324 -0.660832  0.699028  0.368272
-0.909733  0.413677 0.0354715  0.787466
-0.312612 -0.626237 -0.714214   1.78628
        0         0         0         1

 -0.25328 -0.673885  0.694066  0.370736
-0.929651  0.367999 0.0180494  0.807013
-0.267579 -0.640668 -0.719685   1.85283
        0         0         0         1

 -0.25328 -0.673885  0.694066  0.370736
-0.929651  0.367999 0.0180494  0.807013
-0.267579 -0.640668 -0.719685   1.85283
        0         0         0         1

 -0.249776  -0.672219   0.696946   0.377954
 -0.942658   0.333361 -0.0163021   0.833816
 -0.221376  -0.661054  -0.716938    1.87993
         0          0          0          1

 -0.249776  -0.672219   0.696946   0.377954
 -0.942658   0.333361 -0.0163021   0.833816
 -0.221376  -0.661054  -0.716938    1.87993
         0          0          0          1

  -0.23459  -0.684348   0.690388   0.383771
 -0.958824   0.279847 -0.0484052   0.865607
 -0.160077  -0.673316  -0.721818    1.93652
         0          0          0          1

  -0.23459  -0.684348   0.690388   0.383771
 -0.958824   0.279847 -0.0484052   0.865607
 -0.160077  -0.673316  -0.721818    1.93652
         0          0          0          1

 -0.232838   -0.69325   0.682049   0.395118
  -0.96567   0.247878 -0.0777117   0.895429
 -0.115191  -0.676728  -0.727166    1.97171
         0          0          0          1

 -0.232838   -0.69325   0.682049   0.395118
  -0.96567   0.247878 -0.0777117   0.895429
 -0.115191  -0.676728  -0.727166    1.97171
         0          0          0          1

-0.233934 -0.707127  0.667268  0.405806
-0.969106  0.224762 -0.101566  0.920043
-0.0781563 -0.670413  -0.73786   2.01591
        0         0         0         1

-0.233934 -0.707127  0.667268  0.405806
-0.969106  0.224762 -0.101566  0.920043
-0.0781563 -0.670413  -0.73786   2.01591
        0         0         0         1

-0.223799 -0.722048  0.654645  0.413534
-0.974503  0.176838 -0.138101  0.960382
-0.0160505  -0.66886 -0.743215   2.07201
        0         0         0         1

-0.223799 -0.722048  0.654645  0.413534
-0.974503  0.176838 -0.138101  0.960382
-0.0160505  -0.66886 -0.743215   2.07201
        0         0         0         1

-0.219568  -0.73131  0.645736   0.41925
-0.975113  0.143654 -0.168874  0.989304
0.0307368 -0.666745 -0.744652   2.10113
        0         0         0         1

-0.219568  -0.73131  0.645736   0.41925
-0.975113  0.143654 -0.168874  0.989304
0.0307368 -0.666745 -0.744652   2.10113
        0         0         0         1

 -0.21791 -0.751942  0.622173  0.440508
-0.971302  0.104817  -0.21351   1.03936
0.0953327 -0.650844 -0.753203   2.15598
        0         0         0         1

 -0.21791 -0.751942  0.622173  0.440508
-0.971302  0.104817  -0.21351   1.03936
0.0953327 -0.650844 -0.753203   2.15598
        0         0         0         1

-0.215259 -0.762108  0.610618  0.453535
-0.968161 0.0847264 -0.235555   1.07096
 0.127783 -0.641882 -0.756081     2.188
        0         0         0         1

-0.215259 -0.762108  0.610618  0.453535
-0.968161 0.0847264 -0.235555   1.07096
 0.127783 -0.641882 -0.756081     2.188
        0         0         0         1

-0.210551 -0.776631  0.593727  0.462319
-0.964298 0.0652105 -0.256666   1.09813
 0.160618 -0.626571 -0.762634    2.2294
        0         0         0         1

-0.210551 -0.776631  0.593727  0.462319
-0.964298 0.0652105 -0.256666   1.09813
 0.160618 -0.626571 -0.762634    2.2294
        0         0         0         1

-0.225507 -0.808299  0.543875  0.493705
-0.943556 0.0421985 -0.328513   1.16783
 0.242586 -0.587259 -0.772191   2.25793
        0         0         0         1

-0.225507 -0.808299  0.543875  0.493705
-0.943556 0.0421985 -0.328513   1.16783
 0.242586 -0.587259 -0.772191   2.25793
        0         0         0         1

-0.233348 -0.835318  0.497787  0.521578
-0.933214 0.0485294 -0.356028   1.19963
 0.273239 -0.547621 -0.790855   2.30349
        0         0         0         1

