 0.562684 -0.184647  0.805787   1.20959
-0.826305 -0.154673  0.541568   1.07572
0.0246341 -0.970557 -0.239607   1.87028
        0         0         0         1

 0.561657  -0.18687  0.805991   1.20753
-0.827163 -0.148632   0.54195   1.06819
0.0185219 -0.971076 -0.238052   1.86554
        0         0         0         1

 0.553079 -0.198967  0.809021   1.20952
-0.833103 -0.124496  0.538925   1.04884
-0.00650789 -0.972066 -0.234616   1.86141
        0         0         0         1

  0.54987 -0.204913  0.809725   1.20798
-0.835079 -0.115211  0.537931   1.04105
-0.0169396 -0.971976 -0.234469    1.8571
        0         0         0         1

  0.538096   -0.22271   0.812929    1.21398
 -0.841878 -0.0949089   0.531257    1.02452
 -0.041162  -0.970254  -0.238565    1.84612
         0          0          0          1

  0.538062  -0.223924   0.812618    1.21119
 -0.841379 -0.0846962   0.533767    1.01749
-0.0506977  -0.970919  -0.233977    1.84052
         0          0          0          1

   0.53145  -0.223305   0.817127    1.21133
 -0.842335 -0.0372433   0.537667   0.991208
-0.0896314  -0.974037  -0.207891    1.82054
         0          0          0          1

  0.526362  -0.222052   0.820753    1.21706
 -0.844318 -0.0225774   0.535366   0.984369
 -0.100349  -0.974773  -0.199367    1.81487
         0          0          0          1

  0.523806  -0.212412   0.824929    1.21914
 -0.843937 0.00218701   0.536438   0.972177
  -0.11575  -0.977178  -0.178117     1.8023
         0          0          0          1

 0.524738 -0.208162   0.82542   1.21825
-0.842603 0.0109509  0.538424  0.966426
-0.121118 -0.978033 -0.169651   1.79527
        0         0         0         1

 0.524264 -0.202177  0.827207   1.21825
-0.838208 0.0487962  0.543163   0.94477
-0.150179 -0.978133 -0.143884   1.77634
        0         0         0         1

 0.520074 -0.205632  0.828999   1.22031
-0.838757  0.060312  0.541156  0.938591
-0.161277 -0.976769 -0.141108   1.77246
        0         0         0         1

 0.511939 -0.216728  0.831233   1.22557
-0.840034 0.0760218  0.537181  0.927544
-0.179614 -0.973268  -0.14314   1.76043
        0         0         0         1

 0.508765 -0.221613  0.831893   1.22628
-0.840265 0.0825003  0.535862   0.92288
-0.187385 -0.971639  -0.14424   1.75412
        0         0         0         1

  0.50691 -0.230119  0.830715   1.22496
-0.836321  0.102174  0.538634  0.911597
-0.208827 -0.967784 -0.140661   1.74449
        0         0         0         1

 0.503851 -0.235959  0.830938     1.227
-0.836054  0.108599  0.537792  0.907374
-0.217136 -0.965676 -0.142557   1.73837
        0         0         0         1

  0.50022  -0.25023  0.828954   1.23093
-0.828467  0.140125  0.542225  0.890887
-0.251838 -0.957993 -0.137214   1.71956
        0         0         0         1

 0.498777 -0.253115  0.828948   1.23233
-0.827417  0.145725  0.542352  0.887231
-0.258076 -0.956398 -0.136747   1.71209
        0         0         0         1

 0.497723 -0.255925  0.828718    1.2343
-0.822696  0.163275  0.544529  0.879044
-0.274668 -0.952808 -0.129283   1.69921
        0         0         0         1

 0.499726 -0.256086  0.827463    1.2344
-0.819257  0.170429  0.547515  0.875628
-0.281234 -0.951511 -0.124633   1.69367
        0         0         0         1

 0.501446  -0.25307   0.82735   1.23864
-0.808557  0.203212  0.552214   0.86152
-0.307877 -0.945865 -0.102722   1.67611
        0         0         0         1

  0.500925  -0.251671   0.828092    1.23913
  -0.80758   0.208191   0.551789   0.858651
 -0.311271  -0.945155 -0.0989567    1.66953
         0          0          0          1

 0.501319 -0.247141  0.829217   1.23993
-0.802955  0.224205  0.552264  0.851573
-0.322401 -0.942684 -0.086045   1.66067
        0         0         0         1

  0.499815  -0.245305   0.830668    1.24102
 -0.802234    0.23042   0.550752   0.848945
 -0.326505  -0.941664 -0.0816249    1.65558
         0          0          0          1

  0.497526  -0.241783   0.833072    1.24237
  -0.79938   0.245128   0.548547   0.842709
 -0.336838  -0.938858 -0.0713189    1.64683
         0          0          0          1

  0.496697  -0.240386    0.83397    1.24291
 -0.798959   0.248726   0.547539   0.840285
 -0.339051  -0.938269 -0.0685172    1.64081
         0          0          0          1

  0.486354  -0.238454   0.840594    1.24823
 -0.797703     0.2714   0.538527    0.83037
 -0.356552   -0.93246 -0.0582192    1.62353
         0          0          0          1

   0.48721  -0.237696   0.840314    1.24706
 -0.794966   0.277566   0.539431   0.828086
 -0.361463  -0.930837 -0.0537269    1.62001
         0          0          0          1

 0.481383 -0.237283  0.843782   1.24991
-0.794647  0.288083  0.534364   0.82323
-0.369874 -0.927742 -0.049878   1.61019
        0         0         0         1

  0.479224  -0.236261   0.845296    1.25088
 -0.794292   0.293015   0.532206   0.821226
 -0.373423  -0.926457 -0.0472403    1.60566
         0          0          0          1

  0.473877  -0.234029   0.848924    1.25398
 -0.790242   0.312334   0.527224   0.812872
 -0.388533  -0.920694 -0.0369321    1.59037
         0          0          0          1

  0.473954  -0.232541   0.849289     1.2543
 -0.788185   0.317991   0.526922   0.810724
 -0.392597  -0.919134 -0.0325716    1.58686
         0          0          0          1

  0.472015  -0.230247   0.850992    1.25596
 -0.785711   0.327915   0.524528   0.806448
 -0.399824  -0.916219 -0.0261271    1.57823
         0          0          0          1

   0.47256  -0.228959   0.851037    1.25635
 -0.783411   0.333185   0.524648   0.804445
 -0.403675   -0.91464 -0.0219189     1.5753
         0          0          0          1

  0.473792  -0.226724   0.850951    1.25626
 -0.779546   0.341539   0.525033   0.800539
  -0.40967  -0.912112 -0.0149233    1.56684
         0          0          0          1

   0.47132  -0.224838   0.852822    1.25836
  -0.77839   0.348609   0.522092   0.798289
 -0.414688  -0.909901 -0.0107052     1.5642
         0          0          0          1

      0.4694    -0.221341     0.854794      1.25939
   -0.773368     0.364107     0.518968     0.791129
   -0.426105    -0.904674 -0.000266639      1.55231
           0            0            0            1

   0.468049   -0.221554    0.855479     1.25947
  -0.772629    0.367273    0.517837    0.789406
  -0.428924   -0.903341 0.000722514     1.54851
          0           0           0           1

  0.463375  -0.223193   0.857595    1.26037
 -0.771613   0.374278   0.514325   0.785773
 -0.435773  -0.900056 0.00121282    1.54212
         0          0          0          1

    0.461047    -0.224805     0.858428      1.26093
   -0.771786     0.375826     0.512934     0.784518
    -0.43793    -0.899009 -0.000227658      1.53843
           0            0            0            1

   0.454488   -0.229463     0.86069     1.26249
   -0.77247    0.379605    0.509107    0.781374
  -0.443544    -0.89624 -0.00472703     1.53076
          0           0           0           1

   0.451409   -0.231225    0.861838     1.26303
  -0.772336    0.382488    0.507149    0.779965
  -0.446908    -0.89456 -0.00592411     1.52792
          0           0           0           1

   0.440771    -0.23434    0.866491     1.26521
  -0.772554    0.392468    0.499128    0.774466
  -0.457036   -0.889412 -0.00805125     1.51661
          0           0           0           1

   0.437999   -0.235621    0.867548     1.26603
  -0.772456    0.395009    0.497272    0.773319
  -0.459857   -0.887947 -0.00899271     1.51379
          0           0           0           1

  0.434825  -0.237735   0.868567    1.26604
 -0.769757   0.402427   0.495506   0.770215
 -0.467334  -0.884044 -0.0080132    1.50894
         0          0          0          1

   0.431908   -0.238213    0.869891      1.2674
  -0.769586    0.405604    0.493177     0.76884
  -0.470313   -0.882462 -0.00814191     1.50609
          0           0           0           1

   0.428143   -0.238838    0.871579     1.26934
  -0.765117    0.417448    0.490239    0.764117
  -0.480926   -0.876752 -0.00401145     1.49752
          0           0           0           1

   0.429751    -0.23845    0.870894     1.26866
  -0.763273    0.419372    0.491469    0.762976
  -0.482419   -0.875939 -0.00177672     1.49448
          0           0           0           1

  0.432183  -0.237504   0.869948    1.26777
 -0.759948   0.423433   0.493136   0.761236
 -0.485487   -0.87424 0.00251012    1.48854
         0          0          0          1

  0.431338  -0.237263   0.870433    1.26934
 -0.755281   0.432735    0.49223    0.75766
 -0.493455  -0.869739 0.00745525    1.48258
         0          0          0          1

  0.431338  -0.237263   0.870433    1.26934
 -0.755281   0.432735    0.49223    0.75766
 -0.493455  -0.869739 0.00745525    1.48258
         0          0          0          1

   0.43125  -0.237535   0.870402    1.26923
 -0.753529   0.435745    0.49226   0.756395
 -0.496202  -0.868161 0.00892504    1.48066
         0          0          0          1

  0.428243  -0.240461   0.871084    1.27153
 -0.750386    0.44248   0.491051   0.752686
 -0.503516  -0.863938 0.00905042    1.47193
         0          0          0          1

  0.42719 -0.240327  0.871637   1.27216
-0.749489  0.445105  0.490049  0.751506
-0.505743 -0.862626 0.0100218   1.46993
        0         0         0         1

 0.425823 -0.239462  0.872544   1.27362
 -0.74698  0.451141  0.488357  0.749172
-0.510584 -0.859726 0.0132326   1.46574
        0         0         0         1

 0.426348 -0.238605  0.872522    1.2735
-0.745205  0.454107  0.488319  0.748128
-0.512734 -0.858402 0.0157981   1.46428
        0         0         0         1

 0.426555 -0.236629  0.872959   1.27451
-0.740363  0.463053  0.487283  0.745203
-0.519531  -0.85416 0.0223264   1.45763
        0         0         0         1

 0.426205 -0.235918  0.873323   1.27489
-0.740427  0.463666  0.486602  0.744766
-0.519728 -0.854024 0.0229367   1.45509
        0         0         0         1

 0.426785 -0.231795  0.874143   1.27605
-0.739689   0.46664  0.484879  0.743267
-0.520303 -0.853532 0.0276989    1.4505
        0         0         0         1

 0.427854 -0.228258  0.874551   1.27633
-0.738719  0.469218  0.483868  0.742474
-0.520802 -0.853073 0.0321383   1.44931
        0         0         0         1

 0.427566 -0.215021  0.878039   1.27906
-0.739545  0.475377  0.476539  0.740424
-0.519866 -0.853102 0.0442372   1.44413
        0         0         0         1

 0.426742 -0.213619  0.878782   1.27958
-0.739994  0.476132  0.475086  0.739954
-0.519903 -0.853033 0.0451084   1.44319
        0         0         0         1

 0.424313 -0.211723  0.880416   1.28097
-0.741321  0.477121  0.472015  0.738729
-0.520001 -0.852953 0.0454942   1.44097
        0         0         0         1

 0.422933 -0.211007  0.881251   1.28161
 -0.74204  0.477536  0.470464  0.737783
  -0.5201 -0.852898 0.0453896   1.44005
        0         0         0         1

 0.421753 -0.211643  0.881664   1.28181
-0.742583  0.477339  0.469807  0.736452
-0.520284 -0.852851 0.0441566   1.43792
        0         0         0         1

 0.420997    -0.212   0.88194   1.28208
-0.742803  0.477448  0.469348  0.735899
-0.520582 -0.852701 0.0435303   1.43684
        0         0         0         1

  0.41911 -0.215291  0.882041   1.28358
-0.742221  0.478286  0.469415  0.733873
-0.522929 -0.851406 0.0406607   1.43402
        0         0         0         1

 0.417259  -0.21676  0.882558   1.28529
-0.742309  0.478961  0.468587  0.733254
-0.524282 -0.850653 0.0389478   1.43373
        0         0         0         1

 0.414116 -0.220753  0.883049   1.28684
-0.742956  0.478496  0.468037  0.732377
-0.525856 -0.849888  0.034143   1.43135
        0         0         0         1

 0.412314 -0.222827  0.883372   1.28758
 -0.74345  0.478141  0.467615   0.73194
-0.526573 -0.849547 0.0314836   1.43011
        0         0         0         1

 0.407617 -0.230617  0.883552   1.28845
-0.743039  0.478666   0.46773  0.730069
-0.530793 -0.847168 0.0237549   1.42919
        0         0         0         1

 0.406753 -0.234143  0.883023   1.28796
-0.742844  0.477838  0.468885  0.729667
-0.531728 -0.846668 0.0204301    1.4285
        0         0         0         1

 0.403604 -0.244159  0.881754   1.28801
-0.741977  0.476533  0.471578  0.728828
-0.535325 -0.844572 0.0111701   1.42768
        0         0         0         1

  0.402636  -0.249568   0.880682    1.28764
 -0.741893   0.474583   0.473672   0.728562
  -0.53617  -0.844089 0.00593178    1.42707
         0          0          0          1

    0.398899    -0.257178     0.880193      1.28863
   -0.740045     0.476521     0.474616     0.727519
   -0.541492    -0.840706 -0.000239476      1.42783
           0            0            0            1

   0.397415   -0.261136    0.879699     1.28914
  -0.740176    0.475425    0.475512    0.727302
  -0.542404   -0.840107 -0.00434551     1.42742
          0           0           0           1

  0.391276  -0.273954   0.878551    1.29067
 -0.740843   0.472578   0.477307   0.726759
 -0.545944  -0.837627 -0.0180491    1.42577
         0          0          0          1

  0.389788  -0.277523   0.878093    1.29096
 -0.741857   0.470323   0.477959   0.726604
 -0.545632  -0.837722 -0.0225563    1.42455
         0          0          0          1

  0.383405   -0.28479   0.878576    1.29256
 -0.742758   0.470298   0.476582   0.726254
 -0.548919  -0.835293 -0.0312159    1.42368
         0          0          0          1

  0.381705  -0.288338   0.878158    1.29265
  -0.74263   0.469967   0.477107   0.726328
 -0.550274  -0.834261 -0.0347401    1.42371
         0          0          0          1

  0.373127  -0.297945   0.878638    1.29337
 -0.743882   0.469882   0.475237     0.7263
  -0.55445  -0.830927 -0.0463103    1.42348
         0          0          0          1

  0.372678  -0.300848   0.877839    1.29301
 -0.744506   0.467738   0.476374   0.726381
 -0.553915   -0.83109 -0.0496676    1.42274
         0          0          0          1

  0.369423  -0.304165   0.878072    1.29312
 -0.744943   0.467928   0.475504   0.726407
 -0.555506  -0.829776 -0.0537219    1.42252
         0          0          0          1

  0.367746  -0.304923   0.878513    1.29334
 -0.746083   0.467169   0.474461   0.726444
 -0.555088  -0.829925 -0.0556978    1.42219
         0          0          0          1

  0.365094  -0.305654   0.879365    1.29356
 -0.748797   0.464849   0.472459   0.726498
 -0.553181  -0.830958 -0.0591592    1.42118
         0          0          0          1

 0.364246  -0.30647  0.879432   1.29317
-0.748723  0.465205  0.472227  0.726487
 -0.55384 -0.830458 -0.060012   1.42102
        0         0         0         1

   0.35974   -0.31147   0.879531    1.29239
 -0.749337    0.46522   0.471238   0.726207
 -0.555951  -0.828587 -0.0660378    1.42107
         0          0          0          1

  0.357795  -0.313406   0.879636    1.29247
 -0.750289   0.464316   0.470614   0.726181
 -0.555922  -0.828364 -0.0690156    1.42096
         0          0          0          1

  0.357121  -0.317829   0.878322    1.29173
   -0.7491   0.464246   0.472572   0.726113
 -0.557955  -0.826716 -0.0722942    1.42139
         0          0          0          1

   0.35503  -0.318603   0.878889     1.2919
 -0.749317   0.465171   0.471317   0.725969
 -0.558997  -0.825898 -0.0735846    1.42167
         0          0          0          1

  0.351623  -0.318696   0.880224    1.29241
 -0.751304   0.464874   0.468437   0.725869
 -0.558483  -0.826029 -0.0759775    1.42137
         0          0          0          1

    0.3518  -0.318163   0.880346     1.2921
  -0.75104    0.46541   0.468329   0.725943
 -0.558726  -0.825934 -0.0752217    1.42135
         0          0          0          1

  0.349757  -0.312623    0.88314    1.29139
 -0.752489   0.467791   0.463608   0.726172
 -0.558059  -0.826703 -0.0716324    1.42157
         0          0          0          1

  0.349195   -0.31264   0.883357    1.29051
 -0.753292   0.467029   0.463072   0.726442
 -0.557328  -0.827128 -0.0724253    1.42178
         0          0          0          1

  0.345922  -0.312092   0.884837    1.28923
 -0.755063   0.467222   0.459982   0.726904
 -0.556972  -0.827226 -0.0740266    1.42306
         0          0          0          1

 0.343076  -0.31243  0.885825   1.28884
-0.757111  0.466195  0.457652  0.727288
-0.555951 -0.827677 -0.076604    1.4235
        0         0         0         1

  0.331513  -0.315885   0.888997    1.28751
 -0.764904   0.461612   0.449261   0.728857
 -0.552287  -0.828934 -0.0885919    1.42679
         0          0          0          1

  0.332255   -0.31814   0.887915    1.28518
 -0.765281   0.459339   0.450946   0.729683
 -0.551318  -0.829334 -0.0908493    1.42814
         0          0          0          1

  0.329897  -0.321461   0.887599    1.28359
 -0.768127   0.455166   0.450339   0.731161
 -0.548771  -0.830354 -0.0967649    1.43021
         0          0          0          1

  0.329197  -0.323196   0.887228     1.2828
 -0.769196   0.453203   0.450493   0.732133
 -0.547692  -0.830753 -0.0994079    1.43131
         0          0          0          1

 0.327226 -0.327148  0.886509   1.28151
-0.770339   0.45098  0.450771  0.733767
-0.547266 -0.830416 -0.104442   1.43519
        0         0         0         1

 0.327487 -0.328454  0.885929   1.28046
-0.771207  0.448794  0.451468  0.734704
-0.545886 -0.831085 -0.106332   1.43624
        0         0         0         1

 0.329172 -0.331345  0.884227   1.27696
-0.773094  0.443112  0.453847  0.739115
-0.542191 -0.832984 -0.110301   1.44333
        0         0         0         1

 0.327904 -0.331061  0.884804   1.27741
-0.774766  0.441684  0.452386   0.74032
-0.540571 -0.833855 -0.111665   1.44512
        0         0         0         1

  0.32852 -0.330633  0.884735   1.27544
-0.778518  0.435582   0.45186  0.743913
-0.534775 -0.837228 -0.114307   1.44728
        0         0         0         1

 0.328364 -0.329437  0.885239   1.27536
-0.779731  0.434414  0.450893  0.745477
-0.533102 -0.838305 -0.114226    1.4503
        0         0         0         1

 0.330197 -0.325419  0.886043   1.27135
-0.786763  0.423743  0.448827  0.752072
-0.521512 -0.845307 -0.116109   1.45788
        0         0         0         1

 0.331648 -0.324743  0.885749   1.26984
-0.788273   0.42043  0.449293  0.754145
-0.518301 -0.847219 -0.116551    1.4606
        0         0         0         1

 0.333759 -0.324916  0.884892   1.26763
-0.792207   0.41208  0.450109  0.758848
-0.510894 -0.851246 -0.119865   1.46548
        0         0         0         1

 0.333117 -0.324683   0.88522    1.2673
-0.793584  0.410444  0.449177  0.760678
-0.509173 -0.852125 -0.120937   1.46902
        0         0         0         1

 0.336429 -0.324565  0.884009   1.26518
 -0.79688  0.402087  0.450897  0.765283
-0.501795 -0.856144 -0.123366   1.47456
        0         0         0         1

 0.337197 -0.323611  0.884067   1.26555
-0.797676  0.400543  0.450864  0.767541
-0.500011 -0.857229 -0.123075   1.47837
        0         0         0         1

 0.343021 -0.320764  0.882863    1.2616
-0.803169  0.387224  0.452745  0.776782
 -0.48709 -0.864389 -0.124802   1.48992
        0         0         0         1

 0.344169 -0.319478  0.882882   1.26041
-0.804851  0.383834  0.452644  0.779298
 -0.48349 -0.866375 -0.125028   1.49324
        0         0         0         1

 0.350642 -0.318048   0.88085   1.25526
 -0.80642  0.375692  0.456664  0.785404
-0.476169  -0.87046 -0.124747   1.50096
        0         0         0         1

  0.34864 -0.318256  0.881569   1.25555
-0.809544  0.371745   0.45436  0.788573
-0.472322 -0.872077 -0.128037   1.50409
        0         0         0         1

 0.347734 -0.318726  0.881756   1.25163
-0.819851  0.352911  0.450887  0.800457
-0.454891 -0.879697 -0.138589   1.51664
        0         0         0         1

 0.349258 -0.317956  0.881432   1.24936
-0.822292  0.347028  0.451007  0.803916
-0.449281 -0.882313  -0.14025   1.52039
        0         0         0         1

 0.348156 -0.317824  0.881915   1.24722
-0.828496  0.335855  0.448103  0.811069
-0.438613 -0.886673 -0.146386   1.52922
        0         0         0         1

 0.346574 -0.317885  0.882517   1.24612
-0.832019  0.330282  0.445711  0.814606
-0.433164 -0.888742 -0.150019   1.53334
        0         0         0         1

 0.346396 -0.315629  0.883396   1.24225
-0.838913  0.317191  0.442283  0.822432
-0.419803 -0.894298 -0.154911   1.54259
        0         0         0         1

 0.346645  -0.31332  0.884119   1.23954
-0.841562  0.312389  0.440666   0.82596
-0.414259 -0.896796  -0.15539    1.5475
        0         0         0         1

 0.342818 -0.305408  0.888371   1.23426
-0.852742  0.295551  0.430675  0.840136
-0.394091 -0.905194 -0.159113   1.56648
        0         0         0         1

  0.34636  -0.30321  0.887749   1.23021
-0.854269  0.289085  0.432034  0.844329
-0.387632 -0.908016 -0.158895   1.57117
        0         0         0         1

 0.342486 -0.299139  0.890629   1.22913
-0.860554  0.280533  0.425145  0.852802
-0.377028  -0.91204 -0.161346   1.58329
        0         0         0         1

 0.344107 -0.296539  0.890873   1.22739
-0.863064  0.273741  0.424483  0.857581
-0.369744 -0.914948 -0.161736   1.58864
        0         0         0         1

 0.342434 -0.291721  0.893106   1.22245
-0.875446  0.246011  0.416019  0.874817
-0.341075 -0.924325 -0.171143   1.60778
        0         0         0         1

 0.341537 -0.289313  0.894232    1.2207
-0.878946  0.238656  0.412912  0.879572
-0.332875 -0.927006 -0.172781   1.61343
        0         0         0         1

 0.339823 -0.285786  0.896017   1.21788
-0.886904  0.219614  0.406413  0.890426
-0.312925 -0.932789 -0.178835    1.6249
        0         0         0         1

 0.340443 -0.283916  0.896376   1.21518
-0.889399  0.212071  0.404963  0.895559
-0.305071 -0.935103 -0.180316    1.6319
        0         0         0         1

 0.342068 -0.282075  0.896339   1.20913
-0.894421  0.194717  0.402613  0.907456
-0.288099 -0.939425 -0.185687   1.64512
        0         0         0         1

 0.342056 -0.281161  0.896631   1.20699
-0.897818  0.183841  0.400157  0.913385
-0.277346 -0.941887 -0.189547   1.64903
        0         0         0         1

 0.341846 -0.275463  0.898477   1.19908
-0.906285  0.156256  0.392723  0.934655
-0.248573 -0.948527 -0.196233   1.67241
        0         0         0         1

 0.341734 -0.274223  0.898899   1.19661
-0.908029  0.150243  0.391039   0.94049
-0.242285 -0.949857 -0.197659   1.67968
        0         0         0         1

 0.337449 -0.271825  0.901243   1.19326
-0.914944  0.130436  0.381921  0.954603
 -0.22137 -0.953466 -0.204689   1.69119
        0         0         0         1

 0.333425 -0.272052  0.902671   1.19301
 -0.91817   0.12362  0.376407  0.959806
 -0.21399 -0.954309 -0.208572   1.69821
        0         0         0         1

 0.328273 -0.263249  0.907159   1.18327
-0.927391  0.092574  0.362458  0.983423
-0.179396 -0.960276 -0.213745   1.72323
        0         0         0         1

 0.327755 -0.261692  0.907796   1.18037
-0.929915 0.0803253  0.358896  0.990448
-0.166839 -0.961803 -0.217025   1.72739
        0         0         0         1

  0.32463 -0.260695  0.909205   1.17677
-0.933961  0.063525  0.351684   1.00412
-0.149439 -0.963329 -0.222857   1.74264
        0         0         0         1

 0.324247 -0.261337  0.909157   1.17596
-0.935776 0.0521166  0.348721   1.01125
-0.138516  -0.96384 -0.227654   1.74863
        0         0         0         1

 0.324585 -0.260633  0.909239   1.16875
-0.938296 0.0325733  0.344295   1.02559
-0.119352 -0.964888 -0.233978   1.76453
        0         0         0         1

 0.326182 -0.261848  0.908318   1.16545
 -0.93904 0.0207086  0.343185   1.03209
-0.108672 -0.964887 -0.239131   1.77046
        0         0         0         1

  0.326011   -0.27021   0.905927    1.15819
 -0.942074 -0.0129563   0.335155    1.05843
-0.0788247  -0.962714  -0.258781    1.79378
         0          0          0          1

  0.326895  -0.270443   0.905539    1.15594
 -0.942415 -0.0216442   0.333743    1.06568
-0.0706588  -0.962493  -0.261945    1.80082
         0          0          0          1

 0.328422 -0.271381  0.904705   1.15058
-0.943425 -0.047906  0.328108   1.08223
-0.0457015 -0.961279 -0.271761    1.8098
        0         0         0         1

 0.333867  -0.26839  0.903604   1.14369
-0.941742 -0.053613  0.332035   1.08857
-0.0406698 -0.961817 -0.270654    1.8195
        0         0         0         1

   0.33881  -0.264823   0.902816    1.13179
 -0.940814 -0.0863639   0.327736    1.11656
-0.00882132  -0.960422   -0.27841    1.84555
         0          0          0          1

  0.339617  -0.265666   0.902265    1.12828
 -0.940556 -0.0920113   0.326938    1.12287
-0.00383789  -0.959664  -0.281123    1.85456
         0          0          0          1

 0.342223 -0.264975  0.901483   1.12005
-0.939474 -0.113365  0.323323   1.13797
 0.016524 -0.957568 -0.287733    1.8672
        0         0         0         1

 0.342038 -0.264264  0.901762   1.11775
-0.939323 -0.122838  0.320287   1.14561
0.0261299 -0.956596 -0.290245   1.87284
        0         0         0         1

 0.340148 -0.268023  0.901367   1.11525
-0.939576 -0.136289  0.314041   1.16181
0.0386765 -0.953724 -0.298187   1.88893
        0         0         0         1

 0.339783 -0.269911  0.900942   1.11303
-0.939121 -0.149295  0.309455   1.17076
0.0509807 -0.951241 -0.304207   1.89054
        0         0         0         1

