  0.42808 -0.401079  0.809866   0.99312
-0.902554 -0.143828  0.405844   1.08235
-0.0462946 -0.904682 -0.423566   1.96971
        0         0         0         1

  0.41981 -0.408503  0.810484  0.991137
-0.904636 -0.116076  0.410073    1.0525
-0.0734385 -0.905346 -0.418277   1.95831
        0         0         0         1

  0.41981 -0.408503  0.810484  0.991137
-0.904636 -0.116076  0.410073    1.0525
-0.0734385 -0.905346 -0.418277   1.95831
        0         0         0         1

  0.407148  -0.410804   0.815764   0.993469
 -0.905249 -0.0627144   0.420228    1.01163
 -0.121471  -0.909564  -0.397414    1.93815
         0          0          0          1

  0.407148  -0.410804   0.815764   0.993469
 -0.905249 -0.0627144   0.420228    1.01163
 -0.121471  -0.909564  -0.397414    1.93815
         0          0          0          1

 0.404911 -0.400907  0.821779  0.993828
-0.902011 -0.027953  0.430806  0.986953
-0.149742 -0.915692 -0.372941   1.92341
        0         0         0         1

 0.404911 -0.400907  0.821779  0.993828
-0.902011 -0.027953  0.430806  0.986953
-0.149742 -0.915692 -0.372941   1.92341
        0         0         0         1

 0.407852 -0.389013   0.82603  0.989126
-0.893618 0.0155727  0.448557  0.952674
-0.187358 -0.921101 -0.341278   1.89544
        0         0         0         1

 0.407852 -0.389013   0.82603  0.989126
-0.893618 0.0155727  0.448557  0.952674
-0.187358 -0.921101 -0.341278   1.89544
        0         0         0         1

 0.400227 -0.395717  0.826575  0.989868
-0.890661 0.0443686  0.452498  0.929929
-0.215735   -0.9173 -0.334692   1.88192
        0         0         0         1

 0.400227 -0.395717  0.826575  0.989868
-0.890661 0.0443686  0.452498  0.929929
-0.215735   -0.9173 -0.334692   1.88192
        0         0         0         1

 0.389851 -0.406575  0.826264  0.992357
 -0.88969 0.0652403  0.451879   0.91079
-0.237629 -0.911285 -0.336292   1.86296
        0         0         0         1

 0.389851 -0.406575  0.826264  0.992357
 -0.88969 0.0652403  0.451879   0.91079
-0.237629 -0.911285 -0.336292   1.86296
        0         0         0         1

 0.389354   -0.4154  0.822099  0.985525
-0.878584  0.100509  0.466892   0.88119
-0.276575 -0.904069  -0.32583   1.83639
        0         0         0         1

 0.389354   -0.4154  0.822099  0.985525
-0.878584  0.100509  0.466892   0.88119
-0.276575 -0.904069  -0.32583   1.83639
        0         0         0         1

 0.388874 -0.419267  0.820361  0.986258
-0.870027  0.125765  0.476693  0.863558
-0.303034  -0.89911 -0.315867   1.81926
        0         0         0         1

 0.388874 -0.419267  0.820361  0.986258
-0.870027  0.125765  0.476693  0.863558
-0.303034  -0.89911 -0.315867   1.81926
        0         0         0         1

 0.388824 -0.421374  0.819305  0.986348
-0.856132  0.163288  0.490281  0.838993
-0.340374 -0.892066 -0.297261   1.78953
        0         0         0         1

 0.388824 -0.421374  0.819305  0.986348
-0.856132  0.163288  0.490281  0.838993
-0.340374 -0.892066 -0.297261   1.78953
        0         0         0         1

 0.388805 -0.418997  0.820532  0.986757
-0.846872  0.188191  0.497384  0.824965
 -0.36282 -0.888271 -0.281667   1.76882
        0         0         0         1

 0.388805 -0.418997  0.820532  0.986757
-0.846872  0.188191  0.497384  0.824965
 -0.36282 -0.888271 -0.281667   1.76882
        0         0         0         1

 0.387767 -0.413627  0.823741  0.989024
-0.836606  0.217221  0.502897  0.812162
-0.386945 -0.884154 -0.261812   1.74928
        0         0         0         1

 0.387767 -0.413627  0.823741  0.989024
-0.836606  0.217221  0.502897  0.812162
-0.386945 -0.884154 -0.261812   1.74928
        0         0         0         1

 0.392138 -0.389424  0.833413  0.988786
-0.821913  0.258565  0.507546   0.79452
-0.413142 -0.884021  -0.21868   1.71786
        0         0         0         1

 0.392138 -0.389424  0.833413  0.988786
-0.821913  0.258565  0.507546   0.79452
-0.413142 -0.884021  -0.21868   1.71786
        0         0         0         1

 0.393557 -0.366437  0.843112    0.9904
-0.814955  0.285321  0.504421  0.784189
-0.425396 -0.885616 -0.186339   1.69797
        0         0         0         1

 0.393557 -0.366437  0.843112    0.9904
-0.814955  0.285321  0.504421  0.784189
-0.425396 -0.885616 -0.186339   1.69797
        0         0         0         1

 0.391541 -0.337205  0.856148   0.99172
  -0.8076  0.319986  0.495369  0.770783
-0.440996 -0.885382 -0.147039   1.66878
        0         0         0         1

 0.391541 -0.337205  0.856148   0.99172
  -0.8076  0.319986  0.495369  0.770783
-0.440996 -0.885382 -0.147039   1.66878
        0         0         0         1

 0.389048 -0.320884  0.863525  0.991765
 -0.80487  0.337595  0.488071  0.763684
-0.448136 -0.884909  -0.12693   1.64779
        0         0         0         1

 0.389048 -0.320884  0.863525  0.991765
 -0.80487  0.337595  0.488071  0.763684
-0.448136 -0.884909  -0.12693   1.64779
        0         0         0         1

 0.381986 -0.309795  0.870697   0.99527
-0.801493  0.358001  0.479003  0.756917
-0.460103  -0.88083 -0.111547    1.6305
        0         0         0         1

 0.381986 -0.309795  0.870697   0.99527
-0.801493  0.358001  0.479003  0.756917
-0.460103  -0.88083 -0.111547    1.6305
        0         0         0         1

  0.377467  -0.286836   0.880479   0.996545
 -0.793554   0.389859   0.467207   0.747413
 -0.477274  -0.875063 -0.0804606    1.60719
         0          0          0          1

  0.377467  -0.286836   0.880479   0.996545
 -0.793554   0.389859   0.467207   0.747413
 -0.477274  -0.875063 -0.0804606    1.60719
         0          0          0          1

  0.373365  -0.270268   0.887442   0.999202
  -0.79203   0.405195   0.456624    0.74335
 -0.482998  -0.873368 -0.0627753    1.58903
         0          0          0          1

  0.373365  -0.270268   0.887442   0.999202
  -0.79203   0.405195   0.456624    0.74335
 -0.482998  -0.873368 -0.0627753    1.58903
         0          0          0          1

  0.370702  -0.248695   0.894836    1.00203
 -0.785633   0.429895    0.44494    0.73706
  -0.49534  -0.867952 -0.0360202    1.56788
         0          0          0          1

  0.370702  -0.248695   0.894836    1.00203
 -0.785633   0.429895    0.44494    0.73706
  -0.49534  -0.867952 -0.0360202    1.56788
         0          0          0          1

   0.37117  -0.235623   0.898173    1.00256
 -0.780915   0.444132   0.439225   0.733105
 -0.502399  -0.864424 -0.0191528    1.55374
         0          0          0          1

   0.37117  -0.235623   0.898173    1.00256
 -0.780915   0.444132   0.439225   0.733105
 -0.502399  -0.864424 -0.0191528    1.55374
         0          0          0          1

   0.369065   -0.224618    0.901852     1.00462
  -0.776239    0.459145    0.432017    0.729377
   -0.51112   -0.859496 -0.00490287     1.54264
          0           0           0           1

   0.369065   -0.224618    0.901852     1.00462
  -0.776239    0.459145    0.432017    0.729377
   -0.51112   -0.859496 -0.00490287     1.54264
          0           0           0           1

  0.365568  -0.213643   0.905934    1.00645
  -0.77055   0.476508   0.423311   0.724544
 -0.522123  -0.852817 0.00957341    1.52641
         0          0          0          1

  0.365568  -0.213643   0.905934    1.00645
  -0.77055   0.476508   0.423311   0.724544
 -0.522123  -0.852817 0.00957341    1.52641
         0          0          0          1

 0.359702 -0.209305  0.909289   1.01015
-0.769241  0.485031  0.415948  0.722169
-0.528094 -0.849079 0.0134607   1.51585
        0         0         0         1

 0.359702 -0.209305  0.909289   1.01015
-0.769241  0.485031  0.415948  0.722169
-0.528094 -0.849079 0.0134607   1.51585
        0         0         0         1

 0.356531 -0.210171  0.910337    1.0116
-0.764404  0.494618   0.41357  0.717761
-0.537189 -0.843316 0.0156916   1.50314
        0         0         0         1

 0.356531 -0.210171  0.910337    1.0116
-0.764404  0.494618   0.41357  0.717761
-0.537189 -0.843316 0.0156916   1.50314
        0         0         0         1

 0.355813 -0.207214  0.911295   1.01255
-0.763505  0.497874  0.411317  0.715417
-0.538941  -0.84213 0.0189412   1.49401
        0         0         0         1

 0.355813 -0.207214  0.911295   1.01255
-0.763505  0.497874  0.411317  0.715417
-0.538941  -0.84213 0.0189412   1.49401
        0         0         0         1

 0.355714  -0.20447  0.911954   1.01335
-0.760905  0.503221  0.409624  0.712422
 -0.54267 -0.839619 0.0234204   1.48725
        0         0         0         1

 0.355714  -0.20447  0.911954   1.01335
-0.760905  0.503221  0.409624  0.712422
 -0.54267 -0.839619 0.0234204   1.48725
        0         0         0         1

 0.354668 -0.198657  0.913644   1.01474
-0.759485  0.508726  0.405439  0.708078
-0.545338 -0.837695 0.0295519   1.47866
        0         0         0         1

 0.354668 -0.198657  0.913644   1.01474
-0.759485  0.508726  0.405439  0.708078
-0.545338 -0.837695 0.0295519   1.47866
        0         0         0         1

 0.352848   -0.1949  0.915157   1.01661
-0.760485  0.510081  0.401845  0.705757
-0.545124 -0.837753 0.0317623   1.47272
        0         0         0         1

 0.352848   -0.1949  0.915157   1.01661
-0.760485  0.510081  0.401845  0.705757
-0.545124 -0.837753 0.0317623   1.47272
        0         0         0         1

 0.351563  -0.18762  0.917171   1.01812
-0.761853  0.512012  0.396767  0.701885
-0.544044 -0.838237 0.0370659   1.46514
        0         0         0         1

 0.351563  -0.18762  0.917171   1.01812
-0.761853  0.512012  0.396767  0.701885
-0.544044 -0.838237 0.0370659   1.46514
        0         0         0         1

 0.353556 -0.180083  0.917915   1.01852
-0.761735  0.514118  0.394262  0.699611
-0.542917 -0.838602  0.044594    1.4607
        0         0         0         1

 0.353556 -0.180083  0.917915   1.01852
-0.761735  0.514118  0.394262  0.699611
-0.542917 -0.838602  0.044594    1.4607
        0         0         0         1

 0.357159 -0.172671  0.917945   1.01796
-0.762432  0.513819  0.393303  0.697513
-0.539569 -0.840342  0.051865   1.45594
        0         0         0         1

 0.357159 -0.172671  0.917945   1.01796
-0.762432  0.513819  0.393303  0.697513
-0.539569 -0.840342  0.051865   1.45594
        0         0         0         1

 0.355039 -0.167955   0.91964   1.01962
-0.762983  0.516373  0.388865  0.694751
-0.540189 -0.839732 0.0551852   1.45116
        0         0         0         1

 0.355039 -0.167955   0.91964   1.01962
-0.762983  0.516373  0.388865  0.694751
-0.540189 -0.839732 0.0551852   1.45116
        0         0         0         1

 0.354542  -0.16876  0.919685   1.01958
-0.762388  0.517282  0.388824  0.692818
-0.541354 -0.839011  0.054738   1.44916
        0         0         0         1

 0.354542  -0.16876  0.919685   1.01958
-0.762388  0.517282  0.388824  0.692818
-0.541354 -0.839011  0.054738   1.44916
        0         0         0         1

 0.349377 -0.171668  0.921122   1.02291
-0.764311  0.516447  0.386149  0.691354
   -0.542 -0.838936  0.049227   1.44487
        0         0         0         1

 0.349377 -0.171668  0.921122   1.02291
-0.764311  0.516447  0.386149  0.691354
   -0.542 -0.838936  0.049227   1.44487
        0         0         0         1

 0.345891 -0.172998  0.922188   1.02308
-0.765304  0.516608  0.383961  0.690462
-0.542834 -0.838563 0.0462944   1.44337
        0         0         0         1

 0.345891 -0.172998  0.922188   1.02308
-0.765304  0.516608  0.383961  0.690462
-0.542834 -0.838563 0.0462944   1.44337
        0         0         0         1

 0.344275 -0.172838  0.922823   1.02312
-0.765784   0.51697  0.382513  0.689467
-0.543184 -0.838373 0.0456228   1.44104
        0         0         0         1

 0.344275 -0.172838  0.922823   1.02312
-0.765784   0.51697  0.382513  0.689467
-0.543184 -0.838373 0.0456228   1.44104
        0         0         0         1

 0.338812 -0.183763  0.922734   1.02556
-0.765033  0.517068  0.383882  0.688574
-0.547659 -0.835986  0.034604   1.43936
        0         0         0         1

 0.338812 -0.183763  0.922734   1.02556
-0.765033  0.517068  0.383882  0.688574
-0.547659 -0.835986  0.034604   1.43936
        0         0         0         1

 0.336701 -0.199082  0.920325   1.02522
-0.763088  0.514932  0.390565  0.687936
 -0.55166 -0.833793 0.0214613   1.43813
        0         0         0         1

 0.336701 -0.199082  0.920325   1.02522
-0.763088  0.514932  0.390565  0.687936
 -0.55166 -0.833793 0.0214613   1.43813
        0         0         0         1

  0.334351   -0.21382   0.917873     1.0256
 -0.762517   0.510998   0.396798   0.688014
 -0.553875  -0.832563 0.00781123    1.43544
         0          0          0          1

  0.334351   -0.21382   0.917873     1.0256
 -0.762517   0.510998   0.396798   0.688014
 -0.553875  -0.832563 0.00781123    1.43544
         0          0          0          1

  0.329104  -0.218663   0.918628    1.02745
 -0.762947   0.511655   0.395121   0.688113
 -0.556419  -0.830901 0.00155912    1.43431
         0          0          0          1

  0.329104  -0.218663   0.918628    1.02745
 -0.762947   0.511655   0.395121   0.688113
 -0.556419  -0.830901 0.00155912    1.43431
         0          0          0          1

     0.32813    -0.221035     0.918409      1.02759
   -0.761907     0.512808     0.395633     0.688372
   -0.558416    -0.829561 -0.000140253      1.43393
           0            0            0            1

     0.32813    -0.221035     0.918409      1.02759
   -0.761907     0.512808     0.395633     0.688372
   -0.558416    -0.829561 -0.000140253      1.43393
           0            0            0            1

  0.322089  -0.228077   0.918825    1.02795
 -0.765168   0.508793   0.394522   0.688582
 -0.557473  -0.830127 -0.0106408    1.43186
         0          0          0          1

  0.322089  -0.228077   0.918825    1.02795
 -0.765168   0.508793   0.394522   0.688582
 -0.557473  -0.830127 -0.0106408    1.43186
         0          0          0          1

  0.318138  -0.238047   0.917672     1.0271
 -0.765565   0.506437   0.396776   0.688392
 -0.559195  -0.828767 -0.0211235    1.43207
         0          0          0          1

  0.318138  -0.238047   0.917672     1.0271
 -0.765565   0.506437   0.396776   0.688392
 -0.559195  -0.828767 -0.0211235    1.43207
         0          0          0          1

  0.316978  -0.243879   0.916541    1.02649
 -0.766552   0.503189   0.398997   0.688425
   -0.5585   -0.82905 -0.0274469    1.43111
         0          0          0          1

  0.316978  -0.243879   0.916541    1.02649
 -0.766552   0.503189   0.398997   0.688425
   -0.5585   -0.82905 -0.0274469    1.43111
         0          0          0          1

  0.319638  -0.241476   0.916254    1.02671
 -0.765256   0.504439   0.399906   0.688236
 -0.558762  -0.828994 -0.0235529    1.43049
         0          0          0          1

  0.319638  -0.241476   0.916254    1.02671
 -0.765256   0.504439   0.399906   0.688236
 -0.558762  -0.828994 -0.0235529    1.43049
         0          0          0          1

  0.320081  -0.240444    0.91637    1.02639
 -0.765099   0.504835   0.399706   0.688464
 -0.558722  -0.829053 -0.0223758    1.43065
         0          0          0          1

  0.320081  -0.240444    0.91637    1.02639
 -0.765099   0.504835   0.399706   0.688464
 -0.558722  -0.829053 -0.0223758    1.43065
         0          0          0          1

  0.315667  -0.236449   0.918938    1.02614
  -0.76731   0.506113   0.393808   0.688956
 -0.558202  -0.829422 -0.0216658    1.43158
         0          0          0          1

  0.315667  -0.236449   0.918938    1.02614
  -0.76731   0.506113   0.393808   0.688956
 -0.558202  -0.829422 -0.0216658    1.43158
         0          0          0          1

  0.314411  -0.235345   0.919652    1.02602
 -0.768362   0.505819    0.39213   0.689151
 -0.557463  -0.829915 -0.0217951    1.43163
         0          0          0          1

  0.311016  -0.233271   0.921333     1.0257
 -0.770774   0.505247   0.388115   0.689753
 -0.556037  -0.830849 -0.0226596    1.43189
         0          0          0          1

  0.306139  -0.231427   0.923429    1.02423
 -0.774795   0.503044   0.382935   0.690932
 -0.553147  -0.832699 -0.0253072    1.43268
         0          0          0          1

  0.306139  -0.231427   0.923429    1.02423
 -0.774795   0.503044   0.382935   0.690932
 -0.553147  -0.832699 -0.0253072    1.43268
         0          0          0          1

  0.300743  -0.227364   0.926207    1.02281
 -0.777382    0.50415   0.376177   0.692546
 -0.552476   -0.83315 -0.0251293     1.4372
         0          0          0          1

  0.300743  -0.227364   0.926207    1.02281
 -0.777382    0.50415   0.376177   0.692546
 -0.552476   -0.83315 -0.0251293     1.4372
         0          0          0          1

  0.301051  -0.224419   0.926825    1.02154
 -0.778771   0.503055   0.374769    0.69402
 -0.550349  -0.834609 -0.0233264    1.43962
         0          0          0          1

  0.301051  -0.224419   0.926825    1.02154
 -0.778771   0.503055   0.374769    0.69402
 -0.550349  -0.834609 -0.0233264    1.43962
         0          0          0          1

 0.299884 -0.221061   0.92801   1.02079
-0.781922  0.500321  0.371857  0.696682
-0.546505 -0.837145 -0.022814    1.4443
        0         0         0         1

 0.299884 -0.221061   0.92801   1.02079
-0.781922  0.500321  0.371857  0.696682
-0.546505 -0.837145 -0.022814    1.4443
        0         0         0         1

   0.29822  -0.220707    0.92863    1.01967
 -0.785743   0.495598   0.370122   0.698607
 -0.541916  -0.840042 -0.0256215    1.44886
         0          0          0          1

   0.29822  -0.220707    0.92863    1.01967
 -0.785743   0.495598   0.370122   0.698607
 -0.541916  -0.840042 -0.0256215    1.44886
         0          0          0          1

  0.293687   -0.22268   0.929603    1.01994
 -0.792119   0.487658   0.367067   0.701124
 -0.535067  -0.844158 -0.0331708    1.45399
         0          0          0          1

  0.293687   -0.22268   0.929603    1.01994
 -0.792119   0.487658   0.367067   0.701124
 -0.535067  -0.844158 -0.0331708    1.45399
         0          0          0          1

 0.288945 -0.227589    0.9299   1.01891
-0.800898  0.474672  0.365034  0.705448
-0.524475 -0.850229 -0.045122   1.46403
        0         0         0         1

 0.288945 -0.227589    0.9299   1.01891
-0.800898  0.474672  0.365034  0.705448
-0.524475 -0.850229 -0.045122   1.46403
        0         0         0         1

 0.289181 -0.227293  0.929899   1.01808
-0.806897   0.46479  0.364537  0.708762
-0.515065  -0.85575 -0.048994    1.4706
        0         0         0         1

 0.289181 -0.227293  0.929899   1.01808
-0.806897   0.46479  0.364537  0.708762
-0.515065  -0.85575 -0.048994    1.4706
        0         0         0         1

  0.289883  -0.228675   0.929342    1.01613
  -0.81393    0.45192   0.365083   0.713587
 -0.503473  -0.862251 -0.0551217    1.48455
         0          0          0          1

  0.289883  -0.228675   0.929342    1.01613
  -0.81393    0.45192   0.365083   0.713587
 -0.503473  -0.862251 -0.0551217    1.48455
         0          0          0          1

  0.287806  -0.228443   0.930044    1.01562
 -0.820242    0.44248   0.362512   0.718059
 -0.494339  -0.867194 -0.0600299    1.49417
         0          0          0          1

  0.287806  -0.228443   0.930044    1.01562
 -0.820242    0.44248   0.362512   0.718059
 -0.494339  -0.867194 -0.0600299    1.49417
         0          0          0          1

  0.288691  -0.229059   0.929618    1.01295
 -0.825971   0.431439   0.362811   0.721922
 -0.484179  -0.872578 -0.0646439    1.50478
         0          0          0          1

  0.288691  -0.229059   0.929618    1.01295
 -0.825971   0.431439   0.362811   0.721922
 -0.484179  -0.872578 -0.0646439    1.50478
         0          0          0          1

  0.284782  -0.233408   0.929742    1.01158
 -0.837759   0.410793   0.359735   0.729626
 -0.465897  -0.881345 -0.0785536    1.52291
         0          0          0          1

  0.284782  -0.233408   0.929742    1.01158
 -0.837759   0.410793   0.359735   0.729626
 -0.465897  -0.881345 -0.0785536    1.52291
         0          0          0          1

  0.284921  -0.236143   0.929008    1.01075
 -0.839212   0.406872   0.360803   0.730994
 -0.463189  -0.882435 -0.0822472    1.52769
         0          0          0          1

  0.282893   -0.24144   0.928266    1.01066
 -0.844124   0.396877   0.360477   0.735349
 -0.455441  -0.885548 -0.0915315    1.53725
         0          0          0          1

  0.28475 -0.246743  0.926302   1.00659
-0.852608  0.376482  0.362382  0.744233
-0.438151 -0.892961 -0.103172    1.5596
        0         0         0         1

  0.28475 -0.246743  0.926302   1.00659
-0.852608  0.376482  0.362382  0.744233
-0.438151 -0.892961 -0.103172    1.5596
        0         0         0         1

 0.285586 -0.252402  0.924518   1.00441
-0.859149  0.360002  0.363677  0.751577
-0.424621  -0.89816 -0.114039   1.57483
        0         0         0         1

 0.285586 -0.252402  0.924518   1.00441
-0.859149  0.360002  0.363677  0.751577
-0.424621  -0.89816 -0.114039   1.57483
        0         0         0         1

 0.286147 -0.261261   0.92188   1.00219
-0.867912  0.337007  0.364904  0.764247
-0.406015 -0.904527 -0.130319   1.60126
        0         0         0         1

 0.286147 -0.261261   0.92188   1.00219
-0.867912  0.337007  0.364904  0.764247
-0.406015 -0.904527 -0.130319   1.60126
        0         0         0         1

 0.288591 -0.267644  0.919284  0.999054
-0.876709  0.312043  0.366075  0.774567
-0.384834  -0.91159 -0.144593   1.61571
        0         0         0         1

 0.288591 -0.267644  0.919284  0.999054
-0.876709  0.312043  0.366075  0.774567
-0.384834  -0.91159 -0.144593   1.61571
        0         0         0         1

  0.28817    -0.274  0.917541  0.997712
-0.884742  0.290368   0.36458  0.784462
 -0.36632 -0.916848 -0.158744   1.63332
        0         0         0         1

  0.28817    -0.274  0.917541  0.997712
-0.884742  0.290368   0.36458  0.784462
 -0.36632 -0.916848 -0.158744   1.63332
        0         0         0         1

 0.289686 -0.280563  0.915077  0.995149
-0.894943   0.25958  0.362899  0.801715
-0.339352 -0.924069 -0.175891   1.66246
        0         0         0         1

 0.289686 -0.280563  0.915077  0.995149
-0.894943   0.25958  0.362899  0.801715
-0.339352 -0.924069 -0.175891   1.66246
        0         0         0         1

 0.292314 -0.280597  0.914231  0.993627
-0.902888  0.234106  0.360539  0.814905
-0.315193 -0.930838 -0.184915   1.68035
        0         0         0         1

 0.292314 -0.280597  0.914231  0.993627
-0.902888  0.234106  0.360539  0.814905
-0.315193 -0.930838 -0.184915   1.68035
        0         0         0         1

 0.291169 -0.281999  0.914165     0.994
-0.909931  0.213398  0.355649  0.828644
-0.295374 -0.935381 -0.194465   1.70146
        0         0         0         1

 0.291169 -0.281999  0.914165     0.994
-0.909931  0.213398  0.355649  0.828644
-0.295374 -0.935381 -0.194465   1.70146
        0         0         0         1

 0.293252 -0.285781  0.912323  0.990842
-0.919788  0.175939  0.350764  0.850858
-0.260755 -0.942006 -0.211264   1.73301
        0         0         0         1

 0.293252 -0.285781  0.912323  0.990842
-0.919788  0.175939  0.350764  0.850858
-0.260755 -0.942006 -0.211264   1.73301
        0         0         0         1

 0.294147 -0.286708  0.911743  0.990681
-0.925804   0.15149  0.346321  0.866256
-0.237413 -0.945965 -0.220874   1.75583
        0         0         0         1

 0.294147 -0.286708  0.911743  0.990681
-0.925804   0.15149  0.346321  0.866256
-0.237413 -0.945965 -0.220874   1.75583
        0         0         0         1

 0.292945  -0.28609  0.912324  0.990171
-0.935436  0.111686  0.335389  0.891331
-0.197845 -0.951672 -0.234901   1.79113
        0         0         0         1

 0.292945  -0.28609  0.912324  0.990171
-0.935436  0.111686  0.335389  0.891331
-0.197845 -0.951672 -0.234901   1.79113
        0         0         0         1

 0.287188 -0.289724  0.913008  0.992627
-0.943236 0.0804595  0.322229  0.912463
-0.166818 -0.953722 -0.250171   1.81333
        0         0         0         1

 0.287188 -0.289724  0.913008  0.992627
-0.943236 0.0804595  0.322229  0.912463
-0.166818 -0.953722 -0.250171   1.81333
        0         0         0         1

 0.283479 -0.294538  0.912627  0.994321
-0.948596 0.0535369   0.31193  0.930943
-0.140734 -0.954139  -0.26422   1.83913
        0         0         0         1

 0.283479 -0.294538  0.912627  0.994321
-0.948596 0.0535369   0.31193  0.930943
-0.140734 -0.954139  -0.26422   1.83913
        0         0         0         1

  0.287207  -0.295502   0.911148   0.990146
 -0.953004 0.00759243   0.302863   0.961966
-0.0964144  -0.955312  -0.279433    1.87596
         0          0          0          1

  0.287207  -0.295502   0.911148   0.990146
 -0.953004 0.00759243   0.302863   0.961966
-0.0964144  -0.955312  -0.279433    1.87596
         0          0          0          1

  0.284573  -0.302825   0.909569   0.993465
 -0.955974 -0.0187469   0.292851   0.983095
 -0.071631  -0.952862  -0.294828    1.90095
         0          0          0          1

  0.284573  -0.302825   0.909569   0.993465
 -0.955974 -0.0187469   0.292851   0.983095
 -0.071631  -0.952862  -0.294828    1.90095
         0          0          0          1

 0.287833  -0.30973  0.906212  0.992817
-0.957123 -0.060741  0.283243   1.01761
-0.0326847 -0.948883 -0.313932   1.93512
        0         0         0         1

 0.287833  -0.30973  0.906212  0.992817
-0.957123 -0.060741  0.283243   1.01761
-0.0326847 -0.948883 -0.313932   1.93512
        0         0         0         1

  0.289651  -0.312251   0.904766   0.995281
 -0.957132 -0.0935145   0.274142    1.04287
-0.000992272  -0.945386  -0.325951    1.95457
         0          0          0          1

  0.289651  -0.312251   0.904766   0.995281
 -0.957132 -0.0935145   0.274142    1.04287
-0.000992272  -0.945386  -0.325951    1.95457
         0          0          0          1

 0.292462 -0.316547  0.902366   0.99452
-0.955889 -0.123663  0.266428   1.06759
0.0272521 -0.940482  -0.33875    1.9763
        0         0         0         1

 0.292462 -0.316547  0.902366   0.99452
-0.955889 -0.123663  0.266428   1.06759
0.0272521 -0.940482  -0.33875    1.9763
        0         0         0         1

 0.298539 -0.310639  0.902429  0.988499
-0.952099 -0.162517  0.259028    1.1042
0.0661956 -0.936532 -0.344277   2.00859
        0         0         0         1

 0.298539 -0.310639  0.902429  0.988499
-0.952099 -0.162517  0.259028    1.1042
0.0661956 -0.936532 -0.344277   2.00859
        0         0         0         1

  0.29916 -0.312015  0.901749  0.990892
-0.949753 -0.188524  0.249854   1.13059
0.0920436 -0.931185 -0.352736   2.02557
        0         0         0         1

  0.29916 -0.312015  0.901749  0.990892
-0.949753 -0.188524  0.249854   1.13059
0.0920436 -0.931185 -0.352736   2.02557
        0         0         0         1

 0.307897 -0.313268  0.898367   0.98851
-0.944018  -0.21814  0.247476   1.16683
 0.118443 -0.924272 -0.362895   2.06072
        0         0         0         1

 0.307897 -0.313268  0.898367   0.98851
-0.944018  -0.21814  0.247476   1.16683
 0.118443 -0.924272 -0.362895   2.06072
        0         0         0         1

 0.315938 -0.316336  0.894491   0.98579
-0.939975 -0.232503  0.249779   1.18947
 0.128958 -0.919714 -0.370805   2.08421
        0         0         0         1

 0.315938 -0.316336  0.894491   0.98579
-0.939975 -0.232503  0.249779   1.18947
 0.128958 -0.919714 -0.370805   2.08421
        0         0         0         1

 0.321659 -0.322705  0.890167  0.985108
-0.934006 -0.262497  0.242339   1.22124
 0.155462 -0.909372 -0.385843   2.09461
        0         0         0         1

