   0.12099  -0.323414   0.938491   0.389515
 -0.828056  -0.554278 -0.0842571    1.08717
  0.547435  -0.766928  -0.334867    2.45082
         0          0          0          1

  0.121844  -0.340783   0.932213    0.40931
 -0.835591  -0.542101 -0.0889566    1.06054
  0.535669   -0.76811  -0.350807    2.47648
         0          0          0          1

  0.122053  -0.344872    0.93068   0.409208
 -0.838632  -0.537354 -0.0891402    1.05006
  0.530847  -0.769619  -0.354807    2.48075
         0          0          0          1

  0.123229  -0.353824   0.927159   0.412303
 -0.846354  -0.525304 -0.0879779    1.03177
  0.518169  -0.773863  -0.364193    2.48797
         0          0          0          1

  0.127334  -0.358245   0.924904   0.410531
 -0.852563  -0.516069 -0.0825157    1.01597
  0.506875  -0.778032  -0.371139    2.49946
         0          0          0          1

  0.127405  -0.366259    0.92175   0.412672
 -0.855172  -0.511331 -0.0849753    1.00631
  0.502442  -0.777428  -0.378361    2.49742
         0          0          0          1

  0.127462  -0.372629   0.919185   0.415339
 -0.860955  -0.501698 -0.0839961   0.995752
  0.492453  -0.780671  -0.384764    2.50554
         0          0          0          1

  0.128277  -0.385266   0.913846   0.420379
 -0.867475  -0.490185 -0.0848879   0.971663
  0.480658   -0.78185  -0.397088    2.51164
         0          0          0          1

 0.131303 -0.391014  0.910971  0.423443
-0.870959   -0.4844 -0.082382  0.961948
 0.473486 -0.782602  -0.40416   2.51757
        0         0         0         1

  0.137861  -0.397104    0.90736   0.422743
 -0.873636  -0.480369 -0.0774955   0.943544
  0.466642  -0.782019  -0.413149     2.5213
         0          0          0          1

 0.135324  -0.39841   0.90717  0.421284
-0.873094 -0.480791 -0.080912     0.937
 0.468395 -0.781095 -0.412912   2.52017
        0         0         0         1

  0.136109  -0.402112   0.905417    0.41961
 -0.876835  -0.474285 -0.0788264   0.903028
  0.461123  -0.783173   -0.41714    2.52873
         0          0          0          1

  0.138066  -0.408534    0.90224   0.425447
 -0.878745   -0.47076 -0.0786893     0.8918
  0.456886  -0.781975  -0.423993    2.53744
         0          0          0          1

   0.13542  -0.411884   0.901118   0.427538
 -0.880353    -0.4673 -0.0812948   0.874026
  0.454577  -0.782293  -0.425885     2.5418
         0          0          0          1

  0.132539  -0.416224    0.89955     0.4338
 -0.880143  -0.466796 -0.0863082   0.870426
   0.45583  -0.780294  -0.428206    2.54225
         0          0          0          1

    0.1299  -0.417018   0.899567   0.431451
 -0.881396   -0.46413 -0.0878834   0.849877
  0.454165  -0.781459  -0.427849    2.54525
         0          0          0          1

  0.129877  -0.420242   0.898069   0.433257
  -0.88146  -0.463699 -0.0895081   0.838974
  0.454049  -0.779987  -0.430651    2.54882
         0          0          0          1

 0.118554 -0.432569  0.893772  0.445427
-0.882241 -0.458921 -0.105085  0.815536
 0.455628 -0.776064 -0.436037   2.55092
        0         0         0         1

 0.116952 -0.431517  0.894492  0.438428
-0.885461 -0.453188 -0.102854  0.795603
 0.449756 -0.780009 -0.435093    2.5608
        0         0         0         1

 0.111986 -0.438794  0.891582  0.444469
-0.890332 -0.442781 -0.106087  0.772549
 0.441325 -0.781924 -0.440258   2.57239
        0         0         0         1

 0.109199 -0.437096  0.892761  0.439597
-0.890209  -0.44261 -0.107815  0.763472
 0.442271 -0.782971  -0.43744   2.56994
        0         0         0         1

0.0874828   -0.4589  0.884171  0.460228
-0.889478 -0.435617 -0.138085  0.748573
 0.448527  -0.77437  -0.44629    2.5735
        0         0         0         1

 0.082556   -0.4596  0.884281  0.456637
-0.890937 -0.431631  -0.14116  0.738151
 0.446561 -0.776185 -0.445108   2.57515
        0         0         0         1

0.0747539 -0.470828  0.879052  0.461696
-0.896575  -0.41763 -0.147442  0.712674
 0.436538 -0.777114 -0.453352   2.58726
        0         0         0         1

0.0684523 -0.473759   0.87799  0.460969
-0.896623 -0.415118  -0.15409  0.703901
 0.437471 -0.776679 -0.453199    2.5875
        0         0         0         1

0.0545148 -0.488874  0.870649  0.472177
-0.894252 -0.411826  -0.17525  0.696828
 0.444231 -0.769026 -0.459627   2.58585
        0         0         0         1

0.0479434 -0.490284  0.870243  0.473218
-0.898021 -0.402619 -0.177357  0.686102
 0.437332 -0.772994 -0.459588   2.58998
        0         0         0         1

0.0436814 -0.492031  0.869481  0.470261
-0.906754 -0.384876 -0.172244  0.643319
 0.419392 -0.780881 -0.462963   2.60071
        0         0         0         1

0.0387472 -0.493364   0.86896  0.473724
-0.906498 -0.383239 -0.177168  0.640675
 0.420428 -0.780846 -0.462083   2.59696
        0         0         0         1

0.0350099 -0.491442  0.870207  0.475347
-0.908738 -0.378014  -0.17692  0.620077
 0.415896 -0.784596 -0.459826   2.59871
        0         0         0         1

0.0366029 -0.490195  0.870844  0.474587
-0.911385 -0.373833 -0.172122  0.605051
 0.409924 -0.787374  -0.46044   2.60409
        0         0         0         1

0.0373744 -0.484091  0.874219   0.47372
-0.917128 -0.364024 -0.162366  0.576183
 0.396837 -0.795702 -0.457578   2.60316
        0         0         0         1

0.0385896 -0.484097  0.874163  0.475011
-0.917055  -0.36462 -0.161438  0.572053
 0.396889 -0.795426 -0.458014   2.59945
        0         0         0         1

0.0421236 -0.484665  0.873685  0.477174
-0.918748 -0.362402 -0.156741  0.555192
 0.392592 -0.796094  -0.46055    2.5973
        0         0         0         1

0.0422946 -0.486078  0.872891  0.481797
-0.919081 -0.361534 -0.156791  0.552386
 0.391792 -0.795627 -0.462036   2.59448
        0         0         0         1

0.0464541 -0.484584  0.873511  0.478835
-0.921472 -0.358393 -0.149815  0.536763
 0.385658 -0.797956 -0.463179   2.59023
        0         0         0         1

0.0494529 -0.487168  0.871907  0.483172
-0.922224 -0.357451 -0.147415  0.531238
  0.38348 -0.796804 -0.466955   2.58975
        0         0         0         1

0.0612106 -0.476919  0.876813   0.47473
-0.926033 -0.354929 -0.128407  0.497913
 0.372446 -0.804098 -0.463368   2.57929
        0         0         0         1

0.0642042 -0.473903  0.878233  0.475439
-0.925911  -0.35656 -0.124713  0.490666
 0.372245 -0.805159 -0.461685   2.57669
        0         0         0         1

0.0709306 -0.467843  0.880961  0.476671
-0.926351  -0.35843 -0.115763  0.474043
 0.369921 -0.807868 -0.458811   2.57065
        0         0         0         1

0.0734656 -0.464637  0.882448  0.477374
-0.925913 -0.360521 -0.112741  0.469866
 0.370525 -0.808788 -0.456699   2.56499
        0         0         0         1

0.0798141 -0.455166  0.886822  0.474498
-0.925664 -0.363922 -0.103475  0.454823
 0.369832 -0.812641 -0.450376   2.55444
        0         0         0         1

0.0810553 -0.452112  0.888271  0.475133
-0.925246 -0.365509 -0.101607  0.450271
 0.370608 -0.813633 -0.447941   2.54905
        0         0         0         1

 0.0909559  -0.441315   0.892731   0.475283
 -0.925797  -0.367761 -0.0874752   0.428631
  0.366916  -0.818531  -0.442018    2.52932
         0          0          0          1

 0.094575 -0.440288  0.892862  0.475695
-0.926923 -0.366103  -0.08235  0.421441
 0.363137 -0.819826 -0.442738   2.52425
        0         0         0         1

  0.101328  -0.432786   0.895784   0.472484
 -0.928372  -0.364765 -0.0712174   0.405928
  0.357573  -0.824405  -0.438747    2.51064
         0          0          0          1

  0.103543  -0.430223   0.896765   0.472819
 -0.929312  -0.363178 -0.0669345   0.400516
  0.354482  -0.826444  -0.437416    2.50392
         0          0          0          1

 0.113413 -0.415542  0.902476  0.468326
-0.933193 -0.356315 -0.046791  0.378166
  0.34101 -0.836878 -0.428192   2.47707
        0         0         0         1

  0.112964  -0.413981   0.903249   0.469775
 -0.934548  -0.352993 -0.0449072   0.372423
  0.337431  -0.839056   -0.42676    2.46951
         0          0          0          1

  0.117923  -0.404624   0.906848   0.467882
 -0.938131  -0.344811 -0.0318589   0.357292
  0.325582  -0.846986  -0.420252    2.45407
         0          0          0          1

   0.11905  -0.400092    0.90871   0.466711
 -0.940048  -0.340009 -0.0265454   0.351329
   0.31959   -0.85107  -0.416584    2.44485
         0          0          0          1

 0.120158 -0.388028  0.913781  0.462025
-0.944123  -0.32922 -0.015652  0.337371
 0.306909 -0.860842 -0.405905   2.42617
        0         0         0         1

  0.121172  -0.386979   0.914092   0.462458
 -0.945205  -0.326227 -0.0128111   0.333601
  0.303159  -0.862452  -0.405304    2.41656
         0          0          0          1

  0.128328  -0.380039   0.916026   0.462713
 -0.952878  -0.303258 0.00767526    0.31017
  0.274875  -0.873845  -0.401047    2.38642
         0          0          0          1

 0.128838 -0.374034  0.918422   0.46032
-0.954599 -0.297621 0.0127049  0.304178
  0.26859 -0.878362 -0.395398   2.37559
        0         0         0         1

 0.133275 -0.366038  0.921007  0.456229
-0.958513 -0.283873 0.0258819  0.291247
 0.251975 -0.886246 -0.388686   2.35553
        0         0         0         1

 0.132043 -0.360979  0.923179  0.454717
-0.959509 -0.280319 0.0276293  0.288616
 0.248811 -0.889447 -0.383377   2.34246
        0         0         0         1

 0.128483 -0.348902   0.92831  0.453236
-0.966251 -0.254787 0.0379736   0.27167
 0.223272  -0.90186 -0.369863   2.30404
        0         0         0         1

 0.130605 -0.343343  0.930085  0.449976
-0.967762 -0.247929 0.0443727  0.264437
  0.21536 -0.905896 -0.364655   2.29265
        0         0         0         1

 0.134839 -0.337249  0.931709  0.446755
-0.971545 -0.229789 0.0574275  0.249086
 0.194729 -0.912941 -0.358636   2.27182
        0         0         0         1

 0.133386 -0.334007  0.933085  0.445809
-0.972871 -0.223698 0.0589985  0.245452
 0.189023 -0.915641 -0.354784    2.2601
        0         0         0         1

 0.135948 -0.329617  0.934275  0.442982
-0.975595 -0.208673 0.0683393  0.234548
 0.172432 -0.920765 -0.349942   2.23677
        0         0         0         1

 0.137257 -0.326912  0.935034  0.441348
-0.976562 -0.202662  0.072497  0.230372
 0.165796 -0.923069 -0.347067   2.22489
        0         0         0         1

 0.139195 -0.319517  0.937301  0.439215
-0.980548  -0.17674 0.0853681  0.215891
 0.138382 -0.930952 -0.337903    2.1827
        0         0         0         1

 0.139098 -0.317755  0.937914   0.43908
-0.981644 -0.169042 0.0883142  0.212694
 0.130484 -0.932983 -0.335436   2.17066
        0         0         0         1

 0.143951 -0.314006  0.938445  0.436554
-0.983273  -0.15232 0.0998604  0.202721
 0.111587 -0.937123  -0.33068    2.1466
        0         0         0         1

 0.146329 -0.311454  0.938927  0.435253
-0.983967 -0.143653  0.105697  0.198245
  0.10196  -0.93934 -0.327481   2.13481
        0         0         0         1

 0.154572  -0.30337  0.940252  0.430181
-0.985243 -0.118142   0.12385  0.185258
 0.073511 -0.945521 -0.317155   2.08953
        0         0         0         1

 0.157292 -0.303289  0.939827  0.429672
-0.985421 -0.110694  0.129201  0.181774
0.0648479 -0.946447 -0.316279   2.07832
        0         0         0         1

 0.160947 -0.296668   0.94132  0.426747
-0.985679 -0.096952  0.137976  0.175776
0.0503296 -0.950046 -0.308024   2.05213
        0         0         0         1

  0.162136  -0.295562   0.941464   0.426331
 -0.985867 -0.0892819   0.141754   0.172765
 0.0421585  -0.951142  -0.305861    2.04063
         0          0          0          1

  0.164608  -0.287877   0.943415   0.423867
 -0.985931 -0.0761957   0.148776   0.167237
  0.029055  -0.954631  -0.296369    2.01438
         0          0          0          1

  0.166443  -0.285895   0.943695   0.422607
 -0.985813 -0.0692659   0.152887   0.164047
 0.0216564  -0.955754  -0.293368    2.00234
         0          0          0          1

  0.167403  -0.276662   0.946274    0.42048
 -0.985886 -0.0448081    0.16131   0.156242
-0.00222772  -0.959922  -0.280258    1.95843
         0          0          0          1

  0.167107  -0.273586    0.94722   0.419585
 -0.985903 -0.0381808   0.162903   0.154143
-0.00840249  -0.961089   -0.27611    1.94702
         0          0          0          1

    0.1662  -0.265881   0.949571    0.41769
 -0.985844 -0.0231842   0.166057   0.150174
-0.0221362  -0.963727   -0.26597    1.92145
         0          0          0          1

  0.165476  -0.261353   0.950953    0.41665
 -0.985822 -0.0166719   0.166962   0.148887
-0.0277818  -0.965099  -0.260407    1.90889
         0          0          0          1

 0.163299 -0.251548  0.953969  0.414297
-0.985134 0.0106936  0.171453  0.142436
-0.0533302 -0.967786 -0.246063     1.867
        0         0         0         1

 0.162645  -0.24876  0.954811   0.41347
-0.984873 0.0176916  0.172375   0.14103
-0.0597723 -0.968403  -0.24212   1.85489
        0         0         0         1

 0.161634 -0.243369  0.956371  0.412129
-0.984089  0.032703   0.17464  0.138217
-0.0737781 -0.969382  -0.23421   1.83128
        0         0         0         1

 0.160397 -0.240006  0.957429  0.411569
-0.983897 0.0386238  0.174514  0.138069
-0.0788639 -0.970003 -0.229946   1.81908
        0         0         0         1

 0.157478 -0.231703  0.959955  0.410287
-0.982094 0.0650402  0.176809  0.135614
-0.103403  -0.97061 -0.217311   1.77913
        0         0         0         1

 0.156369  -0.23012  0.960517  0.410175
-0.981531 0.0723069  0.177114  0.135248
-0.110209 -0.970472 -0.214563   1.76811
        0         0         0         1

 0.155139 -0.223826  0.962203  0.408837
-0.980075 0.0874162  0.178355  0.133602
-0.124033 -0.970701 -0.205804   1.74535
        0         0         0         1

 0.153858  -0.22223  0.962778  0.408904
 -0.97932 0.0952597  0.178489  0.133367
 -0.13138 -0.970329 -0.202978   1.73516
        0         0         0         1

 0.150963 -0.217608  0.964291  0.408514
-0.977929  0.109662  0.177845  0.133353
-0.144447 -0.969856 -0.196251   1.71361
        0         0         0         1

 0.151074 -0.216209  0.964588  0.408074
-0.976888  0.116615  0.179139  0.132496
-0.151217 -0.969358 -0.193595   1.70369
        0         0         0         1

 0.151086 -0.215116  0.964831  0.407753
-0.972936   0.14027  0.183629  0.131444
-0.174838 -0.966462 -0.188102   1.66971
        0         0         0         1

 0.150115 -0.214754  0.965063   0.40802
-0.972019  0.146329   0.18376  0.131856
 -0.18068 -0.965644 -0.186778   1.66055
        0         0         0         1

 0.148022 -0.215523  0.965215  0.408767
-0.970083  0.158253  0.184105  0.132925
-0.192427  -0.96359  -0.18565   1.64238
        0         0         0         1

 0.148336 -0.216954  0.964846  0.408954
-0.968868  0.163672  0.185758  0.132933
-0.198219 -0.962363 -0.185921   1.63404
        0         0         0         1

 0.150482 -0.216192  0.964684  0.408548
-0.966468  0.173206  0.189576  0.132602
-0.208074 -0.960864 -0.182879   1.61568
        0         0         0         1

 0.151243  -0.21683  0.964422  0.408669
-0.965388  0.177325  0.191262  0.132743
-0.212487 -0.959969 -0.182506   1.60733
        0         0         0         1

 0.153116 -0.221313  0.963107  0.409723
 -0.96114  0.193193  0.197197   0.13326
-0.229708 -0.955875 -0.183132   1.58048
        0         0         0         1

 0.154798 -0.222525  0.962559  0.409768
-0.959773  0.197143  0.199925  0.133225
 -0.23425 -0.954787 -0.183056   1.57318
        0         0         0         1

 0.158075 -0.225491  0.961336  0.409981
-0.957176  0.204146  0.205276  0.133058
-0.242541 -0.952617 -0.183564   1.55889
        0         0         0         1

  0.15818 -0.225935  0.961214  0.410714
-0.956303  0.207368  0.206114  0.133888
-0.245894 -0.951815  -0.18326   1.55202
        0         0         0         1

 0.162927 -0.230439   0.95935  0.412153
-0.952298  0.217571  0.213991  0.135231
-0.258039 -0.948452 -0.183998   1.52954
        0         0         0         1

 0.164807 -0.230908  0.958916  0.412328
 -0.95121  0.219899  0.216434  0.135207
-0.260841 -0.947801 -0.183401   1.52358
        0         0         0         1

 0.167651 -0.231347  0.958317  0.413052
-0.949353   0.22415  0.220195  0.135902
-0.265748 -0.946697 -0.182051   1.51166
        0         0         0         1

  0.16835 -0.232104  0.958012  0.413574
-0.948712  0.225679  0.221393  0.136317
 -0.26759 -0.946148 -0.182206   1.50637
        0         0         0         1

 0.172668 -0.234016  0.956777  0.413588
  -0.9464  0.229781  0.226997  0.135863
 -0.27297 -0.944689 -0.181797   1.49634
        0         0         0         1

 0.173277 -0.233771  0.956727  0.414072
-0.946016  0.230667  0.227699   0.13637
-0.273914 -0.944534 -0.181182    1.4913
        0         0         0         1

 0.175761 -0.235582  0.955829  0.415399
-0.944004   0.23506  0.231522   0.13718
 -0.27922 -0.942999 -0.181076     1.475
        0         0         0         1

 0.176698 -0.235334  0.955717   0.41579
-0.943426  0.236301  0.232612  0.137425
-0.280579 -0.942751 -0.180267   1.47045
        0         0         0         1

  0.17767 -0.236192  0.955325  0.416889
 -0.94208  0.239791  0.234491  0.138089
-0.284463 -0.941655 -0.179908   1.46218
        0         0         0         1

 0.179917 -0.236487  0.954832   0.41708
-0.941208  0.240765  0.236981  0.137998
-0.285933 -0.941332 -0.179265   1.45827
        0         0         0         1

 0.183752 -0.239988  0.953227  0.418931
-0.938558  0.245368  0.242699  0.138371
-0.292136 -0.939255 -0.180155   1.44555
        0         0         0         1

 0.184817 -0.241635  0.952604  0.419383
 -0.93777    0.2466  0.244491  0.138305
 -0.29399  -0.93851 -0.181022   1.44253
        0         0         0         1

 0.187145 -0.244189  0.951498  0.420573
-0.935988  0.249674   0.24817  0.138353
-0.298165 -0.937035 -0.181833   1.43628
        0         0         0         1

 0.188792 -0.246176   0.95066   0.42098
-0.935092  0.250608  0.250596  0.138091
-0.299934 -0.936265 -0.182884   1.43345
        0         0         0         1

 0.189932 -0.249672  0.949521  0.422831
-0.933743  0.252928  0.253282  0.138662
-0.303398 -0.934715  -0.18509   1.42796
        0         0         0         1

  0.19087 -0.250811  0.949032  0.423526
-0.933124  0.253754  0.254733  0.138624
-0.304711 -0.934185 -0.185604    1.4255
        0         0         0         1

 0.192239 -0.255578  0.947483  0.426363
-0.931553  0.256118  0.258094  0.139056
-0.308631 -0.932246 -0.188849   1.41705
        0         0         0         1

 0.191276 -0.257091  0.947269   0.42742
 -0.93148  0.256717  0.257762  0.139604
-0.309449 -0.931665 -0.190371   1.41484
        0         0         0         1

 0.189975 -0.261477  0.946329  0.428871
-0.930956  0.258156  0.258219  0.139704
-0.311819 -0.930046 -0.194381   1.41097
        0         0         0         1

 0.188317 -0.263764  0.946026   0.42975
-0.930889  0.259076  0.257538   0.14028
-0.313022 -0.929144 -0.196746   1.40936
        0         0         0         1

 0.185599 -0.269706  0.944887  0.431454
 -0.92958  0.263477  0.257799   0.14072
-0.318486 -0.926196 -0.201812   1.40349
        0         0         0         1

  0.18458  -0.27079  0.944777  0.431851
-0.929146  0.265248   0.25755   0.14095
-0.320342 -0.925374 -0.202644   1.40202
        0         0         0         1

 0.183604 -0.273928  0.944062   0.43226
-0.928181  0.267925  0.258256  0.140752
-0.323681 -0.923677 -0.205063   1.39893
        0         0         0         1

 0.181689 -0.275616  0.943941  0.432792
-0.927989  0.269497  0.257307  0.141374
-0.325307 -0.922717 -0.206804   1.39764
        0         0         0         1

 0.179996  -0.27916  0.943224  0.433178
-0.927242  0.271941  0.257431  0.141946
-0.328365 -0.920933   -0.2099   1.39483
        0         0         0         1

 0.178166 -0.281858  0.942769  0.433481
-0.926844   0.27371  0.256987  0.142494
-0.330479 -0.919586 -0.212472   1.39372
        0         0         0         1

 0.170766 -0.293955  0.940441   0.43447
-0.926094  0.278017  0.255061  0.144705
-0.336436 -0.914493 -0.224754   1.39058
        0         0         0         1

 0.169628  -0.29693  0.939712  0.434322
-0.925773  0.278917  0.255244  0.144976
-0.337892 -0.913257 -0.227578   1.38958
        0         0         0         1

 0.165261 -0.305183  0.937844   0.43464
-0.925159  0.281504  0.254629  0.146692
-0.341715 -0.909736 -0.235821   1.38773
        0         0         0         1

 0.165462  -0.30724  0.937137  0.434264
-0.924184  0.283384  0.256082  0.147089
-0.344248 -0.908459 -0.237057   1.38693
        0         0         0         1

 0.163934 -0.306808  0.937547    0.4328
-0.923456   0.28651  0.255229  0.148935
-0.346923 -0.907624 -0.236355   1.38355
        0         0         0         1

 0.161781 -0.308535  0.937354  0.432374
 -0.92362  0.287139  0.253924  0.149499
-0.347495 -0.906839 -0.238515   1.38328
        0         0         0         1

 0.157285 -0.310691  0.937407  0.431631
-0.924094  0.288477  0.250663   0.15113
-0.348299 -0.905678 -0.241735   1.38246
        0         0         0         1

 0.155659   -0.3121  0.937211  0.431319
-0.924016  0.289429   0.24985  0.151618
-0.349234 -0.904889 -0.243333   1.38241
        0         0         0         1

 0.153254 -0.314038   0.93696  0.430248
-0.924089  0.290379  0.248474  0.152727
-0.350104 -0.903914 -0.245698   1.38219
        0         0         0         1

 0.152323 -0.314096  0.937092  0.429614
-0.924196  0.290723  0.247671  0.153274
-0.350227 -0.903783 -0.246003   1.38209
        0         0         0         1

 0.145258 -0.318819  0.936619  0.427642
 -0.92399  0.294762  0.243635  0.155594
-0.353755 -0.900816 -0.251769   1.38388
        0         0         0         1

 0.143278  -0.32105  0.936162  0.427058
-0.924178  0.295013  0.242616  0.156155
-0.354071 -0.899941 -0.254439   1.38451
        0         0         0         1

 0.138002 -0.327639   0.93467  0.425764
-0.924466  0.296032  0.240266  0.157278
-0.355413 -0.897228 -0.262038   1.38659
        0         0         0         1

 0.135319 -0.330868  0.933925  0.424977
-0.924781  0.296145  0.238912  0.157933
-0.355625 -0.896005 -0.265906   1.38773
        0         0         0         1

 0.128549 -0.340662  0.931356  0.421764
-0.925386  0.296459  0.236161  0.160221
 -0.35656 -0.892223 -0.277134   1.39293
        0         0         0         1

 0.126332 -0.343333  0.930678  0.421213
-0.925718  0.296356  0.234987  0.161181
-0.356491 -0.891233 -0.280391   1.39471
        0         0         0         1

  0.12461 -0.347791  0.929254  0.419195
-0.925811  0.296084  0.234963  0.162208
-0.356855 -0.889593 -0.285094   1.39834
        0         0         0         1

 0.123669 -0.348342  0.929174  0.418321
-0.925946  0.296201  0.234284  0.163075
-0.356833 -0.889338 -0.285915   1.39988
        0         0         0         1

 0.123701 -0.350259  0.928449  0.416154
-0.926034  0.295477  0.234849  0.164568
-0.356593 -0.888826 -0.287801   1.40347
        0         0         0         1

  0.12466 -0.350997  0.928041  0.414998
-0.925809  0.295244  0.236026  0.164921
-0.356843 -0.888612 -0.288151   1.40577
        0         0         0         1

 0.129335 -0.350265  0.927678  0.410671
-0.925433  0.293381  0.239795  0.167201
-0.356155 -0.889518 -0.286203   1.41328
        0         0         0         1

 0.130755 -0.349477  0.927777  0.409495
-0.925579    0.2923  0.240549  0.167941
-0.355256 -0.890183 -0.285249   1.41492
        0         0         0         1

 0.132206 -0.352207  0.926538   0.40715
-0.925936  0.289744  0.242261   0.16942
-0.353785 -0.889943 -0.287815   1.41981
        0         0         0         1

 0.131242 -0.354998  0.925609  0.406495
-0.926238  0.288888  0.242128  0.170606
-0.353353 -0.889112 -0.290899   1.42269
        0         0         0         1

 0.127675  -0.36262   0.92315  0.404009
-0.927805  0.285294  0.240385  0.175659
-0.350537 -0.887194 -0.300016   1.43236
        0         0         0         1

 0.126119 -0.364794  0.922507  0.403066
-0.928587  0.283772  0.239165  0.176948
-0.349027 -0.886791 -0.302954   1.43531
        0         0         0         1

 0.123327 -0.368642  0.921354  0.400716
-0.930438   0.27989  0.236529  0.178996
-0.345073 -0.886433 -0.308481   1.44209
        0         0         0         1

 0.122119 -0.368439  0.921596  0.399492
-0.931427  0.278189  0.234637  0.180313
-0.342828 -0.887053 -0.309201   1.44483
        0         0         0         1

 0.120032 -0.367751  0.922145  0.396791
-0.933347  0.274732  0.231053  0.182939
-0.338313 -0.888415 -0.310263    1.4504
        0         0         0         1

 0.119718  -0.36806  0.922062  0.395118
-0.933874  0.273473  0.230415   0.18358
-0.336966 -0.888675 -0.310982   1.45401
        0         0         0         1

 0.118085 -0.368015  0.922291  0.389385
-0.936455  0.267684  0.226711  0.187383
-0.330316 -0.890455 -0.313019   1.46643
        0         0         0         1

 0.117251 -0.367372  0.922654  0.388104
-0.937336  0.266011  0.225034  0.189193
-0.328107 -0.891222  -0.31316   1.47002
        0         0         0         1

 0.117725 -0.368255  0.922241  0.384548
-0.938667  0.261841  0.224376  0.191868
-0.324108 -0.892092 -0.314844   1.47839
        0         0         0         1

 0.118183 -0.368378  0.922134  0.382872
-0.939505  0.259184  0.223949  0.193488
  -0.3215 -0.892817 -0.315462   1.48186
        0         0         0         1

 0.121414 -0.371129   0.92061  0.376734
-0.942583  0.247597  0.224126  0.198937
 -0.31112 -0.894963 -0.319758   1.49605
        0         0         0         1

 0.121129 -0.372499  0.920094  0.375729
-0.943501  0.244814  0.223323  0.201499
-0.308439  -0.89516 -0.321799    1.5004
        0         0         0         1

 0.124709 -0.376297  0.918068  0.371932
-0.944906  0.237205   0.22558  0.204736
-0.302655  -0.89562 -0.325983   1.50953
        0         0         0         1

 0.124954 -0.378016  0.917328  0.370761
-0.946047  0.233208  0.224967  0.207107
-0.298969 -0.895945 -0.328481   1.51383
        0         0         0         1

 0.128644 -0.383971   0.91434  0.367313
 -0.94766  0.224085  0.227435  0.211008
-0.292218 -0.895741 -0.335046   1.52367
        0         0         0         1

 0.129372 -0.386008  0.913379  0.366049
-0.948842  0.219368  0.227103  0.213801
-0.288029 -0.896033  -0.33788   1.52798
        0         0         0         1

 0.136089 -0.396712  0.907799  0.360227
-0.951945  0.201411  0.230724  0.222228
-0.274372 -0.895574 -0.350238   1.54506
        0         0         0         1

 0.138314 -0.399469  0.906253  0.358947
-0.952933   0.19559  0.231653   0.22549
-0.269792 -0.895639 -0.353614   1.54997
        0         0         0         1

 0.143893   -0.4032  0.903728  0.355769
-0.955094  0.182446   0.23347  0.231956
-0.259017  -0.89674 -0.358841   1.55944
        0         0         0         1

 0.146525 -0.405862  0.902112  0.354085
-0.956025  0.176118  0.234518  0.235074
 -0.25406 -0.896805 -0.362208   1.56495
        0         0         0         1

 0.154662 -0.408679  0.899478  0.350209
-0.957771  0.161351  0.237994  0.241672
-0.242395 -0.898303 -0.366466    1.5751
        0         0         0         1

 0.157923 -0.409795  0.898403  0.348769
-0.958838  0.153793  0.238698  0.245751
-0.235986 -0.899119 -0.368639   1.58037
        0         0         0         1

 0.175615 -0.409293  0.895343  0.342169
-0.961302  0.124805  0.245605  0.259182
-0.212268 -0.903827 -0.371536   1.59866
        0         0         0         1

 0.181808 -0.409352  0.894079  0.339951
-0.961697  0.115666  0.248515  0.262654
-0.205145 -0.905015 -0.372643    1.6042
        0         0         0         1

 0.194319   -0.4056  0.893157   0.33492
-0.962749 0.0956702  0.252905  0.270868
-0.188027  -0.90903 -0.371901   1.61443
        0         0         0         1

 0.198796 -0.404621  0.892615  0.333641
-0.963407   0.08641  0.253731  0.276185
-0.179796 -0.910393 -0.372637   1.61999
        0         0         0         1

 0.218298 -0.397928  0.891066  0.327192
-0.964414 0.0516046  0.259312  0.294506
-0.149171 -0.915964 -0.372502   1.64008
        0         0         0         1

 0.224172 -0.395336  0.890762  0.325294
-0.964563 0.0405113  0.260724   0.30062
-0.139159 -0.917643 -0.372245   1.64547
        0         0         0         1

 0.237873   -0.3902  0.889472  0.321176
-0.963709 0.0194226  0.266246  0.312159
-0.121165 -0.920525 -0.371419   1.65688
        0         0         0         1

  0.242038  -0.387272   0.889628   0.319856
 -0.963888 0.00899145   0.266156   0.319468
 -0.111074  -0.921922  -0.371111    1.66221
         0          0          0          1

  0.256223   -0.38179   0.888024    0.31548
 -0.962086 -0.0118706   0.272489   0.331987
-0.0934921  -0.924173  -0.370356    1.67411
         0          0          0          1

  0.262541  -0.378238   0.887698    0.31344
 -0.961334 -0.0232836   0.274398   0.339221
-0.0831191  -0.925415  -0.369726    1.67858
         0          0          0          1

 0.284391 -0.366546   0.88587  0.306534
-0.957358 -0.059554  0.282699  0.365173
-0.050865 -0.928492 -0.367852    1.6979
        0         0         0         1

  0.291791  -0.364882   0.884149    0.30434
 -0.955439 -0.0680347   0.287241   0.371958
-0.0446561  -0.928565  -0.368474    1.70457
         0          0          0          1

  0.307222  -0.356194   0.882462   0.298754
 -0.951287 -0.0897729   0.294947   0.387229
-0.0258374  -0.930089  -0.366423    1.71449
         0          0          0          1

 0.312758 -0.353412  0.881636   0.29716
-0.949694 -0.100481  0.296623  0.396293
-0.0162422 -0.930056 -0.367059   1.71936
        0         0         0         1

 0.332011 -0.342429  0.878926  0.290963
-0.943155 -0.135374  0.303532   0.42926
0.0150452  -0.92974  -0.36791   1.73619
        0         0         0         1

 0.338011  -0.34343  0.876244  0.289948
-0.940887 -0.144968  0.306129  0.438835
0.0218936 -0.927922  -0.37213   1.74278
        0         0         0         1

 0.354528 -0.337349   0.87207  0.283607
-0.934433 -0.161585  0.317374  0.454652
 0.033848 -0.927408 -0.372517     1.755
        0         0         0         1

 0.361538 -0.335509  0.869899   0.28126
-0.931443 -0.171275  0.321058  0.463822
0.0412738 -0.926336  -0.37443   1.76021
        0         0         0         1

 0.376591 -0.330064  0.865585    0.2766
-0.924876  -0.18717  0.331016  0.482727
0.0527549 -0.925217 -0.375754   1.77181
        0         0         0         1

 0.385944 -0.327782  0.862326  0.272676
-0.920749   -0.1948  0.338045  0.490859
0.0571762 -0.924452 -0.376987   1.77753
        0         0         0         1

 0.404722   -0.3243  0.855003  0.266867
-0.911056 -0.223366  0.346533  0.530283
0.0785979 -0.919205 -0.385857   1.79422
        0         0         0         1

 0.411245 -0.322522  0.852559  0.264044
-0.907685 -0.230652  0.350581  0.540237
0.0835741  -0.91803 -0.387603   1.79975
        0         0         0         1

 0.422585 -0.322747   0.84691  0.260381
-0.901621 -0.244771  0.356605  0.562358
0.0922057 -0.914287 -0.394432   1.81173
        0         0         0         1

 0.424619   -0.3192  0.847237  0.259018
-0.899377 -0.256226  0.354216  0.576072
 0.104019 -0.912392  -0.39588   1.81345
        0         0         0         1

  0.44335 -0.311889  0.840337  0.248393
-0.887395 -0.284905  0.362435  0.614539
 0.126376 -0.906396 -0.403082   1.83201
        0         0         0         1

 0.447941 -0.311224  0.838146  0.246343
-0.884341 -0.292106  0.364164  0.625848
 0.131491  -0.90433 -0.406075   1.83832
        0         0         0         1

 0.458968 -0.313449  0.831323   0.24288
-0.877454 -0.306697  0.368797  0.650046
 0.139366 -0.898714 -0.415801   1.84937
        0         0         0         1

 0.463924 -0.309175  0.830172  0.238653
-0.873234 -0.317346  0.369801  0.662684
 0.149119 -0.896494 -0.417207   1.85067
        0         0         0         1

 0.475319 -0.304783  0.825336  0.229645
-0.860895 -0.354605  0.364848  0.711608
 0.181469 -0.883947 -0.430937   1.85965
        0         0         0         1

 0.479284 -0.310094  0.821053  0.229333
-0.858038 -0.362265  0.364054  0.724714
 0.184548  -0.87898   -0.4397   1.86692
        0         0         0         1

  0.48852 -0.319137  0.812096  0.226469
-0.851523 -0.377476  0.363897  0.751507
 0.190414 -0.869289 -0.456157     1.881
        0         0         0         1

 0.498432 -0.315715  0.807397  0.216654
-0.844946 -0.385316  0.370942  0.758866
  0.19399 -0.867096 -0.458816   1.88701
        0         0         0         1

 0.502999 -0.321827  0.802135  0.215278
-0.839584 -0.402251  0.365094  0.789233
 0.205163   -0.8571 -0.472532   1.89538
        0         0         0         1

 0.505567 -0.319411  0.801485  0.210297
-0.835082 -0.414672  0.361504  0.804358
 0.216885 -0.852071 -0.476379   1.89529
        0         0         0         1

 0.514472 -0.322802  0.794429  0.200098
-0.822466 -0.447888  0.350638  0.855504
 0.242628 -0.833784  -0.49592   1.90284
        0         0         0         1

 0.516558 -0.328332  0.790801  0.199746
-0.820236 -0.454786  0.346963  0.870698
 0.245726 -0.827869 -0.504233   1.90829
        0         0         0         1

 0.519724 -0.324647  0.790247  0.187687
 -0.81303 -0.472078   0.34077  0.898381
 0.262428 -0.819602 -0.509298   1.91127
        0         0         0         1

 0.517631 -0.328604  0.789986  0.187804
-0.812435 -0.478346  0.333367  0.914623
 0.268341 -0.814373 -0.514577   1.91554
        0         0         0         1

 0.520782 -0.336158  0.784719   0.18198
-0.801661 -0.508567  0.314165  0.969247
 0.293473  -0.79269 -0.534337   1.92364
        0         0         0         1

 0.527796 -0.337698  0.779353  0.174643
 -0.79704 -0.514009  0.317051  0.979425
 0.293527 -0.788514 -0.540451   1.92925
        0         0         0         1

 0.531421  -0.34624  0.773117  0.171807
-0.791638 -0.527812  0.307772   1.01171
 0.301498 -0.775585 -0.554587   1.93054
        0         0         0         1

 0.534124 -0.349479   0.76979  0.169253
-0.789464 -0.531915  0.306289   1.02626
 0.302421 -0.771318  -0.56001   1.93467
        0         0         0         1

 0.536933 -0.349087  0.768011  0.155888
 -0.78261 -0.546031   0.29895   1.05548
 0.314999  -0.76157 -0.566381   1.92914
        0         0         0         1

 0.538866 -0.361177  0.761035  0.155923
-0.783666 -0.546336  0.295607   1.07054
 0.309014  -0.75569 -0.577444   1.93552
        0         0         0         1

 0.523006  -0.37306   0.76635  0.148881
-0.792747  -0.54318    0.2766   1.12501
 0.313077 -0.752185 -0.579828   1.92998
        0         0         0         1

 0.509206 -0.370251  0.776932  0.147288
-0.799453 -0.537796  0.267677   1.14097
 0.318723 -0.757423 -0.569847   1.92821
        0         0         0         1

 0.475824 -0.359872  0.802548  0.143312
 -0.81291  -0.52832  0.245063   1.17424
 0.335811 -0.769006 -0.543931   1.92067
        0         0         0         1

