 0.713636 -0.359968  0.600955   1.14078
-0.671618 -0.107722  0.733025     1.078
-0.199129 -0.926725 -0.318635   1.70531
        0         0         0         1

  0.707209  -0.363131   0.606622    1.14552
 -0.676344 -0.0975473   0.730099    1.07581
 -0.205947  -0.926618  -0.314588    1.69866
         0          0          0          1

  0.702105  -0.366318   0.610623    1.14837
 -0.678326 -0.0832046   0.730035    1.07107
 -0.216618  -0.926762  -0.306901    1.69152
         0          0          0          1

 0.700488 -0.368743   0.61102   1.14775
-0.677859 -0.075989  0.731255   1.06935
-0.223214  -0.92642 -0.303185   1.68601
        0         0         0         1

  0.696579  -0.374372   0.612065    1.14912
 -0.677423 -0.0621203   0.732966    1.06495
  -0.23638  -0.925196   -0.29688    1.68278
         0          0          0          1

  0.691438  -0.379783   0.614556    1.15221
 -0.680778 -0.0578359   0.730203    1.06396
 -0.241775  -0.923266  -0.298538    1.67485
         0          0          0          1

  0.688223  -0.388999   0.612396    1.15128
 -0.677264 -0.0418313    0.73455    1.05838
 -0.260122  -0.920288  -0.292244    1.66354
         0          0          0          1

  0.686156  -0.392072   0.612756    1.15197
 -0.676155 -0.0330233   0.736019     1.0551
 -0.268338  -0.919341  -0.287761    1.65932
         0          0          0          1

  0.683542  -0.395332   0.613582    1.15404
  -0.67531 -0.0235113   0.737159    1.05278
 -0.276996  -0.918238  -0.283042    1.65319
         0          0          0          1

  0.678794  -0.398239   0.616964    1.15643
 -0.677481 -0.0154896   0.735377    1.05122
 -0.283299  -0.917151  -0.280313    1.64783
         0          0          0          1

  0.673438  -0.402149   0.620288    1.15698
  -0.67577 0.00527457   0.737093    1.04615
 -0.299693  -0.915559  -0.268208     1.6364
         0          0          0          1

 0.674972 -0.401809  0.618839   1.15373
-0.672305 0.0106424  0.740198   1.04507
-0.304004 -0.915661 -0.262955   1.63067
        0         0         0         1

 0.666054 -0.405481  0.626066   1.16014
-0.677344 0.0227096  0.735316    1.0437
-0.312374 -0.913821 -0.259524   1.62509
        0         0         0         1

  0.66504 -0.408503  0.625178   1.15966
-0.674743 0.0301072  0.737438   1.04287
-0.320068  -0.91226 -0.255612   1.62114
        0         0         0         1

 0.656638 -0.411156   0.63228   1.16582
-0.680937 0.0372536  0.731394   1.04174
-0.324272 -0.910804 -0.255509   1.61228
        0         0         0         1

 0.659285 -0.410964  0.629644   1.16085
-0.675151 0.0450024  0.736306   1.03992
-0.330931  -0.91054 -0.247793   1.61015
        0         0         0         1

 0.658376 -0.409988  0.631229   1.15734
-0.670371 0.0619456  0.739436   1.03789
-0.342262 -0.909985 -0.234061   1.60058
        0         0         0         1

 0.653561 -0.410863  0.635649   1.16013
-0.673177  0.068337  0.736317   1.03723
-0.345964 -0.909132 -0.231921   1.59494
        0         0         0         1

 0.647993 -0.410177  0.641763   1.16418
-0.676778 0.0764449  0.732207     1.037
-0.349394 -0.908797 -0.228063   1.58892
        0         0         0         1

 0.644469 -0.412519  0.643807   1.16426
-0.677172 0.0831034  0.731116   1.03563
-0.355102  -0.90715 -0.225789   1.58395
        0         0         0         1

  0.63701 -0.415613  0.649218    1.1662
-0.679253  0.095561  0.727656    1.0336
-0.364463 -0.904508 -0.221433    1.5757
        0         0         0         1

 0.639049 -0.418048  0.645641   1.16119
-0.675884 0.0954692  0.730799   1.03321
-0.367148 -0.903395 -0.221542   1.57262
        0         0         0         1

 0.635094 -0.421272  0.647445   1.16257
-0.676986  0.100042  0.729165   1.03211
-0.371948   -0.9014 -0.221659   1.56909
        0         0         0         1

 0.633976 -0.422535  0.647718   1.16119
 -0.67586  0.104366  0.729603   1.03156
-0.375883 -0.900318 -0.219409   1.56723
        0         0         0         1

 0.631368 -0.424715  0.648839   1.16098
-0.676437  0.107528  0.728609   1.03135
-0.379219 -0.898919 -0.219403   1.56115
        0         0         0         1

 0.625819 -0.425921  0.653408   1.16346
 -0.67758   0.11804  0.725914   1.02961
-0.386311 -0.897027 -0.214724   1.55984
        0         0         0         1

 0.625897 -0.425202  0.653801   1.16142
-0.673579  0.127843  0.727975   1.02888
 -0.39312 -0.896024  -0.20639   1.55174
        0         0         0         1

 0.621607 -0.423355  0.659071   1.16468
 -0.67593  0.135326  0.724435   1.02894
-0.395883   -0.8958 -0.202039   1.54879
        0         0         0         1

 0.621385 -0.422277  0.659972   1.16509
-0.674366  0.140586  0.724891   1.02809
-0.398887 -0.895499 -0.197411   1.54502
        0         0         0         1

  0.61957 -0.420904   0.66255    1.1654
-0.673987  0.147381  0.723893   1.02749
-0.402336 -0.895053 -0.192371   1.54386
        0         0         0         1

 0.618394 -0.419776  0.664362   1.16457
-0.672737  0.154218  0.723631   1.02718
 -0.40622  -0.89443 -0.187031   1.53691
        0         0         0         1

 0.616838 -0.420008  0.665661   1.16483
-0.671818  0.159686  0.723299   1.02642
-0.410088 -0.893361 -0.183668   1.53636
        0         0         0         1

 0.614724 -0.420711   0.66717   1.16683
-0.673175  0.160955  0.721754    1.0255
-0.411034 -0.892802 -0.184269   1.53163
        0         0         0         1

 0.611188 -0.421218  0.670094   1.16983
-0.674843  0.165047  0.719268   1.02562
-0.413565 -0.891816 -0.183381   1.53027
        0         0         0         1

 0.614248 -0.421337  0.667214   1.16658
-0.668244  0.171968  0.723793   1.02503
  -0.4197 -0.890451 -0.175925   1.52904
        0         0         0         1

 0.614916 -0.420837  0.666914   1.16589
-0.665295  0.177209  0.725245   1.02455
-0.423393 -0.889659 -0.171013   1.53002
        0         0         0         1

 0.616492 -0.421404  0.665098   1.16537
 -0.66126  0.181428  0.727887   1.02369
-0.427402  -0.88854 -0.166809   1.52943
        0         0         0         1

 0.616846 -0.420358  0.665432   1.16497
-0.661079  0.182143  0.727872   1.02405
-0.427171 -0.888889 -0.165536   1.52608
        0         0         0         1

 0.616034 -0.419974  0.666426   1.16566
-0.661456  0.183625  0.727158   1.02437
 -0.42776 -0.888765 -0.164675   1.52356
        0         0         0         1

   0.6128 -0.420219  0.669247   1.16803
-0.661248  0.191046  0.725433   1.02353
-0.432698 -0.887083 -0.160796   1.52367
        0         0         0         1

 0.611859 -0.420849  0.669712    1.1684
-0.659658  0.195687  0.725644   1.02289
 -0.43644 -0.885772 -0.157884   1.52011
        0         0         0         1

 0.609159 -0.423102  0.670753   1.16952
-0.661206  0.196027  0.724141   1.02288
-0.437871 -0.884623 -0.160346   1.51816
        0         0         0         1

 0.611164 -0.424205  0.668228   1.16817
 -0.65744  0.198041  0.727016   1.02244
 -0.44074 -0.883646 -0.157853   1.51685
        0         0         0         1

 0.610693 -0.424393  0.668539   1.16899
 -0.65718  0.199381  0.726885   1.02224
-0.441779 -0.883254 -0.157142   1.51617
        0         0         0         1

 0.609145 -0.425726  0.669103   1.17063
-0.657487  0.200673  0.726251   1.02201
-0.443455 -0.882319 -0.157671   1.51394
        0         0         0         1

 0.609913 -0.426827  0.667702   1.16932
-0.655085  0.202584   0.72789   1.02206
-0.445948 -0.881351  -0.15605   1.51361
        0         0         0         1

 0.609784 -0.429089  0.666368   1.16842
-0.653855  0.202816   0.72893   1.02164
-0.447926 -0.880198 -0.156888   1.51043
        0         0         0         1

 0.609809 -0.430847  0.665209   1.16787
-0.651845  0.204768  0.730183   1.02139
-0.450811 -0.878886 -0.155977   1.51062
        0         0         0         1

 0.608612 -0.430411  0.666587   1.16858
-0.652996  0.205561  0.728932   1.02145
-0.450765 -0.878915 -0.155949   1.50902
        0         0         0         1

 0.608672 -0.430554   0.66644   1.16874
 -0.65238  0.206476  0.729224   1.02118
-0.451574  -0.87863 -0.155209   1.50902
        0         0         0         1

 0.609357 -0.434522   0.66323   1.16736
-0.651997  0.201399  0.730985    1.0209
-0.451203 -0.877855 -0.160583   1.50776
        0         0         0         1

 0.607194 -0.434377  0.665306   1.17055
 -0.65531  0.199729  0.728475   1.02103
-0.449314 -0.878308 -0.163377    1.5061
        0         0         0         1

 0.607725 -0.433562  0.665353   1.17056
-0.655917  0.198295  0.728321   1.02086
-0.447708 -0.879036 -0.163872   1.50506
        0         0         0         1

 0.608402 -0.433795  0.664582   1.16984
-0.655922  0.196572  0.728784   1.02079
-0.446781 -0.879307 -0.164941   1.50383
        0         0         0         1

 0.608236 -0.433357  0.665019   1.17082
-0.657093  0.195101  0.728124   1.02123
-0.445284 -0.879851 -0.166088   1.50271
        0         0         0         1

 0.609316 -0.432811  0.664386   1.17023
 -0.65656  0.194414  0.728789   1.02134
-0.444594 -0.880271 -0.165707   1.50264
        0         0         0         1

 0.609719 -0.431979  0.664557   1.17263
-0.656305  0.194954  0.728874   1.02103
-0.444417  -0.88056 -0.164643    1.5021
        0         0         0         1

 0.609988 -0.431645  0.664528   1.17379
-0.656169  0.195006  0.728982   1.02107
-0.444248 -0.880713  -0.16428   1.50218
        0         0         0         1

 0.611008 -0.432097  0.663296   1.17324
-0.654841   0.19492  0.730198    1.0211
-0.444806  -0.88051 -0.163857   1.50216
        0         0         0         1

 0.612405 -0.432328  0.661855   1.17259
-0.653531  0.194207   0.73156   1.02143
-0.444811 -0.880554 -0.163606   1.50211
        0         0         0         1

 0.612504 -0.432609   0.66158   1.17439
-0.654034  0.192685  0.731514   1.02227
-0.443936 -0.880751  -0.16492   1.49937
        0         0         0         1

  0.61282 -0.432724  0.661213     1.175
-0.653405   0.19311  0.731963   1.02221
-0.444425 -0.880601 -0.164402   1.49927
        0         0         0         1

 0.613185 -0.433449  0.660398   1.17527
-0.652295  0.193702  0.732796   1.02247
 -0.44555 -0.880115 -0.163961   1.49991
        0         0         0         1

 0.612296 -0.433853  0.660958   1.17756
-0.653039  0.193733  0.732126   1.02271
-0.445684 -0.879909 -0.164701   1.49821
        0         0         0         1

 0.613037 -0.433997  0.660176   1.17659
-0.652018  0.193966  0.732973   1.02321
 -0.44616 -0.879786 -0.164065   1.49747
        0         0         0         1

 0.612295 -0.434192  0.660737   1.17926
-0.652609  0.194207  0.732383   1.02369
-0.446314 -0.879637 -0.164445   1.49644
        0         0         0         1

 0.612644 -0.432759  0.661353   1.18064
-0.651029  0.198142  0.732735   1.02458
 -0.44814 -0.879465 -0.160348   1.49763
        0         0         0         1

 0.612936  -0.43135  0.662002   1.18056
-0.651014  0.199095   0.73249     1.025
-0.447762 -0.879942 -0.158782   1.49632
        0         0         0         1

 0.614354 -0.430522  0.661226    1.1797
-0.649254  0.200383    0.7337   1.02558
-0.448372 -0.880056 -0.156412   1.49615
        0         0         0         1

 0.613705 -0.429786  0.662306   1.18098
-0.649399  0.202324  0.733038   1.02601
-0.449051 -0.879971 -0.154935   1.49614
        0         0         0         1

 0.613448 -0.429572  0.662684   1.18183
-0.649111  0.203684  0.732917   1.02687
-0.449819 -0.879762 -0.153891   1.49499
        0         0         0         1

 0.613852 -0.428481  0.663015   1.18225
-0.648359  0.205486   0.73308    1.0268
-0.450351 -0.879875 -0.151672   1.49576
        0         0         0         1

 0.612767 -0.426527  0.665275   1.18365
-0.647419  0.211803  0.732112   1.02683
-0.453173 -0.879326 -0.146356   1.49728
        0         0         0         1

 0.613568 -0.427045  0.664203   1.18374
-0.647256  0.209833  0.732823   1.02732
 -0.45232 -0.879547 -0.147661     1.497
        0         0         0         1

 0.616954 -0.427015   0.66108   1.18296
-0.644505  0.207919  0.735787   1.02789
-0.451643 -0.880016 -0.146937   1.49657
        0         0         0         1

 0.614327 -0.427837  0.662991   1.18437
-0.646176  0.209425  0.733892   1.02808
-0.452833 -0.879259 -0.147803     1.497
        0         0         0         1

 0.612909 -0.428182   0.66408   1.18748
-0.646009  0.212404  0.733183   1.02828
-0.454989 -0.878376 -0.146425   1.49923
        0         0         0         1

 0.615696 -0.427644  0.661845   1.18567
-0.646128  0.206781  0.734684   1.02921
 -0.45104 -0.879979 -0.148999   1.49706
        0         0         0         1

 0.616268 -0.426902  0.661792   1.18595
 -0.64603  0.206555  0.734833   1.02991
-0.450398 -0.880392 -0.148498   1.49701
        0         0         0         1

  0.61714 -0.426496   0.66124   1.18622
-0.645347  0.206447  0.735464   1.03019
-0.450184 -0.880614 -0.147831   1.49749
        0         0         0         1

 0.617718 -0.423884  0.662379   1.18786
-0.645449   0.20789  0.734967   1.03076
-0.449243 -0.881535 -0.145179   1.49814
        0         0         0         1

 0.618656 -0.421758  0.662861   1.18824
-0.644474  0.210121  0.735189   1.03076
-0.449353 -0.882026  -0.14182   1.49927
        0         0         0         1

 0.620183 -0.419189  0.663064   1.18796
-0.643552  0.211455  0.735614   1.03079
-0.448569 -0.882931 -0.138629   1.49969
        0         0         0         1

 0.622888 -0.414993  0.663168    1.1874
-0.641511  0.214215  0.736597   1.03104
-0.447743 -0.884247  -0.13279   1.50023
        0         0         0         1

 0.623337 -0.412351  0.664393   1.18802
-0.641048  0.217078  0.736162   1.03123
-0.447782 -0.884785 -0.129024   1.50086
        0         0         0         1

 0.623237 -0.409588  0.666193   1.18857
-0.641912   0.21864  0.734946   1.03141
-0.446681 -0.885683 -0.126654   1.50099
        0         0         0         1

 0.622986 -0.407263  0.667851   1.18975
-0.641275  0.223009  0.734189   1.03176
-0.447945 -0.885666 -0.122236   1.50407
        0         0         0         1

 0.618757 -0.408798  0.670839    1.1928
-0.643897  0.225286  0.731193   1.03177
 -0.45004 -0.884382 -0.123827   1.50534
        0         0         0         1

 0.619445 -0.409442  0.669809   1.19176
-0.644052    0.2228  0.731818   1.03153
-0.448871 -0.884713 -0.125689   1.50465
        0         0         0         1

 0.620022 -0.410551  0.668595   1.19097
-0.643656  0.221122  0.732675   1.03201
-0.448642  -0.88462 -0.127153   1.50433
        0         0         0         1

 0.620461 -0.412381  0.667061   1.18919
-0.645008  0.215488  0.733164   1.03232
-0.446087 -0.885159 -0.132287   1.50242
        0         0         0         1

 0.620679 -0.412818  0.666587   1.18886
-0.644143  0.216244  0.733701   1.03229
-0.447031 -0.884771 -0.131696   1.50339
        0         0         0         1

  0.61943 -0.414006  0.667013   1.18918
-0.643576  0.218768  0.733451   1.03192
-0.449574 -0.883595 -0.130933   1.50581
        0         0         0         1

 0.617766 -0.415137  0.667852    1.1899
-0.644796  0.218717  0.732394   1.03192
-0.450114 -0.883077 -0.132563   1.50587
        0         0         0         1

 0.618354 -0.415474  0.667098   1.18943
-0.644211   0.21823  0.733054   1.03206
-0.450146 -0.883038  -0.13271   1.50656
        0         0         0         1

 0.618838 -0.415514  0.666624   1.18871
-0.643495  0.218547  0.733589   1.03211
-0.450505 -0.882942 -0.132136   1.50745
        0         0         0         1

 0.619504 -0.415653  0.665919    1.1873
-0.643397  0.217146   0.73409   1.03205
-0.449728 -0.883222 -0.132907   1.50764
        0         0         0         1

  0.61861 -0.415258  0.666996   1.18806
-0.644391  0.217562  0.733094   1.03212
-0.449536 -0.883305 -0.133002   1.50781
        0         0         0         1

 0.618828 -0.414975  0.666969   1.18786
  -0.6438  0.218561  0.733316   1.03234
-0.450081 -0.883191 -0.131909   1.50987
        0         0         0         1

 0.619233 -0.415375  0.666344   1.18663
 -0.64338  0.218071  0.733831    1.0325
-0.450125 -0.883124 -0.132207   1.51198
        0         0         0         1

 0.616581 -0.420932  0.665315   1.18836
-0.645026  0.214445  0.733454   1.03402
-0.451408 -0.881379  -0.13929   1.51419
        0         0         0         1

 0.614373 -0.424256  0.665246   1.18868
-0.648042  0.209643  0.732183    1.0349
-0.450097 -0.880941 -0.146136   1.51421
        0         0         0         1

  0.61275 -0.424802  0.666393   1.18822
-0.649913  0.208869  0.730744   1.03632
-0.449611 -0.880861   -0.1481   1.51711
        0         0         0         1

 0.613615 -0.422771   0.66689   1.18694
-0.650014  0.209038  0.730606   1.03704
-0.448284 -0.881798 -0.146538   1.52036
        0         0         0         1

 0.615587 -0.416926  0.668749   1.18534
-0.650733   0.20974  0.729764   1.03817
-0.444521  -0.88441 -0.142195   1.52359
        0         0         0         1

 0.616704 -0.410681  0.671579    1.1852
-0.651344  0.212887  0.728306    1.0381
-0.442072 -0.886578 -0.136206   1.52894
        0         0         0         1

 0.624184 -0.386055  0.679232   1.18182
-0.654072  0.217274  0.724556    1.0402
-0.427297 -0.896523 -0.116889   1.54128
        0         0         0         1

 0.625149 -0.373076  0.685567   1.18359
-0.661996  0.211854  0.718943   1.04171
 -0.41346  -0.90329 -0.114534   1.54003
        0         0         0         1

 0.629348 -0.355513  0.691037   1.18018
-0.666601  0.210113  0.715189   1.04312
-0.399455 -0.910749 -0.104751   1.54763
        0         0         0         1

   0.62975  -0.342085   0.697419    1.17819
 -0.673429   0.207074   0.709658    1.04417
  -0.38718  -0.916569 -0.0999654    1.55381
         0          0          0          1

  0.628647  -0.307627   0.714261    1.17899
 -0.692513   0.196488   0.694131    1.04853
 -0.353878  -0.930998 -0.0895142    1.56589
         0          0          0          1

  0.631551   -0.29092   0.718686    1.17694
 -0.698151   0.189798   0.690335    1.04972
 -0.337238  -0.937732 -0.0832386    1.57211
         0          0          0          1

  0.632099  -0.270499   0.726141    1.17663
 -0.706517   0.183686   0.683442    1.05123
 -0.318253  -0.945034 -0.0750043    1.58178
         0          0          0          1

  0.635324  -0.254862   0.728978    1.17628
 -0.711046   0.175232    0.68096    1.05249
 -0.301292  -0.950967 -0.0698896    1.58997
         0          0          0          1

  0.638894  -0.236456   0.732054    1.17341
 -0.716599   0.163204   0.678122    1.05434
 -0.279821  -0.957838 -0.0651741    1.60096
         0          0          0          1

  0.640824  -0.221647   0.734995    1.17332
 -0.721956   0.151512   0.675147    1.05587
 -0.261005  -0.963284 -0.0629272    1.60884
         0          0          0          1

  0.650674  -0.190223   0.735145    1.16564
 -0.728361   0.117432   0.675055    1.06202
 -0.214741  -0.974692 -0.0621414    1.63018
         0          0          0          1

   0.65164  -0.181978   0.736376    1.16472
 -0.732146   0.102908   0.673329    1.06505
  -0.19831  -0.977903 -0.0661752    1.64198
         0          0          0          1

  0.661332  -0.165374   0.731636    1.15517
 -0.730581  0.0790183   0.678239    1.06955
 -0.169976   -0.98306 -0.0685615    1.65328
         0          0          0          1

  0.660792  -0.157022    0.73396    1.15734
  -0.73537  0.0603548   0.674973    1.07184
 -0.150284  -0.985749 -0.0755873     1.6637
         0          0          0          1

  0.675201  -0.136389   0.724915    1.14976
 -0.730531  0.0124096   0.682767    1.07983
 -0.102118  -0.990578 -0.0912574    1.68977
         0          0          0          1

 0.683006 -0.130174   0.71872   1.14659
-0.725621 -0.008399  0.688043   1.08374
-0.0835287 -0.991456 -0.100193   1.70185
        0         0         0         1

  0.688072  -0.123785   0.715007    1.14648
 -0.723517 -0.0416655   0.689048    1.09061
-0.0555028  -0.991434  -0.118229     1.7111
         0          0          0          1

  0.695108  -0.117009   0.709319    1.14169
 -0.717872 -0.0601037   0.693575    1.09542
-0.0385217   -0.99131  -0.125776    1.72525
         0          0          0          1

  0.700694  -0.111733   0.704658    1.14118
 -0.713282 -0.0875405   0.695389    1.10263
-0.0160117  -0.989875  -0.141036    1.73917
         0          0          0          1

 0.706774 -0.102927  0.699912   1.13486
-0.707431 -0.107455  0.698566   1.10852
0.0033075 -0.988868  -0.14876   1.75166
        0         0         0         1

  0.720452 -0.0893478   0.687725    1.12757
 -0.691526  -0.167406   0.702686    1.12788
 0.0523457  -0.981831  -0.182394    1.77014
         0          0          0          1

  0.728514 -0.0820095   0.680104     1.1205
 -0.681744  -0.183935   0.708091    1.13361
 0.0670245  -0.979511  -0.189908    1.78403
         0          0          0          1

  0.730627 -0.0755988   0.678578    1.12325
 -0.677358  -0.205212   0.706452    1.14284
 0.0858452  -0.975794  -0.201141    1.80016
         0          0          0          1

  0.736345 -0.0691425   0.673065    1.11768
 -0.669054  -0.222622   0.709088    1.15022
  0.100811   -0.97245  -0.210186    1.81331
         0          0          0          1

   0.74252 -0.0549817   0.667564    1.10762
 -0.658557  -0.241951   0.712574    1.15929
  0.122339  -0.968729  -0.215862    1.83138
         0          0          0          1

  0.745779 -0.0546808   0.663945    1.10621
 -0.652291  -0.262473   0.711072    1.16732
  0.135386  -0.963389  -0.231415    1.84011
         0          0          0          1

 0.756453 -0.038546  0.652911   1.09339
-0.630412 -0.308909  0.712148   1.18947
  0.17424  -0.95031 -0.257975    1.8634
        0         0         0         1

  0.756774 -0.0384932   0.652542    1.09432
 -0.626085  -0.329655   0.706644    1.20051
  0.187913  -0.943316  -0.273574     1.8688
         0          0          0          1

