 -0.276324  -0.856511    0.43593   0.576761
 -0.957124   0.286289 -0.0441966    1.02153
-0.0869469  -0.429451  -0.898895    2.29042
         0          0          0          1

 -0.276324  -0.856511    0.43593   0.576761
 -0.957124   0.286289 -0.0441966    1.02153
-0.0869469  -0.429451  -0.898895    2.29042
         0          0          0          1

 -0.277785  -0.857144    0.43375    0.58047
  -0.95447   0.297369 -0.0236309   0.992685
 -0.108729  -0.420566  -0.900723    2.25863
         0          0          0          1

 -0.277785  -0.857144    0.43375    0.58047
  -0.95447   0.297369 -0.0236309   0.992685
 -0.108729  -0.420566  -0.900723    2.25863
         0          0          0          1

-0.289814 -0.866767   0.40586  0.591403
-0.944134  0.328435 0.0272339  0.934123
-0.156904 -0.375294 -0.913529   2.22972
        0         0         0         1

-0.289814 -0.866767   0.40586  0.591403
-0.944134  0.328435 0.0272339  0.934123
-0.156904 -0.375294 -0.913529   2.22972
        0         0         0         1

-0.281631 -0.862957   0.41951  0.576625
-0.940893  0.334106 0.0556228   0.89958
-0.188161 -0.379049 -0.906045    2.1955
        0         0         0         1

-0.281631 -0.862957   0.41951  0.576625
-0.940893  0.334106 0.0556228   0.89958
-0.188161 -0.379049 -0.906045    2.1955
        0         0         0         1

-0.283677 -0.862338  0.419405  0.576813
-0.938088  0.340234 0.0650516   0.88703
-0.198792 -0.374985 -0.905465   2.18761
        0         0         0         1

-0.298255  -0.86381   0.40605  0.578921
-0.928989  0.360381  0.084287  0.848108
-0.219141 -0.352078 -0.909955   2.15389
        0         0         0         1

-0.301649  -0.86595  0.398922  0.579632
-0.927201  0.363888 0.0887878  0.838963
-0.222049 -0.343098 -0.912676   2.14349
        0         0         0         1

-0.306212 -0.870871  0.384472  0.579103
-0.921387  0.372667  0.110295  0.816656
-0.239333 -0.320474 -0.916524   2.12305
        0         0         0         1

-0.304054 -0.881243  0.361887  0.575671
-0.913805  0.377167  0.150682  0.784712
-0.269279 -0.284879 -0.919964   2.08932
        0         0         0         1

-0.304054 -0.881243  0.361887  0.575671
-0.913805  0.377167  0.150682  0.784712
-0.269279 -0.284879 -0.919964   2.08932
        0         0         0         1

-0.309532 -0.893932  0.324153  0.578577
-0.898279   0.38671  0.208687  0.740815
-0.311905 -0.226585   -0.9227   2.04275
        0         0         0         1

-0.309532 -0.893932  0.324153  0.578577
-0.898279   0.38671  0.208687  0.740815
-0.311905 -0.226585   -0.9227   2.04275
        0         0         0         1

-0.311645 -0.899143  0.307276   0.57752
-0.886814  0.391359  0.245762  0.712277
 -0.34123 -0.195906 -0.919338   2.00802
        0         0         0         1

-0.311645 -0.899143  0.307276   0.57752
-0.886814  0.391359  0.245762  0.712277
 -0.34123 -0.195906 -0.919338   2.00802
        0         0         0         1

-0.321407 -0.904639  0.279866  0.583298
-0.875481   0.39651  0.276249   0.68959
-0.360876 -0.156228 -0.919435     1.976
        0         0         0         1

-0.321407 -0.904639  0.279866  0.583298
-0.875481   0.39651  0.276249   0.68959
-0.360876 -0.156228 -0.919435     1.976
        0         0         0         1

-0.324451 -0.906264  0.270955  0.583749
-0.872098  0.397529  0.285335   0.68242
-0.366301 -0.143722  -0.91933   1.96515
        0         0         0         1

   -0.3319  -0.913488   0.235334   0.585238
 -0.859241   0.395715   0.324215   0.654969
 -0.389292 -0.0946018  -0.916244    1.92971
         0          0          0          1

 -0.334533  -0.914409   0.227912   0.586494
 -0.855578   0.396088   0.333319    0.64893
 -0.395063 -0.0834904  -0.914852     1.9196
         0          0          0          1

-0.338791 -0.916788  0.211472  0.588759
-0.847658  0.394956  0.354239  0.635477
-0.408284 -0.059243  -0.91093   1.89967
        0         0         0         1

 -0.340531   -0.91733   0.206263   0.589242
 -0.844018    0.39491   0.362878   0.629527
 -0.414334 -0.0505185  -0.908722    1.88983
         0          0          0          1

 -0.348854  -0.917153   0.192695   0.593241
 -0.829721   0.397853   0.391505   0.610526
 -0.435734 -0.0233054  -0.899774    1.85379
         0          0          0          1

 -0.349002  -0.917723   0.189691   0.592981
 -0.825645   0.396871   0.401003   0.604363
 -0.443293 -0.0166664  -0.896222    1.84574
         0          0          0          1

  -0.349215   -0.918188    0.187028    0.591548
  -0.816902    0.396093    0.419263    0.592258
  -0.459042 -0.00637046   -0.888392     1.82832
          0           0           0           1

-0.359849 -0.917266  0.170681  0.596553
-0.798761  0.397412  0.451712   0.57296
-0.482171 0.0262146 -0.875685   1.79247
        0         0         0         1

-0.359849 -0.917266  0.170681  0.596553
-0.798761  0.397412  0.451712   0.57296
-0.482171 0.0262146 -0.875685   1.79247
        0         0         0         1

-0.365204 -0.916913  0.160924  0.599503
-0.790139  0.396711  0.467225  0.563133
-0.492245 0.0434806  -0.86937   1.76775
        0         0         0         1

-0.365204 -0.916913  0.160924  0.599503
-0.790139  0.396711  0.467225  0.563133
-0.492245 0.0434806  -0.86937   1.76775
        0         0         0         1

-0.366141 -0.917136   0.15749  0.600014
-0.787048  0.395503  0.473427  0.559495
-0.496484 0.0493884  -0.86664   1.76119
        0         0         0         1

-0.369699 -0.917294  0.147967  0.602189
-0.782206  0.393208   0.48326   0.55339
-0.501474 0.0629201 -0.862882   1.74618
        0         0         0         1

-0.380854 -0.916368   0.12337  0.606468
-0.774196  0.388988  0.499308  0.541473
-0.505539 0.0946507 -0.857596   1.71898
        0         0         0         1

-0.380854 -0.916368   0.12337  0.606468
-0.774196  0.388988  0.499308  0.541473
-0.505539 0.0946507 -0.857596   1.71898
        0         0         0         1

-0.382717 -0.915841    0.1215   0.60759
-0.772326  0.389333  0.501928  0.539402
 -0.50699 0.0982585 -0.856333   1.71283
        0         0         0         1

-0.386387 -0.915113  0.115207  0.608594
-0.768948  0.388584  0.507663  0.533586
-0.509337  0.107566 -0.853818   1.70193
        0         0         0         1

-0.389197 -0.914976  0.106512  0.610488
-0.766119  0.385723  0.514081  0.527337
-0.511456  0.118478 -0.851103   1.68614
        0         0         0         1

-0.389197 -0.914976  0.106512  0.610488
-0.766119  0.385723  0.514081  0.527337
-0.511456  0.118478 -0.851103   1.68614
        0         0         0         1

-0.395612  -0.91394 0.0905817  0.615331
-0.758597  0.380771  0.528719  0.518901
-0.517708  0.140452  -0.84395   1.66863
        0         0         0         1

-0.395612  -0.91394 0.0905817  0.615331
-0.758597  0.380771  0.528719  0.518901
-0.517708  0.140452  -0.84395   1.66863
        0         0         0         1

-0.399431 -0.912987 0.0831226  0.617563
-0.755287  0.379112  0.534617  0.514946
-0.519611  0.150761 -0.840997   1.65768
        0         0         0         1

-0.399431 -0.912987 0.0831226  0.617563
-0.755287  0.379112  0.534617  0.514946
-0.519611  0.150761 -0.840997   1.65768
        0         0         0         1

 -0.40363 -0.911728 0.0763843  0.620206
-0.753676  0.378665  0.537201  0.510324
-0.518706  0.159261 -0.839988   1.64176
        0         0         0         1

 -0.40363 -0.911728 0.0763843  0.620206
-0.753676  0.378665  0.537201  0.510324
-0.518706  0.159261 -0.839988   1.64176
        0         0         0         1

-0.406576 -0.910581 0.0744221   0.62161
-0.753013   0.38012  0.537104  0.508809
-0.517366  0.162333 -0.840227   1.63281
        0         0         0         1

-0.406576 -0.910581 0.0744221   0.62161
-0.753013   0.38012  0.537104  0.508809
-0.517366  0.162333 -0.840227   1.63281
        0         0         0         1

-0.407031 -0.910202 0.0765377  0.621018
-0.751352  0.381286  0.538601  0.506446
-0.519419  0.161721 -0.839077   1.62516
        0         0         0         1

-0.407031 -0.910202 0.0765377  0.621018
-0.751352  0.381286  0.538601  0.506446
-0.519419  0.161721 -0.839077   1.62516
        0         0         0         1

-0.411793 -0.908143 0.0755186  0.623802
-0.750015  0.384825  0.537947  0.505745
-0.517594  0.164883 -0.839589   1.61582
        0         0         0         1

-0.411793 -0.908143 0.0755186  0.623802
-0.750015  0.384825  0.537947  0.505745
-0.517594  0.164883 -0.839589   1.61582
        0         0         0         1

-0.413509 -0.907959   0.06798   0.62517
-0.752571  0.382856  0.535778  0.504588
 -0.51249  0.170389 -0.841618   1.61089
        0         0         0         1

-0.413509 -0.907959   0.06798   0.62517
-0.752571  0.382856  0.535778  0.504588
 -0.51249  0.170389 -0.841618   1.61089
        0         0         0         1

-0.415707 -0.908163 0.0492788  0.625863
-0.765933   0.37879  0.519484  0.503799
-0.490443  0.178209 -0.853058   1.60848
        0         0         0         1

-0.415707 -0.908163 0.0492788  0.625863
-0.765933   0.37879  0.519484  0.503799
-0.490443  0.178209 -0.853058   1.60848
        0         0         0         1

-0.417486 -0.907659  0.043143  0.626837
-0.772168  0.379394  0.509722  0.504146
-0.479022  0.179488 -0.859256   1.60919
        0         0         0         1

-0.417486 -0.907659  0.043143  0.626837
-0.772168  0.379394  0.509722  0.504146
-0.479022  0.179488 -0.859256   1.60919
        0         0         0         1

-0.416883 -0.908183 0.0375728  0.628378
-0.776093  0.377159  0.505401   0.50504
-0.473168  0.181533 -0.862066   1.61131
        0         0         0         1

-0.416883 -0.908183 0.0375728  0.628378
-0.776093  0.377159  0.505401   0.50504
-0.473168  0.181533 -0.862066   1.61131
        0         0         0         1

-0.407138 -0.912252  0.045101  0.627003
-0.777241  0.371972  0.507478  0.506643
-0.479724  0.171559 -0.860484   1.61498
        0         0         0         1

-0.407138 -0.912252  0.045101  0.627003
-0.777241  0.371972  0.507478  0.506643
-0.479724  0.171559 -0.860484   1.61498
        0         0         0         1

-0.403634 -0.913349 0.0535993  0.627012
-0.777512  0.373303  0.506083   0.50956
 -0.48224  0.162598 -0.860817   1.61905
        0         0         0         1

-0.403634 -0.913349 0.0535993  0.627012
-0.777512  0.373303  0.506083   0.50956
 -0.48224  0.162598 -0.860817   1.61905
        0         0         0         1

-0.401195 -0.914113 0.0586488  0.625711
-0.781392   0.37495  0.498838  0.516796
-0.477984  0.154303 -0.864709   1.63209
        0         0         0         1

-0.401195 -0.914113 0.0586488  0.625711
-0.781392   0.37495  0.498838  0.516796
-0.477984  0.154303 -0.864709   1.63209
        0         0         0         1

-0.400595 -0.914218 0.0610683   0.62539
-0.785917  0.377109  0.490024  0.522135
-0.471018  0.148306 -0.869567   1.64192
        0         0         0         1

-0.400595 -0.914218 0.0610683   0.62539
-0.785917  0.377109  0.490024  0.522135
-0.471018  0.148306 -0.869567   1.64192
        0         0         0         1

-0.395502 -0.916286 0.0632243  0.623084
-0.792207  0.375156  0.481317  0.526573
-0.464744  0.140275 -0.874263   1.65467
        0         0         0         1

-0.395502 -0.916286 0.0632243  0.623084
-0.792207  0.375156  0.481317  0.526573
-0.464744  0.140275 -0.874263   1.65467
        0         0         0         1

-0.385454 -0.920348 0.0662177  0.624479
-0.805587  0.370647  0.462223  0.538016
-0.449949  0.124821 -0.884288   1.67587
        0         0         0         1

-0.385454 -0.920348 0.0662177  0.624479
-0.805587  0.370647  0.462223  0.538016
-0.449949  0.124821 -0.884288   1.67587
        0         0         0         1

-0.374257 -0.925127 0.0638143  0.625165
-0.817462  0.361626   0.44831  0.545908
 -0.43782  0.115617 -0.891597   1.69366
        0         0         0         1

-0.374257 -0.925127 0.0638143  0.625165
-0.817462  0.361626   0.44831  0.545908
 -0.43782  0.115617 -0.891597   1.69366
        0         0         0         1

-0.350056 -0.934794 0.0601731  0.623196
-0.839985  0.341686  0.421515  0.558856
 -0.41459 0.0970095 -0.904823   1.72313
        0         0         0         1

-0.350056 -0.934794 0.0601731  0.623196
-0.839985  0.341686  0.421515  0.558856
 -0.41459 0.0970095 -0.904823   1.72313
        0         0         0         1

-0.335971 -0.940162 0.0567392  0.623815
-0.853756  0.329427   0.40321  0.568747
-0.397774 0.0870251 -0.913347   1.74777
        0         0         0         1

-0.335971 -0.940162 0.0567392  0.623815
-0.853756  0.329427   0.40321  0.568747
-0.397774 0.0870251 -0.913347   1.74777
        0         0         0         1

-0.325737 -0.943897 0.0543568  0.624983
-0.867414  0.321227  0.380007  0.581036
-0.376148 0.0766325 -0.923385   1.77471
        0         0         0         1

-0.325737 -0.943897 0.0543568  0.624983
-0.867414  0.321227  0.380007  0.581036
-0.376148 0.0766325 -0.923385   1.77471
        0         0         0         1

-0.323241 -0.944718 0.0549788  0.626073
-0.872206  0.319961  0.369976  0.586246
-0.367114 0.0716386 -0.927413   1.78235
        0         0         0         1

-0.310323 -0.948827 0.0585444  0.627236
  -0.8892  0.311498  0.335101  0.605048
-0.336189 0.0519318 -0.940362   1.81401
        0         0         0         1

-0.298529 -0.952433 0.0612464  0.628538
-0.902527   0.30259  0.306404  0.622151
-0.310362  0.036194 -0.949929   1.84277
        0         0         0         1

-0.298529 -0.952433 0.0612464  0.628538
-0.902527   0.30259  0.306404  0.622151
-0.310362  0.036194 -0.949929   1.84277
        0         0         0         1

 -0.274047  -0.958708  0.0760147   0.627952
 -0.921644   0.284384   0.264003   0.649949
 -0.274719 0.00229053  -0.961522    1.88932
         0          0          0          1

 -0.274047  -0.958708  0.0760147   0.627952
 -0.921644   0.284384   0.264003   0.649949
 -0.274719 0.00229053  -0.961522    1.88932
         0          0          0          1

 -0.263433  -0.960825  0.0861354   0.631231
   -0.9331    0.27645   0.229998   0.674352
   -0.2448 -0.0197839  -0.969372    1.91971
         0          0          0          1

 -0.263433  -0.960825  0.0861354   0.631231
   -0.9331    0.27645   0.229998   0.674352
   -0.2448 -0.0197839  -0.969372    1.91971
         0          0          0          1

 -0.250826  -0.963214  0.0964633   0.633995
 -0.944071   0.265434   0.195641   0.699376
 -0.214049 -0.0419964   -0.97592    1.95123
         0          0          0          1

 -0.250826  -0.963214  0.0964633   0.633995
 -0.944071   0.265434   0.195641   0.699376
 -0.214049 -0.0419964   -0.97592    1.95123
         0          0          0          1

 -0.244684  -0.964388   0.100428   0.631853
   -0.9473   0.259857   0.187341   0.705806
 -0.206766 -0.0492965  -0.977148    1.96217
         0          0          0          1

 -0.233931  -0.966053   0.109623    0.63394
 -0.956901   0.248727   0.149918   0.736707
 -0.172095 -0.0698278  -0.982602    2.00273
         0          0          0          1

-0.225597 -0.966853  0.119588    0.6336
-0.963767  0.239423  0.117603  0.763939
-0.142337 -0.088724 -0.985834   2.03695
        0         0         0         1

-0.225597 -0.966853  0.119588    0.6336
-0.963767  0.239423  0.117603  0.763939
-0.142337 -0.088724 -0.985834   2.03695
        0         0         0         1

 -0.22398 -0.966768  0.123254  0.633898
-0.965809  0.237121  0.104814  0.774268
-0.130557 -0.095564 -0.986824   2.04721
        0         0         0         1

-0.220629 -0.965863  0.135766  0.637327
-0.971089  0.230533 0.0619666   0.81144
-0.0911499  -0.11817 -0.988801    2.0856
        0         0         0         1

 -0.22282 -0.963415   0.14894  0.639009
-0.973537  0.227862 0.0174712  0.849826
-0.0507699 -0.141106 -0.988692   2.11266
        0         0         0         1

 -0.22282 -0.963415   0.14894  0.639009
-0.973537  0.227862 0.0174712  0.849826
-0.0507699 -0.141106 -0.988692   2.11266
        0         0         0         1

 -0.222101  -0.962622   0.155018    0.64188
  -0.97473   0.223112 -0.0110668   0.880943
-0.0239333  -0.153559   -0.98785    2.15045
         0          0          0          1

 -0.222101  -0.962622   0.155018    0.64188
  -0.97473   0.223112 -0.0110668   0.880943
-0.0239333  -0.153559   -0.98785    2.15045
         0          0          0          1

 -0.220041  -0.962501   0.158662   0.641602
 -0.975382   0.219512 -0.0210738   0.891368
-0.0145446  -0.159393  -0.987108    2.15959
         0          0          0          1

-0.219443 -0.960146  0.173105  0.639372
-0.975353  0.211709 -0.062177  0.933063
0.0230511 -0.182483 -0.982939   2.19564
        0         0         0         1

 -0.228691  -0.956963   0.178666   0.649707
 -0.972091   0.214614 -0.0947607   0.969408
 0.0523381  -0.195351  -0.979336    2.23021
         0          0          0          1

 -0.228691  -0.956963   0.178666   0.649707
 -0.972091   0.214614 -0.0947607   0.969408
 0.0523381  -0.195351  -0.979336    2.23021
         0          0          0          1

-0.239826 -0.950238  0.198824   0.65339
-0.964235  0.209346 -0.162556   1.03576
 0.112843 -0.230699  -0.96646   2.26099
        0         0         0         1

-0.239826 -0.950238  0.198824   0.65339
-0.964235  0.209346 -0.162556   1.03576
 0.112843 -0.230699  -0.96646   2.26099
        0         0         0         1

-0.252217  -0.94655  0.201071  0.663143
-0.957226  0.213601 -0.195174   1.07521
 0.141793 -0.241697 -0.959936   2.29422
        0         0         0         1

-0.252217  -0.94655  0.201071  0.663143
-0.957226  0.213601 -0.195174   1.07521
 0.141793 -0.241697 -0.959936   2.29422
        0         0         0         1

 -0.26038 -0.942694  0.208638    0.6623
-0.949858  0.211361 -0.230425   1.11327
 0.173122 -0.258174  -0.95046   2.32067
        0         0         0         1

 -0.26038 -0.942694  0.208638    0.6623
-0.949858  0.211361 -0.230425   1.11327
 0.173122 -0.258174  -0.95046   2.32067
        0         0         0         1

-0.261652 -0.941451  0.212623  0.660595
-0.948607  0.210218 -0.236544   1.12291
 0.177997 -0.263588 -0.948071   2.33095
        0         0         0         1

-0.270736 -0.935264  0.227997  0.654743
-0.938655  0.203922 -0.278106   1.16975
 0.213609 -0.289304 -0.933099   2.35196
        0         0         0         1

-0.283747 -0.934692  0.214097  0.666272
-0.923801  0.206606 -0.322345   1.21536
  0.25706 -0.289247 -0.922093   2.37739
        0         0         0         1

