 0.204195   -0.9135  0.351883   1.26473
-0.955958 -0.263491 -0.129296   1.06366
  0.21083 -0.309983 -0.927071   2.38753
        0         0         0         1

 0.204195   -0.9135  0.351883   1.26473
-0.955958 -0.263491 -0.129296   1.06366
  0.21083 -0.309983 -0.927071   2.38753
        0         0         0         1

  0.208179  -0.925786   0.315566    1.29707
 -0.966117  -0.244962 -0.0813046    1.00517
  0.152573  -0.287948  -0.945414    2.35675
         0          0          0          1

  0.208179  -0.925786   0.315566    1.29707
 -0.966117  -0.244962 -0.0813046    1.00517
  0.152573  -0.287948  -0.945414    2.35675
         0          0          0          1

  0.205451  -0.930051   0.304622    1.30683
 -0.969288  -0.236364 -0.0679161   0.972457
  0.135167  -0.281313  -0.950049    2.32966
         0          0          0          1

  0.205451  -0.930051   0.304622    1.30683
 -0.969288  -0.236364 -0.0679161   0.972457
  0.135167  -0.281313  -0.950049    2.32966
         0          0          0          1

  0.203539   -0.93851   0.278873    1.32534
 -0.974316  -0.222186 -0.0366189   0.935533
  0.096329  -0.264258  -0.959629    2.30496
         0          0          0          1

  0.203539   -0.93851   0.278873    1.32534
 -0.974316  -0.222186 -0.0366189   0.935533
  0.096329  -0.264258  -0.959629    2.30496
         0          0          0          1

   0.19642  -0.942008   0.272102    1.34024
 -0.979352  -0.202022 0.00756639   0.884581
 0.0478428   -0.26797  -0.962239    2.26275
         0          0          0          1

   0.19642  -0.942008   0.272102    1.34024
 -0.979352  -0.202022 0.00756639   0.884581
 0.0478428   -0.26797  -0.962239    2.26275
         0          0          0          1

 0.187199 -0.945759   0.26551   1.35082
-0.982029 -0.186779  0.027071   0.85288
0.0239889 -0.265806 -0.963728   2.23238
        0         0         0         1

 0.187199 -0.945759   0.26551   1.35082
-0.982029 -0.186779  0.027071   0.85288
0.0239889 -0.265806 -0.963728   2.23238
        0         0         0         1

 0.181616 -0.954232  0.237608    1.3726
-0.982597 -0.166521 0.0823023  0.801809
-0.0389688  -0.24842 -0.967868   2.19315
        0         0         0         1

 0.181616 -0.954232  0.237608    1.3726
-0.982597 -0.166521 0.0823023  0.801809
-0.0389688  -0.24842 -0.967868   2.19315
        0         0         0         1

 0.180518 -0.959247   0.21739   1.38439
-0.980777 -0.158904  0.113253  0.774515
-0.0740936 -0.233656 -0.969492   2.15824
        0         0         0         1

 0.180518 -0.959247   0.21739   1.38439
-0.980777 -0.158904  0.113253  0.774515
-0.0740936 -0.233656 -0.969492   2.15824
        0         0         0         1

 0.176737 -0.963819  0.199542   1.40008
-0.977651 -0.148455  0.148859  0.746214
 -0.11385 -0.221391 -0.968516    2.1249
        0         0         0         1

 0.176737 -0.963819  0.199542   1.40008
-0.977651 -0.148455  0.148859  0.746214
 -0.11385 -0.221391 -0.968516    2.1249
        0         0         0         1

 0.167829 -0.970931  0.170665   1.41905
-0.971541 -0.133547  0.195634  0.708487
-0.167155 -0.198641 -0.965713   2.07382
        0         0         0         1

 0.167829 -0.970931  0.170665   1.41905
-0.971541 -0.133547  0.195634  0.708487
-0.167155 -0.198641 -0.965713   2.07382
        0         0         0         1

 0.159993 -0.975843  0.148773   1.43309
-0.966431 -0.124157  0.224937  0.684657
-0.201032 -0.179767 -0.962949    2.0396
        0         0         0         1

 0.159993 -0.975843  0.148773   1.43309
-0.966431 -0.124157  0.224937  0.684657
-0.201032 -0.179767 -0.962949    2.0396
        0         0         0         1

 0.150237 -0.981752  0.116587   1.45129
-0.955728 -0.114042  0.271255  0.653411
-0.253009 -0.152178  -0.95542   1.98994
        0         0         0         1

 0.150237 -0.981752  0.116587   1.45129
-0.955728 -0.114042  0.271255  0.653411
-0.253009 -0.152178  -0.95542   1.98994
        0         0         0         1

 0.146425 -0.984189 0.0996557    1.4637
-0.947171 -0.110427  0.301119   0.63516
-0.285353 -0.138482 -0.948365   1.95664
        0         0         0         1

 0.146425 -0.984189 0.0996557    1.4637
-0.947171 -0.110427  0.301119   0.63516
-0.285353 -0.138482 -0.948365   1.95664
        0         0         0         1

 0.144963   -0.9858 0.0847536   1.47512
-0.937838 -0.109597  0.329316  0.620406
-0.315351 -0.127224 -0.940408   1.92247
        0         0         0         1

 0.144963   -0.9858 0.0847536   1.47512
-0.937838 -0.109597  0.329316  0.620406
-0.315351 -0.127224 -0.940408   1.92247
        0         0         0         1

 0.141201 -0.987701 0.0671501   1.49376
-0.920721 -0.106095  0.375523  0.600212
 -0.36378 -0.114851 -0.924377   1.87486
        0         0         0         1

 0.141201 -0.987701 0.0671501   1.49376
-0.920721 -0.106095  0.375523  0.600212
 -0.36378 -0.114851 -0.924377   1.87486
        0         0         0         1

  0.138278  -0.989173  0.0491593    1.50633
 -0.910798  -0.107512   0.398608    0.58941
 -0.389007 -0.0998929  -0.915803    1.84407
         0          0          0          1

  0.138278  -0.989173  0.0491593    1.50633
 -0.910798  -0.107512   0.398608    0.58941
 -0.389007 -0.0998929  -0.915803    1.84407
         0          0          0          1

  0.136522  -0.990136  0.0315158    1.51726
 -0.901418  -0.110969   0.418487   0.580301
 -0.410862 -0.0855418  -0.907676    1.81636
         0          0          0          1

  0.136522  -0.990136  0.0315158    1.51726
 -0.901418  -0.110969   0.418487   0.580301
 -0.410862 -0.0855418  -0.907676    1.81636
         0          0          0          1

  0.130936  -0.991389 0.00187691      1.533
 -0.890442  -0.116771   0.439862    0.56924
 -0.435855  -0.059265  -0.898064    1.77696
         0          0          0          1

  0.130936  -0.991389 0.00187691      1.533
 -0.890442  -0.116771   0.439862    0.56924
 -0.435855  -0.059265  -0.898064    1.77696
         0          0          0          1

  0.126337  -0.991868 -0.0154172    1.54337
 -0.883361   -0.11956   0.453188   0.562797
 -0.451346 -0.0436353  -0.891282    1.75226
         0          0          0          1

  0.126337  -0.991868 -0.0154172    1.54337
 -0.883361   -0.11956   0.453188   0.562797
 -0.451346 -0.0436353  -0.891282    1.75226
         0          0          0          1

  0.120108  -0.992204 -0.0332527    1.55755
 -0.872738  -0.121493    0.47283   0.555958
 -0.473183 -0.0277699  -0.880526    1.71844
         0          0          0          1

  0.120108  -0.992204 -0.0332527    1.55755
 -0.872738  -0.121493    0.47283   0.555958
 -0.473183 -0.0277699  -0.880526    1.71844
         0          0          0          1

  0.117903  -0.992043 -0.0441513     1.5645
 -0.867374   -0.12453   0.481825   0.553378
 -0.483489  -0.018513  -0.875155    1.69693
         0          0          0          1

  0.117903  -0.992043 -0.0441513     1.5645
 -0.867374   -0.12453   0.481825   0.553378
 -0.483489  -0.018513  -0.875155    1.69693
         0          0          0          1

   0.113042   -0.992137  -0.0537201     1.57275
  -0.861773   -0.124812    0.491701    0.550617
  -0.494539 -0.00928843   -0.869106     1.67861
          0           0           0           1

   0.113042   -0.992137  -0.0537201     1.57275
  -0.861773   -0.124812    0.491701    0.550617
  -0.494539 -0.00928843   -0.869106     1.67861
          0           0           0           1

  0.109772  -0.991151 -0.0746275    1.58162
 -0.856032  -0.132429   0.499672   0.549451
 -0.505134  0.0090336  -0.862994    1.65205
         0          0          0          1

  0.109772  -0.991151 -0.0746275    1.58162
 -0.856032  -0.132429   0.499672   0.549451
 -0.505134  0.0090336  -0.862994    1.65205
         0          0          0          1

  0.108307  -0.990344 -0.0865324    1.58704
 -0.851946  -0.137323   0.505302   0.549433
 -0.512306  0.0189931  -0.858593    1.63723
         0          0          0          1

  0.108307  -0.990344 -0.0865324    1.58704
 -0.851946  -0.137323   0.505302   0.549433
 -0.512306  0.0189931  -0.858593    1.63723
         0          0          0          1

 0.104553 -0.989014 -0.104502   1.59416
  -0.8467 -0.143642  0.512314  0.549144
-0.521697 0.0349178 -0.852416   1.61871
        0         0         0         1

 0.104553 -0.989014 -0.104502   1.59416
  -0.8467 -0.143642  0.512314  0.549144
-0.521697 0.0349178 -0.852416   1.61871
        0         0         0         1

0.0998792  -0.98832 -0.115098   1.59881
-0.845866 -0.145253  0.513237  0.549789
 -0.52396 0.0460958 -0.850494   1.60688
        0         0         0         1

0.0998792  -0.98832 -0.115098   1.59881
-0.845866 -0.145253  0.513237  0.549789
 -0.52396 0.0460958 -0.850494   1.60688
        0         0         0         1

0.0976611 -0.987266  -0.12557   1.60181
-0.846839 -0.148717  0.510634  0.551103
-0.522806 0.0564681 -0.850579   1.59627
        0         0         0         1

0.0976611 -0.987266  -0.12557   1.60181
-0.846839 -0.148717  0.510634  0.551103
-0.522806 0.0564681 -0.850579   1.59627
        0         0         0         1

0.0935821 -0.987536 -0.126552   1.60316
-0.850992 -0.145316  0.504675  0.553504
-0.516774 0.0604659 -0.853984   1.58359
        0         0         0         1

0.0935821 -0.987536 -0.126552   1.60316
-0.850992 -0.145316  0.504675  0.553504
-0.516774 0.0604659 -0.853984   1.58359
        0         0         0         1

 0.087364 -0.988793 -0.121059   1.60409
-0.855888 -0.136686  0.498771  0.554379
-0.509729 0.0600386 -0.858238   1.57606
        0         0         0         1

 0.087364 -0.988793 -0.121059   1.60409
-0.855888 -0.136686  0.498771  0.554379
-0.509729 0.0600386 -0.858238   1.57606
        0         0         0         1

 0.082132 -0.990749 -0.108035   1.60328
-0.862558 -0.124967  0.490282  0.556424
-0.499247 0.0529185 -0.864842   1.56856
        0         0         0         1

 0.082132 -0.990749 -0.108035   1.60328
-0.862558 -0.124967  0.490282  0.556424
-0.499247 0.0529185 -0.864842   1.56856
        0         0         0         1

0.0839278 -0.991356 -0.100842   1.60289
-0.865543  -0.12267  0.485579  0.558084
-0.493752 0.0465294 -0.868357   1.56513
        0         0         0         1

0.0839278 -0.991356 -0.100842   1.60289
-0.865543  -0.12267  0.485579  0.558084
-0.493752 0.0465294 -0.868357   1.56513
        0         0         0         1

 0.0861318  -0.991713 -0.0953193    1.60508
 -0.867302  -0.121719   0.482672   0.558722
 -0.490274  0.0410972  -0.870599    1.56316
         0          0          0          1

 0.0861318  -0.991713 -0.0953193    1.60508
 -0.867302  -0.121719   0.482672   0.558722
 -0.490274  0.0410972  -0.870599    1.56316
         0          0          0          1

  0.091184  -0.992162 -0.0854384    1.60612
 -0.869987  -0.121115   0.477969   0.560324
 -0.484571  0.0307472  -0.874212    1.56155
         0          0          0          1

  0.091184  -0.992162 -0.0854384    1.60612
 -0.869987  -0.121115   0.477969   0.560324
 -0.484571  0.0307472  -0.874212    1.56155
         0          0          0          1

 0.0934665  -0.992742 -0.0756815    1.60627
 -0.869128  -0.118436   0.480197   0.561643
 -0.485675  0.0208946  -0.873889    1.56186
         0          0          0          1

 0.0934665  -0.992742 -0.0756815    1.60627
 -0.869128  -0.118436   0.480197   0.561643
 -0.485675  0.0208946  -0.873889    1.56186
         0          0          0          1

 0.0966463   -0.99311 -0.0662651    1.60544
 -0.867474  -0.116688   0.483605   0.564298
 -0.488005  0.0107446  -0.872775    1.56532
         0          0          0          1

 0.0966463   -0.99311 -0.0662651    1.60544
 -0.867474  -0.116688   0.483605   0.564298
 -0.488005  0.0107446  -0.872775    1.56532
         0          0          0          1

 0.0974229  -0.993346 -0.0614214    1.60434
 -0.866931  -0.115012   0.484977   0.566686
 -0.488814 0.00600021  -0.872367    1.56837
         0          0          0          1

 0.0974229  -0.993346 -0.0614214    1.60434
 -0.866931  -0.115012   0.484977   0.566686
 -0.488814 0.00600021  -0.872367    1.56837
         0          0          0          1

 0.101273 -0.992997 -0.060839   1.60119
-0.867607 -0.118079  0.483026  0.570398
-0.486827 0.0038668  -0.87349    1.5737
        0         0         0         1

 0.101273 -0.992997 -0.060839   1.60119
-0.867607 -0.118079  0.483026  0.570398
-0.486827 0.0038668  -0.87349    1.5737
        0         0         0         1

  0.101331   -0.99305 -0.0598685    1.59792
 -0.870207   -0.11764   0.478436   0.575538
 -0.482153 0.00361775  -0.876079    1.58707
         0          0          0          1

  0.101331   -0.99305 -0.0598685    1.59792
 -0.870207   -0.11764   0.478436   0.575538
 -0.482153 0.00361775  -0.876079    1.58707
         0          0          0          1

  0.105769  -0.992615 -0.0594005    1.59224
 -0.873572   -0.12129   0.471339   0.581068
 -0.475063 0.00203782   -0.87995    1.59592
         0          0          0          1

  0.105769  -0.992615 -0.0594005    1.59224
 -0.873572   -0.12129   0.471339   0.581068
 -0.475063 0.00203782   -0.87995    1.59592
         0          0          0          1

    0.10901   -0.992594  -0.0536124     1.58788
  -0.880083   -0.121447    0.459025    0.587184
  -0.462136 -0.00285483   -0.886804     1.61378
          0           0           0           1

    0.10901   -0.992594  -0.0536124     1.58788
  -0.880083   -0.121447    0.459025    0.587184
  -0.462136 -0.00285483   -0.886804     1.61378
          0           0           0           1

   0.115527   -0.992061  -0.0496769     1.58331
    -0.8837   -0.125488    0.450918    0.592398
  -0.453572 -0.00819401   -0.891182     1.62918
          0           0           0           1

   0.115527   -0.992061  -0.0496769     1.58331
    -0.8837   -0.125488    0.450918    0.592398
  -0.453572 -0.00819401   -0.891182     1.62918
          0           0           0           1

   0.12507  -0.990963 -0.0484794    1.57669
  -0.88891  -0.133625   0.438158    0.59945
 -0.440677 -0.0117065   -0.89759    1.64499
         0          0          0          1

   0.12507  -0.990963 -0.0484794    1.57669
  -0.88891  -0.133625   0.438158    0.59945
 -0.440677 -0.0117065   -0.89759    1.64499
         0          0          0          1

  0.137385   -0.98946 -0.0457727      1.568
  -0.89588  -0.143838   0.420368   0.609745
 -0.422521 -0.0167455  -0.906199    1.67544
         0          0          0          1

  0.137385   -0.98946 -0.0457727      1.568
  -0.89588  -0.143838   0.420368   0.609745
 -0.422521 -0.0167455  -0.906199    1.67544
         0          0          0          1

  0.146946  -0.988223 -0.0426848    1.56074
 -0.901301   -0.15155   0.405819   0.617767
 -0.407509 -0.0211618  -0.912956    1.69742
         0          0          0          1

  0.146946  -0.988223 -0.0426848    1.56074
 -0.901301   -0.15155   0.405819   0.617767
 -0.407509 -0.0211618  -0.912956    1.69742
         0          0          0          1

    0.1585  -0.986673 -0.0367906    1.54983
 -0.910125  -0.160448   0.382007    0.63178
 -0.382819 -0.0270642  -0.923427    1.73249
         0          0          0          1

    0.1585  -0.986673 -0.0367906    1.54983
 -0.910125  -0.160448   0.382007    0.63178
 -0.382819 -0.0270642  -0.923427    1.73249
         0          0          0          1

  0.172703  -0.984515 -0.0300652    1.53909
 -0.915166  -0.171674   0.364691   0.642937
 -0.364205 -0.0354684  -0.930643     1.7586
         0          0          0          1

  0.172703  -0.984515 -0.0300652    1.53909
 -0.915166  -0.171674   0.364691   0.642937
 -0.364205 -0.0354684  -0.930643     1.7586
         0          0          0          1

  0.183836   -0.98271 -0.0220212    1.52985
 -0.921115  -0.180048   0.345152   0.654689
 -0.343149 -0.0431672  -0.938288    1.78624
         0          0          0          1

  0.183836   -0.98271 -0.0220212    1.52985
 -0.921115  -0.180048   0.345152   0.654689
 -0.343149 -0.0431672  -0.938288    1.78624
         0          0          0          1

   0.198521   -0.980082 -0.00537983       1.515
   -0.92984   -0.190074    0.315072    0.675199
  -0.309819  -0.0575461   -0.949052     1.82935
          0           0           0           1

   0.198521   -0.980082 -0.00537983       1.515
   -0.92984   -0.190074    0.315072    0.675199
  -0.309819  -0.0575461   -0.949052     1.82935
          0           0           0           1

  0.209693  -0.977697  0.0117172    1.50214
 -0.934694  -0.196924    0.29592   0.690077
 -0.287013 -0.0730045  -0.955141    1.86044
         0          0          0          1

  0.209693  -0.977697  0.0117172    1.50214
 -0.934694  -0.196924    0.29592   0.690077
 -0.287013 -0.0730045  -0.955141    1.86044
         0          0          0          1

  0.226141  -0.973338  0.0383779     1.4817
 -0.941362  -0.208245   0.265466   0.715491
 -0.250396 -0.0961603  -0.963356    1.90876
         0          0          0          1

  0.226141  -0.973338  0.0383779     1.4817
 -0.941362  -0.208245   0.265466   0.715491
 -0.250396 -0.0961603  -0.963356    1.90876
         0          0          0          1

 0.235604 -0.970149 0.0574581    1.4659
-0.944471 -0.214632  0.248812  0.732047
-0.229052 -0.112889 -0.966846   1.94422
        0         0         0         1

 0.235604 -0.970149 0.0574581    1.4659
-0.944471 -0.214632  0.248812  0.732047
-0.229052 -0.112889 -0.966846   1.94422
        0         0         0         1

 0.236973 -0.969261 0.0661657    1.4555
-0.950389 -0.217155  0.222719   0.75183
-0.201505 -0.115662 -0.972635   1.97444
        0         0         0         1

 0.236973 -0.969261 0.0661657    1.4555
-0.950389 -0.217155  0.222719   0.75183
-0.201505 -0.115662 -0.972635   1.97444
        0         0         0         1

 0.244529 -0.965484  0.089702   1.43301
 -0.95593 -0.224534  0.189159  0.783939
-0.162489 -0.132004 -0.977841   2.02474
        0         0         0         1

 0.244529 -0.965484  0.089702   1.43301
 -0.95593 -0.224534  0.189159  0.783939
-0.162489 -0.132004 -0.977841   2.02474
        0         0         0         1

 0.250659 -0.962039  0.107938   1.41333
-0.958725 -0.231231  0.165463  0.808394
-0.134224 -0.144958 -0.980291   2.05635
        0         0         0         1

 0.250659 -0.962039  0.107938   1.41333
-0.958725 -0.231231  0.165463  0.808394
-0.134224 -0.144958 -0.980291   2.05635
        0         0         0         1

 0.251184 -0.959647  0.126425   1.39337
-0.963391 -0.235216  0.128653   0.84502
-0.0937241 -0.154112 -0.983598   2.10532
        0         0         0         1

 0.251184 -0.959647  0.126425   1.39337
-0.963391 -0.235216  0.128653   0.84502
-0.0937241 -0.154112 -0.983598   2.10532
        0         0         0         1

 0.248738 -0.958578  0.138771   1.37797
-0.966151 -0.235435  0.105468  0.871399
-0.0684276 -0.160308 -0.984692   2.13806
        0         0         0         1

 0.248738 -0.958578  0.138771   1.37797
-0.966151 -0.235435  0.105468  0.871399
-0.0684276 -0.160308 -0.984692   2.13806
        0         0         0         1

 0.248952 -0.955825  0.156275   1.35974
-0.967729 -0.238989 0.0799065  0.898761
-0.0390286 -0.171125 -0.984476   2.16957
        0         0         0         1

 0.248952 -0.955825  0.156275   1.35974
-0.967729 -0.238989 0.0799065  0.898761
-0.0390286 -0.171125 -0.984476   2.16957
        0         0         0         1

 0.239791 -0.955564  0.171458   1.33928
-0.970819 -0.236594  0.039154  0.942822
0.00315162 -0.175843 -0.984413   2.21078
        0         0         0         1

 0.239791 -0.955564  0.171458   1.33928
-0.970819 -0.236594  0.039154  0.942822
0.00315162 -0.175843 -0.984413   2.21078
        0         0         0         1

 0.232899  -0.95451  0.186194   1.32332
-0.971949 -0.234912 0.0114943  0.974475
0.0327678 -0.183648 -0.982446   2.23819
        0         0         0         1

 0.232899  -0.95451  0.186194   1.32332
-0.971949 -0.234912 0.0114943  0.974475
0.0327678 -0.183648 -0.982446   2.23819
        0         0         0         1

  0.224265  -0.950514   0.215007    1.29114
 -0.972238  -0.233342 -0.0174703    1.01716
 0.0667761   -0.20512  -0.976456     2.2835
         0          0          0          1

  0.224265  -0.950514   0.215007    1.29114
 -0.972238  -0.233342 -0.0174703    1.01716
 0.0667761   -0.20512  -0.976456     2.2835
         0          0          0          1

  0.204934  -0.953711   0.220085    1.28735
 -0.974899  -0.218889 -0.0407438    1.04671
 0.0870319  -0.206211  -0.974629    2.31062
         0          0          0          1

  0.204934  -0.953711   0.220085    1.28735
 -0.974899  -0.218889 -0.0407438    1.04671
 0.0870319  -0.206211  -0.974629    2.31062
         0          0          0          1

  0.195642   -0.94978   0.244219    1.26197
 -0.973784  -0.217618 -0.0662344    1.07842
  0.116054  -0.224858  -0.967456     2.3336
         0          0          0          1

  0.195642   -0.94978   0.244219    1.26197
 -0.973784  -0.217618 -0.0662344    1.07842
  0.116054  -0.224858  -0.967456     2.3336
         0          0          0          1

  0.174297  -0.946959    0.26998    1.24024
 -0.974681  -0.204912 -0.0894853    1.12293
  0.140061  -0.247548  -0.958699    2.37162
         0          0          0          1

  0.174297  -0.946959    0.26998    1.24024
 -0.974681  -0.204912 -0.0894853    1.12293
  0.140061  -0.247548  -0.958699    2.37162
         0          0          0          1

 0.159437 -0.941974  0.295407   1.21614
-0.972965 -0.200584  -0.11448    1.1592
 0.167091 -0.269168 -0.948488   2.38863
        0         0         0         1

 0.159437 -0.941974  0.295407   1.21614
-0.972965 -0.200584  -0.11448    1.1592
 0.167091 -0.269168 -0.948488   2.38863
        0         0         0         1

 0.127441 -0.940434  0.315188    1.1992
 -0.97131 -0.182663 -0.152285   1.20537
 0.200787 -0.286738 -0.936731   2.41845
        0         0         0         1

