0.0274825 0.0698495  0.997179  0.688008
 0.820352 -0.571594 0.0174294   1.07059
 0.571199  0.817558  -0.07301   1.95236
        0         0         0         1

 0.0378722   0.073587   0.996569    0.69287
  0.815345  -0.578856  0.0117577    1.06132
  0.577735   0.812103 -0.0819213    1.95051
         0          0          0          1

 0.0425492  0.0778528   0.996056    0.69131
  0.808557  -0.588307   0.011443    1.04905
  0.586878   0.804881 -0.0879804    1.95063
         0          0          0          1

0.0616108 0.0907413  0.993967  0.699882
 0.798436 -0.602055  0.005472   1.03451
 0.598919  0.793282 -0.109544   1.95174
        0         0         0         1

 0.0757252   0.105059   0.991579   0.704707
  0.783279  -0.621641 0.00604577     1.0153
  0.617041   0.776225  -0.129364    1.95651
         0          0          0          1

 0.0812277   0.107945   0.990833   0.706059
  0.778385  -0.627771 0.00458043    1.00447
   0.62251   0.770877  -0.135015    1.95268
         0          0          0          1

 0.0906644    0.11637   0.989059   0.707567
  0.768625  -0.639681 0.00480518   0.991164
  0.633242    0.75978  -0.147441      1.957
         0          0          0          1

 0.0968477   0.125767   0.987321   0.709075
  0.759566  -0.650377 0.00833972   0.978003
   0.64318   0.749128  -0.158516    1.95794
         0          0          0          1

  0.111141   0.135284   0.984554   0.717117
  0.749689  -0.661761 0.00630191   0.959429
  0.652391   0.737408   -0.17497    1.95502
         0          0          0          1

  0.120917   0.140519   0.982667   0.722883
  0.744408  -0.667714 0.00388177   0.945903
  0.656686   0.731035  -0.185341    1.95057
         0          0          0          1

  0.125577   0.141832   0.981893   0.725803
  0.742202  -0.670174 0.00188298    0.94094
  0.658306   0.728526  -0.189427     1.9488
         0          0          0          1

    0.13832    0.146906    0.979431      0.7335
    0.73753   -0.675308 -0.00286724    0.931848
   0.660997    0.722757   -0.201757     1.94922
          0           0           0           1

  0.131925   0.154581   0.979133   0.725925
  0.731619  -0.681654 0.00904038   0.916565
  0.668827   0.715159  -0.203021    1.94772
         0          0          0          1

 0.140107  0.163735  0.976504  0.733665
 0.724667 -0.689003 0.0115544  0.904328
 0.674706  0.706021 -0.215188   1.94718
        0         0         0         1

 0.148161    0.1761  0.973158  0.739001
 0.717806 -0.696044 0.0166697  0.886767
 0.680296  0.696069 -0.229533   1.94159
        0         0         0         1

 0.155877  0.190432  0.969246  0.747383
 0.710455 -0.703335 0.0239294  0.873805
 0.686262  0.684876 -0.244927   1.93999
        0         0         0         1

 0.155759  0.195853  0.968184  0.749292
 0.710694  -0.70295 0.0278645  0.869104
 0.686042  0.683742 -0.248682    1.9362
        0         0         0         1

 0.154984  0.208266  0.965715   0.75182
 0.703912 -0.709162   0.03997  0.857802
 0.693172  0.673584 -0.256509   1.93549
        0         0         0         1

 0.154455  0.229815    0.9609  0.754825
 0.693926 -0.717537  0.060069  0.835535
 0.703286  0.657515 -0.270302   1.93169
        0         0         0         1

  0.14943  0.238016  0.959697  0.758663
 0.692166 -0.718299 0.0703722  0.826696
   0.7061  0.653754 -0.272082   1.92537
        0         0         0         1

 0.142555  0.248219  0.958157  0.762627
 0.690607  -0.71841 0.0833616  0.817164
 0.709042  0.649826 -0.273834   1.92114
        0         0         0         1

  0.12996  0.263003  0.956002  0.762897
 0.682703 -0.722954  0.106083  0.804381
 0.719046  0.638879 -0.273508   1.92195
        0         0         0         1

 0.117916  0.273867  0.954512  0.763936
  0.67843 -0.724132  0.123957  0.793247
  0.72514  0.632953 -0.271186   1.91924
        0         0         0         1

 0.114304  0.278999  0.953464  0.770785
 0.676795 -0.724449  0.130849  0.785989
 0.727243  0.630344 -0.271633   1.91293
        0         0         0         1

0.0993944  0.292844   0.95098  0.775553
 0.670627 -0.725761  0.153397    0.7664
 0.735105  0.622506 -0.268526   1.90357
        0         0         0         1

0.0915087  0.299828  0.949594  0.778316
 0.667463 -0.726143  0.164954  0.757082
 0.738999  0.618724 -0.266573    1.8983
        0         0         0         1

0.0775648  0.306357  0.948751  0.777274
 0.664716 -0.725136  0.179806  0.746258
 0.743058  0.616704 -0.259885   1.89219
        0         0         0         1

0.0711343  0.309801  0.948137  0.781022
 0.663619 -0.724349  0.186891  0.738239
 0.744681  0.615907 -0.257115   1.88428
        0         0         0         1

0.0571068  0.322418  0.944873  0.783611
 0.648678 -0.731409  0.210373  0.715776
 0.758917  0.600905 -0.250914   1.87637
        0         0         0         1

0.0389943 0.329874 0.943219 0.787672
 0.63947 -0.73357 0.230116 0.695956
0.767826 0.594187 -0.23955  1.86261
       0        0        0        1

0.0389943 0.329874 0.943219 0.787672
 0.63947 -0.73357 0.230116 0.695956
0.767826 0.594187 -0.23955  1.86261
       0        0        0        1

0.0277285  0.334744  0.941901  0.788789
 0.633429 -0.734821  0.242502  0.685811
 0.773304  0.589903 -0.232412   1.85594
        0         0         0         1

0.0194761  0.337464  0.941137  0.791395
 0.630188 -0.734929  0.250483  0.676656
 0.776198  0.588215  -0.22698   1.84793
        0         0         0         1

 0.013692  0.339365  0.940555  0.795847
 0.626082 -0.736339  0.256567  0.665368
 0.779637  0.585351 -0.222552   1.83796
        0         0         0         1

0.00156777  0.344754  0.938692  0.798591
 0.615425 -0.740206  0.270828  0.648147
 0.788194  0.577269 -0.213331   1.82519
        0         0         0         1

-0.0101191  0.349619  0.936837  0.797496
 0.608586 -0.741231  0.283194  0.637312
 0.793423  0.573012 -0.205273    1.8169
        0         0         0         1

-0.0128577  0.348759  0.937124  0.800347
 0.602808 -0.745042  0.285544  0.627935
 0.797783  0.568577 -0.200655   1.80821
        0         0         0         1

-0.0240701  0.350642    0.9362   0.79926
 0.593673 -0.748452  0.295587  0.616638
 0.804346  0.562911 -0.190151   1.80219
        0         0         0         1

-0.0514233  0.355819  0.933139  0.803333
 0.581878 -0.748714  0.317561  0.598417
 0.811649  0.559303 -0.168542   1.78388
        0         0         0         1

-0.0612643  0.360628  0.930695  0.804856
 0.574649 -0.749662  0.328308  0.588716
 0.816104  0.554936 -0.161307   1.77604
        0         0         0         1

-0.0668085  0.364328  0.928871  0.805189
 0.568973 -0.750841  0.335422  0.578625
 0.819638  0.550912  -0.15713   1.76814
        0         0         0         1

-0.0701906  0.366751  0.927668  0.808699
 0.560885 -0.754524  0.340737  0.561787
 0.824913  0.544232 -0.152745   1.74997
        0         0         0         1

-0.0701906  0.366751  0.927668  0.808699
 0.560885 -0.754524  0.340737  0.561787
 0.824913  0.544232 -0.152745   1.74997
        0         0         0         1

-0.076674  0.371772  0.925152  0.809127
 0.552893 -0.756301  0.349741  0.548179
 0.829717  0.538326 -0.147561   1.73714
        0         0         0         1

-0.0834402  0.376102  0.922814  0.810684
 0.542998 -0.759329   0.35857  0.536029
 0.835578  0.531005 -0.140864   1.72484
        0         0         0         1

-0.0915214    0.3771   0.92164  0.812141
 0.536451 -0.761074  0.364674  0.527922
 0.838954   0.52779 -0.132641   1.71609
        0         0         0         1

-0.101362  0.380793  0.919088  0.813008
 0.527547 -0.762685  0.374173  0.519649
 0.843457  0.522789 -0.123579   1.70835
        0         0         0         1

-0.106772  0.383001  0.917557  0.813822
 0.520677 -0.764642  0.379761   0.51164
 0.847051  0.518298 -0.117777   1.70061
        0         0         0         1

 -0.12072  0.383715  0.915527   0.81635
 0.511889 -0.766134  0.388599  0.498257
 0.850527   0.51556 -0.103932   1.68252
        0         0         0         1

 -0.129292   0.385555   0.913581   0.817725
  0.505406  -0.767041   0.395238   0.491469
   0.85314    0.51283 -0.0956891    1.67418
         0          0          0          1

 -0.136459   0.388554   0.911265   0.817479
  0.500269  -0.766933   0.401926   0.484344
   0.85505   0.510724 -0.0897271    1.66648
         0          0          0          1

 -0.138169   0.390954    0.90998   0.818205
  0.497394   -0.76713   0.405105   0.478164
  0.856451   0.508592 -0.0884651    1.65818
         0          0          0          1

 -0.136754     0.3926   0.909485   0.819372
   0.49436  -0.768563   0.406102   0.472118
  0.858433   0.505149 -0.0889814    1.65067
         0          0          0          1

 -0.138084   0.395363   0.908086   0.819173
  0.489758  -0.769668   0.409571   0.465659
  0.860854   0.501298 -0.0873535     1.6432
         0          0          0          1

 -0.140243   0.398866   0.906222   0.820277
  0.483399  -0.771187   0.414241   0.454502
  0.864093   0.496161 -0.0846583    1.62767
         0          0          0          1

 -0.141809   0.401253   0.904923    0.82068
  0.478855  -0.772276   0.417476   0.449064
  0.866365   0.492529 -0.0826267    1.62074
         0          0          0          1

 -0.144123   0.403311   0.903642    0.82087
  0.473882  -0.773529   0.420819   0.443565
  0.868714   0.488869 -0.0796383    1.61384
         0          0          0          1

  -0.14564   0.407011   0.901738   0.822754
  0.466066  -0.775757   0.425422   0.434477
  0.872681   0.482228 -0.0767126    1.60117
         0          0          0          1

 -0.147472   0.409368   0.900372   0.823347
  0.461586  -0.776626   0.428708   0.428953
  0.874752   0.478821 -0.0744279    1.59374
         0          0          0          1

 -0.148926   0.410741   0.899507   0.823681
  0.458011  -0.777541   0.430878   0.424379
  0.876383   0.476153 -0.0723279    1.58681
         0          0          0          1

 -0.149304   0.411817   0.898952   0.824606
  0.453685  -0.779265   0.432338   0.420044
  0.878566   0.472391 -0.0704877    1.58041
         0          0          0          1

 -0.150797   0.412509   0.898385   0.825049
  0.447778  -0.781702   0.434093   0.415353
  0.881337   0.467737 -0.0668338    1.57471
         0          0          0          1

 -0.153388   0.414801    0.89689   0.824562
  0.441636  -0.783165   0.437734   0.410153
  0.883985   0.463242 -0.0630631     1.5693
         0          0          0          1

 -0.154384   0.412707   0.897685   0.825443
  0.441605  -0.783946   0.436363    0.40653
  0.883827    0.46379 -0.0612249    1.56247
         0          0          0          1

  -0.15821   0.407629   0.899338   0.826706
  0.440355  -0.786089   0.433765   0.398173
  0.883774   0.464654 -0.0551349    1.55124
         0          0          0          1

 -0.161891   0.403044   0.900748   0.827795
  0.439941  -0.787579   0.431476   0.392781
  0.883314   0.466128 -0.0498129    1.54355
         0          0          0          1

 -0.163421   0.400698   0.901518   0.828554
  0.439853  -0.788361   0.430136   0.390765
  0.883076   0.466829 -0.0474129    1.54036
         0          0          0          1

 -0.171231   0.393712   0.903145   0.829378
  0.440212  -0.789518   0.427639   0.381715
  0.881416     0.4708 -0.0381264    1.52678
         0          0          0          1

 -0.171121   0.392644   0.903631   0.829938
  0.439959  -0.790185   0.426665    0.37999
  0.881563   0.470572 -0.0375302    1.52463
         0          0          0          1

 -0.172007   0.390531   0.904377   0.830222
  0.438267   -0.79186     0.4253   0.375336
  0.882233   0.469513 -0.0349511    1.51949
         0          0          0          1

  -0.17438   0.388775    0.90468    0.83033
   0.43801  -0.792228   0.424878   0.372553
  0.881895   0.470349 -0.0321388    1.51544
         0          0          0          1

 -0.175855   0.385094   0.905968   0.832364
  0.435402  -0.794971   0.422428   0.367741
  0.882893   0.468746 -0.0278712    1.50897
         0          0          0          1

 -0.176914   0.383856   0.906287   0.832602
  0.434663  -0.795678   0.421858   0.366181
  0.883046   0.468562 -0.0260817    1.50688
         0          0          0          1

 -0.187209   0.378697   0.906389   0.835152
  0.427891  -0.799128   0.422261   0.356656
  0.884229   0.466887 -0.0124371    1.49491
         0          0          0          1

 -0.187209   0.378697   0.906389   0.835152
  0.427891  -0.799128   0.422261   0.356656
  0.884229   0.466887 -0.0124371    1.49491
         0          0          0          1

  -0.192546    0.376227      0.9063    0.835443
   0.426742   -0.799571    0.422584    0.352414
   0.883638    0.468123 -0.00659735     1.48915
          0           0           0           1

  -0.195041    0.375119    0.906226    0.835683
   0.425895    -0.79992    0.422778    0.350435
     0.8835    0.468416 -0.00374407     1.48666
          0           0           0           1

  -0.198651    0.373334    0.906178     0.83646
   0.424339   -0.800685    0.422895    0.347499
   0.883444    0.468536 0.000636373     1.48308
          0           0           0           1

 -0.200998   0.368975   0.907446   0.838382
  0.424816  -0.801878   0.420146   0.342095
  0.882684   0.469946 0.00442952     1.4765
         0          0          0          1

 -0.200979   0.366749   0.908352    0.83904
  0.425028  -0.802798   0.418171   0.339215
  0.882587   0.470118 0.00546671    1.47387
         0          0          0          1

 -0.202199   0.365214   0.908699   0.839172
  0.426007  -0.802681   0.417397   0.336561
  0.881835    0.47151 0.00671723    1.47092
         0          0          0          1

 -0.203964   0.361765   0.909684   0.840128
  0.427883  -0.802821   0.415204   0.333286
   0.88052   0.473925 0.00895364    1.46662
         0          0          0          1

-0.205388  0.360226  0.909974  0.840399
 0.428501 -0.802839  0.414532  0.331768
 0.879888  0.475065 0.0105364   1.46475
        0         0         0         1

 -0.20441  0.354714  0.912357  0.841725
 0.434212 -0.802468  0.409274  0.325052
 0.877312  0.479816 0.0100116   1.45619
        0         0         0         1

 -0.20441  0.354714  0.912357  0.841725
 0.434212 -0.802468  0.409274  0.325052
 0.877312  0.479816 0.0100116   1.45619
        0         0         0         1

-0.204538  0.353261  0.912891  0.841554
 0.434802 -0.802764  0.408065  0.322575
  0.87699  0.480392 0.0105967   1.45396
        0         0         0         1

-0.207323  0.352828  0.912431  0.841559
 0.434932 -0.802203  0.409029  0.320195
 0.876271  0.481646  0.012859   1.45142
        0         0         0         1

-0.208844  0.352267    0.9123  0.842442
 0.434946 -0.802071  0.409272  0.318225
 0.875903  0.482276 0.0142901   1.44905
        0         0         0         1

-0.212992  0.350776  0.911916  0.842731
 0.434505 -0.801957  0.409964  0.314156
 0.875123  0.483551 0.0183962   1.44472
        0         0         0         1

-0.216614  0.349205  0.911666  0.843172
 0.435007 -0.801483  0.410359  0.312446
 0.873983  0.485471 0.0217054     1.442
        0         0         0         1

-0.222362  0.347625  0.910885  0.843458
 0.434644 -0.800953  0.411775  0.310651
  0.87272  0.487474 0.0270089   1.43945
        0         0         0         1

-0.230605  0.345857  0.909508  0.842807
 0.434113 -0.799956  0.414267  0.308703
 0.870843  0.490361 0.0343326   1.43693
        0         0         0         1

-0.236881  0.343453  0.908805  0.843253
 0.433705 -0.799665  0.415253   0.30713
  0.86936  0.492519 0.0404682    1.4343
        0         0         0         1

-0.254245  0.337718  0.906259   0.84408
 0.432604 -0.798371  0.418877  0.301906
 0.864993  0.498549 0.0568838   1.42754
        0         0         0         1

-0.254245  0.337718  0.906259   0.84408
 0.432604 -0.798371  0.418877  0.301906
 0.864993  0.498549 0.0568838   1.42754
        0         0         0         1

-0.259086  0.336719  0.905259   0.84466
  0.43175 -0.798032  0.420402    0.2996
 0.863983  0.499766 0.0613809   1.42521
        0         0         0         1

-0.262035  0.336421  0.904521  0.845012
 0.430933 -0.797849  0.421586  0.298282
 0.863501  0.500258 0.0640892    1.4241
        0         0         0         1

-0.266531  0.337036  0.902977  0.845217
 0.429339 -0.797265  0.424307  0.296227
 0.862919  0.500774 0.0677931   1.42248
        0         0         0         1

-0.274373  0.337709  0.900373  0.846969
 0.426546 -0.796415  0.428699  0.292932
 0.861846  0.501674 0.0744662   1.41929
        0         0         0         1

-0.280423  0.338849  0.898078  0.847508
 0.424016 -0.795655  0.432602  0.291063
 0.861147  0.502111  0.079443   1.41764
        0         0         0         1

-0.287214  0.339863  0.895545  0.848214
 0.421059 -0.794968  0.436733  0.289417
 0.860359  0.502513 0.0852232   1.41593
        0         0         0         1

-0.294677  0.341191  0.892611   0.84882
 0.417552 -0.794223  0.441429  0.287687
 0.859544  0.502791  0.091574   1.41447
        0         0         0         1

-0.300911  0.341968  0.890231  0.849804
 0.414137 -0.794022  0.444995   0.28609
 0.859036  0.502581 0.0973087   1.41332
        0         0         0         1

-0.307308   0.34279  0.887726  0.850524
  0.41146 -0.793293  0.448762  0.284556
 0.858058  0.503171  0.102741   1.41202
        0         0         0         1

-0.317637  0.341978  0.884397  0.852279
 0.408039 -0.792626  0.453043  0.281801
 0.855927  0.504772  0.112227   1.41029
        0         0         0         1

-0.324826  0.336391  0.883928  0.853628
 0.410477 -0.791853  0.452193  0.280862
 0.852054  0.509716  0.119133   1.40856
        0         0         0         1

-0.330039  0.332649  0.883413  0.854341
 0.412508 -0.790941  0.451939  0.280421
 0.849065  0.513572  0.123821   1.40747
        0         0         0         1

-0.337819  0.328064  0.882186  0.854793
 0.414119 -0.789882  0.452318  0.279677
 0.845213  0.518131   0.13098   1.40651
        0         0         0         1

-0.355068  0.315119  0.880128  0.856238
 0.419826 -0.787445  0.451305  0.279082
 0.835268  0.529745  0.147302   1.40409
        0         0         0         1

-0.364362  0.308386  0.878714  0.856983
 0.422914 -0.785871  0.451165  0.278935
 0.829689  0.536008   0.15592   1.40303
        0         0         0         1

-0.374253  0.301333  0.877002  0.857418
 0.425617 -0.784419   0.45115  0.278915
 0.823884  0.542111  0.165319   1.40197
        0         0         0         1

-0.387549  0.292815  0.874108  0.857825
 0.429457 -0.781683   0.45226  0.279045
 0.815704  0.550664  0.177189   1.40044
        0         0         0         1

-0.392987  0.289136  0.872904  0.858056
 0.431128 -0.780543  0.452639  0.279211
 0.812213  0.554214  0.182088   1.39984
        0         0         0         1

-0.405564  0.280189  0.870064  0.858803
 0.435711 -0.777504   0.45348  0.280211
 0.803539  0.563011  0.193246   1.39804
        0         0         0         1

-0.414835  0.273871  0.867702  0.859386
 0.440572 -0.773925  0.454903  0.281506
 0.796121  0.570995  0.200391   1.39639
        0         0         0         1

-0.419571 0.268259 0.867178 0.860092
0.446234 -0.77097 0.454401 0.282802
0.790465 0.577618 0.203771    1.395
       0        0        0        1

-0.423375  0.263614  0.866753   0.86037
 0.452232 -0.767511  0.454328  0.284135
  0.78501  0.584324  0.205731   1.39382
        0         0         0         1

-0.425097  0.257351  0.867792  0.861115
  0.46134 -0.763252  0.452341  0.286118
 0.778754  0.592636   0.20573   1.39318
        0         0         0         1

-0.424573  0.247267  0.870975  0.861766
 0.476209 -0.757184  0.447099   0.28917
 0.770041  0.604592  0.203729   1.39296
        0         0         0         1

-0.424575  0.239772  0.873067  0.861669
 0.486012 -0.753231   0.44321  0.291363
 0.763891  0.612496  0.203271   1.39327
        0         0         0         1

-0.424227  0.234234  0.874738  0.861689
 0.493185 -0.750377  0.440116   0.29318
 0.759474  0.618117  0.202809   1.39356
        0         0         0         1

-0.426052  0.228087  0.875475  0.860676
 0.501347 -0.745997  0.438337  0.295287
 0.753081  0.625671  0.203483   1.39375
        0         0         0         1

-0.426661  0.221716  0.876814  0.860112
 0.509583 -0.742012  0.435594  0.297915
 0.747185  0.632661  0.203605   1.39408
        0         0         0         1

-0.429649  0.213633  0.877361  0.858265
 0.520438 -0.735422  0.433934  0.301617
 0.737934  0.643051  0.204791   1.39508
        0         0         0         1

-0.432088 0.206177 0.877947  0.85643
0.532144 -0.72768 0.432787 0.305725
0.728096 0.654196 0.204706  1.39631
       0        0        0        1

-0.431565   0.20215   0.87914  0.855467
 0.540071 -0.722707  0.431298  0.308721
 0.722547  0.660931   0.20272   1.39781
        0         0         0         1

-0.431803  0.198982  0.879746   0.85382
 0.547454 -0.717337  0.430954  0.311521
 0.716826  0.667708  0.200815   1.39955
        0         0         0         1

-0.428569   0.19566  0.882069  0.852266
   0.5604 -0.708227  0.429379  0.316641
 0.708718   0.67833  0.193876   1.40353
        0         0         0         1

-0.426323   0.19471  0.883367  0.850777
 0.571561 -0.698931  0.429899  0.321141
 0.701118  0.688174  0.186682   1.40775
        0         0         0         1

-0.425336 0.194863 0.883809 0.849111
0.582571 -0.68838 0.432139 0.325709
0.692604 0.698685 0.179271  1.41253
       0        0        0        1

-0.423836  0.194748  0.884554  0.848862
 0.588213 -0.683453  0.432316  0.328235
 0.688744  0.703538  0.175118   1.41525
        0         0         0         1

-0.423354  0.194707  0.884794  0.847852
 0.598748 -0.672809  0.434545  0.332963
 0.679906  0.713735  0.168256   1.42017
        0         0         0         1

 -0.42347  0.194615  0.884759  0.846984
 0.605859 -0.665256  0.436313  0.336041
 0.673504  0.720805  0.163807   1.42362
        0         0         0         1

-0.423913  0.194777  0.884511  0.845205
 0.619952 -0.649555  0.440158  0.343015
 0.660271  0.734943  0.154602   1.43228
        0         0         0         1

-0.424799  0.194233  0.884205  0.843429
 0.631045 -0.636778  0.443054  0.348613
 0.649098  0.746182  0.147933   1.43939
        0         0         0         1

-0.425061  0.193427  0.884256  0.841672
 0.641633 -0.624672  0.445076  0.354346
  0.63846  0.756552  0.141415   1.44755
        0         0         0         1

-0.425105 0.193189 0.884287 0.840614
0.647594 -0.61764 0.446254 0.357609
0.632383 0.762364 0.137454  1.45217
       0        0        0        1

-0.425904  0.193694  0.883792  0.838587
 0.655044 -0.607805  0.448877  0.362024
 0.624118  0.770101  0.131989   1.45946
        0         0         0         1

-0.424931  0.191314  0.884778   0.83499
 0.672658 -0.587349  0.450058  0.372205
 0.605776  0.786397  0.120894   1.47444
        0         0         0         1

-0.425482  0.189594  0.884884   0.83289
 0.681267 -0.576526  0.451101  0.377409
 0.595685  0.794778  0.116137   1.48227
        0         0         0         1

-0.426744 0.185445 0.885155 0.830575
0.691051  -0.5645  0.45143 0.382982
0.583386 0.804332 0.112745  1.49001
       0        0        0        1

-0.427093  0.182556  0.885587  0.828441
 0.698817 -0.554878  0.451403  0.388425
   0.5738  0.811655  0.109411   1.49897
        0         0         0         1

-0.428526  0.177996  0.885823  0.826122
  0.70757 -0.543576   0.45152  0.394171
 0.561882  0.820269  0.106992   1.50775
        0         0         0         1

-0.431872   0.17471  0.884852  0.822928
 0.714624 -0.532263  0.453882  0.399847
 0.550271  0.828356  0.105017   1.51683
        0         0         0         1

-0.434271  0.168025  0.884972  0.818209
 0.729837 -0.510199  0.455012  0.412264
 0.527965  0.843484 0.0989334   1.53626
        0         0         0         1

 -0.43522  0.165667  0.884951  0.815561
 0.737045 -0.498934  0.455883  0.418731
 0.517057  0.850658 0.0950423    1.5464
        0         0         0         1

-0.436355   0.16562    0.8844  0.812186
 0.742405  -0.48906  0.457881  0.424998
 0.508359  0.856382 0.0904467   1.55739
        0         0         0         1

-0.434616  0.164751  0.885419   0.80869
 0.751123 -0.476131   0.45729  0.433599
 0.496915  0.863803 0.0831862   1.56993
        0         0         0         1

-0.431248  0.166349  0.886765  0.802534
 0.763524 -0.456349  0.456921  0.447078
 0.480683  0.874113 0.0697878   1.58962
        0         0         0         1

 -0.42702  0.169828  0.888151  0.799729
 0.770654 -0.445451  0.455704   0.45539
 0.473019  0.879052 0.0593374   1.60174
        0         0         0         1

-0.425184  0.172576  0.888502  0.796072
 0.777065 -0.433749  0.456105  0.463119
 0.464099  0.884353 0.0503206   1.61213
        0         0         0         1

-0.420609  0.183307  0.888531  0.788666
 0.787682 -0.412169  0.457901  0.479519
 0.450161  0.892477 0.0289742   1.63639
        0         0         0         1

-0.420609  0.183307  0.888531  0.788666
 0.787682 -0.412169  0.457901  0.479519
 0.450161  0.892477 0.0289742   1.63639
        0         0         0         1

-0.418371  0.189384  0.888313  0.785332
 0.792536 -0.401632  0.458889  0.488134
 0.443681  0.896005 0.0179378   1.64913
        0         0         0         1

   -0.41572    0.201454    0.886901    0.776001
   0.802357   -0.377937    0.461938    0.505556
   0.428252    0.903648 -0.00452221     1.67381
          0           0           0           1

 -0.410475   0.208503   0.887714   0.771532
  0.811199  -0.361151    0.45992    0.51885
  0.416493   0.908899 -0.0208938    1.68906
         0          0          0          1

 -0.407684   0.212926   0.887951   0.768783
  0.815055  -0.353563   0.458998   0.525829
  0.411679   0.910854 -0.0294046    1.69846
         0          0          0          1

 -0.402443   0.221236    0.88831   0.761042
  0.825684  -0.331323   0.456587    0.54299
   0.39533   0.917213 -0.0493323    1.71749
         0          0          0          1

 -0.401027    0.22319   0.888461    0.75927
  0.828296  -0.325918   0.455744   0.547343
  0.391283   0.918675 -0.0541652    1.72227
         0          0          0          1

 -0.397423   0.228344   0.888771   0.755086
  0.834284  -0.313419   0.453583   0.558305
  0.382131   0.921752 -0.0659434    1.73405
         0          0          0          1

 -0.391138   0.241314   0.888132   0.746373
  0.844263  -0.290082   0.450636   0.580707
  0.366376   0.926078 -0.0902707    1.75997
         0          0          0          1

-0.389566  0.247097  0.887232  0.742178
 0.848513 -0.278313  0.450076  0.592131
  0.35814  0.928162 -0.101243   1.77324
        0         0         0         1

-0.388134  0.252506  0.886337  0.736955
  0.85269 -0.266508  0.449325   0.60353
 0.349673  0.930169 -0.111869   1.78599
        0         0         0         1

-0.384549  0.260345  0.885631  0.730675
 0.859156 -0.249933  0.446525  0.620869
   0.3376  0.932606 -0.127565   1.80252
        0         0         0         1

-0.379397  0.265629  0.886284  0.723424
 0.868087 -0.229239  0.440312  0.642569
 0.320131  0.936424 -0.143616    1.8212
        0         0         0         1

-0.376272  0.265842  0.887551  0.717722
 0.874255  -0.21529  0.435119  0.656743
 0.306754  0.939669 -0.151406    1.8322
        0         0         0         1

-0.373207  0.268189  0.888139  0.713519
 0.879727 -0.201699  0.430578  0.670916
 0.294613  0.942015 -0.160658   1.84291
        0         0         0         1

-0.369647  0.264869  0.890621  0.706829
 0.888035  -0.18134  0.422504   0.69117
 0.273413   0.94708 -0.168181   1.85581
        0         0         0         1

-0.368213  0.263478  0.891627  0.703002
 0.891027 -0.173853   0.41934   0.69982
 0.265499   0.94887 -0.170751   1.86338
        0         0         0         1

-0.363801   0.26212  0.893836  0.697871
 0.896789 -0.160868  0.412178  0.714883
  0.25183  0.951533 -0.176542   1.87478
        0         0         0         1

-0.357294  0.259385  0.897252  0.686912
 0.905126 -0.140826  0.401141  0.741546
 0.230406  0.955452  -0.18446    1.8987
        0         0         0         1

-0.353182  0.258041  0.899265  0.680831
 0.911094 -0.123493  0.393264   0.76153
 0.212531  0.958209 -0.191484   1.91086
        0         0         0         1

-0.352277  0.255641  0.900305  0.676437
  0.91357 -0.114931  0.390103  0.772624
 0.203199  0.959916 -0.193059    1.9182
        0         0         0         1

-0.347497  0.252311  0.903097  0.672261
 0.918213 -0.103671  0.382278  0.788116
 0.190078  0.962077  -0.19565   1.92928
        0         0         0         1

 -0.337695   0.245584   0.908653   0.665501
   0.92746 -0.0778582   0.365727    0.82143
  0.160563   0.966243  -0.201477    1.94942
         0          0          0          1

 -0.336656   0.237516    0.91118   0.656537
    0.9305 -0.0644114   0.360584   0.841786
  0.144335   0.969246  -0.199324    1.96256
         0          0          0          1

  -0.33625   0.236457   0.911605   0.652497
  0.931349 -0.0601253   0.359128   0.850479
  0.139729    0.96978  -0.200007      1.972
         0          0          0          1

 -0.328235   0.234007   0.915152   0.648943
  0.937409 -0.0385879   0.346085   0.876637
    0.1163   0.971469  -0.206694    1.97867
         0          0          0          1

 -0.324189   0.233841   0.916635   0.646795
  0.939597 -0.0328879     0.3407   0.887108
  0.109816   0.971718  -0.209054    1.98346
         0          0          0          1

 -0.322885    0.22713    0.91878   0.636182
  0.941351 -0.0234505   0.336614   0.900949
 0.0980011   0.973582  -0.206237    1.99407
         0          0          0          1

  -0.315925    0.224956     0.92173    0.622515
   0.945575 -0.00519022    0.325364    0.930967
  0.0779766    0.974355   -0.211073     2.01326
          0           0           0           1

 -0.308133    0.22261   0.924932   0.617637
  0.949385 0.00960359   0.313968   0.952373
 0.0610097    0.97486  -0.214301    2.01979
         0          0          0          1

-0.305008  0.222787  0.925924  0.614827
 0.950925 0.0180868  0.308892   0.96647
0.0520702  0.974699 -0.217371   2.02637
        0         0         0         1

-0.286725  0.226176  0.930931   0.61447
 0.957484 0.0353543  0.286313  0.998311
0.0318448  0.973445 -0.226697   2.03607
        0         0         0         1

-0.281191  0.226674  0.932497  0.607305
 0.959477 0.0478608  0.277692   1.02047
0.0183155  0.972794 -0.230946   2.04641
        0         0         0         1

-0.267467  0.226579  0.936549  0.603859
 0.963558   0.05879  0.260958   1.04662
0.00406794  0.972217 -0.234047    2.0545
        0         0         0         1

-0.261108   0.22839  0.937902  0.603381
 0.965309 0.0625278  0.253512   1.05673
-0.000745458   0.97156 -0.236794   2.05818
        0         0         0         1

-0.255764  0.226224  0.939897  0.591528
 0.966458 0.0832798  0.242947   1.08726
-0.0233138  0.970509 -0.239936   2.06373
        0         0         0         1

-0.255604  0.225282  0.940167  0.589481
 0.966434 0.0856128   0.24223   1.09043
-0.0259203  0.970525 -0.239603   2.06399
        0         0         0         1

-0.247273  0.231282  0.940938  0.582374
 0.968394 0.0917708  0.231931   1.11393
-0.0327093  0.968549 -0.246664   2.07659
        0         0         0         1

-0.24194 0.223957 0.944091 0.569448
0.968675 0.111883 0.221699  1.14187
-0.0559768 0.968156 -0.24401  2.07348
       0        0        0        1

-0.242355  0.222694  0.944284  0.559011
 0.968242  0.117125  0.220882   1.15596
-0.0614102  0.967827 -0.244007   2.08188
        0         0         0         1

-0.228456  0.220894  0.948163    0.5571
 0.970096  0.133674  0.202598   1.17731
-0.0819916  0.966094 -0.244827   2.07622
        0         0         0         1

 -0.20768  0.226437  0.951628  0.542762
 0.973252  0.145531   0.17777   1.22382
-0.0982381  0.963092 -0.250604   2.08838
        0         0         0         1

