 0.128031 -0.698893  0.703674  0.229553
-0.780469 -0.508785 -0.363325   1.07222
 0.611944 -0.502679 -0.610605   2.31882
        0         0         0         1

 0.128031 -0.698893  0.703674  0.229553
-0.780469 -0.508785 -0.363325   1.07222
 0.611944 -0.502679 -0.610605   2.31882
        0         0         0         1

   0.1481 -0.680676  0.717458  0.233888
-0.802013 -0.507133  -0.31558   1.02016
 0.578655 -0.528673 -0.621018   2.31587
        0         0         0         1

   0.1481 -0.680676  0.717458  0.233888
-0.802013 -0.507133  -0.31558   1.02016
 0.578655 -0.528673 -0.621018   2.31587
        0         0         0         1

 0.154721 -0.662719  0.732711  0.224105
-0.808089 -0.511561 -0.292056  0.990143
 0.568378 -0.546909 -0.614685   2.29413
        0         0         0         1

 0.154721 -0.662719  0.732711  0.224105
-0.808089 -0.511561 -0.292056  0.990143
 0.568378 -0.546909 -0.614685   2.29413
        0         0         0         1

 0.163219 -0.655654   0.73721  0.236939
-0.814463 -0.511247 -0.274365  0.971015
 0.556785 -0.555648 -0.617451   2.28147
        0         0         0         1

 0.163219 -0.655654   0.73721  0.236939
-0.814463 -0.511247 -0.274365  0.971015
 0.556785 -0.555648 -0.617451   2.28147
        0         0         0         1

 0.186446 -0.623517  0.759253  0.218626
-0.827702 -0.516025 -0.220518  0.916688
  0.52929  -0.58732 -0.612297   2.25713
        0         0         0         1

 0.186446 -0.623517  0.759253  0.218626
-0.827702 -0.516025 -0.220518  0.916688
  0.52929  -0.58732 -0.612297   2.25713
        0         0         0         1

 0.198265 -0.612449  0.765243  0.219022
-0.838606 -0.510149 -0.191016  0.885102
 0.507376 -0.603866 -0.614748   2.25024
        0         0         0         1

 0.198265 -0.612449  0.765243  0.219022
-0.838606 -0.510149 -0.191016  0.885102
 0.507376 -0.603866 -0.614748   2.25024
        0         0         0         1

 0.198404  -0.61318  0.764621  0.237596
-0.847355 -0.499374 -0.180596  0.855186
  0.49257 -0.612075 -0.618659   2.22317
        0         0         0         1

 0.198404  -0.61318  0.764621  0.237596
-0.847355 -0.499374 -0.180596  0.855186
  0.49257 -0.612075 -0.618659   2.22317
        0         0         0         1

 0.210227 -0.598665   0.77292  0.233004
-0.853296 -0.498225 -0.153811  0.822838
 0.477169 -0.627194 -0.615579    2.2021
        0         0         0         1

 0.210227 -0.598665   0.77292  0.233004
-0.853296 -0.498225 -0.153811  0.822838
 0.477169 -0.627194 -0.615579    2.2021
        0         0         0         1

 0.225813 -0.590407  0.774873  0.236149
-0.860986 -0.493083 -0.124791  0.793384
 0.455754 -0.638975 -0.619676   2.18815
        0         0         0         1

 0.225813 -0.590407  0.774873  0.236149
-0.860986 -0.493083 -0.124791  0.793384
 0.455754 -0.638975 -0.619676   2.18815
        0         0         0         1

  0.240984  -0.573925   0.782647   0.237472
 -0.873668  -0.479462 -0.0825857   0.758758
  0.422648  -0.663872  -0.616963    2.14907
         0          0          0          1

  0.240984  -0.573925   0.782647   0.237472
 -0.873668  -0.479462 -0.0825857   0.758758
  0.422648  -0.663872  -0.616963    2.14907
         0          0          0          1

  0.262851  -0.579349   0.771534   0.248135
 -0.887038  -0.459692 -0.0429838   0.737664
   0.37957  -0.673081  -0.634735    2.12708
         0          0          0          1

  0.262851  -0.579349   0.771534   0.248135
 -0.887038  -0.459692 -0.0429838   0.737664
   0.37957  -0.673081  -0.634735    2.12708
         0          0          0          1

 0.296833  -0.56682  0.768508  0.254421
-0.899701 -0.435725 0.0261336  0.704741
 0.320045 -0.699185 -0.639306   2.08788
        0         0         0         1

 0.296833  -0.56682  0.768508  0.254421
-0.899701 -0.435725 0.0261336  0.704741
 0.320045 -0.699185 -0.639306   2.08788
        0         0         0         1

  0.31725 -0.556231  0.768088  0.256758
-0.903275 -0.423943  0.066078  0.685626
 0.288871 -0.714758 -0.636925   2.06004
        0         0         0         1

  0.31725 -0.556231  0.768088  0.256758
-0.903275 -0.423943  0.066078  0.685626
 0.288871 -0.714758 -0.636925   2.06004
        0         0         0         1

  0.32285 -0.552028  0.768787  0.268011
 -0.90872 -0.407862 0.0887485    0.6756
 0.264567 -0.727264 -0.633317   2.03332
        0         0         0         1

  0.32285 -0.552028  0.768787  0.268011
 -0.90872 -0.407862 0.0887485    0.6756
 0.264567 -0.727264 -0.633317   2.03332
        0         0         0         1

 0.344095  -0.53246  0.773359  0.274802
-0.908117 -0.398019  0.130016  0.654869
 0.238583 -0.747039 -0.620492   1.98753
        0         0         0         1

 0.344095  -0.53246  0.773359  0.274802
-0.908117 -0.398019  0.130016  0.654869
 0.238583 -0.747039 -0.620492   1.98753
        0         0         0         1

 0.358252 -0.524112  0.772633  0.280999
-0.907013  -0.39156  0.154947  0.646372
 0.221322 -0.756298 -0.615654   1.95695
        0         0         0         1

 0.358252 -0.524112  0.772633  0.280999
-0.907013  -0.39156  0.154947  0.646372
 0.221322 -0.756298 -0.615654   1.95695
        0         0         0         1

 0.376314 -0.516423  0.769217  0.292698
-0.905244 -0.381735  0.186578  0.634692
 0.197284 -0.766542 -0.611141   1.91601
        0         0         0         1

 0.376314 -0.516423  0.769217  0.292698
-0.905244 -0.381735  0.186578  0.634692
 0.197284 -0.766542 -0.611141   1.91601
        0         0         0         1

 0.387808 -0.511529  0.766774   0.29861
-0.903618 -0.375132  0.206762  0.625562
 0.181877 -0.773055 -0.607706   1.88952
        0         0         0         1

 0.387808 -0.511529  0.766774   0.29861
-0.903618 -0.375132  0.206762  0.625562
 0.181877 -0.773055 -0.607706   1.88952
        0         0         0         1

 0.392815 -0.511052   0.76454  0.306891
 -0.90378 -0.368165  0.218258  0.621268
 0.169936 -0.776711 -0.606499   1.86029
        0         0         0         1

 0.392815 -0.511052   0.76454  0.306891
 -0.90378 -0.368165  0.218258  0.621268
 0.169936 -0.776711 -0.606499   1.86029
        0         0         0         1

 0.404596 -0.506025  0.761736  0.312543
-0.902799 -0.353808  0.244485  0.610694
 0.145792 -0.786612 -0.599988   1.82316
        0         0         0         1

 0.404596 -0.506025  0.761736  0.312543
-0.902799 -0.353808  0.244485  0.610694
 0.145792 -0.786612 -0.599988   1.82316
        0         0         0         1

  0.41083 -0.506104  0.758338  0.318771
-0.902375 -0.344457  0.258976  0.606082
 0.130146 -0.790701 -0.598209    1.8001
        0         0         0         1

  0.41083 -0.506104  0.758338  0.318771
-0.902375 -0.344457  0.258976  0.606082
 0.130146 -0.790701 -0.598209    1.8001
        0         0         0         1

  0.41741 -0.508394  0.753197  0.327737
  -0.9023 -0.330217   0.27715  0.601946
 0.107817 -0.795294 -0.596559   1.76521
        0         0         0         1

  0.41741 -0.508394  0.753197  0.327737
  -0.9023 -0.330217   0.27715  0.601946
 0.107817 -0.795294 -0.596559   1.76521
        0         0         0         1

   0.4295  -0.50924  0.745791  0.329067
-0.898904  -0.32028  0.298985   0.59478
0.0866073 -0.798809 -0.595318   1.74685
        0         0         0         1

   0.4295  -0.50924  0.745791  0.329067
-0.898904  -0.32028  0.298985   0.59478
0.0866073 -0.798809 -0.595318   1.74685
        0         0         0         1

 0.436787  -0.50973   0.74121  0.333069
 -0.89697 -0.309324  0.315853  0.591847
0.0682742 -0.802804 -0.592322   1.72694
        0         0         0         1

 0.436787  -0.50973   0.74121  0.333069
 -0.89697 -0.309324  0.315853  0.591847
0.0682742 -0.802804 -0.592322   1.72694
        0         0         0         1

 0.447051 -0.510401    0.7346  0.338894
-0.893517 -0.293469  0.339859  0.588721
0.0421176 -0.808311 -0.587247   1.70146
        0         0         0         1

 0.447051 -0.510401    0.7346  0.338894
-0.893517 -0.293469  0.339859  0.588721
0.0421176 -0.808311 -0.587247   1.70146
        0         0         0         1

 0.449624 -0.507717  0.734889  0.343791
-0.892687 -0.283788  0.350107  0.589557
0.0307979 -0.813442  -0.58083   1.68285
        0         0         0         1

 0.449624 -0.507717  0.734889  0.343791
-0.892687 -0.283788  0.350107  0.589557
0.0307979 -0.813442  -0.58083   1.68285
        0         0         0         1

 0.460862  -0.50414  0.730376  0.346889
-0.887387 -0.273174  0.371377  0.588575
0.0122931 -0.819279 -0.573263   1.65826
        0         0         0         1

 0.460862  -0.50414  0.730376  0.346889
-0.887387 -0.273174  0.371377  0.588575
0.0122931 -0.819279 -0.573263   1.65826
        0         0         0         1

 0.466801  -0.50594  0.725342  0.349909
-0.884362  -0.26689  0.382979  0.588729
-0.000177423  -0.82024 -0.572019   1.64491
        0         0         0         1

 0.466801  -0.50594  0.725342  0.349909
-0.884362  -0.26689  0.382979  0.588729
-0.000177423  -0.82024 -0.572019   1.64491
        0         0         0         1

 0.473508 -0.507001  0.720236   0.35071
-0.880738 -0.263741  0.393371  0.588986
-0.009484 -0.820604 -0.571418   1.63058
        0         0         0         1

 0.473508 -0.507001  0.720236   0.35071
-0.880738 -0.263741  0.393371  0.588986
-0.009484 -0.820604 -0.571418   1.63058
        0         0         0         1

 0.477811 -0.517457  0.709884  0.357313
-0.878116 -0.258641  0.402514  0.592666
-0.0246786 -0.815686 -0.577968   1.61231
        0         0         0         1

 0.477811 -0.517457  0.709884  0.357313
-0.878116 -0.258641  0.402514  0.592666
-0.0246786 -0.815686 -0.577968   1.61231
        0         0         0         1

 0.479882 -0.523896  0.703737   0.35999
-0.876734 -0.256713  0.406739  0.595113
-0.0324302 -0.812177 -0.582509   1.59926
        0         0         0         1

 0.479882 -0.523896  0.703737   0.35999
-0.876734 -0.256713  0.406739  0.595113
-0.0324302 -0.812177 -0.582509   1.59926
        0         0         0         1

 0.487337 -0.536099  0.689275  0.363843
-0.871665 -0.251677  0.420545  0.598227
-0.0519794 -0.805764 -0.589951   1.58146
        0         0         0         1

 0.487337 -0.536099  0.689275  0.363843
-0.871665 -0.251677  0.420545  0.598227
-0.0519794 -0.805764 -0.589951   1.58146
        0         0         0         1

 0.491087 -0.547585  0.677483  0.367507
-0.868151 -0.243605    0.4324   0.60022
-0.0717375 -0.800504 -0.595018   1.57213
        0         0         0         1

 0.491087 -0.547585  0.677483  0.367507
-0.868151 -0.243605    0.4324   0.60022
-0.0717375 -0.800504 -0.595018   1.57213
        0         0         0         1

 0.498605 -0.550277  0.669767  0.367374
-0.862877 -0.241386  0.444044  0.601557
-0.0826743  -0.79933 -0.595178   1.55812
        0         0         0         1

 0.498605 -0.550277  0.669767  0.367374
-0.862877 -0.241386  0.444044  0.601557
-0.0826743  -0.79933 -0.595178   1.55812
        0         0         0         1

 0.503482 -0.560156  0.657824   0.37198
-0.857724 -0.232401  0.458584  0.605562
   -0.104  -0.79512 -0.597468   1.54026
        0         0         0         1

 0.503482 -0.560156  0.657824   0.37198
-0.857724 -0.232401  0.458584  0.605562
   -0.104  -0.79512 -0.597468   1.54026
        0         0         0         1

 0.503454  -0.56854  0.650613  0.375561
-0.855983 -0.225715   0.46513  0.608859
-0.117591 -0.791085 -0.600297   1.52855
        0         0         0         1

 0.503454  -0.56854  0.650613  0.375561
-0.855983 -0.225715   0.46513  0.608859
-0.117591 -0.791085 -0.600297   1.52855
        0         0         0         1

 0.511008  -0.56139  0.650932  0.377194
-0.848405 -0.207713  0.486893   0.61236
 -0.13813  -0.80106 -0.582429    1.5161
        0         0         0         1

 0.511008  -0.56139  0.650932  0.377194
-0.848405 -0.207713  0.486893   0.61236
 -0.13813  -0.80106 -0.582429    1.5161
        0         0         0         1

 0.507991 -0.570765  0.645114  0.377873
-0.848168  -0.20087  0.490165  0.613854
-0.150185 -0.796165 -0.586145   1.51359
        0         0         0         1

 0.507991 -0.570765  0.645114  0.377873
-0.848168  -0.20087  0.490165  0.613854
-0.150185 -0.796165 -0.586145   1.51359
        0         0         0         1

 0.510727 -0.548729  0.661858  0.379235
-0.847965 -0.194511  0.493073  0.617541
-0.141825 -0.813057 -0.564644   1.50762
        0         0         0         1

 0.510727 -0.548729  0.661858  0.379235
-0.847965 -0.194511  0.493073  0.617541
-0.141825 -0.813057 -0.564644   1.50762
        0         0         0         1

 0.503791 -0.557407  0.659919  0.381771
-0.852993 -0.200405  0.481913   0.62247
-0.136371  -0.80569 -0.576426   1.50895
        0         0         0         1

 0.503791 -0.557407  0.659919  0.381771
-0.852993 -0.200405  0.481913   0.62247
-0.136371  -0.80569 -0.576426   1.50895
        0         0         0         1

 0.505575 -0.562125   0.65453  0.381881
-0.851968 -0.205527   0.48157  0.623635
-0.136179 -0.801108 -0.582822   1.50874
        0         0         0         1

 0.505575 -0.562125   0.65453  0.381881
-0.851968 -0.205527   0.48157  0.623635
-0.136179 -0.801108 -0.582822   1.50874
        0         0         0         1

 0.508948 -0.571532  0.643679  0.383582
 -0.84922 -0.211147  0.483987   0.62543
-0.140703 -0.792949 -0.592819   1.51087
        0         0         0         1

 0.508948 -0.571532  0.643679  0.383582
 -0.84922 -0.211147  0.483987   0.62543
-0.140703 -0.792949 -0.592819   1.51087
        0         0         0         1

 0.510957 -0.584308  0.630481  0.386045
-0.846826 -0.216152  0.485967  0.626998
-0.147675 -0.782216 -0.605252    1.5135
        0         0         0         1

 0.510957 -0.584308  0.630481  0.386045
-0.846826 -0.216152  0.485967  0.626998
-0.147675 -0.782216 -0.605252    1.5135
        0         0         0         1

 0.512358 -0.595094  0.619155  0.386639
-0.845115 -0.221327  0.486617  0.629441
-0.152547 -0.772579 -0.616321    1.5126
        0         0         0         1

 0.512358 -0.595094  0.619155  0.386639
-0.845115 -0.221327  0.486617  0.629441
-0.152547 -0.772579 -0.616321    1.5126
        0         0         0         1

 0.502799  -0.61346  0.608983  0.390253
  -0.8481 -0.213917  0.484732  0.633631
-0.167092 -0.760202 -0.627833   1.51734
        0         0         0         1

 0.502799  -0.61346  0.608983  0.390253
  -0.8481 -0.213917  0.484732  0.633631
-0.167092 -0.760202 -0.627833   1.51734
        0         0         0         1

 0.503772 -0.619629  0.601892  0.387466
-0.846575 -0.215539  0.486676  0.632683
-0.171828  -0.75472 -0.633145   1.51685
        0         0         0         1

 0.503772 -0.619629  0.601892  0.387466
-0.846575 -0.215539  0.486676  0.632683
-0.171828  -0.75472 -0.633145   1.51685
        0         0         0         1

 0.498449 -0.631138  0.594318  0.384507
-0.848018 -0.212599  0.485455  0.633205
-0.180038 -0.745967 -0.641186   1.51833
        0         0         0         1

 0.498449 -0.631138  0.594318  0.384507
-0.848018 -0.212599  0.485455  0.633205
-0.180038 -0.745967 -0.641186   1.51833
        0         0         0         1

 0.490301 -0.645646  0.585446  0.383444
-0.851284 -0.210743  0.480523  0.634728
-0.186869 -0.733982 -0.652955   1.51979
        0         0         0         1

 0.490301 -0.645646  0.585446  0.383444
-0.851284 -0.210743  0.480523  0.634728
-0.186869 -0.733982 -0.652955   1.51979
        0         0         0         1

 0.483949 -0.661599  0.572783  0.381774
-0.852811 -0.209787   0.47823  0.635615
-0.196234 -0.719914 -0.665745    1.5226
        0         0         0         1

 0.483949 -0.661599  0.572783  0.381774
-0.852811 -0.209787   0.47823  0.635615
-0.196234 -0.719914 -0.665745    1.5226
        0         0         0         1

 0.467578 -0.684618  0.559169  0.381882
-0.860473 -0.207692  0.465242  0.641071
-0.202378 -0.698686 -0.686207   1.52619
        0         0         0         1

 0.467578 -0.684618  0.559169  0.381882
-0.860473 -0.207692  0.465242  0.641071
-0.202378 -0.698686 -0.686207   1.52619
        0         0         0         1

 0.458436 -0.698469  0.549524  0.379856
-0.862963 -0.202047  0.463111  0.644337
-0.212439 -0.686526 -0.695379   1.53155
        0         0         0         1

 0.458436 -0.698469  0.549524  0.379856
-0.862963 -0.202047  0.463111  0.644337
-0.212439 -0.686526 -0.695379   1.53155
        0         0         0         1

 0.450328 -0.708384  0.543504  0.376751
-0.865462 -0.196671  0.460756  0.646446
-0.219501 -0.677874 -0.701646   1.53391
        0         0         0         1

 0.450328 -0.708384  0.543504  0.376751
-0.865462 -0.196671  0.460756  0.646446
-0.219501 -0.677874 -0.701646   1.53391
        0         0         0         1

 0.434578 -0.724512     0.535  0.373496
-0.869762 -0.183412  0.458121   0.65211
-0.233789 -0.664411  -0.70986   1.54068
        0         0         0         1

 0.434578 -0.724512     0.535  0.373496
-0.869762 -0.183412  0.458121   0.65211
-0.233789 -0.664411  -0.70986   1.54068
        0         0         0         1

 0.423941 -0.735357    0.5287  0.370331
-0.871789 -0.173107  0.458278  0.656023
-0.245476 -0.655198 -0.714463   1.54772
        0         0         0         1

 0.423941 -0.735357    0.5287  0.370331
-0.871789 -0.173107  0.458278  0.656023
-0.245476 -0.655198 -0.714463   1.54772
        0         0         0         1

 0.403658 -0.755637  0.515822  0.365251
-0.878075 -0.161597  0.450412  0.663159
-0.256993 -0.634743 -0.728736   1.55692
        0         0         0         1

 0.403658 -0.755637  0.515822  0.365251
-0.878075 -0.161597  0.450412  0.663159
-0.256993 -0.634743 -0.728736   1.55692
        0         0         0         1

  0.38728 -0.769602  0.507669  0.364276
-0.884425 -0.154596  0.440332  0.670388
-0.260397 -0.619527 -0.740527   1.56192
        0         0         0         1

  0.38728 -0.769602  0.507669  0.364276
-0.884425 -0.154596  0.440332  0.670388
-0.260397 -0.619527 -0.740527   1.56192
        0         0         0         1

 0.372223 -0.783074  0.498242  0.360581
-0.889437 -0.147539   0.43259  0.676627
 -0.26524 -0.604175 -0.751412   1.56892
        0         0         0         1

 0.372223 -0.783074  0.498242  0.360581
-0.889437 -0.147539   0.43259  0.676627
 -0.26524 -0.604175 -0.751412   1.56892
        0         0         0         1

 0.354083 -0.800696   0.48323  0.354057
-0.894651 -0.139481  0.424434  0.686611
-0.272441 -0.582607 -0.765732   1.58573
        0         0         0         1

 0.354083 -0.800696   0.48323  0.354057
-0.894651 -0.139481  0.424434  0.686611
-0.272441 -0.582607 -0.765732   1.58573
        0         0         0         1

 0.343455 -0.810262  0.474884   0.34806
-0.898804 -0.136931  0.416415  0.692296
-0.272378 -0.569847 -0.775296    1.5961
        0         0         0         1

 0.343455 -0.810262  0.474884   0.34806
-0.898804 -0.136931  0.416415  0.692296
-0.272378 -0.569847 -0.775296    1.5961
        0         0         0         1

 0.323187 -0.828821  0.456735  0.343602
-0.906093 -0.131771  0.402034  0.705878
-0.273029 -0.543776 -0.793576   1.61443
        0         0         0         1

 0.323187 -0.828821  0.456735  0.343602
-0.906093 -0.131771  0.402034  0.705878
-0.273029 -0.543776 -0.793576   1.61443
        0         0         0         1

 0.307178 -0.839381  0.448421  0.339986
-0.911059 -0.123227   0.39343  0.715706
 -0.27498 -0.529391 -0.802578   1.62887
        0         0         0         1

 0.307178 -0.839381  0.448421  0.339986
-0.911059 -0.123227   0.39343  0.715706
 -0.27498 -0.529391 -0.802578   1.62887
        0         0         0         1

 0.299445 -0.842254  0.448264  0.330238
-0.915893 -0.122105    0.3824  0.725442
-0.267343 -0.525069 -0.807979   1.63814
        0         0         0         1

 0.299445 -0.842254  0.448264  0.330238
-0.915893 -0.122105    0.3824  0.725442
-0.267343 -0.525069 -0.807979   1.63814
        0         0         0         1

 0.285339 -0.847345  0.447871  0.322772
-0.923774 -0.118628    0.3641  0.745175
-0.255388 -0.517624 -0.816604   1.65738
        0         0         0         1

 0.285339 -0.847345  0.447871  0.322772
-0.923774 -0.118628    0.3641  0.745175
-0.255388 -0.517624 -0.816604   1.65738
        0         0         0         1

 0.273411 -0.852327  0.445854  0.321783
-0.930348 -0.116581  0.347651  0.762107
-0.244334 -0.509851 -0.824835   1.67454
        0         0         0         1

 0.273411 -0.852327  0.445854  0.321783
-0.930348 -0.116581  0.347651  0.762107
-0.244334 -0.509851 -0.824835   1.67454
        0         0         0         1

 0.272479 -0.853314  0.444534  0.313322
-0.935547 -0.127055  0.329557  0.784512
-0.224736  -0.50568 -0.832936   1.70251
        0         0         0         1

 0.272479 -0.853314  0.444534  0.313322
-0.935547 -0.127055  0.329557  0.784512
-0.224736  -0.50568 -0.832936   1.70251
        0         0         0         1

 0.276427 -0.854012   0.44074  0.306612
 -0.93952 -0.143647  0.310915  0.801491
-0.202214 -0.500029 -0.842069   1.72045
        0         0         0         1

 0.276427 -0.854012   0.44074  0.306612
 -0.93952 -0.143647  0.310915  0.801491
-0.202214 -0.500029 -0.842069   1.72045
        0         0         0         1

  0.26721 -0.854914  0.444659  0.309158
-0.946492 -0.146183  0.287722  0.827267
-0.180976 -0.497748  -0.84823   1.73829
        0         0         0         1

  0.26721 -0.854914  0.444659  0.309158
-0.946492 -0.146183  0.287722  0.827267
-0.180976 -0.497748  -0.84823   1.73829
        0         0         0         1

 0.266805 -0.841418  0.469927  0.304156
-0.954458 -0.163145  0.249786  0.866022
-0.133508  -0.51517 -0.846626   1.75919
        0         0         0         1

 0.266805 -0.841418  0.469927  0.304156
-0.954458 -0.163145  0.249786  0.866022
-0.133508  -0.51517 -0.846626   1.75919
        0         0         0         1

  0.26684 -0.829823  0.490092  0.299788
-0.958981 -0.178148  0.220495  0.893265
-0.0956623 -0.528826 -0.843322   1.77812
        0         0         0         1

  0.26684 -0.829823  0.490092  0.299788
-0.958981 -0.178148  0.220495  0.893265
-0.0956623 -0.528826 -0.843322   1.77812
        0         0         0         1

 0.246325 -0.816786  0.521714  0.302958
-0.969014 -0.197369  0.148519  0.940601
-0.0183378 -0.542132 -0.840093   1.80132
        0         0         0         1

 0.246325 -0.816786  0.521714  0.302958
-0.969014 -0.197369  0.148519  0.940601
-0.0183378 -0.542132 -0.840093   1.80132
        0         0         0         1

 0.247069  -0.80061  0.545876  0.292936
-0.968504 -0.222023  0.112724  0.964839
 0.030949 -0.556533 -0.830249   1.82114
        0         0         0         1

 0.247069  -0.80061  0.545876  0.292936
-0.968504 -0.222023  0.112724  0.964839
 0.030949 -0.556533 -0.830249   1.82114
        0         0         0         1

 0.230711  -0.78422  0.575996  0.293984
-0.969175 -0.237801   0.06443   1.00012
0.0864452 -0.573105 -0.814909   1.83429
        0         0         0         1

 0.230711  -0.78422  0.575996  0.293984
-0.969175 -0.237801   0.06443   1.00012
0.0864452 -0.573105 -0.814909   1.83429
        0         0         0         1

  0.205987  -0.761071   0.615093    0.29288
 -0.962882  -0.269688 -0.0112351    1.05417
  0.174434  -0.589948  -0.788374    1.84269
         0          0          0          1

  0.205987  -0.761071   0.615093    0.29288
 -0.962882  -0.269688 -0.0112351    1.05417
  0.174434  -0.589948  -0.788374    1.84269
         0          0          0          1

   0.18072  -0.743136   0.644274   0.294052
 -0.954351  -0.290884 -0.0678216    1.09221
   0.23781  -0.602607  -0.761782     1.8411
         0          0          0          1

   0.18072  -0.743136   0.644274   0.294052
 -0.954351  -0.290884 -0.0678216    1.09221
   0.23781  -0.602607  -0.761782     1.8411
         0          0          0          1

 0.149743 -0.721047  0.676512  0.297211
-0.941742 -0.312428 -0.124545   1.14456
 0.301164  -0.61845 -0.725824   1.85848
        0         0         0         1

 0.149743 -0.721047  0.676512  0.297211
-0.941742 -0.312428 -0.124545   1.14456
 0.301164  -0.61845 -0.725824   1.85848
        0         0         0         1

 0.128859 -0.697346  0.705056  0.292373
-0.925974 -0.339076 -0.166134   1.18209
  0.35492 -0.631455 -0.689417   1.84734
        0         0         0         1

 0.128859 -0.697346  0.705056  0.292373
-0.925974 -0.339076 -0.166134   1.18209
  0.35492 -0.631455 -0.689417   1.84734
        0         0         0         1

