-0.0960322 -0.661971  0.743352  0.764838
-0.980729  0.190577 0.0430145   1.07232
 -0.17014 -0.724896 -0.667516   2.41969
        0         0         0         1

-0.0785374 -0.655971  0.750689  0.759975
-0.981597  0.182364 0.0566592   1.05089
-0.174065 -0.732424 -0.658222   2.40192
        0         0         0         1

-0.0725145 -0.656021  0.751251  0.766289
-0.978917  0.191027  0.072322   1.02861
-0.190954 -0.730168 -0.656043   2.40002
        0         0         0         1

-0.0571366 -0.652245  0.755851  0.775175
 -0.97685  0.192855  0.092578  0.989549
-0.206154 -0.733064 -0.648165   2.37382
        0         0         0         1

-0.0531801 -0.651329   0.75693  0.782716
-0.975151  0.197123   0.10111  0.972548
-0.215064 -0.732744 -0.645627   2.36488
        0         0         0         1

-0.0430713 -0.647372  0.760956  0.787585
-0.973002  0.200043   0.11511  0.950819
-0.226743 -0.735454 -0.638511   2.34885
        0         0         0         1

-0.0302349   -0.6445  0.764007  0.787402
-0.970128  0.202987  0.132843  0.931583
-0.240701 -0.737168 -0.631385   2.34135
        0         0         0         1

-0.0282156 -0.646316  0.762548  0.799679
-0.968947  0.205157  0.138033  0.914751
-0.245655 -0.734974 -0.632034   2.32388
        0         0         0         1

-0.0126532 -0.640325     0.768   0.79401
-0.965685  0.207083  0.156747  0.894332
-0.259409 -0.739663 -0.620972   2.31275
        0         0         0         1

0.00159307 -0.639115  0.769109  0.804764
-0.958327  0.218736   0.18375  0.853077
-0.285669 -0.737351 -0.612133   2.28424
        0         0         0         1

0.0121935  -0.63228  0.774644  0.802899
-0.955295    0.2215   0.19583  0.836018
-0.295403 -0.742401 -0.601313   2.27076
        0         0         0         1

0.0156124 -0.633214  0.773819  0.814001
-0.952844  0.225147  0.203461  0.818383
-0.303058 -0.740506 -0.599839    2.2509
        0         0         0         1

0.0222486 -0.629695  0.776523  0.817826
-0.948716  0.231697  0.215069  0.802541
-0.315346 -0.741485 -0.592247   2.23924
        0         0         0         1

 0.036937  -0.62708  0.778078  0.827783
-0.938878  0.244895   0.24194  0.763513
-0.342264 -0.739457 -0.579706   2.20593
        0         0         0         1

0.0460625 -0.624793   0.77943  0.830833
-0.933122  0.251622  0.256846  0.746517
-0.356598 -0.739134 -0.571418   2.19418
        0         0         0         1

0.0547155 -0.619279  0.783262  0.837513
-0.927344  0.259308    0.2698  0.727164
-0.370188 -0.741116 -0.560097   2.17611
        0         0         0         1

 0.065944 -0.616773  0.784374  0.838279
-0.921814  0.263269  0.284514  0.711991
-0.381982 -0.741809 -0.551189   2.16361
        0         0         0         1

0.0748134  -0.61677   0.78358  0.840965
-0.916214  0.267672  0.298166  0.694265
-0.393642 -0.740234 -0.545068   2.14275
        0         0         0         1

0.0765999 -0.616379  0.783715  0.847524
  -0.9115  0.275281  0.305593  0.679801
-0.404103 -0.737765 -0.540743   2.12924
        0         0         0         1

0.0877209 -0.619759  0.779874  0.860132
-0.897662  0.290232  0.331615  0.645638
-0.431866 -0.729153 -0.530875   2.09444
        0         0         0         1

0.0918503 -0.619495  0.779608  0.865376
-0.893032  0.295107  0.339713  0.633527
-0.440519 -0.727418 -0.526124   2.07879
        0         0         0         1

0.0922661  -0.62317  0.776624   0.87388
-0.886614  0.303583  0.348931  0.617956
-0.453214 -0.720761 -0.524501   2.05903
        0         0         0         1

0.0934703 -0.623636  0.776106  0.879263
-0.881113  0.311141  0.356132  0.605801
-0.463576 -0.717126 -0.520412   2.04389
        0         0         0         1

 0.098152 -0.625569   0.77397  0.888656
-0.865672  0.329964  0.376479   0.57467
-0.490896 -0.706956 -0.509151   2.00937
        0         0         0         1

0.0953027  -0.62614  0.773865  0.894611
-0.861174   0.33807   0.37959  0.563846
-0.499297 -0.702608 -0.506996   1.99507
        0         0         0         1

0.0948891 -0.627526  0.772792  0.899714
-0.853492  0.348288  0.387617  0.548741
-0.512394 -0.696352  -0.50254   1.97632
        0         0         0         1

 0.093672 -0.629136   0.77163  0.903893
-0.849589  0.353557  0.391402  0.538854
 -0.51906 -0.692232 -0.501389   1.96049
        0         0         0         1

0.0937561 -0.631734  0.769494  0.908507
-0.842207  0.361854  0.399687  0.525536
 -0.53094 -0.685547 -0.498125   1.94137
        0         0         0         1

 0.090516 -0.635531  0.766751  0.914815
-0.836481  0.369312  0.404856  0.515924
-0.540469 -0.678019 -0.498181   1.92767
        0         0         0         1

0.0888397 -0.643702  0.760102  0.925218
-0.823314  0.382038  0.419762  0.492987
 -0.56059 -0.663094 -0.496029   1.89276
        0         0         0         1

0.0873749 -0.646949  0.757511  0.929625
-0.818276  0.387077  0.424966  0.484431
-0.568147 -0.656984 -0.495562   1.87905
        0         0         0         1

0.0849188 -0.650473  0.754767  0.935569
-0.811588  0.394289  0.431117  0.473807
-0.578026  -0.64917 -0.494433   1.86071
        0         0         0         1

0.0836141 -0.653459   0.75233  0.939877
-0.804863   0.40085  0.437623   0.46499
 -0.58754 -0.642114 -0.492428   1.84822
        0         0         0         1

0.0810065 -0.659858  0.747011  0.949142
 -0.79232  0.412073  0.449916  0.446792
-0.604704 -0.628318 -0.489438   1.81508
        0         0         0         1

0.0773118 -0.661918  0.745578    0.9541
-0.788196  0.417372   0.45227  0.440285
-0.610549 -0.622628 -0.489453   1.80233
        0         0         0         1

 0.074532 -0.665097  0.743028  0.958968
-0.781126  0.424246  0.458103  0.431356
 -0.61991 -0.614542 -0.487904    1.7861
        0         0         0         1

0.0721353 -0.667233  0.741347  0.962767
-0.776555  0.428869  0.461555  0.425101
-0.625906 -0.608992 -0.487207   1.77416
        0         0         0         1

0.0696024  -0.66955  0.739499  0.967511
-0.771582  0.433737  0.465332   0.41775
-0.632311 -0.602972 -0.486423   1.75814
        0         0         0         1

0.0663957 -0.671988   0.73758   0.97137
-0.767682  0.437799  0.467971  0.412584
-0.637383 -0.597298 -0.486804   1.74645
        0         0         0         1

0.0608452 -0.676356  0.734057  0.980711
-0.758421  0.446787  0.474531  0.400596
-0.648919 -0.585597 -0.485778   1.71916
        0         0         0         1

0.0590759 -0.677609  0.733046  0.984049
-0.754071  0.450896  0.477567  0.395883
-0.654131 -0.580981 -0.484328   1.70922
        0         0         0         1

0.0588615   -0.6787  0.732053  0.987804
 -0.74906   0.45472  0.481808  0.390034
-0.659882 -0.576712 -0.481621   1.69635
        0         0         0         1

0.0572583 -0.679134  0.731778  0.991315
-0.745862  0.458131  0.483534  0.386115
-0.663635 -0.573492 -0.480308   1.68644
        0         0         0         1

0.0559569  -0.68011  0.730972  0.998578
-0.738407  0.464588  0.488787  0.377004
-0.672029 -0.567106 -0.476201   1.66335
        0         0         0         1

0.0552705 -0.679764  0.731345   1.00132
-0.734852   0.46819  0.490704  0.373423
-0.675972 -0.564552 -0.473649   1.65488
        0         0         0         1

0.0535905 -0.679141  0.732049   1.00528
-0.731011  0.472734  0.492083  0.369307
-0.680258 -0.561506 -0.471125   1.64399
        0         0         0         1

0.0543021 -0.678612  0.732487   1.00771
 -0.72833  0.474902  0.493967  0.366196
-0.683071 -0.560316 -0.468466   1.63577
        0         0         0         1

0.0540581 -0.677801  0.733255   1.01119
-0.724806  0.478462  0.495712  0.362296
-0.686829 -0.558265  -0.46541   1.62594
        0         0         0         1

0.0543659 -0.677102  0.733878   1.01382
-0.722525  0.480615  0.496957  0.359604
-0.689203 -0.557263 -0.463094   1.61858
        0         0         0         1

0.0558676 -0.675071  0.735634   1.01952
 -0.71648   0.48603   0.50043  0.353248
-0.695366 -0.555025 -0.456522   1.60237
        0         0         0         1

0.0562276 -0.674498  0.736132   1.02171
-0.713644  0.488482  0.502093  0.350781
-0.698248 -0.553568 -0.453886    1.5966
        0         0         0         1

0.0577889  -0.67316  0.737236   1.02415
-0.711022  0.490627  0.503719  0.347938
-0.700791   -0.5533 -0.450278    1.5889
        0         0         0         1

0.0582466 -0.672356  0.737933   1.02607
-0.709202  0.492365  0.504589   0.34594
-0.702595 -0.552734 -0.448157   1.58329
        0         0         0         1

0.0578519 -0.670369  0.739769   1.03047
-0.704877   0.49732  0.505788  0.341482
-0.706967 -0.550707 -0.443757    1.5705
        0         0         0         1

0.0581134 -0.669626  0.740422   1.03148
-0.702873  0.499247  0.506678  0.339616
-0.708938 -0.549867 -0.441649     1.566
        0         0         0         1

0.0569617 -0.667994  0.741983   1.03314
-0.700559  0.502761  0.506408  0.337481
-0.711318 -0.548649 -0.439331   1.56029
        0         0         0         1

0.0560491 -0.666219  0.743647   1.03435
-0.699186  0.505506  0.505572  0.336048
-0.712739 -0.548284 -0.437478   1.55609
        0         0         0         1

0.0545687 -0.665071  0.744784   1.03563
-0.696798  0.508888  0.505476  0.334132
-0.715189 -0.546547 -0.435651   1.55127
        0         0         0         1

0.0527465 -0.664403  0.745511   1.03668
-0.695704  0.511117  0.504732  0.332907
-0.716389 -0.545278 -0.435268   1.54747
        0         0         0         1

0.0504983  -0.66211  0.747703   1.03845
-0.692921  0.515928  0.503665  0.330356
-0.719243 -0.543534 -0.432737   1.53875
        0         0         0         1

0.0499141 -0.662233  0.747634   1.03905
-0.691939  0.516883  0.504036  0.329496
-0.720228 -0.542476 -0.432425   1.53545
        0         0         0         1

0.0488247 -0.662921  0.747096   1.04003
-0.690502   0.51805  0.504808   0.32845
-0.721681 -0.540518 -0.432455   1.53132
        0         0         0         1

0.0484379 -0.663787  0.746352   1.04062
 -0.68926  0.518588  0.505952  0.327808
-0.722893 -0.538937 -0.432402   1.52853
        0         0         0         1

0.0471259 -0.666583  0.743939   1.04247
-0.686337  0.519512  0.508969  0.326394
-0.725755 -0.534579 -0.433018   1.52211
        0         0         0         1

0.0460149 -0.668421  0.742358   1.04338
-0.685837  0.519179  0.509982  0.326171
-0.726299 -0.532603 -0.434538   1.51951
        0         0         0         1

0.0454246 -0.672449  0.738748   1.04378
-0.684016  0.518022  0.513591  0.325384
-0.728052 -0.528645 -0.436435   1.51702
        0         0         0         1

 0.044357 -0.675485  0.736039   1.04454
-0.683561  0.516773  0.515452  0.325114
-0.728545 -0.525991 -0.438812   1.51478
        0         0         0         1

0.0436572 -0.680156  0.731766   1.04482
-0.682836  0.514357  0.518818  0.324663
-0.729266 -0.522326  -0.44198   1.51219
        0         0         0         1

0.0425264 -0.683838  0.728393   1.04528
-0.682505  0.512546  0.521041   0.32439
-0.729643  -0.51929 -0.444926    1.5103
        0         0         0         1

0.0394154 -0.691961  0.720858   1.04617
-0.681404  0.509042  0.525894  0.323875
-0.730845 -0.511924 -0.451441   1.50611
        0         0         0         1

0.0378852  -0.69505  0.717962   1.04641
-0.680757  0.508013  0.527724  0.323771
-0.731529 -0.508751 -0.453914    1.5047
        0         0         0         1

0.0346533  -0.69828  0.714985   1.04702
-0.679583  0.508093  0.529159  0.323648
 -0.73278 -0.504229 -0.456932   1.50291
        0         0         0         1

0.0332619 -0.700478  0.712898   1.04708
-0.679114  0.507492  0.530336   0.32373
-0.733279 -0.501779 -0.458824   1.50139
        0         0         0         1

0.0300614 -0.708056  0.705516   1.04609
-0.676458  0.505225  0.535866  0.323648
-0.735867 -0.493361 -0.463782   1.49816
        0         0         0         1

0.0305841 -0.707649  0.705902   1.04559
-0.676277  0.505389   0.53594  0.323775
-0.736012 -0.493776  -0.46311   1.49691
        0         0         0         1

0.0287594 -0.710677  0.702931   1.04526
-0.676162  0.504089  0.537308  0.323893
-0.736192 -0.490748 -0.466035   1.49572
        0         0         0         1

0.0255232 -0.716507  0.697113   1.04543
-0.676157  0.501256  0.539957  0.323873
-0.736315  -0.48514 -0.471678   1.49548
        0         0         0         1

0.0233982 -0.721057  0.692481   1.04515
-0.676983  0.498258  0.541694  0.323949
-0.735626 -0.481473 -0.476485   1.49457
        0         0         0         1

0.0210004 -0.723277  0.690238   1.04531
-0.676858  0.497826  0.542248  0.324037
-0.735814 -0.478581 -0.479101   1.49428
        0         0         0         1

0.0178394 -0.729856  0.683369   1.04477
-0.676114  0.494711  0.546014  0.323852
-0.736581 -0.471775  -0.48464   1.49419
        0         0         0         1

 0.016269 -0.730419  0.682806   1.04501
-0.676143  0.495045  0.545675  0.323987
-0.736591 -0.470552 -0.485814   1.49427
        0         0         0         1

0.0165148 -0.730759  0.682436   1.04466
-0.675592  0.494999  0.546399  0.324083
-0.737091 -0.470072  -0.48552   1.49473
        0         0         0         1

0.0153738 -0.730511  0.682728   1.04488
-0.675304  0.495963  0.545881  0.324219
-0.737379 -0.469441 -0.485692   1.49532
        0         0         0         1

0.0140314  -0.73129  0.681922   1.04477
-0.676469  0.495281  0.545057  0.324929
-0.736338 -0.468947 -0.487745   1.49707
        0         0         0         1

0.0122618 -0.731909  0.681292   1.04508
-0.676733  0.495518  0.544513  0.325321
-0.736126  -0.46773 -0.489231   1.49828
        0         0         0         1

0.0101261 -0.732696  0.680481   1.04552
-0.677841   0.49527   0.54336  0.326053
-0.735139  -0.46676 -0.491636   1.50006
        0         0         0         1

0.00868754  -0.73344  0.679698   1.04561
-0.678349  0.495081  0.542896  0.326652
-0.734688 -0.465789 -0.493228   1.50202
        0         0         0         1

0.00608992 -0.733311  0.679866   1.04573
-0.679101  0.496021  0.541097  0.327774
 -0.73402 -0.464993 -0.494971   1.50463
        0         0         0         1

0.00390928  -0.73314  0.680066   1.04548
-0.679191  0.497196  0.539903  0.328561
-0.733951 -0.464006 -0.495999   1.50682
        0         0         0         1

-0.00213065 -0.732155  0.681135   1.04476
-0.679057  0.501071  0.536479  0.330864
-0.734082 -0.461387 -0.498243   1.51282
        0         0         0         1

-0.0047105 -0.730575  0.682816    1.0445
-0.678045  0.504218  0.534808  0.331999
-0.735005 -0.460461 -0.497738   1.51595
        0         0         0         1

-0.00709105 -0.728047  0.685491   1.04367
-0.677705  0.507566  0.532065  0.333821
  -0.7353 -0.460788    -0.497   1.51992
        0         0         0         1

-0.00868288 -0.725964  0.687677   1.04268
-0.677406  0.510135  0.529984  0.335331
-0.735558 -0.461235 -0.496202   1.52317
        0         0         0         1

-0.0129462 -0.719714   0.69415   1.04034
 -0.67675  0.517355  0.523787  0.339716
-0.736099 -0.462985 -0.493764   1.53237
        0         0         0         1

-0.0134046 -0.717234  0.696704   1.03905
-0.677467  0.518984  0.521243  0.341837
-0.735431 -0.465007 -0.492859    1.5362
        0         0         0         1

-0.0146498 -0.713415  0.700588    1.0376
-0.678213  0.521936   0.51731    0.3449
-0.734719  -0.46757 -0.491494   1.54194
        0         0         0         1

-0.0149933 -0.710202  0.703839   1.03601
-0.678606  0.524207   0.51449  0.347295
-0.734349 -0.469916 -0.489807   1.54674
        0         0         0         1

-0.0158691 -0.706223  0.707812   1.03444
-0.679152  0.527155  0.510745  0.350703
-0.733826 -0.472607 -0.487998   1.55351
        0         0         0         1

-0.0158829 -0.703157  0.710857   1.03296
-0.680936  0.528206  0.507271  0.353718
 -0.73217 -0.475991 -0.487195   1.55889
        0         0         0         1

-0.0162044  -0.69573  0.718121   1.02863
-0.687377   0.52933  0.497315  0.361522
 -0.72612 -0.485561 -0.486806   1.57366
        0         0         0         1

-0.0161406  -0.69324  0.720526    1.0261
-0.691465   0.52826  0.492766  0.365015
 -0.72223 -0.490265 -0.487878   1.58046
        0         0         0         1

-0.0173742 -0.690118  0.723488     1.023
-0.697747  0.526639  0.485593  0.369879
-0.716134 -0.496375 -0.490678   1.59002
        0         0         0         1

-0.0183203 -0.687577  0.725881   1.02046
-0.703986  0.524403  0.478963  0.374021
-0.709978 -0.502235 -0.493651   1.59773
        0         0         0         1

-0.0188827 -0.682112  0.731004   1.01346
-0.720221  0.516402   0.46326  0.384539
-0.693487 -0.517737 -0.501023   1.61899
        0         0         0         1

-0.0194724 -0.679991  0.732962   1.01044
-0.727641  0.512408  0.456045  0.389467
-0.685682 -0.524453 -0.504767   1.62886
        0         0         0         1

-0.0185954 -0.677342  0.735433   1.00627
-0.737922  0.505615  0.447018  0.396129
 -0.67463  -0.53438 -0.509227   1.64176
        0         0         0         1

-0.0172189 -0.675224  0.737411   1.00294
-0.746341  0.499456  0.439908  0.401713
-0.665341 -0.542786 -0.512548   1.65227
        0         0         0         1

-0.0126383 -0.673177  0.739374   0.99771
-0.756098   0.49031  0.433488  0.408885
-0.654336  -0.55356 -0.515184   1.66702
        0         0         0         1

-0.0101671 -0.671007  0.741381  0.994733
-0.764938  0.482735  0.426423  0.415484
-0.644023 -0.562775 -0.518187   1.67812
        0         0         0         1

0.00444021 -0.664312  0.747442  0.985395
-0.785433  0.460307  0.413778  0.433015
-0.618931 -0.588903 -0.519729   1.70672
        0         0         0         1

0.0128092  -0.66119  0.750109  0.981145
-0.794352  0.448904  0.409255  0.441145
-0.607322 -0.601093 -0.519468   1.71824
        0         0         0         1

0.0236811 -0.657117  0.753417  0.975806
-0.804964  0.434381  0.404161  0.452236
-0.592851 -0.616044 -0.518669   1.73415
        0         0         0         1

0.0305549 -0.654284  0.755631   0.97211
 -0.81218  0.424395  0.400316  0.461043
-0.582607  -0.62594 -0.518429   1.74746
        0         0         0         1

0.0490285 -0.646963  0.760943  0.961823
-0.831558  0.395581  0.389906  0.485486
 -0.55327 -0.651885 -0.518593   1.77951
        0         0         0         1

0.0585243 -0.643105  0.763539  0.956634
-0.839192  0.382554  0.386536   0.49608
-0.540678 -0.663377 -0.517299   1.79328
        0         0         0         1

0.0685804 -0.640321   0.76504  0.950726
-0.847784  0.366822   0.38302  0.510228
-0.525889 -0.674856 -0.517697   1.81198
        0         0         0         1

0.0746925 -0.637913  0.766478  0.946452
-0.854993  0.354622  0.378458  0.522046
-0.513233 -0.683601 -0.518923   1.82613
        0         0         0         1

0.0835926 -0.634855  0.768096  0.938568
-0.864706  0.336882  0.372551  0.537993
-0.495273 -0.695319 -0.520802   1.84434
        0         0         0         1

0.0868268 -0.634416    0.7681  0.933386
-0.871339  0.325401  0.367263  0.550381
-0.482938 -0.701164 -0.524538   1.85963
        0         0         0         1

0.0919713 -0.631515   0.76989  0.919961
-0.889294  0.295756  0.348834  0.583458
-0.447993 -0.716741 -0.534401    1.8955
        0         0         0         1

0.0908861 -0.631771  0.769808  0.915949
 -0.89678  0.284215  0.339128  0.598221
-0.433042 -0.721171 -0.540729   1.90988
        0         0         0         1

0.0954153 -0.631889  0.769163  0.906492
-0.903676  0.269053  0.333136   0.61595
-0.417451 -0.726861 -0.545351    1.9311
        0         0         0         1

0.0922479 -0.633811  0.767968  0.903563
 -0.91145    0.2568  0.321422   0.63263
-0.400935 -0.729615 -0.553998   1.94433
        0         0         0         1

0.0935216 -0.636093  0.765924  0.889656
-0.925186  0.228677  0.302882  0.672113
-0.367811 -0.736948 -0.567118   1.98054
        0         0         0         1

0.0931557  -0.63745  0.764839  0.884004
-0.930125  0.218356  0.295275  0.687986
-0.355231 -0.738903 -0.572567   1.99578
        0         0         0         1

0.0927125 -0.638545  0.763979  0.876002
-0.936156  0.205441  0.285318  0.708714
-0.339141 -0.741656 -0.578731   2.01618
        0         0         0         1

0.0936509 -0.638718   0.76372  0.868744
-0.941253  0.193185  0.276986  0.726461
-0.324456 -0.744794 -0.583103   2.03005
        0         0         0         1

0.0885791 -0.638961  0.764122  0.862464
-0.950166  0.175994  0.257313  0.753063
-0.298894 -0.748836  -0.59153    2.0442
        0         0         0         1

0.0824259 -0.642613  0.761744   0.85898
-0.953713  0.170942  0.247406  0.770023
-0.289201 -0.746878 -0.598778   2.06164
        0         0         0         1

0.0714121 -0.645069   0.76078  0.846194
-0.964417  0.150002  0.217715  0.814379
 -0.25456 -0.749256 -0.611403   2.09673
        0         0         0         1

0.0683826 -0.645533  0.760665  0.838603
-0.967537  0.143031  0.208362   0.83212
-0.243303  -0.75022 -0.614796   2.11254
        0         0         0         1

0.0608972 -0.647818  0.759358  0.829215
-0.972724  0.132083   0.19069  0.856034
-0.223831 -0.750258 -0.622104   2.12916
        0         0         0         1

0.0534387 -0.651408  0.756844  0.826108
 -0.97607  0.125916  0.177293   0.87679
-0.210789 -0.748206 -0.629091   2.14199
        0         0         0         1

0.0439318 -0.654545  0.754746  0.817713
-0.980951  0.114829  0.156683  0.902452
-0.189223 -0.747252 -0.637032   2.15772
        0         0         0         1

0.0356862 -0.657143  0.752921  0.812324
-0.983417  0.110957  0.143453  0.920671
-0.177811 -0.745555 -0.642286   2.17207
        0         0         0         1

0.00719129 -0.667312  0.744744  0.805157
-0.989026   0.10516  0.103776  0.968235
-0.147568 -0.737317 -0.659232   2.20714
        0         0         0         1

-0.000316218  -0.66793  0.744224  0.798678
-0.991718 0.0957948 0.0855531  0.990689
-0.128436 -0.738033 -0.662428   2.21463
        0         0         0         1

-0.0168642 -0.676863  0.735915  0.798066
-0.993683 0.0930166 0.0627815   1.01787
-0.110947 -0.730208 -0.674157   2.23114
        0         0         0         1

-0.0246766 -0.680174  0.732636  0.790198
 -0.99464 0.0903126 0.0503442   1.03607
-0.100409 -0.727466 -0.678757   2.24529
        0         0         0         1

-0.0565922  -0.686961   0.724488   0.781558
 -0.996172  0.0872768 0.00494175    1.08664
-0.0666257  -0.721434   -0.68927    2.27152
         0          0          0          1

-0.0678459  -0.687646    0.72287   0.772937
 -0.996423  0.0832827 -0.0142962    1.10759
-0.0503718  -0.721254  -0.690837    2.27697
         0          0          0          1

-0.0887646  -0.694709   0.713793   0.770302
  -0.99555  0.0846497 -0.0414163     1.1349
  -0.03165  -0.714293  -0.699131     2.2935
         0          0          0          1

-0.0992428  -0.696789   0.710377   0.763728
 -0.994688   0.089064 -0.0516019    1.15186
-0.0273134  -0.711725  -0.701927    2.30666
         0          0          0          1

 -0.121756   -0.69969   0.703996    0.75944
 -0.992475  0.0950954 -0.0771342    1.17864
-0.0129768   -0.70809  -0.706003    2.32188
         0          0          0          1

 -0.136061  -0.704987   0.696047   0.757213
   -0.9907   0.095978 -0.0964481     1.1967
0.00118942  -0.702696  -0.711489    2.33325
         0          0          0          1

