 0.646292 -0.250768  0.720709   1.06114
-0.758379 -0.315859   0.57017   1.07017
0.0846619 -0.915067 -0.394315   1.80002
        0         0         0         1

 0.642933 -0.256655   0.72164   1.06361
-0.762786 -0.299736  0.572989   1.05809
0.0692408 -0.918851 -0.388483   1.79655
        0         0         0         1

 0.644542  -0.25462  0.720926   1.05936
-0.762623 -0.281345  0.582453   1.04394
0.0545246  -0.92521 -0.375518   1.78841
        0         0         0         1

 0.641143 -0.260106  0.721997   1.06793
-0.766366 -0.266318    0.5846   1.03405
0.0402233 -0.928127 -0.370084   1.78318
        0         0         0         1

 0.642382 -0.251317  0.724007   1.07446
-0.766158 -0.233582    0.5987   1.00886
0.0186519 -0.939297 -0.342597   1.76756
        0         0         0         1

 0.643645 -0.248958    0.7237   1.07614
-0.765235 -0.223802  0.603596   1.00029
0.0116949 -0.942302  -0.33456   1.75979
        0         0         0         1

 0.650026 -0.244014  0.719669   1.07614
-0.759912 -0.209353   0.61539  0.987717
0.000501106 -0.946904 -0.321515   1.75067
        0         0         0         1

 0.652096 -0.243392  0.718005   1.07904
-0.758073 -0.197111  0.621669  0.978777
-0.00978192 -0.949688 -0.313044   1.74552
        0         0         0         1

 0.659263 -0.239824  0.712641   1.07984
-0.751573 -0.181693  0.634134  0.965804
-0.0225985 -0.953663 -0.300028   1.73728
        0         0         0         1

 0.660219 -0.245625  0.709774   1.08644
-0.749956 -0.164068  0.640818  0.955414
-0.0409499  -0.95538 -0.292529   1.73496
        0         0         0         1

 0.670203  -0.25901  0.695515    1.0972
-0.739074 -0.147299  0.657322  0.934186
-0.0678039 -0.954577 -0.290148   1.71766
        0         0         0         1

  0.67495 -0.265765   0.68834   1.09985
-0.733756 -0.143459  0.664094  0.926496
-0.0777448 -0.953304 -0.291834   1.71065
        0         0         0         1

 0.681782  -0.27414  0.678248    1.1037
-0.725406 -0.133379  0.675275  0.914369
-0.0946552 -0.952396 -0.289798   1.70421
        0         0         0         1

 0.686735 -0.278973  0.671244   1.10599
-0.719688 -0.131116  0.681805  0.907044
-0.102194 -0.951306 -0.290816   1.69593
        0         0         0         1

 0.694163 -0.285292  0.660868    1.1084
-0.710676 -0.125767  0.692187  0.897166
 -0.11436 -0.950153 -0.290052   1.68806
        0         0         0         1

 0.699006 -0.287648  0.654714   1.11053
-0.704304 -0.118317  0.699969  0.888586
 -0.12388   -0.9504 -0.285296   1.68282
        0         0         0         1

 0.708731 -0.292498  0.641985   1.11598
 -0.69101 -0.104464  0.715257  0.870845
-0.142147 -0.950543 -0.276156   1.66567
        0         0         0         1

  0.708247  -0.295811   0.641001    1.12032
 -0.688965 -0.0915643   0.718988   0.863307
 -0.153992  -0.950848  -0.268654    1.66063
         0          0          0          1

   0.70914  -0.296069   0.639893    1.12386
 -0.685887 -0.0794305    0.72336   0.854471
 -0.163338  -0.951858  -0.259397    1.65153
         0          0          0          1

  0.705909  -0.299577    0.64183    1.12852
 -0.686917 -0.0685672   0.723494   0.848264
 -0.172733  -0.951605  -0.254187     1.6448
         0          0          0          1

  0.69852 -0.303133  0.648213   1.13459
-0.689031 -0.040422  0.723604   0.83223
-0.193146 -0.952091 -0.237104   1.62931
        0         0         0         1

  0.692887  -0.306444   0.652686    1.13822
 -0.691573 -0.0262852   0.721828    0.82613
 -0.204044  -0.951526  -0.230141    1.62442
         0          0          0          1

 0.687428 -0.305887  0.658693   1.14017
-0.694251 -0.010509  0.719656  0.818194
-0.213212  -0.95201 -0.219587   1.61508
        0         0         0         1

  0.682996  -0.303865   0.664215    1.14119
 -0.696058 0.00487155   0.717969   0.812238
 -0.221401  -0.952703  -0.208181    1.61074
         0          0          0          1

 0.674992 -0.302742  0.672855   1.14541
-0.701259 0.0202926  0.712617  0.805355
-0.229393 -0.952857 -0.198603   1.60228
        0         0         0         1

 0.669108 -0.299923  0.679957    1.1483
-0.705272 0.0321664  0.708207  0.800454
 -0.23428 -0.953421 -0.190005   1.59629
        0         0         0         1

 0.657929 -0.289046    0.6954   1.15231
-0.711946 0.0622733  0.699467  0.788585
-0.245483 -0.955288 -0.164814   1.58365
        0         0         0         1

 0.649318 -0.287613  0.704035   1.15738
-0.718044 0.0731927  0.692139  0.784123
-0.250598 -0.954946 -0.158993   1.57829
        0         0         0         1

 0.640669 -0.283458  0.713579   1.16129
 -0.72374  0.087413  0.684514  0.778672
-0.256407 -0.954992 -0.149147   1.57174
        0         0         0         1

 0.636335 -0.281008  0.718409   1.16254
-0.725935 0.0968993  0.680903  0.774713
-0.260953 -0.954801 -0.142333   1.56723
        0         0         0         1

 0.622517 -0.280282  0.730695   1.16667
 -0.73422  0.114042  0.669265  0.765784
-0.270913 -0.953119 -0.134795   1.55247
        0         0         0         1

 0.618008 -0.280867  0.734289   1.16692
-0.736065  0.121395  0.665937  0.762607
-0.276179 -0.952038 -0.131714   1.54772
        0         0         0         1

 0.610727 -0.282982  0.739549   1.16876
-0.738948  0.131941  0.660717  0.757924
-0.284548 -0.950007 -0.128529   1.54132
        0         0         0         1

 0.603083 -0.284442   0.74524   1.17212
-0.742645  0.140789  0.654719  0.755024
-0.291151 -0.948299 -0.126332   1.53669
        0         0         0         1

 0.596955 -0.286106  0.749525   1.17368
-0.743359  0.154153  0.650887  0.750619
-0.301764 -0.945717 -0.120657   1.53191
        0         0         0         1

 0.593671 -0.287613  0.751554   1.17454
-0.742941   0.16294  0.649222    0.7479
-0.309183 -0.943785 -0.116947   1.52874
        0         0         0         1

 0.581426 -0.292318  0.759272   1.18039
-0.746229  0.180231  0.640827  0.741861
 -0.32417 -0.939184 -0.113345   1.51677
        0         0         0         1

 0.580091 -0.294573  0.759422   1.18094
-0.744567  0.186324  0.641017  0.740025
-0.330325 -0.937289 -0.111244   1.51317
        0         0         0         1

  0.57785 -0.297072  0.760156   1.18177
-0.741811  0.197183  0.640964  0.737086
-0.340302 -0.934274 -0.106429   1.50912
        0         0         0         1

  0.57482 -0.299361  0.761554   1.18341
-0.741275   0.20364  0.639563  0.735204
-0.346543 -0.932155 -0.104852   1.50555
        0         0         0         1

 0.574755 -0.303768  0.759857   1.18382
-0.735724  0.214726  0.642342  0.731601
-0.358284 -0.928234 -0.100075   1.49632
        0         0         0         1

  0.572274   -0.30615   0.760773    1.18563
 -0.735013    0.21992   0.641397   0.730027
 -0.363673  -0.926233 -0.0991693    1.49256
         0          0          0          1

  0.570802  -0.308668   0.760861    1.18741
 -0.733023   0.225948    0.64158   0.727924
 -0.369951  -0.923943 -0.0972887    1.48814
         0          0          0          1

  0.570609  -0.311532   0.759837    1.18794
 -0.731055   0.228813   0.642808    0.72691
 -0.374117  -0.922275 -0.0971845    1.48504
         0          0          0          1

  0.567729  -0.315652   0.760294    1.19094
 -0.730075   0.233668   0.642176   0.725514
 -0.380361  -0.919654 -0.0977897    1.48094
         0          0          0          1

  0.566373  -0.318354   0.760179    1.19257
 -0.728195    0.23864   0.642482   0.724256
 -0.385946  -0.917443 -0.0966648    1.47896
         0          0          0          1

  0.568264  -0.326324   0.755373    1.19372
 -0.722138   0.242287    0.64793   0.722555
 -0.394453  -0.913679 -0.0979681    1.47122
         0          0          0          1

   0.56942  -0.329474   0.753132    1.19399
 -0.719211   0.244025   0.650528   0.721975
 -0.398116  -0.912085 -0.0980084    1.46898
         0          0          0          1

   0.57083  -0.333942   0.750091    1.19445
 -0.714983   0.246974   0.654066   0.720895
 -0.403673  -0.909663 -0.0977827    1.46533
         0          0          0          1

  0.572264  -0.336481    0.74786    1.19476
 -0.713169   0.246012   0.656405    0.72077
  -0.40485  -0.908988 -0.0991837    1.46182
         0          0          0          1

  0.574928  -0.343545   0.742587    1.19703
 -0.704366   0.253991   0.662841   0.719131
 -0.416326  -0.904138 -0.0959548    1.45812
         0          0          0          1

  0.576544  -0.346877   0.739779    1.19748
 -0.700731   0.255723   0.666019   0.718512
 -0.420205  -0.902376 -0.0956322    1.45585
         0          0          0          1

  0.577927   -0.35101   0.736745    1.19924
 -0.697054   0.257166   0.669314   0.718329
 -0.424402  -0.900365 -0.0960498    1.45231
         0          0          0          1

  0.580174  -0.353955   0.733563    1.19936
 -0.692554   0.259639    0.67302   0.717812
  -0.42868  -0.898501 -0.0944971    1.45109
         0          0          0          1

  0.584888  -0.362121   0.725792    1.19962
 -0.683584   0.261585   0.681386   0.717104
 -0.436601  -0.894674 -0.0945425    1.44589
         0          0          0          1

  0.586112  -0.364259   0.723732    1.20027
 -0.680969   0.262555   0.683627   0.717034
 -0.439037  -0.893521 -0.0941623    1.44433
         0          0          0          1

   0.58779  -0.368089   0.720426    1.20125
 -0.676535   0.264665   0.687206   0.716655
 -0.443625  -0.891326 -0.0934582    1.44234
         0          0          0          1

  0.589725  -0.370899   0.717397     1.2013
 -0.673297   0.264744   0.690349    0.71672
 -0.445976  -0.890137 -0.0935987    1.44054
         0          0          0          1

  0.591297  -0.373988   0.714493    1.20195
 -0.668018   0.269203   0.693745   0.716045
 -0.451795  -0.887504 -0.0906519    1.43966
         0          0          0          1

  0.591923  -0.375655   0.713099    1.20257
 -0.666499   0.269365   0.695141    0.71601
 -0.453217   -0.88675 -0.0909308    1.43753
         0          0          0          1

 0.594898 -0.380392  0.708095   1.20321
-0.658253  0.275015  0.700763  0.715295
-0.461301 -0.882989 -0.086788    1.4352
        0         0         0         1

  0.596114  -0.380436   0.707048     1.2033
  -0.65638   0.276247   0.702035   0.715062
 -0.462399  -0.882585 -0.0850358    1.43408
         0          0          0          1

  0.596943  -0.381634   0.705702    1.20372
 -0.655328   0.275489   0.703314   0.715626
 -0.462822  -0.882304 -0.0856444    1.43112
         0          0          0          1

  0.594958  -0.382758   0.706768    1.20516
 -0.655669   0.277478   0.702214   0.715099
 -0.464891  -0.881193 -0.0858748    1.42983
         0          0          0          1

    0.5957  -0.383784   0.705586    1.20466
 -0.653701   0.278781   0.703531   0.715026
 -0.466708  -0.880336 -0.0848101    1.42904
         0          0          0          1

  0.597034  -0.383701   0.704502    1.20367
 -0.652834   0.277986    0.70465   0.714997
 -0.466217  -0.880623 -0.0845265    1.42788
         0          0          0          1

  0.595248  -0.385418   0.705076    1.20437
 -0.652237    0.28075   0.704107   0.714532
 -0.469326  -0.878995 -0.0842677    1.42629
         0          0          0          1

  0.594581  -0.385755   0.705454    1.20466
 -0.651878   0.282329   0.703808   0.714535
 -0.470668  -0.878341 -0.0835976    1.42628
         0          0          0          1

  0.592383  -0.386453   0.706921    1.20581
 -0.652839   0.283921   0.702275    0.71457
 -0.472105  -0.877521 -0.0841017    1.42552
         0          0          0          1

  0.591334  -0.386671   0.707679    1.20623
 -0.653461   0.284483   0.701469   0.714594
  -0.47256  -0.877243 -0.0844497    1.42424
         0          0          0          1

  0.589981  -0.385972   0.709188    1.20661
 -0.654335   0.286034   0.700022    0.71484
 -0.473041  -0.877046 -0.0838006    1.42204
         0          0          0          1

   0.58873  -0.385438   0.710517    1.20724
 -0.655185   0.287269   0.698719    0.71492
 -0.473422  -0.876877 -0.0834093    1.42161
         0          0          0          1

   0.58829  -0.384742   0.711258    1.20661
 -0.655695    0.28781   0.698018   0.715348
 -0.473264  -0.877006 -0.0829578    1.42065
         0          0          0          1

 0.587976 -0.384211  0.711805   1.20609
-0.656133  0.288088  0.697491  0.715699
-0.473046 -0.877147 -0.082705    1.4201
        0         0         0         1

   0.58434  -0.383064   0.715408    1.20694
 -0.658245   0.291858   0.693925   0.715498
 -0.474615  -0.876402 -0.0816055    1.41997
         0          0          0          1

  0.584349  -0.383066   0.715399    1.20627
 -0.658537     0.2913   0.693882   0.715757
 -0.474199  -0.876587 -0.0820421    1.41943
         0          0          0          1

  0.578598  -0.382749   0.720227    1.20753
 -0.663705    0.29229   0.688522   0.715898
 -0.474046  -0.876396 -0.0849141    1.41789
         0          0          0          1

  0.576425  -0.380966    0.72291    1.20813
 -0.664505   0.296332   0.686018   0.715773
 -0.475571  -0.875815 -0.0823409    1.41838
         0          0          0          1

  0.575957  -0.379274   0.724172    1.20788
 -0.666959   0.294217   0.684546   0.716043
 -0.472693  -0.877262 -0.0835038    1.41743
         0          0          0          1

 0.574936 -0.378915   0.72517   1.20772
-0.668392  0.293683  0.683376  0.716075
-0.471911 -0.877595 -0.084415   1.41714
        0         0         0         1

  0.57061 -0.378715  0.728683   1.20872
-0.673004  0.292833  0.679201  0.716121
-0.470606 -0.877966 -0.087783   1.41659
        0         0         0         1

  0.571038   -0.37845   0.728486    1.20856
 -0.674131   0.290224   0.679203   0.716326
 -0.468468  -0.878946 -0.0893958    1.41594
         0          0          0          1

  0.569821  -0.377552   0.729903    1.20902
 -0.674937   0.291673   0.677781    0.71611
  -0.46879  -0.878853 -0.0886223    1.41628
         0          0          0          1

  0.568516  -0.376658   0.731381    1.20982
 -0.676258   0.292291   0.676196   0.716112
 -0.468471  -0.879031 -0.0885452    1.41627
         0          0          0          1

  0.568499  -0.375782   0.731844    1.21036
 -0.676357   0.292944   0.675815   0.716078
 -0.468348  -0.879188 -0.0876248    1.41642
         0          0          0          1

  0.568089  -0.376153   0.731972    1.21074
 -0.677056   0.291998   0.675523   0.716117
 -0.467834  -0.879344 -0.0887959    1.41593
         0          0          0          1

 0.566711 -0.377958  0.732111   1.21173
-0.678175   0.29062  0.674995  0.716297
-0.467886 -0.879027 -0.091624   1.41495
        0         0         0         1

 0.565779 -0.379336  0.732119   1.21208
-0.678264  0.290794  0.674831  0.716024
-0.468884 -0.878375 -0.092765   1.41501
        0         0         0         1

  0.565486   -0.38153   0.731205    1.21148
 -0.677865   0.290021   0.675564   0.716032
 -0.469813   -0.87768 -0.0946232    1.41524
         0          0          0          1

   0.56531  -0.383756   0.730176     1.2114
 -0.677289   0.289341   0.676433   0.715977
 -0.470855  -0.876934 -0.0963467     1.4154
         0          0          0          1

 0.563498 -0.391204  0.727619   1.21189
-0.676967  0.286141  0.678114  0.715972
-0.473483  -0.87469 -0.103592   1.41487
        0         0         0         1

  0.56395 -0.392784  0.726417   1.21187
-0.675917  0.285824  0.679294  0.715979
-0.474444 -0.874085 -0.104299    1.4149
        0         0         0         1

 0.562763 -0.394894  0.726194   1.21255
-0.674784  0.287968  0.679516   0.71588
-0.477457  -0.87243  -0.10441   1.41521
        0         0         0         1

 0.562209 -0.396284  0.725865   1.21319
-0.674606  0.287937  0.679705   0.71595
 -0.47836 -0.871809 -0.105455   1.41506
        0         0         0         1

 0.562993 -0.397805  0.724424   1.21317
-0.672445  0.289098  0.681351    0.7159
-0.480475 -0.870731 -0.104742   1.41543
        0         0         0         1

  0.56243  -0.39927  0.724055   1.21328
-0.672327  0.288894  0.681555  0.716011
-0.481299 -0.870129 -0.105957   1.41517
        0         0         0         1

 0.562381 -0.401129  0.723065   1.21275
-0.670141  0.291158  0.682743  0.716077
-0.484394 -0.868517 -0.105071    1.4149
        0         0         0         1

 0.562318 -0.401553  0.722879   1.21225
 -0.66912  0.292694  0.683088  0.716053
-0.485878 -0.867805   -0.1041   1.41504
        0         0         0         1

 0.560779 -0.401922  0.723869   1.21215
-0.668736  0.295615  0.682205  0.716055
 -0.48818 -0.866643 -0.103005    1.4152
        0         0         0         1

 0.560291 -0.403101  0.723591   1.21199
-0.668371  0.295966  0.682411  0.716097
-0.489238 -0.865976 -0.103594   1.41516
        0         0         0         1

 0.560141  -0.40703  0.721504    1.2114
 -0.66548  0.297587  0.684528  0.716248
-0.493334 -0.863579 -0.104179   1.41505
        0         0         0         1

 0.559501 -0.409173  0.720788    1.2115
-0.664034  0.299134  0.685258  0.716325
-0.496001  -0.86203 -0.104339   1.41511
        0         0         0         1

 0.561623 -0.412049  0.717492    1.2107
 -0.66011  0.299671  0.688805  0.716471
-0.498833 -0.860472 -0.103696   1.41561
        0         0         0         1

 0.560752  -0.41399  0.717056   1.21094
-0.659398  0.300472  0.689138  0.716583
-0.500751 -0.859261 -0.104494   1.41591
        0         0         0         1

  0.56028 -0.417331  0.715487   1.21133
 -0.65758  0.301137  0.690583  0.716925
-0.503662 -0.857409 -0.105707    1.4163
        0         0         0         1

 0.562099 -0.419204  0.712961   1.21079
 -0.65454  0.301493  0.693311  0.717265
-0.505591  -0.85637 -0.104917   1.41704
        0         0         0         1

 0.561647 -0.423993   0.71048   1.21056
-0.651327  0.302969  0.695689  0.718405
-0.510221 -0.853487 -0.105996   1.41756
        0         0         0         1

 0.563883  -0.42588  0.707575   1.20961
-0.647382  0.304025  0.698903  0.719228
-0.512769 -0.852171 -0.104273   1.41864
        0         0         0         1

 0.565267 -0.427163  0.705695   1.20868
-0.642845  0.307989  0.701351  0.720454
-0.516937 -0.850103 -0.100503   1.42081
        0         0         0         1

  0.564903  -0.427479   0.705795    1.20893
 -0.641585   0.310334   0.701471   0.721571
 -0.518897   -0.84909 -0.0989552    1.42122
         0          0          0          1

  0.565497  -0.426193   0.706097    1.20944
 -0.638481    0.31571   0.701904   0.724385
 -0.522069  -0.847754 -0.0935831    1.42333
         0          0          0          1

  0.566145  -0.424451   0.706627    1.20966
 -0.638008   0.317162   0.701679   0.725713
 -0.521944  -0.848086 -0.0912434    1.42482
         0          0          0          1

  0.567888   -0.42103   0.707274    1.20916
 -0.637909   0.317901   0.701435   0.727805
 -0.520169  -0.849513 -0.0880467    1.42646
         0          0          0          1

  0.569192  -0.416823   0.708716    1.20808
 -0.638399   0.319149   0.700422   0.729498
 -0.518138  -0.851118 -0.0844421    1.42845
         0          0          0          1

  0.569795  -0.410137   0.712124    1.20767
 -0.641144   0.320212   0.697423   0.731535
  -0.51407  -0.853962 -0.0805018     1.4308
         0          0          0          1

 0.570806  -0.40496  0.714275   1.20625
-0.643625  0.319473  0.695473  0.733258
 -0.50983 -0.856706 -0.078285   1.43231
        0         0         0         1

  0.570621  -0.386943   0.724339    1.20529
 -0.654687    0.31813   0.685695   0.737595
 -0.495759  -0.865488 -0.0717947    1.43909
         0          0          0          1

  0.570594  -0.379591    0.72824    1.20507
 -0.659459   0.316694   0.681776   0.739261
 -0.489425  -0.869262 -0.0696207    1.44229
         0          0          0          1

   0.56802  -0.369725   0.735294    1.20647
 -0.666839   0.316879   0.674473   0.741244
 -0.482369  -0.873436 -0.0665537    1.44778
         0          0          0          1

  0.568271  -0.364324   0.737791    1.20529
 -0.672545   0.310944   0.671563    0.74384
 -0.474079  -0.877828 -0.0683239    1.44965
         0          0          0          1

  0.570749  -0.350742   0.742446     1.2023
 -0.682727   0.299655   0.666401   0.748359
 -0.456212  -0.887236 -0.0684335    1.45923
         0          0          0          1

  0.571261  -0.345802   0.744367      1.201
 -0.686987   0.294811   0.664181   0.750403
 -0.449122  -0.890791 -0.0691474    1.46324
         0          0          0          1

  0.570489  -0.340131   0.747565    1.20115
  -0.69386   0.287404    0.66027   0.753348
 -0.439432  -0.895382 -0.0720424     1.4692
         0          0          0          1

  0.573455  -0.336388   0.746989    1.19884
  -0.69526   0.282449   0.660936   0.755012
 -0.433317  -0.898369 -0.0719055    1.47505
         0          0          0          1

   0.57552  -0.330806   0.747893    1.19724
 -0.700995   0.271435   0.659491   0.757944
 -0.421168   -0.90382 -0.0756771    1.48124
         0          0          0          1

  0.575177  -0.327757   0.749498    1.19856
 -0.706195    0.26348   0.657166   0.760718
 -0.412868  -0.907278 -0.0799126    1.48602
         0          0          0          1

  0.578348  -0.320307   0.750278    1.19761
 -0.716232    0.24092   0.654957   0.766955
 -0.390544  -0.916166 -0.0900783    1.49942
         0          0          0          1

  0.582028  -0.316679   0.748971    1.19614
 -0.718621   0.230742   0.656004   0.770012
 -0.380562   -0.92004 -0.0932738    1.50538
         0          0          0          1

 0.580138 -0.313332   0.75184   1.19833
-0.726027  0.219494  0.651695  0.773495
-0.369221 -0.923929 -0.100151   1.51376
        0         0         0         1

 0.584157 -0.310444  0.749924   1.19549
-0.728031  0.208027   0.65322  0.776252
-0.358793  -0.92755 -0.104493   1.52057
        0         0         0         1

 0.589324 -0.304407  0.748354   1.19323
-0.735777  0.180331  0.652773  0.783055
 -0.33366 -0.935317 -0.117702   1.53967
        0         0         0         1

 0.592354 -0.300349  0.747601   1.19106
-0.738611  0.168208  0.652809  0.786163
-0.321823 -0.938881 -0.122202   1.54728
        0         0         0         1

 0.594671 -0.296722   0.74721   1.19006
-0.743546  0.150513  0.651525  0.790691
-0.305787 -0.943028  -0.13112   1.55693
        0         0         0         1

 0.597761 -0.293854  0.745876   1.18927
 -0.74491  0.140277  0.652251  0.793964
-0.296296 -0.945501 -0.135043   1.56622
        0         0         0         1

 0.598173  -0.29014     0.747   1.18872
-0.750424  0.124247  0.649173  0.798752
-0.281163 -0.948884 -0.143407   1.57779
        0         0         0         1

 0.600227 -0.285255  0.747233   1.18766
-0.753478  0.111757  0.647905  0.802738
-0.268326 -0.951914 -0.147854   1.58706
        0         0         0         1

 0.604219 -0.279344  0.746248   1.18728
-0.759348 0.0819547  0.645503  0.812362
-0.241476 -0.956687 -0.162601   1.61124
        0         0         0         1

 0.608831 -0.276153  0.743683   1.18439
-0.759712 0.0669258  0.646806  0.817216
-0.228389 -0.958781  -0.16905   1.62043
        0         0         0         1

  0.61712 -0.271797  0.738437   1.17962
-0.757201 0.0501365  0.651255  0.823448
-0.214032 -0.961048 -0.174864   1.63631
        0         0         0         1

 0.617277 -0.271472  0.738426   1.18009
-0.759772 0.0379693   0.64908  0.827833
-0.204245 -0.961697 -0.182819   1.64757
        0         0         0         1

  0.624069  -0.265653   0.734824    1.17758
 -0.761734 0.00265976   0.647884   0.840632
 -0.174067  -0.964065  -0.200697    1.67627
         0          0          0          1

  0.631223  -0.261575   0.730161    1.17391
 -0.759137 -0.0154189   0.650749   0.846896
 -0.158961   -0.96506  -0.208304     1.6864
         0          0          0          1

  0.633916  -0.257991   0.729103    1.17402
 -0.760529 -0.0366571   0.648268   0.855026
 -0.140521  -0.965452  -0.219447    1.70146
         0          0          0          1

  0.638071  -0.254564   0.726679    1.17271
 -0.759954 -0.0564266   0.647523   0.862175
 -0.123832  -0.965408  -0.229461    1.71161
         0          0          0          1

  0.64408 -0.249856  0.723002   1.16995
-0.757724 -0.078708  0.647812   0.87072
-0.104953 -0.965079 -0.240016   1.72723
        0         0         0         1

  0.649527  -0.244385   0.719994    1.16689
 -0.754684 -0.0919416   0.649614   0.877111
-0.0925586   -0.96531  -0.244152    1.74159
         0          0          0          1

 0.654148  -0.23682  0.718336   1.16513
 -0.75407  -0.13024  0.643751  0.895371
-0.0588969 -0.962784 -0.263775   1.77608
        0         0         0         1

 0.657157 -0.232247  0.717082   1.16218
-0.752299 -0.143002  0.643115  0.902168
-0.0468174 -0.962087 -0.268693   1.79069
        0         0         0         1

 0.660436 -0.227585  0.715562   1.15879
-0.750352 -0.164246  0.640308  0.912856
-0.0281961 -0.959806 -0.279243   1.80868
        0         0         0         1

 0.662083 -0.227073  0.714202   1.15683
-0.749241 -0.179093  0.637624  0.921152
-0.0168784 -0.957269 -0.288706   1.82324
        0         0         0         1

 0.662505 -0.223153  0.715046   1.15421
-0.749047 -0.202414  0.630838  0.933619
0.00396138 -0.953536 -0.301252   1.84179
        0         0         0         1

  0.66165 -0.224418  0.715441   1.15349
-0.749649 -0.217924  0.624928  0.942321
 0.015667 -0.949814 -0.312424   1.85609
        0         0         0         1

 0.664872 -0.219724  0.713909   1.14624
-0.744987 -0.264433   0.61243  0.968726
0.0542154  -0.93904 -0.339505   1.88665
        0         0         0         1

   0.6691 -0.214249   0.71162   1.13915
-0.739848 -0.282506  0.610586  0.978329
0.0702191 -0.935033 -0.347537   1.89928
        0         0         0         1

  0.67236 -0.208096  0.710371   1.13403
-0.735023 -0.301255  0.607443  0.990437
0.0875964  -0.93056 -0.355507   1.92146
        0         0         0         1

 0.668807 -0.212992  0.712272   1.13778
-0.737051 -0.315261  0.597801   1.00128
0.0972245 -0.924795 -0.367835   1.93493
        0         0         0         1

 0.668184 -0.209329  0.713941   1.13274
-0.731734 -0.358404  0.579752    1.0303
  0.13452 -0.909796 -0.392652   1.96798
        0         0         0         1

 0.668575 -0.207556  0.714092   1.13143
-0.728844 -0.373521   0.57382   1.04218
 0.147629 -0.904103 -0.401002   1.98107
        0         0         0         1

 0.672655 -0.197209  0.713193   1.12112
-0.719866 -0.397476   0.56904   1.05856
 0.171257 -0.896171 -0.409328   1.99747
        0         0         0         1

 0.671001 -0.199565  0.714094   1.12184
-0.719008 -0.410325  0.560947   1.06959
 0.181065 -0.889836 -0.418817   2.01188
        0         0         0         1

 0.670173 -0.195772   0.71592   1.11625
-0.713175 -0.436991  0.548106   1.08864
 0.205546 -0.877902 -0.432479   2.02343
        0         0         0         1

 0.671376 -0.193945  0.715289    1.1118
-0.709114 -0.448663  0.543929   1.10032
 0.215432 -0.872403 -0.438751   2.03872
        0         0         0         1

 0.662446 -0.188266  0.725066   1.10532
-0.701867 -0.494271  0.512912   1.13693
 0.261815 -0.848677 -0.459566   2.05705
        0         0         0         1

 0.661288  -0.18975  0.725736   1.10379
-0.700295 -0.502921  0.506613   1.14827
 0.268858 -0.843247 -0.465457    2.0712
        0         0         0         1

 0.659197  -0.18399  0.729114   1.09674
-0.695023 -0.519215  0.497353   1.16485
 0.287059 -0.834604 -0.470142   2.08764
        0         0         0         1

 0.655057 -0.181264  0.733515   1.09166
-0.694745 -0.526138  0.490416   1.17572
 0.297035 -0.830857 -0.470582   2.10105
        0         0         0         1

