  0.184263  -0.442977   0.877393   0.572411
 -0.869172  -0.490224 -0.0649669    1.08882
  0.458898  -0.750635  -0.475353    2.45215
         0          0          0          1

   0.17847  -0.457946   0.870881   0.581916
  -0.87285  -0.482236 -0.0747064    1.06939
  0.454182  -0.746816  -0.485783    2.44455
         0          0          0          1

  0.176994  -0.464568   0.867669   0.584869
 -0.878826  -0.471497 -0.0731796    1.05129
    0.4431  -0.749578  -0.491727    2.45074
         0          0          0          1

  0.170432  -0.501223   0.848368   0.616812
 -0.899819  -0.430059 -0.0733141    1.00793
  0.401595  -0.750883  -0.524306    2.44915
         0          0          0          1

  0.174022  -0.503737   0.846147   0.613894
 -0.905917  -0.418745 -0.0629774   0.989891
  0.386044   -0.75558  -0.529215    2.45206
         0          0          0          1

  0.169131  -0.514757   0.840488   0.620259
 -0.915676  -0.397533 -0.0592081   0.967868
  0.364599  -0.759601  -0.538586    2.44403
         0          0          0          1

  0.171004  -0.515862   0.839431   0.620333
  -0.91888  -0.390952 -0.0530655   0.954448
  0.355551  -0.762262   -0.54087    2.44014
         0          0          0          1

  0.170285  -0.536882   0.826293   0.637115
 -0.928422  -0.368409 -0.0480409   0.921982
  0.330206  -0.758968  -0.561187    2.41837
         0          0          0          1

   0.16881  -0.545899   0.820669   0.645635
 -0.931894  -0.359604 -0.0475154   0.911696
  0.321054  -0.756756  -0.569425     2.4141
         0          0          0          1

  0.169471  -0.549989   0.817797   0.646277
 -0.936979  -0.347168 -0.0393101   0.887267
  0.305533  -0.759596  -0.574163    2.40215
         0          0          0          1

  0.170689  -0.556494    0.81313   0.650118
 -0.939155  -0.341539 -0.0366009    0.87644
  0.298084  -0.757407  -0.580931    2.39612
         0          0          0          1

  0.174972  -0.574745   0.799408   0.659445
 -0.946462  -0.321902 -0.0242774   0.850094
  0.271284  -0.752361  -0.600298     2.3894
         0          0          0          1

  0.176262  -0.577774   0.796938    0.66028
 -0.950535  -0.310269 -0.0147093   0.835772
  0.255764  -0.754924  -0.603883    2.38601
         0          0          0          1

 0.182908 -0.600434  0.778475  0.664054
-0.960683   -0.2774 0.0117618   0.79043
 0.208887 -0.750019 -0.627565   2.36349
        0         0         0         1

 0.183785 -0.606661  0.773425  0.665924
-0.963058 -0.268686 0.0180945  0.780222
 0.196831 -0.748178  -0.63363   2.35522
        0         0         0         1

 0.177723 -0.629173  0.756674  0.677871
-0.968863 -0.246568 0.0225395   0.76103
 0.172391  -0.73712 -0.653403   2.33985
        0         0         0         1

 0.175485 -0.636113  0.751375  0.681064
-0.970566 -0.239656 0.0237846  0.750417
 0.164942 -0.733434 -0.659446   2.33187
        0         0         0         1

 0.172891 -0.646586  0.742991  0.685594
-0.973628 -0.226198 0.0297105  0.728026
 0.148853 -0.728534 -0.668642   2.31538
        0         0         0         1

 0.169156 -0.651475  0.739572  0.689936
-0.975414 -0.218204 0.0308868  0.717091
 0.141255 -0.726613 -0.672369   2.30794
        0         0         0         1

  0.16187 -0.651995  0.740743  0.693734
-0.978736 -0.201911  0.036157  0.676263
  0.12599 -0.730845 -0.670814    2.2762
        0         0         0         1

 0.159919 -0.653039  0.740247  0.695847
-0.979599 -0.197446 0.0374418  0.667375
 0.121708 -0.731133 -0.671291   2.26547
        0         0         0         1

 0.161408 -0.650849  0.741851   0.69463
-0.980695 -0.189862 0.0468028  0.645731
 0.110388 -0.735084 -0.668929   2.24395
        0         0         0         1

 0.161234 -0.649464  0.743101  0.694915
 -0.98152 -0.184156 0.0520138  0.633495
 0.103066 -0.737755 -0.667154   2.23559
        0         0         0         1

 0.157181 -0.650659  0.742925  0.703366
 -0.98477 -0.159875 0.0683283  0.596402
0.0743167 -0.742349 -0.665879   2.20069
        0         0         0         1

 0.158571 -0.647513  0.745374  0.702425
-0.985193 -0.153611 0.0761461  0.584741
0.0651921 -0.746411 -0.662284   2.19056
        0         0         0         1

 0.157858 -0.644296  0.748307  0.705505
-0.986057 -0.143259 0.0846653  0.564849
0.0526521 -0.751239 -0.657927   2.16713
        0         0         0         1

 0.159428 -0.641916  0.750018  0.705604
-0.986172 -0.138373 0.0911969  0.554529
0.0452415 -0.754187   -0.6551   2.15609
        0         0         0         1

 0.163166   -0.6396  0.751191  0.707006
-0.986201 -0.127347  0.105782   0.53453
0.0280036 -0.758086 -0.651553   2.13359
        0         0         0         1

 0.165815 -0.638626   0.75144  0.707255
 -0.98601 -0.120506  0.115162  0.523878
0.0170073 -0.760023 -0.649674   2.12269
        0         0         0         1

  0.171096  -0.641445   0.747846   0.710426
  -0.98502 -0.0948063    0.14404   0.489023
-0.0214934  -0.761288  -0.648057    2.08331
         0          0          0          1

  0.171774  -0.642633    0.74667   0.711735
 -0.984659 -0.0884053   0.150437   0.480792
-0.0306663  -0.761057   -0.64796    2.07159
         0          0          0          1

 0.174155 -0.646081  0.743135  0.714525
-0.983367 -0.074588  0.165607  0.464156
-0.0515663 -0.759616 -0.648324   2.04803
        0         0         0         1

  0.176805  -0.647008   0.741701   0.714869
 -0.982236 -0.0678588   0.174948   0.455134
-0.0628619  -0.759458  -0.647513    2.03706
         0          0          0          1

  0.179605  -0.650115   0.738304   0.719202
 -0.978835 -0.0432561    0.20003   0.426858
 -0.098106  -0.758604  -0.644124     1.9969
         0          0          0          1

  0.180613  -0.648546   0.739437   0.719305
 -0.977724 -0.0366491   0.206672   0.418654
 -0.106937  -0.760292  -0.640718    1.98654
         0          0          0          1

  0.179952  -0.645119   0.742589   0.720641
 -0.976147 -0.0238934   0.215793   0.404039
 -0.121469  -0.763708  -0.634031    1.96352
         0          0          0          1

  0.179732  -0.640895   0.746291   0.720343
 -0.975406 -0.0177077   0.219704   0.397208
 -0.127592  -0.767424  -0.628316    1.95161
         0          0          0          1

    0.17809   -0.634312    0.752285    0.721154
  -0.974004 -0.00486342    0.226477    0.383864
  -0.139998   -0.773062   -0.618689      1.9286
          0           0           0           1

  0.177037   -0.63052   0.755713   0.721314
  -0.97338 0.00139876   0.229195   0.377592
 -0.145569  -0.776172  -0.613487    1.91749
         0          0          0          1

 0.173487 -0.617148  0.767483  0.722261
-0.970759  0.024133  0.238842  0.356636
-0.165923 -0.786477 -0.594915   1.87852
        0         0         0         1

 0.171646 -0.613846   0.77054  0.722772
-0.970191  0.030496  0.240415  0.351337
-0.171076 -0.788837 -0.590313   1.86802
        0         0         0         1

 0.167199 -0.607563  0.776474  0.723947
-0.969361 0.0424467  0.241946  0.341186
-0.179956 -0.793137 -0.581851   1.84644
        0         0         0         1

 0.165902 -0.604041  0.779494  0.723848
-0.968939 0.0471558  0.242763  0.336358
-0.183397 -0.795557 -0.577455   1.83571
        0         0         0         1

 0.161932 -0.600049  0.783402   0.72526
 -0.96654 0.0636028  0.248504  0.320024
-0.198941 -0.797431 -0.569672   1.79915
        0         0         0         1

 0.161313 -0.601839  0.782156  0.725818
-0.965376 0.0684037  0.251735  0.315412
-0.205006 -0.795683 -0.569966    1.7897
        0         0         0         1

 0.160505 -0.605488  0.779502  0.726942
-0.962818 0.0778203  0.258699  0.306366
  -0.2173 -0.792041 -0.570484   1.77038
        0         0         0         1

 0.160693 -0.607303  0.778049  0.727179
 -0.96165 0.0811921  0.261986  0.302155
-0.222277 -0.790311 -0.570966   1.76101
        0         0         0         1

 0.159026 -0.612971  0.773936  0.729044
-0.958858 0.0908302  0.268962  0.294095
-0.235163 -0.784867 -0.573308   1.74312
        0         0         0         1

 0.159545 -0.615322  0.771961  0.729557
 -0.95738 0.0942739  0.273011  0.290401
-0.240765 -0.782618 -0.574056   1.73387
        0         0         0         1

 0.163362 -0.624334  0.763885  0.731203
-0.950587  0.107586  0.291221  0.277612
-0.264002 -0.773713 -0.575909   1.70252
        0         0         0         1

 0.163902 -0.626798  0.761749  0.731781
-0.949068  0.110439  0.295081  0.274262
-0.269083 -0.771316 -0.576772    1.6943
        0         0         0         1

 0.163714 -0.630752  0.758518  0.732815
-0.946547  0.116188  0.300914  0.267677
-0.277933 -0.767236 -0.578015   1.67776
        0         0         0         1

 0.163194 -0.632335  0.757312  0.733305
-0.945467  0.119082  0.303169  0.264647
-0.281886 -0.765488 -0.578418   1.66991
        0         0         0         1

 0.161782 -0.640161  0.751013  0.735158
-0.941219  0.128588  0.312364    0.2544
-0.296534 -0.757403 -0.581729   1.64274
        0         0         0         1

 0.162204 -0.643237  0.748289   0.73525
-0.939631  0.130868  0.316176  0.251339
-0.301303   -0.7544 -0.583178    1.6358
        0         0         0         1

 0.161429  -0.65073  0.741951  0.735969
-0.936879   0.13523  0.322445  0.245649
-0.310158  -0.74717 -0.587825   1.62145
        0         0         0         1

 0.160704 -0.654489  0.738796  0.736397
-0.936017  0.136408  0.324446  0.243087
-0.313124 -0.743665 -0.590691   1.61444
        0         0         0         1

 0.157566 -0.664252  0.730714  0.737783
-0.934178  0.139616  0.328358   0.23807
-0.320132 -0.734355 -0.598531   1.60107
        0         0         0         1

 0.156716 -0.668738  0.726794  0.738312
-0.933128   0.14085  0.330807  0.235669
-0.323592 -0.730035 -0.601945   1.59456
        0         0         0         1

 0.152247 -0.687283  0.710255  0.740762
 -0.92949  0.144711  0.339273  0.227215
-0.335959 -0.711829 -0.616791   1.57319
        0         0         0         1

 0.151364 -0.691723  0.706122  0.741256
-0.928603  0.145338   0.34143  0.224976
-0.338801 -0.707387 -0.620337   1.56738
        0         0         0         1

 0.150123 -0.700453  0.697731  0.742204
-0.926643  0.146343   0.34629  0.220497
-0.344668 -0.698534   -0.6271   1.55586
        0         0         0         1

 0.148826 -0.704351  0.694075  0.742951
-0.925833  0.147331  0.348032  0.218601
-0.347395 -0.694394 -0.630185   1.55051
        0         0         0         1

 0.145492 -0.715622  0.683167  0.745554
 -0.92337  0.149743  0.353505  0.212123
-0.355275 -0.682247 -0.638998   1.53267
        0         0         0         1

 0.145039 -0.718021  0.680742  0.746203
-0.922848  0.149947   0.35478  0.210424
-0.356814 -0.679678 -0.640876   1.52811
        0         0         0         1

 0.143165 -0.722696  0.676176  0.748112
-0.922143  0.150684  0.356295  0.207383
-0.359382  -0.67454 -0.644857   1.51943
        0         0         0         1

 0.143313 -0.723504   0.67528  0.748695
-0.922146  0.150108  0.356532  0.205922
-0.359317 -0.673802 -0.645664   1.51534
        0         0         0         1

 0.142623 -0.724549  0.674306  0.750703
-0.922565  0.149453  0.355722  0.203384
-0.358515 -0.672825 -0.647127   1.50746
        0         0         0         1

 0.143263 -0.724673  0.674037  0.751476
-0.922787  0.148336  0.355613  0.202076
-0.357687 -0.672938 -0.647468   1.50396
        0         0         0         1

 0.146435 -0.725527  0.672434   0.75518
-0.922956    0.1444  0.356792  0.198189
-0.355961 -0.672874 -0.648485   1.49219
        0         0         0         1

 0.147473 -0.726408  0.671255  0.756487
-0.922392  0.143953  0.358429  0.197163
-0.356994 -0.672019 -0.648803   1.48953
        0         0         0         1

 0.150953  -0.72837  0.668349  0.759017
-0.921512  0.141036  0.361834  0.195304
-0.357811 -0.670512 -0.649912   1.48369
        0         0         0         1

 0.152202 -0.733987   0.66189  0.761019
-0.921383  0.136942  0.363731   0.19485
-0.357615 -0.665215  -0.65544   1.48137
        0         0         0         1

 0.155777 -0.774688  0.612856   0.77021
-0.925087  0.103116  0.365487  0.193969
-0.346333  -0.62388 -0.700591   1.47426
        0         0         0         1

 0.156564 -0.790673  0.591882  0.773322
-0.925801 0.0912769  0.366826  0.193962
-0.344065 -0.605396 -0.717715   1.47279
        0         0         0         1

 0.157689 -0.820715  0.549146  0.779722
-0.927241 0.0682097    0.3682  0.193889
-0.339645 -0.567252 -0.750244   1.47023
        0         0         0         1

 0.159896 -0.830257  0.533953  0.782052
-0.927441 0.0588925  0.369302  0.193696
-0.338062  -0.55426 -0.760598   1.46933
        0         0         0         1

 0.163768  -0.83835  0.519951  0.785088
-0.928447 0.0471541   0.36846  0.193074
-0.333416 -0.543089 -0.770641   1.46761
        0         0         0         1

 0.164233 -0.836575  0.522656  0.785386
-0.930181 0.0450093  0.364331  0.192593
-0.328315    -0.546 -0.770775    1.4668
        0         0         0         1

 0.161463 -0.829719  0.534319    0.7854
 -0.93646 0.0420281  0.348247  0.190223
-0.311403 -0.556597 -0.770212   1.46654
        0         0         0         1

 0.159966 -0.826898   0.53912  0.785016
-0.938086 0.0426523  0.343766  0.189407
-0.307254 -0.560732 -0.768879   1.46682
        0         0         0         1

 0.157112 -0.819404  0.551265  0.783534
-0.941199 0.0448204  0.334867  0.187474
-0.299099 -0.571462  -0.76418   1.46721
        0         0         0         1

 0.155203 -0.815753  0.557188  0.782784
-0.942257 0.0471895   0.33155  0.186432
-0.296757 -0.576472 -0.761325   1.46749
        0         0         0         1

  0.14734 -0.800841   0.58047  0.778871
-0.945019 0.0592408  0.321604  0.182316
-0.291941  -0.59594 -0.748081   1.46839
        0         0         0         1

 0.144751 -0.795552   0.58834  0.777335
-0.945401 0.0642713  0.319508  0.181073
-0.291999 -0.602466 -0.742813   1.46845
        0         0         0         1

  0.13786 -0.782502  0.607194  0.773569
-0.946166   0.07722  0.314337  0.178347
-0.292857 -0.617841 -0.729731   1.46842
        0         0         0         1

 0.132967 -0.773471  0.619728  0.771193
-0.946745 0.0858825  0.310319  0.176936
-0.293246 -0.627987  -0.72086   1.46811
        0         0         0         1

 0.122279 -0.754613  0.644676  0.766129
-0.947832  0.103877  0.301371  0.174275
-0.294385 -0.647896 -0.702544   1.46739
        0         0         0         1

 0.117243 -0.745383  0.656246   0.76381
-0.948216    0.1124  0.297072  0.173339
-0.295195 -0.657093 -0.693606   1.46673
        0         0         0         1

 0.102782 -0.715648  0.690858  0.756336
-0.948137  0.139534  0.285599  0.170761
-0.300786 -0.684382  -0.66419   1.46386
        0         0         0         1

 0.100023 -0.707908  0.699186  0.754617
-0.947576  0.146553  0.283939  0.170418
 -0.30347 -0.690933 -0.656138   1.46286
        0         0         0         1

0.0964671 -0.691637  0.715774  0.751051
 -0.94586  0.160208  0.282282  0.169559
-0.309909 -0.704253 -0.638737   1.46088
        0         0         0         1

0.0944602 -0.682685  0.724582  0.749727
-0.945352  0.166644  0.280249  0.169564
-0.312069 -0.711457 -0.629636   1.45978
        0         0         0         1

0.0933528 -0.643227  0.759963  0.744856
-0.942821  0.188184  0.275092  0.169533
-0.319959  -0.74219  -0.58888   1.45541
        0         0         0         1

0.0934648 -0.632171  0.769171  0.743934
-0.942366  0.193115  0.273229  0.169829
-0.321265 -0.750377 -0.577687   1.45447
        0         0         0         1

0.0936831 -0.609325  0.787367  0.742354
-0.941024  0.204056   0.26988   0.17071
-0.325111 -0.766215 -0.554273   1.45274
        0         0         0         1

 0.096569 -0.595093  0.797834  0.741333
 -0.93981  0.209448  0.269978   0.17107
-0.327767 -0.775884 -0.539049   1.45148
        0         0         0         1

 0.103491  -0.56654  0.817509  0.739975
-0.937317  0.219425   0.27072  0.172029
-0.332756 -0.794283  -0.50832   1.44921
        0         0         0         1

  0.10689  -0.55545  0.824651  0.740106
-0.936211  0.223048  0.271587  0.172784
 -0.33479 -0.801077 -0.496177   1.44839
        0         0         0         1

 0.121919 -0.527037  0.841051  0.741955
-0.932702  0.228936  0.278666  0.175681
-0.339414 -0.818425 -0.463657   1.44639
        0         0         0         1

 0.124266 -0.527641  0.840329  0.743092
-0.932244  0.227959  0.280993  0.176632
-0.339824 -0.818309 -0.463563   1.44655
        0         0         0         1

 0.127555 -0.533537  0.836103  0.745754
-0.930431  0.227626    0.2872  0.178588
-0.343551  -0.81457 -0.467384   1.44762
        0         0         0         1

 0.130402 -0.534835  0.834834  0.746903
-0.929001  0.228226  0.291324  0.179537
-0.346341 -0.813551 -0.467101   1.44805
        0         0         0         1

 0.136302 -0.533662  0.834641  0.749143
-0.926144   0.23044  0.298587  0.181667
-0.351679 -0.813696 -0.462839   1.44879
        0         0         0         1

 0.138822 -0.531506  0.835602  0.749994
-0.924943  0.231899  0.301171  0.182754
-0.353849 -0.814693 -0.459419   1.44922
        0         0         0         1

 0.149549 -0.512837   0.84536  0.752287
-0.921482  0.237686  0.307208  0.187575
-0.358478 -0.824926 -0.437024   1.45035
        0         0         0         1

 0.152652 -0.507191  0.848207  0.752646
-0.920775  0.238769  0.308486  0.188897
-0.358987 -0.828098  -0.43056   1.45093
        0         0         0         1

 0.157671 -0.497983  0.852733  0.753366
-0.920136  0.239371  0.309923  0.191664
-0.358456 -0.833496  -0.42047    1.4523
        0         0         0         1

 0.159093 -0.495895  0.853685  0.753993
-0.920223  0.238722  0.310164  0.193266
-0.357603 -0.834925 -0.418355   1.45323
        0         0         0         1

 0.167205 -0.488026  0.856664  0.756061
-0.920039  0.235063  0.313486  0.198797
 -0.35436 -0.840581 -0.409699   1.45685
        0         0         0         1

 0.171963 -0.484038  0.857984  0.756499
-0.920644  0.230911  0.314792  0.200386
 -0.35049  -0.84403 -0.405918   1.45753
        0         0         0         1

 0.175204 -0.494705  0.851217  0.758637
-0.922961  0.218424  0.316913  0.204193
-0.342705 -0.841165 -0.418324   1.45965
        0         0         0         1

 0.173204 -0.511445   0.84168  0.760209
 -0.92316  0.213479  0.319691  0.206236
-0.343185 -0.832377  -0.43517   1.46218
        0         0         0         1

 0.173654 -0.534543  0.827108  0.762336
-0.922595  0.205475  0.326496  0.210686
-0.344476 -0.819783 -0.457485   1.46579
        0         0         0         1

 0.175616 -0.538215  0.824308   0.76248
 -0.92259  0.202177  0.328562  0.213123
-0.343493 -0.818199 -0.461046   1.46662
        0         0         0         1

 0.179137 -0.541777  0.821211   0.76182
-0.923788  0.194497  0.329828  0.222774
-0.338416  -0.81771 -0.465645   1.47027
        0         0         0         1

 0.180434 -0.537491   0.82374  0.760582
-0.924494  0.193235  0.328589  0.225398
-0.335789 -0.820831 -0.462041   1.47098
        0         0         0         1

 0.182338 -0.526405  0.830452  0.758362
-0.926192  0.191546  0.324776  0.231271
-0.330033 -0.828377 -0.452625   1.47291
        0         0         0         1

 0.183628 -0.519837  0.834296  0.757197
-0.927106  0.190518  0.322764  0.234361
-0.326734  -0.83275  -0.44696   1.47404
        0         0         0         1

 0.189829 -0.498392  0.845914  0.753145
-0.930883  0.182538  0.316443  0.245536
-0.312124 -0.847517 -0.429294   1.47909
        0         0         0         1

 0.192757 -0.493067  0.848369   0.75198
-0.932137  0.178082   0.31529  0.248701
-0.306539  -0.85157 -0.425279   1.48098
        0         0         0         1

 0.198496 -0.484949  0.851718  0.750086
-0.934594  0.168071  0.313507  0.255604
-0.295184 -0.858241 -0.419869   1.48513
        0         0         0         1

   0.2006 -0.484039  0.851743  0.749709
 -0.93565  0.163036  0.313014  0.259287
-0.290376 -0.859724 -0.420186   1.48748
        0         0         0         1

  0.20583 -0.484175  0.850417  0.748258
-0.937104  0.152822  0.313818   0.26654
-0.281905 -0.861522 -0.422267    1.4928
        0         0         0         1

 0.208124 -0.485575  0.849059  0.747765
-0.937727  0.147777  0.314372   0.27033
-0.278123 -0.861614 -0.424581   1.49554
        0         0         0         1

 0.216691 -0.492391  0.842969  0.745338
-0.939887   0.12822    0.3165  0.284121
-0.263927 -0.860878 -0.435008   1.50678
        0         0         0         1

 0.220818 -0.493814  0.841063  0.743829
 -0.94027  0.121302  0.318085  0.287835
-0.259098 -0.861065 -0.437533   1.50998
        0         0         0         1

  0.22917 -0.495606  0.837769  0.740628
-0.941179  0.106744  0.320605  0.295802
 -0.24832 -0.861963 -0.441991   1.51728
        0         0         0         1

 0.233297 -0.495179  0.836881  0.738886
-0.941646  0.099706  0.321498  0.299802
-0.242641 -0.863051 -0.443022   1.52103
        0         0         0         1

 0.250142 -0.489423  0.835401  0.730984
-0.942212  0.075551  0.326386   0.31429
-0.222856 -0.868768 -0.442242   1.53564
        0         0         0         1

 0.254622 -0.487181  0.835358  0.728935
-0.942549 0.0681537  0.327042  0.318906
-0.216261 -0.870638 -0.441838   1.53978
        0         0         0         1

 0.264734 -0.484703  0.833654  0.724378
  -0.9426 0.0523869  0.329789  0.328192
-0.203522 -0.873109 -0.443012   1.54891
        0         0         0         1

 0.269774 -0.485041   0.83184   0.72231
 -0.94257 0.0436609  0.331143  0.332978
-0.196937 -0.873401 -0.445406   1.55376
        0         0         0         1

  0.288778   -0.49097   0.821922   0.714939
 -0.941611 0.00959955   0.336565    0.35135
 -0.173133  -0.871123  -0.459531    1.57177
         0          0          0          1

    0.294527    -0.493773     0.818194     0.712876
   -0.940907 -5.73776e-05     0.338666     0.356884
   -0.167177    -0.869591    -0.464611      1.57747
           0            0            0            1

  0.307843  -0.499736   0.809627   0.708164
 -0.938535 -0.0198363   0.344613   0.368087
 -0.156156  -0.865951  -0.475126    1.58967
         0          0          0          1

 0.313989 -0.501913  0.805912  0.706089
-0.937404 -0.029233  0.347014   0.37409
-0.150611 -0.864424 -0.479674   1.59563
        0         0         0         1

  0.328124  -0.504018   0.798937   0.700571
 -0.934512 -0.0497102   0.352444   0.386609
 -0.137923  -0.862261  -0.487322    1.60757
         0          0          0          1

  0.334458  -0.503511   0.796627   0.697742
 -0.933257 -0.0594269    0.35426   0.393234
 -0.131033  -0.861943  -0.489781    1.61327
         0          0          0          1

  0.359737  -0.499012   0.788401   0.686741
 -0.926534 -0.0913351   0.364956   0.417225
 -0.110109  -0.861769  -0.495208    1.63538
         0          0          0          1

   0.36544  -0.497005   0.787045   0.683966
 -0.924984 -0.0992405   0.366819   0.424195
 -0.104204  -0.862054  -0.495988    1.64142
         0          0          0          1

 0.378724 -0.491406  0.784276  0.677497
-0.921173 -0.118207  0.370766  0.440625
-0.0894892 -0.862872 -0.497438    1.6543
        0         0         0         1

 0.385497  -0.48934  0.782265   0.67422
-0.918815  -0.12577  0.374114  0.447844
-0.0846832 -0.862976 -0.498097   1.66108
        0         0         0         1

 0.410298 -0.482753  0.773696  0.662672
-0.909772 -0.158059  0.383838  0.477865
-0.0630095 -0.861375 -0.504046   1.68523
        0         0         0         1

 0.416915 -0.482269  0.770453  0.659976
-0.907124 -0.167128  0.386257  0.487195
-0.0575156 -0.859933 -0.507156   1.69212
        0         0         0         1

 0.432045 -0.479941   0.76354   0.65311
-0.900659 -0.186084  0.392666  0.506044
-0.046374 -0.857339  -0.51266   1.70591
        0         0         0         1

 0.439409 -0.478445   0.76027  0.649583
-0.897346  -0.19506  0.395881  0.515654
-0.0411091 -0.856179 -0.515042   1.71283
        0         0         0         1

 0.453522 -0.477948  0.752252  0.643642
-0.890672  -0.21279  0.401776  0.536128
-0.0319562 -0.852224   -0.5222   1.72686
        0         0         0         1

  0.46081  -0.47563  0.749286  0.639909
-0.887115 -0.222022   0.40464  0.546887
-0.026101 -0.851165 -0.524248   1.73302
        0         0         0         1

 0.485865 -0.468191   0.73806  0.627508
-0.874008 -0.253751  0.414391  0.587006
-0.00673066 -0.846408 -0.532492   1.75419
        0         0         0         1

 0.492618 -0.467176  0.734217  0.624598
-0.870236 -0.260493   0.41813  0.598425
-0.00408215  -0.84492 -0.534877     1.761
        0         0         0         1

 0.506141 -0.462892  0.727704  0.618033
-0.862414 -0.279452  0.422077  0.624155
0.00798232 -0.841212 -0.540646   1.77148
        0         0         0         1

  0.51245 -0.461934  0.723887  0.614972
-0.858633 -0.287462    0.4244  0.637066
0.0120449 -0.839037 -0.543941   1.77714
        0         0         0         1

 0.525268 -0.456917  0.717858  0.608145
-0.850691 -0.302265  0.430071  0.663388
0.0204764 -0.836578 -0.547466   1.78856
        0         0         0         1

 0.532866 -0.455452  0.713174  0.604393
-0.845878 -0.309939  0.434084  0.676517
0.0233363 -0.834566 -0.550413   1.79468
        0         0         0         1

 0.555461 -0.444109  0.703015   0.59087
-0.830486 -0.338896   0.44209  0.726812
0.0419127 -0.829408 -0.557069   1.80942
        0         0         0         1

 0.562056 -0.440789  0.699856  0.587024
-0.825782 -0.346791  0.444769  0.741424
0.0466549 -0.827914 -0.558911   1.81277
        0         0         0         1

 0.570435 -0.437655  0.695026  0.582685
-0.819375 -0.361769  0.444689  0.773523
0.0568185 -0.823154 -0.564969   1.81954
        0         0         0         1

 0.574352 -0.435484  0.693162  0.580606
-0.816229 -0.369178  0.444386  0.789536
0.0623772 -0.821013 -0.567492   1.82219
        0         0         0         1

 0.586796 -0.425682  0.688815  0.571041
-0.805051 -0.398061  0.439818  0.849044
0.0869677 -0.812615 -0.576276   1.82902
        0         0         0         1

 0.591509 -0.423261   0.68627  0.567307
-0.801036 -0.405562  0.440296  0.864509
0.0919654 -0.810166 -0.578941   1.83148
        0         0         0         1

 0.599126 -0.416699  0.683674  0.560371
-0.793772 -0.420856  0.439096  0.896888
 0.104757 -0.805755  -0.58291   1.83532
        0         0         0         1

 0.601962 -0.414852  0.682305  0.556969
-0.790869 -0.427768  0.437653  0.913937
 0.110307 -0.803064 -0.585594   1.83719
        0         0         0         1

 0.606978 -0.409946  0.680824   0.54825
-0.785467 -0.439793  0.435458  0.946046
 0.120908 -0.799079 -0.588944   1.84105
        0         0         0         1

 0.608945  -0.40773  0.680398  0.544649
-0.782759 -0.447688  0.432278  0.962158
 0.128354 -0.795821 -0.591772   1.84245
        0         0         0         1

   0.6065 -0.402002  0.685968  0.539313
-0.779782 -0.469199  0.414479   1.02632
 0.155234 -0.786287 -0.598043   1.84417
        0         0         0         1

 0.608343 -0.396591  0.687484  0.531818
-0.776911 -0.474647  0.413666    1.0417
 0.162256 -0.785765 -0.596864    1.8449
        0         0         0         1

 0.605182 -0.389525   0.69428  0.522584
-0.774934 -0.487952  0.401721   1.07793
 0.182295 -0.781136 -0.597156   1.84003
        0         0         0         1

 0.604181   -0.3844  0.697999  0.518047
-0.773673 -0.492699  0.398345   1.09447
 0.190779 -0.780695 -0.595079   1.83902
        0         0         0         1

  0.59984 -0.384921  0.701447  0.507708
-0.771029 -0.512324  0.378204   1.15875
 0.213789 -0.767698 -0.604097   1.83231
        0         0         0         1

 0.597157 -0.387326  0.702411  0.508254
-0.771751 -0.516129    0.3715   1.17636
 0.218643  -0.76393 -0.607129   1.82958
        0         0         0         1

