 0.249922  -0.80781  0.533837  0.616936
-0.751058 -0.509698 -0.419667   1.07906
 0.611106 -0.296059 -0.734097   2.91932
        0         0         0         1

 0.249922  -0.80781  0.533837  0.616936
-0.751058 -0.509698 -0.419667   1.07906
 0.611106 -0.296059 -0.734097   2.91932
        0         0         0         1

 0.235433 -0.823389  0.516334  0.637749
-0.753825 -0.490038 -0.437734   1.05899
 0.613449 -0.286169 -0.736062   2.92872
        0         0         0         1

 0.235433 -0.823389  0.516334  0.637749
-0.753825 -0.490038 -0.437734   1.05899
 0.613449 -0.286169 -0.736062   2.92872
        0         0         0         1

 0.222026 -0.826908  0.516651   0.64364
-0.753988 -0.481577 -0.446751   1.04055
 0.618229 -0.290358 -0.730401    2.9293
        0         0         0         1

 0.222026 -0.826908  0.516651   0.64364
-0.753988 -0.481577 -0.446751   1.04055
 0.618229 -0.290358 -0.730401    2.9293
        0         0         0         1

 0.210547 -0.822142  0.528917  0.634235
-0.751506 -0.482153 -0.450298  0.989893
 0.625227 -0.302675  -0.71936    2.9336
        0         0         0         1

 0.210547 -0.822142  0.528917  0.634235
-0.751506 -0.482153 -0.450298  0.989893
 0.625227 -0.302675  -0.71936    2.9336
        0         0         0         1

  0.20017  -0.81833  0.538766  0.633099
-0.747268 -0.483158 -0.456233  0.973297
 0.633658 -0.311278 -0.708225    2.9221
        0         0         0         1

  0.20017  -0.81833  0.538766  0.633099
-0.747268 -0.483158 -0.456233  0.973297
 0.633658 -0.311278 -0.708225    2.9221
        0         0         0         1

  0.19025 -0.816488  0.545116  0.645728
-0.749837 -0.479253 -0.456137   0.93281
 0.633679 -0.321968 -0.703411   2.91426
        0         0         0         1

  0.19025 -0.816488  0.545116  0.645728
-0.749837 -0.479253 -0.456137   0.93281
 0.633679 -0.321968 -0.703411   2.91426
        0         0         0         1

 0.186558 -0.815396  0.548019  0.653844
-0.750774 -0.478109 -0.455797  0.907982
 0.633668 -0.326406 -0.701373   2.90988
        0         0         0         1

 0.186558 -0.815396  0.548019  0.653844
-0.750774 -0.478109 -0.455797  0.907982
 0.633668 -0.326406 -0.701373   2.90988
        0         0         0         1

  0.18354 -0.812967  0.552628  0.652406
-0.754227 -0.477007 -0.451226  0.874211
 0.630439 -0.333989 -0.700712   2.90844
        0         0         0         1

  0.18354 -0.812967  0.552628  0.652406
-0.754227 -0.477007 -0.451226  0.874211
 0.630439 -0.333989 -0.700712   2.90844
        0         0         0         1

 0.178206 -0.807908  0.561718   0.65672
-0.759853 -0.475688 -0.443108  0.826812
 0.625193 -0.347859 -0.698662    2.8905
        0         0         0         1

 0.178206 -0.807908  0.561718   0.65672
-0.759853 -0.475688 -0.443108  0.826812
 0.625193 -0.347859 -0.698662    2.8905
        0         0         0         1

 0.179645 -0.804851  0.565635  0.667344
-0.758369 -0.479543 -0.441492  0.812214
 0.626582 -0.349648 -0.696521   2.86577
        0         0         0         1

 0.179645 -0.804851  0.565635  0.667344
-0.758369 -0.479543 -0.441492  0.812214
 0.626582 -0.349648 -0.696521   2.86577
        0         0         0         1

 0.173297 -0.791725  0.585781  0.665859
-0.769227 -0.480234 -0.421503  0.766233
 0.615027 -0.377553  -0.69224   2.84329
        0         0         0         1

 0.173297 -0.791725  0.585781  0.665859
-0.769227 -0.480234 -0.421503  0.766233
 0.615027 -0.377553  -0.69224   2.84329
        0         0         0         1

 0.182659 -0.778431  0.600567  0.667586
 -0.77772 -0.488101 -0.396118   0.72683
 0.601488 -0.394719 -0.694557   2.82582
        0         0         0         1

 0.182659 -0.778431  0.600567  0.667586
 -0.77772 -0.488101 -0.396118   0.72683
 0.601488 -0.394719 -0.694557   2.82582
        0         0         0         1

 0.187592 -0.760105  0.622133  0.658423
-0.795268 -0.489277 -0.357989  0.681629
 0.576505 -0.427607 -0.696272   2.80733
        0         0         0         1

 0.187592 -0.760105  0.622133  0.658423
-0.795268 -0.489277 -0.357989  0.681629
 0.576505 -0.427607 -0.696272   2.80733
        0         0         0         1

  0.19013 -0.755992   0.62636  0.665867
-0.810984 -0.480512 -0.333787  0.642032
 0.553313 -0.444505 -0.704457   2.76728
        0         0         0         1

  0.19013 -0.755992   0.62636  0.665867
-0.810984 -0.480512 -0.333787  0.642032
 0.553313 -0.444505 -0.704457   2.76728
        0         0         0         1

 0.198152 -0.752145  0.628501  0.671907
-0.821181 -0.477486 -0.312521  0.615061
 0.535162 -0.454186 -0.712262   2.73786
        0         0         0         1

 0.198152 -0.752145  0.628501  0.671907
-0.821181 -0.477486 -0.312521  0.615061
 0.535162 -0.454186 -0.712262   2.73786
        0         0         0         1

 0.204401 -0.741355  0.639228  0.671633
-0.837616 -0.470398 -0.277714  0.568333
 0.506576 -0.478662 -0.717121   2.69103
        0         0         0         1

 0.204401 -0.741355  0.639228  0.671633
-0.837616 -0.470398 -0.277714  0.568333
 0.506576 -0.478662 -0.717121   2.69103
        0         0         0         1

 0.201767 -0.726933  0.656398  0.662023
-0.849091 -0.463872 -0.252721  0.526863
 0.488196 -0.506351 -0.710826   2.66443
        0         0         0         1

 0.201767 -0.726933  0.656398  0.662023
-0.849091 -0.463872 -0.252721  0.526863
 0.488196 -0.506351 -0.710826   2.66443
        0         0         0         1

 0.205168 -0.727713  0.654476   0.67589
-0.853289 -0.460527 -0.244568  0.504248
 0.479379 -0.508279 -0.715435   2.63129
        0         0         0         1

 0.205168 -0.727713  0.654476   0.67589
-0.853289 -0.460527 -0.244568  0.504248
 0.479379 -0.508279 -0.715435   2.63129
        0         0         0         1

 0.213815 -0.710342  0.670595  0.672393
-0.863977 -0.457866  -0.20953  0.457816
  0.45588 -0.534578 -0.711618   2.57751
        0         0         0         1

 0.213815 -0.710342  0.670595  0.672393
-0.863977 -0.457866  -0.20953  0.457816
  0.45588 -0.534578 -0.711618   2.57751
        0         0         0         1

 0.218566 -0.698328  0.681592  0.672695
-0.867191 -0.459276 -0.192471  0.434306
 0.447447 -0.549003 -0.705966    2.5373
        0         0         0         1

 0.218566 -0.698328  0.681592  0.672695
-0.867191 -0.459276 -0.192471  0.434306
 0.447447 -0.549003 -0.705966    2.5373
        0         0         0         1

 0.228669 -0.680152  0.696494  0.672984
-0.879844 -0.450586 -0.151149  0.390019
 0.416635 -0.578243 -0.701463   2.48257
        0         0         0         1

 0.228669 -0.680152  0.696494  0.672984
-0.879844 -0.450586 -0.151149  0.390019
 0.416635 -0.578243 -0.701463   2.48257
        0         0         0         1

 0.226235 -0.668622  0.708352   0.67294
-0.886992 -0.441953 -0.133877  0.366477
 0.402571 -0.598015 -0.693048   2.43999
        0         0         0         1

 0.226235 -0.668622  0.708352   0.67294
-0.886992 -0.441953 -0.133877  0.366477
 0.402571 -0.598015 -0.693048   2.43999
        0         0         0         1

 0.230865 -0.661925  0.713132  0.677162
-0.895085 -0.431842 -0.111064  0.341848
 0.381476 -0.612673 -0.692176   2.40214
        0         0         0         1

 0.230865 -0.661925  0.713132  0.677162
-0.895085 -0.431842 -0.111064  0.341848
 0.381476 -0.612673 -0.692176   2.40214
        0         0         0         1

  0.232564  -0.650244   0.723254   0.679081
 -0.905532  -0.416096 -0.0829164   0.313065
  0.354859  -0.635647  -0.685586     2.3376
         0          0          0          1

  0.232564  -0.650244   0.723254   0.679081
 -0.905532  -0.416096 -0.0829164   0.313065
  0.354859  -0.635647  -0.685586     2.3376
         0          0          0          1

  0.236263  -0.644893   0.726837   0.679614
 -0.913594  -0.402195 -0.0598815   0.293216
  0.330947  -0.649886  -0.684194    2.29603
         0          0          0          1

  0.236263  -0.644893   0.726837   0.679614
 -0.913594  -0.402195 -0.0598815   0.293216
  0.330947  -0.649886  -0.684194    2.29603
         0          0          0          1

 0.240228  -0.64491  0.725522  0.683946
 -0.92552 -0.377573 -0.029172  0.265357
 0.292751 -0.664477  -0.68758   2.23588
        0         0         0         1

 0.240228  -0.64491  0.725522  0.683946
 -0.92552 -0.377573 -0.029172  0.265357
 0.292751 -0.664477  -0.68758   2.23588
        0         0         0         1

  0.240852  -0.643268   0.726771   0.683865
 -0.932117  -0.361976 -0.0114835   0.249374
  0.270461   -0.67467  -0.686784    2.19442
         0          0          0          1

  0.240852  -0.643268   0.726771   0.683865
 -0.932117  -0.361976 -0.0114835   0.249374
  0.270461   -0.67467  -0.686784    2.19442
         0          0          0          1

  0.244479  -0.649385    0.72009   0.686281
 -0.938998  -0.343812 0.00874694   0.233905
  0.241895  -0.678301  -0.693826    2.15569
         0          0          0          1

  0.244479  -0.649385    0.72009   0.686281
 -0.938998  -0.343812 0.00874694   0.233905
  0.241895  -0.678301  -0.693826    2.15569
         0          0          0          1

 0.244182 -0.653741  0.716239  0.687188
-0.947007  -0.31971 0.0310432  0.216497
 0.208694 -0.685863 -0.697164   2.09552
        0         0         0         1

 0.244182 -0.653741  0.716239  0.687188
-0.947007  -0.31971 0.0310432  0.216497
 0.208694 -0.685863 -0.697164   2.09552
        0         0         0         1

 0.247944 -0.660252  0.708937  0.687807
-0.952068 -0.301383 0.0522901  0.203461
 0.179137 -0.687921 -0.703331   2.05901
        0         0         0         1

 0.247944 -0.660252  0.708937  0.687807
-0.952068 -0.301383 0.0522901  0.203461
 0.179137 -0.687921 -0.703331   2.05901
        0         0         0         1

 0.246988 -0.668297  0.701695  0.690361
-0.958896 -0.272954  0.077557   0.18933
   0.1397 -0.692008 -0.708243   2.00497
        0         0         0         1

 0.246988 -0.668297  0.701695  0.690361
-0.958896 -0.272954  0.077557   0.18933
   0.1397 -0.692008 -0.708243   2.00497
        0         0         0         1

 0.247844 -0.673045  0.696838  0.690762
-0.962036 -0.255829 0.0950725  0.180337
 0.114283 -0.693947 -0.710899   1.97014
        0         0         0         1

 0.247844 -0.673045  0.696838  0.690762
-0.962036 -0.255829 0.0950725  0.180337
 0.114283 -0.693947 -0.710899   1.97014
        0         0         0         1

 0.247984 -0.677498  0.692459  0.691628
 -0.96438 -0.240566  0.109996  0.173526
0.0920603 -0.695071 -0.713022    1.9363
        0         0         0         1

 0.247984 -0.677498  0.692459  0.691628
 -0.96438 -0.240566  0.109996  0.173526
0.0920603 -0.695071 -0.713022    1.9363
        0         0         0         1

 0.247122 -0.678484  0.691802   0.69238
-0.967203 -0.215986  0.133671  0.163893
0.0587264 -0.702146 -0.709607   1.88847
        0         0         0         1

 0.247122 -0.678484  0.691802   0.69238
-0.967203 -0.215986  0.133671  0.163893
0.0587264 -0.702146 -0.709607   1.88847
        0         0         0         1

 0.245639 -0.679194  0.691633   0.69374
 -0.96861  -0.20006  0.147548  0.159136
0.0381546 -0.706167 -0.707017   1.85856
        0         0         0         1

 0.245639 -0.679194  0.691633   0.69374
 -0.96861  -0.20006  0.147548  0.159136
0.0381546 -0.706167 -0.707017   1.85856
        0         0         0         1

 0.244638 -0.682013   0.68921  0.696003
-0.969556 -0.179902  0.166124  0.153732
0.0106917 -0.708867 -0.705261   1.81671
        0         0         0         1

 0.244638 -0.682013   0.68921  0.696003
-0.969556 -0.179902  0.166124  0.153732
0.0106917 -0.708867 -0.705261   1.81671
        0         0         0         1

 0.244824 -0.683191  0.687976   0.69718
-0.969546 -0.167776  0.178414  0.150738
-0.00646505 -0.710704 -0.703461    1.7905
        0         0         0         1

 0.244824 -0.683191  0.687976   0.69718
-0.969546 -0.167776  0.178414  0.150738
-0.00646505 -0.710704 -0.703461    1.7905
        0         0         0         1

 0.245693 -0.685068  0.685796  0.698568
-0.969086 -0.157146  0.190205  0.148406
-0.0225335 -0.711327   -0.7025   1.76598
        0         0         0         1

 0.245693 -0.685068  0.685796  0.698568
-0.969086 -0.157146  0.190205  0.148406
-0.0225335 -0.711327   -0.7025   1.76598
        0         0         0         1

 0.246971  -0.68792  0.682474  0.700668
-0.968011 -0.142968   0.20619  0.145938
-0.0442705 -0.711566 -0.701223   1.73175
        0         0         0         1

 0.246971  -0.68792  0.682474  0.700668
-0.968011 -0.142968   0.20619  0.145938
-0.0442705 -0.711566 -0.701223   1.73175
        0         0         0         1

 0.247226 -0.689943  0.680337  0.702345
-0.967344 -0.135236  0.214375  0.144764
-0.0558999 -0.711119 -0.700846   1.71149
        0         0         0         1

 0.247226 -0.689943  0.680337  0.702345
-0.967344 -0.135236  0.214375  0.144764
-0.0558999 -0.711119 -0.700846   1.71149
        0         0         0         1

 0.249235 -0.692193  0.677312  0.704379
-0.965774 -0.125758  0.226861  0.143449
-0.0718536 -0.710671 -0.699845   1.68363
        0         0         0         1

 0.249235 -0.692193  0.677312  0.704379
-0.965774 -0.125758  0.226861  0.143449
-0.0718536 -0.710671 -0.699845   1.68363
        0         0         0         1

  0.24903 -0.693985  0.675551  0.705872
-0.965044 -0.118966  0.233533  0.143152
-0.0817007 -0.710093 -0.699352   1.66695
        0         0         0         1

  0.24903 -0.693985  0.675551  0.705872
-0.965044 -0.118966  0.233533  0.143152
-0.0817007 -0.710093 -0.699352   1.66695
        0         0         0         1

 0.249031 -0.694685   0.67483  0.707238
-0.964221 -0.112445  0.240072  0.143124
-0.0908932  -0.71047 -0.697832   1.65169
        0         0         0         1

 0.249031 -0.694685   0.67483  0.707238
-0.964221 -0.112445  0.240072  0.143124
-0.0908932  -0.71047 -0.697832   1.65169
        0         0         0         1

 0.248423 -0.692498  0.677298  0.709012
-0.963091 -0.101763  0.249201  0.143602
-0.103647 -0.714206 -0.692219    1.6305
        0         0         0         1

 0.248423 -0.692498  0.677298  0.709012
-0.963091 -0.101763  0.249201  0.143602
-0.103647 -0.714206 -0.692219    1.6305
        0         0         0         1

  0.248039  -0.690854   0.679116   0.709964
 -0.962249 -0.0946191   0.255195   0.143902
 -0.112045  -0.716776  -0.688242    1.61777
         0          0          0          1

  0.248039  -0.690854   0.679116   0.709964
 -0.962249 -0.0946191   0.255195   0.143902
 -0.112045  -0.716776  -0.688242    1.61777
         0          0          0          1

  0.244725  -0.689679   0.681507   0.711249
 -0.961596 -0.0825516   0.261762   0.144805
 -0.124272  -0.719394  -0.683395    1.60027
         0          0          0          1

  0.244725  -0.689679   0.681507   0.711249
 -0.961596 -0.0825516   0.261762   0.144805
 -0.124272  -0.719394  -0.683395    1.60027
         0          0          0          1

  0.242705  -0.689312   0.682601   0.711357
  -0.96096 -0.0744671   0.266479   0.145298
 -0.132855  -0.720628  -0.680474    1.58965
         0          0          0          1

  0.242705  -0.689312   0.682601   0.711357
  -0.96096 -0.0744671   0.266479   0.145298
 -0.132855  -0.720628  -0.680474    1.58965
         0          0          0          1

  0.238003  -0.688836   0.684733   0.711689
 -0.961238 -0.0660138   0.267702   0.146787
 -0.139201  -0.721905  -0.677846    1.57922
         0          0          0          1

  0.238003  -0.688836   0.684733   0.711689
 -0.961238 -0.0660138   0.267702   0.146787
 -0.139201  -0.721905  -0.677846    1.57922
         0          0          0          1

  0.231294  -0.691055   0.684797   0.712273
 -0.961015 -0.0526756   0.271432    0.14904
 -0.151502  -0.720881  -0.676298    1.56508
         0          0          0          1

  0.231294  -0.691055   0.684797   0.712273
 -0.961015 -0.0526756   0.271432    0.14904
 -0.151502  -0.720881  -0.676298    1.56508
         0          0          0          1

 0.227428 -0.692584  0.684547  0.712484
-0.960687 -0.044622  0.274024  0.150913
-0.159239 -0.719956 -0.675504   1.55606
        0         0         0         1

 0.227428 -0.692584  0.684547  0.712484
-0.960687 -0.044622  0.274024  0.150913
-0.159239 -0.719956 -0.675504   1.55606
        0         0         0         1

  0.229027  -0.691543   0.685066   0.710889
 -0.959781 -0.0430305   0.277432   0.152436
 -0.162377  -0.721052  -0.673585    1.54509
         0          0          0          1

  0.229027  -0.691543   0.685066   0.710889
 -0.959781 -0.0430305   0.277432   0.152436
 -0.162377  -0.721052  -0.673585    1.54509
         0          0          0          1

  0.226222  -0.689065   0.688487   0.711491
 -0.962118 -0.0476529   0.268438   0.154442
 -0.152163  -0.723132  -0.673741     1.5426
         0          0          0          1

  0.226222  -0.689065   0.688487   0.711491
 -0.962118 -0.0476529   0.268438   0.154442
 -0.152163  -0.723132  -0.673741     1.5426
         0          0          0          1

  0.227071  -0.692214   0.685039   0.712993
  -0.96262 -0.0528832   0.265644   0.155701
 -0.147655  -0.719752  -0.678347    1.54312
         0          0          0          1

  0.227071  -0.692214   0.685039   0.712993
  -0.96262 -0.0528832   0.265644   0.155701
 -0.147655  -0.719752  -0.678347    1.54312
         0          0          0          1

    0.2325  -0.698972     0.6763   0.715347
 -0.960862 -0.0573846   0.271019   0.156235
 -0.150626  -0.712843  -0.684958    1.54541
         0          0          0          1

    0.2325  -0.698972     0.6763   0.715347
 -0.960862 -0.0573846   0.271019   0.156235
 -0.150626  -0.712843  -0.684958    1.54541
         0          0          0          1

  0.235737  -0.701756   0.672285   0.716495
 -0.959515 -0.0583514   0.275545   0.156158
 -0.154137  -0.710024  -0.687101    1.54728
         0          0          0          1

  0.235737  -0.701756   0.672285   0.716495
 -0.959515 -0.0583514   0.275545   0.156158
 -0.154137  -0.710024  -0.687101    1.54728
         0          0          0          1

  0.238473  -0.711487   0.660997   0.718881
 -0.956416 -0.0539548   0.286978   0.156677
 -0.168517  -0.700625  -0.693345    1.55095
         0          0          0          1

  0.238473  -0.711487   0.660997   0.718881
 -0.956416 -0.0539548   0.286978   0.156677
 -0.168517  -0.700625  -0.693345    1.55095
         0          0          0          1

  0.236351  -0.716075   0.656792   0.720228
 -0.954919 -0.0462136   0.293249   0.157237
 -0.179635  -0.696492  -0.694716      1.555
         0          0          0          1

  0.236351  -0.716075   0.656792   0.720228
 -0.954919 -0.0462136   0.293249   0.157237
 -0.179635  -0.696492  -0.694716      1.555
         0          0          0          1

  0.231331  -0.715101   0.659633   0.720928
 -0.954667 -0.0362908   0.295455   0.158467
 -0.187342  -0.698078  -0.691079    1.55972
         0          0          0          1

  0.231331  -0.715101   0.659633   0.720928
 -0.954667 -0.0362908   0.295455   0.158467
 -0.187342  -0.698078  -0.691079    1.55972
         0          0          0          1

  0.221981  -0.707014   0.671457   0.719585
 -0.954619 -0.0173516   0.297323   0.159932
 -0.198561  -0.706986  -0.678781    1.56659
         0          0          0          1

  0.221981  -0.707014   0.671457   0.719585
 -0.954619 -0.0173516   0.297323   0.159932
 -0.198561  -0.706986  -0.678781    1.56659
         0          0          0          1

   0.211727   -0.700533    0.681487    0.718695
  -0.955669 -0.00241052    0.294434    0.161987
  -0.204618   -0.713615   -0.669988      1.5712
          0           0           0           1

   0.211727   -0.700533    0.681487    0.718695
  -0.955669 -0.00241052    0.294434    0.161987
  -0.204618   -0.713615   -0.669988      1.5712
          0           0           0           1

 0.194021 -0.699175  0.688121  0.717593
-0.957046 0.0191486  0.289303  0.166198
 -0.21545 -0.714694 -0.665427   1.57895
        0         0         0         1

 0.194021 -0.699175  0.688121  0.717593
-0.957046 0.0191486  0.289303  0.166198
 -0.21545 -0.714694 -0.665427   1.57895
        0         0         0         1

 0.184611 -0.696192  0.693711  0.715464
-0.956799  0.034008  0.288754  0.168855
 -0.22462 -0.717049 -0.659838   1.58461
        0         0         0         1

 0.184611 -0.696192  0.693711  0.715464
-0.956799  0.034008  0.288754  0.168855
 -0.22462 -0.717049 -0.659838   1.58461
        0         0         0         1

 0.176755 -0.692073  0.699852  0.712422
-0.955919 0.0486792  0.289566  0.171671
-0.234469 -0.720184 -0.652962   1.59105
        0         0         0         1

 0.176755 -0.692073  0.699852  0.712422
-0.955919 0.0486792  0.289566  0.171671
-0.234469 -0.720184 -0.652962   1.59105
        0         0         0         1

 0.167507 -0.681581  0.712313  0.706805
-0.955268 0.0664134  0.288188  0.177383
-0.243731 -0.728723 -0.639967   1.60133
        0         0         0         1

 0.167507 -0.681581  0.712313  0.706805
-0.955268 0.0664134  0.288188  0.177383
-0.243731 -0.728723 -0.639967   1.60133
        0         0         0         1

 0.162792 -0.673142  0.721373  0.702204
-0.955454 0.0748746  0.285486  0.181539
-0.246185 -0.735713 -0.630967   1.60906
        0         0         0         1

 0.162792 -0.673142  0.721373  0.702204
-0.955454 0.0748746  0.285486  0.181539
-0.246185 -0.735713 -0.630967   1.60906
        0         0         0         1

 0.154181 -0.667705  0.728284  0.695616
-0.957491 0.0809098  0.276885   0.18902
-0.243803 -0.740016 -0.626847   1.62319
        0         0         0         1

 0.154181 -0.667705  0.728284  0.695616
-0.957491 0.0809098  0.276885   0.18902
-0.243803 -0.740016 -0.626847   1.62319
        0         0         0         1

 0.149383 -0.667923  0.729084  0.691342
-0.959041 0.0816042  0.271258  0.194032
-0.240676 -0.739743 -0.628375   1.63435
        0         0         0         1

 0.149383 -0.667923  0.729084  0.691342
-0.959041 0.0816042  0.271258  0.194032
-0.240676 -0.739743 -0.628375   1.63435
        0         0         0         1

 0.147258 -0.669317  0.728238  0.686214
-0.960833 0.0779552  0.265939  0.199602
-0.234767 -0.738876 -0.631622   1.64601
        0         0         0         1

 0.147258 -0.669317  0.728238  0.686214
-0.960833 0.0779552  0.265939  0.199602
-0.234767 -0.738876 -0.631622   1.64601
        0         0         0         1

 0.146684 -0.674794  0.723282  0.678481
-0.963031 0.0696055  0.260245  0.208717
-0.225956 -0.734716 -0.639637   1.66666
        0         0         0         1

 0.146684 -0.674794  0.723282  0.678481
-0.963031 0.0696055  0.260245  0.208717
-0.225956 -0.734716 -0.639637   1.66666
        0         0         0         1

 0.147093 -0.679095  0.719162  0.672351
-0.964748 0.0619161   0.25579  0.214695
-0.218233 -0.731435 -0.646048   1.68257
        0         0         0         1

 0.147093 -0.679095  0.719162  0.672351
-0.964748 0.0619161   0.25579  0.214695
-0.218233 -0.731435 -0.646048   1.68257
        0         0         0         1

 0.149392 -0.684893  0.713165  0.665906
-0.966863 0.0498254  0.250386   0.22151
-0.207021 -0.726938 -0.654754   1.69919
        0         0         0         1

 0.149392 -0.684893  0.713165  0.665906
-0.966863 0.0498254  0.250386   0.22151
-0.207021 -0.726938 -0.654754   1.69919
        0         0         0         1

 0.155785 -0.695017  0.701913   0.65619
-0.969424 0.0288184  0.243693  0.233368
-0.189599 -0.718415 -0.669277   1.72675
        0         0         0         1

 0.155785 -0.695017  0.701913   0.65619
-0.969424 0.0288184  0.243693  0.233368
-0.189599 -0.718415 -0.669277   1.72675
        0         0         0         1

 0.164015 -0.700625  0.694423  0.648852
-0.970302  0.012299  0.241583  0.241792
  -0.1778 -0.713424 -0.677801   1.74685
        0         0         0         1

 0.164015 -0.700625  0.694423  0.648852
-0.970302  0.012299  0.241583  0.241792
  -0.1778 -0.713424 -0.677801   1.74685
        0         0         0         1

  0.179015  -0.705871   0.685346    0.63909
 -0.971824 -0.0183021   0.234994   0.258542
 -0.153333  -0.708104  -0.689259    1.77686
         0          0          0          1

  0.179015  -0.705871   0.685346    0.63909
 -0.971824 -0.0183021   0.234994   0.258542
 -0.153333  -0.708104  -0.689259    1.77686
         0          0          0          1

  0.193523  -0.707378   0.679827   0.631522
 -0.971977 -0.0439789   0.230926   0.271212
 -0.133454  -0.705466  -0.696066    1.79802
         0          0          0          1

  0.193523  -0.707378   0.679827   0.631522
 -0.971977 -0.0439789   0.230926   0.271212
 -0.133454  -0.705466  -0.696066    1.79802
         0          0          0          1

  0.211844   -0.70647   0.675294   0.622737
 -0.971077 -0.0742888   0.226915   0.284895
 -0.110142  -0.703833  -0.701774    1.81913
         0          0          0          1

  0.211844   -0.70647   0.675294   0.622737
 -0.971077 -0.0742888   0.226915   0.284895
 -0.110142  -0.703833  -0.701774    1.81913
         0          0          0          1

 0.239714 -0.703809  0.668723  0.612458
-0.968121 -0.121745  0.218906  0.310822
-0.072654  -0.69988 -0.710556   1.85186
        0         0         0         1

 0.239714 -0.703809  0.668723  0.612458
-0.968121 -0.121745  0.218906  0.310822
-0.072654  -0.69988 -0.710556   1.85186
        0         0         0         1

 0.263742 -0.697438  0.666349  0.604013
-0.963578 -0.158811  0.215166  0.330705
-0.0442413 -0.698828 -0.713921   1.87215
        0         0         0         1

 0.263742 -0.697438  0.666349  0.604013
-0.963578 -0.158811  0.215166  0.330705
-0.0442413 -0.698828 -0.713921   1.87215
        0         0         0         1

 0.301688  -0.68625   0.66185  0.591034
-0.953402 -0.214933  0.211728  0.364254
-0.00304508 -0.694885 -0.719115     1.904
        0         0         0         1

 0.301688  -0.68625   0.66185  0.591034
-0.953402 -0.214933  0.211728  0.364254
-0.00304508 -0.694885 -0.719115     1.904
        0         0         0         1

 0.327955 -0.679798  0.655988  0.582317
-0.944433 -0.252243  0.210761  0.389034
0.0221933 -0.688657 -0.724748   1.92554
        0         0         0         1

 0.327955 -0.679798  0.655988  0.582317
-0.944433 -0.252243  0.210761  0.389034
0.0221933 -0.688657 -0.724748   1.92554
        0         0         0         1

 0.352383 -0.673439  0.649851  0.573095
-0.934606 -0.289118  0.207179  0.416619
0.0483612 -0.680361  -0.73128    1.9453
        0         0         0         1

 0.352383 -0.673439  0.649851  0.573095
-0.934606 -0.289118  0.207179  0.416619
0.0483612 -0.680361  -0.73128    1.9453
        0         0         0         1

 0.388189 -0.663695  0.639389  0.558729
-0.917594 -0.342812  0.201249  0.462296
0.0856225 -0.664822 -0.742078   1.97445
        0         0         0         1

 0.388189 -0.663695  0.639389  0.558729
-0.917594 -0.342812  0.201249  0.462296
0.0856225 -0.664822 -0.742078   1.97445
        0         0         0         1

 0.406517 -0.659002  0.632819  0.550341
-0.906806 -0.375598  0.191385  0.496852
 0.111563 -0.651646 -0.750274   1.99278
        0         0         0         1

 0.406517 -0.659002  0.632819  0.550341
-0.906806 -0.375598  0.191385  0.496852
 0.111563 -0.651646 -0.750274   1.99278
        0         0         0         1

 0.432293  -0.64763  0.627454  0.535803
-0.889315 -0.421283  0.177876  0.552421
 0.149137 -0.634898 -0.758065   2.01954
        0         0         0         1

 0.432293  -0.64763  0.627454  0.535803
-0.889315 -0.421283  0.177876  0.552421
 0.149137 -0.634898 -0.758065   2.01954
        0         0         0         1

 0.446479 -0.640562  0.624769  0.525322
 -0.87805 -0.448085   0.16807    0.5915
  0.17229 -0.623618 -0.762506   2.03444
        0         0         0         1

 0.446479 -0.640562  0.624769  0.525322
 -0.87805 -0.448085   0.16807    0.5915
  0.17229 -0.623618 -0.762506   2.03444
        0         0         0         1

  0.46431 -0.627955  0.624571  0.509043
-0.860798 -0.485915  0.151375  0.655064
 0.208431 -0.607914 -0.766157   2.05286
        0         0         0         1

  0.46431 -0.627955  0.624571  0.509043
-0.860798 -0.485915  0.151375  0.655064
 0.208431 -0.607914 -0.766157   2.05286
        0         0         0         1

 0.475571 -0.621191  0.622859  0.499348
-0.849153 -0.509078  0.140638  0.699004
 0.229721 -0.595786 -0.769589    2.0642
        0         0         0         1

 0.475571 -0.621191  0.622859  0.499348
-0.849153 -0.509078  0.140638  0.699004
 0.229721 -0.595786 -0.769589    2.0642
        0         0         0         1

 0.488414 -0.614993   0.61906   0.49032
-0.839883 -0.523784  0.142291  0.741552
 0.236746 -0.589435 -0.772346   2.07867
        0         0         0         1

 0.488414 -0.614993   0.61906   0.49032
-0.839883 -0.523784  0.142291  0.741552
 0.236746 -0.589435 -0.772346   2.07867
        0         0         0         1

 0.503315 -0.607539  0.614468  0.471107
-0.824672 -0.550086  0.131611  0.810364
 0.258051 -0.572976 -0.777887   2.08924
        0         0         0         1

 0.503315 -0.607539  0.614468  0.471107
-0.824672 -0.550086  0.131611  0.810364
 0.258051 -0.572976 -0.777887   2.08924
        0         0         0         1

 0.506683 -0.618442  0.600668  0.468421
-0.819865 -0.561122  0.113857  0.863523
 0.266634 -0.550156  -0.79135     2.094
        0         0         0         1

 0.506683 -0.618442  0.600668  0.468421
-0.819865 -0.561122  0.113857  0.863523
 0.266634 -0.550156  -0.79135     2.094
        0         0         0         1

 0.512952 -0.618921  0.594825  0.453027
-0.810941 -0.576637 0.0993247  0.935971
 0.281524 -0.533316 -0.797696   2.09537
        0         0         0         1

 0.512952 -0.618921  0.594825  0.453027
-0.810941 -0.576637 0.0993247  0.935971
 0.281524 -0.533316 -0.797696   2.09537
        0         0         0         1

 0.519376 -0.620028  0.588059  0.439875
-0.806913 -0.582377 0.0986322  0.982988
 0.281317  -0.52574 -0.802782    2.0966
        0         0         0         1

 0.519376 -0.620028  0.588059  0.439875
-0.806913 -0.582377 0.0986322  0.982988
 0.281317  -0.52574 -0.802782    2.0966
        0         0         0         1

 0.516028 -0.614196  0.597058  0.424221
-0.807406 -0.581526 0.0996113   1.03116
 0.286024 -0.533471  -0.79599   2.08783
        0         0         0         1

 0.516028 -0.614196  0.597058  0.424221
-0.807406 -0.581526 0.0996113   1.03116
 0.286024 -0.533471  -0.79599   2.08783
        0         0         0         1

 0.469293 -0.606426  0.641882  0.413462
 -0.83127 -0.548626 0.0894369   1.10945
 0.297916 -0.575549  -0.76157   2.07063
        0         0         0         1

 0.469293 -0.606426  0.641882  0.413462
 -0.83127 -0.548626 0.0894369   1.10945
 0.297916 -0.575549  -0.76157   2.07063
        0         0         0         1

 0.407487 -0.575461  0.709083  0.394947
-0.849039 -0.524666 0.0621202   1.15882
 0.336284 -0.627353 -0.702383    2.0567
        0         0         0         1

 0.407487 -0.575461  0.709083  0.394947
-0.849039 -0.524666 0.0621202   1.15882
 0.336284 -0.627353 -0.702383    2.0567
        0         0         0         1

