 0.194309 -0.270024  0.943043  0.547571
-0.973406 -0.171998  0.151317   1.07792
 0.121342 -0.947367 -0.296264   1.98066
        0         0         0         1

  0.19164 -0.271421  0.943189  0.542226
-0.974938 -0.163298  0.151099   1.06772
 0.113009 -0.948506 -0.295913   1.97782
        0         0         0         1

 0.191899 -0.276209  0.941745  0.526142
-0.977592 -0.138404  0.158611   1.04173
0.0865317  -0.95108  -0.29658   1.97813
        0         0         0         1

 0.188329 -0.279956  0.941359  0.523707
-0.979156 -0.127766  0.157893   1.03326
0.0760707 -0.951473 -0.298182   1.97346
        0         0         0         1

  0.186567  -0.272204    0.94398   0.500006
 -0.981635 -0.0905856   0.167888   0.998281
 0.0398114  -0.957966  -0.284105    1.95469
         0          0          0          1

  0.182616  -0.266392   0.946407   0.500868
 -0.982708 -0.0794236   0.167264   0.991975
 0.0306093  -0.960587  -0.276289    1.94801
         0          0          0          1

  0.180277  -0.248112   0.951809   0.496427
 -0.983495 -0.0606274   0.170474    0.97797
 0.0154089  -0.966832  -0.254947    1.93134
         0          0          0          1

   0.17946  -0.236501   0.954914   0.494356
 -0.983685 -0.0554964   0.171123   0.972368
 0.0125235  -0.970045  -0.242602    1.92208
         0          0          0          1

  0.190217  -0.212371   0.958497   0.479822
 -0.981726 -0.0356581   0.186927   0.951257
-0.00551955  -0.976538  -0.215273    1.90999
         0          0          0          1

  0.188958   -0.20599   0.960137    0.48065
  -0.98188 -0.0253109   0.187807   0.944146
-0.0143844  -0.978227   -0.20704     1.9058
         0          0          0          1

  0.191592    -0.1847   0.963939   0.469494
 -0.980645 0.00435437   0.195747   0.915877
-0.0403518  -0.982785  -0.180291    1.88337
         0          0          0          1

 0.198242 -0.181179  0.963262  0.460441
-0.978863 0.0138096  0.204051  0.904815
-0.050272 -0.983353 -0.174612   1.87874
        0         0         0         1

 0.204636 -0.175454  0.962985  0.445795
-0.976468 0.0318248    0.2133  0.885673
-0.068071 -0.983973 -0.164812   1.86683
        0         0         0         1

 0.199208 -0.178915  0.963486  0.446435
-0.977012 0.0399136  0.209417  0.880743
-0.0759238 -0.983055  -0.16685   1.86126
        0         0         0         1

 0.191108 -0.183562  0.964252   0.44473
-0.977434 0.0544854  0.204093  0.869928
-0.0900014 -0.981497 -0.169007   1.84511
        0         0         0         1

 0.187417  -0.18495  0.964712  0.442825
-0.977303 0.0636337  0.202062  0.863542
-0.0987596 -0.980686 -0.168826   1.84015
        0         0         0         1

 0.182277 -0.169737  0.968486  0.429776
-0.974872 0.0970891  0.200495  0.839323
-0.128061 -0.980695 -0.147775   1.81162
        0         0         0         1

 0.179299 -0.166045  0.969681  0.429627
-0.973862  0.109752  0.198865    0.8333
-0.139445 -0.979992 -0.142027   1.80865
        0         0         0         1

 0.178537 -0.148702  0.972632  0.423643
-0.972138  0.125946  0.197702  0.822001
-0.151898 -0.980829 -0.122073   1.79127
        0         0         0         1

 0.175862 -0.137849  0.974715  0.422155
-0.971917   0.13296  0.194161  0.817826
-0.156363 -0.981488 -0.110595   1.78289
        0         0         0         1

   0.17427  -0.103385   0.979256   0.412338
 -0.968457   0.161875   0.189438   0.798674
 -0.178102  -0.981381 -0.0719138    1.75523
         0          0          0          1

   0.17512 -0.0918693   0.980251   0.408745
  -0.96775   0.167065   0.188544   0.793801
 -0.181087  -0.981656   -0.05965    1.74554
         0          0          0          1

  0.170602 -0.0697493   0.982868   0.406077
 -0.967779   0.175623   0.180446   0.786943
 -0.185201  -0.981983 -0.0375402    1.72542
         0          0          0          1

  0.169723 -0.0621223   0.983532   0.404353
 -0.966757   0.183178   0.178399   0.782278
 -0.191244  -0.981115 -0.0289676      1.719
         0          0          0          1

   0.165764  -0.0441638    0.985176    0.402008
  -0.965046    0.198377     0.17127    0.772292
     -0.203    -0.97913 -0.00973625     1.70567
          0           0           0           1

   0.163963  -0.0368148    0.985779     0.40174
  -0.963853     0.20676    0.168038    0.768648
  -0.210006   -0.977699 -0.00158307     1.70001
          0           0           0           1

   0.165307 -0.00760264    0.986213    0.392794
   -0.95915    0.231531    0.162556    0.752037
  -0.229575   -0.972798   0.0309817     1.67297
          0           0           0           1

   0.168004 0.000895177    0.985786    0.390424
  -0.957553    0.237761    0.162976    0.747658
  -0.234236   -0.971323   0.0408019     1.66514
          0           0           0           1

 0.165695 0.0157381  0.986051  0.389925
 -0.95475  0.252967  0.156398  0.741552
-0.246978 -0.967347 0.0569415   1.65097
        0         0         0         1

 0.167562 0.0242947  0.985562  0.387228
-0.953483  0.258098  0.155745  0.737169
-0.250588 -0.965813 0.0664119   1.64243
        0         0         0         1

 0.164841  0.047667  0.985168  0.382382
-0.949114  0.279416  0.145289  0.725774
-0.268346 -0.958986 0.0913007   1.61695
        0         0         0         1

 0.158097 0.0569031  0.985783  0.384695
-0.949641  0.282283  0.136007  0.724978
-0.270531 -0.957642 0.0986657    1.6083
        0         0         0         1

 0.150071 0.0696388   0.98622  0.384422
-0.948067  0.293086   0.12357  0.719865
-0.280442 -0.953547  0.110006   1.59504
        0         0         0         1

 0.147771 0.0762169  0.986081  0.383513
-0.947653  0.296254  0.119114  0.717415
-0.283052 -0.952063  0.116005   1.58734
        0         0         0         1

 0.148411  0.085694  0.985206  0.379529
 -0.94393  0.309362  0.115285  0.709082
-0.294906 -0.947075  0.126802   1.57501
        0         0         0         1

 0.148623 0.0894825  0.984837  0.378243
-0.942216  0.315175  0.113554  0.705662
-0.300235 -0.944806  0.131154   1.56934
        0         0         0         1

0.155183 0.103915 0.982405 0.374559
-0.934644 0.337507 0.111938 0.694193
-0.319937 -0.93557 0.149499  1.54946
       0        0        0        1

  0.15979  0.112973  0.980665  0.373149
-0.932988  0.341827  0.112642  0.690771
-0.322493 -0.932948  0.160023   1.54133
        0         0         0         1

 0.166777  0.127304  0.977742    0.3724
-0.929568  0.350948  0.112866  0.686516
-0.328768 -0.927701  0.176868   1.52765
        0         0         0         1

 0.168389  0.133326  0.976662  0.371986
-0.928551  0.353978  0.111772  0.683823
-0.330815 -0.925702  0.183406   1.52185
        0         0         0         1

 0.166283  0.150159  0.974578   0.37469
-0.923011  0.371485  0.100247  0.676612
-0.346988 -0.916216   0.20037   1.50748
        0         0         0         1

 0.167103  0.155006  0.973678  0.373403
-0.921934   0.37459 0.0985894  0.673548
-0.349448 -0.914142  0.205501   1.50116
        0         0         0         1

 0.162943  0.162196  0.973212  0.373145
-0.918731  0.384555 0.0897316  0.668739
-0.359699 -0.908741  0.211675    1.4924
        0         0         0         1

 0.161073  0.165084  0.973038  0.372494
-0.917547  0.388209 0.0860248   0.66615
-0.363541 -0.906665  0.214002   1.48829
        0         0         0         1

 0.154668  0.169735  0.973277  0.373055
-0.914523  0.397323 0.0760397  0.661706
-0.373798 -0.901845   0.21668   1.48052
        0         0         0         1

 0.152711  0.170174  0.973509  0.372962
-0.912365  0.402871 0.0726958  0.658805
-0.379828 -0.899297  0.216783   1.47786
        0         0         0         1

 0.147949  0.172352  0.973861  0.373077
-0.905939  0.418612  0.063545  0.649802
-0.396718 -0.891661  0.218074   1.46526
        0         0         0         1

 0.149295  0.175206  0.973146  0.372174
 -0.90453  0.421756 0.0628351  0.646681
-0.399421 -0.889621  0.221446    1.4612
        0         0         0         1

 0.149183  0.177684  0.972714  0.371387
-0.901726  0.428112 0.0600934  0.641085
-0.405752 -0.886086   0.22409   1.45488
        0         0         0         1

 0.146062  0.178106   0.97311  0.373026
-0.900998  0.430126 0.0565134  0.639352
-0.408495 -0.885025  0.223299   1.45286
        0         0         0         1

 0.140435  0.178262   0.97391  0.371578
 -0.89897  0.435148 0.0499801  0.629041
-0.414886 -0.882535  0.221362   1.44226
        0         0         0         1

 0.136363  0.174841  0.975108  0.371588
-0.897351  0.438828 0.0468056  0.626121
-0.419721 -0.881397  0.216734   1.44257
        0         0         0         1

 0.128172  0.168611  0.977314  0.369987
 -0.89426  0.445723 0.0403818  0.618427
-0.428803 -0.879148  0.207911   1.44048
        0         0         0         1

  0.12394  0.167204  0.978101  0.369402
-0.893456  0.447649 0.0366903  0.615614
-0.431711 -0.878438  0.204871   1.43785
        0         0         0         1

 0.110827  0.164363  0.980154  0.368882
-0.890662  0.454002 0.0245764  0.610061
-0.440952  -0.87571  0.196708     1.436
        0         0         0         1

 0.104947  0.167386   0.98029  0.368965
-0.890378  0.454879 0.0176496  0.608361
-0.442959 -0.874681  0.196775   1.43327
        0         0         0         1

 0.0775815   0.191989   0.978326   0.372987
 -0.888492   0.458478 -0.0195152    0.60425
 -0.452287   -0.86772    0.20615    1.42523
         0          0          0          1

 0.0673034   0.200721   0.977334   0.373495
 -0.888045   0.458569 -0.0330246   0.602753
 -0.454804  -0.865694   0.209113    1.42327
         0          0          0          1

 0.0471941    0.21614   0.975221   0.372715
 -0.886237   0.459466 -0.0589443   0.598421
 -0.460821  -0.861495   0.213235    1.42047
         0          0          0          1

 0.0392775   0.224485   0.973686   0.372353
 -0.885895   0.458576 -0.0699896   0.597017
 -0.462221  -0.859834   0.216882    1.41839
         0          0          0          1

0.00399752  0.239724  0.970833  0.371913
-0.881737  0.458818 -0.109664  0.591108
-0.471724 -0.855581  0.213208   1.41616
        0         0         0         1

-0.0041474  0.238308  0.971181  0.370378
-0.880578  0.459363 -0.116479  0.588588
-0.473883 -0.855684  0.207944   1.41578
        0         0         0         1

-0.0268279  0.235171  0.971584  0.370359
-0.878083   0.45897  -0.13534  0.585962
-0.477756 -0.856762  0.194187   1.41482
        0         0         0         1

-0.0371262   0.23338  0.971677  0.371019
-0.877047  0.458435 -0.143619  0.585443
-0.478969 -0.857538  0.187665   1.41344
        0         0         0         1

-0.0535554  0.225576  0.972752  0.370173
-0.874316  0.460007 -0.154809  0.582751
-0.482394 -0.858783  0.172589   1.41075
        0         0         0         1

-0.0631623  0.222274  0.972936  0.371721
-0.872862  0.460349 -0.161836  0.582962
-0.483862 -0.859461  0.164938   1.41053
        0         0         0         1

-0.0825949  0.217083  0.972652  0.371869
-0.869057  0.461999  -0.17691  0.579612
-0.487769 -0.859902  0.150499   1.40788
        0         0         0         1

-0.0849067  0.218534  0.972129   0.37184
-0.869584  0.460055  -0.17937  0.578977
-0.486431 -0.860577  0.150972   1.40691
        0         0         0         1

-0.0860625  0.223327  0.970937  0.371505
-0.869879  0.458258  -0.18251  0.576591
-0.485699 -0.860305  0.154829   1.40475
        0         0         0         1

-0.0844224  0.223512  0.971038  0.370271
-0.870472  0.457717 -0.181036   0.57516
-0.484925 -0.860545  0.155919   1.40352
        0         0         0         1

-0.0809611  0.228264  0.970227  0.368924
-0.869858  0.459058 -0.180588  0.572039
-0.486612 -0.858581  0.161391   1.39912
        0         0         0         1

-0.0784751  0.229936  0.970037   0.36735
-0.868941  0.461174 -0.179613   0.57044
-0.488655    -0.857   0.16361   1.39866
        0         0         0         1

-0.0783183  0.233578  0.969179  0.366641
-0.867233  0.463528 -0.181793  0.569785
-0.491705 -0.854741  0.166264   1.39705
        0         0         0         1

-0.0790377  0.235278  0.968709  0.366747
-0.867048  0.463293 -0.183267  0.569668
-0.491915 -0.854402   0.16738   1.39601
        0         0         0         1

-0.0792495  0.237661   0.96811  0.365281
-0.867178  0.462545 -0.184537  0.568445
-0.491652 -0.854148  0.169438   1.39328
        0         0         0         1

-0.0808587  0.238664   0.96773  0.364486
-0.867529  0.461207 -0.186231   0.56758
 -0.49077 -0.854592  0.169755   1.39256
        0         0         0         1

-0.0898681  0.240052  0.966591  0.363574
-0.867465  0.457951 -0.194383  0.567257
-0.489313 -0.855953  0.167081    1.3921
        0         0         0         1

-0.0914744  0.238678  0.966781  0.362021
-0.867561  0.457494 -0.195032  0.566461
-0.488847 -0.856581  0.165219   1.39125
        0         0         0         1

-0.0952698  0.232562  0.967904  0.358998
-0.867305  0.457834 -0.195373   0.56475
-0.488576 -0.858081  0.158084   1.39145
        0         0         0         1

-0.0968823  0.227933  0.968845  0.358293
-0.867113  0.458532 -0.194585  0.564336
-0.488598  -0.85895   0.15322   1.39113
        0         0         0         1

-0.100897 0.203455 0.973872 0.357215
-0.865384 0.464991  -0.1868 0.563818
-0.490847 -0.86162 0.129151  1.39006
       0        0        0        1

-0.100365  0.193123  0.976028  0.357006
 -0.86543  0.467037 -0.181403  0.563536
-0.490874  -0.86289  0.120261   1.39016
        0         0         0         1

-0.0920891  0.175112  0.980232   0.35561
-0.865121  0.473353 -0.165836  0.562222
-0.493036 -0.863292  0.107902   1.39083
        0         0         0         1

-0.0880886    0.1719  0.981168  0.355882
-0.865625  0.474172  -0.16079  0.562307
-0.492883 -0.863488  0.107031   1.39069
        0         0         0         1

-0.0742052  0.168353   0.98293  0.355929
-0.867847  0.474645 -0.146813  0.561975
-0.491259 -0.863927  0.110883   1.38958
        0         0         0         1

-0.0674875  0.166704  0.983695  0.355834
-0.868739   0.47504 -0.140105   0.56177
-0.490651 -0.864029  0.112763    1.3894
        0         0         0         1

-0.0375565  0.159739  0.986445  0.354366
-0.871036  0.478592 -0.110663  0.559698
-0.489781 -0.863385  0.121164   1.38877
        0         0         0         1

-0.0302348  0.156779  0.987171  0.354173
-0.871761  0.479029 -0.102778  0.559442
-0.488997 -0.863685   0.12219   1.38829
        0         0         0         1

-0.0146379   0.146273   0.989136   0.353062
 -0.871978   0.482246 -0.0842186    0.55818
 -0.489326  -0.863738   0.120488    1.38836
         0          0          0          1

-0.0128226    0.14304   0.989634   0.354169
  -0.87255   0.481774 -0.0809402    0.55939
 -0.488357  -0.864543   0.118632     1.3884
         0          0          0          1

0.000855998   0.129372   0.991596   0.355208
 -0.872026   0.485442 -0.0625819   0.560907
 -0.489459  -0.864644   0.113231    1.38948
         0          0          0          1

0.00546823   0.128645   0.991676   0.355574
 -0.872916   0.484408 -0.0580265   0.561386
  -0.48784  -0.865332   0.114945    1.38889
         0          0          0          1

 0.0144274   0.129069   0.991531    0.35627
 -0.873724   0.483817 -0.0502662   0.562427
 -0.486208  -0.865599   0.119751    1.38845
         0          0          0          1

 0.0181076   0.130853   0.991236   0.356081
  -0.87455   0.482581 -0.0477292   0.562674
 -0.484597  -0.866022   0.123176    1.38793
         0          0          0          1

 0.0224766   0.127853   0.991538   0.355922
 -0.874472   0.483212 -0.0424847   0.563285
 -0.484555  -0.866117   0.122665    1.38942
         0          0          0          1

 0.0244217    0.12876   0.991375   0.355891
 -0.874721   0.482875 -0.0411678   0.563726
 -0.484011  -0.866171   0.124422    1.38986
         0          0          0          1

 0.0296014   0.130821   0.990964   0.356051
 -0.876989    0.47908 -0.0370483   0.566218
 -0.479598  -0.867968    0.12891    1.39043
         0          0          0          1

 0.0317021   0.127793   0.991294   0.355705
 -0.876671   0.479899 -0.0338301   0.566646
 -0.480045  -0.867966   0.127246    1.39159
         0          0          0          1

 0.0334797   0.123899    0.99173   0.356825
 -0.876819   0.479862 -0.0303498   0.569584
 -0.479654  -0.868551   0.124703     1.3941
         0          0          0          1

  0.035824   0.120586   0.992056   0.357195
 -0.876919   0.479899 -0.0266661   0.570662
 -0.479302  -0.868997   0.122936    1.39553
         0          0          0          1

 0.0397458   0.114167   0.992666   0.357618
 -0.877565   0.479042 -0.0199578   0.572907
 -0.477808  -0.870336   0.119229    1.39898
         0          0          0          1

 0.0416514   0.112918   0.992731   0.358329
 -0.878642   0.477163 -0.0174102   0.574548
  -0.47566   -0.87153   0.119089     1.3997
         0          0          0          1

  0.0502325    0.104486    0.993257    0.360559
  -0.881068    0.472961 -0.00519476    0.578279
  -0.470315   -0.874866    0.115818     1.40766
          0           0           0           1

  0.0537421    0.104377    0.993085    0.359766
  -0.882141    0.470982 -0.00176372     0.57864
   -0.46791   -0.875946    0.117387     1.40928
          0           0           0           1

 0.0578638   0.106636   0.992613   0.360827
 -0.885368   0.464888 0.00166947   0.581764
 -0.461276  -0.878924   0.121312    1.41125
         0          0          0          1

 0.0581166   0.106431    0.99262   0.361936
 -0.886829   0.462092 0.00237623   0.583702
 -0.458429  -0.880422   0.121241    1.41316
         0          0          0          1

 0.0578399    0.10676   0.992601   0.365789
 -0.892535   0.450965 0.00350487   0.591266
 -0.447255  -0.886133   0.121371    1.42086
         0          0          0          1

 0.0586829   0.106435   0.992586   0.366386
 -0.894573   0.446894 0.00496798   0.592891
 -0.443052  -0.888233   0.121439    1.42205
         0          0          0          1

0.0631686  0.101058  0.992873  0.365414
-0.897585  0.440671  0.012253  0.594101
-0.436292 -0.891962  0.118545    1.4261
        0         0         0         1

0.0660693 0.0963765   0.99315  0.364071
-0.897974  0.439718 0.0170669   0.59412
-0.435061  -0.89295  0.115595   1.42951
        0         0         0         1

0.0729816 0.0761484  0.994422   0.36321
-0.900716  0.433158 0.0329351  0.598242
-0.428234 -0.898096  0.100201   1.44375
        0         0         0         1

 0.073622 0.0715019   0.99472  0.364194
-0.901378  0.431561 0.0356923  0.600282
 -0.42673 -0.899246 0.0962225   1.44799
        0         0         0         1

0.0760361  0.063921  0.995054  0.366203
-0.904839  0.423686 0.0419254  0.604089
 -0.41891 -0.903551 0.0900535   1.45538
        0         0         0         1

0.0800071 0.0633238  0.994781  0.366006
-0.906267   0.42018 0.0461412  0.605277
-0.415065 -0.905229 0.0910056   1.45764
        0         0         0         1

 0.085095 0.0632622  0.994362  0.367233
-0.910462  0.410335 0.0518091  0.610198
-0.404745 -0.909738 0.0925153   1.46308
        0         0         0         1

0.0863094 0.0621665  0.994327  0.367943
-0.912471  0.405582 0.0538467  0.612795
-0.399934 -0.911942 0.0917307   1.46713
        0         0         0         1

0.0940007   0.05631  0.993978  0.370966
-0.919287  0.388194 0.0649455  0.620498
-0.382199 -0.919856 0.0882555   1.48271
        0         0         0         1

0.0982956 0.0567163   0.99354  0.370281
-0.921088  0.383146 0.0692557  0.622116
-0.376743 -0.921945 0.0899023   1.48636
        0         0         0         1

 0.106506 0.0531113  0.992893  0.369681
-0.923849  0.374501 0.0790673  0.624729
 -0.36764 -0.925704 0.0889534   1.49767
        0         0         0         1

 0.105912  0.052671   0.99298   0.37137
 -0.92644  0.367995 0.0792949  0.628497
-0.361235 -0.928335 0.0877716   1.50245
        0         0         0         1

 0.111874 0.0485866  0.992534  0.372579
-0.933739  0.346901 0.0882658  0.638075
-0.340022 -0.936642 0.0841766   1.52049
        0         0         0         1

 0.114538  0.045544  0.992374  0.373424
-0.935207  0.341873 0.0922501    0.6403
-0.335064 -0.938642 0.0817505   1.52547
        0         0         0         1

 0.117309 0.0386115  0.992345  0.375829
-0.939196  0.329033 0.0982232  0.646954
-0.322722 -0.943529 0.0748622    1.5375
        0         0         0         1

 0.120447 0.0338497  0.992142  0.376048
-0.940146  0.324816  0.103053   0.64916
-0.318776 -0.945171 0.0709469   1.54424
        0         0         0         1

 0.120658 0.0325698   0.99216  0.380756
-0.945665  0.307756  0.104901  0.659294
-0.301926 -0.950908 0.0679334   1.55291
        0         0         0         1

 0.122643 0.0293768  0.992016  0.381627
-0.947457   0.30102   0.10822  0.662996
-0.295437 -0.953165 0.0647513   1.55819
        0         0         0         1

 0.129107 0.0120944  0.991557  0.386513
-0.952082  0.281089  0.120538  0.676543
-0.277258 -0.959605 0.0478054    1.5826
        0         0         0         1

  0.130916 0.00970731   0.991346   0.388191
 -0.953991   0.273306   0.123306   0.681538
 -0.269744  -0.961878  0.0450408    1.58767
         0          0          0          1

  0.133515 0.00496899   0.991034   0.392802
 -0.956953   0.260683   0.127616   0.691614
 -0.257711  -0.965412  0.0395601    1.60115
         0          0          0          1

   0.138176 0.000969996    0.990407    0.393308
  -0.957445    0.255975    0.133326    0.694376
   -0.25339   -0.966683   0.0362982     1.60804
          0           0           0           1

   0.14779 -0.0095746   0.988972   0.398436
 -0.961649   0.232226   0.145955   0.711182
 -0.231063  -0.972615  0.0251134    1.63078
         0          0          0          1

  0.150822 -0.0154175   0.988441   0.400054
  -0.96286   0.224222   0.150416   0.716054
  -0.22395  -0.974416  0.0189728    1.63673
         0          0          0          1

  0.158694 -0.0254604   0.986999   0.402359
 -0.964387   0.210248   0.160482   0.726284
   -0.2116  -0.977317 0.00881141    1.65025
         0          0          0          1

  0.158644  -0.031813   0.986823   0.406449
 -0.965947    0.20191   0.161797   0.732574
 -0.204397  -0.978887 0.00130211    1.65642
         0          0          0          1

   0.167062  -0.0431152    0.985003    0.408932
  -0.966153    0.192018     0.17227    0.741018
  -0.196565   -0.980444 -0.00957709     1.67443
          0           0           0           1

  0.164765 -0.0478858    0.98517   0.413725
 -0.968061   0.183516   0.170823   0.747891
 -0.188975   -0.98185 -0.0161194    1.68097
         0          0          0          1

  0.169728 -0.0653488   0.983322   0.422271
 -0.971019   0.159283    0.17819    0.76908
 -0.168271  -0.985068 -0.0364202    1.70764
         0          0          0          1

  0.169046 -0.0690638   0.983185   0.424882
 -0.971909   0.154062   0.177929   0.774513
  -0.16376  -0.985645 -0.0410802    1.71631
         0          0          0          1

  0.174691 -0.0799721    0.98137   0.428825
 -0.972406   0.142509   0.184708   0.785284
 -0.154625  -0.986558 -0.0528704    1.73447
         0          0          0          1

  0.173075  -0.083901   0.981329   0.433726
 -0.973935   0.133739   0.183205   0.792863
 -0.146613  -0.987459 -0.0585673    1.74074
         0          0          0          1

  0.175602  -0.100396   0.979329   0.445472
 -0.976839   0.105783      0.186   0.818156
  -0.12227  -0.989308 -0.0794953    1.76586
         0          0          0          1

  0.181469  -0.105586   0.977712   0.445785
 -0.976489  0.0982835   0.191856   0.823005
  -0.11635  -0.989541 -0.0852678    1.77332
         0          0          0          1

 0.190723 -0.116645  0.974689   0.44987
-0.976375  0.080196  0.200651  0.836483
-0.101571 -0.989931 -0.098594   1.78871
        0         0         0         1

  0.18748 -0.123082  0.974527  0.456567
-0.978048 0.0684769  0.196806  0.846731
-0.0909557 -0.990031 -0.107542   1.79401
        0         0         0         1

 0.198944 -0.136039  0.970523  0.458908
-0.976226 0.0594466  0.208446  0.856061
-0.086051 -0.988918 -0.120978   1.81521
        0         0         0         1

 0.197064 -0.140624  0.970253  0.465582
-0.977175 0.0519091  0.205994  0.864879
-0.0793327 -0.988701 -0.127185   1.82253
        0         0         0         1

  0.20341 -0.148533  0.967762  0.479028
-0.977779  0.020386  0.208644  0.892361
-0.0507193 -0.988697 -0.141086   1.84559
        0         0         0         1

  0.205333  -0.152991    0.96666   0.482846
 -0.977814 0.00976896   0.209248   0.899924
-0.0414563  -0.988179  -0.147591    1.85234
         0          0          0          1

   0.209196   -0.158997    0.964861    0.491649
  -0.977562 -0.00909104    0.210452    0.915662
 -0.0246896   -0.987237   -0.157331     1.86744
          0           0           0           1

  0.212851  -0.162421    0.96349   0.494155
 -0.976904 -0.0164202   0.213046     0.9223
-0.0187825  -0.986585  -0.162165     1.8752
         0          0          0          1

   0.21459  -0.175155    0.96087    0.50606
 -0.976677 -0.0311036    0.21245   0.938325
-0.00732532  -0.984049  -0.177745    1.89236
         0          0          0          1

  0.217219  -0.180776   0.959237   0.508739
 -0.976111 -0.0353154   0.214384   0.944557
-0.00487979   -0.98289  -0.184129    1.90313
         0          0          0          1

  0.226131  -0.187266   0.955927   0.518844
 -0.973721 -0.0707196   0.216487   0.973156
 0.0270621   -0.97976  -0.198337     1.9224
         0          0          0          1

  0.230422  -0.190248   0.954312   0.522702
 -0.972597 -0.0762574   0.219635   0.979477
 0.0309883   -0.97877  -0.202606    1.93063
         0          0          0          1

 0.231382  -0.19466  0.953189  0.534943
-0.971585 -0.096444  0.216152  0.998893
0.0498532 -0.976118 -0.211445   1.93882
        0         0         0         1

  0.237568  -0.197606   0.951059   0.536795
 -0.970066 -0.0989912   0.221748    1.00345
 0.0503278  -0.975271  -0.215208    1.94929
         0          0          0          1

 0.253549 -0.200689  0.946275  0.546493
-0.963729 -0.136657  0.229242   1.03364
0.0833081 -0.970077 -0.228059   1.96274
        0         0         0         1

 0.253163 -0.207098  0.944997  0.553288
-0.963323 -0.143809  0.226557   1.04286
  0.08898 -0.967693 -0.235909   1.97032
        0         0         0         1

 0.263496  -0.21452  0.940506  0.558295
-0.959964 -0.154403   0.23373    1.0557
0.0950771 -0.964438 -0.246615   1.98607
        0         0         0         1

 0.265342 -0.216897  0.939441  0.563411
-0.958621 -0.163586  0.232991   1.06475
 0.103145  -0.96239 -0.251328   1.98988
        0         0         0         1

 0.270787  -0.22444   0.93611  0.572002
-0.955906 -0.177509  0.233954   1.08052
 0.113659 -0.958184  -0.26261     2.003
        0         0         0         1

 0.274484 -0.228248   0.93411  0.577215
-0.954633 -0.181332  0.236207   1.08693
 0.115471 -0.956567 -0.267666   2.01052
        0         0         0         1

 0.291946 -0.226778  0.929161  0.584916
-0.947113 -0.203853  0.247833   1.11366
  0.13321 -0.952374 -0.274298   2.02432
        0         0         0         1

 0.295802 -0.230318  0.927068  0.589676
-0.945534 -0.208654  0.249857   1.12051
  0.13589 -0.950483 -0.279494   2.03125
        0         0         0         1

 0.293193 -0.235886  0.926496  0.610741
-0.943208 -0.229688  0.240003   1.14552
 0.156192 -0.944246 -0.289833   2.02886
        0         0         0         1

 0.299439 -0.237488  0.924087  0.610547
   -0.941 -0.233548  0.244898   1.15176
 0.157659 -0.942897 -0.293409    2.0362
        0         0         0         1

 0.310023 -0.247052  0.918069   0.63004
-0.936703  -0.24463  0.250486   1.17884
 0.162704 -0.937615 -0.307255   2.06156
        0         0         0         1

  0.31441 -0.248376  0.916218  0.632957
-0.934219 -0.252245  0.252206   1.18729
  0.16847 -0.935244 -0.311346   2.06207
        0         0         0         1

