 0.135159 -0.766648  0.627681  0.362136
-0.838315 -0.426171 -0.340009   1.07023
 0.528166 -0.480239 -0.700293   2.49631
        0         0         0         1

 0.133591 -0.773648  0.619372  0.371369
-0.833498 -0.425806 -0.352093   1.06461
 0.536129 -0.469209 -0.701718   2.48906
        0         0         0         1

 0.133963 -0.774538  0.618179   0.36773
-0.835815 -0.423452 -0.349431     1.048
 0.532416 -0.469872 -0.704097   2.49401
        0         0         0         1

 0.145635 -0.791453  0.593627  0.375881
-0.847414 -0.409447 -0.337998   1.00304
 0.510568 -0.453823 -0.730318   2.52211
        0         0         0         1

 0.141696 -0.797196  0.586857  0.380503
-0.847769 -0.403806 -0.343843  0.997505
 0.511087 -0.448798 -0.733056   2.51812
        0         0         0         1

 0.137432  -0.80468  0.577583  0.388036
-0.847913 -0.396998 -0.351335  0.986949
 0.512012 -0.441456 -0.736859    2.5154
        0         0         0         1

 0.135541  -0.81097  0.569172  0.395025
-0.849472 -0.390789 -0.354515   0.97526
 0.509927 -0.435445 -0.741864   2.51787
        0         0         0         1

 0.131024 -0.823975  0.551269   0.40994
-0.853995 -0.376228 -0.359368  0.943816
 0.503513 -0.423695 -0.752965    2.5226
        0         0         0         1

 0.126198 -0.825942  0.549448  0.410989
-0.858139 -0.368761  -0.35723  0.927374
 0.497666 -0.426421  -0.75531   2.52363
        0         0         0         1

 0.121594 -0.831636  0.541846  0.419178
-0.859879 -0.360939 -0.361013  0.913603
 0.495805 -0.422025 -0.758994   2.52086
        0         0         0         1

 0.117173 -0.835345  0.537093  0.426194
-0.865913 -0.350747  -0.35661  0.895467
 0.486276 -0.423291 -0.764434   2.52692
        0         0         0         1

 0.122344 -0.837117  0.533167  0.426725
 -0.87281 -0.346485  -0.34373  0.870051
 0.472476 -0.423301 -0.773035    2.5307
        0         0         0         1

 0.115271 -0.838314  0.532862   0.43368
-0.874778 -0.339819 -0.345378  0.863653
 0.470612 -0.426324  -0.77251   2.52181
        0         0         0         1

 0.117936 -0.843132  0.524613  0.447533
-0.890595 -0.323487 -0.319682  0.817845
  0.43924 -0.429516  -0.78904   2.52942
        0         0         0         1

 0.113286 -0.841362  0.528466  0.445692
-0.893593 -0.318802 -0.316001  0.808373
 0.434347 -0.436435 -0.787951   2.51968
        0         0         0         1

 0.115407 -0.843702   0.52426  0.450767
-0.901126  -0.31098 -0.302098  0.783686
 0.417915  -0.43756 -0.796171   2.51974
        0         0         0         1

 0.115804 -0.840918  0.528626  0.444757
 -0.90441   -0.3093 -0.293897  0.767977
 0.410647 -0.444061 -0.796353   2.51115
        0         0         0         1

 0.116214 -0.843478  0.524441  0.454786
-0.912046 -0.299701 -0.279914  0.734962
 0.393277 -0.445784  -0.80412   2.49358
        0         0         0         1

 0.119432 -0.845052  0.521175  0.456443
-0.917563 -0.294451 -0.267165  0.716926
 0.379228 -0.446303 -0.810555   2.49129
        0         0         0         1

 0.120589 -0.845917  0.519503  0.458961
-0.922636 -0.288626 -0.255809  0.695487
 0.366335 -0.448464 -0.815278   2.48218
        0         0         0         1

 0.118835 -0.848311  0.515991  0.465182
-0.924969 -0.283514 -0.253084  0.685897
 0.360985 -0.447201 -0.818353    2.4715
        0         0         0         1

 0.114887 -0.850443  0.513369  0.472357
 -0.92848  -0.27566 -0.248872  0.672403
 0.353166 -0.448061 -0.821289   2.45544
        0         0         0         1

 0.116312 -0.851377  0.511497  0.474348
-0.930111 -0.274004  -0.24457  0.659325
 0.348374 -0.447302 -0.823745   2.44573
        0         0         0         1

 0.119353 -0.849978  0.513119  0.478021
-0.938083 -0.265819 -0.222126  0.621451
   0.3252 -0.454837 -0.829077   2.42045
        0         0         0         1

 0.116653 -0.849139  0.515127  0.481021
-0.939412 -0.262669 -0.220251  0.613732
 0.322332 -0.458223 -0.828332   2.40507
        0         0         0         1

 0.122312 -0.844487  0.521422  0.479844
-0.943525 -0.261919 -0.202874   0.59267
 0.307895 -0.467161 -0.828831   2.39033
        0         0         0         1

 0.124664 -0.841164  0.526215  0.479096
-0.946844 -0.259371 -0.190295    0.5766
 0.296554 -0.474521 -0.828786   2.37973
        0         0         0         1

 0.122535 -0.838395  0.531111  0.487849
-0.952485 -0.249701 -0.174417  0.550445
 0.278849 -0.484503 -0.829156    2.3451
        0         0         0         1

 0.125773 -0.835506  0.534893  0.489079
-0.955774  -0.24654 -0.160359   0.53596
 0.265853 -0.491068 -0.829563   2.33516
        0         0         0         1

 0.125898  -0.83165  0.540841  0.492706
-0.958111 -0.243299 -0.151091  0.521869
 0.257241 -0.499163 -0.827444   2.31383
        0         0         0         1

  0.12444 -0.830099  0.543553  0.493672
-0.960147 -0.238912 -0.145045  0.512283
 0.250263 -0.503842 -0.826748   2.29854
        0         0         0         1

 0.125282 -0.827023   0.54803  0.494683
-0.963231 -0.233724 -0.132509  0.496674
 0.237676 -0.511279 -0.825896   2.27775
        0         0         0         1

 0.125596 -0.828159   0.54624  0.498465
-0.966994 -0.225232 -0.119136  0.483314
 0.221694 -0.513248 -0.829113   2.26766
        0         0         0         1

 0.127194 -0.827095  0.547481  0.501899
-0.971319 -0.215662 -0.100144   0.46036
   0.2009 -0.519041 -0.830804   2.22669
        0         0         0         1

  0.128692  -0.828775   0.544582   0.504758
 -0.973784  -0.209477 -0.0886759   0.448646
   0.18757  -0.518894  -0.834006    2.21414
         0          0          0          1

  0.129844  -0.829783   0.542771   0.507388
 -0.976992  -0.200478 -0.0727684    0.43367
  0.169196  -0.520835  -0.836722    2.19605
         0          0          0          1

  0.129088  -0.833065   0.537903   0.512147
 -0.979391   -0.19208 -0.0624419   0.424699
  0.155338  -0.518757  -0.840691     2.1832
         0          0          0          1

  0.127922   -0.83309   0.538143   0.517281
 -0.983619   -0.17605 -0.0387235    0.40419
     0.127  -0.524374  -0.841964    2.14259
         0          0          0          1

  0.128765  -0.834062   0.536433   0.519843
 -0.985356  -0.168581 -0.0255903   0.395393
  0.111776  -0.525282  -0.843555    2.12945
         0          0          0          1

  0.126467  -0.835344   0.534982   0.525086
 -0.987476    -0.1573 -0.0121817   0.386431
 0.0943287  -0.526742  -0.844775    2.10883
         0          0          0          1

    0.1276  -0.836285   0.533241   0.528058
  -0.98884  -0.148949 0.00302292   0.377229
 0.0768976  -0.527676  -0.845958    2.09647
         0          0          0          1

 0.127102 -0.833179  0.538199  0.529526
-0.990089 -0.139249 0.0182511  0.367675
0.0597372 -0.535185  -0.84262   2.07439
        0         0         0         1

 0.124128 -0.831639  0.541266  0.531776
-0.990991 -0.131544 0.0251493  0.362507
0.0502853 -0.539512 -0.840475   2.05807
        0         0         0         1

 0.122281 -0.829994  0.544203  0.538691
-0.992244 -0.114567 0.0482228  0.347028
 0.022323 -0.545879 -0.837567   2.02244
        0         0         0         1

 0.122307 -0.830401  0.543577  0.541278
-0.992437 -0.108114 0.0581405  0.340609
0.0104886 -0.546577 -0.837343   2.00914
        0         0         0         1

  0.121783    -0.8303   0.543848   0.544431
 -0.992527 -0.0976576  0.0731601   0.331565
-0.00763394  -0.548694  -0.835988    1.99139
         0          0          0          1

  0.122224  -0.829337   0.545217   0.546273
 -0.992356 -0.0926898  0.0814706   0.326243
-0.0170305  -0.551008  -0.834326     1.9771
         0          0          0          1

  0.120794  -0.827513   0.548299   0.551444
 -0.991844 -0.0779788   0.100821   0.313385
 -0.040675  -0.556005  -0.830183    1.94194
         0          0          0          1

  0.119864  -0.827141   0.549064    0.55416
 -0.991562 -0.0722345   0.107646   0.309257
-0.0493767  -0.557333  -0.828819    1.92868
         0          0          0          1

  0.119281    -0.8258   0.551204   0.556938
 -0.990893 -0.0640808   0.118426   0.302231
-0.0624745   -0.56031  -0.825923    1.91165
         0          0          0          1

  0.118847  -0.823854   0.554202   0.558976
  -0.99048 -0.0593258   0.124215   0.298431
-0.0694565  -0.563689  -0.823062    1.89846
         0          0          0          1

  0.117998  -0.820549   0.559264    0.56167
 -0.989797 -0.0518902   0.132702   0.293686
 -0.079868  -0.569216  -0.818299    1.88093
         0          0          0          1

  0.119477  -0.818497   0.561951   0.563289
 -0.988838 -0.0473527   0.141267   0.289433
-0.0890168  -0.572556  -0.815019    1.86842
         0          0          0          1

 0.119796 -0.813859  0.568579  0.568615
-0.987055 -0.036121  0.156263  0.281653
-0.106638 -0.579939 -0.807651   1.83717
        0         0         0         1

  0.119696   -0.81274   0.570199   0.570833
 -0.986323 -0.0317975   0.161725   0.278456
  -0.11331  -0.581758   -0.80543    1.82595
         0          0          0          1

 0.120689  -0.81012  0.573706  0.572889
-0.985088  -0.02635  0.170022  0.274517
-0.122621 -0.585671  -0.80122   1.80979
        0         0         0         1

  0.120732  -0.809631   0.574388   0.574915
 -0.984231 -0.0222774   0.175478   0.271951
 -0.129276  -0.586517  -0.799553    1.79858
         0          0          0          1

  0.124545  -0.805583   0.579245   0.577792
 -0.981182 -0.0131806   0.192636   0.264972
  -0.14755  -0.592336  -0.792065    1.76976
         0          0          0          1

   0.125165   -0.805501    0.579225    0.579614
  -0.979759 -0.00842396    0.200001    0.262609
  -0.156222   -0.592535   -0.790252     1.75949
          0           0           0           1

    0.125236    -0.805313     0.579472     0.581918
   -0.977716 -0.000989961     0.209929     0.259507
   -0.168485    -0.592849    -0.787491      1.74551
           0            0            0            1

  0.125221  -0.804521   0.580574   0.583019
 -0.976224 0.00444677   0.216718   0.257736
 -0.176936  -0.593908  -0.784836     1.7346
         0          0          0          1

 0.126914 -0.803211  0.582017  0.583914
 -0.97381 0.0106975  0.227111  0.254903
-0.188644 -0.595598 -0.780818   1.72003
        0         0         0         1

 0.126131 -0.803272  0.582104  0.585736
-0.972328 0.0162127  0.233058  0.253762
-0.196646 -0.595392 -0.778998   1.71039
        0         0         0         1

 0.126761 -0.800514  0.585755  0.588188
-0.968703 0.0271476  0.246735   0.25058
-0.213416 -0.598699 -0.772019   1.68516
        0         0         0         1

 0.127116  -0.79936  0.587253  0.589401
-0.967418 0.0307828  0.251307  0.249747
-0.218962 -0.600064 -0.769402   1.67585
        0         0         0         1

 0.127613  -0.79712  0.590182  0.590266
-0.965956 0.0351281   0.25631  0.248803
-0.225042 -0.602798   -0.7655   1.66304
        0         0         0         1

 0.128024 -0.795353  0.592472  0.590774
-0.965065 0.0377935  0.259271  0.248243
-0.228604 -0.604967 -0.762729   1.65372
        0         0         0         1

 0.129677 -0.789535  0.599848  0.591659
-0.962834 0.0442869  0.266439  0.247535
-0.236929 -0.612105 -0.754448   1.63082
        0         0         0         1

 0.130779 -0.787665  0.602063  0.591934
-0.961646 0.0469061  0.270254  0.247237
 -0.24111 -0.614315 -0.751321   1.62262
        0         0         0         1

 0.131074 -0.784191  0.606518  0.593056
-0.960127 0.0519734   0.27469  0.247715
-0.246932 -0.618339 -0.746111    1.6114
        0         0         0         1

 0.132287 -0.780545  0.610942  0.593315
-0.958708 0.0557894  0.278866  0.247737
-0.251751 -0.622605 -0.740934   1.60333
        0         0         0         1

 0.133517 -0.776752  0.615491  0.594052
-0.957151 0.0599691  0.283313  0.248126
-0.256975 -0.626945 -0.735462   1.59267
        0         0         0         1

 0.133869 -0.774689   0.61801  0.594411
-0.956218 0.0627905  0.285839  0.248471
-0.260241 -0.629217 -0.732366   1.58529
        0         0         0         1

 0.134536   -0.7697  0.624069  0.595667
 -0.95406 0.0695339  0.291435  0.249807
-0.267711 -0.634608 -0.724985   1.56685
        0         0         0         1

 0.135177 -0.766335  0.628058  0.595987
-0.953211 0.0724068  0.293507  0.250207
-0.270401 -0.638347 -0.720691   1.56004
        0         0         0         1

 0.134769  -0.76198  0.633422  0.596751
-0.952661 0.0761824  0.294336  0.251391
-0.272533 -0.643103 -0.715642   1.55125
        0         0         0         1

 0.133713 -0.757226  0.639319  0.597183
-0.952756 0.0793057    0.2932  0.252318
 -0.27272  -0.64832 -0.710848   1.54468
        0         0         0         1

 0.134005 -0.744605  0.653916  0.597842
-0.952266 0.0858844   0.29294  0.254171
-0.274286 -0.661957 -0.697553   1.52946
        0         0         0         1

 0.134234 -0.739222  0.659949  0.598139
-0.951942 0.0888202  0.293116  0.254662
-0.275294 -0.667579 -0.691774   1.52408
        0         0         0         1

 0.131954 -0.731527  0.668922  0.599847
-0.951966 0.0945859  0.291227  0.256476
-0.276311  -0.67522 -0.683908   1.51691
        0         0         0         1

 0.132251 -0.726093  0.674758  0.600416
-0.951601 0.0975226  0.291453  0.257264
-0.277427 -0.680645 -0.678054   1.51199
        0         0         0         1

 0.134235 -0.719789   0.68109  0.600556
-0.950439  0.100992  0.294051  0.257181
 -0.28044 -0.686807 -0.670559   1.50603
        0         0         0         1

  0.13529  -0.71554  0.685346   0.60107
-0.949504  0.103999  0.296017  0.257417
-0.283088 -0.690787 -0.665338   1.50197
        0         0         0         1

  0.13516 -0.705146  0.696061  0.603547
-0.947893  0.112526  0.298055  0.258633
-0.288497 -0.700077 -0.653194   1.49204
        0         0         0         1

 0.135754 -0.701143  0.699978  0.604314
-0.947091  0.115566  0.299438  0.258861
-0.290842 -0.703593 -0.648358   1.48823
        0         0         0         1

   0.1359 -0.697489  0.703591  0.606071
-0.945754  0.120198  0.301831  0.259164
-0.295094 -0.706443 -0.643318   1.48379
        0         0         0         1

 0.136244 -0.695429  0.705561  0.607353
 -0.94459  0.123505  0.304132  0.259389
-0.298643 -0.707902 -0.640068   1.48097
        0         0         0         1

  0.13582 -0.692478  0.708538  0.609649
-0.943148  0.128607  0.306484  0.260166
-0.303357 -0.709883 -0.635642   1.47711
        0         0         0         1

 0.137339  -0.69003  0.710631  0.611058
 -0.94172  0.131458  0.309648  0.260268
-0.307084 -0.711742 -0.631761    1.4742
        0         0         0         1

 0.140258 -0.685304  0.714623  0.615258
-0.937302  0.140675  0.318866  0.260753
 -0.31905 -0.714541 -0.622606   1.46859
        0         0         0         1

 0.140258 -0.685304  0.714623  0.615258
-0.937302  0.140675  0.318866  0.260753
 -0.31905 -0.714541 -0.622606   1.46859
        0         0         0         1

 0.144062 -0.674974  0.723641  0.622083
-0.931265  0.154825  0.329809  0.262565
 -0.33465 -0.721414 -0.606276   1.46229
        0         0         0         1

 0.145302 -0.672658  0.725547   0.62358
 -0.92986  0.157684  0.332409  0.262968
-0.338005 -0.722957 -0.602566     1.461
        0         0         0         1

 0.146433 -0.670815  0.727025  0.625931
-0.927548  0.162335  0.336605  0.263622
-0.343821  -0.72364 -0.598441   1.46019
        0         0         0         1

 0.148569 -0.668226  0.728972  0.627355
 -0.92606  0.164578    0.3396  0.264233
-0.346902 -0.725526 -0.594366   1.45992
        0         0         0         1

  0.15078 -0.660901   0.73517  0.629162
-0.925079  0.167883  0.340652   0.26538
 -0.34856 -0.731454 -0.586073   1.45934
        0         0         0         1

  0.15111 -0.657744  0.737929  0.630191
-0.924698  0.169823  0.340725  0.266128
-0.349428 -0.733848 -0.582552   1.45972
        0         0         0         1

 0.151721 -0.655378  0.739906  0.631013
 -0.92459  0.170549  0.340657  0.266957
-0.349449 -0.735794  -0.58008   1.46015
        0         0         0         1

 0.150351 -0.654577  0.740894  0.632232
-0.924984  0.171412   0.33915  0.268136
-0.348998 -0.736306 -0.579701   1.46072
        0         0         0         1

 0.147675 -0.655706  0.740433  0.634552
-0.927384  0.168383  0.334076  0.271605
-0.343732 -0.736001 -0.583225   1.46269
        0         0         0         1

 0.146358 -0.656973  0.739571  0.635576
-0.928466  0.166761  0.331876  0.273239
-0.341366  -0.73524  -0.58557   1.46432
        0         0         0         1

 0.146458 -0.657301   0.73926  0.636209
-0.930325  0.162482  0.328779   0.27536
-0.336223 -0.735904 -0.587707   1.46649
        0         0         0         1

 0.145921 -0.657346  0.739326  0.636968
-0.932141   0.15898  0.325329   0.27762
-0.331392 -0.736628 -0.589541   1.46883
        0         0         0         1

 0.145785 -0.656111  0.740449  0.637627
-0.937624  0.147132  0.314981  0.282669
-0.315606 -0.740182 -0.593736   1.47582
        0         0         0         1

  0.14624 -0.654674  0.741631   0.63756
 -0.94034  0.140815  0.309728  0.284699
-0.307203  -0.74268 -0.595023    1.4792
        0         0         0         1

  0.14679  -0.65242  0.743506    0.6376
-0.944227   0.13157   0.30187  0.287529
-0.294769 -0.746349 -0.596719   1.48448
        0         0         0         1

 0.148536 -0.650318  0.744999  0.637015
-0.946698   0.12424  0.297201  0.289401
-0.285834 -0.749433 -0.597201   1.48838
        0         0         0         1

   0.1507 -0.648624   0.74604  0.636325
-0.949575  0.114913  0.291722  0.292031
-0.274948 -0.752384   -0.5986   1.49427
        0         0         0         1

 0.151515 -0.648836  0.745691  0.636044
-0.951586  0.108371  0.287645  0.294272
-0.267445 -0.753172 -0.601004    1.4989
        0         0         0         1

  0.15634 -0.652705  0.741305  0.634701
-0.955225 0.0909662  0.281549  0.299468
-0.251202 -0.752131 -0.609259    1.5134
        0         0         0         1

 0.160156 -0.652619  0.740567  0.633326
-0.956555 0.0825565  0.279618  0.301149
-0.243623 -0.753176 -0.611044   1.51903
        0         0         0         1

 0.163456 -0.654385  0.738283  0.632715
-0.958497 0.0718533  0.275899  0.304399
-0.233592  -0.75274 -0.615482    1.5278
        0         0         0         1

 0.166811 -0.654603  0.737339  0.631856
-0.959931  0.062968  0.273072  0.306544
-0.225182 -0.753346  -0.61787   1.53442
        0         0         0         1

 0.177955    -0.655  0.734375  0.628206
  -0.9631 0.0372016  0.266561  0.312067
-0.201917 -0.754712  -0.62421   1.55225
        0         0         0         1

 0.181156 -0.656351  0.732383  0.627238
-0.964446  0.027141  0.262881  0.314814
 -0.19242 -0.753967 -0.628099   1.56018
        0         0         0         1

 0.186221 -0.658534  0.729147  0.625654
-0.965858 0.0133446  0.258728  0.318281
-0.180111 -0.752433 -0.633565   1.57163
        0         0         0         1

  0.189251  -0.660266   0.726796   0.625022
 -0.966977 0.00335885   0.254843   0.321411
 -0.170705  -0.751024  -0.637826    1.58026
         0          0          0          1

 0.195021 -0.661308  0.724319  0.623124
-0.968093 -0.011303  0.250337  0.325432
-0.157363 -0.750029 -0.642412   1.59214
        0         0         0         1

  0.200665   -0.66261   0.721582   0.621581
 -0.968398 -0.0227993   0.248367   0.328443
 -0.148119  -0.748617  -0.646246    1.60117
         0          0          0          1

   0.21425  -0.663622    0.71673   0.618063
 -0.969336 -0.0540454   0.239721   0.337939
 -0.120348  -0.746113  -0.654853     1.6245
         0          0          0          1

  0.220525  -0.661794   0.716518   0.616094
 -0.969388 -0.0673919   0.236106   0.341787
 -0.107966   -0.74665  -0.656397    1.63354
         0          0          0          1

  0.228425  -0.661078   0.714701   0.613832
 -0.969122 -0.0843732   0.231698   0.347441
-0.0928688  -0.745558  -0.659938    1.64757
         0          0          0          1

  0.234115  -0.659682   0.714149   0.612099
 -0.968798 -0.0968243   0.228156   0.352054
-0.0813632  -0.745281  -0.661767    1.65785
         0          0          0          1

 0.248462 -0.655026  0.713588  0.607934
-0.967351 -0.129768    0.2177  0.365292
-0.0499978  -0.74438 -0.665882   1.68347
        0         0         0         1

 0.254914 -0.651673  0.714382  0.605582
 -0.96623 -0.142886  0.214438  0.370976
-0.037668  -0.74492  -0.66609   1.69338
        0         0         0         1

 0.261511  -0.65036  0.713193  0.604329
-0.964947 -0.159232   0.20862  0.380236
-0.0221148  -0.74275 -0.669204   1.70781
        0         0         0         1

 0.268251 -0.648208  0.712649  0.602451
-0.963288 -0.172168  0.205995   0.38676
-0.0108319 -0.741745 -0.670595   1.71828
        0         0         0         1

 0.276609 -0.644227  0.713064  0.600035
-0.960968 -0.189464  0.201602  0.396303
0.00522227 -0.740996 -0.671489   1.73252
        0         0         0         1

 0.283101 -0.642349  0.712209  0.598474
-0.958948 -0.202342  0.198685  0.403863
0.0164844  -0.73922 -0.673262    1.7432
        0         0         0         1

 0.299999 -0.634422  0.712397  0.593071
-0.952897 -0.234203  0.192709  0.423646
0.0445864 -0.736653 -0.674799   1.77099
        0         0         0         1

 0.306054 -0.631239  0.712649  0.591066
-0.950389 -0.246306  0.189984  0.432327
0.0556048 -0.735439 -0.675305    1.7817
        0         0         0         1

 0.312538 -0.626327  0.714167   0.58915
-0.947177 -0.262424  0.184362  0.445413
0.0719433 -0.734063  -0.67526   1.79575
        0         0         0         1

 0.315953 -0.621555  0.716829  0.587687
 -0.94481  -0.27512  0.177885  0.455817
0.0866485  -0.73347 -0.674176   1.80489
        0         0         0         1

 0.327971 -0.610548  0.720878  0.582006
-0.937849 -0.302087  0.170832   0.48023
 0.113467 -0.732103 -0.671678    1.8324
        0         0         0         1

 0.329597 -0.606958  0.723165  0.581433
-0.935521 -0.313117  0.163581  0.492292
 0.127148 -0.730452 -0.671024   1.84179
        0         0         0         1

 0.332974 -0.601477  0.726192   0.57914
-0.931718 -0.328309  0.155286  0.508045
 0.145014 -0.728312 -0.669725   1.85482
        0         0         0         1

 0.336073 -0.597702  0.727878  0.577547
-0.928586 -0.339452  0.149999  0.519848
 0.157425 -0.726308 -0.669099   1.86428
        0         0         0         1

 0.342496 -0.591563  0.729897  0.573973
-0.924188 -0.351905  0.148455  0.534183
 0.169034 -0.725407 -0.667242   1.87943
        0         0         0         1

 0.346526 -0.587127  0.731575  0.571488
-0.920602 -0.362543  0.145103  0.545829
 0.180033 -0.723771 -0.666141   1.88892
        0         0         0         1

 0.351172 -0.583091  0.732586   0.56969
-0.914096 -0.382929  0.133394  0.577915
 0.202748 -0.716498 -0.667476   1.91459
        0         0         0         1

 0.354124 -0.580482  0.733237  0.567373
 -0.91111 -0.390951  0.130525  0.589476
 0.210892 -0.714281 -0.667328   1.92599
        0         0         0         1

 0.361119 -0.576131  0.733257  0.562143
-0.904803 -0.406761  0.126005  0.606023
 0.225665 -0.708956 -0.668174   1.93686
        0         0         0         1

 0.361595 -0.574171  0.734559  0.560448
-0.902195 -0.414196  0.120358  0.619055
 0.235146 -0.706236 -0.667786   1.94659
        0         0         0         1

 0.368792 -0.572192  0.732522  0.555523
-0.893221 -0.436215  0.108958  0.654132
 0.257192 -0.694487 -0.671967   1.96986
        0         0         0         1

 0.373779 -0.571521  0.730515  0.553074
-0.889737 -0.443434  0.108326  0.666326
 0.262025 -0.690457  -0.67425   1.98022
        0         0         0         1

 0.376041 -0.572814  0.728339  0.551818
-0.884278 -0.456694 0.0973781  0.688088
 0.276848 -0.680672 -0.678263   1.98948
        0         0         0         1

 0.378865 -0.572878  0.726824  0.549405
 -0.88154  -0.46245 0.0950122  0.702001
 0.281689 -0.676721 -0.680221   1.99713
        0         0         0         1

 0.385486 -0.576945  0.720093   0.54866
-0.878096 -0.469118 0.0942082  0.720179
 0.283456 -0.668627 -0.687452   2.01256
        0         0         0         1

 0.389706 -0.574238  0.719986  0.544245
-0.875132 -0.474405 0.0953109  0.732259
 0.286834 -0.667226 -0.687412   2.02179
        0         0         0         1

 0.391373 -0.563504  0.727524  0.536151
-0.866198 -0.492505 0.0845028  0.770592
 0.310691 -0.663252 -0.680858   2.03706
        0         0         0         1

 0.391533 -0.557835  0.731793  0.532456
 -0.86372 -0.497052 0.0832229  0.784083
 0.317315 -0.664649 -0.676426   2.04543
        0         0         0         1

 0.388274 -0.553521  0.736789  0.531066
-0.861673 -0.501542 0.0772965  0.804594
 0.326746 -0.664883  -0.67169   2.05775
        0         0         0         1

 0.381752 -0.549097  0.743477  0.530097
-0.860311 -0.505121 0.0686837  0.821593
 0.337831 -0.665842 -0.665225   2.06091
        0         0         0         1

 0.362963 -0.529589  0.766677  0.521465
-0.865611 -0.496208 0.0670401  0.855408
 0.344928 -0.687977 -0.638523   2.08081
        0         0         0         1

 0.351016 -0.519066  0.779332   0.52005
-0.865066 -0.498325 0.0577269  0.872596
 0.358396 -0.694437 -0.623947   2.08267
        0         0         0         1

 0.336677 -0.476542  0.812131  0.511688
-0.856562 -0.513216 0.0539512  0.894429
 0.391088 -0.713805 -0.580976   2.08467
        0         0         0         1

  0.34123 -0.449936    0.8253  0.499137
-0.848354 -0.525515 0.0642619  0.905229
 0.404793 -0.722074 -0.561027   2.08818
        0         0         0         1

 0.350994 -0.459561  0.815847   0.49883
-0.843925 -0.532751  0.062979  0.922751
 0.405701  -0.71062 -0.574828   2.10448
        0         0         0         1

 0.353051 -0.473668  0.806842  0.499268
-0.839508 -0.541069 0.0497022  0.940706
 0.413015 -0.694898 -0.588673   2.10721
        0         0         0         1

   0.3431 -0.489651  0.801576  0.494871
-0.830534 -0.556756 0.0153942  0.983368
 0.438744 -0.671018 -0.597694   2.11252
        0         0         0         1

    0.334498    -0.492293     0.803591     0.496135
   -0.826486    -0.562956 -0.000847762      1.00204
    0.452804    -0.663873    -0.595181      2.11705
           0            0            0            1

  0.328621  -0.499031   0.801858   0.497742
 -0.822018  -0.569197 -0.0173536    1.02162
  0.465076  -0.653439  -0.597262    2.12824
         0          0          0          1

  0.326877  -0.496453   0.804168   0.484556
 -0.816116   -0.57736 -0.0246989    1.03261
  0.476556  -0.648221  -0.593889    2.13114
         0          0          0          1

  0.313628  -0.495082   0.810267   0.475781
 -0.794901  -0.603649 -0.0611558    1.07327
  0.519394  -0.624902  -0.582862    2.13025
         0          0          0          1

 0.312683 -0.493948  0.811323  0.473902
-0.787842 -0.612004 -0.068965   1.08705
 0.530598  -0.61763 -0.580516   2.13365
        0         0         0         1

  0.305977  -0.489249   0.816709   0.468641
 -0.783781  -0.616415 -0.0756227    1.10359
   0.54043  -0.616982  -0.572073    2.14545
         0          0          0          1

  0.296127  -0.489955    0.81991    0.47122
 -0.776985  -0.622825 -0.0915591    1.12275
  0.555521  -0.609945  -0.565123      2.139
         0          0          0          1

  0.292173  -0.488821   0.822003   0.465416
 -0.772265  -0.627584 -0.0987118    1.14062
  0.564128  -0.605963  -0.560863    2.14623
         0          0          0          1

 0.293303 -0.497057  0.816644  0.465378
-0.770434 -0.628657 -0.105931   1.15403
 0.566043   -0.5981 -0.567337   2.14936
        0         0         0         1

 0.289346 -0.503982  0.813806  0.457016
-0.764633  -0.63315 -0.120241   1.19048
 0.575861 -0.587472 -0.568561   2.15064
        0         0         0         1

