-0.0191999  -0.581719   0.813163   0.757938
  -0.99979 0.00529896 -0.0198157    1.07301
0.00721825  -0.813372  -0.581699    2.31829
         0          0          0          1

-0.0262808  -0.585469   0.810268   0.768973
 -0.999655   0.015607 -0.0211464    1.06195
-0.000265329  -0.810544  -0.585677    2.30268
         0          0          0          1

-0.0275635  -0.582614   0.812281   0.766729
 -0.999525  0.0272885 -0.0143444    1.04774
-0.0138086   -0.81229   -0.58309    2.29434
         0          0          0          1

-0.0233663  -0.586235   0.809804   0.764525
 -0.998623  0.0517422 0.00864271     1.0133
-0.0469677  -0.808487  -0.586637    2.27866
         0          0          0          1

-0.0181201 -0.585788  0.810262  0.762865
-0.997458 0.0664462 0.0257316  0.996074
-0.0689121 -0.807736 -0.585503   2.27165
        0         0         0         1

-0.0110568 -0.581182  0.813699   0.75803
-0.996402 0.0747892 0.0398785   0.97959
-0.0840325  -0.81033 -0.579918   2.25915
        0         0         0         1

-0.0125787 -0.580945  0.813846  0.758284
-0.994877 0.0889149 0.0480931  0.963965
-0.100302 -0.809072 -0.579087   2.25217
        0         0         0         1

-0.0149032 -0.577851  0.816006   0.75557
-0.993028  0.103995 0.0555073  0.945966
-0.116936  -0.80949 -0.575372   2.23772
        0         0         0         1

-0.0202092 -0.577315  0.816272  0.755854
 -0.99048  0.122754 0.0622964  0.930462
-0.136165 -0.807242 -0.574299   2.23482
        0         0         0         1

 -0.03013 -0.581414   0.81305  0.757964
-0.987033  0.145612 0.0675504  0.903342
-0.157665 -0.800472 -0.578262   2.21041
        0         0         0         1

-0.0309586 -0.585225   0.81028  0.757211
-0.984473   0.15799 0.0764942   0.88833
-0.172782 -0.795331  -0.58103   2.20457
        0         0         0         1

-0.0326811 -0.591919  0.805334  0.759391
-0.980833  0.173855 0.0879804   0.87236
-0.192089 -0.787023 -0.586256   2.19643
        0         0         0         1

-0.0284173 -0.588661   0.80788  0.753752
-0.978766   0.18052 0.0971074  0.860522
-0.203002 -0.787966 -0.581291   2.18306
        0         0         0         1

-0.0277461 -0.592754  0.804905  0.750863
-0.973144  0.200097  0.113811  0.833933
-0.228521 -0.780131 -0.582387   2.15672
        0         0         0         1

-0.0280602 -0.595022   0.80322  0.749537
-0.968858  0.213956  0.124651  0.819395
-0.246024 -0.774708 -0.582495   2.15066
        0         0         0         1

-0.0353014 -0.599003  0.799969  0.753731
-0.964866  0.228969   0.12887  0.806638
-0.260362 -0.767313  -0.58604   2.13714
        0         0         0         1

-0.0392359 -0.600249   0.79885  0.755286
-0.961851  0.239305   0.13257  0.796502
-0.270744 -0.763174  -0.58674   2.12617
        0         0         0         1

-0.0367891 -0.603489  0.796522  0.751726
-0.956958  0.250893  0.145892  0.781119
-0.287886 -0.756871 -0.586744   2.11488
        0         0         0         1

-0.040361 -0.606212  0.794279  0.753656
-0.952495  0.263501  0.152709  0.770842
-0.301868 -0.750383 -0.588049   2.10525
        0         0         0         1

-0.046814 -0.612712  0.788918  0.754574
-0.942095  0.289628  0.169036  0.747165
-0.332063 -0.735323 -0.590792   2.08048
        0         0         0         1

-0.0483815 -0.616897  0.785555  0.753912
-0.937003  0.300437  0.178224  0.735584
-0.345956 -0.727444  -0.59257   2.07163
        0         0         0         1

-0.0489155 -0.615788  0.786392  0.751526
-0.931562  0.312127  0.186467  0.723888
-0.360278 -0.723452 -0.588912   2.05649
        0         0         0         1

-0.0498451 -0.617871  0.784698  0.751141
-0.927086   0.32088  0.193771  0.715031
 -0.37152 -0.717824 -0.588814   2.04439
        0         0         0         1

-0.0590965 -0.618167  0.783822  0.754034
-0.913732  0.349696  0.206899  0.693792
-0.401997 -0.703977 -0.585504   2.02139
        0         0         0         1

-0.0601294 -0.616772  0.784842  0.753555
-0.908405  0.359714  0.213087  0.684805
-0.413745 -0.700142 -0.581908   2.01166
        0         0         0         1

-0.0615725 -0.613764  0.787085  0.754459
-0.902239  0.371448  0.219071  0.675611
-0.426819  -0.69665 -0.576632   1.99684
        0         0         0         1

-0.0627481 -0.610629  0.789427  0.755532
-0.896919  0.381416  0.223737  0.667795
 -0.43772 -0.694013 -0.571618   1.98583
        0         0         0         1

-0.0620748 -0.607259  0.792075   0.75459
-0.892362   0.38922  0.228469  0.659876
-0.447032 -0.692636 -0.566055   1.97045
        0         0         0         1

-0.0619425 -0.606758   0.79247  0.754686
-0.885607  0.399581  0.236719  0.651571
-0.460287 -0.687154   -0.5621   1.96197
        0         0         0         1

-0.0647497 -0.604257  0.794154  0.755229
-0.873295  0.419399  0.247911   0.63487
 -0.48287 -0.677479 -0.554851   1.93772
        0         0         0         1

-0.0700531 -0.603686  0.794139  0.757357
-0.867851  0.429414  0.249875  0.629434
 -0.49186  -0.67169 -0.553991   1.92707
        0         0         0         1

-0.0723227  -0.60452    0.7933  0.758019
-0.861986  0.438014  0.255196  0.622065
-0.501747 -0.665357 -0.552766   1.91418
        0         0         0         1

-0.0732905 -0.605868  0.792182  0.758268
-0.856301   0.44542  0.261438  0.615671
-0.511251 -0.659186  -0.55145   1.90401
        0         0         0         1

-0.0790729 -0.609456  0.788867  0.760804
-0.844351  0.461616  0.271997  0.602363
-0.529924 -0.644573 -0.551096   1.88192
        0         0         0         1

-0.0789166 -0.611508  0.787293  0.761008
-0.838684  0.467635  0.279155  0.596396
-0.538871  -0.63826 -0.549766   1.87325
        0         0         0         1

-0.0794163 -0.614065   0.78525  0.760891
-0.834405  0.471943  0.284671   0.59028
  -0.5454 -0.632609 -0.549859   1.86136
        0         0         0         1

-0.083751  -0.61619  0.783132  0.763687
-0.829888  0.478163  0.287481  0.586067
-0.551608 -0.625836 -0.551415   1.85221
        0         0         0         1

-0.0837995 -0.617937  0.781749  0.764048
-0.823367  0.484828  0.294973  0.579495
-0.561289 -0.618948 -0.549417   1.84207
        0         0         0         1

-0.0862403 -0.617787  0.781602  0.765933
 -0.81901  0.490658  0.297453  0.575299
-0.567262 -0.614488 -0.548288   1.83278
        0         0         0         1

-0.0843497 -0.620938  0.779308  0.767885
-0.808691  0.499588  0.310532  0.564748
-0.582154 -0.604026 -0.544287   1.81182
        0         0         0         1

-0.0842004 -0.622017  0.778464  0.769386
-0.803754  0.504165  0.315908  0.560896
-0.588974 -0.599093 -0.542399   1.80353
        0         0         0         1

-0.0852474 -0.623192  0.777409  0.771604
-0.799111  0.508794  0.320236  0.556762
-0.595109 -0.593937 -0.541373   1.79357
        0         0         0         1

-0.0877339  -0.62497  0.775703  0.773812
-0.794711  0.513425  0.323773  0.553548
-0.600614 -0.588054 -0.541715   1.78571
        0         0         0         1

-0.0899403 -0.628699   0.77243  0.777993
 -0.78823  0.519004  0.330649  0.547102
-0.608773 -0.579114 -0.542238   1.76633
        0         0         0         1

-0.0859571 -0.629204  0.772473   0.77674
-0.785423  0.519816  0.336009  0.543532
-0.612962 -0.577835 -0.538873    1.7578
        0         0         0         1

-0.0848569 -0.633457  0.769111   0.77801
-0.781598  0.521064  0.342925  0.539922
-0.617984 -0.572036 -0.539325   1.74907
        0         0         0         1

-0.0875534  -0.63609  0.766632  0.780571
-0.777911  0.524376  0.346243   0.53767
-0.622245 -0.566057 -0.540732    1.7433
        0         0         0         1

-0.0893085 -0.637654  0.765128  0.782676
-0.772876  0.528917  0.350584  0.534369
-0.628241 -0.560039 -0.540065   1.73617
        0         0         0         1

-0.0895177 -0.637457  0.765268  0.784466
 -0.77238  0.529535  0.350746  0.533168
-0.628821 -0.559679 -0.539762   1.72819
        0         0         0         1

-0.0885135 -0.637658  0.765217  0.787622
-0.768127  0.532791  0.355126  0.528717
 -0.63415 -0.556351 -0.536962   1.71389
        0         0         0         1

-0.0863391 -0.635571  0.767199   0.78884
-0.764853  0.535739  0.357748  0.526408
-0.638393 -0.555907 -0.532374   1.70918
        0         0         0         1

-0.0840169 -0.631458  0.770845  0.791575
-0.764302   0.53719   0.35675  0.525227
-0.639362 -0.559185 -0.527758   1.69991
        0         0         0         1

-0.0816051 -0.629318  0.772852  0.793773
-0.763491  0.537913  0.357394  0.523804
-0.640641 -0.560901 -0.524375     1.694
        0         0         0         1

-0.0769011 -0.624352  0.777348  0.796547
-0.760004  0.541356  0.359622  0.519706
-0.645353 -0.563132 -0.516141   1.68238
        0         0         0         1

-0.0758765 -0.620569  0.780472  0.798383
-0.758412  0.544078  0.358875    0.5186
-0.647344 -0.564689 -0.511929   1.67738
        0         0         0         1

-0.0742573 -0.619017  0.781859  0.799257
-0.756162  0.546101  0.360545  0.516291
-0.650157 -0.564439 -0.508629   1.67234
        0         0         0         1

-0.072341 -0.617373  0.783337   0.80036
-0.756103  0.546142  0.360606  0.515396
-0.650442 -0.566197 -0.506306   1.66772
        0         0         0         1

-0.0692674 -0.615181  0.785337  0.801661
 -0.75752  0.544677  0.359849  0.514186
-0.649127 -0.569983  -0.50374   1.66163
        0         0         0         1

-0.0677442 -0.613535  0.786756  0.802841
-0.757451  0.544877   0.35969    0.5129
-0.649367 -0.571563 -0.501635   1.65791
        0         0         0         1

-0.0654819 -0.607197  0.791848  0.806914
-0.758629  0.545798  0.355789  0.511055
-0.648224 -0.577422 -0.496377   1.64843
        0         0         0         1

-0.063976 -0.605543  0.793237  0.807548
 -0.75804  0.546464  0.356024  0.509518
-0.649063 -0.578528 -0.493986   1.64601
        0         0         0         1

-0.0613754 -0.602856  0.795486  0.807727
-0.758175  0.546506  0.355671  0.507867
-0.649156 -0.581288 -0.490613   1.64211
        0         0         0         1

-0.0587385 -0.599712  0.798057  0.808085
-0.758995  0.546114  0.354522  0.506927
-0.648442 -0.584897 -0.487256   1.63816
        0         0         0         1

-0.0551101 -0.594337  0.802325  0.810641
-0.759073  0.546967  0.353037  0.504854
-0.648669 -0.589568 -0.481289   1.63166
        0         0         0         1

-0.0537322 -0.594893  0.802007  0.811139
-0.758207  0.546956   0.35491  0.503513
-0.649796 -0.589017 -0.480442    1.6298
        0         0         0         1

-0.0521989 -0.595346  0.801772  0.811303
-0.757384  0.546884  0.356773   0.50177
-0.650879 -0.588627 -0.479452   1.62752
        0         0         0         1

-0.0517644 -0.595587  0.801621  0.811913
-0.757586  0.546419  0.357057  0.500725
-0.650679 -0.588814 -0.479494   1.62488
        0         0         0         1

-0.0524639 -0.594926  0.802066  0.813376
-0.758426  0.546233  0.355554  0.500146
-0.649644 -0.589655 -0.479865   1.62161
        0         0         0         1

-0.0514783 -0.596134  0.801233  0.812879
-0.757176   0.54643  0.357908  0.498544
-0.651179  -0.58825 -0.479508   1.62045
        0         0         0         1

-0.0499537 -0.590687  0.805353  0.812978
-0.756504  0.548845  0.355627  0.496644
-0.652078 -0.591488 -0.474274   1.61575
        0         0         0         1

-0.0501501 -0.589958  0.805875  0.813468
-0.756555  0.549199  0.354972  0.496119
-0.652005 -0.591887 -0.473878   1.61373
        0         0         0         1

-0.0508592 -0.588362  0.806996   0.81473
-0.755946  0.550735  0.353887  0.495397
-0.652655 -0.592047  -0.47278    1.6124
        0         0         0         1

-0.050031 -0.586294  0.808552  0.814422
-0.756325  0.550966  0.352715  0.494804
 -0.65228 -0.593882 -0.470994   1.61025
        0         0         0         1

-0.0481095 -0.586306   0.80866  0.814278
-0.756574   0.54997  0.353736  0.493089
-0.652136 -0.594793 -0.470043   1.60767
        0         0         0         1

-0.0474767 -0.587625  0.807739  0.814524
-0.757596  0.548205  0.354286  0.492744
-0.650995  -0.59512 -0.471209   1.60655
        0         0         0         1

-0.0474934 -0.588297  0.807249  0.814338
-0.758693  0.546913  0.353936  0.492112
-0.649715 -0.595644 -0.472312   1.60579
        0         0         0         1

-0.0475622 -0.587283  0.807983  0.814496
-0.759615  0.546538  0.352536  0.492097
-0.648632 -0.596989 -0.472103   1.60457
        0         0         0         1

-0.0483514 -0.585592  0.809162  0.815827
-0.760618  0.546663   0.35017   0.49239
-0.647397 -0.598532 -0.471844   1.60325
        0         0         0         1

-0.0479144 -0.584998  0.809618  0.815084
-0.761149  0.546254  0.349656  0.491966
-0.646805 -0.599486 -0.471444    1.6028
        0         0         0         1

-0.047132 -0.586457  0.808608  0.814669
-0.762754  0.543818  0.349955  0.491208
-0.644969 -0.600274 -0.472954   1.60183
        0         0         0         1

-0.0468091 -0.587091  0.808167  0.814483
-0.763276  0.542928    0.3502  0.491105
-0.644375 -0.600461 -0.473526    1.6021
        0         0         0         1

-0.045721   -0.5873  0.808077  0.814117
-0.764223  0.541513  0.350325  0.491132
 -0.64333 -0.601533 -0.473587   1.60158
        0         0         0         1

-0.0449845 -0.585969  0.809084  0.814418
-0.765008  0.541055  0.349318  0.491359
-0.642448 -0.603242  -0.47261   1.60151
        0         0         0         1

-0.0414648 -0.581351  0.812596  0.813642
-0.767144   0.53959   0.34689  0.491636
-0.640134 -0.608994 -0.468353   1.60181
        0         0         0         1

-0.0396879 -0.579094  0.814294  0.812986
 -0.76708  0.539891  0.346563  0.491672
-0.640322 -0.610875 -0.465639   1.60236
        0         0         0         1

-0.0378016 -0.575291  0.817075  0.812381
-0.767989  0.539867  0.344582  0.492067
-0.639347 -0.614478 -0.462225   1.60266
        0         0         0         1

-0.0353784 -0.571793  0.819635  0.811625
-0.768321  0.540035  0.343576  0.492349
-0.639086 -0.617587 -0.458426   1.60319
        0         0         0         1

-0.0334411  -0.56849   0.82201  0.810716
-0.769201  0.539777  0.342009  0.492914
-0.638131 -0.620855 -0.455334   1.60373
        0         0         0         1

-0.0333025 -0.566036  0.823707  0.810087
 -0.76946  0.540486  0.340303  0.493515
-0.637826 -0.622477 -0.453542   1.60498
        0         0         0         1

-0.033225 -0.559576  0.828113  0.808952
-0.771693    0.5409  0.334539  0.495765
-0.635126 -0.627934 -0.449793   1.60803
        0         0         0         1

-0.0336594 -0.556544  0.830136  0.808341
-0.771816  0.542171   0.33219  0.496807
-0.634954 -0.629532 -0.447798    1.6102
        0         0         0         1

-0.0315706 -0.551881  0.833325  0.806563
 -0.77347  0.541549  0.329345  0.498054
-0.633046 -0.634155 -0.443961    1.6117
        0         0         0         1

-0.033178 -0.548486  0.835501  0.806949
 -0.77457  0.542409   0.32532   0.49961
-0.631617 -0.636361 -0.442837   1.61328
        0         0         0         1

-0.0313365  -0.54303  0.839128  0.805915
-0.778014  0.540293  0.320589  0.502627
-0.627465 -0.642807 -0.439416   1.61757
        0         0         0         1

-0.0294864 -0.542481  0.839551   0.80464
-0.778471  0.539309  0.321136   0.50345
-0.626987 -0.644097 -0.438208   1.62047
        0         0         0         1

-0.0292524 -0.541392  0.840262  0.804278
-0.780387  0.537657  0.319251  0.505212
-0.624612  -0.64639 -0.438223   1.62305
        0         0         0         1

-0.0279457 -0.540323  0.840993   0.80403
-0.781263  0.536639   0.31882  0.506677
-0.623576 -0.648127 -0.437131   1.62597
        0         0         0         1

-0.0271885  -0.54065  0.840808  0.803329
-0.782249   0.53519  0.318839  0.508282
-0.622372 -0.649052 -0.437474   1.63038
        0         0         0         1

-0.0285498 -0.539861   0.84127  0.804111
-0.783708    0.5345  0.316404  0.510324
-0.620473 -0.650277 -0.438353   1.63365
        0         0         0         1

-0.0248564   -0.5377   0.84277  0.802004
-0.788424  0.528855  0.314164  0.514637
-0.614629 -0.656651 -0.437081    1.6405
        0         0         0         1

-0.0253547 -0.535739  0.844003  0.802356
-0.790078  0.528008  0.311423  0.516915
-0.612481 -0.658932 -0.436663    1.6442
        0         0         0         1

-0.0223817 -0.532488  0.846141  0.801071
-0.792385  0.525524   0.30976  0.519381
-0.609611 -0.663536 -0.433698   1.64827
        0         0         0         1

-0.0213241  -0.52964  0.847955  0.800443
-0.793786   0.52461  0.307714  0.521674
-0.607823 -0.666533 -0.431608   1.65212
        0         0         0         1

-0.0192808 -0.523935   0.85154  0.798971
-0.797784  0.521421  0.302756  0.527477
-0.602636 -0.673507  -0.42804   1.66154
        0         0         0         1

-0.0160085 -0.520626  0.853635  0.797345
-0.800678  0.518031  0.300929  0.530134
-0.598881 -0.678669 -0.425147   1.66498
        0         0         0         1

-0.0145895 -0.517684  0.855447  0.796484
-0.804333   0.51432  0.297529  0.534156
   -0.594 -0.683723 -0.423894    1.6692
        0         0         0         1

-0.0142297 -0.516037  0.856448  0.795945
-0.806556  0.512176  0.295201  0.537283
-0.590987 -0.686572 -0.423501    1.6738
        0         0         0         1

-0.0112404 -0.514397  0.857479  0.794207
-0.809259  0.508379  0.294366  0.540899
-0.587345 -0.690613 -0.421995   1.67975
        0         0         0         1

-0.0085075 -0.513072  0.858303  0.792717
-0.812544  0.503835  0.293126  0.544444
-0.582838 -0.694915  -0.42118   1.68342
        0         0         0         1

-0.00413165 -0.512203  0.858855  0.790491
-0.818209    0.4955   0.29157  0.552186
-0.574906 -0.701518 -0.421136   1.69493
        0         0         0         1

-0.00108624 -0.512746  0.858539  0.788909
 -0.82153  0.489966  0.291584  0.555837
-0.570164 -0.704999 -0.421769   1.69967
        0         0         0         1

0.000745029 -0.512731  0.858549  0.788273
-0.824804  0.485124  0.290435  0.560429
-0.565418 -0.708352 -0.422541   1.70574
        0         0         0         1

0.00306472 -0.513222   0.85825   0.78748
-0.827631  0.480407  0.290233   0.56422
-0.561264 -0.711204 -0.423287   1.71144
        0         0         0         1

0.00829652 -0.512819  0.858457  0.784909
-0.835968  0.467524  0.287365   0.57507
-0.548715 -0.720026 -0.424822     1.723
        0         0         0         1

0.0104411 -0.512902  0.858384  0.783872
-0.838617  0.463054  0.286885  0.579262
-0.544622 -0.722851 -0.425293   1.72916
        0         0         0         1

 0.013748 -0.513142  0.858194  0.781956
 -0.84253  0.456258  0.286308  0.584557
-0.538474  -0.72699 -0.426065   1.73659
        0         0         0         1

0.0160359 -0.513549  0.857911  0.781464
-0.846188  0.450108  0.285253  0.589737
-0.532644 -0.730527 -0.427341   1.74235
        0         0         0         1

0.0181772 -0.514265  0.857439  0.780024
-0.851579  0.441408  0.282795  0.596219
-0.523912 -0.735317 -0.429913   1.74833
        0         0         0         1

0.0196318 -0.515241   0.85682  0.778899
-0.854229  0.436668  0.282159  0.601229
-0.519526  -0.73746 -0.431562    1.7555
        0         0         0         1

0.0229692  -0.51853  0.854751  0.777972
-0.860127  0.425529  0.281259  0.612728
-0.509563 -0.741655 -0.436227   1.77162
        0         0         0         1

0.0237858  -0.51838   0.85482  0.777823
-0.864817  0.418286  0.277721  0.619211
-0.501524 -0.745868 -0.438354   1.77729
        0         0         0         1

 0.027356 -0.519929  0.853771  0.776342
-0.869393   0.40916  0.277027   0.62657
-0.493363 -0.749841  -0.44083   1.78554
        0         0         0         1

0.0298937 -0.520862  0.853117  0.775192
 -0.87289  0.402236  0.276168  0.632531
   -0.487 -0.752933 -0.442631   1.79217
        0         0         0         1

0.0315288 -0.522726  0.851917  0.774669
-0.877142   0.39417   0.27432  0.639886
-0.479194 -0.755902 -0.446078   1.80087
        0         0         0         1

0.0350582 -0.523063  0.851573  0.772814
-0.881482  0.385328   0.27297  0.645978
-0.470915 -0.760215 -0.447562   1.80771
        0         0         0         1

0.0384798 -0.524306   0.85066  0.771958
 -0.89025  0.368651   0.26749  0.661198
-0.453843 -0.767593 -0.452578   1.82499
        0         0         0         1

0.0399625 -0.526168  0.849441  0.771052
-0.894178  0.360561  0.265409  0.667667
-0.445925 -0.770158 -0.456079   1.83279
        0         0         0         1

0.0404986 -0.526287  0.849342  0.771635
-0.900347  0.349389  0.259426  0.677804
-0.433283 -0.775209 -0.459692   1.84066
        0         0         0         1

0.0434871 -0.529541  0.847169  0.769937
-0.901228  0.345163  0.262013  0.682565
-0.431158 -0.774886 -0.462227   1.85207
        0         0         0         1

0.0435818  -0.52943  0.847233  0.771144
-0.911386  0.326311  0.250791  0.702006
-0.409238 -0.783087 -0.468294   1.86906
        0         0         0         1

0.0476508 -0.527975  0.847922  0.768475
-0.914323  0.318732  0.249847  0.708868
-0.402173  -0.78718 -0.467552   1.87681
        0         0         0         1

0.0524737 -0.526486  0.848563  0.765598
-0.918845  0.307346  0.247511  0.718048
-0.391114 -0.792686 -0.467632    1.8873
        0         0         0         1

0.0503066 -0.524744  0.849772    0.7683
-0.924015  0.298454     0.239  0.728339
-0.379032 -0.797226 -0.469857   1.89306
        0         0         0         1

0.0549273 -0.524916   0.84938  0.765816
-0.926282  0.290826  0.239631   0.73655
-0.372807 -0.799927 -0.470246   1.90579
        0         0         0         1

0.0598772 -0.522414  0.850587  0.763432
  -0.9293  0.281929  0.238574   0.74385
 -0.36444 -0.804736 -0.468598   1.91326
        0         0         0         1

0.0605118 -0.523267  0.850018  0.765716
-0.937055  0.263614  0.228988   0.76473
-0.343898  -0.81037 -0.474378   1.93442
        0         0         0         1

 0.058544 -0.525435  0.848817  0.767833
-0.938873   0.25997  0.225682  0.773198
-0.339249 -0.810144 -0.478097   1.94472
        0         0         0         1

0.0627773 -0.523638  0.849625  0.765352
-0.944145  0.244779  0.220623  0.785116
-0.323497 -0.816019 -0.479024   1.95266
        0         0         0         1

 0.062289  -0.52239  0.850428  0.765467
-0.947888  0.235792  0.214267   0.79496
-0.312455 -0.819458  -0.48048    1.9607
        0         0         0         1

0.0650618 -0.522589  0.850099  0.763151
-0.953838  0.217729  0.206848  0.815306
-0.293188 -0.824315   -0.4843   1.98406
        0         0         0         1

0.0666089  -0.52008  0.851516   0.76188
-0.957683  0.206174  0.200839  0.825532
-0.280013  -0.82886 -0.484339    1.9904
        0         0         0         1

0.0685988 -0.519848    0.8515  0.759574
-0.960301  0.196926  0.197589  0.835477
-0.270399 -0.831251 -0.485702    2.0029
        0         0         0         1

0.0654937 -0.520368  0.851427   0.76322
-0.963065  0.190371  0.190431  0.846667
-0.261181 -0.832452 -0.488681   2.01218
        0         0         0         1

 0.064588 -0.520685  0.851302  0.764153
-0.966616  0.179325  0.183018  0.860106
-0.247955 -0.834703 -0.491721   2.02348
        0         0         0         1

0.0629478 -0.518965  0.852475  0.766711
-0.969722  0.170146  0.175186  0.871296
 -0.23596 -0.837691 -0.492541   2.02965
        0         0         0         1

0.0635086 -0.518702  0.852593  0.767724
-0.973667  0.155229  0.166966  0.893278
-0.218952 -0.840745 -0.495184   2.05671
        0         0         0         1

0.0621372 -0.520956  0.851319  0.769677
-0.975976  0.146754   0.16104  0.904963
-0.208829 -0.840874 -0.499321   2.06547
        0         0         0         1

0.0664602 -0.515396  0.854371  0.763809
-0.978735  0.132867  0.156286   0.91736
-0.194066 -0.846589 -0.495605   2.07475
        0         0         0         1

0.0658361 -0.514992  0.854663  0.764762
-0.980756  0.124376  0.150494  0.928996
-0.183803 -0.848124 -0.496893   2.08412
        0         0         0         1

0.0589508 -0.517232  0.853813  0.771839
-0.985825  0.104419  0.131322  0.957062
-0.157078 -0.849451 -0.503744   2.10343
        0         0         0         1

0.0586751 -0.517994  0.853369  0.771184
 -0.98768 0.0941049  0.125031  0.968928
-0.145072 -0.850192 -0.506091   2.11274
        0         0         0         1

0.0557253 -0.522188  0.851008  0.774233
-0.989271 0.0864081    0.1178  0.982518
-0.135048 -0.848442  -0.51177   2.12417
        0         0         0         1

0.0586989 -0.521522  0.851217  0.770222
-0.989718 0.0810092  0.117882  0.989861
-0.130435 -0.849384 -0.511404   2.13906
        0         0         0         1

0.0597926 -0.521941  0.850883  0.768585
-0.991494 0.0676622  0.111178   1.00502
-0.115601 -0.850294 -0.513456   2.14627
        0         0         0         1

0.0641049 -0.521763  0.850678  0.763947
-0.992327 0.0569779  0.109727   1.01602
-0.105721 -0.851185 -0.514108   2.15407
        0         0         0         1

0.0503999 -0.523803  0.850347  0.767215
-0.996093 0.0354602 0.0808812   1.04845
-0.0725194 -0.851101 -0.519969   2.16814
        0         0         0         1

0.0453884 -0.531682  0.845727    0.7744
-0.996898 0.0303905 0.0726069   1.06117
-0.0643058 -0.846399 -0.528653   2.17604
        0         0         0         1

0.0452599 -0.538916  0.841143  0.773658
-0.996827 0.0308284 0.0733886   1.06952
-0.0654814 -0.841795 -0.535811   2.19668
        0         0         0         1

0.0431723 -0.540615  0.840162  0.769873
-0.997547 0.0230547 0.0660946   1.07921
-0.0551014 -0.840954 -0.538294   2.20228
        0         0         0         1

 0.0295379  -0.556236   0.830499   0.779336
 -0.999099 0.00889631  0.0414928    1.11007
-0.0304682  -0.830977  -0.555472    2.21805
         0          0          0          1

 0.0325662  -0.558966   0.828551   0.770649
 -0.999172 0.00202191  0.0406365    1.11873
-0.0243897  -0.829188  -0.558437    2.22816
         0          0          0          1

  0.0251345    -0.56639    0.823754    0.772534
   -0.99957 -0.00180614   0.0292572       1.134
 -0.0150831   -0.824136   -0.566192     2.24297
          0           0           0           1

 0.0143083  -0.577109   0.816542   0.782307
 -0.999871 -0.0022946  0.0158991    1.14704
-0.00730186  -0.816664  -0.577067    2.25109
         0          0          0          1

  0.0044479    -0.58535    0.810768    0.783212
  -0.999972 -0.00751689 5.89105e-05     1.16186
 0.00605998   -0.810746   -0.585367      2.2607
          0           0           0           1

 0.00678403   -0.586851    0.809667    0.776187
  -0.999805  -0.0189947 -0.00539028     1.17291
  0.0185427   -0.809472   -0.586865     2.26611
          0           0           0           1

