  0.301256 -0.0251023   0.953213   0.749648
  -0.95065 -0.0857208   0.298189    1.05775
 0.0742249  -0.996003 -0.0496874     1.8438
         0          0          0          1

  0.290399 -0.0219777   0.956653   0.748667
  -0.95484 -0.0723158   0.288187    1.05067
 0.0628475   -0.99714 -0.0419856    1.83757
         0          0          0          1

  0.268093 -0.0207928   0.963169    0.74644
 -0.962641 -0.0452716   0.266969    1.03581
 0.0380532  -0.998758  -0.032153     1.8267
         0          0          0          1

  0.258895 -0.0167414    0.96576   0.743452
 -0.965477 -0.0342671   0.258225    1.02866
 0.0287708  -0.999272 -0.0250351    1.81805
         0          0          0          1

   0.248238  -0.0129465    0.968613     0.73565
  -0.968597   0.0111904    0.248383    0.999386
 -0.0140548   -0.999854 -0.00976203     1.80001
          0           0           0           1

   0.249858  -0.0105616    0.968225    0.735709
  -0.968035   0.0198755    0.250026    0.992912
 -0.0218847   -0.999747 -0.00525789     1.79322
          0           0           0           1

   0.249142 -0.00358739     0.96846    0.739974
  -0.967633   0.0405715    0.249079    0.981111
 -0.0401854    -0.99917  0.00663677     1.77842
          0           0           0           1

   0.253076 0.000743382    0.967446    0.737612
  -0.966017   0.0545414     0.25266    0.973929
  -0.052578   -0.998511   0.0145212     1.77254
          0           0           0           1

 0.255927 0.0107303  0.966637  0.735007
-0.963506 0.0840045  0.254166  0.960634
-0.0784745 -0.996408 0.0318377   1.75829
        0         0         0         1

 0.254957 0.0131684  0.966863  0.732714
-0.962756 0.0965117  0.252559  0.955297
-0.0899878 -0.995245 0.0372843   1.74997
        0         0         0         1

  0.259148 0.00405801   0.965829   0.725323
 -0.955518   0.146869   0.255764    0.93341
 -0.140812  -0.989148  0.0419382    1.72741
         0          0          0          1

  0.258852 0.00237061   0.965914   0.727024
  -0.95417   0.156107   0.255322   0.928835
 -0.150181  -0.987737  0.0426706    1.71925
         0          0          0          1

  0.260561 0.00337446   0.965452   0.727722
 -0.949974   0.179269   0.255757    0.91828
 -0.172212  -0.983794   0.049916    1.70606
         0          0          0          1

  0.262161 0.00221639   0.965022   0.728396
 -0.946921   0.193375     0.2568   0.912851
 -0.186042  -0.981122  0.0527942    1.70227
         0          0          0          1

  0.270706 0.00805735   0.962628   0.724223
 -0.937482   0.229421   0.261714   0.896028
 -0.218738  -0.973294  0.0696591    1.67764
         0          0          0          1

  0.269132 0.00771384   0.963073   0.724715
 -0.935516   0.239715   0.259511   0.891452
 -0.228861  -0.970813  0.0717313     1.6728
         0          0          0          1

  0.263454 0.00858532   0.964634   0.726152
 -0.931217   0.263322   0.251984   0.882364
 -0.251846   -0.96467  0.0773679    1.66259
         0          0          0          1

 0.266217 0.0103125  0.963858  0.722878
-0.928648  0.270746  0.253595  0.877526
-0.258345 -0.962596 0.0816538   1.65545
        0         0         0         1

  0.260518 0.00509976   0.965455   0.723649
 -0.922588   0.296025   0.247387   0.865069
 -0.284537  -0.955167  0.0818248    1.63207
         0          0          0          1

 0.261447 0.0035745  0.965211  0.722083
-0.920358   0.30224  0.248178  0.861612
-0.290838 -0.953225 0.0823093   1.62592
        0         0         0         1

  0.260863 0.00027366   0.965376   0.722128
 -0.915404   0.317636    0.24727   0.854768
  -0.30657  -0.948213    0.08311    1.61433
         0          0          0          1

   0.260872 -0.00112327    0.965373    0.723384
  -0.912422    0.326351    0.246943    0.851653
  -0.315327   -0.945248   0.0841108     1.60976
          0           0           0           1

   0.264833 -0.00374947    0.964287    0.722262
  -0.905257    0.343557    0.249957    0.844216
  -0.332225   -0.939124   0.0875911     1.59904
          0           0           0           1

   0.265274 -0.00383763    0.964165    0.721577
  -0.901516    0.353618    0.249445    0.840921
  -0.341904   -0.935382   0.0903459     1.59532
          0           0           0           1

   0.259835 -0.00348419    0.965647     0.72221
  -0.894032    0.377066    0.241925    0.831153
  -0.364955    -0.92618   0.0948599     1.57416
          0           0           0           1

   0.260518 -0.00599016     0.96545    0.720825
  -0.889935    0.386254    0.242537    0.828108
  -0.374362   -0.922373   0.0952951     1.57093
          0           0           0           1

   0.257213 -0.00722405    0.966328    0.721367
  -0.884875    0.400128    0.238524     0.82288
  -0.388378   -0.916431   0.0965259     1.56034
          0           0           0           1

   0.254623 -0.00769578     0.96701    0.722888
  -0.882445    0.407167    0.235597    0.821419
  -0.395548   -0.913321   0.0968832     1.55638
          0           0           0           1

   0.25243 -0.0108367   0.967554   0.723473
  -0.87355   0.427508   0.232693    0.81374
 -0.416159  -0.903946  0.0984497    1.54005
         0          0          0          1

  0.252021 -0.0125644    0.96764   0.724688
 -0.870013   0.434904   0.232241   0.811965
 -0.423749  -0.900389  0.0986739    1.53735
         0          0          0          1

  0.255107 -0.0154206    0.96679   0.723782
 -0.863097   0.447097   0.234877   0.807173
 -0.435871  -0.894352   0.100748    1.52933
         0          0          0          1

  0.254429 -0.0140019    0.96699   0.725006
 -0.861903   0.450216   0.233299   0.805763
 -0.438621   -0.89281    0.10248    1.52379
         0          0          0          1

  0.252662 -0.0109715   0.967492   0.726358
 -0.858274   0.459092   0.229346   0.802248
 -0.446684  -0.888321   0.106579    1.51469
         0          0          0          1

   0.25004 -0.0108695   0.968174     0.7284
 -0.855659   0.465487   0.226208   0.800579
 -0.453132  -0.884988    0.10709    1.51227
         0          0          0          1

 0.251589 -0.003185  0.967829  0.729612
-0.849841  0.477773  0.222491  0.794955
-0.463112 -0.878477  0.117496   1.49719
        0         0         0         1

   0.25422 8.8996e-05   0.967146   0.728629
 -0.847701   0.481427   0.222779    0.79307
  -0.46559  -0.876486   0.122464    1.49294
         0          0          0          1

  0.253643 0.00705669   0.967272   0.731557
 -0.843338   0.491374    0.21756   0.790448
 -0.473757   -0.87092   0.130585    1.48659
         0          0          0          1

0.255518 0.010353 0.966749 0.731851
-0.841302 0.495072  0.21706  0.78905
-0.476363 -0.86879  0.13521  1.48293
       0        0        0        1

  0.26301 0.0227429  0.964525  0.734756
-0.833906  0.508133  0.215411  0.784742
-0.485208 -0.860979  0.152609   1.46837
        0         0         0         1

 0.266184 0.0236333  0.963633  0.734642
-0.830586  0.512935  0.216852  0.783461
-0.489156 -0.858102  0.156164   1.46592
        0         0         0         1

 0.273977 0.0242183  0.961431   0.73434
-0.823527  0.522236  0.221524  0.779982
-0.496729 -0.852457  0.163025   1.46055
        0         0         0         1

 0.277179  0.023784  0.960524  0.734965
-0.820834  0.525472  0.223857  0.779066
-0.499404 -0.850479  0.165172   1.45766
        0         0         0         1

 0.280727 0.0230757   0.95951  0.738036
-0.817876   0.52891  0.226568  0.777384
-0.502266 -0.848364  0.167352   1.45002
        0         0         0         1

 0.282277 0.0218096  0.959085  0.739216
-0.816281  0.530678   0.22818  0.776494
-0.503989 -0.847293  0.167601   1.44643
        0         0         0         1

 0.289252 0.0167866  0.957106  0.740241
-0.807895  0.540586  0.234677  0.772564
-0.513459 -0.841121  0.169927   1.43673
        0         0         0         1

 0.288977 0.0185757  0.957156  0.742129
-0.806642  0.543178  0.232994  0.772361
-0.515578 -0.839412   0.17195   1.43491
        0         0         0         1

 0.289996 0.0221696  0.956771  0.743711
-0.804417  0.547256  0.231137   0.77152
-0.518475 -0.836671  0.176536     1.429
        0         0         0         1

 0.289978 0.0238021  0.956737  0.744247
-0.804359  0.547751  0.230167  0.770631
-0.518575 -0.836303  0.177981   1.42554
        0         0         0         1

 0.290618 0.0276586  0.956439   0.74424
-0.803098  0.550456  0.228107  0.769068
-0.520168 -0.834406  0.182185   1.42048
        0         0         0         1

 0.288644  0.030083  0.956964  0.746193
 -0.80218  0.553242  0.224566  0.768569
-0.522677 -0.832477  0.183822   1.41913
        0         0         0         1

 0.289534 0.0438196  0.956164  0.749291
-0.800005   0.55953  0.216606  0.766708
-0.525511 -0.827651  0.197059   1.41131
        0         0         0         1

 0.291095 0.0484306  0.955467  0.749622
-0.799822  0.560305  0.215275  0.766001
-0.524927 -0.826869  0.201838   1.40877
        0         0         0         1

 0.297398 0.0545903  0.953192  0.748128
-0.798285  0.561872  0.216888  0.764365
-0.523732 -0.825421  0.210678   1.40361
        0         0         0         1

 0.300911 0.0578144  0.951898  0.749011
-0.797412   0.56272  0.217898  0.764051
-0.523055 -0.824623  0.215431   1.40152
        0         0         0         1

 0.313298 0.0688722  0.947154  0.752627
-0.794402  0.565506   0.22165  0.762745
-0.520356 -0.821864  0.231884   1.39427
        0         0         0         1

 0.315696 0.0689207  0.946354  0.753175
 -0.79209  0.568271  0.222849  0.762112
-0.522427  -0.81995  0.233992   1.39377
        0         0         0         1

 0.321008 0.0701159  0.944478  0.754161
-0.787529  0.573707  0.225074  0.761022
-0.526072 -0.816054  0.239383   1.39263
        0         0         0         1

 0.324215 0.0725001  0.943201  0.754527
-0.786698  0.574377  0.226269   0.76096
-0.525348 -0.815374  0.243257   1.39063
        0         0         0         1

 0.329382 0.0785698  0.940922  0.756802
-0.785389  0.575939  0.226843  0.760546
-0.524091 -0.813708  0.251412   1.38744
        0         0         0         1

 0.333844  0.082512   0.93901   0.75635
-0.784948  0.575899  0.228466  0.760382
-0.521924 -0.813346  0.257028   1.38559
        0         0         0         1

 0.344639  0.100027  0.933391  0.759563
-0.788016  0.571179  0.229751  0.760308
-0.510152 -0.814708  0.275673   1.37914
        0         0         0         1

  0.34659   0.10072  0.932594  0.759298
 -0.78758  0.571277  0.230999  0.759985
-0.509503 -0.814554  0.277324   1.37944
        0         0         0         1

 0.349221  0.100743  0.931609  0.759062
-0.788035    0.5695  0.233817  0.759131
-0.506996 -0.815794   0.27827   1.37941
        0         0         0         1

0.352246 0.101175 0.930423 0.757704
-0.788635 0.567405 0.236867 0.758569
-0.503961  -0.8172 0.279657   1.3784
       0        0        0        1

 0.354318  0.105517  0.929153  0.757985
-0.791452  0.563047  0.237867  0.757523
-0.498058 -0.819661   0.28301   1.37791
        0         0         0         1

 0.355104  0.107769  0.928594  0.757621
-0.791869  0.562606  0.237525  0.757099
-0.496835 -0.819671  0.285122   1.37801
        0         0         0         1

 0.356457  0.113688  0.927369   0.75766
-0.792864    0.5619  0.235872  0.756468
-0.494272 -0.819356  0.290432   1.37829
        0         0         0         1

 0.356238  0.117469  0.926982  0.758304
 -0.79416  0.560796   0.23413   0.75653
-0.492345 -0.819578  0.293066    1.3778
        0         0         0         1

 0.357093  0.121104  0.926185  0.757928
-0.794868  0.560174  0.233217  0.755965
-0.490581 -0.819475  0.296296   1.37746
        0         0         0         1

 0.356233  0.122538  0.926327  0.758418
-0.796498  0.558165   0.23247  0.756194
-0.488557 -0.820632  0.296438   1.37684
        0         0         0         1

 0.353115  0.121843  0.927612  0.758494
-0.798401  0.556101  0.230883  0.755109
-0.487715 -0.822135  0.293647   1.37739
        0         0         0         1

 0.351939  0.122755  0.927939  0.758656
-0.799625  0.554754  0.229886   0.75502
-0.486558 -0.822909  0.293397   1.37728
        0         0         0         1

 0.350913  0.123561   0.92822  0.758047
-0.801305  0.552534  0.229382  0.754308
-0.484531 -0.824281  0.292901   1.37719
        0         0         0         1

 0.349233  0.123419  0.928872  0.758439
 -0.80178  0.552396  0.228053  0.754024
-0.484959 -0.824395  0.291869   1.37761
        0         0         0         1

0.346047 0.125161 0.929831 0.758553
-0.80428 0.549884 0.225304 0.753212
 -0.4831 -0.82581  0.29095  1.37823
       0        0        0        1

 0.345744  0.126001   0.92983  0.758489
-0.804781  0.549356  0.224803  0.752942
-0.482482 -0.826034   0.29134   1.37838
        0         0         0         1

 0.345386  0.128816  0.929578  0.758213
-0.806183  0.547776  0.223631  0.752233
-0.480393 -0.826649  0.293043   1.37859
        0         0         0         1

 0.344946   0.12973  0.929614  0.758015
-0.807077  0.546638  0.223192  0.751953
-0.479208 -0.827259  0.293262   1.37869
        0         0         0         1

 0.342889  0.128533  0.930541  0.757633
-0.808717  0.544365  0.222808  0.751331
-0.477916 -0.828943  0.290604   1.37898
        0         0         0         1

 0.342571   0.12745  0.930807  0.757258
-0.808693   0.54428  0.223104   0.75101
-0.478185 -0.829166  0.289522   1.37934
        0         0         0         1

 0.342333  0.135852  0.929706  0.759215
 -0.80896  0.545907  0.218103  0.750781
-0.477903 -0.826759  0.296781   1.38076
        0         0         0         1

 0.344516  0.141701  0.928024  0.759315
-0.809118  0.546119  0.216986  0.750641
-0.476064 -0.825636    0.3028    1.3805
        0         0         0         1

 0.347741  0.151734  0.925231  0.759818
-0.809246  0.546928  0.214455  0.750304
-0.473495 -0.823315  0.312979   1.38053
        0         0         0         1

 0.348284    0.1532  0.924786  0.759916
-0.810033  0.545678   0.21467  0.750321
-0.471747 -0.823872  0.314147   1.38006
        0         0         0         1

 0.351247  0.148748  0.924392  0.759374
-0.809149  0.544959  0.219765  0.749544
-0.471066 -0.825163  0.311775   1.38049
        0         0         0         1

 0.351482  0.148386  0.924361  0.759554
-0.809886  0.543482  0.220709  0.749565
-0.469623 -0.826202  0.311199   1.38022
        0         0         0         1

 0.352275  0.148327  0.924068  0.759543
-0.810042  0.542859  0.221669  0.749442
-0.468759 -0.826622  0.311387   1.38045
        0         0         0         1

 0.351658  0.149822  0.924062  0.759856
-0.810651  0.542401  0.220557  0.749434
-0.468168 -0.826652  0.312193   1.38071
        0         0         0         1

 0.352174  0.151214  0.923638  0.759967
 -0.81081  0.542234  0.220382  0.749179
-0.467504 -0.826508  0.313567   1.38132
        0         0         0         1

 0.352843  0.152529  0.923167  0.759929
-0.811131  0.541698   0.22052   0.74913
-0.466442 -0.826618  0.314856   1.38145
        0         0         0         1

 0.352791  0.161587  0.921644   0.76197
-0.813794  0.539126  0.216986  0.749156
-0.461821 -0.826579  0.321697   1.38283
        0         0         0         1

 0.354137    0.1633  0.920826  0.761907
-0.813826  0.538904  0.217416  0.748781
-0.460732 -0.826387  0.323744   1.38389
        0         0         0         1

 0.355135  0.166473  0.919873  0.762615
-0.814689  0.537676  0.217222  0.748265
-0.458432 -0.826554  0.326571   1.38694
        0         0         0         1

 0.356213  0.167638  0.919244  0.762625
  -0.8153  0.536388  0.218116  0.748162
-0.456507 -0.827155  0.327744    1.3879
        0         0         0         1

0.360686  0.16915 0.917221 0.763566
-0.818604 0.528706 0.224404 0.748715
-0.446982 -0.83178 0.329163  1.39021
       0        0        0        1

 0.362238  0.168345  0.916757  0.763533
-0.818312  0.528341  0.226319  0.748775
-0.446261 -0.832175  0.329144   1.39233
        0         0         0         1

  0.36269  0.168947  0.916468  0.766348
-0.820415  0.524335  0.228018  0.750238
-0.442013 -0.834583  0.328778   1.39503
        0         0         0         1

 0.367577  0.167112  0.914855  0.764453
-0.819745  0.522806  0.233865   0.74978
 -0.43921 -0.835911   0.32916    1.3962
        0         0         0         1

 0.375775  0.164513  0.911992  0.763443
-0.819712  0.518065  0.244298  0.749827
-0.432281 -0.839371  0.329529   1.39937
        0         0         0         1

 0.378401  0.162908  0.911193  0.763958
-0.819717  0.516238  0.248117  0.750301
-0.429973 -0.840809  0.328884   1.40178
        0         0         0         1

  0.39697  0.165298  0.902824  0.763258
-0.821313  0.503061  0.269025  0.752651
-0.409707 -0.848296  0.335462   1.40741
        0         0         0         1

 0.400977  0.166853  0.900765  0.763515
-0.821025  0.501625  0.272563  0.753056
-0.406368 -0.848842   0.33813   1.41123
        0         0         0         1

 0.411418  0.173072  0.894864  0.764274
-0.822682   0.49314  0.282856  0.754965
-0.392338 -0.852561   0.34527    1.4162
        0         0         0         1

 0.415359  0.175065  0.892653  0.763764
-0.822836  0.490693  0.286639  0.755746
-0.387838 -0.853565  0.347863   1.42019
        0         0         0         1

 0.424742  0.185568  0.886092  0.764315
-0.826983  0.477782   0.29635   0.75935
-0.368365 -0.858655  0.356396   1.43198
        0         0         0         1

 0.423738  0.189935  0.885647  0.765345
-0.830703  0.471264  0.296383  0.761471
 -0.36108 -0.861299  0.357472   1.43386
        0         0         0         1

 0.426481  0.192481  0.883779  0.762768
-0.833061  0.464179  0.300912   0.76333
-0.352312 -0.864574  0.358312   1.44194
        0         0         0         1

 0.425101  0.194141   0.88408  0.763125
-0.835719  0.459332  0.300979  0.764558
-0.347654 -0.866789   0.35751   1.44563
        0         0         0         1

 0.422128  0.197981  0.884653  0.762236
-0.841812  0.447726  0.301487  0.768099
-0.336393 -0.871978  0.355661   1.45396
        0         0         0         1

 0.423046   0.19897  0.883993  0.761035
-0.843552  0.442689  0.304051  0.769541
-0.330837 -0.874321  0.355119   1.45876
        0         0         0         1

  0.41946  0.204944  0.884337  0.761117
 -0.85442  0.418192  0.308354  0.776825
-0.306627 -0.884937  0.350523   1.47554
        0         0         0         1

 0.420223  0.205765  0.883783  0.760676
-0.856891  0.410455  0.311873  0.779204
-0.298581 -0.888362  0.348801   1.48001
        0         0         0         1

 0.421022  0.206816  0.883158  0.759424
-0.862343  0.393176  0.319026  0.783791
-0.281257 -0.895902  0.343882   1.48958
        0         0         0         1

 0.423216  0.205785  0.882349  0.757404
-0.863259   0.38727  0.323738  0.785518
-0.275087 -0.898707  0.341545   1.49556
        0         0         0         1

 0.421858  0.205792  0.882998  0.757625
-0.871726  0.359805  0.332616   0.79526
-0.249257 -0.910049  0.331181   1.51806
        0         0         0         1

 0.422903  0.206476  0.882338   0.75794
-0.873166   0.35326  0.335841  0.798218
-0.242351 -0.912456  0.329683   1.52493
        0         0         0         1

 0.425741  0.209616  0.880231  0.757032
-0.876675    0.3364  0.343912  0.804805
 -0.22402 -0.918094  0.326985   1.53738
        0         0         0         1

0.427168 0.211793 0.879017 0.756886
-0.878969 0.325207 0.348788  0.80901
-0.211992 -0.92162 0.325077  1.54198
       0        0        0        1

 0.425427  0.212857  0.879604  0.759913
-0.884281  0.304522  0.353997   0.81813
-0.192508 -0.928417  0.317777   1.55478
        0         0         0         1

   0.4281  0.212568  0.878377  0.758282
-0.884878  0.296088  0.359615  0.822062
-0.183634 -0.931207  0.314852   1.56112
        0         0         0         1

0.430284    0.212 0.877446 0.756912
-0.889806 0.263272 0.372736 0.837815
-0.151987 -0.94114 0.301921  1.58424
       0        0        0        1

 0.431197  0.210352  0.877395  0.756112
-0.890318   0.25688  0.375962  0.842128
  -0.1463 -0.943273  0.298046   1.59252
        0         0         0         1

 0.426807  0.208318  0.880023  0.758657
-0.895022  0.236659  0.378059  0.853873
-0.129509 -0.948997  0.287457   1.60847
        0         0         0         1

 0.428098  0.207983  0.879474  0.757705
-0.895818  0.226171  0.382567  0.859094
-0.119344 -0.951625  0.283138     1.615
        0         0         0         1

 0.426698  0.209421  0.879813  0.758364
-0.901019  0.182406  0.393564   0.88156
-0.078063 -0.960662  0.266525   1.63823
        0         0         0         1

 0.429214  0.209579  0.878551   0.75661
-0.900578  0.173413  0.398607  0.887082
-0.0688131 -0.962291  0.263173   1.64606
        0         0         0         1

 0.431712  0.207814  0.877746  0.755245
-0.900572  0.154258  0.406416  0.899675
-0.0509404 -0.965928  0.253747   1.66266
        0         0         0         1

 0.429909  0.205811  0.879102  0.756238
-0.901909  0.142851  0.407619  0.906838
-0.0416879 -0.968109  0.247036   1.67052
        0         0         0         1

 0.424774  0.205278  0.881719  0.760411
-0.905049  0.119188  0.408265  0.922599
-0.0212828 -0.971419  0.236415   1.68697
        0         0         0         1

 0.423171  0.204626  0.882641  0.761156
-0.905985  0.107204  0.409509  0.930097
-0.0108267 -0.972952  0.230754   1.69399
        0         0         0         1

 0.413858  0.198923  0.888342  0.766933
 -0.91002 0.0644825  0.409518  0.957941
0.0241799 -0.977891   0.20771   1.72317
        0         0         0         1

 0.412641  0.199026  0.888885  0.766884
-0.910177 0.0513933  0.411018  0.966371
0.0361204 -0.978646  0.202356   1.72951
        0         0         0         1

 0.408023  0.196991  0.891466  0.769047
-0.910819 0.0208182   0.41228  0.985261
0.0626568 -0.980184  0.187918   1.74248
        0         0         0         1

    0.4053   0.197391   0.892619   0.769611
 -0.911153 0.00778259   0.411995   0.993888
 0.0743772  -0.980294   0.183008    1.75008
         0          0          0          1

  0.403702   0.196399   0.893561   0.768549
 -0.908857 -0.0258885   0.416303    1.01326
  0.104894  -0.980182   0.168047    1.76062
         0          0          0          1

 0.403064  0.193321   0.89452  0.768795
-0.908145 -0.036399   0.41707   1.02191
 0.113188  -0.98046  0.160893   1.76964
        0         0         0         1

  0.396308   0.183617   0.899569   0.771293
 -0.905685 -0.0825104   0.415844    1.05424
   0.15058  -0.979529   0.133599    1.79513
         0          0          0          1

 0.393726  0.181696  0.901092  0.773335
-0.904499   -0.0982  0.415015   1.06528
 0.163894 -0.978439   0.12568   1.79974
        0         0         0         1

  0.38454  0.172417  0.906864  0.783113
-0.904687 -0.124891  0.407362   1.08715
 0.183495 -0.977075  0.107958   1.81417
        0         0         0         1

 0.389117  0.175981  0.904223  0.778841
-0.900752 -0.132923  0.413493   1.09517
 0.192958 -0.975378  0.106793   1.82069
        0         0         0         1

 0.395435  0.184381  0.899797  0.776953
-0.887378 -0.176137   0.42607   1.12916
 0.237047 -0.966943 0.0939655   1.84134
        0         0         0         1

 0.396818  0.185469  0.898964  0.778361
-0.883576 -0.188125  0.428838   1.13908
 0.248654 -0.964474 0.0892244   1.84686
        0         0         0         1

 0.397441  0.187571  0.898252  0.782474
-0.875822 -0.214558   0.43232   1.16147
 0.273818 -0.958531 0.0790043    1.8557
        0         0         0         1

 0.396505  0.187573  0.898666  0.786793
-0.872575 -0.227215  0.432419   1.17248
   0.2853  -0.95561 0.0735792   1.85839
        0         0         0         1

