0.00140503 -0.179242  0.983804  0.266125
-0.994954 0.0984478 0.0193574   1.05903
-0.100323 -0.978867 -0.178199   1.80907
        0         0         0         1

-0.00967919 -0.166555  0.985985  0.262598
-0.992796   0.11936 0.0104165   1.04624
-0.119422 -0.978781  -0.16651   1.79219
        0         0         0         1

-0.00967919 -0.166555  0.985985  0.262598
-0.992796   0.11936 0.0104165   1.04624
-0.119422 -0.978781  -0.16651   1.79219
        0         0         0         1

-0.0111317  -0.145017   0.989367    0.24857
 -0.990174   0.139531 0.00931097    1.02913
 -0.139397  -0.979541  -0.145145    1.76669
         0          0          0          1

-0.0111317  -0.145017   0.989367    0.24857
 -0.990174   0.139531 0.00931097    1.02913
 -0.139397  -0.979541  -0.145145    1.76669
         0          0          0          1

-0.0385136  -0.124885   0.991423   0.251673
   -0.9859   0.166436 -0.0173338    1.01973
 -0.162843  -0.978112  -0.129535    1.73676
         0          0          0          1

-0.0385136  -0.124885   0.991423   0.251673
   -0.9859   0.166436 -0.0173338    1.01973
 -0.162843  -0.978112  -0.129535    1.73676
         0          0          0          1

-0.0361688  -0.122635   0.991793   0.247176
 -0.984231   0.176326 -0.0140905    1.01363
  -0.17315  -0.976663  -0.127078    1.73422
         0          0          0          1

-0.0332906  -0.103723   0.994049   0.237524
 -0.980893   0.194139 -0.0125927    1.00192
 -0.191678  -0.975475  -0.108204    1.71921
         0          0          0          1

-0.0282673 -0.0664832   0.997387   0.227772
 -0.974293    0.22493 -0.0126195   0.987259
 -0.223504  -0.972104 -0.0711323    1.68627
         0          0          0          1

-0.0282673 -0.0664832   0.997387   0.227772
 -0.974293    0.22493 -0.0126195   0.987259
 -0.223504  -0.972104 -0.0711323    1.68627
         0          0          0          1

-0.0292239 -0.0384354   0.998834   0.224279
 -0.969851   0.242956 -0.0190269   0.978857
 -0.241942  -0.969275 -0.0443767    1.66447
         0          0          0          1

-0.0292239 -0.0384354   0.998834   0.224279
 -0.969851   0.242956 -0.0190269   0.978857
 -0.241942  -0.969275 -0.0443767    1.66447
         0          0          0          1

 -0.030202 -0.0189858   0.999363   0.220443
 -0.962408   0.270549 -0.0239453   0.967766
 -0.269922  -0.962519 -0.0264432    1.63808
         0          0          0          1

 -0.030202 -0.0189858   0.999363   0.220443
 -0.962408   0.270549 -0.0239453   0.967766
 -0.269922  -0.962519 -0.0264432    1.63808
         0          0          0          1

-0.0284498 -0.0154556   0.999476   0.217746
 -0.960286   0.278064 -0.0230343   0.963421
 -0.277562  -0.960438 -0.0227527    1.63222
         0          0          0          1

 -0.0298028 -0.00492509    0.999544    0.215021
  -0.957837    0.286026    -0.02715    0.960271
  -0.285762   -0.958209  -0.0132418     1.61523
          0           0           0           1

 -0.0390698  0.00531115    0.999222    0.217385
  -0.950301    0.308907  -0.0387989    0.956501
  -0.308873   -0.951078 -0.00702173     1.59818
          0           0           0           1

 -0.0390698  0.00531115    0.999222    0.217385
  -0.950301    0.308907  -0.0387989    0.956501
  -0.308873   -0.951078 -0.00702173     1.59818
          0           0           0           1

 -0.0365582  0.00882744    0.999293    0.215538
   -0.94894    0.313221   -0.037483    0.954691
   -0.31333   -0.949639 -0.00307406     1.59011
          0           0           0           1

 -0.034787  0.0240562   0.999105   0.214155
 -0.941778   0.333746 -0.0408268    0.95087
  -0.33443  -0.942356  0.0110456     1.5673
         0          0          0          1

-0.0345583  0.0280084    0.99901   0.213486
 -0.939336   0.340413 -0.0420379   0.948033
 -0.341254  -0.939859  0.0145452    1.56333
         0          0          0          1

-0.0397008  0.0359051   0.998566    0.21734
 -0.934491   0.352483 -0.0498274   0.947368
 -0.353767  -0.935129  0.0195591     1.5549
         0          0          0          1

-0.0325311  0.0418031   0.998596   0.214124
 -0.934387   0.353378 -0.0452324   0.946038
 -0.354773  -0.934546  0.0275645    1.54442
         0          0          0          1

-0.0180066  0.0538961   0.998384   0.210718
 -0.927765   0.371349 -0.0367796   0.938987
 -0.372731  -0.926928  0.0433161    1.52427
         0          0          0          1

-0.00763318   0.05596  0.998404  0.207849
-0.921347  0.387675 -0.028773  0.935159
-0.388666 -0.920096 0.0485994   1.50318
        0         0         0         1

-0.00763318   0.05596  0.998404  0.207849
-0.921347  0.387675 -0.028773  0.935159
-0.388666 -0.920096 0.0485994   1.50318
        0         0         0         1

-0.00128183  0.0602854    0.99818   0.208719
 -0.909287   0.415341 -0.0262523   0.933434
 -0.416168  -0.907666  0.0542843    1.48952
         0          0          0          1

-0.00128183  0.0602854    0.99818   0.208719
 -0.909287   0.415341 -0.0262523   0.933434
 -0.416168  -0.907666  0.0542843    1.48952
         0          0          0          1

-0.00281252  0.0616146   0.998096   0.211126
 -0.907565    0.41895 -0.0284201   0.935109
 -0.419903  -0.905917  0.0547409     1.4849
         0          0          0          1

0.00447158  0.0765638   0.997055   0.213218
 -0.901655   0.431477 -0.0290893   0.935172
 -0.432433  -0.898869  0.0709635    1.46231
         0          0          0          1

 0.0184012  0.0855867   0.996161   0.210179
 -0.899561   0.436296 -0.0208682   0.931103
 -0.436407  -0.895724  0.0850188    1.44531
         0          0          0          1

 0.0184012  0.0855867   0.996161   0.210179
 -0.899561   0.436296 -0.0208682   0.931103
 -0.436407  -0.895724  0.0850188    1.44531
         0          0          0          1

 0.0227968  0.0986461   0.994861   0.214006
 -0.894843   0.445751 -0.0236938   0.932565
 -0.445798  -0.889705  0.0984345    1.42368
         0          0          0          1

 0.0227968  0.0986461   0.994861   0.214006
 -0.894843   0.445751 -0.0236938   0.932565
 -0.445798  -0.889705  0.0984345    1.42368
         0          0          0          1

0.0249682  0.102296  0.994441  0.212557
-0.893491  0.448455 -0.023698  0.931538
-0.448386 -0.887932  0.102598   1.41896
        0         0         0         1

 0.0285015   0.106928   0.993858   0.213532
 -0.891816   0.451812 -0.0230348   0.930988
   -0.4515  -0.885682   0.108238    1.40936
         0          0          0          1

0.0304301  0.116742  0.992696  0.217725
-0.887705   0.45963 -0.026841  0.932873
-0.459406 -0.880404  0.117619   1.39914
        0         0         0         1

0.0304301  0.116742  0.992696  0.217725
-0.887705   0.45963 -0.026841  0.932873
-0.459406 -0.880404  0.117619   1.39914
        0         0         0         1

 0.0370812   0.120614   0.992007   0.218563
 -0.884516   0.465913 -0.0235854   0.930523
 -0.465034  -0.876571   0.123962    1.39028
         0          0          0          1

 0.0370812   0.120614   0.992007   0.218563
 -0.884516   0.465913 -0.0235854   0.930523
 -0.465034  -0.876571   0.123962    1.39028
         0          0          0          1

 0.0410492   0.122845   0.991577   0.216087
 -0.884691   0.465702 -0.0210707   0.928742
 -0.464368  -0.876374   0.127796    1.38615
         0          0          0          1

 0.0375922   0.131771   0.990567   0.222239
 -0.884644   0.465405 -0.0283386   0.932548
 -0.464749  -0.875234   0.134066    1.38067
         0          0          0          1

 0.0350966   0.139296   0.989629   0.226409
 -0.883183   0.467757 -0.0345177   0.935069
 -0.467713  -0.872812    0.13944    1.37691
         0          0          0          1

 0.0350966   0.139296   0.989629   0.226409
 -0.883183   0.467757 -0.0345177   0.935069
 -0.467713  -0.872812    0.13944    1.37691
         0          0          0          1

 0.0349241   0.142598   0.989164    0.22795
  -0.88298   0.468005 -0.0362927   0.935592
 -0.468109  -0.872145   0.142256    1.37384
         0          0          0          1

 0.0387346   0.145893   0.988542   0.225789
 -0.882085   0.469805 -0.0347726   0.932904
 -0.469495  -0.870631   0.146888    1.36719
         0          0          0          1

 0.0387108    0.15096   0.987782   0.228804
 -0.882597   0.468669 -0.0370366    0.93336
 -0.468534   -0.87038   0.151379    1.36019
         0          0          0          1

 0.0387108    0.15096   0.987782   0.228804
 -0.882597   0.468669 -0.0370366    0.93336
 -0.468534   -0.87038   0.151379    1.36019
         0          0          0          1

 0.0396335   0.153193   0.987401   0.228671
 -0.878512   0.476157 -0.0386121   0.930186
 -0.476073  -0.865913   0.153454    1.36229
         0          0          0          1

 0.0396335   0.153193   0.987401   0.228671
 -0.878512   0.476157 -0.0386121   0.930186
 -0.476073  -0.865913   0.153454    1.36229
         0          0          0          1

 0.0426059   0.158632   0.986418   0.229017
 -0.880004   0.473434 -0.0381264   0.928847
 -0.473052  -0.866427   0.159768    1.35426
         0          0          0          1

 0.0426059   0.158632   0.986418   0.229017
 -0.880004   0.473434 -0.0381264   0.928847
 -0.473052  -0.866427   0.159768    1.35426
         0          0          0          1

 0.0400934   0.162902   0.985827    0.23272
 -0.880332   0.472472 -0.0422702   0.930609
 -0.472661   -0.86616   0.162351    1.35058
         0          0          0          1

 0.0400934   0.162902   0.985827    0.23272
 -0.880332   0.472472 -0.0422702   0.930609
 -0.472661   -0.86616   0.162351    1.35058
         0          0          0          1

 0.0403021   0.162767   0.985841   0.233724
 -0.878967   0.474986 -0.0424894   0.929784
 -0.475176   -0.86481    0.16221     1.3497
         0          0          0          1

 0.0403021   0.162767   0.985841   0.233724
 -0.878967   0.474986 -0.0424894   0.929784
 -0.475176   -0.86481    0.16221     1.3497
         0          0          0          1

 0.0414519   0.162879   0.985775   0.233358
 -0.879036   0.474944 -0.0415113   0.928913
 -0.474949  -0.864811   0.162864    1.34833
         0          0          0          1

 0.0413602   0.165127   0.985405   0.234586
 -0.879467   0.474056 -0.0425251   0.928934
 -0.474159  -0.864872   0.164831    1.34557
         0          0          0          1

 0.0429588   0.165027   0.985353   0.233615
 -0.879014    0.47501 -0.0412322   0.927778
 -0.474857  -0.864368   0.165467    1.34527
         0          0          0          1

 0.0449485   0.167227   0.984893   0.233473
 -0.877953   0.476995 -0.0409219   0.926094
 -0.476633   -0.86285   0.168257    1.34368
         0          0          0          1

 0.0445193   0.168862   0.984634   0.234719
 -0.878082   0.476659 -0.0420441   0.926591
 -0.476434  -0.862718   0.169495    1.34235
         0          0          0          1

 0.0445193   0.168862   0.984634   0.234719
 -0.878082   0.476659 -0.0420441   0.926591
 -0.476434  -0.862718   0.169495    1.34235
         0          0          0          1

 0.0440189   0.169808   0.984494   0.235902
 -0.878609   0.475625 -0.0427523   0.927435
 -0.475509  -0.863103   0.170131    1.34115
         0          0          0          1

 0.0437869   0.170189   0.984438   0.237675
 -0.879159    0.47459 -0.0429425   0.927635
 -0.474513  -0.863597   0.170404     1.3393
         0          0          0          1

 0.0441135    0.17003   0.984451   0.237771
 -0.879195   0.474558 -0.0425667   0.927292
 -0.474416  -0.863646   0.170424    1.33858
         0          0          0          1

 0.0429862   0.170609   0.984401   0.240277
 -0.879532   0.473828 -0.0437134   0.927685
 -0.473894  -0.863933   0.170424    1.33629
         0          0          0          1

 0.0407691   0.174698   0.983778   0.243176
 -0.881058   0.470661 -0.0470671   0.927502
 -0.471249  -0.864846   0.173107    1.33109
         0          0          0          1

 0.0407691   0.174698   0.983778   0.243176
 -0.881058   0.470661 -0.0470671   0.927502
 -0.471249  -0.864846   0.173107    1.33109
         0          0          0          1

 0.0412949   0.175586   0.983598   0.241843
 -0.881844   0.469219 -0.0467391   0.926337
 -0.469729   -0.86545   0.174216    1.32983
         0          0          0          1

 0.0416529   0.174837   0.983716   0.241333
 -0.882076   0.468859 -0.0459814   0.924663
 -0.469263  -0.865797   0.173748    1.33234
         0          0          0          1

 0.0418765   0.175108   0.983658   0.240831
 -0.881738   0.469488 -0.0460393   0.924428
 -0.469877  -0.865401    0.17406     1.3329
         0          0          0          1

 0.0425642   0.177672   0.983169    0.24079
 -0.882976   0.467139 -0.0461918   0.924551
 -0.467484  -0.866149   0.176764    1.33035
         0          0          0          1

 0.0423548   0.176598   0.983371   0.240859
 -0.882481   0.468088 -0.0460517   0.924498
 -0.468437  -0.865856    0.17567    1.33177
         0          0          0          1

 0.0423105    0.17865   0.983002   0.242374
 -0.883283   0.466503 -0.0467637   0.925531
 -0.466928  -0.866291   0.177537    1.32966
         0          0          0          1

 0.0434692   0.177819   0.983103   0.242988
 -0.882148   0.468743 -0.0457788   0.924777
 -0.468963  -0.865252   0.177239    1.33169
         0          0          0          1

 0.0434692   0.177819   0.983103   0.242988
 -0.882148   0.468743 -0.0457788   0.924777
 -0.468963  -0.865252   0.177239    1.33169
         0          0          0          1

 0.0444207   0.177209    0.98317   0.242764
 -0.882289   0.468591 -0.0445972   0.924355
 -0.468607  -0.865459   0.177165    1.33104
         0          0          0          1

 0.0457422   0.176232   0.983285   0.242796
 -0.882472   0.468404 -0.0428987   0.924412
 -0.468135   -0.86576   0.176946     1.3296
         0          0          0          1

 0.0455076   0.176264    0.98329   0.244077
 -0.882824   0.467733 -0.0429876   0.925438
 -0.467495  -0.866116   0.176895    1.32852
         0          0          0          1

 0.0495676   0.171827   0.983879   0.244667
 -0.882662   0.468521 -0.0373554   0.925484
 -0.467387  -0.866581   0.174889    1.32572
         0          0          0          1

 0.0554993   0.160338   0.985501    0.24383
 -0.878223   0.477417 -0.0282166   0.923918
 -0.475019  -0.863924   0.167309    1.32785
         0          0          0          1

 0.0554993   0.160338   0.985501    0.24383
 -0.878223   0.477417 -0.0282166   0.923918
 -0.475019  -0.863924   0.167309    1.32785
         0          0          0          1

 0.0604882   0.160002   0.985262   0.245469
 -0.876639   0.480538 -0.0242177   0.924917
 -0.477331  -0.862254   0.169331    1.32699
         0          0          0          1

 0.0604882   0.160002   0.985262   0.245469
 -0.876639   0.480538 -0.0242177   0.924917
 -0.477331  -0.862254   0.169331    1.32699
         0          0          0          1

 0.0680175   0.160768   0.984646   0.246548
 -0.874244   0.485122 -0.0188173    0.92512
 -0.480699  -0.859541   0.173547    1.32732
         0          0          0          1

 0.0680175   0.160768   0.984646   0.246548
 -0.874244   0.485122 -0.0188173    0.92512
 -0.480699  -0.859541   0.173547    1.32732
         0          0          0          1

0.0692825   0.16231  0.984305  0.246931
-0.873743   0.48603 -0.018645  0.925177
-0.481428 -0.858737  0.175491   1.32757
        0         0         0         1

 0.0704121   0.163891   0.983962   0.247483
 -0.872978   0.487401 -0.0187126   0.925783
 -0.482651   -0.85766   0.177392     1.3276
         0          0          0          1

 0.0719308    0.16395   0.983843   0.248086
 -0.872699   0.487944 -0.0175072   0.926239
 -0.482931   -0.85734   0.178177    1.32718
         0          0          0          1

 0.0749718   0.159739   0.984308   0.249388
 -0.869046   0.494532 -0.0140626   0.926903
 -0.489018  -0.854355   0.175896    1.32808
         0          0          0          1

0.0761722   0.15859  0.984402  0.250974
-0.868749  0.495093 -0.012538  0.926901
-0.489359 -0.854243  0.175487   1.32838
        0         0         0         1

0.0761722   0.15859  0.984402  0.250974
-0.868749  0.495093 -0.012538  0.926901
-0.489359 -0.854243  0.175487   1.32838
        0         0         0         1

 0.0756556   0.160939    0.98406   0.252949
  -0.87038   0.492193 -0.0135802   0.927986
 -0.486533  -0.855479   0.177315    1.32518
         0          0          0          1

 0.0756556   0.160939    0.98406   0.252949
  -0.87038   0.492193 -0.0135802   0.927986
 -0.486533  -0.855479   0.177315    1.32518
         0          0          0          1

 0.0764015   0.161975   0.983833   0.252937
 -0.869906   0.493029 -0.0136163   0.927808
 -0.487264  -0.854802   0.178571    1.32535
         0          0          0          1

 0.0748336   0.165153   0.983425   0.254542
 -0.868367   0.495626 -0.0171556   0.928452
 -0.490244  -0.852689   0.180503    1.32762
         0          0          0          1

 0.0766486   0.164097   0.983462    0.25336
 -0.867816   0.496653 -0.0152341   0.927023
 -0.490939  -0.852296   0.180473    1.33031
         0          0          0          1

 0.0766486   0.164097   0.983462    0.25336
 -0.867816   0.496653 -0.0152341   0.927023
 -0.490939  -0.852296   0.180473    1.33031
         0          0          0          1

 0.0757053   0.166687   0.983099   0.255097
 -0.867515   0.497103 -0.0174806   0.926433
 -0.491615   -0.85153   0.182237    1.33285
         0          0          0          1

 0.0757053   0.166687   0.983099   0.255097
 -0.867515   0.497103 -0.0174806   0.926433
 -0.491615   -0.85153   0.182237    1.33285
         0          0          0          1

 0.0748539   0.167283   0.983063   0.256374
 -0.867283   0.497467 -0.0186135   0.926679
 -0.492155  -0.851201   0.182319    1.33404
         0          0          0          1

0.0729772  0.168947   0.98292  0.258916
-0.867418  0.497134 -0.021047  0.927808
-0.492199 -0.851067  0.182827   1.33488
        0         0         0         1

 0.0733281   0.169224   0.982846   0.258618
 -0.867502   0.496996 -0.0208487   0.927134
 -0.491999  -0.851092   0.183246    1.33458
         0          0          0          1

 0.0732709   0.169091   0.982873    0.25792
 -0.867064   0.497754 -0.0209947   0.925872
 -0.492779  -0.850676   0.183084    1.33587
         0          0          0          1

 0.0740415   0.169612   0.982726   0.256943
 -0.867009   0.497866 -0.0206055   0.924935
 -0.492761  -0.850506   0.183918    1.33607
         0          0          0          1

 0.0740415   0.169612   0.982726   0.256943
 -0.867009   0.497866 -0.0206055   0.924935
 -0.492761  -0.850506   0.183918    1.33607
         0          0          0          1

 0.072332   0.16863  0.983022  0.258583
-0.866189  0.499236 -0.021905  0.925337
-0.494454 -0.849898  0.182176   1.33939
        0         0         0         1

 0.0697272   0.166803   0.983522   0.259614
 -0.865179   0.500907 -0.0236153   0.924788
 -0.496592  -0.849276   0.179241    1.34339
         0          0          0          1

 0.0603737   0.159332   0.985377   0.261435
 -0.863516   0.503515 -0.0285093   0.926354
 -0.500695  -0.849168   0.167985    1.34893
         0          0          0          1

 0.0603737   0.159332   0.985377   0.261435
 -0.863516   0.503515 -0.0285093   0.926354
 -0.500695  -0.849168   0.167985    1.34893
         0          0          0          1

 0.0490701   0.139749    0.98897   0.262455
 -0.859531   0.510235 -0.0294526   0.926047
 -0.508723  -0.848605   0.145156    1.35598
         0          0          0          1

 0.0490701   0.139749    0.98897   0.262455
 -0.859531   0.510235 -0.0294526   0.926047
 -0.508723  -0.848605   0.145156    1.35598
         0          0          0          1

 0.0479695   0.131511   0.990153    0.26099
 -0.857604   0.513618 -0.0266703   0.924661
 -0.512068  -0.847881   0.137423    1.35837
         0          0          0          1

 0.0353274    0.12371   0.991689   0.263383
 -0.857705   0.513053 -0.0334475   0.926192
 -0.512927  -0.849395   0.124232    1.35972
         0          0          0          1

 0.0316526   0.113121   0.993077    0.26265
 -0.855401   0.517001 -0.0316271   0.925464
 -0.516999  -0.848477   0.113129    1.36315
         0          0          0          1

 0.0031007   0.101101   0.994871   0.270666
 -0.848012   0.527521 -0.0509651   0.929794
 -0.529969  -0.843504  0.0873708     1.3785
         0          0          0          1

-0.0101119  0.0917975   0.995726   0.265701
 -0.843948   0.533309 -0.0577371   0.926331
  -0.53633  -0.840925  0.0720795    1.38693
         0          0          0          1

-0.0101119  0.0917975   0.995726   0.265701
 -0.843948   0.533309 -0.0577371   0.926331
  -0.53633  -0.840925  0.0720795    1.38693
         0          0          0          1

 -0.019793  0.0878556   0.995937   0.266579
 -0.842326   0.535161 -0.0639489   0.926827
 -0.538605  -0.840169  0.0634106    1.39209
         0          0          0          1

-0.0445717  0.0823219   0.995609   0.270158
  -0.84235   0.532693 -0.0817563   0.929381
 -0.537084  -0.842295  0.0456009    1.39749
         0          0          0          1

-0.0497046   0.075857   0.995879   0.270277
   -0.8408   0.534989 -0.0827152   0.929392
 -0.539059  -0.841447  0.0371892    1.40171
         0          0          0          1

-0.0616638  0.0601908    0.99628   0.270081
 -0.836236   0.541822 -0.0844924   0.929879
 -0.544892  -0.838336  0.0169229    1.41409
         0          0          0          1

-0.0646078   0.055332   0.996376   0.269465
 -0.835433   0.543084 -0.0843311   0.929597
 -0.545782  -0.837853  0.0111387    1.41764
         0          0          0          1

 -0.0746007   0.0478223    0.996066     0.27314
  -0.837034    0.539928  -0.0886125    0.931791
  -0.542041   -0.840352 -0.00025014     1.42163
          0           0           0           1

 -0.0779112   0.0452645    0.995932    0.273293
  -0.836949    0.539828  -0.0900089     0.93229
  -0.541706   -0.840557 -0.00417452     1.42472
          0           0           0           1

 -0.089055  0.0260816   0.995685   0.271085
 -0.834387   0.543966 -0.0888773   0.930168
 -0.543937  -0.838702 -0.0266808     1.4479
         0          0          0          1

-0.0932635  0.0243985   0.995342   0.273176
 -0.836038   0.540972 -0.0915973   0.931883
 -0.540687  -0.840686 -0.0300549    1.45139
         0          0          0          1

 -0.102226   0.031136   0.994274   0.278251
 -0.843181    0.52763  -0.103214   0.937888
 -0.527822  -0.848903 -0.0276841    1.44969
         0          0          0          1

  -0.12211  0.0208972   0.992296   0.284598
 -0.850301   0.513478   -0.11545   0.943753
 -0.511935  -0.857848 -0.0449321    1.47297
         0          0          0          1

  -0.12211  0.0208972   0.992296   0.284598
 -0.850301   0.513478   -0.11545   0.943753
 -0.511935  -0.857848 -0.0449321    1.47297
         0          0          0          1

 -0.124505  0.0176891   0.992061   0.284047
 -0.851977   0.510562  -0.116028   0.943551
 -0.508561  -0.859659 -0.0484968    1.47841
         0          0          0          1

  -0.12479  0.0113673   0.992118   0.280511
 -0.856223    0.50399  -0.113471   0.941141
 -0.501307  -0.863635 -0.0531598    1.48956
         0          0          0          1

 -0.123326 0.00868449   0.992328    0.27761
 -0.864023   0.490911  -0.111677   0.939334
 -0.488114  -0.871167 -0.0530386    1.50303
         0          0          0          1

 -0.123326 0.00868449   0.992328    0.27761
 -0.864023   0.490911  -0.111677   0.939334
 -0.488114  -0.871167 -0.0530386    1.50303
         0          0          0          1

 -0.134018 0.00226559   0.990976   0.286155
 -0.877087   0.465183  -0.119679   0.948705
 -0.461257  -0.885212 -0.0603557    1.53072
         0          0          0          1

 -0.134018 0.00226559   0.990976   0.286155
 -0.877087   0.465183  -0.119679   0.948705
 -0.461257  -0.885212 -0.0603557    1.53072
         0          0          0          1

  -0.138336 -0.00537281    0.990371      0.2908
  -0.889376    0.440642   -0.121839    0.954341
  -0.435744   -0.897667  -0.0657353     1.54527
          0           0           0           1

  -0.138336 -0.00537281    0.990371      0.2908
  -0.889376    0.440642   -0.121839    0.954341
  -0.435744   -0.897667  -0.0657353     1.54527
          0           0           0           1

 -0.132123 -0.0243095   0.990935   0.295762
 -0.901053   0.419567  -0.109846   0.960097
 -0.413094  -0.907399 -0.0773385    1.57878
         0          0          0          1

 -0.132123 -0.0243095   0.990935   0.295762
 -0.901053   0.419567  -0.109846   0.960097
 -0.413094  -0.907399 -0.0773385    1.57878
         0          0          0          1

 -0.131228  -0.029664   0.990908   0.296065
 -0.904454   0.412824  -0.107421   0.960966
 -0.405884  -0.910328 -0.0810039    1.58401
         0          0          0          1

 -0.126216 -0.0418403    0.99112   0.297435
 -0.908817   0.405371 -0.0986225    0.96447
 -0.397645  -0.913194 -0.0891897    1.60123
         0          0          0          1

 -0.115678 -0.0534952   0.991845   0.301016
 -0.920451   0.381099 -0.0867969    0.97036
 -0.373348  -0.922985 -0.0933246    1.61753
         0          0          0          1

 -0.115678 -0.0534952   0.991845   0.301016
 -0.920451   0.381099 -0.0867969    0.97036
 -0.373348  -0.922985 -0.0933246    1.61753
         0          0          0          1

 -0.109276 -0.0603901   0.992175   0.299958
 -0.923829   0.374577 -0.0789491   0.970827
 -0.366878  -0.925227 -0.0967223    1.62707
         0          0          0          1

-0.0995479 -0.0834066   0.991531   0.308778
 -0.936202    0.34541 -0.0649375   0.980925
 -0.337069  -0.934738   -0.11247    1.65569
         0          0          0          1

-0.0878381    -0.1091   0.990142   0.315428
 -0.945332    0.32251 -0.0483266   0.987063
 -0.314059  -0.940258  -0.131465    1.68688
         0          0          0          1

-0.0878381    -0.1091   0.990142   0.315428
 -0.945332    0.32251 -0.0483266   0.987063
 -0.314059  -0.940258  -0.131465    1.68688
         0          0          0          1

-0.0704533 -0.133488  0.988543  0.330296
-0.959827  0.278903 -0.030745   1.00739
-0.271604 -0.950996 -0.147775   1.72469
        0         0         0         1

-0.0704533 -0.133488  0.988543  0.330296
-0.959827  0.278903 -0.030745   1.00739
-0.271604 -0.950996 -0.147775   1.72469
        0         0         0         1

-0.0498262   -0.15358   0.986879    0.33375
 -0.969713   0.244001 -0.0109876    1.01787
 -0.239112  -0.957537  -0.161086    1.75027
         0          0          0          1

-0.0498262   -0.15358   0.986879    0.33375
 -0.969713   0.244001 -0.0109876    1.01787
 -0.239112  -0.957537  -0.161086    1.75027
         0          0          0          1

-0.0507265  -0.159862   0.985835     0.3441
 -0.972016   0.234608 -0.0119718    1.02579
 -0.229371  -0.958855  -0.167289    1.75803
         0          0          0          1

-0.0347558 -0.171948  0.984493  0.348917
-0.977145  0.212557  0.002628   1.03458
-0.209713 -0.961901 -0.175405   1.77447
        0         0         0         1

-0.0119421 -0.182852  0.983068  0.374844
  -0.9874  0.157303 0.0172637    1.0636
-0.157796 -0.970475 -0.182426   1.80486
        0         0         0         1

-0.0119421 -0.182852  0.983068  0.374844
  -0.9874  0.157303 0.0172637    1.0636
-0.157796 -0.970475 -0.182426   1.80486
        0         0         0         1

0.0211243 -0.193007   0.98097  0.380977
-0.990641  0.128303 0.0465764   1.07679
-0.134851 -0.972773  -0.18849   1.83906
        0         0         0         1

0.0211243 -0.193007   0.98097  0.380977
-0.990641  0.128303 0.0465764   1.07679
-0.134851 -0.972773  -0.18849   1.83906
        0         0         0         1

0.0532947 -0.207814  0.976715  0.403827
-0.994962 0.0721269 0.0696366   1.10399
-0.0849188 -0.975506 -0.202923    1.8761
        0         0         0         1

0.0532947 -0.207814  0.976715  0.403827
-0.994962 0.0721269 0.0696366   1.10399
-0.0849188 -0.975506 -0.202923    1.8761
        0         0         0         1

0.0569751 -0.211688  0.975675  0.412042
-0.995698 0.0594831 0.0710501   1.11272
-0.0730766 -0.975526 -0.207388   1.88333
        0         0         0         1

0.0665453 -0.221371  0.972917  0.423622
-0.996549 0.0337513 0.0758413   1.12686
-0.0496263 -0.974605 -0.218361   1.90078
        0         0         0         1

  0.06618 -0.230572  0.970802  0.434884
-0.997079 0.0218988 0.0731724    1.1375
-0.0381309 -0.972809 -0.228449   1.90688
        0         0         0         1

  0.0864737   -0.236833    0.967694    0.435839
  -0.996174 -0.00824466   0.0870009     1.14883
 -0.0126264   -0.971515    -0.23664     1.92201
          0           0           0           1

 0.0951971  -0.243546   0.965206   0.439619
 -0.995433 -0.0163287  0.0940582    1.15259
-0.00714691  -0.969752  -0.243988     1.9338
         0          0          0          1

  0.121848  -0.262044   0.957333   0.456222
  -0.99224 -0.0562227   0.110901    1.17781
 0.0247628  -0.963417  -0.266861    1.96402
         0          0          0          1

  0.122928  -0.260959   0.957491   0.461697
 -0.991486 -0.0740405   0.107113    1.18882
  0.042941  -0.962506  -0.267839    1.96188
         0          0          0          1

