  0.444126  -0.636149   0.630925   0.688712
 -0.830022 -0.0269744   0.557078    1.07766
 -0.337366  -0.771095  -0.539997    1.83391
         0          0          0          1

     0.44229    -0.632315     0.636048     0.678378
   -0.821398 -0.000826865     0.570355      1.04795
   -0.360118    -0.774711    -0.519748       1.8062
           0            0            0            1

     0.44229    -0.632315     0.636048     0.678378
   -0.821398 -0.000826865     0.570355      1.04795
   -0.360118    -0.774711    -0.519748       1.8062
           0            0            0            1

 0.428953 -0.635296  0.642182  0.683374
-0.817069 0.0302981  0.575744   1.03182
-0.385225 -0.771674 -0.506084   1.79392
        0         0         0         1

 0.428953 -0.635296  0.642182  0.683374
-0.817069 0.0302981  0.575744   1.03182
-0.385225 -0.771674 -0.506084   1.79392
        0         0         0         1

  0.42434 -0.637439  0.643123  0.681323
-0.807771 0.0544785  0.586974   1.01344
-0.409196 -0.768573 -0.491787   1.77983
        0         0         0         1

  0.42434 -0.637439  0.643123  0.681323
-0.807771 0.0544785  0.586974   1.01344
-0.409196 -0.768573 -0.491787   1.77983
        0         0         0         1

 0.415194 -0.639706  0.646831  0.679239
-0.802466 0.0774122  0.591655  0.990653
-0.428558 -0.764712 -0.481201   1.75217
        0         0         0         1

 0.415194 -0.639706  0.646831  0.679239
-0.802466 0.0774122  0.591655  0.990653
-0.428558 -0.764712 -0.481201   1.75217
        0         0         0         1

 0.405167 -0.643035  0.649881   0.67779
-0.799632 0.0953473  0.592872  0.977536
-0.443202 -0.759878  -0.47556   1.73372
        0         0         0         1

 0.405167 -0.643035  0.649881   0.67779
-0.799632 0.0953473  0.592872  0.977536
-0.443202 -0.759878  -0.47556   1.73372
        0         0         0         1

 0.402394 -0.646162  0.648501   0.66748
-0.787651  0.116661  0.604976  0.954991
-0.466567 -0.754231 -0.462006   1.70625
        0         0         0         1

 0.402394 -0.646162  0.648501   0.66748
-0.787651  0.116661  0.604976  0.954991
-0.466567 -0.754231 -0.462006   1.70625
        0         0         0         1

 0.391657 -0.647075  0.654139  0.671815
-0.783674  0.137939  0.605663  0.945403
-0.482141 -0.749844 -0.453071   1.68796
        0         0         0         1

 0.391657 -0.647075  0.654139  0.671815
-0.783674  0.137939  0.605663  0.945403
-0.482141 -0.749844 -0.453071   1.68796
        0         0         0         1

  0.38206 -0.649288  0.657614  0.671455
-0.775633  0.161573  0.610154  0.934105
-0.502418 -0.743182 -0.441879   1.67202
        0         0         0         1

  0.38206 -0.649288  0.657614  0.671455
-0.775633  0.161573  0.610154  0.934105
-0.502418 -0.743182 -0.441879   1.67202
        0         0         0         1

 0.380248  -0.64592  0.661966  0.665321
-0.764681   0.18305  0.617863  0.919519
-0.520263 -0.741134 -0.424319   1.63995
        0         0         0         1

 0.380248  -0.64592  0.661966  0.665321
-0.764681   0.18305  0.617863  0.919519
-0.520263 -0.741134 -0.424319   1.63995
        0         0         0         1

  0.37968 -0.641128  0.666932  0.661726
-0.753123  0.204462    0.6253  0.909974
 -0.53726 -0.739696 -0.405218   1.62045
        0         0         0         1

  0.37968 -0.641128  0.666932  0.661726
-0.753123  0.204462    0.6253  0.909974
 -0.53726 -0.739696 -0.405218   1.62045
        0         0         0         1

 0.372774 -0.638255  0.673551  0.663175
-0.744808  0.227127  0.627435  0.903295
-0.553445 -0.735557  -0.39071   1.60405
        0         0         0         1

 0.372774 -0.638255  0.673551  0.663175
-0.744808  0.227127  0.627435  0.903295
-0.553445 -0.735557  -0.39071   1.60405
        0         0         0         1

 0.376669 -0.627373   0.68156  0.661255
  -0.7333  0.247631  0.633207  0.893042
-0.566032 -0.738297 -0.366778   1.57098
        0         0         0         1

 0.376669 -0.627373   0.68156  0.661255
  -0.7333  0.247631  0.633207  0.893042
-0.566032 -0.738297 -0.366778   1.57098
        0         0         0         1

 0.368565 -0.627583  0.685783   0.66026
-0.720441  0.273372  0.637364  0.886437
-0.587473 -0.728977 -0.351381   1.55384
        0         0         0         1

 0.368565 -0.627583  0.685783   0.66026
-0.720441  0.273372  0.637364  0.886437
-0.587473 -0.728977 -0.351381   1.55384
        0         0         0         1

 0.361979 -0.631401  0.685788  0.654779
-0.695952  0.306396   0.64944  0.875811
 -0.62018 -0.712359 -0.328516   1.53075
        0         0         0         1

 0.361979 -0.631401  0.685788  0.654779
-0.695952  0.306396   0.64944  0.875811
 -0.62018 -0.712359 -0.328516   1.53075
        0         0         0         1

 0.350979  -0.63694  0.686383  0.658057
-0.688163  0.321646  0.650366  0.872541
-0.635016 -0.700608 -0.325427   1.51405
        0         0         0         1

 0.350979  -0.63694  0.686383  0.658057
-0.688163  0.321646  0.650366  0.872541
-0.635016 -0.700608 -0.325427   1.51405
        0         0         0         1

 0.349178 -0.640073  0.684384  0.658125
-0.677669  0.331931  0.656191  0.868585
-0.647178 -0.692913 -0.317854   1.49847
        0         0         0         1

 0.349178 -0.640073  0.684384  0.658125
-0.677669  0.331931  0.656191  0.868585
-0.647178 -0.692913 -0.317854   1.49847
        0         0         0         1

 0.342831 -0.650302  0.677919  0.659381
-0.663204  0.343541  0.664936  0.864037
-0.665303 -0.677559 -0.313506   1.47459
        0         0         0         1

 0.342831 -0.650302  0.677919  0.659381
-0.663204  0.343541  0.664936  0.864037
-0.665303 -0.677559 -0.313506   1.47459
        0         0         0         1

 0.342777 -0.657927  0.670549  0.657172
-0.647649  0.351542  0.675995  0.860663
-0.680482 -0.665996 -0.305605   1.46217
        0         0         0         1

 0.342777 -0.657927  0.670549  0.657172
-0.647649  0.351542  0.675995  0.860663
-0.680482 -0.665996 -0.305605   1.46217
        0         0         0         1

 0.337412 -0.664821  0.666458  0.658444
-0.630272  0.366325  0.684517  0.857548
-0.699221 -0.651014 -0.295416   1.44573
        0         0         0         1

 0.337412 -0.664821  0.666458  0.658444
-0.630272  0.366325  0.684517  0.857548
-0.699221 -0.651014 -0.295416   1.44573
        0         0         0         1

  0.33681 -0.664261   0.66732  0.658545
-0.620926  0.376086  0.687757  0.856994
 -0.70782    -0.646 -0.285788   1.43476
        0         0         0         1

  0.33681 -0.664261   0.66732  0.658545
-0.620926  0.376086  0.687757  0.856994
 -0.70782    -0.646 -0.285788   1.43476
        0         0         0         1

 0.334875 -0.665725  0.666835  0.658698
-0.619062  0.378086  0.688341  0.856335
-0.710367 -0.643321 -0.285514   1.42026
        0         0         0         1

 0.334875 -0.665725  0.666835  0.658698
-0.619062  0.378086  0.688341  0.856335
-0.710367 -0.643321 -0.285514   1.42026
        0         0         0         1

 0.328321 -0.667923  0.667895  0.659114
-0.608304  0.391427  0.690472  0.854732
-0.722614  -0.63298 -0.277786   1.41379
        0         0         0         1

 0.328321 -0.667923  0.667895  0.659114
-0.608304  0.391427  0.690472  0.854732
-0.722614  -0.63298 -0.277786   1.41379
        0         0         0         1

 0.331646 -0.668552   0.66562   0.65524
-0.604431  0.391143  0.694025  0.852356
-0.724344 -0.632492 -0.274372    1.4063
        0         0         0         1

 0.331646 -0.668552   0.66562   0.65524
-0.604431  0.391143  0.694025  0.852356
-0.724344 -0.632492 -0.274372    1.4063
        0         0         0         1

 0.327785  -0.66896   0.66712  0.657768
-0.602702  0.395712  0.692937  0.852546
-0.727535 -0.629209 -0.273475   1.39602
        0         0         0         1

 0.327785  -0.66896   0.66712  0.657768
-0.602702  0.395712  0.692937  0.852546
-0.727535 -0.629209 -0.273475   1.39602
        0         0         0         1

 0.328857 -0.673105  0.662407   0.65422
-0.598353  0.394155  0.697578  0.849786
-0.730635 -0.625756 -0.273133   1.39296
        0         0         0         1

 0.328857 -0.673105  0.662407   0.65422
-0.598353  0.394155  0.697578  0.849786
-0.730635 -0.625756 -0.273133   1.39296
        0         0         0         1

 0.328202 -0.674882  0.660921  0.656725
-0.598568  0.392688  0.698221  0.850363
-0.730753 -0.624764 -0.275082   1.38793
        0         0         0         1

 0.328202 -0.674882  0.660921  0.656725
-0.598568  0.392688  0.698221  0.850363
-0.730753 -0.624764 -0.275082   1.38793
        0         0         0         1

 0.324751 -0.679668  0.657715  0.659658
-0.597081  0.391989  0.699885  0.850296
-0.733506 -0.619997 -0.278517   1.38634
        0         0         0         1

 0.324751 -0.679668  0.657715  0.659658
-0.597081  0.391989  0.699885  0.850296
-0.733506 -0.619997 -0.278517   1.38634
        0         0         0         1

  0.32479 -0.684949  0.652193  0.659192
 -0.59971  0.384076   0.70202  0.849319
 -0.73134 -0.619136 -0.286027   1.38438
        0         0         0         1

  0.32479 -0.684949  0.652193  0.659192
 -0.59971  0.384076   0.70202  0.849319
 -0.73134 -0.619136 -0.286027   1.38438
        0         0         0         1

 0.328608 -0.688724  0.646279  0.658206
-0.608153  0.369244  0.702716  0.848748
-0.722611 -0.623954 -0.297513   1.37956
        0         0         0         1

 0.328608 -0.688724  0.646279  0.658206
-0.608153  0.369244  0.702716  0.848748
-0.722611 -0.623954 -0.297513   1.37956
        0         0         0         1

 0.330029  -0.69169  0.642376  0.656906
-0.608227  0.364599  0.705073  0.847139
-0.721901 -0.623405 -0.300376   1.38029
        0         0         0         1

 0.330029  -0.69169  0.642376  0.656906
-0.608227  0.364599  0.705073  0.847139
-0.721901 -0.623405 -0.300376   1.38029
        0         0         0         1

 0.325052 -0.693075   0.64342  0.660141
-0.614575    0.3623   0.70074  0.847588
-0.718776 -0.623206  -0.30818   1.37978
        0         0         0         1

 0.325052 -0.693075   0.64342  0.660141
-0.614575    0.3623   0.70074  0.847588
-0.718776 -0.623206  -0.30818   1.37978
        0         0         0         1

 0.323717 -0.697293  0.639523  0.660815
 -0.61567  0.358003  0.701986  0.847647
-0.718441  -0.62098  -0.31341   1.38008
        0         0         0         1

 0.323717 -0.697293  0.639523  0.660815
 -0.61567  0.358003  0.701986  0.847647
-0.718441  -0.62098  -0.31341   1.38008
        0         0         0         1

 0.322463 -0.701596  0.635438  0.661471
-0.615702  0.354423  0.703772  0.847919
-0.718977 -0.618181 -0.317686   1.37947
        0         0         0         1

 0.322463 -0.701596  0.635438  0.661471
-0.615702  0.354423  0.703772  0.847919
-0.718977 -0.618181 -0.317686   1.37947
        0         0         0         1

 0.321172 -0.707617  0.629387  0.662382
 -0.61548  0.349133  0.706605  0.848732
-0.719745 -0.614317 -0.323392   1.37773
        0         0         0         1

 0.321172 -0.707617  0.629387  0.662382
 -0.61548  0.349133  0.706605  0.848732
-0.719745 -0.614317 -0.323392   1.37773
        0         0         0         1

 0.318744 -0.711779  0.625917  0.663585
-0.613978  0.348041  0.708448  0.849939
-0.722103 -0.610113 -0.326081   1.37589
        0         0         0         1

 0.318744 -0.711779  0.625917  0.663585
-0.613978  0.348041  0.708448  0.849939
-0.722103 -0.610113 -0.326081   1.37589
        0         0         0         1

 0.317522  -0.71817  0.619203  0.663773
-0.608751  0.346288  0.713798   0.85067
-0.727051 -0.603586 -0.327232   1.37573
        0         0         0         1

 0.317522  -0.71817  0.619203  0.663773
-0.608751  0.346288  0.713798   0.85067
-0.727051 -0.603586 -0.327232   1.37573
        0         0         0         1

  0.31211 -0.731926  0.605699  0.664367
-0.605596  0.337957  0.720443  0.852581
-0.732011 -0.591667 -0.337772   1.37397
        0         0         0         1

  0.31211 -0.731926  0.605699  0.664367
-0.605596  0.337957  0.720443  0.852581
-0.732011 -0.591667 -0.337772   1.37397
        0         0         0         1

 0.313609 -0.738311  0.597115  0.663633
-0.605849  0.328629  0.724534  0.853612
-0.731161 -0.588982 -0.344244   1.37087
        0         0         0         1

 0.313609 -0.738311  0.597115  0.663633
-0.605849  0.328629  0.724534  0.853612
-0.731161 -0.588982 -0.344244   1.37087
        0         0         0         1

   0.3063 -0.745338  0.592158  0.667682
-0.606854   0.32638   0.72471  0.856851
-0.733423 -0.581332 -0.352341   1.36839
        0         0         0         1

   0.3063 -0.745338  0.592158  0.667682
-0.606854   0.32638   0.72471  0.856851
-0.733423 -0.581332 -0.352341   1.36839
        0         0         0         1

 0.306701 -0.747931  0.588671   0.66766
 -0.60721  0.322522  0.726137  0.857347
 -0.73296 -0.580154 -0.355234   1.36685
        0         0         0         1

 0.306701 -0.747931  0.588671   0.66766
 -0.60721  0.322522  0.726137  0.857347
 -0.73296 -0.580154 -0.355234   1.36685
        0         0         0         1

 0.303318  -0.74736  0.591144  0.668149
-0.608996  0.325098  0.723488  0.857999
-0.732886 -0.579452 -0.356531   1.36656
        0         0         0         1

 0.303318  -0.74736  0.591144  0.668149
-0.608996  0.325098  0.723488  0.857999
-0.732886 -0.579452 -0.356531   1.36656
        0         0         0         1

 0.298098 -0.747166  0.594038  0.668991
-0.614626  0.325905  0.718345  0.859109
-0.730323 -0.579249 -0.362076   1.36353
        0         0         0         1

 0.298098 -0.747166  0.594038  0.668991
-0.614626  0.325905  0.718345  0.859109
-0.730323 -0.579249 -0.362076   1.36353
        0         0         0         1

 0.293694 -0.749521  0.593264   0.66876
-0.614281  0.327534    0.7179  0.858755
-0.732395 -0.575274 -0.364221    1.3651
        0         0         0         1

 0.293694 -0.749521  0.593264   0.66876
-0.614281  0.327534    0.7179  0.858755
-0.732395 -0.575274 -0.364221    1.3651
        0         0         0         1

  0.28769 -0.750502  0.594963  0.669266
-0.614953  0.331489  0.715505  0.858762
-0.734212 -0.571718 -0.366158   1.36532
        0         0         0         1

  0.28769 -0.750502  0.594963  0.669266
-0.614953  0.331489  0.715505  0.858762
-0.734212 -0.571718 -0.366158   1.36532
        0         0         0         1

 0.283513 -0.752168  0.594865  0.669023
-0.612461  0.335302  0.715866  0.858769
-0.737911 -0.567288 -0.365611   1.36713
        0         0         0         1

 0.283513 -0.752168  0.594865  0.669023
-0.612461  0.335302  0.715866  0.858769
-0.737911 -0.567288 -0.365611   1.36713
        0         0         0         1

 0.283335 -0.749836  0.597886  0.668372
-0.612003  0.338615  0.714698  0.858849
-0.738359 -0.568407  -0.36296   1.36708
        0         0         0         1

 0.283335 -0.749836  0.597886  0.668372
-0.612003  0.338615  0.714698  0.858849
-0.738359 -0.568407  -0.36296   1.36708
        0         0         0         1

 0.284793 -0.744936  0.603294   0.66836
-0.605406  0.348182  0.715718  0.859023
 -0.74322 -0.569069 -0.351829    1.3682
        0         0         0         1

 0.284793 -0.744936  0.603294   0.66836
-0.605406  0.348182  0.715718  0.859023
 -0.74322 -0.569069 -0.351829    1.3682
        0         0         0         1

 0.279067 -0.745762  0.604947  0.669139
 -0.60186  0.355048  0.715336  0.859412
-0.748255  -0.56372 -0.349762   1.37218
        0         0         0         1

 0.279067 -0.745762  0.604947  0.669139
 -0.60186  0.355048  0.715336  0.859412
-0.748255  -0.56372 -0.349762   1.37218
        0         0         0         1

  0.27019 -0.753559  0.599288  0.669577
-0.599506  0.355376  0.717147  0.859744
-0.753385 -0.553043 -0.355745   1.37717
        0         0         0         1

  0.27019 -0.753559  0.599288  0.669577
-0.599506  0.355376  0.717147  0.859744
-0.753385 -0.553043 -0.355745   1.37717
        0         0         0         1

 0.264591 -0.755863  0.598884  0.671227
-0.598342  0.358354  0.716637  0.861109
-0.756292 -0.547954 -0.357448    1.3786
        0         0         0         1

 0.264591 -0.755863  0.598884  0.671227
-0.598342  0.358354  0.716637  0.861109
-0.756292 -0.547954 -0.357448    1.3786
        0         0         0         1

  0.26285 -0.759205  0.595413  0.667783
-0.593816  0.359095  0.720023  0.860757
-0.760455 -0.542824  -0.35644    1.3823
        0         0         0         1

  0.26285 -0.759205  0.595413  0.667783
-0.593816  0.359095  0.720023  0.860757
-0.760455 -0.542824  -0.35644    1.3823
        0         0         0         1

 0.252727 -0.759683  0.599175  0.669986
-0.589948  0.369847  0.717757   0.86397
-0.766871 -0.534879 -0.354703   1.39388
        0         0         0         1

 0.252727 -0.759683  0.599175  0.669986
-0.589948  0.369847  0.717757   0.86397
-0.766871 -0.534879 -0.354703   1.39388
        0         0         0         1

  0.25058  -0.75699   0.60347  0.669315
-0.595123  0.371213  0.712762   0.86683
-0.763569 -0.537743 -0.357484   1.39929
        0         0         0         1

  0.25058  -0.75699   0.60347  0.669315
-0.595123  0.371213  0.712762   0.86683
-0.763569 -0.537743 -0.357484   1.39929
        0         0         0         1

 0.249841  -0.75143  0.610682  0.665954
-0.606623  0.370104  0.703585  0.870847
-0.754711 -0.546238 -0.363367   1.41188
        0         0         0         1

 0.249841  -0.75143  0.610682  0.665954
-0.606623  0.370104  0.703585  0.870847
-0.754711 -0.546238 -0.363367   1.41188
        0         0         0         1

 0.247572 -0.743591  0.621113  0.663604
-0.622802  0.368935  0.689931  0.874804
-0.742176 -0.557638 -0.371772   1.42397
        0         0         0         1

 0.247572 -0.743591  0.621113  0.663604
-0.622802  0.368935  0.689931  0.874804
-0.742176 -0.557638 -0.371772   1.42397
        0         0         0         1

 0.244801 -0.737592  0.629309  0.662031
-0.636603  0.367281  0.678116  0.878603
-0.731306 -0.566624 -0.379643   1.44051
        0         0         0         1

 0.244801 -0.737592  0.629309  0.662031
-0.636603  0.367281  0.678116  0.878603
-0.731306 -0.566624 -0.379643   1.44051
        0         0         0         1

 0.246748 -0.718385  0.650414  0.661255
-0.665468  0.362289  0.652609  0.887074
-0.704463  -0.59386 -0.388668   1.46211
        0         0         0         1

 0.246748 -0.718385  0.650414  0.661255
-0.665468  0.362289  0.652609  0.887074
-0.704463  -0.59386 -0.388668   1.46211
        0         0         0         1

 0.249552 -0.704945   0.66391  0.658631
-0.684763  0.356309  0.635723  0.893949
-0.684707 -0.613267 -0.393803   1.47789
        0         0         0         1

 0.249552 -0.704945   0.66391  0.658631
-0.684763  0.356309  0.635723  0.893949
-0.684707 -0.613267 -0.393803   1.47789
        0         0         0         1

 0.256844 -0.684038  0.682732  0.656757
 -0.71298  0.342798  0.611678  0.905588
 -0.65245  -0.64388 -0.399659   1.50748
        0         0         0         1

 0.256844 -0.684038  0.682732  0.656757
 -0.71298  0.342798  0.611678  0.905588
 -0.65245  -0.64388 -0.399659   1.50748
        0         0         0         1

  0.25774 -0.671094  0.695128  0.657061
-0.730459  0.335584  0.594822  0.914981
-0.632455 -0.661072 -0.403713   1.53141
        0         0         0         1

  0.25774 -0.671094  0.695128  0.657061
-0.730459  0.335584  0.594822  0.914981
-0.632455 -0.661072 -0.403713   1.53141
        0         0         0         1

 0.265768 -0.662818  0.700028  0.652454
-0.749457  0.314679  0.582487  0.924812
-0.606367 -0.679447 -0.413122   1.55288
        0         0         0         1

 0.265768 -0.662818  0.700028  0.652454
-0.749457  0.314679  0.582487  0.924812
-0.606367 -0.679447 -0.413122   1.55288
        0         0         0         1

 0.274993 -0.643856  0.714023  0.649586
-0.779994  0.284807   0.55722  0.944357
-0.562129 -0.710165 -0.423884   1.58802
        0         0         0         1

 0.274993 -0.643856  0.714023  0.649586
-0.779994  0.284807   0.55722  0.944357
-0.562129 -0.710165 -0.423884   1.58802
        0         0         0         1

 0.284744 -0.634549  0.718518  0.647069
-0.795125  0.262328  0.546773  0.956008
-0.535442 -0.727002 -0.429849   1.61447
        0         0         0         1

 0.284744 -0.634549  0.718518  0.647069
-0.795125  0.262328  0.546773  0.956008
-0.535442 -0.727002 -0.429849   1.61447
        0         0         0         1

  0.29354 -0.622931  0.725115  0.651301
-0.821397  0.223671  0.524669  0.982676
 -0.48902 -0.749619 -0.446017   1.65231
        0         0         0         1

  0.29354 -0.622931  0.725115  0.651301
-0.821397  0.223671  0.524669  0.982676
 -0.48902 -0.749619 -0.446017   1.65231
        0         0         0         1

 0.294223 -0.612806  0.733418  0.655723
 -0.84323   0.19478  0.501024   1.00531
-0.449885 -0.765852 -0.459427   1.67226
        0         0         0         1

 0.294223 -0.612806  0.733418  0.655723
 -0.84323   0.19478  0.501024   1.00531
-0.449885 -0.765852 -0.459427   1.67226
        0         0         0         1

 0.318424 -0.607614  0.727606  0.642658
-0.849804  0.157142  0.503129   1.02115
-0.420046 -0.778532 -0.466315   1.70026
        0         0         0         1

 0.318424 -0.607614  0.727606  0.642658
-0.849804  0.157142  0.503129   1.02115
-0.420046 -0.778532 -0.466315   1.70026
        0         0         0         1

 0.333634 -0.606471  0.721721  0.645332
-0.861293  0.115124  0.494895   1.05522
-0.383227 -0.786727  -0.48394   1.73998
        0         0         0         1

 0.333634 -0.606471  0.721721  0.645332
-0.861293  0.115124  0.494895   1.05522
-0.383227 -0.786727  -0.48394   1.73998
        0         0         0         1

 0.352335 -0.601419  0.717047  0.639663
-0.865781 0.0814655  0.493747   1.07603
-0.355363  -0.79477 -0.491994   1.76167
        0         0         0         1

 0.352335 -0.601419  0.717047  0.639663
-0.865781 0.0814655  0.493747   1.07603
-0.355363  -0.79477 -0.491994   1.76167
        0         0         0         1

 0.362205 -0.601751  0.711831  0.648247
-0.876256 0.0405366  0.480138   1.11887
-0.317779 -0.797654 -0.512605   1.79548
        0         0         0         1

 0.362205 -0.601751  0.711831  0.648247
-0.876256 0.0405366  0.480138   1.11887
-0.317779 -0.797654 -0.512605   1.79548
        0         0         0         1

  0.367595  -0.603263   0.707777   0.648071
  -0.88613 0.00374902   0.463421    1.14924
 -0.282218  -0.797534  -0.533191     1.8106
         0          0          0          1

  0.367595  -0.603263   0.707777   0.648071
  -0.88613 0.00374902   0.463421    1.14924
 -0.282218  -0.797534  -0.533191     1.8106
         0          0          0          1

  0.381799  -0.610627   0.693804   0.641806
 -0.885354 -0.0261649    0.46418    1.17269
 -0.265288  -0.791486  -0.550611    1.83804
         0          0          0          1

  0.381799  -0.610627   0.693804   0.641806
 -0.885354 -0.0261649    0.46418    1.17269
 -0.265288  -0.791486  -0.550611    1.83804
         0          0          0          1

  0.381282   -0.62829   0.678142   0.654024
 -0.893665 -0.0627452   0.444326    1.21811
 -0.236615  -0.775445  -0.585405    1.86853
         0          0          0          1

