   0.24488  -0.611541   0.752364   0.486227
 -0.917593  -0.396804 -0.0238734    1.07369
  0.313141  -0.684518  -0.658315    2.11653
         0          0          0          1

   0.24488  -0.611541   0.752364   0.486227
 -0.917593  -0.396804 -0.0238734    1.07369
  0.313141  -0.684518  -0.658315    2.11653
         0          0          0          1

   0.234979   -0.608497    0.757969    0.492046
  -0.928752   -0.370578 -0.00957611     1.03526
   0.286714   -0.701715   -0.652221     2.11707
          0           0           0           1

   0.234979   -0.608497    0.757969    0.492046
  -0.928752   -0.370578 -0.00957611     1.03526
   0.286714   -0.701715   -0.652221     2.11707
          0           0           0           1

  0.231006  -0.593565   0.770919    0.49757
 -0.934764  -0.355206 0.00661366    1.00909
   0.26991  -0.722156  -0.636898    2.11992
         0          0          0          1

  0.231006  -0.593565   0.770919    0.49757
 -0.934764  -0.355206 0.00661366    1.00909
   0.26991  -0.722156  -0.636898    2.11992
         0          0          0          1

 0.225837 -0.564545  0.793906   0.49586
-0.938886 -0.343469 0.0228381  0.968247
 0.259789 -0.750545 -0.607611   2.11533
        0         0         0         1

 0.225837 -0.564545  0.793906   0.49586
-0.938886 -0.343469 0.0228381  0.968247
 0.259789 -0.750545 -0.607611   2.11533
        0         0         0         1

 0.218607 -0.556126  0.801832  0.502378
-0.943089 -0.331423 0.0272541  0.943681
 0.250589 -0.762157 -0.596927   2.11005
        0         0         0         1

 0.218607 -0.556126  0.801832  0.502378
-0.943089 -0.331423 0.0272541  0.943681
 0.250589 -0.762157 -0.596927   2.11005
        0         0         0         1

 0.219151 -0.552742   0.80402   0.50305
-0.947347 -0.317727 0.0397885  0.917066
 0.233466 -0.770406 -0.593269   2.10683
        0         0         0         1

 0.219151 -0.552742   0.80402   0.50305
-0.947347 -0.317727 0.0397885  0.917066
 0.233466 -0.770406 -0.593269   2.10683
        0         0         0         1

 0.212763 -0.569857  0.793722  0.519431
-0.955241 -0.292185 0.0462834  0.880701
 0.205539 -0.768043 -0.606517   2.10008
        0         0         0         1

 0.212763 -0.569857  0.793722  0.519431
-0.955241 -0.292185 0.0462834  0.880701
 0.205539 -0.768043 -0.606517   2.10008
        0         0         0         1

 0.216488 -0.581041  0.784554   0.51949
-0.960676 -0.269909 0.0651926  0.849081
 0.173878 -0.767816 -0.616624   2.09523
        0         0         0         1

 0.216488 -0.581041  0.784554   0.51949
-0.960676 -0.269909 0.0651926  0.849081
 0.173878 -0.767816 -0.616624   2.09523
        0         0         0         1

 0.208088  -0.61655  0.759319  0.533472
-0.969661 -0.231851 0.0774742  0.815797
 0.128282 -0.752404  -0.64609   2.07988
        0         0         0         1

 0.208088  -0.61655  0.759319  0.533472
-0.969661 -0.231851 0.0774742  0.815797
 0.128282 -0.752404  -0.64609   2.07988
        0         0         0         1

 0.198758 -0.630989  0.749899  0.538597
-0.974938 -0.205338 0.0856256  0.793838
0.0999539 -0.748124 -0.655987   2.06482
        0         0         0         1

 0.198758 -0.630989  0.749899  0.538597
-0.974938 -0.205338 0.0856256  0.793838
0.0999539 -0.748124 -0.655987   2.06482
        0         0         0         1

 0.195263 -0.635567  0.746945  0.535488
-0.978858 -0.173596  0.108178  0.764374
0.0609126 -0.752276 -0.656027   2.05329
        0         0         0         1

 0.195263 -0.635567  0.746945  0.535488
-0.978858 -0.173596  0.108178  0.764374
0.0609126 -0.752276 -0.656027   2.05329
        0         0         0         1

   0.1803 -0.631426  0.754184  0.532794
-0.983428 -0.130521  0.125829   0.72852
0.0189849 -0.764373 -0.644495    2.0281
        0         0         0         1

   0.1803 -0.631426  0.754184  0.532794
-0.983428 -0.130521  0.125829   0.72852
0.0189849 -0.764373 -0.644495    2.0281
        0         0         0         1

 0.168512 -0.623119  0.763758   0.52909
-0.985675 -0.101101  0.134991  0.707192
-0.00689881 -0.775565  -0.63123   2.00514
        0         0         0         1

 0.168512 -0.623119  0.763758   0.52909
-0.985675 -0.101101  0.134991  0.707192
-0.00689881 -0.775565  -0.63123   2.00514
        0         0         0         1

  0.146637  -0.621865   0.769273   0.528162
 -0.988011 -0.0541057   0.144594   0.679115
-0.0482961  -0.781253  -0.622343    1.97443
         0          0          0          1

  0.146637  -0.621865   0.769273   0.528162
 -0.988011 -0.0541057   0.144594   0.679115
-0.0482961  -0.781253  -0.622343    1.97443
         0          0          0          1

   0.13154  -0.617176   0.775752   0.524443
 -0.988587 -0.0236984   0.148775   0.661632
-0.0734365  -0.786468   -0.61325    1.94887
         0          0          0          1

   0.13154  -0.617176   0.775752   0.524443
 -0.988587 -0.0236984   0.148775   0.661632
-0.0734365  -0.786468   -0.61325    1.94887
         0          0          0          1

   0.12049  -0.618185   0.776743   0.522111
 -0.987057 0.00881049   0.160126    0.64443
 -0.105831  -0.785984  -0.609122    1.92837
         0          0          0          1

   0.12049  -0.618185   0.776743   0.522111
 -0.987057 0.00881049   0.160126    0.64443
 -0.105831  -0.785984  -0.609122    1.92837
         0          0          0          1

 0.104051 -0.624433  0.774116  0.518826
-0.983207 0.0527497  0.174706  0.622956
-0.149927 -0.779295 -0.608458   1.89164
        0         0         0         1

 0.104051 -0.624433  0.774116  0.518826
-0.983207 0.0527497  0.174706  0.622956
-0.149927 -0.779295 -0.608458   1.89164
        0         0         0         1

0.0981609 -0.624001  0.775233  0.513229
-0.978606 0.0810132  0.189121  0.608463
-0.180816 -0.777212 -0.602699   1.86651
        0         0         0         1

0.0981609 -0.624001  0.775233  0.513229
-0.978606 0.0810132  0.189121  0.608463
-0.180816 -0.777212 -0.602699   1.86651
        0         0         0         1

0.0833516 -0.625009  0.776154   0.51135
-0.970993  0.124222  0.204307  0.594956
-0.224109  -0.77067 -0.596526   1.82643
        0         0         0         1

0.0833516 -0.625009  0.776154   0.51135
-0.970993  0.124222  0.204307  0.594956
-0.224109  -0.77067 -0.596526   1.82643
        0         0         0         1

0.0815028 -0.623693  0.777409  0.509322
-0.963661  0.149774  0.221189  0.587582
 -0.25439 -0.767186 -0.588822   1.79867
        0         0         0         1

0.0815028 -0.623693  0.777409  0.509322
-0.963661  0.149774  0.221189  0.587582
 -0.25439 -0.767186 -0.588822   1.79867
        0         0         0         1

0.0835667 -0.614766   0.78427  0.508451
-0.954146  0.177653  0.240925  0.580102
-0.287441 -0.768441  -0.57173   1.77359
        0         0         0         1

0.0835667 -0.614766   0.78427  0.508451
-0.954146  0.177653  0.240925  0.580102
-0.287441 -0.768441  -0.57173   1.77359
        0         0         0         1

0.0880623 -0.590229  0.802418  0.505938
-0.942329  0.211759  0.259179  0.571836
-0.322894 -0.778966 -0.537542   1.73523
        0         0         0         1

0.0880623 -0.590229  0.802418  0.505938
-0.942329  0.211759  0.259179  0.571836
-0.322894 -0.778966 -0.537542   1.73523
        0         0         0         1

0.0874479 -0.566717  0.819259  0.507321
-0.936406  0.233804  0.261685  0.568404
-0.339847 -0.790043 -0.510231   1.71223
        0         0         0         1

0.0874479 -0.566717  0.819259  0.507321
-0.936406  0.233804  0.261685  0.568404
-0.339847 -0.790043 -0.510231   1.71223
        0         0         0         1

0.0890082 -0.530335  0.843103  0.509964
-0.929248  0.260515  0.261974  0.562571
-0.358575 -0.806769 -0.469624   1.68244
        0         0         0         1

0.0890082 -0.530335  0.843103  0.509964
-0.929248  0.260515  0.261974  0.562571
-0.358575 -0.806769 -0.469624   1.68244
        0         0         0         1

0.0937205 -0.513968  0.852674  0.512118
-0.925376  0.270976  0.265048  0.558668
 -0.36728 -0.813885 -0.450218    1.6647
        0         0         0         1

0.0937205 -0.513968  0.852674  0.512118
-0.925376  0.270976  0.265048  0.558668
 -0.36728 -0.813885 -0.450218    1.6647
        0         0         0         1

 0.094977 -0.508019  0.856093  0.516249
-0.922664  0.277932  0.267292  0.555419
-0.373725 -0.815273 -0.442334   1.64953
        0         0         0         1

 0.094977 -0.508019  0.856093  0.516249
-0.922664  0.277932  0.267292  0.555419
-0.373725 -0.815273 -0.442334   1.64953
        0         0         0         1

0.0932085 -0.504256  0.858509  0.522604
 -0.92117  0.283542  0.266553  0.551178
-0.377834 -0.815678 -0.438076   1.62774
        0         0         0         1

0.0932085 -0.504256  0.858509  0.522604
 -0.92117  0.283542  0.266553  0.551178
-0.377834 -0.815678 -0.438076   1.62774
        0         0         0         1

0.0866465 -0.500587  0.861339  0.526936
-0.921415  0.288472  0.260342  0.547934
-0.378796 -0.816209 -0.436253   1.61838
        0         0         0         1

0.0866465 -0.500587  0.861339  0.526936
-0.921415  0.288472  0.260342  0.547934
-0.378796 -0.816209 -0.436253   1.61838
        0         0         0         1

0.0863208 -0.502153   0.86046  0.533316
 -0.92369  0.283273  0.257979  0.543398
 -0.37329 -0.817067 -0.439382   1.60473
        0         0         0         1

0.0863208 -0.502153   0.86046  0.533316
 -0.92369  0.283273  0.257979  0.543398
 -0.37329 -0.817067 -0.439382   1.60473
        0         0         0         1

0.0897501 -0.517435  0.851003  0.537935
-0.924265  0.275059   0.26472  0.538894
-0.371051 -0.810311  -0.45356   1.59887
        0         0         0         1

0.0897501 -0.517435  0.851003  0.537935
-0.924265  0.275059   0.26472  0.538894
-0.371051 -0.810311  -0.45356   1.59887
        0         0         0         1

0.0866919 -0.541064  0.836501  0.544466
-0.925855  0.266239   0.26816  0.538169
-0.367801 -0.797726 -0.477866   1.59202
        0         0         0         1

0.0866919 -0.541064  0.836501  0.544466
-0.925855  0.266239   0.26816  0.538169
-0.367801 -0.797726 -0.477866   1.59202
        0         0         0         1

0.0894252  -0.55155  0.829335  0.546034
-0.923802  0.265302  0.276051  0.533811
 -0.37228 -0.790827 -0.485798   1.58331
        0         0         0         1

0.0894252  -0.55155  0.829335  0.546034
-0.923802  0.265302  0.276051  0.533811
 -0.37228 -0.790827 -0.485798   1.58331
        0         0         0         1

0.0878464 -0.554486  0.827543  0.547618
-0.924311   0.26436   0.27525  0.531372
-0.371391 -0.789087 -0.489295   1.58086
        0         0         0         1

0.0878464 -0.554486  0.827543  0.547618
-0.924311   0.26436   0.27525  0.531372
-0.371391 -0.789087 -0.489295   1.58086
        0         0         0         1

0.0904242 -0.552214  0.828784  0.549493
-0.924084  0.263774  0.276573  0.529322
-0.371339 -0.790875  -0.48644    1.5731
        0         0         0         1

0.0904242 -0.552214  0.828784  0.549493
-0.924084  0.263774  0.276573  0.529322
-0.371339 -0.790875  -0.48644    1.5731
        0         0         0         1

0.0973422 -0.549331  0.829916  0.548902
-0.922303  0.263574  0.282641  0.526802
-0.374007 -0.792947 -0.480993   1.56926
        0         0         0         1

0.0973422 -0.549331  0.829916  0.548902
-0.922303  0.263574  0.282641  0.526802
-0.374007 -0.792947 -0.480993   1.56926
        0         0         0         1

 0.100358 -0.547961  0.830462   0.55054
-0.921773   0.26298  0.284914  0.525681
-0.374517 -0.794091 -0.478703   1.56709
        0         0         0         1

 0.100358 -0.547961  0.830462   0.55054
-0.921773   0.26298  0.284914  0.525681
-0.374517 -0.794091 -0.478703   1.56709
        0         0         0         1

 0.102592 -0.547302  0.830624  0.550142
-0.922174  0.260721  0.285691   0.52339
 -0.37292 -0.795289  -0.47796   1.56498
        0         0         0         1

 0.102592 -0.547302  0.830624  0.550142
-0.922174  0.260721  0.285691   0.52339
 -0.37292 -0.795289  -0.47796   1.56498
        0         0         0         1

 0.105339 -0.547192  0.830352  0.549472
-0.922382   0.25829  0.287224   0.52246
-0.371638 -0.796158 -0.477512    1.5625
        0         0         0         1

 0.105339 -0.547192  0.830352  0.549472
-0.922382   0.25829  0.287224   0.52246
-0.371638 -0.796158 -0.477512    1.5625
        0         0         0         1

 0.108869  -0.54878  0.828848  0.548962
-0.922229  0.255432  0.290256  0.520577
-0.371001 -0.795987 -0.478292    1.5617
        0         0         0         1

 0.108869  -0.54878  0.828848  0.548962
-0.922229  0.255432  0.290256  0.520577
-0.371001 -0.795987 -0.478292    1.5617
        0         0         0         1

 0.111759 -0.549592  0.827924  0.547731
-0.922635  0.252087  0.291884  0.519932
-0.369126 -0.796493   -0.4789   1.56083
        0         0         0         1

 0.111759 -0.549592  0.827924  0.547731
-0.922635  0.252087  0.291884  0.519932
-0.369126 -0.796493   -0.4789   1.56083
        0         0         0         1

 0.116131 -0.551116  0.826308  0.546395
-0.921621  0.250381  0.296521  0.518682
-0.370309 -0.795978 -0.478843    1.5598
        0         0         0         1

 0.116131 -0.551116  0.826308  0.546395
-0.921621  0.250381  0.296521  0.518682
-0.370309 -0.795978 -0.478843    1.5598
        0         0         0         1

 0.120341 -0.558671  0.820612  0.544564
-0.919479  0.248917  0.304301   0.51703
-0.374269 -0.791155 -0.483732   1.56164
        0         0         0         1

 0.120341 -0.558671  0.820612  0.544564
-0.919479  0.248917  0.304301   0.51703
-0.374269 -0.791155 -0.483732   1.56164
        0         0         0         1

 0.120591 -0.559742  0.819846  0.543369
-0.919762  0.247723  0.304419   0.51696
-0.373491 -0.790773 -0.484956   1.56184
        0         0         0         1

 0.120591 -0.559742  0.819846  0.543369
-0.919762  0.247723  0.304419   0.51696
-0.373491 -0.790773 -0.484956   1.56184
        0         0         0         1

 0.118422 -0.558547  0.820976  0.543473
-0.920261  0.248807  0.302017  0.517907
-0.372955 -0.791278 -0.484545   1.56309
        0         0         0         1

 0.118422 -0.558547  0.820976  0.543473
-0.920261  0.248807  0.302017  0.517907
-0.372955 -0.791278 -0.484545   1.56309
        0         0         0         1

 0.119895 -0.554337  0.823611  0.540444
-0.922065  0.245329  0.299348  0.518584
-0.367996 -0.795314 -0.481721   1.56482
        0         0         0         1

 0.119895 -0.554337  0.823611  0.540444
-0.922065  0.245329  0.299348  0.518584
-0.367996 -0.795314 -0.481721   1.56482
        0         0         0         1

 0.124002 -0.550638  0.825482  0.537117
 -0.92431  0.238502  0.297941  0.519327
-0.360936 -0.799946 -0.479386   1.56905
        0         0         0         1

 0.124002 -0.550638  0.825482  0.537117
 -0.92431  0.238502  0.297941  0.519327
-0.360936 -0.799946 -0.479386   1.56905
        0         0         0         1

 0.133078 -0.550024  0.824478  0.532519
-0.930582  0.216906  0.294906  0.522759
-0.341039  -0.80649 -0.482977   1.57703
        0         0         0         1

 0.133078 -0.550024  0.824478  0.532519
-0.930582  0.216906  0.294906  0.522759
-0.341039  -0.80649 -0.482977   1.57703
        0         0         0         1

 0.141232 -0.553877  0.820533  0.529804
-0.935048  0.197614  0.294336  0.524974
-0.325175 -0.808807 -0.489992     1.584
        0         0         0         1

 0.141232 -0.553877  0.820533  0.529804
-0.935048  0.197614  0.294336  0.524974
-0.325175 -0.808807 -0.489992     1.584
        0         0         0         1

 0.153468 -0.558177  0.815406  0.525824
-0.937889  0.177551  0.298061  0.526163
-0.311147 -0.810503 -0.496259   1.59314
        0         0         0         1

 0.153468 -0.558177  0.815406  0.525824
-0.937889  0.177551  0.298061  0.526163
-0.311147 -0.810503 -0.496259   1.59314
        0         0         0         1

 0.169937 -0.564568  0.807703  0.520305
-0.943146  0.144404   0.29937  0.530974
 -0.28565 -0.812657  -0.50793   1.60708
        0         0         0         1

 0.169937 -0.564568  0.807703  0.520305
-0.943146  0.144404   0.29937  0.530974
 -0.28565 -0.812657  -0.50793   1.60708
        0         0         0         1

 0.176248 -0.570323  0.802289  0.517819
-0.949008  0.117976  0.292346  0.536197
-0.261383 -0.812904 -0.520448   1.61615
        0         0         0         1

 0.176248 -0.570323  0.802289  0.517819
-0.949008  0.117976  0.292346  0.536197
-0.261383 -0.812904 -0.520448   1.61615
        0         0         0         1

 0.183019 -0.585448  0.789781  0.513233
-0.957768 0.0750444  0.277577  0.544578
-0.221775 -0.807229 -0.546989   1.63404
        0         0         0         1

 0.183019 -0.585448  0.789781  0.513233
-0.957768 0.0750444  0.277577  0.544578
-0.221775 -0.807229 -0.546989   1.63404
        0         0         0         1

 0.186476 -0.599181  0.778594  0.510262
-0.962358 0.0480907  0.267497  0.549585
-0.197722 -0.799168 -0.567658   1.64981
        0         0         0         1

 0.186476 -0.599181  0.778594  0.510262
-0.962358 0.0480907  0.267497  0.549585
-0.197722 -0.799168 -0.567658   1.64981
        0         0         0         1

 0.192341 -0.612101  0.767032  0.506828
-0.966308 0.0180956  0.256752  0.555475
-0.171038 -0.790573 -0.587997   1.66585
        0         0         0         1

 0.192341 -0.612101  0.767032  0.506828
-0.966308 0.0180956  0.256752  0.555475
-0.171038 -0.790573 -0.587997   1.66585
        0         0         0         1

  0.202329  -0.627104   0.752199   0.501014
  -0.97032 -0.0244918   0.240581    0.56743
 -0.132447   -0.77855  -0.613447     1.6902
         0          0          0          1

  0.202329  -0.627104   0.752199   0.501014
  -0.97032 -0.0244918   0.240581    0.56743
 -0.132447   -0.77855  -0.613447     1.6902
         0          0          0          1

  0.207018  -0.634919   0.744326   0.499893
 -0.972353 -0.0495095   0.228207   0.578999
 -0.108041  -0.770991  -0.627615    1.70685
         0          0          0          1

  0.207018  -0.634919   0.744326   0.499893
 -0.972353 -0.0495095   0.228207   0.578999
 -0.108041  -0.770991  -0.627615    1.70685
         0          0          0          1

   0.22354  -0.633883    0.74042   0.492534
  -0.97194 -0.0878992   0.218187   0.594609
-0.0732224  -0.768418  -0.635745     1.7299
         0          0          0          1

   0.22354  -0.633883    0.74042   0.492534
  -0.97194 -0.0878992   0.218187   0.594609
-0.0732224  -0.768418  -0.635745     1.7299
         0          0          0          1

 0.231953 -0.627444  0.743311  0.486415
-0.971585 -0.112423  0.208288  0.606885
-0.0471239 -0.770503 -0.635692   1.74409
        0         0         0         1

 0.231953 -0.627444  0.743311  0.486415
-0.971585 -0.112423  0.208288  0.606885
-0.0471239 -0.770503 -0.635692   1.74409
        0         0         0         1

 0.241252 -0.612391  0.752844  0.476502
-0.970336 -0.139694  0.197316  0.625936
-0.0156673 -0.778115 -0.627927   1.76987
        0         0         0         1

 0.241252 -0.612391  0.752844  0.476502
-0.970336 -0.139694  0.197316  0.625936
-0.0156673 -0.778115 -0.627927   1.76987
        0         0         0         1

 0.245236 -0.609186  0.754156  0.473111
-0.969456 -0.157196  0.188269  0.641785
0.00385974 -0.777291 -0.629129   1.78883
        0         0         0         1

 0.245236 -0.609186  0.754156  0.473111
-0.969456 -0.157196  0.188269  0.641785
0.00385974 -0.777291 -0.629129   1.78883
        0         0         0         1

 0.248566 -0.600663  0.759881  0.467689
-0.968176 -0.177695  0.176239  0.660264
0.0291669 -0.779506 -0.625716   1.80196
        0         0         0         1

 0.248566 -0.600663  0.759881  0.467689
-0.968176 -0.177695  0.176239  0.660264
0.0291669 -0.779506 -0.625716   1.80196
        0         0         0         1

 0.254487 -0.587686  0.768025   0.46068
-0.965013 -0.206166  0.162003  0.688936
0.0631334 -0.782382 -0.619591   1.82508
        0         0         0         1

 0.254487 -0.587686  0.768025   0.46068
-0.965013 -0.206166  0.162003  0.688936
0.0631334 -0.782382 -0.619591   1.82508
        0         0         0         1

 0.266276 -0.573983  0.774365  0.450806
 -0.95939 -0.235414  0.155404  0.709048
0.0930976 -0.784299 -0.613359   1.83744
        0         0         0         1

 0.266276 -0.573983  0.774365  0.450806
 -0.95939 -0.235414  0.155404  0.709048
0.0930976 -0.784299 -0.613359   1.83744
        0         0         0         1

 0.275285 -0.570567  0.773738  0.444218
-0.952693 -0.269749  0.140038  0.744048
 0.128814 -0.775686 -0.617834   1.86063
        0         0         0         1

 0.275285 -0.570567  0.773738  0.444218
-0.952693 -0.269749  0.140038  0.744048
 0.128814 -0.775686 -0.617834   1.86063
        0         0         0         1

 0.287484 -0.561401  0.776004  0.430526
-0.945538 -0.295505  0.136507  0.764903
 0.152678 -0.772985 -0.615779   1.87388
        0         0         0         1

 0.287484 -0.561401  0.776004  0.430526
-0.945538 -0.295505  0.136507  0.764903
 0.152678 -0.772985 -0.615779   1.87388
        0         0         0         1

 0.291125 -0.569064  0.769034  0.429083
-0.941048 -0.315081  0.123092  0.792028
 0.172261 -0.759533 -0.627244   1.88953
        0         0         0         1

 0.291125 -0.569064  0.769034  0.429083
-0.941048 -0.315081  0.123092  0.792028
 0.172261 -0.759533 -0.627244   1.88953
        0         0         0         1

 0.294205 -0.572504  0.765299  0.420709
-0.931967 -0.349342 0.0969426  0.838745
 0.211851 -0.741754 -0.636333   1.90443
        0         0         0         1

 0.294205 -0.572504  0.765299  0.420709
-0.931967 -0.349342 0.0969426  0.838745
 0.211851 -0.741754 -0.636333   1.90443
        0         0         0         1

 0.288094 -0.583163  0.759554  0.428058
-0.926544 -0.370125 0.0672618  0.876555
 0.241905 -0.723138 -0.646957   1.91481
        0         0         0         1

 0.288094 -0.583163  0.759554  0.428058
-0.926544 -0.370125 0.0672618  0.876555
 0.241905 -0.723138 -0.646957   1.91481
        0         0         0         1

 0.292824  -0.58234  0.758376  0.417471
-0.920112 -0.387362 0.0578273   0.90376
 0.260091 -0.714725 -0.649247   1.92586
        0         0         0         1

 0.292824  -0.58234  0.758376  0.417471
-0.920112 -0.387362 0.0578273   0.90376
 0.260091 -0.714725 -0.649247   1.92586
        0         0         0         1

 0.290842 -0.586596  0.755855  0.407895
-0.907956 -0.418337 0.0247099  0.956382
 0.301707 -0.693469 -0.654273   1.93472
        0         0         0         1

 0.290842 -0.586596  0.755855  0.407895
-0.907956 -0.418337 0.0247099  0.956382
 0.301707 -0.693469 -0.654273   1.93472
        0         0         0         1

  0.285744  -0.593029   0.752773   0.401686
 -0.903999  -0.427487 0.00637592   0.987128
   0.31802  -0.682328  -0.658249    1.94899
         0          0          0          1

  0.285744  -0.593029   0.752773   0.401686
 -0.903999  -0.427487 0.00637592   0.987128
   0.31802  -0.682328  -0.658249    1.94899
         0          0          0          1

  0.256897  -0.595664   0.761044   0.394079
 -0.887692  -0.456786 -0.0578745     1.0473
  0.382108  -0.660705  -0.646113    1.94764
         0          0          0          1

  0.256897  -0.595664   0.761044   0.394079
 -0.887692  -0.456786 -0.0578745     1.0473
  0.382108  -0.660705  -0.646113    1.94764
         0          0          0          1

 0.240202 -0.589637  0.771123   0.39402
-0.875771 -0.474289 -0.089864   1.08468
 0.418722 -0.653742 -0.630312   1.95623
        0         0         0         1

 0.240202 -0.589637  0.771123   0.39402
-0.875771 -0.474289 -0.089864   1.08468
 0.418722 -0.653742 -0.630312   1.95623
        0         0         0         1

 0.224048 -0.567259  0.792477  0.385724
-0.855784 -0.503575 -0.118516   1.12344
 0.466301 -0.651636 -0.598276   1.95246
        0         0         0         1

 0.224048 -0.567259  0.792477  0.385724
-0.855784 -0.503575 -0.118516   1.12344
 0.466301 -0.651636 -0.598276   1.95246
        0         0         0         1

 0.213149 -0.547107   0.80947  0.369353
-0.836652 -0.530075 -0.137962   1.17319
 0.504559 -0.647839 -0.570723   1.95471
        0         0         0         1

 0.213149 -0.547107   0.80947  0.369353
-0.836652 -0.530075 -0.137962   1.17319
 0.504559 -0.647839 -0.570723   1.95471
        0         0         0         1

