 0.0703014  -0.559773   0.825659   0.729805
 -0.996141 -0.0829907   0.028552     1.0827
 0.0525393   -0.82448  -0.563447    2.39144
         0          0          0          1

 0.0684737  -0.560287   0.825463   0.730466
 -0.996579 -0.0767868  0.0305486    1.06788
 0.0462687  -0.824731  -0.563629    2.37987
         0          0          0          1

 0.0655203  -0.557962   0.827276   0.730556
 -0.996927 -0.0722744  0.0302108    1.05849
 0.0429344  -0.826713  -0.560983    2.36858
         0          0          0          1

 0.0637359   -0.55382   0.830193   0.731346
 -0.997189 -0.0681836  0.0310714    1.04849
 0.0393976   -0.82984  -0.556609     2.3563
         0          0          0          1

 0.0626333  -0.551007   0.832147   0.730347
 -0.997399 -0.0643477  0.0324635     1.0368
 0.0356592  -0.832016  -0.553604    2.35008
         0          0          0          1

 0.0705129  -0.552475   0.830542     0.7259
 -0.997503 -0.0357157  0.0609299   0.997802
-0.00399883  -0.832764  -0.553613    2.34558
         0          0          0          1

 0.0677114   -0.55215    0.83099     0.7311
 -0.997673 -0.0307662  0.0608505   0.989078
-0.00803218  -0.833177  -0.552948    2.33457
         0          0          0          1

 0.0688332  -0.548707   0.833176   0.725153
 -0.997371 -0.0188844  0.0699615   0.971595
-0.0226544  -0.835801  -0.548565    2.32817
         0          0          0          1

 0.0631844  -0.552407   0.831176   0.734169
 -0.997574 -0.0105809  0.0688016   0.962369
-0.0292119  -0.833507  -0.551736    2.32011
         0          0          0          1

 0.0644133  -0.546263   0.835133   0.735547
 -0.996947 0.00178453  0.0780612    0.93735
-0.0441323  -0.837612   -0.54448    2.29999
         0          0          0          1

0.0629043 -0.543203  0.837242  0.736421
-0.996524 0.0117276 0.0824805  0.926262
-0.0546225  -0.83952 -0.540577   2.29118
        0         0         0         1

0.0622126 -0.545383  0.835875  0.739419
-0.995717 0.0234688  0.089422  0.910673
-0.0683862 -0.837858 -0.541587   2.28346
        0         0         0         1

0.0648266 -0.541452  0.838228  0.735879
-0.994735 0.0317524 0.0974409  0.896375
-0.0793754 -0.840132 -0.536543   2.27823
        0         0         0         1

0.0658511 -0.534297  0.842728   0.73248
-0.994463 0.0341715 0.0993728  0.886725
-0.0818918 -0.844606 -0.529088   2.26025
        0         0         0         1

0.0669552 -0.535922  0.841609  0.734835
-0.993156 0.0451029  0.107733  0.872071
-0.0956952 -0.843062 -0.529234   2.25794
        0         0         0         1

0.0605145 -0.535579  0.842314  0.742583
-0.991692 0.0637027  0.111751  0.847611
-0.113509 -0.842079 -0.527275   2.23838
        0         0         0         1

0.0595476 -0.532209  0.844517  0.740221
-0.991617 0.0656472   0.11129  0.840924
 -0.11467 -0.844064 -0.523838   2.22341
        0         0         0         1

0.0587083 -0.531526  0.845005  0.741469
-0.990366 0.0753312  0.116192  0.827285
-0.125415 -0.843686 -0.521983   2.21323
        0         0         0         1

0.0609677  -0.53178  0.844685  0.739938
-0.988587   0.08463  0.124634  0.815354
-0.137764 -0.842643 -0.520552   2.20526
        0         0         0         1

0.0567132 -0.533459  0.843922  0.743343
-0.985948  0.103109  0.131435   0.79264
-0.157131 -0.839518 -0.520115   2.18067
        0         0         0         1

0.0563832 -0.534148  0.843509  0.744202
-0.984328  0.111652  0.136499  0.781209
 -0.16709 -0.837986 -0.519481   2.17231
        0         0         0         1

0.0620719 -0.530689   0.84529  0.739687
-0.981961  0.119085  0.146872  0.768185
-0.178605 -0.839159 -0.513724   2.15784
        0         0         0         1

0.0591006 -0.534225  0.843274  0.743908
-0.979686  0.131125  0.151731  0.757697
-0.191633 -0.835111 -0.515623   2.15123
        0         0         0         1

0.0594523  -0.53434  0.843176  0.745109
-0.977687  0.139317  0.157225   0.74633
-0.201481 -0.833709 -0.514134   2.13747
        0         0         0         1

0.0575829 -0.535104  0.842821   0.74627
-0.975458  0.149558  0.161599  0.736109
-0.212522 -0.831442  -0.51336   2.12908
        0         0         0         1

0.0552211 -0.538962  0.840518  0.749178
-0.971595  0.165003  0.169637  0.716658
-0.230116 -0.826011 -0.514541   2.10476
        0         0         0         1

0.0515515  -0.53998  0.840097  0.751799
-0.969769  0.173845  0.171249  0.709046
-0.238518 -0.823528 -0.514694   2.09185
        0         0         0         1

0.0528223 -0.540761  0.839516  0.750624
-0.967511  0.180436  0.177101  0.698081
-0.247248 -0.821596 -0.513661   2.07897
        0         0         0         1

0.0498365 -0.541756  0.839057  0.753099
 -0.96489  0.190801  0.180506  0.690342
-0.257883 -0.818593 -0.513227    2.0681
        0         0         0         1

0.0460533 -0.543374  0.838227  0.756812
-0.958272  0.212955  0.190695   0.66965
-0.282123 -0.812032 -0.510892   2.04608
        0         0         0         1

0.0437591 -0.545038  0.837269  0.758781
-0.956282  0.219712  0.193005  0.662723
-0.289153 -0.809111 -0.511595   2.03523
        0         0         0         1

0.0419056 -0.546928   0.83613  0.760346
-0.952231  0.231504  0.199155  0.652585
-0.302491 -0.804535   -0.5111   2.02545
        0         0         0         1

0.0411403 -0.546109  0.836703   0.76054
-0.950541  0.236634  0.201187  0.646212
-0.307862 -0.803598 -0.509364   2.01354
        0         0         0         1

0.0360988 -0.545376  0.837414  0.764737
-0.948825  0.244362  0.200046  0.640643
-0.313732  -0.80178 -0.508645   1.99794
        0         0         0         1

0.0355902 -0.544002  0.838329  0.764383
-0.946986  0.249657  0.202208   0.63396
-0.319296 -0.801083 -0.506277   1.98686
        0         0         0         1

0.0315981 -0.545704  0.837382  0.767894
-0.940222  0.268004  0.210132  0.618856
-0.339092 -0.793965 -0.504615   1.96468
        0         0         0         1

0.0278035 -0.544774  0.838122  0.770138
-0.938874  0.273581  0.208972  0.614126
-0.343136 -0.792701 -0.503868   1.95302
        0         0         0         1

0.0259859 -0.545602  0.837641  0.771433
-0.934566   0.28417  0.214089  0.605821
 -0.35484 -0.788394 -0.502517   1.94209
        0         0         0         1

0.0244842 -0.545191  0.837954  0.772939
-0.932071  0.290609   0.21631  0.600563
-0.361447 -0.786329 -0.501041   1.93231
        0         0         0         1

0.0239912 -0.542472  0.839731  0.774626
-0.925837  0.304839  0.223379  0.588209
 -0.37716 -0.782814 -0.494927   1.90955
        0         0         0         1

 0.022489 -0.540574  0.840996  0.776134
-0.923976  0.310007  0.223974  0.584198
-0.381789 -0.782097 -0.492506   1.89882
        0         0         0         1

0.0218641 -0.539434  0.841744  0.777634
-0.920083  0.318517  0.228021  0.578379
-0.391112  -0.77946  -0.48936   1.88784
        0         0         0         1

0.0246507 -0.536546  0.843511   0.77693
-0.917492  0.322925  0.232221   0.57319
-0.396989 -0.779639 -0.484317   1.87753
        0         0         0         1

0.0220696 -0.534268  0.845027  0.778873
 -0.91486   0.33006  0.232574  0.568878
-0.403167 -0.778215 -0.481496   1.86534
        0         0         0         1

0.0214641 -0.535007  0.844575   0.77958
-0.912619   0.33447  0.235068  0.564883
-0.408248  -0.77582 -0.481078   1.85647
        0         0         0         1

0.0187408 -0.535068  0.844601  0.783082
-0.906078  0.348046  0.240598  0.555092
-0.422696 -0.769783 -0.478291   1.83695
        0         0         0         1

0.0185552 -0.532946  0.845946  0.784043
-0.905308  0.350144  0.240448  0.552688
-0.424349 -0.770303 -0.475984   1.82663
        0         0         0         1

0.0165383 -0.532489  0.846275   0.78545
-0.901652  0.357872  0.242799  0.548364
-0.432145 -0.767062 -0.474201   1.81651
        0         0         0         1

0.0170606 -0.532235  0.846425  0.785618
-0.899181  0.362035  0.245773  0.544845
-0.437245 -0.765282 -0.472399   1.80896
        0         0         0         1

0.0169106 -0.532106  0.846509   0.78632
-0.897102  0.365766  0.247838  0.541161
-0.441501 -0.763595 -0.471168   1.79839
        0         0         0         1

0.0166985 -0.531466  0.846915  0.786807
-0.895184  0.369362  0.249436  0.538293
-0.445385 -0.762309 -0.469592   1.78959
        0         0         0         1

0.0168117 -0.531338  0.846993  0.787451
-0.890684  0.376949  0.254148  0.531575
-0.454312 -0.758676 -0.466917   1.77075
        0         0         0         1

0.0141428 -0.532691  0.846192  0.789461
-0.887701  0.382808   0.25582  0.529161
-0.460202 -0.754784 -0.467456   1.76438
        0         0         0         1

0.0121188 -0.532571  0.846298  0.791283
-0.886003  0.386616  0.255983  0.526763
-0.463521 -0.752925 -0.467174   1.75466
        0         0         0         1

0.0133525 -0.532894  0.846077  0.790699
-0.884199  0.388828  0.258854  0.524132
 -0.46692 -0.751556 -0.465993   1.74717
        0         0         0         1

0.0112088 -0.534088  0.845354  0.792777
-0.878649  0.398309  0.263299  0.518724
-0.477337 -0.745721 -0.464812   1.73184
        0         0         0         1

0.0129185 -0.533264   0.84585   0.79224
-0.876659  0.400829  0.266091  0.516541
-0.480938  -0.74496 -0.462313   1.72496
        0         0         0         1

0.0130571 -0.532275  0.846471  0.792265
-0.875339  0.403113  0.266987  0.514882
-0.483334 -0.744435 -0.460658   1.71578
        0         0         0         1

0.0131824 -0.532452  0.846358  0.792243
-0.873152  0.406346  0.269236  0.512856
 -0.48727 -0.742548 -0.459555   1.70926
        0         0         0         1

0.0124916 -0.531387  0.847037  0.792839
-0.871302  0.409826  0.269953  0.511122
-0.490588 -0.741397  -0.45788   1.70128
        0         0         0         1

0.0118953  -0.53153  0.846956  0.793238
-0.869576  0.412665  0.271192    0.5098
-0.493656 -0.739718 -0.457297   1.69516
        0         0         0         1

0.0102481 -0.531212  0.847177  0.795213
 -0.86499  0.420351  0.274039  0.507295
-0.501684 -0.735608 -0.455185   1.68161
        0         0         0         1

0.0127558 -0.530575  0.847542  0.794434
-0.863663  0.421306  0.276743  0.506233
-0.503908 -0.735521 -0.452864   1.67526
        0         0         0         1

0.0145155 -0.530952  0.847278  0.794223
-0.861895  0.422913  0.279787  0.505047
-0.506878 -0.734326 -0.451486   1.66795
        0         0         0         1

0.0138526 -0.531474  0.846961  0.794591
-0.859741  0.426161  0.281481  0.504149
-0.510542 -0.732067 -0.451027   1.66327
        0         0         0         1

0.0155283 -0.531659  0.846816   0.79405
-0.857154   0.42899  0.285052   0.50249
-0.514826 -0.730278 -0.449053   1.65012
        0         0         0         1

 0.017112 -0.532303  0.846381  0.793601
-0.854537  0.431706  0.288784  0.501229
-0.519108 -0.728205 -0.447486   1.64542
        0         0         0         1

0.0173918 -0.533311  0.845741  0.793497
-0.852867   0.43356  0.290935  0.500437
-0.521838 -0.726364 -0.447303   1.63952
        0         0         0         1

0.0160605 -0.533121  0.845887  0.794662
-0.852122  0.435297  0.290525   0.50067
-0.523097 -0.725465 -0.447293   1.63383
        0         0         0         1

0.0165142 -0.533643  0.845548  0.794548
 -0.85048   0.43717  0.292518  0.500038
-0.525748 -0.723952 -0.446633   1.62805
        0         0         0         1

0.0150447 -0.533565  0.845625  0.795336
-0.849433  0.439333  0.292319  0.500324
-0.527482   -0.7227 -0.446618   1.62318
        0         0         0         1

0.0138482 -0.533141  0.845913  0.796347
-0.845543   0.44533  0.294514  0.500098
-0.533728 -0.719334 -0.444627   1.61299
        0         0         0         1

0.0171828 -0.531133  0.847114  0.794746
-0.845128   0.44502  0.296167  0.499832
-0.534287 -0.721009 -0.441229   1.60786
        0         0         0         1

0.0181208 -0.530016  0.847794  0.794354
-0.843461  0.447214  0.297613  0.499649
-0.536885 -0.720474 -0.438944   1.60267
        0         0         0         1

0.0195226 -0.528887  0.848468  0.793957
-0.842292  0.448517  0.298961  0.499541
-0.538668 -0.720494 -0.436721   1.59853
        0         0         0         1

 0.019857 -0.525706  0.850435  0.794372
-0.839303  0.453459  0.299908  0.500092
-0.543301 -0.719728 -0.432222    1.5895
        0         0         0         1

0.0210299 -0.524214  0.851327  0.794031
-0.838432  0.454592  0.300631  0.500422
-0.544601 -0.720102 -0.429957   1.58554
        0         0         0         1

 0.022046 -0.523705  0.851614  0.793585
-0.836689  0.456595  0.302445  0.500481
-0.547235 -0.719204 -0.428112   1.58202
        0         0         0         1

0.0222019 -0.523068  0.852002  0.794308
-0.836084  0.457543  0.302686  0.501239
-0.548152 -0.719065  -0.42717    1.5784
        0         0         0         1

0.0225587 -0.520816  0.853371  0.794889
-0.833982  0.460925  0.303351  0.502165
-0.551331 -0.718539 -0.423953   1.57085
        0         0         0         1

0.0239511 -0.519811  0.853946  0.794684
-0.833511  0.461251  0.304149  0.502835
-0.551984 -0.719058  -0.42222   1.56763
        0         0         0         1

0.0249275 -0.520309  0.853614  0.794263
-0.831823  0.462812  0.306392  0.503244
-0.554481 -0.717694 -0.421268   1.56454
        0         0         0         1

0.0261303 -0.519981  0.853778  0.793966
 -0.83063  0.463912   0.30796  0.503488
-0.556211 -0.717221 -0.419789    1.5617
        0         0         0         1

0.0281203 -0.519292  0.854134  0.793105
 -0.83001  0.464032  0.309446  0.503864
-0.557038 -0.717642 -0.417969   1.55768
        0         0         0         1

0.0260009 -0.519661  0.853977  0.794345
-0.828967  0.466226  0.308946  0.504912
-0.558693 -0.715951 -0.418659   1.55558
        0         0         0         1

0.0280782 -0.515604  0.856367  0.794431
-0.828804  0.466936  0.308309  0.506601
-0.558834 -0.718417 -0.414224   1.54965
        0         0         0         1

0.0259168 -0.518338  0.854783  0.795592
-0.828399  0.467469  0.308589  0.507348
-0.559538 -0.716099 -0.417276   1.54841
        0         0         0         1

  0.02557 -0.517565  0.855262  0.795924
-0.827302  0.469309  0.308739  0.507615
-0.561175 -0.715454 -0.416183   1.54706
        0         0         0         1

0.0287451 -0.514355  0.857095  0.793828
-0.827381  0.468903  0.309144  0.507441
-0.560904 -0.718031 -0.412089   1.54469
        0         0         0         1

0.0310716 -0.513441  0.857562  0.793475
-0.826303  0.469537  0.311061  0.507254
-0.562369 -0.718271 -0.409669   1.54355
        0         0         0         1

 0.032679 -0.511575  0.858617  0.793139
-0.826939  0.468653  0.310703  0.507309
-0.561341 -0.720177 -0.407726    1.5421
        0         0         0         1

0.0327381 -0.511263    0.8588  0.793981
-0.827713  0.467744  0.310011  0.507632
-0.560196 -0.720989 -0.407866   1.54156
        0         0         0         1

0.0329857 -0.511293  0.858773  0.794359
-0.828205  0.466984  0.309843  0.507664
-0.559453 -0.721461 -0.408052   1.54126
        0         0         0         1

0.0330369 -0.510195  0.859424  0.794855
-0.828884  0.466478  0.308787  0.507815
-0.558444 -0.722564 -0.407482   1.54087
        0         0         0         1

0.0332805 -0.508485  0.860427  0.795304
-0.829759  0.465843  0.307393  0.508302
-0.557129 -0.724177 -0.406417   1.54003
        0         0         0         1

 0.035238 -0.506348  0.861609  0.795642
 -0.83149  0.463434  0.306356  0.508599
-0.554422 -0.727214 -0.404692   1.53891
        0         0         0         1

 0.036863 -0.506196   0.86163  0.795059
 -0.83137  0.462886  0.307508  0.508309
-0.554496 -0.727669 -0.403773   1.53928
        0         0         0         1

0.0362936 -0.505539   0.86204  0.795909
-0.832039  0.462507  0.306266   0.50892
-0.553529 -0.728366 -0.403842   1.53868
        0         0         0         1

 0.036863 -0.505419  0.862086  0.795647
-0.831803  0.462594  0.306775   0.50878
-0.553845 -0.728395 -0.403356   1.53897
        0         0         0         1

0.0376995  -0.50565  0.861915  0.795207
-0.831397  0.462653  0.307784  0.508455
-0.554398 -0.728197 -0.402954   1.53921
        0         0         0         1

0.0371629 -0.505899  0.861792  0.795449
  -0.8317  0.462418  0.307319  0.508921
 -0.55398 -0.728173 -0.403571   1.53893
        0         0         0         1

0.0363464 -0.508581  0.860247  0.795401
-0.831545  0.462046  0.308297  0.509245
-0.554267 -0.726539 -0.406114   1.53897
        0         0         0         1

0.0357415 -0.510001  0.859431  0.795539
-0.831413  0.461994  0.308731  0.509516
-0.554505 -0.725576 -0.407509   1.53916
        0         0         0         1

0.0340966 -0.511367  0.858686  0.796373
-0.831434  0.462247  0.308293  0.510158
-0.554576 -0.724453 -0.409407   1.53944
        0         0         0         1

0.0339775 -0.512364  0.858096  0.795913
-0.831296  0.462125  0.308849  0.510294
 -0.55479 -0.723826 -0.410225   1.53961
        0         0         0         1

0.0333922 -0.511504  0.858632  0.795027
-0.830849  0.463291  0.308304  0.510982
-0.555495 -0.723688 -0.409513    1.5399
        0         0         0         1

0.0328038 -0.510371  0.859328  0.794956
-0.830676  0.464197  0.307406  0.511693
-0.555789 -0.723907 -0.408726   1.54016
        0         0         0         1

0.0322441 -0.508655  0.860366  0.794375
-0.830589  0.465183  0.306148  0.512658
-0.555951 -0.724482 -0.407484   1.54046
        0         0         0         1

0.0320098 -0.506904  0.861408  0.793734
-0.830766  0.465683  0.304907  0.513879
-0.555701 -0.725388 -0.406212   1.54065
        0         0         0         1

0.0310095  -0.50426  0.862995  0.793086
-0.830724  0.467129    0.3028  0.515103
 -0.55582   -0.7263 -0.404415   1.54169
        0         0         0         1

0.0308842 -0.502174  0.864215  0.792079
-0.830671  0.467986  0.301621   0.51608
-0.555906 -0.727194 -0.402688   1.54245
        0         0         0         1

0.0281037 -0.495938  0.867903  0.791618
  -0.8314  0.470438   0.29574  0.519087
-0.554963 -0.729886 -0.399102   1.54345
        0         0         0         1

0.0269963  -0.49481  0.868582   0.79098
-0.831267  0.471491  0.294433  0.520389
-0.555217 -0.729972  -0.39859   1.54435
        0         0         0         1

0.0273028 -0.493405  0.869371   0.78948
-0.831507  0.471514  0.293718  0.521753
-0.554843 -0.730908 -0.397396    1.5449
        0         0         0         1

0.0250882 -0.492348  0.870037  0.789216
-0.831083  0.473409  0.291864   0.52308
-0.555582 -0.730396 -0.397305    1.5465
        0         0         0         1

0.0234324 -0.488229  0.872401  0.786689
 -0.83117  0.475392  0.288373  0.526352
-0.555524 -0.731871 -0.394662   1.54806
        0         0         0         1

0.0214795 -0.487129  0.873066  0.786049
-0.831314  0.476411  0.286267  0.528092
-0.555387 -0.731941 -0.394724    1.5492
        0         0         0         1

0.0208703 -0.485634  0.873913  0.784643
-0.831073   0.47748  0.285183  0.530098
-0.555771 -0.732238 -0.393632   1.55124
        0         0         0         1

0.0191651 -0.483652   0.87505  0.783993
-0.831645  0.478099  0.282467  0.532104
-0.554977 -0.733145 -0.393064   1.55189
        0         0         0         1

0.0170425 -0.481867  0.876079  0.783156
-0.832674  0.478212  0.279227  0.534773
-0.553501 -0.734247 -0.393088   1.55333
        0         0         0         1

0.0157049 -0.480455  0.876879   0.78264
 -0.83214  0.479931  0.277865   0.53647
-0.554343  -0.73405 -0.392269   1.55505
        0         0         0         1

0.0130776 -0.479392  0.877503  0.780808
-0.831242   0.48255  0.276012  0.540791
-0.555757 -0.733027  -0.39218   1.56063
        0         0         0         1

 0.013304  -0.47802  0.878248  0.779314
-0.831631  0.482373  0.275148  0.542753
-0.555169 -0.734039 -0.391119   1.56259
        0         0         0         1

0.0135332 -0.478367  0.878056  0.777777
-0.830951  0.483067  0.275984  0.544325
-0.556182 -0.733356 -0.390962   1.56637
        0         0         0         1

0.0139161 -0.475972   0.87935  0.776852
-0.832468   0.48165   0.27388  0.546732
-0.553899 -0.735842 -0.389528   1.56733
        0         0         0         1

0.0131491 -0.472734  0.881107  0.775822
-0.834057  0.480848  0.270433  0.551926
-0.551521  -0.73845 -0.387964   1.57477
        0         0         0         1

0.0136741 -0.471645  0.881682  0.774162
-0.835102  0.479563  0.269488  0.553501
-0.549925  -0.73998 -0.387315   1.57801
        0         0         0         1

0.0138607 -0.469711  0.882712  0.773399
-0.837195  0.477245  0.267099  0.556084
-0.546729 -0.742704 -0.386624    1.5822
        0         0         0         1

0.0143588 -0.468336  0.883434  0.772336
-0.838098  0.476226  0.266084   0.55734
-0.545331 -0.744224 -0.385673   1.58664
        0         0         0         1

0.0144034 -0.464577  0.885415  0.771921
-0.842002  0.471952   0.26133  0.560356
-0.539282 -0.749286 -0.384377    1.5904
        0         0         0         1

0.0156403 -0.463611  0.885901  0.771047
-0.843065  0.470249  0.260975  0.561791
-0.537585 -0.750953 -0.383499   1.59578
        0         0         0         1

0.0194489 -0.460841   0.88727  0.769307
-0.847436  0.463313  0.259217  0.565031
-0.530542 -0.756946 -0.381522   1.60848
        0         0         0         1

0.0198076 -0.458536  0.888455  0.769551
-0.850802  0.458993  0.255857  0.567388
-0.525114 -0.760967 -0.381032   1.61342
        0         0         0         1

 0.022351 -0.457282  0.889041  0.768729
 -0.85372  0.454027  0.254994  0.569389
-0.520253 -0.764691 -0.380243   1.62069
        0         0         0         1

0.0240849 -0.456653  0.889319  0.768599
-0.856345   0.44959   0.25405  0.571256
-0.515841 -0.767683 -0.380225   1.62682
        0         0         0         1

0.0300618 -0.453047   0.89098  0.767978
-0.864773  0.435229  0.250484  0.575886
-0.501262 -0.778025 -0.378699   1.64113
        0         0         0         1

0.0339243 -0.452465  0.891137  0.767054
-0.867577   0.42931  0.251005  0.577436
-0.496145 -0.781645 -0.377984   1.64878
        0         0         0         1

0.0340052 -0.449847  0.892458  0.768779
-0.873259  0.420924  0.245442  0.581203
-0.486069 -0.787693 -0.378519   1.65636
        0         0         0         1

0.0397108  -0.44807  0.893116  0.767374
-0.875867  0.414583  0.246937  0.582673
-0.480916 -0.792057 -0.375986   1.66446
        0         0         0         1

0.0417247 -0.447438  0.893341  0.768274
-0.879564  0.407687  0.245274  0.585035
-0.473948 -0.795985 -0.376539   1.67523
        0         0         0         1

 0.045767 -0.445275  0.894223  0.768551
   -0.883  0.400569  0.244654  0.587454
-0.467137 -0.800796 -0.374845   1.68396
        0         0         0         1

0.0560638  -0.44016  0.896168  0.768348
-0.892171  0.380848   0.24287  0.593445
-0.448205 -0.813151 -0.371346   1.70371
        0         0         0         1

0.0612335 -0.438327  0.896727  0.767994
 -0.89717  0.369551  0.241903  0.596603
 -0.43742  -0.81933 -0.370625   1.71149
        0         0         0         1

0.0669378 -0.436513  0.897204  0.768249
-0.902643  0.356673  0.240874  0.600632
-0.425153 -0.825979  -0.37014   1.72224
        0         0         0         1

0.0710523 -0.436461  0.896913  0.769311
-0.906705  0.346512  0.240449  0.604181
-0.415738  -0.83032 -0.371121   1.73232
        0         0         0         1

0.0836156 -0.436945  0.895593  0.769932
-0.914926  0.322466  0.242746  0.611394
-0.394865 -0.839699 -0.372809   1.75648
        0         0         0         1

0.0870168 -0.439182  0.894174  0.771004
-0.919337  0.310337  0.241891  0.615413
-0.383729 -0.843096 -0.376751   1.76752
        0         0         0         1

0.0947615 -0.442031   0.89198  0.770476
 -0.92262  0.297527   0.24546   0.61873
-0.373889 -0.846219 -0.379632   1.78219
        0         0         0         1

 0.101001 -0.444223  0.890205   0.77065
-0.926365  0.284331  0.246988  0.622748
-0.362831 -0.849601 -0.382795   1.79345
        0         0         0         1

 0.107129 -0.448024   0.88758  0.771136
-0.929092  0.272735  0.249808  0.626668
-0.353994 -0.851405 -0.387037      1.81
        0         0         0         1

 0.111627 -0.447351  0.887365  0.771833
-0.933475  0.259054  0.248025  0.631372
-0.340829 -0.856019 -0.388674   1.82136
        0         0         0         1

 0.122251 -0.447658  0.885809  0.773626
-0.943028  0.225872  0.244296  0.644673
 -0.30944 -0.865208  -0.39454   1.84772
        0         0         0         1

 0.131484  -0.44599  0.885327  0.770801
-0.945878  0.210848  0.246693  0.648834
-0.296692 -0.869848 -0.394129   1.85903
        0         0         0         1

 0.137942 -0.446036  0.884321  0.770736
 -0.95015  0.192477  0.245293  0.655841
-0.279621 -0.874074  -0.39725   1.87419
        0         0         0         1

 0.142188 -0.446798  0.883263  0.771973
 -0.95284  0.179907  0.244394   0.66182
  -0.2681 -0.876359 -0.400147   1.88706
        0         0         0         1

 0.153508 -0.450059  0.879706  0.772868
-0.958987  0.146825  0.242458  0.676138
-0.238283 -0.880846 -0.409062   1.91773
        0         0         0         1

 0.157813 -0.452283  0.877801  0.774143
-0.961302  0.132919  0.241311  0.683307
-0.225818 -0.881914 -0.413805   1.93163
        0         0         0         1

 0.164874 -0.454424  0.875394  0.773287
 -0.96293  0.117959  0.242595  0.690549
-0.213502 -0.882941  -0.41813   1.94978
        0         0         0         1

 0.170751 -0.456294  0.873293  0.773463
-0.964489  0.103856  0.242847  0.697255
-0.201506 -0.883748 -0.422357   1.96465
        0         0         0         1

 0.174747  -0.45721  0.872022   0.77346
 -0.96792 0.0826271  0.237286  0.708729
-0.180542 -0.885512 -0.428103   1.97864
        0         0         0         1

 0.177924 -0.460088  0.869863  0.773941
 -0.97023 0.0655783  0.233139  0.718163
-0.164309 -0.885448 -0.434723   1.99134
        0         0         0         1

 0.191804 -0.462376   0.86569  0.767524
-0.972242 0.0309175  0.231925  0.735761
-0.134002 -0.886145 -0.443611   2.02387
        0         0         0         1

 0.193816 -0.466741  0.862895  0.768639
-0.973198 0.0194986  0.229139  0.744328
-0.123774 -0.884179 -0.450452   2.03964
        0         0         0         1

  0.195812  -0.473924   0.858518   0.770478
 -0.974315 0.00526161   0.225127   0.755156
  -0.11121   -0.88055  -0.460721     2.0582
         0          0          0          1

  0.201733  -0.473334   0.857472    0.76626
   -0.9747 -0.0109864   0.223248   0.765109
-0.0962505  -0.880814  -0.463575    2.07148
         0          0          0          1

  0.210728  -0.476577   0.853504   0.764143
 -0.975433 -0.0451495   0.215621   0.789183
-0.0642248  -0.877973  -0.474383    2.10386
         0          0          0          1

  0.213888   -0.47812   0.851853   0.761665
 -0.975638 -0.0609876   0.210738   0.800509
-0.0488054  -0.876175  -0.479516     2.1165
         0          0          0          1

  0.214199  -0.484073   0.848406   0.763197
 -0.976239 -0.0769317   0.202579   0.815939
-0.0327936  -0.871639   -0.48905    2.13373
         0          0          0          1

 0.215296 -0.484819  0.847702  0.761616
-0.976367 -0.090136  0.196424  0.827635
-0.0188213 -0.869958 -0.492767   2.14742
        0         0         0         1

 0.215863 -0.488438  0.845477  0.760691
-0.976413  -0.11196  0.184613  0.845493
0.00448746 -0.865386 -0.501086   2.15833
        0         0         0         1

 0.214549 -0.493129  0.843085  0.762376
-0.976592 -0.121883  0.177234  0.857949
0.0153581 -0.861376 -0.507736   2.17348
        0         0         0         1

 0.221477 -0.498524  0.838106  0.753085
-0.974433 -0.146444  0.170395  0.883439
0.0377895 -0.854417 -0.518212   2.20471
        0         0         0         1

 0.219588 -0.501564  0.836788  0.753859
-0.973901 -0.163193  0.157752   0.90069
0.0574356 -0.849589 -0.524309   2.21245
        0         0         0         1

 0.222411 -0.504369  0.834353  0.750294
-0.972655  -0.17351   0.15439  0.914205
0.0668985 -0.845876 -0.529168   2.22972
        0         0         0         1

 0.220827  -0.50975  0.831499  0.751368
-0.972187 -0.183247  0.145851  0.927941
0.0780222  -0.84058 -0.536039    2.2426
        0         0         0         1

 0.214008 -0.516487  0.829121  0.751029
-0.971134 -0.204037  0.123562  0.963774
 0.105354 -0.831631 -0.545244    2.2681
        0         0         0         1

 0.221579 -0.511894   0.82998  0.738363
-0.967897 -0.219012  0.123322  0.975379
 0.118648 -0.830661 -0.543989    2.2765
        0         0         0         1

 0.216087 -0.516249   0.82873   0.74142
-0.966431 -0.233916  0.106276  0.998405
 0.138988 -0.823875 -0.549466    2.2842
        0         0         0         1

 0.211013 -0.525457  0.824238  0.747208
-0.966702 -0.237073 0.0963501   1.01383
 0.144777 -0.817124 -0.557986   2.29907
        0         0         0         1

 0.206586 -0.531738  0.821326   0.74905
-0.967293  -0.23728 0.0896824   1.02678
 0.147197  -0.81299 -0.563365   2.31776
        0         0         0         1

 0.209117 -0.535375  0.818318   0.74464
 -0.96634 -0.241371 0.0890295   1.03728
 0.149854 -0.809391 -0.567829   2.33465
        0         0         0         1

 0.204599 -0.545271  0.812908  0.741025
-0.963731 -0.257591 0.0697763   1.07107
 0.171351 -0.797701 -0.578197    2.3576
        0         0         0         1

 0.200715 -0.547407   0.81244  0.738829
-0.962249 -0.265775 0.0586515   1.08646
  0.18382 -0.793543 -0.580087   2.36558
        0         0         0         1

 0.199646  -0.54787  0.812391  0.732955
-0.959133 -0.278923 0.0476052   1.10882
 0.200513 -0.788695 -0.581166   2.37213
        0         0         0         1

 0.191233  -0.55324  0.810774  0.733339
-0.958124 -0.284582 0.0318005   1.12706
 0.213138 -0.782904 -0.584494   2.37682
        0         0         0         1

 0.186564 -0.555713  0.810171  0.730101
-0.956605 -0.290636 0.0209306   1.14566
 0.223833 -0.778918  -0.58582   2.38816
        0         0         0         1

   0.18444  -0.562444   0.806002    0.73081
 -0.953431  -0.301509 0.00777719    1.16434
  0.238643  -0.769902  -0.591862    2.39208
         0          0          0          1

