  0.120596  -0.437791   0.890952   0.796302
 -0.925911  -0.373251 -0.0580775    1.08348
  0.357974  -0.817938  -0.450368    2.46509
         0          0          0          1

 0.122788 -0.447865   0.88563  0.801767
 -0.93136 -0.360217 -0.053034   1.05502
 0.342771 -0.818328 -0.461353   2.44698
        0         0         0         1

  0.126808  -0.447349   0.885324   0.797785
 -0.934106   -0.35413 -0.0451445    1.03886
  0.333715  -0.821262  -0.462778    2.44097
         0          0          0          1

  0.132776  -0.446099    0.88508   0.793478
 -0.940543  -0.338394 -0.0294617    1.01631
  0.312648  -0.828544  -0.464506    2.44054
         0          0          0          1

   0.12951  -0.453852   0.881615   0.802081
 -0.942073  -0.333739 -0.0334159    1.00727
  0.309395  -0.826218  -0.470784    2.43071
         0          0          0          1

  0.134428  -0.458671   0.878379   0.801218
  -0.94931  -0.313791 -0.0185717   0.975085
  0.284146  -0.831358  -0.477604      2.411
         0          0          0          1

  0.136955  -0.455311   0.879736   0.793306
  -0.95167  -0.306935 -0.0107023   0.960777
  0.274894  -0.835753  -0.475342     2.4034
         0          0          0          1

  0.134679   -0.46637   0.874277   0.801892
 -0.955159  -0.295898 -0.0107041   0.946204
  0.263689  -0.833633  -0.485309    2.39573
         0          0          0          1

  0.139302  -0.469716   0.871758    0.79981
 -0.959593  -0.281385 0.00172329    0.92637
   0.24449  -0.836773  -0.489934    2.39065
         0          0          0          1

 0.136253 -0.481804  0.865621  0.808623
-0.963814 -0.266554 0.0033458  0.911091
 0.229123 -0.834754 -0.500688   2.38132
        0         0         0         1

   0.13342  -0.481927   0.865994   0.809675
 -0.966436  -0.256838 0.00596469   0.899829
  0.219545  -0.837724  -0.500019    2.37076
         0          0          0          1

 0.137915 -0.483052  0.864662  0.801394
-0.972238 -0.232643 0.0251047  0.866519
 0.189031  -0.84412 -0.501726   2.34955
        0         0         0         1

 0.133289 -0.492375  0.860117  0.807739
-0.974522 -0.223075 0.0233184  0.856371
 0.180389 -0.841311 -0.509564   2.33741
        0         0         0         1

 0.136982 -0.489083  0.861414  0.801708
 -0.97739 -0.208137 0.0372507  0.836464
 0.161073  -0.84704 -0.506536   2.32891
        0         0         0         1

 0.136055 -0.493262  0.859175  0.805981
-0.979795 -0.195325  0.043018  0.824122
 0.146599 -0.847668 -0.509871   2.31876
        0         0         0         1

 0.144852 -0.495421  0.856491   0.80305
-0.983312 -0.168373 0.0689084  0.791839
 0.110071 -0.852179 -0.511542   2.29622
        0         0         0         1

 0.143445   -0.4941   0.85749  0.801598
-0.984757 -0.157391 0.0740433  0.780421
0.0983764  -0.85504 -0.509146   2.28283
        0         0         0         1

 0.144494 -0.499307  0.854292  0.803951
  -0.9863  -0.14211 0.0837627  0.764793
0.0795801 -0.854691    -0.513   2.27193
        0         0         0         1

  0.14336 -0.498284  0.855079   0.80314
-0.987319 -0.131535  0.088881  0.754212
0.0681851 -0.856978 -0.510822   2.25748
        0         0         0         1

  0.14196 -0.500885  0.853792  0.804309
-0.988845 -0.111052 0.0992657  0.736023
0.0450951  -0.85836 -0.511062   2.24691
        0         0         0         1

 0.141564  -0.49797  0.855562  0.802301
-0.989373 -0.100132  0.105424  0.725056
0.0331714 -0.861394 -0.506853   2.23509
        0         0         0         1

  0.139915  -0.496249   0.856832    0.80146
 -0.990153 -0.0741495   0.118741   0.699454
0.00460855  -0.865008  -0.501737    2.20474
         0          0          0          1

  0.141259  -0.496506   0.856462   0.800545
 -0.989906 -0.0608229   0.128008   0.686424
-0.0114642    -0.8659  -0.500086     2.1955
         0          0          0          1

  0.137239   -0.49909   0.855613   0.801884
 -0.990217 -0.0471533   0.131324   0.675231
-0.0251976  -0.865266  -0.500679    2.17831
         0          0          0          1

  0.135212   -0.50119   0.854708   0.802502
 -0.990022 -0.0337876   0.136805   0.664274
-0.0396869  -0.864677  -0.500757    2.16699
         0          0          0          1

   0.128049   -0.508183    0.851677    0.805759
  -0.989449 -0.00677093    0.144723    0.642105
 -0.0677791   -0.861222   -0.503688     2.13813
          0           0           0           1

  0.124381  -0.509664   0.851335    0.80736
 -0.988736 0.00832719   0.149441   0.632218
-0.0832538  -0.860333  -0.502887    2.12722
         0          0          0          1

 0.123665 -0.507512  0.852724  0.805118
 -0.98729 0.0235209  0.157179  0.619323
-0.099827 -0.861324 -0.498153   2.11331
        0         0         0         1

 0.118953 -0.509153  0.852416  0.807659
-0.986379  0.037633  0.160125  0.611368
-0.113607 -0.859853 -0.497741   2.10034
        0         0         0         1

 0.119297 -0.508065  0.853017  0.806481
-0.984373 0.0515642  0.168379   0.60027
-0.129533 -0.859774 -0.493974   2.08547
        0         0         0         1

 0.116779 -0.505522  0.854875  0.807229
-0.983081 0.0634676  0.171823  0.593531
-0.141117 -0.860476 -0.489557   2.07121
        0         0         0         1

 0.113078 -0.502439  0.857186   0.80881
-0.978945 0.0912176  0.182607  0.575981
-0.169939 -0.859788 -0.481545    2.0405
        0         0         0         1

 0.113572 -0.501865  0.857457  0.808172
-0.976387   0.10325  0.189756  0.567913
-0.183764 -0.858761 -0.478288   2.02846
        0         0         0         1

 0.109368 -0.501277  0.858347  0.809769
-0.973668   0.11974   0.19399  0.559642
-0.200022 -0.856962 -0.474982   2.01343
        0         0         0         1

 0.106819 -0.500878  0.858901  0.810508
-0.971696  0.130474  0.196935  0.553744
-0.210705 -0.855627 -0.472764   2.00016
        0         0         0         1

 0.100244 -0.500073  0.860161  0.812238
-0.966553  0.156172  0.203437  0.540313
-0.236066 -0.851785 -0.467692   1.97116
        0         0         0         1

0.0988234 -0.498713  0.861115  0.812565
-0.963676  0.167803  0.207776  0.534473
-0.248118 -0.850369 -0.464015   1.95905
        0         0         0         1

0.0956059 -0.498612  0.861537  0.813732
-0.960217  0.181939  0.211853  0.528013
 -0.26238 -0.847516 -0.461381   1.94472
        0         0         0         1

0.0941929 -0.495404  0.863541  0.813708
-0.958246  0.190114  0.213589  0.524135
-0.269984 -0.847603 -0.456812   1.93084
        0         0         0         1

0.0916151  -0.49415  0.864536  0.815292
-0.954416  0.204094  0.217795  0.518069
 -0.28407 -0.845081 -0.452927   1.91717
        0         0         0         1

0.0919791   -0.4922  0.865609   0.81472
-0.950845  0.214725  0.223132  0.512559
-0.295693 -0.843583 -0.448255   1.90589
        0         0         0         1

0.0889929 -0.489915  0.867216   0.81757
-0.943666  0.237125  0.230796  0.503293
-0.318709 -0.838901 -0.441213   1.87941
        0         0         0         1

0.0868822 -0.488728  0.868099  0.819587
-0.941655  0.244141  0.231692  0.500856
-0.325174 -0.837579 -0.439002   1.86648
        0         0         0         1

0.0870116 -0.486732  0.869207  0.820154
-0.937732  0.254513  0.236392  0.496862
-0.336284 -0.835652 -0.434279   1.85258
        0         0         0         1

0.0881653 -0.486941  0.868974  0.819877
-0.933921  0.262994  0.242127  0.492935
-0.346436   -0.8329 -0.431577   1.84224
        0         0         0         1

0.0867055 -0.483301   0.87115  0.820825
-0.927178  0.280747  0.248036  0.486419
-0.364449 -0.829217 -0.423764   1.81618
        0         0         0         1

0.0866505 -0.481957    0.8719  0.821168
-0.923947  0.288429  0.251257  0.483572
-0.372576 -0.827361 -0.420311   1.80587
        0         0         0         1

0.0842947 -0.481543  0.872359  0.822771
-0.919755  0.299198  0.254032  0.480569
-0.383335  -0.82377 -0.417681    1.7939
        0         0         0         1

0.0837672 -0.480032  0.873242  0.823529
-0.916992  0.305846  0.256092  0.478507
 -0.39001 -0.822208 -0.414566   1.78392
        0         0         0         1

0.0824903  -0.47798  0.874489  0.824949
 -0.91391  0.313663  0.257652  0.476608
-0.397447 -0.820457 -0.410956   1.77133
        0         0         0         1

0.0808887  -0.47659  0.875397  0.826299
-0.912044  0.318868  0.257875  0.475555
-0.402036 -0.819259 -0.408878   1.76111
        0         0         0         1

0.0799897 -0.472651  0.877612  0.828397
-0.905448  0.333738  0.262266   0.47185
-0.416852  -0.81561 -0.401265   1.73985
        0         0         0         1

0.0795904 -0.471767  0.878124  0.829102
-0.903164  0.338672  0.263809  0.470708
-0.421852 -0.814087 -0.399128   1.73041
        0         0         0         1

0.0795608 -0.470901  0.878591  0.829783
 -0.89987  0.345248  0.266531   0.46916
-0.428841 -0.811823 -0.396281   1.71949
        0         0         0         1

0.0801262 -0.469965  0.879041   0.83019
-0.897457  0.349746  0.268791  0.468052
-0.433764 -0.810438  -0.39375   1.71056
        0         0         0         1

0.0807238 -0.471339   0.87825  0.832287
-0.891926  0.359153  0.274731   0.46615
-0.444918 -0.805511 -0.391407   1.69146
        0         0         0         1

 0.079208 -0.472751  0.877629  0.833414
-0.888847  0.365087  0.276881   0.46505
-0.451307 -0.802009 -0.391285   1.68475
        0         0         0         1

0.0805711 -0.473857  0.876908  0.833743
-0.886147  0.368735  0.280675  0.464158
-0.456347 -0.799683 -0.390198   1.67535
        0         0         0         1

0.0791442 -0.475678  0.876052  0.834999
-0.883665  0.373264  0.282507  0.463704
-0.461381 -0.796495 -0.390798   1.66843
        0         0         0         1

0.0802293 -0.476956  0.875258  0.835181
-0.881374  0.376176  0.285781  0.463153
-0.465556 -0.794358 -0.390196   1.65929
        0         0         0         1

0.0790868 -0.478548  0.874493  0.836429
-0.879502  0.379466  0.287195  0.462888
-0.469277 -0.791832 -0.390873   1.65266
        0         0         0         1

0.0793879 -0.481058  0.873087  0.837422
-0.875255  0.385556   0.29202  0.462405
-0.477102 -0.787357 -0.390439   1.63693
        0         0         0         1

0.0798699 -0.482556  0.872216  0.837592
-0.873435  0.387775  0.294519  0.462079
-0.480345 -0.785348  -0.39051   1.63038
        0         0         0         1

0.0807456 -0.484347  0.871142  0.837604
-0.871301  0.390153  0.297682  0.461952
 -0.48406 -0.783064 -0.390509   1.62313
        0         0         0         1

0.0787178 -0.486212  0.870288  0.839101
-0.868812  0.394629  0.299055  0.461852
-0.488845 -0.779658 -0.391362   1.61822
        0         0         0         1

0.0793855 -0.485406  0.870677   0.84005
-0.865331  0.400053  0.301929  0.462346
-0.494875 -0.777392 -0.388278   1.60517
        0         0         0         1

0.0803397 -0.484654  0.871008  0.840042
-0.863874  0.402075  0.303408  0.462531
-0.497259 -0.776818 -0.386378   1.60025
        0         0         0         1

0.0812178 -0.482832  0.871939  0.840211
-0.862715  0.404042  0.304095  0.462872
-0.499126 -0.776932 -0.383731   1.59429
        0         0         0         1

0.0829784 -0.481841  0.872321  0.840302
-0.861283  0.405656  0.305999  0.463084
-0.501305 -0.776706 -0.381341   1.58968
        0         0         0         1

0.0824992 -0.48052 0.873095 0.841271
-0.859708  0.40881 0.306229  0.46371
-0.504079 -0.77587 -0.37938  1.58457
       0        0        0        1

0.0841572 -0.479015  0.873763  0.841078
-0.858637  0.410091   0.30752  0.464029
-0.505629 -0.776125 -0.376787   1.58067
        0         0         0         1

0.0853104 -0.476962  0.874774  0.842133
-0.856913  0.412831   0.30866  0.465436
-0.508353 -0.775937 -0.373496   1.57172
        0         0         0         1

0.0864597 -0.475604    0.8754  0.842392
-0.856259  0.413688  0.309326  0.466114
-0.509259 -0.776314 -0.371473    1.5681
        0         0         0         1

0.0888097 -0.474076  0.875993  0.842196
-0.855297  0.414427  0.310994  0.466614
-0.510471 -0.776854 -0.368671   1.56463
        0         0         0         1

0.0880976 -0.473366  0.876449  0.843217
-0.855302  0.415056  0.310142  0.467609
-0.510586 -0.776951 -0.368305   1.56116
        0         0         0         1

0.0902004 -0.468102  0.879059  0.844064
-0.854003   0.41776  0.310089   0.46916
-0.512389 -0.778689 -0.362079   1.55498
        0         0         0         1

0.0926462 -0.464304  0.880817  0.843796
-0.853936  0.417889    0.3101  0.469727
-0.512064 -0.780891  -0.35777   1.55179
        0         0         0         1

0.0939176 -0.461505  0.882152   0.84394
-0.852957  0.419683   0.31037  0.470235
-0.513462 -0.781587 -0.354229   1.54933
        0         0         0         1

0.0954245 -0.460322  0.882609  0.843723
-0.851935  0.420848    0.3116  0.470537
 -0.51488 -0.781659 -0.352005    1.5474
        0         0         0         1

0.0964407  -0.46014  0.882593  0.843974
-0.851475  0.421065  0.312562  0.471208
-0.515451 -0.781649 -0.351189   1.54484
        0         0         0         1

0.0969406 -0.460655   0.88227   0.84381
-0.850743  0.421721  0.313667  0.471515
-0.516564 -0.780992 -0.351017   1.54303
        0         0         0         1

0.0968463 -0.461988  0.881582  0.844058
 -0.84947  0.423216  0.315102  0.472636
-0.518673 -0.779394 -0.351458   1.53951
        0         0         0         1

0.0966312 -0.460711  0.882274  0.844659
-0.849891  0.423154  0.314049  0.473491
-0.518024 -0.780184 -0.350664   1.53751
        0         0         0         1

0.0953685 -0.459877  0.882847  0.845342
-0.851367  0.421895  0.311734  0.474636
-0.515828 -0.781357 -0.351288    1.5349
        0         0         0         1

 0.094265 -0.461869  0.881924  0.845578
-0.850944  0.422421  0.312178  0.474958
-0.516728 -0.779896 -0.353206   1.53467
        0         0         0         1

0.0936873 -0.458161  0.883918  0.845689
-0.851829  0.422695  0.309381  0.476095
-0.515374 -0.781932 -0.350673   1.53147
        0         0         0         1

0.0934509 -0.458507  0.883764  0.845651
-0.851858  0.422655  0.309356  0.476115
-0.515369 -0.781751 -0.351085     1.531
        0         0         0         1

0.0941602 -0.456528  0.884713  0.844828
-0.851835  0.423005  0.308939   0.47608
-0.515277 -0.782719 -0.349056   1.53049
        0         0         0         1

 0.094402 -0.454842  0.885555  0.844677
-0.851983   0.42324  0.308209   0.47599
-0.514989 -0.783573 -0.347563   1.53003
        0         0         0         1

0.0943185 -0.453353  0.886327  0.844713
-0.852433  0.423115  0.307133  0.476411
-0.514258 -0.784503 -0.346545   1.52908
        0         0         0         1

0.0941039 -0.451563  0.887263  0.844584
-0.852747  0.423367  0.305912  0.476442
-0.513777 -0.785398 -0.345229   1.52879
        0         0         0         1

0.0917926 -0.448955  0.888827  0.845345
 -0.85381  0.423845  0.302264  0.476942
-0.512428 -0.786635 -0.344416   1.52862
        0         0         0         1

0.0915103 -0.448466  0.889103  0.845401
-0.854697  0.422793  0.301227   0.47714
-0.510997 -0.787479 -0.344613   1.52787
        0         0         0         1

0.0912639  -0.44926  0.888727  0.844941
-0.854854  0.422412  0.301319  0.477086
 -0.51078 -0.787231 -0.345501   1.52831
        0         0         0         1

0.0909708 -0.450197  0.888283  0.844654
-0.855141  0.421804  0.301354   0.47709
 -0.51035 -0.787022  -0.34661   1.52836
        0         0         0         1

0.0896173 -0.451983  0.887513  0.844685
-0.855908  0.420725  0.300688  0.477704
-0.509305 -0.786576 -0.349152   1.52812
        0         0         0         1

0.0883998  -0.45366   0.88678  0.845106
-0.855725  0.421074  0.300718  0.477874
-0.509824 -0.785423 -0.350985   1.52898
        0         0         0         1

0.0880412 -0.455427  0.885909  0.844744
-0.855813  0.420527  0.301234  0.477959
-0.509739 -0.784693 -0.352736   1.52938
        0         0         0         1

 0.087101 -0.456981  0.885202  0.844645
-0.856272  0.419784  0.300966  0.478333
-0.509129 -0.784187 -0.354736   1.52943
        0         0         0         1

0.0854764 -0.458787  0.884426  0.844551
-0.856291   0.41999  0.300623  0.478659
-0.509372 -0.783022 -0.356955   1.52979
        0         0         0         1

0.0845066 -0.459775  0.884005  0.844564
-0.856667  0.419583   0.30012  0.479038
-0.508902  -0.78266 -0.358417   1.52981
        0         0         0         1

0.0830016 -0.465081  0.881369  0.844391
-0.856754  0.418428   0.30148  0.479841
-0.509002 -0.780139  -0.36373   1.53053
        0         0         0         1

 0.083264 -0.467851  0.879877  0.844288
 -0.85688  0.417146  0.302894  0.480293
-0.508747 -0.779169 -0.366159   1.53117
        0         0         0         1

0.0830504 -0.471518  0.877937  0.844105
-0.856962  0.415868  0.304418  0.480932
-0.508645 -0.777641 -0.369535     1.532
        0         0         0         1

0.0819721 -0.473872   0.87677  0.844354
-0.857704  0.414488   0.30421  0.481824
-0.507567 -0.776946 -0.372466   1.53269
        0         0         0         1

0.0820644 -0.475919  0.875652  0.844041
 -0.85802  0.413243  0.305011  0.482651
-0.507018 -0.776357 -0.374436   1.53403
        0         0         0         1

0.0831553 -0.476724  0.875111   0.84337
-0.858825  0.411144  0.305582  0.483215
-0.505475 -0.776978 -0.375233   1.53455
        0         0         0         1

0.0810243 -0.479083  0.874022  0.843866
-0.859475  0.410465  0.304666  0.485217
-0.504715 -0.775886 -0.378502   1.53842
        0         0         0         1

0.0810682 -0.479135  0.873989  0.843099
-0.860103  0.409456  0.304251   0.48596
-0.503637 -0.776386 -0.378912   1.53989
        0         0         0         1

 0.081098 -0.478636   0.87426  0.842261
-0.862162  0.406425  0.302483  0.487262
  -0.5001 -0.778284 -0.379701   1.54066
        0         0         0         1

0.0798915 -0.479184  0.874071  0.842171
-0.862939  0.405673  0.301272  0.487868
-0.498952 -0.778339 -0.381096   1.54317
        0         0         0         1

0.0763279 -0.479275   0.87434  0.841625
-0.866341  0.402213  0.296105  0.490021
-0.493586 -0.780077 -0.384515   1.54815
        0         0         0         1

0.0751825 -0.479678  0.874218  0.841157
-0.867704   0.40053  0.294391  0.490723
-0.491363 -0.780695 -0.386106   1.55109
        0         0         0         1

0.0732022 -0.479186  0.874655  0.840539
-0.870151  0.397845  0.290787  0.491956
-0.487318 -0.782368 -0.387841    1.5542
        0         0         0         1

0.0716444 -0.477546  0.875681  0.840313
-0.872925  0.394733  0.286684  0.493398
-0.482564 -0.784943 -0.388582   1.55652
        0         0         0         1

0.0691979  -0.47757  0.875865  0.840222
-0.874688  0.393148  0.283471  0.494378
-0.479721 -0.785724 -0.390519   1.56117
        0         0         0         1

0.0688841 -0.476859  0.876276  0.838737
-0.877078  0.389605  0.280966  0.495148
-0.475383 -0.787917 -0.391405   1.56436
        0         0         0         1

0.0649787 -0.474572  0.877815  0.837386
-0.882158  0.383873  0.272833  0.497299
-0.466449   -0.7921 -0.393704    1.5734
        0         0         0         1

0.0644109 -0.472916   0.87875  0.835802
-0.884443  0.380782  0.269753  0.497939
-0.462182 -0.794579  -0.39374     1.578
        0         0         0         1

0.0636594 -0.473148   0.87868  0.834237
-0.887618  0.375605  0.266561  0.498933
-0.456159 -0.796901 -0.396064   1.58417
        0         0         0         1

0.0606729 -0.477484  0.876543  0.833864
-0.890357  0.371069  0.263764   0.49969
-0.451201  -0.79644 -0.402617    1.5899
        0         0         0         1

0.0539864 -0.485179  0.872747  0.831648
-0.896362  0.361604  0.256471  0.501437
-0.440023 -0.796143 -0.415374   1.60427
        0         0         0         1

0.0508556 -0.486252  0.872338  0.831136
-0.900295  0.355768  0.250795  0.502826
-0.432299 -0.798115 -0.419677    1.6091
        0         0         0         1

0.0462984 -0.487507  0.871891  0.830769
  -0.9022  0.354286  0.246002   0.50375
-0.428826 -0.798009 -0.423426   1.61762
        0         0         0         1

0.0459223  -0.48456  0.873552  0.829044
-0.905375  0.349336  0.241372  0.504777
-0.422122 -0.801977 -0.422666   1.62262
        0         0         0         1

 0.043969 -0.483784  0.874082  0.828406
-0.907919  0.345701  0.237009   0.50599
-0.416832 -0.804017 -0.424037   1.62973
        0         0         0         1

0.0435339 -0.484259  0.873841  0.827616
-0.909238  0.343248  0.235516  0.506476
-0.413995 -0.804782 -0.425364   1.63654
        0         0         0         1

0.0426966 -0.486302  0.872747  0.825825
-0.913069  0.335608  0.231673  0.508029
-0.405564  -0.80677 -0.429698    1.6524
        0         0         0         1

0.0416994  -0.48742  0.872172  0.825738
-0.914917  0.332143  0.229364  0.508708
-0.401482 -0.807529 -0.432098   1.65968
        0         0         0         1

0.0412598 -0.487608  0.872087  0.824923
-0.918064   0.32593  0.225671  0.509867
-0.394278 -0.809944 -0.434207   1.66786
        0         0         0         1

0.0425549 -0.488896  0.871303  0.823913
-0.920292  0.320292  0.224666  0.510409
 -0.38891 -0.811415 -0.436297   1.67578
        0         0         0         1

0.0446251 -0.491858  0.869531  0.822451
 -0.92692  0.304245   0.21967  0.512603
-0.372597 -0.815788 -0.442336   1.69469
        0         0         0         1

0.0459863 -0.492301  0.869209    0.8226
-0.930623  0.295147    0.2164  0.514112
-0.363078 -0.818858 -0.444574   1.70325
        0         0         0         1

0.0497636 -0.492239  0.869036  0.822062
-0.935103  0.282708  0.213678  0.515741
-0.350864 -0.823272 -0.446226   1.71384
        0         0         0         1

0.0522989 -0.492987  0.868463  0.822184
-0.938309  0.273414   0.21171  0.516621
-0.341821 -0.825959 -0.448275   1.72423
        0         0         0         1

0.0592926 -0.493255  0.867862  0.821004
-0.941881  0.260347   0.21232  0.517358
-0.330673 -0.830012  -0.44915   1.73681
        0         0         0         1

0.0604667 -0.494369  0.867147  0.822627
-0.946164  0.248369  0.207574  0.519468
 -0.31799 -0.833014 -0.452736   1.74752
        0         0         0         1

0.0668715 -0.495058  0.866283  0.824912
 -0.95475  0.220421  0.199665  0.523817
-0.289793 -0.840436 -0.457917   1.77434
        0         0         0         1

0.0727841 -0.494454  0.866151  0.824088
-0.957807  0.207457  0.198915  0.524595
-0.278043 -0.844084 -0.458492   1.78712
        0         0         0         1

 0.073504 -0.494525   0.86605  0.826718
-0.962607  0.191859  0.191253  0.527603
-0.260739 -0.847723 -0.461931   1.80298
        0         0         0         1

0.0810478 -0.492044   0.86679  0.825121
-0.965749  0.176305  0.190383  0.528943
-0.246496 -0.852531 -0.460901   1.81555
        0         0         0         1

0.0902803  -0.49081  0.866577  0.827607
-0.972513   0.14408  0.182921  0.533495
-0.214636 -0.859271 -0.464312    1.8493
        0         0         0         1

0.0942803  -0.48986  0.866688  0.829077
 -0.97546  0.128537  0.178763  0.536171
 -0.19897 -0.862273  -0.46572   1.86389
        0         0         0         1

0.0984251  -0.48917  0.866617  0.831667
-0.978774  0.109724  0.173098   0.53969
-0.179763 -0.865259 -0.467987   1.88284
        0         0         0         1

 0.103845 -0.487028  0.867191   0.83244
-0.981441 0.0911474  0.168716  0.543538
-0.161211 -0.868617 -0.468524   1.89699
        0         0         0         1

  0.10726 -0.488615  0.865881  0.836163
-0.983819 0.0735507  0.163374  0.546905
-0.143513 -0.869394 -0.472819   1.91775
        0         0         0         1

 0.111858 -0.486956  0.866234  0.836724
-0.986174 0.0528571   0.15706   0.55115
-0.122268 -0.871826 -0.474311   1.93219
        0         0         0         1

 0.121245 -0.486927  0.864987  0.839362
-0.989363 0.0112825   0.14503  0.560635
-0.080378  -0.87337 -0.480379   1.97087
        0         0         0         1

   0.126645   -0.486096     0.86468     0.83958
  -0.989955 -0.00670695    0.141223    0.564771
 -0.0628485    -0.87388   -0.482063     1.98749
          0           0           0           1

   0.12975  -0.489578   0.862252   0.843647
 -0.990773 -0.0296636   0.132247    0.57133
-0.0391677  -0.871455   -0.48891    2.00796
         0          0          0          1

   0.13195  -0.490451   0.861421   0.846249
 -0.991023 -0.0463997   0.125384   0.576492
 -0.021525  -0.870233  -0.492171     2.0258
         0          0          0          1

  0.141833  -0.490447   0.859852   0.849557
 -0.989713 -0.0867008   0.113801    0.58862
 0.0187366  -0.867147  -0.497699    2.06718
         0          0          0          1

 0.146049 -0.490921  0.858875  0.851833
-0.988625  -0.10394  0.108702  0.594607
0.0359074 -0.864981 -0.500517   2.08589
        0         0         0         1

 0.151473 -0.488319  0.859419  0.851813
-0.986773 -0.125496  0.102613  0.602281
0.0577457 -0.863594 -0.500869    2.1073
        0         0         0         1

 0.154332 -0.489196  0.858411  0.853595
-0.984934 -0.144785 0.0945678  0.610425
0.0780232 -0.860072  -0.50417   2.12359
        0         0         0         1

  0.15729 -0.491288  0.856677  0.857518
-0.982019 -0.169515 0.0830895  0.621873
 0.104399 -0.854342 -0.509117   2.14234
        0         0         0         1

 0.160641 -0.487665  0.858124  0.858523
-0.979595 -0.185167 0.0781517  0.628883
 0.120785 -0.853168  -0.50746   2.16037
        0         0         0         1

 0.168311 -0.486646  0.857232   0.86156
-0.971559 -0.228848 0.0608419  0.648814
 0.166568 -0.843092 -0.511323   2.19859
        0         0         0         1

 0.172336 -0.486282  0.856639  0.862814
 -0.96815 -0.243963 0.0562812  0.655652
  0.18162 -0.839054 -0.512837   2.21809
        0         0         0         1

 0.171803 -0.491335  0.853858  0.868682
-0.963497 -0.264453 0.0416893  0.667695
 0.205322 -0.829852 -0.518834   2.23839
        0         0         0         1

 0.173886 -0.495257  0.851166  0.872347
-0.959088 -0.281261 0.0322799  0.677523
 0.223413 -0.821957 -0.523903   2.25552
        0         0         0         1

 0.180531 -0.492118  0.851603  0.870235
-0.947054 -0.320704 0.0154394  0.698876
 0.265514 -0.809301 -0.523959   2.29455
        0         0         0         1

 0.184785 -0.494262  0.849447  0.871702
-0.940688 -0.339195 0.0072685  0.709752
 0.284535 -0.800408 -0.527624   2.31016
        0         0         0         1

  0.189829  -0.494769   0.848038   0.872679
 -0.935177   -0.35417 0.00270187   0.720547
  0.299013  -0.793579  -0.529929    2.33281
         0          0          0          1

  0.188959  -0.496536   0.847199   0.876785
 -0.927078   -0.37465 -0.0128047   0.736274
  0.323762     -0.783  -0.531121    2.34342
         0          0          0          1

  0.191341  -0.496709   0.846563   0.879853
 -0.920402  -0.390406 -0.0210347   0.748442
  0.340952  -0.775154  -0.531873    2.36682
         0          0          0          1

  0.194357  -0.496258    0.84614   0.881732
 -0.913675  -0.405483 -0.0279437   0.760679
  0.356963  -0.767667  -0.532227    2.37979
         0          0          0          1

  0.200664  -0.493803   0.846104   0.888029
 -0.892928  -0.447482 -0.0493905    0.79519
  0.403005    -0.7456  -0.530724    2.40922
         0          0          0          1

  0.204797  -0.495369   0.844197   0.891289
 -0.886781  -0.458999 -0.0542097   0.804318
  0.414339  -0.737516  -0.533285    2.42705
         0          0          0          1

  0.209317  -0.494806   0.843418   0.893064
 -0.874485  -0.480682 -0.0649737   0.820842
  0.437565  -0.723956  -0.533315    2.44417
         0          0          0          1

  0.210453  -0.495221   0.842891   0.894593
 -0.865756  -0.494877 -0.0745918    0.83421
  0.454067   -0.71404  -0.532888    2.45853
         0          0          0          1

  0.210855  -0.501152   0.839278   0.903808
 -0.847026  -0.522242 -0.0990412   0.866657
  0.487941  -0.690007  -0.534606    2.48938
         0          0          0          1

 0.216362  -0.49215  0.843194  0.896461
 -0.83619 -0.539216 -0.100162  0.879093
 0.503959 -0.683399 -0.528197   2.50397
        0         0         0         1

 0.221258 -0.495642  0.839871  0.899529
-0.824697 -0.554751 -0.110121  0.898691
   0.5205 -0.668274 -0.531497   2.51744
        0         0         0         1

 0.223687 -0.496695  0.838605  0.901628
-0.816476 -0.565383 -0.117084  0.909912
 0.532288 -0.658511 -0.532008   2.53164
        0         0         0         1

 0.222057 -0.495119  0.839969   0.90295
-0.804401 -0.579878 -0.129153  0.927492
 0.551026 -0.646993  -0.52704    2.5474
        0         0         0         1

 0.226504 -0.491921   0.84066  0.904108
 -0.78862 -0.599166 -0.138126    0.9478
 0.571642 -0.631675 -0.523652   2.55242
        0         0         0         1

 0.235473 -0.496117  0.835715  0.910934
-0.760592 -0.629378 -0.159321  0.981384
 0.605023 -0.598123 -0.525544   2.58049
        0         0         0         1

 0.230914 -0.489194  0.841052  0.904841
-0.748721 -0.641377  -0.16749  0.998337
 0.621366 -0.591038 -0.514372   2.58842
        0         0         0         1

 0.236089 -0.501724  0.832187  0.916691
 -0.73708  -0.65053 -0.183096   1.01772
 0.633226 -0.570162 -0.523394   2.60521
        0         0         0         1

 0.243386 -0.500853  0.830608  0.913179
-0.729644 -0.658766 -0.183432   1.02688
 0.639049 -0.561403 -0.525779   2.62018
        0         0         0         1

 0.239895 -0.508486  0.826978  0.918317
-0.693681  -0.68573 -0.220409   1.07371
 0.679159 -0.520784  -0.51723   2.62721
        0         0         0         1

 0.245013 -0.511141  0.823835  0.920421
-0.684308 -0.693116 -0.226521   1.08621
 0.686798 -0.508256 -0.519601    2.6404
        0         0         0         1

 0.244692 -0.513141  0.822686  0.921725
-0.673278 -0.700489 -0.236668   1.10012
 0.697726 -0.495985 -0.516891   2.65577
        0         0         0         1

 0.249206 -0.524797  0.813932  0.935927
-0.666829 -0.702465  -0.24876   1.11413
 0.702307 -0.480761 -0.525008    2.6692
        0         0         0         1

 0.246613 -0.522588   0.81614  0.932482
-0.649275 -0.714299 -0.261186   1.13901
  0.71946 -0.465488 -0.515459   2.67193
        0         0         0         1

  0.24917 -0.524272  0.814281  0.936569
-0.638502 -0.721113 -0.268905   1.15343
 0.728168 -0.452917 -0.514429   2.68303
        0         0         0         1

 0.254788 -0.514027   0.81906  0.921437
-0.603724 -0.746212 -0.280507   1.18946
 0.755381 -0.423016 -0.500457   2.69084
        0         0         0         1

