 0.412952 -0.747608  0.520146  0.588691
 -0.69632 -0.627287 -0.348783   1.08893
 0.587034 -0.218157 -0.779614   2.39811
        0         0         0         1

 0.413155 -0.764032  0.495538  0.602961
-0.718049 -0.607994 -0.338746    1.0587
 0.560097 -0.215866 -0.799808   2.41646
        0         0         0         1

 0.412518 -0.768374  0.489315  0.607874
-0.724292 -0.602429 -0.335381   1.04948
 0.552475 -0.216057 -0.805041   2.41999
        0         0         0         1

  0.41135 -0.768759  0.489694  0.604864
-0.728767 -0.600073 -0.329865   1.03629
 0.547439 -0.221183 -0.807086   2.42048
        0         0         0         1

 0.410221 -0.772438  0.484828  0.607988
 -0.73266   -0.5957 -0.329167   1.02817
 0.543073 -0.220183 -0.810303   2.42063
        0         0         0         1

 0.408691 -0.776089  0.480268  0.614235
-0.737299 -0.590902 -0.327454   1.01661
 0.537924 -0.220274 -0.813706   2.42249
        0         0         0         1

 0.400778  -0.78561  0.471375   0.62752
-0.738163 -0.581641 -0.341773   1.01941
 0.542671 -0.210977 -0.813017   2.41465
        0         0         0         1

 0.392857 -0.795037  0.462148  0.643429
 -0.75554 -0.565539 -0.330642  0.993205
 0.524235 -0.219276 -0.822858   2.42829
        0         0         0         1

 0.389116 -0.797111  0.461738  0.647049
 -0.75841 -0.561719 -0.330583  0.987053
 0.522879 -0.221552 -0.823111   2.42703
        0         0         0         1

 0.390019 -0.795066  0.464494  0.644008
-0.761531 -0.562089 -0.322688  0.974168
 0.517645 -0.227872 -0.824693   2.42953
        0         0         0         1

 0.390731 -0.793742  0.466157  0.640244
-0.766616 -0.560919 -0.312522  0.958299
 0.509538 -0.235251 -0.827664   2.43534
        0         0         0         1

 0.380969 -0.796967  0.468729  0.647181
-0.775758 -0.551352 -0.306936  0.936982
 0.503052 -0.246687 -0.828302   2.43313
        0         0         0         1

 0.380275 -0.795776  0.471309  0.647059
-0.782921 -0.548263 -0.294009  0.921115
 0.492367 -0.257193 -0.831521   2.44017
        0         0         0         1

 0.372056 -0.801975  0.467344  0.658594
-0.792005 -0.536849 -0.290726  0.909955
 0.484048 -0.261973 -0.834906   2.44096
        0         0         0         1

 0.370659 -0.803121  0.466486  0.659888
 -0.79514 -0.533955 -0.287479  0.900428
 0.479962 -0.264365 -0.836509   2.44037
        0         0         0         1

 0.364079  -0.80627  0.466234  0.663363
-0.799534 -0.527315 -0.287549  0.888506
 0.477694  -0.26808 -0.836625   2.43749
        0         0         0         1

 0.359211 -0.804841  0.472439  0.660663
-0.802863 -0.524586 -0.283233  0.877012
 0.475792 -0.277564 -0.834614   2.43602
        0         0         0         1

 0.348688 -0.806685  0.477153  0.666894
-0.813171 -0.513526  -0.27394  0.851362
 0.466014 -0.292488 -0.835034   2.43608
        0         0         0         1

 0.347447 -0.805419  0.480188  0.666317
-0.814264 -0.513109 -0.271466  0.841985
 0.465033  -0.29668 -0.834102   2.43171
        0         0         0         1

 0.337702 -0.808396  0.482134  0.674334
 -0.81789 -0.505535 -0.274757  0.836007
 0.465848 -0.301547 -0.831899   2.42401
        0         0         0         1

 0.335998 -0.805893  0.487485  0.672799
-0.823361 -0.502653 -0.263469     0.821
 0.457364 -0.312851 -0.832432   2.42872
        0         0         0         1

 0.328186 -0.800424  0.501613  0.670511
-0.827844 -0.499462 -0.255365  0.807307
 0.454937  -0.33145 -0.826543   2.42417
        0         0         0         1

 0.325602 -0.800364   0.50339  0.676197
-0.831875 -0.495551 -0.249827  0.797748
 0.449408 -0.337413 -0.827155   2.42281
        0         0         0         1

 0.309992 -0.795648  0.520432  0.680017
-0.841215 -0.484609 -0.239817  0.774102
 0.443016 -0.363453 -0.819536   2.41272
        0         0         0         1

 0.305195 -0.793197  0.526968  0.683139
-0.845492 -0.480321 -0.233314  0.762808
 0.438177 -0.374341 -0.817233   2.41082
        0         0         0         1

 0.304028 -0.786044   0.53824  0.682822
-0.848137 -0.480632 -0.222838  0.749164
 0.433856 -0.388752 -0.812798   2.40482
        0         0         0         1

 0.296333  -0.78201  0.548312  0.682738
-0.850483 -0.477289 -0.221076   0.74196
 0.434587 -0.400818 -0.806523    2.3976
        0         0         0         1

 0.290101 -0.770754  0.567257  0.685317
-0.857901 -0.472121  -0.20275  0.715707
 0.424084 -0.427832 -0.798193   2.38727
        0         0         0         1

 0.287764 -0.762122  0.579967  0.683575
-0.860296 -0.471799 -0.193125  0.704564
 0.420813 -0.443368 -0.791417   2.38031
        0         0         0         1

 0.286745 -0.753439  0.591699  0.681616
 -0.86184 -0.472585 -0.184107  0.691493
 0.418341 -0.457158 -0.784855    2.3728
        0         0         0         1

 0.283022 -0.751052  0.596506  0.685557
-0.863883 -0.469802 -0.181636  0.685485
 0.416658 -0.463905 -0.781786   2.36468
        0         0         0         1

 0.280956 -0.743397   0.60698  0.687201
-0.866616  -0.46826 -0.172365  0.673638
  0.41236 -0.477591   -0.7758   2.35677
        0         0         0         1

 0.281841 -0.736292  0.615175  0.685925
-0.868394   -0.4684 -0.162767  0.663364
 0.407991  -0.48834 -0.771406   2.34962
        0         0         0         1

 0.281828 -0.721821  0.632098  0.690635
 -0.87295 -0.466297  -0.14327  0.643181
  0.39816 -0.511412 -0.761529   2.32955
        0         0         0         1

  0.28408 -0.716954  0.636612  0.692125
-0.875435 -0.464748 -0.132749  0.633211
 0.391039 -0.519602 -0.759673   2.32304
        0         0         0         1

 0.287686 -0.707131  0.645912  0.690855
-0.877514 -0.464803 -0.118016  0.620685
 0.383675 -0.532845 -0.754235   2.31067
        0         0         0         1

 0.286747 -0.702187  0.651698   0.69377
-0.879253 -0.463001 -0.112001  0.613604
 0.380383 -0.540891 -0.750164   2.30075
        0         0         0         1

  0.294942     -0.687   0.664109   0.692996
 -0.886864  -0.455512 -0.0773427   0.587792
  0.355644  -0.566162  -0.743625     2.2812
         0          0          0          1

  0.295121  -0.681215   0.669963   0.694129
 -0.886583  -0.456649 -0.0737762   0.584722
  0.356195  -0.572204   -0.73872     2.2662
         0          0          0          1

   0.30153  -0.677498   0.670877   0.696802
 -0.891026  -0.450654 -0.0546243   0.571031
  0.339341  -0.581298  -0.739554    2.25631
         0          0          0          1

  0.303561  -0.671628   0.675845   0.696493
 -0.892099  -0.449493 -0.0459946   0.564894
  0.334679  -0.588959  -0.735607    2.24304
         0          0          0          1

  0.306985  -0.667893   0.677996   0.699388
 -0.895021  -0.444806 -0.0329273   0.555133
  0.323569  -0.596713  -0.734328    2.22812
         0          0          0          1

 0.311371 -0.659298  0.684379  0.696741
-0.895706  -0.44418 -0.020384  0.547212
 0.317426 -0.606655 -0.728842   2.21532
        0         0         0         1

  0.319793  -0.647283   0.691923    0.70122
 -0.898496  -0.438958 0.00462914   0.531106
  0.300729   -0.62317  -0.721957    2.18519
         0          0          0          1

 0.322304 -0.638855  0.698559  0.699701
-0.898591  -0.43858 0.0134993  0.525364
  0.29775 -0.632069 -0.715426   2.17025
        0         0         0         1

 0.327017 -0.634206  0.700602  0.701525
-0.901332 -0.432121  0.029541  0.515475
  0.28401 -0.641135 -0.712941   2.15501
        0         0         0         1

 0.328919 -0.628323  0.704999  0.702233
-0.903035 -0.427687 0.0401413  0.509565
 0.276297 -0.649842 -0.708072   2.14128
        0         0         0         1

 0.336937 -0.616028  0.712028  0.701842
-0.906804 -0.415806 0.0693622  0.493804
 0.253336 -0.669041 -0.698717   2.10724
        0         0         0         1

 0.338416   -0.6147  0.712474  0.704505
-0.908305 -0.411229 0.0766369  0.490162
 0.245882 -0.673078 -0.697501   2.09284
        0         0         0         1

 0.340549 -0.604646  0.720021   0.70389
-0.909593 -0.405752 0.0894766  0.483601
 0.238048 -0.685397  -0.68816    2.0732
        0         0         0         1

 0.342929 -0.601431  0.721582  0.706189
-0.911103 -0.399955 0.0996403  0.479104
 0.228673 -0.691605 -0.685122   2.05982
        0         0         0         1

 0.347394 -0.585912  0.732137  0.707634
-0.914131 -0.385622  0.125144  0.466616
 0.209005 -0.712744 -0.669562   2.02486
        0         0         0         1

 0.349605  -0.58228   0.73398  0.708645
-0.915006 -0.380563  0.133923  0.462629
 0.201345 -0.718417 -0.665836   2.01059
        0         0         0         1

 0.355298 -0.577043  0.735381  0.708687
-0.915103 -0.375183  0.147729  0.456444
 0.190657 -0.725437 -0.661356   1.99161
        0         0         0         1

 0.356437 -0.575085  0.736363  0.710341
-0.916535 -0.368256  0.156049  0.453073
 0.181429 -0.730524 -0.658345   1.97819
        0         0         0         1

 0.359339 -0.573374  0.736286  0.711944
-0.917666 -0.360494   0.16713   0.44843
 0.169599 -0.735722 -0.655706   1.95903
        0         0         0         1

 0.361373 -0.571696  0.736596  0.712747
-0.918076   -0.3562  0.173948  0.445572
  0.16293 -0.739112 -0.653581   1.94452
        0         0         0         1

 0.370794  -0.57183  0.731794  0.714957
-0.917682 -0.346689  0.194076  0.437999
 0.142727 -0.743516 -0.653309   1.90921
        0         0         0         1

  0.37383 -0.574738  0.727961  0.716608
-0.917926  -0.34172  0.201589   0.43543
 0.132898 -0.743574 -0.655313   1.89617
        0         0         0         1

 0.378423 -0.579624  0.721687  0.719328
-0.918046 -0.334644  0.212616  0.431984
 0.118271    -0.743 -0.658758   1.87911
        0         0         0         1

 0.383581 -0.579169  0.719326   0.71889
-0.916843 -0.332227  0.221413  0.429089
 0.110744 -0.744438 -0.658443    1.8652
        0         0         0         1

 0.394058 -0.583614  0.710009  0.722565
 -0.91491 -0.322643  0.242573  0.424237
0.0875098 -0.745182 -0.661094   1.83258
        0         0         0         1

 0.398162 -0.584896  0.706657  0.723874
-0.914004  -0.31835  0.251494  0.422514
0.0778667 -0.746022 -0.661353   1.82025
        0         0         0         1

  0.40387 -0.584817  0.703476  0.725223
-0.912312 -0.314338  0.262447  0.420897
0.0676456 -0.747784 -0.660487   1.80239
        0         0         0         1

 0.407209 -0.585799  0.700729  0.726674
-0.911371 -0.310903  0.269707  0.419819
0.0598643 -0.748451 -0.660482   1.79002
        0         0         0         1

 0.412603 -0.586542  0.696941  0.728146
-0.909545 -0.307171  0.279955  0.418704
0.0498749 -0.749409 -0.660226   1.77335
        0         0         0         1

 0.414575 -0.586822  0.695534  0.729952
-0.908948 -0.304028  0.285272  0.418676
0.0440579 -0.750471 -0.659433   1.76077
        0         0         0         1

  0.42468 -0.584462  0.691412  0.731115
-0.904977 -0.295785  0.305824  0.416515
0.0257672 -0.755589 -0.654539   1.73105
        0         0         0         1

 0.428487 -0.584052  0.689406  0.731946
-0.903368 -0.292146   0.31397  0.416015
0.0180324  -0.75732 -0.652795   1.72045
        0         0         0         1

 0.433785 -0.583009  0.686972  0.732975
-0.900983 -0.287184  0.325199  0.414877
0.00769322 -0.760017 -0.649857   1.70629
        0         0         0         1

 0.435918 -0.583484  0.685217  0.734522
-0.899986 -0.282047  0.332377  0.414824
-0.000673841 -0.761575 -0.648077   1.69655
        0         0         0         1

 0.439123 -0.582424  0.684071  0.735717
-0.898385  -0.27731  0.340593  0.414849
-0.00866919 -0.764121 -0.645014   1.68218
        0         0         0         1

 0.440999 -0.580932  0.684133  0.736574
-0.897412 -0.274289  0.345568  0.415156
-0.0131016 -0.766345 -0.642296   1.67167
        0         0         0         1

 0.446856 -0.578526  0.682369  0.738124
-0.894212 -0.266235  0.359865  0.415496
-0.0265207 -0.770991 -0.636294   1.64708
        0         0         0         1

 0.449194  -0.57802  0.681261  0.738478
-0.892838 -0.262557   0.36593  0.415554
-0.0326452  -0.77263 -0.634017    1.6381
        0         0         0         1

 0.451046 -0.578762  0.679406  0.739892
-0.891554 -0.257127   0.37285  0.416045
-0.041097   -0.7739 -0.631974   1.62637
        0         0         0         1

 0.452454 -0.579615  0.677741  0.740814
-0.890579 -0.254111  0.377222  0.416399
-0.046422 -0.774257 -0.631166   1.61783
        0         0         0         1

 0.456168 -0.581325  0.673774  0.742508
 -0.88806 -0.248795  0.386589  0.417681
-0.0571024 -0.774702 -0.629743   1.59608
        0         0         0         1

 0.456957 -0.583343  0.671491  0.743282
-0.887334 -0.246443  0.389749   0.41804
-0.0618732 -0.773936 -0.630234   1.58844
        0         0         0         1

 0.458087 -0.586833   0.66767  0.744419
-0.886319  -0.24426  0.393415  0.418795
-0.0677843 -0.771987 -0.632014   1.57793
        0         0         0         1

 0.460413 -0.587904  0.665123  0.744196
-0.884832 -0.243698  0.397094  0.418941
-0.0713637 -0.771349 -0.632398   1.57041
        0         0         0         1

 0.461582 -0.592048  0.660622  0.744943
-0.883679 -0.241555  0.400952  0.419313
-0.0778068  -0.76885 -0.634678   1.56106
        0         0         0         1

 0.462557 -0.594371  0.657849  0.745583
-0.882805 -0.240288   0.40363  0.419739
-0.081833 -0.767454  -0.63586   1.55427
        0         0         0         1

 0.463608 -0.600598  0.651421  0.747164
-0.881074 -0.234761  0.410604  0.420793
-0.0936796  -0.76431 -0.638009   1.53842
        0         0         0         1

 0.464355 -0.601467  0.650086  0.747598
-0.880354 -0.233321  0.412963  0.421328
-0.0967053 -0.764067 -0.637847     1.532
        0         0         0         1

 0.465865 -0.602184   0.64834  0.747869
-0.878887 -0.229939  0.417955  0.421613
-0.102607 -0.764528 -0.636372   1.52407
        0         0         0         1

 0.467382 -0.602194  0.647238  0.747841
-0.877546 -0.227344   0.42217  0.421788
-0.107082 -0.765296  -0.63471   1.51872
        0         0         0         1

 0.470142 -0.601506  0.645877    0.7482
-0.875029 -0.222079  0.430121  0.422735
-0.115285  -0.76738 -0.630744   1.50464
        0         0         0         1

 0.470181 -0.601637  0.645727  0.748807
 -0.87472 -0.220302  0.431661  0.423401
-0.117448 -0.767789 -0.629846   1.49918
        0         0         0         1

 0.471297 -0.600981  0.645524  0.749116
-0.873757 -0.218475   0.43453  0.424121
-0.120114 -0.768824 -0.628078   1.49169
        0         0         0         1

 0.472454 -0.600697  0.644942  0.748922
-0.872785 -0.217073   0.43718  0.424418
-0.122614 -0.769443 -0.626836   1.48686
        0         0         0         1

 0.472989 -0.601508  0.643793  0.749507
-0.871908 -0.214458   0.44021  0.425102
-0.126723 -0.769543 -0.625896   1.48091
        0         0         0         1

    0.473 -0.601497  0.643795  0.749754
-0.871723 -0.213382  0.441097  0.425811
-0.127944  -0.76985 -0.625269   1.47621
        0         0         0         1

 0.475221 -0.603546  0.640232  0.749976
-0.869459 -0.210536  0.446896  0.426598
-0.134931  -0.76903  -0.62481   1.46656
        0         0         0         1

 0.475901  -0.60448  0.638845  0.750209
-0.868758 -0.209917  0.448547  0.427097
-0.137033 -0.768465 -0.625046   1.46281
        0         0         0         1

 0.476844 -0.606584  0.636141  0.750403
-0.867605 -0.208711  0.451333  0.427642
-0.141002 -0.767134 -0.625798   1.45805
        0         0         0         1

 0.476466 -0.609038  0.634076  0.751424
-0.867443 -0.208132  0.451912  0.428502
 -0.14326 -0.765345 -0.627474   1.45448
        0         0         0         1

 0.479307 -0.613716  0.627389  0.751453
-0.864819 -0.208492  0.456749  0.429744
-0.149509 -0.761501 -0.630685   1.44578
        0         0         0         1

 0.478553 -0.617252  0.624489  0.752262
-0.864556 -0.206991  0.457927  0.430541
-0.153393 -0.759049 -0.632705   1.44302
        0         0         0         1

 0.478633 -0.620928  0.620773  0.752941
-0.863906 -0.206811  0.459233  0.431584
-0.156768 -0.756094  -0.63541   1.43866
        0         0         0         1

 0.477982 -0.624374  0.617811  0.753764
-0.863736  -0.20625  0.459806  0.432467
-0.159667 -0.753405 -0.637878   1.43562
        0         0         0         1

 0.478072 -0.628918  0.613114  0.754534
-0.862691 -0.205127  0.462263  0.433384
-0.164959 -0.749923 -0.640627   1.43185
        0         0         0         1

 0.478643 -0.632727  0.608734  0.754661
-0.861711 -0.205559  0.463896  0.433834
-0.168388 -0.746594 -0.643617   1.42866
        0         0         0         1

 0.478793 -0.644336  0.596312  0.755843
-0.859324 -0.204866  0.468606  0.435626
-0.179776 -0.736791 -0.651782   1.42138
        0         0         0         1

 0.478712 -0.649718  0.590509  0.756796
-0.858344 -0.204913  0.470379  0.436354
-0.184611 -0.732036 -0.655776   1.41814
        0         0         0         1

 0.480842  -0.65623   0.58151   0.75614
-0.855316 -0.205118  0.475774  0.436748
-0.192939 -0.726147 -0.659913   1.41436
        0         0         0         1

 0.483468 -0.651119  0.585066  0.755433
 -0.85286 -0.199803  0.482398  0.436904
-0.197201 -0.732204 -0.651912   1.41159
        0         0         0         1

 0.485487 -0.632079  0.603969  0.754469
-0.852993 -0.191078  0.485688  0.438804
-0.191587 -0.750977 -0.631925   1.40429
        0         0         0         1

  0.48401  -0.62856  0.608808  0.754042
-0.854049 -0.187765  0.485123   0.43939
-0.190616 -0.754756 -0.627702   1.40354
        0         0         0         1

 0.481724 -0.623951  0.615327  0.753749
-0.855898 -0.184284  0.483195  0.440252
-0.188095 -0.759424 -0.622813   1.40191
        0         0         0         1

 0.480258 -0.621556  0.618887   0.75361
-0.856795 -0.181394  0.482699  0.440725
-0.187762 -0.762079 -0.619662   1.40144
        0         0         0         1

 0.478526 -0.618866   0.62291   0.75292
-0.857762 -0.177763  0.482333  0.441192
-0.187769 -0.765117 -0.615904   1.40112
        0         0         0         1

 0.477452 -0.616543   0.62603  0.752105
-0.858588 -0.175958  0.481525   0.44143
-0.186726 -0.767407 -0.613368   1.40018
        0         0         0         1

 0.472916  -0.60956  0.636229   0.75143
-0.862058 -0.170755  0.477179  0.442756
-0.182229 -0.774132 -0.606228   1.39696
        0         0         0         1

  0.47067 -0.607783  0.639585   0.75132
-0.863298 -0.167567  0.476065  0.443071
-0.182171 -0.776222 -0.603567   1.39684
        0         0         0         1

 0.468071 -0.606368  0.642828  0.750942
-0.864833 -0.164849  0.474224  0.443498
-0.181584 -0.777909 -0.601568   1.39571
        0         0         0         1

 0.467261  -0.60574  0.644008  0.750588
-0.865604 -0.165139  0.472714  0.443978
-0.179991 -0.778337 -0.601494   1.39418
        0         0         0         1

 0.464258 -0.608148   0.64391  0.750489
-0.866727 -0.162272  0.471648  0.444748
-0.182343 -0.777061 -0.602434   1.39251
        0         0         0         1

 0.463295 -0.609422  0.643399   0.75035
-0.867056 -0.161608  0.471271  0.445101
-0.183225 -0.776201 -0.603276   1.39172
        0         0         0         1

 0.462856 -0.610924  0.642289  0.749622
-0.866957 -0.160937  0.471683  0.445288
-0.184795 -0.775159 -0.604136    1.3908
        0         0         0         1

 0.461734   -0.6121  0.641977  0.749968
-0.867235 -0.159518  0.471654  0.445813
-0.186293 -0.774524 -0.604489   1.39042
        0         0         0         1

 0.461186 -0.613087   0.64143  0.749701
-0.867147 -0.158214  0.472254  0.446235
 -0.18805 -0.774011 -0.604603   1.38936
        0         0         0         1

 0.460323 -0.614096  0.641084  0.749959
-0.867334 -0.157115  0.472278  0.446977
-0.189301 -0.773434  -0.60495   1.38871
        0         0         0         1

 0.457563 -0.616412  0.640837  0.750439
-0.868112 -0.153739   0.47196  0.448584
-0.192401  -0.77227  -0.60546   1.38625
        0         0         0         1

 0.456138 -0.616906  0.641377  0.750371
-0.868531 -0.151586  0.471885  0.449087
-0.193885 -0.772301 -0.604947   1.38543
        0         0         0         1

 0.453026 -0.617027  0.643464  0.750607
-0.869638 -0.147011  0.471293  0.450125
-0.196204 -0.773089  -0.60319    1.3846
        0         0         0         1

 0.450329 -0.616735  0.645633  0.750936
-0.870559 -0.142675  0.470926   0.45084
 -0.19832 -0.774133 -0.601155   1.38441
        0         0         0         1

 0.443598 -0.620788  0.646408  0.752153
-0.872662 -0.134886  0.469326  0.452434
 -0.20416 -0.772288 -0.601574   1.38412
        0         0         0         1

 0.443238 -0.623415  0.644122  0.751406
-0.872291  -0.13442  0.470148  0.452465
-0.206514  -0.77025  -0.60338   1.38404
        0         0         0         1

 0.440373 -0.627272   0.64234  0.751868
-0.872858 -0.131604  0.469893  0.453292
-0.210216   -0.7676 -0.605474   1.38379
        0         0         0         1

 0.437373 -0.629983  0.641737  0.752789
-0.873629 -0.128433  0.469337  0.454141
-0.213254 -0.765915 -0.606544   1.38363
        0         0         0         1

 0.435822 -0.633773  0.639055  0.752862
-0.873351 -0.126189  0.470461   0.45473
-0.217524 -0.763157 -0.608502   1.38369
        0         0         0         1

 0.432755 -0.638368   0.63656  0.753634
-0.873587 -0.122565  0.470981  0.455356
-0.222639 -0.759911 -0.610711   1.38434
        0         0         0         1

 0.428166 -0.647824  0.630078  0.754481
-0.873326 -0.117374  0.472784   0.45714
-0.232326 -0.752694 -0.616017   1.38582
        0         0         0         1

 0.425941 -0.651022  0.628287  0.755133
-0.873467 -0.114861  0.473142  0.458212
 -0.23586 -0.750318  -0.61757   1.38613
        0         0         0         1

  0.42295  -0.65534  0.625813  0.756059
-0.873355 -0.110685  0.474341   0.45977
-0.241587  -0.74718 -0.619159   1.38681
        0         0         0         1

 0.420786 -0.657856  0.624631  0.756524
-0.873108 -0.106809  0.475683  0.460866
-0.246215 -0.745531 -0.619323   1.38737
        0         0         0         1

  0.415746  -0.660088   0.625651   0.756133
 -0.871889 -0.0935342   0.480688   0.463272
 -0.258777  -0.745342   -0.61441     1.3905
         0          0          0          1

  0.414513  -0.657374   0.629316   0.755508
 -0.871722 -0.0882566   0.481988   0.464066
 -0.261305  -0.748379   -0.60963     1.3912
         0          0          0          1

  0.410846  -0.653833    0.63538   0.754764
 -0.872545 -0.0799279   0.481952   0.465659
 -0.264331  -0.752406  -0.603336    1.39282
         0          0          0          1

 0.408772 -0.651842  0.638754  0.753491
-0.872761 -0.074581  0.482416  0.466689
 -0.26682 -0.754678 -0.599389   1.39473
        0         0         0         1

  0.403005  -0.650779   0.643485   0.752239
 -0.874123 -0.0654308   0.481278   0.468541
 -0.271102  -0.756443   -0.59523    1.39832
         0          0          0          1

  0.400274  -0.648536   0.647442   0.750492
 -0.875175 -0.0610219   0.479942   0.469844
 -0.271752  -0.758734  -0.592009     1.3998
         0          0          0          1

 0.391275 -0.645393  0.656027  0.747128
-0.877708 -0.047417  0.476844  0.473398
-0.276645 -0.762378  -0.58502   1.40708
        0         0         0         1

  0.387528  -0.645374   0.658266   0.745601
 -0.878739 -0.0427798   0.475381   0.474952
 -0.278638  -0.762668  -0.583694    1.41136
         0          0          0          1

  0.382551  -0.644182   0.662332   0.743415
 -0.881278 -0.0391048   0.470977   0.477023
 -0.277495  -0.763872  -0.582663    1.41665
         0          0          0          1

 0.378076 -0.643415   0.66564   0.74182
-0.883899 -0.037076  0.466206  0.478937
-0.275285 -0.764619 -0.582731   1.42079
        0         0         0         1

  0.365344  -0.640571    0.67542   0.737074
 -0.891204 -0.0311379   0.452533   0.483819
 -0.268849  -0.767267  -0.582255    1.43392
         0          0          0          1

  0.360535   -0.63874   0.679725   0.735652
 -0.894933 -0.0314944   0.445088   0.486353
 -0.262888  -0.768778  -0.582984    1.43867
         0          0          0          1

  0.355443  -0.636462   0.684526   0.732054
 -0.898626 -0.0312011   0.437605   0.488669
 -0.257161  -0.770677  -0.583031    1.44714
         0          0          0          1

  0.349978  -0.635239   0.688467   0.730257
 -0.902478 -0.0316442   0.429572   0.490899
 -0.251095  -0.771667  -0.584364    1.45344
         0          0          0          1

  0.344257  -0.633693   0.692763   0.726657
 -0.906945 -0.0336598   0.419902   0.493814
 -0.242771  -0.772852  -0.586312    1.46252
         0          0          0          1

  0.340036  -0.633217   0.695278   0.724343
 -0.909918 -0.0347881   0.413327   0.495777
 -0.237538  -0.773192  -0.588005    1.47032
         0          0          0          1

  0.336273  -0.629159   0.700771   0.714958
 -0.915306 -0.0432005   0.400435   0.499563
 -0.221663  -0.776075    -0.5904    1.49064
         0          0          0          1

  0.335223  -0.627805   0.702486   0.711624
  -0.91762 -0.0485657   0.394481   0.501465
 -0.213541  -0.776854  -0.592367    1.49875
         0          0          0          1

  0.333381  -0.627343   0.703774   0.708065
 -0.920857 -0.0565865   0.385773   0.504799
 -0.202188  -0.776684  -0.596558    1.50987
         0          0          0          1

  0.333134  -0.628711   0.702669   0.705252
 -0.922315 -0.0624951   0.381351   0.507083
 -0.195846  -0.775124  -0.600689    1.51932
         0          0          0          1

  0.334715  -0.632105   0.698863   0.701535
 -0.923434 -0.0722904   0.376887   0.510318
 -0.187711  -0.771503  -0.607904    1.53254
         0          0          0          1

 0.336802 -0.634205  0.695952  0.699369
-0.924026 -0.080587   0.37374  0.513086
-0.180943 -0.768954 -0.613164   1.54232
        0         0         0         1

 0.349166 -0.642732  0.681893  0.692806
-0.923106 -0.110808  0.368236  0.520575
-0.161118 -0.758035    -0.632   1.56808
        0         0         0         1

 0.354805 -0.645382  0.676458  0.691355
-0.922574 -0.124389  0.365219  0.524977
-0.151562 -0.753664 -0.639547   1.57787
        0         0         0         1

 0.364523 -0.648359  0.668396  0.688643
-0.920715 -0.143569  0.362866  0.530685
-0.139307 -0.747676 -0.649288   1.59338
        0         0         0         1

 0.373627 -0.649437  0.662295  0.686454
-0.918343 -0.158479  0.362671  0.535039
-0.130573 -0.743717 -0.655618   1.60535
        0         0         0         1

 0.397696 -0.644576  0.652962  0.681335
-0.912048 -0.200133  0.357933  0.548908
-0.100035 -0.737881 -0.667476   1.63491
        0         0         0         1

  0.40763 -0.639148  0.652172   0.67902
-0.909154 -0.217351  0.355242   0.55547
-0.0853016 -0.737732 -0.669683   1.64638
        0         0         0         1

 0.419222 -0.633386  0.650442  0.678003
-0.905372 -0.238405  0.351375  0.565618
-0.0674877 -0.736196 -0.673395   1.66301
        0         0         0         1

 0.429445 -0.624753   0.65212  0.675134
-0.901681 -0.256251  0.348293  0.573282
-0.0504906 -0.737576 -0.673373   1.67396
        0         0         0         1

 0.451883  -0.60778  0.652996  0.671201
-0.891956 -0.295788  0.341941  0.594973
-0.0146765 -0.736962 -0.675775   1.70558
        0         0         0         1

 0.459181 -0.602192  0.653083  0.670699
-0.888342 -0.310774  0.338034  0.604326
-0.000600419  -0.73538 -0.677654   1.71723
        0         0         0         1

 0.472505 -0.592281  0.652642  0.667326
-0.881131 -0.333112  0.335625  0.616896
0.0186182 -0.733648 -0.679275   1.73378
        0         0         0         1

 0.481227 -0.586742  0.651271   0.66589
-0.876034 -0.348502  0.333333  0.626976
0.0313884 -0.730945 -0.681715   1.74595
        0         0         0         1

 0.490653 -0.579212  0.650979  0.664403
-0.869997 -0.367343  0.328885  0.641463
0.0486385 -0.727718  -0.68415   1.76174
        0         0         0         1

 0.498054 -0.574013  0.649962  0.663881
-0.864973 -0.381896  0.325542  0.653088
0.0613527 -0.724337 -0.686711   1.77324
        0         0         0         1

 0.517196 -0.560048  0.647189  0.658526
-0.850875 -0.418016  0.318238  0.682424
0.0923068 -0.715268 -0.692727   1.80035
        0         0         0         1

 0.523872 -0.557208  0.644265  0.657287
-0.845926 -0.428985  0.316831  0.693734
0.0998394 -0.710979  -0.69609   1.81215
        0         0         0         1

 0.530817 -0.552251  0.642847  0.655044
-0.840008 -0.443393  0.312713  0.711147
 0.112338  -0.70599 -0.699255    1.8265
        0         0         0         1

 0.533201 -0.551328  0.641665  0.654646
-0.837301 -0.452338  0.307112  0.724682
  0.12093 -0.701019 -0.702814   1.83599
        0         0         0         1

 0.539456 -0.545996  0.640996  0.649989
-0.830649 -0.469737  0.298948  0.756985
 0.137875 -0.693711 -0.706933   1.86265
        0         0         0         1

 0.540861   -0.5418  0.643367  0.648419
 -0.82824  -0.47637  0.295112  0.769839
 0.146589 -0.692477 -0.706391   1.87328
        0         0         0         1

 0.543417 -0.525142  0.654923  0.643047
-0.822231 -0.490232  0.289153  0.788421
 0.169218 -0.695628 -0.698188   1.88385
        0         0         0         1

 0.544218 -0.522053  0.656725  0.643157
 -0.81949 -0.498398  0.282905  0.803415
  0.17962 -0.692142 -0.699054   1.89286
        0         0         0         1

 0.544337 -0.515637  0.661676  0.639446
-0.814747  -0.51276  0.270674  0.824744
 0.199712 -0.686437 -0.699228   1.90059
        0         0         0         1

  0.54449 -0.517691  0.659944  0.639742
-0.813175 -0.518683  0.264035  0.839951
 0.205613 -0.680414 -0.703391   1.90929
        0         0         0         1

 0.539294 -0.519663  0.662656  0.637142
  -0.8096 -0.536499  0.238154  0.879904
 0.231754 -0.664921 -0.710049   1.92525
        0         0         0         1

 0.533594 -0.523514  0.664237  0.637152
-0.811701 -0.537579  0.228364  0.895302
 0.237528 -0.661016 -0.711786   1.93541
        0         0         0         1

 0.524794 -0.524769   0.67023  0.633922
-0.811379 -0.546471  0.207445  0.916375
 0.257401 -0.652677 -0.712571   1.94294
        0         0         0         1

 0.520968 -0.518539  0.678019  0.625217
-0.809137 -0.552965  0.198814  0.930024
 0.271828 -0.652186 -0.707646   1.94819
        0         0         0         1

 0.504282 -0.511472   0.69577  0.614074
 -0.80551 -0.568989  0.165547  0.968461
 0.311213 -0.643931 -0.698927   1.95754
        0         0         0         1

  0.49446 -0.513114  0.701586  0.614685
-0.807218  -0.57042  0.151722  0.984986
 0.322348 -0.641354 -0.696245   1.96349
        0         0         0         1

 0.480133 -0.514258  0.710641  0.612343
-0.808698  -0.57334  0.131484   1.00772
 0.339822 -0.637824 -0.691159   1.97191
        0         0         0         1

 0.469844 -0.512664  0.718625  0.605505
-0.806023 -0.581108  0.112426   1.02511
 0.359963 -0.632051 -0.686249   1.96985
        0         0         0         1

 0.452727 -0.511046  0.730664  0.595071
 -0.80313 -0.589682 0.0851888   1.04738
 0.387324 -0.625386 -0.677401   1.96866
        0         0         0         1

 0.439097   -0.5222  0.731095  0.600586
-0.806022 -0.588437 0.0637946   1.06574
  0.39689 -0.617291 -0.679287   1.97533
        0         0         0         1

  0.398598  -0.535372   0.744645   0.594501
 -0.803907  -0.594749 0.00271773    1.10908
  0.441422  -0.599708  -0.667456     1.9789
         0          0          0          1

  0.387011  -0.537652   0.749101   0.589344
 -0.799822  -0.599984 -0.0174111    1.12453
   0.45881  -0.592409  -0.662227    1.97873
         0          0          0          1

  0.361749  -0.541169   0.759127   0.583988
 -0.797427  -0.601442 -0.0487573    1.14941
  0.482957  -0.587711  -0.649113    1.97762
         0          0          0          1

  0.345725  -0.539666   0.767616   0.577331
 -0.792065  -0.606453 -0.0696255    1.16637
  0.503098  -0.583931  -0.637117    1.97396
         0          0          0          1

