-0.080051 -0.728057  0.680826   0.48222
-0.990897  0.132289 0.0249578   1.05258
-0.108237 -0.672631  -0.73202   2.35164
        0         0         0         1

-0.0599078 -0.726115  0.684959  0.476153
-0.989252  0.134878 0.0564598   1.02446
-0.133382 -0.674215 -0.726391   2.34376
        0         0         0         1

-0.0416606  -0.72246  0.690156  0.469973
 -0.98733  0.135624 0.0823728  0.998325
-0.153113  -0.67798 -0.718957   2.32331
        0         0         0         1

-0.0393281 -0.725057  0.687565  0.480114
-0.985437  0.142062 0.0934427  0.984837
-0.165428 -0.673877 -0.720086   2.30775
        0         0         0         1

-0.0122365 -0.726675  0.686873   0.48569
-0.978659  0.149622  0.140857   0.94037
-0.205129  -0.67049 -0.712997   2.27303
        0         0         0         1

-0.000502417 -0.725345  0.688386  0.488279
-0.973597  0.157494  0.165239   0.91961
-0.228272 -0.670128 -0.706273   2.26142
        0         0         0         1

0.0140065  -0.72807   0.68536  0.492969
-0.967535  0.163114  0.193053  0.896135
-0.252348 -0.665814 -0.702149   2.24339
        0         0         0         1

0.0230903 -0.728311  0.684858  0.497167
-0.964093  0.165061  0.208038   0.88311
-0.264559  -0.66507 -0.698348   2.22341
        0         0         0         1

0.0487404 -0.726901  0.685011  0.502599
-0.955219  0.166479  0.244626  0.850232
-0.291859 -0.666258 -0.686235   2.17632
        0         0         0         1

0.0601276 -0.731648  0.679026  0.505981
-0.948244   0.17062  0.267809  0.832355
-0.311798 -0.659985 -0.683521   2.16431
        0         0         0         1

0.0726063 -0.731304  0.678176  0.509261
-0.939595  0.177897  0.292427  0.810934
-0.334498 -0.658443 -0.674213   2.14465
        0         0         0         1

0.0744228 -0.735773  0.673126   0.51862
-0.933628  0.185787  0.306303  0.798682
-0.350428 -0.651245 -0.673112   2.12949
        0         0         0         1

0.0786819 -0.738455  0.669696   0.52786
-0.925899  0.194852  0.323641  0.781501
-0.369485 -0.645536 -0.668404   2.11158
        0         0         0         1

0.0853889  -0.73777   0.66963  0.531223
-0.919974  0.199677  0.337308  0.768204
-0.382565 -0.644844 -0.661679   2.09319
        0         0         0         1

 0.103875 -0.740119  0.664405  0.539682
-0.905094  0.206599  0.371647  0.738491
-0.412329 -0.639954 -0.648417   2.04797
        0         0         0         1

 0.110808 -0.739974  0.663446  0.543496
-0.898256  0.211086  0.385459  0.727173
-0.425274 -0.638656 -0.641296   2.03059
        0         0         0         1

 0.118906 -0.742897  0.658761  0.548749
-0.887235  0.218343  0.406374   0.71122
 -0.44573 -0.632796 -0.633162   2.00911
        0         0         0         1

 0.123519 -0.744501  0.656095   0.55458
-0.881033  0.221969  0.417745  0.700831
-0.456645 -0.629641 -0.628513   1.99081
        0         0         0         1

 0.133411 -0.748456  0.649627  0.569877
-0.861979  0.235842  0.448743  0.677896
-0.489074 -0.619832  -0.61369   1.94902
        0         0         0         1

 0.134834 -0.749093  0.648598  0.576984
-0.856041  0.241588  0.456979  0.671525
-0.499013 -0.616843  -0.60868   1.93114
        0         0         0         1

 0.140749 -0.749913   0.64639  0.584152
-0.846836   0.24704     0.471  0.661819
-0.512893 -0.613679 -0.600282   1.90783
        0         0         0         1

 0.145719 -0.751435  0.643515   0.58878
-0.837961   0.25203  0.484047  0.652804
-0.525915 -0.609776 -0.592947   1.89198
        0         0         0         1

 0.147761 -0.751574  0.642887  0.597609
-0.830003   0.25925  0.493846  0.645117
 -0.53783 -0.606569 -0.585502   1.86832
        0         0         0         1

 0.149684 -0.753327  0.640385  0.603274
 -0.82198  0.265141  0.504033  0.638467
-0.549494  -0.60183 -0.579532   1.85214
        0         0         0         1

 0.153869 -0.756201  0.635991  0.616166
-0.803822  0.278521  0.525639  0.624218
-0.574625 -0.592103 -0.564995   1.81168
        0         0         0         1

 0.156469 -0.758444  0.632677  0.620439
-0.795471  0.282922  0.535893  0.617953
-0.585443 -0.587127 -0.559052   1.79749
        0         0         0         1

 0.153734 -0.760622   0.63073  0.629037
-0.787666  0.291077  0.543007  0.612058
-0.596614 -0.580283 -0.554368   1.77734
        0         0         0         1

 0.153667  -0.76333  0.627467  0.633101
-0.781638  0.294579  0.549787  0.607091
-0.604507 -0.574936  -0.55138    1.7629
        0         0         0         1

  0.14787  -0.77075  0.619742  0.646955
-0.769657  0.303845  0.561521  0.598112
-0.621098 -0.560021 -0.548283   1.72741
        0         0         0         1

 0.149946 -0.774684  0.614314  0.649137
-0.763836  0.303737  0.569471  0.593396
 -0.62775 -0.554625 -0.546188   1.71393
        0         0         0         1

 0.144041 -0.780559  0.608259  0.657201
 -0.75703  0.308942  0.575726  0.589568
-0.637305 -0.543399 -0.546407   1.69801
        0         0         0         1

 0.139302 -0.785542  0.602925  0.662888
-0.752897  0.311475  0.579767  0.587096
-0.643227 -0.534703 -0.548043   1.68608
        0         0         0         1

 0.135483 -0.791825  0.595531  0.669377
-0.746743  0.313434  0.586629  0.583622
-0.651168 -0.524187 -0.548825   1.67126
        0         0         0         1

 0.133852 -0.795395  0.591126  0.672641
-0.742257  0.314755  0.591595  0.580916
-0.656612 -0.517953 -0.548257   1.66021
        0         0         0         1

 0.131532 -0.805574  0.577712  0.681656
-0.732493  0.313694  0.604193  0.575981
-0.667947 -0.502641 -0.548817   1.63422
        0         0         0         1

 0.130634 -0.808407  0.573945  0.686129
-0.728593  0.314327  0.608565  0.574802
-0.672375 -0.497672 -0.547937   1.62423
        0         0         0         1

 0.128205 -0.812879  0.568147  0.692465
-0.722059  0.316202  0.615344  0.573314
-0.679849 -0.489126 -0.546408    1.6133
        0         0         0         1

 0.129706 -0.816277   0.56291   0.69559
-0.718466  0.313883  0.620713  0.571759
-0.683361 -0.484942 -0.545755   1.60352
        0         0         0         1

 0.133443 -0.823119  0.551967  0.702716
-0.705796  0.312055  0.635983  0.568147
-0.695734 -0.474443 -0.539313   1.58533
        0         0         0         1

 0.133081 -0.824775  0.549577  0.706349
-0.702371  0.312743  0.639427  0.567517
 -0.69926 -0.471103 -0.537678    1.5779
        0         0         0         1

 0.137468 -0.827657  0.544139  0.708491
-0.696696  0.309698  0.647072  0.565715
-0.704072 -0.468051 -0.534051   1.56884
        0         0         0         1

 0.138689 -0.828846  0.542015  0.711389
-0.693398  0.309494  0.650702  0.565089
-0.707082 -0.466077 -0.531797   1.56209
        0         0         0         1

 0.140507 -0.831024  0.538197  0.714318
-0.689211  0.308162  0.655762  0.564179
-0.710806 -0.463071 -0.529452   1.55451
        0         0         0         1

 0.139582 -0.833264  0.534966  0.717466
-0.684741  0.309038  0.660019  0.563809
-0.715295  -0.45844 -0.527434   1.55034
        0         0         0         1

 0.141918 -0.837453  0.527761  0.722977
-0.678967  0.305618  0.667534  0.563236
-0.720321 -0.453068 -0.525231   1.53727
        0         0         0         1

 0.144751  -0.83979  0.523258  0.723912
-0.676399  0.301986  0.671781  0.562533
-0.722172 -0.451172  -0.52432   1.53283
        0         0         0         1

 0.145963 -0.841403  0.520323  0.726853
-0.674029  0.300407  0.674863  0.562355
-0.724141 -0.449218 -0.523282   1.52709
        0         0         0         1

 0.147379 -0.843275  0.516881  0.728438
-0.672415  0.297822  0.677613  0.562182
-0.725353 -0.447425 -0.523139   1.52344
        0         0         0         1

 0.151739 -0.847799  0.508145  0.731495
 -0.66821  0.290835   0.68477  0.561407
-0.728334 -0.443454 -0.522377    1.5157
        0         0         0         1

 0.154638 -0.849099  0.505092  0.732452
-0.668688  0.286394  0.686174   0.56141
-0.727285 -0.443857 -0.523495    1.5119
        0         0         0         1

 0.155788 -0.851127  0.501311  0.735017
 -0.66735  0.283482  0.688682  0.561708
-0.728268 -0.441838 -0.523836   1.50897
        0         0         0         1

 0.159449 -0.852843  0.497227  0.735226
-0.667247  0.278102  0.690971  0.561499
-0.727569 -0.441948 -0.524714   1.50593
        0         0         0         1

 0.162008 -0.855591  0.491647  0.736585
 -0.66698  0.272244  0.693557  0.561418
-0.727249 -0.440281 -0.526557   1.50242
        0         0         0         1

 0.161408 -0.857467  0.488567   0.73882
-0.666796  0.270212  0.694528  0.562009
-0.727551 -0.437877 -0.528141   1.50096
        0         0         0         1

 0.162479 -0.861734   0.48064  0.741992
  -0.6656  0.263875  0.698102  0.562371
-0.728407 -0.433341 -0.530696   1.49685
        0         0         0         1

  0.16357 -0.863848  0.476458  0.742407
-0.664609  0.260429  0.700337  0.562078
-0.729068 -0.431213 -0.531522   1.49582
        0         0         0         1

 0.165085 -0.865689  0.472578  0.742703
-0.664455  0.256477  0.701939  0.561997
-0.728866 -0.429886 -0.532871   1.49318
        0         0         0         1

 0.165382 -0.866549  0.470895  0.743366
-0.662441   0.25612   0.70397  0.562247
 -0.73063 -0.428365  -0.53168   1.49238
        0         0         0         1

 0.168854 -0.867511  0.467882  0.743305
-0.665713  0.249685  0.703196  0.562664
-0.726853 -0.430212 -0.535353   1.48875
        0         0         0         1

 0.169675 -0.868762  0.465256  0.743247
-0.666989  0.246311  0.703176  0.562457
 -0.72549 -0.429632 -0.537662   1.48858
        0         0         0         1

 0.168222 -0.870001  0.463465  0.744565
-0.668264  0.244983  0.702429  0.562864
-0.724655 -0.427881 -0.540179   1.48963
        0         0         0         1

 0.168254 -0.870432  0.462644  0.744708
 -0.67059  0.242925  0.700925  0.563076
-0.722495 -0.428178  -0.54283   1.48874
        0         0         0         1

 0.169042 -0.871822   0.45973  0.744054
-0.669551  0.240715  0.702679  0.562245
-0.723275 -0.426595 -0.543038   1.49047
        0         0         0         1

  0.17018 -0.871497  0.459926  0.743854
-0.670092  0.239864  0.702454  0.562439
-0.722507 -0.427737 -0.543162   1.49007
        0         0         0         1

 0.171334 -0.871251  0.459964   0.74425
-0.669272  0.239681  0.703298  0.562754
-0.722994  -0.42834 -0.542038   1.49089
        0         0         0         1

 0.172207 -0.871529   0.45911  0.743857
-0.669769  0.238168  0.703339  0.562931
-0.722326 -0.428617 -0.542709   1.49054
        0         0         0         1

 0.171435 -0.872174  0.458173  0.744724
-0.671207  0.237029  0.702352  0.563732
-0.721174 -0.427937 -0.544774   1.49031
        0         0         0         1

 0.170037 -0.873634  0.455907  0.745471
-0.672162  0.235492  0.701955   0.56417
-0.720614 -0.425802 -0.547182    1.4907
        0         0         0         1

 0.167302 -0.884747  0.435009  0.746646
-0.680117  0.215862  0.700603  0.565327
-0.713758  -0.41307 -0.565617    1.4913
        0         0         0         1

 0.162396 -0.891667   0.42256  0.747561
-0.683191  0.207384  0.700173  0.565664
-0.711953 -0.402394 -0.575501   1.49256
        0         0         0         1

 0.159298 -0.898743  0.408515  0.748936
-0.689159  0.195056  0.697863  0.566731
-0.706883   -0.3927 -0.588305   1.49363
        0         0         0         1

 0.153318 -0.904294   0.39843  0.751377
-0.692251  0.189442  0.696348  0.568084
-0.705182 -0.382576 -0.596954   1.49524
        0         0         0         1

 0.151202 -0.909894  0.386305  0.752062
-0.695405   0.17983  0.695753  0.568518
-0.702531 -0.373838 -0.605554   1.49667
        0         0         0         1

 0.148627 -0.913282  0.379244   0.75271
-0.698373  0.174582  0.694116  0.569378
-0.700132 -0.368018 -0.611864   1.49761
        0         0         0         1

 0.139099 -0.921561  0.362459  0.754457
-0.702819  0.165983  0.691733  0.570868
-0.697637 -0.350962 -0.624603   1.50128
        0         0         0         1

 0.135327 -0.924598  0.356098  0.755367
-0.706145  0.162108  0.689261  0.571865
-0.695016 -0.344732 -0.630962   1.50181
        0         0         0         1

 0.130758 -0.928919  0.346427  0.756421
-0.710589  0.155857  0.686128  0.572794
-0.691351 -0.335884   -0.6397   1.50302
        0         0         0         1

 0.125982 -0.932547  0.338357  0.757754
-0.711926  0.152539  0.685488  0.573735
-0.690862 -0.327244 -0.644687    1.5054
        0         0         0         1

 0.117589 -0.941833   0.31484  0.760193
-0.718531  0.138151  0.681635  0.575992
-0.685482 -0.306375 -0.660491    1.5084
        0         0         0         1

 0.114306 -0.946187  0.302762  0.760616
-0.719486  0.131303  0.681982    0.5763
-0.685035 -0.295788  -0.66576   1.51125
        0         0         0         1

 0.106691 -0.951092    0.2899  0.762971
-0.723432  0.125764  0.678844  0.577931
-0.682102 -0.282149 -0.674633   1.51425
        0         0         0         1

   0.1015 -0.954176  0.281505  0.763301
-0.726933  0.122043  0.675776   0.57901
-0.679166 -0.273227 -0.681235   1.51647
        0         0         0         1

0.0969165 -0.956936  0.273645  0.762317
-0.731031  0.118139   0.67204  0.579799
-0.675427 -0.265174   -0.6881   1.51983
        0         0         0         1

 0.090253 -0.958401  0.270781    0.7631
-0.735081  0.119339  0.667394  0.581076
-0.671945  -0.25928 -0.693731   1.52238
        0         0         0         1

 0.079205 -0.959723  0.269554   0.76147
-0.746417  0.122134  0.654175  0.583684
-0.660748 -0.253013  -0.70668   1.52946
        0         0         0         1

0.0744388 -0.959567  0.271458  0.760597
  -0.7503  0.125421  0.649092   0.58495
-0.656894 -0.251992 -0.710627   1.53367
        0         0         0         1

0.0685843 -0.959232  0.274173  0.760215
-0.755226  0.129649  0.642514  0.586849
-0.651866 -0.251129 -0.715545   1.54046
        0         0         0         1

0.0641795 -0.958906  0.276369   0.75939
-0.759792  0.132595  0.636502  0.588264
-0.646991 -0.250834  -0.72006   1.54623
        0         0         0         1

0.0573074 -0.958359  0.279758  0.759662
-0.767363  0.136972  0.626412  0.591149
-0.638646 -0.250574  -0.72756   1.55382
        0         0         0         1

0.0557847 -0.958092  0.280976  0.757806
-0.771092  0.137431  0.621716  0.591969
-0.634276  -0.25134  -0.73111   1.56141
        0         0         0         1

0.0554043 -0.956821  0.285349  0.754152
-0.785137  0.134807  0.604473  0.596955
-0.616839 -0.257529 -0.743767   1.57887
        0         0         0         1

0.0551152 -0.956418  0.286752   0.75327
-0.790941  0.133461  0.597161  0.599349
-0.609405 -0.259717 -0.749114   1.58805
        0         0         0         1

0.0572852 -0.955547  0.289221  0.751037
-0.798717  0.129942  0.587508  0.601991
-0.598973 -0.264661 -0.755768    1.5998
        0         0         0         1

0.0587758 -0.954496  0.292374  0.749219
-0.807261  0.126849  0.576401  0.605278
 -0.58726   -0.2699 -0.763072   1.60853
        0         0         0         1

0.0633749 -0.951545  0.300907   0.74467
-0.824707  0.119858  0.552713  0.612557
-0.561998 -0.283189  -0.77715   1.63488
        0         0         0         1

0.0638012 -0.950467  0.304206  0.742851
-0.830105  0.118658  0.544836  0.615389
-0.553946 -0.287284 -0.781417   1.64929
        0         0         0         1

0.0644945 -0.948124   0.31129  0.740749
-0.840427  0.116591  0.529235  0.620632
-0.538074 -0.295749 -0.789309   1.66584
        0         0         0         1

0.0657559 -0.945849  0.317877  0.738292
-0.847854  0.115012  0.517605  0.624341
-0.526136 -0.303549 -0.794379   1.67969
        0         0         0         1

0.0698658 -0.942821  0.325896  0.733188
-0.856838  0.110576  0.503588  0.628733
 -0.51083 -0.314424 -0.800119   1.69928
        0         0         0         1

0.0726151  -0.93979  0.333948  0.730022
-0.864391  0.107735  0.491142   0.63303
-0.497548 -0.324326 -0.804523   1.71482
        0         0         0         1

0.0795678 -0.931584  0.354711  0.722515
-0.881976  0.100031  0.460556  0.645279
-0.464529 -0.349492 -0.813676   1.75417
        0         0         0         1

 0.084478 -0.928062  0.362718  0.718209
-0.888539 0.0945825  0.448946  0.650745
-0.450956 -0.360215  -0.81663   1.77053
        0         0         0         1

0.0895899  -0.92326  0.373583  0.713532
-0.897698 0.0876168  0.431812  0.659206
-0.431407 -0.374051 -0.820959   1.79274
        0         0         0         1

0.0951735 -0.920572    0.3788  0.709564
-0.903193 0.0801402  0.421687  0.664286
 -0.41855 -0.382263 -0.823827   1.81174
        0         0         0         1

 0.104877 -0.913118  0.393975  0.700477
-0.917477 0.0640156  0.392603  0.680626
-0.383714 -0.402639 -0.831051   1.86068
        0         0         0         1

 0.109094 -0.908855  0.402592  0.696574
-0.925041  0.055431  0.375802  0.689511
-0.363866 -0.413412 -0.834681   1.87767
        0         0         0         1

 0.113213  -0.90486   0.41038  0.691637
-0.932847 0.0453782  0.357404  0.700345
-0.342023 -0.423285 -0.838958   1.90306
        0         0         0         1

 0.116187 -0.901247  0.417437   0.68761
-0.938996 0.0373064  0.341899  0.709189
-0.323709 -0.431696 -0.841933   1.92336
        0         0         0         1

  0.11698 -0.898468  0.423169  0.684569
-0.945156 0.0301199  0.325227  0.720431
-0.304951 -0.438005 -0.845669   1.95457
        0         0         0         1

 0.121895 -0.893878   0.43142  0.678623
 -0.94999 0.0208354  0.311584  0.729327
-0.287507 -0.447825 -0.846636   1.97522
        0         0         0         1

   0.126434   -0.883695    0.450663    0.666038
  -0.963764 -0.00185378     0.26675    0.756821
   -0.23489    -0.46806   -0.851908     2.02193
          0           0           0           1

   0.126043   -0.880831    0.456344    0.661625
  -0.966859 -0.00611928    0.255236    0.765886
  -0.222027   -0.473392   -0.852411     2.04593
          0           0           0           1

  0.123674  -0.878041    0.46233   0.657022
 -0.973104 -0.0160591   0.229808   0.783234
 -0.194356  -0.478316  -0.856411    2.07189
         0          0          0          1

  0.123627  -0.875901   0.466384     0.6519
 -0.976221 -0.0230122   0.215553   0.794059
 -0.178071  -0.481942  -0.857918    2.09431
         0          0          0          1

  0.124477  -0.866848   0.482784   0.636397
 -0.982651 -0.0402782   0.181039   0.823014
 -0.137487  -0.496944  -0.856822    2.14684
         0          0          0          1

  0.124318  -0.864639    0.48677   0.630607
 -0.984832 -0.0476785    0.16683    0.83476
  -0.12104  -0.500127  -0.857451    2.16856
         0          0          0          1

  0.125697  -0.859598   0.495269    0.61976
 -0.987265 -0.0593151   0.147615   0.850921
-0.0975129  -0.507517  -0.856106    2.19394
         0          0          0          1

  0.117188  -0.860571   0.495666   0.620773
 -0.990009 -0.0618244   0.126724   0.868603
-0.0784106  -0.505564  -0.859218    2.21246
         0          0          0          1

  0.106697  -0.859442   0.499975   0.617867
 -0.993026 -0.0667457   0.097182   0.890262
-0.0501511  -0.506857   -0.86057    2.23742
         0          0          0          1

 0.0981914  -0.859102   0.502296   0.615957
 -0.994799 -0.0709958  0.0730406   0.910376
-0.0270884  -0.506856  -0.861605    2.25186
         0          0          0          1

 0.0840603  -0.861353   0.501003   0.606128
 -0.996318 -0.0811692  0.0276154   0.947608
 0.0168794   -0.50148  -0.865005    2.29869
         0          0          0          1

 0.0717918  -0.864641   0.497234   0.605542
 -0.996869 -0.0787619 0.00697109   0.964504
 0.0331357  -0.496178  -0.867588    2.31692
         0          0          0          1

 0.0624037  -0.866093   0.495973   0.598762
 -0.996401 -0.0826293 -0.0189236    0.98406
 0.0573715  -0.493007  -0.868132    2.34092
         0          0          0          1

 0.0575111    -0.8633   0.501403   0.586413
 -0.995548 -0.0871618 -0.0358827   0.996436
 0.0746808  -0.497107  -0.864469    2.35777
         0          0          0          1

 0.0390391  -0.866404   0.497815   0.574659
 -0.992302 -0.0922113 -0.0826686    1.03962
  0.117529  -0.490755  -0.863334    2.39711
         0          0          0          1

 0.0276575  -0.865588   0.499992   0.570832
 -0.990445 -0.0913329  -0.103329    1.05649
  0.135106  -0.492357  -0.859844    2.40841
         0          0          0          1

 0.0101676  -0.869778   0.493339   0.575798
 -0.988898 -0.0818898  -0.123994    1.07678
  0.148247  -0.486601  -0.860954    2.43405
         0          0          0          1

0.00336371  -0.870574   0.492026   0.570489
 -0.987668 -0.0799098  -0.134638    1.08653
   0.15653  -0.485505  -0.860107    2.45378
         0          0          0          1

-0.0118314  -0.871992   0.489377   0.566708
 -0.983141 -0.0791615  -0.164822    1.11455
  0.182463  -0.483077  -0.856355     2.4672
         0          0          0          1

-0.0266609  -0.878082   0.477766   0.575962
 -0.980051 -0.0712022  -0.185552    1.13406
  0.196948  -0.473182  -0.858668    2.48366
         0          0          0          1

-0.0651136  -0.875162   0.479428   0.567375
 -0.966378 -0.0644597  -0.248915    1.18829
  0.248745  -0.479517   -0.84154    2.49594
         0          0          0          1

-0.0675347   -0.87726    0.47524   0.562539
 -0.968446 -0.0568928  -0.242643    1.18941
  0.239898  -0.476631  -0.845737    2.52723
         0          0          0          1

-0.0772211   -0.87224   0.482944   0.545998
 -0.963713 -0.0588447  -0.260373    1.20562
  0.255527  -0.485526  -0.836045    2.54227
         0          0          0          1

