-0.0668713 -0.581677  0.810666  0.795326
-0.997757 0.0365787 -0.056058   1.07748
0.00295453 -0.812597 -0.582818   2.41422
        0         0         0         1

-0.0683242  -0.581106   0.810955   0.797531
  -0.99766  0.0419919 -0.0539643    1.06754
-0.00269454  -0.812744  -0.582615    2.40345
         0          0          0          1

 -0.069774  -0.575631   0.814728    0.79733
 -0.997164  0.0633519 -0.0406378    1.03792
-0.0282222  -0.815252  -0.578418    2.38438
         0          0          0          1

-0.0703846   -0.57551    0.81476    0.79889
 -0.996595  0.0757262 -0.0326032    1.02389
-0.0429352  -0.814281  -0.578881    2.37666
         0          0          0          1

-0.0629908  -0.572628   0.817392   0.795918
 -0.995707  0.0917133 -0.0124821    1.00149
-0.0678181  -0.814669  -0.575947    2.37489
         0          0          0          1

  -0.060799   -0.577103    0.814405    0.797384
  -0.994741    0.102408 -0.00169374    0.987676
 -0.0824239   -0.810225   -0.580295     2.37032
          0           0           0           1

-0.0600621 -0.572523  0.817685  0.796998
-0.993983  0.109471 0.0036372  0.975128
-0.0915954 -0.812547 -0.575654   2.35639
        0         0         0         1

-0.0562989 -0.571358  0.818768   0.79427
-0.993384  0.114267 0.0114332  0.962149
-0.100091 -0.812708 -0.574011   2.34663
        0         0         0         1

-0.0595629 -0.578162  0.813745  0.798871
-0.989468  0.141936 0.0284198  0.932344
-0.131931 -0.803482 -0.580527   2.32978
        0         0         0         1

-0.0580512 -0.576202  0.815243   0.79566
-0.987722  0.151791 0.0369507  0.919157
-0.145038 -0.803088 -0.577939   2.32167
        0         0         0         1

-0.0642889 -0.578356  0.813248  0.798986
 -0.98676  0.158438 0.0346709  0.910368
-0.148902 -0.800251 -0.580884   2.30469
        0         0         0         1

-0.0669821 -0.582881  0.809792   0.80014
-0.984193  0.171959 0.0423671  0.896267
-0.163946 -0.794154 -0.585185   2.29819
        0         0         0         1

-0.0569569 -0.579584   0.81292  0.797335
-0.976834  0.200585 0.0745686  0.860003
-0.206278 -0.789841 -0.577582   2.28658
        0         0         0         1

-0.0562702 -0.579193  0.813246   0.80135
-0.975539   0.20526 0.0786863  0.852672
-0.212501 -0.788926 -0.576576   2.27536
        0         0         0         1

-0.0531735 -0.577409  0.814722  0.799397
-0.971978   0.21701 0.0903619  0.836345
-0.228978 -0.787087 -0.572768   2.26681
        0         0         0         1

-0.0586604  -0.57516  0.815935  0.801884
-0.968244   0.23176 0.0937597  0.823437
-0.243028 -0.784524 -0.570491   2.25946
        0         0         0         1

-0.0660558 -0.574509  0.815828  0.802246
-0.967302  0.237521  0.088943  0.815297
-0.244875 -0.783277 -0.571413   2.24018
        0         0         0         1

-0.0661801  -0.57382  0.816303  0.796457
-0.964606  0.246074 0.0947745  0.802129
-0.255255 -0.781139 -0.569796   2.23234
        0         0         0         1

 -0.07457 -0.576896  0.813407  0.798803
-0.957576  0.269116  0.103079  0.778001
-0.278366 -0.771212 -0.572489   2.20957
        0         0         0         1

-0.075721  -0.58049  0.810739  0.800272
-0.953838  0.279143  0.110781  0.767318
-0.290619 -0.764925  -0.57483   2.20097
        0         0         0         1

-0.0762461 -0.581572  0.809914  0.801678
-0.949733  0.289715  0.118626  0.754758
-0.303634 -0.760157 -0.574428   2.18868
        0         0         0         1

-0.0824525 -0.584647  0.807087  0.808004
-0.946561  0.299321  0.120124  0.746319
-0.311808 -0.754052 -0.578084   2.17945
        0         0         0         1

-0.0805955 -0.586989  0.805573  0.807144
-0.937259  0.319659  0.139152  0.721864
-0.339189 -0.743816 -0.575924   2.15807
        0         0         0         1

-0.0786548 -0.586836  0.805877  0.805852
 -0.93466  0.324574  0.145129  0.712582
-0.346734 -0.741805 -0.574021   2.14699
        0         0         0         1

-0.0811234 -0.588957  0.804082  0.808727
-0.930336  0.334207  0.150932  0.702563
-0.357622 -0.735823  -0.57504   2.13414
        0         0         0         1

-0.0803652 -0.589864  0.803494  0.808188
-0.925861  0.342769  0.159031  0.692468
-0.369219 -0.731143 -0.573679    2.1255
        0         0         0         1

-0.0831204 -0.591382  0.802096  0.811682
-0.920932  0.353112  0.164912  0.682054
-0.380756 -0.724969 -0.573973   2.11366
        0         0         0         1

-0.0860456 -0.592208  0.801178  0.815249
-0.916449  0.362476  0.169506  0.674526
 -0.39079 -0.719653 -0.573918   2.10338
        0         0         0         1

-0.0827071 -0.590384  0.802874  0.815972
-0.909258  0.374479  0.181702  0.657687
-0.407933 -0.714991 -0.567783   2.07468
        0         0         0         1

-0.0815887 -0.590409   0.80297  0.816823
-0.905622  0.380323  0.187626  0.649643
-0.416164 -0.711878 -0.565718   2.06408
        0         0         0         1

-0.0803455 -0.589202  0.803981  0.818355
-0.898719  0.391671  0.197226  0.638944
-0.431102 -0.706707 -0.560996   2.05314
        0         0         0         1

-0.0813834 -0.586969  0.805509  0.819576
-0.895539  0.397807    0.1994  0.632611
-0.437478 -0.705136 -0.558028   2.04103
        0         0         0         1

-0.0860421 -0.587836  0.804392  0.826507
-0.884718  0.416335  0.209616  0.617887
-0.458116 -0.693624 -0.555891   2.01611
        0         0         0         1

-0.0839825 -0.584958  0.806704  0.826758
-0.880309  0.422886  0.214998  0.611839
-0.466908 -0.692093 -0.550458   2.00398
        0         0         0         1

-0.0847589 -0.586238  0.805693  0.830357
-0.874664  0.431085  0.221651  0.604621
-0.477262 -0.685924 -0.549299   1.99165
        0         0         0         1

-0.0837158 -0.585221  0.806541  0.832094
-0.869402  0.438421  0.227875  0.598581
-0.486962 -0.682132 -0.545495   1.98016
        0         0         0         1

-0.0851206 -0.583222  0.807841  0.834879
-0.864325  0.446574  0.231332   0.59237
-0.495679 -0.678546 -0.542106   1.96587
        0         0         0         1

-0.0842573  -0.58242  0.808509  0.836432
-0.859626   0.45283  0.236618   0.58665
-0.503928 -0.675079 -0.538818   1.95606
        0         0         0         1

-0.0812021 -0.577408  0.812407  0.839993
-0.849437  0.466496  0.246653  0.575411
-0.521404  -0.67006 -0.528353   1.92962
        0         0         0         1

-0.0818977  -0.57674  0.812812  0.842592
-0.844965  0.472663  0.250246  0.571122
-0.528513 -0.666303 -0.526036   1.91953
        0         0         0         1

-0.0803919 -0.574467   0.81457   0.84483
-0.840986  0.477763  0.253938  0.566841
-0.535051 -0.664628 -0.521527   1.90425
        0         0         0         1

-0.0798829 -0.573998  0.814951  0.847119
-0.835448  0.484515  0.259369  0.562228
-0.543733  -0.66013  -0.51825   1.89423
        0         0         0         1

-0.0807364 -0.573316  0.815347  0.850576
-0.828753  0.493081   0.26465  0.557186
 -0.55376 -0.654354 -0.514947   1.88252
        0         0         0         1

-0.081278 -0.573924  0.814865  0.853851
-0.822222  0.500703  0.270643  0.552625
-0.563334 -0.648003 -0.512589   1.87421
        0         0         0         1

-0.079627 -0.571395  0.816803  0.859562
-0.811654  0.512853  0.279642   0.54459
-0.578686 -0.640694 -0.504612   1.84985
        0         0         0         1

-0.0778789  -0.56979  0.818092  0.861826
-0.809325  0.515312  0.281864  0.542204
-0.582176  -0.64015 -0.501277   1.83836
        0         0         0         1

-0.0756249 -0.568686  0.819071  0.864611
-0.803914  0.520737  0.287325  0.538634
-0.589918 -0.636734 -0.496555   1.82664
        0         0         0         1

-0.0755333 -0.567092  0.820184  0.868512
-0.800225  0.525221  0.289453  0.536458
-0.594924 -0.634468 -0.493473   1.81625
        0         0         0         1

-0.0708385  -0.57045  0.818272  0.874538
-0.789379  0.533562   0.30363  0.528935
-0.609805 -0.624418 -0.488098   1.79658
        0         0         0         1

-0.0690646 -0.572715   0.81684   0.87706
-0.786607  0.534861  0.308502  0.526841
-0.613579 -0.621225 -0.487442   1.78732
        0         0         0         1

-0.0693112 -0.575871  0.814597  0.881391
-0.783015  0.537361  0.313258  0.524494
-0.618129  -0.61613 -0.488161   1.77631
        0         0         0         1

-0.0704595 -0.578466  0.812658  0.885331
-0.780132  0.539653  0.316496   0.52287
-0.621635  -0.61168 -0.489303   1.76762
        0         0         0         1

-0.067846 -0.582975  0.809652  0.888322
 -0.77633  0.540575  0.324178  0.520048
-0.626665 -0.606563 -0.489257   1.75781
        0         0         0         1

-0.0661371 -0.586081  0.807549  0.891292
 -0.77368  0.541205  0.329418  0.518297
-0.630115 -0.602998 -0.489233   1.74982
        0         0         0         1

-0.0637242 -0.590498   0.80452  0.898788
 -0.76801  0.543796    0.3383  0.514417
 -0.63726 -0.596321 -0.488161   1.73183
        0         0         0         1

-0.060731 -0.592617  0.803192  0.900957
-0.764879  0.544628  0.344007  0.512323
-0.641305 -0.593453 -0.486356    1.7252
        0         0         0         1

-0.0592013 -0.593416  0.802716  0.904913
-0.762736  0.545653  0.347127  0.510889
-0.643995  -0.59171 -0.484923   1.71622
        0         0         0         1

-0.0570794 -0.593534  0.802782  0.907748
-0.760204  0.547075  0.350426  0.509248
-0.647172 -0.590277 -0.482434   1.70991
        0         0         0         1

-0.0525701 -0.594842  0.802122  0.914721
-0.755563    0.5489  0.357537  0.505944
-0.652963 -0.587258 -0.478296   1.69616
        0         0         0         1

-0.0518186 -0.595203  0.801903  0.918397
-0.754187  0.549672  0.359253  0.504817
-0.654612 -0.586168 -0.477378   1.68996
        0         0         0         1

-0.0493093 -0.595537  0.801813  0.921659
-0.751216  0.551163  0.363172  0.502724
-0.658212 -0.584427 -0.474554   1.68429
        0         0         0         1

-0.0466279 -0.594842  0.802489  0.923828
 -0.75081  0.550758  0.364622  0.501571
 -0.65887 -0.585515 -0.472294   1.67859
        0         0         0         1

-0.0458614 -0.592977  0.803912  0.927887
-0.750319  0.551732  0.364161  0.500403
-0.659483  -0.58649 -0.470225   1.67214
        0         0         0         1

-0.0445433 -0.590281  0.805968  0.930468
-0.749852  0.552836  0.363448  0.499174
-0.660105 -0.588167 -0.467248   1.66763
        0         0         0         1

-0.0385909 -0.582962  0.811583  0.934795
-0.750156  0.553453  0.361877  0.496338
-0.660134 -0.594849 -0.458671    1.6572
        0         0         0         1

-0.0359339 -0.579007   0.81453  0.936356
-0.750199  0.554105  0.360789  0.494854
-0.660235 -0.598095 -0.454282   1.65346
        0         0         0         1

-0.0322441 -0.572452  0.819304  0.938425
-0.751411  0.554405  0.357794  0.493475
-0.659046 -0.604097 -0.448023   1.64833
        0         0         0         1

-0.031283 -0.568134  0.822341   0.94059
-0.751615   0.55571  0.355333  0.492223
 -0.65886 -0.606968 -0.444402   1.64514
        0         0         0         1

-0.0281646 -0.559381  0.828432  0.944526
 -0.75407  0.555929  0.349743  0.489729
-0.656189 -0.614846  -0.43747   1.63666
        0         0         0         1

-0.0258284 -0.556708  0.830307  0.945448
-0.754833  0.555414  0.348916  0.488447
-0.655409 -0.617731 -0.434567   1.63355
        0         0         0         1

-0.0238619 -0.553089  0.832781  0.946892
-0.756023  0.555024  0.346955  0.486938
 -0.65411 -0.621322 -0.431392    1.6299
        0         0         0         1

-0.0226234 -0.550668  0.834418  0.948343
-0.755996  0.555566  0.346145  0.485645
-0.654185 -0.622986 -0.428872   1.62758
        0         0         0         1

-0.0191791 -0.546363  0.837329  0.949699
-0.756951  0.555071  0.344849  0.484215
 -0.65319 -0.627203 -0.424216    1.6243
        0         0         0         1

-0.0166608 -0.541796  0.840345  0.950979
-0.756271  0.556606  0.343867  0.482801
-0.654047 -0.629799 -0.419018   1.62223
        0         0         0         1

-0.00915215 -0.530746  0.847482  0.952956
-0.758344   0.55611  0.340081  0.480279
 -0.65179  -0.63957 -0.407578   1.61618
        0         0         0         1

-0.0061341 -0.527662  0.849432  0.953687
-0.758751  0.555756  0.339753  0.479023
-0.651352 -0.642423 -0.403773   1.61424
        0         0         0         1

-0.00539769 -0.523904   0.85176  0.955546
-0.760315  0.555411  0.336807  0.477992
-0.649532 -0.645788 -0.401331   1.61132
        0         0         0         1

-0.00262754 -0.523398  0.852085  0.955819
-0.760771  0.554066  0.337992  0.476846
-0.649015 -0.647353 -0.399641   1.60922
        0         0         0         1

-0.000488805 -0.524107  0.851652  0.958038
-0.761966   0.55174  0.339103  0.474128
-0.647617 -0.648764 -0.399621   1.60551
        0         0         0         1

0.000920921 -0.524743   0.85126  0.958898
-0.762184  0.550704  0.340295  0.472719
 -0.64736  -0.64913 -0.399444   1.60429
        0         0         0         1

0.00268009  -0.52358  0.851972  0.960153
-0.762939  0.549703  0.340221  0.471449
-0.646465 -0.650914 -0.397987   1.60243
        0         0         0         1

0.00429947 -0.523279  0.852151  0.961176
-0.763092  0.549017  0.340984  0.470186
-0.646275 -0.651735 -0.396949   1.60178
        0         0         0         1

0.00734834 -0.525509  0.850756   0.96365
-0.764746   0.54521  0.343379  0.467264
-0.644289 -0.653136 -0.397875   1.59979
        0         0         0         1

0.00894374  -0.52504  0.851031  0.964302
-0.766026  0.543444  0.343326  0.466499
-0.642747 -0.654982 -0.397334   1.59868
        0         0         0         1

0.0102972 -0.523506   0.85196  0.965555
-0.766004  0.543528  0.343242   0.46521
-0.642754 -0.656139 -0.395411   1.59818
        0         0         0         1

 0.011398 -0.521334  0.853276  0.966441
-0.766842  0.543091  0.342061  0.464681
-0.641735 -0.658227 -0.393591   1.59697
        0         0         0         1

0.0137205 -0.518414   0.85502  0.966942
-0.768237  0.541867  0.340871  0.463988
-0.640019 -0.661534  -0.39083   1.59576
        0         0         0         1

0.0151796 -0.516294  0.856277  0.966754
-0.769586  0.540709  0.339664  0.463344
-0.638363 -0.664135 -0.389125   1.59491
        0         0         0         1

0.0153647 -0.512472  0.858566  0.967394
 -0.77001  0.541698  0.337116  0.462097
-0.637846 -0.666285 -0.386286   1.59463
        0         0         0         1

0.0156391  -0.50867  0.860819   0.96746
-0.769834  0.543257  0.335004  0.461725
-0.638053 -0.667927 -0.383096   1.59456
        0         0         0         1

0.0159018  -0.50256  0.864396  0.967812
-0.769823  0.545522  0.331329   0.46153
 -0.63806   -0.6707 -0.378208   1.59409
        0         0         0         1

 0.015386 -0.497483  0.867337  0.968357
-0.770469  0.546979  0.327401  0.461671
-0.637291 -0.673294 -0.374879   1.59374
        0         0         0         1

0.0156136 -0.492098    0.8704  0.968644
-0.770581  0.548789  0.324092  0.461763
-0.637151 -0.675773 -0.370633   1.59358
        0         0         0         1

0.0180488 -0.487621  0.872869  0.968119
-0.770654  0.549413   0.32286  0.461692
-0.636998 -0.678507 -0.365871   1.59377
        0         0         0         1

0.0166232 -0.480684  0.876736  0.968886
-0.772568  0.550456  0.316444   0.46274
-0.634714 -0.682599 -0.362211   1.59383
        0         0         0         1

0.0174508 -0.478214   0.87807  0.968708
-0.771447  0.552231  0.316087  0.462953
-0.636054   -0.6829  -0.35928   1.59466
        0         0         0         1

0.0171066 -0.475337  0.879638  0.968806
-0.771754  0.553065  0.313873  0.463565
-0.635692 -0.684233 -0.357382   1.59554
        0         0         0         1

0.0163893 -0.473188  0.880809  0.968976
-0.771516  0.554359  0.312168  0.464152
-0.635998 -0.684675 -0.355987   1.59649
        0         0         0         1

0.0174023 -0.465439  0.884909  0.968817
-0.771132  0.557111  0.308191  0.466111
-0.636437 -0.687745  -0.34922   1.60001
        0         0         0         1

0.0174886  -0.46088   0.88729  0.969079
 -0.77263  0.557031  0.304564  0.467637
-0.634616 -0.690873 -0.346348   1.60143
        0         0         0         1

0.0181369 -0.455573  0.890014  0.968953
-0.773643  0.557492   0.30113  0.469325
-0.633362 -0.694015  -0.34234   1.60409
        0         0         0         1

 0.019303 -0.452236  0.891689  0.969104
-0.774437  0.557312  0.299416  0.470536
-0.632356 -0.696337 -0.339471   1.60629
        0         0         0         1

0.0204863 -0.448455  0.893571  0.968918
-0.776083  0.556319  0.296992  0.472315
-0.630298 -0.699569 -0.336641     1.609
        0         0         0         1

0.0207575 -0.446201  0.894692  0.969151
-0.777736  0.555124  0.294896  0.474033
-0.628248 -0.701956 -0.335504   1.61132
        0         0         0         1

0.0233822  -0.44565  0.894902  0.968862
-0.780578  0.551142  0.294857  0.476991
-0.624621 -0.705435 -0.334978   1.61889
        0         0         0         1

0.0246504 -0.446546  0.894421  0.969172
-0.782655  0.548019  0.295173  0.478579
-0.621968 -0.707299 -0.335983   1.62231
        0         0         0         1

0.0270744 -0.448383  0.893432  0.968812
-0.784627  0.544244  0.296915  0.480079
-0.619377 -0.709049 -0.337078   1.62722
        0         0         0         1

0.0293838 -0.449493    0.8928  0.968875
-0.787038  0.540219  0.297884  0.481691
-0.616205  -0.71142 -0.337894   1.63129
        0         0         0         1

0.0341543 -0.454805  0.889936  0.969506
-0.793065  0.529539   0.30106  0.485205
-0.608179 -0.716059 -0.342604   1.64245
        0         0         0         1

0.0400423 -0.457256  0.888433  0.968171
-0.797715  0.520803  0.303998  0.486947
-0.601704 -0.720889 -0.343905   1.64667
        0         0         0         1

0.0409621 -0.459723  0.887117  0.969537
 -0.80285  0.513376  0.303113  0.489633
-0.594772 -0.724638 -0.348059   1.65294
        0         0         0         1

0.0446306 -0.462231  0.885636  0.968846
-0.805702  0.507479  0.305465  0.491142
-0.590637 -0.727192 -0.349771   1.65895
        0         0         0         1

0.0487645 -0.463773  0.884611  0.968188
-0.811277  0.498233  0.305929  0.493623
-0.582624 -0.732584 -0.351952   1.66544
        0         0         0         1

0.0535981 -0.465067  0.883652  0.967226
-0.814422  0.491679   0.30817  0.495429
-0.577793 -0.736182 -0.352407   1.67126
        0         0         0         1

0.0619212 -0.466791  0.882197  0.965915
-0.822449  0.476902  0.310067  0.500315
-0.565458 -0.744762 -0.354382   1.68705
        0         0         0         1

0.0640675 -0.466898  0.881988  0.965855
-0.827126  0.469647  0.308699   0.50303
-0.558353 -0.749292 -0.356094   1.69355
        0         0         0         1

0.0673515 -0.466206  0.882108  0.965768
-0.832437  0.461124  0.307269  0.506429
-0.550012 -0.754994  -0.35703   1.70209
        0         0         0         1

0.0725036 -0.466197  0.881705  0.964227
-0.836855  0.452507  0.308076  0.509014
-0.542602 -0.760196 -0.357331   1.70965
        0         0         0         1

0.0803558    -0.466  0.881128   0.96314
-0.847576  0.433259  0.306433   0.51621
-0.524555 -0.771447 -0.360156   1.72795
        0         0         0         1

0.0874565 -0.464675  0.881152  0.961085
-0.852536  0.422643  0.307497  0.519455
-0.515299 -0.778107 -0.359189   1.73588
        0         0         0         1

0.0909907 -0.465475  0.880371   0.96133
-0.858231  0.411765  0.306413  0.523789
-0.505134 -0.783443 -0.362019    1.7469
        0         0         0         1

0.0944816 -0.466621  0.879396  0.961419
-0.861905   0.40371  0.306818  0.527105
-0.498189 -0.786945  -0.36404   1.75667
        0         0         0         1

 0.100227 -0.467962  0.878047  0.960562
-0.867426  0.391176  0.307495   0.53175
-0.487366  -0.79246 -0.366716   1.76836
        0         0         0         1

 0.105873 -0.468391  0.877155  0.959166
-0.872192  0.379908  0.308141   0.53561
-0.477568 -0.797671 -0.368305   1.77803
        0         0         0         1

  0.11508 -0.470501  0.874863  0.958501
-0.883194   0.35465  0.306906  0.546251
 -0.45467 -0.807993  -0.37473   1.80188
        0         0         0         1

 0.122418 -0.471099  0.873544  0.956206
-0.888069  0.340972  0.308338  0.551105
-0.443112 -0.813513 -0.376628   1.81219
        0         0         0         1

 0.126828 -0.472426  0.872198  0.956318
-0.894937  0.324717  0.306017  0.557979
-0.427787 -0.819374 -0.381608   1.82456
        0         0         0         1

 0.132165 -0.472993  0.871097  0.955174
 -0.90001  0.310979  0.305409  0.563821
-0.415349  -0.82436 -0.384598   1.83555
        0         0         0         1

 0.142928 -0.474855   0.86838  0.952522
-0.910772  0.280308  0.303185   0.57747
-0.387383  -0.83423 -0.392421   1.86181
        0         0         0         1

 0.146677 -0.477376  0.866371  0.951682
-0.913992  0.269542  0.303259  0.582786
-0.378292 -0.836337 -0.396782    1.8748
        0         0         0         1

 0.152447 -0.478069  0.864991  0.950157
-0.919235  0.252872  0.301766  0.591045
-0.362997 -0.841134 -0.400908   1.88977
        0         0         0         1

 0.158039 -0.480742  0.862503  0.948616
-0.923217  0.237915  0.301773  0.597946
-0.350277 -0.843969  -0.40623   1.90178
        0         0         0         1

  0.16278 -0.481768  0.861047   0.94743
-0.927924  0.221861  0.299558  0.606678
 -0.33535 -0.847748  -0.41093   1.91684
        0         0         0         1

 0.165922 -0.483598   0.85942  0.946566
-0.932085  0.207666  0.296805  0.614609
-0.322006 -0.850299 -0.416298   1.92991
        0         0         0         1

 0.172425 -0.486642  0.856416  0.945019
-0.941779  0.173339  0.288108  0.635168
-0.288656 -0.856232 -0.428421   1.95722
        0         0         0         1

 0.178778 -0.488537  0.854031  0.942277
-0.944022  0.159413  0.288806  0.643024
-0.277237 -0.857857  -0.43269   1.97137
        0         0         0         1

 0.182785 -0.491521  0.851467  0.941187
-0.947825  0.141977  0.285429   0.65418
-0.261183 -0.859214 -0.439925   1.98624
        0         0         0         1

 0.186459 -0.495796  0.848186  0.939114
-0.949886  0.129497  0.284511  0.662086
-0.250897  -0.85873 -0.446804   2.00093
        0         0         0         1

 0.192051 -0.503298    0.8425  0.936608
-0.955691 0.0992411  0.277139  0.683741
-0.223094 -0.858395 -0.461938   2.03061
        0         0         0         1

 0.193926 -0.505578  0.840704  0.936466
-0.958433 0.0851765  0.272306  0.694561
 -0.20928 -0.858566 -0.468045   2.04354
        0         0         0         1

 0.198247 -0.507415  0.838587  0.933237
-0.960933 0.0679792  0.268303  0.706541
-0.193147 -0.859016 -0.474115   2.05891
        0         0         0         1

 0.200964 -0.509018  0.836967  0.931434
-0.963236  0.052831  0.263412  0.717568
-0.178299 -0.859133 -0.479687   2.07134
        0         0         0         1

 0.205239 -0.511436  0.834452  0.928092
-0.965077 0.0360643   0.25947  0.730256
-0.162796 -0.858564 -0.486173   2.08668
        0         0         0         1

  0.20421 -0.515358  0.832289  0.929053
-0.967541  0.023038   0.25166  0.742018
-0.148869 -0.856665 -0.493926     2.099
        0         0         0         1

   0.208457   -0.518528    0.829261    0.922867
  -0.971077 -0.00880163    0.238603    0.769147
  -0.116423   -0.855015   -0.505366      2.1268
          0           0           0           1

  0.213722  -0.519754   0.827151   0.917915
 -0.971373 -0.0231677   0.236429   0.779718
 -0.103722  -0.854002  -0.509826    2.13969
         0          0          0          1

  0.206752  -0.527729   0.823866   0.922765
 -0.974406 -0.0351156   0.222037   0.796247
-0.0882448  -0.848687  -0.521482    2.15294
         0          0          0          1

  0.207574  -0.533232   0.820107    0.92171
 -0.975229 -0.0473061   0.216078   0.808167
-0.0764237  -0.844645  -0.529844    2.16772
         0          0          0          1

  0.207775  -0.540818   0.815074   0.919037
 -0.976797 -0.0704728   0.202241   0.834939
-0.0519351  -0.838182  -0.542912    2.19772
         0          0          0          1

  0.211886  -0.542653   0.812793   0.913391
 -0.976509 -0.0842157    0.19834   0.846786
-0.0391796  -0.835725  -0.547749    2.20993
         0          0          0          1

 0.208788  -0.54958  0.808931  0.912509
-0.977756 -0.100391  0.184158   0.86504
-0.0199996 -0.829388 -0.558315   2.22187
        0         0         0         1

 0.209411 -0.552184  0.806995  0.908786
-0.977806 -0.112702  0.176619  0.877811
-0.00657578  -0.82607  -0.56353   2.23195
        0         0         0         1

 0.204139 -0.558242  0.804173  0.910425
-0.978835 -0.128542  0.159245  0.897268
0.0144723  -0.81966 -0.572667   2.24198
        0         0         0         1

 0.207398 -0.561764  0.800879  0.904531
-0.978067 -0.135191  0.158455  0.906865
0.0192572 -0.816177 -0.577481   2.25661
        0         0         0         1

 0.204838 -0.570736  0.795174  0.899386
-0.977718 -0.157423  0.138871  0.937066
0.0459197 -0.805902 -0.590265   2.28095
        0         0         0         1

 0.198506 -0.576453  0.792652  0.905238
-0.978359 -0.164727  0.125216  0.953336
0.0583897 -0.800354 -0.596677   2.28971
        0         0         0         1

 0.205443 -0.576721  0.790687  0.893058
-0.976696 -0.172097  0.128247  0.963576
0.0621123 -0.798608 -0.598637   2.30935
        0         0         0         1

 0.197282 -0.577361  0.792297  0.895026
-0.977037 -0.182147  0.110548  0.981074
0.0804886 -0.795913 -0.600037   2.31213
        0         0         0         1

 0.180258 -0.579421  0.794845  0.895921
-0.976631 -0.201587 0.0745331   1.01997
 0.117044 -0.789705 -0.602218   2.33073
        0         0         0         1

 0.180111 -0.574215  0.798647  0.887321
-0.975832 -0.206443  0.071641    1.0304
 0.123738 -0.792249  -0.59752   2.34316
        0         0         0         1

  0.16474 -0.578057  0.799194  0.895046
-0.975003 -0.217919 0.0433593   1.05579
 0.149095 -0.786359 -0.599508   2.34272
        0         0         0         1

 0.164587 -0.576232  0.800542  0.891494
-0.974248 -0.221783 0.0406603   1.06637
 0.154117 -0.786618 -0.597896   2.35488
        0         0         0         1

 0.163561 -0.571376  0.804224  0.882177
-0.972386 -0.230934 0.0336899   1.08026
 0.166473 -0.787527  -0.59337    2.3656
        0         0         0         1

  0.16131  -0.57107  0.804896  0.885337
-0.970937 -0.237942  0.025768   1.09665
 0.176804 -0.785661 -0.592856   2.37234
        0         0         0         1

 0.152663  -0.57142  0.806333  0.889938
 -0.97027 -0.241707  0.012412   1.12412
 0.187804 -0.784255 -0.591331   2.39659
        0         0         0         1

 0.153855 -0.559971  0.814102  0.876546
 -0.96821 -0.249893 0.0110934   1.13565
 0.197226 -0.789928 -0.580617   2.40486
        0         0         0         1

   0.151671   -0.554409    0.818307    0.872988
  -0.963461   -0.267832 -0.00288404     1.15939
   0.220768    -0.78797   -0.574774     2.40315
          0           0           0           1

   0.151897   -0.549456    0.821599    0.868456
  -0.960567   -0.277925 -0.00827672     1.17682
    0.23289   -0.787944   -0.570006     2.40635
          0           0           0           1

