-0.265032  -0.91156   0.31435  0.600747
-0.958589  0.213842 -0.188091    1.0508
 0.104235 -0.351183 -0.930487   2.30553
        0         0         0         1

-0.265032  -0.91156   0.31435  0.600747
-0.958589  0.213842 -0.188091    1.0508
 0.104235 -0.351183 -0.930487   2.30553
        0         0         0         1

-0.261767 -0.910912  0.318932  0.592403
-0.960819  0.214756 -0.175234   1.03653
0.0911299 -0.352307 -0.931437   2.29589
        0         0         0         1

-0.259985 -0.912387  0.316161  0.589492
-0.963854  0.225457 -0.141967   1.00592
0.0582481 -0.341643 -0.938023   2.28408
        0         0         0         1

-0.260452 -0.912144  0.316478  0.588235
-0.964367  0.229995  -0.13076   0.99368
0.0464839 -0.339258 -0.939544   2.27659
        0         0         0         1

-0.260274 -0.913155  0.313697  0.577186
-0.965445  0.241696 -0.097465  0.951546
0.0131814 -0.328225 -0.944508   2.24137
        0         0         0         1

 -0.258985   -0.91604   0.306265   0.576671
 -0.965304   0.256432 -0.0492937   0.911328
-0.0333813  -0.308405  -0.950669    2.22347
         0          0          0          1

 -0.258985   -0.91604   0.306265   0.576671
 -0.965304   0.256432 -0.0492937   0.911328
-0.0333813  -0.308405  -0.950669    2.22347
         0          0          0          1

  -0.258008   -0.911557    0.320148    0.566432
  -0.962524    0.271173 -0.00359064    0.858007
 -0.0835423   -0.309077   -0.947361     2.17774
          0           0           0           1

  -0.258008   -0.911557    0.320148    0.566432
  -0.962524    0.271173 -0.00359064    0.858007
 -0.0835423   -0.309077   -0.947361     2.17774
          0           0           0           1

-0.259121 -0.910161  0.323207  0.558511
-0.959429  0.281066 0.0222991  0.822451
-0.111138 -0.304316 -0.946066   2.15052
        0         0         0         1

-0.259121 -0.910161  0.323207  0.558511
-0.959429  0.281066 0.0222991  0.822451
-0.111138 -0.304316 -0.946066   2.15052
        0         0         0         1

-0.261167 -0.909834   0.32248  0.558338
-0.955023  0.292148 0.0508105  0.792869
-0.140441 -0.294705 -0.945212   2.12012
        0         0         0         1

-0.261167 -0.909834   0.32248  0.558338
-0.955023  0.292148 0.0508105  0.792869
-0.140441 -0.294705 -0.945212   2.12012
        0         0         0         1

-0.258526 -0.910828  0.321803  0.555993
-0.946928  0.304822  0.102035  0.748281
-0.191029 -0.278346 -0.941292   2.07469
        0         0         0         1

-0.258526 -0.910828  0.321803  0.555993
-0.946928  0.304822  0.102035  0.748281
-0.191029 -0.278346 -0.941292   2.07469
        0         0         0         1

-0.253411 -0.912649  0.320709  0.553078
-0.941116  0.309292  0.136529  0.718139
-0.223795 -0.267226 -0.937286   2.04409
        0         0         0         1

-0.253411 -0.912649  0.320709  0.553078
-0.941116  0.309292  0.136529  0.718139
-0.223795 -0.267226 -0.937286   2.04409
        0         0         0         1

-0.253886 -0.914462  0.315121  0.553903
 -0.93851  0.311713  0.148436  0.709115
-0.233967 -0.258059 -0.937371   2.03663
        0         0         0         1

-0.255341 -0.918631  0.301525   0.55503
-0.930026  0.318616  0.183127  0.680485
-0.264297 -0.233667 -0.935707   2.00099
        0         0         0         1

-0.251233   -0.9216  0.295863   0.55018
 -0.92266  0.320405  0.214568  0.656359
-0.292542 -0.219075  -0.93082   1.96892
        0         0         0         1

-0.251233   -0.9216  0.295863   0.55018
 -0.92266  0.320405  0.214568  0.656359
-0.292542 -0.219075  -0.93082   1.96892
        0         0         0         1

-0.254367 -0.921165  0.294538  0.552302
 -0.91288  0.329247  0.241344  0.636294
-0.319293 -0.207488 -0.924662   1.93644
        0         0         0         1

-0.254367 -0.921165  0.294538  0.552302
 -0.91288  0.329247  0.241344  0.636294
-0.319293 -0.207488 -0.924662   1.93644
        0         0         0         1

-0.249317 -0.925085  0.286459  0.549615
-0.896146  0.332514  0.293865  0.604744
-0.367102 -0.183444 -0.911913    1.8918
        0         0         0         1

-0.249317 -0.925085  0.286459  0.549615
-0.896146  0.332514  0.293865  0.604744
-0.367102 -0.183444 -0.911913    1.8918
        0         0         0         1

-0.251698 -0.927594  0.276073  0.551291
-0.883364  0.336725  0.326013  0.587346
-0.395369 -0.161816 -0.904156   1.86394
        0         0         0         1

-0.251698 -0.927594  0.276073  0.551291
-0.883364  0.336725  0.326013  0.587346
-0.395369 -0.161816 -0.904156   1.86394
        0         0         0         1

-0.265678 -0.931279   0.24927  0.556804
-0.866949  0.343886  0.360752  0.568255
-0.421681 -0.120261 -0.898734   1.82132
        0         0         0         1

-0.265678 -0.931279   0.24927  0.556804
-0.866949  0.343886  0.360752  0.568255
-0.421681 -0.120261 -0.898734   1.82132
        0         0         0         1

 -0.271039  -0.934042   0.232602   0.558653
 -0.855831   0.344441   0.385893   0.555289
 -0.440557 -0.0944761  -0.892739    1.79803
         0          0          0          1

 -0.271039  -0.934042   0.232602   0.558653
 -0.855831   0.344441   0.385893   0.555289
 -0.440557 -0.0944761  -0.892739    1.79803
         0          0          0          1

 -0.27678 -0.934604    0.2234  0.560247
-0.845194  0.347387  0.406163  0.545176
-0.457208 -0.076399 -0.886072   1.77184
        0         0         0         1

 -0.27678 -0.934604    0.2234  0.560247
-0.845194  0.347387  0.406163  0.545176
-0.457208 -0.076399 -0.886072   1.77184
        0         0         0         1

  -0.28637  -0.934809   0.210059   0.563241
 -0.830784   0.351482   0.431577   0.532394
 -0.477274 -0.0509227  -0.877278    1.73663
         0          0          0          1

  -0.28637  -0.934809   0.210059   0.563241
 -0.830784   0.351482   0.431577   0.532394
 -0.477274 -0.0509227  -0.877278    1.73663
         0          0          0          1

-0.294219 -0.935219  0.196979   0.56458
-0.821379  0.352803  0.448182    0.5242
-0.488643 -0.029931  -0.87197   1.71665
        0         0         0         1

-0.294219 -0.935219  0.196979   0.56458
-0.821379  0.352803  0.448182    0.5242
-0.488643 -0.029931  -0.87197   1.71665
        0         0         0         1

 -0.296489  -0.935415   0.192598   0.564927
 -0.818317   0.352799   0.453751   0.521647
 -0.492393 -0.0230744  -0.870067    1.71087
         0          0          0          1

  -0.304457   -0.934898    0.182405    0.567547
  -0.811738    0.354851    0.463857    0.517992
  -0.498385 -0.00684043   -0.866929     1.69907
          0           0           0           1

   -0.30741   -0.934635    0.178763    0.568219
  -0.809374    0.355607    0.467394    0.516335
  -0.500412 -0.00100474   -0.865787     1.69322
          0           0           0           1

-0.316034 -0.934114  0.165994  0.569535
-0.799683  0.356417  0.483192  0.510141
 -0.51052 0.0199625 -0.859634   1.67443
        0         0         0         1

-0.324405 -0.932462  0.158986  0.572517
-0.791847  0.359643  0.493595  0.507874
-0.517436 0.0342324 -0.855037    1.6586
        0         0         0         1

-0.324405 -0.932462  0.158986  0.572517
-0.791847  0.359643  0.493595  0.507874
-0.517436 0.0342324 -0.855037    1.6586
        0         0         0         1

-0.334356 -0.930623  0.148822  0.574616
-0.783221  0.362209  0.505341  0.505833
-0.524186 0.0524031  -0.84999   1.63711
        0         0         0         1

-0.334356 -0.930623  0.148822  0.574616
-0.783221  0.362209  0.505341  0.505833
-0.524186 0.0524031  -0.84999   1.63711
        0         0         0         1

-0.338796 -0.929675  0.144644  0.574647
-0.777734  0.363243  0.513016  0.504655
-0.529479 0.0613132 -0.846105   1.62515
        0         0         0         1

-0.338796 -0.929675  0.144644  0.574647
-0.777734  0.363243  0.513016  0.504655
-0.529479 0.0613132 -0.846105   1.62515
        0         0         0         1

-0.340645 -0.929067  0.144207  0.575022
 -0.77619   0.36445  0.514495  0.504942
-0.530557 0.0633281  -0.84528   1.62155
        0         0         0         1

-0.344179 -0.927992  0.142731  0.575268
-0.771827  0.366206  0.519785  0.504636
-0.534625 0.0687361 -0.842289    1.6144
        0         0         0         1

-0.349999  -0.92595  0.141833  0.575335
-0.765339  0.369963  0.526672  0.505067
-0.540146 0.0757843 -0.838152    1.6015
        0         0         0         1

-0.349999  -0.92595  0.141833  0.575335
-0.765339  0.369963  0.526672  0.505067
-0.540146 0.0757843 -0.838152    1.6015
        0         0         0         1

-0.355931 -0.924596  0.135777  0.576526
-0.765576  0.371814  0.525021  0.506812
-0.535917 0.0829233 -0.840189   1.59428
        0         0         0         1

-0.355931 -0.924596  0.135777  0.576526
-0.765576  0.371814  0.525021  0.506812
-0.535917 0.0829233 -0.840189   1.59428
        0         0         0         1

-0.366394 -0.923154  0.116374  0.578091
-0.773068  0.371629   0.51406  0.509199
-0.517804 0.0983834 -0.849823   1.58808
        0         0         0         1

-0.366394 -0.923154  0.116374  0.578091
-0.773068  0.371629   0.51406  0.509199
-0.517804 0.0983834 -0.849823   1.58808
        0         0         0         1

-0.370418  -0.92323  0.102161  0.576551
-0.780715   0.36904  0.504276  0.508791
-0.503264  0.107035 -0.857478   1.58807
        0         0         0         1

-0.370418  -0.92323  0.102161  0.576551
-0.780715   0.36904  0.504276  0.508791
-0.503264  0.107035 -0.857478   1.58807
        0         0         0         1

-0.374209 -0.921127  0.107207  0.575031
-0.783497  0.375886  0.494815  0.510069
-0.496085  0.101168  -0.86236   1.58861
        0         0         0         1

-0.374209 -0.921127  0.107207  0.575031
-0.783497  0.375886  0.494815  0.510069
-0.496085  0.101168  -0.86236   1.58861
        0         0         0         1

 -0.37362 -0.919608  0.121362  0.573907
 -0.78097  0.382457  0.493774  0.511658
-0.500494 0.0897038  -0.86108   1.59039
        0         0         0         1

 -0.37362 -0.919608  0.121362  0.573907
 -0.78097  0.382457  0.493774  0.511658
-0.500494 0.0897038  -0.86108   1.59039
        0         0         0         1

-0.370979 -0.918891  0.134216  0.572067
-0.778732  0.386565  0.494109   0.51279
-0.505916 0.0787859 -0.858977   1.59394
        0         0         0         1

-0.370979 -0.918891  0.134216  0.572067
-0.778732  0.386565  0.494109   0.51279
-0.505916 0.0787859 -0.858977   1.59394
        0         0         0         1

 -0.37046 -0.918502   0.13825  0.571702
-0.778168  0.388174  0.493736  0.513491
-0.507163 0.0753277 -0.858552   1.59527
        0         0         0         1

-0.367424 -0.918028  0.149078  0.569967
-0.778535  0.391279  0.490698  0.516938
-0.508806 0.0642315 -0.858482    1.6022
        0         0         0         1

-0.365738 -0.917823  0.154394  0.568611
-0.781213  0.392905   0.48511  0.520835
-0.505908 0.0568085 -0.860715   1.60967
        0         0         0         1

-0.365738 -0.917823  0.154394  0.568611
-0.781213  0.392905   0.48511  0.520835
-0.505908 0.0568085 -0.860715   1.60967
        0         0         0         1

-0.361524 -0.918407   0.16071  0.566783
-0.788906  0.393187  0.472262  0.527784
-0.496918 0.0439489 -0.866684   1.62401
        0         0         0         1

-0.361524 -0.918407   0.16071  0.566783
-0.788906  0.393187  0.472262  0.527784
-0.496918 0.0439489 -0.866684   1.62401
        0         0         0         1

-0.357593 -0.919545  0.162986  0.566573
-0.795154  0.391328  0.463241  0.533227
-0.489751  0.036053 -0.871116   1.63619
        0         0         0         1

-0.357593 -0.919545  0.162986  0.566573
-0.795154  0.391328  0.463241  0.533227
-0.489751  0.036053 -0.871116   1.63619
        0         0         0         1

-0.353445 -0.921122  0.163132  0.565876
-0.803968  0.388263  0.450429  0.539389
-0.478238  0.028049 -0.877782   1.65015
        0         0         0         1

-0.353445 -0.921122  0.163132  0.565876
-0.803968  0.388263  0.450429  0.539389
-0.478238  0.028049 -0.877782   1.65015
        0         0         0         1

-0.352496 -0.921561  0.162698  0.566309
-0.807057  0.387375  0.445645  0.541963
-0.473714 0.0257814 -0.880301   1.65509
        0         0         0         1

-0.343585 -0.925252  0.160805  0.565381
-0.818298  0.378976  0.432163  0.548964
-0.460801 0.0168988 -0.887342   1.67718
        0         0         0         1

 -0.331106  -0.930082    0.15911   0.561955
 -0.830703   0.367296   0.418361   0.554693
 -0.447551 0.00634856  -0.894236    1.69824
         0          0          0          1

 -0.331106  -0.930082    0.15911   0.561955
 -0.830703   0.367296   0.418361   0.554693
 -0.447551 0.00634856  -0.894236    1.69824
         0          0          0          1

-0.324526 -0.932126  0.160696  0.564466
-0.848234  0.361971  0.386622  0.569948
-0.418548 -0.010839  -0.90813    1.7331
        0         0         0         1

-0.324526 -0.932126  0.160696  0.564466
-0.848234  0.361971  0.386622  0.569948
-0.418548 -0.010839  -0.90813    1.7331
        0         0         0         1

 -0.315905   -0.93501   0.161124    0.56437
 -0.860523   0.353882   0.366425   0.579987
  -0.39963 -0.0228955  -0.916391    1.75857
         0          0          0          1

 -0.315905   -0.93501   0.161124    0.56437
 -0.860523   0.353882   0.366425   0.579987
  -0.39963 -0.0228955  -0.916391    1.75857
         0          0          0          1

 -0.305901  -0.937758   0.164421   0.563415
 -0.872769   0.345211   0.345114   0.591128
 -0.380393 -0.0379306  -0.924047    1.78636
         0          0          0          1

 -0.305901  -0.937758   0.164421   0.563415
 -0.872769   0.345211   0.345114   0.591128
 -0.380393 -0.0379306  -0.924047    1.78636
         0          0          0          1

 -0.29437  -0.94011  0.171869  0.566684
-0.891212  0.334971  0.305836  0.614112
-0.345091 -0.063143 -0.936443   1.82981
        0         0         0         1

 -0.29437  -0.94011  0.171869  0.566684
-0.891212  0.334971  0.305836  0.614112
-0.345091 -0.063143 -0.936443   1.82981
        0         0         0         1

 -0.283679  -0.942293   0.177792   0.566935
 -0.903186   0.324847   0.280587   0.629136
 -0.322151 -0.0809829  -0.943218    1.86218
         0          0          0          1

 -0.283679  -0.942293   0.177792   0.566935
 -0.903186   0.324847   0.280587   0.629136
 -0.322151 -0.0809829  -0.943218    1.86218
         0          0          0          1

-0.275363 -0.943361  0.185052  0.568724
-0.914281  0.316475  0.252851  0.646856
-0.297094 -0.099564 -0.949643   1.89473
        0         0         0         1

-0.275363 -0.943361  0.185052  0.568724
-0.914281  0.316475  0.252851  0.646856
-0.297094 -0.099564 -0.949643   1.89473
        0         0         0         1

-0.263096 -0.945159  0.193532  0.571741
-0.930356  0.301654  0.208429  0.677774
-0.255379 -0.125217 -0.958698   1.94715
        0         0         0         1

-0.263096 -0.945159  0.193532  0.571741
-0.930356  0.301654  0.208429  0.677774
-0.255379 -0.125217 -0.958698   1.94715
        0         0         0         1

-0.256718 -0.945219  0.201633  0.573634
-0.939435  0.293055  0.177707   0.70109
-0.227062 -0.143801 -0.963205   1.98233
        0         0         0         1

-0.256718 -0.945219  0.201633  0.573634
-0.939435  0.293055  0.177707   0.70109
-0.227062 -0.143801 -0.963205   1.98233
        0         0         0         1

-0.250881 -0.943895  0.214759  0.579957
-0.951516  0.281248  0.124563  0.743212
-0.177975 -0.173096 -0.968691   2.03138
        0         0         0         1

-0.250881 -0.943895  0.214759  0.579957
-0.951516  0.281248  0.124563  0.743212
-0.177975 -0.173096 -0.968691   2.03138
        0         0         0         1

-0.243719 -0.942536  0.228532  0.581742
-0.958757  0.269679 0.0897672  0.771831
-0.146239 -0.197229 -0.969389   2.06312
        0         0         0         1

-0.243719 -0.942536  0.228532  0.581742
-0.958757  0.269679 0.0897672  0.771831
-0.146239 -0.197229 -0.969389   2.06312
        0         0         0         1

-0.239466 -0.941076  0.238812  0.585762
-0.964012  0.259719 0.0568116  0.801496
-0.115488 -0.216613 -0.969403   2.09873
        0         0         0         1

-0.239466 -0.941076  0.238812  0.585762
-0.964012  0.259719 0.0568116  0.801496
-0.115488 -0.216613 -0.969403   2.09873
        0         0         0         1

 -0.235492  -0.936546   0.259665    0.59073
   -0.9696   0.244677 0.00315246   0.850133
-0.0664864  -0.251029  -0.965694    2.14491
         0          0          0          1

 -0.235492  -0.936546   0.259665    0.59073
   -0.9696   0.244677 0.00315246   0.850133
-0.0664864  -0.251029  -0.965694    2.14491
         0          0          0          1

 -0.228038  -0.935143   0.271121   0.590254
 -0.972896   0.229819 -0.0256111   0.880164
-0.0383587  -0.269613  -0.962204    2.18102
         0          0          0          1

 -0.228038  -0.935143   0.271121   0.590254
 -0.972896   0.229819 -0.0256111   0.880164
-0.0383587  -0.269613  -0.962204    2.18102
         0          0          0          1

 -0.230151  -0.933982   0.273329   0.602608
 -0.973034   0.216425 -0.0797879   0.932775
 0.0153653  -0.284322  -0.958606    2.22982
         0          0          0          1

 -0.230151  -0.933982   0.273329   0.602608
 -0.973034   0.216425 -0.0797879   0.932775
 0.0153653  -0.284322  -0.958606    2.22982
         0          0          0          1

-0.232109 -0.931799  0.279064  0.610512
-0.971158  0.205907 -0.120225  0.971228
0.0545637 -0.298921 -0.952717   2.25595
        0         0         0         1

-0.232109 -0.931799  0.279064  0.610512
-0.971158  0.205907 -0.120225  0.971228
0.0545637 -0.298921 -0.952717   2.25595
        0         0         0         1

-0.229044 -0.928195  0.293246  0.603977
 -0.96991  0.192072 -0.149607   1.00433
0.0825402 -0.318689 -0.944259    2.2856
        0         0         0         1

-0.229044 -0.928195  0.293246  0.603977
 -0.96991  0.192072 -0.149607   1.00433
0.0825402 -0.318689 -0.944259    2.2856
        0         0         0         1

-0.237831 -0.927036  0.289899  0.619676
 -0.96146  0.182299 -0.205818   1.06449
 0.137952 -0.327677 -0.934664   2.32985
        0         0         0         1

-0.237831 -0.927036  0.289899  0.619676
 -0.96146  0.182299 -0.205818   1.06449
 0.137952 -0.327677 -0.934664   2.32985
        0         0         0         1

-0.242702 -0.924671  0.293393   0.62656
-0.956763  0.178177 -0.229908   1.09588
 0.160314 -0.336506 -0.927935   2.36215
        0         0         0         1

-0.242702 -0.924671  0.293393   0.62656
-0.956763  0.178177 -0.229908   1.09588
 0.160314 -0.336506 -0.927935   2.36215
        0         0         0         1

-0.258236 -0.922273  0.287623   0.64262
-0.940149   0.17139 -0.294526   1.16573
 0.222338 -0.346466 -0.911333   2.38944
        0         0         0         1

-0.258236 -0.922273  0.287623   0.64262
-0.940149   0.17139 -0.294526   1.16573
 0.222338 -0.346466 -0.911333   2.38944
        0         0         0         1

-0.264444 -0.922786  0.280241  0.645691
-0.931538    0.1692 -0.321883     1.201
 0.249613 -0.346175 -0.904354    2.4145
        0         0         0         1

-0.264444 -0.922786  0.280241  0.645691
-0.931538    0.1692 -0.321883     1.201
 0.249613 -0.346175 -0.904354    2.4145
        0         0         0         1

