  0.349403  -0.600563   0.719195   0.349928
  -0.80403  -0.586295 -0.0989669     1.0639
  0.481097  -0.543675  -0.687724    2.31128
         0          0          0          1

  0.346141  -0.602718    0.71897   0.351815
 -0.816921  -0.570463 -0.0849259    1.03498
  0.461332  -0.557945  -0.689833    2.30636
         0          0          0          1

  0.346141  -0.602718    0.71897   0.351815
 -0.816921  -0.570463 -0.0849259    1.03498
  0.461332  -0.557945  -0.689833    2.30636
         0          0          0          1

  0.336719  -0.615222   0.712827   0.364647
 -0.836548  -0.542949 -0.0734443    1.01397
  0.432213  -0.571583  -0.697484     2.3032
         0          0          0          1

  0.336719  -0.615222   0.712827   0.364647
 -0.836548  -0.542949 -0.0734443    1.01397
  0.432213  -0.571583  -0.697484     2.3032
         0          0          0          1

  0.327347  -0.628946   0.705174   0.375056
 -0.854926  -0.514978 -0.0624472   0.985524
  0.402425   -0.58243  -0.706278    2.28487
         0          0          0          1

  0.327347  -0.628946   0.705174   0.375056
 -0.854926  -0.514978 -0.0624472   0.985524
  0.402425   -0.58243  -0.706278    2.28487
         0          0          0          1

   0.31332  -0.645139   0.696869   0.386733
 -0.869502  -0.489942 -0.0626352   0.970162
  0.381834  -0.586304  -0.714458    2.27078
         0          0          0          1

   0.31332  -0.645139   0.696869   0.386733
 -0.869502  -0.489942 -0.0626352   0.970162
  0.381834  -0.586304  -0.714458    2.27078
         0          0          0          1

  0.295908  -0.661326   0.689265    0.39924
 -0.889969  -0.452983 -0.0525497   0.939712
  0.346978  -0.597874  -0.722601    2.25334
         0          0          0          1

  0.295908  -0.661326   0.689265    0.39924
 -0.889969  -0.452983 -0.0525497   0.939712
  0.346978  -0.597874  -0.722601    2.25334
         0          0          0          1

  0.281392  -0.666847   0.690024   0.407767
 -0.902758  -0.427763 -0.0452504   0.918973
  0.325342  -0.610192   -0.72237    2.23927
         0          0          0          1

  0.281392  -0.666847   0.690024   0.407767
 -0.902758  -0.427763 -0.0452504   0.918973
  0.325342  -0.610192   -0.72237    2.23927
         0          0          0          1

  0.268586  -0.660128   0.701493   0.412098
 -0.910125  -0.412433 -0.0396474    0.90058
  0.315492  -0.627798  -0.711572    2.21756
         0          0          0          1

  0.268586  -0.660128   0.701493   0.412098
 -0.910125  -0.412433 -0.0396474    0.90058
  0.315492  -0.627798  -0.711572    2.21756
         0          0          0          1

  0.257977  -0.655296   0.709954   0.416445
 -0.923943  -0.382152 -0.0169962   0.866266
  0.282448  -0.651573  -0.704043     2.1983
         0          0          0          1

  0.257977  -0.655296   0.709954   0.416445
 -0.923943  -0.382152 -0.0169962   0.866266
  0.282448  -0.651573  -0.704043     2.1983
         0          0          0          1

   0.24938  -0.646822   0.720716   0.417633
 -0.930409  -0.366456 -0.0069469    0.84627
  0.268604  -0.668828  -0.693196    2.17695
         0          0          0          1

   0.24938  -0.646822   0.720716   0.417633
 -0.930409  -0.366456 -0.0069469    0.84627
  0.268604  -0.668828  -0.693196    2.17695
         0          0          0          1

 0.245155 -0.643977  0.724702   0.42335
-0.943045 -0.331783 0.0241917  0.815564
 0.224865 -0.689357 -0.688638   2.15129
        0         0         0         1

 0.245155 -0.643977  0.724702   0.42335
-0.943045 -0.331783 0.0241917  0.815564
 0.224865 -0.689357 -0.688638   2.15129
        0         0         0         1

 0.232145 -0.645737  0.727415  0.433152
-0.949927  -0.31132  0.026794  0.805618
 0.209156 -0.697211 -0.685675   2.12227
        0         0         0         1

 0.232145 -0.645737  0.727415  0.433152
-0.949927  -0.31132  0.026794  0.805618
 0.209156 -0.697211 -0.685675   2.12227
        0         0         0         1

 0.223558 -0.645686  0.730145  0.439638
-0.956401 -0.289756 0.0365948  0.791442
 0.187935 -0.706492 -0.682312   2.09776
        0         0         0         1

 0.223558 -0.645686  0.730145  0.439638
-0.956401 -0.289756 0.0365948  0.791442
 0.187935 -0.706492 -0.682312   2.09776
        0         0         0         1

 0.219611 -0.647119  0.730073  0.447893
-0.963452 -0.261526 0.0580026  0.764445
 0.153399 -0.716129 -0.680903   2.06883
        0         0         0         1

 0.219611 -0.647119  0.730073  0.447893
-0.963452 -0.261526 0.0580026  0.764445
 0.153399 -0.716129 -0.680903   2.06883
        0         0         0         1

 0.218999 -0.642733  0.734121  0.450815
-0.966569 -0.245736 0.0731959  0.745664
 0.133355 -0.725609 -0.675062   2.04954
        0         0         0         1

 0.218999 -0.642733  0.734121  0.450815
-0.966569 -0.245736 0.0731959  0.745664
 0.133355 -0.725609 -0.675062   2.04954
        0         0         0         1

 0.219867 -0.631021  0.743956  0.454486
 -0.96889 -0.230081 0.0911893  0.718657
 0.113628 -0.740861 -0.661977   2.01847
        0         0         0         1

 0.219867 -0.631021  0.743956  0.454486
 -0.96889 -0.230081 0.0911893  0.718657
 0.113628 -0.740861 -0.661977   2.01847
        0         0         0         1

 0.212585 -0.621972   0.75363  0.461148
-0.971652   -0.2162 0.0956546  0.705257
  0.10344 -0.752601 -0.650301   1.99533
        0         0         0         1

 0.212585 -0.621972   0.75363  0.461148
-0.971652   -0.2162 0.0956546  0.705257
  0.10344 -0.752601 -0.650301   1.99533
        0         0         0         1

 0.215173 -0.608707   0.76366  0.461835
-0.972023 -0.208911  0.107362   0.68989
0.0941853 -0.765396  -0.63663   1.97076
        0         0         0         1

 0.215173 -0.608707   0.76366  0.461835
-0.972023 -0.208911  0.107362   0.68989
0.0941853 -0.765396  -0.63663   1.97076
        0         0         0         1

 0.221025 -0.601976  0.767316  0.466614
-0.972671 -0.193441  0.128419  0.666054
0.0711251 -0.774729  -0.62828   1.93772
        0         0         0         1

 0.221025 -0.601976  0.767316  0.466614
-0.972671 -0.193441  0.128419  0.666054
0.0711251 -0.774729  -0.62828   1.93772
        0         0         0         1

  0.22437 -0.595706  0.771227  0.469268
-0.972979 -0.181195  0.143108  0.651439
0.0544924 -0.782497 -0.620265   1.91494
        0         0         0         1

  0.22437 -0.595706  0.771227  0.469268
-0.972979 -0.181195  0.143108  0.651439
0.0544924 -0.782497 -0.620265   1.91494
        0         0         0         1

 0.234661 -0.588466  0.773719  0.467519
-0.971365 -0.172418   0.16347  0.635016
0.0372064 -0.789924 -0.612075   1.88971
        0         0         0         1

 0.234661 -0.588466  0.773719  0.467519
-0.971365 -0.172418   0.16347  0.635016
0.0372064 -0.789924 -0.612075   1.88971
        0         0         0         1

 0.231207 -0.586515  0.776237  0.477542
-0.972764   -0.1529  0.174215  0.619979
0.0165075 -0.795375 -0.605892   1.85388
        0         0         0         1

 0.231207 -0.586515  0.776237  0.477542
-0.972764   -0.1529  0.174215  0.619979
0.0165075 -0.795375 -0.605892   1.85388
        0         0         0         1

 0.236855 -0.588921  0.772704  0.478361
-0.971534 -0.139844  0.191218  0.605413
-0.00455413 -0.795999  -0.60528   1.83345
        0         0         0         1

 0.236855 -0.588921  0.772704  0.478361
-0.971534 -0.139844  0.191218  0.605413
-0.00455413 -0.795999  -0.60528   1.83345
        0         0         0         1

 0.241137 -0.596214  0.765755  0.480187
-0.969888 -0.120247  0.211795  0.586886
-0.0341954 -0.793769 -0.607258     1.799
        0         0         0         1

 0.241137 -0.596214  0.765755  0.480187
-0.969888 -0.120247  0.211795  0.586886
-0.0341954 -0.793769 -0.607258     1.799
        0         0         0         1

 0.243158 -0.599787  0.762319  0.479406
-0.968719 -0.109991  0.222454  0.576686
-0.0495763 -0.792564  -0.60777   1.77368
        0         0         0         1

 0.243158 -0.599787  0.762319  0.479406
-0.968719 -0.109991  0.222454  0.576686
-0.0495763 -0.792564  -0.60777   1.77368
        0         0         0         1

  0.241129   -0.60383   0.759767   0.480937
 -0.968356 -0.0977739   0.229622   0.567404
-0.0643676  -0.791094  -0.608299     1.7516
         0          0          0          1

  0.241129   -0.60383   0.759767   0.480937
 -0.968356 -0.0977739   0.229622   0.567404
-0.0643676  -0.791094  -0.608299     1.7516
         0          0          0          1

  0.240955  -0.617744   0.748554   0.481561
  -0.96634 -0.0810609   0.244164   0.553377
-0.0901525   -0.78219  -0.616483    1.71958
         0          0          0          1

  0.240955  -0.617744   0.748554   0.481561
  -0.96634 -0.0810609   0.244164   0.553377
-0.0901525   -0.78219  -0.616483    1.71958
         0          0          0          1

  0.235766  -0.626154   0.743199   0.484582
 -0.966074 -0.0680435   0.249141   0.547463
 -0.105431  -0.776724  -0.620954    1.69848
         0          0          0          1

  0.235766  -0.626154   0.743199   0.484582
 -0.966074 -0.0680435   0.249141   0.547463
 -0.105431  -0.776724  -0.620954    1.69848
         0          0          0          1

  0.233584  -0.631996   0.738931   0.483914
 -0.964418 -0.0537934   0.258853   0.537466
 -0.123845  -0.773102  -0.622073    1.66548
         0          0          0          1

  0.233584  -0.631996   0.738931   0.483914
 -0.964418 -0.0537934   0.258853   0.537466
 -0.123845  -0.773102  -0.622073    1.66548
         0          0          0          1

  0.231922  -0.634263   0.737511   0.484268
 -0.962888 -0.0420859   0.266601   0.532094
 -0.138056  -0.771971  -0.620484    1.64539
         0          0          0          1

  0.231922  -0.634263   0.737511   0.484268
 -0.962888 -0.0420859   0.266601   0.532094
 -0.138056  -0.771971  -0.620484    1.64539
         0          0          0          1

 0.231182 -0.633011  0.738818   0.48357
-0.961242 -0.031355  0.273916  0.526022
-0.150226 -0.773508 -0.615725   1.62583
        0         0         0         1

 0.231182 -0.633011  0.738818   0.48357
-0.961242 -0.031355  0.273916  0.526022
-0.150226 -0.773508 -0.615725   1.62583
        0         0         0         1

  0.229049  -0.630521   0.741606    0.48418
 -0.958495 -0.0132125   0.284803   0.519741
 -0.169776   -0.77606  -0.607378    1.59784
         0          0          0          1

  0.229049  -0.630521   0.741606    0.48418
 -0.958495 -0.0132125   0.284803   0.519741
 -0.169776   -0.77606  -0.607378    1.59784
         0          0          0          1

     0.22948    -0.635432     0.737269     0.484427
   -0.954858 -0.000166381     0.297063     0.515613
   -0.188641    -0.772157    -0.606785      1.58221
           0            0            0            1

     0.22948    -0.635432     0.737269     0.484427
   -0.954858 -0.000166381     0.297063     0.515613
   -0.188641    -0.772157    -0.606785      1.58221
           0            0            0            1

 0.226667 -0.630959  0.741966  0.485085
-0.953737 0.0106901  0.300453  0.513065
-0.197505 -0.775743 -0.599345   1.55649
        0         0         0         1

 0.226667 -0.630959  0.741966  0.485085
-0.953737 0.0106901  0.300453  0.513065
-0.197505 -0.775743 -0.599345   1.55649
        0         0         0         1

 0.229264 -0.626199  0.745193  0.483367
-0.951899 0.0156549  0.306013   0.51034
-0.203291 -0.779506 -0.592489   1.54097
        0         0         0         1

 0.229264 -0.626199  0.745193  0.483367
-0.951899 0.0156549  0.306013   0.51034
-0.203291 -0.779506 -0.592489   1.54097
        0         0         0         1

  0.23296 -0.615922  0.752575  0.481333
-0.949669 0.0225674   0.31244   0.50763
-0.209423 -0.787484 -0.579665    1.5231
        0         0         0         1

  0.23296 -0.615922  0.752575  0.481333
-0.949669 0.0225674   0.31244   0.50763
-0.209423 -0.787484 -0.579665    1.5231
        0         0         0         1

 0.236419  -0.59929  0.764825  0.479575
-0.949861  0.023216  0.311808   0.50624
 -0.20462 -0.800195 -0.563754   1.51778
        0         0         0         1

 0.236419  -0.59929  0.764825  0.479575
-0.949861  0.023216  0.311808   0.50624
 -0.20462 -0.800195 -0.563754   1.51778
        0         0         0         1

  0.241401  -0.586733   0.772962   0.480456
 -0.953807 0.00332162   0.300401   0.506862
 -0.178823  -0.809774  -0.558828    1.51299
         0          0          0          1

  0.241401  -0.586733   0.772962   0.480456
 -0.953807 0.00332162   0.300401   0.506862
 -0.178823  -0.809774  -0.558828    1.51299
         0          0          0          1

  0.253464  -0.607399   0.752876   0.482319
 -0.952322 -0.0200466   0.304436   0.505739
 -0.169821  -0.794144   -0.58352    1.51561
         0          0          0          1

  0.253464  -0.607399   0.752876   0.482319
 -0.952322 -0.0200466   0.304436   0.505739
 -0.169821  -0.794144   -0.58352    1.51561
         0          0          0          1

  0.261817  -0.610058   0.747851   0.484832
 -0.951722 -0.0345433   0.305011   0.506639
 -0.160241  -0.791604  -0.589649    1.51377
         0          0          0          1

  0.261817  -0.610058   0.747851   0.484832
 -0.951722 -0.0345433   0.305011   0.506639
 -0.160241  -0.791604  -0.589649    1.51377
         0          0          0          1

 0.276619 -0.628627  0.726849  0.486183
-0.949407 -0.061741  0.307921  0.506309
-0.148691 -0.775252 -0.613901   1.51405
        0         0         0         1

 0.276619 -0.628627  0.726849  0.486183
-0.949407 -0.061741  0.307921  0.506309
-0.148691 -0.775252 -0.613901   1.51405
        0         0         0         1

  0.278574  -0.633001   0.722293   0.486293
 -0.949391 -0.0678791   0.306673   0.506682
 -0.145096  -0.771169  -0.619875    1.51352
         0          0          0          1

  0.278574  -0.633001   0.722293   0.486293
 -0.949391 -0.0678791   0.306673   0.506682
 -0.145096  -0.771169  -0.619875    1.51352
         0          0          0          1

   0.27503  -0.629231    0.72693   0.486269
 -0.951147 -0.0677536   0.301214   0.506772
 -0.140281   -0.77426  -0.617125    1.51266
         0          0          0          1

   0.27503  -0.629231    0.72693   0.486269
 -0.951147 -0.0677536   0.301214   0.506772
 -0.140281   -0.77426  -0.617125    1.51266
         0          0          0          1

  0.273314  -0.629076   0.727711   0.485463
 -0.952554 -0.0716618   0.295812   0.506149
 -0.133939  -0.774034  -0.618815    1.51227
         0          0          0          1

  0.273314  -0.629076   0.727711   0.485463
 -0.952554 -0.0716618   0.295812   0.506149
 -0.133939  -0.774034  -0.618815    1.51227
         0          0          0          1

  0.274767  -0.636247   0.720897   0.485488
 -0.952325 -0.0766895   0.295291   0.505434
 -0.132593  -0.767664  -0.626986    1.51171
         0          0          0          1

  0.274767  -0.636247   0.720897   0.485488
 -0.952325 -0.0766895   0.295291   0.505434
 -0.132593  -0.767664  -0.626986    1.51171
         0          0          0          1

   0.27872  -0.645216   0.711345   0.485617
 -0.951084 -0.0826785   0.297663   0.504834
 -0.133244  -0.759513  -0.636699     1.5111
         0          0          0          1

   0.27872  -0.645216   0.711345   0.485617
 -0.951084 -0.0826785   0.297663   0.504834
 -0.133244  -0.759513  -0.636699     1.5111
         0          0          0          1

  0.283183  -0.658552    0.69722   0.486992
 -0.949584 -0.0905544    0.30015   0.505208
 -0.134528  -0.747067  -0.650994    1.51129
         0          0          0          1

  0.283183  -0.658552    0.69722   0.486992
 -0.949584 -0.0905544    0.30015   0.505208
 -0.134528  -0.747067  -0.650994    1.51129
         0          0          0          1

  0.288549  -0.666272    0.68762   0.488533
 -0.947839 -0.0971955   0.303568   0.505819
 -0.135425  -0.739348  -0.659564     1.5116
         0          0          0          1

  0.288549  -0.666272    0.68762   0.488533
 -0.947839 -0.0971955   0.303568   0.505819
 -0.135425  -0.739348  -0.659564     1.5116
         0          0          0          1

 0.294038 -0.678991  0.672691  0.491273
-0.945791 -0.105138  0.307289  0.507354
-0.137921  -0.72658 -0.673097   1.51229
        0         0         0         1

 0.294038 -0.678991  0.672691  0.491273
-0.945791 -0.105138  0.307289  0.507354
-0.137921  -0.72658 -0.673097   1.51229
        0         0         0         1

 0.300504 -0.682305  0.666451  0.490916
-0.943131 -0.108445  0.314235  0.507233
-0.142131 -0.722979 -0.676091   1.51195
        0         0         0         1

 0.300504 -0.682305  0.666451  0.490916
-0.943131 -0.108445  0.314235  0.507233
-0.142131 -0.722979 -0.676091   1.51195
        0         0         0         1

 0.299642 -0.683899  0.665205  0.490782
-0.942473 -0.103889  0.317729  0.507751
-0.148187 -0.722143 -0.675685   1.51193
        0         0         0         1

 0.299642 -0.683899  0.665205  0.490782
-0.942473 -0.103889  0.317729  0.507751
-0.148187 -0.722143 -0.675685   1.51193
        0         0         0         1

  0.297269  -0.681786    0.66843   0.490015
 -0.942811 -0.0990415   0.318273    0.50926
 -0.150792  -0.724816  -0.672238    1.51113
         0          0          0          1

  0.297269  -0.681786    0.66843   0.490015
 -0.942811 -0.0990415   0.318273    0.50926
 -0.150792  -0.724816  -0.672238    1.51113
         0          0          0          1

  0.297488  -0.680949   0.669185   0.489136
 -0.942253 -0.0964824   0.320703   0.509287
 -0.153818  -0.725947  -0.670329    1.51116
         0          0          0          1

  0.297488  -0.680949   0.669185   0.489136
 -0.942253 -0.0964824   0.320703   0.509287
 -0.153818  -0.725947  -0.670329    1.51116
         0          0          0          1

  0.300446  -0.680452   0.668369   0.486512
 -0.940654 -0.0954507   0.325668   0.508528
 -0.157805   -0.72655  -0.668747    1.51135
         0          0          0          1

  0.300446  -0.680452   0.668369   0.486512
 -0.940654 -0.0954507   0.325668   0.508528
 -0.157805   -0.72655  -0.668747    1.51135
         0          0          0          1

  0.301793  -0.679825     0.6684   0.485787
 -0.939586 -0.0932872   0.329356   0.508569
 -0.161552  -0.727417  -0.666908    1.51191
         0          0          0          1

  0.301793  -0.679825     0.6684   0.485787
 -0.939586 -0.0932872   0.329356   0.508569
 -0.161552  -0.727417  -0.666908    1.51191
         0          0          0          1

  0.301363  -0.678919   0.669514   0.484265
  -0.93887 -0.0887139   0.332646   0.508199
 -0.166445  -0.728834  -0.664152    1.51383
         0          0          0          1

  0.301363  -0.678919   0.669514   0.484265
  -0.93887 -0.0887139   0.332646   0.508199
 -0.166445  -0.728834  -0.664152    1.51383
         0          0          0          1

   0.29778  -0.679244   0.670787   0.481346
  -0.93958 -0.0842379   0.331804   0.508519
  -0.16887  -0.729062  -0.663288    1.51508
         0          0          0          1

   0.29778  -0.679244   0.670787   0.481346
  -0.93958 -0.0842379   0.331804   0.508519
  -0.16887  -0.729062  -0.663288    1.51508
         0          0          0          1

  0.296122  -0.681265    0.66947   0.478328
  -0.93923 -0.0802528   0.333776   0.507936
 -0.173663  -0.727625  -0.663629     1.5178
         0          0          0          1

  0.296122  -0.681265    0.66947   0.478328
  -0.93923 -0.0802528   0.333776   0.507936
 -0.173663  -0.727625  -0.663629     1.5178
         0          0          0          1

 0.294766 -0.685379  0.665859  0.474258
-0.938585 -0.076868  0.336376  0.508744
-0.179362 -0.724118 -0.665945   1.52083
        0         0         0         1

 0.294766 -0.685379  0.665859  0.474258
-0.938585 -0.076868  0.336376  0.508744
-0.179362 -0.724118 -0.665945   1.52083
        0         0         0         1

   0.29419  -0.693236   0.657933   0.473251
 -0.936954 -0.0733498   0.341667    0.51042
 -0.188597  -0.716969  -0.671109    1.52258
         0          0          0          1

   0.29419  -0.693236   0.657933   0.473251
 -0.936954 -0.0733498   0.341667    0.51042
 -0.188597  -0.716969  -0.671109    1.52258
         0          0          0          1

  0.297427  -0.701126   0.648043   0.470928
 -0.932104 -0.0662967   0.356072    0.51059
 -0.206689  -0.709948  -0.673241    1.52792
         0          0          0          1

  0.297427  -0.701126   0.648043   0.470928
 -0.932104 -0.0662967   0.356072    0.51059
 -0.206689  -0.709948  -0.673241    1.52792
         0          0          0          1

  0.300855  -0.705908   0.641233   0.467146
 -0.930619 -0.0703722    0.35916    0.51387
 -0.208409  -0.704799  -0.678103    1.53039
         0          0          0          1

  0.300855  -0.705908   0.641233   0.467146
 -0.930619 -0.0703722    0.35916    0.51387
 -0.208409  -0.704799  -0.678103    1.53039
         0          0          0          1

  0.297468  -0.709508   0.638836   0.465213
 -0.931594 -0.0692884   0.356835   0.516849
 -0.208913  -0.701283  -0.681584    1.53375
         0          0          0          1

  0.297468  -0.709508   0.638836   0.465213
 -0.931594 -0.0692884   0.356835   0.516849
 -0.208913  -0.701283  -0.681584    1.53375
         0          0          0          1

  0.286421  -0.723999   0.627526   0.463063
 -0.933432 -0.0631848   0.353146   0.522127
 -0.216028  -0.686901  -0.693901    1.54096
         0          0          0          1

  0.286421  -0.723999   0.627526   0.463063
 -0.933432 -0.0631848   0.353146   0.522127
 -0.216028  -0.686901  -0.693901    1.54096
         0          0          0          1

  0.277951  -0.737684   0.615277   0.460089
 -0.934852 -0.0604402   0.349855   0.524703
 -0.220895  -0.672436  -0.706425    1.54645
         0          0          0          1

  0.277951  -0.737684   0.615277   0.460089
 -0.934852 -0.0604402   0.349855   0.524703
 -0.220895  -0.672436  -0.706425    1.54645
         0          0          0          1

  0.274584  -0.746552   0.606022   0.455698
 -0.935789 -0.0625284   0.346971   0.526881
 -0.221139  -0.662382  -0.715785      1.551
         0          0          0          1

  0.274584  -0.746552   0.606022   0.455698
 -0.935789 -0.0625284   0.346971   0.526881
 -0.221139  -0.662382  -0.715785      1.551
         0          0          0          1

  0.26441 -0.767103    0.5845  0.453477
-0.937442 -0.062111  0.342556  0.533885
-0.226472  -0.63851 -0.735538   1.56102
        0         0         0         1

  0.26441 -0.767103    0.5845  0.453477
-0.937442 -0.062111  0.342556  0.533885
-0.226472  -0.63851 -0.735538   1.56102
        0         0         0         1

  0.257704  -0.776903   0.574465   0.452567
 -0.938569 -0.0600498   0.339828   0.539263
 -0.229517   -0.62675  -0.744652    1.56692
         0          0          0          1

  0.257704  -0.776903   0.574465   0.452567
 -0.938569 -0.0600498   0.339828   0.539263
 -0.229517   -0.62675  -0.744652    1.56692
         0          0          0          1

  0.246709   -0.79001   0.561265   0.447359
 -0.939184 -0.0521425   0.339432   0.547143
 -0.238889  -0.610872  -0.754829    1.58002
         0          0          0          1

  0.246709   -0.79001   0.561265   0.447359
 -0.939184 -0.0521425   0.339432   0.547143
 -0.238889  -0.610872  -0.754829    1.58002
         0          0          0          1

  0.243116  -0.791097   0.561302   0.440591
 -0.939585 -0.0482979   0.338891   0.552515
 -0.240986  -0.609781  -0.755045    1.58576
         0          0          0          1

  0.243116  -0.791097   0.561302   0.440591
 -0.939585 -0.0482979   0.338891   0.552515
 -0.240986  -0.609781  -0.755045    1.58576
         0          0          0          1

  0.235428  -0.794917   0.559179    0.43711
 -0.939924 -0.0398739   0.339048   0.560022
 -0.247218  -0.605407  -0.756549    1.59512
         0          0          0          1

  0.235428  -0.794917   0.559179    0.43711
 -0.939924 -0.0398739   0.339048   0.560022
 -0.247218  -0.605407  -0.756549    1.59512
         0          0          0          1

   0.22689  -0.805699   0.547147   0.430402
 -0.941753 -0.0383069   0.334116   0.572584
 -0.248238  -0.591085  -0.767461    1.60724
         0          0          0          1

   0.22689  -0.805699   0.547147   0.430402
 -0.941753 -0.0383069   0.334116   0.572584
 -0.248238  -0.591085  -0.767461    1.60724
         0          0          0          1

  0.218554   -0.81836   0.531527    0.42806
 -0.942466 -0.0358194   0.332376   0.582462
 -0.252965  -0.573588  -0.779106    1.61898
         0          0          0          1

  0.218554   -0.81836   0.531527    0.42806
 -0.942466 -0.0358194   0.332376   0.582462
 -0.252965  -0.573588  -0.779106    1.61898
         0          0          0          1

  0.214556   -0.83126   0.512808   0.423523
  -0.94347 -0.0405794   0.328964   0.600335
 -0.252645  -0.554401  -0.792976    1.63409
         0          0          0          1

  0.214556   -0.83126   0.512808   0.423523
  -0.94347 -0.0405794   0.328964   0.600335
 -0.252645  -0.554401  -0.792976    1.63409
         0          0          0          1

  0.217893   -0.83514   0.505038   0.417977
 -0.942164 -0.0449699   0.332122   0.612183
 -0.254657  -0.548196  -0.796637    1.64731
         0          0          0          1

  0.217893   -0.83514   0.505038   0.417977
 -0.942164 -0.0449699   0.332122   0.612183
 -0.254657  -0.548196  -0.796637    1.64731
         0          0          0          1

  0.223252  -0.836862    0.49982   0.413825
 -0.941512 -0.0523507   0.332887   0.625459
 -0.252415  -0.544905  -0.799603    1.66197
         0          0          0          1

  0.223252  -0.836862    0.49982   0.413825
 -0.941512 -0.0523507   0.332887   0.625459
 -0.252415  -0.544905  -0.799603    1.66197
         0          0          0          1

  0.244755  -0.832145   0.497624   0.403059
 -0.938032 -0.0733582   0.338696   0.647014
  -0.24534  -0.549685  -0.798533      1.682
         0          0          0          1

  0.244755  -0.832145   0.497624   0.403059
 -0.938032 -0.0733582   0.338696   0.647014
  -0.24534  -0.549685  -0.798533      1.682
         0          0          0          1

  0.265029  -0.829223   0.492087    0.39704
 -0.934005 -0.0939754   0.344678   0.663675
 -0.239571  -0.550961  -0.799405     1.6974
         0          0          0          1

  0.265029  -0.829223   0.492087    0.39704
 -0.934005 -0.0939754   0.344678   0.663675
 -0.239571  -0.550961  -0.799405     1.6974
         0          0          0          1

 0.290611 -0.824142  0.486143  0.393015
-0.929365 -0.122239  0.348337  0.695692
-0.227654 -0.553035 -0.801453   1.72237
        0         0         0         1

 0.290611 -0.824142  0.486143  0.393015
-0.929365 -0.122239  0.348337  0.695692
-0.227654 -0.553035 -0.801453   1.72237
        0         0         0         1

 0.306013 -0.821064  0.481882  0.391291
-0.928423 -0.145361  0.341907  0.722653
-0.210681 -0.552019 -0.806777   1.73486
        0         0         0         1

 0.306013 -0.821064  0.481882  0.391291
-0.928423 -0.145361  0.341907  0.722653
-0.210681 -0.552019 -0.806777   1.73486
        0         0         0         1

 0.324373 -0.817223   0.47637  0.386846
-0.925163 -0.169144  0.339799  0.746781
-0.197117 -0.550942  -0.81093   1.75244
        0         0         0         1

 0.324373 -0.817223   0.47637  0.386846
-0.925163 -0.169144  0.339799  0.746781
-0.197117 -0.550942  -0.81093   1.75244
        0         0         0         1

 0.345657 -0.812515  0.469405  0.385623
-0.923444 -0.205702   0.32394  0.792475
-0.166649 -0.545441 -0.821415   1.77512
        0         0         0         1

 0.345657 -0.812515  0.469405  0.385623
-0.923444 -0.205702   0.32394  0.792475
-0.166649 -0.545441 -0.821415   1.77512
        0         0         0         1

 0.368254 -0.806409  0.462702  0.377636
-0.917376  -0.23432  0.321739  0.817831
-0.151033 -0.542953  -0.82607   1.79599
        0         0         0         1

 0.368254 -0.806409  0.462702  0.377636
-0.917376  -0.23432  0.321739  0.817831
-0.151033 -0.542953  -0.82607   1.79599
        0         0         0         1

 0.386554  -0.79582  0.466097  0.375463
-0.915434 -0.269682  0.298749  0.870391
-0.112052 -0.542164 -0.832768   1.81799
        0         0         0         1

 0.386554  -0.79582  0.466097  0.375463
-0.915434 -0.269682  0.298749  0.870391
-0.112052 -0.542164 -0.832768   1.81799
        0         0         0         1

 0.388577 -0.795201  0.465471  0.375886
-0.917405 -0.286805  0.275881   0.90742
-0.0858814 -0.534227 -0.840967   1.83407
        0         0         0         1

 0.388577 -0.795201  0.465471  0.375886
-0.917405 -0.286805  0.275881   0.90742
-0.0858814 -0.534227 -0.840967   1.83407
        0         0         0         1

 0.390079 -0.792236  0.469255  0.370224
-0.919585 -0.309218  0.242377  0.945312
-0.0469176 -0.526067 -0.849148   1.84693
        0         0         0         1

 0.390079 -0.792236  0.469255  0.370224
-0.919585 -0.309218  0.242377  0.945312
-0.0469176 -0.526067 -0.849148   1.84693
        0         0         0         1

 0.375466  -0.78575   0.49155  0.369787
-0.926207 -0.337624  0.167779    1.0073
0.0341269 -0.518273 -0.854534    1.8645
        0         0         0         1

 0.375466  -0.78575   0.49155  0.369787
-0.926207 -0.337624  0.167779    1.0073
0.0341269 -0.518273 -0.854534    1.8645
        0         0         0         1

 0.358844 -0.777611  0.516287  0.373142
-0.928226 -0.355441  0.109809   1.05225
0.0981211 -0.518635 -0.849347   1.88123
        0         0         0         1

 0.358844 -0.777611  0.516287  0.373142
-0.928226 -0.355441  0.109809   1.05225
0.0981211 -0.518635 -0.849347   1.88123
        0         0         0         1

  0.35303 -0.760615  0.544825  0.359387
-0.922256 -0.380944 0.0657676   1.08782
 0.157524 -0.525686 -0.835967   1.89081
        0         0         0         1

  0.35303 -0.760615  0.544825  0.359387
-0.922256 -0.380944 0.0657676   1.08782
 0.157524 -0.525686 -0.835967   1.89081
        0         0         0         1

   0.330921   -0.742716    0.582121    0.351853
  -0.911136   -0.412032 -0.00774565     1.15275
   0.245605   -0.527828   -0.813065     1.89712
          0           0           0           1

   0.330921   -0.742716    0.582121    0.351853
  -0.911136   -0.412032 -0.00774565     1.15275
   0.245605   -0.527828   -0.813065     1.89712
          0           0           0           1

