  0.12579  -0.50775  0.852271  0.847457
-0.737839 -0.622156 -0.261755   1.07295
 0.663152 -0.595913 -0.452899   2.94565
        0         0         0         1

  0.12579  -0.50775  0.852271  0.847457
-0.737839 -0.622156 -0.261755   1.07295
 0.663152 -0.595913 -0.452899   2.94565
        0         0         0         1

 0.128997  -0.51142  0.849593  0.854447
-0.739756  -0.62019 -0.261009   1.06525
 0.660395 -0.594822 -0.458329   2.93239
        0         0         0         1

 0.128997  -0.51142  0.849593  0.854447
-0.739756  -0.62019 -0.261009   1.06525
 0.660395 -0.594822 -0.458329   2.93239
        0         0         0         1

 0.134733 -0.522994   0.84162   0.86849
-0.746103 -0.612476 -0.261159   1.04272
 0.652056 -0.592749 -0.472728   2.93632
        0         0         0         1

 0.134733 -0.522994   0.84162   0.86849
-0.746103 -0.612476 -0.261159   1.04272
 0.652056 -0.592749 -0.472728   2.93632
        0         0         0         1

 0.161057 -0.541359  0.825222  0.893009
-0.747153 -0.613188 -0.256441   1.02447
 0.644843 -0.575266 -0.503236   2.92477
        0         0         0         1

 0.161057 -0.541359  0.825222  0.893009
-0.747153 -0.613188 -0.256441   1.02447
 0.644843 -0.575266 -0.503236   2.92477
        0         0         0         1

 0.181651 -0.555285   0.81158  0.911967
-0.753842  -0.60859 -0.247671   1.00951
 0.631447 -0.566813 -0.529148   2.90952
        0         0         0         1

 0.181651 -0.555285   0.81158  0.911967
-0.753842  -0.60859 -0.247671   1.00951
 0.631447 -0.566813 -0.529148   2.90952
        0         0         0         1

 0.204714 -0.555214   0.80612  0.928207
-0.761044 -0.608198 -0.225628  0.979826
 0.615552 -0.567304 -0.547049   2.89184
        0         0         0         1

 0.204714 -0.555214   0.80612  0.928207
-0.761044 -0.608198 -0.225628  0.979826
 0.615552 -0.567304 -0.547049   2.89184
        0         0         0         1

 0.218279 -0.550213   0.80599   0.93806
-0.752712 -0.620578  -0.21979   0.97242
 0.621111 -0.558702 -0.549611   2.86325
        0         0         0         1

 0.218279 -0.550213   0.80599   0.93806
-0.752712 -0.620578  -0.21979   0.97242
 0.621111 -0.558702 -0.549611   2.86325
        0         0         0         1

  0.23163 -0.545904  0.805193  0.950025
-0.758131 -0.619954 -0.202224   0.93992
 0.609578   -0.5636 -0.557467   2.85369
        0         0         0         1

  0.23163 -0.545904  0.805193  0.950025
-0.758131 -0.619954 -0.202224   0.93992
 0.609578   -0.5636 -0.557467   2.85369
        0         0         0         1

 0.260691 -0.537934  0.801665  0.962677
-0.740674 -0.644051 -0.191314   0.93688
 0.619228 -0.543899 -0.566332    2.7991
        0         0         0         1

 0.260691 -0.537934  0.801665  0.962677
-0.740674 -0.644051 -0.191314   0.93688
 0.619228 -0.543899 -0.566332    2.7991
        0         0         0         1

 0.276516 -0.517547  0.809743  0.957129
-0.736227 -0.655641 -0.167641  0.912044
 0.617663   -0.5498 -0.562327   2.77834
        0         0         0         1

 0.276516 -0.517547  0.809743  0.957129
-0.736227 -0.655641 -0.167641  0.912044
 0.617663   -0.5498 -0.562327   2.77834
        0         0         0         1

 0.315494 -0.493166   0.81071  0.980264
 -0.72708 -0.674623 -0.127434   0.88144
 0.609769 -0.549246 -0.571411   2.73773
        0         0         0         1

 0.315494 -0.493166   0.81071  0.980264
 -0.72708 -0.674623 -0.127434   0.88144
 0.609769 -0.549246 -0.571411   2.73773
        0         0         0         1

 0.335049 -0.469417   0.81694   0.97865
-0.717639 -0.688969 -0.101562  0.866891
 0.610521  -0.55224  -0.56771   2.70083
        0         0         0         1

 0.335049 -0.469417   0.81694   0.97865
-0.717639 -0.688969 -0.101562  0.866891
 0.610521  -0.55224  -0.56771   2.70083
        0         0         0         1

 0.363327 -0.461658  0.809237  0.995446
-0.701841 -0.706859 -0.088144  0.860385
 0.612709 -0.535931 -0.580832     2.657
        0         0         0         1

 0.363327 -0.461658  0.809237  0.995446
-0.701841 -0.706859 -0.088144  0.860385
 0.612709 -0.535931 -0.580832     2.657
        0         0         0         1

 0.381614 -0.418268  0.824271  0.998306
-0.685748 -0.726054 -0.050947  0.833434
 0.619775   -0.5458 -0.563898    2.6054
        0         0         0         1

 0.381614 -0.418268  0.824271  0.998306
-0.685748 -0.726054 -0.050947  0.833434
 0.619775   -0.5458 -0.563898    2.6054
        0         0         0         1

  0.402154  -0.400604   0.823279    1.00554
  -0.68223  -0.730796 -0.0223477   0.813607
  0.610602  -0.552678  -0.567197    2.57246
         0          0          0          1

  0.402154  -0.400604   0.823279    1.00554
  -0.68223  -0.730796 -0.0223477   0.813607
  0.610602  -0.552678  -0.567197    2.57246
         0          0          0          1

   0.430307   -0.402447    0.808005     1.01751
  -0.675276   -0.737525 -0.00772091    0.795195
   0.599031   -0.542304   -0.589124     2.50783
          0           0           0           1

   0.430307   -0.402447    0.808005     1.01751
  -0.675276   -0.737525 -0.00772091    0.795195
   0.599031   -0.542304   -0.589124     2.50783
          0           0           0           1

  0.438446  -0.391154   0.809175    1.02547
 -0.670259  -0.742114 0.00443845   0.775082
  0.598764  -0.544302  -0.587551    2.47027
         0          0          0          1

  0.438446  -0.391154   0.809175    1.02547
 -0.670259  -0.742114 0.00443845   0.775082
  0.598764  -0.544302  -0.587551    2.47027
         0          0          0          1

  0.44147 -0.367363  0.818626    1.0269
-0.660581 -0.750502 0.0194477  0.761941
 0.607236 -0.549355 -0.573998   2.42485
        0         0         0         1

  0.44147 -0.367363  0.818626    1.0269
-0.660581 -0.750502 0.0194477  0.761941
 0.607236 -0.549355 -0.573998   2.42485
        0         0         0         1

  0.47026 -0.350975  0.809736   1.03422
-0.654916 -0.753797 0.0536184  0.743192
 0.591558 -0.555523  -0.58434   2.35429
        0         0         0         1

  0.47026 -0.350975  0.809736   1.03422
-0.654916 -0.753797 0.0536184  0.743192
 0.591558 -0.555523  -0.58434   2.35429
        0         0         0         1

 0.491973 -0.345579  0.799085   1.03816
-0.663583    -0.743 0.0872246  0.724697
 0.563578 -0.573172 -0.594857   2.31431
        0         0         0         1

 0.491973 -0.345579  0.799085   1.03816
-0.663583    -0.743 0.0872246  0.724697
 0.563578 -0.573172 -0.594857   2.31431
        0         0         0         1

 0.518773  -0.33702  0.785679   1.04633
-0.673729 -0.726903  0.133046  0.708024
 0.526274 -0.598355 -0.604158   2.24122
        0         0         0         1

 0.518773  -0.33702  0.785679   1.04633
-0.673729 -0.726903  0.133046  0.708024
 0.526274 -0.598355 -0.604158   2.24122
        0         0         0         1

 0.534431 -0.337411  0.774943   1.05401
-0.685189 -0.709779  0.163494  0.696842
 0.494873 -0.618359 -0.610518   2.19452
        0         0         0         1

 0.534431 -0.337411  0.774943   1.05401
-0.685189 -0.709779  0.163494  0.696842
 0.494873 -0.618359 -0.610518   2.19452
        0         0         0         1

 0.548268 -0.336705  0.765527    1.0575
-0.696136 -0.691023  0.194634  0.686562
 0.463462 -0.639623 -0.613258   2.14735
        0         0         0         1

 0.548268 -0.336705  0.765527    1.0575
-0.696136 -0.691023  0.194634  0.686562
 0.463462 -0.639623 -0.613258   2.14735
        0         0         0         1

 0.568081 -0.338517  0.750127   1.06488
-0.710145 -0.662274  0.238931  0.675263
 0.415907 -0.668431 -0.616621   2.07679
        0         0         0         1

 0.568081 -0.338517  0.750127   1.06488
-0.710145 -0.662274  0.238931  0.675263
 0.415907 -0.668431 -0.616621   2.07679
        0         0         0         1

 0.577378 -0.341197  0.741767   1.07001
-0.720462 -0.640349  0.266248  0.670835
 0.384147 -0.688141 -0.615543   2.02755
        0         0         0         1

 0.577378 -0.341197  0.741767   1.07001
-0.720462 -0.640349  0.266248  0.670835
 0.384147 -0.688141 -0.615543   2.02755
        0         0         0         1

 0.592176 -0.337184   0.73187   1.07132
-0.731873 -0.605095  0.313402  0.663654
 0.337177 -0.721226 -0.605099   1.95948
        0         0         0         1

 0.592176 -0.337184   0.73187   1.07132
-0.731873 -0.605095  0.313402  0.663654
 0.337177 -0.721226 -0.605099   1.95948
        0         0         0         1

 0.600576 -0.342902  0.722306   1.07639
-0.740144 -0.580173  0.339981  0.661465
 0.302482 -0.738795 -0.602235   1.91498
        0         0         0         1

 0.600576 -0.342902  0.722306   1.07639
-0.740144 -0.580173  0.339981  0.661465
 0.302482 -0.738795 -0.602235   1.91498
        0         0         0         1

  0.60933 -0.343001  0.714889   1.07919
-0.746477 -0.552168  0.371326  0.658574
 0.267373 -0.759909 -0.592495   1.87403
        0         0         0         1

  0.60933 -0.343001  0.714889   1.07919
-0.746477 -0.552168  0.371326  0.658574
 0.267373 -0.759909 -0.592495   1.87403
        0         0         0         1

 0.620813 -0.346265  0.703343   1.08258
-0.752509 -0.514771  0.410782   0.65717
 0.219821  -0.78429 -0.580144    1.8151
        0         0         0         1

 0.620813 -0.346265  0.703343   1.08258
-0.752509 -0.514771  0.410782   0.65717
 0.219821  -0.78429 -0.580144    1.8151
        0         0         0         1

 0.626487 -0.353013  0.694907   1.08509
-0.756018 -0.492103  0.431592  0.657015
 0.189608 -0.795749  -0.57518   1.77846
        0         0         0         1

 0.626487 -0.353013  0.694907   1.08509
-0.756018 -0.492103  0.431592  0.657015
 0.189608 -0.795749  -0.57518   1.77846
        0         0         0         1

  0.63285 -0.364864  0.682917   1.08999
-0.759862 -0.462056   0.45729  0.658416
 0.148698 -0.808318 -0.569658   1.72967
        0         0         0         1

  0.63285 -0.364864  0.682917   1.08999
-0.759862 -0.462056   0.45729  0.658416
 0.148698 -0.808318 -0.569658   1.72967
        0         0         0         1

  0.63693 -0.371137  0.675705   1.09236
-0.760531 -0.445919  0.471963  0.659425
 0.126147 -0.814502 -0.566281   1.70089
        0         0         0         1

  0.63693 -0.371137  0.675705   1.09236
-0.760531 -0.445919  0.471963  0.659425
 0.126147 -0.814502 -0.566281   1.70089
        0         0         0         1

 0.639237 -0.382065  0.667385   1.09619
-0.761814 -0.433062  0.481764   0.66111
 0.104954 -0.816384 -0.567892   1.67503
        0         0         0         1

 0.639237 -0.382065  0.667385   1.09619
-0.761814 -0.433062  0.481764   0.66111
 0.104954 -0.816384 -0.567892   1.67503
        0         0         0         1

  0.64341 -0.392013  0.657533   1.09772
-0.761235 -0.418402   0.49544  0.663741
0.0808941 -0.819308 -0.567618   1.64026
        0         0         0         1

  0.64341 -0.392013  0.657533   1.09772
-0.761235 -0.418402   0.49544  0.663741
0.0808941 -0.819308 -0.567618   1.64026
        0         0         0         1

 0.642103 -0.403085  0.652094   1.10132
-0.763929 -0.407615  0.500261  0.665807
0.0641559 -0.819373 -0.569659   1.62057
        0         0         0         1

 0.642103 -0.403085  0.652094   1.10132
-0.763929 -0.407615  0.500261  0.665807
0.0641559 -0.819373 -0.569659   1.62057
        0         0         0         1

 0.642862 -0.408008  0.648273   1.10234
-0.764029 -0.401956   0.50467  0.667973
 0.054668 -0.819732 -0.570132   1.60159
        0         0         0         1

 0.642862 -0.408008  0.648273   1.10234
-0.764029 -0.401956   0.50467  0.667973
 0.054668 -0.819732 -0.570132   1.60159
        0         0         0         1

 0.642625 -0.417883  0.642189   1.10612
-0.765136  -0.39377  0.509423   0.67129
0.0399956  -0.81873 -0.572784   1.57727
        0         0         0         1

 0.642625 -0.417883  0.642189   1.10612
-0.765136  -0.39377  0.509423   0.67129
0.0399956  -0.81873 -0.572784   1.57727
        0         0         0         1

 0.644938 -0.421961  0.637185   1.10703
-0.763566 -0.390661  0.514151  0.673095
0.0319721 -0.818128 -0.574147   1.56397
        0         0         0         1

 0.644938 -0.421961  0.637185   1.10703
-0.763566 -0.390661  0.514151  0.673095
0.0319721 -0.818128 -0.574147   1.56397
        0         0         0         1

 0.646706 -0.427934  0.631383   1.11011
-0.762388 -0.387789  0.518057  0.675926
 0.023149 -0.816389 -0.577038   1.54623
        0         0         0         1

 0.646706 -0.427934  0.631383   1.11011
-0.762388 -0.387789  0.518057  0.675926
 0.023149 -0.816389 -0.577038   1.54623
        0         0         0         1

 0.650847 -0.431788  0.624466   1.11005
-0.759074 -0.385627  0.524499  0.677043
0.0143391 -0.815384 -0.578743   1.53834
        0         0         0         1

 0.650847 -0.431788  0.624466   1.11005
-0.759074 -0.385627  0.524499  0.677043
0.0143391 -0.815384 -0.578743   1.53834
        0         0         0         1

 0.652759 -0.437914  0.618173   1.11088
-0.757527 -0.385526  0.526804  0.678141
0.00762713 -0.812158 -0.583387   1.53063
        0         0         0         1

 0.652759 -0.437914  0.618173   1.11088
-0.757527 -0.385526  0.526804  0.678141
0.00762713 -0.812158 -0.583387   1.53063
        0         0         0         1

 0.657553 -0.441223  0.610693   1.11151
-0.753322 -0.397289  0.524087  0.681399
0.0113828 -0.804664 -0.593621   1.52208
        0         0         0         1

 0.657553 -0.441223  0.610693   1.11151
-0.753322 -0.397289  0.524087  0.681399
0.0113828 -0.804664 -0.593621   1.52208
        0         0         0         1

 0.658592 -0.447858  0.604714   1.11317
-0.752475  -0.39853  0.524362  0.681939
0.00615737 -0.800373 -0.599471   1.51848
        0         0         0         1

 0.658592 -0.447858  0.604714   1.11317
-0.752475  -0.39853  0.524362  0.681939
0.00615737 -0.800373 -0.599471   1.51848
        0         0         0         1

 0.661685 -0.450608   0.59927   1.11259
-0.749742 -0.405871  0.522643  0.683134
0.00771954 -0.795123 -0.606399   1.51232
        0         0         0         1

 0.661685 -0.450608   0.59927   1.11259
-0.749742 -0.405871  0.522643  0.683134
0.00771954 -0.795123 -0.606399   1.51232
        0         0         0         1

 0.666147 -0.452183   0.59311   1.11159
-0.745781 -0.412006  0.523508  0.683699
0.00764356 -0.791064 -0.611686   1.50948
        0         0         0         1

 0.666147 -0.452183   0.59311   1.11159
-0.745781 -0.412006  0.523508  0.683699
0.00764356 -0.791064 -0.611686   1.50948
        0         0         0         1

 0.668241 -0.455103  0.588502   1.11259
-0.743931 -0.413585  0.524894  0.683871
0.00451503 -0.788561  -0.61494   1.50908
        0         0         0         1

 0.668241 -0.455103  0.588502   1.11259
-0.743931 -0.413585  0.524894  0.683871
0.00451503 -0.788561  -0.61494   1.50908
        0         0         0         1

 0.672615 -0.450819  0.586814   1.11178
-0.739955 -0.417726  0.527231  0.684586
0.00744181 -0.788839 -0.614555   1.50788
        0         0         0         1

 0.672615 -0.450819  0.586814   1.11178
-0.739955 -0.417726  0.527231  0.684586
0.00744181 -0.788839 -0.614555   1.50788
        0         0         0         1

 0.673425 -0.448857  0.587389   1.11224
-0.739232 -0.415187  0.530241  0.684324
0.00587363 -0.791295 -0.611407    1.5081
        0         0         0         1

 0.673425 -0.448857  0.587389   1.11224
-0.739232 -0.415187  0.530241  0.684324
0.00587363 -0.791295 -0.611407    1.5081
        0         0         0         1

 0.676649 -0.442349   0.58862   1.10958
-0.736281  -0.41302  0.536008  0.683767
0.0060092 -0.796079 -0.605163   1.50871
        0         0         0         1

 0.676649 -0.442349   0.58862   1.10958
-0.736281  -0.41302  0.536008  0.683767
0.0060092 -0.796079 -0.605163   1.50871
        0         0         0         1

 0.677193  -0.44237  0.587978   1.10852
-0.735799  -0.41033  0.538729   0.68345
0.00294717 -0.797457 -0.603368   1.50991
        0         0         0         1

 0.677193  -0.44237  0.587978   1.10852
-0.735799  -0.41033  0.538729   0.68345
0.00294717 -0.797457 -0.603368   1.50991
        0         0         0         1

 0.676042 -0.445332  0.587066   1.10841
-0.736863 -0.409174  0.538154  0.683297
0.000554676 -0.796402 -0.604767   1.51047
        0         0         0         1

 0.676042 -0.445332  0.587066   1.10841
-0.736863 -0.409174  0.538154  0.683297
0.000554676 -0.796402 -0.604767   1.51047
        0         0         0         1

 0.677005  -0.44792   0.58398   1.10513
-0.735974 -0.409051  0.539463  0.682593
-0.00275887 -0.795013 -0.606587   1.51236
        0         0         0         1

 0.677005  -0.44792   0.58398   1.10513
-0.735974 -0.409051  0.539463  0.682593
-0.00275887 -0.795013 -0.606587   1.51236
        0         0         0         1

 0.676282 -0.451849  0.581786    1.1045
-0.736601 -0.406393  0.540613  0.682675
-0.00784171 -0.794152 -0.607669   1.51494
        0         0         0         1

 0.676282 -0.451849  0.581786    1.1045
-0.736601 -0.406393  0.540613  0.682675
-0.00784171 -0.794152 -0.607669   1.51494
        0         0         0         1

 0.676641 -0.451805  0.581403   1.10094
-0.736212 -0.402023  0.544399  0.683448
-0.0122248 -0.796398 -0.604649   1.51668
        0         0         0         1

 0.676641 -0.451805  0.581403   1.10094
-0.736212 -0.402023  0.544399  0.683448
-0.0122248 -0.796398 -0.604649   1.51668
        0         0         0         1

 0.675865 -0.451031  0.582904   1.09852
-0.736874 -0.397518  0.546805  0.684233
-0.0149112 -0.799093 -0.601022   1.51831
        0         0         0         1

 0.675865 -0.451031  0.582904   1.09852
-0.736874 -0.397518  0.546805  0.684233
-0.0149112 -0.799093 -0.601022   1.51831
        0         0         0         1

 0.673236  -0.45084  0.586086   1.09707
-0.739134 -0.387994  0.550582  0.685211
-0.0208259 -0.803868 -0.594443   1.52213
        0         0         0         1

 0.673236  -0.45084  0.586086   1.09707
-0.739134 -0.387994  0.550582  0.685211
-0.0208259 -0.803868 -0.594443   1.52213
        0         0         0         1

 0.672436 -0.450956  0.586914   1.09183
-0.739674 -0.380845  0.554833  0.687707
-0.0266817 -0.807215 -0.589655   1.52704
        0         0         0         1

 0.672436 -0.450956  0.586914   1.09183
-0.739674 -0.380845  0.554833  0.687707
-0.0266817 -0.807215 -0.589655   1.52704
        0         0         0         1

 0.671095 -0.453232  0.586697   1.08936
-0.740655  -0.37508  0.557445  0.689718
-0.0325937 -0.808638 -0.587403   1.53102
        0         0         0         1

 0.671095 -0.453232  0.586697   1.08936
-0.740655  -0.37508  0.557445  0.689718
-0.0325937 -0.808638 -0.587403   1.53102
        0         0         0         1

 0.672953 -0.452371   0.58523   1.08202
-0.738642  -0.36898  0.564147  0.692925
-0.0392658  -0.81192 -0.582446   1.53752
        0         0         0         1

 0.672953 -0.452371   0.58523   1.08202
-0.738642  -0.36898  0.564147  0.692925
-0.0392658  -0.81192 -0.582446   1.53752
        0         0         0         1

 0.674888 -0.454095  0.581656   1.07763
-0.736582 -0.367108  0.568048   0.69565
-0.0444176 -0.811806 -0.582235   1.54342
        0         0         0         1

 0.674888 -0.454095  0.581656   1.07763
-0.736582 -0.367108  0.568048   0.69565
-0.0444176 -0.811806 -0.582235   1.54342
        0         0         0         1

 0.679963 -0.456514  0.573799   1.07153
 -0.73172 -0.371984  0.571152  0.699508
-0.0472947 -0.808222 -0.586976   1.54848
        0         0         0         1

 0.679963 -0.456514  0.573799   1.07153
 -0.73172 -0.371984  0.571152  0.699508
-0.0472947 -0.808222 -0.586976   1.54848
        0         0         0         1

  0.68957 -0.462856  0.557008   1.06229
-0.722374 -0.384715  0.574605  0.706432
-0.0516696 -0.798598 -0.599642   1.55842
        0         0         0         1

  0.68957 -0.462856  0.557008   1.06229
-0.722374 -0.384715  0.574605  0.706432
-0.0516696 -0.798598 -0.599642   1.55842
        0         0         0         1

 0.697226 -0.470591  0.540759   1.05744
-0.714644 -0.397143  0.575814  0.711599
-0.0562144 -0.787923 -0.613203   1.56649
        0         0         0         1

 0.697226 -0.470591  0.540759   1.05744
-0.714644 -0.397143  0.575814  0.711599
-0.0562144 -0.787923 -0.613203   1.56649
        0         0         0         1

 0.705234 -0.480462  0.521345   1.04853
-0.706267   -0.4119  0.575783  0.720816
-0.0618995 -0.774271  -0.62982   1.58026
        0         0         0         1

 0.705234 -0.480462  0.521345   1.04853
-0.706267   -0.4119  0.575783  0.720816
-0.0618995 -0.774271  -0.62982   1.58026
        0         0         0         1

 0.709711 -0.484507  0.511433   1.04028
-0.701623 -0.420638  0.575143  0.727785
-0.0635326 -0.767017 -0.638473   1.58896
        0         0         0         1

 0.709711 -0.484507  0.511433   1.04028
-0.701623 -0.420638  0.575143  0.727785
-0.0635326 -0.767017 -0.638473   1.58896
        0         0         0         1

 0.712454 -0.488075  0.504175   1.03313
-0.698633 -0.426055  0.574795    0.7354
-0.0657365 -0.761748  -0.64453   1.59675
        0         0         0         1

 0.712454 -0.488075  0.504175   1.03313
-0.698633 -0.426055  0.574795    0.7354
-0.0657365 -0.761748  -0.64453   1.59675
        0         0         0         1

 0.717737 -0.484729  0.499891    1.0192
-0.693261   -0.4303  0.578127  0.747238
-0.0651323 -0.761498 -0.644886   1.60754
        0         0         0         1

 0.717737 -0.484729  0.499891    1.0192
-0.693261   -0.4303  0.578127  0.747238
-0.0651323 -0.761498 -0.644886   1.60754
        0         0         0         1

 0.719182 -0.485676  0.496887   1.01206
-0.691577 -0.431321  0.579382  0.755876
-0.0670741 -0.760317  -0.64608   1.61688
        0         0         0         1

 0.719182 -0.485676  0.496887   1.01206
-0.691577 -0.431321  0.579382  0.755876
-0.0670741 -0.760317  -0.64608   1.61688
        0         0         0         1

 0.727028 -0.482721  0.488273  0.996393
-0.683588 -0.442272  0.580605  0.770116
-0.0643208 -0.755894 -0.651527   1.62857
        0         0         0         1

 0.727028 -0.482721  0.488273  0.996393
-0.683588 -0.442272  0.580605  0.770116
-0.0643208 -0.755894 -0.651527   1.62857
        0         0         0         1

  0.73227 -0.480489  0.482609  0.985888
-0.678416 -0.452836  0.578525   0.78154
-0.0594322 -0.751046  -0.65757   1.63563
        0         0         0         1

  0.73227 -0.480489  0.482609  0.985888
-0.678416 -0.452836  0.578525   0.78154
-0.0594322 -0.751046  -0.65757   1.63563
        0         0         0         1

 0.736314 -0.478257  0.478656  0.977792
-0.674322 -0.460148  0.577542  0.793304
-0.0559612  -0.74802 -0.661312    1.6447
        0         0         0         1

 0.736314 -0.478257  0.478656  0.977792
-0.674322 -0.460148  0.577542  0.793304
-0.0559612  -0.74802 -0.661312    1.6447
        0         0         0         1

 0.739939  -0.47846  0.472828  0.966534
-0.670695 -0.470878    0.5731    0.8135
-0.0515609 -0.741182 -0.669321    1.6575
        0         0         0         1

 0.739939  -0.47846  0.472828  0.966534
-0.670695 -0.470878    0.5731    0.8135
-0.0515609 -0.741182 -0.669321    1.6575
        0         0         0         1

 0.744707 -0.472303   0.47153  0.956917
-0.665859 -0.477956  0.572879  0.828366
-0.0452017   -0.7406 -0.670425   1.66525
        0         0         0         1

 0.744707 -0.472303   0.47153  0.956917
-0.665859 -0.477956  0.572879  0.828366
-0.0452017   -0.7406 -0.670425   1.66525
        0         0         0         1

 0.750731 -0.458139  0.475933  0.943396
-0.659496 -0.477974  0.580177  0.850238
-0.0383178 -0.749432 -0.660971   1.68261
        0         0         0         1

 0.750731 -0.458139  0.475933  0.943396
-0.659496 -0.477974  0.580177  0.850238
-0.0383178 -0.749432 -0.660971   1.68261
        0         0         0         1

 0.753115  -0.44986  0.480046  0.936256
-0.657288 -0.483312  0.578259  0.868511
-0.0281233 -0.751024 -0.659676   1.68735
        0         0         0         1

 0.753115  -0.44986  0.480046  0.936256
-0.657288 -0.483312  0.578259  0.868511
-0.0281233 -0.751024 -0.659676   1.68735
        0         0         0         1

   0.7569 -0.439673  0.483518  0.928129
-0.653197 -0.485332  0.581194  0.885798
-0.0208682 -0.755738 -0.654541   1.69772
        0         0         0         1

   0.7569 -0.439673  0.483518  0.928129
-0.653197 -0.485332  0.581194  0.885798
-0.0208682 -0.755738 -0.654541   1.69772
        0         0         0         1

 0.762667 -0.429767  0.483363  0.918855
-0.646734 -0.496769  0.578753  0.915614
-0.00860933 -0.754003 -0.656815   1.70881
        0         0         0         1

 0.762667 -0.429767  0.483363  0.918855
-0.646734 -0.496769  0.578753  0.915614
-0.00860933 -0.754003 -0.656815   1.70881
        0         0         0         1

   0.7662 -0.422358  0.484305  0.912872
-0.642582 -0.497614   0.58264  0.935603
-0.00508564 -0.757624 -0.652671   1.72141
        0         0         0         1

   0.7662 -0.422358  0.484305  0.912872
-0.642582 -0.497614   0.58264  0.935603
-0.00508564 -0.757624 -0.652671   1.72141
        0         0         0         1

 0.769529 -0.413127  0.486981  0.903556
-0.638506 -0.511633  0.574928  0.967568
0.0116371 -0.753364 -0.657501   1.73229
        0         0         0         1

 0.769529 -0.413127  0.486981  0.903556
-0.638506 -0.511633  0.574928  0.967568
0.0116371 -0.753364 -0.657501   1.73229
        0         0         0         1

 0.771772  -0.40424  0.490874  0.893976
-0.635442 -0.519519  0.571238  0.989434
0.0241012 -0.752788 -0.657822   1.74152
        0         0         0         1

 0.771772  -0.40424  0.490874  0.893976
-0.635442 -0.519519  0.571238  0.989434
0.0241012 -0.752788 -0.657822   1.74152
        0         0         0         1

 0.768721 -0.402279  0.497232  0.890046
-0.638456 -0.528807  0.559229   1.01376
0.0379737 -0.747352 -0.663343   1.74726
        0         0         0         1

 0.768721 -0.402279  0.497232  0.890046
-0.638456 -0.528807  0.559229   1.01376
0.0379737 -0.747352 -0.663343   1.74726
        0         0         0         1

 0.767985    -0.386   0.51108  0.872761
-0.637203 -0.540967  0.548933   1.04758
0.0645896 -0.747234 -0.661415   1.76024
        0         0         0         1

 0.767985    -0.386   0.51108  0.872761
-0.637203 -0.540967  0.548933   1.04758
0.0645896 -0.747234 -0.661415   1.76024
        0         0         0         1

 0.761304 -0.378045  0.526781  0.864981
 -0.64239 -0.550078  0.533618   1.07341
0.0880393 -0.744645 -0.661629   1.76362
        0         0         0         1

 0.761304 -0.378045  0.526781  0.864981
 -0.64239 -0.550078  0.533618   1.07341
0.0880393 -0.744645 -0.661629   1.76362
        0         0         0         1

 0.743004 -0.373601  0.555309  0.857298
 -0.65793 -0.559916  0.503609   1.11049
 0.122777 -0.739538 -0.661823   1.77127
        0         0         0         1

 0.743004 -0.373601  0.555309  0.857298
 -0.65793 -0.559916  0.503609   1.11049
 0.122777 -0.739538 -0.661823   1.77127
        0         0         0         1

 0.727402 -0.367245  0.579671  0.848141
-0.668741 -0.568777  0.478829   1.13657
 0.153856 -0.735951 -0.659321   1.77607
        0         0         0         1

 0.727402 -0.367245  0.579671  0.848141
-0.668741 -0.568777  0.478829   1.13657
 0.153856 -0.735951 -0.659321   1.77607
        0         0         0         1

 0.713208 -0.350006  0.607313  0.828336
-0.675119 -0.576048   0.46085   1.15892
 0.188541 -0.738691 -0.647139   1.77931
        0         0         0         1

 0.713208 -0.350006  0.607313  0.828336
-0.675119 -0.576048   0.46085   1.15892
 0.188541 -0.738691 -0.647139   1.77931
        0         0         0         1

