  0.25799 -0.933162    0.2503  0.256147
-0.878239 -0.334482 -0.341788   1.03572
 0.402664 -0.131645 -0.905832   2.29699
        0         0         0         1

  0.25931 -0.933416  0.247976  0.255768
-0.881397 -0.333685 -0.334354   1.02052
 0.394838 -0.131864 -0.909239   2.29814
        0         0         0         1

 0.260942 -0.930605  0.256678  0.243016
-0.887412 -0.335907 -0.315699  0.985375
 0.380011   -0.1454 -0.913483   2.29533
        0         0         0         1

 0.263361 -0.928202  0.262833   0.23786
-0.890375 -0.338743 -0.304115  0.968172
 0.371313 -0.153928  -0.91566   2.29263
        0         0         0         1

 0.253076 -0.931932  0.259721  0.241397
-0.906554  -0.32218  -0.27269  0.925903
 0.337805 -0.166439 -0.926383   2.28428
        0         0         0         1

 0.249015 -0.933966  0.256318  0.242599
-0.913493 -0.314419 -0.258208  0.909721
 0.321749 -0.169847 -0.931466   2.28698
        0         0         0         1

 0.237092 -0.938251  0.251939  0.247077
-0.925786 -0.296814 -0.234141  0.882848
 0.294462 -0.177729 -0.938991   2.28371
        0         0         0         1

 0.234968 -0.937278   0.25749  0.239668
-0.927353 -0.295532 -0.229515  0.872221
 0.291216 -0.184855 -0.938628   2.27346
        0         0         0         1

 0.229435 -0.941206  0.247974  0.240643
-0.937558 -0.282141 -0.203426  0.842049
 0.261429 -0.185817 -0.947168   2.27516
        0         0         0         1

 0.222926 -0.940163  0.257679  0.234424
-0.939367 -0.277827 -0.201001  0.831165
 0.260564 -0.197247 -0.945093   2.26256
        0         0         0         1

 0.196725 -0.943071  0.268174  0.227096
-0.954984 -0.246251 -0.165425  0.781792
 0.222045 -0.223559 -0.949061    2.2438
        0         0         0         1

 0.195246 -0.943144  0.268997  0.221852
-0.958593 -0.241493 -0.150936  0.762731
 0.207315 -0.228389 -0.951241   2.24055
        0         0         0         1

 0.189962 -0.940639  0.281271  0.209834
-0.963618 -0.233498 -0.130074  0.732466
 0.188029 -0.246329 -0.950772   2.22204
        0         0         0         1

 0.179239 -0.943538  0.278584  0.213842
 -0.96863 -0.218795 -0.117831  0.719749
 0.172131 -0.248725 -0.953156   2.22076
        0         0         0         1

  0.160482  -0.943984   0.288338   0.207417
  -0.97805  -0.191418 -0.0823227   0.673056
  0.132905  -0.268798  -0.953983    2.19432
         0          0          0          1

  0.153395   -0.94509   0.288575   0.209116
 -0.980507  -0.181858 -0.0743923   0.661411
  0.122787  -0.271538  -0.954563    2.18923
         0          0          0          1

  0.145498  -0.942919   0.299556   0.204258
  -0.98427  -0.168625 -0.0527102   0.633857
  0.100214  -0.287174  -0.952622    2.17459
         0          0          0          1

  0.142578    -0.9421   0.303512   0.202347
 -0.985855  -0.162463 -0.0411701   0.619731
 0.0880959  -0.293349  -0.951938    2.16938
         0          0          0          1

  0.132923  -0.939312   0.316266    0.19966
  -0.98879  -0.147577 -0.0227257   0.596174
   0.06802    -0.3097  -0.948398    2.15237
         0          0          0          1

  0.124707  -0.939266    0.31973   0.201556
 -0.990279  -0.137838 -0.0186797   0.588474
 0.0616162  -0.314292  -0.947325    2.14222
         0          0          0          1

 0.114662 -0.934663  0.336539  0.194708
-0.993181  -0.11504 0.0188897  0.546156
0.0210598  -0.33641  -0.94148   2.11062
        0         0         0         1

 0.114526 -0.933473  0.339871   0.19158
-0.993384 -0.110539 0.0311384  0.532477
0.00850223 -0.341188 -0.939957   2.10218
        0         0         0         1

  0.108303   -0.93458   0.338867    0.19206
 -0.994065 -0.0982979  0.0466064   0.511768
-0.0102475  -0.341903  -0.939679    2.08509
         0          0          0          1

  0.107342  -0.933127    0.34315   0.188393
 -0.994019 -0.0937417  0.0560309   0.499841
-0.0201165  -0.347112  -0.937608    2.07432
         0          0          0          1

   0.09272   -0.93378   0.345627   0.189306
 -0.994392 -0.0691042  0.0800629   0.470232
-0.0508768  -0.351112   -0.93495    2.03871
         0          0          0          1

 0.0941727  -0.934687   0.342772   0.187215
 -0.993534 -0.0663048  0.0921593   0.457426
-0.0634126  -0.349234  -0.934887    2.02999
         0          0          0          1

 0.0895376  -0.935162   0.342718   0.184598
 -0.992233 -0.0539196     0.1121   0.438064
-0.0863521  -0.350094  -0.932726    2.00974
         0          0          0          1

 0.0854411  -0.935586   0.342605     0.1839
 -0.991953 -0.0476339   0.117301   0.432025
-0.0934259   -0.34987  -0.932128    1.99777
         0          0          0          1

 0.0780233  -0.936435   0.342055   0.181817
 -0.990231 -0.0330226   0.135468   0.415176
 -0.115562  -0.349283  -0.929864    1.97617
         0          0          0          1

 0.0749505  -0.935997   0.343935   0.180466
 -0.989587 -0.0273116   0.141324   0.408651
 -0.122886  -0.350946  -0.928297    1.96307
         0          0          0          1

  0.0619308   -0.935709    0.347293    0.177409
  -0.986145 -0.00371595    0.165842    0.384782
  -0.153889   -0.352752   -0.922976      1.9256
          0           0           0           1

  0.058116  -0.934837   0.350288   0.176407
 -0.984937 0.00354653   0.172875   0.379013
 -0.162852  -0.355058   -0.92055    1.91491
         0          0          0          1

0.0519752 -0.932633  0.357064  0.173397
-0.982797 0.0156834  0.184023  0.366268
-0.177226 -0.360486 -0.915773   1.89287
        0         0         0         1

0.0487394 -0.930175  0.363868  0.171234
-0.981554 0.0228215  0.189817  0.360579
-0.184867 -0.366408 -0.911904   1.88068
        0         0         0         1

0.0414807 -0.921318  0.386592  0.163606
-0.975916 0.0455763  0.213331  0.340388
-0.214165 -0.386131 -0.897238   1.84157
        0         0         0         1

0.0399801 -0.918258  0.393959  0.161253
-0.974431  0.051414  0.218726  0.334774
-0.221102  -0.39263 -0.892723   1.83052
        0         0         0         1

0.0327997  -0.91252  0.407716  0.158273
-0.971886 0.0660442  0.226001  0.326437
-0.233158 -0.403666 -0.884698   1.80731
        0         0         0         1

0.0318398  -0.90879  0.416038  0.156236
-0.970156 0.0720093  0.231544  0.322666
-0.240383 -0.410994 -0.879375   1.79596
        0         0         0         1

0.0263248 -0.900891  0.433246  0.153406
-0.966908 0.0870719  0.239808  0.316103
-0.253765 -0.425222 -0.868787     1.773
        0         0         0         1

  0.02276 -0.897785  0.439846  0.152359
-0.965429 0.0945367  0.242918  0.313168
 -0.25967 -0.430169 -0.864596    1.7637
        0         0         0         1

0.0162136  -0.88406  0.467092  0.147922
-0.958726  0.118883  0.258287  0.300962
 -0.28387 -0.452001 -0.845643   1.72849
        0         0         0         1

 0.013777 -0.878907  0.476794   0.14611
-0.956974  0.126633  0.261083  0.298438
-0.289845 -0.459876 -0.839347   1.71824
        0         0         0         1

0.0108038 -0.867727  0.496924  0.142772
-0.953148  0.141306  0.267471    0.2931
 -0.30231 -0.476532 -0.825546   1.69677
        0         0         0         1

0.0107956 -0.862388  0.506133  0.140231
-0.951193  0.147257  0.271195  0.289223
-0.308407 -0.484358 -0.818708   1.68642
        0         0         0         1

0.00709919  -0.84371  0.536752  0.133377
-0.945273  0.169437  0.278837  0.280306
-0.326203 -0.509357 -0.796334   1.65085
        0         0         0         1

0.00270158 -0.839445  0.543438  0.133561
-0.943712  0.177607   0.27904  0.279451
-0.330757 -0.513603 -0.791714   1.64203
        0         0         0         1

0.00110963 -0.830981    0.5563  0.130541
-0.939974  0.188968  0.284149  0.273808
-0.341245 -0.523222  -0.78089   1.62313
        0         0         0         1

0.000508271 -0.828077  0.560614  0.129531
-0.938332   0.19343  0.286563  0.271317
-0.345736 -0.526188 -0.776912   1.61472
        0         0         0         1

-0.00461538 -0.823201  0.567731  0.128489
-0.935245  0.204518  0.288945  0.268534
-0.353971 -0.529634 -0.770839   1.59857
        0         0         0         1

-0.0050237 -0.820146  0.572132  0.127465
 -0.93385  0.208464  0.290632  0.266591
-0.357629 -0.532825 -0.766941    1.5898
        0         0         0         1

-0.00778011 -0.812488  0.582926  0.125316
-0.929612  0.220673   0.29517  0.261311
-0.368458 -0.539598 -0.757015   1.56323
        0         0         0         1

-0.00621629 -0.810534  0.585659  0.123577
-0.928206  0.222559  0.298162  0.258019
-0.372014 -0.541759 -0.753726   1.55651
        0         0         0         1

-0.00627317 -0.803352  0.595472  0.121743
-0.926905  0.228127  0.298002   0.25574
-0.375244 -0.550077 -0.746062   1.53964
        0         0         0         1

-0.00791878 -0.800687   0.59903  0.121719
-0.925764  0.232329  0.298302  0.255653
-0.378018 -0.552199 -0.743087   1.53324
        0         0         0         1

-0.00568085  -0.79036  0.612617  0.119734
-0.922228  0.240989  0.302357  0.251066
-0.386604 -0.563255 -0.730261   1.51075
        0         0         0         1

-0.00634396 -0.788111  0.615501  0.119623
-0.921141  0.244155  0.303131  0.250111
-0.389179 -0.565039  -0.72751   1.50565
        0         0         0         1

-0.00303092 -0.783124  0.621858  0.117419
-0.918686  0.247802  0.307587  0.245675
-0.394976  -0.57036 -0.720197   1.49536
        0         0         0         1

-0.00469674 -0.779559  0.626311  0.117952
-0.917887  0.251895  0.306646  0.246059
-0.396814 -0.573443 -0.716731   1.49012
        0         0         0         1

-0.00498262 -0.773215  0.634124  0.117844
-0.915379  0.258807  0.308382  0.244607
-0.402562 -0.578927 -0.709075   1.48078
        0         0         0         1

-0.000454721 -0.770966  0.636877  0.116509
-0.914075  0.258603  0.312397  0.241132
-0.405545 -0.582011 -0.704838   1.47718
        0         0         0         1

0.00418791 -0.753802  0.657089   0.11616
-0.911654  0.267148  0.312279  0.239459
-0.410936 -0.600346 -0.686088    1.4608
        0         0         0         1

0.00589275 -0.748436   0.66318  0.115883
-0.911014  0.269443  0.312176  0.238744
-0.412333 -0.606006 -0.680248   1.45736
        0         0         0         1

0.0128011 -0.735224  0.677703  0.114596
-0.909865   0.27253  0.312847  0.235447
-0.414707 -0.620623 -0.665466   1.44955
        0         0         0         1

0.0167241 -0.733438   0.67955  0.115099
-0.910153  0.270201  0.314027  0.234496
-0.413935 -0.623746 -0.663022   1.44601
        0         0         0         1

  0.02214 -0.744636  0.667103  0.118551
-0.912072  0.258223  0.318505  0.233534
-0.409432 -0.615498 -0.673445   1.44168
        0         0         0         1

0.0244102 -0.754468  0.655883  0.121485
-0.913327  0.249941  0.321501  0.234932
-0.406494 -0.606884 -0.682975   1.43808
        0         0         0         1

0.0349284 -0.794043  0.606857  0.131298
-0.914197  0.219939  0.340398  0.235902
-0.403763 -0.566676  -0.71823   1.43257
        0         0         0         1

0.0375247 -0.800296   0.59843  0.133505
-0.914277  0.214221  0.343813  0.236312
-0.403348 -0.560032 -0.723653   1.43134
        0         0         0         1

0.0474751 -0.807706  0.587672  0.135873
 -0.91503  0.200775  0.349869  0.234552
-0.400581 -0.554347 -0.729543   1.42645
        0         0         0         1

0.0500573 -0.810303  0.583869  0.137505
-0.915982  0.195765  0.350217  0.234388
-0.398083 -0.552345 -0.732424    1.4252
        0         0         0         1

0.0585967 -0.817407  0.573072  0.141412
-0.920559   0.17783  0.347777  0.232532
-0.386184 -0.547925 -0.742051    1.4242
        0         0         0         1

0.0596223 -0.817769   0.57245  0.142081
-0.921975  0.174706  0.345601  0.232203
-0.382633  -0.54839 -0.743546   1.42469
        0         0         0         1

0.0620819 -0.815014  0.576106  0.142391
 -0.92502  0.169782  0.339871  0.231398
-0.374812 -0.554009 -0.743364   1.42438
        0         0         0         1

0.0616474 -0.812381   0.57986  0.142777
-0.926285  0.169817   0.33639  0.231466
-0.371747 -0.557853 -0.742027   1.42516
        0         0         0         1

0.0632201 -0.806048  0.588463  0.141815
-0.928856  0.168132  0.330088  0.228874
-0.365007 -0.567466 -0.738074   1.42678
        0         0         0         1

0.0632808 -0.802127  0.593791  0.141208
-0.930213  0.168126  0.326248  0.228187
-0.361524 -0.572997 -0.735509   1.42743
        0         0         0         1

0.0624401  -0.78917  0.610992  0.139247
-0.935607  0.166855  0.311127  0.226378
-0.347479 -0.591075 -0.727934   1.42998
        0         0         0         1

0.0622006 -0.786161  0.614883  0.138888
 -0.93705  0.166102  0.307161   0.22583
-0.343611 -0.595282 -0.726341   1.43081
        0         0         0         1

0.0618604 -0.782851  0.619127  0.137754
-0.939826  0.163142  0.300187  0.223576
-0.336007 -0.600441 -0.725652   1.43353
        0         0         0         1

 0.061308 -0.783535  0.618316  0.136953
-0.940399  0.162264  0.298866  0.221909
-0.334502 -0.599786 -0.726887   1.43597
        0         0         0         1

0.0572245 -0.783743  0.618443  0.133718
-0.941098  0.164432  0.295462  0.217556
-0.333258 -0.598923 -0.728169   1.44114
        0         0         0         1

0.0550616 -0.782537  0.620164  0.132755
-0.941155  0.166753  0.293973  0.216972
-0.333459 -0.599857 -0.727307   1.44198
        0         0         0         1

0.0501674 -0.780279  0.623416  0.130756
-0.941203  0.171871  0.290857  0.214766
-0.334097 -0.601352 -0.725779   1.44422
        0         0         0         1

0.0476857 -0.778962  0.625256  0.129557
-0.941235  0.174501  0.289182  0.213836
 -0.33437 -0.602302 -0.724865   1.44444
        0         0         0         1

 0.041545 -0.776418  0.628848  0.127412
-0.941376   0.18048  0.285025  0.212584
-0.334793 -0.603823 -0.723403   1.44474
        0         0         0         1

0.0378225  -0.77532  0.630435  0.126791
-0.941077  0.184539  0.283408  0.212249
-0.336071 -0.604007 -0.722656   1.44541
        0         0         0         1

0.0234941 -0.772895  0.634099  0.124658
-0.939752  0.199304  0.277747  0.211578
-0.341048 -0.602422 -0.721647   1.44864
        0         0         0         1

0.0216664  -0.77165  0.635678  0.123679
-0.939367  0.201937  0.277148  0.210566
-0.342228  -0.60314 -0.720488   1.44821
        0         0         0         1

0.0175945 -0.768538  0.639562  0.122049
-0.938523  0.207874  0.275613  0.209062
-0.344768 -0.605093 -0.717633   1.44723
        0         0         0         1

0.0152271 -0.768045  0.640215  0.121523
-0.938044  0.210709  0.275091  0.208421
-0.346181 -0.604739 -0.717251   1.44732
        0         0         0         1

0.00845615 -0.766682  0.641971  0.120948
-0.935125  0.221351  0.276669  0.207727
-0.354218 -0.602663 -0.715072    1.4485
        0         0         0         1

0.00562834 -0.764706  0.644355  0.121698
 -0.93499   0.22449  0.274587  0.208686
 -0.35463 -0.604011 -0.713729   1.44759
        0         0         0         1

0.00316307 -0.763143  0.646222  0.122269
-0.934262  0.228173  0.274029  0.208875
-0.356574 -0.604607 -0.712254   1.44692
        0         0         0         1

0.00265186 -0.762878  0.646538   0.12271
-0.933728  0.229556  0.274693  0.208705
-0.357973 -0.604419 -0.711711   1.44682
        0         0         0         1

0.000111146 -0.763221  0.646137  0.123912
-0.932805  0.232777  0.275118  0.208562
-0.360381 -0.602751 -0.711911   1.44726
        0         0         0         1

0.000125278 -0.763906  0.645328  0.124126
-0.932805  0.232475  0.275372  0.208003
-0.360381    -0.602 -0.712546   1.44722
        0         0         0         1

-0.0058138 -0.768825  0.639432  0.126772
-0.932092  0.235761  0.274993    0.2087
-0.362175 -0.594411 -0.717987   1.44945
        0         0         0         1

-0.00720188 -0.769603  0.638482  0.127384
 -0.93173  0.236997  0.275158  0.208885
-0.363081 -0.592911 -0.718769   1.45015
        0         0         0         1

-0.010738 -0.771315  0.636363  0.129299
-0.930983  0.239951  0.275127  0.210163
-0.364905 -0.589488 -0.720658   1.45236
        0         0         0         1

-0.011225 -0.772241  0.635231  0.129423
-0.930109  0.241293  0.276901  0.209902
-0.367111 -0.587726 -0.720977   1.45403
        0         0         0         1

-0.0140146 -0.772937  0.634327  0.129955
-0.929324  0.244181  0.277007  0.211201
   -0.369 -0.585613 -0.721731   1.45816
        0         0         0         1

-0.0133797 -0.772714  0.634613  0.129701
-0.928741  0.244762  0.278445   0.21092
-0.370488 -0.585666 -0.720926   1.45929
        0         0         0         1

-0.0130247 -0.771823  0.635704  0.129808
-0.928258   0.24567  0.279256  0.211655
 -0.37171  -0.58646 -0.719651   1.46194
        0         0         0         1

-0.0133013 -0.770895  0.636824  0.129825
-0.927949  0.246757  0.279325  0.212371
-0.372471 -0.587224 -0.718633   1.46371
        0         0         0         1

-0.0114912 -0.767837  0.640543  0.128793
-0.927482  0.247582  0.280144  0.212162
-0.373692 -0.590873 -0.714999   1.46812
        0         0         0         1

-0.0105253 -0.765992  0.642765  0.128148
-0.927627  0.247489  0.279746  0.211981
-0.373361 -0.593301 -0.713159   1.46939
        0         0         0         1

-0.0103179 -0.766327  0.642367  0.128563
-0.927562  0.247303  0.280127  0.215486
-0.373528 -0.592945 -0.713367   1.47746
        0         0         0         1

-0.00957173 -0.766359  0.642341  0.128481
-0.927118  0.247476  0.281441  0.216463
-0.374648 -0.592832 -0.712874   1.47896
        0         0         0         1

-0.00662694 -0.767533  0.640975  0.126879
-0.926286  0.246219  0.285257  0.216066
-0.376764 -0.591836 -0.712586   1.48294
        0         0         0         1

-0.00662115 -0.767509  0.641004  0.127372
-0.925986  0.246696  0.285817  0.218815
  -0.3775 -0.591668 -0.712336   1.48497
        0         0         0         1

-0.00382878 -0.766639  0.642067  0.127351
-0.924719   0.24711  0.289538   0.22398
-0.380632 -0.592623 -0.709871   1.49021
        0         0         0         1

-0.00282982 -0.766309  0.642467  0.127345
-0.924138  0.247459  0.291089  0.226241
-0.382048 -0.592904 -0.708875   1.49226
        0         0         0         1

0.00114187 -0.765677  0.643224  0.126627
-0.922998  0.246708  0.295314  0.229418
-0.384803 -0.594031 -0.706437   1.49597
        0         0         0         1

0.00144814  -0.76474  0.644338  0.127082
 -0.92253  0.247643  0.295991  0.232855
-0.385922  -0.59485 -0.705137   1.49789
        0         0         0         1

0.00347888 -0.760331  0.649527  0.126421
-0.922177   0.24877  0.296148  0.238278
-0.386753 -0.600009 -0.700294   1.50007
        0         0         0         1

0.00534703 -0.756996  0.653398  0.125424
-0.922199   0.24893  0.295945   0.23996
 -0.38668 -0.604145 -0.696769   1.50145
        0         0         0         1

0.0129395 -0.729416  0.683948  0.120927
-0.923994  0.252718  0.286999  0.248507
-0.382188 -0.635678 -0.670706   1.50446
        0         0         0         1

0.0161619 -0.718088  0.695765  0.118798
-0.924446  0.254404   0.28404  0.250169
-0.380971 -0.647788 -0.659721   1.50591
        0         0         0         1

0.0199092 -0.694197   0.71951   0.11545
-0.926841  0.257055  0.273658  0.255809
-0.374926 -0.672319 -0.638293   1.50922
        0         0         0         1

0.0192572 -0.682394  0.730731  0.114893
-0.928309  0.259225  0.266541  0.260249
 -0.37131 -0.683477 -0.628481   1.51129
        0         0         0         1

0.0273551 -0.636925   0.77044  0.109312
-0.934638  0.257065  0.245702   0.27231
-0.354547 -0.726804 -0.588263   1.51607
        0         0         0         1

0.0320067 -0.627256  0.778155  0.106967
-0.936186  0.253855  0.243134    0.2746
-0.350046  -0.73628 -0.579103   1.51844
        0         0         0         1

0.0414073 -0.606811  0.793767  0.102653
-0.939918  0.245797  0.236936   0.27983
-0.338881 -0.755887 -0.560174   1.52244
        0         0         0         1

0.0433804 -0.598331  0.800074   0.10261
-0.942449  0.241236  0.231507  0.285295
-0.331524 -0.764072 -0.553431   1.52478
        0         0         0         1

0.0496659 -0.580897   0.81246  0.100679
-0.947553  0.229737  0.222182  0.294139
-0.315717 -0.780884 -0.539021   1.52992
        0         0         0         1

0.0561006 -0.573793  0.817077 0.0987999
-0.949954  0.221215  0.220572  0.297208
-0.307312 -0.788559 -0.532667   1.53276
        0         0         0         1

0.0753137 -0.556155  0.827659 0.0950645
-0.957495  0.191436  0.215766  0.311388
-0.278443  -0.80873 -0.518098   1.54688
        0         0         0         1

0.0823033  -0.55378  0.828586 0.0936189
-0.959006  0.182213  0.217039  0.314122
-0.271171 -0.812482 -0.516081   1.55228
        0         0         0         1

0.0959036 -0.550694   0.82918 0.0920727
-0.962795   0.16011  0.217694  0.322677
-0.252642 -0.819208  -0.51485   1.56219
        0         0         0         1

 0.104856 -0.547931  0.829926 0.0902457
-0.964086  0.148761  0.220021  0.326262
-0.244017  -0.82319 -0.512654    1.5672
        0         0         0         1

 0.130406 -0.535054  0.834693  0.087961
-0.968891  0.109836  0.221779  0.346284
-0.210344 -0.837648 -0.504085   1.58378
        0         0         0         1

 0.139177 -0.532964  0.834613 0.0863843
-0.969758 0.0972865  0.223839  0.351147
-0.200495 -0.840526 -0.503307    1.5903
        0         0         0         1

 0.158585  -0.52102  0.838683 0.0831078
-0.970643 0.0733116   0.22908  0.361653
-0.180841  -0.85039 -0.494098   1.60127
        0         0         0         1

 0.166404 -0.513587  0.841747 0.0818865
-0.971616 0.0601606  0.228784  0.369342
-0.168141 -0.855926 -0.488998   1.60563
        0         0         0         1

 0.188895 -0.493302  0.849101 0.0764974
-0.971269 0.0336107    0.2356  0.380573
-0.144761 -0.869209  -0.47278   1.61357
        0         0         0         1

 0.196718 -0.488911  0.849863 0.0760302
 -0.97112 0.0221962  0.237555  0.388519
-0.135007 -0.872051 -0.470425   1.62091
        0         0         0         1

  0.224768  -0.460683   0.858633  0.0710554
 -0.969266 -0.0152602   0.245542   0.415634
 -0.100014  -0.887434  -0.449954    1.64206
         0          0          0          1

  0.232567  -0.451434   0.861464  0.0697458
 -0.968548 -0.0269248   0.247367   0.424707
-0.0884752  -0.891898  -0.443497    1.64702
         0          0          0          1

  0.250706  -0.435268   0.864689  0.0670431
 -0.965792 -0.0513169   0.254188   0.441011
-0.0662669  -0.898837  -0.433244    1.65766
         0          0          0          1

  0.260321  -0.428439   0.865259  0.0645678
 -0.963909 -0.0635352   0.258541   0.448106
-0.0557947  -0.901334  -0.429516     1.6643
         0          0          0          1

 0.287406 -0.404327  0.868284 0.0601308
-0.957624 -0.103489  0.268788  0.480508
-0.0188203 -0.908741 -0.416936   1.68682
        0         0         0         1

 0.294884 -0.399207  0.868146 0.0595782
-0.955496 -0.115188  0.271587  0.490118
-0.00841967 -0.909596 -0.415408   1.69388
        0         0         0         1

 0.310609 -0.383553  0.869718 0.0554447
-0.950364 -0.142808  0.276431  0.509598
0.0181774 -0.912411 -0.408872   1.70194
        0         0         0         1

 0.323694 -0.380712  0.866187 0.0522606
-0.945866 -0.153111  0.286174  0.516128
0.0236727  -0.91193 -0.409663   1.71107
        0         0         0         1

 0.336821 -0.373138  0.864477 0.0519234
-0.940537 -0.176297   0.29036  0.538883
0.0440605 -0.910872 -0.410331   1.72546
        0         0         0         1

 0.341824 -0.371544  0.863198 0.0521551
-0.938188 -0.188088  0.290562  0.551019
0.0544008 -0.909163 -0.412872   1.73214
        0         0         0         1

 0.364067 -0.362865  0.857779 0.0492265
-0.926903 -0.231286  0.295564  0.592352
0.0911423 -0.902682 -0.420544   1.75452
        0         0         0         1

 0.365735 -0.362457  0.857242 0.0512018
-0.925108 -0.242553  0.292134  0.606827
 0.102041 -0.899885 -0.424022   1.76046
        0         0         0         1

 0.380379 -0.357428   0.85297 0.0466217
-0.916992 -0.265587  0.297638  0.627547
 0.120153 -0.895382 -0.428782   1.77319
        0         0         0         1

 0.385674 -0.357079  0.850735 0.0465599
-0.913546 -0.276901  0.297925  0.641057
 0.129186 -0.892088 -0.433002   1.77988
        0         0         0         1

 0.406037 -0.356115  0.841615 0.0444152
-0.900281 -0.314026  0.301465  0.682773
 0.156933 -0.880096  -0.44811   1.80418
        0         0         0         1

 0.414628 -0.356652  0.837187 0.0412136
 -0.89577 -0.321978  0.306475  0.692125
 0.160251    -0.877 -0.452979   1.81291
        0         0         0         1

 0.415468 -0.357769  0.836294 0.0420121
-0.891747 -0.341506   0.29692  0.721034
 0.179371 -0.869123 -0.460924   1.82297
        0         0         0         1

 0.418752 -0.358114  0.834507 0.0421365
 -0.88888  -0.34971  0.295965  0.734772
 0.185846 -0.865712 -0.464762   1.83049
        0         0         0         1

 0.427458 -0.356262  0.830877 0.0401117
-0.880841 -0.370984  0.294093   0.76114
 0.203468 -0.857583  -0.47239   1.84363
        0         0         0         1

 0.434525 -0.358966  0.826033 0.0386981
-0.876085 -0.381241   0.29518  0.773498
 0.208958 -0.851938 -0.480143   1.85002
        0         0         0         1

 0.445686 -0.360217  0.819517 0.0396549
-0.861243 -0.422253  0.282778  0.830419
 0.244182 -0.831833 -0.498426    1.8572
        0         0         0         1

 0.447178 -0.358581  0.819422 0.0387822
 -0.85749 -0.432478  0.278699  0.845618
 0.254445 -0.827274 -0.500874   1.85934
        0         0         0         1

 0.450769 -0.347388   0.82227 0.0330276
-0.847327 -0.456284  0.271737  0.873839
  0.28079 -0.819223  -0.50003   1.85989
        0         0         0         1

 0.457763  -0.34708  0.818528 0.0323062
-0.842693 -0.462857  0.275012  0.886409
  0.28341 -0.815658 -0.504361   1.87008
        0         0         0         1

 0.472847 -0.340976  0.812497 0.0311649
-0.831506  -0.47779  0.283399  0.935974
 0.291571   -0.8096 -0.509445   1.88608
        0         0         0         1

 0.468432  -0.33674   0.81681 0.0273677
-0.832441 -0.477958  0.280353  0.950475
 0.295995 -0.811272 -0.504207   1.88681
        0         0         0         1

 0.447242 -0.329799  0.831389 0.0257441
  -0.8408 -0.472012  0.265065  0.981362
 0.305008  -0.81758 -0.488399   1.89022
        0         0         0         1

 0.437635 -0.321245  0.839808  0.022177
-0.846368 -0.462482  0.264144  0.991044
 0.303541 -0.826385 -0.474289    1.8985
        0         0         0         1

 0.402207 -0.301368  0.864527 0.0253115
-0.860013 -0.448232  0.243856   1.02776
 0.314018 -0.841585 -0.439463   1.89758
        0         0         0         1

  0.38267 -0.287408  0.878044 0.0189808
-0.867885 -0.437678  0.234978    1.0387
 0.316765 -0.851959 -0.416923   1.90276
        0         0         0         1

  0.26128 -0.206164   0.94299 0.0136871
-0.898785 -0.408234  0.159781   1.09719
  0.35202 -0.889293  -0.29196    1.8976
        0         0         0         1

 0.219213 -0.178125   0.95928 0.0163509
-0.900866 -0.414521  0.128893   1.11888
 0.374683 -0.892437 -0.251335   1.88945
        0         0         0         1

  0.15273 -0.120199  0.980931 0.0171362
-0.898953 -0.429243 0.0873684   1.15154
 0.410557 -0.895155 -0.173611   1.88668
        0         0         0         1

  0.134939 -0.0873077      0.987 0.00746357
  -0.89357  -0.441157  0.0831416    1.16024
  0.428163  -0.893173  -0.137545    1.89112
         0          0          0          1

