  0.407773   -0.89588   0.176407   0.678012
 -0.853481  -0.442632  -0.275041    1.07748
  0.324488 -0.0384059   -0.94511    2.38226
         0          0          0          1

  0.401545  -0.902637   0.154947   0.680992
 -0.856553   -0.43002  -0.285306    1.06251
  0.324157 -0.0181568  -0.945829    2.38383
         0          0          0          1

   0.391594   -0.909458    0.139789    0.686951
  -0.859852   -0.415775   -0.296286     1.05778
    0.32758 -0.00417419   -0.944814     2.37958
          0           0           0           1

 0.376628 -0.922529  0.084215  0.707211
-0.869948 -0.383467 -0.310069   1.03387
 0.318341 0.0435178 -0.946977   2.38204
        0         0         0         1

 0.371146 -0.925246 0.0785494  0.704854
-0.869986 -0.376054 -0.318916   1.02451
 0.324614 0.0500275 -0.944523   2.37629
        0         0         0         1

 0.364036 -0.929629 0.0571727  0.712317
-0.875316 -0.362452 -0.320077   1.00885
 0.318276 0.0664754 -0.945665   2.37942
        0         0         0         1

 0.356995 -0.932826 0.0488838  0.715046
-0.877186 -0.352771 -0.325725  0.999775
 0.321089  0.073402   -0.9442   2.37494
        0         0         0         1

 0.333391 -0.942511 0.0228924  0.732531
-0.886914 -0.321775 -0.331427  0.978381
  0.31974 0.0901913 -0.943203   2.36461
        0         0         0         1

  0.325049  -0.945662 0.00821582   0.741345
 -0.893597  -0.309973  -0.324656   0.964941
  0.309561  0.0981872  -0.945797    2.36559
         0          0          0          1

  0.310631  -0.950515 0.00551933   0.744727
 -0.900983  -0.296284  -0.316931   0.949065
  0.302883  0.0934758  -0.948432    2.36085
         0          0          0          1

  0.304627  -0.952464 0.00394963   0.746845
 -0.906187  -0.291098  -0.306737   0.935211
  0.293305  0.0898611  -0.951786    2.35815
         0          0          0          1

  0.295215  -0.955427 0.00268248   0.750935
 -0.911308  -0.282424  -0.299592    0.92106
  0.286996  0.0859995  -0.954064    2.34931
         0          0          0          1

  0.286785  -0.957982 0.00506057   0.753917
 -0.915465  -0.275606    -0.2932   0.910862
  0.282275  0.0794525  -0.956038    2.34287
         0          0          0          1

  0.27016 -0.962641 0.0183279  0.760024
-0.925471 -0.264884 -0.270812  0.883141
 0.265549 0.0562005 -0.962458   2.32823
        0         0         0         1

 0.264731 -0.963969 0.0261069  0.763031
-0.928819 -0.262169 -0.261843  0.872223
 0.259253 0.0450693 -0.964757   2.32054
        0         0         0         1

 0.258256  -0.96541  0.035869  0.769469
-0.932947 -0.258868 -0.250196   0.85902
 0.250827 0.0311509  -0.96753   2.31071
        0         0         0         1

 0.251764 -0.966658 0.0467769  0.773803
-0.934962 -0.255422 -0.246182  0.852689
 0.249921 0.0182451 -0.968094   2.29873
        0         0         0         1

  0.247089   -0.96589  0.0774784   0.780186
 -0.938699  -0.258435  -0.228157   0.829327
  0.240397 -0.0163539  -0.970537     2.2731
         0          0          0          1

   0.24553  -0.965148   0.090577   0.782229
 -0.940974  -0.259748  -0.217022   0.818398
  0.232985 -0.0319453  -0.971955    2.26458
         0          0          0          1

 0.243741 -0.963817   0.10792   0.78547
-0.944712 -0.261117 -0.198333  0.802543
 0.219337 -0.053611 -0.974175   2.25341
        0         0         0         1

  0.250346  -0.960619   0.120572   0.782036
 -0.946451  -0.269051  -0.178441   0.786935
  0.203854 -0.0694437  -0.976535    2.24666
         0          0          0          1

  0.253164  -0.957049     0.1413   0.781468
 -0.948404  -0.274345  -0.158951   0.771571
  0.190889 -0.0937686  -0.977123    2.23223
         0          0          0          1

 0.255518 -0.953801  0.158034  0.780713
-0.948056 -0.279228 -0.152385  0.764363
 0.189473 -0.110888 -0.975604   2.21612
        0         0         0         1

 0.259958 -0.947382  0.186788  0.785902
-0.950866 -0.284836 -0.121335  0.739997
 0.168155 -0.146068 -0.974878   2.18758
        0         0         0         1

 0.262509 -0.944986  0.195169  0.788945
 -0.95113 -0.287492 -0.112699   0.73267
 0.162609 -0.156047 -0.974273   2.17325
        0         0         0         1

  0.266951  -0.940695   0.209355    0.79002
 -0.951324  -0.291945 -0.0987498   0.720581
  0.154014  -0.172803  -0.972841    2.15491
         0          0          0          1

  0.270653  -0.938689   0.213564   0.793295
 -0.951922  -0.294029 -0.0859752   0.710759
  0.143498  -0.180027  -0.973139    2.14387
         0          0          0          1

  0.278043  -0.931313   0.235263   0.797258
 -0.952885  -0.298334 -0.0548305   0.688872
  0.121251  -0.208933  -0.970384    2.11007
         0          0          0          1

  0.283218  -0.926797   0.246648   0.795855
 -0.952056  -0.302709 -0.0442357   0.680066
   0.11566  -0.222294  -0.968095    2.09511
         0          0          0          1

  0.289075  -0.922513   0.255744   0.796739
 -0.952017  -0.305075 -0.0243672   0.667563
    0.1005  -0.236428  -0.966437     2.0776
         0          0          0          1

  0.293571  -0.917736   0.267537   0.795128
 -0.951395  -0.307751 -0.0117064   0.659411
  0.093078  -0.251096  -0.963477    2.06264
         0          0          0          1

  0.296582  -0.913716    0.27778   0.796523
 -0.951666  -0.307078 0.00599196   0.648085
 0.0798251  -0.266131  -0.960626    2.04353
         0          0          0          1

 0.297172  -0.91035  0.288012  0.797355
-0.952056 -0.305459 0.0168379  0.641739
0.0726477 -0.279208 -0.957479   2.02699
        0         0         0         1

 0.301881  -0.90372  0.303576   0.79842
-0.952417 -0.299943 0.0541961  0.621715
0.0420773 -0.305492 -0.951265   1.99105
        0         0         0         1

 0.303158 -0.901528  0.308775   0.79888
-0.952444 -0.297106 0.0676615   0.61512
0.0307402 -0.314603 -0.948725   1.97578
        0         0         0         1

 0.303777 -0.898549  0.316748  0.799705
-0.952619 -0.291828 0.0857537  0.605905
 0.015382  -0.32779 -0.944625   1.95544
        0         0         0         1

 0.304182 -0.895707  0.324319   0.79988
-0.952596 -0.288121 0.0977138    0.5996
0.00592005 -0.338667 -0.940888   1.94053
        0         0         0         1

 0.304196 -0.888292  0.344096  0.800284
-0.952402 -0.276059  0.129313  0.583337
-0.0198772 -0.367054 -0.929987   1.90405
        0         0         0         1

 0.303771 -0.884736  0.353506  0.799105
-0.952274 -0.270274   0.14187  0.577206
-0.0299736  -0.37973 -0.924612   1.89007
        0         0         0         1

 0.302434 -0.879811  0.366696  0.798334
-0.952206 -0.261576  0.157737  0.569618
-0.0428601 -0.396875 -0.916872   1.87065
        0         0         0         1

 0.303659 -0.873794  0.379836  0.795344
-0.951507 -0.257501  0.168311   0.56416
-0.0492613 -0.412525 -0.909613   1.85537
        0         0         0         1

 0.300127  -0.86819  0.395184   0.79505
-0.952075 -0.247026  0.180367  0.558429
-0.0589724 -0.430378  -0.90072   1.83572
        0         0         0         1

 0.297661 -0.863928  0.406235  0.794001
-0.952298 -0.238712  0.190117   0.55362
-0.0672746 -0.443447 -0.893772   1.82239
        0         0         0         1

 0.290261 -0.850852  0.437948  0.789854
-0.953272 -0.217019  0.210178  0.543121
-0.0837878  -0.47849 -0.874086   1.78862
        0         0         0         1

 0.284953 -0.845751  0.451117  0.788535
-0.954262 -0.205879  0.216789   0.53987
-0.0904746 -0.492259 -0.865734   1.77587
        0         0         0         1

 0.281591 -0.835497   0.47186  0.784409
 -0.95429 -0.192505  0.228631  0.534745
-0.100185 -0.514672 -0.851514   1.75824
        0         0         0         1

 0.277756 -0.829681  0.484233  0.782002
-0.954461  -0.18121  0.236995  0.531313
-0.108883 -0.528009  -0.84223   1.74637
        0         0         0         1

 0.268282 -0.812835  0.517034  0.775884
-0.953919 -0.149275  0.260298  0.524001
-0.134399 -0.563042 -0.815427   1.71661
        0         0         0         1

 0.264749 -0.805135  0.530723  0.774227
-0.953934 -0.138119  0.266332  0.522033
 -0.14113 -0.576786 -0.804612   1.70438
        0         0         0         1

 0.261263 -0.793402  0.549777  0.771677
-0.953495 -0.123443  0.274972  0.519539
-0.150297  -0.59605 -0.788756   1.68848
        0         0         0         1

 0.259773 -0.785455  0.561763   0.76954
-0.952879 -0.114125  0.281066  0.517878
-0.156653 -0.608305  -0.77809   1.67714
        0         0         0         1

 0.257299 -0.776095  0.575737  0.767212
-0.951858 -0.100817  0.289486  0.515461
-0.166624 -0.622504 -0.764673   1.66283
        0         0         0         1

  0.256553  -0.768465    0.58621   0.764876
 -0.951225 -0.0932424    0.29407   0.514071
 -0.171323  -0.633062  -0.754905    1.65178
         0          0          0          1

  0.256317  -0.751582   0.607804   0.759259
 -0.948176 -0.0733409   0.309165    0.51078
 -0.187786  -0.655549  -0.731431    1.62544
         0          0          0          1

 0.256071 -0.746617  0.613996  0.757276
-0.946845 -0.065785  0.314893  0.509535
-0.194712 -0.661994 -0.723776   1.61624
        0         0         0         1

 0.255568 -0.738793  0.623594  0.754941
-0.945698 -0.057036  0.320004  0.508708
-0.200849 -0.671515 -0.713251   1.60229
        0         0         0         1

  0.256639  -0.731982   0.631141   0.752237
 -0.944538 -0.0515087   0.324337   0.507727
   -0.2049  -0.679374  -0.704604    1.59271
         0          0          0          1

  0.256952  -0.715158   0.650019   0.746829
 -0.942717 -0.0374166   0.331489    0.50611
 -0.212746   -0.69796  -0.683806    1.56893
         0          0          0          1

  0.257173  -0.710178   0.655369   0.745023
 -0.941722 -0.0319966   0.334868   0.505304
 -0.216846  -0.703294  -0.677019     1.5613
         0          0          0          1

  0.256808  -0.703752   0.662406   0.743022
 -0.940993 -0.0257606   0.337444   0.504845
 -0.220413  -0.709978  -0.668841    1.55039
         0          0          0          1

  0.257063  -0.698869   0.667458   0.741457
 -0.940775 -0.0229933   0.338252    0.50491
 -0.221047   -0.71488  -0.663389    1.54145
         0          0          0          1

   0.25923  -0.693631   0.672069    0.73872
 -0.939534 -0.0198802   0.341878   0.504519
 -0.223776  -0.720057  -0.656843    1.53055
         0          0          0          1

  0.258245  -0.691437   0.674703   0.738312
 -0.938964 -0.0153388   0.343673   0.504843
 -0.227279  -0.722274  -0.653195    1.52384
         0          0          0          1

  0.264121  -0.682107   0.681887   0.733831
 -0.935971 -0.0106179   0.351916   0.504846
 -0.232804  -0.731175  -0.641237    1.50554
         0          0          0          1

   0.266255   -0.677485    0.685655    0.732379
  -0.935198 -0.00926498    0.354004    0.505182
   -0.23348   -0.735478    -0.63605     1.49851
          0           0           0           1

   0.269216   -0.672125    0.689762    0.730671
  -0.933951 -0.00738878    0.357324     0.50549
   -0.23507   -0.740401   -0.629721     1.48995
          0           0           0           1

    0.27023   -0.668431    0.692947     0.73012
   -0.93358 -0.00596074     0.35832    0.505975
  -0.235382   -0.743751   -0.625644     1.48372
          0           0           0           1

  0.273369  -0.661518   0.698329   0.728761
 -0.932604 -0.0044377   0.360875   0.507287
 -0.235626  -0.749916  -0.618147    1.46907
         0          0          0          1

   0.274559   -0.659838    0.699451    0.728892
  -0.931903 -0.00329733    0.362694    0.507987
  -0.237013   -0.751401    -0.61581     1.46398
          0           0           0           1

   0.278108   -0.657982    0.699797    0.727834
  -0.930839 -0.00481876    0.365397    0.508498
  -0.237052   -0.753019   -0.613815     1.45638
          0           0           0           1

   0.278279   -0.657945    0.699764    0.728548
  -0.929979 -0.00236532    0.367606     0.50914
  -0.240209   -0.753062   -0.612533     1.45208
          0           0           0           1

   0.281684    -0.65603    0.700199     0.72836
  -0.928214 -0.00146098    0.372044    0.509323
  -0.243049   -0.754733   -0.609348     1.44539
          0           0           0           1

    0.28538   -0.654413    0.700216    0.728046
  -0.926856 -0.00250526    0.375408    0.509694
  -0.243917   -0.756134   -0.607261     1.44047
          0           0           0           1

   0.291063   -0.651979    0.700147     0.72983
  -0.924181 -0.00241768    0.381947    0.511153
  -0.247329   -0.758233    -0.60325      1.4293
          0           0           0           1

    0.290749    -0.651768     0.700474     0.732102
   -0.923723 -0.000377706     0.383062     0.512242
   -0.249403    -0.758418    -0.602163      1.42515
           0            0            0            1

  0.292027  -0.650425    0.70119   0.733919
 -0.922655 0.00146757   0.385623   0.513014
 -0.251848  -0.759569  -0.599689    1.41912
         0          0          0          1

  0.293782  -0.649961   0.700887   0.734744
 -0.921463 0.00239498   0.388459   0.513286
 -0.254162  -0.759963  -0.598212    1.41494
         0          0          0          1

   0.29768  -0.648714   0.700398    0.73795
 -0.917861 0.00726574   0.396834   0.513767
 -0.262521  -0.760998  -0.593267    1.40605
         0          0          0          1

  0.29872 -0.648532  0.700123  0.739144
-0.915948 0.0111593  0.401143  0.513913
-0.267967 -0.761105 -0.590688    1.4029
        0         0         0         1

 0.300759 -0.646675  0.700968  0.740779
-0.913243 0.0165227  0.407081  0.513849
-0.274831 -0.762587 -0.585601    1.3983
        0         0         0         1

 0.300798 -0.645192  0.702316  0.742253
-0.911365 0.0224813  0.410985  0.513987
-0.280953  -0.76369 -0.581243   1.39544
        0         0         0         1

 0.302033 -0.642191  0.704533  0.743372
-0.908342 0.0304058  0.417122   0.51389
-0.289294 -0.765941 -0.574146   1.39172
        0         0         0         1

 0.302681 -0.639149  0.707016  0.743721
-0.906541  0.035934  0.420585  0.513709
-0.294222 -0.768243 -0.568539   1.38835
        0         0         0         1

 0.298237 -0.631952  0.715326   0.74664
-0.903327 0.0552017  0.425386  0.513674
-0.308311 -0.773039 -0.554396   1.38018
        0         0         0         1

 0.294556 -0.627078  0.721117  0.748143
-0.902449 0.0656993  0.425757  0.513897
 -0.31436 -0.776181 -0.546554   1.37732
        0         0         0         1

 0.289769 -0.618612   0.73031   0.75018
-0.901776 0.0791959  0.424886  0.514333
-0.320677 -0.781695 -0.534901     1.373
        0         0         0         1

 0.289097 -0.612802  0.735457  0.750607
-0.900736 0.0860442   0.42576  0.514313
-0.324188 -0.785538 -0.527097    1.3707
        0         0         0         1

 0.289596 -0.603933  0.742563  0.751177
-0.899345 0.0938311  0.427053  0.514154
-0.327587 -0.791493 -0.515971   1.36663
        0         0         0         1

 0.289467 -0.600695  0.745235  0.752246
 -0.89754  0.100206  0.429397  0.514094
-0.332613 -0.793174 -0.510141   1.36448
        0         0         0         1

 0.286818 -0.595918  0.750078  0.755077
-0.894306  0.114144  0.432652   0.51401
-0.343442 -0.794892 -0.500194   1.35842
        0         0         0         1

 0.285659 -0.593372  0.752535  0.756029
-0.893384  0.119276  0.433173  0.514136
-0.346792 -0.796042 -0.496036   1.35617
        0         0         0         1

 0.283244 -0.589262  0.756666  0.757811
-0.892978  0.125729  0.432183  0.514438
-0.349804 -0.798099 -0.490587   1.35302
        0         0         0         1

 0.283797 -0.584947    0.7598   0.75817
-0.892499  0.128563  0.432339   0.51432
-0.350577 -0.800818 -0.485579   1.35112
        0         0         0         1

 0.281077 -0.570824  0.771463  0.760299
-0.893751  0.137122  0.427091  0.514687
-0.349578 -0.809542 -0.471633   1.34947
        0         0         0         1

 0.280268 -0.565245  0.775853  0.761275
-0.894401  0.139717  0.424883   0.51465
-0.348563 -0.813005 -0.466398   1.34979
        0         0         0         1

 0.280027 -0.558084  0.781106  0.762496
-0.895738  0.140778  0.421705  0.514641
-0.345309 -0.817755 -0.460476   1.34973
        0         0         0         1

 0.280235 -0.555576  0.782818  0.763143
-0.896216  0.140727  0.420705  0.514579
-0.343898  -0.81947  -0.45848   1.34988
        0         0         0         1

 0.280401 -0.550261  0.786503  0.765674
-0.895448  0.145192  0.420823  0.514903
-0.345756 -0.822272 -0.452019   1.35198
        0         0         0         1

  0.28237 -0.547053  0.788036  0.765836
-0.894617   0.14638  0.422177  0.514812
-0.346306   -0.8242  -0.44807   1.35263
        0         0         0         1

 0.284203 -0.541176  0.791427  0.766526
-0.893406  0.150072  0.423443  0.514869
-0.347928  -0.82741  -0.44084     1.354
        0         0         0         1

 0.284689 -0.535835   0.79488  0.766964
-0.894022  0.150828  0.421871  0.515195
-0.345944 -0.830742 -0.436109    1.3545
        0         0         0         1

 0.284468  -0.53133  0.797976  0.768017
-0.893772  0.154093   0.42122  0.515877
-0.346769 -0.833033 -0.431054   1.35633
        0         0         0         1

 0.286167 -0.527359       0.8  0.768056
-0.893753  0.154073  0.421269  0.516281
-0.345419 -0.835556 -0.427238   1.35774
        0         0         0         1

 0.292146 -0.519215   0.80316  0.767331
-0.893409  0.151516  0.422923  0.517225
 -0.34128 -0.841106 -0.419606    1.3626
        0         0         0         1

 0.292911  -0.51828  0.803485  0.767801
-0.893885  0.149834  0.422515  0.518137
-0.339371 -0.841983 -0.419395   1.36559
        0         0         0         1

 0.295971 -0.516978  0.803203  0.767313
-0.894965  0.143785  0.422331  0.519104
-0.333824 -0.843836 -0.420121   1.36891
        0         0         0         1

 0.298055 -0.518373  0.801532  0.766888
-0.895461  0.139002   0.42288  0.519871
-0.330624 -0.843782 -0.422753   1.37242
        0         0         0         1

 0.303358 -0.523085  0.796464  0.765724
-0.898299  0.121829  0.422157  0.522057
-0.317857 -0.843528 -0.432929   1.38041
        0         0         0         1

 0.304273 -0.524994  0.794858  0.766019
-0.899946  0.115113  0.420531  0.523347
-0.312274 -0.843286  -0.43744    1.3846
        0         0         0         1

 0.308704 -0.526148  0.792382  0.764538
-0.902369  0.101379  0.418871  0.524461
-0.300719 -0.844328 -0.443484   1.38935
        0         0         0         1

 0.311755 -0.525596  0.791554  0.763344
-0.904697 0.0904147  0.416352  0.525273
-0.290401 -0.845916 -0.447318   1.39306
        0         0         0         1

  0.31581 -0.524145  0.790908  0.761779
-0.907989 0.0749573  0.412235  0.526816
-0.275355 -0.848324 -0.452246   1.39824
        0         0         0         1

 0.319124 -0.524102  0.789605  0.760249
-0.909517 0.0647851  0.410588   0.52747
-0.266345 -0.849188 -0.456005   1.40296
        0         0         0         1

 0.325031 -0.520919  0.789303  0.755917
-0.913921  0.041538  0.403762  0.529198
-0.243113 -0.852595 -0.462577   1.41565
        0         0         0         1

 0.325527 -0.520631  0.789288  0.754774
-0.916177 0.0327097  0.399436   0.53045
-0.233776 -0.853155 -0.466342   1.42074
        0         0         0         1

 0.327469 -0.519861  0.788992  0.752491
-0.918458 0.0208876  0.394967  0.532039
-0.221808 -0.853995 -0.470631   1.42784
        0         0         0         1

 0.326355 -0.521324  0.788488   0.75189
-0.920743 0.0133788  0.389941  0.533468
-0.213835 -0.853254 -0.475639    1.4334
        0         0         0         1

   0.325297   -0.527647    0.784711    0.748823
  -0.924883 -0.00473139    0.380222    0.537122
   -0.19691   -0.849451    -0.48955     1.44892
          0           0           0           1

  0.325739  -0.531103   0.782192   0.747409
 -0.925638 -0.0106266   0.378261   0.538594
 -0.192584  -0.847241  -0.495071    1.45615
         0          0          0          1

  0.327636  -0.534301   0.779216   0.744856
 -0.926539 -0.0203164    0.37565   0.540229
 -0.184879   -0.84505  -0.501707    1.46549
         0          0          0          1

   0.32868  -0.536397   0.777334   0.743074
 -0.927634 -0.0287678   0.372381   0.541915
 -0.177382  -0.843475  -0.507036    1.47167
         0          0          0          1

 0.328628 -0.539717  0.775054  0.741543
-0.929447 -0.039075  0.366881  0.544524
-0.167727 -0.840939  -0.51448   1.48131
        0         0         0         1

  0.329908  -0.541096   0.773547   0.739451
 -0.930419 -0.0478169   0.363364   0.546209
 -0.159626    -0.8396  -0.519221    1.48857
         0          0          0          1

  0.333245  -0.541576   0.771779   0.733819
  -0.93292 -0.0709718   0.353021   0.550926
 -0.136413  -0.837651  -0.528897    1.50761
         0          0          0          1

  0.333108  -0.542298   0.771331   0.732485
 -0.934151 -0.0787037    0.34809   0.553328
 -0.128062  -0.836492  -0.532805    1.51616
         0          0          0          1

  0.333198  -0.541827   0.771624   0.730255
 -0.935829 -0.0903131   0.340687   0.557013
 -0.114905  -0.835624  -0.537149     1.5267
         0          0          0          1

  0.333849  -0.542447   0.770906   0.728173
 -0.936523 -0.0979563   0.336644    0.55921
 -0.107097   -0.83436  -0.540717    1.53538
         0          0          0          1

 0.333248 -0.540899  0.772253   0.72257
-0.939123 -0.117782  0.322761  0.567145
-0.0836232   -0.8328 -0.547221   1.55715
        0         0         0         1

 0.332404 -0.539764  0.773409  0.720278
-0.940172 -0.124666  0.317072  0.570508
-0.074726 -0.832534 -0.548911    1.5658
        0         0         0         1

 0.331088 -0.540174  0.773688   0.71728
-0.941368  -0.13273  0.310175  0.574742
-0.0648571  -0.83102 -0.552448   1.57901
        0         0         0         1

 0.330491 -0.538964  0.774786  0.714108
 -0.94207 -0.138566  0.305457  0.578285
-0.057271 -0.830853 -0.553537   1.58897
        0         0         0         1

 0.328754 -0.536847  0.776992   0.70974
-0.943422  -0.14895  0.296258  0.583489
-0.043312 -0.830427 -0.555442   1.60106
        0         0         0         1

 0.325617 -0.535391  0.779314  0.707504
-0.944983 -0.156981  0.286991  0.588601
-0.0313147 -0.829887 -0.557052   1.60909
        0         0         0         1

 0.320144 -0.531125  0.784484  0.699862
-0.947328 -0.171745  0.270321  0.600571
-0.00884288 -0.829705 -0.558133   1.63383
        0         0         0         1

 0.317527 -0.530607  0.785896  0.698297
-0.948249 -0.177763  0.263104  0.606047
9.87553e-05 -0.828768 -0.559592   1.64349
        0         0         0         1

 0.313645 -0.527055  0.789836  0.694881
-0.949461 -0.184804  0.253714  0.613865
0.0122434 -0.829494 -0.558381   1.65685
        0         0         0         1

 0.310532 -0.524884  0.792506  0.692223
-0.950324 -0.190141  0.246438  0.619574
0.0213361 -0.829664 -0.557855    1.6666
        0         0         0         1

 0.310199 -0.519283  0.796318  0.686255
-0.950138 -0.197409  0.241387  0.626656
0.0318521  -0.83149 -0.554626   1.68009
        0         0         0         1

  0.30628 -0.517117  0.799239  0.684246
-0.951097 -0.201586  0.234046  0.633468
0.0400856 -0.831837  -0.55357   1.69043
        0         0         0         1

 0.298402 -0.508577  0.807654  0.678166
-0.952442 -0.213398   0.21752  0.651336
0.0617262 -0.834152 -0.548069   1.71375
        0         0         0         1

 0.295879 -0.504259  0.811282  0.674598
-0.952817 -0.216073  0.213195  0.657822
 0.067791 -0.836083 -0.544398   1.72419
        0         0         0         1

 0.291376 -0.500678  0.815121  0.670954
-0.953437 -0.221325  0.204872   0.66809
0.0778312 -0.836861 -0.541854   1.73729
        0         0         0         1

 0.291113 -0.496079  0.818022  0.665865
-0.952969 -0.225696  0.202266  0.674801
 0.084284 -0.838431 -0.538451   1.74737
        0         0         0         1

 0.283427 -0.493269  0.822408  0.658824
-0.953665 -0.235254   0.18756  0.694839
 0.100958 -0.837461 -0.537091   1.77091
        0         0         0         1

 0.279706 -0.492238  0.824297  0.655243
-0.953837 -0.240269  0.180183   0.70363
  0.10936 -0.836644 -0.536719   1.77894
        0         0         0         1

 0.275516 -0.496364  0.823234  0.651398
-0.954537 -0.242643   0.17316  0.714708
 0.113802 -0.833515  -0.54065   1.79372
        0         0         0         1

 0.273309 -0.498274  0.822816  0.648098
-0.953763 -0.251574  0.164458  0.723943
 0.125054 -0.829719 -0.543992   1.80079
        0         0         0         1

 0.272554 -0.501038  0.821386  0.642063
-0.953042 -0.257717  0.159035  0.734876
 0.132003 -0.826161 -0.547752   1.81436
        0         0         0         1

 0.269854 -0.500764  0.822444  0.637964
-0.951834 -0.267855  0.149219  0.744512
 0.145572 -0.823098 -0.548925    1.8204
        0         0         0         1

 0.264951 -0.505021  0.821434   0.62843
-0.949519  -0.28504  0.131021  0.768352
 0.167973 -0.814681 -0.555049   1.84221
        0         0         0         1

 0.262506 -0.505758  0.821766  0.624956
-0.948395 -0.292217  0.123111   0.77847
  0.17787 -0.811676 -0.556367   1.84957
        0         0         0         1

 0.260465 -0.511233  0.819023  0.622035
-0.946153 -0.304056  0.111103  0.792357
 0.192229  -0.80386   -0.5629   1.86117
        0         0         0         1

 0.262656 -0.512213   0.81771   0.61724
-0.943297 -0.314594  0.105933  0.802549
 0.202986 -0.799167 -0.565799   1.86817
        0         0         0         1

 0.265299 -0.516654  0.814054   0.60896
-0.936561 -0.338679 0.0902753  0.828798
 0.229062 -0.786362  -0.57373   1.88753
        0         0         0         1

 0.267003 -0.521258  0.810555  0.607502
-0.933118 -0.350032 0.0822747  0.839848
 0.240834 -0.778311 -0.579855   1.89566
        0         0         0         1

 0.270456  -0.52553  0.806642  0.603044
-0.928436  -0.36402 0.0741322  0.855075
 0.254675 -0.768966 -0.586372   1.90591
        0         0         0         1

 0.270216 -0.528428  0.804827  0.600517
-0.925219 -0.373785 0.0652195  0.867304
 0.266369 -0.762265 -0.589915   1.91119
        0         0         0         1

 0.273808 -0.532119  0.801173  0.594067
-0.919787 -0.388341 0.0564191  0.882658
 0.281107 -0.752357 -0.595767   1.91831
        0         0         0         1

 0.268685 -0.533759  0.801817  0.592756
-0.916289 -0.398323 0.0418858  0.896955
 0.297025  -0.74595   -0.5961   1.92137
        0         0         0         1

 0.263011 -0.531654   0.80509  0.582462
-0.906442 -0.421969 0.0174674  0.928759
 0.330436 -0.734361 -0.592896    1.9315
        0         0         0         1

 0.261492 -0.528504  0.807655  0.575881
-0.902973 -0.429549 0.0112698  0.939424
 0.340971 -0.732237 -0.589548   1.93712
        0         0         0         1

  0.252312  -0.533012   0.807612   0.578894
 -0.896178  -0.443512 -0.0127294   0.960569
   0.36497  -0.720552  -0.589577    1.93958
         0          0          0          1

  0.251996  -0.528698   0.810541   0.571552
 -0.890262   -0.45501 -0.0200119   0.972019
  0.379384   -0.71655   -0.58534    1.94336
         0          0          0          1

  0.250827   -0.52947     0.8104   0.563729
 -0.875792  -0.480765 -0.0430384    1.00552
    0.4124  -0.698947  -0.584295    1.95056
         0          0          0          1

  0.249422  -0.532804   0.808646   0.562441
 -0.872399  -0.486105 -0.0512001    1.01718
  0.420367  -0.692692  -0.586063    1.95748
         0          0          0          1

  0.246423   -0.53079   0.810887   0.554161
 -0.863351  -0.500377 -0.0651699    1.03565
  0.440341  -0.684021  -0.581562    1.95829
         0          0          0          1

  0.244301  -0.526886   0.814069   0.547332
 -0.855732  -0.512015 -0.0745855    1.04825
  0.456114  -0.678404  -0.575959    1.95942
         0          0          0          1

  0.236074  -0.524358   0.818119   0.544265
 -0.841927  -0.530758 -0.0972359    1.07225
   0.48521  -0.665841  -0.566769    1.95274
         0          0          0          1

 0.231541 -0.523627   0.81988  0.545418
-0.836173 -0.537854 -0.107365   1.08742
 0.497195 -0.660702 -0.562378   1.95458
        0         0         0         1

 0.222757 -0.521376  0.823739  0.543284
-0.820946 -0.556027  -0.12993    1.1242
 0.525764 -0.647302  -0.55188   1.95663
        0         0         0         1

 0.222118  -0.51606  0.827252  0.533022
-0.813718  -0.56553 -0.134307   1.13575
 0.537146 -0.643318 -0.545542   1.95743
        0         0         0         1

 0.223527 -0.513248  0.828621  0.524895
-0.806333 -0.574986 -0.138631   1.15181
 0.547597 -0.637156 -0.542374   1.96231
        0         0         0         1

 0.226309 -0.518535  0.824564  0.522986
 -0.80638 -0.574584 -0.140015   1.16163
 0.546384 -0.633225  -0.54817   1.97199
        0         0         0         1

