 0.419705 -0.343594  0.840114   0.42098
-0.740711 -0.664603 0.0982325   1.08817
  0.52459  -0.66351 -0.533441    2.0674
        0         0         0         1

 0.425228 -0.338516  0.839397  0.423239
-0.738225  -0.66629  0.105271    1.0832
 0.523646 -0.664428 -0.533226    2.0642
        0         0         0         1

 0.426556 -0.331014  0.841712  0.426736
-0.735248 -0.668886  0.109554   1.07633
 0.526746 -0.665598 -0.528695   2.05583
        0         0         0         1

 0.431841 -0.325608  0.841126  0.428562
-0.731798 -0.671626  0.115718   1.07035
 0.527243 -0.665506 -0.528314   2.05016
        0         0         0         1

 0.449865 -0.311702  0.836937  0.434181
 -0.73078 -0.667181  0.144325   1.05074
 0.513402 -0.676544 -0.527927   2.04952
        0         0         0         1

 0.455243 -0.314541  0.832957  0.442986
-0.731836 -0.665027  0.148849   1.04597
  0.50712 -0.677351 -0.532941   2.04938
        0         0         0         1

 0.463722  -0.30799  0.830725  0.445027
-0.734091 -0.658543  0.165625   1.03277
 0.496057 -0.686632 -0.531474   2.05168
        0         0         0         1

 0.474698 -0.301064  0.827056  0.445612
-0.729838  -0.65985  0.178702   1.02382
 0.491932 -0.688447 -0.532957    2.0495
        0         0         0         1

 0.490094 -0.281919  0.824821  0.444301
-0.722339 -0.660988  0.203279   1.00454
 0.487888 -0.695426 -0.527587   2.03925
        0         0         0         1

 0.496009 -0.278468  0.822454  0.447391
-0.720733 -0.660288  0.211101  0.998867
 0.484271 -0.697478  -0.52821   2.03612
        0         0         0         1

 0.499115 -0.276933  0.821092  0.455092
-0.723639 -0.654464  0.219142  0.989814
 0.476688 -0.703551 -0.527053     2.034
        0         0         0         1

 0.503939 -0.270521  0.820283  0.456181
-0.722018 -0.653172  0.228161  0.981693
 0.474063 -0.707238  -0.52448   2.03347
        0         0         0         1

 0.508898 -0.258667  0.821045  0.456477
-0.715853 -0.656891  0.236747  0.973522
 0.478098 -0.708227 -0.519458   2.02228
        0         0         0         1

 0.512116 -0.265427  0.816876  0.465455
-0.718334 -0.653753  0.237914  0.969535
 0.470886 -0.708629 -0.525462   2.02321
        0         0         0         1

 0.522471 -0.253566  0.814081    0.4674
-0.714198 -0.651691  0.255382  0.950857
 0.465773 -0.714845 -0.521586   2.01574
        0         0         0         1

 0.529236 -0.248628  0.811229  0.468419
 -0.71291 -0.648738  0.266267  0.941348
 0.460074 -0.719252 -0.520585    2.0151
        0         0         0         1

 0.537604 -0.237055  0.809189  0.465652
-0.710551 -0.644053  0.283394  0.928401
 0.453981 -0.727324 -0.514685   2.01551
        0         0         0         1

 0.540752 -0.233641  0.808084  0.466198
-0.707153 -0.646509  0.286288  0.922549
 0.455545  -0.72625 -0.514821   2.00866
        0         0         0         1

 0.544197 -0.233578  0.805786  0.472146
-0.706782  -0.64511  0.290332  0.915091
 0.452005 -0.727513 -0.516155   2.00642
        0         0         0         1

 0.547394 -0.231702   0.80416  0.473213
-0.705431 -0.644735  0.294422  0.908117
 0.450252 -0.728444 -0.516374   2.00428
        0         0         0         1

 0.555962 -0.227037    0.7996  0.477341
-0.700997 -0.645002  0.304263  0.890641
 0.446665 -0.729676 -0.517749   1.99672
        0         0         0         1

 0.557602 -0.227105  0.798438  0.479498
-0.702966 -0.640748  0.308676  0.882466
 0.441496 -0.733393 -0.516929   1.99727
        0         0         0         1

 0.563174 -0.224571  0.795238  0.480752
 -0.70195  -0.63779     0.317   0.87149
 0.436006 -0.736744 -0.516824   1.99824
        0         0         0         1

 0.563697 -0.223062  0.795292  0.481063
-0.702437 -0.636007  0.319497  0.864273
 0.434543 -0.738742 -0.515202   1.99609
        0         0         0         1

 0.572167 -0.214857  0.791493  0.480366
-0.699498  -0.63168  0.334189  0.845186
 0.428168  -0.74486 -0.511719   1.99444
        0         0         0         1

 0.571965 -0.213574  0.791987  0.482644
-0.698243 -0.633463  0.333438  0.841018
 0.430481 -0.743714 -0.511445   1.98915
        0         0         0         1

 0.573986 -0.214623  0.790239  0.485529
-0.700001 -0.629351  0.337515  0.831805
 0.424899 -0.746897 -0.511474   1.99158
        0         0         0         1

 0.577012 -0.210664  0.789099  0.481731
-0.698934 -0.627223  0.343632  0.822664
  0.42255 -0.749808 -0.509156    1.9914
        0         0         0         1

 0.575472 -0.214542  0.789179  0.487721
-0.700233 -0.627782  0.339946  0.817826
   0.4225 -0.748239 -0.511501   1.98853
        0         0         0         1

 0.575716 -0.211701  0.789768  0.486233
-0.700606 -0.625704  0.342997   0.80959
 0.421548 -0.750785 -0.508546   1.98892
        0         0         0         1

 0.579296 -0.208949  0.787881  0.486787
-0.700911 -0.621115  0.350628  0.789261
 0.416101 -0.755352 -0.506264   1.98899
        0         0         0         1

 0.580477 -0.208564  0.787114  0.486269
-0.700506 -0.620721  0.352131  0.782619
 0.415136 -0.755782 -0.506414   1.98909
        0         0         0         1

 0.584662 -0.206775  0.784483  0.484164
-0.701429 -0.614708  0.360737  0.769362
 0.407637 -0.761169 -0.504435   1.99398
        0         0         0         1

 0.583074  -0.20599  0.785871  0.485115
-0.700707 -0.617039  0.358151  0.766266
 0.411138 -0.759494 -0.504118   1.98879
        0         0         0         1

 0.585951 -0.203995   0.78425   0.48376
-0.699566 -0.615791  0.362503  0.747702
 0.408985 -0.761043 -0.503532    1.9896
        0         0         0         1

 0.585942  -0.20527  0.783924  0.486364
-0.699627 -0.616274  0.361563    0.7428
 0.408894 -0.760309 -0.504713   1.98786
        0         0         0         1

 0.587572 -0.203479   0.78317  0.484951
-0.699761  -0.61378  0.365525  0.730957
 0.406318 -0.762804 -0.503027   1.99098
        0         0         0         1

 0.588175 -0.203935  0.782599  0.485423
-0.699285 -0.614358  0.365465   0.72526
 0.406264 -0.762217 -0.503959   1.98981
        0         0         0         1

 0.589864 -0.202735  0.781639  0.484742
-0.698095 -0.614545  0.367421  0.715886
 0.405863 -0.762386 -0.504026   1.98829
        0         0         0         1

 0.591522 -0.202794  0.780369  0.483158
-0.697969 -0.613334  0.369676  0.706744
 0.403659 -0.763345 -0.504345   1.99124
        0         0         0         1

 0.594828 -0.207147  0.776704  0.486679
-0.697153 -0.613971  0.370159  0.689879
 0.400197 -0.761662  -0.50962    1.9943
        0         0         0         1

 0.595133 -0.211536  0.775286   0.48965
-0.697641 -0.614853  0.367768  0.685436
  0.39889 -0.759742 -0.513496   1.99377
        0         0         0         1

 0.596608  -0.21595  0.772933  0.488553
-0.697331 -0.616204   0.36609    0.6757
 0.397227 -0.757402 -0.518221   1.99502
        0         0         0         1

 0.597774 -0.219371  0.771066  0.489095
-0.696731 -0.617914  0.364347  0.668864
 0.396525 -0.755023 -0.522215   1.99486
        0         0         0         1

  0.59952 -0.226772  0.767561  0.489745
-0.696008 -0.621211  0.360097  0.650232
 0.395157 -0.750114 -0.530263   1.99608
        0         0         0         1

 0.602323  -0.22885  0.764745  0.488373
 -0.69573 -0.620199  0.362371  0.640337
 0.391365  -0.75032 -0.532778   1.99885
        0         0         0         1

 0.603601 -0.236089   0.76153  0.491629
-0.697532 -0.618986  0.360978  0.630804
 0.386154 -0.749079   -0.5383   2.00169
        0         0         0         1

  0.60512 -0.239345  0.759305  0.490471
-0.697797 -0.618613  0.361105  0.621769
 0.383287 -0.748352  -0.54135   2.00303
        0         0         0         1

 0.603649 -0.246311  0.758247   0.49393
-0.699597 -0.619748  0.355636  0.614791
 0.382325 -0.745147 -0.546429   2.00281
        0         0         0         1

 0.602855 -0.249565  0.757814  0.494647
-0.702848 -0.615622  0.356391  0.605044
 0.377585  -0.74748 -0.546537   2.00687
        0         0         0         1

 0.600204 -0.256089  0.757743  0.495225
 -0.70599 -0.614895  0.351399  0.586511
 0.375943  -0.74587 -0.549859   2.00641
        0         0         0         1

 0.597174 -0.260343  0.758686  0.497633
-0.709368  -0.61292  0.348031  0.579642
 0.374407 -0.746023 -0.550699    2.0082
        0         0         0         1

 0.596479 -0.264847  0.757673  0.497262
 -0.71205  -0.61025  0.347247    0.5677
 0.370403 -0.746626 -0.552586   2.01032
        0         0         0         1

 0.592899 -0.268883   0.75906  0.498935
-0.714568  -0.61029  0.341962  0.562163
 0.371299 -0.745149 -0.553976   2.00862
        0         0         0         1

 0.584342 -0.285873  0.759488  0.502645
-0.722846 -0.608727  0.327024  0.544742
 0.368834 -0.740087 -0.562346   2.01078
        0         0         0         1

 0.583607 -0.287522   0.75943  0.500302
-0.725536 -0.604642  0.328642  0.533053
 0.364691 -0.742792 -0.561481   2.01416
        0         0         0         1

 0.580892 -0.294453  0.758855  0.500913
-0.728715 -0.603514  0.323643  0.521976
 0.362682 -0.740991 -0.565149   2.01596
        0         0         0         1

 0.576708  -0.30041  0.759711  0.501766
-0.732756 -0.601385  0.318443  0.514334
 0.361215 -0.740331 -0.566951   2.01711
        0         0         0         1

 0.572582 -0.309075  0.759357  0.501854
  -0.7381 -0.597509  0.313355  0.502688
 0.356873 -0.739903 -0.570251   2.01954
        0         0         0         1

 0.566538 -0.316621   0.76078  0.502566
-0.743399 -0.594696  0.306095  0.495361
 0.355517 -0.738977 -0.572294   2.02019
        0         0         0         1

 0.556549 -0.335183  0.760201  0.503324
 -0.75385 -0.588357  0.292484  0.475069
 0.349234 -0.735859 -0.580127   2.02123
        0         0         0         1

 0.549728 -0.345175  0.760693  0.505989
-0.760246 -0.584092  0.284364  0.468288
 0.346159 -0.734636  -0.58351   2.02251
        0         0         0         1

 0.540735 -0.354202  0.762986  0.506469
-0.767246  -0.57954  0.274713   0.45757
 0.344877 -0.733944 -0.585137   2.02359
        0         0         0         1

 0.534432 -0.361477  0.764013  0.506871
-0.772065 -0.576624  0.267247   0.45074
 0.343945 -0.732693  -0.58725   2.02276
        0         0         0         1

 0.518652 -0.384788  0.763504  0.509491
-0.787642 -0.562419  0.251603   0.43119
 0.332596 -0.731863 -0.594775   2.02471
        0         0         0         1

 0.514935 -0.390026  0.763362   0.50705
-0.792013 -0.557152  0.249594   0.42106
 0.327961 -0.733117 -0.595803   2.02499
        0         0         0         1

 0.504266 -0.401195  0.764695  0.507616
 -0.80129 -0.547528  0.241139  0.409837
 0.321948 -0.734341 -0.597573   2.02573
        0         0         0         1

 0.497867  -0.41133  0.763502  0.508355
-0.807605 -0.540747  0.235303  0.401709
 0.316074 -0.733758 -0.601412   2.02617
        0         0         0         1

 0.488157 -0.421371  0.764296  0.507666
-0.816332 -0.530213  0.229076  0.390164
 0.308714 -0.735744 -0.602806   2.02591
        0         0         0         1

 0.481503   -0.4333  0.761844  0.509218
-0.823705 -0.520705  0.224449  0.382938
 0.299442 -0.735607 -0.607632   2.02653
        0         0         0         1

 0.465797 -0.455207  0.758828  0.509247
-0.838976 -0.499825   0.21516  0.364694
 0.281338 -0.736859 -0.614725   2.02317
        0         0         0         1

 0.457671 -0.467794  0.756113   0.51246
-0.846268 -0.490017  0.209076  0.358983
 0.272704 -0.735562 -0.620146   2.02319
        0         0         0         1

 0.447362   -0.4758  0.757286  0.511526
 -0.85406 -0.478567  0.203849  0.348476
  0.26542 -0.737962 -0.620455   2.02068
        0         0         0         1

 0.439209 -0.483304  0.757306  0.512316
-0.860528 -0.468452  0.200113   0.34146
 0.258046 -0.739574 -0.621645   2.02003
        0         0         0         1

 0.413798 -0.498541  0.761727  0.513704
-0.874861 -0.449172  0.181279  0.327487
 0.251771 -0.741418 -0.622021   2.01249
        0         0         0         1

 0.405161 -0.505692  0.761656  0.515113
-0.881205  -0.43795  0.177983  0.320304
 0.243562 -0.743287 -0.623059   2.01215
        0         0         0         1

 0.393125 -0.513962  0.762427  0.517081
-0.888268 -0.426512  0.170494  0.314314
 0.237557 -0.744265 -0.624208   2.00729
        0         0         0         1

 0.385577 -0.518223  0.763397  0.516474
-0.893293 -0.416799  0.168246  0.308313
 0.230994 -0.746809 -0.623633   2.00361
        0         0         0         1

  0.37558 -0.524863  0.763844  0.516947
 -0.90034 -0.402125  0.166381  0.299941
 0.219834 -0.750209 -0.623586   1.99934
        0         0         0         1

 0.365331 -0.530652  0.764815  0.518453
-0.905529 -0.393017  0.159859  0.296278
 0.215756 -0.750964 -0.624102   1.99529
        0         0         0         1

 0.341824 -0.539248  0.769655  0.518877
-0.917956 -0.367003  0.150553  0.281514
 0.201281 -0.757972 -0.620456   1.98688
        0         0         0         1

 0.331548 -0.542749  0.771686  0.519613
 -0.92266 -0.357255  0.145145  0.277602
 0.196912 -0.760126  -0.61922   1.98209
        0         0         0         1

 0.318518 -0.548327   0.77323  0.520438
-0.928403 -0.345118  0.137703  0.272074
 0.191349 -0.761729 -0.618994   1.97557
        0         0         0         1

 0.310608 -0.552424  0.773531  0.520903
-0.932449 -0.335085  0.135117   0.26773
 0.184557 -0.763246 -0.619188   1.97132
        0         0         0         1

 0.287663 -0.560985  0.776238  0.521871
-0.942248 -0.310925  0.124478   0.25727
 0.171522 -0.767216 -0.618028   1.95929
        0         0         0         1

 0.278102 -0.564641  0.777071  0.522583
-0.945885  -0.30181  0.119214  0.254352
 0.167215 -0.768174 -0.618019    1.9538
        0         0         0         1

 0.265189 -0.571638   0.77647  0.524045
-0.951179 -0.286982  0.113581  0.249989
 0.157906 -0.768682 -0.619834   1.94742
        0         0         0         1

  0.25783 -0.574563  0.776789  0.523179
-0.954231 -0.277531  0.111446  0.245733
  0.15155  -0.76997 -0.619822   1.94177
        0         0         0         1

 0.246754 -0.579479  0.776735  0.522773
-0.958418  -0.26449  0.107149  0.241222
 0.143348 -0.770876 -0.620646   1.93337
        0         0         0         1

  0.23875 -0.585454  0.774753  0.523291
  -0.9617  -0.25318  0.105041  0.237596
 0.134655 -0.770158 -0.623478   1.92947
        0         0         0         1

  0.21609 -0.592603  0.775968  0.521705
-0.968997 -0.227669 0.0959741    0.2307
 0.119789  -0.77265 -0.623428   1.91391
        0         0         0         1

 0.208843 -0.595384  0.775824  0.520678
-0.971734 -0.215636  0.096096   0.22651
 0.110082 -0.773963 -0.623589    1.9087
        0         0         0         1

 0.197532   -0.5995  0.775616   0.51948
-0.975207 -0.200695 0.0932393  0.223144
0.0997652 -0.774804 -0.624281   1.90023
        0         0         0         1

 0.191048 -0.601836  0.775431  0.518193
-0.977444 -0.189098 0.0940541  0.219814
0.0900272 -0.775909 -0.624388   1.89458
        0         0         0         1

 0.173182 -0.608323  0.774565  0.515147
 -0.98259 -0.160426 0.0936993  0.212878
0.0672611 -0.777307 -0.625516   1.87905
        0         0         0         1

 0.164419  -0.61002   0.77514  0.514188
-0.984534 -0.149682 0.0910385  0.210793
 0.060489  -0.77812 -0.625196    1.8731
        0         0         0         1

 0.151625 -0.612737  0.775605  0.513548
 -0.98708 -0.134978 0.0863328  0.208933
0.0517905 -0.778674 -0.625287   1.86489
        0         0         0         1

 0.144653 -0.613934   0.77599  0.511959
-0.988463 -0.125256 0.0851619  0.206555
0.0449141 -0.779356 -0.624969   1.85902
        0         0         0         1

 0.135102 -0.617705  0.774718  0.510446
-0.990275 -0.110373 0.0846893  0.203136
0.0331952 -0.778626  -0.62661   1.85205
        0         0         0         1

  0.126983  -0.618936   0.775109   0.508885
 -0.991561 -0.0997839   0.082765   0.201203
 0.0261172  -0.779078  -0.626383    1.84597
         0          0          0          1

    0.1079  -0.620109    0.77706   0.503733
 -0.994114 -0.0749752  0.0782073   0.195599
0.00976311  -0.780925  -0.624549    1.83105
         0          0          0          1

  0.100415  -0.621249   0.777153   0.501907
 -0.994937 -0.0659505  0.0758339   0.193923
 0.0041418  -0.780833  -0.624726    1.82502
         0          0          0          1

 0.0908289  -0.624549   0.775686   0.500179
 -0.995855 -0.0532763  0.0737139   0.192042
-0.00471226  -0.779166    -0.6268    1.81748
         0          0          0          1

 0.0852519  -0.627047   0.774303   0.498117
 -0.996282 -0.0439535  0.0740977   0.189732
-0.0124294  -0.777741  -0.628462    1.81206
         0          0          0          1

 0.0689579  -0.631144   0.772595   0.493179
 -0.997319 -0.0246146  0.0689077   0.185828
-0.0244735  -0.775275  -0.631149    1.79706
         0          0          0          1

 0.0621083  -0.631898   0.772559   0.491668
 -0.997675 -0.0175452  0.0658553   0.184531
-0.0280592  -0.774853  -0.631518    1.79136
         0          0          0          1

  0.0533255   -0.631913    0.773203    0.489237
  -0.997986 -0.00708504   0.0630378    0.182452
 -0.0343562   -0.775007   -0.631018      1.7835
          0           0           0           1

  0.0473101   -0.631812    0.773676    0.487393
  -0.998092 0.000859087   0.0617346    0.180821
 -0.0396693   -0.775121   -0.630566     1.77814
          0           0           0           1

0.0396702 -0.632601  0.773461  0.484922
-0.998133 0.0108852 0.0600962  0.178334
-0.0464362 -0.774402 -0.630988   1.77104
        0         0         0         1

0.0341792 -0.630329  0.775575  0.482502
-0.998202 0.0167048 0.0575666  0.177444
-0.0492418 -0.776148 -0.628625   1.76428
        0         0         0         1

0.0206359 -0.627797  0.778104  0.477257
-0.997955 0.0341603  0.054028  0.173963
-0.0604988 -0.777627 -0.625808   1.74927
        0         0         0         1

 0.015517 -0.627468  0.778488  0.475267
 -0.99782 0.0402342 0.0523179  0.172444
-0.0641497 -0.777602 -0.625476   1.74345
        0         0         0         1

0.00790375 -0.627248  0.778779  0.472853
-0.997618 0.0484262 0.0491284  0.170876
-0.068529 -0.777313 -0.625371   1.73568
        0         0         0         1

0.0031154 -0.627227   0.77883  0.470836
 -0.99744 0.0536962 0.0472339  0.169651
-0.0714466 -0.776983 -0.625454   1.73007
        0         0         0         1

-0.00744857 -0.628092  0.778104  0.466176
-0.996707 0.0674932 0.0449399  0.165854
-0.0807431 -0.775207 -0.626526   1.71675
        0         0         0         1

-0.0119676 -0.628132  0.778015  0.464802
 -0.99645 0.0723301 0.0430684  0.165095
-0.0833265 -0.774738 -0.626768   1.71097
        0         0         0         1

-0.0169878  -0.63089  0.775686  0.463121
-0.995897 0.0796441 0.0429666  0.163381
-0.088886 -0.771774 -0.629654   1.70465
        0         0         0         1

-0.0229185 -0.630921  0.775509  0.462488
-0.995512 0.0856435 0.0402556  0.163341
-0.0918154 -0.771106 -0.630052    1.6993
        0         0         0         1

-0.0271595 -0.631534  0.774873  0.460813
-0.994771 0.0934197 0.0412715  0.161278
-0.0984527   -0.7697 -0.630769   1.69252
        0         0         0         1

-0.0302704 -0.630408  0.775674  0.459667
-0.994178 0.0992736 0.0418845  0.160388
-0.103408  -0.76989 -0.629743   1.68653
        0         0         0         1

-0.0330908 -0.629149   0.77658  0.457011
-0.992179   0.11425 0.0502821  0.157248
-0.120359 -0.768842 -0.628009   1.67224
        0         0         0         1

-0.0342145 -0.627303  0.778024  0.456428
-0.991379  0.119824 0.0530142  0.156516
-0.126482 -0.769502 -0.625994    1.6661
        0         0         0         1

-0.0368291 -0.625125  0.779656   0.45608
 -0.99008  0.128687 0.0564115  0.155316
-0.135596 -0.769844 -0.623662   1.65852
        0         0         0         1

-0.0367515 -0.624354  0.780276  0.455665
-0.989188  0.133658 0.0603582  0.153679
-0.141975 -0.769621 -0.622516   1.65321
        0         0         0         1

-0.0367791 -0.620098  0.783661  0.455752
-0.987135   0.14465 0.0681304  0.150633
-0.155604 -0.771074 -0.617441   1.63895
        0         0         0         1

-0.0361279 -0.620184  0.783624  0.456582
-0.986399  0.147949 0.0716145  0.149553
 -0.16035 -0.770378 -0.617094   1.63386
        0         0         0         1

-0.0365448 -0.620966  0.782985  0.458612
-0.985476  0.152414 0.0748802  0.148777
-0.165836 -0.768877 -0.617517   1.62651
        0         0         0         1

-0.0360548 -0.622513  0.781778  0.460285
-0.984825  0.155023 0.0780223  0.147656
-0.169764 -0.767102 -0.618656   1.62182
        0         0         0         1

-0.0355743 -0.624678  0.780071  0.463273
-0.984127  0.157694 0.0814009  0.146504
-0.173862 -0.764794 -0.620373   1.61585
        0         0         0         1

-0.0355155 -0.624719  0.780042  0.465873
-0.983661  0.159698 0.0831125  0.145917
-0.176493 -0.764345 -0.620183   1.61087
        0         0         0         1

-0.0297706 -0.623698  0.781099    0.4727
-0.982951  0.160117 0.0903878  0.143439
-0.181442 -0.765091 -0.617831   1.59786
        0         0         0         1

-0.0282551 -0.623391  0.781399  0.476356
-0.982685  0.160525 0.0925319  0.142781
-0.183118 -0.765255 -0.617133   1.59349
        0         0         0         1

-0.0252744 -0.622486  0.782223  0.481976
-0.982276   0.16084 0.0962567  0.141929
-0.185731 -0.765925 -0.615518   1.58736
        0         0         0         1

-0.0220015 -0.620599  0.783819  0.486032
-0.982086  0.160176 0.0992548  0.140823
-0.187147 -0.767594 -0.613006   1.58247
        0         0         0         1

-0.00992749 -0.614521  0.788838  0.497675
-0.981398  0.157245  0.110146  0.138035
-0.191728  -0.77307 -0.604651   1.57085
        0         0         0         1

-0.00437224 -0.611436  0.791282  0.503013
-0.981039  0.155945   0.11508  0.137088
-0.193761 -0.775775 -0.600524   1.56652
        0         0         0         1

0.00263801 -0.607372  0.794413   0.51085
-0.980724  0.153642  0.120725  0.136079
 -0.19538 -0.779418 -0.595259   1.56034
        0         0         0         1

0.00721047  -0.60421  0.796793  0.516785
 -0.98055  0.152015  0.124147  0.135269
-0.196135 -0.782191 -0.591362   1.55599
        0         0         0         1

0.0154449 -0.600331  0.799602  0.524964
-0.980114  0.149136  0.130901  0.133353
-0.197833 -0.785723  -0.58609   1.55055
        0         0         0         1

0.0209385 -0.598173  0.801093  0.531712
-0.979781   0.14719  0.135515  0.132506
-0.198975 -0.787733 -0.582997   1.54676
        0         0         0         1

0.0409865 -0.592014  0.804885  0.549508
  -0.9781  0.140747   0.15333  0.129597
-0.204058 -0.793542  -0.57328   1.53681
        0         0         0         1

0.0481934 -0.590491  0.805604  0.557309
-0.977451  0.138129  0.159719  0.128939
 -0.20559 -0.795135 -0.570519   1.53321
        0         0         0         1

 0.059266 -0.588755  0.806136  0.568178
-0.976386  0.133873  0.169556  0.127832
-0.207747 -0.797148 -0.566918   1.52837
        0         0         0         1

0.0669974 -0.586439  0.807218  0.576327
  -0.9758  0.130265  0.175626  0.127213
-0.208147  -0.79945  -0.56352   1.52459
        0         0         0         1

0.0888559 -0.581854  0.808424  0.597411
-0.974028  0.118948  0.192669   0.12516
-0.208266 -0.804548 -0.556173   1.51605
        0         0         0         1

0.0977496 -0.579988  0.808739  0.606143
-0.973148   0.11446  0.199706  0.124521
-0.208395 -0.806544 -0.553225   1.51289
        0         0         0         1

  0.11082 -0.578859  0.807862  0.618558
-0.971627  0.107799  0.210526  0.123784
-0.208952 -0.808271 -0.550488   1.50906
        0         0         0         1

 0.121095 -0.578051  0.806965  0.627541
-0.970391   0.10222  0.218842  0.123137
 -0.20899 -0.809573 -0.548558   1.50631
        0         0         0         1

 0.134637  -0.57747  0.805233  0.640064
-0.968598 0.0947209   0.22988  0.122216
-0.209021 -0.810898 -0.546584   1.50311
        0         0         0         1

 0.143995 -0.576178   0.80454  0.649316
-0.967527 0.0887055  0.236693  0.121852
-0.207744 -0.812497 -0.544694   1.50056
        0         0         0         1

 0.171637 -0.573595  0.800956  0.673022
-0.963382 0.0722789  0.258206  0.120761
-0.205998 -0.815944 -0.540185   1.49418
        0         0         0         1

 0.183442 -0.573629   0.79831   0.68258
-0.961172 0.0656383   0.26803   0.12051
 -0.20615 -0.816481 -0.539315   1.49195
        0         0         0         1

 0.199529 -0.572607  0.795179  0.695434
-0.957998 0.0565897  0.281134  0.120235
-0.205978 -0.817875 -0.537265   1.48875
        0         0         0         1

 0.210144 -0.572876  0.792246  0.705072
 -0.95573 0.0503395  0.289908  0.120319
-0.205963 -0.818095 -0.536936   1.48676
        0         0         0         1

 0.225762 -0.572254  0.788389  0.717885
-0.952214   0.04127   0.30263  0.120384
-0.205718 -0.819037 -0.535591   1.48394
        0         0         0         1

 0.237746 -0.572029  0.785022   0.72723
-0.949228 0.0345888   0.31268  0.120393
-0.206015 -0.819503 -0.534763   1.48201
        0         0         0         1

 0.266063 -0.569284  0.777898  0.750503
-0.941817 0.0184353  0.335619  0.120887
-0.205404 -0.821934 -0.531257   1.47735
        0         0         0         1

 0.276369 -0.567533  0.775582  0.759509
-0.938973 0.0125355  0.343764  0.121319
-0.204819 -0.823256 -0.529433    1.4756
        0         0         0         1

   0.2918 -0.564431  0.772186   0.77137
-0.934491 0.0038734  0.355964   0.12172
-0.203908 -0.825471 -0.526325   1.47313
        0         0         0         1

   0.302741   -0.561961    0.769771    0.779901
  -0.931163 -0.00221456    0.364598    0.122089
  -0.203185   -0.827161   -0.523947     1.47151
          0           0           0           1

  0.328386  -0.554791   0.764441   0.801151
 -0.923177 -0.0173501   0.383983   0.123541
 -0.199767  -0.831809  -0.517868    1.46743
         0          0          0          1

  0.337914  -0.552051   0.762269   0.809246
 -0.920044 -0.0230878   0.391134   0.124319
 -0.198327  -0.833491  -0.515712    1.46589
         0          0          0          1

  0.350582   -0.54866   0.758989   0.820198
 -0.915581 -0.0303296   0.400988   0.125374
 -0.196986  -0.835495  -0.512976    1.46401
         0          0          0          1

  0.359516  -0.545941   0.756767   0.827883
 -0.912423 -0.0357326   0.407686   0.126185
 -0.195531  -0.837061  -0.510975    1.46266
         0          0          0          1

  0.370482  -0.542492   0.753953   0.838322
 -0.908433 -0.0424164   0.415872   0.127503
 -0.193627  -0.838989  -0.508532    1.46091
         0          0          0          1

  0.379538  -0.540458   0.750904   0.845631
 -0.904739 -0.0471639   0.423347   0.128308
 -0.193385  -0.840048  -0.506874    1.45969
         0          0          0          1

  0.396662  -0.534418   0.746363   0.863554
   -0.8982 -0.0581439   0.435724   0.130999
 -0.189462  -0.843218  -0.503078    1.45683
         0          0          0          1

   0.40139  -0.531785   0.745715   0.870142
 -0.896596 -0.0618274   0.438513   0.132216
 -0.187089  -0.844619  -0.501613    1.45572
         0          0          0          1

  0.408887  -0.528377   0.744063   0.878747
 -0.893636 -0.0665357   0.443834   0.133704
 -0.185005  -0.846399  -0.499382    1.45433
         0          0          0          1

  0.413722  -0.526992    0.74237   0.884993
 -0.891506 -0.0692381   0.447686   0.134868
 -0.184526  -0.847045  -0.498462    1.45343
         0          0          0          1

  0.427014  -0.523673   0.737174   0.899852
 -0.885345 -0.0763166   0.458629   0.137636
 -0.183913  -0.848494   -0.49622    1.45088
         0          0          0          1

   0.43078  -0.522972   0.735479   0.905194
 -0.883599 -0.0786845   0.461586   0.138712
 -0.183526   -0.84871  -0.495993    1.44991
         0          0          0          1

  0.434847  -0.523333   0.732824   0.912438
 -0.881441 -0.0808032    0.46533   0.140192
 -0.184308  -0.848288  -0.496424    1.44876
         0          0          0          1

  0.438161   -0.52414   0.730268   0.917256
 -0.879548 -0.0823397   0.468631   0.141127
 -0.185498  -0.847642  -0.497085    1.44794
         0          0          0          1

  0.440842  -0.525553   0.727634   0.923677
 -0.877938 -0.0837893   0.471386     0.1425
  -0.18677  -0.846624  -0.498341    1.44675
         0          0          0          1

  0.442288  -0.526936   0.725755   0.927968
  -0.87701 -0.0847404   0.472939   0.143471
 -0.187708   -0.84567  -0.499608    1.44585
         0          0          0          1

  0.445208  -0.530946   0.721031   0.938081
 -0.874804 -0.0860819   0.476768   0.145911
  -0.19107  -0.843022  -0.502798    1.44322
         0          0          0          1

  0.446373  -0.533154   0.718678   0.941676
 -0.873639 -0.0858329   0.478944   0.146804
 -0.193664  -0.841653  -0.504098    1.44219
         0          0          0          1

   0.44767  -0.536754   0.715183   0.946198
 -0.872105 -0.0853884    0.48181    0.14794
 -0.197545  -0.839407  -0.506332    1.44062
         0          0          0          1

 0.448231 -0.539645  0.712651  0.949208
-0.871148 -0.084909  0.483623  0.148831
-0.200475   -0.8376  -0.50817   1.43931
        0         0         0         1

   0.44816  -0.549389   0.705212   0.956078
 -0.868734 -0.0815957   0.488511   0.150935
 -0.210841  -0.831573  -0.513841    1.43613
         0          0          0          1

  0.447526  -0.553406   0.702468   0.958288
  -0.86811 -0.0802342   0.489844   0.151786
 -0.214721  -0.829038  -0.516325    1.43468
         0          0          0          1

  0.445749  -0.559645   0.698645   0.961117
 -0.867677 -0.0782225   0.490935   0.152999
 -0.220099  -0.825033  -0.520459    1.43263
         0          0          0          1

  0.444155  -0.565577   0.694873   0.963047
 -0.867309 -0.0768822   0.491797   0.153881
 -0.224726  -0.821104  -0.524678    1.43117
         0          0          0          1

  0.441877  -0.576033     0.6877   0.965703
 -0.866557 -0.0758308   0.493283   0.155099
 -0.231998  -0.813902  -0.532673    1.42915
         0          0          0          1

  0.440066  -0.586061   0.680349   0.967676
 -0.865797 -0.0759423     0.4946   0.156007
 -0.238198  -0.806701  -0.540829    1.42771
         0          0          0          1

  0.441532  -0.610484   0.657539   0.970529
  -0.86119 -0.0826884   0.501511    0.15763
 -0.251794    -0.7877  -0.562253    1.42379
         0          0          0          1

  0.443835   -0.61394   0.652754   0.971376
 -0.859881 -0.0867593   0.503068   0.158489
 -0.252221   -0.78457  -0.566422    1.42186
         0          0          0          1

  0.443577  -0.619187   0.647956   0.972969
 -0.859488 -0.0889875    0.50335   0.159688
 -0.254008  -0.780185  -0.571657    1.42029
         0          0          0          1

   0.44216  -0.620949   0.647237   0.973919
 -0.859959 -0.0884288   0.502644   0.160516
 -0.254882  -0.778847  -0.573091    1.41933
         0          0          0          1

  0.437137  -0.623737   0.647968   0.975596
 -0.861814 -0.0844074   0.500153   0.162225
  -0.25727  -0.777063  -0.574443    1.41743
         0          0          0          1

  0.435446  -0.623666   0.649174   0.975876
 -0.862272 -0.0818049   0.499796   0.162719
   -0.2586  -0.777398  -0.573392    1.41677
         0          0          0          1

  0.433238  -0.623393   0.650911   0.975979
 -0.862999 -0.0786875    0.49904   0.163377
  -0.25988  -0.777939  -0.572078    1.41569
         0          0          0          1

  0.431586  -0.623647   0.651765   0.975954
 -0.863497 -0.0765901   0.498505   0.163823
 -0.260972  -0.777945  -0.571572    1.41492
         0          0          0          1

  0.429652  -0.624733   0.652003   0.975976
 -0.863843 -0.0740593   0.498287   0.164471
 -0.263009  -0.777319  -0.571491    1.41397
         0          0          0          1

 0.428184 -0.627132  0.650665  0.976122
-0.863916 -0.072806  0.498345  0.164944
-0.265156 -0.775503 -0.572963   1.41334
        0         0         0         1

  0.423328  -0.636387   0.644829   0.976321
 -0.863549 -0.0681751   0.499635   0.166048
    -0.274  -0.768351  -0.578412    1.41249
         0          0          0          1

  0.420607  -0.642428   0.640606   0.976541
 -0.863842 -0.0678058   0.499179   0.166587
  -0.27725   -0.76334  -0.583476    1.41231
         0          0          0          1

 0.417279 -0.652461  0.632593  0.976794
 -0.86356  -0.06784  0.499662  0.167309
-0.283095  -0.75478 -0.591747   1.41241
        0         0         0         1

  0.414479  -0.659563   0.627043   0.977194
 -0.863193 -0.0666633   0.500454   0.167953
 -0.288281  -0.748687  -0.596961    1.41252
         0          0          0          1

  0.409712  -0.674721   0.613912   0.977782
 -0.860777 -0.0631606   0.505048   0.169996
 -0.301992  -0.735365  -0.606662    1.41277
         0          0          0          1

 0.407417  -0.68103  0.608448  0.977921
 -0.85989 -0.061686  0.506739  0.171081
-0.307572 -0.729652 -0.610743   1.41284
        0         0         0         1

  0.404403    -0.6886   0.601904   0.977987
 -0.858305 -0.0584546   0.509799   0.172724
 -0.315863  -0.722782  -0.614668    1.41306
         0          0          0          1

  0.402975  -0.691791   0.599196   0.977803
 -0.856711 -0.0548131   0.512877   0.174028
  -0.32196  -0.720014  -0.614753    1.41324
         0          0          0          1

  0.401575  -0.693139   0.598578   0.977361
 -0.854629 -0.0487109   0.516949   0.176063
  -0.32916  -0.719156  -0.611938    1.41354
         0          0          0          1

  0.400289  -0.692704   0.599941   0.976859
  -0.85391 -0.0443559   0.518527   0.177729
 -0.332575  -0.719857  -0.609262    1.41386
         0          0          0          1

   0.39659  -0.688241   0.607487   0.974884
 -0.853575 -0.0329386   0.519928   0.182454
 -0.337826  -0.724734  -0.600528    1.41492
         0          0          0          1

  0.394564  -0.685691   0.611676   0.974006
 -0.854162 -0.0283185   0.519235    0.18452
 -0.338713  -0.727342  -0.596865    1.41552
         0          0          0          1

  0.391508  -0.682267   0.617441   0.972667
 -0.855443 -0.0226411   0.517402   0.187428
 -0.339026  -0.730753  -0.592504    1.41646
         0          0          0          1

  0.388711  -0.679937   0.621764   0.971621
 -0.856901 -0.0188148   0.515137   0.189588
 -0.338563  -0.733029  -0.589952    1.41745
         0          0          0          1

  0.381734  -0.675507   0.630848   0.968603
 -0.861502 -0.0128063   0.507593   0.195145
 -0.334804  -0.737242  -0.586839    1.42065
         0          0          0          1

  0.379287  -0.674483   0.633415   0.967245
 -0.863249 -0.0115175   0.504647   0.197213
  -0.33308  -0.738201  -0.586615    1.42251
         0          0          0          1

  0.376588  -0.673752   0.635798   0.965257
 -0.865557 -0.0113173   0.500683   0.199999
 -0.330141  -0.738871  -0.587432    1.42498
         0          0          0          1

  0.374491  -0.674282   0.636475   0.964151
 -0.867129 -0.0115681   0.497949   0.202136
 -0.328395  -0.738383  -0.589022    1.42707
         0          0          0          1

  0.372998  -0.675459   0.636104    0.96198
 -0.868248 -0.0123808   0.495976   0.204701
 -0.327136  -0.737294  -0.591083    1.43044
         0          0          0          1

  0.372696  -0.676457   0.635219   0.960234
 -0.868702 -0.0136531   0.495146   0.206537
 -0.326272  -0.736356  -0.592728     1.4329
         0          0          0          1

    0.3718  -0.679251   0.632758   0.955573
   -0.8698 -0.0167337    0.49312   0.211302
 -0.324364  -0.733715  -0.597035    1.44006
         0          0          0          1

  0.371691  -0.679783   0.632251   0.953443
 -0.870265 -0.0180066   0.492255   0.213212
 -0.323242  -0.733192  -0.598284    1.44299
         0          0          0          1

  0.371873  -0.680037    0.63187   0.950291
 -0.870861 -0.0198838   0.491127    0.21584
  -0.32142  -0.732908  -0.599612    1.44726
         0          0          0          1

  0.372168   -0.67981   0.631941   0.947896
 -0.871463 -0.0216079   0.489985   0.217787
 -0.319441   -0.73307  -0.600471    1.45052
         0          0          0          1

  0.373684  -0.677694   0.633318   0.941303
  -0.87371 -0.0279235   0.485645   0.222862
 -0.311434  -0.734814  -0.602542    1.45999
         0          0          0          1

 0.374832 -0.675976  0.634475  0.938494
-0.874757 -0.031187  0.483558  0.224889
-0.307086 -0.736264 -0.603004   1.46421
        0         0         0         1

   0.37643  -0.672874    0.63682   0.934795
 -0.876842 -0.0368581   0.479364   0.227802
  -0.29908  -0.738838  -0.603879    1.46982
         0          0          0          1

  0.378588  -0.670007   0.638562   0.931893
 -0.878159 -0.0420513   0.476517   0.229885
 -0.292418  -0.741162  -0.604293    1.47403
         0          0          0          1

  0.382388  -0.666321   0.640153   0.928133
 -0.879277 -0.0494681   0.473736   0.232836
 -0.283993  -0.744023  -0.604796    1.48011
         0          0          0          1

  0.385202  -0.664338   0.640526   0.925563
 -0.879854 -0.0550363   0.472047   0.235128
 -0.278347  -0.745403  -0.605721    1.48472
         0          0          0          1

  0.394532  -0.660065   0.639264   0.918516
 -0.880465 -0.0724995   0.468535    0.24105
 -0.262917  -0.747702  -0.609768    1.49701
         0          0          0          1

 0.397736 -0.659162   0.63821  0.915977
-0.880958 -0.080012   0.46638  0.243717
-0.256356 -0.747732 -0.612518   1.50206
        0         0         0         1

  0.403529  -0.658529   0.635219   0.912273
 -0.880706 -0.0913527   0.464771    0.24728
 -0.248036   -0.74699  -0.616834    1.50926
         0          0          0          1

 0.407645 -0.659079  0.632013  0.909655
-0.880428 -0.100088  0.463497  0.250093
-0.242224 -0.745384 -0.621072   1.51475
        0         0         0         1

 0.419079 -0.661367  0.622066  0.902977
-0.878504 -0.122297  0.461816  0.257791
-0.229353 -0.740025 -0.632266   1.52956
        0         0         0         1

 0.424219 -0.661546  0.618381  0.900311
-0.877516 -0.131686  0.461112  0.261192
-0.223614 -0.738252 -0.636381   1.53515
        0         0         0         1

 0.431823 -0.661719  0.612909  0.896977
-0.875491 -0.144098   0.46125  0.266032
-0.216899 -0.735774 -0.641554   1.54311
        0         0         0         1

 0.438111  -0.66139  0.608787  0.894502
-0.873577 -0.153577   0.46182  0.269794
-0.211947  -0.73415 -0.645059   1.54904
        0         0         0         1

  0.44637  -0.66074   0.60347  0.891505
-0.870914 -0.165846  0.462606  0.275238
 -0.20558 -0.732064 -0.649476   1.55727
        0         0         0         1

 0.453104 -0.659167  0.600162  0.889087
-0.868858 -0.175915  0.462751  0.279506
-0.199453 -0.731131 -0.652431   1.56312
        0         0         0         1

 0.470609 -0.653145  0.593236  0.883211
-0.863088 -0.201072  0.463303  0.291145
 -0.18332 -0.730049 -0.658348   1.57814
        0         0         0         1

 0.478094 -0.650175  0.590507  0.880906
-0.860394 -0.211597  0.463625  0.296195
-0.176488 -0.729725  -0.66057   1.58408
        0         0         0         1

 0.488366 -0.644693  0.588106  0.877589
-0.856612 -0.225603  0.464025  0.303253
-0.166475 -0.730393 -0.662429   1.59226
        0         0         0         1

 0.495912 -0.640925  0.585906  0.875183
-0.853592 -0.235832  0.464503   0.30862
-0.159536 -0.730478 -0.664041   1.59844
        0         0         0         1

 0.515342 -0.629004  0.582046  0.868948
 -0.84528 -0.261213  0.466122  0.323144
