 0.222858 -0.683118  0.695474  0.389659
-0.900156 -0.418075 -0.122201   1.08511
 0.374238 -0.598801 -0.708084   2.48889
        0         0         0         1

 0.215239  -0.68754  0.693514  0.382461
-0.908195 -0.401967 -0.116636    1.0582
 0.358961 -0.604741 -0.710939   2.49061
        0         0         0         1

 0.208209 -0.696261  0.686927  0.389274
-0.911265 -0.393222 -0.122359   1.04999
 0.355309 -0.600497 -0.716351   2.48966
        0         0         0         1

 0.199682  -0.70619  0.679281  0.388175
 -0.92042 -0.372959 -0.117166   1.02223
 0.336085 -0.601828 -0.724465   2.49637
        0         0         0         1

 0.190397 -0.711612  0.676282  0.390088
-0.924829 -0.361096 -0.119589   1.01468
 0.329304 -0.602676 -0.726871   2.49262
        0         0         0         1

 0.158808 -0.735256  0.658922  0.401677
-0.939755 -0.317199 -0.127454  0.991265
 0.302721 -0.598985 -0.741335   2.47966
        0         0         0         1

  0.16078 -0.737964  0.655408  0.396675
-0.944187 -0.308436 -0.115665   0.97538
 0.287508 -0.600231 -0.746366   2.48033
        0         0         0         1

 0.150427  -0.74365  0.651426  0.391073
-0.949152 -0.292961 -0.115258  0.953502
 0.276554 -0.600965 -0.749906   2.46848
        0         0         0         1

 0.145764 -0.742712  0.653554    0.3849
-0.951391 -0.286397 -0.113275  0.943616
 0.271306 -0.605274 -0.748356   2.46108
        0         0         0         1

 0.127404  -0.75422  0.644143  0.383843
 -0.95939 -0.258497 -0.112916  0.912408
 0.251673 -0.603598 -0.756525   2.44001
        0         0         0         1

 0.121485 -0.755321  0.643997  0.380821
  -0.9616 -0.250422 -0.112313  0.904625
 0.246104 -0.605623 -0.756739   2.43227
        0         0         0         1

 0.109858   -0.7604  0.640097  0.377231
-0.965772 -0.233911 -0.112121  0.887375
 0.234982  -0.60587 -0.760069   2.41511
        0         0         0         1

 0.101905 -0.761232  0.640423  0.375297
-0.968866  -0.22197 -0.109675  0.876588
 0.225642 -0.609308 -0.760151   2.40756
        0         0         0         1

0.0891552 -0.769069  0.632917  0.377581
-0.974866 -0.197639 -0.102832  0.855607
 0.204174 -0.607841  -0.76736    2.3984
        0         0         0         1

 0.0888892  -0.770231    0.63154   0.373455
 -0.977897  -0.187955 -0.0915931   0.841241
  0.189249   -0.60944  -0.769914    2.39514
         0          0          0          1

 0.0741066  -0.771435   0.631978   0.362691
 -0.984089  -0.159187 -0.0789193   0.806052
  0.161484  -0.616074  -0.770958    2.36736
         0          0          0          1

 0.0706122  -0.774876   0.628157   0.362941
 -0.985535  -0.151454 -0.0760432   0.797046
  0.154061  -0.613701  -0.774362    2.36114
         0          0          0          1

 0.0611254  -0.778707   0.624404   0.360466
 -0.988718  -0.132947 -0.0690113   0.774654
  0.136752   -0.61314  -0.778047    2.34952
         0          0          0          1

 0.0584024  -0.780183    0.62282    0.35892
 -0.990442  -0.123375 -0.0616722   0.761832
  0.124956  -0.613265  -0.779931    2.34493
         0          0          0          1

 0.0412892  -0.783391   0.620156   0.353404
 -0.992674  -0.102703 -0.0636454   0.734711
  0.113551  -0.612985  -0.781892    2.30776
         0          0          0          1

 0.0348255  -0.787876   0.614849   0.356593
 -0.993163 -0.0958728 -0.0665992    0.72804
  0.111419  -0.608326  -0.785828    2.30046
         0          0          0          1

 0.0234191  -0.789264   0.613607   0.356829
  -0.99467 -0.0800426 -0.0649935   0.710662
  0.100412  -0.608814  -0.786932    2.28447
         0          0          0          1

 0.0209566  -0.788552    0.61461   0.354254
 -0.995215 -0.0751365 -0.0624669    0.70001
 0.0954381   -0.61036  -0.786354    2.27624
         0          0          0          1

 0.0140514   -0.78828   0.615157   0.353781
  -0.99667 -0.0604585 -0.0547074   0.679649
 0.0803161   -0.61234  -0.786504    2.26454
         0          0          0          1

 0.0115478  -0.782426   0.622637   0.348918
 -0.996932 -0.0572133 -0.0534064   0.670578
 0.0774097   -0.62011  -0.780686    2.25119
         0          0          0          1

0.00311737  -0.768702     0.6396   0.339447
 -0.998259 -0.0400696  -0.043292   0.637328
 0.0589071  -0.638351  -0.767488    2.21549
         0          0          0          1

0.00129287  -0.764637   0.644459   0.336957
 -0.998874  -0.031552 -0.0354319   0.625622
 0.0474266  -0.643688  -0.763817    2.20971
         0          0          0          1

-0.00670794  -0.754249   0.656554   0.334588
  -0.99936 -0.0180188 -0.0309103    0.60936
 0.0351443  -0.656341  -0.753645    2.18836
         0          0          0          1

-0.00830044  -0.749089   0.662417   0.332257
 -0.999603  -0.011632 -0.0256795   0.599736
 0.0269415  -0.662367  -0.748695    2.17883
         0          0          0          1

-0.0149937  -0.731417   0.681765   0.327689
 -0.999886 0.00979099 -0.0114859   0.569731
0.00172581   -0.68186  -0.731481    2.14364
         0          0          0          1

 -0.0173548   -0.729467    0.683796    0.327373
  -0.999834   0.0164963 -0.00777787     0.56165
-0.00560639   -0.683817   -0.729632     2.13482
          0           0           0           1

-0.0161569 -0.723216  0.690433  0.323504
-0.999525 0.0298189 0.0078448  0.541328
-0.0262614 -0.689978 -0.723354   2.11842
        0         0         0         1

-0.0179584 -0.720839  0.692869   0.32336
-0.999266 0.0363874 0.0119564  0.533074
-0.0338304 -0.692146 -0.720964   2.10877
        0         0         0         1

-0.0170416 -0.714122  0.699814  0.320255
-0.998543 0.0479911 0.0246561  0.514917
-0.0511923 -0.698374   -0.7139   2.08967
        0         0         0         1

-0.0169858 -0.709168  0.704835  0.318131
-0.998226 0.0522582 0.0285233  0.508086
-0.0570612   -0.7031 -0.708798   2.07881
        0         0         0         1

-0.0177775 -0.693839  0.719911  0.313906
-0.996802 0.0684067 0.0413142  0.483092
-0.0779121 -0.716874 -0.692836   2.04175
        0         0         0         1

-0.0177252  -0.69167  0.721996   0.31418
-0.996328 0.0727121 0.0451978  0.476734
-0.0837598 -0.718544  -0.69042    2.0321
        0         0         0         1

-0.0164196 -0.683013  0.730221  0.312149
-0.995274 0.0810747 0.0534538  0.461448
-0.0957121 -0.725892 -0.681116   2.01149
        0         0         0         1

  -0.0152 -0.681404  0.731749  0.311355
 -0.99448 0.0862919 0.0596975  0.452848
-0.103822 -0.726803 -0.678954   2.00424
        0         0         0         1

-0.0149962 -0.675533  0.737178  0.310752
-0.992993 0.0964893 0.0682203  0.437837
-0.117215 -0.730989 -0.672246   1.98692
        0         0         0         1

-0.014959 -0.672425  0.740014  0.310002
-0.992314  0.100904 0.0716293  0.431531
-0.122836 -0.733255 -0.668766   1.97734
        0         0         0         1

-0.013301    -0.666  0.745834  0.308852
-0.989212  0.117591 0.0873623  0.409641
-0.145886 -0.736625 -0.660379   1.94446
        0         0         0         1

-0.0132132 -0.663133  0.748385  0.309336
-0.988386  0.121978 0.0906328  0.405192
-0.151388 -0.738495 -0.657043   1.93428
        0         0         0         1

-0.00750687 -0.660164  0.751084  0.307075
-0.985879  0.130542  0.104886  0.391471
-0.167289 -0.739691 -0.651822   1.91579
        0         0         0         1

-0.00995572 -0.657734  0.753184  0.308414
 -0.98533  0.134786   0.10468  0.388866
 -0.17037 -0.741093 -0.649427   1.90457
        0         0         0         1

-0.00906667 -0.658865  0.752207  0.310463
-0.980898  0.152036  0.121347  0.374652
-0.194313 -0.736737 -0.647658   1.87101
        0         0         0         1

-0.00827648 -0.660183  0.751059  0.310559
-0.979235  0.157496  0.127648  0.369631
 -0.20256 -0.734407 -0.647778   1.86271
        0         0         0         1

-0.0111635 -0.662444  0.749028  0.313019
-0.976729  0.167677  0.133737  0.363029
-0.214188 -0.730104   -0.6489   1.84381
        0         0         0         1

-0.00680896 -0.664824  0.746969  0.312135
 -0.97472  0.171239  0.143523  0.357292
-0.223328 -0.727108 -0.649183   1.83554
        0         0         0         1

-0.00105344 -0.667981  0.744178   0.31041
-0.971278  0.177756  0.158181  0.347373
-0.237944 -0.722637 -0.648982   1.81599
        0         0         0         1

-0.0018501 -0.671032  0.741426  0.312114
-0.969681  0.182385  0.162649  0.345068
-0.244367 -0.718646 -0.651024   1.80709
        0         0         0         1

0.000860142 -0.678357  0.734732  0.313499
-0.963229  0.196846   0.18287  0.333349
-0.268681 -0.707873 -0.653244   1.77691
        0         0         0         1

0.000900309 -0.678364  0.734725  0.313402
 -0.96138  0.201626  0.187337  0.330262
-0.275222 -0.706519 -0.651984   1.76864
        0         0         0         1

-0.0019269 -0.678684  0.734428  0.315572
-0.958016  0.211819  0.193229  0.326266
-0.286707 -0.703221 -0.650599   1.75101
        0         0         0         1

-0.000547881 -0.678048  0.735017  0.315158
-0.956153  0.215618  0.198193   0.32293
-0.292868  -0.70268 -0.648436   1.74294
        0         0         0         1

0.000264605 -0.672504  0.740094    0.3142
-0.950529   0.22973  0.209089  0.313713
-0.310635 -0.703536 -0.639174   1.71335
        0         0         0         1

0.0017766 -0.671263  0.741217  0.313646
-0.948736  0.233142  0.213412  0.310699
-0.316064 -0.703599 -0.636437   1.70578
        0         0         0         1

0.00171139 -0.664659  0.747145  0.313148
 -0.94526  0.242729  0.218096  0.305518
-0.326313  -0.70662  -0.62786   1.68891
        0         0         0         1

7.09196e-05   -0.6626  0.748973  0.313464
-0.943729  0.247656  0.219185  0.303796
-0.330719 -0.706843 -0.625298    1.6821
        0         0         0         1

-0.000699776 -0.655028  0.755604  0.312985
-0.940404   0.25738   0.22225  0.299736
-0.340058 -0.710418 -0.616171   1.66631
        0         0         0         1

-0.000927828 -0.650428  0.759567  0.312375
-0.938475   0.26288  0.223962  0.297497
-0.345346 -0.712627 -0.610655   1.65874
        0         0         0         1

-0.00283933 -0.635878  0.771784  0.311628
-0.933678  0.278065  0.225665  0.291313
-0.358102 -0.719957 -0.594495   1.63272
        0         0         0         1

-0.0047562 -0.631243  0.775571  0.311993
-0.932138  0.283617  0.225121  0.290267
-0.362071 -0.721868 -0.589755   1.62599
        0         0         0         1

-0.00392025 -0.624554  0.780972  0.311332
-0.929046  0.291195  0.228209  0.286016
-0.369944 -0.724664  -0.58138   1.61275
        0         0         0         1

-0.00531855 -0.620234  0.784399  0.312119
-0.928172  0.294956  0.226932  0.285414
-0.372114  -0.72685 -0.577252   1.60592
        0         0         0         1

-0.00606439 -0.608597  0.793456  0.313095
 -0.92339   0.30796  0.229154  0.280376
-0.383815  -0.73128  -0.56384   1.58504
        0         0         0         1

-0.00534415 -0.605626  0.795732  0.313247
-0.922421  0.310265  0.229946  0.278668
-0.386149 -0.732771   -0.5603    1.5792
        0         0         0         1

-0.0064872 -0.597693  0.801699  0.315061
-0.920193  0.317376  0.229168  0.277316
-0.391412  -0.73623 -0.552052   1.56717
        0         0         0         1

-0.00215532  -0.59546  0.803382  0.313957
-0.918323  0.319179  0.234109  0.273982
-0.395825  -0.73726 -0.547513     1.562
        0         0         0         1

-0.00308196 -0.585183  0.810896   0.31723
-0.914131  0.330394  0.234955    0.2711
-0.405407 -0.740541 -0.535952   1.54486
        0         0         0         1

-0.00213868 -0.580304  0.814397   0.31816
-0.913725  0.332047  0.234202  0.270316
-0.406326 -0.743635 -0.530948   1.53925
        0         0         0         1

0.00222788 -0.573877  0.818939  0.319372
-0.912776  0.333333  0.236069  0.267471
-0.408454 -0.748034 -0.523079   1.52945
        0         0         0         1

0.00253628 -0.570431  0.821342  0.320731
-0.912292  0.335049  0.235512  0.266961
-0.409533 -0.749901 -0.519549    1.5252
        0         0         0         1

0.00763834 -0.564517  0.825386  0.322092
-0.909891  0.338447  0.239899  0.263228
-0.414777 -0.752844 -0.511064   1.51796
        0         0         0         1

0.0101861 -0.561572  0.827365  0.322611
-0.909458  0.338744  0.241119  0.261794
-0.415671  -0.75491 -0.507276     1.514
        0         0         0         1

0.0145825 -0.563974  0.825664  0.327935
-0.909259  0.336049  0.245599  0.258297
-0.415975 -0.754324 -0.507898   1.50194
        0         0         0         1

0.0145734 -0.570969  0.820842  0.330289
-0.909056  0.334321   0.24869  0.257445
-0.416419 -0.749816 -0.514171   1.49965
        0         0         0         1

0.0161599 -0.586329  0.809912  0.334633
 -0.90863  0.329445  0.256629  0.255819
 -0.41729 -0.740057 -0.527432   1.49404
        0         0         0         1

0.0167392 -0.595149  0.803441  0.336931
-0.908315  0.326841  0.261032  0.255168
-0.417951 -0.734147 -0.535112   1.49175
        0         0         0         1

0.0201996 -0.626156  0.779436  0.343771
-0.905994  0.318223  0.279122  0.251956
-0.422808 -0.711803 -0.560865   1.48511
        0         0         0         1

  0.02144  -0.63336  0.773561  0.345168
-0.905898  0.315024  0.283036  0.251228
-0.422954 -0.706835 -0.567005    1.4828
        0         0         0         1

0.0241725 -0.647281  0.761868  0.347492
-0.904958  0.309673   0.29181  0.248751
-0.424813 -0.696513 -0.578277   1.47979
        0         0         0         1

0.0238561 -0.647989  0.761276  0.348717
-0.904993  0.309543  0.291839  0.248585
-0.424756 -0.695912 -0.579041   1.47738
        0         0         0         1

0.0274333 -0.647181  0.761842  0.349266
-0.904791  0.307929  0.294165  0.245774
-0.424971 -0.697378 -0.577117   1.47262
        0         0         0         1

0.0275932   -0.6457  0.763093   0.34974
-0.904622  0.308677  0.293901  0.244897
-0.425321  -0.69842 -0.575597   1.47107
        0         0         0         1

0.0266506 -0.638091    0.7695  0.351896
-0.903817  0.313498  0.291264  0.243612
-0.427089 -0.703249 -0.568362   1.46425
        0         0         0         1

0.0260197 -0.638299  0.769349  0.352295
-0.903575  0.314209  0.291246  0.242843
-0.427638 -0.702743 -0.568575   1.46309
        0         0         0         1

0.0219723 -0.640208  0.767888  0.354618
-0.904196  0.314977  0.288477  0.243379
-0.426552  -0.70066 -0.571953   1.46011
        0         0         0         1

0.0217671 -0.643386  0.765233  0.354502
-0.904141  0.313996  0.289717   0.24187
 -0.42668 -0.698184 -0.574876   1.45955
        0         0         0         1

0.0192642 -0.648826  0.760693  0.356168
-0.904618  0.312703  0.289626  0.241865
-0.425788 -0.693716 -0.580916   1.45704
        0         0         0         1

0.0187725 -0.651634  0.758301  0.356428
-0.904907  0.311466  0.290055  0.241226
-0.425195 -0.691637 -0.583821   1.45583
        0         0         0         1

0.0172589 -0.656262  0.754335  0.357811
-0.906489  0.308061  0.288749  0.240552
-0.421876  -0.68878 -0.589578   1.45238
        0         0         0         1

0.0167764 -0.654821  0.755598  0.357526
-0.907038  0.308013  0.287071  0.240048
-0.420714 -0.690172  -0.58878   1.45203
        0         0         0         1

0.0146933 -0.650786  0.759119  0.357474
-0.908299   0.30874  0.282261  0.240007
-0.418063 -0.693655 -0.586572   1.45146
        0         0         0         1

0.0130345 -0.648818  0.760832  0.357346
-0.909064  0.309214  0.279264  0.240066
-0.416451 -0.695285 -0.585787   1.45166
        0         0         0         1

0.00871395  -0.64081   0.76765  0.355675
-0.911897  0.309918  0.269061  0.239498
-0.410326 -0.702363 -0.581652   1.45042
        0         0         0         1

0.00813227 -0.637885  0.770088    0.3546
-0.912563  0.310141  0.266535  0.238725
-0.408854 -0.704922 -0.579589   1.45016
        0         0         0         1

0.00349054 -0.632109  0.774871  0.353468
-0.913495  0.313232  0.259638   0.23839
-0.406834 -0.708748 -0.576336   1.45065
        0         0         0         1

0.0016408 -0.627822  0.778356   0.35252
 -0.91357    0.3156  0.256489  0.238101
-0.406678 -0.711503 -0.573041    1.4508
        0         0         0         1

-0.00168458 -0.618247  0.785982   0.35006
-0.913321  0.321033  0.250564  0.237269
-0.407237 -0.717432 -0.565199   1.45137
        0         0         0         1

-0.00322949 -0.611044   0.79159   0.34803
-0.913026  0.324686  0.246907  0.236723
 -0.40789 -0.721945 -0.558947   1.45095
        0         0         0         1

-0.0106015 -0.580935  0.813881  0.340715
-0.910946  0.341285  0.231738  0.235826
 -0.41239 -0.738944 -0.532819   1.44967
        0         0         0         1

-0.0140212 -0.571665  0.820367  0.339225
-0.910855  0.345761  0.225372  0.236842
-0.412488 -0.744076 -0.525552   1.44867
        0         0         0         1

-0.016982 -0.555424  0.831394  0.334968
-0.909381  0.354222  0.218068  0.237008
-0.415618  -0.75235 -0.511108     1.447
        0         0         0         1

-0.0183855   -0.5484  0.836014  0.333071
-0.908566  0.358181  0.214975   0.23699
-0.417337 -0.755621 -0.504843   1.44673
        0         0         0         1

-0.0239616 -0.526789  0.849658  0.327574
-0.907021   0.36886  0.203115  0.238353
-0.420404  -0.76579 -0.486647   1.44503
        0         0         0         1

-0.0239861 -0.524279  0.851209   0.32602
-0.905812  0.371667  0.203393  0.238098
-0.423001 -0.766156 -0.483813    1.4451
        0         0         0         1

-0.0239163 -0.518514  0.854735  0.324019
-0.903257  0.377613    0.2038  0.238374
-0.428433 -0.767171 -0.477382   1.44479
        0         0         0         1

-0.023424 -0.515258  0.856715  0.323098
-0.902073  0.380295  0.204059  0.238722
-0.430947  -0.76804 -0.473708   1.44455
        0         0         0         1

-0.0231531 -0.512481  0.858387  0.321823
-0.900574  0.383504  0.204671  0.239147
-0.434085 -0.768302 -0.470406   1.44502
        0         0         0         1

-0.0237203 -0.510858  0.859338  0.321853
-0.900871  0.383603  0.203177  0.240092
-0.433439 -0.769333 -0.469316   1.44399
        0         0         0         1

-0.0233263 -0.513047  0.858044  0.321724
-0.900454  0.383654  0.204918  0.241549
-0.434324 -0.767849 -0.470924    1.4431
        0         0         0         1

-0.0234813 -0.512471  0.858383  0.322266
-0.900601  0.383597  0.204379   0.24251
-0.434012 -0.768262  -0.47054   1.44262
        0         0         0         1

-0.0227417 -0.512551  0.858356  0.323243
-0.900538  0.383379  0.205068   0.24366
-0.434183 -0.768318  -0.47029   1.44243
        0         0         0         1

-0.0224342 -0.511674  0.858887   0.32389
-0.900635  0.383285  0.204814  0.244291
-0.433996 -0.768949  -0.46943   1.44212
        0         0         0         1

-0.018758 -0.513008  0.858179   0.32566
-0.900014  0.382495  0.208978  0.245201
-0.435457 -0.768453 -0.468889    1.4422
        0         0         0         1

-0.0164575 -0.513154  0.858139  0.326014
-0.899641  0.382125  0.211251  0.244937
-0.436321  -0.76854 -0.467943   1.44206
        0         0         0         1

-0.0124447 -0.512655  0.858505  0.327319
-0.899216  0.381244  0.214624  0.245375
-0.437328  -0.76931 -0.465732   1.44148
        0         0         0         1

-0.0107487 -0.512293  0.858744  0.328124
-0.899306  0.380428  0.215692  0.245629
-0.437188 -0.769955 -0.464797   1.44118
        0         0         0         1

-0.00857317 -0.514957  0.857173  0.330375
-0.899389  0.378638  0.218476  0.246104
-0.437064  -0.76906 -0.466393   1.44145
        0         0         0         1

-0.00820039  -0.51699  0.855952  0.332067
 -0.89966  0.377474  0.219373  0.247011
-0.436514 -0.768267  -0.46821   1.44156
        0         0         0         1

-0.00532936 -0.526874  0.849927  0.337841
-0.900902    0.3714  0.224584  0.249249
 -0.43399 -0.764504 -0.476641   1.44232
        0         0         0         1

-0.0048662  -0.52976  0.848134  0.339582
 -0.90165  0.369099  0.225373  0.250291
-0.432438 -0.763623 -0.479454   1.44243
        0         0         0         1

-0.00331678 -0.536808  0.843698  0.342603
-0.902489  0.364992   0.22868  0.251154
  -0.4307  -0.76067 -0.485674    1.4436
        0         0         0         1

-0.00157863 -0.539791  0.841797  0.343818
-0.902983  0.362468  0.230734   0.25126
-0.429673 -0.759765 -0.487995   1.44368
        0         0         0         1

0.00468725 -0.550032   0.83513  0.348401
-0.904446  0.353911  0.238169  0.252054
-0.426562 -0.756447 -0.495816   1.44479
        0         0         0         1

0.00547355 -0.551352  0.834255  0.349913
-0.904896  0.352336  0.238793  0.252709
-0.425597 -0.756221 -0.496988   1.44484
        0         0         0         1

0.0106563 -0.552326   0.83356  0.352056
-0.905991  0.347439  0.241799  0.252479
-0.423163 -0.757774   -0.4967   1.44468
        0         0         0         1

0.00932565 -0.555781  0.831277  0.354196
-0.906871   0.34555  0.241204   0.25367
-0.421304  -0.75611 -0.500799   1.44539
        0         0         0         1

0.00848039 -0.564623  0.825305  0.357594
-0.908499  0.340488  0.242276  0.254766
-0.417801 -0.751843 -0.510072     1.447
        0         0         0         1

0.00927639 -0.568835    0.8224  0.359036
-0.908919  0.338066  0.244085  0.254965
-0.416869 -0.749759 -0.513889   1.44724
        0         0         0         1

0.00519313 -0.587674  0.809081  0.364558
-0.910368  0.332002  0.246992  0.256353
-0.413767 -0.737844 -0.533275   1.44999
        0         0         0         1

0.00522043  -0.59447  0.804101  0.365428
-0.910553  0.329565  0.249559  0.256019
-0.413359 -0.733479 -0.539576   1.45128
        0         0         0         1

0.00345066 -0.606172  0.795326   0.36828
-0.911283  0.325586  0.252105  0.256769
-0.411766 -0.725637 -0.551271   1.45288
        0         0         0         1

0.00291483 -0.611522  0.791222  0.369404
-0.911629  0.323572  0.253442  0.257239
-0.411003  -0.72204 -0.556538   1.45353
        0         0         0         1

0.00241659 -0.626861  0.779127  0.372653
-0.913134  0.316232  0.257262   0.25848
-0.407652  -0.71207 -0.571644   1.45442
        0         0         0         1

0.00110378 -0.631522  0.775357  0.373689
-0.913841  0.314213  0.257225  0.259165
-0.406071 -0.708837 -0.576764   1.45513
        0         0         0         1

-0.000112703 -0.640792  0.767714  0.374861
-0.914672  0.310373  0.258927   0.25957
-0.404196 -0.702178  -0.58615   1.45691
        0         0         0         1

-0.00163251 -0.644715  0.764421  0.375676
-0.915238  0.308958  0.258622  0.260423
-0.402911 -0.699205 -0.590572   1.45714
        0         0         0         1

-0.0031602 -0.653795  0.756666  0.376035
-0.915388  0.306498  0.261005  0.260917
 -0.40256 -0.691818 -0.599444   1.45893
        0         0         0         1

-0.00314083 -0.656719  0.754129  0.375798
-0.915355   0.30553  0.262253  0.260823
-0.402635 -0.689472  -0.60209   1.45928
        0         0         0         1

-0.00525461 -0.661857  0.749611   0.37519
 -0.91491  0.305752  0.263545  0.262447
-0.403624 -0.684442 -0.607146   1.46004
        0         0         0         1

-0.00503734 -0.661143  0.750243  0.374704
-0.914338  0.306841  0.264261  0.262967
-0.404919 -0.684645 -0.606054   1.45995
        0         0         0         1

-0.00323391 -0.659282  0.751889  0.373259
-0.913552   0.30775  0.265917   0.26381
-0.406708  -0.68603 -0.603284   1.45958
        0         0         0         1

-0.00395174 -0.657175  0.753728  0.373026
 -0.91377  0.308552  0.264235  0.264909
-0.406213  -0.68769 -0.601726   1.45879
        0         0         0         1

-0.00400201 -0.649861  0.760042  0.371356
-0.914978   0.30905   0.25943  0.267572
-0.403485 -0.694384 -0.595845   1.45644
        0         0         0         1

-0.00541782 -0.647825   0.76177  0.371269
-0.915615   0.30947  0.256667  0.268741
 -0.40202 -0.696097 -0.594835    1.4559
        0         0         0         1

-0.00694172 -0.644103  0.764908  0.370485
  -0.9169  0.309356  0.252177  0.270145
-0.399056 -0.699593 -0.592725   1.45495
        0         0         0         1

-0.00690609 -0.643223  0.765648  0.370082
-0.917804  0.308034  0.250502   0.27023
-0.396974 -0.700984  -0.59248   1.45434
        0         0         0         1

-0.00684855 -0.641555  0.767047  0.369773
-0.919454   0.30561  0.247401  0.270567
-0.393139  -0.70357 -0.591973   1.45353
        0         0         0         1

-0.00734083 -0.641814  0.766825  0.370005
-0.920022  0.304791  0.246295  0.270731
-0.391797 -0.703688 -0.592721    1.4535
        0         0         0         1

-0.00716606 -0.644939  0.764201  0.370593
-0.921414  0.301179  0.245536  0.270785
-0.388517 -0.702385 -0.596414   1.45298
        0         0         0         1

-0.00730729 -0.646305  0.763045  0.370876
-0.921619   0.30045  0.245657  0.270834
-0.388026 -0.701442 -0.597842   1.45316
        0         0         0         1

-0.00661318 -0.648888  0.760855  0.371265
-0.921816  0.298854  0.246862  0.270383
 -0.38757 -0.699736 -0.600132   1.45366
        0         0         0         1

-0.00601228 -0.649564  0.760283  0.371329
-0.921822  0.298271  0.247545  0.269835
-0.387567 -0.699357 -0.600576   1.45395
        0         0         0         1

-0.00557572 -0.650225  0.759721  0.372201
-0.921817  0.297807   0.24812  0.268716
-0.387584 -0.698941 -0.601049   1.45545
        0         0         0         1

-0.00556328 -0.649565  0.760285  0.372553
-0.921674  0.298275  0.248093  0.268496
-0.387926 -0.699355 -0.600347   1.45593
        0         0         0         1

-0.00434764   -0.6494  0.760434  0.372649
-0.921061  0.298716  0.249833  0.266789
-0.389395  -0.69932 -0.599436   1.45791
        0         0         0         1

-0.00428518 -0.649453   0.76039   0.37332
-0.920765  0.299191  0.250352  0.266502
-0.390094 -0.699068 -0.599276   1.45872
        0         0         0         1

-0.00417204 -0.650391  0.759588    0.3751
-0.920125  0.299959  0.251784  0.266173
-0.391603 -0.697865 -0.599693   1.46059
        0         0         0         1

-0.00371085 -0.652098  0.758125  0.375874
-0.919477  0.300268  0.253773  0.265659
-0.393126 -0.696137 -0.600704   1.46175
        0         0         0         1

-0.00338447 -0.661432  0.749998  0.380474
-0.916912  0.301361  0.261636  0.265519
-0.399074 -0.686797 -0.607495   1.46434
        0         0         0         1

-0.00229862 -0.664246  0.747511  0.381332
-0.916691  0.300099  0.263852   0.26521
-0.399589  -0.68463 -0.609598   1.46426
        0         0         0         1

-0.000983584  -0.67079  0.741646  0.383563
-0.915911  0.298287  0.268574  0.264557
 -0.40138 -0.679018 -0.614678   1.46499
        0         0         0         1

-0.00159192 -0.674305  0.738452  0.385172
-0.915503  0.298069  0.270203  0.264366
-0.402308 -0.675624 -0.617802   1.46596
        0         0         0         1

0.0019705 -0.681472  0.731841  0.386909
-0.914785  0.294389  0.276591  0.262385
-0.403935 -0.670023 -0.622821     1.467
        0         0         0         1

0.0022201 -0.686081  0.727522  0.388602
-0.914354  0.293189  0.279279  0.262103
-0.404909 -0.665833  -0.62667   1.46767
        0         0         0         1

0.00529507   -0.7031  0.711072  0.394641
-0.913351  0.286112  0.289706   0.26095
-0.407138 -0.650992 -0.640662   1.46847
        0         0         0         1

0.00492949 -0.708243  0.705952  0.396922
-0.913064  0.284697  0.291996  0.261033
-0.407787 -0.646019 -0.645267   1.46894
        0         0         0         1

0.00580821 -0.717384  0.696654  0.400987
 -0.91336   0.27982  0.295762  0.260818
-0.407112 -0.638013 -0.653605   1.46847
        0         0         0         1

0.0053639 -0.722027  0.691844  0.403542
-0.913529  0.277869  0.297074  0.261224
-0.406738 -0.633613 -0.658102   1.46825
        0         0         0         1

0.00706394 -0.743198  0.669035  0.411031
-0.913877  0.266797  0.306021  0.260066
 -0.40593 -0.613577 -0.677306   1.46765
        0         0         0         1

0.00685247 -0.751479  0.659722  0.413571
-0.913916  0.263051   0.30913  0.259743
-0.405846 -0.605049 -0.684986   1.46792
        0         0         0         1

0.00676071 -0.769025  0.639183   0.41823
-0.913691  0.254995  0.316458  0.258245
-0.406352 -0.586155 -0.700928   1.46862
        0         0         0         1

0.00606832 -0.777058  0.629399  0.420805
-0.913684  0.251476  0.319283  0.258001
 -0.40638  -0.57701  -0.70846   1.46861
        0         0         0         1

0.00361739 -0.787878  0.615821   0.42527
-0.913556  0.247853  0.322467  0.257492
-0.406698 -0.563754 -0.718873   1.46871
        0         0         0         1

0.00246791 -0.788657  0.614828  0.426672
-0.914202  0.247382  0.320993  0.257328
 -0.40525  -0.56287 -0.720382   1.46852
        0         0         0         1

-0.000974013 -0.785593  0.618743   0.42913
  -0.9166  0.248078  0.313531  0.254928
-0.399804 -0.566835 -0.720316   1.46844
        0         0         0         1

-0.00465597 -0.784467  0.620152  0.430207
-0.916921  0.250821  0.310394  0.255515
-0.399042 -0.567186 -0.720462   1.46873
        0         0         0         1

-0.0074932 -0.781319  0.624087  0.429971
-0.917171  0.254035  0.307024  0.254055
-0.398424 -0.570093 -0.718507   1.46863
        0         0         0         1

-0.00984282 -0.778898  0.627073  0.430203
-0.916865  0.257304   0.30521  0.254144
-0.399076 -0.571938 -0.716677    1.4689
        0         0         0         1

-0.0138699 -0.766356  0.642266  0.428338
 -0.91533   0.26827  0.300335  0.252598
-0.402465  -0.58372  -0.70519   1.46833
        0         0         0         1

-0.0148354 -0.762484  0.646837  0.427423
-0.914788  0.271511  0.299073  0.252169
-0.403662 -0.587282 -0.701539   1.46827
        0         0         0         1

-0.016849 -0.752971  0.657838  0.425512
-0.914061  0.278249  0.295077  0.251701
-0.405227 -0.596332 -0.692949   1.46678
        0         0         0         1

-0.0175767 -0.747346  0.664203   0.42442
-0.913644  0.281845  0.292947  0.251435
-0.406135 -0.601696 -0.687762   1.46601
        0         0         0         1

-0.0206275  -0.73684  0.675752  0.422473
-0.912942  0.289413  0.287709  0.251206
-0.407567 -0.610988 -0.678663   1.46495
        0         0         0         1

-0.0219961  -0.73217  0.680767  0.421386
-0.912705  0.292612  0.285216  0.251111
-0.408027 -0.615066 -0.674691   1.46462
        0         0         0         1

-0.0248107 -0.717995  0.695606  0.416531
-0.912517  0.300447   0.27757  0.250904
-0.408286 -0.627865 -0.662637   1.46189
        0         0         0         1

-0.0257232 -0.715216   0.69843  0.415487
-0.912434  0.302236  0.275895  0.251054
-0.408415 -0.630174 -0.660362   1.46084
        0         0         0         1

-0.0272522 -0.712185  0.701463  0.413529
-0.911874  0.305219  0.274458  0.251011
-0.409565 -0.632166 -0.657741   1.45981
        0         0         0         1

-0.0294925 -0.710304  0.703277   0.41338
-0.911924   0.30722  0.272048   0.25192
-0.409298 -0.633312 -0.656804   1.45903
        0         0         0         1

-0.0312018 -0.706931  0.706594  0.411284
-0.911149  0.310735  0.270649  0.252672
-0.410894 -0.635368 -0.653815   1.45676
        0         0         0         1

-0.0320249 -0.705821  0.707666  0.411166
-0.911173  0.311609  0.269562  0.253239
-0.410778 -0.636173 -0.653104   1.45574
        0         0         0         1

-0.0320973 -0.705256  0.708226   0.41033
-0.910697  0.312603  0.270018   0.25369
-0.411826 -0.636313 -0.652308   1.45433
        0         0         0         1

-0.0317187 -0.704363  0.709131  0.410046
-0.910292  0.313346  0.270522  0.253647
-0.412749 -0.636936 -0.651115   1.45378
        0         0         0         1

-0.0332264 -0.696999  0.716302  0.410234
-0.910023  0.317419  0.266653  0.255356
-0.413225 -0.642991 -0.644832    1.4523
        0         0         0         1

-0.0332234 -0.693111  0.720065   0.41025
-0.910217  0.318553  0.264632  0.255728
-0.412798 -0.646623 -0.641465   1.45191
        0         0         0         1

-0.0310077 -0.685238  0.727659  0.409976
-0.910613   0.31952  0.262089  0.255816
-0.412095 -0.654489 -0.633894   1.45134
        0         0         0         1

-0.0302283 -0.680648  0.731987  0.410072
-0.911078  0.319975  0.259909  0.256146
-0.411124  -0.65904 -0.629796   1.45088
        0         0         0         1

-0.0266399 -0.673715  0.738511   0.40988
-0.911545  0.319625    0.2587  0.255758
-0.410337 -0.666294 -0.622636    1.4508
        0         0         0         1

-0.0263209 -0.670086  0.741817  0.410295
-0.911931  0.320078  0.256771  0.255937
-0.409498 -0.669727 -0.619497   1.45077
        0         0         0         1

-0.0242042 -0.664863  0.746573  0.411853
 -0.91418  0.316949  0.252622  0.255875
-0.404585 -0.676388 -0.615476   1.45103
        0         0         0         1

-0.0262017  -0.66691  0.744678  0.412737
-0.914334  0.317129   0.25184  0.256099
-0.404113 -0.674285 -0.618087   1.45189
        0         0         0         1

-0.0288893 -0.670721  0.741147  0.414804
  -0.9147  0.316744  0.250992  0.256875
-0.403099 -0.670676 -0.622659   1.45344
        0         0         0         1

-0.0279811 -0.672661  0.739422  0.415428
-0.914609  0.315722  0.252606  0.256804
 -0.40337 -0.669214 -0.624056   1.45426
        0         0         0         1

-0.027237 -0.675957  0.736437  0.418444
-0.913373  0.316199  0.256451  0.258149
-0.406211 -0.665657 -0.626014   1.45789
        0         0         0         1

-0.0276995 -0.673734  0.738454  0.419229
-0.913253  0.317431  0.255354  0.259242
 -0.40645 -0.667323 -0.624083   1.45857
        0         0         0         1

-0.0263319 -0.670275  0.741646  0.419082
-0.913161     0.318  0.254976  0.259491
-0.406748 -0.670528 -0.620442    1.4605
        0         0         0         1

-0.0257868 -0.668186  0.743547  0.419204
-0.913445  0.317939  0.254036  0.259872
-0.406145 -0.672638  -0.61855   1.46127
        0         0         0         1

-0.0249974 -0.664675  0.746714  0.419069
 -0.91374  0.318196  0.252648  0.260456
 -0.40553 -0.675987 -0.615294    1.4637
        0         0         0         1

-0.0256201 -0.662656  0.748486  0.419318
-0.914163  0.318518  0.250702  0.261432
-0.404536 -0.677815 -0.613936   1.46496
        0         0         0         1

-0.0260398 -0.652866  0.757025  0.419156
-0.916323  0.318295  0.242982  0.264651
-0.399592 -0.687353 -0.606525   1.46844
        0         0         0         1

-0.0267131 -0.652275  0.757511  0.419295
 -0.91638  0.318758  0.242159  0.265836
-0.399417 -0.687699 -0.606247   1.47003
        0         0         0         1

-0.0270093 -0.650365  0.759141  0.419068
-0.916688  0.318997  0.240674  0.268394
 -0.39869 -0.689395 -0.604798   1.47293
        0         0         0         1

-0.0269365 -0.647823  0.761315  0.418828
-0.917059  0.319117  0.239098   0.26999
-0.397841  -0.69173 -0.602687    1.4743
        0         0         0         1

-0.0289922 -0.633515  0.773187  0.417635
-0.919166  0.320862  0.228434  0.276861
-0.392803 -0.704064 -0.591607   1.47755
        0         0         0         1

-0.0282499 -0.629259  0.776682  0.416594
-0.919747  0.320673  0.226351  0.278427
-0.391494 -0.707957 -0.587818   1.47895
        0         0         0         1

-0.027328 -0.620765   0.78352  0.414678
-0.921636  0.319169  0.220725  0.282517
-0.387093 -0.716088 -0.580841   1.48106
        0         0         0         1

-0.0279591 -0.619422   0.78456  0.413989
-0.922051  0.319103  0.219078  0.284734
-0.386058 -0.717279  -0.58006   1.48313
        0         0         0         1

-0.0272998 -0.612045  0.790352  0.412626
-0.922763  0.319468  0.215521  0.289975
-0.384401 -0.723423 -0.573494   1.48606
        0         0         0         1

-0.0264293 -0.608167  0.793369  0.411989
-0.922969  0.319684  0.214311  0.292604
-0.383965 -0.726591 -0.569768   1.48762
        0         0         0         1

-0.020692 -0.595508  0.803083  0.408865
-0.922899  0.320284   0.21372  0.301601
-0.384487 -0.736742 -0.556221   1.49424
        0         0         0         1

-0.0191576 -0.592564  0.805296  0.408051
 -0.92293  0.320224  0.213676  0.304501
-0.384492 -0.739138 -0.553029   1.49636
        0         0         0         1

-0.0150168 -0.587492  0.809091  0.406363
-0.922452  0.320374  0.215507  0.310036
 -0.38582 -0.743111 -0.546744   1.50177
        0         0         0         1

-0.0110018 -0.581032  0.813806  0.405114
-0.922417  0.320096  0.216069  0.312832
-0.386039 -0.748291 -0.539475   1.50331
        0         0         0         1

-0.00363769 -0.569322  0.822106  0.402634
-0.922736  0.318768  0.216669  0.318929
-0.385415 -0.757799 -0.526494   1.50736
        0         0         0         1

-7.16718e-05 -0.561935  0.827182  0.401418
-0.923153  0.318033  0.215972  0.322301
-0.384433 -0.763599 -0.518775   1.50922
        0         0         0         1

0.0106852 -0.533777  0.845558  0.398072
-0.925795   0.31427  0.210089  0.335909
-0.377874 -0.785058  -0.49081   1.51573
        0         0         0         1

0.0140419  -0.52789  0.849197  0.396943
-0.926707  0.312084  0.209326  0.339374
-0.375522 -0.789896 -0.484817   1.51821
        0         0         0         1

 0.01557 -0.51838 0.855008 0.396899
-0.929239 0.308203 0.203781 0.348362
-0.369152 -0.79768  -0.4769  1.52441
       0        0        0        1

0.0194854 -0.517211  0.855636  0.395241
-0.930261   0.30423  0.205084  0.350657
-0.366382  -0.79996 -0.475213   1.52804
        0         0         0         1

0.0246472 -0.517071  0.855588   0.39427
-0.934757  0.291511  0.203101  0.365673
-0.354431 -0.804773 -0.476151   1.53973
        0         0         0         1

0.0283991 -0.519449  0.854029  0.393538
-0.935571  0.287044    0.2057  0.369085
-0.351995 -0.804847  -0.47783   1.54326
        0         0         0         1

0.0371156 -0.527437  0.848783  0.391262
-0.936042  0.279071  0.214347  0.374692
-0.349925 -0.802452 -0.483346   1.55344
        0         0         0         1

 0.038513 -0.528429  0.848104  0.391947
-0.937177  0.275392  0.214147  0.380153
-0.346722 -0.803071 -0.484625   1.55672
        0         0         0         1

0.0441153 -0.532552  0.845247  0.391075
-0.938988   0.26678  0.217094  0.388725
-0.341109 -0.803254 -0.488291   1.56497
        0         0         0         1

 0.047322 -0.534363  0.843929  0.390111
 -0.93968  0.262721  0.219042   0.39261
-0.338766 -0.803389 -0.489698   1.56976
        0         0         0         1

0.0598788 -0.538632  0.840411  0.388024
-0.944367  0.242196  0.222513  0.408866
-0.323397  -0.80698 -0.494164   1.58464
        0         0         0         1

0.0621681 -0.542343  0.837854  0.387763
-0.945696  0.236346  0.223157   0.41391
-0.319051 -0.806229 -0.498199    1.5906
        0         0         0         1

0.0696357 -0.544985  0.835549  0.385758
-0.949359  0.221037  0.223292  0.423961
-0.306378 -0.808785 -0.501995   1.59876
        0         0         0         1

0.0726894 -0.549304  0.832455  0.385188
-0.950523  0.214607  0.224609  0.428515
-0.302029 -0.807595 -0.506527   1.60497
        0         0         0         1

0.0850257 -0.559161  0.824687  0.382645
-0.955942  0.187622  0.225771  0.446713
-0.280972  -0.80755 -0.518573   1.62324
        0         0         0         1

0.0902282 -0.561621   0.82246  0.381402
-0.956887  0.180051  0.227924  0.451522
-0.276092 -0.807566 -0.521162   1.62845
        0         0         0         1

0.0967302 -0.568047  0.817291  0.381253
-0.959565  0.164865  0.228156  0.463269
-0.264346 -0.806314 -0.529131   1.64011
        0         0         0         1

 0.103504 -0.569566  0.815403  0.378456
-0.960659  0.155177  0.230335  0.467606
-0.257722 -0.807165 -0.531097   1.64524
        0         0         0         1

 0.109071 -0.575061  0.810807  0.377685
