 -0.163779   0.196114   0.966807   0.528659
  0.829701  -0.502765   0.242537    1.06397
  0.533642   0.841883 -0.0803735     1.8102
         0          0          0          1

 -0.164117    0.19912   0.966135   0.527671
  0.818678  -0.518889   0.246011    1.04751
  0.550303   0.831328 -0.0778571    1.80915
         0          0          0          1

 -0.154935   0.193774   0.968735   0.538081
   0.80858  -0.538526   0.237041    1.03635
  0.567621   0.820025 -0.0732454    1.80866
         0          0          0          1

 -0.149372   0.192962    0.96977   0.538618
  0.797884  -0.555759    0.23348    1.02179
  0.584011    0.80864 -0.0709466    1.80712
         0          0          0          1

 -0.143586   0.186794   0.971849   0.543279
  0.793453  -0.565174   0.225857    1.01156
  0.591452   0.803546 -0.0670612     1.7975
         0          0          0          1

  -0.14374    0.18267    0.97261   0.537448
  0.772765  -0.593235   0.225623   0.982691
  0.618201    0.78403 -0.0558893    1.78897
         0          0          0          1

 -0.142239   0.181801   0.972994   0.536705
  0.761578    -0.6078   0.224898   0.970069
  0.632272   0.772999 -0.0520034    1.78498
         0          0          0          1

 -0.142614   0.179048   0.973449   0.534782
  0.751691  -0.620235   0.224207   0.957353
  0.643911   0.763708 -0.0461342    1.77927
         0          0          0          1

 -0.141642   0.175329   0.974268   0.534252
  0.745093  -0.629093   0.221536   0.945382
  0.651746   0.757299 -0.0415304    1.77022
         0          0          0          1

 -0.132634   0.173267   0.975903   0.536218
  0.727813  -0.651347   0.214559   0.923111
  0.672827   0.738733 -0.0397151    1.75755
         0          0          0          1

  -0.12347   0.175861   0.976641   0.538439
  0.709317  -0.672634   0.210793   0.903072
  0.693992   0.718775 -0.0416915     1.7539
         0          0          0          1

 -0.121753    0.17602   0.976828   0.538846
  0.706449  -0.675937   0.209853   0.899798
  0.697213    0.71563 -0.0420519    1.75268
         0          0          0          1

 -0.115048   0.177938   0.977293   0.541349
  0.694204  -0.689303   0.207226    0.88768
  0.710524   0.702282 -0.0442225    1.74723
         0          0          0          1

-0.111431  0.183647  0.976656  0.540154
 0.681946 -0.700736   0.20957  0.876948
 0.722865  0.689379 -0.047154   1.74587
        0         0         0         1

 -0.113563   0.188991    0.97539   0.535158
  0.667346  -0.712795   0.215809   0.862614
  0.736039    0.67543 -0.0451755    1.74136
         0          0          0          1

 -0.107683   0.197433   0.974384   0.533925
  0.647439  -0.729844   0.219434   0.844139
  0.754472   0.654483 -0.0492342    1.73033
         0          0          0          1

  -0.1031  0.202939  0.973748  0.533718
 0.629671 -0.744516  0.221834  0.830154
  0.76999  0.636012 -0.051025   1.72385
        0         0         0         1

 -0.100921   0.204694   0.973609   0.533369
  0.621967  -0.750818   0.222325   0.823905
  0.776512   0.627991 -0.0515392    1.71991
         0          0          0          1

-0.0996982   0.209086   0.972802   0.531265
  0.611425  -0.758439   0.225675   0.814186
  0.784996   0.617295 -0.0522256     1.7125
         0          0          0          1

-0.0892663   0.221727   0.971014   0.532178
   0.58587  -0.776719   0.231221   0.795643
  0.805474   0.589529 -0.0605686    1.70583
         0          0          0          1

-0.0830196   0.227691   0.970188   0.531995
   0.57564  -0.783747   0.233193   0.786326
  0.813478   0.577839 -0.0660016    1.70098
         0          0          0          1

-0.0813242   0.234624   0.968678   0.529047
  0.562871  -0.791265   0.238908   0.775156
  0.822534    0.56467 -0.0677142     1.6976
         0          0          0          1

-0.0783741    0.23822   0.968044    0.52784
  0.555187  -0.796088   0.240853    0.76689
  0.828024   0.556322 -0.0698639    1.69034
         0          0          0          1

-0.073683  0.240736   0.96779  0.527786
 0.549371 -0.800113  0.240854  0.759461
 0.832323  0.549423 -0.073299   1.68302
        0         0         0         1

-0.0686017   0.247034   0.966575   0.527135
  0.538247  -0.806588   0.244347   0.750346
   0.83999   0.537019 -0.0776321    1.68029
         0          0          0          1

-0.0637996   0.251956   0.965633   0.522097
  0.523324  -0.815446   0.247345   0.732438
  0.849742    0.52112 -0.0798295    1.66742
         0          0          0          1

-0.0596301   0.253065    0.96561   0.520399
  0.513878  -0.821524   0.247038   0.723815
  0.855788   0.510937 -0.0810572     1.6634
         0          0          0          1

-0.0595786   0.247766   0.966986    0.52121
  0.508799  -0.825889   0.242962   0.717303
  0.858821   0.506477 -0.0768577    1.65731
         0          0          0          1

 -0.067195    0.24325   0.967633   0.521586
  0.502187  -0.829778   0.243468   0.710549
  0.862145   0.502292 -0.0663999    1.64989
         0          0          0          1

-0.0880524   0.242074   0.966254   0.517686
  0.487254  -0.835583    0.25374   0.693698
   0.86881   0.493154 -0.0443767    1.64059
         0          0          0          1

 -0.100983    0.23764    0.96609   0.515412
  0.483961  -0.836685   0.256397   0.687181
  0.869243   0.493441 -0.0305174    1.63159
         0          0          0          1

 -0.108095   0.235207   0.965916   0.513584
  0.480203  -0.838389   0.257893   0.679884
  0.870471   0.491713 -0.0223218    1.62633
         0          0          0          1

   -0.11799    0.228861    0.966282    0.512247
   0.475718   -0.841122    0.257306    0.673387
   0.871648    0.490037 -0.00962932     1.62045
          0           0           0           1

 -0.128791   0.224314   0.965969   0.510272
  0.472326  -0.842622   0.258645   0.666439
  0.871964   0.489563 0.00257265     1.6143
         0          0          0          1

-0.135255  0.220135  0.966047  0.510217
 0.468743 -0.844777  0.258129  0.660338
 0.872918  0.487741  0.011073   1.60907
        0         0         0         1

-0.151701  0.207698  0.966358  0.507184
 0.465038  -0.84771    0.2552  0.647607
 0.872196  0.488107 0.0320116   1.59523
        0         0         0         1

-0.155336  0.200866  0.967225  0.508713
 0.464119  -0.84948  0.250951  0.643764
 0.872046  0.487889 0.0387288   1.59012
        0         0         0         1

-0.159473  0.195557  0.967639   0.50974
 0.461909 -0.851489  0.248209  0.639219
 0.872473  0.486544 0.0454603   1.58541
        0         0         0         1

-0.175315  0.193445   0.96532  0.504088
 0.462769 -0.849242  0.254228  0.630897
  0.86897  0.491291 0.0593651   1.57493
        0         0         0         1

-0.179804   0.19192  0.964799  0.502498
 0.459671 -0.850724  0.254894  0.622502
 0.869697  0.489321 0.0647436   1.56714
        0         0         0         1

-0.183421  0.192821  0.963938  0.498101
 0.457515 -0.851156  0.257318  0.615624
 0.870079  0.488214 0.0679009   1.56101
        0         0         0         1

-0.184552  0.193086  0.963669  0.495471
  0.45691 -0.851255  0.258065  0.610195
 0.870157  0.487936 0.0688777   1.55522
        0         0         0         1

-0.183233  0.191005  0.964335   0.49698
 0.454254 -0.853489  0.255362  0.605661
 0.871825  0.484844 0.0696223   1.54904
        0         0         0         1

-0.183659  0.191155  0.964225  0.495899
 0.453175 -0.853986  0.255619  0.603061
 0.872297  0.483909 0.0702153   1.54559
        0         0         0         1

-0.186602  0.190441  0.963801  0.494089
 0.447081 -0.857103  0.255918  0.595127
 0.874813  0.478651 0.0747947   1.53607
        0         0         0         1

-0.188586  0.190362   0.96343  0.495256
 0.440769 -0.860265  0.256256  0.592028
 0.877587  0.472976 0.0783281   1.53195
        0         0         0         1

-0.194268  0.190464   0.96228  0.493655
 0.435636 -0.862177  0.258598  0.587881
 0.878909  0.469441 0.0845206   1.52475
        0         0         0         1

-0.197253  0.193504  0.961066  0.492137
 0.429444  -0.86421  0.262143  0.584302
 0.881288  0.464432 0.0873691   1.52313
        0         0         0         1

-0.210595 0.195346 0.957857 0.490132
0.421152 -0.86611  0.26923 0.578757
0.882202 0.460102 0.100128  1.51478
       0        0        0        1

-0.217028  0.196966  0.956087  0.490776
 0.414136 -0.868342  0.272897  0.575107
 0.883963  0.455177  0.106884   1.50902
        0         0         0         1

-0.222822   0.19762  0.954619  0.489948
 0.413645 -0.867549  0.276146  0.572688
 0.882751  0.456404  0.111564   1.50309
        0         0         0         1

-0.226295   0.20094  0.953107  0.489329
 0.410043 -0.867915  0.280336  0.568917
 0.883547  0.454254   0.11401   1.49974
        0         0         0         1

-0.227905  0.202872  0.952314  0.489267
 0.408792 -0.867743  0.282686  0.566215
 0.883713  0.453724  0.114831   1.49543
        0         0         0         1

 -0.22842  0.205615  0.951602  0.488391
 0.407271 -0.867625   0.28523    0.5639
 0.884282  0.452713  0.114442   1.49278
        0         0         0         1

-0.229714  0.208674  0.950624  0.487809
 0.405991 -0.867158  0.288458  0.560667
 0.884535  0.452208  0.114478   1.48851
        0         0         0         1

-0.228048  0.213096  0.950044  0.487059
 0.403977 -0.867095  0.291461  0.556576
 0.885887  0.450263  0.111653     1.482
        0         0         0         1

-0.230874  0.216996  0.948478  0.485909
 0.400419 -0.867248   0.29588  0.552487
  0.88677    0.4481  0.113336     1.477
        0         0         0         1

-0.233223  0.219212  0.947393  0.484869
 0.398297 -0.867252  0.298719  0.550592
 0.887111  0.447012  0.114952   1.47533
        0         0         0         1

 -0.23636  0.220338  0.946353  0.486516
 0.397467 -0.866813   0.30109  0.549938
 0.886653   0.44731  0.117303   1.47155
        0         0         0         1

-0.244124   0.22735  0.942717  0.484247
 0.395009 -0.864513  0.310781  0.545087
 0.885648   0.44825  0.121243   1.46427
        0         0         0         1

-0.245064  0.226522  0.942673  0.486081
 0.396416 -0.863916  0.310652   0.54613
 0.884759   0.44982  0.121918   1.46097
        0         0         0         1

-0.248013  0.228853  0.941337   0.48539
 0.396682 -0.862508  0.314202  0.544164
 0.883817  0.451338  0.123131   1.45653
        0         0         0         1

-0.250992  0.233849  0.939318  0.484161
 0.395035 -0.861152  0.319945  0.542105
 0.883714  0.451367  0.123764   1.45419
        0         0         0         1

-0.254659  0.238007  0.937284  0.483337
 0.393801 -0.859708  0.325303  0.540895
 0.883215  0.451945  0.125205   1.45078
        0         0         0         1

-0.258256  0.236947  0.936568  0.485034
 0.398128 -0.857201  0.326651  0.541615
 0.880226  0.457234  0.127042   1.44465
        0         0         0         1

 -0.26398  0.244203  0.933102  0.482441
 0.398334 -0.853463  0.336052  0.537267
 0.878433  0.460397  0.128022    1.4387
        0         0         0         1

-0.266929  0.245984  0.931794  0.483178
 0.398021 -0.852422  0.339051  0.536824
 0.877683  0.461376   0.12963   1.43603
        0         0         0         1

-0.268257  0.247232  0.931082  0.484052
 0.397498 -0.851987  0.340754  0.536282
 0.877515  0.461513  0.130277   1.43424
        0         0         0         1

-0.275363   0.24989  0.928294  0.483161
 0.397349 -0.849696  0.346599  0.534238
 0.875379  0.464298  0.134681   1.43098
        0         0         0         1

-0.280089  0.251694  0.926391  0.482831
 0.397445 -0.848022  0.350567  0.533296
 0.873835  0.466379  0.137487   1.42876
        0         0         0         1

-0.281459  0.252469  0.925765  0.484336
 0.397004 -0.847686  0.351876  0.533339
 0.873595  0.466571  0.138357   1.42754
        0         0         0         1

-0.295559  0.250318  0.921947  0.485704
 0.396849 -0.845683  0.356835    0.5335
 0.868997   0.47134   0.15061   1.42107
        0         0         0         1

-0.303694  0.248667  0.919747  0.486151
 0.397475 -0.844258  0.359501  0.533396
   0.8659  0.474755  0.157557   1.41733
        0         0         0         1

-0.310289  0.250725  0.916983  0.485683
 0.392588 -0.844701  0.363806   0.53198
 0.865792  0.472881   0.16367   1.41636
        0         0         0         1

-0.326654  0.249035  0.911745  0.484097
 0.390016 -0.843183  0.370041  0.530313
 0.860921  0.476471  0.178301   1.41122
        0         0         0         1

-0.338104  0.246992  0.908119  0.484484
 0.387884 -0.842603  0.373587  0.528965
 0.857457  0.478556  0.189083   1.40781
        0         0         0         1

-0.346329  0.244459  0.905702  0.484098
 0.385424 -0.843126   0.37495  0.528177
  0.85528  0.478936  0.197778   1.40608
        0         0         0         1

-0.351217  0.239858   0.90505  0.485026
 0.386834 -0.843099  0.373556  0.528793
 0.852647  0.481303  0.203325   1.40391
        0         0         0         1

-0.356825   0.23602  0.903864  0.485996
 0.387353 -0.843078  0.373065  0.528509
 0.850078  0.483234  0.209408   1.40191
        0         0         0         1

-0.362962 0.232657 0.902291 0.485276
0.387705 -0.84282 0.373283 0.527396
0.847316  0.48531 0.215709  1.40042
       0        0        0        1

-0.370431  0.226035  0.900938  0.485745
 0.390047 -0.842427  0.371727  0.527628
 0.842997  0.489107  0.223896   1.39728
        0         0         0         1

-0.381628   0.21869  0.898073   0.48505
 0.393333 -0.840824  0.371893  0.525766
  0.83645  0.495166  0.234864   1.39383
        0         0         0         1

-0.392232  0.210851  0.895375  0.484783
 0.398332 -0.838446   0.37194  0.524276
 0.829148  0.502543  0.244877   1.39016
        0         0         0         1

-0.394007  0.208755  0.895087  0.484988
 0.399742 -0.838012  0.371405  0.524157
 0.827626   0.50414  0.246734   1.38926
        0         0         0         1

 -0.39962  0.206618  0.893092  0.484341
  0.39844 -0.838271   0.37222   0.52237
  0.82556   0.50459  0.252665    1.3895
        0         0         0         1

-0.408497  0.200111  0.890554  0.484706
 0.403681 -0.835456  0.372899  0.521284
  0.81864  0.511828    0.2605   1.38665
        0         0         0         1

-0.417573 0.191589 0.888216 0.486371
0.409235 -0.83311 0.372094 0.520435
0.811271 0.518865 0.269479   1.3839
       0        0        0        1

-0.417573 0.191589 0.888216 0.486371
0.409235 -0.83311 0.372094 0.520435
0.811271 0.518865 0.269479   1.3839
       0        0        0        1

-0.421606  0.191443   0.88634  0.486355
 0.408689 -0.832434  0.374201  0.519004
 0.809458  0.520003  0.272718   1.38363
        0         0         0         1

-0.430941  0.181999  0.883836  0.487745
 0.414013 -0.830402   0.37286   0.51688
   0.8018  0.526601  0.282504   1.38018
        0         0         0         1

-0.435736  0.180426  0.881805  0.486828
 0.414489 -0.829417  0.374522  0.515179
 0.798958  0.528691  0.286622   1.37898
        0         0         0         1

-0.438852  0.177713  0.880811  0.486832
 0.415251 -0.829186   0.37419  0.513906
 0.796854  0.529971  0.290094   1.37854
        0         0         0         1

-0.443675  0.176767  0.878582  0.485393
 0.415271 -0.828203  0.376338  0.511822
 0.794168  0.531821  0.294047   1.37711
        0         0         0         1

 -0.44531  0.171972  0.878706   0.48696
 0.419893 -0.826667  0.374581   0.51203
 0.790815  0.535768  0.295913   1.37496
        0         0         0         1

-0.448861  0.170705  0.877145  0.487432
 0.420418 -0.825821  0.375857  0.511374
 0.788525  0.537475  0.298911   1.37379
        0         0         0         1

-0.455288  0.170433  0.873879  0.488175
 0.423291 -0.822053  0.380859    0.5091
 0.783286  0.543306  0.302128    1.3716
        0         0         0         1

-0.455887  0.175402  0.872583  0.488386
 0.422321 -0.820363   0.38555  0.508022
 0.783462  0.544277  0.299917   1.37181
        0         0         0         1

-0.456366  0.178174  0.871771  0.488777
 0.424086 -0.817754  0.389139  0.506786
 0.782229  0.547296  0.297634   1.37131
        0         0         0         1

-0.456172    0.1806  0.871373   0.48901
 0.428235 -0.813806  0.392854  0.505465
 0.780078  0.552361  0.293896   1.36967
        0         0         0         1

-0.447858  0.184739  0.874811  0.490873
 0.438336 -0.807407  0.394911  0.503893
 0.779285  0.560325  0.280626   1.36933
        0         0         0         1

-0.443531  0.182064  0.877572  0.491749
 0.446493 -0.804115  0.392485  0.503678
 0.777126  0.565909   0.27536   1.36811
        0         0         0         1

-0.436292    0.1802  0.881576  0.491856
 0.454414 -0.801501  0.388721  0.503323
 0.776632  0.570197  0.267803   1.36883
        0         0         0         1

-0.426049  0.174256   0.88776  0.492576
 0.469031 -0.796559  0.381449  0.503525
 0.773623  0.578902  0.257642   1.36824
        0         0         0         1

-0.417479 0.172047  0.89225 0.491839
0.480535 -0.79158 0.377475 0.503073
0.771231 0.586345 0.247793  1.36786
       0        0        0        1

-0.401958  0.171754  0.899406   0.49198
 0.493439 -0.786793  0.370774  0.503428
 0.771328  0.592838  0.231508   1.36886
        0         0         0         1

-0.380444 0.170625 0.908928 0.492465
0.519176 -0.77394 0.362593 0.504221
0.765322  0.60984 0.205856  1.37071
       0        0        0        1

-0.371264  0.171164  0.912615  0.491792
 0.533442 -0.765157  0.360519   0.50405
 0.760002  0.620675  0.192769   1.37279
        0         0         0         1

-0.367316  0.170418   0.91435  0.491838
 0.540465 -0.760957  0.358946  0.504214
 0.756952  0.626021  0.187407   1.37345
        0         0         0         1

-0.362989  0.171007  0.915967  0.491658
  0.55014 -0.754063  0.358796  0.504629
 0.752053  0.634149  0.179639   1.37474
        0         0         0         1

-0.351176  0.172909  0.920205  0.491982
 0.569549 -0.740613  0.356519  0.507206
 0.743162  0.649303  0.161605   1.37931
        0         0         0         1

-0.344392  0.178567  0.921687  0.492257
 0.577732 -0.733534  0.357986  0.509296
 0.740014  0.655776   0.14946   1.38263
        0         0         0         1

-0.339767  0.185624   0.92201   0.49184
 0.585575 -0.725385  0.361827  0.510732
 0.735976  0.662842  0.137765   1.38616
        0         0         0         1

-0.332574  0.198182  0.922018  0.494158
 0.603148 -0.706883  0.369497  0.516177
 0.724987  0.678999  0.115558   1.39303
        0         0         0         1

-0.332526 0.198262 0.922019 0.494185
0.603308 -0.70672 0.369549 0.516229
0.724876 0.679146  0.11539  1.39308
       0        0        0        1

-0.330294  0.211433  0.919892  0.493859
 0.613602 -0.692453  0.379476  0.518532
 0.717216  0.689786 0.0989775   1.40046
        0         0         0         1

-0.328583  0.219143    0.9187  0.495513
  0.62797 -0.675867  0.385819  0.523142
 0.705469   0.70369  0.084463   1.40696
        0         0         0         1

-0.329097  0.227002  0.916606  0.494773
 0.634215 -0.666029  0.392653  0.524748
 0.699619  0.710546 0.0752198   1.41326
        0         0         0         1

-0.328694  0.234341  0.914901  0.495829
 0.641082 -0.655998  0.398346  0.527347
 0.693523  0.717461 0.0653908   1.41978
        0         0         0         1

-0.329279  0.241622  0.912795  0.497969
  0.65424 -0.638664  0.405066   0.53275
 0.680842  0.730567   0.05222   1.43064
        0         0         0         1

 -0.32972  0.246717  0.911271  0.499599
 0.664623 -0.624868  0.409654  0.537422
 0.670493  0.740723 0.0420577   1.44068
        0         0         0         1

-0.336309  0.252476  0.907277  0.500315
 0.681505  -0.59965  0.419489  0.543932
  0.64996  0.759392 0.0296037   1.45337
        0         0         0         1

-0.336309  0.252476  0.907277  0.500315
 0.681505  -0.59965  0.419489  0.543932
  0.64996  0.759392 0.0296037   1.45337
        0         0         0         1

-0.337123  0.253734  0.906624  0.502552
 0.695677 -0.581708  0.421484  0.550835
 0.634335   0.77281 0.0195903   1.46403
        0         0         0         1

-0.337295  0.254731  0.906281  0.503251
 0.701651 -0.573802  0.422417  0.553532
 0.627629  0.778372 0.0148081   1.46787
        0         0         0         1

 -0.338786   0.257806   0.904854   0.503494
  0.708355  -0.563081   0.425645   0.557322
   0.61924    0.78516 0.00814559    1.47748
         0          0          0          1

  -0.340123     0.26383    0.902613    0.505482
   0.723833   -0.539289    0.430387    0.566188
   0.600318    0.799726 -0.00754452     1.49465
          0           0           0           1

 -0.337857   0.261847    0.90404   0.508154
  0.735765  -0.525516    0.42718   0.573056
  0.586943   0.809487 -0.0151091    1.50121
         0          0          0          1

 -0.336336   0.268416    0.90268   0.509013
  0.742169  -0.514491   0.429516   0.577849
  0.579709   0.814403 -0.0261677    1.51185
         0          0          0          1

 -0.334544    0.27358   0.901795   0.510031
  0.753008  -0.497768   0.430357   0.585453
  0.566621   0.823032 -0.0394824    1.52356
         0          0          0          1

  -0.33268   0.279223   0.900754   0.511654
   0.76807  -0.473974   0.430601   0.596415
  0.547168   0.835095 -0.0567815    1.53743
         0          0          0          1

-0.334327  0.283427   0.89883  0.510094
 0.777161 -0.456604  0.433052  0.602692
 0.533148  0.843316 -0.067613   1.54734
        0         0         0         1

 -0.334536   0.287199   0.897554   0.509818
  0.782583  -0.445956   0.434381   0.607929
  0.525024   0.847726 -0.0755691    1.55586
         0          0          0          1

 -0.334105   0.292186   0.896103   0.510407
  0.789167  -0.433118   0.435459   0.614606
  0.515353   0.852664 -0.0858765    1.56537
         0          0          0          1

 -0.332182    0.29628   0.895474    0.51208
   0.79475  -0.423366   0.434894    0.62166
  0.507964   0.856142 -0.0948341    1.57633
         0          0          0          1

-0.333847  0.296993  0.894618  0.510724
 0.801708 -0.409721  0.435193  0.628467
 0.495793   0.86251 -0.101318   1.58483
        0         0         0         1

-0.329403  0.304325  0.893801   0.51526
 0.813135 -0.389709  0.432364   0.64497
 0.479902  0.869202 -0.119086   1.60583
        0         0         0         1

 -0.33239  0.301733  0.893574  0.514972
 0.820485 -0.374715  0.431733  0.653843
 0.465103  0.876668 -0.123016   1.61185
        0         0         0         1

 -0.32763  0.303998  0.894564  0.519456
 0.827941 -0.363756  0.426844  0.664849
 0.455163  0.880492 -0.132515   1.62009
        0         0         0         1

-0.329998  0.305421  0.893207  0.519014
 0.832976 -0.350967  0.427754  0.673535
 0.444131  0.885178  -0.13859   1.62871
        0         0         0         1

-0.333008  0.305511  0.892059  0.518495
 0.837155 -0.339558  0.428803  0.682058
  0.43391  0.889586 -0.142685   1.63687
        0         0         0         1

-0.336088  0.306682    0.8905  0.517403
 0.840688 -0.328573  0.430446  0.690616
 0.424604  0.893301 -0.147394    1.6453
        0         0         0         1

-0.342713  0.308202  0.887445  0.516272
 0.844076  -0.31368  0.434903  0.706536
 0.412412  0.898118 -0.152644   1.66651
        0         0         0         1

-0.338577  0.306636  0.889573  0.519916
 0.853686 -0.297484  0.427461  0.722384
 0.395709  0.904145 -0.161049   1.67432
        0         0         0         1

-0.334268   0.30583  0.891478  0.523566
 0.858637 -0.291183  0.421847  0.731393
 0.388596  0.906466 -0.165264   1.67935
        0         0         0         1

-0.332089  0.302967  0.893268  0.525324
 0.863529 -0.283383  0.417147  0.741497
 0.379519  0.909893 -0.167512   1.68913
        0         0         0         1

-0.333087  0.301633  0.893348  0.524893
 0.871865 -0.262239   0.41362  0.762516
 0.359032  0.916651 -0.175635   1.70526
        0         0         0         1

 -0.3327 0.299111  0.89434 0.524079
0.875905 -0.25339 0.410589 0.772446
0.349428  0.91996 -0.17769  1.71361
       0        0        0        1

-0.327527  0.297998  0.896618  0.526268
 0.883616 -0.239441  0.402358  0.784897
 0.334589  0.924048 -0.184893   1.71958
        0         0         0         1

-0.326604  0.300006  0.896285  0.525554
 0.888205 -0.226791  0.399571  0.800705
 0.323143  0.926586 -0.192396   1.73526
        0         0         0         1

-0.326171  0.300563  0.896256  0.525573
 0.889429 -0.223574  0.398662  0.805031
 0.320202  0.927188 -0.194406   1.73974
        0         0         0         1

-0.325272  0.298248  0.897355  0.523739
 0.894327 -0.211269  0.394392  0.815685
  0.30721  0.930813 -0.198011   1.74422
        0         0         0         1

-0.314343  0.296369  0.901861  0.528743
 0.905564 -0.191455  0.378549  0.840582
 0.284856  0.935687 -0.208199   1.75655
        0         0         0         1

-0.312641  0.296967  0.902256  0.525922
 0.910086 -0.178378  0.374065  0.853638
 0.272027  0.938079 -0.214497   1.76485
        0         0         0         1

-0.309024   0.29757  0.903303  0.526789
 0.913544 -0.171236  0.368938  0.863625
 0.264463  0.939218 -0.218928    1.7718
        0         0         0         1

-0.301037  0.298318   0.90575  0.530676
 0.921157  -0.15472  0.357116  0.884261
 0.246672  0.941843 -0.228221   1.78144
        0         0         0         1

-0.298173  0.301586  0.905615  0.530659
  0.92459  -0.14444  0.352521  0.899119
 0.237122  0.942435 -0.235775   1.79427
        0         0         0         1

-0.293547  0.296905  0.908668  0.532708
     0.93 -0.131252  0.343325  0.913654
   0.2212  0.945844 -0.237593   1.79576
        0         0         0         1

-0.292678  0.296687   0.90902  0.530314
  0.93359 -0.116897  0.338741  0.925979
 0.206762  0.947793 -0.242771    1.7982
        0         0         0         1

 -0.281374    0.29751   0.912314   0.535986
  0.941182 -0.0998059   0.322824   0.952399
  0.187098   0.949488  -0.251928    1.80917
         0          0          0          1

 -0.281374    0.29751   0.912314   0.535986
  0.941182 -0.0998059   0.322824   0.952399
  0.187098   0.949488  -0.251928    1.80917
         0          0          0          1

 -0.276516   0.296425   0.914151   0.536429
  0.944767 -0.0903012   0.315058   0.966518
   0.17594   0.950778  -0.255083    1.81501
         0          0          0          1

 -0.271975   0.295582   0.915784   0.536065
  0.948712 -0.0770239   0.306614   0.987863
  0.161167   0.952207  -0.259473    1.82672
         0          0          0          1

-0.262784  0.293448  0.919148  0.541629
 0.953862 -0.064379  0.293262   1.00402
 0.145231  0.953805 -0.262991   1.82768
        0         0         0         1

 -0.264562   0.288188   0.920301   0.534831
  0.954976 -0.0545755    0.29162    1.01314
  0.134267   0.956017  -0.260775    1.83285
         0          0          0          1

-0.254275  0.283882   0.92453  0.541617
 0.960366 -0.038763  0.276033   1.03387
 0.114198  0.958075 -0.262774   1.83124
        0         0         0         1

 -0.249778   0.284996   0.925413   0.542242
  0.961814 -0.0374368   0.271132    1.05278
  0.111916   0.957797  -0.264762    1.84859
         0          0          0          1

 -0.248122   0.274596   0.928995   0.539887
  0.964305 -0.0215305   0.263917    1.06586
 0.0924723   0.961319  -0.259453    1.84197
         0          0          0          1

 -0.244231   0.274021   0.930195   0.541162
  0.966312 -0.0115491   0.257116    1.07969
 0.0811982   0.961654  -0.261969    1.84256
         0          0          0          1

  -0.23458   0.266888   0.934742   0.542813
  0.970317 0.00612831   0.241758    1.10691
 0.0587938   0.963708  -0.260403     1.8472
         0          0          0          1

 -0.234358   0.266815   0.934819   0.542898
  0.970391 0.00637618   0.241456    1.10732
 0.0584635   0.963727  -0.260409    1.84723
         0          0          0          1

 -0.217541   0.269587   0.938082   0.556162
  0.974539 0.00650633   0.224126    1.12222
 0.0543179   0.962954  -0.264138    1.85384
         0          0          0          1

-0.217553  0.260486  0.940647  0.550854
  0.97535 0.0215629  0.219608   1.14566
0.0369217  0.965237 -0.258756   1.85774
        0         0         0         1

-0.212271  0.256192   0.94303  0.552112
  0.97696 0.0337588  0.210737   1.16166
0.0221536  0.966036 -0.257456   1.85309
        0         0         0         1

-0.206525  0.253696  0.944979  0.556106
 0.978349 0.0402619  0.203009   1.17573
 0.013456  0.966446 -0.256519   1.85564
        0         0         0         1

-0.210043   0.25376  0.944186  0.550969
 0.977603 0.0414943  0.206325   1.18381
0.0131786  0.966377 -0.256792   1.86184
        0         0         0         1

-0.216235  0.244761  0.945164  0.542535
 0.976335 0.0507042  0.210236   1.20346
0.00353388  0.968257 -0.249933   1.86345
        0         0         0         1

