 0.351413 -0.718005  0.600815  0.783562
-0.918509 -0.140169  0.369721    1.0768
-0.181246 -0.681778 -0.708751   1.65797
        0         0         0         1

 0.348137  -0.75234  0.559272  0.790741
 -0.90689 -0.119215  0.404152   1.05325
-0.237386 -0.647899 -0.723792   1.64658
        0         0         0         1

 0.346386  -0.76153  0.547804  0.792418
-0.903311 -0.113231  0.413773   1.04476
-0.253072 -0.638163  -0.72712   1.63956
        0         0         0         1

 0.345929 -0.774802  0.529165  0.792945
 -0.89528 -0.103833  0.433236   1.03327
-0.280727 -0.623619 -0.729583   1.63216
        0         0         0         1

  0.332365  -0.787542   0.518952    0.80252
 -0.894289 -0.0883451   0.438682    1.02846
 -0.299634  -0.609896  -0.733653    1.62256
         0          0          0          1

 0.326088 -0.807061  0.492258  0.800504
-0.876725 -0.063421  0.476793   1.00946
-0.353581 -0.587052 -0.728252   1.60421
        0         0         0         1

  0.317979  -0.814578   0.485131   0.803428
   -0.8701 -0.0474799   0.490584    1.00383
 -0.376584  -0.578108  -0.723861    1.59884
         0          0          0          1

  0.312179  -0.821257   0.477579   0.803387
 -0.859824 -0.0304484   0.509681   0.994375
 -0.404038  -0.569745  -0.715642    1.59064
         0          0          0          1

  0.308833  -0.825063   0.473173    0.80295
 -0.854663 -0.0224398   0.518698   0.989276
 -0.417341  -0.564594  -0.712081    1.58319
         0          0          0          1

   0.297289   -0.830589    0.470893    0.806844
  -0.852294 -0.00855206    0.522994    0.984944
  -0.430366    -0.55682   -0.710448      1.5716
          0           0           0           1

   0.294791   -0.833027    0.468149    0.806585
  -0.845784 0.000528366    0.533526    0.979861
  -0.444689   -0.553232   -0.704405     1.56959
          0           0           0           1

 0.286079 -0.839117  0.462646  0.808453
-0.837255  0.015913  0.546582  0.969133
-0.466008 -0.543717 -0.698003   1.55736
        0         0         0         1

 0.282906 -0.841257  0.460707  0.809104
 -0.83578 0.0194375   0.54872  0.966092
 -0.47057 -0.540286 -0.697607   1.55197
        0         0         0         1

 0.278575 -0.843599   0.45906   0.81207
-0.836226 0.0220326  0.547942   0.96345
-0.472358 -0.536521 -0.699302   1.54225
        0         0         0         1

  0.27454 -0.845664   0.45769  0.815984
-0.835613 0.0256994  0.548717  0.961766
-0.475793 -0.533096 -0.699592   1.53773
        0         0         0         1

 0.275256 -0.848361  0.452237  0.815738
-0.830965 0.0266099  0.555689  0.954659
-0.483458  -0.52875 -0.697633   1.52682
        0         0         0         1

 0.276737 -0.849008  0.450113  0.817141
-0.828002 0.0270405  0.560073  0.953029
-0.487678 -0.527687 -0.695497   1.52269
        0         0         0         1

 0.274239  -0.84981  0.450129  0.823568
-0.826051 0.0314884  0.562715  0.951694
-0.492375 -0.526148 -0.693351   1.51644
        0         0         0         1

 0.277997 -0.850645  0.446229  0.822947
-0.820775 0.0309888   0.57041  0.949147
-0.499045 -0.524826 -0.689574   1.51372
        0         0         0         1

 0.276784 -0.852183  0.444043  0.827256
-0.815551 0.0360607  0.577561  0.948273
  -0.5082 -0.521999 -0.685018   1.50849
        0         0         0         1

  0.27865 -0.853713  0.439919  0.827874
-0.809644 0.0375552  0.585718  0.946203
-0.516556 -0.519388 -0.680739   1.50485
        0         0         0         1

 0.283874 -0.857515   0.42905  0.826613
-0.794216 0.0404322  0.606288  0.942352
-0.537249 -0.512868 -0.669575   1.49398
        0         0         0         1

 0.283136 -0.858038  0.428492   0.82827
-0.788115 0.0464475  0.613774  0.941614
-0.546543 -0.511482 -0.663081   1.49093
        0         0         0         1

 0.285517 -0.857377  0.428234  0.828012
-0.777865 0.0536958  0.626133  0.940322
-0.559826  -0.51188 -0.651593   1.48929
        0         0         0         1

 0.284333 -0.855536   0.43268   0.83162
-0.775878 0.0597701  0.628046  0.939804
-0.563177 -0.514281 -0.646797    1.4864
        0         0         0         1

 0.285937 -0.849604  0.443185  0.833722
-0.772044 0.0697033  0.631736  0.938248
-0.567617 -0.522795 -0.636001   1.47937
        0         0         0         1

 0.287504 -0.846596  0.447903  0.834825
-0.772382 0.0715968  0.631111  0.938011
-0.566364 -0.527399  -0.63331   1.47511
        0         0         0         1

 0.292251 -0.843193  0.451237  0.833571
-0.769128 0.0731835   0.63489  0.936724
-0.568358 -0.532606 -0.627136   1.47267
        0         0         0         1

 0.292435 -0.841006  0.455181  0.835789
 -0.77016 0.0750299  0.633423  0.937796
-0.566865 -0.535797 -0.625768   1.46862
        0         0         0         1

 0.290634 -0.839673  0.458782  0.838697
 -0.76845 0.0808514  0.634782  0.938287
-0.570102  -0.53704 -0.621749   1.46766
        0         0         0         1

 0.295184 -0.838016  0.458908  0.835035
-0.767021 0.0785414  0.636797  0.937043
-0.569689 -0.539964 -0.619591   1.46531
        0         0         0         1

 0.297455 -0.832977  0.466551  0.836381
-0.765798 0.0836639  0.637615  0.936807
-0.570152 -0.546946 -0.613006   1.46302
        0         0         0         1

  0.29843  -0.82947  0.472142   0.83722
-0.767129 0.0858578  0.635722  0.937256
 -0.56785 -0.551912 -0.610688   1.46081
        0         0         0         1

 0.300757 -0.825279  0.477976   0.83699
-0.767584  0.087973  0.634882  0.936945
-0.566004 -0.557832 -0.607012   1.45882
        0         0         0         1

 0.304921  -0.82252  0.480087  0.834513
-0.767677 0.0860637  0.635031  0.936786
-0.563644 -0.562186 -0.605187   1.45723
        0         0         0         1

 0.306965 -0.816654  0.488721  0.835943
 -0.76944 0.0892676   0.63245  0.937673
 -0.56012 -0.570181 -0.600965   1.45293
        0         0         0         1

 0.312081 -0.815572  0.487285  0.834589
-0.767659 0.0857111  0.635102  0.937224
-0.559737 -0.572272 -0.599332   1.45168
        0         0         0         1

 0.313303 -0.815979  0.485818  0.835876
-0.768163  0.083032  0.634848  0.938063
-0.558361 -0.572087 -0.600791   1.44933
        0         0         0         1

 0.314431 -0.816738   0.48381   0.83717
-0.766254 0.0824753  0.637223  0.937901
-0.560346 -0.571084 -0.599896   1.45029
        0         0         0         1

 0.316123  -0.81716  0.481991  0.838922
-0.768018 0.0778348   0.63568  0.938853
-0.556968 -0.571131 -0.602989   1.44831
        0         0         0         1

 0.317423 -0.817589  0.480408  0.839757
-0.766902 0.0766518  0.637171  0.938817
-0.557768 -0.570678 -0.602679   1.44838
        0         0         0         1

 0.324662 -0.817015   0.47653   0.83993
-0.765469 0.0689704  0.639766  0.939127
-0.555565 -0.572477 -0.603007   1.44708
        0         0         0         1

 0.327612 -0.816732  0.474994  0.839454
 -0.76423 0.0665322  0.641503  0.939185
-0.555538 -0.573168 -0.602374   1.44691
        0         0         0         1

 0.331894 -0.815519  0.474104  0.839625
-0.763233 0.0632083  0.643024  0.939434
-0.554365 -0.575268 -0.601453   1.44665
        0         0         0         1

 0.333883  -0.81499  0.473618  0.840115
-0.762488 0.0618969  0.644035  0.939673
-0.554197  -0.57616 -0.600754   1.44695
        0         0         0         1

 0.346171 -0.810841  0.471913  0.838757
-0.759742 0.0528268  0.648075  0.939769
-0.550416 -0.582877 -0.597743   1.44742
        0         0         0         1

 0.345949 -0.811087  0.471654  0.839352
 -0.75795 0.0547046  0.650015  0.940098
 -0.55302 -0.582362 -0.595838   1.44856
        0         0         0         1

 0.349156 -0.810739  0.469885   0.83948
-0.755742 0.0528392  0.652735  0.940409
-0.554026 -0.583018  -0.59426   1.45004
        0         0         0         1

 0.354711 -0.809888  0.467185  0.838375
-0.752825 0.0489262    0.6564  0.940535
-0.554467 -0.584541 -0.592349   1.45143
        0         0         0         1

 0.358831 -0.810187  0.463506  0.838025
-0.750013 0.0453285  0.659868  0.941563
-0.555627 -0.584417 -0.591385    1.4547
        0         0         0         1

 0.362138 -0.809309  0.462466   0.83762
-0.749129 0.0425402  0.661057  0.942475
-0.554672 -0.585841 -0.590871   1.45652
        0         0         0         1

   0.3757 -0.807571  0.454619  0.834282
-0.738026 0.0359744  0.673813  0.944398
-0.560507 -0.588672 -0.582493   1.46874
        0         0         0         1

 0.375395 -0.806162  0.457364  0.837446
-0.740504 0.0359126  0.671092  0.946888
-0.557434 -0.590604 -0.583485    1.4716
        0         0         0         1

 0.386893 -0.802497  0.454217  0.833432
-0.738835 0.0249603  0.673424  0.948165
-0.551758 -0.596134 -0.583256   1.47587
        0         0         0         1

 0.392615 -0.799024  0.455428  0.831421
-0.740009 0.0195873  0.672312  0.949715
-0.546114  -0.60098 -0.583594   1.48018
        0         0         0         1

  0.405926  -0.785982   0.466322   0.826751
 -0.748314 0.00706677   0.663307   0.954662
 -0.524642  -0.618209  -0.585293    1.49206
         0          0          0          1

   0.413312   -0.779367    0.470915    0.823806
  -0.753031 -0.00177376    0.657983    0.956648
  -0.511974   -0.626566    -0.58762     1.49772
          0           0           0           1

  0.420323  -0.770362   0.479449   0.820898
 -0.761654 -0.0123605   0.647866   0.960095
 -0.493165  -0.637487  -0.591944    1.50478
         0          0          0          1

  0.430983  -0.761975   0.483371   0.815369
 -0.766078 -0.0258978   0.642226   0.962011
 -0.476841  -0.647089  -0.594894    1.51033
         0          0          0          1

  0.442245  -0.752386   0.488196   0.809066
 -0.772402 -0.0428325   0.633689   0.965325
 -0.455868  -0.657329  -0.600086    1.51698
         0          0          0          1

  0.450124  -0.746327    0.49029   0.804237
 -0.775288 -0.0541933   0.629279   0.967688
 -0.443078  -0.663369  -0.603012    1.52456
         0          0          0          1

  0.465661  -0.734052   0.494296   0.794967
 -0.784382 -0.0837282   0.614601   0.975655
 -0.409763  -0.673912  -0.614766    1.54342
         0          0          0          1

  0.470103   -0.72939   0.496984    0.79424
 -0.788164 -0.0934909   0.608323   0.979068
 -0.397241   -0.67768  -0.618829    1.55214
         0          0          0          1

 0.475836 -0.721165  0.503489  0.792239
-0.797231 -0.111863  0.593219  0.985647
-0.371487 -0.683672 -0.628164   1.55928
        0         0         0         1

 0.484318 -0.716424  0.502169  0.785522
-0.798846 -0.128065  0.587745  0.988864
-0.356764 -0.685811 -0.634337   1.56681
        0         0         0         1

 0.490831 -0.706853  0.509357  0.779981
-0.810897 -0.156815  0.563786   1.00122
-0.318639  -0.68976 -0.650155   1.59023
        0         0         0         1

 0.493827 -0.700803  0.514791  0.778925
-0.817389 -0.172135  0.549768   1.00715
-0.296665 -0.692275 -0.657834   1.59657
        0         0         0         1

 0.507979 -0.688542  0.517559  0.765876
-0.818045 -0.197474  0.540192   1.01273
-0.269741 -0.697792 -0.663571    1.6078
        0         0         0         1

 0.510685  -0.68357  0.521473  0.761842
-0.823118 -0.213519  0.526199   1.01877
-0.248349 -0.697956   -0.6717   1.61574
        0         0         0         1

 0.514634 -0.675189  0.528462  0.754855
-0.828546 -0.233042  0.509121   1.02755
-0.220599 -0.699866 -0.679356    1.6278
        0         0         0         1

 0.513856 -0.668814  0.537252  0.753823
-0.834666 -0.245081  0.493222   1.03399
-0.198204 -0.701871 -0.684172   1.63523
        0         0         0         1

 0.514345 -0.657246  0.550888  0.740317
-0.844679 -0.277242   0.45788    1.0492
 -0.14821 -0.700831  -0.69776   1.66175
        0         0         0         1

 0.513507 -0.651435  0.558519  0.734317
-0.848571  -0.28886  0.443268   1.05609
-0.127426 -0.701564 -0.701121   1.67176
        0         0         0         1

 0.507699 -0.644311  0.571932  0.729923
-0.856372 -0.304844  0.416771   1.06696
-0.0941797  -0.70138 -0.706538    1.6828
        0         0         0         1

 0.503586 -0.638365  0.582144  0.724645
-0.861229 -0.317539  0.396804   1.07517
-0.0684519 -0.701185 -0.709686   1.69023
        0         0         0         1

 0.491801 -0.618205  0.613151  0.710562
-0.870708 -0.349816  0.345683   1.09689
0.000787075 -0.703883 -0.710316   1.70731
        0         0         0         1

 0.483795 -0.610769   0.62682   0.70687
-0.874653 -0.362309  0.322047   1.10694
0.0304064 -0.704055 -0.709494   1.71025
        0         0         0         1

 0.479439 -0.597954  0.642331  0.695567
-0.875453 -0.376755  0.302717   1.11785
0.0609908 -0.707465 -0.704112   1.72219
        0         0         0         1

 0.470139 -0.591409  0.655137  0.693363
-0.878856 -0.381929  0.285907   1.12589
0.0811282 -0.710187 -0.699323   1.73117
        0         0         0         1

 0.459875 -0.578492  0.673693   0.68591
-0.880278 -0.396725   0.26023   1.13962
  0.11673  -0.71271 -0.691678   1.73689
        0         0         0         1

  0.45944 -0.568501  0.682437  0.677403
-0.877751 -0.408161  0.250915    1.1474
 0.135899  -0.71429 -0.686528   1.74552
        0         0         0         1

 0.443528 -0.547113  0.709895  0.661985
-0.874469 -0.437762  0.208969   1.17102
 0.196435 -0.713464 -0.672593   1.75605
        0         0         0         1

  0.44125   -0.5406  0.716275  0.651338
-0.872477 -0.445186  0.201477   1.17889
 0.209958 -0.713835 -0.668099    1.7658
        0         0         0         1

 0.430467 -0.536744  0.725675  0.646319
-0.871433 -0.456608  0.179201   1.19228
 0.235164 -0.709517 -0.664291   1.77148
        0         0         0         1

