-0.386418  0.280608  0.878601   0.62565
 0.825269 -0.320164  0.465216   1.06854
  0.41184   0.90485  -0.10786   1.93073
        0         0         0         1

-0.380768   0.29466  0.876465  0.632769
 0.816126 -0.338499  0.468355   1.05203
 0.434688  0.893641  -0.11159   1.93288
        0         0         0         1

 -0.37995  0.318764  0.868347  0.634479
 0.791192 -0.374347  0.483611   1.01586
 0.479221  0.870778  -0.10997   1.93255
        0         0         0         1

-0.381599  0.322428  0.866269  0.633758
 0.786069 -0.379854  0.487653   1.00388
 0.486289  0.867036 -0.108499   1.92047
        0         0         0         1

-0.382974  0.331268  0.862318  0.635509
 0.768826 -0.403181  0.496338  0.988004
 0.512091  0.853057 -0.100279   1.92063
        0         0         0         1

 -0.388237   0.338963   0.856958   0.640964
  0.743529  -0.434174   0.508583   0.963982
   0.54446   0.834624 -0.0834663    1.91099
         0          0          0          1

 -0.391411    0.34607   0.852663   0.645235
  0.719364  -0.462761   0.518041   0.945391
  0.573858   0.816142 -0.0678204    1.90701
         0          0          0          1

 -0.395631   0.347597    0.85009   0.644723
   0.70177  -0.482677   0.523967   0.929868
  0.592449   0.803865 -0.0529711    1.90378
         0          0          0          1

-0.391375  0.349513  0.851273  0.648157
 0.687398 -0.503984  0.522957  0.914295
 0.611809  0.789836 -0.043008   1.90382
        0         0         0         1

 -0.392896   0.347928   0.851222   0.646292
  0.677983  -0.515774   0.523752   0.900245
  0.621266   0.782894 -0.0332438    1.89715
         0          0          0          1

 -0.388502   0.341222    0.85594   0.650809
   0.67595  -0.525759   0.516401   0.888871
  0.626225   0.779195 -0.0263905     1.8878
         0          0          0          1

 -0.396284   0.335645   0.854577   0.648104
  0.667994  -0.533154   0.519164   0.874518
  0.629876   0.776588 -0.0129289     1.8814
         0          0          0          1

 -0.395646   0.326413    0.85844    0.65097
  0.659915   -0.54903   0.512911   0.849531
   0.63873   0.769429 0.00181649    1.87117
         0          0          0          1

 -0.392152   0.318853   0.862873   0.655475
  0.661982  -0.553502   0.505385   0.839497
  0.638746   0.769395 0.00598228    1.86114
         0          0          0          1

-0.392058  0.318101  0.863193  0.652995
 0.654259 -0.563212  0.504714  0.823952
 0.646711   0.76263 0.0126918   1.85996
        0         0         0         1

-0.387795  0.317611  0.865297  0.652873
 0.654408 -0.566238  0.501123  0.812053
 0.649126   0.76059 0.0117373    1.8521
        0         0         0         1

 -0.374383   0.317656   0.871167   0.653555
  0.654688  -0.574777   0.490934   0.787648
  0.656675   0.754139 0.00722067    1.84028
         0          0          0          1

 -0.366392    0.32048   0.873527   0.653894
  0.654653  -0.578346   0.486771   0.775856
  0.661201   0.750206 0.00209826    1.83525
         0          0          0          1

  -0.356047    0.324525    0.876307    0.653861
   0.653488   -0.583854    0.481735    0.762978
    0.66797    0.744176 -0.00419336     1.83055
          0           0           0           1

 -0.335921   0.328422   0.882777    0.65497
  0.656497  -0.590429   0.469474   0.743624
  0.675403   0.737247 -0.0172706    1.81906
         0          0          0          1

-0.334871  0.328605  0.883108  0.654935
 0.656671 -0.590751  0.468825  0.742468
 0.675755  0.736907  -0.01796   1.81829
        0         0         0         1

 -0.314341   0.329082   0.890446   0.657104
  0.655963  -0.602747   0.454322   0.711758
  0.686223   0.726912 -0.0263973    1.80089
         0          0          0          1

 -0.314341   0.329082   0.890446   0.657104
  0.655963  -0.602747   0.454322   0.711758
  0.686223   0.726912 -0.0263973    1.80089
         0          0          0          1

 -0.312929   0.328197    0.89127   0.658071
  0.650757  -0.609426   0.452896   0.692788
  0.691802   0.721725 -0.0228695    1.78774
         0          0          0          1

-0.312844  0.328204  0.891297  0.658136
 0.650705 -0.609522  0.452842  0.692521
  0.69189   0.72164 -0.022879   1.78757
        0         0         0         1

 -0.317259   0.327904   0.889846   0.656638
  0.642997  -0.615325   0.455994   0.679051
  0.697067   0.716836 -0.0156239    1.77943
         0          0          0          1

  -0.320212    0.327025    0.889111    0.658352
   0.632831   -0.624573    0.457638    0.663276
   0.704974    0.709199 -0.00695593     1.76922
          0           0           0           1

 -0.326445   0.328096   0.886446   0.658037
  0.619959    -0.6336   0.462819   0.649371
  0.713501   0.700646 0.00342942    1.76161
         0          0          0          1

 -0.329123   0.327785    0.88557   0.658571
  0.615124   -0.63712   0.464435   0.644671
  0.716449   0.697593 0.00806256    1.75794
         0          0          0          1

-0.342885  0.328136  0.880202  0.658791
  0.59565 -0.648601  0.473833  0.627085
 0.726382  0.686763 0.0269414   1.74686
        0         0         0         1

-0.342885  0.328136  0.880202  0.658791
  0.59565 -0.648601  0.473833  0.627085
 0.726382  0.686763 0.0269414   1.74686
        0         0         0         1

 -0.34695  0.329964  0.877924  0.658878
 0.586206 -0.654403  0.477619  0.617135
 0.732112  0.680354  0.033618   1.74197
        0         0         0         1

-0.345402    0.3306  0.878295  0.660007
 0.579938 -0.660607  0.476729  0.601986
 0.737814   0.67402 0.0364475   1.73098
        0         0         0         1

-0.343883  0.330651  0.878871  0.660773
 0.576679  -0.66429  0.475563  0.594219
  0.74107  0.670365 0.0377589   1.72562
        0         0         0         1

-0.344944  0.331306  0.878208  0.658802
 0.572605 -0.667087  0.476569  0.585348
 0.743732  0.667256 0.0404003    1.7208
        0         0         0         1

   -0.341  0.329548  0.880407  0.662368
 0.572187 -0.670313  0.472527   0.57918
 0.745869   0.66489 0.0400139   1.71554
        0         0         0         1

-0.342441  0.324728  0.881638  0.664198
 0.570441 -0.673759  0.469729  0.565457
 0.746546  0.663777 0.0454849   1.70369
        0         0         0         1

-0.346349  0.323242  0.880657   0.66393
 0.566298 -0.676377  0.470979  0.558254
 0.747896  0.661838 0.0512109   1.69923
        0         0         0         1

-0.350737  0.321218  0.879661  0.665852
 0.561817 -0.679342  0.472076  0.551973
  0.74923  0.659783 0.0578042   1.69427
        0         0         0         1

-0.357397  0.319261   0.87769  0.665543
 0.557563 -0.680982  0.474749  0.545944
  0.74926  0.659041 0.0653734   1.68774
        0         0         0         1

-0.359452  0.320171  0.876519   0.66753
 0.549363 -0.686671  0.476113  0.539396
 0.754317  0.652666 0.0709353   1.68413
        0         0         0         1

-0.390319  0.317598  0.864166  0.670532
 0.522154 -0.696702  0.491895  0.521116
 0.758291  0.643224  0.106101   1.66868
        0         0         0         1

-0.390319  0.317598  0.864166  0.670532
 0.522154 -0.696702  0.491895  0.521116
 0.758291  0.643224  0.106101   1.66868
        0         0         0         1

-0.396963   0.32618   0.85792  0.673168
 0.505137 -0.702786  0.500928  0.509471
 0.766327  0.632217  0.114215   1.66003
        0         0         0         1

-0.396963   0.32618   0.85792  0.673168
 0.505137 -0.702786  0.500928  0.509471
 0.766327  0.632217  0.114215   1.66003
        0         0         0         1

-0.395935  0.330686  0.856669  0.675133
  0.49864 -0.705959  0.502971  0.501989
 0.771099  0.626313  0.114621   1.65257
        0         0         0         1

-0.395686  0.334512  0.855298  0.676338
 0.492917 -0.708443  0.505114  0.494263
 0.774897  0.621458  0.115435   1.64613
        0         0         0         1

-0.396562  0.335325  0.854573  0.677531
 0.491323 -0.708825  0.506132  0.489643
 0.775461  0.620584   0.11634   1.64035
        0         0         0         1

-0.397181  0.337242  0.853531  0.678372
 0.486724 -0.711058  0.507441  0.484107
  0.77804   0.61698  0.118275   1.63712
        0         0         0         1

 -0.39874  0.338427  0.852334  0.679302
  0.48145 -0.713782  0.508646  0.476247
 0.780521  0.613174  0.121678    1.6321
        0         0         0         1

-0.400946  0.338518  0.851263  0.679336
 0.480308 -0.713589  0.509996  0.473229
 0.780094  0.613349  0.123518   1.62888
        0         0         0         1

-0.401424  0.337869  0.851295  0.681674
 0.479838 -0.714122  0.509691  0.469389
 0.780138  0.613086  0.124543   1.62401
        0         0         0         1

 -0.40412  0.339797   0.84925  0.683732
 0.472407 -0.717503   0.51188  0.459351
 0.783275  0.608052  0.129434    1.6179
        0         0         0         1

 -0.40676  0.338619  0.848459  0.686532
  0.47101 -0.718061  0.512385  0.453176
 0.782749   0.60805  0.132586   1.61049
        0         0         0         1

-0.407107  0.338879  0.848189  0.686963
 0.470442 -0.718183  0.512736  0.451599
  0.78291  0.607762  0.132954   1.60903
        0         0         0         1

-0.409656  0.339122  0.846864  0.687248
 0.468758 -0.718144   0.51433  0.445832
 0.782591  0.607672  0.135225   1.60375
        0         0         0         1

-0.409338   0.33962  0.846818  0.689557
 0.466604 -0.719659  0.514171  0.438731
 0.784043  0.605598  0.136116   1.59804
        0         0         0         1

-0.411123   0.34078  0.845486  0.689813
 0.462536 -0.721249  0.515616  0.432271
 0.785518  0.603049    0.1389   1.59413
        0         0         0         1

-0.411871  0.340361  0.845291  0.690601
  0.46172 -0.721781  0.515604   0.42973
 0.785606   0.60265  0.140129   1.59171
        0         0         0         1

-0.412784  0.339261  0.845288  0.692133
 0.460439 -0.723007  0.515031   0.42504
 0.785879    0.6018  0.142237   1.58717
        0         0         0         1

-0.414663  0.339351  0.844331  0.692509
 0.458573 -0.723502  0.515999  0.421508
 0.785981  0.601153  0.144393   1.58444
        0         0         0         1

-0.416413  0.338725  0.843721  0.693675
 0.455714 -0.725251  0.516078  0.417495
 0.786718  0.599397  0.147642   1.58148
        0         0         0         1

-0.420934  0.338685  0.841491  0.695159
 0.451108 -0.726669  0.518126   0.40965
 0.786966    0.5977  0.153096     1.575
        0         0         0         1

-0.423064  0.337874  0.840749  0.696409
  0.44995 -0.727051  0.518596  0.401849
 0.786487  0.597694  0.155562   1.56846
        0         0         0         1

-0.423064  0.337874  0.840749  0.696409
  0.44995 -0.727051  0.518596  0.401849
 0.786487  0.597694  0.155562   1.56846
        0         0         0         1

-0.421629  0.337873  0.841469  0.697615
 0.450808 -0.727071  0.517822  0.398229
 0.786766   0.59767  0.154238   1.56543
        0         0         0         1

-0.42115 0.338887 0.841301 0.698259
0.450137 -0.72718 0.518253 0.390484
0.787407 0.596963 0.153706  1.55917
       0        0        0        1

-0.420242  0.340164   0.84124  0.698979
  0.44919 -0.727533  0.518579  0.385837
 0.788432  0.595805  0.152941   1.55527
        0         0         0         1

-0.418937  0.341262  0.841446  0.699518
 0.448496 -0.727987  0.518543  0.383427
 0.789521  0.594622  0.151926    1.5537
        0         0         0         1

-0.417818  0.342933  0.841323  0.699862
 0.446806 -0.728745  0.518937  0.379003
 0.791071  0.592729  0.151259   1.55047
        0         0         0         1

 -0.4174 0.343858 0.841154 0.700558
0.446201 -0.72882 0.519352 0.376479
0.791632 0.592101 0.150779   1.5476
       0        0        0        1

-0.416505  0.345386  0.840971  0.701187
 0.444126 -0.729835  0.519704   0.37206
 0.793269  0.589957  0.150585   1.54391
        0         0         0         1

-0.416863  0.346808  0.840208  0.701245
 0.441565 -0.730691  0.520683  0.366493
 0.794509   0.58806   0.15146   1.53889
        0         0         0         1

-0.417398  0.346239  0.840177  0.701553
 0.441313 -0.730985  0.520484  0.363241
 0.794369   0.58803  0.152312   1.53545
        0         0         0         1

 -0.41762  0.346062   0.84014  0.701832
 0.439898 -0.732039    0.5202  0.360042
 0.795037  0.586821  0.153482   1.53316
        0         0         0         1

-0.418828  0.345293  0.839855  0.701964
 0.439503 -0.732255  0.520231  0.356886
  0.79462  0.587006  0.154931   1.52936
        0         0         0         1

-0.419883  0.343382  0.840112  0.702231
 0.438976 -0.733344   0.51914  0.351117
 0.794354  0.586767  0.157182   1.52304
        0         0         0         1

-0.420211  0.342647  0.840248  0.702077
 0.438655 -0.733886  0.518646  0.347949
 0.794358  0.586519  0.158083   1.52038
        0         0         0         1

-0.420023  0.340579  0.841182  0.703022
 0.439925 -0.734306  0.516972  0.345862
 0.793755  0.587197  0.158596   1.51684
        0         0         0         1

-0.418975  0.337279  0.843032  0.702835
 0.442161 -0.735145  0.513863  0.340336
 0.793066  0.588052  0.158876   1.51066
        0         0         0         1

-0.418975  0.337279  0.843032  0.702835
 0.442161 -0.735145  0.513863  0.340336
 0.793066  0.588052  0.158876   1.51066
        0         0         0         1

-0.419491  0.335984  0.843292  0.701752
 0.442824 -0.735208  0.513202  0.336966
 0.792423  0.588714  0.159631   1.50699
        0         0         0         1

 -0.41716  0.333402  0.845471  0.702341
 0.443953 -0.736982   0.50967  0.332031
 0.793022  0.587963  0.159425   1.50118
        0         0         0         1

-0.415482  0.333051  0.846435   0.70159
 0.443654 -0.738162  0.508221  0.327819
 0.794069  0.586681  0.158934   1.49658
        0         0         0         1

-0.414336  0.333189  0.846942  0.701736
 0.443205 -0.738918  0.507514  0.326529
 0.794918   0.58565  0.158489   1.49543
        0         0         0         1

-0.412957  0.333209  0.847607  0.701602
 0.442587 -0.739967  0.506523  0.323927
  0.79598  0.584312    0.1581   1.49216
        0         0         0         1

-0.410162   0.33349  0.848853  0.701094
 0.441233 -0.742008  0.504715  0.319136
 0.798173  0.581557  0.157197   1.48539
        0         0         0         1

-0.408998 0.334018 0.849207 0.700771
0.440169 -0.74297 0.504228  0.31656
0.799357 0.580023 0.156849  1.48221
       0        0        0        1

-0.407674  0.334124  0.849802  0.700545
 0.439032 -0.744299  0.503259  0.314398
 0.800658  0.578256   0.15674   1.47878
        0         0         0         1

-0.405807  0.335406   0.85019  0.699927
 0.435297 -0.747017  0.502476  0.309823
  0.80364  0.573994  0.157143   1.47298
        0         0         0         1

-0.405726  0.335574  0.850163  0.699831
 0.434833 -0.747283  0.502482  0.309377
 0.803932  0.573549  0.157274   1.47248
        0         0         0         1

 -0.40446  0.336567  0.850374  0.699619
 0.431819 -0.749369  0.501975  0.305795
 0.806192  0.570236  0.157754   1.46754
        0         0         0         1

-0.402965  0.338807  0.850194  0.699079
 0.428088 -0.751293  0.502295  0.301935
 0.808925  0.566365  0.157705    1.4637
        0         0         0         1

-0.399736  0.339911  0.851276  0.699521
 0.426469 -0.753098  0.500967  0.298118
 0.811378  0.563298  0.156079   1.45781
        0         0         0         1

-0.399423  0.339877  0.851437   0.69962
 0.426484 -0.753236  0.500747  0.297908
 0.811525  0.563134  0.155907    1.4574
        0         0         0         1

-0.399287   0.34314  0.850191  0.698857
 0.421482 -0.754819  0.502594  0.290638
 0.814201   0.55902  0.156763   1.44864
        0         0         0         1

-0.399287   0.34314  0.850191  0.698857
 0.421482 -0.754819  0.502594  0.290638
 0.814201   0.55902  0.156763   1.44864
        0         0         0         1

-0.398542  0.343883   0.85024  0.699391
 0.419772 -0.755853  0.502472  0.288236
 0.815448  0.557163  0.156886   1.44576
        0         0         0         1

-0.398991  0.345233  0.849483  0.699094
  0.41784 -0.756191  0.503572   0.28594
 0.816221  0.555868  0.157461   1.44353
        0         0         0         1

-0.399369 0.346344 0.848852  0.69935
0.416131 -0.75654 0.504462 0.283214
0.816908   0.5547 0.158014   1.4402
       0        0        0        1

-0.398959  0.346972  0.848789  0.699828
  0.41454 -0.757411  0.504465  0.281632
 0.817917  0.553118  0.158342   1.43858
        0         0         0         1

-0.399709  0.347866  0.848069  0.700142
  0.41329 -0.757421  0.505474  0.277668
 0.818183  0.552542  0.158979   1.43375
        0         0         0         1

-0.401033  0.349577   0.84674  0.700014
 0.411145 -0.757313  0.507383  0.275023
 0.818616   0.55161  0.159981   1.43072
        0         0         0         1

-0.401677  0.352083  0.845395  0.700632
 0.407277 -0.758144  0.509257  0.272455
 0.820232  0.548867  0.161134   1.42773
        0         0         0         1

-0.402753  0.353792  0.844169  0.700534
 0.404704 -0.758398  0.510929  0.270993
 0.820978  0.547416  0.162266   1.42621
        0         0         0         1

-0.403473   0.35625   0.84279  0.700795
 0.401381 -0.758825  0.512912  0.269041
 0.822255  0.545226  0.163173   1.42387
        0         0         0         1

-0.403565  0.360442  0.840962  0.701591
 0.394807 -0.760557  0.515442  0.265228
 0.825386  0.540032   0.16463   1.41999
        0         0         0         1

-0.404203  0.362829  0.839628  0.701525
 0.391403 -0.761055  0.517299  0.263157
 0.826695  0.537727  0.165608   1.41793
        0         0         0         1

-0.404138  0.363649  0.839304   0.70242
 0.387728 -0.762956  0.517267  0.261655
 0.828456  0.534469  0.167343   1.41621
        0         0         0         1

-0.405975  0.364818   0.83791  0.702724
 0.382208 -0.765051  0.518279  0.259863
 0.830121  0.530664  0.171155   1.41484
        0         0         0         1

-0.408957 0.365911 0.835981 0.702768
0.377555 -0.76616 0.520048 0.257998
0.830787 0.528306 0.175175  1.41279
       0        0        0        1

-0.410116  0.366144   0.83531  0.703656
 0.373532 -0.768108  0.520082  0.256691
 0.832033  0.525309  0.178247   1.41118
        0         0         0         1

-0.413493  0.367582  0.833011  0.703991
 0.366267 -0.770448  0.521784  0.253492
  0.83359  0.520859  0.183941   1.40801
        0         0         0         1

-0.414788  0.368724  0.831861  0.704331
 0.362435 -0.771612  0.522739  0.251878
 0.834621  0.518321  0.186417   1.40672
        0         0         0         1

 -0.41647  0.369789  0.830547  0.704373
 0.358773 -0.772555  0.523872  0.250019
 0.835365  0.516155  0.189076   1.40551
        0         0         0         1

-0.417993  0.371214  0.829145  0.704897
 0.354479 -0.773705  0.525095  0.247646
 0.836437  0.513401  0.191816   1.40361
        0         0         0         1

  -0.4187  0.373629  0.827703  0.705224
 0.349344 -0.775035  0.526573  0.245232
 0.838242  0.509629  0.193982   1.40246
        0         0         0         1

-0.419184  0.374655  0.826994  0.705778
 0.345921 -0.776269  0.527015  0.243316
 0.839418  0.506991  0.195798   1.40121
        0         0         0         1

-0.419407  0.375731  0.826392  0.705916
 0.343324 -0.777062  0.527545  0.242216
 0.840373  0.504976  0.196908   1.40081
        0         0         0         1

 -0.41955  0.377388  0.825564  0.706108
 0.339536 -0.778216  0.528295  0.240665
 0.841839  0.501955  0.198364   1.40028
        0         0         0         1

-0.419296  0.377893  0.825462  0.706614
 0.336768 -0.779634  0.527976  0.239284
 0.843077  0.499367  0.199635   1.39957
        0         0         0         1

-0.420373  0.380359   0.82378   0.70644
 0.332375 -0.780237  0.529865   0.23715
 0.844283  0.496545  0.201569   1.39883
        0         0         0         1

-0.422228  0.383261  0.821483  0.706924
 0.323975 -0.782571  0.531624  0.233956
 0.846619  0.490606  0.206257   1.39818
        0         0         0         1

-0.424151  0.384721  0.819808  0.707518
 0.318656 -0.783973  0.532771  0.231752
 0.847675  0.487213  0.209929   1.39763
        0         0         0         1

-0.424749  0.385433  0.819164  0.707607
 0.316387 -0.784589  0.533216    0.2309
 0.848226  0.485656  0.211308   1.39757
        0         0         0         1

-0.426828  0.386405  0.817624  0.707758
  0.31259 -0.785349  0.534335  0.229384
  0.84859   0.48365  0.214423   1.39723
        0         0         0         1

-0.431655  0.384716  0.815885  0.708509
 0.305609 -0.788625  0.533549  0.226718
 0.848692   0.47965  0.222841   1.39688
        0         0         0         1

 -0.43245  0.383539  0.816018   0.70867
  0.30372 -0.790166  0.532345  0.225597
 0.848965  0.478054  0.225219   1.39644
        0         0         0         1

 -0.43327  0.384989  0.814899  0.708709
 0.300041 -0.790983  0.533217  0.224207
 0.849855   0.47553  0.227197   1.39609
        0         0         0         1

-0.431155  0.386599  0.815259  0.709275
 0.296882 -0.792459  0.532795  0.223174
 0.852037  0.471752  0.226898   1.39595
        0         0         0         1

 -0.42938  0.387646  0.815698  0.709503
 0.295304 -0.793285  0.532441  0.222255
  0.85348  0.469499  0.226148   1.39546
        0         0         0         1

-0.427874  0.388756  0.815961  0.709597
 0.293802 -0.793924   0.53232  0.221159
 0.854754  0.467497  0.225483   1.39501
        0         0         0         1

-0.425121  0.388959  0.817302  0.709717
 0.294707 -0.794276  0.531294  0.219491
 0.855815  0.466729  0.223034   1.39407
        0         0         0         1

-0.423772  0.387622  0.818637  0.709791
  0.29772 -0.793976  0.530062  0.218558
 0.855441   0.46835  0.221061   1.39344
        0         0         0         1

-0.423357  0.386519  0.819373  0.709699
 0.300535 -0.793291  0.529497  0.217928
 0.854662  0.470417  0.219683   1.39289
        0         0         0         1

-0.422358  0.383829  0.821151  0.709838
 0.307473 -0.791539  0.528135  0.217431
 0.852687  0.475543  0.216296   1.39171
        0         0         0         1

-0.422153  0.380189  0.822948  0.709795
 0.316715 -0.788744  0.526854  0.216481
 0.849399  0.483053  0.212559    1.3905
        0         0         0         1

-0.422543 0.379127 0.823238 0.709815
0.322253 -0.78611 0.527431 0.216043
0.847119 0.488153 0.209991  1.38964
       0        0        0        1

-0.421435  0.378498  0.824095  0.710394
 0.328654 -0.783212  0.527792  0.215926
 0.845209  0.493272  0.205678     1.389
        0         0         0         1

-0.421329  0.379748  0.823574  0.710391
 0.332123 -0.780417  0.529758  0.215071
 0.843905   0.49673  0.202689   1.38867
        0         0         0         1

 -0.42218  0.380161  0.822947  0.710464
 0.335778 -0.777663    0.5315  0.214462
 0.842031  0.500717  0.200664   1.38837
        0         0         0         1

 -0.42367   0.37939  0.822537  0.711088
 0.340574 -0.774715  0.532754  0.214135
 0.839353  0.505847  0.199013   1.38779
        0         0         0         1

-0.428574 0.377578 0.820828 0.711748
0.348429 -0.76915  0.53573 0.213025
0.833619   0.5156 0.198079  1.38734
       0        0        0        1

-0.432822  0.374545  0.819989  0.712942
 0.354264 -0.765754  0.536766  0.212785
 0.828953  0.522817  0.198747   1.38704
        0         0         0         1

-0.434625  0.373664  0.819436  0.713299
 0.355994 -0.764488  0.537426  0.212537
 0.827266  0.525293  0.199244    1.3871
        0         0         0         1

-0.439202  0.370297  0.818524  0.713948
 0.359806 -0.762337  0.537942  0.212079
  0.82319  0.530775  0.201585   1.38677
        0         0         0         1

-0.444056 0.366488 0.817619 0.714463
0.362641 -0.76093 0.538031 0.211608
0.819332 0.535418 0.204992  1.38666
       0        0        0        1

-0.448541  0.361164   0.81754  0.715582
 0.366179 -0.760161  0.536719   0.21156
 0.815306  0.540107  0.208713   1.38652
        0         0         0         1

-0.460196  0.350146  0.815854  0.716102
 0.370639 -0.759265  0.534924  0.210577
 0.806751  0.548557  0.219633   1.38606
        0         0         0         1

-0.465231  0.345276  0.815073   0.71645
 0.372694 -0.758794  0.534164  0.210148
 0.802906  0.552283  0.224332   1.38575
        0         0         0         1

-0.468684  0.342094  0.814437  0.716855
 0.373452 -0.758795  0.533633   0.20998
 0.800543  0.554258   0.22788   1.38576
        0         0         0         1

-0.471538  0.340391  0.813502  0.717267
 0.373892 -0.758307  0.534018  0.209657
  0.79866  0.555972  0.230301   1.38589
        0         0         0         1

-0.472906  0.339067  0.813261  0.718679
 0.375321 -0.757552  0.534088  0.209983
 0.797179  0.557807  0.230992    1.3861
        0         0         0         1

-0.475252  0.337686  0.812467  0.719286
  0.37809 -0.755427  0.535142  0.210094
  0.79447  0.561514  0.231343   1.38578
        0         0         0         1

-0.475681  0.336704  0.812624  0.719668
 0.379433 -0.754924  0.534903  0.210269
 0.793573  0.562779  0.231346   1.38574
        0         0         0         1

-0.479877  0.332746  0.811787  0.720678
 0.383538 -0.752622  0.535219  0.210781
  0.78906   0.56819  0.233545   1.38528
        0         0         0         1

-0.481857  0.329928  0.811764  0.721293
 0.386073 -0.751703  0.534687  0.211223
 0.786614  0.571043  0.234837   1.38495
        0         0         0         1

-0.485736  0.324551   0.81162  0.722133
 0.390277 -0.750302  0.533602  0.212046
 0.782141  0.575946  0.237784   1.38455
        0         0         0         1

-0.494629  0.309081  0.812288  0.724913
 0.401271 -0.747828  0.528901  0.214755
 0.770924  0.587557  0.245872   1.38344
        0         0         0         1

-0.500584  0.298425  0.812624  0.726269
 0.408106 -0.746498  0.525539  0.216675
 0.763456  0.594713  0.251896   1.38289
        0         0         0         1

-0.502548  0.293875   0.81307   0.72688
 0.411094 -0.746105  0.523764  0.217624
 0.760557  0.597465  0.254144   1.38272
        0         0         0         1

-0.503751  0.287637  0.814555  0.727737
 0.416009 -0.745617  0.520569  0.219285
 0.757081  0.601099  0.255946    1.3825
        0         0         0         1

-0.502593  0.276022  0.819276  0.729382
 0.427177 -0.744603   0.51292  0.223366
 0.751612  0.607765  0.256322   1.38205
        0         0         0         1

-0.499653 0.265169 0.824641 0.730113
0.437666 -0.74426 0.504506 0.227163
0.747526 0.612995 0.255816  1.38208
       0        0        0        1

-0.499222   0.26399   0.82528  0.730153
 0.438814 -0.744254  0.503516  0.227589
 0.747141   0.61351  0.255705   1.38213
        0         0         0         1

-0.496308  0.258352  0.828814  0.730074
 0.444605 -0.744353  0.498262  0.229774
 0.745657  0.615786  0.254564   1.38253
        0         0         0         1

-0.491942  0.252084  0.833335  0.730368
 0.451466 -0.744559  0.491743  0.232221
 0.744427  0.618131  0.252473   1.38307
        0         0         0         1

-0.487364  0.246307  0.837741  0.730416
 0.458041 -0.744692  0.485419  0.234515
 0.743421  0.620295  0.250117   1.38369
        0         0         0         1

-0.477613  0.236487  0.846144  0.729906
 0.472102 -0.743149  0.474183  0.239084
 0.740949  0.625942  0.243292   1.38487
        0         0         0         1

-0.472167  0.231366  0.850605  0.729103
  0.48119 -0.740846  0.468618   0.24169
  0.73859  0.630569  0.238471   1.38564
        0         0         0         1

-0.467932  0.228382  0.853746  0.729074
 0.487643 -0.738939  0.464944  0.243522
 0.737051  0.633885  0.234404   1.38596
        0         0         0         1

-0.463941  0.226358  0.856458  0.727793
 0.495623 -0.735006  0.462736  0.245554
 0.734246  0.639162  0.228811   1.38637
        0         0         0         1

 -0.45238  0.222865   0.86353  0.726301
 0.511627 -0.728234  0.455975  0.249899
 0.730472  0.648079  0.215415   1.38852
        0         0         0         1

-0.446557  0.221364   0.86694  0.725575
 0.520206 -0.724097  0.452847  0.252301
 0.727992  0.653209  0.208196   1.38952
        0         0         0         1

-0.441583  0.218481  0.870213  0.724796
 0.529218 -0.719786  0.449262  0.254676
 0.724523  0.658918  0.202221   1.39016
        0         0         0         1

-0.436879  0.215946  0.873215  0.723854
 0.537034 -0.716148  0.445788   0.25711
 0.721617  0.663701    0.1969   1.39111
        0         0         0         1

 -0.43232  0.212782  0.876255  0.723148
 0.544691 -0.712811  0.441828  0.260016
 0.718618  0.668299  0.192262   1.39209
        0         0         0         1

 -0.42588  0.209383  0.880218  0.722342
 0.553829 -0.708975   0.43661   0.26374
 0.715472  0.673434  0.185976   1.39312
        0         0         0         1

-0.416499  0.207617  0.885113  0.720422
 0.564823 -0.703794  0.430869  0.269105
 0.712393  0.679389  0.175862   1.39467
        0         0         0         1

-0.404025  0.208744  0.890612  0.719825
  0.57557 -0.698715  0.424873  0.275273
 0.710973  0.684269  0.162152   1.39654
        0         0         0         1

-0.401634   0.20984  0.891436  0.719392
  0.57736 -0.697566  0.424331  0.276416
 0.710877  0.685105  0.159013   1.39705
        0         0         0         1

-0.392492  0.213517  0.894629  0.718497
  0.58476 -0.692856  0.421907  0.280713
 0.709934  0.688738  0.147084   1.39889
        0         0         0         1

-0.379105  0.219007  0.899064  0.718033
 0.596114 -0.685326  0.418302  0.287689
 0.707763  0.694525  0.129257   1.40275
        0         0         0         1

-0.371705  0.225505  0.900546  0.716749
 0.606893 -0.675035  0.419533  0.294773
 0.702507  0.702478  0.114056   1.40788
        0         0         0         1

-0.371705  0.225505  0.900546  0.716749
 0.606893 -0.675035  0.419533  0.294773
 0.702507  0.702478  0.114056   1.40788
        0         0         0         1

 -0.3692 0.228259 0.900882 0.716476
0.612812 -0.66897 0.420642 0.298739
0.698679 0.707373 0.107104  1.41065
       0        0        0        1

-0.368169  0.232012  0.900346  0.715866
 0.618273 -0.662138  0.423452  0.302232
 0.694399  0.712561  0.100332   1.41372
        0         0         0         1

 -0.36947  0.235777  0.898833  0.714409
 0.623551 -0.654259  0.427936  0.305416
 0.688967  0.718578 0.0947102   1.41649
        0         0         0         1

-0.369474  0.243542  0.896759  0.713243
 0.633383 -0.640131  0.434808   0.31294
 0.679937  0.728642 0.0822565   1.42323
        0         0         0         1

 -0.36969  0.252156  0.894285  0.711719
 0.637252 -0.631632  0.441532  0.317164
 0.676195  0.733115 0.0728211   1.42873
        0         0         0         1

-0.369054  0.257187  0.893115  0.710892
 0.640559  -0.62588  0.444925  0.319834
 0.673411  0.736294 0.0662401   1.43205
        0         0         0         1

-0.366661   0.26572  0.891601  0.709607
 0.644669 -0.618408  0.449414   0.32342
 0.670792   0.73957 0.0554446   1.43723
        0         0         0         1

 -0.36111  0.281872  0.888903  0.707149
  0.65444 -0.602454    0.4569  0.331141
  0.66431  0.746724 0.0330836   1.44793
        0         0         0         1

 -0.35873  0.289144   0.88753  0.705929
  0.65977 -0.594063  0.460209  0.335085
 0.660316  0.750656 0.0223393   1.45351
        0         0         0         1

-0.355928  0.296036  0.886385   0.70458
 0.665533 -0.585554  0.462809  0.339344
 0.656035  0.754645 0.0113937   1.45944
        0         0         0         1

  -0.353299    0.302041     0.88541    0.703392
   0.672092   -0.576406     0.46481    0.343809
   0.650747    0.759294 0.000644054     1.46527
          0           0           0           1

  -0.351787    0.307217    0.884231    0.701796
   0.678579   -0.566988    0.466964     0.34822
   0.644808    0.764292 -0.00901159     1.47141
          0           0           0           1

 -0.351467   0.310945   0.883054    0.70018
  0.684114  -0.558606   0.468985   0.352642
  0.639108   0.768942 -0.0163896    1.47797
         0          0          0          1

 -0.352564   0.315517   0.880992   0.697616
  0.695404  -0.541636   0.472274    0.36244
  0.626188   0.779153 -0.0284502    1.49118
         0          0          0          1

-0.354838  0.317314  0.879433  0.695626
 0.700858 -0.532281  0.474842  0.367346
 0.618779  0.784849 -0.033518   1.49812
        0         0         0         1

 -0.357053   0.319047   0.877908   0.693509
  0.706073   -0.52313    0.47728   0.372317
  0.611534   0.790281 -0.0384855    1.50519
         0          0          0          1

 -0.358922   0.319914   0.876829   0.692409
  0.711725  -0.513951   0.478855   0.377911
   0.60384   0.795933 -0.0432229    1.51237
         0          0          0          1

 -0.362049    0.32065   0.875274   0.688972
  0.723862  -0.494903   0.480723   0.389308
   0.58732   0.807622 -0.0529276    1.52779
         0          0          0          1

 -0.363316    0.32097   0.874631   0.687545
  0.730297   -0.48481   0.481275   0.395545
  0.578505   0.813596 -0.0582638    1.53549
         0          0          0          1

 -0.363262   0.321421   0.874488   0.686616
  0.736742  -0.475445   0.480794   0.402081
  0.570308   0.818926 -0.0640939    1.54375
         0          0          0          1

 -0.366121   0.321583   0.873235   0.684113
  0.743021  -0.463932   0.482377   0.407935
  0.560246    0.82544 -0.0690875    1.55108
         0          0          0          1

 -0.367805   0.321991   0.872377   0.682423
  0.749135  -0.453202    0.48312   0.414424
  0.550923   0.831222 -0.0745246    1.55951
         0          0          0          1

 -0.368825   0.322578   0.871729   0.681149
  0.754726  -0.443488   0.483432   0.420973
  0.542546   0.836219 -0.0798889    1.56857
         0          0          0          1

-0.371668  0.321596  0.870884  0.678459
 0.766478 -0.422992  0.483311  0.435237
 0.523808  0.847144 -0.089284   1.58565
        0         0         0         1

 -0.372882    0.31892   0.871349   0.676337
  0.774823  -0.409637   0.481505   0.445223
  0.510499   0.854685 -0.0943604    1.59654
         0          0          0          1

 -0.374683   0.317131   0.871229   0.674639
  0.779028  -0.401831   0.481298   0.450553
  0.502722   0.859046 -0.0964949    1.60229
         0          0          0          1

-0.375572  0.316026  0.871248  0.673195
 0.784326 -0.392432  0.480448  0.458575
 0.493739  0.863785 -0.100481   1.61087
        0         0         0         1

-0.377744  0.315116  0.870639  0.669851
 0.793634 -0.374146  0.479751  0.474795
 0.476923  0.872191 -0.108756    1.6286
        0         0         0         1

-0.380034  0.315034  0.869671  0.667213
 0.799499  -0.36095  0.480122  0.487751
 0.465163  0.877763 -0.114696   1.64249
        0         0         0         1

-0.380932  0.314721  0.869391  0.666314
 0.801476  -0.35643  0.480202  0.491986
 0.461006  0.879721 -0.116465   1.64618
        0         0         0         1

-0.382826  0.315058  0.868437  0.664434
 0.805221 -0.346996  0.480845  0.501016
 0.452838  0.883364 -0.120852   1.65507
        0         0         0         1

-0.386387  0.314724   0.86698  0.660726
 0.807774 -0.338252   0.48279  0.509365
 0.445203  0.886868  -0.12353   1.66377
        0         0         0         1

-0.384996  0.316319  0.867018  0.660364
 0.812378 -0.329659  0.481005   0.51918
 0.437972  0.889532 -0.130053     1.673
        0         0         0         1

-0.384649  0.317566  0.866716  0.657008
 0.821891 -0.309574  0.478184  0.539459
 0.420168  0.896279 -0.141927    1.6892
        0         0         0         1

-0.383393  0.320578  0.866164  0.656236
 0.824861 -0.303025  0.477264  0.549409
 0.415469  0.897444 -0.148254   1.69945
        0         0         0         1

-0.381514   0.32194  0.866488    0.6556
 0.829968  -0.29337  0.474434  0.560407
 0.406941   0.90016 -0.155275   1.70798
        0         0         0         1

-0.382975  0.325022  0.864691  0.651355
 0.836412 -0.275317  0.473937  0.579021
 0.392104  0.904744 -0.166412   1.72252
        0         0         0         1

-0.381999  0.326297  0.864642  0.649542
  0.84095 -0.265259  0.471635  0.592999
 0.383248  0.907286 -0.173071   1.73368
        0         0         0         1

-0.381142  0.327177  0.864689   0.64799
 0.845847 -0.254138  0.468996  0.604733
 0.373195  0.910148 -0.179879   1.74133
        0         0         0         1

-0.381917  0.328342  0.863905  0.645329
 0.849021 -0.244633  0.468314  0.616268
 0.365107   0.91233 -0.185339   1.74982
        0         0         0         1

-0.380748  0.329845  0.863848  0.643572
 0.853272 -0.234658  0.465686  0.629734
 0.356313  0.914406 -0.192102   1.75939
        0         0         0         1

-0.379144  0.330156  0.864435  0.643569
 0.857219 -0.226474  0.462477  0.641215
 0.348462  0.916355  -0.19715   1.76683
        0         0         0         1

-0.378567  0.331025  0.864355  0.641183
 0.860876 -0.217085  0.460181  0.653509
  0.33997  0.918312  -0.20279   1.77476
        0         0         0         1

-0.379109   0.33239  0.863593  0.637261
 0.868189 -0.195166  0.456244   0.67985
 0.320195  0.922728 -0.214588   1.78996
        0         0         0         1

-0.377697  0.335245  0.863108  0.635882
 0.871943 -0.184863  0.453366  0.693706
 0.311545  0.923816 -0.222492   1.79842
        0         0         0         1

-0.377402  0.336409  0.862784  0.633848
 0.875127 -0.175135  0.451088  0.705869
 0.302854  0.925287 -0.228305   1.80552
        0         0         0         1

 -0.37383  0.340776  0.862626  0.632991
 0.880925 -0.160558  0.445188   0.72683
 0.290211  0.926333 -0.240176   1.81789
        0         0         0         1

-0.375759   0.34188  0.861349  0.628308
 0.885099 -0.143014  0.442884  0.746586
 0.274598  0.928798 -0.248859   1.82791
        0         0         0         1

-0.373633  0.344959  0.861047  0.627372
 0.888856 -0.132252  0.438684  0.764669
 0.265203  0.929254 -0.257205   1.84053
        0         0         0         1

-0.369982  0.347248  0.861703   0.62912
 0.892376 -0.125162  0.433589  0.774533
 0.258415  0.929383 -0.263568    1.8448
        0         0         0         1

-0.369889  0.348615  0.861191  0.624494
 0.897695 -0.104773   0.42798  0.796412
  0.23943  0.931392 -0.274195   1.85289
        0         0         0         1

 -0.367985   0.350823    0.86111   0.624405
  0.899702 -0.0994997   0.425014   0.804607
  0.234785   0.931141  -0.279022    1.85734
         0          0          0          1

 -0.363296   0.349877   0.863482   0.624424
   0.90514 -0.0870689   0.416102   0.820798
  0.220767   0.932741  -0.285056    1.86057
         0          0          0          1

 -0.365747    0.34936   0.862657    0.61718
  0.909711 -0.0616062   0.410646   0.849789
  0.196609   0.934961  -0.295285    1.87086
         0          0          0          1

 -0.361742    0.35219   0.863194   0.618026
  0.913404 -0.0514752   0.403786   0.865974
  0.186643   0.934512  -0.303071    1.87733
         0          0          0          1

 -0.364921    0.34888     0.8632       0.61
  0.914012 -0.0422533    0.40348   0.876842
  0.177239   0.936214  -0.303462    1.88305
         0          0          0          1

-0.362833  0.350867  0.863276  0.608694
 0.916825 -0.031298   0.39806  0.892095
 0.166685  0.935902 -0.310328   1.88943
        0         0         0         1

 -0.351694    0.35223   0.867321   0.611823
  0.924386 -0.0155371   0.381143   0.922748
  0.147726   0.935785  -0.320132    1.90003
         0          0          0          1

  -0.342469      0.3529    0.870734    0.612828
   0.930648 0.000294707    0.365914    0.944686
   0.128875    0.935661   -0.328527     1.90234
          0           0           0           1

 -0.340944    0.35025     0.8724   0.609528
  0.932624 0.00934714   0.360728   0.957376
  0.118191   0.936609  -0.329839    1.90384
