 0.194261 -0.265816  0.944248  0.522895
-0.956828  0.160809  0.242118     1.073
-0.216203 -0.950517 -0.223101   1.78044
        0         0         0         1

 0.187825 -0.266061  0.945481  0.524662
-0.954572   0.17727  0.239515   1.06639
-0.231331 -0.947516 -0.220678    1.7723
        0         0         0         1

 0.189473 -0.267934  0.944622  0.519389
-0.950425  0.191534  0.244964   1.05799
-0.246561 -0.944206 -0.218361   1.76651
        0         0         0         1

 0.188659 -0.263092  0.946145  0.510631
-0.944081  0.216696  0.248504   1.04355
-0.270405  -0.94012 -0.207499   1.74561
        0         0         0         1

 0.188221 -0.251881  0.949278  0.509507
-0.941401   0.22918  0.247469    1.0397
-0.279888  -0.94023 -0.193984   1.73859
        0         0         0         1

 0.192807 -0.240433  0.951324   0.50434
-0.936306  0.244937  0.251667   1.03214
-0.293524 -0.939254 -0.177894   1.73017
        0         0         0         1

 0.191221 -0.230342  0.954137  0.504921
-0.934763  0.253796  0.248608   1.02923
-0.299421 -0.939431 -0.166784   1.72125
        0         0         0         1

 0.186036 -0.222083  0.957115  0.505665
-0.931919  0.268764  0.243501    1.0254
-0.311316 -0.937254 -0.156963   1.71454
        0         0         0         1

 0.189082 -0.213507  0.958469  0.501372
-0.930661  0.272396  0.244275   1.02123
-0.313238 -0.938198 -0.147197   1.70218
        0         0         0         1

 0.173736 -0.202593  0.963728  0.508006
-0.925511  0.300817  0.230083   1.01613
-0.336519 -0.931915 -0.135239   1.69057
        0         0         0         1

  0.17769 -0.199402  0.963673  0.503616
-0.922496  0.307243  0.233672   1.01193
-0.342677 -0.930505 -0.129353   1.68328
        0         0         0         1

 0.173463  -0.19425  0.965493  0.504681
-0.920217  0.317306  0.229168   1.00775
-0.350873 -0.928215 -0.123712   1.67449
        0         0         0         1

 0.168434 -0.193527  0.966529  0.507696
-0.916657  0.329794  0.225777   1.00544
 -0.36245 -0.924004 -0.121849   1.67213
        0         0         0         1

 0.168571 -0.178984  0.969303  0.503373
-0.915848  0.335128  0.221157   1.00004
-0.364425 -0.925015  -0.10743   1.64644
        0         0         0         1

 0.167741  -0.17702  0.969808   0.50283
-0.913753  0.341325  0.220348  0.997802
-0.370025 -0.923126 -0.104498   1.64277
        0         0         0         1

  0.171137   -0.17442   0.969685   0.499562
  -0.91027     0.3486   0.223354   0.993249
  -0.37699  -0.920899 -0.0991109    1.63456
         0          0          0          1

  0.167918  -0.169574   0.971107   0.502881
 -0.909828   0.352563   0.218887   0.993051
 -0.379494  -0.920295 -0.0950814    1.62799
         0          0          0          1

  0.164075  -0.166437   0.972306   0.505678
 -0.907188   0.361647   0.214993   0.991618
 -0.387415  -0.917338 -0.0916524    1.62372
         0          0          0          1

  0.166932  -0.166826   0.971752   0.504256
 -0.904294   0.366859   0.218325   0.988802
 -0.392919  -0.915196 -0.0896195     1.6203
         0          0          0          1

  0.163522  -0.155571   0.974196   0.510598
 -0.899185   0.382752   0.212054   0.986638
 -0.405865  -0.910658 -0.0772982    1.60963
         0          0          0          1

  0.165483  -0.158745   0.973353   0.505852
 -0.894956   0.390472   0.215837   0.983547
 -0.414329  -0.906825 -0.0774529    1.60575
         0          0          0          1

    0.1636  -0.156031    0.97411   0.506651
 -0.891332   0.399804   0.213738   0.982883
 -0.422803  -0.903223 -0.0736671     1.5977
         0          0          0          1

  0.16281 -0.155156  0.974382  0.506752
-0.888145  0.407104  0.213226  0.982563
-0.429758 -0.900107 -0.071521   1.59148
        0         0         0         1

  0.162398  -0.151226   0.975068   0.508959
 -0.879462   0.425886   0.212527   0.979287
 -0.447407  -0.892049 -0.0638342    1.58426
         0          0          0          1

  0.161976  -0.144715   0.976126   0.511237
 -0.880729   0.424941   0.209145   0.979477
 -0.445062  -0.893579 -0.0586247    1.57598
         0          0          0          1

  0.161509  -0.141179   0.976721   0.512794
 -0.880119   0.427117   0.207272   0.979164
 -0.446437  -0.893106 -0.0552716    1.56972
         0          0          0          1

  0.162691  -0.139206   0.976808    0.51151
 -0.879243   0.428784   0.207547   0.977638
 -0.447732  -0.892617 -0.0526368    1.56491
         0          0          0          1

    0.1616  -0.138161   0.977137   0.512892
 -0.877705   0.432515    0.20631   0.976693
 -0.451131  -0.890978 -0.0513701    1.56152
         0          0          0          1

  0.162052  -0.137707   0.977126   0.511008
 -0.875203   0.437333   0.206782   0.974252
 -0.455805  -0.888694 -0.0496511    1.55901
         0          0          0          1

  0.161959  -0.138677   0.977005   0.511241
 -0.873738   0.440012   0.207296   0.972603
 -0.458641  -0.887219 -0.0499033    1.54755
         0          0          0          1

  0.162521  -0.145013   0.975991   0.510361
 -0.869575   0.446391   0.211126   0.970805
  -0.46629   -0.88301 -0.0535521    1.54939
         0          0          0          1

  0.161336  -0.149412   0.975524   0.511013
 -0.867819   0.449229   0.212328   0.970374
 -0.469958  -0.880834 -0.0571852    1.54758
         0          0          0          1

  0.160006  -0.148576    0.97587   0.512219
 -0.867427   0.450684   0.210842    0.97026
 -0.471136  -0.880232 -0.0567665    1.54424
         0          0          0          1

  0.155793  -0.143499   0.977311   0.514629
 -0.867275    0.45372   0.204872   0.969778
 -0.472825  -0.879515 -0.0537667    1.53974
         0          0          0          1

   0.15182  -0.142267   0.978116   0.516594
 -0.867848   0.454443   0.200804   0.970095
 -0.473065  -0.879342 -0.0544724    1.53811
         0          0          0          1

  0.148318  -0.140655   0.978886   0.516211
 -0.869219   0.453543    0.19687   0.969603
 -0.471657  -0.880066 -0.0549918     1.5337
         0          0          0          1

  0.144716  -0.140527   0.979443   0.516531
 -0.870329   0.452836   0.193565   0.969124
 -0.470729   -0.88045 -0.0567723    1.53086
         0          0          0          1

  0.141497  -0.141874    0.97972   0.514235
 -0.871175   0.452171   0.191299   0.968387
 -0.470141  -0.880576 -0.0596167    1.52811
         0          0          0          1

  0.134635   -0.14169   0.980713   0.515077
 -0.871872   0.453369   0.185194     0.9691
 -0.470865  -0.879989 -0.0624966    1.52778
         0          0          0          1

   0.12468   -0.13929   0.982371   0.513424
 -0.875827   0.449805   0.174935   0.968617
 -0.466242  -0.882198 -0.0659123    1.52236
         0          0          0          1

  0.118778  -0.141748   0.982751   0.514501
 -0.876084   0.450849   0.170915   0.968791
 -0.467299  -0.881273 -0.0706324    1.52374
         0          0          0          1

  0.116305  -0.140426   0.983236   0.514627
 -0.876212    0.45164   0.168149   0.968389
 -0.467682   -0.88108 -0.0705152    1.52495
         0          0          0          1

  0.114651  -0.142348   0.983154   0.513716
 -0.876405    0.45148   0.167571   0.967622
 -0.467728  -0.880854 -0.0729922    1.52624
         0          0          0          1

  0.108252   -0.14231   0.983885   0.513848
 -0.880253   0.446215   0.161391   0.967753
 -0.461991  -0.883539 -0.0769651    1.52158
         0          0          0          1

  0.106077  -0.144992    0.98373   0.513085
 -0.880319   0.446329   0.160711   0.967596
 -0.462369  -0.883045 -0.0802934    1.52137
         0          0          0          1

   0.10299  -0.149546   0.983376   0.513208
  -0.88065   0.445917   0.160044   0.967676
 -0.462438  -0.882493 -0.0857726    1.52115
         0          0          0          1

 0.0988173  -0.148004   0.984038   0.513459
 -0.882604   0.443703   0.155366    0.96834
 -0.459615  -0.883868 -0.0867833    1.51946
         0          0          0          1

  0.096766   -0.15333   0.983426   0.513129
 -0.882389   0.443895   0.156034   0.968149
 -0.460463  -0.882863 -0.0923426    1.52021
         0          0          0          1

 0.0934444  -0.156203   0.983295   0.513313
 -0.882854   0.443556   0.154361   0.968631
 -0.460258   -0.88253 -0.0964565    1.52114
         0          0          0          1

0.0853023 -0.157317  0.983857  0.515219
-0.884391  0.442831  0.147486  0.970117
-0.458885 -0.882696 -0.101355   1.52309
        0         0         0         1

0.0842651 -0.159307  0.983626  0.515428
-0.885427  0.440836   0.14725  0.970419
-0.457076 -0.883337 -0.103908   1.52348
        0         0         0         1

0.0850549 -0.162665  0.983009  0.513901
 -0.88519  0.440557  0.149493  0.970061
-0.457389 -0.882864 -0.106518   1.52503
        0         0         0         1

0.0872099 -0.162916  0.982778  0.512095
-0.887112  0.436148  0.151021  0.969735
 -0.45324 -0.885005 -0.106489    1.5256
        0         0         0         1

 0.082393 -0.166795  0.982543  0.512444
-0.888376   0.43452   0.14826  0.970586
-0.451663 -0.885083 -0.112375   1.53505
        0         0         0         1

0.0814917 -0.167181  0.982553  0.511468
-0.890834   0.42988  0.147029  0.971477
 -0.44696 -0.887273 -0.113899   1.53807
        0         0         0         1

0.0761547 -0.165364  0.983288  0.514029
-0.895607  0.422124  0.140354  0.974113
-0.438279 -0.891328 -0.115954   1.54041
        0         0         0         1

0.0799198 -0.167521  0.982624  0.511048
 -0.89714  0.417564  0.144155   0.97348
-0.434457 -0.893072 -0.116918   1.54381
        0         0         0         1

0.0779898 -0.168074  0.982685  0.511239
-0.900816  0.410432  0.141691  0.974094
-0.427139 -0.896268 -0.119394   1.54966
        0         0         0         1

 0.078602  -0.16789  0.982667  0.508391
-0.903305  0.405008   0.14145  0.974144
-0.421736 -0.898767 -0.119822   1.55555
        0         0         0         1

0.0688809 -0.164966  0.983891  0.516109
-0.913074   0.38692  0.128797  0.979312
-0.401935 -0.907237 -0.123975   1.56681
        0         0         0         1

0.0672088 -0.162997  0.984335  0.517709
-0.919498  0.372849  0.124523  0.981558
-0.387305 -0.913463 -0.124817   1.56971
        0         0         0         1

0.0696087  -0.15968  0.984712  0.517531
-0.925275  0.358607  0.123559  0.983616
-0.372854  -0.91973 -0.122786   1.57526
        0         0         0         1

0.0708242   -0.1637  0.983965  0.515596
-0.928215  0.350381  0.125103  0.983645
-0.365242 -0.922191 -0.127133   1.58628
        0         0         0         1

0.0731984 -0.167693  0.983118  0.520464
-0.937212  0.325474  0.125298   0.98716
-0.340991 -0.930562  -0.13334   1.60305
        0         0         0         1

0.0771042 -0.173575  0.981798  0.519229
-0.940056  0.315438  0.129593  0.987249
 -0.33219 -0.932937 -0.138849   1.61442
        0         0         0         1

0.0738984 -0.170009  0.982668  0.524397
-0.947408  0.295695  0.122404  0.992167
 -0.31138 -0.940033 -0.139217   1.61904
        0         0         0         1

   0.0816 -0.168357  0.982343  0.520872
-0.950212  0.284258  0.127648  0.991872
-0.300729  -0.94385  -0.13678   1.62807
        0         0         0         1

0.0851509 -0.171255   0.98154  0.521576
-0.954118  0.269812  0.129848   0.99384
-0.287068 -0.947562 -0.140423   1.64364
        0         0         0         1

0.0916488 -0.173711  0.980523  0.518582
 -0.95904  0.249644  0.133868  0.995105
-0.268037 -0.952629 -0.143716   1.65039
        0         0         0         1

0.0937034 -0.178577  0.979454  0.523387
 -0.96837  0.212164  0.131325   1.00279
-0.231256 -0.960779 -0.153048   1.67486
        0         0         0         1

0.0927788 -0.179832  0.979312  0.525014
-0.972948  0.192623  0.127547   1.00603
-0.211575 -0.964654 -0.157096   1.68203
        0         0         0         1

0.0965934 -0.185563  0.977873  0.524679
-0.975843  0.175771  0.129748   1.00862
-0.195958 -0.966784 -0.164102   1.69875
        0         0         0         1

 0.096222 -0.190511  0.976958  0.527692
-0.979272  0.157635  0.127189   1.01347
-0.178234 -0.968946 -0.171394   1.71175
        0         0         0         1

0.0968945 -0.190407  0.976912  0.534259
 -0.98607   0.11496  0.120209   1.02703
-0.135194 -0.974951 -0.176616   1.73229
        0         0         0         1

0.0983365 -0.194076  0.976045  0.536636
-0.988528 0.0939385  0.118273   1.03255
-0.114642 -0.976478 -0.182612    1.7427
        0         0         0         1

0.0993984 -0.193655  0.976021  0.540036
-0.990789 0.0713946  0.115068   1.04005
-0.0919661 -0.978468 -0.184775    1.7559
        0         0         0         1

 0.111607 -0.193927  0.974647   0.53579
  -0.9907 0.0551012  0.124409   1.04299
-0.0778305 -0.979467 -0.185974    1.7687
        0         0         0         1

 0.114077 -0.198486  0.973442   0.54304
-0.991482 0.0392389  0.124192   1.05087
-0.0628471 -0.979318 -0.192319   1.78701
        0         0         0         1

  0.11912 -0.199779  0.972573  0.544549
-0.991928 0.0189335  0.125379    1.0568
-0.0434623 -0.979658 -0.195911   1.79742
        0         0         0         1

  0.130776  -0.204529   0.970085   0.550208
 -0.991406 -0.0237401   0.128645     1.0751
-0.00328174  -0.978573  -0.205876    1.82397
         0          0          0          1

  0.136206  -0.208066   0.968585   0.553277
 -0.990588 -0.0419773   0.130283    1.08232
 0.0135512  -0.977214  -0.211825    1.83259
         0          0          0          1

  0.142476   -0.21663   0.965801   0.554882
 -0.989328 -0.0612572   0.132207    1.09078
 0.0305223   -0.97433  -0.223046    1.85065
         0          0          0          1

  0.147601  -0.219351   0.964417   0.557926
 -0.987879 -0.0800702    0.13298    1.09797
 0.0480517  -0.972355   -0.22851    1.86254
         0          0          0          1

  0.157947  -0.226651   0.961084   0.560948
 -0.985513 -0.0970779   0.139068    1.10562
   0.06178  -0.969126    -0.2387    1.88037
         0          0          0          1

 0.164069 -0.230055  0.959248  0.562695
-0.983015 -0.119198  0.139547   1.11592
0.0822371  -0.96585 -0.245705   1.88957
        0         0         0         1

 0.169003 -0.246233  0.954362  0.580527
-0.978441 -0.158536  0.132363   1.14043
 0.118708 -0.956157 -0.267717   1.91389
        0         0         0         1

 0.180807 -0.247293  0.951922  0.578622
-0.974121 -0.178506   0.13865   1.14976
 0.135637 -0.952356 -0.273169   1.92226
        0         0         0         1

 0.183926 -0.261354  0.947558  0.588988
 -0.97255 -0.188184  0.136872   1.16072
 0.142544 -0.946721 -0.288791   1.94432
        0         0         0         1

 0.188575 -0.264997   0.94563  0.594534
-0.968345 -0.210529  0.134107   1.17394
 0.163544 -0.940986 -0.296309   1.94938
        0         0         0         1

 0.204266 -0.280614  0.937833  0.602041
-0.959663 -0.246473  0.135273    1.2001
 0.193192 -0.927635 -0.319641    1.9699
        0         0         0         1

