 0.0673349 -0.0924424   0.993439   0.265674
 -0.986317   0.144009  0.0802526    1.07846
 -0.150483  -0.985249 -0.0814807    1.73994
         0          0          0          1

 0.0647451 -0.0802182   0.994672   0.266802
 -0.984815   0.155764  0.0766655    1.07375
 -0.161084  -0.984532 -0.0689151    1.73035
         0          0          0          1

 0.0566211 -0.0529115   0.996993   0.264152
 -0.983321   0.169919  0.0648625    1.06723
  -0.17284  -0.984036 -0.0424079    1.70024
         0          0          0          1

 0.0547932 -0.0458959   0.997442   0.264086
 -0.981375   0.181727  0.0622725    1.06356
  -0.18412  -0.982277 -0.0350837     1.6929
         0          0          0          1

 0.0488504 -0.0376313   0.998097   0.266107
  -0.97867    0.19784  0.0553588    1.05888
 -0.199546  -0.979512 -0.0271641    1.68383
         0          0          0          1

 0.0479062 -0.0332207   0.998299   0.264089
 -0.977302    0.20493   0.053718    1.05584
 -0.206366  -0.978213 -0.0226492    1.67126
         0          0          0          1

 0.0492772 -0.0328693   0.998244   0.260698
 -0.973347   0.222552  0.0553762    1.04898
 -0.223981  -0.974367 -0.0210265    1.66404
         0          0          0          1

 0.0554648 -0.0317289   0.997956   0.253092
 -0.969958     0.2354   0.061393    1.04026
 -0.236867  -0.971381 -0.0177193    1.65735
         0          0          0          1

 0.0568632 -0.0259223   0.998045   0.248912
 -0.965362   0.253542  0.0615863    1.03354
 -0.254642  -0.966977 -0.0106072    1.63155
         0          0          0          1

 0.0584223 -0.0306298   0.997822   0.246528
 -0.960305    0.27138  0.0645561     1.0267
 -0.272766  -0.961985 -0.0135593    1.63477
         0          0          0          1

  0.0582581  -0.0222857    0.998053    0.251612
  -0.957741    0.280832   0.0621758     1.02855
  -0.281671   -0.959498 -0.00498312     1.62143
          0           0           0           1

  0.0636882  -0.0224351    0.997718    0.247367
  -0.954529    0.290385    0.067461     1.02316
  -0.291236   -0.956647 -0.00292081     1.61471
          0           0           0           1

 0.0757611 -0.0116786   0.997058   0.245239
 -0.948995    0.30607  0.0756941    1.01734
 -0.306053  -0.951937  0.0121052    1.59536
         0          0          0          1

   0.0726439 -0.000224131     0.997358     0.251966
   -0.950321     0.303463    0.0692861      1.02135
   -0.302676    -0.952843    0.0218317       1.5822
           0            0            0            1

 0.0711483 0.00619656   0.997447   0.259878
 -0.948298   0.310504  0.0657135    1.02422
 -0.309304  -0.950552   0.027968    1.57529
         0          0          0          1

0.0763217 0.0189479  0.996903  0.262228
 -0.94814  0.310779 0.0666815   1.02354
-0.308553 -0.950293 0.0416844   1.56212
        0         0         0         1

0.0851926 0.0244097  0.996065  0.261184
-0.942299   0.32681 0.0725851    1.0196
-0.323752 -0.944775  0.050843   1.56037
        0         0         0         1

0.0926374 0.0268187  0.995339  0.258722
-0.937447  0.339252 0.0781085   1.01515
-0.335576 -0.940313 0.0565686   1.55758
        0         0         0         1

0.0948815 0.0330778  0.994939  0.259326
-0.930792  0.357373  0.076883    1.0121
-0.353021 -0.933376 0.0646966   1.54272
        0         0         0         1

0.0993946 0.0381669  0.994316   0.25817
  -0.9299  0.359191 0.0791678   1.00917
-0.354127 -0.932483  0.071193    1.5324
        0         0         0         1

0.0961683 0.0422079   0.99447  0.264547
-0.926175  0.369789 0.0738692    1.0098
-0.364626 -0.928157 0.0746538   1.52975
        0         0         0         1

0.0981251 0.0397456   0.99438  0.263244
 -0.92315  0.376847 0.0760335    1.0078
-0.371707 -0.925423 0.0736693   1.52698
        0         0         0         1

0.0982238 0.0503378   0.99389  0.267598
-0.918973  0.387844 0.0711767   1.00663
-0.381891  -0.92035 0.0843545    1.5179
        0         0         0         1

 0.102681 0.0580857  0.993017  0.265284
-0.918252  0.389364 0.0721744   1.00355
-0.382453  -0.91925 0.0933176   1.51173
        0         0         0         1

0.0969885 0.0605429  0.993442  0.270899
-0.917316  0.392715 0.0656233   1.00379
-0.386167 -0.917665 0.0936258   1.51204
        0         0         0         1

0.0968637 0.0679893  0.992973  0.270904
-0.917844  0.391959 0.0626973   1.00266
-0.384942 -0.917467   0.10037   1.50723
        0         0         0         1

0.0909327 0.0837436   0.99233  0.274919
-0.919824   0.38894 0.0514656   1.00152
-0.381647 -0.917449  0.112397   1.49636
        0         0         0         1

0.0876442 0.0894315  0.992129  0.276277
-0.920558  0.387844  0.046361   1.00185
-0.380645 -0.917376  0.116319   1.49391
        0         0         0         1

0.0872192 0.0957109  0.991581  0.275256
-0.921398  0.386148 0.0437734  0.999279
-0.378708 -0.917458  0.121867   1.48792
        0         0         0         1

0.0885124 0.0974696  0.991295  0.276446
 -0.92176  0.385208 0.0444279  0.998727
-0.377524 -0.917668  0.123939   1.48648
        0         0         0         1

0.0855552  0.100322   0.99127  0.278847
-0.922457  0.383942 0.0407589  0.998588
-0.376501 -0.917891  0.125391   1.48462
        0         0         0         1

0.0821741 0.0982958  0.991759  0.281567
-0.922188  0.384843 0.0382669  0.997728
 -0.37791 -0.917733  0.122271   1.48587
        0         0         0         1

0.0766672 0.0949711  0.992523  0.281114
-0.921778  0.386203 0.0342481  0.995078
-0.380063 -0.917512  0.117151   1.48613
        0         0         0         1

0.0769949 0.0899461  0.992966  0.277775
-0.921285  0.387185 0.0363642  0.991602
 -0.38119 -0.917604  0.112677   1.48671
        0         0         0         1

0.0722836 0.0880717  0.993488  0.279984
-0.923233  0.382801 0.0332371  0.993291
-0.377381 -0.919623  0.108981   1.48294
        0         0         0         1

0.0709906 0.0823584  0.994071   0.28012
 -0.92256  0.384349 0.0340405  0.991708
-0.379267 -0.919507  0.103266   1.48463
        0         0         0         1

0.0684013 0.0809205  0.994371  0.280072
-0.925099  0.378302 0.0328505  0.992237
-0.373514 -0.922138  0.100736   1.47873
        0         0         0         1

0.0671871 0.0759047  0.994849  0.280598
-0.924944  0.378616 0.0335786  0.991038
-0.374117 -0.922436 0.0956457   1.47902
        0         0         0         1

0.0601576 0.0628403  0.996209  0.283634
-0.924229  0.380511 0.0318086  0.991623
-0.377069 -0.922639 0.0809694   1.48197
        0         0         0         1

0.0617869 0.0583352  0.996383  0.283984
-0.924012  0.380759 0.0350068  0.991264
-0.377339 -0.922833 0.0774283   1.48129
        0         0         0         1

0.0675798 0.0536557   0.99627  0.280388
-0.923882  0.380346 0.0421853  0.988485
-0.376664 -0.923287 0.0752752   1.47986
        0         0         0         1

0.0637587  0.049998  0.996712  0.282095
-0.924326  0.379491 0.0400919   0.98878
-0.376239 -0.923844 0.0704103   1.47934
        0         0         0         1

0.0642986 0.0382353  0.997198  0.281328
-0.925256  0.376639 0.0452184  0.987891
-0.373855 -0.925571 0.0595948   1.47775
        0         0         0         1

0.0651032 0.0362063  0.997221  0.280629
-0.925073  0.376907 0.0467085  0.987495
-0.374169 -0.925543 0.0580313   1.47718
        0         0         0         1

0.0653044 0.0296299  0.997425  0.280167
-0.923831  0.379625 0.0492087  0.987064
-0.377189 -0.924666 0.0521641   1.47794
        0         0         0         1

0.0624539 0.0281537  0.997651  0.281047
 -0.92463  0.377929 0.0472176  0.987322
-0.375712 -0.925406 0.0496349    1.4775
        0         0         0         1

0.0610545 0.0205531  0.997923   0.28161
-0.923211  0.381203 0.0486323  0.987464
-0.379412 -0.924263  0.042249   1.47882
        0         0         0         1

0.0607222 0.0221128   0.99791  0.281756
-0.923772   0.37995 0.0477916  0.987673
-0.378099 -0.924743 0.0434985   1.47864
        0         0         0         1

0.0710889  0.015685  0.997347  0.277094
-0.920839  0.385365 0.0595751  0.983791
-0.383408 -0.922631 0.0418385    1.4821
        0         0         0         1

0.0711422 0.0145818   0.99736  0.275822
-0.920079  0.387114   0.05997  0.982287
-0.385218 -0.921916 0.0409565   1.48507
        0         0         0         1

0.0733575 0.0166922  0.997166  0.274315
-0.920796    0.3852 0.0612911  0.981688
-0.383085 -0.922682 0.0436274   1.48417
        0         0         0         1

0.0725085 0.0183709  0.997199   0.27446
-0.921739  0.383146 0.0599633  0.981855
-0.380971 -0.923505 0.0447145   1.48239
        0         0         0         1

0.0689647 0.0164746  0.997483  0.275522
-0.921591  0.383899 0.0573771  0.982077
-0.381988 -0.923228 0.0416584    1.4848
        0         0         0         1

0.0716763 0.0178383  0.997268  0.273564
-0.922315  0.381837 0.0594593  0.981421
-0.379734 -0.924057 0.0438212   1.48304
        0         0         0         1

0.0706739 0.0170248  0.997354  0.273812
-0.922399  0.381729 0.0588464  0.981996
-0.379717 -0.924118 0.0426819   1.48419
        0         0         0         1

0.0685696 0.0190868  0.997464  0.274734
 -0.92349  0.379481 0.0562228  0.982709
-0.377446 -0.925003 0.0436473   1.48303
        0         0         0         1

0.0676375 0.0187547  0.997534  0.274666
-0.923257  0.380161 0.0554537  0.982448
-0.378183  -0.92473 0.0430285    1.4842
        0         0         0         1

0.0667242 0.0170726  0.997625  0.273974
-0.923656  0.379213 0.0552873  0.982171
-0.377369 -0.925152 0.0410719   1.48523
        0         0         0         1

0.0629399 0.0106745   0.99796  0.274149
-0.923136  0.380642 0.0541494  0.981171
-0.379287 -0.924661 0.0338116   1.49256
        0         0         0         1

 0.0604597 0.00772961   0.998141   0.274458
 -0.923797   0.379193  0.0530201   0.981384
 -0.378078  -0.925285  0.0300665    1.49526
         0          0          0          1

 0.0560029 0.00508215   0.998418   0.276439
 -0.924457   0.378004  0.0499302   0.982476
 -0.377152   -0.92579  0.0258675    1.49893
         0          0          0          1

  0.0530754 -0.00174295    0.998589    0.276137
  -0.923851    0.379502   0.0497655    0.981215
  -0.379053   -0.925189    0.018532     1.50501
          0           0           0           1

   0.045686 -0.00503676    0.998943    0.280091
  -0.926124    0.374615   0.0442445     0.98274
  -0.374442   -0.927167     0.01245     1.51115
          0           0           0           1

  0.0443375 -0.00429398    0.999007    0.280543
  -0.927438    0.371524   0.0427581    0.982678
  -0.371339   -0.928413   0.0124901     1.51379
          0           0           0           1

   0.043265 -0.00245289    0.999061    0.281934
  -0.930024    0.365186   0.0411719    0.983798
  -0.364944   -0.930931   0.0135185     1.51523
          0           0           0           1

  0.0447623 -0.00237688    0.998995    0.279938
  -0.930876    0.362847   0.0425734    0.982413
  -0.362583   -0.931846   0.0140293     1.51958
          0           0           0           1

  0.0390018 -0.00343528    0.999233    0.284409
  -0.933327    0.357048   0.0376569    0.983968
  -0.356904    -0.93408   0.0107193      1.5272
          0           0           0           1

  0.0399763 -0.00231582    0.999198    0.283099
  -0.935661    0.350821   0.0382474    0.982442
  -0.350628    -0.93644   0.0118577     1.52987
          0           0           0           1

  0.0374838 -0.00317332    0.999292    0.286365
  -0.941385    0.335368   0.0363767    0.981945
  -0.335246   -0.942082  0.00958355     1.54472
          0           0           0           1

  0.0407548 -0.00216159    0.999167    0.284455
  -0.943528    0.328966    0.039197    0.980669
  -0.328777   -0.944339   0.0113674     1.55225
          0           0           0           1

 0.0319201 0.00186166   0.999489   0.294162
 -0.949702   0.311738  0.0297495   0.985924
 -0.311524  -0.950166  0.0117187    1.55464
         0          0          0          1

  0.0442574 -0.00133149    0.999019    0.284726
  -0.951971    0.303213   0.0425772    0.980292
  -0.302972   -0.952922   0.0121518      1.5619
          0           0           0           1

 0.0400736 0.00742234   0.999169   0.293775
 -0.961397    0.27273  0.0365326   0.985323
 -0.272233  -0.962062  0.0180651    1.57295
         0          0          0          1

 0.0445223 0.00716691   0.998983   0.294053
  -0.96485   0.259561  0.0411389   0.984904
 -0.259002    -0.9657  0.0184712    1.58059
         0          0          0          1

 0.0475619 0.00388409   0.998861   0.295806
 -0.969221   0.242007  0.0452095   0.985943
 -0.241556  -0.970267  0.0152749    1.59087
         0          0          0          1

  0.0504106 0.000645542    0.998728    0.297255
  -0.972483    0.227775   0.0489386    0.987482
  -0.227454   -0.973714     0.01211     1.60055
          0           0           0           1

  0.0597734 -0.00308042    0.998207    0.296626
  -0.975742      0.2108   0.0590787    0.988348
  -0.210604   -0.977524  0.00959455     1.61104
          0           0           0           1

  0.0614187 -0.00863578    0.998075    0.298851
  -0.978558    0.196445   0.0619175    0.989737
  -0.196601   -0.980477  0.00361478     1.62263
          0           0           0           1

  0.0604327 -0.00720517    0.998146    0.311964
  -0.986685     0.15084   0.0608276     1.00073
  -0.150999   -0.988532  0.00200647     1.63651
          0           0           0           1

   0.0681654  -0.00940822      0.99763     0.312007
   -0.988608     0.133865    0.0688114      1.00374
   -0.134195    -0.990955 -0.000176087      1.64524
           0            0            0            1

  0.0752973  -0.0121036    0.997088    0.314733
  -0.990503    0.114448   0.0761894     1.00711
  -0.115037   -0.993355 -0.00337098      1.6574
          0           0           0           1

  0.0806885  -0.0144774    0.996634    0.317006
  -0.992462   0.0913679   0.0816779     1.01153
 -0.0922429   -0.995712 -0.00699596     1.66431
          0           0           0           1

 0.0889316 -0.0276615   0.995654   0.327898
  -0.99424  0.0575712  0.0904048    1.02217
-0.0598217  -0.997958 -0.0223822    1.69473
         0          0          0          1

 0.0995199 -0.0279318   0.994643    0.32468
  -0.99413  0.0398525   0.100588     1.0243
-0.0424486  -0.998815 -0.0238017    1.70372
         0          0          0          1

  0.103551 -0.0311311   0.994137   0.331318
 -0.994383  0.0187654   0.104164    1.03207
-0.0218981  -0.999339  -0.029013    1.71388
         0          0          0          1

  0.0973479  -0.0376706    0.994537    0.341197
  -0.995247 -0.00611532   0.0971858     1.04389
 0.00242086   -0.999271  -0.0380869     1.71927
          0           0           0           1

   0.11069 -0.0437304   0.992892   0.338767
 -0.993683 -0.0234572   0.109745    1.04841
 0.0184913  -0.998768 -0.0460506    1.73252
         0          0          0          1

  0.103742 -0.0489256     0.9934   0.349865
 -0.993659 -0.0486273   0.101374    1.06032
 0.0433466  -0.997618 -0.0536601    1.73646
         0          0          0          1

  0.116779 -0.0693323   0.990735   0.356868
 -0.990362 -0.0829246   0.110932    1.07629
 0.0744651  -0.994141 -0.0783479    1.76468
         0          0          0          1

  0.117797 -0.0786564   0.989918   0.363501
 -0.989277 -0.0959726   0.110095    1.08515
 0.0863453  -0.992271 -0.0891182    1.77742
         0          0          0          1

  0.123847 -0.0865436    0.98852   0.368025
 -0.986799  -0.115506   0.113519    1.09607
  0.104356  -0.989529 -0.0997062    1.78684
         0          0          0          1

   0.13913 -0.0963723   0.985574   0.364512
 -0.984291  -0.122696   0.126951    1.09857
  0.108692  -0.987754  -0.111929    1.80235
         0          0          0          1

 0.153007 -0.124032  0.980411  0.383619
-0.979807  -0.14826  0.134157   1.11972
 0.128716  -0.98114 -0.144212   1.83039
        0         0         0         1

 0.166354 -0.119979   0.97874  0.379871
-0.974902 -0.168947  0.144992   1.12645
 0.147959 -0.978295 -0.145072   1.83129
        0         0         0         1

 0.174994 -0.127206  0.976317  0.389225
-0.971416 -0.183855  0.150161   1.13994
 0.160399 -0.974688 -0.155743   1.84191
        0         0         0         1

 0.182658  -0.13552  0.973792  0.394688
-0.968472  -0.19546  0.154459   1.14981
 0.169405 -0.971303  -0.16695   1.84934
        0         0         0         1

 0.182678  -0.14806   0.97196  0.410033
-0.964689 -0.217786  0.148136   1.16895
 0.189746 -0.964701 -0.182616    1.8536
        0         0         0         1

  0.19427  -0.16308  0.967297  0.414797
-0.963814  -0.21523  0.157284   1.17546
 0.182542  -0.96285 -0.198991   1.87431
        0         0         0         1

 0.211746 -0.176731  0.961213   0.42653
-0.955549 -0.243892  0.165656   1.20031
 0.205156 -0.953563 -0.220518   1.88348
        0         0         0         1

