 0.709109 -0.346413  0.614136   1.41728
-0.680745 -0.563286  0.468289    1.0635
 0.183713 -0.750138  -0.63525   2.17702
        0         0         0         1

 0.702483  -0.35096  0.619149   1.42405
-0.692046 -0.539885  0.479162   1.04394
 0.166103 -0.765082  -0.62214   2.16893
        0         0         0         1

 0.698954 -0.351214  0.622987   1.42638
-0.698265 -0.523406  0.488336   1.02898
 0.154565 -0.776334 -0.611077   2.16343
        0         0         0         1

 0.686892  -0.36897  0.626131   1.44004
-0.718003 -0.477868  0.506078  0.994286
  0.11248 -0.797185 -0.593165   2.14728
        0         0         0         1

 0.679437 -0.378568  0.628532   1.44694
-0.727914 -0.455456  0.512544  0.978248
0.0922358 -0.805758 -0.585018   2.14151
        0         0         0         1

 0.671257 -0.385321    0.6332   1.45137
-0.738198 -0.424642  0.524158   0.95873
0.0669143 -0.819272 -0.569487   2.13518
        0         0         0         1

 0.669754 -0.381395  0.637156   1.44948
-0.740391 -0.408849  0.533538  0.947918
0.0570116 -0.829084  -0.55621   2.12522
        0         0         0         1

 0.661356 -0.389514  0.641004   1.45737
-0.749251 -0.383038  0.540282  0.931736
 0.035082 -0.837592 -0.545169   2.11178
        0         0         0         1

 0.660056  -0.38704  0.643837   1.45777
-0.750946 -0.362958  0.551672  0.918825
0.0201668 -0.847621 -0.530219   2.10364
        0         0         0         1

 0.650605 -0.389946  0.651656   1.46608
-0.759214 -0.314188  0.569982  0.892003
-0.0175195  -0.86558 -0.500465   2.07692
        0         0         0         1

  0.64661 -0.389991  0.655593   1.47056
-0.761843 -0.286659   0.58088   0.87778
-0.0386067 -0.875062 -0.482468   2.07034
        0         0         0         1

 0.644745 -0.386158  0.659686   1.47126
-0.762261  -0.26032  0.592615   0.86484
-0.0571132 -0.884938 -0.462193   2.05619
        0         0         0         1

 0.643617 -0.384555  0.661721   1.47095
-0.762365 -0.245863  0.598625  0.856738
-0.0675117 -0.889758 -0.451412   2.04126
        0         0         0         1

 0.633447 -0.390265   0.66816   1.48167
-0.766589 -0.199014   0.61052  0.832761
-0.105291 -0.898936 -0.425238   2.01465
        0         0         0         1

 0.631154 -0.389173  0.670961   1.48201
-0.766362  -0.17936  0.616863  0.822758
-0.119723 -0.903534 -0.411451   2.00405
        0         0         0         1

 0.624931 -0.394036  0.673942   1.48725
-0.768309  -0.15735  0.620437  0.811652
 -0.13843 -0.905526 -0.401075    1.9886
        0         0         0         1

 0.621639 -0.395257  0.676267   1.48885
-0.768264 -0.139285  0.624797  0.802589
-0.152761 -0.907949 -0.390247   1.97791
        0         0         0         1

 0.616512 -0.398853  0.678844   1.49208
-0.768655 -0.118149  0.628658  0.792489
-0.170538 -0.909372  -0.37942   1.96357
        0         0         0         1

  0.612983  -0.398588   0.682187     1.4936
 -0.768278 -0.0991914   0.632385   0.784909
 -0.184394   -0.91175  -0.367029    1.95151
         0          0          0          1

  0.604959  -0.396357   0.690598    1.49828
 -0.767853 -0.0608091   0.637733    0.76925
 -0.210776   -0.91608  -0.341131    1.92024
         0          0          0          1

  0.604582  -0.390841   0.694064    1.49704
 -0.765349 -0.0435738   0.642139   0.763036
 -0.220731  -0.919426  -0.325474    1.90723
         0          0          0          1

  0.601802  -0.385707   0.699331    1.49942
 -0.763492 -0.0209183   0.645478   0.754092
 -0.234337  -0.922384  -0.307073    1.89387
         0          0          0          1

   0.597653   -0.382737    0.704502     1.50219
  -0.763101 -0.00200448    0.646276    0.747078
  -0.245942   -0.923855   -0.293265     1.88198
          0           0           0           1

 0.590913  -0.37433  0.714632   1.50586
-0.761494 0.0336664  0.647297  0.733757
-0.266362 -0.926684 -0.265157   1.85427
        0         0         0         1

 0.588768 -0.372915  0.717138   1.50665
-0.760339 0.0455604  0.647927  0.729227
-0.274294 -0.926746 -0.256717   1.84172
        0         0         0         1

 0.583755 -0.371253  0.722081   1.50814
-0.760488  0.061513  0.646431  0.723359
-0.284407 -0.926492 -0.246425    1.8261
        0         0         0         1

  0.57863 -0.372117  0.725752   1.50988
-0.760909 0.0740367  0.644621  0.718506
-0.293607 -0.925228 -0.240308   1.81479
        0         0         0         1

  0.57329 -0.372454  0.729806   1.51223
-0.760949 0.0882339  0.642784  0.712771
-0.303801 -0.923847 -0.232835   1.80109
        0         0         0         1

 0.568178 -0.373556  0.733232   1.51367
-0.761806 0.0981546  0.640326   0.70874
-0.311168   -0.9224 -0.228808   1.78885
        0         0         0         1

 0.553736 -0.374615  0.743666   1.52071
-0.763626   0.12767  0.632911  0.698798
-0.332042 -0.918348 -0.215371    1.7627
        0         0         0         1

 0.550116 -0.372791  0.747261   1.52218
-0.763352  0.138368   0.63099  0.695174
-0.338625 -0.917541 -0.208452   1.75107
        0         0         0         1

 0.545459 -0.370236  0.751931   1.52408
 -0.76329  0.151156  0.628125  0.691009
-0.346213 -0.916557 -0.200148   1.73675
        0         0         0         1

 0.543275 -0.367104  0.755041   1.52501
-0.761971  0.161995  0.627023   0.68809
-0.352496 -0.915965 -0.191715   1.72653
        0         0         0         1

  0.53712 -0.359603  0.763012   1.52758
-0.760127  0.185786  0.622649  0.681699
-0.365663 -0.914423 -0.173554   1.70238
        0         0         0         1

 0.535856 -0.355926  0.765621     1.528
-0.759643  0.192544  0.621184  0.679807
-0.368511 -0.914464 -0.167201   1.69133
        0         0         0         1

 0.529609 -0.351052   0.77219   1.53106
-0.760075  0.207731  0.615739  0.675913
-0.376564 -0.913023 -0.156809   1.68069
        0         0         0         1

 0.527615 -0.347394  0.775203   1.53136
-0.760483   0.21348  0.613264  0.674148
-0.378535 -0.913096 -0.151552   1.67145
        0         0         0         1

 0.522887   -0.3429   0.78039   1.53278
-0.762306  0.221548  0.608117  0.671884
-0.381418 -0.912872  -0.14555   1.66009
        0         0         0         1

 0.514882 -0.340751  0.786629   1.53735
-0.765717  0.229782   0.60073   0.66904
-0.385452 -0.911641 -0.142608   1.65082
        0         0         0         1

 0.508161 -0.326523  0.796966   1.53982
-0.768027  0.246953  0.590888  0.665397
-0.389752 -0.912358 -0.125286   1.63205
        0         0         0         1

 0.503193  -0.32055  0.802524   1.54255
-0.770593  0.253878  0.584578  0.663552
 -0.39113 -0.912575 -0.119264    1.6239
        0         0         0         1

 0.498419 -0.313073  0.808433   1.54463
-0.774294  0.258671  0.577545   0.66199
-0.389931 -0.913824 -0.113484   1.61221
        0         0         0         1

 0.493848 -0.306834  0.813614   1.54715
-0.776439  0.265648  0.571466  0.660039
 -0.39148 -0.913939 -0.107048   1.60484
        0         0         0         1

  0.486913  -0.292154   0.823141    1.55279
 -0.778997   0.281004   0.560536   0.656285
 -0.395069  -0.914157 -0.0907625    1.59082
         0          0          0          1

  0.486541  -0.285933   0.825542    1.55406
 -0.779166   0.285417   0.558065   0.655063
 -0.395193  -0.914756 -0.0839226    1.58469
         0          0          0          1

  0.485443  -0.279815    0.82828    1.55553
 -0.779467   0.290549   0.554989   0.653759
  -0.39595  -0.915033 -0.0770614    1.57733
         0          0          0          1

  0.483259  -0.274654   0.831279    1.55812
 -0.780009   0.296096   0.551283   0.651962
  -0.39755  -0.914818 -0.0711414    1.57264
         0          0          0          1

  0.481796  -0.270248    0.83357    1.55966
 -0.780693   0.299657   0.548384   0.651035
 -0.397984  -0.914971 -0.0666073    1.56567
         0          0          0          1

  0.480602  -0.268316   0.834882    1.56084
 -0.780995   0.302029   0.546649   0.650219
 -0.398833  -0.914759 -0.0643974    1.56126
         0          0          0          1

 0.475649 -0.265538  0.838599   1.56592
-0.781764  0.309423   0.54139  0.647272
-0.403241 -0.913097 -0.060411   1.55289
        0         0         0         1

  0.473958  -0.266253   0.839329    1.56737
 -0.782062    0.31075   0.540197   0.646147
 -0.404651  -0.912438 -0.0609438    1.54902
         0          0          0          1

  0.470374  -0.268331   0.840682    1.57054
 -0.782443   0.313723   0.537923   0.644658
 -0.408083  -0.910811 -0.0623865     1.5454
         0          0          0          1

  0.469412   -0.27093   0.840387     1.5717
 -0.782693   0.312875   0.538053   0.643679
  -0.40871  -0.910333 -0.0651878    1.54248
         0          0          0          1

   0.46516  -0.283666   0.838546    1.57458
 -0.784883     0.3059   0.538873   0.642479
 -0.409371  -0.908823 -0.0803516    1.53626
         0          0          0          1

  0.463005   -0.28887   0.837962    1.57577
 -0.786388   0.302288   0.538716   0.641998
 -0.408925  -0.908392 -0.0872032     1.5335
         0          0          0          1

  0.462759  -0.292461   0.836851    1.57605
 -0.787426   0.298018   0.539579    0.64188
 -0.407202  -0.908654 -0.0923806    1.53077
         0          0          0          1

  0.461375  -0.293049    0.83741     1.5777
 -0.788974   0.296171   0.538333   0.641146
 -0.405774  -0.909068 -0.0945622    1.52962
         0          0          0          1

   0.45854  -0.292858   0.839032    1.57936
 -0.792071   0.293411   0.535288   0.640386
 -0.402945  -0.910024 -0.0974237    1.52809
         0          0          0          1

  0.457704  -0.292892   0.839477     1.5781
 -0.793972   0.290286   0.534174   0.640375
 -0.400144  -0.911015 -0.0996834     1.5273
         0          0          0          1

 0.447618 -0.297061  0.843441   1.58154
-0.803006  0.281495  0.525302  0.638863
-0.393471 -0.912423 -0.112539   1.52494
        0         0         0         1

  0.44639 -0.300438  0.842895    1.5813
-0.804496  0.277706  0.525039  0.638949
-0.391819 -0.912478 -0.117736   1.52488
        0         0         0         1

 0.438861 -0.304686  0.845321   1.58412
-0.808127  0.277467  0.519561  0.637108
-0.392852 -0.911141 -0.124455    1.5252
        0         0         0         1

 0.440082 -0.306521  0.844022   1.58371
-0.808454  0.273825  0.520981  0.637355
-0.390806 -0.911627 -0.127303   1.52518
        0         0         0         1

 0.436944 -0.310695  0.844126   1.58484
-0.810337  0.271371  0.519337  0.636328
-0.390427 -0.910948 -0.133194   1.52646
        0         0         0         1

 0.436661 -0.314952  0.842694   1.58499
-0.811002  0.267602  0.520254  0.636192
-0.389361 -0.910601 -0.138576   1.52641
        0         0         0         1

 0.435468 -0.319616  0.841554   1.58499
-0.812176  0.263698  0.520417  0.635947
-0.388249 -0.910115 -0.144753   1.52631
        0         0         0         1

 0.433534 -0.322178  0.841576   1.58597
-0.813671  0.261412  0.519234  0.635503
-0.387283 -0.909871 -0.148816   1.52656
        0         0         0         1

 0.435285 -0.324513  0.839773   1.58536
 -0.81278  0.259513  0.521576  0.635639
 -0.38719 -0.909585 -0.150796   1.52792
        0         0         0         1

  0.43354 -0.327692  0.839441    1.5856
-0.813403   0.25862  0.521049  0.635449
-0.387839 -0.908699 -0.154423    1.5288
        0         0         0         1

 0.432784 -0.333463  0.837556   1.58478
-0.814725   0.25303  0.521727  0.635662
-0.385903 -0.908173 -0.162174    1.5308
        0         0         0         1

 0.433469 -0.334147  0.836929   1.58361
-0.815193  0.250493  0.522221  0.636072
-0.384143 -0.908625 -0.163813    1.5324
        0         0         0         1

 0.431911 -0.334547  0.837575   1.58258
-0.817822  0.246297  0.520101   0.63678
 -0.38029 -0.909624 -0.167222   1.53468
        0         0         0         1

 0.431526  -0.33388  0.838039   1.58169
-0.819216  0.243936  0.519019  0.637455
-0.377718 -0.910505 -0.168255   1.53818
        0         0         0         1

 0.423723 -0.334429  0.841793   1.58089
-0.826988  0.236302  0.510149  0.638112
-0.369526 -0.912315 -0.176443   1.54407
        0         0         0         1

 0.420712 -0.334392  0.843317   1.58105
-0.830411  0.232332  0.506398  0.638537
-0.365265 -0.913348 -0.179938   1.54737
        0         0         0         1

 0.418352 -0.332985  0.845046   1.57961
-0.834118   0.22738   0.50254  0.639222
-0.359484 -0.915106 -0.182624   1.55174
        0         0         0         1

 0.417983 -0.331415  0.845845   1.57824
-0.836676  0.222303  0.500553   0.64019
-0.353925 -0.916922 -0.184369   1.55529
        0         0         0         1

 0.419165 -0.330583  0.845586   1.57652
-0.839108   0.21459  0.499849  0.641598
-0.346696 -0.919057 -0.187446   1.55932
        0         0         0         1

  0.41608 -0.329191   0.84765   1.57793
-0.842466  0.211285   0.49559  0.641491
-0.342239 -0.920322 -0.189421   1.56361
        0         0         0         1

  0.41831 -0.323778  0.848637   1.57621
-0.845499  0.202585  0.494055  0.643018
-0.331885  -0.92419 -0.189011   1.57573
        0         0         0         1

 0.422734 -0.321087  0.847466   1.57444
-0.846025  0.195395  0.496046  0.644513
-0.324865 -0.926674 -0.189048   1.58036
        0         0         0         1

 0.426572 -0.316545  0.847252   1.57327
 -0.84702  0.188677  0.496948  0.645542
-0.317163 -0.929624 -0.187635   1.58794
        0         0         0         1

 0.430643 -0.311344  0.847119   1.57148
-0.847149  0.184267  0.498382   0.64644
-0.311265 -0.932261 -0.184402   1.59461
        0         0         0         1

 0.436758 -0.303059  0.846993   1.57005
-0.849901  0.169545  0.498921  0.647984
-0.294806 -0.937768  -0.18352   1.61068
        0         0         0         1

 0.443286 -0.298428  0.845244   1.56651
-0.849736  0.160313  0.502243  0.650297
-0.285387 -0.940872 -0.182521   1.61762
        0         0         0         1

 0.448283 -0.293489  0.844338   1.56424
-0.850393  0.151047  0.504001  0.652286
-0.275454 -0.943954 -0.181869   1.62749
        0         0         0         1

 0.453084 -0.289178  0.843262   1.56218
-0.851043  0.141309  0.505724  0.654183
-0.265405 -0.946788 -0.182078   1.63518
        0         0         0         1

 0.452702 -0.285062  0.844867   1.56295
-0.853972  0.133961  0.502779  0.654921
-0.256502 -0.949102 -0.182791   1.64548
        0         0         0         1

 0.455533 -0.280311  0.844935   1.56237
-0.854882  0.127016  0.503034   0.65606
-0.248326 -0.951469 -0.181773   1.65527
        0         0         0         1

 0.467027 -0.269862  0.842057   1.55699
-0.854928  0.105367  0.507933  0.661066
-0.225796 -0.957117 -0.181504   1.67749
        0         0         0         1

 0.469374 -0.266955  0.841679   1.55653
-0.856204 0.0954411  0.507745  0.662801
-0.215876 -0.958971 -0.183771   1.68783
        0         0         0         1

 0.477894 -0.261443  0.838609   1.55243
 -0.85468 0.0820437  0.512631  0.665974
-0.202826 -0.961726 -0.184242   1.70178
        0         0         0         1

 0.480469 -0.260622  0.837392   1.55116
-0.855606 0.0703756  0.512822  0.668464
-0.192585 -0.962872 -0.189177   1.71243
        0         0         0         1

 0.486154 -0.258165  0.834868   1.54785
-0.855624  0.053598  0.514815  0.672268
-0.177654 -0.964613 -0.194835   1.72586
        0         0         0         1

 0.492427 -0.255484  0.832012   1.54458
-0.854286 0.0409588  0.518187  0.675039
-0.166467 -0.965945 -0.198087   1.73915
        0         0         0         1

  0.501688  -0.256088   0.826274    1.53931
 -0.853831 0.00673223   0.520507   0.683541
 -0.138858   -0.96663  -0.215278    1.76827
         0          0          0          1

   0.507284   -0.256054     0.82286      1.5359
  -0.852369 -0.00835911    0.522874    0.687595
  -0.127006   -0.966626   -0.222493     1.78195
          0           0           0           1

  0.514674  -0.254954   0.818602    1.53151
  -0.85052 -0.0312307   0.525015   0.694134
 -0.108289  -0.966449  -0.232917    1.79732
         0          0          0          1

 0.518312 -0.253988  0.816604   1.52908
-0.849783  -0.04574  0.525144  0.698632
-0.096029 -0.966125 -0.239542   1.81087
        0         0         0         1

   0.53025  -0.246602   0.811186    1.52008
 -0.845671 -0.0854201   0.526824    0.71253
-0.0606244  -0.965345  -0.253838     1.8412
         0          0          0          1

 0.533278 -0.244621  0.809799   1.51804
-0.844629 -0.100691  0.525798  0.718228
-0.0470819 -0.964376 -0.260311    1.8559
        0         0         0         1

 0.538175 -0.240958  0.807655   1.51361
-0.842353 -0.121445  0.525064  0.727076
-0.028433 -0.962907 -0.268331   1.87233
        0         0         0         1

 0.543096  -0.23788   0.80527   1.50866
-0.839609 -0.142168  0.524258  0.735654
-0.0102269 -0.960834 -0.276936   1.88424
        0         0         0         1

 0.547593 -0.232747  0.803723   1.50347
-0.836727 -0.158568   0.52416  0.744058
0.00544744 -0.959523 -0.281576   1.90492
        0         0         0         1

 0.549784 -0.232174  0.802392   1.49946
-0.835041 -0.176991  0.520942  0.752387
0.0210668 -0.956436 -0.291182   1.91851
        0         0         0         1

 0.560874 -0.227638  0.795991   1.48661
-0.825614 -0.225204  0.517343  0.775265
0.0614931 -0.947346 -0.314253   1.95079
        0         0         0         1

 0.566906 -0.223136  0.792987   1.47904
-0.820036 -0.244564  0.517426  0.785606
0.0784795  -0.94361 -0.321624   1.96432
        0         0         0         1

 0.571009 -0.220864  0.790676   1.47345
-0.815128 -0.266971  0.514094  0.798889
0.0975432 -0.938054 -0.332475   1.98042
        0         0         0         1

 0.575235 -0.215923  0.788975   1.46743
-0.810149 -0.283602  0.513058  0.809234
 0.112973 -0.934316 -0.338068   1.99485
        0         0         0         1

 0.582448 -0.210727  0.785079   1.45398
-0.798435 -0.329506  0.503913   0.83636
   0.1525 -0.920337 -0.360172   2.02369
        0         0         0         1

 0.586243 -0.209985  0.782448   1.44818
-0.792182 -0.350788  0.499396   0.85019
 0.169608 -0.912609 -0.371993   2.03435
        0         0         0         1

 0.591644 -0.206322  0.779351   1.43916
-0.783718  -0.37389  0.495976   0.86612
 0.189061 -0.904233 -0.382908   2.04746
        0         0         0         1

 0.591952 -0.205139   0.77943    1.4355
-0.779014 -0.393655  0.488029  0.880072
 0.206713 -0.896077 -0.392832   2.05755
        0         0         0         1

 0.594372 -0.199148  0.779142   1.42753
-0.773224 -0.407787  0.485627  0.893866
 0.221013 -0.891095 -0.396363   2.07529
        0         0         0         1

 0.597759 -0.191673  0.778425   1.41805
-0.764641 -0.428035  0.481779  0.908972
 0.240849 -0.883203 -0.402423   2.08472
        0         0         0         1

 0.603119 -0.184126  0.776109   1.40335
-0.748449 -0.467075  0.470814   0.94291
 0.275812 -0.864835  -0.41951    2.1051
        0         0         0         1

 0.605368 -0.180316  0.775252   1.39733
-0.741401 -0.482098  0.466804  0.957466
 0.289575 -0.857361 -0.425533   2.11651
        0         0         0         1

 0.606281 -0.178132  0.775043   1.39116
-0.736343 -0.493853  0.462503   0.97142
  0.30037 -0.851104  -0.43058   2.13408
        0         0         0         1

  0.61021 -0.170415  0.773694    1.3774
-0.723847 -0.516866  0.457051  0.989131
 0.322008 -0.838933 -0.438751   2.13852
        0         0         0         1

 0.611786 -0.167332  0.773122   1.35909
-0.709898 -0.547293    0.4433   1.02286
 0.348946 -0.820042 -0.453615   2.16009
        0         0         0         1

 0.612541 -0.162763    0.7735   1.34962
-0.701036 -0.563938   0.43649   1.03996
 0.365162 -0.809619 -0.459537   2.16513
        0         0         0         1

 0.616308 -0.159173  0.771251   1.33758
-0.688167 -0.585003  0.429181   1.06132
 0.382871 -0.795258  -0.47008   2.16916
        0         0         0         1

 0.615889 -0.158106  0.771806   1.33391
-0.685224 -0.590941  0.425743   1.07394
 0.388779  -0.79107 -0.472292   2.18016
        0         0         0         1

 0.619083 -0.155109  0.769856   1.32504
-0.676432 -0.603342  0.422396   1.09202
 0.398969 -0.782253 -0.478439   2.18942
        0         0         0         1

 0.621479 -0.149085  0.769115   1.31846
-0.669113 -0.611644  0.422113   1.10738
 0.407494 -0.776959 -0.479879   2.19631
        0         0         0         1

  0.62299 -0.136213  0.770279   1.29861
-0.651456 -0.635436   0.41452   1.14373
 0.432999 -0.760044 -0.484607   2.20591
        0         0         0         1

 0.620064  -0.13784  0.772348   1.29532
-0.646253 -0.647911  0.403199   1.16168
 0.444835 -0.749141 -0.490825   2.20573
        0         0         0         1

 0.623182 -0.134561  0.770414   1.28589
-0.638537  -0.65633  0.401873    1.1796
 0.451569 -0.742378 -0.494935   2.21223
        0         0         0         1

 0.624958 -0.128557      0.77   1.27582
-0.628253 -0.668303  0.398334   1.19892
 0.463385 -0.732697 -0.498427   2.21251
        0         0         0         1

