 0.680959 -0.365371  0.634664   1.42368
-0.729425 -0.415414   0.54348   1.05899
0.0650767 -0.833027 -0.549391   1.92049
        0         0         0         1

 0.679555 -0.358373  0.640136   1.42505
 -0.73148  -0.39766  0.553898   1.04355
0.0560544 -0.844651 -0.532374   1.91515
        0         0         0         1

 0.670866 -0.359341  0.648701   1.43342
-0.740639 -0.368679   0.56172   1.02017
0.0373135 -0.857292 -0.513476   1.90564
        0         0         0         1

 0.662542 -0.358269  0.657785   1.43872
-0.748594 -0.346478  0.565296   1.00299
0.0253799 -0.866947 -0.497754   1.90035
        0         0         0         1

 0.654873 -0.355292  0.667015   1.44098
-0.755612 -0.324017  0.569266  0.982804
0.0138685 -0.876801 -0.480653   1.88986
        0         0         0         1

 0.643296 -0.360793  0.675277   1.44733
-0.765617 -0.303835  0.567022  0.967605
0.000595461 -0.881767 -0.471685   1.88256
        0         0         0         1

 0.613783 -0.374143  0.695189   1.46116
-0.788853 -0.255704  0.558862   0.93195
-0.0313322 -0.891422 -0.452091   1.86018
        0         0         0         1

 0.607551 -0.372658  0.701432   1.46134
-0.793271 -0.240178  0.559496  0.920208
-0.0400322 -0.896348 -0.441539   1.84932
        0         0         0         1

 0.591453 -0.377161  0.712694   1.47014
-0.804213 -0.211779  0.555329  0.902455
-0.0585151 -0.901609 -0.428575   1.83519
        0         0         0         1

 0.583697 -0.374702  0.720345   1.47277
-0.808961 -0.192035  0.555612  0.891027
-0.0698574  -0.90704  -0.41521   1.82413
        0         0         0         1

 0.576445 -0.367541  0.729811   1.47613
-0.812647  -0.16437  0.559095  0.875594
-0.0855308 -0.915367 -0.393432   1.81123
        0         0         0         1

 0.568794 -0.365439  0.736836   1.48077
-0.816608 -0.144067  0.558923  0.865144
-0.098099 -0.919619 -0.380365   1.79922
        0         0         0         1

  0.556329  -0.351071   0.753158     1.4884
 -0.820514 -0.0888104   0.564685   0.837779
 -0.131356  -0.932128  -0.337467    1.77547
         0          0          0          1

  0.550272  -0.351315   0.757481     1.4938
 -0.822615 -0.0725172   0.563956   0.828838
 -0.143195  -0.933445  -0.328901    1.76345
         0          0          0          1

 0.543893 -0.350475  0.762462   1.49899
-0.823101 -0.045937  0.566034  0.815947
-0.163356 -0.935445 -0.313461    1.7509
        0         0         0         1

  0.540079  -0.352569   0.764205    1.50295
 -0.822945 -0.0310347   0.567273   0.807303
 -0.176286  -0.935271  -0.306906    1.74024
         0          0          0          1

   0.539136   -0.357449    0.762603     1.50909
  -0.816527 0.000104948    0.577308     0.78837
  -0.206438   -0.933933    -0.29181     1.71099
          0           0           0           1

 0.537526 -0.359454  0.762796   1.51289
-0.814182 0.0142157  0.580436  0.780816
-0.219484 -0.933054  -0.28502   1.70116
        0         0         0         1

 0.538013 -0.362412  0.761052    1.5179
-0.810347 0.0262507  0.585362  0.771728
 -0.23212 -0.931648 -0.279556   1.68572
        0         0         0         1

 0.535021  -0.36751  0.760716   1.52259
-0.808109 0.0399924  0.587674  0.763912
-0.246399 -0.929159 -0.275591    1.6765
        0         0         0         1

 0.534116 -0.376897  0.756749   1.53114
-0.799665 0.0652271  0.596893  0.747456
-0.274328 -0.923956 -0.266553   1.65217
        0         0         0         1

 0.532598 -0.381065  0.755731   1.53597
-0.796744 0.0755161   0.59958  0.740919
-0.285549 -0.921459 -0.263392    1.6431
        0         0         0         1

 0.531477  -0.38643  0.753793   1.54178
-0.792452   0.08755  0.603617  0.732898
 -0.29925 -0.918154 -0.259697   1.62949
        0         0         0         1

 0.533591 -0.390086  0.750409   1.54438
-0.787581 0.0941679  0.608974  0.727993
-0.308216 -0.915951 -0.256977   1.62011
        0         0         0         1

 0.536955 -0.394251  0.745818   1.54728
-0.780213  0.104164   0.61678   0.72212
-0.320854  -0.91308 -0.251669   1.60695
        0         0         0         1

 0.535071 -0.395471  0.746527   1.55227
-0.777111  0.116193  0.618545   0.71631
-0.331358 -0.911099 -0.245153   1.59826
        0         0         0         1

 0.539751 -0.395494  0.743138   1.55873
-0.765416  0.136923  0.628801  0.706094
 -0.35044 -0.908205 -0.228813   1.57477
        0         0         0         1

 0.537949 -0.393805  0.745338   1.56279
-0.762022  0.150903  0.629722  0.701039
-0.360461 -0.906723  -0.21891   1.56765
        0         0         0         1

 0.538813  -0.39238  0.745465    1.5663
-0.756416  0.164187  0.633149  0.695856
 -0.37083 -0.905031 -0.208336   1.55647
        0         0         0         1

 0.536862 -0.392921  0.746587   1.56981
-0.753503  0.174739  0.633798  0.692213
-0.379491 -0.902817 -0.202257   1.54812
        0         0         0         1

 0.535192 -0.391966  0.748286   1.57831
-0.744331  0.200038  0.637146  0.683155
-0.399425 -0.897969 -0.184694    1.5285
        0         0         0         1

 0.537844 -0.392152  0.746285   1.57903
-0.739265  0.206119  0.641095  0.681029
 -0.40523 -0.896511 -0.179044   1.51999
        0         0         0         1

 0.537032 -0.390233  0.747874   1.58379
 -0.73405  0.220663  0.642245  0.676356
-0.415653 -0.893883 -0.167947   1.50948
        0         0         0         1

 0.539773 -0.387863  0.747132    1.5855
-0.728458  0.229595  0.645473  0.674117
-0.421893 -0.892664 -0.158613   1.50266
        0         0         0         1

 0.542527 -0.383915  0.747177   1.58865
-0.720904  0.243819   0.64873  0.670311
-0.431233 -0.890596 -0.144487   1.49314
        0         0         0         1

 0.542704 -0.379427  0.749338   1.59192
-0.717054  0.255285  0.648585  0.667258
-0.437385 -0.889306 -0.133526   1.48663
        0         0         0         1

 0.543136 -0.372014  0.752734   1.59881
-0.707764  0.279484  0.648813  0.660256
-0.451744 -0.885152   -0.1115   1.47034
        0         0         0         1

 0.542348 -0.370969  0.753817   1.60079
-0.704933  0.287211   0.64852  0.657836
-0.457086 -0.883115  -0.10574   1.46513
        0         0         0         1

 0.538464 -0.371477  0.756348   1.60511
-0.703316  0.296245  0.646209   0.65421
-0.464116 -0.879911 -0.101749   1.45764
        0         0         0         1

 0.537248 -0.374145  0.755897   1.60634
-0.701933  0.298535  0.646658  0.652887
-0.467606 -0.878005 -0.102238   1.45114
        0         0         0         1

      0.53  -0.376971   0.759601    1.61155
 -0.699729   0.311608   0.642868   0.648182
  -0.47904  -0.872235 -0.0986253    1.43757
         0          0          0          1

  0.53002 -0.376391  0.759874   1.61181
-0.697917  0.315356   0.64301  0.647342
-0.481654 -0.871137 -0.095545   1.43319
        0         0         0         1

  0.526099  -0.375749   0.762911    1.61471
 -0.698464   0.320859   0.639686   0.644983
 -0.485148  -0.869403 -0.0936435    1.42676
         0          0          0          1

   0.52195  -0.374274   0.766477    1.61691
 -0.699924    0.32566   0.635651   0.642991
 -0.487519  -0.868254 -0.0919854    1.42174
         0          0          0          1

  0.517616  -0.367877    0.77249       1.62
 -0.701662   0.334161   0.629291   0.640475
 -0.489638  -0.867757 -0.0851583    1.41605
         0          0          0          1

  0.516776  -0.360119   0.776696    1.62098
 -0.702071   0.340922   0.625194   0.639253
 -0.489937  -0.868381 -0.0766496    1.41242
         0          0          0          1

  0.512051  -0.339832   0.788871    1.62487
 -0.704828   0.358685   0.612015   0.635477
 -0.490938  -0.869402 -0.0558581    1.40364
         0          0          0          1

  0.508789  -0.335172   0.792965    1.62641
 -0.707318   0.362318   0.606981   0.634426
 -0.490749  -0.869704 -0.0527299    1.40027
         0          0          0          1

 0.503964 -0.331659  0.797511   1.62806
-0.711765  0.363598  0.600988  0.633057
-0.489296 -0.870517 -0.052823   1.39449
        0         0         0         1

  0.499963  -0.329751   0.800813    1.62996
 -0.715043   0.364529   0.596517   0.631737
 -0.488621  -0.870852 -0.0535354    1.39108
         0          0          0          1

  0.492289  -0.323186   0.808209    1.63224
 -0.721834   0.367303   0.586553   0.629604
 -0.486423  -0.872147 -0.0524671    1.38441
         0          0          0          1

  0.488778  -0.320467   0.811417    1.63334
 -0.724954   0.368211   0.582119   0.628659
 -0.485322  -0.872767 -0.0523506    1.38171
         0          0          0          1

  0.486657   -0.31664   0.814189    1.63427
 -0.728206   0.367805   0.578303    0.62795
 -0.482577  -0.874333 -0.0515846    1.37847
         0          0          0          1

  0.483741  -0.313864   0.816997     1.6356
 -0.731147   0.368168   0.574349   0.627153
 -0.481059  -0.875181 -0.0513828    1.37627
         0          0          0          1

  0.482235   -0.30985   0.819416    1.63676
 -0.733177   0.369198    0.57109   0.626455
 -0.479479  -0.876177 -0.0491343    1.37415
         0          0          0          1

  0.480851  -0.306216   0.821593    1.63793
 -0.734808   0.370495   0.568146    0.62568
 -0.478371  -0.876907 -0.0468568    1.37266
         0          0          0          1

 0.477797 -0.300962  0.825307   1.64121
-0.739812  0.368741  0.562768  0.623763
-0.473697 -0.879461 -0.046472   1.36773
        0         0         0         1

  0.478701  -0.300296   0.825026    1.64091
 -0.740101    0.36751   0.563193   0.623578
  -0.47233  -0.880204 -0.0463217    1.36662
         0          0          0          1

   0.47907  -0.300612   0.824696    1.64107
 -0.741437   0.364324   0.563506   0.623175
 -0.469854  -0.881419 -0.0483483    1.36498
         0          0          0          1

  0.478819  -0.300356   0.824936    1.64209
 -0.743378   0.361167    0.56298   0.622684
 -0.467034  -0.882805 -0.0503441     1.3633
         0          0          0          1

  0.479856  -0.299214   0.824748    1.64246
  -0.74468   0.358131   0.563199   0.622288
 -0.463885  -0.884428 -0.0509673    1.36258
         0          0          0          1

  0.479508  -0.298105   0.825352     1.6431
 -0.746869   0.355152   0.562187   0.621848
 -0.460716  -0.886002 -0.0523469      1.362
         0          0          0          1

  0.476539  -0.299533   0.826553    1.64431
 -0.752528   0.347118   0.559652   0.620831
 -0.454546  -0.888701 -0.0599912    1.36056
         0          0          0          1

  0.474241  -0.299995   0.827707    1.64484
  -0.75459   0.345807   0.557684     0.6198
 -0.453529  -0.889056 -0.0623779    1.36104
         0          0          0          1

  0.472098  -0.301619   0.828342    1.64558
 -0.757524   0.341781   0.556187   0.619409
 -0.450868  -0.890063 -0.0671298    1.36033
         0          0          0          1

  0.472137  -0.302733   0.827913    1.64546
 -0.758208   0.339627   0.556574   0.619124
 -0.449675  -0.890509 -0.0691841    1.35923
         0          0          0          1

   0.47447   -0.30444   0.825951    1.64499
 -0.757489   0.336778   0.559277   0.618485
 -0.448428  -0.891009 -0.0708189    1.35902
         0          0          0          1

  0.474739  -0.306222   0.825137    1.64497
  -0.75753   0.335127   0.560213   0.618228
 -0.448075  -0.891021 -0.0728743    1.35883
         0          0          0          1

  0.476856  -0.307207   0.823549    1.64437
 -0.756504   0.333629   0.562488   0.618053
  -0.44756  -0.891244 -0.0733108    1.35906
         0          0          0          1

  0.476458  -0.307527   0.823659    1.64494
 -0.756707   0.333546   0.562264    0.61727
  -0.44764  -0.891164 -0.0737874    1.35945
         0          0          0          1

  0.477379   -0.31017   0.822134    1.64422
 -0.755903   0.332085   0.564208   0.616955
 -0.448018  -0.890794 -0.0759284    1.35978
         0          0          0          1

  0.477753  -0.312818   0.820912      1.644
 -0.755643   0.330269    0.56562   0.616746
 -0.448058  -0.890543 -0.0785909    1.35987
         0          0          0          1

 0.479651 -0.319932  0.817055   1.64384
-0.754967  0.324062  0.570095  0.616205
-0.447168 -0.890296 -0.086101   1.36003
        0         0         0         1

  0.480621  -0.322116   0.815625    1.64335
 -0.754482    0.32215   0.571819   0.616186
 -0.446946  -0.890203 -0.0881981    1.36032
         0          0          0          1

  0.480788  -0.323277   0.815067    1.64288
 -0.754239   0.321586   0.572456    0.61604
 -0.447176  -0.889986 -0.0892134    1.36143
         0          0          0          1

  0.482982  -0.325819   0.812754    1.64204
 -0.754377   0.316428   0.575142   0.616399
  -0.44457  -0.890907 -0.0929617    1.36167
         0          0          0          1

  0.485803   -0.32359   0.811963    1.63892
 -0.755429   0.311853    0.57626   0.617429
 -0.439685  -0.893329 -0.0929502    1.36502
         0          0          0          1

   0.48736  -0.322477   0.811473    1.63737
 -0.756076   0.309066   0.576911   0.618172
  -0.43684  -0.894699 -0.0931909    1.36685
         0          0          0          1

  0.486603  -0.318242   0.813597    1.63717
 -0.758477   0.308228   0.574202   0.618233
 -0.433508  -0.896503 -0.0913945    1.37028
         0          0          0          1

  0.487443  -0.315638   0.814108    1.63574
 -0.759967   0.305737   0.573563   0.618885
 -0.429941  -0.898275 -0.0908454    1.37269
         0          0          0          1

  0.486715   -0.31265   0.815695    1.63545
 -0.763607   0.301245     0.5711   0.619586
 -0.424278  -0.900834 -0.0921216    1.37541
         0          0          0          1

  0.486661  -0.309163   0.817055    1.63463
 -0.766818   0.296888   0.569077   0.620505
 -0.418511   -0.90348 -0.0925879    1.37747
         0          0          0          1

  0.490344  -0.298734   0.818731    1.63104
 -0.773521   0.283637   0.566759   0.623198
 -0.401533  -0.911212 -0.0919969    1.38419
         0          0          0          1

  0.492861  -0.294108   0.818895    1.62908
 -0.775207   0.278985   0.566765   0.624631
 -0.395149  -0.914149 -0.0904938    1.38753
         0          0          0          1

  0.491169  -0.286499     0.8226    1.62951
 -0.780149    0.27537   0.561729   0.625182
 -0.387455  -0.917654 -0.0882587    1.39273
         0          0          0          1

  0.495075  -0.282528   0.821632    1.62697
 -0.780768   0.270214   0.563369   0.626773
 -0.381184  -0.920414 -0.0868123    1.39681
         0          0          0          1

  0.497223  -0.272714   0.823648    1.62486
  -0.78776    0.25593   0.560298   0.629011
 -0.363597   -0.92743 -0.0875789    1.40758
         0          0          0          1

  0.497985  -0.269523   0.824238    1.62319
 -0.790409   0.249934   0.559274   0.630026
 -0.356742  -0.929995 -0.0885699    1.41283
         0          0          0          1

  0.503492  -0.267959   0.821398    1.61961
 -0.792537   0.235353   0.562578   0.632967
 -0.344066  -0.934241 -0.0938693    1.41871
         0          0          0          1

  0.504048  -0.265442   0.821873    1.61876
 -0.795904   0.226752   0.561356   0.634143
 -0.335369  -0.937083 -0.0969722    1.42402
         0          0          0          1

  0.50182 -0.261298  0.824561   1.61934
-0.801667  0.217481  0.556805  0.634723
-0.324818 -0.940439 -0.100338    1.4326
        0         0         0         1

  0.50647 -0.258076   0.82273    1.6159
-0.803156  0.205972  0.559031  0.637228
-0.313732 -0.943913 -0.102957   1.43826
        0         0         0         1

 0.511202 -0.247366  0.823093   1.61134
-0.810158  0.181008  0.557567  0.641881
 -0.28691 -0.951864 -0.107874   1.45517
        0         0         0         1

 0.514735 -0.243908  0.821922   1.60855
-0.811966  0.169087  0.558677  0.644434
-0.275242 -0.954944  -0.11101   1.46191
        0         0         0         1

 0.518033 -0.237246  0.821801   1.60563
-0.814865  0.155238  0.558477  0.647573
-0.260071 -0.958966 -0.112905    1.4723
        0         0         0         1

 0.519684 -0.232419  0.822138   1.60394
-0.817497  0.144334  0.557554  0.649761
-0.248248 -0.961847 -0.114993   1.47995
        0         0         0         1

 0.527898 -0.222235  0.819717   1.59691
-0.821302  0.112231  0.559345  0.657587
-0.216303 -0.968512 -0.123275   1.49985
        0         0         0         1

 0.530762 -0.218729   0.81881   1.59394
-0.822603 0.0995977  0.559826  0.660955
-0.204002 -0.970689 -0.127064   1.50867
        0         0         0         1

  0.53653 -0.213637  0.816392   1.58904
-0.823295 0.0798673  0.561967  0.666187
 -0.18526 -0.973643 -0.133035   1.52087
        0         0         0         1

 0.539412 -0.211224  0.815119   1.58633
 -0.82442 0.0645264  0.562288  0.670222
-0.171366 -0.975305 -0.139331   1.52957
        0         0         0         1

 0.542011 -0.210192  0.813661   1.58356
-0.826218 0.0436632  0.561655  0.675529
-0.153582 -0.976685 -0.149998   1.54128
        0         0         0         1

 0.548069 -0.207139  0.810379   1.57921
-0.824457 0.0295814  0.565151  0.680264
-0.141037 -0.977864 -0.154565   1.55219
        0         0         0         1

   0.557865   -0.201197    0.805175      1.5725
  -0.822615 -0.00551368    0.568572    0.691133
  -0.109955   -0.979535   -0.168584     1.57996
          0           0           0           1

  0.564357  -0.200291   0.800865    1.56881
 -0.819917 -0.0230484   0.572018   0.696874
-0.0961114  -0.979465   -0.17723    1.58943
         0          0          0          1

  0.574449  -0.194807   0.795021    1.56265
 -0.814782 -0.0431148   0.578162    0.70485
-0.0783528  -0.979894  -0.183492    1.60608
         0          0          0          1

  0.579826  -0.194926   0.791079    1.55875
 -0.812111 -0.0603273   0.580377   0.711175
-0.0654066  -0.978961   -0.19328    1.61679
         0          0          0          1

 0.592226 -0.196915   0.78134   1.54933
-0.805126  -0.10579  0.583593  0.728292
-0.0322603 -0.974696 -0.221194   1.64341
        0         0         0         1

 0.594853 -0.197273  0.779252   1.54664
-0.803534 -0.119429  0.583155  0.734464
-0.0219755 -0.973047 -0.229558   1.65663
        0         0         0         1

 0.600066 -0.197176  0.775269   1.54129
-0.799919 -0.139363  0.583701  0.744263
-0.00704791 -0.970412 -0.241352   1.67302
        0         0         0         1

 0.603461 -0.196558  0.772787   1.53743
-0.797383  -0.15347  0.583633  0.751378
0.00388202 -0.968407 -0.249346   1.68484
        0         0         0         1

 0.609566 -0.191656  0.769219      1.53
-0.792461 -0.172886  0.584907  0.761568
0.0208866 -0.966115 -0.257265   1.70203
        0         0         0         1

 0.614642 -0.187903  0.766099    1.5242
-0.788044 -0.188957  0.585902  0.770125
0.0346667  -0.96384 -0.264217   1.71369
        0         0         0         1

 0.621191 -0.186977  0.761026   1.51333
-0.781005 -0.227573  0.581586  0.791954
0.0644452 -0.955641 -0.287396   1.74231
        0         0         0         1

 0.623984 -0.185253  0.759161   1.50767
 -0.77789  -0.23971  0.580884  0.800312
0.0743682 -0.953006 -0.293682    1.7549
        0         0         0         1

 0.625762 -0.188728  0.756838   1.50345
-0.774893 -0.261411  0.575504  0.813018
0.0892317 -0.946597 -0.309825   1.76888
        0         0         0         1

 0.628101 -0.186664  0.755411   1.49739
-0.771646 -0.274498  0.573771  0.822477
 0.100256 -0.943296 -0.316451   1.78094
        0         0         0         1

 0.634812 -0.181844  0.750963   1.48143
-0.762013 -0.308181  0.569527  0.847134
 0.127867 -0.933787 -0.334204   1.80967
        0         0         0         1

 0.634398  -0.18236  0.751188   1.47953
-0.761237  -0.31631  0.566097  0.855425
 0.134375 -0.930963 -0.339486   1.82291
        0         0         0         1

 0.639997 -0.174095  0.748394   1.46763
-0.753318  -0.33405    0.5665  0.870332
 0.151376 -0.926338  -0.34494    1.8386
        0         0         0         1

 0.642653 -0.172544  0.746475   1.46349
-0.749641  -0.34282  0.566138  0.879604
 0.158223 -0.923419 -0.349661   1.84994
        0         0         0         1

 0.645477 -0.170542  0.744496   1.45662
-0.743936  -0.36113  0.562267  0.895158
  0.17297 -0.916788 -0.359974   1.86107
        0         0         0         1

 0.646516 -0.167243  0.744343   1.45161
 -0.74138 -0.367835  0.561296  0.904448
 0.179922 -0.914728 -0.361802   1.87411
        0         0         0         1

 0.653984 -0.159669  0.739467   1.43341
-0.727029 -0.402861  0.555996  0.935042
 0.209127 -0.901226 -0.379549   1.89458
        0         0         0         1

 0.654991 -0.161058  0.738273   1.42798
-0.725217 -0.408409  0.554312  0.945215
 0.212241 -0.898478 -0.384307   1.90684
        0         0         0         1

 0.657672 -0.156892  0.736785   1.41747
-0.717981 -0.426545  0.550057  0.961929
 0.227972 -0.890755 -0.393172   1.91942
        0         0         0         1

 0.658631 -0.158157  0.735657   1.41141
-0.715478 -0.434383  0.547177  0.973559
 0.233017 -0.886734 -0.399256   1.92919
        0         0         0         1

 0.660825 -0.163911  0.732423   1.39774
-0.709357 -0.455211  0.538141   1.00029
 0.245199 -0.875166 -0.417086    1.9543
        0         0         0         1

 0.660343 -0.164622  0.732699   1.39324
-0.708332   -0.4606  0.534895   1.01091
 0.249425 -0.872208 -0.420761   1.96432
        0         0         0         1

 0.663858 -0.170024  0.728275   1.38571
-0.702932 -0.474297  0.530027   1.02734
 0.255301 -0.863791 -0.434381   1.97605
        0         0         0         1

 0.667002 -0.167928  0.725884   1.37644
-0.696947 -0.485045  0.528201   1.04011
 0.263387 -0.858214 -0.440564     1.983
        0         0         0         1

 0.669134 -0.168802  0.723716   1.36729
-0.690695 -0.500628  0.521835   1.05732
 0.274226 -0.849045 -0.451578   1.99111
        0         0         0         1

 0.671275 -0.172814  0.720781   1.35971
-0.686697 -0.511029  0.517007   1.06983
 0.278994 -0.842012 -0.461712   1.99857
        0         0         0         1

  0.67104  -0.18455  0.718086    1.3467
-0.679234 -0.541298  0.495619   1.10235
 0.297232 -0.820328 -0.488585   2.00977
        0         0         0         1

 0.674783 -0.183862  0.714746   1.33568
-0.673877 -0.548395  0.495129   1.11401
 0.300928 -0.815756 -0.493948   2.01988
        0         0         0         1

 0.676919 -0.190925  0.710864   1.32745
-0.671671 -0.555245  0.490469   1.12924
 0.301061 -0.809475 -0.504095   2.03236
        0         0         0         1

 0.680638 -0.188722  0.707896   1.31817
 -0.66573 -0.562691  0.490084   1.14074
 0.305837 -0.804837 -0.508627   2.04117
        0         0         0         1

  0.68803  -0.20395  0.696434   1.30846
-0.655674 -0.585971  0.476161   1.17244
 0.310977 -0.784246  -0.53689   2.04973
        0         0         0         1

 0.694279 -0.199835  0.691407   1.29797
-0.645719 -0.597221  0.475788   1.18909
 0.317844 -0.776784 -0.543675   2.05076
        0         0         0         1

