 -0.212892  -0.834522   0.508183    0.58122
 -0.976439   0.200484 -0.0798284    1.07224
 -0.035264  -0.513204  -0.857542    2.15976
         0          0          0          1

-0.207236 -0.834987  0.509755  0.574302
-0.974423  0.222472  -0.03173   1.02105
-0.0869122 -0.503292 -0.859734   2.11439
        0         0         0         1

-0.207236 -0.834987  0.509755  0.574302
-0.974423  0.222472  -0.03173   1.02105
-0.0869122 -0.503292 -0.859734   2.11439
        0         0         0         1

  -0.205821   -0.835454    0.509563    0.568999
  -0.970827    0.239779 0.000996868    0.987692
  -0.123015   -0.494492   -0.860433     2.08651
          0           0           0           1

  -0.205821   -0.835454    0.509563    0.568999
  -0.970827    0.239779 0.000996868    0.987692
  -0.123015   -0.494492   -0.860433     2.08651
          0           0           0           1

-0.188169 -0.816747   0.54545  0.558187
-0.963778  0.260437 0.0574896  0.939134
 -0.18901 -0.514875 -0.836169    2.0383
        0         0         0         1

-0.188169 -0.816747   0.54545  0.558187
-0.963778  0.260437 0.0574896  0.939134
 -0.18901 -0.514875 -0.836169    2.0383
        0         0         0         1

-0.194396 -0.812658   0.54936   0.55552
-0.956053  0.282278 0.0792605  0.907919
-0.219484 -0.509809 -0.831818   2.01186
        0         0         0         1

-0.194396 -0.812658   0.54936   0.55552
-0.956053  0.282278 0.0792605  0.907919
-0.219484 -0.509809 -0.831818   2.01186
        0         0         0         1

-0.191554 -0.812636  0.550391  0.550037
-0.949755  0.294903   0.10487  0.880816
-0.247533 -0.502648 -0.828295   1.97674
        0         0         0         1

-0.191554 -0.812636  0.550391  0.550037
-0.949755  0.294903   0.10487  0.880816
-0.247533 -0.502648 -0.828295   1.97674
        0         0         0         1

-0.190913 -0.817049  0.544043   0.54836
-0.937435  0.316147  0.145832  0.840694
-0.291149 -0.482163 -0.826287   1.92945
        0         0         0         1

-0.190913 -0.817049  0.544043   0.54836
-0.937435  0.316147  0.145832  0.840694
-0.291149 -0.482163 -0.826287   1.92945
        0         0         0         1

-0.187591 -0.827039  0.529922  0.542548
-0.929006  0.324596  0.177725  0.812065
-0.318996 -0.458961 -0.829215   1.90047
        0         0         0         1

-0.187591 -0.827039  0.529922  0.542548
-0.929006  0.324596  0.177725  0.812065
-0.318996 -0.458961 -0.829215   1.90047
        0         0         0         1

-0.192001 -0.845301  0.498599  0.539692
-0.912878  0.340332  0.225451  0.772634
-0.360263 -0.411874 -0.837001   1.86101
        0         0         0         1

-0.192001 -0.845301  0.498599  0.539692
-0.912878  0.340332  0.225451  0.772634
-0.360263 -0.411874 -0.837001   1.86101
        0         0         0         1

-0.204459 -0.854311  0.477859  0.540837
-0.903189  0.352866  0.244408  0.752976
 -0.37742 -0.381626 -0.843751   1.82897
        0         0         0         1

-0.204459 -0.854311  0.477859  0.540837
-0.903189  0.352866  0.244408  0.752976
 -0.37742 -0.381626 -0.843751   1.82897
        0         0         0         1

-0.211694 -0.857351  0.469185  0.540029
-0.891505  0.366124  0.266782  0.732573
-0.400506 -0.361805 -0.841839   1.80025
        0         0         0         1

-0.211694 -0.857351  0.469185  0.540029
-0.891505  0.366124  0.266782  0.732573
-0.400506 -0.361805 -0.841839   1.80025
        0         0         0         1

-0.220867 -0.854694  0.469804  0.541105
-0.874649  0.386703  0.292318  0.705999
-0.431517  -0.34635 -0.832967    1.7582
        0         0         0         1

-0.220867 -0.854694  0.469804  0.541105
-0.874649  0.386703  0.292318  0.705999
-0.431517  -0.34635 -0.832967    1.7582
        0         0         0         1

-0.223392 -0.853683  0.470448  0.541229
-0.862295  0.398117   0.31297  0.687718
-0.454471  -0.33575 -0.825062   1.73549
        0         0         0         1

-0.223392 -0.853683  0.470448  0.541229
-0.862295  0.398117   0.31297  0.687718
-0.454471  -0.33575 -0.825062   1.73549
        0         0         0         1

-0.228106 -0.857286   0.46155  0.540172
-0.847014  0.408499   0.34014  0.663499
 -0.48014 -0.313351 -0.819315   1.70183
        0         0         0         1

-0.228106 -0.857286   0.46155  0.540172
-0.847014  0.408499   0.34014  0.663499
 -0.48014 -0.313351 -0.819315   1.70183
        0         0         0         1

 -0.23244 -0.858162  0.457745  0.541138
 -0.83831  0.415404  0.353094  0.650591
 -0.49316 -0.301659 -0.815962   1.67824
        0         0         0         1

 -0.23244 -0.858162  0.457745  0.541138
 -0.83831  0.415404  0.353094  0.650591
 -0.49316 -0.301659 -0.815962   1.67824
        0         0         0         1

-0.235772 -0.857101  0.458028  0.540687
 -0.83061  0.422395  0.362862  0.638321
-0.504478  -0.29489 -0.811506   1.65588
        0         0         0         1

-0.235772 -0.857101  0.458028  0.540687
 -0.83061  0.422395  0.362862  0.638321
-0.504478  -0.29489 -0.811506   1.65588
        0         0         0         1

-0.242393  -0.85181  0.464397  0.541288
-0.815012  0.438455   0.37883  0.621269
-0.526309 -0.286664 -0.800514   1.63051
        0         0         0         1

-0.242393  -0.85181  0.464397  0.541288
-0.815012  0.438455   0.37883  0.621269
-0.526309 -0.286664 -0.800514   1.63051
        0         0         0         1

-0.243556 -0.847297  0.471984    0.5396
-0.807527   0.44669  0.385185  0.611419
-0.537197 -0.287326 -0.793009   1.61284
        0         0         0         1

-0.243556 -0.847297  0.471984    0.5396
-0.807527   0.44669  0.385185  0.611419
-0.537197 -0.287326 -0.793009   1.61284
        0         0         0         1

-0.250255 -0.836507  0.487472  0.541236
-0.796792  0.463965  0.387117  0.601316
-0.549996 -0.291535 -0.782631   1.58782
        0         0         0         1

-0.250255 -0.836507  0.487472  0.541236
-0.796792  0.463965  0.387117  0.601316
-0.549996 -0.291535 -0.782631   1.58782
        0         0         0         1

  -0.2526 -0.831733  0.494383  0.541492
 -0.79189  0.471308  0.388304  0.595163
-0.555972 -0.293411 -0.777693   1.57214
        0         0         0         1

  -0.2526 -0.831733  0.494383  0.541492
 -0.79189  0.471308  0.388304  0.595163
-0.555972 -0.293411 -0.777693   1.57214
        0         0         0         1

-0.255255 -0.830318  0.495396  0.540698
-0.786116  0.476522  0.393635  0.588844
-0.562909 -0.288961 -0.774361   1.56144
        0         0         0         1

-0.255255 -0.830318  0.495396  0.540698
-0.786116  0.476522  0.393635  0.588844
-0.562909 -0.288961 -0.774361   1.56144
        0         0         0         1

-0.256927  -0.83154  0.492473  0.539172
-0.777219  0.480647   0.40609  0.580069
-0.574385 -0.278424  -0.76978   1.54889
        0         0         0         1

-0.256927  -0.83154  0.492473  0.539172
-0.777219  0.480647   0.40609  0.580069
-0.574385 -0.278424  -0.76978   1.54889
        0         0         0         1

-0.256756 -0.828652  0.497406  0.539123
 -0.77345  0.484779  0.408368  0.576999
-0.579527 -0.279867  -0.76539   1.53836
        0         0         0         1

-0.256756 -0.828652  0.497406  0.539123
 -0.77345  0.484779  0.408368  0.576999
-0.579527 -0.279867  -0.76539   1.53836
        0         0         0         1

-0.256218 -0.827416  0.499734  0.538459
-0.768472  0.487967   0.41393  0.572775
-0.586347 -0.277975 -0.760873   1.52739
        0         0         0         1

-0.256218 -0.827416  0.499734  0.538459
-0.768472  0.487967   0.41393  0.572775
-0.586347 -0.277975 -0.760873   1.52739
        0         0         0         1

 -0.25836  -0.82614  0.500742  0.539472
-0.766172  0.490947   0.41467  0.572199
-0.588414  -0.27652 -0.759807   1.51973
        0         0         0         1

 -0.25836  -0.82614  0.500742  0.539472
-0.766172  0.490947   0.41467  0.572199
-0.588414  -0.27652 -0.759807   1.51973
        0         0         0         1

-0.258535 -0.827051  0.499145  0.539264
-0.762876  0.491786  0.419721  0.570896
-0.592604 -0.272273 -0.758082   1.51451
        0         0         0         1

-0.258535 -0.827051  0.499145  0.539264
-0.762876  0.491786  0.419721  0.570896
-0.592604 -0.272273 -0.758082   1.51451
        0         0         0         1

-0.259702 -0.821126  0.508239  0.538549
 -0.75994  0.498516    0.4171  0.570446
-0.595857  -0.27791 -0.753472   1.50581
        0         0         0         1

-0.259702 -0.821126  0.508239  0.538549
 -0.75994  0.498516    0.4171  0.570446
-0.595857  -0.27791 -0.753472   1.50581
        0         0         0         1

-0.262834 -0.821828  0.505487  0.538714
-0.758315  0.499882  0.418421  0.568696
-0.596554 -0.273343  -0.75459   1.50592
        0         0         0         1

-0.262834 -0.821828  0.505487  0.538714
-0.758315  0.499882  0.418421  0.568696
-0.596554 -0.273343  -0.75459   1.50592
        0         0         0         1

-0.264597 -0.820056  0.507441  0.539201
-0.758159  0.502081  0.416064  0.568759
-0.595972 -0.274632 -0.754582   1.50343
        0         0         0         1

-0.264597 -0.820056  0.507441  0.539201
-0.758159  0.502081  0.416064  0.568759
-0.595972 -0.274632 -0.754582   1.50343
        0         0         0         1

-0.266085 -0.821499   0.50432   0.53956
 -0.75591  0.502474  0.419666  0.567385
-0.598162 -0.269553  -0.75468   1.50414
        0         0         0         1

-0.266085 -0.821499   0.50432   0.53956
 -0.75591  0.502474  0.419666  0.567385
-0.598162 -0.269553  -0.75468   1.50414
        0         0         0         1

-0.266027 -0.822986   0.50192  0.539736
-0.754703  0.501747  0.422697   0.56683
 -0.59971 -0.266352 -0.754589   1.50391
        0         0         0         1

-0.266027 -0.822986   0.50192  0.539736
-0.754703  0.501747  0.422697   0.56683
 -0.59971 -0.266352 -0.754589   1.50391
        0         0         0         1

 -0.26823 -0.827575  0.493126  0.540227
-0.753504  0.499169  0.427857  0.567501
-0.600237 -0.256808 -0.757473   1.50321
        0         0         0         1

 -0.26823 -0.827575  0.493126  0.540227
-0.753504  0.499169  0.427857  0.567501
-0.600237 -0.256808 -0.757473   1.50321
        0         0         0         1

-0.272595 -0.831278  0.484426  0.540433
-0.748643   0.49952  0.435905  0.567725
-0.604339 -0.243836 -0.758497   1.50574
        0         0         0         1

-0.272595 -0.831278  0.484426  0.540433
-0.748643   0.49952  0.435905  0.567725
-0.604339 -0.243836 -0.758497   1.50574
        0         0         0         1

-0.276605 -0.832951  0.479252  0.540576
-0.742851  0.501709  0.443239  0.568456
-0.609641  -0.23341 -0.757533   1.50872
        0         0         0         1

-0.276605 -0.832951  0.479252  0.540576
-0.742851  0.501709  0.443239  0.568456
-0.609641  -0.23341 -0.757533   1.50872
        0         0         0         1

-0.279558 -0.829755  0.483068  0.540629
-0.737478  0.507737  0.445341  0.572237
-0.614795 -0.231753 -0.753868   1.51328
        0         0         0         1

-0.279558 -0.829755  0.483068  0.540629
-0.737478  0.507737  0.445341  0.572237
-0.614795 -0.231753 -0.753868   1.51328
        0         0         0         1

  -0.2775 -0.825229  0.491925  0.538903
  -0.7339  0.512519  0.445776  0.574636
-0.619988  -0.23732  -0.74786   1.52045
        0         0         0         1

  -0.2775 -0.825229  0.491925  0.538903
  -0.7339  0.512519  0.445776  0.574636
-0.619988  -0.23732  -0.74786   1.52045
        0         0         0         1

-0.272924 -0.814174  0.512478  0.536449
-0.733966    0.5206  0.436198  0.581408
-0.621937 -0.257092  -0.73966   1.52993
        0         0         0         1

-0.272924 -0.814174  0.512478  0.536449
-0.733966    0.5206  0.436198  0.581408
-0.621937 -0.257092  -0.73966   1.52993
        0         0         0         1

-0.269424 -0.808625  0.523007  0.535015
-0.737608   0.52244  0.427774  0.586579
-0.619148 -0.270522 -0.737206   1.53914
        0         0         0         1

-0.269424 -0.808625  0.523007  0.535015
-0.737608   0.52244  0.427774  0.586579
-0.619148 -0.270522 -0.737206   1.53914
        0         0         0         1

-0.268185 -0.803191  0.531941   0.53598
-0.743507  0.523685  0.415875  0.593325
-0.612596  -0.28397 -0.737622     1.551
        0         0         0         1

-0.268185 -0.803191  0.531941   0.53598
-0.743507  0.523685  0.415875  0.593325
-0.612596  -0.28397 -0.737622     1.551
        0         0         0         1

-0.255676   -0.7984  0.545149  0.530801
 -0.75948  0.514783  0.397729  0.601545
 -0.59818  -0.31234 -0.737987   1.57036
        0         0         0         1

-0.255676   -0.7984  0.545149  0.530801
 -0.75948  0.514783  0.397729  0.601545
 -0.59818  -0.31234 -0.737987   1.57036
        0         0         0         1

-0.246802 -0.793868  0.555754  0.528755
-0.771816  0.507821  0.382646  0.608966
-0.585994 -0.334502 -0.738051   1.58606
        0         0         0         1

-0.246802 -0.793868  0.555754  0.528755
-0.771816  0.507821  0.382646  0.608966
-0.585994 -0.334502 -0.738051   1.58606
        0         0         0         1

-0.229063 -0.789848   0.56892  0.523473
  -0.7927  0.490564  0.361901  0.619384
-0.564939 -0.368085 -0.738483   1.61543
        0         0         0         1

-0.229063 -0.789848   0.56892  0.523473
  -0.7927  0.490564  0.361901  0.619384
-0.564939 -0.368085 -0.738483   1.61543
        0         0         0         1

-0.220358 -0.787002  0.576255  0.521133
-0.808708   0.47772  0.343183  0.628304
-0.545374 -0.390399 -0.741724   1.63877
        0         0         0         1

-0.220358 -0.787002  0.576255  0.521133
-0.808708   0.47772  0.343183  0.628304
-0.545374 -0.390399 -0.741724   1.63877
        0         0         0         1

 -0.20909 -0.783132  0.585649  0.519296
-0.826213  0.461844  0.322602  0.639312
-0.523119 -0.416418 -0.743601   1.66314
        0         0         0         1

 -0.20909 -0.783132  0.585649  0.519296
-0.826213  0.461844  0.322602  0.639312
-0.523119 -0.416418 -0.743601   1.66314
        0         0         0         1

-0.195316 -0.776922  0.598535  0.517968
-0.853617  0.435163  0.286304  0.658859
-0.482896    -0.455 -0.748188   1.70505
        0         0         0         1

-0.195316 -0.776922  0.598535  0.517968
-0.853617  0.435163  0.286304  0.658859
-0.482896    -0.455 -0.748188   1.70505
        0         0         0         1

-0.181757 -0.776927  0.602784  0.513833
-0.873056  0.409564  0.264634  0.670985
 -0.45248 -0.478164 -0.752742   1.73637
        0         0         0         1

-0.181757 -0.776927  0.602784  0.513833
-0.873056  0.409564  0.264634  0.670985
 -0.45248 -0.478164 -0.752742   1.73637
        0         0         0         1

 -0.16175 -0.778563  0.606363  0.509984
-0.900743   0.36748  0.231562  0.693059
-0.403112 -0.508722 -0.760725   1.78857
        0         0         0         1

 -0.16175 -0.778563  0.606363  0.509984
-0.900743   0.36748  0.231562  0.693059
-0.403112 -0.508722 -0.760725   1.78857
        0         0         0         1

-0.147173 -0.781223  0.606655  0.507673
-0.916384   0.33853  0.213631  0.709902
-0.372264 -0.524489 -0.765723   1.82749
        0         0         0         1

-0.147173 -0.781223  0.606655  0.507673
-0.916384   0.33853  0.213631  0.709902
-0.372264 -0.524489 -0.765723   1.82749
        0         0         0         1

-0.138349 -0.782924  0.606539  0.512134
 -0.94036  0.296021  0.167613  0.745741
-0.310777 -0.547176 -0.777185   1.88335
        0         0         0         1

-0.138349 -0.782924  0.606539  0.512134
 -0.94036  0.296021  0.167613  0.745741
-0.310777 -0.547176 -0.777185   1.88335
        0         0         0         1

-0.129488 -0.786108  0.604374  0.512716
  -0.9544  0.264147  0.139095  0.770455
-0.268988 -0.558803 -0.784465   1.92344
        0         0         0         1

-0.129488 -0.786108  0.604374  0.512716
  -0.9544  0.264147  0.139095  0.770455
-0.268988 -0.558803 -0.784465   1.92344
        0         0         0         1

-0.123135 -0.788978  0.601957  0.515232
-0.966594  0.232753  0.107343  0.797687
-0.224799  -0.56863 -0.791281   1.96405
        0         0         0         1

-0.123135 -0.788978  0.601957  0.515232
-0.966594  0.232753  0.107343  0.797687
-0.224799  -0.56863 -0.791281   1.96405
        0         0         0         1

-0.108584 -0.789113  0.604574  0.515081
 -0.98113  0.182944   0.06257  0.841975
-0.159978 -0.586372 -0.794087   2.01919
        0         0         0         1

-0.108584 -0.789113  0.604574  0.515081
 -0.98113  0.182944   0.06257  0.841975
-0.159978 -0.586372 -0.794087   2.01919
        0         0         0         1

-0.101456 -0.790933  0.603433  0.515664
-0.987391  0.154145 0.0360298  0.870729
-0.121513 -0.592169 -0.796599   2.06277
        0         0         0         1

-0.101456 -0.790933  0.603433  0.515664
-0.987391  0.154145 0.0360298  0.870729
-0.121513 -0.592169 -0.796599   2.06277
        0         0         0         1

  -0.0987222    -0.794501     0.599185     0.519021
   -0.992435      0.12277 -0.000724838     0.906481
  -0.0729862    -0.594724     -0.80061      2.09722
           0            0            0            1

  -0.0987222    -0.794501     0.599185     0.519021
   -0.992435      0.12277 -0.000724838     0.906481
  -0.0729862    -0.594724     -0.80061      2.09722
           0            0            0            1

 -0.103129  -0.805393     0.5837   0.533558
 -0.994666  0.0847796 -0.0587594   0.963595
-0.0021615  -0.586646   -0.80984    2.15209
         0          0          0          1

 -0.103129  -0.805393     0.5837   0.533558
 -0.994666  0.0847796 -0.0587594   0.963595
-0.0021615  -0.586646   -0.80984    2.15209
         0          0          0          1

 -0.101677  -0.812348   0.574241   0.537595
 -0.993936  0.0586605 -0.0930054    1.00145
 0.0418674  -0.580216  -0.813386    2.18761
         0          0          0          1

 -0.101677  -0.812348   0.574241   0.537595
 -0.993936  0.0586605 -0.0930054    1.00145
 0.0418674  -0.580216  -0.813386    2.18761
         0          0          0          1

-0.110948 -0.829529  0.547332  0.555987
-0.986908 0.0270939  -0.15899   1.06675
 0.117058 -0.557806 -0.821675   2.23668
        0         0         0         1

-0.110948 -0.829529  0.547332  0.555987
-0.986908 0.0270939  -0.15899   1.06675
 0.117058 -0.557806 -0.821675   2.23668
        0         0         0         1

 -0.109129   -0.83573   0.538189   0.553582
 -0.981328 0.00431022  -0.192292    1.10368
  0.158385  -0.549124  -0.820595    2.27018
         0          0          0          1

 -0.109129   -0.83573   0.538189   0.553582
 -0.981328 0.00431022  -0.192292    1.10368
  0.158385  -0.549124  -0.820595    2.27018
         0          0          0          1

  -0.123114   -0.849169     0.51357    0.575814
  -0.970967 -0.00388124    -0.23918     1.15086
   0.205098   -0.528107   -0.824038     2.30011
          0           0           0           1

  -0.123114   -0.849169     0.51357    0.575814
  -0.970967 -0.00388124    -0.23918     1.15086
   0.205098   -0.528107   -0.824038     2.30011
          0           0           0           1

 -0.127793  -0.862395    0.48984    0.57926
 -0.956881 -0.0226938  -0.289592    1.20788
  0.260859  -0.505726   -0.82231     2.3386
         0          0          0          1

