-0.0661012  -0.167959   0.983575   0.582163
 -0.960126   0.279057 -0.0168725    1.08777
  -0.27164  -0.945472  -0.179707    1.59385
         0          0          0          1

-0.0650482  -0.168912   0.983482    0.58005
 -0.957637   0.287641 -0.0139367    1.08336
 -0.280536  -0.942725  -0.180467    1.59183
         0          0          0          1

 -0.0611308   -0.165688    0.984282    0.575632
  -0.948578    0.316494 -0.00563659     1.07364
  -0.310585   -0.934012   -0.176516     1.57423
          0           0           0           1

 -0.0583229   -0.164673    0.984622    0.574802
   -0.94551    0.325591 -0.00155279     1.07136
  -0.320328    -0.93106   -0.174689     1.57063
          0           0           0           1

-0.0553637  -0.165842   0.984597    0.57489
 -0.937884   0.346902 0.00569382    1.06515
 -0.342503  -0.923123  -0.174746    1.56582
         0          0          0          1

-0.0512854  -0.160874   0.985642   0.573665
 -0.936409   0.350808 0.00853416    1.06326
 -0.347144  -0.922526  -0.168635    1.55902
         0          0          0          1

-0.0435098 -0.157864  0.986502  0.568679
-0.930389  0.366153 0.0175584   1.05704
-0.363983 -0.917066 -0.162806    1.5528
        0         0         0         1

-0.0433007 -0.152264  0.987391  0.568831
-0.928774  0.370285  0.016371    1.0565
-0.368109 -0.916354 -0.157453   1.54737
        0         0         0         1

-0.0476715 -0.142929  0.988584  0.569603
-0.921157  0.389012 0.0118231   1.05132
-0.386261 -0.910078 -0.150205   1.53307
        0         0         0         1

-0.0455419 -0.143095  0.988661  0.566788
-0.918437  0.395287 0.0149054   1.04888
-0.392938 -0.907343 -0.149426   1.53165
        0         0         0         1

-0.0430469 -0.140319   0.98917  0.563746
-0.913739  0.405911 0.0178161   1.04383
-0.404015 -0.903076 -0.145688   1.52318
        0         0         0         1

-0.0405956 -0.139338  0.989412  0.561391
-0.911358  0.411105 0.0205026   1.04213
-0.409609 -0.900876 -0.143676   1.51843
        0         0         0         1

-0.042651 -0.139929  0.989243   0.56333
-0.903659  0.427711  0.021539   1.04013
-0.426124 -0.893019 -0.144691   1.51416
        0         0         0         1

-0.0429317  -0.13585  0.989799  0.565028
-0.902117  0.431026 0.0200298   1.04048
 -0.42935 -0.892055 -0.141057   1.51019
        0         0         0         1

-0.0294847  -0.12666  0.991508  0.559803
-0.896783  0.441471 0.0297278    1.0349
-0.441487 -0.888291 -0.126603   1.49497
        0         0         0         1

-0.0279121 -0.124792   0.99179  0.558871
-0.895755  0.443494 0.0305931   1.03422
-0.443671 -0.887547 -0.124162   1.48994
        0         0         0         1

-0.0234353 -0.121882  0.992268  0.558336
-0.890173  0.454293 0.0347776   1.03117
-0.455019 -0.882475 -0.119143     1.484
        0         0         0         1

-0.0220769  -0.12317   0.99214  0.557707
-0.886521  0.461164 0.0375249   1.02971
-0.462161 -0.878725 -0.119374   1.48344
        0         0         0         1

-0.00973595 -0.126443  0.991926  0.554609
-0.873567  0.483799 0.0530965   1.02503
-0.486607 -0.865997 -0.115166   1.47963
        0         0         0         1

-0.0123492 -0.123491  0.992269  0.557974
-0.873361  0.484559 0.0494357   1.02608
-0.486918 -0.865998 -0.113836   1.47543
        0         0         0         1

-0.00910077 -0.118948  0.992859  0.558013
-0.873718  0.483861 0.0499593   1.02632
-0.486348 -0.867024  -0.10833   1.46319
        0         0         0         1

-0.00921309 -0.118479  0.992914  0.558159
 -0.87213  0.486715 0.0499846     1.026
-0.489188 -0.865489 -0.107813   1.46086
        0         0         0         1

-0.0113653 -0.119173  0.992808  0.560757
-0.868127  0.493883  0.049346   1.02513
-0.496212 -0.861323 -0.109071    1.4584
        0         0         0         1

-0.0105267 -0.120696  0.992634  0.559043
-0.866625   0.49633 0.0511594   1.02432
-0.498848 -0.859703 -0.109823   1.45697
        0         0         0         1

-0.0126703 -0.118133  0.992917  0.559388
-0.861846  0.504791 0.0490603   1.02341
-0.507011  -0.85512 -0.108209   1.44944
        0         0         0         1

-0.0109634 -0.118927  0.992842  0.558609
-0.860945  0.506123 0.0511186   1.02204
 -0.50858 -0.854222 -0.107938   1.44755
        0         0         0         1

-0.00882416 -0.121464  0.992557  0.555979
-0.857093   0.51221 0.0550617   1.01969
-0.515086 -0.850228 -0.108626   1.44729
        0         0         0         1

-0.00853683 -0.119218  0.992831  0.556624
-0.855102  0.515581 0.0545576   1.01911
-0.518389 -0.848506 -0.106345   1.44604
        0         0         0         1

-0.00314331 -0.116049  0.993239   0.55432
-0.850684  0.522429 0.0583477   1.01706
-0.525668 -0.844749 -0.100363   1.43926
        0         0         0         1

-0.00206912 -0.117073  0.993121  0.553766
-0.849546   0.52409 0.0600118   1.01601
-0.527511 -0.843578 -0.100543    1.4375
        0         0         0         1

-0.00756649 -0.114508  0.993394  0.557751
 -0.84697  0.528839 0.0545075    1.0167
-0.531586 -0.840962 -0.100986   1.43476
        0         0         0         1

-0.00771576 -0.114659  0.993375  0.557458
-0.845388  0.531338 0.0547625   1.01632
-0.534097 -0.839365 -0.101031    1.4346
        0         0         0         1

-0.00761201  -0.112671   0.993603   0.556467
 -0.845104   0.531884  0.0538394    1.01506
 -0.534548  -0.839288 -0.0992676    1.42952
         0          0          0          1

-0.00790118 -0.113463  0.993511  0.556297
-0.844213  0.533262 0.0541871   1.01435
 -0.53595 -0.838306 -0.100001     1.429
        0         0         0         1

-0.00730979  -0.112954   0.993573   0.554494
 -0.840697     0.5387  0.0550568    1.01323
 -0.541456  -0.834892 -0.0988979    1.42525
         0          0          0          1

-0.00874774 -0.114249  0.993414  0.555195
-0.837973  0.542927 0.0550611   1.01268
-0.545642 -0.831972 -0.100487   1.42626
        0         0         0         1

-0.00873766  -0.111945   0.993676    0.55703
 -0.835301   0.547105  0.0542906     1.0126
 -0.549723  -0.829544 -0.0982885    1.42429
         0          0          0          1

-0.00485232  -0.112314   0.993661   0.555223
 -0.834983   0.547234  0.0577769    1.01143
 -0.550254   -0.82941 -0.0964359    1.42214
         0          0          0          1

-0.00291713  -0.111962   0.993708   0.555273
 -0.832049    0.55148  0.0596934    1.01023
 -0.554694   -0.82664 -0.0947669    1.41828
         0          0          0          1

-0.00314434  -0.112452   0.993652   0.555252
 -0.830669   0.553523  0.0600137    1.01003
 -0.556758  -0.825207 -0.0951506    1.41814
         0          0          0          1

-0.00440746 -0.111801  0.993721  0.556344
 -0.82973  0.555063 0.0587686   1.01003
-0.558148 -0.824261 -0.095211   1.41456
        0         0         0         1

-0.00373482  -0.110464   0.993873   0.556249
 -0.829695   0.555134  0.0585827    1.00948
 -0.558204  -0.824393 -0.0937251    1.41147
         0          0          0          1

-0.00323741  -0.109701   0.993959   0.554552
 -0.829128   0.555973  0.0586607    1.00855
  -0.55905  -0.823929 -0.0927556    1.40791
         0          0          0          1

-0.00279293  -0.110109   0.993916    0.55436
 -0.827961   0.557625   0.059449    1.00815
 -0.560778  -0.822757 -0.0927236    1.40737
         0          0          0          1

-0.00266058  -0.104034    0.99457   0.554843
 -0.823795   0.564036  0.0567955    1.00786
 -0.566882   -0.81917 -0.0872033    1.40339
         0          0          0          1

 -0.002974  -0.102186   0.994761   0.555278
 -0.823934   0.563965  0.0554695    1.00807
 -0.566679  -0.819452 -0.0858716    1.40122
         0          0          0          1

-0.00113758 -0.0974576   0.995239   0.555287
 -0.824226   0.563657  0.0542533    1.00773
  -0.56626   -0.82024 -0.0809683    1.39592
         0          0          0          1

-0.00116363 -0.0970097   0.995283   0.555544
   -0.8228   0.565742  0.0541806    1.00773
 -0.568329  -0.818856 -0.0804779    1.39678
         0          0          0          1

0.00432257 -0.0946304   0.995503   0.550853
 -0.824226   0.563371  0.0571317    1.00574
 -0.566244  -0.820767 -0.0755617    1.38718
         0          0          0          1

0.00556326 -0.0931797   0.995634    0.55082
 -0.824523   0.562921    0.05729    1.00571
 -0.565802  -0.821241 -0.0736971     1.3844
         0          0          0          1

0.00526128 -0.0945397   0.995507   0.550959
 -0.821041   0.567887  0.0582694    1.00445
 -0.570844  -0.817659 -0.0746332    1.38878
         0          0          0          1

0.00399472 -0.0939287   0.995571   0.552599
 -0.819721   0.569914  0.0570585    1.00511
 -0.572749  -0.816319 -0.0747187    1.38964
         0          0          0          1

0.00440437 -0.0930513   0.995652   0.552113
 -0.817817   0.572635  0.0571349    1.00472
 -0.575462  -0.814512 -0.0735768    1.38734
         0          0          0          1

0.00474177 -0.0929588   0.995659   0.552542
  -0.81727   0.573386  0.0574259    1.00463
 -0.576235  -0.813994 -0.0732535    1.38515
         0          0          0          1

0.00582929 -0.0920912   0.995734   0.552407
 -0.814929   0.576642   0.058102    1.00476
 -0.579532   -0.81179 -0.0716864    1.38037
         0          0          0          1

0.00634534 -0.0906022   0.995867   0.552937
 -0.814734   0.576958  0.0576818    1.00491
   -0.5798  -0.811733 -0.0701557    1.37859
         0          0          0          1

0.00482604 -0.0896664    0.99596   0.554991
 -0.812521   0.580219  0.0561743    1.00645
 -0.582912   -0.80951 -0.0700557    1.37848
         0          0          0          1

0.00247801 -0.0888663    0.99604    0.55734
  -0.81211   0.581013  0.0538581    1.00747
 -0.583499  -0.809028 -0.0707294    1.37808
         0          0          0          1

0.000338713 -0.0917284   0.995784    0.55795
 -0.811129   0.582376  0.0539225    1.00774
 -0.584867  -0.807728 -0.0742064    1.37663
         0          0          0          1

-4.8224e-05 -0.0920906   0.995751   0.558352
 -0.810758   0.582897  0.0538692    1.00788
 -0.585381  -0.807311 -0.0746914    1.37611
         0          0          0          1

-0.000521101 -0.0928106   0.995684   0.558492
  -0.81021   0.583648  0.0539795    1.00791
 -0.586139  -0.806685 -0.0755003    1.37386
         0          0          0          1

-0.000834045 -0.0938249   0.995588   0.558734
 -0.809684    0.58434  0.0543903     1.0079
 -0.586866  -0.806067 -0.0764559    1.37345
         0          0          0          1

0.000775947 -0.0963328   0.995349   0.557363
 -0.809387   0.584484   0.057199    1.00693
 -0.587275  -0.805667  -0.077517    1.37198
         0          0          0          1

0.00136703 -0.0974857   0.995236    0.55708
 -0.809063   0.584814  0.0583952     1.0065
 -0.587721  -0.805288 -0.0780725    1.37167
         0          0          0          1

-0.000110439 -0.0981923   0.995167   0.559887
  -0.80883   0.585209  0.0576523    1.00717
 -0.588042  -0.804915 -0.0794855    1.36928
         0          0          0          1

0.000771771  -0.099514   0.995036   0.559233
 -0.808366   0.585696  0.0592027      1.007
  -0.58868  -0.804399 -0.0799917     1.3695
         0          0          0          1

0.00398237  -0.100137   0.994966   0.558371
 -0.809145   0.584323  0.0620472    1.00651
 -0.587595  -0.805319 -0.0786986    1.36713
         0          0          0          1

0.00486643  -0.100214   0.994954   0.558342
 -0.808716    0.58483  0.0628607    1.00637
 -0.588179  -0.804941 -0.0781984    1.36691
         0          0          0          1

0.00620244 -0.0996818      0.995   0.560582
 -0.805856   0.588643  0.0639952    1.00692
 -0.592079  -0.802224 -0.0766782    1.36844
         0          0          0          1

0.00839556  -0.098515     0.9951   0.560294
 -0.804979   0.589712  0.0651731    1.00693
 -0.593243  -0.801582 -0.0743516    1.36845
         0          0          0          1

 0.0160227 -0.0948139   0.995366   0.559581
 -0.802782   0.592227  0.0693354    1.00654
 -0.596057  -0.800173 -0.0666258    1.36858
         0          0          0          1

 0.0186662 -0.0923274   0.995554   0.559644
 -0.802549   0.592466  0.0699927    1.00645
 -0.596294  -0.800287 -0.0630382    1.36781
         0          0          0          1

 0.0230889 -0.0873645   0.995909   0.560166
 -0.802557   0.592387  0.0705725    1.00699
 -0.596129  -0.800903 -0.0564375    1.36584
         0          0          0          1

 0.0225217 -0.0847519   0.996148   0.561348
 -0.801475   0.594073  0.0686639    1.00772
 -0.597604  -0.799934  -0.054547    1.36556
         0          0          0          1

 0.0323256 -0.0848599   0.995868   0.560685
 -0.796674   0.599491  0.0769436    1.00751
 -0.603544   -0.79587 -0.0482268    1.36579
         0          0          0          1

 0.0311053 -0.0832447   0.996044   0.561547
  -0.79746     0.5987  0.0749404    1.00801
  -0.60257  -0.796636 -0.0477616     1.3651
         0          0          0          1

 0.0319325 -0.0886952   0.995547   0.561458
 -0.794973   0.601468  0.0790849    1.00816
 -0.605804  -0.793958 -0.0513038    1.36587
         0          0          0          1

 0.0315252  -0.090063   0.995437   0.561608
 -0.793972   0.602711  0.0796757    1.00824
 -0.607137   -0.79286 -0.0525068    1.36646
         0          0          0          1

 0.0320592 -0.0965693    0.99481   0.561963
   -0.7893    0.60817  0.0844733    1.00836
 -0.613171  -0.787911 -0.0567247    1.36918
         0          0          0          1

 0.0321458 -0.0962348   0.994839   0.562102
 -0.790281   0.606926  0.0842463    1.00852
 -0.611901  -0.788911 -0.0565424    1.36868
         0          0          0          1

 0.0324608 -0.0953606   0.994913   0.563083
 -0.792216   0.604462   0.083784     1.0093
 -0.609377  -0.790906 -0.0559248    1.36717
         0          0          0          1

 0.0342653 -0.0978181   0.994614   0.562638
 -0.791206    0.60536  0.0867935    1.00929
 -0.610589  -0.789919 -0.0566514    1.36725
         0          0          0          1

 0.0345496   -0.10256   0.994127   0.562883
  -0.79003   0.606423  0.0900185    1.00962
 -0.612093    -0.7885 -0.0600736    1.36772
         0          0          0          1

 0.0369683  -0.105849   0.993695   0.562712
 -0.788676   0.607572  0.0940596    1.00948
 -0.613697   -0.78718 -0.0610193    1.36819
         0          0          0          1

  0.040242  -0.118383   0.992152   0.562824
 -0.786324   0.608905   0.104548    1.01013
 -0.616503   -0.78436 -0.0685837    1.36919
         0          0          0          1

 0.0439637   -0.12458   0.991235   0.562147
 -0.785231   0.609103    0.11138    1.01006
  -0.61764  -0.783245 -0.0710459    1.36965
         0          0          0          1

0.0443542 -0.129789  0.990549  0.562409
-0.784439  0.609455  0.114981   1.01063
-0.618618 -0.782125  -0.07478   1.37043
        0         0         0         1

 0.044781 -0.136381  0.989644  0.561764
-0.781725  0.612025  0.119714   1.01073
-0.622013  -0.77899 -0.079205   1.37363
        0         0         0         1

   0.03974  -0.148419   0.988126   0.562645
 -0.779037   0.614663   0.123655    1.01238
 -0.625717    -0.7747 -0.0911975    1.38394
         0          0          0          1

 0.0378975  -0.151562   0.987721   0.562514
 -0.779467   0.614022   0.124127    1.01261
 -0.625296    -0.7746 -0.0948681    1.38511
         0          0          0          1

0.0280555 -0.162112  0.986373  0.563462
-0.779816  0.613795  0.123059    1.0137
 -0.62538 -0.772642 -0.109197   1.38967
        0         0         0         1

0.0229989 -0.165752  0.985899  0.564539
-0.781855  0.611594  0.121062   1.01512
-0.623036 -0.773615 -0.115528   1.38891
        0         0         0         1

0.0112743 -0.179152  0.983757  0.566441
-0.781773  0.611833   0.12038   1.01753
-0.623461 -0.770432 -0.133158   1.39236
        0         0         0         1

0.00666329 -0.185362  0.982648  0.566878
 -0.78053  0.613299  0.120983   1.01847
-0.625083 -0.767792 -0.140594   1.39557
        0         0         0         1

-0.00579877 -0.197864  0.980212  0.569252
-0.782454  0.611278  0.118763   1.02243
-0.622681 -0.766283 -0.158365   1.40288
        0         0         0         1

-0.00736128 -0.198298  0.980114  0.568174
-0.782926  0.610877  0.117713   1.02251
-0.622071 -0.766491 -0.159749   1.40481
        0         0         0         1

-0.0121749 -0.196416  0.980445  0.568039
 -0.78535  0.608797   0.11221   1.02387
-0.618932 -0.768627 -0.161667   1.40776
        0         0         0         1

-0.0194911 -0.196912  0.980227  0.570975
-0.788283  0.606099  0.106081   1.02645
-0.615004 -0.770629 -0.167036   1.40845
        0         0         0         1

-0.0319548 -0.202469  0.978767  0.573402
-0.793559  0.600499  0.098312   1.02937
-0.607654 -0.773568  -0.17986   1.41021
        0         0         0         1

-0.0350973 -0.210762  0.976907   0.57156
-0.793647   0.59995  0.100922   1.02931
-0.607366 -0.771777 -0.188327   1.41358
        0         0         0         1

-0.0630581  -0.24021  0.968671  0.577654
-0.790243  0.604819 0.0985394   1.03294
-0.609541 -0.759271 -0.227963   1.43047
        0         0         0         1

-0.0652212 -0.246382  0.966976  0.576732
-0.787715   0.60759  0.101681   1.03406
-0.612578 -0.755069 -0.233706   1.43512
        0         0         0         1

-0.0732032 -0.251734  0.965024  0.578991
 -0.78678  0.609204  0.099233   1.03563
-0.612877 -0.751998 -0.242655   1.44087
        0         0         0         1

-0.0690583  -0.25388  0.964767  0.574277
-0.788394   0.60646  0.103158   1.03478
-0.611282 -0.753493 -0.242039     1.442
        0         0         0         1

-0.0767751 -0.241546  0.967348  0.580763
-0.795308  0.599975 0.0866925   1.04187
-0.601325 -0.762683 -0.238166   1.45053
        0         0         0         1

-0.0763624 -0.238433  0.968152  0.580337
-0.798859  0.595668  0.083689   1.04305
-0.596651 -0.767027 -0.235961    1.4531
        0         0         0         1

-0.0783135 -0.231197   0.96975  0.581094
  -0.8075  0.585169  0.074299   1.04669
-0.584646 -0.777255 -0.232519   1.45631
        0         0         0         1

-0.0802206 -0.229856  0.969913  0.582645
-0.811594  0.579974 0.0703193   1.04925
-0.578688 -0.781535 -0.233075   1.45859
        0         0         0         1

-0.0847936 -0.227063  0.970182    0.5875
 -0.82107  0.567551 0.0610696   1.05496
-0.564495 -0.791409  -0.23456   1.46416
        0         0         0         1

-0.0875369 -0.226174  0.970146  0.591358
-0.825245  0.561937 0.0565441   1.05784
 -0.55795 -0.795658 -0.235839   1.46825
        0         0         0         1

-0.0770763 -0.236424  0.968588  0.587052
-0.836822  0.543474 0.0660664   1.06077
-0.542022 -0.805444 -0.239734   1.48741
        0         0         0         1

-0.0742759 -0.237405  0.968567  0.588127
-0.843472  0.533105 0.0659865   1.06295
-0.532013 -0.812058 -0.239842   1.48947
        0         0         0         1

-0.072443 -0.235921  0.969068  0.594157
-0.859451  0.507759 0.0593662   1.07021
-0.506059 -0.828566 -0.239546   1.49338
        0         0         0         1

-0.0732807 -0.237705  0.968569  0.598192
-0.866529  0.495958 0.0561568   1.07376
-0.493718 -0.835178 -0.242322   1.49739
        0         0         0         1

-0.0749421 -0.249748  0.965407  0.609633
-0.887019  0.459029 0.0498924   1.08438
 -0.45561 -0.852595 -0.255932   1.52639
        0         0         0         1

-0.0698681  -0.25237  0.965105  0.610096
-0.896576   0.44004 0.0501613   1.08775
-0.437344 -0.861785 -0.257014   1.52706
        0         0         0         1

-0.0614663 -0.263222  0.962775  0.609868
-0.910641  0.409672 0.0538661   1.09354
  -0.4086 -0.873432 -0.264882   1.53772
        0         0         0         1

-0.0652748 -0.269137  0.960887  0.615017
-0.915379  0.399512 0.0497168   1.09754
-0.397266 -0.876331 -0.272441   1.54706
        0         0         0         1

-0.0583679 -0.289038  0.955537  0.624645
-0.937357  0.345165 0.0471509   1.11081
-0.343447 -0.892927 -0.291078   1.57414
        0         0         0         1

-0.0540422 -0.291822  0.954945  0.625834
-0.945115  0.323569 0.0453937   1.11537
-0.322238 -0.900079 -0.293291   1.57803
        0         0         0         1

-0.0521961  -0.29475  0.954148  0.631926
-0.957754  0.285356 0.0357573   1.12428
-0.282811 -0.911973 -0.297193   1.58979
        0         0         0         1

-0.048654 -0.295595  0.954074  0.633642
-0.963249  0.266517 0.0334515   1.12894
-0.264165 -0.917383 -0.297698     1.597
        0         0         0         1

-0.0414231 -0.297055  0.953962  0.635947
-0.974636  0.222177 0.0268629   1.13862
-0.219928 -0.928653 -0.298724   1.61341
        0         0         0         1

-0.0320737 -0.294213  0.955202  0.634293
-0.979561  0.199124  0.028441   1.14242
-0.198572 -0.934766 -0.294586   1.61903
        0         0         0         1

-0.0231619 -0.292358  0.956028  0.651019
-0.992077  0.124832 0.0141391   1.16531
-0.123477 -0.948126 -0.292933   1.64456
        0         0         0         1

-0.0203184 -0.294937  0.955301  0.654054
-0.994081  0.107958 0.0121874   1.17105
-0.106727 -0.949398 -0.295384   1.65499
        0         0         0         1

-0.0158277  -0.298951   0.954137   0.666335
 -0.997941  0.0640389 0.00351039    1.18638
-0.0621514  -0.952117  -0.299349    1.66996
         0          0          0          1

-0.00513365 -0.298786  0.954306  0.664387
-0.999086 0.0420357 0.0077865   1.19074
-0.0424414 -0.953394 -0.298729   1.67658
        0         0         0         1

