 -0.109477   -0.83981   0.531728   0.787187
 -0.966332 -0.0353906  -0.254853    1.06141
  0.232846  -0.541726  -0.807661    2.41213
         0          0          0          1

 -0.114215  -0.835445   0.537574   0.780379
  -0.96926 -0.0249888  -0.244767    1.04349
  0.217923  -0.549005   -0.80691    2.39468
         0          0          0          1

-0.128085 -0.827858  0.546118  0.775588
-0.976953  0.010512 -0.213197  0.994775
 0.170756 -0.560839 -0.810125   2.36785
        0         0         0         1

-0.128085 -0.827858  0.546118  0.775588
-0.976953  0.010512 -0.213197  0.994775
 0.170756 -0.560839 -0.810125   2.36785
        0         0         0         1

-0.126926 -0.819749  0.558481   0.75944
-0.984408 0.0349759 -0.172389  0.950828
 0.121782 -0.571654 -0.811407   2.35667
        0         0         0         1

-0.126926 -0.819749  0.558481   0.75944
-0.984408 0.0349759 -0.172389  0.950828
 0.121782 -0.571654 -0.811407   2.35667
        0         0         0         1

-0.134387 -0.815653  0.562717     0.763
-0.986815 0.0584643 -0.150926  0.919668
0.0902046  -0.57558 -0.812755   2.33817
        0         0         0         1

-0.134387 -0.815653  0.562717     0.763
-0.986815 0.0584643 -0.150926  0.919668
0.0902046  -0.57558 -0.812755   2.33817
        0         0         0         1

-0.138668 -0.793155  0.593023  0.756916
-0.989529 0.0867547 -0.115351  0.875748
0.0400435 -0.602809  -0.79688   2.29835
        0         0         0         1

-0.138668 -0.793155  0.593023  0.756916
-0.989529 0.0867547 -0.115351  0.875748
0.0400435 -0.602809  -0.79688   2.29835
        0         0         0         1

 -0.139499  -0.784802   0.603842    0.75258
  -0.99022   0.109241 -0.0867822   0.843776
 0.0021427  -0.610043  -0.792366    2.27544
         0          0          0          1

 -0.139499  -0.784802   0.603842    0.75258
  -0.99022   0.109241 -0.0867822   0.843776
 0.0021427  -0.610043  -0.792366    2.27544
         0          0          0          1

 -0.139066  -0.769969   0.622743   0.743634
 -0.988617   0.144406 -0.0422246   0.796827
-0.0574162  -0.621526  -0.781286    2.23687
         0          0          0          1

 -0.139066  -0.769969   0.622743   0.743634
 -0.988617   0.144406 -0.0422246   0.796827
-0.0574162  -0.621526  -0.781286    2.23687
         0          0          0          1

 -0.140435  -0.767786   0.625127     0.7431
 -0.988047   0.149222 -0.0386894   0.790738
-0.0635774  -0.623088  -0.779564     2.2245
         0          0          0          1

-0.136174 -0.763903    0.6308  0.735966
-0.987121  0.158585 -0.021048  0.772273
-0.0839565 -0.625542  -0.77566   2.20265
        0         0         0         1

 -0.140657  -0.766868   0.626203    0.73905
 -0.982821   0.184489 0.00517013   0.742455
 -0.119492  -0.614718  -0.779643    2.17871
         0          0          0          1

 -0.140657  -0.766868   0.626203    0.73905
 -0.982821   0.184489 0.00517013   0.742455
 -0.119492  -0.614718  -0.779643    2.17871
         0          0          0          1

-0.141391  -0.76402   0.62951   0.73676
 -0.97653  0.212008 0.0379749  0.704562
-0.162475 -0.609366 -0.776064   2.13224
        0         0         0         1

-0.141391  -0.76402   0.62951   0.73676
 -0.97653  0.212008 0.0379749  0.704562
-0.162475 -0.609366 -0.776064   2.13224
        0         0         0         1

-0.135787 -0.760976  0.634411  0.732568
-0.971565  0.227645 0.0651092  0.679044
-0.193967 -0.607531 -0.770249   2.09904
        0         0         0         1

-0.135787 -0.760976  0.634411  0.732568
-0.971565  0.227645 0.0651092  0.679044
-0.193967 -0.607531 -0.770249   2.09904
        0         0         0         1

-0.128794 -0.754445  0.643603  0.725307
  -0.9623  0.251866  0.102673  0.643274
-0.239563 -0.606115 -0.758442   2.04828
        0         0         0         1

-0.128794 -0.754445  0.643603  0.725307
  -0.9623  0.251866  0.102673  0.643274
-0.239563 -0.606115 -0.758442   2.04828
        0         0         0         1

-0.126658  -0.75368  0.644922  0.721999
-0.955011  0.268416  0.126124  0.621396
-0.268165 -0.599933 -0.753769   2.01421
        0         0         0         1

-0.126658  -0.75368  0.644922  0.721999
-0.955011  0.268416  0.126124  0.621396
-0.268165 -0.599933 -0.753769   2.01421
        0         0         0         1

-0.127244 -0.755686  0.642455  0.722041
-0.946405   0.28636  0.149386  0.601652
-0.296862 -0.589014 -0.751622   1.98055
        0         0         0         1

-0.127244 -0.755686  0.642455  0.722041
-0.946405   0.28636  0.149386  0.601652
-0.296862 -0.589014 -0.751622   1.98055
        0         0         0         1

-0.127107 -0.757434   0.64042  0.721712
-0.943214  0.292076  0.158239  0.595346
-0.306907 -0.583939 -0.751547   1.97073
        0         0         0         1

-0.127703 -0.765308  0.630869  0.720351
-0.932121  0.309944  0.187309  0.573285
-0.338884 -0.564127  -0.75294    1.9336
        0         0         0         1

-0.124686 -0.774059  0.620715  0.714694
-0.921888  0.321683  0.215969  0.554291
-0.366846 -0.545301 -0.753705    1.9029
        0         0         0         1

-0.124686 -0.774059  0.620715  0.714694
-0.921888  0.321683  0.215969  0.554291
-0.366846 -0.545301 -0.753705    1.9029
        0         0         0         1

-0.130821 -0.789235  0.599995  0.712394
 -0.90776   0.33866  0.247549  0.534185
-0.398569 -0.512267  -0.76074   1.85599
        0         0         0         1

-0.130821 -0.789235  0.599995  0.712394
 -0.90776   0.33866  0.247549  0.534185
-0.398569 -0.512267  -0.76074   1.85599
        0         0         0         1

-0.136619 -0.799085  0.585489  0.710783
-0.896953  0.350657  0.269287  0.521837
-0.420489 -0.488367 -0.764648   1.82742
        0         0         0         1

-0.136619 -0.799085  0.585489  0.710783
-0.896953  0.350657  0.269287  0.521837
-0.420489 -0.488367 -0.764648   1.82742
        0         0         0         1

-0.139275 -0.808976  0.571104  0.707895
-0.888217  0.357033  0.289132  0.511197
-0.437804 -0.466995 -0.768273    1.7987
        0         0         0         1

-0.139275 -0.808976  0.571104  0.707895
-0.888217  0.357033  0.289132  0.511197
-0.437804 -0.466995 -0.768273    1.7987
        0         0         0         1

-0.144215 -0.823795  0.548236  0.705748
-0.874428  0.365443  0.319104  0.497662
-0.463226 -0.433373 -0.773052     1.761
        0         0         0         1

-0.144215 -0.823795  0.548236  0.705748
-0.874428  0.365443  0.319104  0.497662
-0.463226 -0.433373 -0.773052     1.761
        0         0         0         1

-0.146883 -0.827047  0.542603  0.706542
-0.872097  0.367132  0.323512   0.49574
-0.466767 -0.425685 -0.775191   1.75354
        0         0         0         1

 -0.14735 -0.833954  0.531797  0.704875
 -0.86707   0.36761  0.336232  0.490038
-0.475896 -0.411562 -0.777264   1.73799
        0         0         0         1

-0.147637  -0.83659  0.527561  0.704258
-0.865248  0.367643  0.340859  0.488078
-0.479113 -0.406148 -0.778135   1.73039
        0         0         0         1

-0.148423 -0.845233  0.513373  0.703432
-0.858164  0.368064  0.357887  0.481694
-0.491452  -0.38744 -0.779978   1.70489
        0         0         0         1

-0.149699 -0.852527  0.500787  0.703207
-0.853011  0.367473  0.370589  0.476902
-0.499963 -0.371699 -0.782225   1.68594
        0         0         0         1

-0.149699 -0.852527  0.500787  0.703207
-0.853011  0.367473  0.370589  0.476902
-0.499963 -0.371699 -0.782225   1.68594
        0         0         0         1

-0.145856 -0.856626  0.494891  0.701385
-0.848887  0.365264  0.382063   0.47252
-0.508052 -0.364381 -0.780455   1.66831
        0         0         0         1

-0.145856 -0.856626  0.494891  0.701385
-0.848887  0.365264  0.382063   0.47252
-0.508052 -0.364381 -0.780455   1.66831
        0         0         0         1

-0.139445  -0.85934  0.492026  0.699155
-0.843404  0.363429  0.395713  0.466745
-0.518869 -0.359796 -0.775449   1.64534
        0         0         0         1

-0.139445  -0.85934  0.492026  0.699155
-0.843404  0.363429  0.395713  0.466745
-0.518869 -0.359796 -0.775449   1.64534
        0         0         0         1

-0.137001 -0.859283  0.492811  0.697556
 -0.83895  0.365173    0.4035  0.463318
-0.526682 -0.358163 -0.770925   1.63326
        0         0         0         1

-0.137001 -0.859283  0.492811  0.697556
 -0.83895  0.365173    0.4035  0.463318
-0.526682 -0.358163 -0.770925   1.63326
        0         0         0         1

 -0.13349 -0.855638  0.500064  0.696028
-0.834831  0.369001  0.408527  0.460613
-0.534076 -0.362934 -0.763572   1.61492
        0         0         0         1

 -0.13349 -0.855638  0.500064  0.696028
-0.834831  0.369001  0.408527  0.460613
-0.534076 -0.362934 -0.763572   1.61492
        0         0         0         1

-0.129247  -0.85325  0.505233  0.693523
 -0.83022  0.371726  0.415397  0.457829
-0.542246 -0.365766 -0.756429    1.6054
        0         0         0         1

-0.129247  -0.85325  0.505233  0.693523
 -0.83022  0.371726  0.415397  0.457829
-0.542246 -0.365766 -0.756429    1.6054
        0         0         0         1

-0.124264 -0.848757  0.513975  0.691268
-0.826273  0.375316  0.420013  0.456135
-0.549392 -0.372491 -0.747943   1.59558
        0         0         0         1

-0.124264 -0.848757  0.513975  0.691268
-0.826273  0.375316  0.420013  0.456135
-0.549392 -0.372491 -0.747943   1.59558
        0         0         0         1

 -0.11986 -0.842756  0.524782  0.689493
-0.821694  0.380873  0.423975   0.45492
-0.557183 -0.380393 -0.738139   1.58237
        0         0         0         1

 -0.11986 -0.842756  0.524782  0.689493
-0.821694  0.380873  0.423975   0.45492
-0.557183 -0.380393 -0.738139   1.58237
        0         0         0         1

-0.115271 -0.840592  0.529262   0.68698
-0.819452  0.381619  0.427627  0.453077
-0.561436 -0.384412 -0.732814   1.57515
        0         0         0         1

-0.115271 -0.840592  0.529262   0.68698
-0.819452  0.381619  0.427627  0.453077
-0.561436 -0.384412 -0.732814   1.57515
        0         0         0         1

 -0.11524 -0.839056    0.5317  0.685887
-0.817389  0.384252  0.429215  0.452651
-0.564442 -0.385143 -0.730116   1.56866
        0         0         0         1

 -0.11524 -0.839056    0.5317  0.685887
-0.817389  0.384252  0.429215  0.452651
-0.564442 -0.385143 -0.730116   1.56866
        0         0         0         1

-0.114643 -0.836334  0.536099  0.683448
-0.813282  0.388914  0.432802  0.451358
-0.570464 -0.386381 -0.724762   1.56078
        0         0         0         1

-0.114643 -0.836334  0.536099  0.683448
-0.813282  0.388914  0.432802  0.451358
-0.570464 -0.386381 -0.724762   1.56078
        0         0         0         1

-0.113608 -0.831307  0.544079  0.681842
-0.812158  0.393137  0.431095  0.451384
 -0.57227 -0.392902 -0.719816   1.55445
        0         0         0         1

-0.113608 -0.831307  0.544079  0.681842
-0.812158  0.393137  0.431095  0.451384
 -0.57227 -0.392902 -0.719816   1.55445
        0         0         0         1

-0.112758 -0.829164  0.547516   0.68091
-0.811678  0.394697  0.430573  0.451237
-0.573118 -0.395856 -0.717519   1.55277
        0         0         0         1

-0.113154 -0.819157  0.562297  0.679562
-0.808752  0.404682  0.426793  0.451895
-0.577162 -0.406466 -0.708287   1.54756
        0         0         0         1

-0.110441 -0.810134  0.575748  0.677549
-0.808151  0.410399  0.422451  0.452507
-0.578529 -0.418635 -0.700035   1.54173
        0         0         0         1

-0.110441 -0.810134  0.575748  0.677549
-0.808151  0.410399  0.422451  0.452507
-0.578529 -0.418635 -0.700035   1.54173
        0         0         0         1

-0.108808 -0.803992  0.584601  0.675684
-0.806368  0.415298  0.421068  0.452526
-0.581319 -0.425588 -0.693501    1.5387
        0         0         0         1

-0.108808 -0.803992  0.584601  0.675684
-0.806368  0.415298  0.421068  0.452526
-0.581319 -0.425588 -0.693501    1.5387
        0         0         0         1

-0.108443 -0.802686  0.586459  0.675235
-0.806205  0.416163  0.420526  0.452813
-0.581613 -0.427203  -0.69226   1.53743
        0         0         0         1

-0.105926  -0.79974  0.590927  0.673484
-0.805445  0.417503  0.420654  0.453249
-0.583128 -0.431401 -0.688371   1.53295
        0         0         0         1

-0.106833 -0.800023  0.590381  0.673022
-0.804612  0.418393  0.421363  0.454099
-0.584111 -0.430012 -0.688407   1.53005
        0         0         0         1

-0.106833 -0.800023  0.590381  0.673022
-0.804612  0.418393  0.421363  0.454099
-0.584111 -0.430012 -0.688407   1.53005
        0         0         0         1

-0.106859 -0.801227  0.588742  0.672575
-0.804587  0.417564  0.422233  0.454321
-0.584141 -0.428574 -0.689277   1.52874
        0         0         0         1

-0.110166 -0.802048  0.587012   0.67179
-0.804111  0.419058  0.421659  0.455998
-0.584183  -0.42557 -0.691101   1.52476
        0         0         0         1

-0.111472 -0.803415  0.584892  0.669931
-0.804124  0.418747  0.421942  0.456567
-0.583916 -0.423291 -0.692724   1.52207
        0         0         0         1

-0.111472 -0.803415  0.584892  0.669931
-0.804124  0.418747  0.421942  0.456567
-0.583916 -0.423291 -0.692724   1.52207
        0         0         0         1

-0.114262 -0.804768  0.582488  0.669229
-0.803777  0.419477  0.421879  0.457822
-0.583855 -0.419986 -0.694784   1.51974
        0         0         0         1

-0.114262 -0.804768  0.582488  0.669229
-0.803777  0.419477  0.421879  0.457822
-0.583855 -0.419986 -0.694784   1.51974
        0         0         0         1

-0.117611 -0.809234  0.575593  0.668531
-0.803465  0.418181  0.423755   0.45871
-0.583619 -0.412631 -0.699374   1.51765
        0         0         0         1

-0.117611 -0.809234  0.575593  0.668531
-0.803465  0.418181  0.423755   0.45871
-0.583619 -0.412631 -0.699374   1.51765
        0         0         0         1

 -0.11748 -0.816809   0.56482  0.667717
-0.804185  0.411949  0.428469  0.458546
-0.582654 -0.403884 -0.705261   1.51672
        0         0         0         1

 -0.11748 -0.816809   0.56482  0.667717
-0.804185  0.411949  0.428469  0.458546
-0.582654 -0.403884 -0.705261   1.51672
        0         0         0         1

-0.122795 -0.825659  0.550643  0.669096
  -0.8055  0.407031  0.430692  0.460521
-0.579734 -0.390656  -0.71505   1.51526
        0         0         0         1

-0.122795 -0.825659  0.550643  0.669096
  -0.8055  0.407031  0.430692  0.460521
-0.579734 -0.390656  -0.71505   1.51526
        0         0         0         1

-0.125834 -0.833043  0.538707  0.668911
-0.803877  0.403829  0.436697  0.460951
-0.581333 -0.378103 -0.720479   1.51576
        0         0         0         1

-0.125834 -0.833043  0.538707  0.668911
-0.803877  0.403829  0.436697  0.460951
-0.581333 -0.378103 -0.720479   1.51576
        0         0         0         1

-0.131245 -0.842698  0.522145  0.669585
-0.798352  0.402096  0.448278  0.462522
-0.587715 -0.358021 -0.725542   1.51735
        0         0         0         1

-0.131245 -0.842698  0.522145  0.669585
-0.798352  0.402096  0.448278  0.462522
-0.587715 -0.358021 -0.725542   1.51735
        0         0         0         1

-0.136121 -0.845473  0.516379  0.671182
-0.794348   0.40462  0.453093  0.465555
-0.592015 -0.348509 -0.726677   1.51911
        0         0         0         1

-0.136121 -0.845473  0.516379  0.671182
-0.794348   0.40462  0.453093  0.465555
-0.592015 -0.348509 -0.726677   1.51911
        0         0         0         1

-0.133111 -0.844381  0.518943  0.670641
-0.790132  0.406498  0.458749  0.467341
-0.598308 -0.348969 -0.721282   1.52281
        0         0         0         1

-0.133111 -0.844381  0.518943  0.670641
-0.790132  0.406498  0.458749  0.467341
-0.598308 -0.348969 -0.721282   1.52281
        0         0         0         1

-0.125521 -0.834183  0.537013  0.668983
-0.790717  0.411035  0.453671  0.472208
-0.599176  -0.36768 -0.711196    1.5324
        0         0         0         1

-0.125521 -0.834183  0.537013  0.668983
-0.790717  0.411035  0.453671  0.472208
-0.599176  -0.36768 -0.711196    1.5324
        0         0         0         1

 -0.11808 -0.824379  0.553585  0.667309
-0.795899  0.411939  0.443678  0.476406
-0.593802 -0.388208 -0.704764   1.54027
        0         0         0         1

 -0.11808 -0.824379  0.553585  0.667309
-0.795899  0.411939  0.443678  0.476406
-0.593802 -0.388208 -0.704764   1.54027
        0         0         0         1

-0.104401 -0.808438  0.579248   0.66649
 -0.81017  0.406939   0.42193  0.483535
-0.576823  -0.42524 -0.697457   1.56059
        0         0         0         1

-0.104401 -0.808438  0.579248   0.66649
 -0.81017  0.406939   0.42193  0.483535
-0.576823  -0.42524 -0.697457   1.56059
        0         0         0         1

-0.0902263 -0.802705  0.589511   0.66504
-0.823427  0.393082  0.409211  0.487988
-0.560202 -0.448498 -0.696436   1.57817
        0         0         0         1

-0.0902263 -0.802705  0.589511   0.66504
-0.823427  0.393082  0.409211  0.487988
-0.560202 -0.448498 -0.696436   1.57817
        0         0         0         1

-0.0710457  -0.79779  0.598735  0.663085
-0.839824  0.371711  0.395636   0.49294
 -0.53819 -0.474724 -0.696411   1.59801
        0         0         0         1

-0.0710457  -0.79779  0.598735  0.663085
-0.839824  0.371711  0.395636   0.49294
 -0.53819 -0.474724 -0.696411   1.59801
        0         0         0         1

-0.0647301 -0.795847  0.602028  0.662699
-0.845263  0.364395  0.390827  0.494966
-0.530415 -0.483574 -0.696288   1.60511
        0         0         0         1

-0.0414073 -0.788052  0.614215  0.660958
-0.865209   0.33573  0.372422  0.502536
-0.499698 -0.516003 -0.695731   1.63513
        0         0         0         1

-0.0326126 -0.784623  0.619115  0.659139
-0.871266  0.325838   0.36705  0.504528
-0.489727 -0.527443 -0.694242   1.64349
        0         0         0         1

-0.0182879 -0.777843  0.628192  0.657036
-0.883012  0.307283  0.354779    0.5096
-0.468995 -0.548213 -0.692464   1.66337
        0         0         0         1

-0.0133007 -0.774922  0.631918  0.657073
-0.888573  0.298973  0.347928  0.512688
-0.458543 -0.556877 -0.692551   1.67352
        0         0         0         1

0.000572679 -0.766241  0.642554  0.655759
-0.901066  0.278268  0.332636  0.519989
-0.433681 -0.579174 -0.690274   1.69424
        0         0         0         1

0.00814113 -0.762095  0.647414  0.654322
-0.906434  0.267776  0.326608  0.523412
-0.422268 -0.589497 -0.688609   1.70503
        0         0         0         1

 0.030218 -0.746532  0.664663  0.652672
-0.924586  0.231775  0.302358  0.538406
-0.379772 -0.623675  -0.68323   1.74703
        0         0         0         1

0.0525302 -0.730355  0.681044   0.64883
-0.938211  0.197504   0.28417  0.553147
-0.342054 -0.653891 -0.674852   1.78356
        0         0         0         1

0.0525302 -0.730355  0.681044   0.64883
-0.938211  0.197504   0.28417  0.553147
-0.342054 -0.653891 -0.674852   1.78356
        0         0         0         1

0.0782196 -0.706543  0.703334  0.646007
-0.955926  0.147112  0.254094  0.581903
-0.282998  -0.69221 -0.663896   1.83926
        0         0         0         1

0.0782196 -0.706543  0.703334  0.646007
-0.955926  0.147112  0.254094  0.581903
-0.282998  -0.69221 -0.663896   1.83926
        0         0         0         1

0.0930346  -0.69345  0.714473  0.644718
-0.966047  0.110848   0.23338  0.605203
-0.241035 -0.711926 -0.659593   1.87692
        0         0         0         1

0.0930346  -0.69345  0.714473  0.644718
-0.966047  0.110848   0.23338  0.605203
-0.241035 -0.711926 -0.659593   1.87692
        0         0         0         1

0.0971275 -0.688731  0.718481  0.643891
-0.968856 0.0997861  0.226629  0.613037
-0.227781 -0.718117  -0.65759   1.88887
        0         0         0         1

  0.10572 -0.678766  0.726705   0.64194
-0.974274 0.0755687   0.21232  0.630728
-0.199032 -0.730456 -0.653315   1.91376
        0         0         0         1

 0.110476 -0.674035  0.730391  0.640841
-0.976504 0.0631984  0.206024  0.639162
-0.185027 -0.735991 -0.651216   1.92511
        0         0         0         1

 0.125811 -0.659134  0.741427  0.639486
-0.982556 0.0203833  0.184848  0.672245
-0.136953  -0.75175 -0.645071   1.96859
        0         0         0         1

  0.128738  -0.654322   0.745177   0.639868
 -0.984112 0.00835127    0.17735   0.682848
 -0.122267   -0.75617  -0.642851    1.97899
         0          0          0          1

  0.133245  -0.646675   0.751038   0.639744
 -0.987249 -0.0200156   0.157918   0.705912
-0.0870888  -0.762503  -0.641096    1.99955
         0          0          0          1

  0.147571  -0.636012   0.757438   0.641254
 -0.988657 -0.0732377   0.131122   0.753954
-0.0279222  -0.768196  -0.639605    2.05102
         0          0          0          1

  0.147571  -0.636012   0.757438   0.641254
 -0.988657 -0.0732377   0.131122   0.753954
-0.0279222  -0.768196  -0.639605    2.05102
         0          0          0          1

 0.149904 -0.631469  0.760773  0.642851
-0.988539 -0.109626  0.103791  0.790371
0.0178596 -0.767612 -0.640666   2.08132
        0         0         0         1

 0.149904 -0.631469  0.760773  0.642851
-0.988539 -0.109626  0.103791  0.790371
0.0178596 -0.767612 -0.640666   2.08132
        0         0         0         1

 0.146275 -0.635789  0.757876  0.648519
-0.986995 -0.145425 0.0684984  0.830243
0.0666637  -0.75804 -0.648792   2.10817
        0         0         0         1

 0.146275 -0.635789  0.757876  0.648519
-0.986995 -0.145425 0.0684984  0.830243
0.0666637  -0.75804 -0.648792   2.10817
        0         0         0         1

 0.145622 -0.643322  0.751619  0.649815
-0.979791 -0.199079 0.0194337  0.887806
  0.13713 -0.739259 -0.659311   2.14981
        0         0         0         1

 0.145622 -0.643322  0.751619  0.649815
-0.979791 -0.199079 0.0194337  0.887806
  0.13713 -0.739259 -0.659311   2.14981
        0         0         0         1

  0.137733  -0.654019   0.743833   0.653664
 -0.974879  -0.222237 -0.0148883   0.926143
  0.175045  -0.723097  -0.668199    2.18053
         0          0          0          1

  0.137733  -0.654019   0.743833   0.653664
 -0.974879  -0.222237 -0.0148883   0.926143
  0.175045  -0.723097  -0.668199    2.18053
         0          0          0          1

   0.13022  -0.663238   0.736992   0.647335
  -0.95993  -0.270373 -0.0737045   0.983595
  0.248147  -0.697863  -0.671871    2.21698
         0          0          0          1

   0.13022  -0.663238   0.736992   0.647335
  -0.95993  -0.270373 -0.0737045   0.983595
  0.248147  -0.697863  -0.671871    2.21698
         0          0          0          1

 0.121633 -0.676195  0.726613  0.647719
 -0.95076 -0.289612 -0.110361   1.02147
 0.285061 -0.677411 -0.678125   2.24654
        0         0         0         1

 0.121633 -0.676195  0.726613  0.647719
 -0.95076 -0.289612 -0.110361   1.02147
 0.285061 -0.677411 -0.678125   2.24654
        0         0         0         1

 0.111054 -0.691381  0.713904  0.648398
-0.940989 -0.304235 -0.148258   1.05998
 0.319698 -0.655312 -0.684368   2.27898
        0         0         0         1

 0.111054 -0.691381  0.713904  0.648398
-0.940989 -0.304235 -0.148258   1.05998
 0.319698 -0.655312 -0.684368   2.27898
        0         0         0         1

0.0860958  -0.72177  0.686757  0.662262
-0.924645 -0.314557 -0.214675   1.11938
 0.370971 -0.616524 -0.694463   2.31913
        0         0         0         1

0.0860958  -0.72177  0.686757  0.662262
-0.924645 -0.314557 -0.214675   1.11938
 0.370971 -0.616524 -0.694463   2.31913
        0         0         0         1

  0.07045 -0.738805  0.670227  0.664537
 -0.90648 -0.327844 -0.266105   1.16243
  0.41633   -0.5888 -0.692809   2.33651
        0         0         0         1

  0.07045 -0.738805  0.670227  0.664537
 -0.90648 -0.327844 -0.266105   1.16243
  0.41633   -0.5888 -0.692809   2.33651
        0         0         0         1

0.0356541 -0.757512  0.651847  0.663788
-0.888425 -0.322713 -0.326431   1.22153
 0.457635 -0.567479 -0.684498   2.37343
        0         0         0         1

