 0.619445 -0.658833  0.426882   1.65153
-0.770094 -0.404361  0.493404   1.08231
-0.152456 -0.634375 -0.757842   1.98612
        0         0         0         1

 0.609765  -0.66973   0.42385   1.67563
-0.771184 -0.377912  0.512307   1.05244
-0.182929 -0.639253 -0.746922   1.96175
        0         0         0         1

 0.609765  -0.66973   0.42385   1.67563
-0.771184 -0.377912  0.512307   1.05244
-0.182929 -0.639253 -0.746922   1.96175
        0         0         0         1

 0.604008 -0.681782  0.412732   1.70302
-0.764897 -0.350451  0.540478   1.01647
-0.223846 -0.642151 -0.733168   1.92363
        0         0         0         1

 0.604008 -0.681782  0.412732   1.70302
-0.764897 -0.350451  0.540478   1.01647
-0.223846 -0.642151 -0.733168   1.92363
        0         0         0         1

 0.600126 -0.692315  0.400686     1.723
-0.758463 -0.333353  0.560009  0.992246
-0.254133 -0.639981 -0.725149   1.89907
        0         0         0         1

 0.600126 -0.692315  0.400686     1.723
-0.758463 -0.333353  0.560009  0.992246
-0.254133 -0.639981 -0.725149   1.89907
        0         0         0         1

 0.587151 -0.708365  0.391756   1.74836
-0.756321 -0.307584  0.577382  0.967419
  -0.2885 -0.635304  -0.71635   1.87292
        0         0         0         1

 0.587151 -0.708365  0.391756   1.74836
-0.756321 -0.307584  0.577382  0.967419
  -0.2885 -0.635304  -0.71635   1.87292
        0         0         0         1

 0.581313 -0.724607  0.370162   1.77819
-0.741135 -0.283752  0.608444  0.938792
-0.335848 -0.628036  -0.70198   1.82546
        0         0         0         1

 0.581313 -0.724607  0.370162   1.77819
-0.741135 -0.283752  0.608444  0.938792
-0.335848 -0.628036  -0.70198   1.82546
        0         0         0         1

 0.575478 -0.737446  0.353551   1.80137
-0.732461  -0.27247  0.623908   0.92341
-0.363766 -0.618008 -0.696951   1.78887
        0         0         0         1

 0.575478 -0.737446  0.353551   1.80137
-0.732461  -0.27247  0.623908   0.92341
-0.363766 -0.618008 -0.696951   1.78887
        0         0         0         1

 0.569873  -0.75451  0.325514   1.82377
-0.710155 -0.252904  0.657053  0.902099
 -0.41343 -0.605602 -0.679943   1.74321
        0         0         0         1

 0.569873  -0.75451  0.325514   1.82377
-0.710155 -0.252904  0.657053  0.902099
 -0.41343 -0.605602 -0.679943   1.74321
        0         0         0         1

 0.555389 -0.772073  0.308942    1.8467
-0.700274 -0.233847  0.674487  0.886048
-0.448508 -0.590947 -0.670539   1.70959
        0         0         0         1

 0.555389 -0.772073  0.308942    1.8467
-0.700274 -0.233847  0.674487  0.886048
-0.448508 -0.590947 -0.670539   1.70959
        0         0         0         1

 0.546553 -0.786379  0.287902   1.86526
-0.683476 -0.220235  0.695958  0.875642
-0.483881 -0.577151 -0.657842   1.67377
        0         0         0         1

 0.546553 -0.786379  0.287902   1.86526
-0.683476 -0.220235  0.695958  0.875642
-0.483881 -0.577151 -0.657842   1.67377
        0         0         0         1

 0.539927 -0.798202  0.267119   1.88239
-0.656668 -0.200924  0.726922  0.867357
-0.526561 -0.567893 -0.632639   1.62326
        0         0         0         1

 0.539927 -0.798202  0.267119   1.88239
-0.656668 -0.200924  0.726922  0.867357
-0.526561 -0.567893 -0.632639   1.62326
        0         0         0         1

 0.536033  -0.80544  0.252854   1.89145
-0.638184  -0.19055   0.74593  0.864174
 -0.55262  -0.56121 -0.616161   1.59255
        0         0         0         1

 0.536033  -0.80544  0.252854   1.89145
-0.638184  -0.19055   0.74593  0.864174
 -0.55262  -0.56121 -0.616161   1.59255
        0         0         0         1

 0.509591 -0.826653  0.238668   1.91385
-0.626284 -0.166165   0.76168  0.855155
-0.589987 -0.537619 -0.602396   1.54945
        0         0         0         1

 0.509591 -0.826653  0.238668   1.91385
-0.626284 -0.166165   0.76168  0.855155
-0.589987 -0.537619 -0.602396   1.54945
        0         0         0         1

 0.498636 -0.839126  0.217322   1.91736
-0.613736  -0.16473  0.772135  0.855997
-0.612119 -0.518393 -0.597142   1.51972
        0         0         0         1

 0.498636 -0.839126  0.217322   1.91736
-0.613736  -0.16473  0.772135  0.855997
-0.612119 -0.518393 -0.597142   1.51972
        0         0         0         1

 0.481629  -0.85049  0.211423   1.92827
-0.602141 -0.145859  0.784953  0.851984
-0.636758 -0.505362 -0.582365   1.49843
        0         0         0         1

 0.481629  -0.85049  0.211423   1.92827
-0.602141 -0.145859  0.784953  0.851984
-0.636758 -0.505362 -0.582365   1.49843
        0         0         0         1

 0.465041 -0.863348  0.195875   1.93722
-0.577591 -0.128211  0.806195  0.850211
-0.670914 -0.488049 -0.558286   1.46493
        0         0         0         1

 0.465041 -0.863348  0.195875   1.93722
-0.577591 -0.128211  0.806195  0.850211
-0.670914 -0.488049 -0.558286   1.46493
        0         0         0         1

 0.460039 -0.868637  0.183942   1.94258
-0.563417 -0.125471   0.81659  0.850233
-0.686241 -0.479299 -0.547126   1.44301
        0         0         0         1

 0.460039 -0.868637  0.183942   1.94258
-0.563417 -0.125471   0.81659  0.850233
-0.686241 -0.479299 -0.547126   1.44301
        0         0         0         1

  0.44409  -0.88258  0.154393   1.95118
-0.537639 -0.124646  0.833911  0.849246
-0.716749 -0.453339 -0.529863   1.41453
        0         0         0         1

  0.44409  -0.88258  0.154393   1.95118
-0.537639 -0.124646  0.833911  0.849246
-0.716749 -0.453339 -0.529863   1.41453
        0         0         0         1

 0.444737 -0.886656  0.126686      1.95
-0.511336 -0.135222  0.848675  0.852753
-0.735353 -0.442217 -0.513518   1.40361
        0         0         0         1

 0.444737 -0.886656  0.126686      1.95
-0.511336 -0.135222  0.848675  0.852753
-0.735353 -0.442217 -0.513518   1.40361
        0         0         0         1

 0.436494 -0.893656  0.104168   1.95117
 -0.50231 -0.146003  0.852272  0.854789
 -0.74643 -0.424336 -0.512622   1.38396
        0         0         0         1

 0.436494 -0.893656  0.104168   1.95117
 -0.50231 -0.146003  0.852272  0.854789
 -0.74643 -0.424336 -0.512622   1.38396
        0         0         0         1

 0.427342 -0.900052 0.0853543   1.95666
 -0.48013 -0.145937  0.864973  0.854501
-0.766064  -0.41062 -0.494507   1.36971
        0         0         0         1

 0.427342 -0.900052 0.0853543   1.95666
 -0.48013 -0.145937  0.864973  0.854501
-0.766064  -0.41062 -0.494507   1.36971
        0         0         0         1

 0.424422 -0.902481 0.0734386   1.95811
 -0.46929 -0.149885  0.870231   0.85574
 -0.77436 -0.403809  -0.48714    1.3584
        0         0         0         1

 0.424422 -0.902481 0.0734386   1.95811
 -0.46929 -0.149885  0.870231   0.85574
 -0.77436 -0.403809  -0.48714    1.3584
        0         0         0         1

 0.421152 -0.905047 0.0593443   1.96066
-0.459064 -0.156275   0.87455  0.858471
-0.782235 -0.395561  -0.48129   1.34437
        0         0         0         1

 0.421152 -0.905047 0.0593443   1.96066
-0.459064 -0.156275   0.87455  0.858471
-0.782235 -0.395561  -0.48129   1.34437
        0         0         0         1

 0.423874 -0.904348 0.0498445   1.95952
-0.450688 -0.162865  0.877699  0.861652
-0.785627 -0.394498 -0.476614    1.3396
        0         0         0         1

 0.423874 -0.904348 0.0498445   1.95952
-0.450688 -0.162865  0.877699  0.861652
-0.785627 -0.394498 -0.476614    1.3396
        0         0         0         1

 0.421405 -0.905575 0.0484921   1.96318
-0.450323 -0.162543  0.877946  0.861068
-0.787164 -0.391808 -0.476298   1.33234
        0         0         0         1

 0.421405 -0.905575 0.0484921   1.96318
-0.450323 -0.162543  0.877946  0.861068
-0.787164 -0.391808 -0.476298   1.33234
        0         0         0         1

 0.410573 -0.911222 0.0332362   1.96843
-0.449492 -0.170547  0.876853  0.861447
-0.793339 -0.374951 -0.479609   1.31918
        0         0         0         1

 0.410573 -0.911222 0.0332362   1.96843
-0.449492 -0.170547  0.876853  0.861447
-0.793339 -0.374951 -0.479609   1.31918
        0         0         0         1

   0.4073 -0.913094 0.0191075   1.96617
-0.450106 -0.182485   0.87413  0.864713
-0.794677 -0.364634 -0.485315   1.31657
        0         0         0         1

   0.4073 -0.913094 0.0191075   1.96617
-0.450106 -0.182485   0.87413  0.864713
-0.794677 -0.364634 -0.485315   1.31657
        0         0         0         1

  0.398205  -0.917274 0.00643387    1.96621
 -0.456391  -0.192033    0.86881   0.865468
 -0.795701    -0.3489  -0.495105    1.30784
         0          0          0          1

  0.398205  -0.917274 0.00643387    1.96621
 -0.456391  -0.192033    0.86881   0.865468
 -0.795701    -0.3489  -0.495105    1.30784
         0          0          0          1

  0.400166  -0.916411 0.00765627    1.96638
  -0.45935   -0.19334   0.866958   0.865755
  -0.79301  -0.350444  -0.498322    1.30471
         0          0          0          1

  0.400166  -0.916411 0.00765627    1.96638
  -0.45935   -0.19334   0.866958   0.865755
  -0.79301  -0.350444  -0.498322    1.30471
         0          0          0          1

 0.405683 -0.913919 0.0131633   1.96661
-0.459658 -0.191549  0.867193  0.864806
-0.790023 -0.357856 -0.497799   1.30325
        0         0         0         1

 0.405683 -0.913919 0.0131633   1.96661
-0.459658 -0.191549  0.867193  0.864806
-0.790023 -0.357856 -0.497799   1.30325
        0         0         0         1

 0.413243  -0.91044 0.0181411   1.96739
 -0.46286  -0.19285  0.865199  0.863791
-0.784213 -0.365934   -0.5011   1.30373
        0         0         0         1

 0.413243  -0.91044 0.0181411   1.96739
 -0.46286  -0.19285  0.865199  0.863791
-0.784213 -0.365934   -0.5011   1.30373
        0         0         0         1

  0.41681 -0.908836 0.0169129   1.96745
 -0.46602 -0.197677  0.862409  0.863442
-0.780445 -0.367342  -0.50593   1.30333
        0         0         0         1

  0.41681 -0.908836 0.0169129   1.96745
 -0.46602 -0.197677  0.862409  0.863442
-0.780445 -0.367342  -0.50593   1.30333
        0         0         0         1

 0.419001 -0.907871 0.0144154   1.96734
-0.465816 -0.201302  0.861681   0.86266
-0.779393  -0.36776 -0.507246   1.30526
        0         0         0         1

 0.419001 -0.907871 0.0144154   1.96734
-0.465816 -0.201302  0.861681   0.86266
-0.779393  -0.36776 -0.507246   1.30526
        0         0         0         1

 0.415843 -0.909333 0.0136895    1.9688
-0.468736 -0.201408   0.86007  0.860737
-0.779334 -0.364071 -0.509992    1.3046
        0         0         0         1

 0.415843 -0.909333 0.0136895    1.9688
-0.468736 -0.201408   0.86007  0.860737
-0.779334 -0.364071 -0.509992    1.3046
        0         0         0         1

 0.415617 -0.909468 0.0113945   1.96841
-0.469526 -0.203805  0.859075   0.86027
-0.778979 -0.362396 -0.511724   1.30513
        0         0         0         1

 0.415617 -0.909468 0.0113945   1.96841
-0.469526 -0.203805  0.859075   0.86027
-0.778979 -0.362396 -0.511724   1.30513
        0         0         0         1

 0.418889  -0.90797 0.0111155    1.9671
-0.470778 -0.206692  0.857699  0.860314
-0.776467 -0.364513 -0.514033   1.30765
        0         0         0         1

 0.418889  -0.90797 0.0111155    1.9671
-0.470778 -0.206692  0.857699  0.860314
-0.776467 -0.364513 -0.514033   1.30765
        0         0         0         1

  0.42309 -0.905896 0.0186262   1.96709
-0.474109 -0.203816  0.856551  0.858871
 -0.77215 -0.371229 -0.515726   1.31417
        0         0         0         1

  0.42309 -0.905896 0.0186262   1.96709
-0.474109 -0.203816  0.856551  0.858871
 -0.77215 -0.371229 -0.515726   1.31417
        0         0         0         1

  0.42908 -0.902609 0.0344548   1.96649
-0.486514 -0.198802  0.850754  0.857583
-0.761048 -0.381804 -0.524434   1.32018
        0         0         0         1

  0.42908 -0.902609 0.0344548   1.96649
-0.486514 -0.198802  0.850754  0.857583
-0.761048 -0.381804 -0.524434   1.32018
        0         0         0         1

  0.44434 -0.894953 0.0402623   1.95816
-0.488427 -0.204336  0.848343  0.860182
   -0.751 -0.396618 -0.527914   1.33017
        0         0         0         1

  0.44434 -0.894953 0.0402623   1.95816
-0.488427 -0.204336  0.848343  0.860182
   -0.751 -0.396618 -0.527914   1.33017
        0         0         0         1

 0.455694 -0.888232    0.0582   1.95916
-0.497596  -0.19998  0.844042  0.858018
-0.738066 -0.413585  -0.53311   1.34195
        0         0         0         1

 0.455694 -0.888232    0.0582   1.95916
-0.497596  -0.19998  0.844042  0.858018
-0.738066 -0.413585  -0.53311   1.34195
        0         0         0         1

 0.470135 -0.879524 0.0735559   1.95456
-0.513189 -0.204607  0.833531   0.85797
 -0.71806  -0.42962 -0.547555   1.35822
        0         0         0         1

 0.470135 -0.879524 0.0735559   1.95456
-0.513189 -0.204607  0.833531   0.85797
 -0.71806  -0.42962 -0.547555   1.35822
        0         0         0         1

 0.482165  -0.87226 0.0817309   1.95005
-0.521543 -0.210829  0.826767  0.858225
-0.703924 -0.441264 -0.556576    1.3728
        0         0         0         1

 0.482165  -0.87226 0.0817309   1.95005
-0.521543 -0.210829  0.826767  0.858225
-0.703924 -0.441264 -0.556576    1.3728
        0         0         0         1

 0.498166 -0.861164  0.101133   1.94252
-0.539826 -0.216756  0.813391  0.858512
-0.678542 -0.459797 -0.572859   1.39646
        0         0         0         1

 0.498166 -0.861164  0.101133   1.94252
-0.539826 -0.216756  0.813391  0.858512
-0.678542 -0.459797 -0.572859   1.39646
        0         0         0         1

 0.506513 -0.853606  0.121658   1.94115
-0.556443 -0.215827  0.802365   0.85754
-0.658647 -0.474104 -0.584303   1.41581
        0         0         0         1

 0.506513 -0.853606  0.121658   1.94115
-0.556443 -0.215827  0.802365   0.85754
-0.658647 -0.474104 -0.584303   1.41581
        0         0         0         1

 0.518558 -0.844047   0.13668   1.93649
-0.570872 -0.222759  0.790243  0.857326
-0.636556 -0.487814 -0.597356   1.43508
        0         0         0         1

 0.518558 -0.844047   0.13668   1.93649
-0.570872 -0.222759  0.790243  0.857326
-0.636556 -0.487814 -0.597356   1.43508
        0         0         0         1

 0.533397 -0.829706  0.164545   1.92686
-0.597871 -0.232202  0.767224  0.860973
-0.598363 -0.507612 -0.619913   1.46543
        0         0         0         1

 0.533397 -0.829706  0.164545   1.92686
-0.597871 -0.232202  0.767224  0.860973
-0.598363 -0.507612 -0.619913   1.46543
        0         0         0         1

 0.542853 -0.819548  0.183442   1.92319
-0.615323 -0.239475  0.751019  0.861456
-0.571567 -0.520569 -0.634286   1.48893
        0         0         0         1

 0.542853 -0.819548  0.183442   1.92319
-0.615323 -0.239475  0.751019  0.861456
-0.571567 -0.520569 -0.634286   1.48893
        0         0         0         1

 0.550955 -0.810487  0.198896   1.91403
-0.628858 -0.246526  0.737402   0.86542
-0.548622 -0.531353 -0.645506    1.5138
        0         0         0         1

 0.550955 -0.810487  0.198896   1.91403
-0.628858 -0.246526  0.737402   0.86542
-0.548622 -0.531353 -0.645506    1.5138
        0         0         0         1

 0.569058 -0.792319  0.220011   1.89731
-0.643575 -0.262596  0.718925  0.875107
-0.511844 -0.550704 -0.659349   1.55407
        0         0         0         1

 0.569058 -0.792319  0.220011   1.89731
-0.643575 -0.262596  0.718925  0.875107
-0.511844 -0.550704 -0.659349   1.55407
        0         0         0         1

 0.579815 -0.782067  0.228443   1.88611
-0.652253 -0.277535  0.705365  0.881643
-0.488242 -0.557984 -0.671025   1.57829
        0         0         0         1

 0.579815 -0.782067  0.228443   1.88611
-0.652253 -0.277535  0.705365  0.881643
-0.488242 -0.557984 -0.671025   1.57829
        0         0         0         1

 0.587976 -0.771233  0.243894   1.87278
-0.667008 -0.291713  0.685568   0.89083
-0.457586 -0.565777 -0.685939   1.62312
        0         0         0         1

 0.587976 -0.771233  0.243894   1.87278
-0.667008 -0.291713  0.685568   0.89083
-0.457586 -0.565777 -0.685939   1.62312
        0         0         0         1

 0.591931 -0.767196  0.247038    1.8617
-0.678628 -0.309046  0.666299  0.899819
-0.434836  -0.56205 -0.703575   1.64806
        0         0         0         1

 0.591931 -0.767196  0.247038    1.8617
-0.678628 -0.309046  0.666299  0.899819
-0.434836  -0.56205 -0.703575   1.64806
        0         0         0         1

 0.602863 -0.758357   0.24789   1.83864
-0.688403 -0.337366  0.642095   0.91978
-0.403308 -0.557744 -0.725441   1.69194
        0         0         0         1

 0.602863 -0.758357   0.24789   1.83864
-0.688403 -0.337366  0.642095   0.91978
-0.403308 -0.557744 -0.725441   1.69194
        0         0         0         1

 0.607847 -0.752975  0.252092   1.82279
-0.695897  -0.35225  0.625817  0.932935
-0.382425 -0.555832 -0.738107   1.72325
        0         0         0         1

 0.607847 -0.752975  0.252092   1.82279
-0.695897  -0.35225  0.625817  0.932935
-0.382425 -0.555832 -0.738107   1.72325
        0         0         0         1

 0.608967 -0.751042  0.255137   1.80865
-0.707026 -0.368161  0.603798  0.948917
-0.359546 -0.548081 -0.755204   1.74838
        0         0         0         1

 0.608967 -0.751042  0.255137   1.80865
-0.707026 -0.368161  0.603798  0.948917
-0.359546 -0.548081 -0.755204   1.74838
        0         0         0         1

 0.616461 -0.743441  0.259367   1.78154
 -0.71603 -0.392285   0.57742  0.975171
-0.327532 -0.541671 -0.774155   1.79079
        0         0         0         1

 0.616461 -0.743441  0.259367   1.78154
 -0.71603 -0.392285   0.57742  0.975171
-0.327532 -0.541671 -0.774155   1.79079
        0         0         0         1

 0.614093  -0.74208  0.268713   1.76829
-0.724254 -0.394577  0.565479  0.989043
-0.313603 -0.541873 -0.779761   1.82556
        0         0         0         1

 0.614093  -0.74208  0.268713   1.76829
-0.724254 -0.394577  0.565479  0.989043
-0.313603 -0.541873 -0.779761   1.82556
        0         0         0         1

 0.616452 -0.739392  0.270715   1.73926
-0.732546  -0.41248  0.541513   1.01891
-0.288726 -0.532128 -0.795913   1.86574
        0         0         0         1

 0.616452 -0.739392  0.270715   1.73926
-0.732546  -0.41248  0.541513   1.01891
-0.288726 -0.532128 -0.795913   1.86574
        0         0         0         1

 0.616142 -0.739394  0.271414   1.72298
-0.738391 -0.422308   0.52577   1.04048
-0.274131 -0.524359 -0.806164    1.8881
        0         0         0         1

 0.616142 -0.739394  0.271414   1.72298
-0.738391 -0.422308   0.52577   1.04048
-0.274131 -0.524359 -0.806164    1.8881
        0         0         0         1

  0.61646 -0.737668   0.27536   1.70175
 -0.74432 -0.431873  0.509385   1.06358
-0.256837 -0.518971 -0.815294    1.9103
        0         0         0         1

  0.61646 -0.737668   0.27536   1.70175
 -0.74432 -0.431873  0.509385   1.06358
-0.256837 -0.518971 -0.815294    1.9103
        0         0         0         1

 0.622225 -0.728268  0.287161   1.66141
-0.747378 -0.443478  0.494726   1.09903
-0.232943 -0.522449 -0.820235   1.94947
        0         0         0         1

 0.622225 -0.728268  0.287161   1.66141
-0.747378 -0.443478  0.494726   1.09903
-0.232943 -0.522449 -0.820235   1.94947
        0         0         0         1

 0.615109 -0.731669   0.29377   1.64263
-0.755534 -0.440472  0.484926   1.11987
-0.225408 -0.520235 -0.823739    1.9726
        0         0         0         1

 0.615109 -0.731669   0.29377   1.64263
-0.755534 -0.440472  0.484926   1.11987
-0.225408 -0.520235 -0.823739    1.9726
        0         0         0         1

 0.604872 -0.736747  0.302215   1.61562
-0.768495 -0.440612   0.46398   1.15802
-0.208676 -0.512899   -0.8327   1.99902
        0         0         0         1

 0.604872 -0.736747  0.302215   1.61562
-0.768495 -0.440612   0.46398   1.15802
-0.208676 -0.512899   -0.8327   1.99902
        0         0         0         1

 0.602346 -0.735035  0.311291   1.58934
-0.772897 -0.439573  0.457609   1.18195
-0.199524 -0.516235 -0.832882   2.02487
        0         0         0         1

 0.602346 -0.735035  0.311291   1.58934
-0.772897 -0.439573  0.457609   1.18195
-0.199524 -0.516235 -0.832882   2.02487
        0         0         0         1

 0.597534 -0.735037  0.320428   1.56036
-0.779872 -0.439834  0.445359   1.20934
-0.186421  -0.51601 -0.836051   2.04544
        0         0         0         1

