  0.813626  -0.579144 -0.0510413   0.983261
 -0.576579  -0.792507  -0.198719    1.06816
 0.0746361   0.191112  -0.978727    2.25071
         0          0          0          1

  0.816211  -0.573668 -0.0685916    1.00019
 -0.575628  -0.797277  -0.181663    1.04047
 0.0495278   0.187759  -0.980966    2.23572
         0          0          0          1

  0.816059  -0.573256 -0.0736542    1.00528
 -0.576478  -0.798173   -0.17491    1.03226
 0.0414792   0.185197  -0.981826    2.23037
         0          0          0          1

   0.81382  -0.573843 -0.0916548    1.02075
 -0.580615  -0.796389  -0.169265     1.0187
 0.0241389   0.190968  -0.981299    2.21858
         0          0          0          1

  0.814809  -0.571552 -0.0970253    1.02327
 -0.579514  -0.798459   -0.16318    1.00964
 0.0157953   0.189188  -0.981814    2.21372
         0          0          0          1

  0.81166 -0.569976 -0.127807   1.04678
-0.583962 -0.797004 -0.154183  0.984657
-0.0139822  0.199779 -0.979741    2.1906
        0         0         0         1

 0.809303 -0.570491 -0.139888   1.05581
-0.586903 -0.795073 -0.152986  0.978137
-0.0239439  0.205913 -0.978277   2.18286
        0         0         0         1

 0.805399  -0.57036 -0.161316   1.07205
-0.590985 -0.793601 -0.144685  0.962553
-0.0454979  0.211864 -0.976239   2.17125
        0         0         0         1

 0.804411  -0.56909 -0.170468   1.07822
-0.591631 -0.793406 -0.143106  0.954995
 -0.05381   0.21597 -0.974916   2.16442
        0         0         0         1

 0.806657 -0.562118 -0.182559   1.08223
-0.587172 -0.797406  -0.13919  0.938851
-0.0673323  0.219472 -0.973293   2.15047
        0         0         0         1

 0.805879 -0.560506 -0.190766    1.0862
-0.587502 -0.796994 -0.140147  0.931959
-0.0734861  0.225017  -0.97158   2.14193
        0         0         0         1

 0.803999 -0.552439  -0.21999   1.10129
-0.585551 -0.799951  -0.13118  0.904027
-0.103513  0.234284 -0.966642   2.11945
        0         0         0         1

 0.802389 -0.551979 -0.226915   1.10554
-0.586888 -0.798814 -0.132136  0.898166
-0.108327  0.239198 -0.964909   2.10824
        0         0         0         1

 0.797245 -0.551872 -0.244617   1.11738
-0.591233 -0.795643 -0.131894  0.884702
-0.121839  0.249778 -0.960607   2.08852
        0         0         0         1

 0.793374 -0.552734 -0.255035   1.12442
-0.594008 -0.794556 -0.125834  0.876464
-0.133087  0.251326 -0.958709    2.0814
        0         0         0         1

 0.785959 -0.551566 -0.279362   1.13713
-0.597758 -0.793326 -0.115412  0.852087
-0.157967    0.2577 -0.953225   2.04643
        0         0         0         1

 0.783514 -0.551026 -0.287187    1.1408
-0.598691 -0.793183  -0.11149  0.845127
-0.166358   0.25929 -0.951364   2.03683
        0         0         0         1

 0.776783  -0.55239 -0.302447   1.15118
 -0.60277 -0.791242 -0.102983  0.832041
-0.182422  0.262301 -0.947587   2.01482
        0         0         0         1

  0.774571  -0.552338   -0.30816    1.15365
 -0.603486  -0.791244 -0.0986802   0.825234
 -0.189325   0.262405  -0.946203    2.00398
         0          0          0          1

  0.767848  -0.553309  -0.322891    1.16072
 -0.605531  -0.791393 -0.0838416   0.810351
 -0.209143   0.259898  -0.942715    1.98328
         0          0          0          1

  0.764916  -0.553752  -0.329033    1.16405
 -0.606349  -0.791392 -0.0777151    0.80343
 -0.217359   0.258954  -0.941115    1.97283
         0          0          0          1

  0.752736  -0.555529  -0.353237    1.17414
 -0.609406   -0.79097 -0.0546805   0.780325
 -0.249024   0.256425  -0.933934    1.93202
         0          0          0          1

  0.749491  -0.555685  -0.359831    1.17596
 -0.609437  -0.791429 -0.0471949    0.77368
 -0.258555   0.254666  -0.931823    1.92043
         0          0          0          1

  0.739023  -0.558173  -0.377212    1.18148
 -0.611962  -0.790339 -0.0294478   0.760328
 -0.281688   0.252602  -0.925659    1.89684
         0          0          0          1

  0.735196  -0.559122  -0.383236    1.18252
 -0.612044  -0.790551 -0.0207649   0.753928
 -0.291357   0.249824  -0.923417    1.88495
         0          0          0          1

  0.719666  -0.563232  -0.406019    1.18791
 -0.613054  -0.789987 0.00924085   0.732306
 -0.325954   0.242261  -0.913818    1.84336
         0          0          0          1

 0.714314 -0.565836 -0.411807   1.18963
-0.614428 -0.788768 0.0180156  0.726612
-0.335014  0.240157 -0.911093   1.83148
        0         0         0         1

 0.701345 -0.572121 -0.425198   1.19392
-0.617587 -0.785568 0.0383307  0.715008
-0.355951  0.235713 -0.904289   1.80826
        0         0         0         1

 0.695627 -0.574059 -0.431925   1.19531
-0.618997 -0.784092  0.045202  0.709932
-0.364618  0.235917 -0.900776   1.79586
        0         0         0         1

 0.684033 -0.578695 -0.444084   1.19706
-0.620961 -0.781403  0.061781   0.69928
-0.382761  0.233499 -0.893852   1.77307
        0         0         0         1

 0.677352 -0.581123 -0.451099   1.19851
-0.623706 -0.778803 0.0667536  0.694958
-0.390109  0.236137 -0.889974   1.76119
        0         0         0         1

 0.656687 -0.589418 -0.470476   1.20048
-0.629807 -0.771773 0.0878065   0.67928
-0.414856  0.238648 -0.878033   1.72325
        0         0         0         1

 0.649467  -0.59244 -0.476664   1.20157
-0.632826 -0.768673 0.0931323  0.675393
-0.421574  0.241159 -0.874138    1.7126
        0         0         0         1

 0.636269 -0.598012 -0.487384   1.20266
-0.636906 -0.763681  0.105556  0.667364
 -0.43533  0.243256 -0.866784   1.69239
        0         0         0         1

 0.631316  -0.60077 -0.490424   1.20259
-0.638449 -0.761604  0.111098   0.66389
-0.440253  0.242973 -0.864373   1.68303
        0         0         0         1

 0.611807 -0.611915 -0.501251   1.20224
-0.645219 -0.752636  0.131271  0.652639
-0.457586  0.243104 -0.855287   1.65006
        0         0         0         1

 0.606776 -0.615377 -0.503124   1.20197
-0.647359 -0.749872  0.136451  0.649933
-0.461247  0.242907 -0.853374   1.64077
        0         0         0         1

 0.597717 -0.623096 -0.504466   1.20127
-0.650512  -0.74472  0.149088  0.644802
-0.468582  0.239049 -0.850462   1.62338
        0         0         0         1

 0.592053 -0.628314 -0.504673   1.20168
-0.653378 -0.740823  0.155815  0.642554
-0.471774  0.237492 -0.849133   1.61468
        0         0         0         1

 0.584448 -0.636527 -0.503243   1.20079
-0.654501 -0.736396  0.171317  0.638101
-0.479634  0.229248 -0.846993    1.5984
        0         0         0         1

 0.580505 -0.640583 -0.502661   1.20058
-0.655301 -0.733959  0.178561  0.636317
-0.483316  0.225739 -0.845842   1.59021
        0         0         0         1

 0.568362 -0.654674 -0.498364   1.19998
-0.655791 -0.726254   0.20614  0.630605
-0.496893   0.20966 -0.842105   1.56239
        0         0         0         1

 0.566707 -0.656949 -0.497253   1.19988
  -0.6546 -0.725503  0.212472  0.629599
-0.500341  0.205092 -0.841187   1.55513
        0         0         0         1

 0.562224 -0.662083  -0.49553   1.20026
-0.653055 -0.723068  0.225148  0.627383
-0.507369  0.197025 -0.838903   1.54019
        0         0         0         1

 0.561853  -0.66193 -0.496156   1.19968
-0.650162 -0.724181  0.229892  0.626579
-0.511479  0.193416 -0.837245   1.53364
        0         0         0         1

 0.556197 -0.660135 -0.504843   1.20099
-0.642964 -0.726702   0.24187   0.62458
-0.526537  0.190069 -0.828633   1.50947
        0         0         0         1

 0.554786 -0.658648 -0.508326   1.20182
-0.640657 -0.728002  0.244074  0.624321
-0.530821  0.190254 -0.825853   1.50327
        0         0         0         1

 0.552951 -0.654128 -0.516103   1.20307
-0.635904  -0.73155  0.245888  0.624131
-0.538397  0.192228 -0.820474   1.48984
        0         0         0         1

 0.552276 -0.651659 -0.519935   1.20367
 -0.63297 -0.733655  0.247182  0.624107
-0.542531  0.192591 -0.817661   1.48397
        0         0         0         1

 0.551764 -0.646394 -0.527003   1.20466
-0.626209 -0.738449  0.250111  0.624145
-0.550835  0.192012 -0.812227   1.47278
        0         0         0         1

 0.551883  -0.64397 -0.529837   1.20528
-0.623242 -0.740648  0.251017  0.624315
-0.554071  0.191684   -0.8101   1.46742
        0         0         0         1

 0.551978  -0.62996 -0.546325   1.20798
-0.612746 -0.750802  0.246655  0.625986
-0.565564  0.198611 -0.800432   1.44965
        0         0         0         1

 0.551636 -0.627497 -0.549495   1.20856
-0.612126 -0.752071  0.244319  0.626472
-0.566568  0.201585 -0.798977   1.44448
        0         0         0         1

 0.551118 -0.626679 -0.550948   1.20959
-0.611615 -0.752534   0.24417  0.626731
-0.567623  0.202402 -0.798021   1.43555
        0         0         0         1

 0.551606 -0.629022  -0.54778   1.20983
-0.611899 -0.751464  0.246742  0.626548
-0.566843  0.199081  -0.79941   1.43225
        0         0         0         1

 0.558418 -0.636375 -0.532162   1.20871
-0.612373 -0.748973  0.253059  0.625749
-0.559615  0.184569 -0.807939   1.42202
        0         0         0         1

 0.561687 -0.637706 -0.527104   1.20886
-0.612409 -0.748836  0.253376   0.62555
-0.556294  0.180486 -0.811149   1.42062
        0         0         0         1

 0.569648 -0.638639  -0.51734   1.20826
-0.611775  -0.74982  0.251997  0.625638
-0.548847  0.172946 -0.817837   1.41817
        0         0         0         1

 0.573439 -0.639339 -0.512263   1.20854
-0.611396 -0.750175  0.251858  0.625536
 -0.54531   0.16877 -0.821069    1.4175
        0         0         0         1

  0.58435 -0.637454 -0.502183   1.20679
-0.607654 -0.753874  0.249864  0.626001
-0.537859  0.159146 -0.827877   1.41602
        0         0         0         1

 0.589547 -0.635711 -0.498304   1.20617
-0.605553 -0.756116  0.248181  0.626228
-0.534547  0.155435 -0.830722   1.41481
        0         0         0         1

 0.602285 -0.625519 -0.495963   1.20498
-0.596032 -0.765667  0.241869  0.627668
-0.531036  0.149936 -0.833978   1.41211
        0         0         0         1

 0.604661 -0.621992 -0.497505   1.20444
-0.593107 -0.768528  0.239976  0.628095
 -0.53161   0.14997 -0.833607   1.41182
        0         0         0         1

 0.609274 -0.614738 -0.500882   1.20342
 -0.58757 -0.774168  0.235425  0.628893
-0.532491  0.150865 -0.832882    1.4112
        0         0         0         1

 0.611909 -0.610925 -0.502333    1.2026
 -0.58534 -0.776929  0.231859  0.629087
-0.531926  0.152159 -0.833008   1.41087
        0         0         0         1

 0.620593 -0.596871 -0.508536   1.20038
-0.577246 -0.786685  0.218893   0.62949
-0.530709  0.157708 -0.832752   1.41182
        0         0         0         1

 0.623477 -0.591938  -0.51077   1.19985
-0.574423 -0.789993  0.214358  0.629238
-0.530391   0.15975 -0.832565    1.4128
        0         0         0         1

 0.628106 -0.583447 -0.514852   1.20009
-0.569901 -0.795434  0.206149  0.628672
-0.529807  0.163931 -0.832124   1.41557
        0         0         0         1

 0.630195 -0.578742 -0.517602   1.20051
-0.568476  -0.79799  0.200116  0.628475
-0.528857  0.168133  -0.83189   1.41667
        0         0         0         1

 0.634169 -0.568588 -0.523964   1.20163
-0.564505 -0.803558  0.188756  0.627945
-0.528359  0.176077 -0.830562   1.41928
        0         0         0         1

 0.635744 -0.563818 -0.527199   1.20228
-0.562341 -0.806165   0.18404  0.627519
-0.528774  0.179464 -0.829573   1.42079
        0         0         0         1

 0.639266 -0.550457  -0.53697    1.2062
-0.557833 -0.812587  0.168893  0.625309
-0.529303  0.191572 -0.826522   1.42601
        0         0         0         1

 0.640395 -0.546228 -0.539935   1.20705
 -0.55601 -0.814689  0.164723   0.62466
-0.529856  0.194722 -0.825431   1.42761
        0         0         0         1

 0.641127 -0.539958 -0.545346   1.20912
-0.553959   -0.8174  0.158071  0.623284
-0.531117  0.200755 -0.823172   1.43005
        0         0         0         1

 0.642197 -0.536515  -0.54748   1.20929
 -0.55201 -0.819243  0.155324   0.62268
-0.531853  0.202466 -0.822277   1.43118
        0         0         0         1

 0.641619 -0.530012 -0.554447   1.21091
-0.548668 -0.822272  0.151103  0.620715
-0.535993  0.207257 -0.818386   1.43337
        0         0         0         1

 0.641598 -0.529294 -0.555158   1.21083
-0.547592 -0.822881   0.15169   0.62042
-0.537118  0.206676 -0.817795   1.43351
        0         0         0         1

 0.639567 -0.530214 -0.556622   1.21136
-0.546065 -0.822993  0.156511  0.619667
 -0.54108  0.203852  -0.81589   1.43394
        0         0         0         1

 0.638533 -0.531569 -0.556516    1.2115
 -0.54532 -0.822776  0.160206  0.619288
-0.543048  0.201182 -0.815245   1.43376
        0         0         0         1

 0.637364 -0.534561 -0.554988   1.21145
-0.544485 -0.822076  0.166516  0.619081
-0.545255  0.196051 -0.815022   1.43232
        0         0         0         1

 0.636849 -0.535534 -0.554641   1.21088
-0.542556 -0.822409  0.171104  0.619044
-0.547774  0.191956 -0.814307   1.43221
        0         0         0         1

 0.636624 -0.539152 -0.551385   1.20879
-0.539092 -0.822407  0.181731  0.619799
-0.551443  0.181553 -0.814217   1.42893
        0         0         0         1

  0.63567 -0.541505 -0.550179    1.2086
-0.539011 -0.821545  0.185825  0.620002
-0.552622  0.178429 -0.814108   1.42801
        0         0         0         1

 0.634193 -0.547002 -0.546432   1.20755
-0.538582 -0.819607  0.195381  0.620409
-0.554733  0.170389 -0.814395   1.42651
        0         0         0         1

 0.633279 -0.550991 -0.543477    1.2068
-0.538914 -0.817954  0.201301  0.620369
-0.555454  0.165408  -0.81493   1.42565
        0         0         0         1

 0.631211 -0.559136  -0.53753   1.20514
-0.539141  -0.81453  0.214168  0.620204
-0.557584  0.154619 -0.815594   1.42423
        0         0         0         1

 0.630508 -0.562987 -0.534327   1.20445
-0.539451 -0.812809  0.219851  0.620046
-0.558079  0.149625 -0.816187   1.42381
        0         0         0         1

 0.629604 -0.572884 -0.524788   1.20339
-0.541912 -0.807853  0.231743  0.619559
-0.556714  0.138483  -0.81908   1.42159
        0         0         0         1

 0.629553 -0.574024 -0.523603    1.2031
-0.541784 -0.807373  0.233707  0.619482
-0.556896  0.136549 -0.819281   1.42137
        0         0         0         1

 0.627532 -0.578602 -0.520984   1.20401
-0.542433 -0.804918   0.24057  0.618925
-0.558543  0.131634 -0.818964   1.42181
        0         0         0         1

 0.627541 -0.579146 -0.520367   1.20358
-0.542717   -0.8046  0.240991  0.618687
-0.558257   0.13118 -0.819232   1.42127
        0         0         0         1

  0.62259 -0.584183 -0.520685   1.20511
-0.544666 -0.801242   0.24769  0.617639
-0.561891   0.12939 -0.817029   1.42102
        0         0         0         1

 0.621541 -0.584761 -0.521288    1.2056
-0.544394 -0.800914  0.249344  0.617393
-0.563313  0.128808 -0.816141   1.42129
        0         0         0         1

  0.61953 -0.585178 -0.523211    1.2063
-0.544437 -0.800484  0.250626  0.616948
-0.565483  0.129585 -0.814516   1.42138
        0         0         0         1

 0.617836 -0.586092  -0.52419   1.20671
-0.544661 -0.799808  0.252293  0.616738
-0.567118  0.129631 -0.813371   1.42161
        0         0         0         1

 0.614549 -0.587919 -0.526004   1.20746
-0.545291 -0.798418  0.255315  0.616276
-0.570076  0.129922 -0.811254   1.42188
        0         0         0         1

 0.612272 -0.589451 -0.526945   1.20813
-0.546213  -0.79721  0.257115  0.616017
-0.571642    0.1304 -0.810075   1.42195
        0         0         0         1

 0.604699 -0.594324 -0.530206   1.20992
-0.549219 -0.793274  0.262821  0.615414
-0.576799  0.132271 -0.806106   1.42222
        0         0         0         1

 0.602269 -0.596003 -0.531085   1.21039
-0.550389 -0.791893  0.264531  0.615302
-0.578224  0.132985 -0.804967   1.42223
        0         0         0         1

 0.595878 -0.601624 -0.531957   1.21237
-0.553631 -0.787582   0.27057  0.615076
-0.581741  0.133281  -0.80238   1.42254
        0         0         0         1

 0.594116 -0.602913 -0.532468   1.21224
-0.555427 -0.786305    0.2706  0.615066
-0.581831  0.134979 -0.802031   1.42165
        0         0         0         1

 0.584661 -0.610878 -0.533853   1.21346
 -0.56043 -0.779911   0.27867   0.61503
-0.586592  0.136259 -0.798338   1.42215
        0         0         0         1

  0.58223  -0.61207 -0.535143   1.21337
-0.561719 -0.778692  0.279483  0.615141
-0.587775  0.137877 -0.797189   1.42238
        0         0         0         1

 0.576578 -0.615223 -0.537642   1.21384
-0.564993 -0.775565  0.281569   0.61562
-0.590204  0.141417 -0.794771   1.42308
        0         0         0         1

 0.573214 -0.616739 -0.539499   1.21428
-0.567453 -0.773751  0.281613  0.615971
 -0.59112  0.144716 -0.793495   1.42332
        0         0         0         1

 0.566795 -0.618926 -0.543758   1.21479
-0.572676 -0.770468  0.280037  0.616942
-0.592271  0.152674 -0.791142   1.42362
        0         0         0         1

 0.563192 -0.620165 -0.546086   1.21507
-0.575156 -0.768702  0.279808  0.617518
-0.593305  0.156498 -0.789619   1.42406
        0         0         0         1

 0.551624  -0.62388 -0.553611   1.21703
 -0.58384 -0.762824  0.277903  0.620463
-0.595686  0.169923 -0.785038   1.42658
        0         0         0         1

 0.548983  -0.62444 -0.555601   1.21788
-0.587323 -0.761153  0.275132    0.6216
-0.594701  0.175274 -0.784608   1.42678
        0         0         0         1

 0.548549 -0.621006 -0.559862   1.21688
-0.588382 -0.762447  0.269224  0.623615
-0.594055   0.18173 -0.783628   1.42889
        0         0         0         1

 0.546798  -0.62108 -0.561491   1.21773
  -0.5906 -0.761467  0.267134  0.624638
-0.593468  0.185548 -0.783178   1.42981
        0         0         0         1

 0.546751 -0.615368  -0.56779   1.21731
-0.592726 -0.763424  0.256632  0.628744
-0.591388   0.19623 -0.782147   1.43455
        0         0         0         1

 0.546486   -0.6143   -0.5692   1.21703
-0.593983 -0.763443  0.253653  0.630092
 -0.59037  0.199477 -0.782095   1.43587
        0         0         0         1

 0.547532 -0.611584 -0.571116   1.21583
-0.594412  -0.76465  0.248966  0.632476
-0.588968  0.203161 -0.782203   1.43933
        0         0         0         1

 0.547708 -0.611121 -0.571443   1.21548
-0.594989 -0.764678  0.247498    0.6337
-0.588221  0.204445 -0.782431   1.44127
        0         0         0         1

 0.549304 -0.609932 -0.571182    1.2143
-0.595425 -0.765278  0.244577  0.636257
-0.586288  0.205749 -0.783539   1.44533
        0         0         0         1

  0.55029 -0.609365 -0.570837   1.21358
-0.595381 -0.765684  0.243411  0.637295
-0.585407  0.205919 -0.784153   1.44741
        0         0         0         1

 0.552993 -0.609009   -0.5686   1.21149
-0.596103 -0.765985  0.240681    0.6417
-0.582116   0.20585 -0.786617   1.45578
        0         0         0         1

 0.555442 -0.607557 -0.567766   1.20955
-0.595062 -0.767332  0.238964  0.643084
-0.580849  0.205125 -0.787742   1.45853
        0         0         0         1

 0.558934 -0.606154 -0.565836   1.20775
-0.593675 -0.768926  0.237281  0.645758
-0.578915  0.203298 -0.789638   1.46536
        0         0         0         1

 0.561206  -0.60547 -0.564318   1.20689
-0.594466 -0.769267  0.234176  0.647582
-0.575897  0.204047 -0.791648   1.46743
        0         0         0         1

 0.570186 -0.602191 -0.558797   1.20339
-0.595407  -0.77158  0.223955  0.653596
 -0.56602  0.205015 -0.798493   1.47843
        0         0         0         1

 0.572229 -0.601761 -0.557169   1.20238
-0.596131 -0.771784  0.221307   0.65531
-0.563188  0.205508 -0.800366   1.48155
        0         0         0         1

 0.575887 -0.601109 -0.554096   1.20057
-0.595239 -0.772896  0.219824  0.658694
-0.560396  0.203226 -0.802904   1.49004
        0         0         0         1

 0.578789 -0.599247 -0.553088   1.19831
-0.594371 -0.774361  0.216997  0.660334
-0.558324  0.203144 -0.804367   1.49343
        0         0         0         1

 0.582167 -0.598601 -0.550236   1.19609
-0.594222 -0.775149  0.214579   0.66401
-0.554962  0.202041 -0.806968   1.50136
        0         0         0         1

  0.58401 -0.598599  -0.54828   1.19508
-0.594068 -0.775467  0.213855  0.665893
-0.553186  0.200822 -0.808489   1.50568
        0         0         0         1

 0.592518  -0.59624 -0.541683   1.18917
-0.593178 -0.777898  0.207401  0.673122
-0.545035  0.198425 -0.814595   1.51927
        0         0         0         1

   0.5953 -0.595761 -0.539153   1.18713
-0.592675 -0.778651  0.206009  0.675486
-0.542544  0.196905 -0.816624   1.52351
        0         0         0         1

 0.602302 -0.594812 -0.532382   1.18227
-0.590523 -0.780752  0.204228  0.680049
-0.537136  0.191377 -0.821499   1.53263
        0         0         0         1

 0.603111 -0.596532 -0.529534   1.18169
-0.591549 -0.779836   0.20476  0.682353
-0.535095  0.189752 -0.823205   1.53692
        0         0         0         1

 0.610826 -0.599725 -0.516935   1.17552
-0.592456 -0.779326  0.204075  0.691798
 -0.52525  0.181607 -0.831343    1.5521
        0         0         0         1

 0.611949 -0.601768 -0.513218   1.17432
-0.592544 -0.778635  0.206445  0.694369
-0.523841  0.177771 -0.833059   1.55688
        0         0         0         1

  0.61761 -0.603858 -0.503898   1.16895
-0.591214 -0.778993  0.208893  0.699774
-0.518675  0.168897 -0.838123   1.56665
        0         0         0         1

 0.619704 -0.605982 -0.498751   1.16717
-0.590748 -0.778533  0.211905  0.702441
-0.516705  0.163317 -0.840443   1.57192
        0         0         0         1

 0.624662 -0.608666 -0.489206   1.16209
-0.590103 -0.778235  0.214776  0.708724
-0.511444   0.15452  -0.84531   1.58124
        0         0         0         1

  0.62689 -0.610555 -0.483975    1.1597
-0.590548 -0.777561  0.215992  0.711915
-0.508195  0.150407 -0.848007   1.58548
        0         0         0         1

 0.634721 -0.616734 -0.465584   1.14975
-0.589238 -0.776077   0.22473   0.72381
-0.499928  0.131698 -0.855995   1.60261
        0         0         0         1

 0.637309   -0.6176 -0.460877   1.14666
-0.588525 -0.776167  0.226283   0.72735
 -0.49747  0.127026  -0.85813   1.60708
        0         0         0         1

 0.643125 -0.619152 -0.450602   1.13992
-0.588589 -0.776102  0.226338  0.735233
-0.489851  0.119656 -0.863556   1.61443
        0         0         0         1

 0.642334 -0.623364 -0.445898   1.13888
-0.590437 -0.773414  0.230683   0.73906
-0.488663  0.115099 -0.864847    1.6193
        0         0         0         1

  0.64926 -0.630214 -0.425784   1.12851
 -0.58923 -0.770766  0.242338  0.752719
-0.480905 0.0935441 -0.871768   1.63725
        0         0         0         1

 0.652301 -0.631626  -0.41899   1.12483
-0.589588 -0.770219  0.243206  0.757231
-0.476329 0.0883874 -0.874813   1.64073
        0         0         0         1

  0.65708 -0.634775  -0.40658    1.1179
-0.589354 -0.768882  0.247957  0.766108
-0.470009  0.076692 -0.879324      1.65
        0         0         0         1

 0.660342 -0.635213 -0.400566   1.11342
-0.589021 -0.768984  0.248432  0.770687
-0.465836 0.0718917 -0.881946   1.65387
        0         0         0         1

 0.665391 -0.637765 -0.387957   1.10619
-0.587883 -0.767973  0.254187  0.779777
-0.460052 0.0589395 -0.885934   1.66401
        0         0         0         1

 0.667869 -0.638945 -0.381708   1.10292
-0.588846 -0.767277  0.254058  0.784766
-0.455205 0.0550897 -0.888681   1.66767
        0         0         0         1

 0.676111 -0.641442 -0.362528   1.08877
-0.589877 -0.766063  0.255328  0.803402
-0.441497 0.0412169 -0.896316    1.6819
        0         0         0         1

 0.679686 -0.640989 -0.356595   1.08422
-0.588799 -0.766704  0.255893  0.808194
-0.437427 0.0360358 -0.898531   1.68687
        0         0         0         1

  0.67908  -0.64593 -0.348748   1.08104
-0.592645 -0.762769  0.258758  0.819266
-0.433153 0.0309664 -0.900788   1.69655
        0         0         0         1

 0.682268 -0.645155 -0.343925   1.07616
-0.591918 -0.763557  0.258096  0.824321
-0.429119 0.0274847  -0.90283   1.70065
        0         0         0         1

 0.689042 -0.647184 -0.326149   1.06134
-0.593968  -0.76216  0.257515  0.844306
-0.415237  0.016283 -0.909567   1.71692
        0         0         0         1

 0.691665 -0.647338 -0.320239   1.05677
-0.593385 -0.762125   0.25896  0.849614
-0.411696 0.0109113 -0.911256   1.72208
        0         0         0         1

  0.696478  -0.646573  -0.311225    1.04689
 -0.593155  -0.762833   0.257396   0.860873
 -0.403838 0.00533442  -0.914815    1.73206
         0          0          0          1

  0.700153  -0.644957  -0.306294    1.04081
 -0.592548  -0.764212    0.25469   0.866986
 -0.398338 0.00317191  -0.917233    1.73544
         0          0          0          1

   0.703997   -0.645084   -0.297076     1.03153
   -0.59382   -0.764111    0.252018    0.878964
  -0.389572 -0.00101054   -0.920996      1.7435
          0           0           0           1

   0.702339   -0.648352   -0.293869     1.03045
  -0.597085   -0.761338    0.252695    0.885409
  -0.387569 -0.00201286   -0.921838     1.74863
          0           0           0           1

   0.702491   -0.654776   -0.278881     1.01945
  -0.605379   -0.755795    0.249579    0.908331
  -0.374196 -0.00649857   -0.927327     1.76345
          0           0           0           1

  0.704149  -0.653944  -0.276643    1.01418
 -0.603596  -0.756472   0.251837   0.913366
  -0.37396 -0.0103504  -0.927387    1.77018
         0          0          0          1

 0.704997 -0.655819 -0.269964   1.00591
-0.607414 -0.754845  0.247502  0.927467
-0.366097 -0.010508 -0.930517   1.77643
        0         0         0         1

  0.707924  -0.654572  -0.265292   0.998761
 -0.606084   -0.75586   0.247666   0.932727
 -0.362639 -0.0145397  -0.931816    1.78255
         0          0          0          1

  0.714348  -0.654229  -0.248376   0.978556
 -0.607888  -0.755961    0.24289    0.95494
 -0.346668 -0.0225235  -0.937717    1.79832
         0          0          0          1

  0.714233  -0.655915  -0.244225   0.974827
 -0.610464  -0.754482   0.241018   0.961885
 -0.342351 -0.0230527  -0.939289     1.8021
         0          0          0          1

  0.712772  -0.660551  -0.235857   0.969001
 -0.615304  -0.750287   0.241805   0.975823
 -0.336685 -0.0272278  -0.941223    1.81237
         0          0          0          1

  0.714909  -0.660431  -0.229642   0.962088
 -0.617247   -0.75039   0.236477   0.983189
 -0.328498 -0.0273139   -0.94411    1.81366
         0          0          0          1

  0.718091  -0.660077  -0.220552   0.949328
 -0.617721  -0.750497   0.234893   0.996349
 -0.320571 -0.0324352  -0.946669    1.82386
         0          0          0          1

  0.713624  -0.665835  -0.217726    0.95041
 -0.624246  -0.745462   0.233675    1.00394
 -0.317895 -0.0308417  -0.947624    1.82681
         0          0          0          1

  0.711084   -0.67355  -0.201719   0.936774
 -0.632872  -0.738136   0.233726    1.02785
 -0.306322 -0.0385363  -0.951148    1.84098
         0          0          0          1

  0.712679  -0.673717  -0.195432   0.929191
  -0.63363  -0.737792   0.232756    1.03421
    -0.301 -0.0420491  -0.952697    1.84524
         0          0          0          1

  0.710861  -0.678878  -0.183851   0.921286
 -0.640126  -0.732786   0.230789    1.04889
 -0.291401 -0.0463713  -0.955476    1.85182
         0          0          0          1

  0.714002  -0.677124  -0.178057   0.912376
 -0.639255  -0.734205   0.228684     1.0555
 -0.285578 -0.0494566  -0.957079    1.85521
         0          0          0          1

  0.713473  -0.681599  -0.162418   0.894067
 -0.646914  -0.729832   0.221015    1.08054
 -0.269181 -0.0526179  -0.961651    1.86549
         0          0          0          1

  0.711629   -0.68489  -0.156554   0.890977
 -0.651099  -0.726636    0.21925    1.08792
  -0.26392 -0.0540926  -0.963027    1.86809
         0          0          0          1

  0.713418  -0.685456  -0.145546   0.876568
 -0.652553  -0.725563   0.218478    1.10064
  -0.25536 -0.0608894  -0.964927    1.87479
         0          0          0          1

   0.71025   -0.68932  -0.142765   0.874467
 -0.657391  -0.722022   0.215689    1.10844
 -0.251758 -0.0593404  -0.965969     1.8774
         0          0          0          1

   0.70693  -0.693669  -0.138104   0.867497
 -0.662102  -0.717703   0.215692    1.12114
 -0.248737 -0.0610402  -0.966646    1.88675
         0          0          0          1

  0.706091  -0.695497  -0.133118   0.862096
  -0.66482  -0.715824   0.213567    1.12834
 -0.243825 -0.0622979  -0.967816    1.88938
         0          0          0          1

  0.706605  -0.697716  -0.117902   0.839807
 -0.670851  -0.713539   0.202043    1.15402
 -0.225096 -0.0636696  -0.972254    1.89507
         0          0          0          1

  0.702208   -0.70233  -0.116777   0.837423
 -0.675948  -0.709161   0.200463    1.16196
 -0.223605 -0.0618314  -0.972717    1.89906
         0          0          0          1

  0.700719  -0.705258  -0.107718   0.825993
 -0.681998  -0.706488   0.189085    1.17875
 -0.209455 -0.0590319  -0.976035    1.90157
         0          0          0          1

  0.698764  -0.708479 -0.0989272   0.821757
 -0.687422  -0.703295   0.181184      1.188
  -0.19794 -0.0586001  -0.978461    1.89877
         0          0          0          1

  0.691743  -0.717437 -0.0823101   0.807265
 -0.699898  -0.694138   0.168275    1.21595
 -0.177861 -0.0587943  -0.982298    1.90808
         0          0          0          1

