-0.00381085 -0.651734  0.758438  0.898878
-0.986523  0.126518  0.103762   1.03698
-0.163581 -0.747821 -0.643432   2.30988
        0         0         0         1

0.00895424  -0.65125   0.75881  0.911161
 -0.98286  0.134003  0.126606    1.0119
-0.184135 -0.746938 -0.638888    2.2975
        0         0         0         1

0.0208764 -0.651396  0.758451  0.917632
-0.981545  0.130881  0.139424  0.996008
-0.190087 -0.747364 -0.636642   2.28075
        0         0         0         1

0.0272643 -0.655951  0.754311  0.932893
-0.978897  0.135363  0.153094  0.973584
-0.202528 -0.742567 -0.638417   2.26411
        0         0         0         1

0.0335901  -0.65938  0.751059  0.944877
-0.974818  0.144149  0.170151  0.954137
-0.220459 -0.737861 -0.637933   2.25594
        0         0         0         1

0.0531388 -0.661653  0.747925  0.959891
-0.965896  0.156019  0.206648  0.908632
 -0.25342 -0.733399 -0.630797   2.22665
        0         0         0         1

0.0562259 -0.663005    0.7465  0.967643
-0.961845  0.164544  0.218586   0.89023
-0.267756 -0.730308 -0.628457   2.21365
        0         0         0         1

 0.065529 -0.664026  0.744832  0.975356
-0.956492  0.170873  0.236486  0.869248
-0.284304 -0.727923 -0.623939   2.19464
        0         0         0         1

 0.072201 -0.662322  0.745732  0.980408
-0.951283  0.178972  0.251056  0.850833
-0.299745 -0.727529 -0.617134   2.18294
        0         0         0         1

0.0851006 -0.663354  0.743451  0.996627
-0.940866  0.192068  0.279073  0.812311
-0.327917 -0.723237 -0.607782    2.1485
        0         0         0         1

0.0845359 -0.665984   0.74116   1.00591
-0.934646   0.20483  0.290658  0.794947
-0.345385 -0.717293 -0.605144    2.1386
        0         0         0         1

0.0958793 -0.668404  0.737592   1.00844
-0.928422  0.207158  0.308412  0.774561
-0.358942 -0.714367 -0.600699   2.11883
        0         0         0         1

  0.09137 -0.676357  0.730884   1.02298
-0.922854  0.218256  0.317342  0.759977
-0.374156 -0.703495 -0.604237   2.10685
        0         0         0         1

0.0990917 -0.675045  0.731092   1.03057
-0.916202  0.224784  0.331733  0.742076
-0.388272 -0.702699 -0.596203   2.08721
        0         0         0         1

  0.10385 -0.675928  0.729614   1.03603
 -0.91085  0.229994  0.342718  0.728733
-0.399459  -0.70016 -0.591784   2.07035
        0         0         0         1

 0.111277  -0.67347  0.730791   1.05225
-0.896207   0.24977  0.366643  0.695495
-0.429453  -0.69574 -0.575775   2.03639
        0         0         0         1

 0.116813  -0.67192  0.731354   1.05536
 -0.88769  0.259597  0.380284  0.680479
-0.445378 -0.693637 -0.566132   2.02565
        0         0         0         1

  0.11278 -0.671088   0.73275   1.06696
-0.882114  0.271807  0.384703  0.665903
-0.457336 -0.689755 -0.561321   2.00423
        0         0         0         1

 0.114569 -0.668663  0.734686   1.07194
-0.877558  0.278484  0.390306  0.654128
-0.465582 -0.689447 -0.554885   1.98944
        0         0         0         1

 0.117864 -0.667686  0.735053     1.083
-0.863639  0.296431  0.407746  0.626443
-0.490139 -0.682879 -0.541701   1.95402
        0         0         0         1

 0.116743 -0.668483  0.734508   1.08872
-0.857649  0.305074  0.413966  0.615756
-0.500808 -0.678277 -0.537709   1.93962
        0         0         0         1

 0.116559 -0.668831   0.73422   1.09624
-0.849941  0.315283  0.422134  0.602469
-0.513823 -0.673247 -0.531718    1.9208
        0         0         0         1

 0.116455 -0.669413  0.733706   1.10074
-0.844889  0.321574  0.427497  0.592815
-0.522112 -0.669684  -0.52813    1.9058
        0         0         0         1

 0.115435 -0.670889  0.732518   1.10719
-0.836675  0.331813  0.435746  0.579949
-0.535396  -0.66318 -0.523013   1.88765
        0         0         0         1

 0.114111 -0.672372  0.731365   1.11245
-0.830279   0.33971  0.441852  0.570615
-0.545541 -0.657657 -0.519492   1.87386
        0         0         0         1

 0.111847 -0.676342  0.728046   1.12344
   -0.816  0.355616  0.455721  0.549783
-0.567128 -0.645057  -0.51212   1.83886
        0         0         0         1

 0.110455 -0.679414  0.725394   1.12756
-0.811078  0.360205  0.460874  0.542294
-0.574415 -0.639257 -0.511271     1.824
        0         0         0         1

 0.107129 -0.684275  0.721312   1.13314
-0.803474  0.367737  0.468186  0.532307
-0.585621 -0.629712 -0.510402   1.80609
        0         0         0         1

 0.104035 -0.688786  0.717461   1.13773
-0.798216  0.372518  0.473373  0.525362
 -0.59332 -0.621936 -0.511045   1.79235
        0         0         0         1

0.0973523 -0.699602   0.70787   1.14753
-0.786839  0.381424  0.485181   0.50936
-0.609432 -0.604213 -0.513341   1.75807
        0         0         0         1

0.0939076 -0.703656  0.704308   1.15176
-0.780965  0.386697  0.490468  0.502932
-0.617474 -0.596099 -0.513217   1.74592
        0         0         0         1

0.0898561   -0.7088  0.699663   1.15633
-0.774796   0.39166   0.49628   0.49507
-0.625794  -0.58669 -0.513982   1.72927
        0         0         0         1

0.0871533 -0.712454  0.696286   1.15983
-0.770169  0.395133  0.500709    0.4895
-0.631858 -0.579896 -0.514272   1.71685
        0         0         0         1

0.0830494  -0.71654  0.692585   1.16467
-0.765046  0.399512  0.505068  0.482795
-0.638597 -0.571805 -0.515007   1.70065
        0         0         0         1

0.0811467 -0.720298  0.688902   1.16722
-0.761824  0.400856   0.50886  0.478126
-0.642681 -0.566115 -0.516212   1.68827
        0         0         0         1

0.0723991 -0.729926  0.679682   1.17522
-0.752224   0.40752  0.517771  0.467286
-0.654918 -0.548759 -0.519563   1.65998
        0         0         0         1

0.0676956 -0.733734  0.676056   1.17875
-0.747709  0.411326  0.521289  0.463028
-0.660567 -0.540782 -0.520775   1.64966
        0         0         0         1

0.0630283 -0.737428  0.672478   1.18263
-0.742753  0.415397  0.525132   0.45821
-0.666592 -0.532583 -0.521545   1.63606
        0         0         0         1

0.0604542 -0.739502  0.670434   1.18516
  -0.7386  0.418658  0.528389  0.454592
-0.671428 -0.527126 -0.520887   1.62604
        0         0         0         1

0.0529321 -0.744811  0.665172   1.19142
-0.729341  0.426154  0.535215  0.446835
  -0.6821 -0.513467 -0.520664   1.60343
        0         0         0         1

0.0508095 -0.746165   0.66382   1.19352
-0.726615  0.428384  0.537139  0.444195
-0.685164 -0.509633 -0.520408   1.59425
        0         0         0         1

0.0483129 -0.747724   0.66225   1.19633
-0.721407  0.432447   0.54089  0.440758
-0.690824 -0.503884 -0.518521   1.58374
        0         0         0         1

0.0460118 -0.748692  0.661319   1.19872
-0.718397  0.435202  0.542684  0.438371
 -0.69411 -0.500059 -0.517833   1.57589
        0         0         0         1

0.0450884 -0.751108  0.658638   1.20088
-0.715178  0.436057  0.546237  0.435579
-0.697487 -0.495672 -0.517515   1.56635
        0         0         0         1

0.0429416  -0.75197  0.657797   1.20306
-0.713557   0.43775  0.547002  0.433769
 -0.69928 -0.492865 -0.517776   1.55939
        0         0         0         1

 0.041684 -0.753469  0.656161   1.20718
 -0.70798  0.441125  0.551518   0.42931
-0.705001 -0.487539 -0.515053   1.54412
        0         0         0         1

0.0419396  -0.75402  0.655511   1.20847
-0.706603  0.441462  0.553013  0.427787
-0.706366 -0.486379 -0.514278   1.53846
        0         0         0         1

0.0429417 -0.754001  0.655468   1.21017
-0.704161  0.442573  0.555235  0.425859
 -0.70874 -0.485398 -0.511934   1.53193
        0         0         0         1

0.0437039 -0.753561  0.655924   1.21154
-0.702139  0.443887  0.556745  0.424431
-0.710697 -0.484882 -0.509705   1.52736
        0         0         0         1

0.0481898  -0.75255  0.656769   1.21377
-0.699138   0.44419  0.560268   0.42151
-0.713361 -0.486172 -0.504731   1.51641
        0         0         0         1

0.0501054 -0.752288  0.656926    1.2148
-0.699336  0.443163  0.560835  0.420744
-0.713035 -0.487513 -0.503898   1.51205
        0         0         0         1

0.0533503  -0.75186   0.65716   1.21566
-0.698672  0.442084  0.562511  0.419528
 -0.71345  -0.48915 -0.501719   1.50713
        0         0         0         1

0.0558783 -0.751082  0.657839   1.21661
-0.697799  0.441864  0.563766  0.418595
 -0.71411 -0.490542 -0.499414   1.50401
        0         0         0         1

0.0596638 -0.750329  0.658367   1.21753
-0.697319  0.440605  0.565343  0.417657
-0.714273 -0.492822 -0.496931   1.49985
        0         0         0         1

0.0624366 -0.749747  0.658773    1.2186
-0.696684  0.439898  0.566676  0.416903
-0.714656 -0.494338 -0.494871    1.4973
        0         0         0         1

0.0788239 -0.741168  0.666676    1.2174
-0.694698  0.438793   0.56996  0.415642
-0.714969 -0.508065 -0.480301   1.49188
        0         0         0         1

0.0850877  -0.73828  0.669106   1.21823
-0.694875   0.43731  0.570884   0.41511
-0.714079 -0.513521 -0.475802   1.49075
        0         0         0         1

0.0923159 -0.741226  0.664877    1.2185
 -0.69819  0.427891  0.573968  0.414654
-0.709935 -0.517197 -0.478016   1.48919
        0         0         0         1

0.0966996 -0.741878  0.663526   1.21905
-0.699208   0.42381  0.575755  0.414273
-0.708348 -0.519618 -0.477745   1.48925
        0         0         0         1

 0.108194 -0.740605  0.663172   1.22007
-0.700075  0.416867  0.579756  0.413239
-0.705825 -0.526997 -0.473377    1.4885
        0         0         0         1

 0.114221 -0.739556  0.663333   1.22031
-0.699587  0.414195  0.582255  0.412949
-0.705359 -0.530565 -0.470074   1.48808
        0         0         0         1

 0.121503 -0.739417  0.662193   1.22079
 -0.69903  0.409893  0.585956  0.412787
-0.704694 -0.534088 -0.467071   1.48777
        0         0         0         1

 0.125789 -0.739568  0.661224   1.22122
-0.699602  0.406434   0.58768  0.412812
-0.703374 -0.536517 -0.466278   1.48721
        0         0         0         1

 0.129174 -0.740255    0.6598   1.22198
-0.698802  0.404128  0.590217  0.412763
-0.703555  -0.53731 -0.465089   1.48756
        0         0         0         1

 0.131975 -0.742502  0.656715   1.22197
-0.699623  0.399559  0.592352  0.412926
-0.702218 -0.537628 -0.466739   1.48729
        0         0         0         1

  0.13564  -0.75059  0.646696   1.22228
-0.701722  0.388008  0.597525  0.413592
 -0.69942  -0.53485 -0.474076   1.48711
        0         0         0         1

 0.136596 -0.754588  0.641824   1.22219
-0.701857  0.383511  0.600263  0.413874
-0.699098 -0.532462 -0.477227   1.48716
        0         0         0         1

 0.137644 -0.760304  0.634817   1.22204
-0.701916  0.377324  0.604103  0.414253
-0.698834 -0.528739 -0.481733   1.48724
        0         0         0         1

 0.137548 -0.764717  0.629515   1.22189
-0.702203   0.37295   0.60648  0.414637
-0.698564 -0.525468 -0.485688   1.48734
        0         0         0         1

 0.136479 -0.769294  0.624148   1.22179
-0.702172  0.369313  0.608738  0.415072
-0.698804 -0.521339 -0.489773   1.48748
        0         0         0         1

 0.135963  -0.77232  0.620513   1.22143
-0.702175  0.366724  0.610298  0.415474
-0.698903 -0.518686 -0.492443   1.48752
        0         0         0         1

 0.132271 -0.775059  0.617889   1.22009
-0.700794  0.367726  0.611281  0.416342
-0.700994 -0.513868 -0.494518   1.48809
        0         0         0         1

 0.130666 -0.775862  0.617224   1.21907
-0.699916  0.368735  0.611679  0.416786
-0.702171 -0.511931 -0.494857   1.48854
        0         0         0         1

 0.128157 -0.776366  0.617115   1.21782
-0.698655  0.370958  0.611777  0.417244
-0.703887 -0.509554 -0.494872   1.48952
        0         0         0         1

 0.126644 -0.777054  0.616562   1.21645
-0.697773  0.371997  0.612152  0.417756
-0.705034 -0.507746 -0.495096   1.49044
        0         0         0         1

 0.121251 -0.777717   0.61681   1.21431
-0.697291  0.375518   0.61055  0.419179
-0.706458 -0.504126 -0.496763   1.49215
        0         0         0         1

 0.119735 -0.777967   0.61679   1.21275
-0.697075  0.376492  0.610197  0.419839
 -0.70693 -0.503011 -0.497222    1.4934
        0         0         0         1

 0.117387 -0.778158  0.617002   1.21102
 -0.69657  0.378311  0.609648  0.420565
-0.707821  -0.50135 -0.497633   1.49532
        0         0         0         1

 0.115865 -0.777948  0.617553    1.2097
-0.696446  0.379669  0.608946  0.421259
-0.708194 -0.500648 -0.497809   1.49684
        0         0         0         1

 0.113336 -0.778426   0.61742   1.20804
-0.696786  0.380716  0.607902  0.422245
-0.708268 -0.499107 -0.499248   1.49895
        0         0         0         1

 0.110456 -0.779331    0.6168   1.20717
-0.697322  0.381442  0.606831  0.422945
-0.708196 -0.497137 -0.501312   1.50142
        0         0         0         1

 0.107724 -0.783021  0.612596   1.20292
 -0.69971  0.378018  0.606225  0.425187
-0.706259 -0.493945 -0.507166   1.50839
        0         0         0         1

 0.106446 -0.784195  0.611316   1.20166
-0.701411   0.37655  0.605172  0.426261
-0.704764 -0.493201 -0.509961   1.51159
        0         0         0         1

 0.105184 -0.785539  0.609808   1.19941
-0.702426  0.375384  0.604719  0.427205
-0.703942 -0.491951 -0.512298   1.51769
        0         0         0         1

  0.10378 -0.785599  0.609971    1.1982
-0.704048  0.375162  0.602967  0.428338
-0.702528 -0.492025 -0.514165   1.52186
        0         0         0         1

 0.103726 -0.784739  0.611086   1.19365
-0.709125  0.372464  0.598675  0.431606
-0.697412 -0.495435 -0.517843   1.53307
        0         0         0         1

 0.104608 -0.783473  0.612558   1.19152
-0.711836   0.37115   0.59627  0.433122
-0.694512 -0.498416 -0.518878   1.53796
        0         0         0         1

 0.105876 -0.780981  0.615515   1.18908
-0.716189  0.369523  0.592053  0.435208
-0.689829 -0.503509 -0.520206   1.54494
        0         0         0         1

 0.108911 -0.779072  0.617402   1.18609
-0.719665  0.366654  0.589616  0.436802
-0.685726 -0.508538 -0.520738   1.55123
        0         0         0         1

 0.111757 -0.775942  0.620825   1.18325
-0.723694  0.364587  0.585955  0.438737
-0.681012 -0.514772   -0.5208   1.56039
        0         0         0         1

 0.115631 -0.773284  0.623428   1.18051
-0.728008  0.361011  0.582817  0.440598
-0.675747 -0.521252 -0.521212   1.56756
        0         0         0         1

 0.126714 -0.768391  0.627311   1.17319
 -0.73788  0.349633  0.577313   0.44504
 -0.66293 -0.536033 -0.522677   1.58718
        0         0         0         1

 0.129609  -0.76704  0.628372   1.17083
-0.742004  0.345344  0.574601  0.447122
-0.657747 -0.540728 -0.524387   1.59629
        0         0         0         1

 0.136237  -0.76519  0.629225   1.16693
-0.748126  0.336894  0.571673  0.450083
 -0.64942 -0.548622 -0.526561   1.60847
        0         0         0         1

 0.141364 -0.764074   0.62945   1.16405
-0.752853  0.329904   0.56954   0.45243
-0.642828 -0.554396 -0.528599   1.61834
        0         0         0         1

 0.157519 -0.759549  0.631089   1.15578
-0.766313  0.309063  0.563244  0.459582
-0.622858 -0.572334 -0.533369   1.64407
        0         0         0         1

 0.163052 -0.757544  0.632093   1.15318
  -0.7715  0.301444  0.560285  0.462651
-0.614981 -0.579015 -0.535294   1.65567
        0         0         0         1

 0.171945   -0.7546  0.633256     1.149
-0.778638  0.289678  0.556605  0.467266
-0.603455 -0.588783 -0.537752   1.67092
        0         0         0         1

 0.179295  -0.75222  0.634049   1.14566
-0.784292  0.279791  0.553718  0.471011
-0.593919 -0.596558 -0.539795   1.68309
        0         0         0         1

 0.189818 -0.748798  0.635037   1.14075
-0.790984  0.266545  0.550726  0.476153
-0.581648 -0.606841 -0.541692   1.70007
        0         0         0         1

  0.19549 -0.746458  0.636069     1.138
-0.797348  0.256638  0.546235  0.480831
-0.570982 -0.613952 -0.545016   1.71274
        0         0         0         1

  0.21475 -0.739105  0.638441   1.12828
 -0.81348  0.226396  0.535719  0.494269
-0.540493 -0.634405 -0.552629   1.74472
        0         0         0         1

 0.222466 -0.735741  0.639683   1.12429
-0.818669  0.215322   0.53237  0.499611
-0.529424 -0.642123 -0.554426   1.75927
        0         0         0         1

  0.23268 -0.731245  0.641203   1.11858
-0.826407  0.198937  0.526759   0.50756
-0.512749 -0.652461 -0.558017   1.77769
        0         0         0         1

 0.240002 -0.727851  0.642364   1.11452
-0.831968  0.186753  0.522449  0.514268
-0.500229 -0.659815 -0.560727   1.79225
        0         0         0         1

 0.257776 -0.718833  0.645625   1.10404
-0.844351  0.157245  0.512196  0.531295
-0.469705 -0.677166 -0.566413   1.82811
        0         0         0         1

 0.264135  -0.71619  0.645991   1.10064
-0.849142  0.144938  0.507889  0.539145
-0.457374 -0.682689 -0.569864   1.84333
        0         0         0         1

 0.274024 -0.711349   0.64722   1.09538
-0.855587  0.127009  0.501837  0.549855
-0.439184 -0.691268 -0.573817   1.86254
        0         0         0         1

 0.281848 -0.708659  0.646811   1.09011
-0.859149  0.113691  0.498937  0.557926
-0.427113 -0.696331 -0.576799   1.87818
        0         0         0         1

 0.289053 -0.706229  0.646289   1.08533
-0.863944 0.0983646  0.493888  0.568177
 -0.41237 -0.701117  -0.58171   1.89968
        0         0         0         1

 0.293529 -0.704402  0.646265   1.08186
 -0.86837 0.0862056  0.488367  0.577233
-0.399719 -0.704547 -0.586378   1.91514
        0         0         0         1

 0.307166 -0.699348  0.645416   1.07101
-0.878257 0.0528614  0.475259  0.600695
-0.366489 -0.712824  -0.59797   1.95242
        0         0         0         1

 0.310808 -0.697808  0.645339   1.06666
-0.883453 0.0383415  0.466948  0.611134
-0.350583 -0.715258 -0.604564   1.96727
        0         0         0         1

  0.31306 -0.696526  0.645636   1.06225
-0.889496 0.0232186  0.456353  0.625084
-0.332852 -0.717156 -0.612288   1.98799
        0         0         0         1

 0.316885  -0.69459  0.645855   1.05717
  -0.8941 0.0084631  0.447788  0.636374
-0.316495 -0.719356 -0.618351   2.00252
        0         0         0         1

 0.323554 -0.690224  0.647227   1.04491
-0.902906 -0.020657   0.42934  0.663831
-0.282971 -0.723301 -0.629892   2.04098
        0         0         0         1

  0.326159  -0.688294   0.647976    1.03884
 -0.906749 -0.0339991   0.420298   0.676053
 -0.267258  -0.724635  -0.635199    2.05618
         0          0          0          1

 0.328308 -0.685691  0.649647   1.03165
-0.910423 -0.046456  0.411061  0.690504
-0.251681 -0.726409 -0.639521   2.07902
        0         0         0         1

  0.331637   -0.68318   0.650602    1.02526
 -0.913845 -0.0613489   0.401402   0.703874
 -0.234316  -0.727669  -0.644666    2.09278
         0          0          0          1

  0.330088  -0.681184   0.653476    1.01326
 -0.923068 -0.0881243   0.374405   0.736478
 -0.197451  -0.726789  -0.657868    2.12934
         0          0          0          1

  0.324824  -0.684535   0.652611    1.01254
 -0.928149 -0.0981287    0.35904   0.751707
 -0.181735  -0.722345  -0.667225    2.14248
         0          0          0          1

 0.328049 -0.680047  0.655683   1.00107
-0.930377 -0.112341  0.348968  0.768226
-0.163654 -0.724511 -0.669553   2.16401
        0         0         0         1

 0.326798 -0.680764  0.655564  0.996475
-0.932858 -0.121093  0.339282  0.781753
-0.151587 -0.722425 -0.674629   2.17957
        0         0         0         1

 0.323305 -0.681364  0.656671  0.989224
-0.937356 -0.135434  0.320971  0.803002
-0.129762 -0.719306 -0.682466   2.19478
        0         0         0         1

  0.32052 -0.680873  0.658543  0.985135
-0.939744 -0.141263   0.31133  0.816188
-0.118949 -0.718649 -0.685124   2.21139
        0         0         0         1

 0.315833 -0.680016  0.661686  0.969777
-0.945263 -0.165223  0.281389  0.854853
-0.0820227 -0.714339 -0.694977   2.24377
        0         0         0         1

 0.312606 -0.677058  0.666236  0.962372
-0.947929 -0.177398    0.2645  0.872789
-0.0608931 -0.714229 -0.697258   2.25365
        0         0         0         1

 0.310011 -0.674539  0.669993  0.953253
-0.949678 -0.186514  0.251644  0.891726
-0.0447808  -0.71429 -0.698416   2.27234
        0         0         0         1

  0.30643 -0.677873  0.668273  0.948726
-0.951229  -0.19184   0.24158  0.906797
-0.0355588 -0.709708 -0.703598   2.28699
        0         0         0         1

 0.293596 -0.682475   0.66935  0.946542
-0.955864  -0.20137   0.21395  0.932348
-0.0112284 -0.702622 -0.711475   2.29922
        0         0         0         1

 0.288929 -0.681467  0.672401   0.93993
-0.957335 -0.209682  0.198855  0.949139
0.00547733 -0.701168 -0.712975   2.31106
        0         0         0         1

 0.277858  -0.68323  0.675272  0.921713
-0.960002 -0.222752   0.16964   0.98804
0.0345151 -0.695398 -0.717795   2.33842
        0         0         0         1

 0.270527 -0.683999  0.677466  0.914969
-0.961465  -0.22777  0.153968   1.00543
 0.048992 -0.693012 -0.719259   2.34872
        0         0         0         1

 0.266553 -0.684022  0.679016  0.903924
-0.961539 -0.237167  0.138544   1.02847
0.0662728  -0.68983 -0.720932   2.36262
        0         0         0         1

 0.264503  -0.67813  0.685695  0.886757
-0.960774 -0.246769  0.126566   1.04467
0.0833803 -0.692275 -0.716801   2.37096
        0         0         0         1

 0.244209 -0.684073  0.687318   0.87562
-0.962732 -0.255982 0.0872917   1.08782
 0.116228 -0.683021 -0.721092   2.39376
        0         0         0         1

 0.222564 -0.697592  0.681051  0.887138
-0.966085 -0.251633 0.0579667   1.11003
 0.130938 -0.670854 -0.729938   2.40348
        0         0         0         1

 0.208992 -0.699565  0.683323  0.876572
-0.966465  -0.25438 0.0351633   1.13339
 0.149225 -0.667757 -0.729269   2.41349
        0         0         0         1

 0.201526 -0.706507  0.678406  0.872433
-0.967087 -0.253367   0.02342    1.1483
 0.155339 -0.660797 -0.734314    2.4266
        0         0         0         1

  0.184573  -0.699918   0.689962   0.858979
 -0.964239  -0.264818 -0.0106948    1.18253
    0.1902  -0.663314  -0.723766     2.4214
         0          0          0          1

  0.186387  -0.702887   0.686447   0.844013
 -0.962745  -0.269992 -0.0150493    1.19447
  0.195913  -0.658069  -0.727024    2.43558
         0          0          0          1

