  0.394767  -0.695753   0.600073    1.20378
  -0.87067 -0.0747116    0.48616    1.07661
 -0.293414  -0.714385  -0.635265    1.88009
         0          0          0          1

  0.377576  -0.701197    0.60478    1.21545
 -0.873134 -0.0521199   0.484686    1.05313
 -0.308339   -0.71106  -0.631918    1.85053
         0          0          0          1

  0.377576  -0.701197    0.60478    1.21545
 -0.873134 -0.0521199   0.484686    1.05313
 -0.308339   -0.71106  -0.631918    1.85053
         0          0          0          1

   0.361483   -0.705154     0.60999     1.22769
  -0.862914 -0.00522805    0.505323     1.01564
  -0.353142   -0.709035   -0.610378     1.81746
          0           0           0           1

   0.361483   -0.705154     0.60999     1.22769
  -0.862914 -0.00522805    0.505323     1.01564
  -0.353142   -0.709035   -0.610378     1.81746
          0           0           0           1

 0.363876 -0.700633  0.613765    1.2327
-0.850727 0.0183322  0.525288  0.994912
-0.379286 -0.713286 -0.589377   1.79108
        0         0         0         1

 0.363876 -0.700633  0.613765    1.2327
-0.850727 0.0183322  0.525288  0.994912
-0.379286 -0.713286 -0.589377   1.79108
        0         0         0         1

 0.360312 -0.701018  0.615426   1.24366
-0.840576 0.0420746  0.540057  0.976188
-0.404483 -0.711901 -0.574099   1.76408
        0         0         0         1

 0.360312 -0.701018  0.615426   1.24366
-0.840576 0.0420746  0.540057  0.976188
-0.404483 -0.711901 -0.574099   1.76408
        0         0         0         1

 0.353968 -0.709171   0.60974   1.25915
-0.826257 0.0683298  0.559134  0.953802
-0.438185 -0.701717 -0.561771   1.72378
        0         0         0         1

 0.353968 -0.709171   0.60974   1.25915
-0.826257 0.0683298  0.559134  0.953802
-0.438185 -0.701717 -0.561771   1.72378
        0         0         0         1

 0.352902 -0.717945  0.600012   1.26701
-0.811201 0.0848029  0.578585  0.940127
-0.466276 -0.690914 -0.552471    1.7019
        0         0         0         1

 0.352902 -0.717945  0.600012   1.26701
-0.811201 0.0848029  0.578585  0.940127
-0.466276 -0.690914 -0.552471    1.7019
        0         0         0         1

 0.353418 -0.731071  0.583637   1.27832
-0.789334  0.101782  0.605469  0.922293
-0.502044 -0.674668 -0.541087   1.66371
        0         0         0         1

 0.353418 -0.731071  0.583637   1.27832
-0.789334  0.101782  0.605469  0.922293
-0.502044 -0.674668 -0.541087   1.66371
        0         0         0         1

  0.34663 -0.740533  0.575724     1.291
 -0.77527  0.119325  0.620256  0.911996
-0.528019 -0.661341 -0.532751   1.64025
        0         0         0         1

  0.34663 -0.740533  0.575724     1.291
 -0.77527  0.119325  0.620256  0.911996
-0.528019 -0.661341 -0.532751   1.64025
        0         0         0         1

 0.350461 -0.750751  0.559956   1.29386
-0.759355    0.1222  0.639098  0.905562
 -0.54823 -0.649185  -0.52726    1.6138
        0         0         0         1

 0.350461 -0.750751  0.559956   1.29386
-0.759355    0.1222  0.639098  0.905562
 -0.54823 -0.649185  -0.52726    1.6138
        0         0         0         1

 0.343693 -0.768333  0.539944   1.30496
 -0.73258  0.140365  0.666051  0.895507
-0.587538  -0.62447 -0.514623   1.58263
        0         0         0         1

 0.343693 -0.768333  0.539944   1.30496
 -0.73258  0.140365  0.666051  0.895507
-0.587538  -0.62447 -0.514623   1.58263
        0         0         0         1

 0.339735 -0.780786   0.52436   1.31011
-0.713138  0.149642  0.684866  0.889169
  -0.6132 -0.606614  -0.50597   1.56454
        0         0         0         1

 0.339735 -0.780786   0.52436   1.31011
-0.713138  0.149642  0.684866  0.889169
  -0.6132 -0.606614  -0.50597   1.56454
        0         0         0         1

 0.333602 -0.796148  0.504835    1.3192
-0.689581  0.159057  0.706526  0.884416
-0.642797 -0.583823 -0.495947   1.53267
        0         0         0         1

 0.333602 -0.796148  0.504835    1.3192
-0.689581  0.159057  0.706526  0.884416
-0.642797 -0.583823 -0.495947   1.53267
        0         0         0         1

 0.336508 -0.800906   0.49529    1.3211
-0.668362  0.167381  0.724759  0.882126
-0.663366 -0.574921 -0.478969   1.51551
        0         0         0         1

 0.336508 -0.800906   0.49529    1.3211
-0.668362  0.167381  0.724759  0.882126
-0.663366 -0.574921 -0.478969   1.51551
        0         0         0         1

 0.337361 -0.803161   0.49104   1.32464
 -0.65203  0.176877  0.737273  0.880476
-0.679003 -0.568899 -0.464014   1.49849
        0         0         0         1

 0.337361 -0.803161   0.49104   1.32464
 -0.65203  0.176877  0.737273  0.880476
-0.679003 -0.568899 -0.464014   1.49849
        0         0         0         1

 0.335766 -0.804863  0.489343   1.33192
-0.629925  0.194379  0.751938  0.878379
-0.700326 -0.560724 -0.441737   1.47898
        0         0         0         1

 0.335766 -0.804863  0.489343   1.33192
-0.629925  0.194379  0.751938  0.878379
-0.700326 -0.560724 -0.441737   1.47898
        0         0         0         1

 0.333891 -0.805112  0.490216   1.33656
-0.621985  0.202591  0.756367  0.878598
-0.708273 -0.557451 -0.433124   1.46399
        0         0         0         1

 0.333891 -0.805112  0.490216   1.33656
-0.621985  0.202591  0.756367  0.878598
-0.708273 -0.557451 -0.433124   1.46399
        0         0         0         1

 0.331054 -0.803734  0.494382   1.34311
-0.617431  0.211691  0.757605  0.879863
 -0.71357 -0.556056 -0.426169   1.44223
        0         0         0         1

 0.331054 -0.803734  0.494382   1.34311
-0.617431  0.211691  0.757605  0.879863
 -0.71357 -0.556056 -0.426169   1.44223
        0         0         0         1

 0.335739 -0.803963  0.490838   1.34012
-0.611467  0.210354  0.762797  0.881932
 -0.71651 -0.556232 -0.420973   1.43227
        0         0         0         1

 0.335739 -0.803963  0.490838   1.34012
-0.611467  0.210354  0.762797  0.881932
 -0.71651 -0.556232 -0.420973   1.43227
        0         0         0         1

 0.333645  -0.80336  0.493248   1.34447
-0.607085  0.217186   0.76438  0.882041
-0.721199 -0.554475 -0.415245   1.42457
        0         0         0         1

 0.333645  -0.80336  0.493248   1.34447
-0.607085  0.217186   0.76438  0.882041
-0.721199 -0.554475 -0.415245   1.42457
        0         0         0         1

 0.325122  -0.80683  0.493277   1.35029
-0.606394  0.222391  0.763432  0.884406
 -0.72566 -0.547329 -0.416953   1.41086
        0         0         0         1

 0.325122  -0.80683  0.493277   1.35029
-0.606394  0.222391  0.763432  0.884406
 -0.72566 -0.547329 -0.416953   1.41086
        0         0         0         1

 0.326123 -0.809926  0.487507   1.35179
-0.604167   0.21806  0.766441  0.886347
-0.727067  -0.54449 -0.418216   1.40267
        0         0         0         1

 0.326123 -0.809926  0.487507   1.35179
-0.604167   0.21806  0.766441  0.886347
-0.727067  -0.54449 -0.418216   1.40267
        0         0         0         1

 0.325453 -0.813381  0.482174   1.35503
-0.600584  0.216043   0.76982  0.888774
-0.730328 -0.540127 -0.418192   1.39084
        0         0         0         1

 0.325453 -0.813381  0.482174   1.35503
-0.600584  0.216043   0.76982  0.888774
-0.730328 -0.540127 -0.418192   1.39084
        0         0         0         1

 0.326542 -0.815092  0.478536    1.3574
-0.597289  0.214437  0.772828  0.890412
-0.732541 -0.538185 -0.416822   1.38569
        0         0         0         1

 0.326542 -0.815092  0.478536    1.3574
-0.597289  0.214437  0.772828  0.890412
-0.732541 -0.538185 -0.416822   1.38569
        0         0         0         1

   0.3231 -0.818187   0.47558   1.36129
-0.596675  0.213944  0.773438  0.891311
-0.734564 -0.533665 -0.419066   1.38119
        0         0         0         1

   0.3231 -0.818187   0.47558   1.36129
-0.596675  0.213944  0.773438  0.891311
-0.734564 -0.533665 -0.419066   1.38119
        0         0         0         1

 0.320408 -0.826109  0.463555   1.36072
-0.597976  0.203142  0.775343  0.893786
-0.734685 -0.525621 -0.428905   1.37533
        0         0         0         1

 0.320408 -0.826109  0.463555   1.36072
-0.597976  0.203142  0.775343  0.893786
-0.734685 -0.525621 -0.428905   1.37533
        0         0         0         1

 0.315632  -0.83011  0.459666   1.36251
-0.603286  0.198358  0.772464  0.894182
-0.732408 -0.521125 -0.438186   1.37108
        0         0         0         1

 0.315632  -0.83011  0.459666   1.36251
-0.603286  0.198358  0.772464  0.894182
-0.732408 -0.521125 -0.438186   1.37108
        0         0         0         1

  0.31573 -0.831311  0.457425   1.36169
-0.607603  0.193143  0.770399  0.895635
-0.728789  -0.52117 -0.444126   1.36534
        0         0         0         1

  0.31573 -0.831311  0.457425   1.36169
-0.607603  0.193143  0.770399  0.895635
-0.728789  -0.52117 -0.444126   1.36534
        0         0         0         1

 0.314645 -0.829032  0.462281   1.36527
-0.608296  0.197759  0.768679  0.895221
 -0.72868 -0.523065 -0.442073   1.36548
        0         0         0         1

 0.314645 -0.829032  0.462281   1.36527
-0.608296  0.197759  0.768679  0.895221
 -0.72868 -0.523065 -0.442073   1.36548
        0         0         0         1

 0.313666  -0.82967  0.461802   1.36722
 -0.61205  0.195169  0.766357   0.89513
-0.725953 -0.523027 -0.446582   1.36289
        0         0         0         1

 0.313666  -0.82967  0.461802   1.36722
 -0.61205  0.195169  0.766357   0.89513
-0.725953 -0.523027 -0.446582   1.36289
        0         0         0         1

  0.31565  -0.83234  0.455605   1.36516
-0.613744  0.187096  0.767016  0.894188
 -0.72366 -0.521733 -0.451786   1.36185
        0         0         0         1

  0.31565  -0.83234  0.455605   1.36516
-0.613744  0.187096  0.767016  0.894188
 -0.72366 -0.521733 -0.451786   1.36185
        0         0         0         1

 0.319149 -0.833336  0.451325   1.36271
-0.612474  0.182049  0.769242  0.893537
-0.723201 -0.521928 -0.452296   1.36268
        0         0         0         1

 0.319149 -0.833336  0.451325   1.36271
-0.612474  0.182049  0.769242  0.893537
-0.723201 -0.521928 -0.452296   1.36268
        0         0         0         1

 0.318755 -0.833901   0.45056   1.36369
-0.614923  0.179803  0.767816  0.892349
-0.721295 -0.521804 -0.455472   1.36142
        0         0         0         1

 0.318755 -0.833901   0.45056   1.36369
-0.614923  0.179803  0.767816  0.892349
-0.721295 -0.521804 -0.455472   1.36142
        0         0         0         1

 0.319736 -0.835464  0.446956   1.36285
-0.616057  0.175094  0.767995  0.891623
-0.719891 -0.520905 -0.458709   1.36056
        0         0         0         1

 0.319736 -0.835464  0.446956   1.36285
-0.616057  0.175094  0.767995  0.891623
-0.719891 -0.520905 -0.458709   1.36056
        0         0         0         1

 0.322364 -0.836295    0.4435   1.36162
-0.615861  0.170515  0.769181  0.891193
-0.718886 -0.521091 -0.460074   1.36077
        0         0         0         1

 0.322364 -0.836295    0.4435   1.36162
-0.615861  0.170515  0.769181  0.891193
-0.718886 -0.521091 -0.460074   1.36077
        0         0         0         1

 0.326798 -0.836646  0.439576   1.35791
-0.615582  0.164487  0.770716  0.890623
 -0.71712 -0.522464  -0.46127   1.36151
        0         0         0         1

 0.326798 -0.836646  0.439576   1.35791
-0.615582  0.164487  0.770716  0.890623
 -0.71712 -0.522464  -0.46127   1.36151
        0         0         0         1

  0.32443 -0.837046  0.440568   1.35848
-0.618085  0.164981  0.768604  0.890316
-0.716042 -0.521667  -0.46384   1.36234
        0         0         0         1

  0.32443 -0.837046  0.440568   1.35848
-0.618085  0.164981  0.768604  0.890316
-0.716042 -0.521667  -0.46384   1.36234
        0         0         0         1

 0.324566 -0.835827  0.442776   1.35772
-0.622109  0.163979  0.765566  0.890193
-0.712486 -0.523932 -0.466754   1.36454
        0         0         0         1

 0.324566 -0.835827  0.442776   1.35772
-0.622109  0.163979  0.765566  0.890193
-0.712486 -0.523932 -0.466754   1.36454
        0         0         0         1

 0.328927 -0.835638  0.439905   1.35152
-0.624895  0.156656   0.76483  0.891125
-0.708035 -0.526468 -0.470658   1.36799
        0         0         0         1

 0.328927 -0.835638  0.439905   1.35152
-0.624895  0.156656   0.76483  0.891125
-0.708035 -0.526468 -0.470658   1.36799
        0         0         0         1

 0.329134 -0.831565  0.447405   1.35179
 -0.62889  0.160399  0.760769  0.891377
-0.704392 -0.531763  -0.47017   1.37371
        0         0         0         1

 0.329134 -0.831565  0.447405   1.35179
 -0.62889  0.160399  0.760769  0.891377
-0.704392 -0.531763  -0.47017   1.37371
        0         0         0         1

 0.327941 -0.825672  0.459044   1.34957
-0.642966  0.160931  0.748797  0.892753
-0.692134  -0.54071 -0.478103   1.38041
        0         0         0         1

 0.327941 -0.825672  0.459044   1.34957
-0.642966  0.160931  0.748797  0.892753
-0.692134  -0.54071 -0.478103   1.38041
        0         0         0         1

 0.332948  -0.82119  0.463457   1.34462
-0.652874  0.153874  0.741673  0.894897
-0.680369 -0.549517 -0.484901   1.38874
        0         0         0         1

 0.332948  -0.82119  0.463457   1.34462
-0.652874  0.153874  0.741673  0.894897
-0.680369 -0.549517 -0.484901   1.38874
        0         0         0         1

 0.341327 -0.811504  0.474296   1.33954
-0.671093  0.142911  0.727468   0.89665
-0.658126 -0.566602 -0.495815   1.40365
        0         0         0         1

 0.341327 -0.811504  0.474296   1.33954
-0.671093  0.142911  0.727468   0.89665
-0.658126 -0.566602 -0.495815   1.40365
        0         0         0         1

 0.344182 -0.806423  0.480855   1.33617
-0.684205  0.135294   0.71663  0.897783
-0.642963 -0.575655 -0.505193   1.41474
        0         0         0         1

 0.344182 -0.806423  0.480855   1.33617
-0.684205  0.135294   0.71663  0.897783
-0.642963 -0.575655 -0.505193   1.41474
        0         0         0         1

 0.347388 -0.801341  0.487006   1.33423
-0.695316  0.128339  0.707153  0.899201
-0.629172 -0.584279 -0.512601    1.4282
        0         0         0         1

 0.347388 -0.801341  0.487006   1.33423
-0.695316  0.128339  0.707153  0.899201
-0.629172 -0.584279 -0.512601    1.4282
        0         0         0         1

  0.35138 -0.794787  0.494819   1.33169
 -0.71489    0.1135  0.689964  0.902451
-0.604536 -0.596181 -0.528304   1.44972
        0         0         0         1

  0.35138 -0.794787  0.494819   1.33169
 -0.71489    0.1135  0.689964  0.902451
-0.604536 -0.596181 -0.528304   1.44972
        0         0         0         1

 0.362054 -0.790278  0.494345    1.3227
-0.725494 0.0940934  0.681766  0.905488
  -0.5853  -0.60548 -0.539275   1.46707
        0         0         0         1

 0.362054 -0.790278  0.494345    1.3227
-0.725494 0.0940934  0.681766  0.905488
  -0.5853  -0.60548 -0.539275   1.46707
        0         0         0         1

 0.368979 -0.783588  0.499845   1.31549
-0.747246 0.0697053  0.660882  0.910562
-0.552701 -0.617358 -0.559813   1.49374
        0         0         0         1

 0.368979 -0.783588  0.499845   1.31549
-0.747246 0.0697053  0.660882  0.910562
-0.552701 -0.617358 -0.559813   1.49374
        0         0         0         1

 0.371897 -0.780566  0.502404    1.3114
-0.761154 0.0533828  0.646371  0.914649
-0.531354  -0.62279 -0.574278   1.51411
        0         0         0         1

 0.371897 -0.780566  0.502404    1.3114
-0.761154 0.0533828  0.646371  0.914649
-0.531354  -0.62279 -0.574278   1.51411
        0         0         0         1

 0.378489 -0.776805   0.50331   1.30468
-0.772054 0.0349936  0.634593  0.920563
-0.510568 -0.628769  -0.58649   1.53696
        0         0         0         1

 0.378489 -0.776805   0.50331   1.30468
-0.772054 0.0349936  0.634593  0.920563
-0.510568 -0.628769  -0.58649   1.53696
        0         0         0         1

  0.387764  -0.774781   0.499353    1.29319
 -0.787207 0.00347262   0.616679   0.929697
 -0.479525   -0.63222  -0.608566    1.57092
         0          0          0          1

  0.387764  -0.774781   0.499353    1.29319
 -0.787207 0.00347262   0.616679   0.929697
 -0.479525   -0.63222  -0.608566    1.57092
         0          0          0          1

  0.392293  -0.773356   0.498023    1.28605
 -0.797852 -0.0166436   0.602623   0.937893
 -0.457753  -0.633754  -0.623553    1.59271
         0          0          0          1

  0.392293  -0.773356   0.498023    1.28605
 -0.797852 -0.0166436   0.602623   0.937893
 -0.457753  -0.633754  -0.623553    1.59271
         0          0          0          1

  0.396517  -0.770076   0.499758    1.27762
  -0.80978 -0.0369423   0.585569   0.950567
  -0.43247  -0.636882   -0.63824    1.63277
         0          0          0          1

  0.396517  -0.770076   0.499758    1.27762
  -0.80978 -0.0369423   0.585569   0.950567
  -0.43247  -0.636882   -0.63824    1.63277
         0          0          0          1

  0.403594  -0.766634   0.499384    1.26639
  -0.81738 -0.0568722   0.573286   0.961973
 -0.411099  -0.639561  -0.649584    1.65734
         0          0          0          1

  0.403594  -0.766634   0.499384    1.26639
  -0.81738 -0.0568722   0.573286   0.961973
 -0.411099  -0.639561  -0.649584    1.65734
         0          0          0          1

  0.405101  -0.766441   0.498459    1.25838
 -0.825729 -0.0726483    0.55937   0.972716
 -0.392512  -0.638193  -0.662302    1.68552
         0          0          0          1

  0.405101  -0.766441   0.498459    1.25838
 -0.825729 -0.0726483    0.55937   0.972716
 -0.392512  -0.638193  -0.662302    1.68552
         0          0          0          1

 0.409597 -0.763605  0.499137   1.24179
-0.839258 -0.100938  0.534283  0.993765
-0.357599 -0.637745 -0.682205    1.7217
        0         0         0         1

 0.409597 -0.763605  0.499137   1.24179
-0.839258 -0.100938  0.534283  0.993765
-0.357599 -0.637745 -0.682205    1.7217
        0         0         0         1

 0.407384 -0.764316   0.49986    1.2342
  -0.8469 -0.111347  0.519964   1.00816
-0.341759 -0.635156  -0.69266   1.75204
        0         0         0         1

 0.407384 -0.764316   0.49986    1.2342
  -0.8469 -0.111347  0.519964   1.00816
-0.341759 -0.635156  -0.69266   1.75204
        0         0         0         1

 0.405071 -0.765067   0.50059   1.22747
-0.853673 -0.120453  0.506689   1.02311
-0.327353 -0.632585 -0.701909   1.78316
        0         0         0         1

 0.405071 -0.765067   0.50059   1.22747
-0.853673 -0.120453  0.506689   1.02311
-0.327353 -0.632585 -0.701909   1.78316
        0         0         0         1

 0.397955 -0.768728  0.500689   1.21519
-0.869766  -0.14256  0.472424   1.05307
-0.291787 -0.623485 -0.725346   1.81759
        0         0         0         1

 0.397955 -0.768728  0.500689   1.21519
-0.869766  -0.14256  0.472424   1.05307
-0.291787 -0.623485 -0.725346   1.81759
        0         0         0         1

 0.402574 -0.767483  0.498903   1.19915
-0.872038  -0.15581  0.463975   1.07165
-0.278359 -0.621846    -0.732   1.85171
        0         0         0         1

 0.402574 -0.767483  0.498903   1.19915
-0.872038  -0.15581  0.463975   1.07165
-0.278359 -0.621846    -0.732   1.85171
        0         0         0         1

  0.39308 -0.771585  0.500145   1.18641
  -0.8841 -0.167665  0.436183   1.10338
-0.252695 -0.613633 -0.748064   1.89249
        0         0         0         1

  0.39308 -0.771585  0.500145   1.18641
  -0.8841 -0.167665  0.436183   1.10338
-0.252695 -0.613633 -0.748064   1.89249
        0         0         0         1

 0.384516 -0.777033  0.498365    1.1818
-0.892991 -0.176302  0.414108   1.12739
-0.233913 -0.604266 -0.761674   1.91646
        0         0         0         1

 0.384516 -0.777033  0.498365    1.1818
-0.892991 -0.176302  0.414108   1.12739
-0.233913 -0.604266 -0.761674   1.91646
        0         0         0         1

 0.377639 -0.779389   0.49994   1.17141
-0.899485  -0.18061  0.397878   1.15262
-0.219808 -0.599943 -0.769255   1.94404
        0         0         0         1

 0.377639 -0.779389   0.49994   1.17141
-0.899485  -0.18061  0.397878   1.15262
-0.219808 -0.599943 -0.769255   1.94404
        0         0         0         1

 0.375026 -0.775937  0.507225   1.14771
-0.905116 -0.188266  0.381211   1.18912
-0.200303 -0.602062 -0.772917   1.98402
        0         0         0         1

 0.375026 -0.775937  0.507225   1.14771
-0.905116 -0.188266  0.381211   1.18912
-0.200303 -0.602062 -0.772917   1.98402
        0         0         0         1

 0.362902 -0.780014  0.509785   1.14173
-0.912321 -0.186065  0.364761   1.21411
-0.189665  -0.59746 -0.779146   2.01024
        0         0         0         1

