-0.106553  -0.51627  0.849772  0.512665
-0.956923  0.285389 0.0533963      1.06
-0.270082 -0.807477  -0.52444   2.22679
        0         0         0         1

-0.103318 -0.517749  0.849271  0.503707
-0.953709  0.294011 0.0632172   1.03808
-0.282426 -0.803426 -0.524159    2.2172
        0         0         0         1

-0.107096 -0.516221  0.849733  0.504595
-0.952073  0.299528 0.0619716   1.02886
 -0.28651 -0.802371 -0.523559   2.20239
        0         0         0         1

-0.108536 -0.515708  0.849862  0.500458
-0.943788  0.321966 0.0748427  0.991129
-0.312224 -0.793966 -0.521664   2.17871
        0         0         0         1

-0.105267 -0.511142  0.853026   0.49549
-0.942447  0.325022 0.0784543  0.980439
-0.317353 -0.795673 -0.515938   2.16079
        0         0         0         1

-0.101203 -0.506596  0.856224  0.492335
-0.940405  0.329559 0.0838357  0.963618
-0.324647 -0.796713 -0.509758   2.14216
        0         0         0         1

-0.0997588 -0.507487  0.855865  0.495964
-0.938091  0.334725  0.089133  0.952529
-0.331714 -0.793988  -0.50946   2.13171
        0         0         0         1

-0.0841486 -0.503789  0.859719  0.489793
-0.929217  0.351229  0.114867  0.917871
-0.359827 -0.789199 -0.497684   2.10388
        0         0         0         1

-0.0780388 -0.501862   0.86142  0.486475
-0.924884   0.35899  0.125359  0.903292
-0.372154 -0.786931  -0.49218    2.0939
        0         0         0         1

-0.0814884 -0.496516  0.864194  0.492388
-0.919326  0.372354  0.127246  0.889406
-0.384966 -0.784107 -0.486803   2.08076
        0         0         0         1

-0.0751408 -0.495988  0.865072   0.48955
-0.915481  0.378202  0.137322  0.876131
-0.395282 -0.781639 -0.482487   2.06772
        0         0         0         1

-0.0685151 -0.488143   0.87007  0.486819
-0.913671  0.380929  0.141767  0.863368
-0.400638 -0.785245 -0.472101   2.04415
        0         0         0         1

-0.0648856 -0.486932  0.871027  0.486196
-0.908126  0.390627  0.150724  0.850189
-0.413639 -0.781222 -0.467541   2.03513
        0         0         0         1

-0.0558937 -0.481544  0.874638  0.488653
-0.897717  0.407664  0.167076  0.824628
-0.437013 -0.775839 -0.455076   2.00203
        0         0         0         1

-0.0469556 -0.481374  0.875257  0.484275
-0.892744  0.413302  0.179414  0.811321
 -0.44811 -0.772956 -0.449151   1.98906
        0         0         0         1

-0.0375449 -0.477321  0.877927  0.480302
-0.886601  0.421215  0.191095  0.796485
-0.461009 -0.771196 -0.439007    1.9706
        0         0         0         1

-0.0294407 -0.471888  0.881167  0.477248
-0.882345  0.426495  0.198919  0.785345
-0.469681 -0.771637 -0.428924     1.954
        0         0         0         1

-0.0227416  -0.46392  0.885585  0.479994
-0.872734  0.441305  0.208769  0.765742
-0.487666 -0.768133 -0.414915   1.91845
        0         0         0         1

-0.0173554 -0.459933  0.887784  0.478717
-0.868301  0.447171  0.214691  0.756938
-0.495735 -0.767138 -0.407121   1.90275
        0         0         0         1

-0.0143126 -0.458915  0.888365  0.479643
-0.861985  0.455918  0.221632  0.746171
-0.506732 -0.762585 -0.402103   1.88596
        0         0         0         1

-0.00689084 -0.455867  0.890021  0.476899
-0.858042  0.459772  0.228851  0.736904
-0.513533 -0.762099 -0.394321   1.87065
        0         0         0         1

0.00179597 -0.452888  0.891566  0.476713
-0.850008  0.468957  0.239928  0.725917
-0.526766 -0.758269 -0.384116   1.85298
        0         0         0         1

0.00748593 -0.456311  0.889789  0.475041
-0.843317  0.475287  0.250837  0.715092
-0.537365 -0.752251 -0.381257   1.84072
        0         0         0         1

0.0155354 -0.453419  0.891162  0.475447
-0.829124  0.492304  0.264936  0.697395
-0.558849 -0.742999 -0.368293   1.80827
        0         0         0         1

0.0232267 -0.451994  0.891718  0.472562
-0.825728  0.494161  0.271988  0.689725
 -0.56359 -0.742634 -0.361747   1.79211
        0         0         0         1

0.0266148 -0.453352  0.890934  0.470673
-0.816608  0.504198  0.280956      0.68
-0.576579 -0.735022 -0.356792     1.777
        0         0         0         1

0.0315931 -0.452619  0.891144   0.46955
-0.812759  0.507301  0.286476  0.674123
-0.581743 -0.733336 -0.351843   1.76248
        0         0         0         1

0.0330821 -0.447552  0.893646  0.472016
-0.803608   0.51971  0.290028  0.664385
-0.594239 -0.727735 -0.342463   1.72817
        0         0         0         1

0.0388868 -0.447902  0.893236  0.469471
-0.796292  0.526138  0.298492  0.657068
-0.603661 -0.722885 -0.336201   1.71686
        0         0         0         1

0.0373841 -0.447716  0.893394  0.470837
 -0.78796  0.536633  0.301901  0.651858
-0.614591 -0.715245 -0.332721   1.70329
        0         0         0         1

0.0428756 -0.447227  0.893392  0.468918
-0.783445  0.539855  0.307848   0.64669
 -0.61998 -0.713123 -0.327231   1.69002
        0         0         0         1

0.0421463  -0.44509  0.894494  0.470303
-0.775939  0.549413  0.309942  0.642436
-0.629399 -0.707135 -0.322207   1.67478
        0         0         0         1

0.0432958 -0.445074  0.894447  0.469798
-0.770693  0.554819  0.313381  0.638483
-0.635734 -0.702912 -0.318994   1.66429
        0         0         0         1

0.0473672 -0.440752  0.896378  0.469937
-0.758798  0.567721  0.319247  0.630911
-0.649602 -0.695292  -0.30755   1.63623
        0         0         0         1

0.0516876 -0.439564  0.896723  0.467944
-0.754317  0.571269  0.323509  0.627196
-0.654473 -0.693134 -0.302043   1.62502
        0         0         0         1

0.0516469 -0.435865  0.898529  0.469759
-0.749503  0.577683  0.323308  0.625136
-0.659984 -0.690148 -0.296846   1.61059
        0         0         0         1

0.0534703  -0.43758  0.897588  0.469163
 -0.74358  0.582515  0.328275  0.621411
-0.666505 -0.684982 -0.294228   1.60241
        0         0         0         1

0.0603951 -0.441592  0.895181   0.46585
-0.731175  0.590941  0.340841  0.612404
-0.679512 -0.675119 -0.287191   1.58083
        0         0         0         1

0.0608044 -0.441842   0.89503  0.465808
 -0.72756  0.594264  0.342793  0.610125
-0.683344 -0.672031 -0.285333   1.57227
        0         0         0         1

0.0643297 -0.443506   0.89396   0.46401
-0.721177  0.598517  0.348829  0.606553
-0.689758 -0.667143 -0.281344   1.56158
        0         0         0         1

0.0617568 -0.442378    0.8947  0.465742
-0.717967  0.603009  0.347712  0.606428
-0.693332 -0.663838 -0.280373   1.55372
        0         0         0         1

0.0659826 -0.442595  0.894291  0.463998
-0.713765  0.605353  0.352259  0.602675
 -0.69727 -0.661557 -0.275966   1.54305
        0         0         0         1

0.0675797 -0.442319  0.894308  0.464132
-0.710261  0.608176  0.354472  0.600857
-0.700687 -0.659147 -0.273062    1.5361
        0         0         0         1

0.0712309 -0.439056  0.895632  0.465151
-0.705603  0.612477  0.356365  0.598472
-0.705018 -0.657345 -0.266172   1.51812
        0         0         0         1

0.0724672 -0.439127  0.895498  0.465161
-0.703262  0.614167  0.358081  0.597572
-0.707228 -0.655719 -0.264314   1.51252
        0         0         0         1

0.0779579 -0.438475  0.895356  0.463375
-0.698963  0.616359  0.362702  0.594922
-0.710897 -0.654096 -0.258427   1.50503
        0         0         0         1

0.0824627 -0.437725  0.895319  0.462127
-0.697178   0.61662  0.365681  0.593585
-0.712139 -0.654352 -0.254324   1.49908
        0         0         0         1

0.0898747 -0.437048  0.894937  0.460704
-0.692018  0.618827  0.371705  0.591089
-0.716264 -0.652719 -0.246828   1.48821
        0         0         0         1

0.0945228 -0.435359  0.895281  0.460144
-0.690442  0.619203  0.374003  0.590372
-0.717186 -0.653491 -0.242061   1.48313
        0         0         0         1

0.0992025 -0.433969  0.895449  0.460248
-0.688706   0.61958   0.37657  0.589595
-0.718222 -0.654058 -0.237413   1.47833
        0         0         0         1

 0.103524 -0.433939  0.894975   0.45968
-0.688082  0.618498  0.379478   0.58889
 -0.71821 -0.655101 -0.234556   1.47388
        0         0         0         1

 0.109197 -0.434225  0.894161  0.458396
-0.686136  0.617943   0.38388  0.587857
-0.719231 -0.655435  -0.23046    1.4701
        0         0         0         1

 0.113153 -0.432914  0.894305  0.458142
-0.685233  0.617779  0.385753  0.587725
-0.719481 -0.656457 -0.226743   1.46675
        0         0         0         1

 0.118361 -0.428521  0.895746   0.45879
-0.684142  0.618618  0.386345   0.58854
-0.719681 -0.658545 -0.219949   1.45848
        0         0         0         1

 0.123881   -0.4291  0.894722  0.457765
-0.683124  0.617106  0.390542  0.587573
-0.719719 -0.659586 -0.216681   1.45571
        0         0         0         1

 0.125477 -0.429402  0.894354  0.458338
-0.681364  0.617944  0.392286  0.587747
-0.721109 -0.658604 -0.215042   1.45394
        0         0         0         1

 0.128535 -0.427995  0.894594  0.459017
-0.680717  0.617926  0.393435  0.588126
-0.721182 -0.659536 -0.211918   1.45135
        0         0         0         1

 0.137351 -0.429065   0.89277  0.457719
-0.677297  0.616996  0.400729  0.586753
-0.722775 -0.659711  -0.20586   1.44685
        0         0         0         1

0.140907 -0.43141 0.891084 0.456516
-0.675924 0.615725 0.404981 0.585877
-0.723375 -0.65937 -0.20484  1.44552
       0        0        0        1

 0.145741 -0.432192  0.889927  0.455348
-0.675372  0.613855  0.408723  0.585062
-0.722933 -0.660599 -0.202427   1.44221
        0         0         0         1

 0.147497 -0.431872  0.889793  0.455708
-0.675819  0.612855  0.409485  0.585825
-0.722159 -0.661736 -0.201473    1.4395
        0         0         0         1

 0.149394 -0.432823  0.889014  0.455578
-0.675241  0.612143  0.411498  0.585543
 -0.72231 -0.661774 -0.200809    1.4369
        0         0         0         1

 0.149337  -0.43232  0.889268  0.456425
-0.674238  0.613319  0.411392  0.586728
-0.723258 -0.661014 -0.199896   1.43551
        0         0         0         1

 0.155344 -0.431961  0.888413  0.454114
-0.673058  0.612009  0.415257  0.585811
-0.723092 -0.662461 -0.195663   1.42986
        0         0         0         1

 0.155038 -0.434244  0.887353  0.454299
-0.670138  0.613733  0.417429  0.585953
-0.725863 -0.659367 -0.195852   1.43088
        0         0         0         1

 0.158096 -0.435201  0.886344   0.45326
-0.670114   0.61199  0.420019  0.585273
-0.725226 -0.660355 -0.194881    1.4274
        0         0         0         1

 0.158796 -0.435297  0.886172  0.453085
-0.668734  0.612897  0.420894  0.585387
-0.726346  -0.65945 -0.193772   1.42654
        0         0         0         1

 0.160447 -0.434341  0.886344  0.453873
-0.666775  0.614416  0.421787  0.586658
-0.727782 -0.658667 -0.191026   1.42374
        0         0         0         1

 0.163816 -0.430143  0.887773  0.452411
-0.667312   0.61447  0.420858  0.586505
-0.726539 -0.661365 -0.186379   1.42149
        0         0         0         1

 0.165809 -0.427395   0.88873  0.452246
-0.668351  0.613961  0.419951   0.58675
 -0.72513 -0.663616  -0.18385   1.42046
        0         0         0         1

 0.165636 -0.428358  0.888298  0.452863
-0.668691  0.613269   0.42042  0.587024
-0.724857 -0.663634  -0.18486   1.42064
        0         0         0         1

 0.167887 -0.427585  0.888248  0.452598
-0.669098  0.612285  0.421207  0.586167
-0.723963  -0.66504 -0.183301   1.42011
        0         0         0         1

 0.168626 -0.425899  0.888918  0.453748
-0.669938  0.611988  0.420302  0.586753
-0.723013 -0.666394 -0.182129   1.41926
        0         0         0         1

 0.176363 -0.424619  0.888028  0.452189
-0.670489  0.608682  0.424206    0.5856
-0.720653 -0.670228 -0.177354   1.41823
        0         0         0         1

 0.179289 -0.423471  0.887991  0.451888
-0.671164  0.607298  0.425122    0.5852
-0.719302 -0.672207 -0.175337    1.4171
        0         0         0         1

 0.177481 -0.421569  0.889258  0.452771
-0.671014   0.60915  0.422702  0.585846
 -0.71989 -0.671726 -0.174766   1.41729
        0         0         0         1

 0.178058  -0.42152  0.889166  0.452149
-0.671552  0.608414  0.422906  0.585653
-0.719245 -0.672423  -0.17474   1.41675
        0         0         0         1

 0.175466 -0.423018   0.88897  0.451995
 -0.66963   0.61064  0.422746  0.585787
 -0.72167 -0.669458 -0.176119   1.41742
        0         0         0         1

 0.173068 -0.422366   0.88975  0.452372
-0.670408  0.611282   0.42058  0.586306
-0.721526 -0.669285 -0.177364   1.41726
        0         0         0         1

 0.170948 -0.421573  0.890535  0.452414
-0.670918   0.61211  0.418558   0.58665
-0.721558 -0.669028 -0.178201   1.41698
        0         0         0         1

 0.167548 -0.421837  0.891056  0.452895
-0.670361  0.613975  0.416714  0.587044
-0.722872 -0.667149 -0.179913   1.41782
        0         0         0         1

 0.165906 -0.421983  0.891294   0.45283
-0.669982  0.614964  0.415866  0.587131
-0.723602 -0.666146 -0.180695   1.41836
        0         0         0         1

 0.165021 -0.422111  0.891398  0.452728
-0.669193  0.616009  0.415589  0.586901
-0.724534 -0.665098 -0.180819   1.41872
        0         0         0         1

 0.156385 -0.426716  0.890762  0.454989
-0.668028  0.618595  0.413617  0.588271
-0.727518 -0.659738 -0.188319   1.42064
        0         0         0         1

  0.15535 -0.428613  0.890032  0.455554
-0.669112  0.617166  0.413999  0.588573
-0.726743 -0.659846 -0.190913   1.42023
        0         0         0         1

 0.155328 -0.433603  0.887615  0.456437
-0.669621   0.61438  0.417307  0.588782
-0.726279 -0.659185 -0.194919   1.41986
        0         0         0         1

 0.150563 -0.443733   0.88342  0.458822
-0.669988  0.611292  0.421233  0.589536
-0.726943 -0.655303 -0.205258   1.42197
        0         0         0         1

  0.14735 -0.462415  0.874334  0.459862
-0.669325  0.604213  0.432354  0.589064
-0.728211 -0.648922 -0.220475   1.42453
        0         0         0         1

 0.142144 -0.473725  0.869126  0.463475
-0.671564  0.598894  0.436265  0.589982
-0.727184 -0.645686 -0.233007   1.42607
        0         0         0         1

 0.131924 -0.501186  0.855225  0.468141
-0.670305  0.590498  0.449448  0.590116
-0.730265 -0.632555 -0.258046   1.43357
        0         0         0         1

 0.126446 -0.505659  0.853417  0.470315
-0.668917  0.591824  0.449771   0.59085
-0.732503 -0.627737  -0.26341   1.43724
        0         0         0         1

 0.123769 -0.507858  0.852503  0.470992
-0.670471  0.590541  0.449142  0.591689
-0.731539 -0.627169 -0.267414    1.4391
        0         0         0         1

 0.118062 -0.512773  0.850368  0.472176
-0.669935  0.590977  0.449371  0.592558
-0.732973 -0.622745 -0.273752    1.4431
        0         0         0         1

 0.110212 -0.512922  0.851331  0.474443
-0.672372  0.592328  0.443919  0.595935
-0.731963 -0.621336 -0.279592   1.44862
        0         0         0         1

 0.104629  -0.50733  0.855377  0.477161
-0.675039  0.595389    0.4357  0.598979
-0.730325 -0.622999 -0.280172   1.45017
        0         0         0         1

0.0989517 -0.503933  0.858056  0.478532
-0.676501  0.598303  0.429396   0.60072
-0.729764 -0.622965 -0.281708   1.45325
        0         0         0         1

0.0949461 -0.504235  0.858331  0.478317
-0.676865  0.599546  0.427082  0.601355
-0.729959 -0.621524 -0.284375   1.45662
        0         0         0         1

0.0839867 -0.506105  0.858373  0.479255
-0.678053   0.60221  0.421412  0.603509
-0.730199 -0.617415 -0.292588    1.4618
        0         0         0         1

0.0738253 -0.512253  0.855656  0.478834
-0.677388  0.603939  0.420003  0.603715
-0.731912 -0.610618 -0.302408   1.46688
        0         0         0         1

0.0512477 -0.531713  0.845373  0.476905
-0.676309  0.604366  0.421126  0.604058
-0.734833 -0.593315  -0.32863   1.47555
        0         0         0         1

0.0424205 -0.537164   0.84241  0.477375
-0.676442  0.605077  0.419891  0.605126
-0.735273 -0.587654 -0.337693   1.47991
        0         0         0         1

0.0330756 -0.537731  0.842468  0.477517
-0.678117  0.607151  0.414156  0.606448
 -0.73421  -0.58499 -0.344562   1.48531
        0         0         0         1

0.0244195   -0.5363  0.843674   0.47817
-0.680668  0.609174  0.406936  0.607675
-0.732184   -0.5842 -0.350167   1.48994
        0         0         0         1

0.00510717 -0.528606  0.848852  0.480091
-0.689841  0.612674  0.385682  0.613381
-0.723943 -0.587542 -0.361525   1.49953
        0         0         0         1

-0.00217983 -0.529112  0.848549  0.479175
  -0.6932  0.612387  0.380072  0.615075
-0.720742 -0.587386 -0.368115   1.50469
        0         0         0         1

-0.0162084 -0.528897  0.848531  0.481977
-0.699796  0.612146  0.368189  0.619132
-0.714159 -0.587831 -0.380042   1.51231
        0         0         0         1

-0.0214779 -0.529848  0.847821  0.481232
 -0.70516  0.609176  0.362842  0.621409
-0.708723 -0.590056 -0.386711   1.51753
        0         0         0         1

-0.0330345 -0.532405  0.845845  0.482986
-0.711598    0.6068   0.35415  0.625362
 -0.70181 -0.590202 -0.398904   1.52779
        0         0         0         1

-0.0381897 -0.530676  0.846714  0.484474
-0.719843  0.602312   0.34503  0.629335
-0.693086 -0.596324 -0.405005   1.53255
        0         0         0         1

-0.0407583 -0.532052   0.84573  0.484041
-0.738078  0.586565   0.33344  0.637253
-0.673484 -0.610624 -0.416603   1.54911
        0         0         0         1

-0.0397017 -0.529596   0.84732  0.484459
-0.745632  0.580208  0.327707  0.641325
-0.665174 -0.618779 -0.417919    1.5564
        0         0         0         1

-0.0341585 -0.525926  0.849844  0.483124
-0.755544  0.570212  0.322508  0.645281
-0.654206 -0.631078 -0.416838   1.56604
        0         0         0         1

-0.0345723 -0.519955  0.853494  0.486975
-0.764666  0.563641  0.312401  0.652004
-0.643499 -0.641837 -0.417078   1.57461
        0         0         0         1

-0.0169787 -0.500529  0.865553  0.489605
-0.787302  0.540316  0.297009  0.665187
-0.616334 -0.676409 -0.403241   1.59442
        0         0         0         1

-0.00577709 -0.496708  0.867899  0.488269
-0.793667   0.53026  0.298191   0.66845
-0.608326 -0.687099 -0.397284   1.60591
        0         0         0         1

0.00622196  -0.48693  0.873419  0.489271
-0.805934  0.514618   0.29264  0.676347
-0.591972 -0.705739 -0.389231   1.61774
        0         0         0         1

0.0131949 -0.479416  0.877489  0.491605
-0.818527  0.498865  0.284863  0.685415
-0.574317 -0.722007 -0.385832    1.6248
        0         0         0         1

0.0300903 -0.467858  0.883291   0.49464
-0.842591  0.463514  0.274216  0.704439
-0.537712 -0.752505 -0.380266   1.64861
        0         0         0         1

0.0336217 -0.466797  0.883725  0.496852
-0.849582  0.452356  0.271264  0.711635
-0.526384 -0.759918 -0.381373   1.66141
        0         0         0         1

0.0440215 -0.461378  0.886111  0.497697
-0.862906  0.429413  0.266454  0.723286
-0.503443  -0.77636 -0.379223    1.6716
        0         0         0         1

0.0481056 -0.459954  0.886639  0.499636
-0.871488  0.414401  0.262259  0.733051
-0.488051 -0.785311 -0.380909   1.68274
        0         0         0         1

0.0532002 -0.460914  0.885849  0.503465
 -0.88075  0.396392   0.25914  0.745709
-0.470585 -0.793997 -0.384862   1.69923
        0         0         0         1

0.0625345 -0.459672  0.885884  0.502186
-0.889486  0.376912  0.258363  0.755352
-0.452662 -0.804139 -0.385302    1.7078
        0         0         0         1

0.0791227 -0.459124  0.884842  0.503501
-0.905477  0.338162  0.256432   0.77887
-0.416954 -0.821494  -0.38897   1.73633
        0         0         0         1

0.0835773 -0.461418  0.883237  0.504801
 -0.91153  0.322738  0.254859  0.789392
-0.402651 -0.826398 -0.393623   1.74865
        0         0         0         1

0.0925881 -0.462576  0.881732  0.505319
-0.918303  0.302642  0.255201  0.803863
-0.384899 -0.833325 -0.396763   1.76476
        0         0         0         1

0.0939506 -0.462624  0.881563  0.509843
-0.925735  0.285212  0.248331  0.818264
-0.366316 -0.839425 -0.401471    1.7748
        0         0         0         1

 0.105767 -0.469305  0.876679  0.512103
-0.938515  0.244257  0.243983  0.848082
-0.328637 -0.848582 -0.414616   1.80249
        0         0         0         1

 0.101941 -0.475234  0.873934  0.517921
-0.944837  0.228635   0.23454  0.863603
-0.311273 -0.849635 -0.425711    1.8134
        0         0         0         1

 0.109351 -0.482513  0.869036  0.516504
-0.949088  0.209156  0.235554  0.877923
-0.295422  -0.85055 -0.435076   1.83121
        0         0         0         1

 0.109171 -0.487737  0.866138  0.519644
-0.953836  0.193852  0.229386  0.892599
-0.279782 -0.851196 -0.444058   1.84269
        0         0         0         1

 0.109326 -0.495644  0.861618  0.522478
-0.959853  0.172628  0.221094  0.912376
-0.258323 -0.851197 -0.456872    1.8568
        0         0         0         1

 0.112967 -0.500075  0.858582   0.52256
-0.963206  0.156973   0.21816  0.926653
 -0.24387 -0.851637 -0.463942   1.86779
        0         0         0         1

 0.116759 -0.506687  0.854187  0.520316
-0.971502  0.120369  0.204196  0.961508
-0.206281 -0.853686 -0.478193   1.89277
        0         0         0         1

 0.118332 -0.510913  0.851449  0.521203
-0.974459  0.105063  0.198471  0.975965
-0.190857 -0.853188 -0.485431   1.90306
        0         0         0         1

 0.115972 -0.517641  0.847702  0.525656
-0.977857 0.0901838  0.188848  0.995865
-0.174204 -0.850832  -0.49572   1.92027
        0         0         0         1

 0.113615 -0.516084  0.848969  0.526215
-0.981322 0.0752232  0.177055   1.01317
-0.155238 -0.853228 -0.497898   1.92562
        0         0         0         1

 0.113738 -0.520751  0.846098  0.528129
-0.983669 0.0605492  0.169498   1.03293
-0.139497 -0.851559 -0.505359   1.94166
        0         0         0         1

 0.111645 -0.527314  0.842304  0.530284
-0.985355 0.0511848   0.16265   1.04726
-0.128881 -0.848127 -0.513877   1.95597
        0         0         0         1

 0.110308 -0.534523  0.837924  0.526879
-0.988952 0.0249661  0.146117   1.08299
-0.0990223 -0.844785 -0.525864   1.98357
        0         0         0         1

 0.101936 -0.537897  0.836825  0.531913
-0.991219 0.0163042  0.131224    1.1017
-0.0842286 -0.842853 -0.531512   1.99218
        0         0         0         1

    0.10092   -0.533506    0.839754    0.526452
   -0.99311 -0.00348902    0.117134     1.12374
 -0.0595615   -0.845789   -0.530182     1.99633
          0           0           0           1

  0.101131  -0.532101   0.840619    0.52261
 -0.994142 -0.0216669   0.105886    1.14245
-0.0381284  -0.846403  -0.531175    2.00085
         0          0          0          1

  0.088927  -0.541313   0.836105   0.528001
 -0.995829 -0.0311053  0.0857767    1.17884
-0.0204248  -0.840245  -0.541822    2.03329
         0          0          0          1

 0.0826325  -0.543827   0.835119   0.531048
 -0.996537 -0.0373123  0.0743067    1.19523
-0.00924971  -0.838368  -0.545027    2.04481
         0          0          0          1

