 0.412882 -0.789636  0.453877   1.25504
-0.859461 -0.172867  0.481085   1.08302
-0.301422 -0.588721 -0.750035   1.79753
        0         0         0         1

 0.412188 -0.787645  0.457947   1.26528
-0.855314 -0.161342  0.492349   1.06265
 -0.31391 -0.594629 -0.740187   1.77268
        0         0         0         1

 0.412188 -0.787645  0.457947   1.26528
-0.855314 -0.161342  0.492349   1.06265
 -0.31391 -0.594629 -0.740187   1.77268
        0         0         0         1

 0.420636 -0.780288  0.462835    1.2695
-0.840574 -0.143262   0.52241   1.03132
-0.341324 -0.608791 -0.716151   1.74099
        0         0         0         1

 0.420636 -0.780288  0.462835    1.2695
-0.840574 -0.143262   0.52241   1.03132
-0.341324 -0.608791 -0.716151   1.74099
        0         0         0         1

 0.417453 -0.780656  0.465091   1.27853
-0.834823 -0.127331   0.53559   1.01214
-0.358891 -0.611853 -0.704864   1.72027
        0         0         0         1

 0.417453 -0.780656  0.465091   1.27853
-0.834823 -0.127331   0.53559   1.01214
-0.358891 -0.611853 -0.704864   1.72027
        0         0         0         1

 0.410497 -0.783423  0.466626   1.29001
-0.831413 -0.111401  0.544373  0.995161
-0.374492 -0.611423 -0.697078   1.69561
        0         0         0         1

 0.410497 -0.783423  0.466626   1.29001
-0.831413 -0.111401  0.544373  0.995161
-0.374492 -0.611423 -0.697078   1.69561
        0         0         0         1

 0.414285 -0.793319  0.446109    1.3022
-0.812449 -0.101415  0.574144  0.972809
-0.410237   -0.6003 -0.686546   1.66298
        0         0         0         1

 0.414285 -0.793319  0.446109    1.3022
-0.812449 -0.101415  0.574144  0.972809
-0.410237   -0.6003 -0.686546   1.66298
        0         0         0         1

  0.422736  -0.797488   0.430474    1.30718
 -0.791907 -0.0940978   0.603348    0.95888
 -0.440656  -0.595952  -0.671315    1.64096
         0          0          0          1

  0.422736  -0.797488   0.430474    1.30718
 -0.791907 -0.0940978   0.603348    0.95888
 -0.440656  -0.595952  -0.671315    1.64096
         0          0          0          1

  0.417251   -0.81129   0.409525     1.3164
 -0.770167 -0.0764507   0.633244   0.941529
 -0.482435  -0.579625  -0.656728     1.6086
         0          0          0          1

  0.417251   -0.81129   0.409525     1.3164
 -0.770167 -0.0764507   0.633244   0.941529
 -0.482435  -0.579625  -0.656728     1.6086
         0          0          0          1

  0.417651  -0.815115   0.401442    1.32132
 -0.758697 -0.0697538   0.647698   0.931717
 -0.499946  -0.575085  -0.647558    1.58519
         0          0          0          1

  0.417651  -0.815115   0.401442    1.32132
 -0.758697 -0.0697538   0.647698   0.931717
 -0.499946  -0.575085  -0.647558    1.58519
         0          0          0          1

  0.416516  -0.822275   0.387787    1.32345
 -0.744565 -0.0637742   0.664497   0.923498
 -0.521668  -0.565506  -0.638799    1.56585
         0          0          0          1

  0.416516  -0.822275   0.387787    1.32345
 -0.744565 -0.0637742   0.664497   0.923498
 -0.521668  -0.565506  -0.638799    1.56585
         0          0          0          1

  0.408715  -0.831834   0.375506    1.33146
 -0.728408 -0.0494168   0.683359   0.912307
 -0.549885   -0.55282  -0.626112     1.5371
         0          0          0          1

  0.408715  -0.831834   0.375506    1.33146
 -0.728408 -0.0494168   0.683359   0.912307
 -0.549885   -0.55282  -0.626112     1.5371
         0          0          0          1

  0.401713  -0.837538   0.370346    1.33591
 -0.717001 -0.0360778   0.696138   0.905062
 -0.569681  -0.545186  -0.615009    1.52356
         0          0          0          1

  0.401713  -0.837538   0.370346    1.33591
 -0.717001 -0.0360778   0.696138   0.905062
 -0.569681  -0.545186  -0.615009    1.52356
         0          0          0          1

  0.395141  -0.846124   0.357684    1.33903
 -0.705011 -0.0297036   0.708574   0.896998
 -0.588917  -0.532158  -0.608264    1.49982
         0          0          0          1

  0.395141  -0.846124   0.357684    1.33903
 -0.705011 -0.0297036   0.708574   0.896998
 -0.588917  -0.532158  -0.608264    1.49982
         0          0          0          1

  0.388595  -0.852759   0.348994    1.34198
 -0.696403 -0.0238053   0.717256   0.893914
 -0.603339  -0.521762  -0.603114    1.48631
         0          0          0          1

  0.388595  -0.852759   0.348994    1.34198
 -0.696403 -0.0238053   0.717256   0.893914
 -0.603339  -0.521762  -0.603114    1.48631
         0          0          0          1

  0.383731  -0.856869   0.344276    1.34468
 -0.686992 -0.0157624   0.726494   0.890188
 -0.617083  -0.515293  -0.594711    1.47602
         0          0          0          1

  0.383731  -0.856869   0.344276    1.34468
 -0.686992 -0.0157624   0.726494   0.890188
 -0.617083  -0.515293  -0.594711    1.47602
         0          0          0          1

   0.376695    -0.86243    0.338105     1.34634
   -0.67802 -0.00800019       0.735    0.886771
  -0.631181   -0.506113   -0.587759     1.45788
          0           0           0           1

   0.376695    -0.86243    0.338105     1.34634
   -0.67802 -0.00800019       0.735    0.886771
  -0.631181   -0.506113   -0.587759     1.45788
          0           0           0           1

   0.374595   -0.864042    0.336319     1.34654
  -0.670046 -0.00155106    0.742318    0.885556
  -0.640872   -0.503418   -0.579528     1.44859
          0           0           0           1

   0.374595   -0.864042    0.336319     1.34654
  -0.670046 -0.00155106    0.742318    0.885556
  -0.640872   -0.503418   -0.579528     1.44859
          0           0           0           1

 0.368822 -0.864788  0.340752    1.3499
-0.663478 0.0118091  0.748103  0.883975
-0.650974 -0.501999 -0.569412    1.4345
        0         0         0         1

 0.368822 -0.864788  0.340752    1.3499
-0.663478 0.0118091  0.748103  0.883975
-0.650974 -0.501999 -0.569412    1.4345
        0         0         0         1

 0.365639  -0.86506  0.343481   1.35064
 -0.65769 0.0209956  0.752996  0.883941
-0.658598 -0.501229 -0.561265   1.42803
        0         0         0         1

 0.365639  -0.86506  0.343481   1.35064
 -0.65769 0.0209956  0.752996  0.883941
-0.658598 -0.501229 -0.561265   1.42803
        0         0         0         1

 0.361758 -0.866326  0.344398   1.35189
-0.653085 0.0281292  0.756762  0.883965
-0.665291 -0.498685 -0.555608   1.42009
        0         0         0         1

 0.361758 -0.866326  0.344398   1.35189
-0.653085 0.0281292  0.756762  0.883965
-0.665291 -0.498685 -0.555608   1.42009
        0         0         0         1

 0.362843 -0.866638  0.342468   1.35021
 -0.64503 0.0316517  0.763502  0.885253
-0.672519 -0.497933 -0.547522   1.40931
        0         0         0         1

 0.362843 -0.866638  0.342468   1.35021
 -0.64503 0.0316517  0.763502  0.885253
-0.672519 -0.497933 -0.547522   1.40931
        0         0         0         1

 0.362188 -0.866857  0.342607    1.3507
-0.638534 0.0370225  0.768702  0.886034
-0.679039 -0.497181 -0.540108   1.40376
        0         0         0         1

 0.362188 -0.866857  0.342607    1.3507
-0.638534 0.0370225  0.768702  0.886034
-0.679039 -0.497181 -0.540108   1.40376
        0         0         0         1

 0.356778 -0.869179    0.3424   1.35329
-0.635655 0.0427198  0.770791   0.88722
-0.684582  -0.49265 -0.537256   1.39309
        0         0         0         1

 0.356778 -0.869179    0.3424   1.35329
-0.635655 0.0427198  0.770791   0.88722
-0.684582  -0.49265 -0.537256   1.39309
        0         0         0         1

 0.356749 -0.870628  0.338728   1.35149
-0.629812  0.043653   0.77552  0.887693
-0.689976 -0.490001 -0.532759   1.38905
        0         0         0         1

 0.356749 -0.870628  0.338728   1.35149
-0.629812  0.043653   0.77552  0.887693
-0.689976 -0.490001 -0.532759   1.38905
        0         0         0         1

 0.357125 -0.872084  0.334561    1.3504
-0.624661 0.0433133  0.779694  0.888864
 -0.69445 -0.487435 -0.529289   1.38491
        0         0         0         1

 0.357125 -0.872084  0.334561    1.3504
-0.624661 0.0433133  0.779694  0.888864
 -0.69445 -0.487435 -0.529289   1.38491
        0         0         0         1

 0.352164 -0.874725  0.332922   1.35129
-0.620257 0.0482631  0.782913  0.889978
-0.700901 -0.482211 -0.525557   1.37821
        0         0         0         1

 0.352164 -0.874725  0.332922   1.35129
-0.620257 0.0482631  0.782913  0.889978
-0.700901 -0.482211 -0.525557   1.37821
        0         0         0         1

 0.352134 -0.875144  0.331851   1.35096
  -0.6182 0.0487356  0.784509  0.890731
-0.702731 -0.481402 -0.523852   1.37276
        0         0         0         1

 0.352134 -0.875144  0.331851   1.35096
  -0.6182 0.0487356  0.784509  0.890731
-0.702731 -0.481402 -0.523852   1.37276
        0         0         0         1

 0.352328 -0.875347  0.331109   1.34864
-0.617085 0.0487038  0.785388  0.892218
-0.703613 -0.481037 -0.523003   1.36767
        0         0         0         1

 0.352328 -0.875347  0.331109   1.34864
-0.617085 0.0487038  0.785388  0.892218
-0.703613 -0.481037 -0.523003   1.36767
        0         0         0         1

 0.350935 -0.874599  0.334547   1.34841
  -0.6139 0.0548912  0.787473   0.89318
-0.707086  -0.48173 -0.517653   1.36425
        0         0         0         1

 0.350935 -0.874599  0.334547   1.34841
  -0.6139 0.0548912  0.787473   0.89318
-0.707086  -0.48173 -0.517653   1.36425
        0         0         0         1

 0.348821 -0.874209  0.337761    1.3479
-0.612594 0.0600632  0.788112  0.894089
-0.709262 -0.481821 -0.514584   1.36115
        0         0         0         1

 0.348821 -0.874209  0.337761    1.3479
-0.612594 0.0600632  0.788112  0.894089
-0.709262 -0.481821 -0.514584   1.36115
        0         0         0         1

 0.347016 -0.873993  0.340172   1.34628
-0.610516 0.0648226  0.789347  0.895617
-0.711934 -0.481596 -0.511092   1.35761
        0         0         0         1

 0.347016 -0.873993  0.340172   1.34628
-0.610516 0.0648226  0.789347  0.895617
-0.711934 -0.481596 -0.511092   1.35761
        0         0         0         1

  0.34667 -0.873032   0.34298    1.3472
-0.609394 0.0683444  0.789916  0.896212
-0.713063  -0.48285 -0.508327   1.35515
        0         0         0         1

  0.34667 -0.873032   0.34298    1.3472
-0.609394 0.0683444  0.789916  0.896212
-0.713063  -0.48285 -0.508327   1.35515
        0         0         0         1

 0.347696 -0.873941  0.339609   1.34552
-0.610619 0.0638038   0.78935  0.897348
-0.711514 -0.481825  -0.51146   1.35314
        0         0         0         1

 0.347696 -0.873941  0.339609   1.34552
-0.610619 0.0638038   0.78935  0.897348
-0.711514 -0.481825  -0.51146   1.35314
        0         0         0         1

  0.34825 -0.874624  0.337275   1.34497
-0.613505 0.0593812  0.787455  0.898427
-0.708755 -0.481151 -0.515907   1.34948
        0         0         0         1

  0.34825 -0.874624  0.337275   1.34497
-0.613505 0.0593812  0.787455  0.898427
-0.708755 -0.481151 -0.515907   1.34948
        0         0         0         1

 0.347706 -0.875513  0.335526   1.34477
-0.616036 0.0564477  0.785693  0.899004
-0.706824 -0.479887  -0.51972   1.34663
        0         0         0         1

 0.347706 -0.875513  0.335526   1.34477
-0.616036 0.0564477  0.785693  0.899004
-0.706824 -0.479887  -0.51972   1.34663
        0         0         0         1

  0.34522 -0.877384  0.333198    1.3472
-0.616544 0.0556584  0.785351  0.899278
-0.707599  -0.47655 -0.521731   1.34729
        0         0         0         1

  0.34522 -0.877384  0.333198    1.3472
-0.616544 0.0556584  0.785351  0.899278
-0.707599  -0.47655 -0.521731   1.34729
        0         0         0         1

 0.343703 -0.878627  0.331486   1.34728
-0.619289 0.0532863  0.783353  0.899525
-0.705939 -0.474526 -0.525809    1.3463
        0         0         0         1

 0.343703 -0.878627  0.331486   1.34728
-0.619289 0.0532863  0.783353  0.899525
-0.705939 -0.474526 -0.525809    1.3463
        0         0         0         1

 0.343212 -0.879023  0.330944   1.34701
-0.618134 0.0539037  0.784222  0.899955
-0.707188 -0.473723 -0.524854   1.34663
        0         0         0         1

 0.343212 -0.879023  0.330944   1.34701
-0.618134 0.0539037  0.784222  0.899955
-0.707188 -0.473723 -0.524854   1.34663
        0         0         0         1

  0.34102 -0.878966  0.333354   1.34811
-0.619999 0.0562535  0.782583  0.900234
-0.706616 -0.473556 -0.525774   1.34466
        0         0         0         1

  0.34102 -0.878966  0.333354   1.34811
-0.619999 0.0562535  0.782583  0.900234
-0.706616 -0.473556 -0.525774   1.34466
        0         0         0         1

 0.340526 -0.877862  0.336749   1.34791
-0.621171 0.0588167  0.781465    0.9008
-0.705825 -0.475288 -0.525274   1.34268
        0         0         0         1

 0.340526 -0.877862  0.336749   1.34791
-0.621171 0.0588167  0.781465    0.9008
-0.705825 -0.475288 -0.525274   1.34268
        0         0         0         1

 0.337233 -0.876783   0.34282   1.34742
-0.624074 0.0644363  0.778703  0.901905
-0.704844 -0.476549 -0.525448   1.34224
        0         0         0         1

 0.337233 -0.876783   0.34282   1.34742
-0.624074 0.0644363  0.778703  0.901905
-0.704844 -0.476549 -0.525448   1.34224
        0         0         0         1

 0.333594 -0.876538  0.346982   1.34856
-0.623962  0.070609  0.778259  0.902503
-0.706673 -0.476126 -0.523371    1.3429
        0         0         0         1

 0.333594 -0.876538  0.346982   1.34856
-0.623962  0.070609  0.778259  0.902503
-0.706673 -0.476126 -0.523371    1.3429
        0         0         0         1

 0.330558 -0.876516  0.349931   1.34972
-0.625186 0.0743958  0.776922  0.903771
-0.707018  -0.47559 -0.523393   1.34225
        0         0         0         1

 0.330558 -0.876516  0.349931   1.34972
-0.625186 0.0743958  0.776922  0.903771
-0.707018  -0.47559 -0.523393   1.34225
        0         0         0         1

 0.329594  -0.87641  0.351102   1.34963
-0.624085 0.0768045  0.777572  0.904608
-0.708439 -0.475401  -0.52164   1.34301
        0         0         0         1

 0.329594  -0.87641  0.351102   1.34963
-0.624085 0.0768045  0.777572  0.904608
-0.708439 -0.475401  -0.52164   1.34301
        0         0         0         1

 0.327723 -0.877137  0.351038   1.34974
-0.623886 0.0781022  0.777603  0.905138
-0.709482 -0.473846 -0.521638   1.34378
        0         0         0         1

 0.327723 -0.877137  0.351038   1.34974
-0.623886 0.0781022  0.777603  0.905138
-0.709482 -0.473846 -0.521638   1.34378
        0         0         0         1

 0.324645 -0.876984  0.354266   1.35109
-0.618751 0.0863703  0.780825  0.905826
-0.715369 -0.472693 -0.514595   1.35144
        0         0         0         1

 0.324645 -0.876984  0.354266   1.35109
-0.618751 0.0863703  0.780825  0.905826
-0.715369 -0.472693 -0.514595   1.35144
        0         0         0         1

 0.321458 -0.877678  0.355453   1.35155
-0.616766 0.0907649  0.781896  0.907114
-0.718515 -0.470578 -0.512145   1.35549
        0         0         0         1

 0.321458 -0.877678  0.355453   1.35155
-0.616766 0.0907649  0.781896  0.907114
-0.718515 -0.470578 -0.512145   1.35549
        0         0         0         1

 0.323595 -0.875966  0.357729   1.34656
-0.616398 0.0916799  0.782079   0.90996
-0.717871 -0.473581 -0.510277   1.36399
        0         0         0         1

 0.323595 -0.875966  0.357729   1.34656
-0.616398 0.0916799  0.782079   0.90996
-0.717871 -0.473581 -0.510277   1.36399
        0         0         0         1

 0.324705 -0.870615   0.36959   1.34689
-0.619386 0.0995832  0.778745  0.910991
-0.714792 -0.481781 -0.506912   1.37496
        0         0         0         1

 0.324705 -0.870615   0.36959   1.34689
-0.619386 0.0995832  0.778745  0.910991
-0.714792 -0.481781 -0.506912   1.37496
        0         0         0         1

 0.330169 -0.864692  0.378545    1.3442
-0.627977 0.0981886  0.772013  0.912877
-0.704722 -0.492612 -0.510587   1.38549
        0         0         0         1

 0.330169 -0.864692  0.378545    1.3442
-0.627977 0.0981886  0.772013  0.912877
-0.704722 -0.492612 -0.510587   1.38549
        0         0         0         1

 0.342467 -0.850598  0.398997   1.34287
-0.651447 0.0910307  0.753214  0.916709
-0.677003 -0.517876 -0.522944   1.40371
        0         0         0         1

 0.342467 -0.850598  0.398997   1.34287
-0.651447 0.0910307  0.753214  0.916709
-0.677003 -0.517876 -0.522944   1.40371
        0         0         0         1

 0.353569 -0.842168  0.407114    1.3396
-0.668893 0.0766123  0.739401  0.920256
 -0.65389 -0.533744 -0.536232   1.41665
        0         0         0         1

 0.353569 -0.842168  0.407114    1.3396
-0.668893 0.0766123  0.739401  0.920256
 -0.65389 -0.533744 -0.536232   1.41665
        0         0         0         1

 0.361538  -0.83332  0.418172   1.33967
-0.683019 0.0685763  0.727174  0.922096
-0.634645  -0.54852 -0.544381   1.43486
        0         0         0         1

 0.361538  -0.83332  0.418172   1.33967
-0.683019 0.0685763  0.727174  0.922096
-0.634645  -0.54852 -0.544381   1.43486
        0         0         0         1

 0.375595 -0.821567  0.428901   1.33583
-0.704674 0.0474288  0.707944  0.928349
-0.601966 -0.568135 -0.561123   1.46248
        0         0         0         1

 0.375595 -0.821567  0.428901   1.33583
-0.704674 0.0474288  0.707944  0.928349
-0.601966 -0.568135 -0.561123   1.46248
        0         0         0         1

 0.389248 -0.813377  0.432323   1.33096
-0.718361 0.0257295  0.695194  0.933674
-0.576579 -0.581167 -0.574284   1.48095
        0         0         0         1

 0.389248 -0.813377  0.432323   1.33096
-0.718361 0.0257295  0.695194  0.933674
-0.576579 -0.581167 -0.574284   1.48095
        0         0         0         1

      0.405   -0.800805    0.441232     1.32764
   -0.73971 -0.00333427    0.672917    0.943111
  -0.537405   -0.598915   -0.593714     1.51364
          0           0           0           1

      0.405   -0.800805    0.441232     1.32764
   -0.73971 -0.00333427    0.672917    0.943111
  -0.537405   -0.598915   -0.593714     1.51364
          0           0           0           1

   0.41944  -0.788774   0.449339    1.32191
 -0.749592 -0.0217452   0.661542   0.949429
 -0.512036  -0.614299   -0.60038    1.53959
         0          0          0          1

   0.41944  -0.788774   0.449339    1.32191
 -0.749592 -0.0217452   0.661542   0.949429
 -0.512036  -0.614299   -0.60038    1.53959
         0          0          0          1

  0.424342  -0.778672   0.462172    1.32174
  -0.76729 -0.0381775   0.640163   0.957807
 -0.480833  -0.626268  -0.613667    1.56215
         0          0          0          1

  0.424342  -0.778672   0.462172    1.32174
  -0.76729 -0.0381775   0.640163   0.957807
 -0.480833  -0.626268  -0.613667    1.56215
         0          0          0          1

  0.441816  -0.760983   0.475083    1.30947
 -0.785555 -0.0724233    0.61454   0.973562
 -0.433247  -0.644717  -0.629791    1.60132
         0          0          0          1

  0.441816  -0.760983   0.475083    1.30947
 -0.785555 -0.0724233    0.61454   0.973562
 -0.433247  -0.644717  -0.629791    1.60132
         0          0          0          1

 0.444495 -0.755325  0.481568   1.30473
 -0.80472 -0.100537  0.585079  0.987937
-0.393509 -0.647593 -0.652514    1.6246
        0         0         0         1

 0.444495 -0.755325  0.481568   1.30473
 -0.80472 -0.100537  0.585079  0.987937
-0.393509 -0.647593 -0.652514    1.6246
        0         0         0         1

 0.451665 -0.744827  0.491152   1.29423
-0.823304 -0.135845  0.551105   1.00771
-0.343757 -0.653283 -0.674576   1.66894
        0         0         0         1

 0.451665 -0.744827  0.491152   1.29423
-0.823304 -0.135845  0.551105   1.00771
-0.343757 -0.653283 -0.674576   1.66894
        0         0         0         1

  0.45735 -0.739851  0.493407    1.2865
-0.830405 -0.156769  0.534651   1.02245
-0.318212  -0.65425 -0.686074   1.70263
        0         0         0         1

  0.45735 -0.739851  0.493407    1.2865
-0.830405 -0.156769  0.534651   1.02245
-0.318212  -0.65425 -0.686074   1.70263
        0         0         0         1

 0.462172 -0.734599  0.496752   1.27931
-0.839347 -0.181601  0.512365   1.04027
-0.286172 -0.653748 -0.700514    1.7322
        0         0         0         1

 0.462172 -0.734599  0.496752   1.27931
-0.839347 -0.181601  0.512365   1.04027
-0.286172 -0.653748 -0.700514    1.7322
        0         0         0         1

 0.471778 -0.727892  0.497593    1.2665
-0.844492 -0.210778  0.492348   1.06856
-0.253494 -0.652492 -0.714139   1.78369
        0         0         0         1

 0.471778 -0.727892  0.497593    1.2665
-0.844492 -0.210778  0.492348   1.06856
-0.253494 -0.652492 -0.714139   1.78369
        0         0         0         1

 0.472914 -0.730652  0.492443   1.26499
-0.849824 -0.230631  0.473928   1.09025
-0.232704 -0.642618 -0.729994   1.80867
        0         0         0         1

 0.472914 -0.730652  0.492443   1.26499
-0.849824 -0.230631  0.473928   1.09025
-0.232704 -0.642618 -0.729994   1.80867
        0         0         0         1

 0.489958 -0.724987  0.484082   1.24828
-0.849115 -0.271187  0.453278   1.12706
-0.197344 -0.633128 -0.748468   1.84973
        0         0         0         1

 0.489958 -0.724987  0.484082   1.24828
-0.849115 -0.271187  0.453278   1.12706
-0.197344 -0.633128 -0.748468   1.84973
        0         0         0         1

 0.497071 -0.726068  0.475127   1.23843
-0.849632 -0.296077  0.436421   1.15192
-0.176197 -0.620616 -0.764062   1.87498
        0         0         0         1

 0.497071 -0.726068  0.475127   1.23843
-0.849632 -0.296077  0.436421   1.15192
-0.176197 -0.620616 -0.764062   1.87498
        0         0         0         1

 0.501029 -0.728299  0.467493   1.22798
-0.850336 -0.313838  0.422415   1.17766
-0.160928 -0.609168 -0.776541   1.90611
        0         0         0         1

 0.501029 -0.728299  0.467493   1.22798
-0.850336 -0.313838  0.422415   1.17766
-0.160928 -0.609168 -0.776541   1.90611
        0         0         0         1

 0.500664 -0.734977  0.457323   1.22353
-0.856953  -0.34616  0.381843   1.22138
-0.122339 -0.583079 -0.803151   1.93332
        0         0         0         1

