 0.325108 -0.229103  0.917506  0.834519
-0.944301 -0.130971  0.301899   1.06424
0.0510004 -0.964551 -0.258922   1.88199
        0         0         0         1

 0.326146 -0.223549  0.918507  0.832103
-0.944337  -0.12134  0.305786   1.05207
0.0430937  -0.96711  -0.25068   1.87285
        0         0         0         1

 0.324766 -0.220155  0.919814  0.830836
-0.945067 -0.113678  0.306474   1.04145
0.0370905 -0.968818  -0.24498   1.86658
        0         0         0         1

  0.331924  -0.204869    0.92079   0.822487
  -0.94301 -0.0965219   0.318458    1.01713
 0.0236342  -0.974019  -0.225232    1.84985
         0          0          0          1

  0.325648  -0.204055   0.923209   0.829354
 -0.945397 -0.0840666   0.314894    1.00843
 0.0133554  -0.975343  -0.220289    1.84512
         0          0          0          1

  0.334235  -0.189879   0.923164   0.822945
 -0.942489 -0.0685893   0.327124   0.994452
0.00120504  -0.979409  -0.201884    1.84043
         0          0          0          1

  0.336786  -0.183992    0.92343   0.821446
 -0.941514 -0.0541025   0.332602   0.983645
-0.0112363  -0.981438  -0.191452    1.83628
         0          0          0          1

 0.332574 -0.180774  0.925589  0.824288
-0.942854 -0.042383    0.3305  0.974203
-0.0205164 -0.982611 -0.184539   1.82762
        0         0         0         1

 0.327193 -0.178153  0.928012  0.826632
 -0.94446 -0.029806  0.327271  0.966478
-0.0306439 -0.983551 -0.178011   1.81912
        0         0         0         1

    0.332362    -0.171337     0.927458     0.820812
   -0.941417 -0.000648567     0.337245     0.945458
  -0.0571809    -0.985212    -0.161515      1.80494
           0            0            0            1

 0.330614 -0.169649  0.928393  0.821899
 -0.94124 0.0126489    0.3375  0.937561
-0.0689998 -0.985423 -0.155499   1.79836
        0         0         0         1

 0.328036 -0.166131  0.929942  0.825021
-0.941396 0.0243368  0.336424  0.929937
-0.0785222 -0.985803 -0.148411   1.78983
        0         0         0         1

 0.330227 -0.162124  0.929874  0.825074
-0.939712 0.0362499   0.34004  0.921831
-0.0888364 -0.986104 -0.140379   1.78422
        0         0         0         1

 0.335403 -0.147761  0.930415  0.822987
-0.936666 0.0533717  0.346133  0.907336
-0.100803 -0.987582 -0.120502   1.76519
        0         0         0         1

 0.335849  -0.14548  0.930613  0.824285
-0.935391 0.0645775  0.347668   0.90003
-0.110676 -0.987251 -0.114393   1.75998
        0         0         0         1

 0.339124 -0.140522  0.930187  0.824077
-0.933702 0.0704599  0.351049  0.893683
-0.114871 -0.987567 -0.107311   1.74928
        0         0         0         1

   0.3413 -0.134898  0.930224  0.822715
-0.932501 0.0757856  0.353126  0.887768
-0.118134 -0.987957 -0.099927   1.74038
        0         0         0         1

  0.34195 -0.133681  0.930161  0.823578
-0.930652  0.088988  0.354919  0.879565
-0.130219 -0.987021 -0.093981   1.73463
        0         0         0         1

  0.337843  -0.129616   0.932235   0.826837
 -0.931966  0.0923553   0.350586   0.875039
 -0.131538  -0.987254 -0.0895958    1.72461
         0          0          0          1

   0.33865  -0.120106   0.933215   0.824668
 -0.929607   0.110579   0.351573   0.860424
  -0.14542  -0.986583 -0.0742034    1.71165
         0          0          0          1

  0.342095  -0.113046   0.932841   0.820502
 -0.927682    0.11741   0.354431   0.854531
 -0.149592  -0.986628 -0.0647049    1.70541
         0          0          0          1

  0.337144  -0.109883   0.935019   0.822717
  -0.92878   0.123592   0.349419   0.848743
 -0.153956  -0.986231 -0.0603889    1.69711
         0          0          0          1

  0.339155  -0.105307   0.934818   0.819603
 -0.926837    0.13275   0.351214   0.842328
 -0.161083  -0.985539 -0.0525796    1.69198
         0          0          0          1

  0.330536  -0.103266   0.938127   0.823811
 -0.928996   0.139724     0.3427   0.837726
 -0.166468  -0.984791 -0.0497499    1.68344
         0          0          0          1

  0.327107  -0.101026   0.939572   0.824698
 -0.928985   0.147824   0.339315   0.833137
  -0.17317   -0.98384 -0.0454973    1.67742
         0          0          0          1

    0.3169 -0.0946421   0.943725    0.82487
  -0.92996   0.164553    0.32878   0.824094
 -0.186409  -0.981817 -0.0358664    1.66101
         0          0          0          1

  0.312469 -0.0904164   0.945615   0.825245
 -0.930619   0.170554   0.323822   0.820546
 -0.190557  -0.981191 -0.0308505    1.65326
         0          0          0          1

  0.309635 -0.0863114    0.94693   0.824922
 -0.929686   0.181491   0.320539   0.815773
 -0.199525  -0.979598 -0.0240467    1.64675
         0          0          0          1

  0.306498 -0.0838116   0.948174   0.825095
 -0.929187   0.189826    0.31714   0.812173
 -0.206568  -0.978234 -0.0196953      1.641
         0          0          0          1

   0.305698  -0.0733868    0.949296    0.821255
  -0.926951    0.204829    0.314337    0.802804
  -0.217511   -0.976043 -0.00541031     1.62548
          0           0           0           1

    0.304185   -0.0708311     0.949976     0.821212
   -0.925282     0.215192     0.312323     0.798735
   -0.226549       -0.974 -8.06876e-05      1.62193
           0            0            0            1

  0.296038 -0.0678694   0.952762   0.824922
 -0.927088   0.219698   0.303711   0.796477
 -0.229933  -0.973204 0.00211816    1.61472
         0          0          0          1

  0.294974 -0.0633187   0.953405   0.823265
 -0.926517   0.224961   0.301595   0.792962
 -0.233576  -0.972308 0.00769176    1.60947
         0          0          0          1

  0.291843 -0.0599595   0.954585   0.823434
 -0.926822   0.228822   0.297728    0.78959
 -0.236281   -0.97162  0.0112082    1.60228
         0          0          0          1

  0.288995 -0.0567882   0.955645   0.824075
 -0.927109   0.232241   0.294166   0.786932
 -0.238645  -0.970999  0.0144675    1.59668
         0          0          0          1

  0.283486 -0.0487157   0.957738   0.824277
 -0.926931     0.2421   0.286682   0.781182
 -0.245834  -0.969028  0.0234759    1.58464
         0          0          0          1

  0.280057 -0.0455996     0.9589   0.825269
 -0.927403   0.245168   0.282517   0.778933
 -0.247974  -0.968408  0.0263718    1.58047
         0          0          0          1

 0.283539 -0.040624    0.9581  0.820823
-0.926205  0.247296  0.284586  0.775504
-0.248495 -0.968088 0.0324919   1.57358
        0         0         0         1

 0.277768 -0.039469  0.959837  0.824105
-0.926941  0.251338  0.278583  0.774011
-0.252239 -0.967094 0.0332282   1.57059
        0         0         0         1

  0.272183 -0.0327826   0.961687   0.826661
 -0.926759   0.259981   0.271159    0.77008
 -0.258909  -0.965057  0.0403807    1.56087
         0          0          0          1

  0.269856 -0.0311108   0.962398   0.827188
  -0.92634   0.264411   0.268293   0.768727
 -0.262816  -0.963908  0.0425337    1.55763
         0          0          0          1

  0.270823 -0.0287101   0.962201     0.8256
 -0.925812   0.266027   0.268518   0.766719
  -0.26368  -0.963538   0.045466    1.55237
         0          0          0          1

  0.271123 -0.0262831   0.962186   0.824959
  -0.92492    0.26964   0.267988   0.764872
 -0.266487  -0.962602   0.048796    1.54939
         0          0          0          1

  0.270442 -0.0253923   0.962401   0.824895
 -0.924159   0.273298   0.266906   0.763034
   -0.2698  -0.961594  0.0504446    1.54535
         0          0          0          1

  0.269306 -0.0246225    0.96274    0.82588
 -0.923749   0.276077    0.26546   0.762177
 -0.272326   -0.96082   0.051604    1.54227
         0          0          0          1

  0.271606 -0.0225834   0.962144   0.823664
 -0.921567   0.282042   0.266771   0.758303
  -0.27739  -0.959136  0.0557922    1.53567
         0          0          0          1

 0.270362 -0.022571  0.962494  0.825307
-0.921644  0.282967  0.265523  0.757815
-0.278347 -0.958864 0.0557013    1.5334
        0         0         0         1

   0.26827 -0.0234522   0.963058   0.826793
 -0.922001   0.283473   0.263736   0.757439
 -0.279186  -0.958694  0.0544243    1.53086
         0          0          0          1

  0.268052 -0.0244613   0.963094   0.827628
 -0.921361   0.285589    0.26369   0.756146
 -0.281499   -0.95804  0.0540148    1.52899
         0          0          0          1

  0.269186 -0.0247266   0.962771   0.828556
 -0.921041   0.285545   0.264852   0.755052
 -0.281464  -0.958046  0.0540905    1.52237
         0          0          0          1

    0.2695 -0.0250338   0.962675   0.829413
 -0.920671   0.286426   0.265189   0.754686
 -0.282374  -0.957775  0.0541439    1.52077
         0          0          0          1

  0.268842 -0.0253983   0.962849   0.831251
 -0.920852   0.286326   0.264669   0.754877
 -0.282411  -0.957796  0.0535885    1.51834
         0          0          0          1

  0.269055 -0.0253467   0.962791   0.831178
 -0.920613   0.286949   0.264823   0.753859
 -0.282985   -0.95761  0.0538707    1.51723
         0          0          0          1

  0.268216 -0.0276687   0.962961   0.832472
 -0.919645   0.290338   0.264493    0.75256
 -0.286902  -0.956524  0.0524278    1.51949
         0          0          0          1

   0.26872 -0.0279829   0.962812   0.832609
 -0.919338   0.290814   0.265039   0.752255
 -0.287415   -0.95637  0.0524217    1.51814
         0          0          0          1

  0.269034 -0.0322525   0.962591    0.83198
 -0.919584   0.288523   0.266681   0.750828
 -0.286331   -0.95693  0.0479637    1.51622
         0          0          0          1

  0.270965 -0.0333268   0.962012   0.831377
 -0.919488   0.286745   0.268921    0.75073
 -0.284814  -0.957427  0.0470543    1.51441
         0          0          0          1

  0.273026 -0.0349109   0.961373   0.831907
 -0.919233   0.285209   0.271416   0.750367
 -0.283668  -0.957829  0.0457783    1.51278
         0          0          0          1

  0.274535 -0.0367539   0.960875   0.832513
  -0.91915   0.283521   0.273458    0.75039
 -0.282478  -0.958262  0.0440539    1.51208
         0          0          0          1

  0.276389 -0.0453042   0.959978   0.835074
 -0.918209   0.282452   0.277693    0.74997
 -0.283728  -0.958211  0.0364677     1.5116
         0          0          0          1

  0.276431 -0.0480244   0.959833    0.83659
 -0.917646   0.283519   0.278466   0.749603
 -0.285504  -0.957763  0.0343039    1.51212
         0          0          0          1

  0.281446 -0.0500416   0.958271   0.835376
 -0.916315   0.282457   0.283874   0.748677
 -0.284876  -0.957974  0.0336425    1.51144
         0          0          0          1

  0.282459 -0.0531541   0.957806   0.835655
 -0.915349   0.283759   0.285686   0.748286
 -0.286972  -0.957421  0.0314958    1.51218
         0          0          0          1

   0.28337 -0.0592638   0.957178   0.836525
 -0.915386   0.280891   0.288389   0.748039
 -0.285954  -0.957908   0.025347    1.51097
         0          0          0          1

  0.284126 -0.0610551   0.956841   0.836467
 -0.915196   0.280224    0.28964   0.748059
 -0.285813  -0.957991  0.0237413    1.51046
         0          0          0          1

   0.28369 -0.0625088   0.956877   0.837041
 -0.914949   0.281051   0.289619   0.748103
 -0.287034  -0.957655  0.0225388    1.51016
         0          0          0          1

  0.284238 -0.0637183   0.956634   0.837147
 -0.914476   0.281706   0.290476   0.748095
 -0.287998  -0.957383  0.0218029    1.50986
         0          0          0          1

  0.286665 -0.0658274   0.955767   0.836572
 -0.912763   0.284275   0.293346   0.747691
 -0.291011   -0.95648  0.0214071    1.50999
         0          0          0          1

  0.285091 -0.0669951   0.956156   0.837307
 -0.912735    0.28559   0.292154    0.74765
 -0.292641  -0.956007  0.0202702    1.51013
         0          0          0          1

   0.28669 -0.0679024   0.955614   0.837317
  -0.91158   0.287472   0.293906   0.747485
 -0.294669  -0.955379  0.0205168    1.51003
         0          0          0          1

  0.286938 -0.0691283   0.955452   0.837453
 -0.910646   0.289864   0.294455   0.747333
 -0.297306  -0.954568  0.0202218    1.51041
         0          0          0          1

  0.286848 -0.0705797   0.955372   0.837747
  -0.91066   0.289461   0.294808   0.747386
  -0.29735  -0.954584  0.0187573    1.51039
         0          0          0          1

  0.288096 -0.0702942   0.955018   0.837648
 -0.910353   0.289294   0.295916   0.747511
 -0.297082  -0.954656  0.0193519    1.51006
         0          0          0          1

 0.288579 -0.071493  0.954783  0.838325
-0.910542  0.287832   0.29676  0.748153
-0.296033 -0.955009  0.017965   1.50838
        0         0         0         1

 0.288674 -0.073597  0.954594  0.838501
-0.909843  0.289327  0.297448  0.748081
-0.298081 -0.954397 0.0165596   1.50871
        0         0         0         1

  0.287914 -0.0748203   0.954729   0.839183
 -0.909443   0.290978    0.29706   0.748172
 -0.300032    -0.9538  0.0157318    1.50919
         0          0          0          1

  0.288092 -0.0736643   0.954765   0.839451
 -0.909407   0.291278   0.296879   0.748303
 -0.299971  -0.953798   0.016924    1.50882
         0          0          0          1

 0.286512 -0.072396  0.955337  0.840959
-0.909558  0.292744  0.294967  0.748639
-0.301023 -0.953446 0.0180263   1.50881
        0         0         0         1

  0.286686 -0.0712019   0.955375   0.840897
 -0.909367   0.293548   0.294757   0.748779
 -0.301435  -0.953289  0.0194073    1.50859
         0          0          0          1

   0.28772 -0.0669991   0.955368   0.840382
 -0.908364   0.296999   0.294392   0.748795
 -0.303467  -0.952525  0.0245928    1.50875
         0          0          0          1

   0.28745 -0.0639236    0.95566   0.840609
  -0.90794   0.299532   0.293132   0.748844
 -0.304988  -0.951943  0.0280615    1.50891
         0          0          0          1

  0.288851 -0.0606387   0.955452   0.840119
  -0.90696   0.302251   0.293374   0.748674
 -0.306576  -0.951298  0.0323087    1.50931
         0          0          0          1

  0.288865 -0.0582171   0.955598   0.839569
 -0.906853   0.303311   0.292608   0.748559
 -0.306878  -0.951112  0.0348215    1.50939
         0          0          0          1

   0.28699 -0.0556285   0.956317   0.839833
 -0.907974   0.302392   0.290072   0.748652
 -0.305319  -0.951559   0.036274    1.50888
         0          0          0          1

  0.284587 -0.0556481   0.957034   0.840213
 -0.908272   0.303716   0.287747   0.748794
 -0.306679  -0.951136    0.03589    1.50915
         0          0          0          1

  0.280704 -0.0567555   0.958115   0.840916
 -0.907943   0.307964   0.284248   0.748677
 -0.311198  -0.949704   0.034916    1.51048
         0          0          0          1

  0.279963 -0.0565166   0.958346   0.841264
  -0.90795   0.308684   0.283444   0.748541
 -0.311845  -0.949484  0.0351056    1.51089
         0          0          0          1

  0.279667 -0.0567769   0.958417   0.841626
 -0.907194   0.311165   0.283154   0.748018
 -0.314302  -0.948658   0.035515    1.51215
         0          0          0          1

  0.278324 -0.0572785   0.958778   0.842258
 -0.907132   0.312396   0.281994   0.748192
  -0.31567  -0.948224   0.034988    1.51299
         0          0          0          1

  0.280536 -0.0590741   0.958024   0.841552
  -0.90554   0.314668    0.28457   0.747562
 -0.318271  -0.947362  0.0347817    1.51458
         0          0          0          1

  0.280487 -0.0603484   0.957959   0.841771
  -0.90501   0.315906   0.284885   0.747258
 -0.319818  -0.946869  0.0339915    1.51531
         0          0          0          1

  0.281809 -0.0627381   0.957417   0.840478
 -0.904146    0.31658   0.286874   0.746885
 -0.321097  -0.946489  0.0324906     1.5162
         0          0          0          1

  0.281889 -0.0654171   0.957214   0.840461
 -0.903065   0.318876   0.287735   0.746643
 -0.324055  -0.945536  0.0308117    1.51816
         0          0          0          1

  0.280212 -0.0671941   0.957584   0.841783
 -0.902501   0.321442   0.286649   0.746982
 -0.327068  -0.944542  0.0294291    1.52006
         0          0          0          1

  0.281482 -0.0674594   0.957192   0.841136
 -0.901466   0.323244   0.287875   0.746644
 -0.328827  -0.943908  0.0301752    1.52091
         0          0          0          1

  0.281035 -0.0684835   0.957251   0.841504
 -0.899593   0.328646    0.28762   0.746594
 -0.334294  -0.941967  0.0307538     1.5243
         0          0          0          1

  0.280397 -0.0693561   0.957375   0.841655
 -0.899175   0.330095   0.287265   0.746665
 -0.335948  -0.941396  0.0301943    1.52553
         0          0          0          1

  0.280977 -0.0697586   0.957176   0.840795
 -0.898052   0.332622   0.287863   0.746879
 -0.338459  -0.940476  0.0308125    1.52686
         0          0          0          1

 0.280668  -0.07005  0.957245  0.840111
-0.897752  0.333625  0.287638  0.747119
 -0.33951   -0.9401 0.0307502   1.52777
        0         0         0         1

  0.276059 -0.0759385   0.958136   0.842077
 -0.896464   0.339162   0.285171   0.748057
 -0.346618  -0.937658  0.0255526    1.53278
         0          0          0          1

 0.278239 -0.077761  0.957359  0.840628
-0.894138  0.343114  0.287734  0.747477
-0.350857  -0.93607 0.0259385   1.53574
        0         0         0         1

  0.278285 -0.0756762   0.957513   0.841253
  -0.89516   0.340963   0.287111   0.748671
 -0.348203  -0.937026  0.0271425    1.53542
         0          0          0          1

  0.282246 -0.0730787   0.956555   0.838894
 -0.893899   0.341926   0.289881    0.74873
 -0.348255  -0.936881  0.0311822    1.53739
         0          0          0          1

  0.281636 -0.0718832   0.956825   0.839467
 -0.894166   0.342066   0.288891   0.749704
 -0.348063  -0.936923  0.0320624    1.53962
         0          0          0          1

  0.283572 -0.0705804    0.95635   0.838405
 -0.894313   0.340479   0.290306   0.750438
 -0.346107  -0.937599  0.0334295    1.54101
         0          0          0          1

   0.28192 -0.0675759   0.957055   0.838775
 -0.897579   0.333805   0.287969   0.753296
 -0.338929  -0.940217  0.0334515     1.5447
         0          0          0          1

  0.280785 -0.0672163   0.957414   0.839188
 -0.899211    0.33031   0.286906   0.754998
 -0.335528  -0.941476  0.0323045    1.54641
         0          0          0          1

  0.280367 -0.0689793   0.957411   0.838267
 -0.899723   0.328695   0.287155   0.756119
 -0.334504  -0.941914  0.0300931     1.5521
         0          0          0          1

  0.278966 -0.0688141   0.957832   0.838311
 -0.901887   0.323793   0.285934   0.758193
 -0.329815  -0.943622  0.0282645    1.55263
         0          0          0          1

  0.274801 -0.0700859   0.958943   0.838194
 -0.906356   0.314022   0.282682   0.763003
 -0.320941  -0.946825  0.0227707    1.56091
         0          0          0          1

  0.272099 -0.0707661   0.959664    0.83921
 -0.908758   0.309038   0.280454   0.765394
 -0.316419  -0.948413  0.0197797    1.56438
         0          0          0          1

  0.272672 -0.0695706   0.959588   0.839451
  -0.91039   0.303942   0.280728   0.767539
  -0.31119  -0.950147  0.0195403    1.56977
         0          0          0          1

  0.276322 -0.0660701   0.958791   0.837718
 -0.911469   0.298326   0.283242   0.769263
 -0.304746  -0.952175  0.0222132    1.57328
         0          0          0          1

   0.27585 -0.0616587   0.959221   0.839984
 -0.914548   0.290289   0.281663   0.773186
 -0.295818   -0.95495  0.0236864     1.5777
         0          0          0          1

  0.278787 -0.0579384   0.958604   0.838744
  -0.91659   0.281836   0.283603   0.775913
   -0.2866  -0.957712  0.0254665    1.58164
         0          0          0          1

  0.282421 -0.0486132   0.958058   0.838149
 -0.921011    0.26557   0.284976   0.781775
 -0.268285  -0.962865  0.0302292    1.59369
         0          0          0          1

 0.283085 -0.044884  0.958044  0.838407
-0.923125  0.258249  0.284865  0.784319
  -0.2602 -0.965035 0.0316728   1.59927
        0         0         0         1

  0.284679 -0.0414465   0.957727   0.839343
 -0.925771    0.24742   0.285888   0.788562
  -0.24881  -0.968021  0.0320655     1.6062
         0          0          0          1

  0.285455 -0.0388721   0.957603   0.839725
  -0.92832   0.237119   0.286352   0.792153
 -0.238197  -0.970703  0.0316011    1.61189
         0          0          0          1

  0.288917 -0.0338743   0.956755   0.842357
 -0.933118   0.213482   0.289338   0.801124
 -0.214051   -0.97636    0.03007    1.62794
         0          0          0          1

  0.292611 -0.0316288   0.955708   0.842607
 -0.934257   0.203577    0.29278   0.804299
 -0.203821  -0.978548  0.0300194      1.635
         0          0          0          1

  0.299823 -0.0295768   0.953536   0.841374
 -0.934452   0.192173   0.299783   0.809155
  -0.19211  -0.980915  0.0299797    1.64543
         0          0          0          1

  0.298294 -0.0287764    0.95404   0.846721
 -0.937195     0.1805   0.298471   0.814603
 -0.180793  -0.983154  0.0268728    1.65356
         0          0          0          1

  0.307655 -0.0239206   0.951197   0.845123
 -0.937435    0.16362   0.307319   0.820674
 -0.162986  -0.986233  0.0279145    1.66219
         0          0          0          1

  0.313248 -0.0202564   0.949455     0.8458
 -0.938187   0.148408   0.312697   0.826201
 -0.147241  -0.988719  0.0274842    1.66838
         0          0          0          1

  0.327804 -0.0185125   0.944564   0.847744
    -0.937   0.121391   0.327558    0.83892
 -0.120725  -0.992432  0.0224462    1.69042
         0          0          0          1

  0.335387 -0.0160667   0.941944   0.848084
  -0.93591   0.108568    0.33509   0.844992
 -0.107649  -0.993959  0.0213753     1.7005
         0          0          0          1

  0.342202 -0.0133343   0.939532   0.851857
 -0.935044  0.0938025   0.341898   0.852651
-0.0926894  -0.995502  0.0196312      1.714
         0          0          0          1

  0.355019 -0.0118529   0.934784   0.849784
 -0.931064  0.0855272   0.354691    0.85806
-0.0841536  -0.996265  0.0193281     1.7272
         0          0          0          1

   0.373766 -0.00729557    0.927494    0.853285
  -0.926219   0.0500645    0.373646    0.876332
 -0.0491605   -0.998719   0.0119551      1.7506
          0           0           0           1

    0.38119 -0.00566825    0.924479    0.855984
  -0.923915   0.0331228    0.381161    0.885264
 -0.0327818   -0.999435  0.00738908     1.76006
          0           0           0           1

   0.391247 -0.00349896    0.920279    0.857551
  -0.920117    0.017643    0.391245    0.895667
 -0.0176054   -0.999838  0.00368331     1.77471
          0           0           0           1

   0.398877 -0.00491815    0.916991    0.859741
  -0.917002  0.00013977    0.398883    0.904708
-0.00208993   -0.999988  -0.0044542     1.78509
          0           0           0           1

   0.402245 -0.00679329    0.915507    0.863962
  -0.915442  -0.0170031     0.40209     0.91681
  0.0128349   -0.999832  -0.0130583     1.80109
          0           0           0           1

   0.409916 -0.00822805    0.912086    0.864582
   -0.91165  -0.0358933    0.409396    0.927975
  0.0293692   -0.999322  -0.0222143     1.81102
          0           0           0           1

  0.422301 -0.0101022   0.906399   0.867525
 -0.904128 -0.0763054   0.420393    0.95396
 0.0649163  -0.997033 -0.0413575    1.83672
         0          0          0          1

  0.421533 -0.0129564    0.90672   0.874436
 -0.903145 -0.0958363   0.418502   0.967767
 0.0814744  -0.995313 -0.0520997    1.84623
         0          0          0          1

   0.433141 -0.00926656    0.901279    0.870842
  -0.895242   -0.120408    0.429002    0.982477
   0.104546   -0.992681  -0.0604494     1.85723
          0           0           0           1

    0.43775 -0.00839089    0.899057    0.871308
  -0.891402   -0.134592    0.432767    0.995139
   0.117374   -0.990866  -0.0663972     1.86964
          0           0           0           1

  0.450761 -0.0166566   0.892489   0.877278
 -0.881152  -0.168224   0.441896    1.02533
  0.142777  -0.985608 -0.0905057     1.8976
         0          0          0          1

  0.455636 -0.0240146   0.889842   0.882143
 -0.876386  -0.187314    0.44369    1.04014
  0.156024  -0.982007  -0.106393    1.90721
         0          0          0          1

  0.465025 -0.0313069   0.884744   0.885309
 -0.868651  -0.209027   0.449169    1.05833
  0.170874  -0.977409  -0.124398     1.9183
         0          0          0          1

  0.474357 -0.0346311   0.879651   0.885759
 -0.861085  -0.226056   0.455446    1.07382
  0.183077  -0.973499  -0.137051    1.92679
         0          0          0          1

  0.483713 -0.0415823   0.874239   0.889083
 -0.853333  -0.244425    0.46052    1.09202
  0.194536  -0.968776  -0.153715    1.93925
         0          0          0          1

  0.493458 -0.0476018   0.868466   0.892003
 -0.845124  -0.262253   0.465821    1.10813
  0.205584  -0.963824   -0.16964    1.94538
         0          0          0          1

  0.525823 -0.0593119   0.848524   0.892627
 -0.821356  -0.294705   0.488388    1.14573
  0.221097  -0.953746  -0.203679    1.96517
         0          0          0          1

   0.53785 -0.0609651   0.840833   0.894976
 -0.810839  -0.310436   0.496155    1.16224
  0.230777  -0.948637  -0.216401    1.97019
         0          0          0          1

  0.553672 -0.0642455   0.830253   0.899199
 -0.797207  -0.329007   0.506176    1.18108
   0.24064  -0.942139  -0.233379     1.9771
         0          0          0          1

  0.563746 -0.0708782   0.822901   0.903945
 -0.788619   -0.34233   0.510774    1.19885
  0.245501  -0.936903  -0.248883    1.98275
         0          0          0          1

