   0.288105     0.13811    0.947587     0.83192
  -0.956335 -0.00931581    0.292123     1.06706
  0.0491727   -0.990373    0.129396     1.79379
          0           0           0           1

   0.29067   0.142098   0.946213   0.827146
 -0.956095 0.00456043   0.293021    1.05814
 0.0373225  -0.989842   0.137184    1.79347
         0          0          0          1

 0.287519  0.145833  0.946607  0.826321
-0.957534 0.0215871  0.287512   1.04408
0.0214943 -0.989074  0.145847   1.78607
        0         0         0         1

 0.287086  0.151836  0.945794  0.823792
-0.957794 0.0304874  0.285834   1.03645
0.0145653 -0.987935  0.154181   1.78157
        0         0         0         1

 0.285505   0.16543  0.943991  0.814699
-0.958287 0.0628027  0.278823   1.01106
-0.0131594  -0.98422   0.17646   1.76827
        0         0         0         1

 0.284174  0.165577  0.944367  0.816307
-0.958556 0.0700077   0.27617    1.0055
-0.0203856 -0.983709   0.17861   1.76353
        0         0         0         1

 0.288161   0.16056  0.944025  0.812492
-0.956745 0.0894872  0.276824  0.991629
-0.0400314 -0.982961  0.179401   1.75705
        0         0         0         1

 0.291367   0.16019  0.943103   0.81021
-0.955405 0.0982185  0.278485  0.985719
-0.0480196 -0.982187  0.181664   1.75199
        0         0         0         1

 0.291922  0.158794  0.943168  0.809561
-0.954177  0.116176   0.27577  0.973268
-0.065783 -0.980453  0.185432   1.74251
        0         0         0         1

 0.292226  0.157365  0.943314   0.80878
-0.953468  0.124455   0.27461  0.968199
-0.0741864 -0.979667  0.186411   1.73858
        0         0         0         1

 0.297442  0.160144  0.941213  0.803152
-0.948992  0.157601  0.273085  0.947522
-0.104604 -0.974431  0.198852   1.72173
        0         0         0         1

 0.297956  0.164073  0.940374  0.800819
-0.948002  0.166305  0.271357  0.941398
-0.111867 -0.972329  0.205093   1.71752
        0         0         0         1

0.294219 0.172193 0.940098 0.799193
-0.947201 0.183716 0.262792 0.929992
-0.127461 -0.96778 0.217154  1.70839
       0        0        0        1

 0.294212  0.176135   0.93937  0.797232
 -0.94662  0.189166  0.261013  0.924785
-0.131723 -0.966019  0.222387   1.70346
        0         0         0         1

 0.295462   0.19025  0.936219  0.794497
-0.943325  0.213118  0.254397  0.906686
-0.151126 -0.958324  0.242436    1.6855
        0         0         0         1

 0.296294  0.194567  0.935069  0.793762
-0.942379  0.218793  0.253085  0.902466
-0.155344 -0.956177  0.248182   1.67863
        0         0         0         1

 0.296191  0.198626  0.934248  0.792563
-0.940284  0.232418  0.248692    0.8935
 -0.16774 -0.952118  0.255605     1.667
        0         0         0         1

 0.295989  0.198943  0.934244    0.7929
-0.938192  0.244253  0.245227  0.889047
-0.179406 -0.949085  0.258943   1.66434
        0         0         0         1

 0.297836  0.202588  0.932873  0.791891
-0.934305  0.262378  0.241313  0.880483
-0.195879 -0.943459  0.267425   1.65282
        0         0         0         1

 0.299871  0.203914  0.931932  0.790666
-0.931901  0.271568   0.24044  0.876126
-0.204054 -0.940569  0.271463   1.64749
        0         0         0         1

 0.303805  0.208797  0.929573  0.788797
-0.923828  0.303077  0.233851  0.861376
-0.232905 -0.929811  0.284968   1.63009
        0         0         0         1

 0.306235  0.212619  0.927908   0.78682
-0.921731  0.309896  0.233188  0.857308
-0.237975 -0.926692  0.290879   1.62435
        0         0         0         1

 0.311826  0.221366  0.923992  0.781697
-0.917586  0.322538  0.232392  0.848738
-0.246579 -0.920308  0.303698   1.61203
        0         0         0         1

 0.310537  0.225501  0.923426   0.78318
-0.916801  0.327654  0.228296  0.845795
-0.251083 -0.917492  0.308489    1.6064
        0         0         0         1

 0.303603  0.238737  0.922404  0.785486
-0.914899  0.343374   0.21226  0.836404
-0.266056 -0.908349   0.32267   1.58514
        0         0         0         1

   0.3009  0.240984  0.922706  0.786329
 -0.91442  0.347581   0.20742  0.833621
 -0.27073 -0.906153  0.324948   1.58051
        0         0         0         1

  0.30383  0.242715  0.921291  0.782815
-0.909365  0.362291  0.204451  0.826141
-0.284152 -0.899908  0.330792   1.57309
        0         0         0         1

 0.302903  0.244008  0.921254  0.783361
-0.907693  0.368443  0.200856  0.822954
-0.290419 -0.897056  0.333087   1.56899
        0         0         0         1

 0.305026  0.243987  0.920559  0.781552
-0.903511  0.379697  0.198742  0.816622
-0.301043 -0.892357  0.336263   1.55971
        0         0         0         1

  0.30484  0.244797  0.920406  0.782522
-0.902467  0.383064  0.197017  0.814842
-0.304345 -0.890694  0.337694   1.55489
        0         0         0         1

  0.31291  0.247622  0.916935  0.781488
 -0.89348  0.404198   0.19575  0.805525
-0.322151 -0.880515  0.347723   1.53979
        0         0         0         1

 0.314754  0.249407   0.91582  0.781086
-0.891835  0.407979  0.195405   0.80369
  -0.3249 -0.878265  0.350843   1.53481
        0         0         0         1

0.317212  0.25237 0.914158 0.781573
-0.887783 0.417997 0.192664 0.799145
-0.333493 -0.87269 0.356644  1.52535
       0        0        0        1

 0.317504  0.254495  0.913468  0.781558
-0.886521  0.421565  0.190689   0.79711
-0.336557 -0.870353  0.359464   1.52125
        0         0         0         1

0.315996 0.258105 0.912978 0.782858
-0.882526 0.433202 0.182987 0.791984
-0.348274 -0.86355 0.364674  1.50702
       0        0        0        1

 0.318135  0.258616   0.91209  0.781486
-0.880491  0.437262  0.183131   0.79006
-0.351462 -0.861347  0.366818   1.50345
        0         0         0         1

 0.320161  0.261154  0.910657  0.780341
 -0.87785    0.4432  0.181528  0.786141
-0.356196 -0.857539  0.371149   1.49479
        0         0         0         1

 0.320811  0.260344   0.91066   0.78004
-0.876178  0.446732  0.180949  0.784701
-0.359712 -0.855951  0.371424   1.49201
        0         0         0         1

 0.322506  0.262847  0.909341  0.779127
-0.873999  0.451583  0.179441  0.781369
-0.363478 -0.852634  0.375366   1.48447
        0         0         0         1

 0.323882  0.263106  0.908777  0.778145
-0.872483   0.45454   0.17935  0.779526
-0.365888 -0.850981  0.376773   1.48144
        0         0         0         1

 0.321149   0.26382  0.909539  0.779682
-0.870389  0.460709  0.173693  0.775354
 -0.37321 -0.847435  0.377583   1.47143
        0         0         0         1

 0.321241  0.262343  0.909934  0.779179
 -0.86914  0.463213   0.17329  0.774106
-0.376032 -0.846528  0.376816   1.46909
        0         0         0         1

 0.317718   0.25921  0.912067  0.779297
-0.868177  0.466257  0.169918    0.7716
-0.381213 -0.845822  0.373179   1.46371
        0         0         0         1

0.316322 0.258562 0.912735 0.779472
-0.867661  0.46785 0.168168 0.770736
-0.383541 -0.84514 0.372336  1.46162
       0        0        0        1

  0.31496  0.252004  0.915038   0.77679
-0.865168  0.472636   0.16763  0.766739
-0.390237 -0.844458  0.366887   1.45181
        0         0         0         1

 0.314327  0.249373  0.915976  0.776362
 -0.86293  0.477208  0.166204  0.765342
-0.395664 -0.842666  0.365191   1.45185
        0         0         0         1

 0.311996  0.246839  0.917458  0.777126
-0.861738  0.480164  0.163861  0.764042
-0.400083 -0.841732  0.362519   1.44789
        0         0         0         1

 0.312614  0.245207  0.917685  0.776638
-0.860472  0.482295  0.164254  0.762629
-0.402319 -0.840991  0.361766   1.44649
        0         0         0         1

 0.311958  0.243351  0.918402  0.776858
-0.859738  0.483738  0.163854  0.760828
-0.404392 -0.840701  0.360124   1.44343
        0         0         0         1

 0.313269  0.243315  0.917965  0.776259
-0.860018  0.482658  0.165561  0.760236
 -0.40278 -0.841332  0.360457   1.44016
        0         0         0         1

 0.316647  0.240354  0.917586  0.773866
-0.857926  0.485194  0.168967  0.756648
-0.404595 -0.840724  0.359841   1.43478
        0         0         0         1

   0.3151  0.239634  0.918307  0.774646
-0.857941   0.48562  0.167663  0.756087
-0.405771 -0.840683  0.358611   1.43415
        0         0         0         1

 0.315062  0.237534  0.918865  0.773551
-0.856929  0.487342  0.167843  0.753866
-0.407933 -0.840283  0.357093   1.43288
        0         0         0         1

 0.313924  0.237368  0.919298   0.77394
-0.856839  0.487921  0.166611  0.753315
-0.408997 -0.839993  0.356557   1.43222
        0         0         0         1

 0.315793  0.235454   0.91915  0.770976
-0.854934  0.490776   0.16801  0.750599
-0.411538 -0.838869  0.356281    1.4312
        0         0         0         1

 0.316104  0.234878   0.91919  0.770354
-0.854571  0.491293  0.168343   0.74981
-0.412052 -0.838727   0.35602   1.43012
        0         0         0         1

 0.314518  0.235441   0.91959  0.770222
-0.854693  0.491735  0.166424  0.747776
-0.413011 -0.838311  0.355889   1.42654
        0         0         0         1

 0.313132  0.236047  0.919908  0.770911
-0.855494  0.490723  0.165288  0.747722
-0.412404 -0.838733  0.355598   1.42522
        0         0         0         1

 0.309528  0.235236  0.921334  0.772288
-0.855986  0.490883  0.162241  0.747471
-0.414102 -0.838867    0.3533   1.42478
        0         0         0         1

 0.309536  0.234853  0.921429  0.770818
-0.855827  0.491135  0.162318  0.746595
-0.414425 -0.838827  0.353017    1.4241
        0         0         0         1

 0.311606  0.229869  0.921988  0.766256
-0.853187  0.494825  0.164983   0.74333
-0.418298 -0.838038  0.350312   1.42342
        0         0         0         1

 0.310025  0.229828  0.922531   0.76749
 -0.85377  0.494215  0.163795  0.743698
-0.418284 -0.838409   0.34944    1.4223
        0         0         0         1

0.308383 0.228926 0.923305 0.767571
-0.853925 0.494327 0.162645  0.74327
-0.419181 -0.83859 0.347928  1.42036
       0        0        0        1

 0.307522  0.227704  0.923894  0.767268
-0.853473  0.495316  0.162006  0.742956
 -0.42073 -0.838339   0.34666    1.4201
        0         0         0         1

 0.307568  0.226307  0.924223  0.766104
-0.852501  0.496986  0.162007   0.74186
-0.422662 -0.837729  0.345784   1.41912
        0         0         0         1

0.307235 0.224425 0.924792 0.765493
-0.851545 0.498661 0.161888 0.741363
-0.424826 -0.83724 0.344314  1.41916
       0        0        0        1

 0.305236  0.219363  0.926666  0.764651
-0.849584    0.5023   0.16094  0.740156
 -0.43016 -0.836406  0.339688   1.41812
        0         0         0         1

 0.305054  0.219685   0.92665  0.764546
-0.850137  0.501342   0.16101  0.740066
-0.429197 -0.836896  0.339698   1.41719
        0         0         0         1

 0.304295  0.218758  0.927119  0.764734
-0.849034  0.503579  0.159845  0.739653
 -0.43191 -0.835795   0.33897     1.417
        0         0         0         1

 0.30517 0.218518 0.926888 0.764258
-0.848691 0.503907 0.160626 0.739332
-0.431965 -0.83566 0.339231  1.41637
       0        0        0        1

 0.304891  0.221875  0.926182  0.764102
-0.849095  0.503798  0.158825   0.73902
-0.431369 -0.834841  0.341996   1.41357
        0         0         0         1

 0.305002  0.222703  0.925947  0.764145
-0.849073  0.503946  0.158475  0.738979
-0.431334 -0.834531  0.342795   1.41249
        0         0         0         1

 0.304389  0.223654  0.925919  0.764417
-0.848657  0.505112  0.156981  0.739247
-0.432583 -0.833571  0.343556    1.4115
        0         0         0         1

0.305191 0.224388 0.925478 0.763638
-0.848282 0.505696 0.157125  0.73902
-0.432753 -0.83302 0.344678   1.4103
       0        0        0        1

 0.305296  0.225603  0.925147  0.762962
-0.848149  0.506124  0.156465  0.738964
 -0.43294 -0.832431  0.345863   1.40767
        0         0         0         1

 0.305133  0.225928  0.925122  0.763072
-0.847866  0.506775   0.15589  0.739043
-0.433609 -0.831947   0.34619   1.40712
        0         0         0         1

 0.305382  0.224946  0.925279   0.76182
-0.846406  0.509321  0.155529  0.738801
-0.436278 -0.830657  0.345933   1.40505
        0         0         0         1

 0.304858  0.224775  0.925493  0.762104
-0.846065  0.510107  0.154805   0.73922
-0.437305 -0.830221  0.345684   1.40453
        0         0         0         1

 0.304835  0.223222  0.925877  0.761743
-0.844752   0.51234  0.154604  0.739313
-0.439852 -0.829265  0.344746   1.40345
        0         0         0         1

 0.304918  0.222798  0.925952  0.761774
 -0.84455  0.512624  0.154767  0.739451
-0.440183 -0.829203  0.344472   1.40251
        0         0         0         1

 0.306518  0.219374  0.926241  0.761773
-0.842167  0.516012  0.156482  0.739484
-0.443623 -0.828014  0.342916   1.40106
        0         0         0         1

 0.306849  0.219667  0.926062  0.762072
-0.842856  0.514667  0.157197  0.739812
-0.442083 -0.828772  0.343073   1.39925
        0         0         0         1

 0.308593  0.219152  0.925604  0.761827
-0.842743  0.514232  0.159214  0.740364
-0.441083 -0.829179  0.343377   1.39595
        0         0         0         1

 0.308542  0.218834  0.925696  0.761865
-0.842623  0.514419  0.159244  0.740714
-0.441348 -0.829147  0.343115   1.39507
        0         0         0         1

 0.307105  0.218322  0.926295  0.763844
 -0.84229  0.515417  0.157774  0.741483
-0.442982 -0.828662  0.342178   1.39459
        0         0         0         1

 0.305873   0.21844  0.926675  0.764922
-0.842181  0.516032  0.156342  0.741972
-0.444042 -0.828248  0.341806   1.39412
        0         0         0         1

 0.305256  0.218519  0.926859  0.763055
-0.841502    0.5175  0.155137  0.742277
 -0.44575 -0.827311  0.341854   1.39132
        0         0         0         1

 0.305353  0.218671  0.926792  0.763128
-0.841309  0.517854  0.155004  0.742399
-0.446048 -0.827049  0.342098   1.39067
        0         0         0         1

0.306785 0.217805 0.926523 0.761866
-0.840113 0.519477 0.156056   0.7422
-0.447317 -0.82626 0.342348  1.38959
       0        0        0        1

 0.307351  0.217344  0.926443  0.761711
-0.839466  0.520417  0.156406  0.742196
-0.448143 -0.825789  0.342404    1.3894
        0         0         0         1

 0.306424  0.216115  0.927038   0.76343
-0.838995  0.521364  0.155779   0.74303
-0.449658 -0.825514  0.341078   1.38793
        0         0         0         1

 0.306363  0.215683  0.927158  0.763807
-0.838979   0.52134  0.155947  0.743267
 -0.44973 -0.825642  0.340673   1.38721
        0         0         0         1

 0.306261  0.214718  0.927416   0.76464
-0.839341  0.520542  0.156659  0.743759
-0.449122 -0.826397  0.339643   1.38537
        0         0         0         1

0.306854 0.213784 0.927436 0.764219
-0.838758 0.521271 0.157355 0.743608
-0.449805 -0.82618 0.339267  1.38531
       0        0        0        1

 0.306067  0.211576  0.928202  0.764977
-0.838378  0.521839    0.1575  0.743923
-0.451049 -0.826389  0.337099   1.38496
        0         0         0         1

 0.305593  0.209915  0.928735  0.765225
-0.838124   0.52217  0.157756  0.744071
-0.451842 -0.826604  0.335506   1.38484
        0         0         0         1

0.304147  0.20203 0.930956 0.765011
-0.836698 0.523874 0.159664 0.744146
-0.455447 -0.82749 0.328373  1.38371
       0        0        0        1

 0.304768  0.200495  0.931084   0.76477
-0.836571  0.523645  0.161073  0.743993
-0.455263 -0.828008  0.327319   1.38307
        0         0         0         1

 0.303425  0.196877  0.932294  0.764616
-0.837134  0.522417  0.162133  0.744154
-0.455126 -0.829651  0.323327    1.3819
        0         0         0         1

 0.304701  0.195715  0.932123  0.763763
-0.837052  0.521956   0.16403   0.74385
-0.454424 -0.830215  0.322865   1.38099
        0         0         0         1

 0.301825  0.192125  0.933804  0.765256
-0.836814   0.52268  0.162937   0.74403
-0.456776 -0.830598  0.318531   1.38173
        0         0         0         1

  0.30126  0.190509  0.934317  0.765273
-0.836304  0.523503  0.162914   0.74381
-0.458081 -0.830452  0.317034   1.38224
        0         0         0         1

 0.300872  0.187386  0.935074  0.765375
-0.835994   0.52364  0.164056  0.743587
  -0.4589 -0.831076  0.314202   1.38219
        0         0         0         1

 0.301436  0.185918  0.935185  0.765014
-0.835494  0.524109  0.165108  0.743355
-0.459442 -0.831111  0.313319   1.38221
        0         0         0         1

 0.299892   0.18316  0.936225  0.765572
-0.834684  0.525574  0.164544  0.743157
-0.461917 -0.830798  0.310496   1.38236
        0         0         0         1

 0.300227  0.181152  0.936508   0.76534
 -0.83378  0.526736  0.165406  0.743006
 -0.46333 -0.830502  0.309181   1.38241
        0         0         0         1

 0.297978   0.17547  0.938307  0.765884
-0.832831  0.528139  0.165717  0.743228
-0.466478 -0.830831  0.303511   1.38214
        0         0         0         1

 0.297473  0.173478  0.938837  0.766067
 -0.83256  0.528427  0.166156  0.743227
-0.467283 -0.831066  0.301624   1.38193
        0         0         0         1

 0.295845  0.169095   0.94015  0.766404
-0.832185   0.52883  0.166755  0.743344
-0.468982 -0.831712   0.29717    1.3816
        0         0         0         1

 0.294419  0.167459  0.940891  0.766782
-0.832118  0.529106  0.166212  0.743479
-0.469997 -0.831868  0.295124   1.38149
        0         0         0         1

0.295173 0.157841 0.942316 0.767639
-0.829967  0.53094 0.171046 0.743745
-0.473315 -0.83258 0.287722  1.38123
       0        0        0        1

 0.297722   0.15513  0.941964   0.76721
-0.828093  0.532915  0.173967  0.743521
-0.474999 -0.831827  0.287122   1.38141
        0         0         0         1

 0.300089  0.149605  0.942107  0.766759
-0.825772  0.535163   0.17805  0.743194
-0.477543 -0.831396  0.284136   1.38164
        0         0         0         1

 0.302433  0.147215  0.941733  0.766339
-0.824637  0.535904  0.181054  0.743079
-0.478025 -0.831345  0.283475   1.38153
        0         0         0         1

 0.303062  0.144524  0.941948  0.766523
-0.823972  0.536329  0.182815  0.743305
-0.478773 -0.831543  0.281624    1.3811
        0         0         0         1

 0.303334  0.142056  0.942236  0.766889
-0.822673  0.538007  0.183731   0.74342
 -0.48083 -0.830884  0.280062    1.3813
        0         0         0         1

  0.30711   0.13487  0.942069  0.768289
-0.819828  0.540195  0.189924  0.744194
-0.483285 -0.830662   0.27647   1.38082
        0         0         0         1

  0.30649  0.133935  0.942404  0.769534
-0.819446  0.540878  0.189632  0.744833
-0.484327 -0.830369  0.275526    1.3807
        0         0         0         1

 0.307419  0.130777  0.942545  0.771722
 -0.81727  0.543635  0.191131  0.745952
-0.487405 -0.829071  0.274004   1.38079
        0         0         0         1

 0.309377  0.129785  0.942041  0.771859
-0.817053  0.543122  0.193504  0.746293
-0.486529 -0.829563  0.274071   1.37992
        0         0         0         1

  0.31739  0.128748  0.939515  0.771564
-0.814213  0.544886  0.200391  0.746971
-0.486128 -0.828567   0.27777   1.37773
        0         0         0         1

 0.319241  0.129711  0.938755  0.771259
-0.813743  0.545219  0.201393  0.747223
-0.485704 -0.828198  0.279608   1.37723
        0         0         0         1

 0.320635   0.13123  0.938068  0.771533
-0.813007  0.546288  0.201466  0.747863
-0.486017 -0.827253   0.28185   1.37712
        0         0         0         1

  0.32018  0.131466   0.93819  0.771809
 -0.81321   0.54616  0.200996  0.748247
-0.485978 -0.827301  0.281779   1.37709
        0         0         0         1

 0.319462  0.131483  0.938433  0.773109
 -0.81358  0.545794  0.200489  0.749006
 -0.48583 -0.827539  0.281332    1.3764
        0         0         0         1

  0.32005  0.130326  0.938394  0.773014
-0.813373  0.545684  0.201625  0.749173
 -0.48579 -0.827795   0.28065   1.37611
        0         0         0         1

 0.320477  0.126476  0.938775  0.774303
-0.812432  0.546297  0.203747  0.749534
-0.487081 -0.827987  0.277829   1.37642
        0         0         0         1

   0.3212  0.124847  0.938746  0.774071
  -0.8118   0.54675   0.20505  0.749576
-0.487659 -0.827936  0.276967   1.37662
        0         0         0         1

 0.323496  0.122504  0.938266  0.773152
-0.810295  0.547929  0.207835  0.749466
-0.488642 -0.827506  0.276518   1.37731
        0         0         0         1

 0.325018  0.120358  0.938018  0.772579
-0.809203  0.548726  0.209977  0.749398
-0.489442 -0.827293   0.27574   1.37779
        0         0         0         1

0.327188 0.116109 0.937799 0.773899
-0.808822 0.547578 0.214394 0.750206
-0.488625 -0.82866 0.273072  1.37786
       0        0        0        1

 0.327166  0.115165  0.937923    0.7742
 -0.80862  0.547714   0.21481  0.750435
-0.488975 -0.828701  0.272318     1.378
        0         0         0         1

0.327236 0.112915 0.938172 0.774708
-0.808468 0.547428 0.216109 0.750979
-0.489179  -0.8292 0.270426  1.37822
       0        0        0        1

 0.328123  0.108778  0.938351   0.77439
-0.807696  0.547428  0.218975  0.751029
 -0.48986 -0.829753  0.267483   1.37859
        0         0         0         1

  0.32896  0.100269  0.939005  0.773947
-0.806607  0.546928  0.224175  0.751096
 -0.49109 -0.831154  0.260795   1.37932
        0         0         0         1

 0.328009 0.0983914  0.939537  0.774289
-0.806877  0.546407  0.224474  0.751327
-0.491283  -0.83172  0.258616   1.37971
        0         0         0         1

 0.326286 0.0867431  0.941283  0.775644
-0.807271  0.543631  0.229735  0.752658
-0.491783  -0.83483  0.247405   1.38147
        0         0         0         1

 0.326379 0.0786538  0.941961  0.775363
-0.805594  0.544442  0.233669  0.752637
-0.494464 -0.835103  0.241058   1.38352
        0         0         0         1

 0.325903 0.0621949  0.943355  0.774883
-0.804362   0.54257  0.242114  0.752732
-0.496778 -0.837705  0.226853   1.38702
        0         0         0         1

 0.327155 0.0565402  0.943278  0.774409
 -0.80354  0.541947  0.246205  0.752795
-0.497286 -0.838508  0.222733   1.38873
        0         0         0         1

 0.329485 0.0448339  0.943096  0.776074
-0.804901  0.535468  0.255749  0.754163
-0.493532 -0.843364  0.212516   1.39208
        0         0         0         1

 0.329828 0.0395891   0.94321  0.776298
-0.804309   0.53489  0.258805  0.754401
-0.494268 -0.843994  0.208264   1.39373
        0         0         0         1

 0.329253 0.0269216  0.943858  0.777647
-0.803526  0.532981  0.265098   0.75554
-0.495921 -0.845699  0.197118   1.39826
        0         0         0         1

 0.327863 0.0206262    0.9445  0.778377
-0.803693  0.531589  0.267376  0.756333
-0.496571 -0.846751  0.190866   1.40006
        0         0         0         1

  0.323696 0.00195012   0.946159    0.77888
 -0.803987   0.527775   0.273969   0.757489
 -0.498824  -0.849382   0.172406    1.40358
         0          0          0          1

   0.320066 -0.00615135    0.947375    0.779529
  -0.804025    0.527149    0.275058    0.758364
    -0.5011    -0.84975    0.163777     1.40576
          0           0           0           1

 0.308651 -0.028662  0.950743  0.780173
 -0.80332   0.52737   0.27669  0.760824
-0.509324 -0.849152  0.139749   1.41402
        0         0         0         1

  0.307578 -0.0311637   0.951012   0.779222
 -0.803531   0.526811   0.277142   0.761317
 -0.509641  -0.849411   0.136995    1.41496
         0          0          0          1

  0.302341 -0.0310341   0.952694   0.780746
 -0.806377   0.524623   0.272996   0.763317
 -0.508277  -0.850769    0.13359    1.41579
         0          0          0          1

  0.301941 -0.0299783   0.952855   0.779688
 -0.806135    0.52552   0.271982   0.763828
 -0.508898  -0.850253    0.13451    1.41726
         0          0          0          1

  0.291378 -0.0288411   0.956173   0.782698
 -0.807901   0.527818   0.262115   0.767581
 -0.512246  -0.848867   0.130494    1.42156
         0          0          0          1

    0.2884 -0.0319475   0.956977    0.78263
 -0.808097   0.527991   0.261159   0.768398
 -0.513619  -0.848649   0.126456    1.42292
         0          0          0          1

  0.284363 -0.0395274   0.957902     0.7815
 -0.808691   0.526762   0.261804   0.769457
 -0.514934  -0.849093   0.117826    1.42372
         0          0          0          1

  0.281426 -0.0448874   0.958532   0.780757
 -0.808567   0.526821   0.262067   0.769948
 -0.516738   -0.84879   0.111967    1.42455
         0          0          0          1

  0.271019 -0.0562049   0.960932   0.781356
 -0.807604   0.529919    0.25877   0.771652
  -0.52376  -0.846184  0.0982266    1.42781
         0          0          0          1

  0.267429 -0.0602451   0.961692   0.780657
 -0.808067   0.529643   0.257888      0.772
 -0.524891  -0.846078  0.0929599     1.4279
         0          0          0          1

  0.257163 -0.0646241   0.964205   0.779236
 -0.807402    0.53389   0.251125   0.773373
 -0.531008  -0.843081  0.0851191    1.42807
         0          0          0          1

  0.257126 -0.0631081   0.964315   0.778383
 -0.807022   0.534901   0.250191    0.77334
 -0.531602  -0.842554  0.0866076    1.42806
         0          0          0          1

  0.257456 -0.0564803   0.964638   0.777357
 -0.805083   0.539535   0.246462   0.773333
 -0.534376  -0.840067  0.0934353    1.42842
         0          0          0          1

  0.257731 -0.0524917    0.96479   0.776841
   -0.8045   0.541354   0.244365   0.773397
  -0.53512  -0.839154  0.0972942    1.42858
         0          0          0          1

  0.256956 -0.0467585   0.965291   0.775988
 -0.805555   0.541445   0.240663   0.773413
 -0.533905  -0.839435   0.101461    1.42778
         0          0          0          1

   0.25728 -0.0491328   0.965087   0.775057
  -0.80638   0.539423   0.242433   0.773358
 -0.532502    -0.8406  0.0991631    1.42762
         0          0          0          1

  0.257219 -0.0572079   0.964658   0.773605
 -0.806699   0.536896    0.24694   0.773128
 -0.532048  -0.841707  0.0919501    1.42858
         0          0          0          1

  0.255781 -0.0604856   0.964841   0.773707
 -0.807532   0.535321   0.247637   0.773329
 -0.531478  -0.842481  0.0880806    1.42948
         0          0          0          1

  0.255033 -0.0666061   0.964636   0.772398
 -0.809203    0.53139    0.25063   0.773627
 -0.529291  -0.844505   0.081624    1.43162
         0          0          0          1

  0.254471 -0.0668362   0.964768   0.772059
 -0.810542   0.529421   0.250468   0.774312
 -0.527509  -0.845722  0.0805487    1.43245
         0          0          0          1

  0.249102 -0.0611653   0.966544   0.773382
 -0.815595   0.524931   0.243418   0.777259
 -0.522258  -0.848944  0.0808755    1.43899
         0          0          0          1

  0.247566 -0.0565577   0.967219   0.774144
 -0.817648   0.523361   0.239885   0.778111
 -0.519773  -0.850232   0.083322     1.4407
         0          0          0          1

   0.24406 -0.0445568   0.968736   0.774995
 -0.823152   0.518605   0.231235   0.780177
 -0.512694  -0.853852  0.0898938    1.44583
         0          0          0          1

  0.244602 -0.0382979   0.968867    0.77338
 -0.825991   0.515118   0.228894   0.780389
 -0.507846  -0.856264  0.0943652    1.44813
         0          0          0          1

  0.245262 -0.0129041   0.969371   0.773029
 -0.840822   0.494888   0.219325   0.783849
  -0.48256  -0.868861   0.110527    1.45753
         0          0          0          1

   0.247272 -0.00928088    0.968902    0.772548
  -0.843534    0.489962    0.219971    0.784391
  -0.476766   -0.871694    0.113325      1.4616
          0           0           0           1

  0.248926 0.00351977   0.968516   0.774201
 -0.853654   0.473168   0.217685   0.787649
 -0.457505  -0.880965   0.120788    1.46781
         0          0          0          1

  0.251789 0.00950936   0.967735   0.774482
 -0.858016   0.464747   0.218675   0.788839
 -0.447673  -0.885393   0.125177    1.47045
         0          0          0          1

 0.255183 0.0198993  0.966688  0.775836
-0.865884  0.449606  0.219317   0.79157
-0.430264 -0.893005  0.131962   1.47925
        0         0         0         1

 0.256442 0.0245094  0.966249   0.77749
-0.870293  0.440772  0.219795  0.793403
-0.420508 -0.897285  0.134363   1.48341
        0         0         0         1

 0.271936 0.0455204  0.961238  0.776116
-0.884372  0.405629  0.230981  0.799594
-0.379391 -0.912904  0.150562   1.49841
        0         0         0         1

 0.274958 0.0508655   0.96011  0.777411
-0.887959  0.396361  0.233296   0.80225
-0.368683 -0.916685  0.154149   1.50382
        0         0         0         1

 0.281274 0.0651043  0.957417  0.780942
-0.895482   0.37645   0.23748  0.807705
-0.344959 -0.924146  0.164185    1.5147
        0         0         0         1

 0.285953 0.0691001  0.955749   0.78209
-0.897776  0.368013  0.242001  0.810364
-0.335006 -0.927249  0.167271   1.52136
        0         0         0         1

  0.30098 0.0875964  0.949599  0.785103
-0.908686   0.32844  0.257716   0.82305
-0.289311 -0.940454  0.178452   1.54311
        0         0         0         1

  0.30319 0.0909398  0.948581  0.787147
-0.911528  0.317907  0.260869  0.827313
-0.277837 -0.943751   0.17928   1.54907
        0         0         0         1

 0.309449 0.0966259  0.945994  0.789077
-0.915956  0.297555   0.26923  0.836379
-0.255471 -0.949802  0.180583   1.56296
        0         0         0         1

 0.311898   0.09775  0.945074  0.790699
-0.918489  0.285527  0.273592  0.841578
-0.243101 -0.953372  0.178838   1.56864
        0         0         0         1

 0.320668 0.0990578  0.941998  0.790462
-0.920578  0.266686  0.285333  0.850639
-0.222953 -0.958679  0.176708   1.58362
        0         0         0         1

 0.323087 0.0989864  0.941178  0.791622
-0.922158  0.256446  0.289586  0.856129
-0.212697 -0.961476  0.174135   1.59005
        0         0         0         1

 0.330021 0.0896539  0.939706  0.794669
-0.925894   0.22464  0.303738  0.876535
-0.183864 -0.970309  0.157146   1.61863
        0         0         0         1

 0.330274  0.087236  0.939845  0.796962
-0.927989  0.211982  0.306431  0.883416
-0.172498 -0.973372  0.150966   1.62448
        0         0         0         1

 0.330045 0.0862545  0.940016  0.801495
 -0.93293  0.181625  0.310891  0.899604
-0.143915 -0.979578  0.140414    1.6349
        0         0         0         1

  0.33135 0.0871644  0.939473  0.802998
-0.933911  0.171958  0.313434   0.90544
-0.134229 -0.981241  0.138382   1.64243
        0         0         0         1

 0.338166 0.0910237  0.936674    0.8054
-0.935027  0.145261  0.323456  0.920973
 -0.10662 -0.985197  0.134232    1.6552
        0         0         0         1

 0.339255 0.0917179  0.936213  0.807703
-0.936206  0.130027  0.326514  0.929685
-0.0917855 -0.987259  0.129979   1.65958
        0         0         0         1

 0.353695  0.095014  0.930522  0.806059
-0.934168 0.0861073  0.346289  0.957711
-0.0472226 -0.991745  0.119215   1.68177
        0         0         0         1

 0.353743 0.0917507  0.930832  0.808093
-0.934467 0.0777242  0.347463  0.965906
-0.0404682 -0.992744  0.113232   1.69059
        0         0         0         1

 0.358024 0.0865572  0.929692  0.808605
-0.933529 0.0528923  0.354578  0.983323
-0.0184822 -0.994842 0.0997405   1.70386
        0         0         0         1

 0.357631 0.0835812  0.930115    0.8101
-0.933798 0.0437346  0.355117  0.991918
-0.0109972 -0.995541 0.0936888   1.71137
        0         0         0         1

   0.357262   0.0775934    0.930776    0.813382
  -0.933339 -0.00794985    0.358908     1.02609
  0.0352485   -0.996953   0.0695808     1.73205
          0           0           0           1

  0.360267  0.0778724   0.929593   0.812764
 -0.931734 -0.0186799   0.362661    1.03417
  0.045606  -0.996788  0.0658266    1.73898
         0          0          0          1

  0.361931   0.078212   0.928918   0.815822
 -0.929644 -0.0435324   0.365879    1.05409
 0.0690541  -0.995986  0.0569536    1.75337
         0          0          0          1

  0.362685  0.0804165   0.928436   0.816765
 -0.927787 -0.0624685   0.367843    1.06502
 0.0875786  -0.994802   0.051953    1.75426
         0          0          0          1

  0.363944  0.0828369    0.92773   0.821017
 -0.924281 -0.0909721   0.370714    1.08684
  0.115106  -0.992402  0.0434558    1.76531
         0          0          0          1

 0.363229 0.0834654  0.927954  0.824724
-0.922912  -0.10424  0.370632   1.09824
 0.127665 -0.991044 0.0391682   1.77256
        0         0         0         1

 0.369554 0.0904474  0.924797   0.82986
-0.910993 -0.160838  0.379768   1.13788
 0.183091 -0.982828 0.0229587   1.78843
        0         0         0         1

 0.371815 0.0903639  0.923898  0.832029
-0.907387 -0.174719  0.382259   1.14842
 0.195965 -0.980463 0.0170321    1.7944
        0         0         0         1

  0.375953   0.093842   0.921875   0.837189
 -0.897068  -0.212462   0.387465    1.17189
  0.232224  -0.972653 0.00430672    1.80115
         0          0          0          1

    0.38374   0.0942493    0.918619    0.835654
  -0.890932   -0.223841     0.39514     1.18181
   0.242866   -0.970058 -0.00192686     1.80823
          0           0           0           1

