 -0.360642  -0.804455   0.472005   0.360808
 -0.927524   0.362588 -0.0907151    1.04318
-0.0981672  -0.470512  -0.876916    2.11938
         0          0          0          1

 -0.357062  -0.796022   0.488728   0.353173
 -0.925341   0.372847 -0.0687703    1.02166
 -0.127478  -0.476795  -0.869722    2.09791
         0          0          0          1

 -0.343318   -0.76901   0.539219   0.332883
 -0.921754   0.386075 -0.0362739   0.977568
 -0.180284   -0.50948  -0.841384    2.04498
         0          0          0          1

 -0.343318   -0.76901   0.539219   0.332883
 -0.921754   0.386075 -0.0362739   0.977568
 -0.180284   -0.50948  -0.841384    2.04498
         0          0          0          1

 -0.346411  -0.762383     0.5466   0.326753
 -0.915385   0.402119 -0.0192669   0.948928
 -0.205109  -0.507024  -0.837172    2.01355
         0          0          0          1

 -0.346411  -0.762383     0.5466   0.326753
 -0.915385   0.402119 -0.0192669   0.948928
 -0.205109  -0.507024  -0.837172    2.01355
         0          0          0          1

-0.338462 -0.764852  0.548128  0.313968
-0.909839  0.414623 0.0167454  0.916558
-0.240074 -0.493041 -0.836227   1.98411
        0         0         0         1

-0.338462 -0.764852  0.548128  0.313968
-0.909839  0.414623 0.0167454  0.916558
-0.240074 -0.493041 -0.836227   1.98411
        0         0         0         1

-0.338327 -0.768851   0.54259  0.303174
 -0.89855  0.435228 0.0564349  0.879452
 -0.27954  -0.46845   -0.8381   1.93346
        0         0         0         1

-0.338327 -0.768851   0.54259  0.303174
 -0.89855  0.435228 0.0564349  0.879452
 -0.27954  -0.46845   -0.8381   1.93346
        0         0         0         1

-0.335558 -0.768125   0.54533  0.292591
-0.891524  0.445935 0.0795414  0.858833
 -0.30428 -0.459484 -0.834439   1.89179
        0         0         0         1

-0.335558 -0.768125   0.54533  0.292591
-0.891524  0.445935 0.0795414  0.858833
 -0.30428 -0.459484 -0.834439   1.89179
        0         0         0         1

-0.343211 -0.770975  0.536472  0.288794
-0.871575   0.47431  0.124045  0.826448
 -0.35009 -0.425002 -0.834751   1.85184
        0         0         0         1

-0.343211 -0.770975  0.536472  0.288794
-0.871575   0.47431  0.124045  0.826448
 -0.35009 -0.425002 -0.834751   1.85184
        0         0         0         1

-0.342146 -0.770258  0.538181  0.280964
-0.860667  0.486736  0.149464  0.806023
-0.377078 -0.412056 -0.829471   1.81756
        0         0         0         1

-0.342146 -0.770258  0.538181  0.280964
-0.860667  0.486736  0.149464  0.806023
-0.377078 -0.412056 -0.829471   1.81756
        0         0         0         1

-0.344767  -0.76641  0.541988  0.277504
 -0.84985  0.500038  0.166486  0.791072
-0.398611 -0.403209  -0.82373   1.78383
        0         0         0         1

-0.344767  -0.76641  0.541988  0.277504
 -0.84985  0.500038  0.166486  0.791072
-0.398611 -0.403209  -0.82373   1.78383
        0         0         0         1

-0.350908 -0.768868  0.534514  0.274198
  -0.8317  0.518192  0.199381  0.769014
-0.430278 -0.374591 -0.821305   1.74318
        0         0         0         1

-0.350908 -0.768868  0.534514  0.274198
  -0.8317  0.518192  0.199381  0.769014
-0.430278 -0.374591 -0.821305   1.74318
        0         0         0         1

-0.353462  -0.76918  0.532379  0.274763
-0.827481  0.522519  0.205545  0.765763
-0.436279 -0.367881 -0.821172   1.73408
        0         0         0         1

-0.352351 -0.770151  0.531711  0.270883
-0.820985    0.5271  0.219428  0.755402
-0.449258 -0.359211 -0.818007   1.71276
        0         0         0         1

 -0.35787 -0.768155  0.530911   0.26861
-0.801836  0.544173   0.24685  0.737216
-0.478527 -0.337363 -0.810678   1.67775
        0         0         0         1

 -0.35787 -0.768155  0.530911   0.26861
-0.801836  0.544173   0.24685  0.737216
-0.478527 -0.337363 -0.810678   1.67775
        0         0         0         1

-0.358735 -0.761678  0.539589  0.268122
-0.791023  0.554964  0.257485  0.729588
-0.495573 -0.334458 -0.801589    1.6506
        0         0         0         1

-0.358735 -0.761678  0.539589  0.268122
-0.791023  0.554964  0.257485  0.729588
-0.495573 -0.334458 -0.801589    1.6506
        0         0         0         1

-0.360892 -0.757503  0.544009     0.269
 -0.78787   0.55976  0.256769  0.728866
-0.499018 -0.335943 -0.798826   1.64083
        0         0         0         1

-0.363469 -0.754992  0.545782  0.269945
-0.780327  0.566757   0.26434  0.723919
  -0.5089 -0.329809 -0.795139   1.62587
        0         0         0         1

-0.365602 -0.750269  0.550846  0.268425
-0.768287  0.577339  0.276433  0.715193
-0.525424 -0.322144 -0.787498   1.59058
        0         0         0         1

-0.365602 -0.750269  0.550846  0.268425
-0.768287  0.577339  0.276433  0.715193
-0.525424 -0.322144 -0.787498   1.59058
        0         0         0         1

-0.369335 -0.749608  0.549253  0.269157
-0.759934  0.583812   0.28577  0.708251
-0.534877 -0.311851 -0.785274   1.57329
        0         0         0         1

-0.369335 -0.749608  0.549253  0.269157
-0.759934  0.583812   0.28577  0.708251
-0.534877 -0.311851 -0.785274   1.57329
        0         0         0         1

-0.376371 -0.744724  0.551117  0.270439
-0.745148  0.596816  0.297598  0.702043
-0.550544 -0.298657 -0.779554   1.55389
        0         0         0         1

-0.376371 -0.744724  0.551117  0.270439
-0.745148  0.596816  0.297598  0.702043
-0.550544 -0.298657 -0.779554   1.55389
        0         0         0         1

-0.372832 -0.745535  0.552425  0.267077
-0.744776  0.595538  0.301069  0.698693
-0.553448 -0.299185 -0.777293   1.54889
        0         0         0         1

-0.373197 -0.742544  0.556195  0.266851
-0.740623  0.599509  0.303425  0.696194
 -0.55875 -0.298693  -0.77368   1.53933
        0         0         0         1

-0.374562 -0.740673  0.557769  0.268315
 -0.73828  0.602174  0.303857   0.69587
-0.560933 -0.297976 -0.772376   1.53619
        0         0         0         1

-0.377542 -0.737436  0.560044  0.270416
-0.733747  0.607184  0.304867  0.695336
 -0.56487  -0.29583 -0.770329   1.52896
        0         0         0         1

-0.373864 -0.736756  0.563397  0.266383
-0.729507  0.608709  0.311917  0.689218
-0.572752 -0.294388 -0.765043   1.51227
        0         0         0         1

-0.373864 -0.736756  0.563397  0.266383
-0.729507  0.608709  0.311917  0.689218
-0.572752 -0.294388 -0.765043   1.51227
        0         0         0         1

-0.374283 -0.727781  0.574671   0.26685
-0.725767  0.615648  0.306984  0.688638
-0.577212 -0.302179 -0.758626   1.50386
        0         0         0         1

-0.374283 -0.727781  0.574671   0.26685
-0.725767  0.615648  0.306984  0.688638
-0.577212 -0.302179 -0.758626   1.50386
        0         0         0         1

 -0.37353 -0.732222  0.569497  0.265367
-0.725146  0.613353  0.312989   0.68504
 -0.57848 -0.296057 -0.760073   1.50484
        0         0         0         1

 -0.37353 -0.732222  0.569497  0.265367
-0.725146  0.613353  0.312989   0.68504
 -0.57848 -0.296057 -0.760073   1.50484
        0         0         0         1

-0.371782 -0.729773  0.573768  0.267452
-0.726148  0.613677  0.310015  0.683813
-0.578349 -0.301383 -0.758077   1.50213
        0         0         0         1

-0.371782 -0.729773  0.573768  0.267452
-0.726148  0.613677  0.310015  0.683813
-0.578349 -0.301383 -0.758077   1.50213
        0         0         0         1

-0.368461 -0.729734  0.575956  0.266679
-0.727955  0.611812  0.309463  0.681666
-0.578203 -0.305245 -0.756642   1.50209
        0         0         0         1

-0.368461 -0.729734  0.575956  0.266679
-0.727955  0.611812  0.309463  0.681666
-0.578203 -0.305245 -0.756642   1.50209
        0         0         0         1

-0.361431 -0.735258  0.573378  0.266035
-0.733129  0.604058  0.312469  0.679405
-0.576098 -0.307424 -0.757365   1.49974
        0         0         0         1

-0.361431 -0.735258  0.573378  0.266035
-0.733129  0.604058  0.312469  0.679405
-0.576098 -0.307424 -0.757365   1.49974
        0         0         0         1

-0.354962  -0.73997  0.571355  0.263749
-0.737047  0.597472  0.315894  0.677742
-0.575121 -0.308985 -0.757472   1.49572
        0         0         0         1

-0.354962  -0.73997  0.571355  0.263749
-0.737047  0.597472  0.315894  0.677742
-0.575121 -0.308985 -0.757472   1.49572
        0         0         0         1

-0.357588 -0.738779  0.571259  0.266603
-0.735645  0.599658  0.315017  0.679927
-0.575288 -0.307598  -0.75791   1.49689
        0         0         0         1

-0.357588 -0.738779  0.571259  0.266603
-0.735645  0.599658  0.315017  0.679927
-0.575288 -0.307598  -0.75791   1.49689
        0         0         0         1

-0.348972 -0.739204  0.576017  0.262953
-0.736784  0.596251  0.318801  0.678067
-0.579109 -0.313147 -0.752709   1.49487
        0         0         0         1

-0.348972 -0.739204  0.576017  0.262953
-0.736784  0.596251  0.318801  0.678067
-0.579109 -0.313147 -0.752709   1.49487
        0         0         0         1

-0.347698 -0.739413  0.576519  0.261985
-0.736252  0.596041  0.320418  0.678472
 -0.58055 -0.313055 -0.751637   1.49529
        0         0         0         1

-0.347698 -0.739413  0.576519  0.261985
-0.736252  0.596041  0.320418  0.678472
 -0.58055 -0.313055 -0.751637   1.49529
        0         0         0         1

-0.346991 -0.739915  0.576302  0.260688
 -0.73378  0.596872  0.324516   0.68014
-0.584092 -0.310274 -0.750044   1.49742
        0         0         0         1

-0.346991 -0.739915  0.576302  0.260688
 -0.73378  0.596872  0.324516   0.68014
-0.584092 -0.310274 -0.750044   1.49742
        0         0         0         1

-0.345488 -0.741816  0.574758  0.259224
 -0.73262  0.595955  0.328794  0.681711
-0.586435 -0.307485 -0.749364   1.49955
        0         0         0         1

-0.345488 -0.741816  0.574758  0.259224
 -0.73262  0.595955  0.328794  0.681711
-0.586435 -0.307485 -0.749364   1.49955
        0         0         0         1

-0.345567 -0.739024  0.578296  0.260656
-0.731621  0.598092  0.327134  0.687644
-0.587634 -0.310047 -0.747367   1.50025
        0         0         0         1

-0.345567 -0.739024  0.578296  0.260656
-0.731621  0.598092  0.327134  0.687644
-0.587634 -0.310047 -0.747367   1.50025
        0         0         0         1

-0.338393 -0.735046  0.587535  0.257582
-0.731148  0.598431  0.327571  0.692091
 -0.59238 -0.318727 -0.739932   1.50693
        0         0         0         1

-0.338393 -0.735046  0.587535  0.257582
-0.731148  0.598431  0.327571  0.692091
 -0.59238 -0.318727 -0.739932   1.50693
        0         0         0         1

-0.329941 -0.728398  0.600478  0.255947
-0.732185  0.598968  0.324257  0.696277
-0.595856 -0.332675 -0.730947   1.51179
        0         0         0         1

-0.329941 -0.728398  0.600478  0.255947
-0.732185  0.598968  0.324257  0.696277
-0.595856 -0.332675 -0.730947   1.51179
        0         0         0         1

-0.324073 -0.726698  0.605711  0.251959
 -0.73956  0.593872  0.316808  0.700983
-0.589939  -0.34529 -0.729895   1.52907
        0         0         0         1

-0.324073 -0.726698  0.605711  0.251959
 -0.73956  0.593872  0.316808  0.700983
-0.589939  -0.34529 -0.729895   1.52907
        0         0         0         1

-0.321083  -0.72242  0.612385  0.251971
-0.746411  0.591028  0.305871     0.708
-0.582904 -0.358881 -0.728991   1.54182
        0         0         0         1

-0.321083  -0.72242  0.612385  0.251971
-0.746411  0.591028  0.305871     0.708
-0.582904 -0.358881 -0.728991   1.54182
        0         0         0         1

-0.320612   -0.7221  0.613009  0.250953
-0.748868  0.589519  0.302761  0.709896
-0.580004 -0.361994 -0.729764   1.54778
        0         0         0         1

-0.313617  -0.72132  0.617528  0.247417
-0.757536  0.582179  0.295308  0.712092
-0.572523 -0.375186 -0.729008   1.55472
        0         0         0         1

 -0.30331 -0.716839   0.62781  0.245092
 -0.77623  0.568014  0.273547   0.72271
-0.552694 -0.404355 -0.728716   1.58128
        0         0         0         1

 -0.30331 -0.716839   0.62781  0.245092
 -0.77623  0.568014  0.273547   0.72271
-0.552694 -0.404355 -0.728716   1.58128
        0         0         0         1

 -0.29325 -0.715147  0.634483  0.241754
-0.793924  0.551902  0.255126  0.729243
-0.532625 -0.428915 -0.729618   1.59896
        0         0         0         1

 -0.29325 -0.715147  0.634483  0.241754
-0.793924  0.551902  0.255126  0.729243
-0.532625 -0.428915 -0.729618   1.59896
        0         0         0         1

-0.274504 -0.713634  0.644496  0.235418
 -0.81796  0.525676  0.233681  0.739916
-0.505559 -0.463025 -0.728024   1.63474
        0         0         0         1

-0.274504 -0.713634  0.644496  0.235418
 -0.81796  0.525676  0.233681  0.739916
-0.505559 -0.463025 -0.728024   1.63474
        0         0         0         1

-0.261917 -0.711985  0.651519   0.23177
 -0.83588  0.504794  0.215611  0.748674
-0.482395  -0.48812 -0.727347   1.66091
        0         0         0         1

-0.261917 -0.711985  0.651519   0.23177
 -0.83588  0.504794  0.215611  0.748674
-0.482395  -0.48812 -0.727347   1.66091
        0         0         0         1

-0.256748 -0.716333  0.648804  0.231821
-0.851672  0.485033  0.198488  0.759602
-0.456875 -0.501607 -0.734612    1.6969
        0         0         0         1

-0.256748 -0.716333  0.648804  0.231821
-0.851672  0.485033  0.198488  0.759602
-0.456875 -0.501607 -0.734612    1.6969
        0         0         0         1

-0.242282 -0.715769  0.654961  0.227665
-0.877639  0.449461  0.166536  0.780741
-0.413581 -0.534471 -0.737083   1.74349
        0         0         0         1

-0.242282 -0.715769  0.654961  0.227665
-0.877639  0.449461  0.166536  0.780741
-0.413581 -0.534471 -0.737083   1.74349
        0         0         0         1

-0.235792 -0.712796  0.660549  0.227753
-0.895461  0.423441  0.137287  0.801657
-0.377561 -0.559124 -0.738125   1.77067
        0         0         0         1

-0.235792 -0.712796  0.660549  0.227753
-0.895461  0.423441  0.137287  0.801657
-0.377561 -0.559124 -0.738125   1.77067
        0         0         0         1

-0.232831 -0.714968   0.65925  0.227971
-0.900942  0.413819  0.130602  0.806935
-0.366187 -0.563538 -0.740495   1.78255
        0         0         0         1

-0.219792 -0.722104   0.65594  0.223663
-0.919168  0.378556  0.108746  0.826002
-0.326836 -0.579017 -0.746939   1.82678
        0         0         0         1

-0.211663 -0.726505  0.653751  0.221822
-0.932707  0.349993 0.0869618   0.84819
-0.291986 -0.591351 -0.751697   1.86298
        0         0         0         1

-0.211663 -0.726505  0.653751  0.221822
-0.932707  0.349993 0.0869618   0.84819
-0.291986 -0.591351 -0.751697   1.86298
        0         0         0         1

-0.203709 -0.729944  0.652445   0.22052
-0.945733  0.319042 0.0616586  0.872838
-0.253165 -0.604478 -0.755323   1.89979
        0         0         0         1

-0.203709 -0.729944  0.652445   0.22052
-0.945733  0.319042 0.0616586  0.872838
-0.253165 -0.604478 -0.755323   1.89979
        0         0         0         1

-0.201955 -0.733582    0.6489  0.222459
-0.949401  0.309347 0.0542376  0.881855
-0.240523 -0.605113 -0.758938   1.91263
        0         0         0         1

-0.198886 -0.744526   0.63728  0.229106
-0.960771  0.276384 0.0230529  0.915714
-0.193298 -0.607695 -0.770287   1.96196
        0         0         0         1

-0.193437 -0.747025  0.636031  0.228312
-0.964079  0.265003 0.0180422   0.92343
-0.182028 -0.609694 -0.771452   1.97396
        0         0         0         1

 -0.187743   -0.75612   0.626925   0.232257
 -0.969947   0.243299 0.00297083   0.943754
 -0.154776  -0.607526  -0.779074    2.00006
         0          0          0          1

 -0.187695  -0.766247   0.614521   0.242304
 -0.979214    0.19494 -0.0560128    1.00257
-0.0768755  -0.612262  -0.786909    2.04205
         0          0          0          1

 -0.187695  -0.766247   0.614521   0.242304
 -0.979214    0.19494 -0.0560128    1.00257
-0.0768755  -0.612262  -0.786909    2.04205
         0          0          0          1

 -0.181866   -0.77467   0.605649   0.240731
 -0.981054   0.184768 -0.0582612    1.00849
-0.0667714   -0.60477  -0.793596    2.05955
         0          0          0          1

 -0.181615  -0.786455   0.590342   0.246919
 -0.982566   0.169402 -0.0766024      1.032
-0.0397606  -0.593962   -0.80351    2.08661
         0          0          0          1

 -0.182876  -0.789367   0.586052   0.248611
 -0.982931   0.158985 -0.0925803    1.04724
-0.0200934  -0.592979  -0.804967    2.09226
         0          0          0          1

-0.182939 -0.805523  0.563619  0.254227
-0.983081  0.144511 -0.112553   1.06845
 0.009215 -0.574673 -0.818331   2.12291
        0         0         0         1

-0.200549 -0.834154  0.513777  0.279814
-0.976622  0.128794 -0.172112   1.13181
0.0773964 -0.536283 -0.840482   2.17634
        0         0         0         1

-0.200549 -0.834154  0.513777  0.279814
-0.976622  0.128794 -0.172112   1.13181
0.0773964 -0.536283 -0.840482   2.17634
        0         0         0         1

-0.201036 -0.853475  0.480795  0.282545
 -0.97328  0.118434 -0.196723   1.16468
 0.110956 -0.507497  -0.85448   2.21648
        0         0         0         1

-0.201036 -0.853475  0.480795  0.282545
 -0.97328  0.118434 -0.196723   1.16468
 0.110956 -0.507497  -0.85448   2.21648
        0         0         0         1

-0.218769 -0.874471  0.432943  0.308434
-0.958612  0.109752 -0.262712   1.23366
 0.182217 -0.472498 -0.862289   2.25389
        0         0         0         1

