 0.050014 -0.569359  0.820566  0.840272
-0.994754  -0.10181 -0.010011   1.07997
0.0892413  -0.81576 -0.571464   2.34696
        0         0         0         1

 0.0629417    -0.5633   0.823852   0.832447
 -0.995816 -0.0902454  0.0143754    1.04602
 0.0662512  -0.821309  -0.566623    2.33005
         0          0          0          1

 0.0688968  -0.556849   0.827751   0.826066
 -0.996456 -0.0785518  0.0300949    1.02832
  0.048263  -0.826891  -0.560288    2.32592
         0          0          0          1

 0.0612593  -0.562088   0.824805   0.839443
  -0.99737 -0.0665417   0.028729    1.01595
 0.0387358  -0.824396  -0.564686    2.31603
         0          0          0          1

 0.0654116   -0.55856   0.826881   0.835427
 -0.997502 -0.0587565  0.0392186     1.0003
 0.0266786   -0.82738  -0.561008    2.30837
         0          0          0          1

0.0654053   -0.5633   0.82366  0.842558
-0.997791 -0.046549 0.0473979  0.982842
0.0116413  -0.82494   -0.5651   2.30252
        0         0         0         1

0.0632345 -0.565702  0.822182  0.843078
-0.997958 -0.043319 0.0469479  0.972788
0.00905764 -0.823471 -0.567286   2.28919
        0         0         0         1

0.0713303 -0.565354  0.821758  0.840988
-0.997128 -0.019409 0.0731997  0.936323
-0.0254342  -0.82462 -0.565115   2.27568
        0         0         0         1

 0.0781939  -0.560053   0.824758   0.835837
 -0.996221 -0.0125259  0.0859443   0.923061
-0.0378026  -0.828362  -0.558916    2.26407
         0          0          0          1

  0.0799567   -0.560286    0.824431    0.836059
  -0.995728 -0.00657395   0.0921021    0.910095
 -0.0461837   -0.828273   -0.558418     2.25021
          0           0           0           1

 0.0794385  -0.559309   0.825144   0.832551
 -0.995068 0.00484087  0.0990788   0.893786
-0.0594101  -0.828945  -0.556166    2.24378
         0          0          0          1

0.0675991 -0.564816  0.822443  0.839734
 -0.99498 0.0228034 0.0974407  0.878767
-0.0737906 -0.824902 -0.560439   2.23395
        0         0         0         1

0.0667444 -0.565312  0.822172  0.837165
 -0.99394 0.0344559   0.10438  0.864953
-0.0873359 -0.824157 -0.559587   2.22569
        0         0         0         1

0.0564578 -0.574151  0.816801  0.842932
-0.992671 0.0552696  0.107465  0.840408
-0.106845 -0.816882 -0.566823   2.20087
        0         0         0         1

 0.058511 -0.572851  0.817568  0.839373
-0.991452 0.0623231  0.114624  0.827499
-0.116616 -0.817287 -0.564308   2.18941
        0         0         0         1

0.0532849 -0.575771  0.815873  0.843105
-0.989831 0.0774593   0.11931  0.814407
-0.131892 -0.813933 -0.565789   2.17777
        0         0         0         1

0.0516357 -0.578577  0.813992  0.844793
-0.988023 0.0890813  0.125994  0.801683
-0.145408 -0.810748 -0.567048   2.16956
        0         0         0         1

0.0474491   -0.5809  0.812591  0.844576
-0.982969  0.117436   0.14135   0.77323
-0.177538 -0.805459 -0.565435   2.14781
        0         0         0         1

0.0440288 -0.583661  0.810803  0.846511
-0.980797  0.129095   0.14619  0.762757
-0.189996  -0.80167 -0.566769   2.13655
        0         0         0         1

0.0416943 -0.583055  0.811362  0.847128
-0.977536  0.144116  0.153797  0.748877
-0.206603 -0.799549 -0.563948   2.12389
        0         0         0         1

0.0428659 -0.583552  0.810944  0.847089
-0.974044  0.156165  0.163863  0.736865
-0.222264 -0.796919 -0.561711   2.11554
        0         0         0         1

0.0390723 -0.584473  0.810472  0.848583
-0.972535  0.164006  0.165158  0.727008
-0.229453 -0.794665 -0.562013   2.09806
        0         0         0         1

 0.034033 -0.588882  0.807502  0.850968
-0.969252  0.177574  0.170349  0.717059
-0.243707  -0.78847 -0.564732   2.08867
        0         0         0         1

0.0258096 -0.598363   0.80081  0.853453
-0.962674  0.201029  0.181235  0.695556
 -0.26943 -0.775596  -0.57084   2.06273
        0         0         0         1

0.0208038 -0.602534  0.797822  0.856486
-0.959881  0.211159  0.184502  0.687246
-0.279636 -0.769652 -0.573968   2.05151
        0         0         0         1

 0.018668  -0.60257  0.797847  0.855599
-0.955049  0.225385  0.192567  0.675103
-0.295858 -0.765579 -0.571277    2.0388
        0         0         0         1

0.0172295 -0.602177  0.798176  0.854533
-0.951627  0.235054  0.197876  0.665896
-0.306771 -0.762976 -0.568999   2.02655
        0         0         0         1

0.00585796 -0.601391  0.798934  0.860169
-0.943487  0.261419  0.203699  0.648321
-0.331359 -0.754976 -0.565873   1.99893
        0         0         0         1

0.00340611 -0.599184  0.800604  0.860893
-0.940267  0.270627  0.206541  0.641031
-0.340421 -0.753485 -0.562471   1.98702
        0         0         0         1

0.000546237 -0.597496  0.801872  0.862628
-0.934859  0.284375  0.212532  0.631409
-0.355019 -0.749753 -0.558419   1.97346
        0         0         0         1

-0.00320198 -0.596184  0.802841  0.864645
-0.931463  0.293872  0.214512  0.625217
-0.363821  -0.74713 -0.556265   1.96098
        0         0         0         1

-0.00303147 -0.594153  0.804346   0.86483
-0.927132   0.30308  0.220384   0.61741
-0.374723 -0.745067 -0.551777   1.94649
        0         0         0         1

-0.00669698 -0.595062  0.803652  0.866471
-0.923368  0.312181  0.223459  0.610891
-0.383857  -0.74057 -0.551552   1.93537
        0         0         0         1

-0.016655 -0.596082  0.802751  0.871628
-0.912543  0.337191  0.231448  0.596313
-0.408643  -0.72869 -0.549566   1.91013
        0         0         0         1

-0.0182296 -0.594998   0.80352  0.871955
-0.907997  0.346301  0.235832  0.590422
-0.418579 -0.725295  -0.54657   1.89853
        0         0         0         1

-0.0214262 -0.595017  0.803427  0.874146
-0.902357  0.357509  0.240706  0.583194
-0.430457 -0.719821 -0.544578   1.88534
        0         0         0         1

-0.0241111  -0.59462  0.803645  0.875414
-0.898495  0.365348  0.243366  0.578375
 -0.43832 -0.716204 -0.543072   1.87372
        0         0         0         1

-0.0326276 -0.593606  0.804094  0.880135
-0.887825  0.386705  0.249452  0.567319
-0.459024 -0.705756 -0.539635   1.84976
        0         0         0         1

-0.0348788 -0.592695  0.804672  0.882136
-0.883611  0.394465   0.25225  0.562855
-0.466922 -0.702218  -0.53747   1.83928
        0         0         0         1

-0.0387729 -0.591302  0.805518  0.884863
-0.879929  0.402208  0.252892  0.558885
-0.473521 -0.698993 -0.535899   1.82495
        0         0         0         1

-0.0368895 -0.591999  0.805094   0.88465
-0.875463  0.407628  0.259622  0.553916
-0.481875 -0.695253  -0.53331   1.81489
        0         0         0         1

-0.0420003 -0.592316   0.80461  0.888015
-0.869192  0.418783  0.262917  0.548809
-0.492688 -0.688318 -0.532425   1.80377
        0         0         0         1

-0.0414873 -0.592202  0.804721  0.888042
-0.865748  0.423359  0.266921  0.545211
-0.498757 -0.685612 -0.530262   1.79316
        0         0         0         1

-0.0518256  -0.59273  0.803732  0.893022
-0.855748  0.441227  0.270212  0.537035
-0.514791 -0.673788 -0.530094   1.77276
        0         0         0         1

-0.0540927 -0.591906   0.80419  0.894357
-0.852295  0.446982  0.271663  0.534027
-0.520257 -0.670712 -0.528657   1.76305
        0         0         0         1

-0.0559598 -0.590148  0.805353  0.896708
-0.848899  0.452733  0.272769  0.531431
-0.525584 -0.668399 -0.526311   1.75161
        0         0         0         1

-0.0586719 -0.589554  0.805595  0.898571
 -0.84466  0.459439  0.274711  0.528454
-0.532079 -0.664336 -0.524929   1.74392
        0         0         0         1

-0.0619989 -0.585942  0.807978   0.90199
-0.838416  0.469778  0.276346   0.52303
-0.541494 -0.660288 -0.520388   1.72459
        0         0         0         1

-0.0638551 -0.582988  0.809967  0.904235
-0.835932  0.474572  0.275679  0.521066
-0.545105 -0.659474 -0.517642   1.71673
        0         0         0         1

-0.0637186 -0.579773  0.812282  0.905747
-0.831629  0.480781  0.277925  0.517953
-0.551664 -0.657809 -0.512791   1.70837
        0         0         0         1

-0.0652944 -0.577632  0.813681  0.908019
-0.829071   0.48519  0.277907  0.515969
-0.555318 -0.656454 -0.510578   1.70148
        0         0         0         1

-0.0665874 -0.575216  0.815287  0.910051
-0.825918  0.490241  0.278428  0.513516
-0.559844  -0.65482 -0.507726   1.69339
        0         0         0         1

-0.0670102 -0.572596  0.817094  0.911772
-0.823632  0.493969  0.278613  0.511524
-0.563153 -0.654315 -0.504709   1.68695
        0         0         0         1

-0.0688881 -0.568012  0.820132  0.916138
-0.819568  0.500958  0.278116  0.507736
-0.568825 -0.652996 -0.500035   1.67312
        0         0         0         1

-0.0690848 -0.565673  0.821731  0.917973
-0.817932  0.503701  0.277979  0.506318
-0.571152 -0.652916  -0.49748   1.66734
        0         0         0         1

-0.0703143 -0.562148  0.824042  0.921176
-0.817031  0.506389  0.275735  0.505207
 -0.57229  -0.65388 -0.494899   1.65993
        0         0         0         1

-0.0693243 -0.560038  0.825562  0.922794
-0.815699  0.508237  0.276278  0.503717
-0.574307 -0.654257 -0.492056   1.65482
        0         0         0         1

-0.0649111 -0.551926  0.831363  0.926415
-0.813908  0.511306  0.275898  0.500719
-0.577356 -0.658744 -0.482407    1.6432
        0         0         0         1

-0.0648463 -0.550202   0.83251  0.929124
 -0.81275  0.513172  0.275846  0.499389
-0.578992 -0.658735 -0.480454   1.63933
        0         0         0         1

-0.0629699 -0.546618  0.835011  0.931566
-0.811789  0.514746  0.275746  0.498005
-0.580546 -0.660489 -0.476152   1.63445
        0         0         0         1

-0.0599632 -0.543452  0.837296  0.932779
-0.811048  0.515505  0.276508  0.496571
-0.581899 -0.662507 -0.471677   1.63079
        0         0         0         1

-0.0600211 -0.539813  0.839643  0.935531
-0.810812   0.51699  0.274417  0.495625
 -0.58222 -0.664322 -0.468717    1.6261
        0         0         0         1

-0.0575268 -0.535061  0.842853  0.936815
-0.811023  0.517367  0.273081  0.494469
-0.582179 -0.667864 -0.463709   1.62189
        0         0         0         1

-0.0537155 -0.525531  0.849077  0.939932
-0.810634  0.519466  0.270237  0.492505
-0.583084 -0.673775 -0.453917   1.61412
        0         0         0         1

-0.0519969 -0.519021  0.853178  0.940975
 -0.80995  0.521687     0.268  0.491458
 -0.58419 -0.677097 -0.447507   1.61132
        0         0         0         1

-0.0503297 -0.513247  0.856764  0.942875
-0.809247  0.523702  0.266187  0.490594
-0.585309 -0.679936 -0.441702   1.60809
        0         0         0         1

-0.0463895 -0.510333  0.858725  0.943151
 -0.80925  0.523179  0.267204  0.489666
-0.585629 -0.682528 -0.437257   1.60539
        0         0         0         1

-0.0433193 -0.506317  0.861258  0.946552
-0.809727  0.522755   0.26659  0.488134
-0.585206 -0.685835 -0.432624   1.60048
        0         0         0         1

-0.042287 -0.505116  0.862015   0.94803
-0.809964  0.522473  0.266421  0.487544
-0.584953 -0.686935  -0.43122   1.59848
        0         0         0         1

-0.0402116 -0.503762  0.862906  0.949586
-0.810691  0.521281  0.266544  0.486883
-0.584091 -0.688832 -0.429357    1.5959
        0         0         0         1

-0.0388051 -0.503239  0.863275  0.950496
-0.810614  0.521021  0.267287  0.486265
-0.584293 -0.689411 -0.428151   1.59432
        0         0         0         1

-0.0368467 -0.501098  0.864606  0.951329
-0.811282  0.520177  0.266903   0.48589
-0.583493 -0.691605 -0.425698   1.59177
        0         0         0         1

-0.0366715 -0.497904  0.866456  0.952827
-0.811487  0.520851  0.264959  0.485984
-0.583218 -0.693402 -0.423143   1.58965
        0         0         0         1

-0.0349863 -0.493022  0.869313  0.954751
-0.809815  0.523715  0.264428  0.484978
-0.585641 -0.694731  -0.41758   1.58683
        0         0         0         1

-0.036709  -0.49117   0.87029  0.956603
-0.809466  0.525309  0.262328   0.48508
-0.586018  -0.69484 -0.416869    1.5856
        0         0         0         1

-0.0364543 -0.489099  0.871466  0.956956
-0.808713  0.526733  0.261793  0.484879
-0.587072 -0.695223 -0.414743   1.58409
        0         0         0         1

-0.0350991 -0.486656  0.872888  0.956995
-0.809191  0.526416  0.260952  0.485107
-0.586496 -0.697174 -0.412274   1.58178
        0         0         0         1

-0.0353481 -0.483726  0.874506  0.958693
-0.807365  0.529544  0.260279  0.485259
-0.588993 -0.696845 -0.409261   1.57957
        0         0         0         1

-0.0335006 -0.482455   0.87528   0.95818
-0.806616  0.530157   0.26135    0.4849
-0.590126 -0.697259 -0.406916   1.57861
        0         0         0         1

-0.0314945 -0.481126  0.876085  0.958384
-0.806246  0.530282  0.262235  0.485065
-0.590741 -0.698082 -0.404607   1.57684
        0         0         0         1

-0.0313024 -0.480074  0.876669  0.958937
 -0.80488  0.532141  0.262668  0.484965
-0.592611 -0.697391 -0.403059   1.57651
        0         0         0         1

-0.0299418 -0.479631  0.876959  0.958911
-0.803535  0.533373   0.26428  0.484664
-0.594504 -0.696755  -0.40137   1.57594
        0         0         0         1

-0.0303332 -0.478663  0.877474  0.959572
 -0.80258  0.534921  0.264056  0.484719
-0.595773 -0.696233 -0.400391   1.57552
        0         0         0         1

-0.0301715 -0.478398  0.877624  0.959853
-0.801282  0.536457  0.264879  0.484565
-0.597526 -0.695233 -0.399518   1.57441
        0         0         0         1

-0.0300482 -0.478294  0.877686  0.959804
-0.800308  0.537577  0.265553  0.484491
-0.598835  -0.69444 -0.398936   1.57435
        0         0         0         1

-0.0297607 -0.478313  0.877685  0.959631
-0.799675  0.538203   0.26619   0.48432
-0.599695 -0.693941 -0.398512   1.57386
        0         0         0         1

-0.0301163 -0.478281   0.87769  0.959481
-0.799126  0.538973  0.266282  0.484291
-0.600409 -0.693366 -0.398438   1.57358
        0         0         0         1

-0.0321714 -0.477481  0.878053  0.959233
-0.798976  0.540104  0.264432  0.484615
-0.600501 -0.693036 -0.398872   1.57259
        0         0         0         1

-0.0329741 -0.477312  0.878115  0.958799
-0.798117  0.541424  0.264328  0.484527
-0.601599 -0.692123 -0.398804    1.5728
        0         0         0         1

-0.0343084 -0.475953  0.878801  0.958651
-0.797439  0.543072  0.262992   0.48462
-0.602424 -0.691767 -0.398175   1.57288
        0         0         0         1

-0.0358133 -0.475502  0.878985  0.958654
-0.796297   0.54503  0.262399  0.484618
-0.603845 -0.690536  -0.39816   1.57328
        0         0         0         1

-0.0369829 -0.476084  0.878622  0.958518
-0.795082  0.546641  0.262733   0.48456
-0.605374  -0.68886 -0.398742   1.57378
        0         0         0         1

-0.0373688 -0.476464  0.878399  0.958153
-0.794901  0.546864  0.262815  0.484745
-0.605587 -0.688419 -0.399178   1.57399
        0         0         0         1

-0.0385585 -0.476075  0.878559  0.957184
-0.794599  0.547727   0.26193  0.485227
-0.605909 -0.688003 -0.399408   1.57408
        0         0         0         1

-0.0384623 -0.475016  0.879136  0.956277
-0.794227  0.548433  0.261582  0.485505
-0.606403 -0.688172 -0.398364   1.57392
        0         0         0         1

-0.0392708 -0.474064  0.879614  0.955106
-0.793802   0.54947  0.260694  0.486071
-0.606907 -0.688002 -0.397891   1.57402
        0         0         0         1

  -0.0415 -0.472965  0.880103    0.9544
-0.792476   0.55204  0.259297  0.486504
 -0.60849   -0.6867 -0.397723   1.57467
        0         0         0         1

-0.0474305 -0.470407  0.881174  0.952091
-0.789683   0.55787  0.255308   0.48751
-0.611679 -0.683739 -0.397933   1.57659
        0         0         0         1

-0.0507355 -0.468747  0.881874  0.951365
  -0.7894  0.559726  0.252099  0.488531
-0.611779 -0.683361 -0.398427   1.57705
        0         0         0         1

-0.0539959 -0.466433  0.882907  0.950332
-0.788024  0.562951  0.249209  0.489419
-0.613273 -0.682295 -0.397957   1.57812
        0         0         0         1

-0.0560879 -0.464356  0.883871  0.949537
-0.787841  0.564389  0.246517   0.49045
-0.613319 -0.682524 -0.397494   1.57874
        0         0         0         1

-0.0583127  -0.46328  0.884292  0.948455
-0.786655  0.566694  0.245016  0.491388
-0.614633 -0.681345 -0.397486    1.5803
        0         0         0         1

-0.0592141 -0.462577  0.884599  0.947107
-0.786287  0.567572  0.244163  0.492503
-0.615018 -0.681091 -0.397327   1.58129
        0         0         0         1

-0.0597088 -0.462817  0.884441  0.944478
-0.787256  0.566582  0.243338  0.495185
-0.613729 -0.681752 -0.398186   1.58359
        0         0         0         1

-0.0610619 -0.464439  0.883498  0.944159
-0.786914  0.566928  0.243638  0.496217
-0.614034 -0.680359 -0.400091   1.58545
        0         0         0         1

-0.0634405 -0.465955  0.882531  0.944023
-0.787172  0.566951  0.242751   0.49806
-0.613463 -0.679303 -0.402754   1.58808
        0         0         0         1

-0.0639107 -0.466856  0.882021  0.943474
-0.787711  0.566249   0.24264  0.499408
-0.612721  -0.67927 -0.403937   1.59004
        0         0         0         1

-0.0636756 -0.470977  0.879844  0.941992
-0.789641  0.562894  0.244167  0.502602
-0.610256 -0.679214 -0.407745   1.59589
        0         0         0         1

-0.0640965 -0.472675  0.878903  0.941797
 -0.79048  0.561618  0.244391  0.504047
-0.609125 -0.679091 -0.409638   1.59894
        0         0         0         1

-0.0630779 -0.474856    0.8778   0.94036
-0.791255  0.559828  0.245986  0.505521
-0.608225 -0.679047 -0.411045   1.60311
        0         0         0         1

-0.0635439 -0.476265  0.877003  0.940784
-0.793004  0.557621  0.245363  0.507487
-0.605893 -0.679876 -0.413113   1.60585
        0         0         0         1

-0.0619194 -0.477554  0.876418  0.939878
-0.795527  0.553904  0.245614  0.509763
-0.602746 -0.682006 -0.414205   1.60939
        0         0         0         1

-0.0621822 -0.478216  0.876038  0.940424
-0.797346  0.551738  0.244589  0.511819
 -0.60031 -0.683297 -0.415612   1.61292
        0         0         0         1

-0.0607575 -0.478137  0.876181   0.93989
-0.802514  0.545368  0.241962  0.516678
-0.593532 -0.688446 -0.416847   1.62151
        0         0         0         1

-0.061281 -0.478029  0.876204  0.940134
-0.804304  0.543483  0.240254  0.518733
 -0.59105 -0.690011 -0.417785   1.62635
        0         0         0         1

-0.0599514 -0.478237  0.876182  0.939243
-0.806318  0.540639   0.23992   0.52087
-0.588436 -0.692098 -0.418023   1.63242
        0         0         0         1

-0.0589668 -0.477987  0.876385  0.938884
-0.808698  0.537577  0.238786  0.523312
-0.585261  -0.69465 -0.418247   1.63726
        0         0         0         1

-0.0567426 -0.477344  0.876882  0.938325
  -0.8149  0.529578  0.235552  0.529516
-0.576817 -0.701206 -0.419038   1.64857
        0         0         0         1

-0.0544753 -0.476677  0.877389  0.937384
-0.817076  0.526357  0.235234  0.531709
-0.573951 -0.704079 -0.418155   1.65419
        0         0         0         1

-0.0529715 -0.476684  0.877477   0.93709
-0.820068  0.522167  0.234158  0.534878
-0.569809 -0.707187 -0.418573   1.66155
        0         0         0         1

-0.0516473 -0.476039  0.877906  0.937228
 -0.82323   0.51795  0.232424  0.537849
-0.565354 -0.710714  -0.41864   1.66748
        0         0         0         1

-0.0484964   -0.4753  0.878486  0.936945
-0.828002  0.511031  0.230781  0.541691
-0.558624 -0.716196 -0.418332   1.67446
        0         0         0         1

-0.0461674 -0.474118   0.87925  0.936817
-0.831455  0.506093  0.229242  0.544845
 -0.55367 -0.720474 -0.417573     1.681
        0         0         0         1

-0.0407345 -0.476701  0.878121  0.937601
-0.839915  0.492354   0.22832  0.552333
-0.541187 -0.728247 -0.420445   1.69712
        0         0         0         1

-0.0346897 -0.478533  0.877384  0.935589
 -0.84324  0.485225  0.231306  0.555133
-0.536417 -0.731821  -0.42035   1.70493
        0         0         0         1

-0.0318306 -0.480157  0.876605  0.935972
-0.848402  0.476643  0.230273  0.559906
-0.528395 -0.736383 -0.422538   1.71391
        0         0         0         1

-0.0297044 -0.481747  0.875807  0.936388
-0.852896  0.469121  0.229117  0.564098
-0.521236 -0.740166 -0.424815   1.72141
        0         0         0         1

-0.0219506 -0.485957  0.873707  0.936085
-0.862548  0.451076  0.229219   0.57332
-0.505499 -0.748582 -0.429063   1.73978
        0         0         0         1

-0.0183909 -0.488241  0.872515  0.935733
-0.866929  0.442526  0.229355  0.577542
-0.498091 -0.752191 -0.431409   1.74768
        0         0         0         1

-0.0149559  -0.49208  0.870422  0.936003
-0.872192  0.432095  0.229292  0.583038
-0.488935 -0.755746  -0.43565   1.75793
        0         0         0         1

-0.0116356 -0.495059  0.868781  0.936332
-0.875289  0.425121  0.230525  0.587253
-0.483461 -0.757752 -0.438266   1.76706
        0         0         0         1

-0.0105695 -0.498083  0.867065  0.938118
-0.880385  0.415794  0.228119  0.593645
-0.474143  -0.76094 -0.442899   1.77773
        0         0         0         1

-0.00416419 -0.501245  0.865296  0.936746
-0.883998  0.406353  0.231136  0.598363
-0.467472 -0.763957 -0.444792   1.78655
        0         0         0         1

0.00641721 -0.507581   0.86158  0.935542
-0.893561  0.383865  0.232801  0.610946
-0.448896 -0.771368 -0.451091   1.80731
        0         0         0         1

0.00994454 -0.509754  0.860263  0.935393
-0.897902  0.374072  0.232038  0.616888
-0.440083 -0.774739 -0.453989   1.81623
        0         0         0         1

0.0147643  -0.51266  0.858465  0.935042
 -0.90255  0.362672  0.232104  0.624312
-0.430332 -0.778234 -0.457347   1.82767
        0         0         0         1

0.0201372 -0.513464  0.857875   0.93415
-0.906317  0.352896  0.232494  0.630191
-0.422118 -0.782188 -0.458255   1.83733
        0         0         0         1

0.0237878 -0.515717  0.856429  0.934583
-0.911067  0.341498  0.230946  0.638209
-0.411572 -0.785758 -0.461729   1.84943
        0         0         0         1

0.0262733 -0.517784  0.855108  0.935383
-0.915239  0.331577  0.228897  0.645086
-0.402053 -0.788642 -0.465184   1.85847
        0         0         0         1

0.0376079 -0.521407  0.852479  0.933387
-0.922643  0.309542   0.23003  0.659926
-0.383817 -0.795185 -0.469431   1.88369
        0         0         0         1

0.0370549 -0.525848  0.849771  0.935802
-0.926791  0.299952  0.226027  0.667541
-0.373746 -0.795935 -0.476237   1.89394
        0         0         0         1

0.0429918 -0.527869  0.848237  0.934031
-0.931595  0.285555  0.224921  0.676591
-0.360947 -0.799883 -0.479484    1.9061
        0         0         0         1

0.0450514 -0.531124  0.846096  0.934372
-0.934679  0.276552   0.22337  0.683878
-0.352627 -0.800891 -0.483971   1.91712
        0         0         0         1

0.0535258 -0.537355  0.841656  0.932369
-0.941657  0.253317  0.221616  0.701161
-0.332292 -0.804413 -0.492445   1.94272
        0         0         0         1

0.0560655 -0.539176  0.840325  0.931384
-0.945611   0.24144  0.218005  0.709952
-0.320431 -0.806843 -0.496314    1.9529
        0         0         0         1

0.0589507 -0.541764  0.838461   0.93136
-0.948249  0.232128  0.216657  0.718926
-0.312007 -0.807842 -0.500043   1.96797
        0         0         0         1

0.0598086 -0.544117  0.836875  0.933183
-0.951877  0.221371  0.211958  0.728255
-0.300589 -0.809278 -0.504693   1.97865
        0         0         0         1

0.0637439 -0.545833  0.835466  0.932329
-0.956099  0.206539  0.207886  0.738926
-0.286027 -0.812039 -0.508705   1.99109
        0         0         0         1

0.0677244 -0.547676  0.833945  0.931386
-0.959647    0.1929  0.204615  0.749293
-0.272931  -0.81415 -0.512511   2.00066
        0         0         0         1

0.0700438 -0.553947    0.8296  0.932671
-0.966317  0.168777  0.194284  0.771542
 -0.24764 -0.815265 -0.523466   2.02693
        0         0         0         1

0.0759807 -0.553038  0.829684  0.929112
-0.967566  0.160157  0.195362   0.77869
-0.240922 -0.817618 -0.522932   2.04061
        0         0         0         1

0.0826168 -0.553548  0.828709  0.926088
-0.969526  0.147801  0.195381  0.788835
-0.230637 -0.819597 -0.524468   2.05533
        0         0         0         1

0.0814581 -0.554324  0.828305  0.926843
-0.973408  0.134281  0.185593  0.800629
-0.214105 -0.821397 -0.528646    2.0641
        0         0         0         1

0.0878484 -0.553998   0.82787  0.923234
-0.978125  0.109344  0.176964  0.825657
 -0.18856 -0.825306 -0.532273   2.08846
        0         0         0         1

0.0888305  -0.55331  0.828225  0.923162
-0.980197 0.0991867  0.171393  0.836239
-0.176983 -0.827049 -0.533542   2.09981
        0         0         0         1

 0.086447 -0.555392  0.827083  0.926679
-0.982891 0.0879833  0.161814  0.850165
-0.162639 -0.826921 -0.538284   2.11381
        0         0         0         1

0.0824646 -0.557763  0.825893   0.93081
-0.985113 0.0798084  0.152261   0.86259
-0.150839 -0.826154 -0.542878   2.12316
        0         0         0         1

0.0860788 -0.557213  0.825896  0.927979
-0.987172 0.0641828  0.146191  0.876855
-0.134468 -0.827885 -0.544541   2.13435
        0         0         0         1

0.0900697 -0.553637  0.827873  0.924847
-0.987791  0.056428  0.145204  0.886307
-0.127106 -0.830844 -0.541796   2.14737
        0         0         0         1

0.0957433 -0.547699  0.831179   0.91709
-0.990319 0.0319033  0.135097  0.912334
 -0.10051 -0.836067 -0.539342   2.17101
        0         0         0         1

0.0991938 -0.546316  0.831685  0.912599
-0.991209 0.0192882   0.13089  0.924547
-0.087549 -0.837357   -0.5396   2.17985
        0         0         0         1

0.0895687 -0.551561  0.829312  0.921039
-0.993252 0.0121216  0.115337  0.940584
-0.0736679 -0.834046 -0.546754   2.19093
        0         0         0         1

  0.0930872   -0.547732    0.831459    0.914455
  -0.993928 -0.00191259    0.110017    0.953798
 -0.0586694   -0.836652   -0.544584     2.19823
          0           0           0           1

 0.0949633  -0.552666   0.827974   0.911501
 -0.994621 -0.0181227    0.10198    0.97856
-0.0413557  -0.833205  -0.551415    2.22514
         0          0          0          1

 0.0909545  -0.555758   0.826354   0.915268
 -0.995223 -0.0211718  0.0953026   0.990082
-0.0354697  -0.831075  -0.555028    2.23701
         0          0          0          1

 0.0876664  -0.554753   0.827384   0.916497
 -0.996058 -0.0375546  0.0803585    1.01141
-0.0135071  -0.831167  -0.555859    2.24211
         0          0          0          1

 0.0948759  -0.550061   0.829718   0.905452
 -0.995469 -0.0471437  0.0825752    1.02178
-0.00630539  -0.833793  -0.552042     2.2528
         0          0          0          1

 0.0957108  -0.548456   0.830684   0.898679
 -0.995164 -0.0712303  0.0676326    1.05375
 0.0220764   -0.83314  -0.552621     2.2683
         0          0          0          1

 0.0943243  -0.552367   0.828248   0.899846
 -0.995038 -0.0787537  0.0607975    1.06595
  0.031645  -0.829873  -0.557054    2.28045
         0          0          0          1

  0.094251  -0.549262   0.830318   0.894604
 -0.994857 -0.0830465  0.0579922    1.07827
 0.0371021  -0.831513  -0.554264    2.29558
         0          0          0          1

 0.0888789  -0.550371   0.830176   0.895578
 -0.994698 -0.0923385  0.0452762    1.09418
 0.0517385  -0.829799   -0.55566    2.29833
         0          0          0          1

0.0883407  -0.55323  0.828331  0.894249
-0.993951 -0.103429 0.0369256   1.11206
0.0652448 -0.826583 -0.559021   2.30896
        0         0         0         1

0.0757383 -0.558937  0.825744  0.906999
-0.994193 -0.105817 0.0195626   1.12802
0.0764432 -0.822431 -0.563706   2.31401
        0         0         0         1

  0.0682894   -0.559507    0.826008    0.907926
  -0.992143   -0.125077 -0.00269759     1.16449
   0.104824   -0.819334   -0.563652     2.32897
          0           0           0           1

    0.06886   -0.555097    0.828931    0.901013
  -0.990799   -0.135093 -0.00815932     1.17806
   0.116512   -0.820742   -0.559292     2.33343
          0           0           0           1

 0.0691727  -0.551819    0.83109   0.889774
 -0.991086  -0.133096 -0.0058826    1.18542
  0.113861  -0.823274  -0.556107     2.3506
         0          0          0          1

