 -0.249084   -0.73732   0.627947   0.741527
 -0.961082   0.268183 -0.0663324    1.04148
 -0.119497   -0.62003  -0.775424    2.35654
         0          0          0          1

 -0.239741  -0.734913   0.634371   0.743624
  -0.96259   0.264928 -0.0568648    1.02496
 -0.126272  -0.624272  -0.770934    2.34488
         0          0          0          1

 -0.229718  -0.732843   0.640446   0.749037
 -0.962702    0.26775 -0.0389283    1.00003
 -0.142951  -0.625501  -0.767016    2.33335
         0          0          0          1

 -0.219733  -0.734812   0.641692   0.752136
 -0.964381   0.262905 -0.0291733   0.985112
 -0.147267  -0.625246  -0.766408    2.32084
         0          0          0          1

  -0.208741   -0.734337    0.645892    0.756186
  -0.963815    0.266436 -0.00856758    0.958326
  -0.165797   -0.624308   -0.763381     2.30957
          0           0           0           1

   -0.205794     -0.73513     0.645936     0.763719
   -0.963057     0.269299 -0.000343003     0.943278
   -0.173697    -0.622143    -0.763392      2.29542
           0            0            0            1

-0.188792 -0.741322  0.644049  0.776131
-0.960128  0.277042 0.0374389  0.896123
-0.206183 -0.611302 -0.764067    2.2754
        0         0         0         1

-0.181235 -0.743637  0.643551  0.779067
-0.960497   0.27437 0.0465486  0.880873
-0.211187 -0.609693 -0.763986   2.25917
        0         0         0         1

-0.170676 -0.744846  0.645038  0.781275
-0.957912  0.278781  0.068455  0.855884
-0.230813 -0.606206 -0.761078   2.24521
        0         0         0         1

-0.161039 -0.744769    0.6476  0.781764
-0.955132  0.282868 0.0877971  0.835501
-0.248574 -0.604405 -0.756905   2.23715
        0         0         0         1

-0.147024 -0.743814  0.652016  0.789428
-0.950932  0.287714  0.113795  0.795753
-0.272236 -0.603292 -0.749617   2.20461
        0         0         0         1

-0.142765 -0.742944  0.653951  0.795519
-0.948691  0.291064  0.123563  0.780815
-0.282142 -0.602757 -0.746378   2.19013
        0         0         0         1

-0.130048 -0.739043  0.660986  0.797378
 -0.94458  0.295011  0.144005  0.758704
-0.301423 -0.605627 -0.736451   2.17285
        0         0         0         1

-0.124811 -0.738708  0.662369  0.801408
 -0.94131   0.29918  0.156289  0.742255
-0.313619 -0.603988 -0.732695   2.15959
        0         0         0         1

-0.111539 -0.733391  0.670594  0.800242
-0.936275  0.303735  0.176449   0.71993
-0.333089  -0.60818 -0.720534    2.1414
        0         0         0         1

-0.108836 -0.735573  0.668646  0.807019
 -0.93172  0.309939  0.189305  0.704626
-0.346487 -0.602387  -0.71908   2.12965
        0         0         0         1

-0.0922005 -0.731675  0.675389   0.81638
-0.921265  0.320065  0.220972    0.6685
-0.377848 -0.601839 -0.703577   2.09574
        0         0         0         1

-0.0902749 -0.732038  0.675256  0.823797
-0.916404  0.326531  0.231475  0.655114
-0.389941 -0.597911  -0.70032   2.08188
        0         0         0         1

-0.0868085 -0.728596  0.679421  0.827881
-0.911338  0.333554  0.241256  0.636845
-0.402402 -0.598239 -0.692952   2.06377
        0         0         0         1

-0.0902208 -0.726665  0.681042  0.832618
 -0.90775   0.34131  0.243921  0.623937
-0.409696 -0.596209 -0.690424   2.04932
        0         0         0         1

-0.0934785 -0.723554  0.683909  0.842177
-0.897825  0.358152  0.256196   0.59253
-0.430315 -0.590082 -0.683104   2.01703
        0         0         0         1

-0.0909206 -0.721245  0.686687  0.844405
-0.893537  0.363528  0.263514  0.579785
-0.439688 -0.589621 -0.677511   2.00367
        0         0         0         1

-0.0889922 -0.717501  0.690849  0.849715
-0.887433  0.372058  0.272096   0.56446
-0.452265 -0.588868 -0.669844   1.98506
        0         0         0         1

-0.0861574 -0.715538   0.69324  0.853421
-0.881243  0.379324  0.282002   0.55162
-0.464746 -0.586616 -0.663244   1.97275
        0         0         0         1

-0.0819644 -0.711638  0.697749   0.85763
-0.873874  0.387935  0.293004  0.536012
-0.479194 -0.585728 -0.653678   1.95591
        0         0         0         1

-0.0797439 -0.709261  0.700421  0.861429
-0.868683  0.394079  0.300152  0.525051
-0.488908 -0.584509 -0.647548    1.9418
        0         0         0         1

-0.0737187 -0.705331  0.705034  0.869565
-0.855518   0.40803  0.318749  0.498336
-0.512499 -0.579671 -0.633503    1.9083
        0         0         0         1

-0.0737904 -0.705416  0.704942  0.873716
-0.850231  0.413935  0.325215   0.48828
-0.521212 -0.575366 -0.630311   1.89527
        0         0         0         1

-0.0759982 -0.706851  0.703268  0.879574
-0.843266  0.421943  0.332966  0.475606
-0.532096 -0.567738  -0.62813   1.87886
        0         0         0         1

-0.078376 -0.708771  0.701071   0.88387
-0.837758  0.428017  0.339061  0.466185
-0.540387 -0.560754 -0.627325   1.86625
        0         0         0         1

-0.0819103 -0.714588  0.694733  0.893596
-0.825835  0.438896  0.354071  0.444501
-0.557931 -0.544733 -0.626082    1.8356
        0         0         0         1

-0.0844858 -0.716906  0.692032  0.898292
-0.820683  0.443946   0.35971  0.436436
-0.565103 -0.537549 -0.625859   1.82349
        0         0         0         1

-0.0867187 -0.718994  0.689585  0.904259
-0.815008  0.449274  0.365943  0.426361
-0.572924 -0.530284 -0.624946   1.80774
        0         0         0         1

-0.0872866 -0.720466  0.687975  0.908339
-0.809876   0.45346  0.372123  0.418779
-0.580071 -0.524693 -0.623069   1.79613
        0         0         0         1

-0.088356 -0.722721  0.685469  0.914108
-0.803803  0.458165  0.379455  0.409526
-0.588298 -0.517455 -0.621407   1.78062
        0         0         0         1

 -0.08826 -0.724535  0.683563  0.917715
-0.799405  0.460934  0.385345  0.402608
-0.594274 -0.512433 -0.619879   1.76918
        0         0         0         1

-0.0912012 -0.728126  0.679349  0.928345
-0.786544   0.47107  0.399301  0.386446
-0.610762 -0.497922 -0.615665   1.74319
        0         0         0         1

-0.0918568 -0.728688  0.678657  0.932279
-0.782162  0.474592  0.403713  0.380506
-0.616266 -0.493737 -0.613547   1.73268
        0         0         0         1

-0.0934024 -0.729003  0.678108  0.937565
-0.776196  0.479862  0.408965  0.373151
-0.623535 -0.488146  -0.61067   1.71943
        0         0         0         1

-0.0942461 -0.728606  0.678418   0.94134
-0.772006  0.483756  0.412296  0.368079
 -0.62859 -0.484885  -0.60808   1.70962
        0         0         0         1

-0.0958789 -0.726924  0.679991  0.951037
-0.761277  0.493675  0.420408  0.356391
-0.641299 -0.477353 -0.600724    1.6867
        0         0         0         1

-0.0960229 -0.726415  0.680515  0.954466
 -0.75704  0.497188  0.423903  0.352028
-0.646274 -0.474473 -0.597667     1.678
        0         0         0         1

-0.0974498  -0.72504  0.681778  0.959441
-0.751928   0.50242  0.426824  0.347031
-0.652003 -0.471054 -0.594138   1.66666
        0         0         0         1

-0.0965695 -0.723562  0.683471  0.962735
-0.748628  0.505324   0.42919  0.343346
 -0.65592 -0.470218 -0.590478   1.65814
        0         0         0         1

-0.0978813  -0.72067  0.686333  0.967942
 -0.74317  0.511612  0.431221  0.338818
-0.661904 -0.467854 -0.585658   1.64796
        0         0         0         1

-0.0972783 -0.717891  0.689326  0.971207
-0.740064   0.51528  0.432194  0.335735
-0.665463 -0.468102 -0.581411   1.64024
        0         0         0         1

-0.0951574  -0.71213  0.695569  0.978873
-0.731864  0.523688  0.436035  0.328664
-0.674775 -0.467569 -0.571015    1.6232
        0         0         0         1

-0.0925706 -0.708002  0.700117  0.981735
-0.729259  0.526954  0.436465  0.326321
-0.677947 -0.470162 -0.565097   1.61629
        0         0         0         1

-0.0889057 -0.702925  0.705686  0.985361
 -0.72604  0.530762  0.437216  0.323549
-0.681881 -0.473485 -0.557539    1.6077
        0         0         0         1

-0.0880027 -0.699931  0.708768  0.988667
-0.722999  0.534335  0.437903  0.321563
-0.685221 -0.473902 -0.553072   1.60214
        0         0         0         1

-0.0827543 -0.693746   0.71545  0.995599
-0.717345  0.539818  0.440469   0.31719
-0.691786 -0.476774 -0.542327    1.5884
        0         0         0         1

-0.0804977 -0.692126  0.717273  0.998338
 -0.71485  0.541576  0.442363  0.315525
-0.694629 -0.477134 -0.538362   1.58346
        0         0         0         1

-0.0783177 -0.691037  0.718564   1.00189
-0.712053  0.543242  0.444824  0.313637
-0.697744 -0.476818 -0.534601   1.57729
        0         0         0         1

-0.075974  -0.69127  0.718592   1.00441
 -0.71089  0.542899  0.447097  0.312312
-0.699188 -0.476872 -0.532663   1.57243
        0         0         0         1

-0.0742089 -0.691681  0.718381   1.00792
 -0.70904  0.543152  0.449721  0.311012
-0.701253 -0.475987 -0.530736   1.56675
        0         0         0         1

-0.0725673 -0.692334  0.717919   1.01033
 -0.70696  0.543451  0.452624  0.309844
 -0.70352 -0.474695 -0.528889   1.56295
        0         0         0         1

-0.0686329 -0.694578  0.716136   1.01593
-0.703935  0.542378  0.458587  0.307921
-0.706941 -0.472639 -0.526162   1.55348
        0         0         0         1

-0.067048 -0.696366  0.714548   1.01787
 -0.70311  0.541099  0.461356  0.307358
-0.707913 -0.471473 -0.525901   1.54993
        0         0         0         1

-0.0657255 -0.699168   0.71193   1.02021
-0.701443  0.539814   0.46538  0.306623
-0.709689 -0.468791 -0.525906   1.54601
        0         0         0         1

-0.0653165 -0.701626  0.709545   1.02171
-0.699768  0.539124   0.46869  0.306124
-0.711378 -0.465904 -0.526189   1.54316
        0         0         0         1

-0.0655827 -0.707046   0.70412   1.02523
-0.696344  0.537841  0.475218  0.305388
-0.714705 -0.459143 -0.527621    1.5366
        0         0         0         1

-0.0656194 -0.708898  0.702252   1.02633
-0.695099  0.537399  0.477534  0.305229
-0.715913 -0.456799 -0.528018   1.53435
        0         0         0         1

-0.0644774 -0.708835  0.702421   1.02723
-0.693698  0.537839  0.479074  0.305038
-0.717374 -0.456378 -0.526396   1.53149
        0         0         0         1

-0.0636868 -0.710004  0.701312   1.02775
-0.693348  0.536919  0.480611   0.30495
-0.717783 -0.455644 -0.526475   1.52937
        0         0         0         1

-0.0638148 -0.712472  0.698792   1.02871
-0.692035  0.536105  0.483403  0.304764
-0.719037 -0.452741 -0.527267    1.5272
        0         0         0         1

-0.063463 -0.712647  0.698647   1.02923
-0.691739  0.536018  0.483923  0.304735
-0.719354  -0.45257 -0.526983    1.5254
        0         0         0         1

-0.0640978 -0.714769  0.696417   1.03003
-0.690055  0.535873  0.486482  0.304492
-0.720913 -0.449384 -0.527578    1.5224
        0         0         0         1

-0.0653258  -0.71557   0.69548   1.03031
-0.689632   0.53611   0.48682  0.304484
-0.721207 -0.447823 -0.528502    1.5215
        0         0         0         1

-0.0662618 -0.716908  0.694011   1.03001
-0.689569  0.535617  0.487451  0.304461
-0.721182  -0.44627 -0.529849   1.52035
        0         0         0         1

-0.0669789 -0.717346   0.69349    1.0298
-0.689338  0.535764  0.487616  0.304513
-0.721337  -0.44539 -0.530379   1.51966
        0         0         0         1

-0.0668192 -0.715327  0.695588   1.02919
-0.688634  0.537546   0.48665  0.305195
-0.722024 -0.446488 -0.528517   1.51856
        0         0         0         1

-0.0657241 -0.713239  0.697833    1.0287
-0.688364  0.538697  0.485758  0.305617
-0.722382 -0.448437 -0.526373   1.51847
        0         0         0         1

-0.0640718 -0.710488  0.700787   1.02808
  -0.6885  0.539807  0.484331  0.306301
-0.722401  -0.45146 -0.523757   1.51843
        0         0         0         1

-0.0630963  -0.70909  0.702289   1.02778
-0.688417  0.540402  0.483785   0.30698
-0.722566 -0.452943 -0.522247   1.51867
        0         0         0         1

-0.0614182 -0.708352  0.703183   1.02724
-0.688259  0.540284  0.484141  0.307872
-0.722861 -0.454236 -0.520712   1.51899
        0         0         0         1

-0.0607067 -0.708307  0.703289     1.027
 -0.68805  0.540138  0.484601  0.308739
-0.723119  -0.45448 -0.520141   1.51934
        0         0         0         1

-0.0604062 -0.707454  0.704174   1.02574
-0.686593  0.541511  0.485135   0.31143
-0.724528 -0.454176 -0.518444   1.52036
        0         0         0         1

-0.0602807 -0.706064  0.705577   1.02478
 -0.68605  0.542753  0.484515  0.313277
-0.725053 -0.454854 -0.517113   1.52076
        0         0         0         1

-0.0601479 -0.704333  0.707317   1.02326
-0.685293  0.544357  0.483786  0.315933
 -0.72578  -0.45562 -0.515417   1.52177
        0         0         0         1

-0.0601533 -0.703459  0.708186   1.02202
-0.685522  0.544812  0.482947  0.318121
-0.725562 -0.456427 -0.515009   1.52273
        0         0         0         1

-0.0585845 -0.701638  0.710121   1.01867
-0.687159  0.544342  0.481149  0.323928
-0.724141 -0.459778 -0.514027   1.52613
        0         0         0         1

-0.0573656 -0.701004  0.710846   1.01719
-0.687928  0.543756  0.480712  0.326517
-0.723508 -0.461435 -0.513434   1.52821
        0         0         0         1

-0.0552918 -0.700178  0.711824   1.01509
-0.689639  0.542322   0.47988  0.330201
-0.722039 -0.464369 -0.512856   1.53138
        0         0         0         1

-0.0528573 -0.699572  0.712605   1.01315
-0.692051  0.540111    0.4789  0.333291
-0.719911 -0.467846 -0.512688     1.534
        0         0         0         1

-0.0488108 -0.698609  0.713836   1.01049
-0.695162  0.536943  0.477956  0.337256
-0.717194 -0.472903 -0.511855   1.53823
        0         0         0         1

-0.045675 -0.697518   0.71511   1.00864
-0.698251  0.534231   0.47649  0.340739
-0.714394 -0.477563 -0.511444   1.54186
        0         0         0         1

-0.0360931 -0.695139  0.717969   1.00313
-0.705735  0.526395  0.474179  0.349449
-0.707556 -0.489581 -0.509583   1.55241
        0         0         0         1

-0.0304539 -0.693711  0.719609   1.00015
-0.708888  0.522543  0.473737  0.353263
-0.704663 -0.495695 -0.507677   1.55745
        0         0         0         1

-0.0233372 -0.691121  0.722362  0.996431
-0.713972  0.517296  0.471857   0.35873
-0.699785 -0.504735 -0.505513   1.56383
        0         0         0         1

-0.0173717 -0.688654  0.724882  0.993346
-0.717986  0.513146  0.470294  0.363204
 -0.69584 -0.512286 -0.503359   1.56927
        0         0         0         1

-0.0029542 -0.683079  0.730339  0.985306
-0.728369  0.501887  0.466463  0.375128
-0.685178 -0.530578 -0.499016    1.5841
        0         0         0         1

0.00356685  -0.68117  0.732117   0.98118
-0.732966  0.496252   0.46529   0.38025
-0.680256 -0.538276 -0.497505   1.59095
        0         0         0         1

0.0104158 -0.678766  0.734281  0.976309
-0.739323  0.489196  0.462698  0.387247
-0.673271  -0.54769 -0.496732   1.60011
        0         0         0         1

0.0153543 -0.677705  0.735173  0.972544
-0.744175  0.483325  0.461087  0.392988
-0.667809 -0.554177  -0.49691   1.60789
        0         0         0         1

  0.02169 -0.676636  0.735998   0.96727
-0.750998  0.474922  0.458749  0.400711
-0.659948 -0.562683 -0.497852   1.61815
        0         0         0         1

0.0268493 -0.675847  0.736553  0.962844
 -0.75623  0.468139  0.457123  0.406856
-0.653754 -0.569277 -0.498527   1.62664
        0         0         0         1

0.0401328 -0.674981  0.736743  0.950826
-0.769893  0.449107  0.453396  0.423076
 -0.63691  -0.58541 -0.501639   1.64855
        0         0         0         1

 0.044493 -0.673716   0.73765  0.946025
-0.775908    0.4418  0.450309  0.430346
-0.629275 -0.592384 -0.503085   1.65801
        0         0         0         1

0.0497588 -0.672191  0.738704  0.939943
-0.782693  0.433196  0.446914  0.440158
-0.620415 -0.600416 -0.504564   1.67109
        0         0         0         1

 0.054196 -0.670552  0.739881  0.934856
-0.787915  0.426458  0.444212  0.448094
-0.613395 -0.607038 -0.505225   1.68173
        0         0         0         1

0.0642078 -0.665888  0.743283  0.922747
-0.802535  0.408241  0.435059  0.469666
-0.593139 -0.624445 -0.508187   1.70632
        0         0         0         1

0.0679459 -0.664914  0.743823  0.917614
-0.807194  0.401536  0.432673  0.478635
-0.586362 -0.629808 -0.509432   1.71781
        0         0         0         1

0.0717757 -0.663827  0.744434  0.911142
-0.814232  0.392082  0.428133  0.491278
-0.576085 -0.636872 -0.512367   1.73184
        0         0         0         1

0.0732613 -0.662964  0.745058  0.906892
-0.819172  0.386111  0.424116  0.501241
-0.568849 -0.641402 -0.514795   1.74314
        0         0         0         1

0.0780682 -0.661095   0.74623  0.900153
 -0.82579   0.37648   0.41992   0.51489
-0.558548 -0.649012 -0.516535   1.75746
        0         0         0         1

0.0811961 -0.660526  0.746399  0.894659
-0.829826  0.370009  0.417711  0.525062
-0.552084 -0.653298 -0.518079   1.76954
        0         0         0         1

0.0858358 -0.657408   0.74863  0.881367
-0.843427   0.35203  0.405839  0.553656
-0.530342  -0.66625 -0.524259   1.79727
        0         0         0         1

0.0889243 -0.655614  0.749842  0.875012
-0.848608  0.344288   0.40166   0.56523
-0.521496 -0.672039 -0.525743   1.80856
        0         0         0         1

0.0877288 -0.655533  0.750053  0.869203
-0.854324  0.337708  0.395075  0.580872
-0.512283 -0.675448 -0.530411   1.82535
        0         0         0         1

0.0907195 -0.654976  0.750184  0.862117
-0.857996  0.331023  0.392769  0.592451
-0.505582 -0.679286 -0.531937    1.8382
        0         0         0         1

0.0919575 -0.652924   0.75182  0.848867
-0.869029  0.315985  0.380713  0.624041
-0.486141 -0.688363 -0.538353   1.86759
        0         0         0         1

0.0934675 -0.651528  0.752845  0.843056
-0.874516  0.307715  0.374877  0.638038
-0.475904 -0.693414 -0.541011   1.87799
        0         0         0         1

0.0922688 -0.651328  0.753165  0.837081
-0.879535  0.301287    0.3683  0.655688
-0.466803 -0.696418 -0.545067    1.8947
        0         0         0         1

0.0917436 -0.651472  0.753105  0.831545
-0.883429  0.295737  0.363447  0.669523
-0.459496 -0.698658 -0.548397   1.90761
        0         0         0         1

0.0910377 -0.651401  0.753253  0.824789
-0.887056  0.290724  0.358623  0.686907
-0.452596 -0.700826 -0.551362   1.92616
        0         0         0         1

0.0852251  -0.65158  0.753777  0.822224
-0.892737  0.286008  0.348167  0.702852
-0.442445 -0.702597 -0.557315   1.93762
        0         0         0         1

 0.082392 -0.648444  0.756791  0.807972
-0.903845  0.271293  0.330855  0.739764
-0.419853 -0.711281  -0.56374   1.96609
        0         0         0         1

 0.077806 -0.649162   0.75666  0.803234
 -0.90828  0.266774  0.322271  0.755632
-0.411064 -0.712334 -0.568865   1.97793
        0         0         0         1

0.0733147 -0.649487   0.75683  0.798161
 -0.91328  0.261162  0.312591  0.776545
-0.400679 -0.714116 -0.574017    1.9936
        0         0         0         1

0.0684427 -0.651296  0.755731   0.79324
-0.916559   0.25811  0.305449  0.791531
-0.393999 -0.713578 -0.579285   2.00631
        0         0         0         1

   0.0605 -0.651858  0.755924  0.778428
-0.925022  0.247949  0.287848  0.829906
-0.375067 -0.716661 -0.587981   2.03668
        0         0         0         1

0.0520907 -0.652077  0.756361  0.775971
-0.929373  0.245508  0.275665  0.847191
-0.365448 -0.717301 -0.593234   2.04872
        0         0         0         1

0.0461751 -0.651979   0.75683  0.766229
-0.936819  0.234731  0.259368  0.870536
-0.346754 -0.720989 -0.599948   2.05798
        0         0         0         1

0.0429466 -0.648764  0.759777  0.757369
 -0.93902   0.23348  0.252444  0.884818
 -0.34117 -0.724287 -0.599176   2.07249
        0         0         0         1

0.0277421 -0.651283  0.758327  0.753754
-0.944285  0.231816  0.233638   0.90706
-0.327957 -0.722559 -0.608566   2.08804
        0         0         0         1

0.0174566 -0.651299   0.75862  0.749258
-0.946962  0.232723  0.221591  0.923542
 -0.32087 -0.722253 -0.612693   2.10056
        0         0         0         1

-0.00699215  -0.65724  0.753649  0.744333
-0.956318  0.224656  0.187045  0.969006
-0.292245  -0.71942 -0.630101   2.12409
        0         0         0         1

-0.015575 -0.660497  0.750667  0.739659
-0.959161  0.221933  0.175374  0.986602
-0.282432 -0.717279 -0.636979   2.13581
        0         0         0         1

-0.0308473 -0.661139  0.749629  0.735901
-0.961927    0.2234  0.157445    1.0075
 -0.27156 -0.716231 -0.642859   2.15283
        0         0         0         1

-0.0331805 -0.660278  0.750288  0.725222
-0.964061  0.219139  0.150215   1.02344
-0.263601 -0.718339 -0.643819   2.16134
        0         0         0         1

-0.0512888 -0.663633  0.746298  0.724242
-0.967981  0.216905  0.126355   1.05038
-0.245729 -0.715921 -0.653509   2.17164
        0         0         0         1

-0.0613084 -0.661522  0.747415  0.719091
-0.970639  0.214017  0.109804   1.07106
-0.232597 -0.718738  -0.65522   2.17926
        0         0         0         1

-0.0893179  -0.66056  0.745441  0.711255
-0.973114  0.217406 0.0760538   1.11244
-0.212302 -0.718606 -0.662219   2.20392
        0         0         0         1

-0.090211 -0.657462  0.748068  0.697976
-0.974708  0.212495 0.0692153   1.12785
-0.204467 -0.722904 -0.660002   2.21195
        0         0         0         1

-0.111763 -0.663191  0.740059  0.700049
-0.975842  0.213932 0.0443412    1.1553
-0.187729 -0.717225 -0.671079   2.22388
        0         0         0         1

-0.127413 -0.664292  0.736534  0.702445
-0.975433  0.218472 0.0283041   1.17436
-0.179714 -0.714833 -0.675808   2.23496
        0         0         0         1

-0.147625 -0.668992  0.728462  0.685222
-0.973674  0.227641  0.011738   1.20847
 -0.17368 -0.707552 -0.684986    2.2676
        0         0         0         1

