-0.00407985 -0.655421  0.755252  0.495775
-0.998453 0.0445446  0.033263   1.08334
-0.0554437 -0.753949  -0.65459   1.63697
        0         0         0         1

-0.00590478 -0.658831  0.752268  0.496116
-0.996779  0.064047 0.0482679   1.07119
-0.0799809  -0.74956 -0.657087   1.63612
        0         0         0         1

-0.0169742 -0.661394  0.749847  0.496564
-0.995014 0.0848883 0.0523506   1.05695
-0.0982776  -0.74522 -0.659537   1.63261
        0         0         0         1

-0.021234 -0.660233  0.750761  0.494466
-0.993735 0.0963539 0.0566293   1.04435
-0.109727 -0.744855 -0.658142   1.63036
        0         0         0         1

-0.0320664  -0.65636  0.753766  0.497608
-0.990465  0.121961 0.0640646    1.0195
-0.133979 -0.744525 -0.654013   1.61699
        0         0         0         1

-0.0361683 -0.658568  0.751651  0.502817
-0.988014  0.136512 0.0720647   1.01093
-0.150069 -0.740035 -0.655612   1.61283
        0         0         0         1

-0.0303829   -0.6632  0.747825  0.499838
-0.982561  0.157127 0.0994265  0.994092
-0.183443 -0.731763 -0.656408    1.6146
        0         0         0         1

-0.0336334  -0.66485  0.746219  0.503992
-0.978878  0.172565  0.109628  0.984819
-0.201658 -0.726771 -0.656611   1.61558
        0         0         0         1

-0.0176855 -0.662369  0.748969  0.501025
 -0.96841    0.1977  0.151974  0.953588
-0.248734 -0.722621 -0.644942   1.60995
        0         0         0         1

-0.0172402 -0.661245  0.749972  0.501789
-0.965968   0.20463  0.158215  0.943825
-0.258085 -0.721721  -0.64227   1.60685
        0         0         0         1

-0.0188589 -0.662437   0.74888  0.500069
-0.962529   0.21469  0.165669  0.928394
-0.270522 -0.717694 -0.641664   1.60463
        0         0         0         1

-0.0251367 -0.658069  0.752538  0.500837
-0.961413  0.222208  0.162199  0.919649
-0.273958 -0.719423 -0.638261   1.60039
        0         0         0         1

-0.0300101 -0.654837  0.755174  0.498069
-0.959704  0.230066   0.16136  0.903941
-0.279404 -0.719901 -0.635355   1.59728
        0         0         0         1

-0.0374108 -0.651727  0.757531  0.499273
-0.958304  0.238301  0.157692   0.89372
-0.283293 -0.720045 -0.633467   1.59398
        0         0         0         1

-0.0487672 -0.647095  0.760848  0.498632
-0.954214  0.255262  0.155937  0.867119
-0.295122 -0.718407 -0.629916   1.58871
        0         0         0         1

-0.0479045 -0.649286  0.759034   0.49515
-0.952556  0.258364  0.160889  0.854539
 -0.30057 -0.715315 -0.630858   1.58592
        0         0         0         1

-0.0537695 -0.649833  0.758172  0.497802
 -0.95054  0.265916  0.160506  0.842754
-0.305912 -0.712043 -0.631991   1.58158
        0         0         0         1

-0.0532397 -0.650981  0.757225  0.497352
-0.947197  0.273037  0.168132  0.831235
-0.316201  -0.70829 -0.631144   1.58019
        0         0         0         1

-0.0519112 -0.648707  0.759265  0.490445
-0.942993  0.282115  0.176563  0.801674
-0.328738 -0.706817 -0.626372   1.57016
        0         0         0         1

-0.0548563 -0.649257  0.758588    0.4901
-0.940468  0.288816  0.179182  0.790816
-0.335427 -0.703598 -0.626449   1.56938
        0         0         0         1

-0.0603671 -0.645147   0.76167  0.489896
 -0.93872  0.296114  0.176414  0.778362
-0.339354 -0.704345 -0.623488   1.56444
        0         0         0         1

-0.0632061 -0.642642  0.763555   0.48977
-0.937583  0.300396  0.175215  0.767723
-0.341969 -0.704821 -0.621518   1.56087
        0         0         0         1

-0.071144  -0.63469  0.769485  0.487081
-0.933626  0.313923  0.172611  0.741694
-0.351114 -0.706131 -0.614897   1.55398
        0         0         0         1

-0.0683115 -0.628274  0.774988  0.484231
-0.932666  0.316016   0.17398  0.730089
-0.354215 -0.710919 -0.607557   1.54882
        0         0         0         1

-0.064873 -0.622553  0.779884  0.481701
-0.931843    0.3174  0.175855  0.715924
-0.357014 -0.715321 -0.600713   1.54217
        0         0         0         1

-0.0642957 -0.617943   0.78359  0.481063
-0.930748  0.320369  0.176274  0.706403
-0.359965  -0.71799 -0.595747   1.53805
        0         0         0         1

-0.0637647 -0.609932  0.789884  0.479972
 -0.92977  0.323871  0.175029  0.692812
-0.362576  -0.72325 -0.587748   1.53125
        0         0         0         1

-0.0653142 -0.605064  0.793493   0.47863
-0.927948  0.329242  0.174676  0.682977
-0.366942 -0.724912 -0.582973   1.52844
        0         0         0         1

-0.0677221 -0.589962  0.804586  0.477485
-0.926463   0.33645  0.168721   0.66057
-0.370242 -0.733993 -0.569363   1.51638
        0         0         0         1

-0.065294 -0.586023   0.80766  0.475297
-0.925414  0.338344  0.170682   0.65067
 -0.37329 -0.736275 -0.564405   1.51293
        0         0         0         1

-0.0641515 -0.577862  0.813609  0.473498
-0.924153  0.342071  0.170086  0.638563
-0.376599 -0.740988 -0.555977   1.50688
        0         0         0         1

-0.0575939 -0.574479  0.816491  0.470505
 -0.92325  0.341832  0.175387  0.628038
-0.379859 -0.743724 -0.550075   1.50248
        0         0         0         1

-0.0549556 -0.564513  0.823592  0.467061
-0.921837  0.345623  0.175388  0.605309
-0.383661  -0.74958 -0.539383   1.49347
        0         0         0         1

-0.0547361 -0.560967  0.826027  0.466569
-0.921256   0.34742  0.174892  0.597196
-0.385086 -0.751409 -0.535811   1.48955
        0         0         0         1

-0.0503006 -0.555868  0.829747  0.462848
-0.919806  0.349486  0.178369  0.583911
-0.389135 -0.754235  -0.52887   1.48398
        0         0         0         1

-0.0502696  -0.55125  0.832825  0.461702
-0.919576  0.350906   0.17676  0.575865
-0.389682  -0.75696 -0.524556   1.48054
        0         0         0         1

-0.0499653 -0.546096  0.836231  0.460789
 -0.91956  0.351899  0.174862  0.565094
 -0.38976 -0.760227 -0.519751   1.47576
        0         0         0         1

-0.049287 -0.544294  0.837445  0.460914
-0.919569  0.351981  0.174649  0.558757
-0.389825 -0.761481 -0.517864   1.47313
        0         0         0         1

-0.0463838 -0.537513  0.841979  0.459617
-0.920461  0.350451  0.173018  0.539216
-0.388072 -0.766984 -0.511015   1.46217
        0         0         0         1

-0.0441071  -0.53546  0.843408  0.457707
-0.920845  0.349185  0.173533  0.531202
-0.387425 -0.768994 -0.508478   1.45875
        0         0         0         1

-0.0425834 -0.533747  0.844572  0.456453
-0.921326  0.347958  0.173447   0.52037
-0.386453  -0.77074 -0.506572   1.45538
        0         0         0         1

-0.0410655 -0.530321  0.846802  0.454868
-0.922118   0.34645  0.172251  0.512746
-0.384722 -0.773778 -0.503246   1.45209
        0         0         0         1

-0.0411293 -0.526912  0.848924  0.453258
-0.923189  0.344997  0.169406  0.502988
-0.382139  -0.77675 -0.500629   1.44868
        0         0         0         1

-0.0409528 -0.520965  0.852595  0.452759
-0.924777  0.342842  0.165068  0.496418
  -0.3783   -0.7817 -0.495817   1.44462
        0         0         0         1

-0.0480268 -0.506673  0.860799  0.451879
-0.927989  0.341433  0.149195  0.480312
-0.369498 -0.791647 -0.486585     1.439
        0         0         0         1

-0.0453327  -0.50224  0.863539  0.450487
-0.929592  0.337735  0.147629  0.473502
-0.365793 -0.796046 -0.482189   1.43551
        0         0         0         1

-0.0458049 -0.497199  0.866426  0.449376
-0.932041  0.333359  0.142024  0.464935
-0.359445  -0.80104  -0.47868    1.4314
        0         0         0         1

-0.0493615  -0.49532  0.867307  0.449893
-0.933658   0.33131  0.136074  0.459549
-0.354747 -0.803052 -0.478814   1.42974
        0         0         0         1

-0.051351 -0.493848  0.868031  0.449037
-0.936576   0.32554  0.129803  0.444146
-0.346682 -0.806311 -0.479243    1.4261
        0         0         0         1

-0.0514928 -0.494304  0.867763  0.449537
-0.937744  0.322792  0.128227   0.43911
 -0.34349 -0.807136 -0.480152   1.42424
        0         0         0         1

-0.0537752 -0.492346  0.868737  0.449548
-0.939767  0.319054  0.122648  0.432307
-0.337559 -0.809815 -0.479847   1.42166
        0         0         0         1

-0.0496834  -0.49169  0.869352   0.44894
-0.940539  0.315886  0.124908  0.426667
-0.336032 -0.811454 -0.478148   1.41886
        0         0         0         1

-0.0440618 -0.493363  0.868707   0.45024
-0.940558  0.313603  0.130398  0.420009
-0.336763 -0.811323 -0.477855   1.41699
        0         0         0         1

-0.0429166 -0.493761  0.868538  0.449746
-0.941333  0.311255  0.130433  0.414838
-0.334739 -0.811986 -0.478151   1.41591
        0         0         0         1

-0.0391001 -0.489232  0.871277  0.448206
-0.944149  0.303598  0.128103  0.401265
 -0.32719 -0.817607 -0.473779   1.41136
        0         0         0         1

-0.0368043 -0.488258  0.871923  0.448536
-0.944778  0.301316  0.128851  0.396934
-0.325637 -0.819032 -0.472385   1.40974
        0         0         0         1

-0.0351771 -0.489719   0.87117  0.449505
-0.945013  0.299898  0.130426  0.391406
-0.325134  -0.81868  -0.47334   1.40879
        0         0         0         1

-0.0336662 -0.491974  0.869959  0.450065
-0.944818  0.299475  0.132795  0.387035
-0.325863 -0.817481 -0.474908   1.40831
        0         0         0         1

-0.0317114 -0.497074  0.867129  0.449861
-0.945194  0.296985  0.135678  0.375265
-0.324966 -0.815302 -0.479249   1.40742
        0         0         0         1

-0.0312306  -0.49699  0.867194  0.449172
 -0.94606  0.294626   0.13478  0.370534
-0.322482 -0.816209 -0.479384   1.40577
        0         0         0         1

-0.0304815 -0.497389  0.866992  0.449502
-0.947127  0.291555  0.133965  0.365009
-0.319409 -0.817068 -0.479977   1.40423
        0         0         0         1

-0.0297757 -0.498732  0.866245  0.449859
-0.947807  0.289322  0.133995  0.361084
-0.317451 -0.817043 -0.481316   1.40407
        0         0         0         1

-0.028706 -0.499268  0.865972  0.450216
 -0.94915  0.285332  0.133042  0.355983
-0.313514 -0.818118 -0.482071   1.40249
        0         0         0         1

-0.0284057 -0.499875  0.865632  0.450049
 -0.95018  0.282415  0.131905  0.351898
-0.310404 -0.818759 -0.482993   1.40202
        0         0         0         1

-0.0286841 -0.501231  0.864838  0.450671
-0.952274  0.276738  0.128804  0.342343
-0.303893 -0.819868 -0.485247   1.40137
        0         0         0         1

-0.0291682 -0.500712  0.865122  0.451409
-0.952846  0.275459  0.127303  0.339454
-0.302048 -0.820616 -0.485136   1.40101
        0         0         0         1

-0.0277688 -0.501413  0.864762  0.451474
-0.953732  0.272377  0.127306  0.334543
-0.299374 -0.821216 -0.485777   1.40059
        0         0         0         1

-0.0264752  -0.50207  0.864422  0.451353
-0.954487  0.269673  0.127397  0.331072
-0.297074 -0.821707 -0.486359   1.40037
        0         0         0         1

-0.0226548 -0.502495  0.864283  0.450987
 -0.95629  0.262995  0.127839  0.322022
-0.291541 -0.823609 -0.486489   1.39939
        0         0         0         1

-0.0219405 -0.502855  0.864092  0.450519
-0.957012  0.260593  0.127351  0.318448
-0.289216 -0.824153 -0.486956   1.39918
        0         0         0         1

-0.0231074 -0.503788  0.863518  0.451834
-0.957633  0.259171  0.125578  0.315248
-0.287064 -0.824031 -0.488433    1.3991
        0         0         0         1

-0.0223659   -0.5046  0.863064  0.451855
-0.958029  0.257601  0.125783  0.312515
-0.285796 -0.824027 -0.489183   1.39893
        0         0         0         1

-0.0235328 -0.504703  0.862972  0.452974
-0.959087  0.255005  0.122984  0.309925
-0.282132 -0.824771 -0.490055   1.39788
        0         0         0         1

-0.0215566 -0.506654   0.86188  0.452949
-0.959314   0.25323  0.124867  0.306863
-0.281518 -0.824122 -0.491499   1.39778
        0         0         0         1

-0.020395 -0.510734  0.859497   0.45345
-0.959903  0.250409  0.126021  0.300569
-0.279589 -0.822464 -0.495362   1.39733
        0         0         0         1

-0.0209405 -0.512217  0.858601   0.45436
-0.960201  0.249549  0.125455  0.299095
-0.278523 -0.821803 -0.497057   1.39714
        0         0         0         1

-0.0198173  -0.51299  0.858166  0.454423
-0.960627  0.247691   0.12588  0.296266
-0.277135 -0.821882   -0.4977   1.39534
        0         0         0         1

-0.0182756 -0.514633  0.857216  0.454844
-0.960868  0.246057  0.127236  0.294233
-0.276404 -0.821346 -0.498991   1.39459
        0         0         0         1

-0.0146418 -0.523337     0.852  0.456052
-0.960649  0.243741  0.133208  0.290157
 -0.27738 -0.816522 -0.506312   1.39322
        0         0         0         1

-0.0134714 -0.525022  0.850982   0.45672
-0.960694    0.2428   0.13459  0.289034
-0.277281 -0.815721 -0.507656   1.39203
        0         0         0         1

-0.0132811 -0.527398  0.849515  0.457869
-0.960863  0.241839  0.135117  0.287747
-0.276706 -0.814472 -0.509969   1.39134
        0         0         0         1

-0.0120478 -0.527846  0.849255  0.457917
-0.961211   0.24016  0.135633  0.286535
 -0.27555 -0.814679 -0.510265   1.39017
        0         0         0         1

-0.0119441  -0.53016  0.847813  0.458885
-0.961535  0.238783  0.135771   0.28558
-0.274424  -0.81358 -0.512619   1.38908
        0         0         0         1

-0.0114653 -0.529781  0.848057  0.459118
-0.961564   0.23853   0.13601  0.284817
-0.274343 -0.813901 -0.512153   1.38824
        0         0         0         1

-0.0128198 -0.527195  0.849648  0.459345
-0.961602  0.239469  0.134078  0.282779
 -0.27415 -0.815304 -0.510022   1.38641
        0         0         0         1

-0.0133017 -0.525199  0.850875  0.459509
-0.961517   0.24026  0.133268  0.282642
-0.274423 -0.816358 -0.508184   1.38513
        0         0         0         1

-0.0138939 -0.521396  0.853202  0.459335
-0.961393  0.241496  0.131924  0.282231
-0.274829 -0.818429 -0.504622   1.38325
        0         0         0         1

-0.0135368 -0.519614  0.854294  0.458967
-0.961413  0.241546  0.131683  0.281666
-0.274776 -0.819547 -0.502833   1.38199
        0         0         0         1

-0.015316 -0.520297  0.853848  0.460127
-0.961682  0.241453  0.129881  0.281904
-0.273741 -0.819141 -0.504058    1.3791
        0         0         0         1

-0.0154632 -0.523433  0.851926  0.460743
-0.961431  0.241788  0.131106  0.281876
-0.274611 -0.817041 -0.506984     1.379
        0         0         0         1

-0.0138263 -0.527281  0.849578  0.460698
-0.961148  0.241271    0.1341  0.281091
-0.275687 -0.814716 -0.510131   1.37779
        0         0         0         1

-0.0130504 -0.530442  0.847621  0.461372
-0.960886  0.241176  0.136134  0.281239
-0.276637  -0.81269 -0.512842   1.37725
        0         0         0         1

-0.0118777 -0.535334  0.844557  0.462062
-0.960356  0.241369  0.139489  0.281695
-0.278522 -0.809419 -0.516978   1.37635
        0         0         0         1

-0.0105373 -0.538589  0.842503  0.462354
-0.959714  0.242032  0.142721   0.28197
-0.280781 -0.807058 -0.519442   1.37553
        0         0         0         1

-0.00866816 -0.537243  0.843383  0.462415
-0.958444  0.244972  0.146199  0.283439
 -0.28515 -0.807068 -0.517041   1.37214
        0         0         0         1

-0.00757077  -0.53533  0.844609   0.46175
-0.958213  0.245418  0.146962  0.283693
-0.285956 -0.808202 -0.514819   1.37024
        0         0         0         1

-0.00781872 -0.535726  0.844356  0.461832
-0.957667  0.247009  0.147854  0.284953
-0.287773 -0.807455 -0.514978   1.36875
        0         0         0         1

-0.00749157 -0.536373  0.843948  0.461399
-0.957156  0.248162  0.149223   0.28525
-0.289475 -0.806672 -0.515252   1.36798
        0         0         0         1

-0.00875899 -0.536672  0.843745  0.461796
-0.955443  0.253455  0.151294  0.288121
-0.295046 -0.804825  -0.51498   1.36561
        0         0         0         1

-0.00786289 -0.537853  0.843002  0.460982
-0.954462   0.25546  0.154086  0.288153
-0.298229 -0.803402 -0.515369   1.36514
        0         0         0         1

-0.00655611 -0.540288  0.841455  0.460742
-0.952678  0.259113  0.158951  0.288882
-0.303911 -0.800593 -0.516419   1.36496
        0         0         0         1

-0.00423673 -0.540094  0.841594  0.459847
-0.952001  0.259765  0.161912  0.289169
-0.306065 -0.800513 -0.515271     1.364
        0         0         0         1

-0.00100113 -0.538004  0.842942  0.458922
-0.951385   0.26014  0.164903  0.290112
-0.308002 -0.801797  -0.51211   1.36211
        0         0         0         1

0.000213833  -0.53736  0.843353  0.458695
 -0.95076  0.261269  0.166714  0.291128
-0.309927 -0.801862 -0.510845   1.36188
        0         0         0         1

0.00246791 -0.534053  0.845448  0.457884
-0.949689   0.26353  0.169239  0.294103
-0.313184  -0.80333 -0.506534   1.36234
        0         0         0         1

0.00330589 -0.530376  0.847756  0.457644
-0.949807  0.263531  0.168575  0.295719
-0.312818 -0.805762 -0.502884   1.36204
        0         0         0         1

0.00498308 -0.526503  0.850159  0.456927
-0.949851  0.263328  0.168646  0.297363
-0.312663 -0.808365 -0.498787    1.3629
        0         0         0         1

0.00778256 -0.522474   0.85262  0.455868
-0.950086  0.262078   0.16927  0.298482
-0.311892 -0.811379 -0.494355   1.36302
        0         0         0         1

0.0147742 -0.512866  0.858342  0.453266
-0.950823  0.258407  0.170766    0.3019
-0.309381 -0.818654 -0.483827   1.36458
        0         0         0         1

0.0165831  -0.51279  0.858354  0.451923
-0.950941  0.257154  0.171999  0.302876
-0.308929 -0.819096 -0.483369   1.36655
        0         0         0         1

0.0177264 -0.511083  0.859349  0.450398
-0.952034  0.253968  0.170681  0.305066
-0.305479 -0.821155 -0.482066   1.36772
        0         0         0         1

 0.015085 -0.510983  0.859458  0.450262
-0.952722  0.253532  0.167457  0.307945
-0.303468 -0.821351    -0.483   1.36949
        0         0         0         1

0.0135029  -0.51242  0.858629  0.448891
-0.953364  0.252345  0.165589  0.310347
-0.301522 -0.820821 -0.485116   1.37246
        0         0         0         1

0.0127075 -0.512443  0.858628  0.447866
-0.954355  0.250044  0.163354  0.312692
-0.298404 -0.821511 -0.485875   1.37345
        0         0         0         1

0.0131495 -0.515314  0.856901    0.4448
-0.955761  0.245366  0.162222  0.317832
 -0.29385 -0.821125  -0.48929   1.37942
        0         0         0         1

0.0133265 -0.516772  0.856019     0.444
-0.956071  0.244129  0.162263  0.320409
-0.292832 -0.820578 -0.490818   1.38219
        0         0         0         1

 0.014252 -0.520367  0.853824  0.442742
-0.956268  0.242396  0.163691  0.323793
-0.292143 -0.818818 -0.494156   1.38686
        0         0         0         1

0.0156476 -0.523121  0.852115  0.441338
-0.956257  0.241143    0.1656  0.326079
-0.292111 -0.817432 -0.496465   1.38973
        0         0         0         1

0.0224028 -0.532885  0.845891   0.43801
-0.956078  0.235921  0.173944  0.332533
-0.292255 -0.812635 -0.504194   1.39734
        0         0         0         1

0.0254928 -0.536807   0.84332  0.437134
-0.956133  0.233166  0.177323  0.335743
-0.291822 -0.810846 -0.507315   1.40001
        0         0         0         1

 0.032198 -0.542724  0.839294   0.43471
-0.956248  0.227575  0.183845  0.338824
 -0.29078 -0.808492 -0.511651   1.40381
        0         0         0         1

0.0341655 -0.546594    0.8367  0.434146
-0.956158  0.225762  0.186528   0.34257
 -0.29085 -0.806391 -0.514918   1.40757
        0         0         0         1

0.0344575  -0.55324  0.832309  0.433746
-0.956372  0.223497  0.188154  0.348228
-0.290113  -0.80248 -0.521402   1.41375
        0         0         0         1

0.0375797 -0.557793  0.829129  0.432119
-0.956339  0.220573  0.191735  0.351581
-0.289832 -0.800134  -0.52515   1.41797
        0         0         0         1

0.0490364 -0.569336  0.820641  0.427321
-0.956743   0.20913  0.202257  0.359396
-0.286773  -0.79506 -0.534454   1.42856
        0         0         0         1

0.0521504 -0.573876   0.81728  0.426393
 -0.95701  0.205109  0.205089  0.363522
-0.285327 -0.792841 -0.538508   1.43322
        0         0         0         1

0.0560694 -0.579287  0.813193  0.425248
 -0.95798   0.19826  0.207285  0.369786
-0.281301 -0.790645 -0.543829   1.43877
        0         0         0         1

0.0593324 -0.582477  0.810679  0.424286
 -0.95824   0.19435  0.209774  0.374311
-0.279744 -0.789271 -0.546621   1.44361
        0         0         0         1

0.0635657 -0.586961  0.807116  0.423576
-0.959071   0.18769  0.212027  0.381233
-0.275939 -0.787559 -0.551007   1.44982
        0         0         0         1

0.0686725 -0.591749  0.803192  0.422167
-0.959267  0.181973  0.216085  0.385605
-0.274028 -0.785314 -0.555149   1.45485
        0         0         0         1

0.0786448 -0.604163  0.792971  0.419828
-0.960898  0.165904  0.221701   0.39867
  -0.2655 -0.779399 -0.567491   1.46671
        0         0         0         1

0.0820316 -0.611841  0.786716   0.41936
-0.961523  0.159083   0.22398   0.40444
-0.262193 -0.774818 -0.575249    1.4723
        0         0         0         1

0.0870756 -0.622942  0.777407   0.41846
-0.961923  0.150372  0.228238  0.411898
-0.259079 -0.767679 -0.586128   1.48105
        0         0         0         1

0.0914961 -0.629451  0.771634  0.417616
-0.962501  0.142824  0.230635  0.417804
-0.255382 -0.763801  -0.59278   1.48612
        0         0         0         1

 0.104276 -0.647753  0.754681  0.416527
-0.962147  0.126409  0.241441  0.433845
-0.251792  -0.75129 -0.610052   1.50223
        0         0         0         1

 0.111528 -0.651722  0.750213  0.415497
-0.962103  0.118221  0.245728  0.440172
-0.248838 -0.749187 -0.613839   1.50757
        0         0         0         1

 0.119705 -0.657873  0.743555  0.415309
-0.962147  0.107823  0.250295  0.449763
-0.244835 -0.745371 -0.620063   1.51508
        0         0         0         1

 0.127216 -0.662427  0.738245  0.414067
-0.961584  0.100169  0.255583  0.456017
-0.243255 -0.742399 -0.624236   1.52168
        0         0         0         1

 0.144615 -0.670897  0.727312  0.412454
 -0.96111 0.0795337  0.264466   0.47434
-0.235276 -0.737273 -0.633304   1.53718
        0         0         0         1

 0.152296 -0.675885  0.721101  0.411802
 -0.96001 0.0722581  0.270481  0.481562
-0.234919 -0.733457 -0.637851   1.54522
        0         0         0         1

 0.162484 -0.679921  0.715057  0.411524
 -0.95937 0.0605518  0.275576  0.492459
-0.230668 -0.730781 -0.642457    1.5534
        0         0         0         1

 0.169161 -0.683212  0.710356  0.412075
-0.958775 0.0529002  0.279198  0.501123
 -0.22833 -0.728301 -0.646098   1.55968
        0         0         0         1

 0.180338 -0.690045  0.700939  0.411192
-0.957079 0.0412772  0.286873  0.511809
-0.226888 -0.722588 -0.652984   1.56963
        0         0         0         1

 0.189355 -0.692687  0.695938  0.410186
-0.956257 0.0308559  0.290897  0.519816
-0.222974 -0.720578 -0.656544   1.57563
        0         0         0         1

 0.210366 -0.698106  0.684393  0.410717
-0.953257 0.0088454  0.302031  0.543136
-0.216903  -0.71594 -0.663614    1.5911
        0         0         0         1

  0.216512  -0.701468   0.679018   0.412334
 -0.952323 0.00138441   0.305089    0.55336
  -0.21495  -0.712699  -0.667724    1.59815
         0          0          0          1

  0.232118  -0.706559   0.668502   0.411686
 -0.948669 -0.0126597   0.316017   0.564929
 -0.214822   -0.70754   -0.67323    1.60813
         0          0          0          1

  0.240542   -0.70911   0.662799   0.412978
 -0.946964 -0.0215487   0.320617   0.575229
  -0.21307  -0.704769  -0.676685    1.61419
         0          0          0          1

  0.272389  -0.719007   0.639401   0.412642
 -0.937862 -0.0499227   0.343398   0.599128
 -0.214985  -0.693208  -0.687928    1.63133
         0          0          0          1

  0.283048  -0.722235   0.631079   0.414687
 -0.934879 -0.0608048   0.349719   0.611365
 -0.214207   -0.68897  -0.692413    1.63769
         0          0          0          1

  0.301605  -0.726967   0.616891   0.415467
 -0.928131 -0.0757935   0.364456   0.624887
 -0.218191  -0.682477   -0.69758    1.64799
         0          0          0          1

    0.3164   -0.72656   0.609919   0.414458
 -0.923592 -0.0892074   0.372853   0.635985
 -0.216491  -0.681288   -0.69927    1.65294
         0          0          0          1

 0.329647 -0.729711  0.599045  0.418156
-0.919324 -0.103681  0.379596  0.654002
-0.214886 -0.675849 -0.705019    1.6616
        0         0         0         1

 0.346614 -0.729419  0.589751  0.416171
-0.912112  -0.11538   0.39337  0.663352
-0.218886 -0.674267 -0.705304   1.66947
        0         0         0         1

 0.372465 -0.728915  0.574415  0.422696
-0.901711  -0.13784  0.409778  0.698582
-0.219516 -0.670585 -0.708611   1.68181
        0         0         0         1

 0.382831 -0.729697  0.566554  0.424255
-0.896545 -0.145543  0.418359  0.711843
-0.222818 -0.668102 -0.709924   1.68776
        0         0         0         1

 0.398842 -0.724454   0.56222  0.424135
-0.888938 -0.154878  0.431047  0.729184
-0.225198 -0.671699 -0.705767   1.69395
        0         0         0         1

 0.402798 -0.725599  0.557907   0.42788
-0.885525 -0.154757  0.438059  0.743586
-0.231515  -0.67049 -0.704872    1.7007
        0         0         0         1

 0.416629 -0.717642  0.558042  0.426546
-0.875924 -0.152637  0.457667  0.776456
-0.243263  -0.67948 -0.692193   1.71463
        0         0         0         1

  0.41476 -0.716803  0.560507  0.428414
 -0.87545 -0.146382  0.460608  0.791081
-0.248117 -0.681737 -0.688239   1.72119
        0         0         0         1

 0.420537 -0.707507  0.567963  0.431693
-0.875736 -0.152918  0.457933  0.812962
-0.237139 -0.689963 -0.683898   1.72626
        0         0         0         1

 0.430192  -0.69276  0.578808  0.430315
-0.874832 -0.161738  0.456629  0.828752
-0.222719 -0.702798 -0.675627   1.72642
        0         0         0         1

 0.439464 -0.687147  0.578534  0.432584
-0.871756 -0.170958  0.459147  0.847964
-0.216596 -0.706118 -0.674154   1.73609
        0         0         0         1

 0.443035 -0.689172  0.573377  0.436261
-0.871138 -0.179876  0.456906  0.864032
 -0.21175 -0.701916 -0.680056   1.74259
        0         0         0         1

 0.451654 -0.683533  0.573403  0.439741
-0.873024 -0.206081  0.441996  0.905484
-0.183951 -0.700224 -0.689818   1.75139
        0         0         0         1

 0.452623 -0.676714  0.580681  0.438019
-0.876318 -0.217129  0.430025  0.919524
-0.164921   -0.7035 -0.691295    1.7581
        0         0         0         1

 0.449016 -0.665315   0.59644  0.441596
-0.884272 -0.235066  0.403493  0.942258
-0.128247  -0.70859 -0.693868   1.76424
        0         0         0         1

 0.450458 -0.648568  0.613553   0.43774
-0.887791 -0.252716  0.384659  0.955501
-0.0944224  -0.71798  -0.68963    1.7676
        0         0         0         1

 0.444633 -0.636985  0.629724  0.443834
-0.893509 -0.266135  0.361681  0.976616
-0.0627937 -0.723479 -0.687484   1.78028
        0         0         0         1

 0.443185  -0.62197  0.645554  0.441088
-0.895894 -0.282418  0.342948  0.992562
-0.0309874 -0.730338 -0.682383   1.78145
        0         0         0         1

 0.441186 -0.590497  0.675772  0.441063
 -0.89684 -0.317068  0.308456   1.03109
0.0321237 -0.742146 -0.669468   1.78608
        0         0         0         1

 0.444277 -0.580093  0.682722  0.436416
-0.894129 -0.334852  0.297334   1.04374
0.0561297  -0.74254 -0.667445   1.78491
        0         0         0         1

 0.444255 -0.574523  0.687431  0.436614
  -0.8926 -0.349644   0.28463   1.06448
0.0768297 -0.740049  -0.66815   1.78903
        0         0         0         1

 0.440044 -0.575219  0.689554   0.44287
-0.893123 -0.360089   0.26957    1.0822
0.0932389 -0.734479 -0.672196    1.7914
        0         0         0         1

 0.435027 -0.572417  0.695047  0.441282
-0.890535 -0.387572  0.238191   1.11448
 0.133036 -0.722584 -0.678362   1.80243
        0         0         0         1

 0.424129 -0.569836  0.703848  0.445335
 -0.89195 -0.397298  0.215824   1.13186
 0.156653 -0.719334  -0.67677   1.80359
        0         0         0         1

 0.425399 -0.564739  0.707181  0.440576
-0.887376  -0.41377  0.203367   1.14657
 0.177761 -0.714048 -0.677153   1.80868
        0         0         0         1

 0.412071 -0.564324  0.715357  0.447034
-0.888623 -0.422414  0.178648   1.16426
 0.201361 -0.709299 -0.675536   1.80906
        0         0         0         1

 0.404415 -0.558164  0.724501  0.445704
-0.884126 -0.441303  0.153532   1.18341
 0.234029 -0.702641 -0.671957   1.80751
        0         0         0         1

