  0.345426 -0.0936226   0.933764   0.224506
  0.558629  -0.779003  -0.284758    1.08317
  0.754065   0.619991  -0.216787    1.74047
         0          0          0          1

  0.347322 -0.0818309   0.934169   0.218484
  0.544702  -0.793291  -0.272009    1.07016
  0.763327   0.603318  -0.230954    1.73343
         0          0          0          1

  0.354694 -0.0757936   0.931905   0.219633
  0.531451  -0.803696  -0.267642    1.06309
  0.769254   0.590193  -0.244785    1.72988
         0          0          0          1

  0.361385 -0.0703638   0.929758   0.222393
  0.521569  -0.811297  -0.264126    1.05831
  0.772895   0.580384  -0.256491    1.72819
         0          0          0          1

  0.356777 -0.0695471   0.931597   0.222029
  0.519935  -0.813717  -0.259868     1.0529
   0.77613   0.577085  -0.254156    1.71708
         0          0          0          1

  0.367784 -0.0649474    0.92764   0.222889
  0.510209  -0.819908  -0.259689    1.04788
  0.777446     0.5688  -0.268412    1.71388
         0          0          0          1

  0.377551 -0.0616071   0.923937    0.22221
  0.500288  -0.826053  -0.259514    1.04103
  0.779209   0.560214  -0.281056    1.71133
         0          0          0          1

  0.383088 -0.0460261   0.922565   0.214901
   0.48433  -0.840449  -0.243044    1.02467
  0.786555   0.539933  -0.299674    1.71268
         0          0          0          1

  0.377759 -0.0416768   0.924966   0.208919
  0.480606  -0.845042  -0.234356     1.0135
  0.791402   0.533074  -0.299192     1.7027
         0          0          0          1

  0.374882 -0.0383524   0.926279   0.206338
  0.475615   -0.84968  -0.227671    1.00502
  0.795773   0.525902  -0.300289    1.69799
         0          0          0          1

  0.364357 -0.0337499   0.930648   0.197753
  0.472793  -0.854269  -0.216083   0.994647
  0.802316   0.518735  -0.295302    1.69218
         0          0          0          1

  0.348784 -0.0221028   0.936942    0.19615
    0.4658  -0.863415  -0.193766   0.978384
  0.813253    0.50401   -0.29085    1.67393
         0          0          0          1

  0.348784 -0.0221028   0.936942    0.19615
    0.4658  -0.863415  -0.193766   0.978384
  0.813253    0.50401   -0.29085    1.67393
         0          0          0          1

   0.35903 -0.0178198   0.933156   0.197147
  0.451648   -0.87164  -0.190416   0.970444
  0.816769   0.489823  -0.304896    1.67117
         0          0          0          1

  0.363967 -0.0140029   0.931307   0.196743
  0.446942  -0.874623  -0.187821   0.966621
  0.817173   0.484601  -0.312075     1.6705
         0          0          0          1

   0.373243 -0.00993092     0.92768    0.194092
   0.434203   -0.881795   -0.184137    0.959281
   0.819852    0.471529   -0.324812     1.67128
          0           0           0           1

   0.368634 -0.00617035    0.929554    0.188643
   0.428836   -0.886083   -0.175946    0.952632
   0.824748    0.463486   -0.323994     1.66089
          0           0           0           1

   0.364288 -0.00344164     0.93128    0.182535
   0.422769   -0.890404   -0.168665    0.942883
   0.829796    0.455159   -0.322908     1.64497
          0           0           0           1

   0.365081 -0.00288249    0.930971    0.182284
   0.411661   -0.896421   -0.164209    0.936531
   0.835015    0.443195    -0.32608     1.63612
          0           0           0           1

  0.368713 0.00632564   0.929522   0.178234
   0.40412  -0.901621  -0.154166   0.927319
  0.837101   0.432482  -0.334995    1.63456
         0          0          0          1

   0.36921 0.00721689   0.929318    0.17536
  0.397476  -0.905122  -0.150885   0.921733
  0.840058    0.42509  -0.337048    1.62843
         0          0          0          1

 0.367505 0.0137585   0.92992  0.169239
 0.393707 -0.908177 -0.142157  0.912545
 0.842576   0.41836 -0.339177   1.62208
        0         0         0         1

 0.377146 0.0207714  0.925921  0.167254
 0.381409 -0.914519  -0.13484  0.902186
 0.843972  0.404008  -0.35283   1.61751
        0         0         0         1

  0.37211 0.0216746  0.927935  0.163226
 0.378865 -0.916201 -0.130528  0.896227
 0.847346  0.400133  -0.34914   1.60971
        0         0         0         1

 0.371556 0.0272407  0.928011  0.159707
 0.375883 -0.918396 -0.123537  0.889923
 0.848916  0.394725 -0.351475   1.60646
        0         0         0         1

 0.366042 0.0369154  0.929866  0.150104
 0.379205  -0.91841 -0.112814  0.879783
 0.849833  0.393905 -0.350175   1.59239
        0         0         0         1

 0.366129 0.0427955   0.92958  0.146608
 0.377901   -0.9197 -0.106501  0.875026
 0.850377  0.390282 -0.352901   1.59056
        0         0         0         1

 0.357983  0.045365  0.932626  0.144768
 0.377635  -0.92052 -0.100177   0.87007
 0.853956  0.388054 -0.346661   1.58078
        0         0         0         1

  0.350925  0.0515275   0.934985   0.150227
  0.372602  -0.923719 -0.0889408   0.869139
  0.859081   0.379589  -0.343355    1.57676
         0          0          0          1

  0.335229  0.0667635   0.939768   0.144658
  0.374494  -0.924741 -0.0678916   0.861224
  0.864509   0.374697  -0.335003     1.5707
         0          0          0          1

   0.31963  0.0716462    0.94483   0.143217
   0.37387  -0.925772 -0.0562767   0.857906
  0.870665   0.371231  -0.322691    1.56184
         0          0          0          1

   0.29306  0.0953483   0.951328   0.134909
  0.377025  -0.925909 -0.0233432   0.847364
  0.878617   0.365515  -0.307295    1.55265
         0          0          0          1

 0.261234  0.116379  0.958234  0.126567
 0.375767 -0.926659 0.0101027  0.836935
 0.889132  0.357434 -0.285807   1.54248
        0         0         0         1

 0.216251  0.138581  0.966453  0.122044
 0.373569 -0.926295 0.0492343  0.831388
 0.902043   0.35039 -0.252081   1.53248
        0         0         0         1

 0.209158  0.141645  0.967569  0.121469
 0.372565  -0.92637 0.0550767  0.830529
 0.904128  0.348963  -0.24653   1.53117
        0         0         0         1

 0.164178  0.148387  0.975206  0.119126
 0.375123 -0.923738 0.0774026  0.828852
  0.91232  0.353114 -0.207321   1.51457
        0         0         0         1

 0.144027  0.156119  0.977181  0.115799
   0.3754 -0.922284 0.0920178  0.826264
 0.915604  0.353581 -0.191441   1.50905
        0         0         0         1

  0.11863  0.164418  0.979231  0.113779
 0.368916 -0.922899  0.110266  0.822853
 0.921861  0.348173  -0.17014   1.50442
        0         0         0         1

0.0773676   0.17219  0.982021  0.108562
 0.371982 -0.918835  0.131804  0.819261
  0.92501  0.355097  -0.13514   1.48725
        0         0         0         1

0.0631763  0.179183  0.981785  0.105206
  0.36909 -0.918197  0.143828  0.815684
 0.927244  0.353281 -0.124143   1.48323
        0         0         0         1

0.0502728  0.191686  0.980168 0.0982913
 0.364911 -0.917081  0.160632  0.808646
 0.929684  0.349599 -0.116053   1.48062
        0         0         0         1

0.0361161  0.197154  0.979707 0.0944726
 0.364935 -0.915246  0.170728  0.806466
 0.930332  0.351363 -0.105003   1.47259
        0         0         0         1

  0.016733   0.208206   0.977942  0.0868449
  0.353669   -0.91608   0.188984   0.800665
  0.935221   0.342705 -0.0889647    1.46343
         0          0          0          1

 0.0095584   0.217992   0.975904  0.0829344
  0.347393  -0.915884   0.201183   0.800793
  0.937671   0.337099 -0.0844833     1.4563
         0          0          0          1

0.00139656   0.218963   0.975732  0.0818746
  0.349781  -0.914204   0.204655   0.800486
   0.93683   0.341007 -0.0778659    1.44705
         0          0          0          1

-0.00763643  0.233671  0.972286 0.0760731
 0.338236   -0.9144  0.222415  0.796209
  0.94103   0.33056 -0.072053   1.44626
        0         0         0         1

-0.0146809   0.244289   0.969591  0.0711905
  0.330613  -0.913968    0.23528   0.792789
  0.943652   0.324014 -0.0673472    1.44363
         0          0          0          1

-0.0134129   0.249345   0.968322  0.0752437
  0.321518  -0.915905   0.240301   0.796926
  0.946809   0.314556 -0.0678838     1.4414
         0          0          0          1

-0.0307636  0.270946  0.962103 0.0668576
 0.302868 -0.914779  0.267303  0.791915
 0.952536  0.299613 -0.053919   1.43355
        0         0         0         1

-0.0361469   0.284759   0.957917  0.0625876
  0.296358  -0.912371   0.282403   0.789299
  0.954393   0.294094 -0.0514113    1.42878
         0          0          0          1

  -0.04144    0.28644   0.957202  0.0633928
  0.291898  -0.912758   0.285778   0.791356
  0.955551   0.291248 -0.0457867    1.42314
         0          0          0          1

-0.0592991   0.294947   0.953672  0.0564988
  0.289985  -0.909065   0.299183    0.78759
  0.955192   0.294292 -0.0316235    1.41169
         0          0          0          1

-0.0653717   0.297212   0.952571   0.053872
  0.289213  -0.907995   0.303151   0.786251
   0.95503   0.295314 -0.0266003    1.40717
         0          0          0          1

 -0.0921702    0.294827    0.951095   0.0531489
   0.286915   -0.906787    0.308897    0.787079
   0.953512    0.301355 -0.00101156     1.39634
          0           0           0           1

 -0.0921702    0.294827    0.951095   0.0531489
   0.286915   -0.906787    0.308897    0.787079
   0.953512    0.301355 -0.00101156     1.39634
          0           0           0           1

 -0.101888   0.287269   0.952416  0.0544138
  0.290128  -0.907196   0.304667   0.789384
  0.951549   0.307364 0.00908781    1.39271
         0          0          0          1

 -0.10661  0.286987  0.951983 0.0522927
 0.291042 -0.906498  0.305869  0.788697
 0.950752  0.309676 0.0131167   1.39238
        0         0         0         1

  -0.1186  0.286571   0.95069 0.0482052
 0.292146 -0.904997  0.309243  0.786592
 0.948991  0.314417 0.0236121   1.38848
        0         0         0         1

-0.141859  0.283256  0.948494 0.0419781
 0.302787 -0.899842  0.314013  0.784123
 0.942441  0.331737 0.0418844   1.37282
        0         0         0         1

-0.153906  0.278856   0.94792 0.0399531
 0.312299 -0.896443  0.314418  0.783759
 0.937434  0.344425 0.0508814   1.36518
        0         0         0         1

 -0.15522   0.27402  0.949115 0.0443467
 0.315122 -0.896834  0.310461  0.787677
 0.936272  0.347277  0.052857   1.36419
        0         0         0         1

-0.170113  0.273862  0.946605 0.0429075
  0.32145 -0.892639  0.316016  0.787953
 0.931521  0.358044 0.0638169    1.3573
        0         0         0         1

-0.170113  0.273862  0.946605 0.0429075
  0.32145 -0.892639  0.316016  0.787953
 0.931521  0.358044 0.0638169    1.3573
        0         0         0         1

-0.178134  0.274087  0.945063  0.045045
 0.329978 -0.888173  0.319785   0.79022
 0.927029  0.368814 0.0677716   1.35127
        0         0         0         1

-0.182302  0.278216   0.94306 0.0452217
 0.336451 -0.883581  0.325708  0.790379
 0.923887  0.376671 0.0674728   1.34593
        0         0         0         1

-0.181272  0.278849  0.943071 0.0487732
 0.342245 -0.881127  0.326318  0.791779
 0.921959  0.381914 0.0642894   1.34402
        0         0         0         1

-0.182065  0.288081  0.940139 0.0460001
 0.343159 -0.877388  0.335308  0.789733
 0.921463  0.383665 0.0608841   1.34449
        0         0         0         1

-0.183742  0.287514  0.939987 0.0498465
 0.347119  -0.87568  0.335697  0.791988
 0.919645  0.387969 0.0610977   1.34282
        0         0         0         1

 -0.19004  0.295053  0.936391 0.0488254
 0.353193  -0.86937  0.345615  0.789068
 0.916046  0.396407 0.0610044   1.34342
        0         0         0         1

-0.201558  0.289113  0.935835 0.0520965
 0.366311 -0.863862  0.345773  0.791152
   0.9084    0.4125 0.0682126   1.33791
        0         0         0         1

-0.213807  0.281295    0.9355 0.0546762
 0.378085 -0.859182  0.344758  0.792601
 0.900743  0.427411 0.0773453   1.33317
        0         0         0         1

-0.225943  0.272492  0.935253 0.0592911
 0.387353 -0.855784  0.342917  0.795562
 0.893816  0.439753 0.0878082   1.32903
        0         0         0         1

-0.237752  0.276776  0.931058 0.0578798
 0.394516 -0.848402  0.352947   0.79207
 0.887599  0.451231 0.0925162   1.32695
        0         0         0         1

-0.248159  0.262684  0.932424  0.063603
 0.409367 -0.843928  0.346703  0.796464
 0.877972  0.467741  0.101894   1.32128
        0         0         0         1

-0.254127  0.266539  0.929719 0.0669459
 0.415614 -0.837901  0.353818   0.79524
 0.873318  0.476319  0.102155   1.31975
        0         0         0         1

-0.259709  0.265623  0.928437 0.0682894
   0.4168 -0.836432  0.355892  0.794375
 0.871108  0.479401  0.106517   1.31987
        0         0         0         1

-0.268407     0.262  0.926992   0.06997
 0.425104 -0.831318  0.358046  0.793676
 0.864433   0.49017  0.111754   1.31528
        0         0         0         1

-0.273411  0.254787   0.92754 0.0736095
 0.429336 -0.830574  0.354707  0.795589
 0.860765  0.495207  0.117699   1.31273
        0         0         0         1

-0.290467  0.239462  0.926438   0.07971
 0.435451 -0.829042  0.350815  0.796819
 0.852063  0.505318  0.136535   1.30934
        0         0         0         1

-0.307059  0.228209  0.923924 0.0819317
 0.440822 -0.826291  0.350597  0.798975
  0.84344   0.51494   0.15312   1.30518
        0         0         0         1

-0.315693   0.22611  0.921527 0.0824164
 0.438549 -0.826468  0.353022  0.797577
 0.841435  0.515581   0.16175   1.30693
        0         0         0         1

-0.325191  0.215835  0.920688 0.0842665
 0.445753 -0.823669  0.350533  0.798442
    0.834  0.524389  0.171641   1.30412
        0         0         0         1

-0.340593  0.201571  0.918349 0.0862962
 0.456415 -0.818496  0.348927  0.800984
 0.821998  0.537991  0.186774   1.29538
        0         0         0         1

 -0.36305  0.176173  0.914963 0.0901887
 0.473231 -0.811025  0.343934  0.800256
  0.80265  0.557854  0.211072   1.28141
        0         0         0         1

 -0.36305  0.176173  0.914963 0.0901887
 0.473231 -0.811025  0.343934  0.800256
  0.80265  0.557854  0.211072   1.28141
        0         0         0         1

-0.367964  0.166178   0.91487 0.0927631
 0.473885  -0.81302  0.338276  0.800218
 0.800022  0.558017  0.220413   1.28246
        0         0         0         1

-0.368157  0.165012  0.915004 0.0933114
 0.474275 -0.813129  0.337467  0.800294
 0.799703  0.558204  0.221098   1.28279
        0         0         0         1

-0.370776  0.152489  0.916118 0.0970247
 0.480529 -0.812626  0.329744  0.802677
 0.794744  0.562482  0.228026   1.28107
        0         0         0         1

-0.371759  0.147407  0.916551  0.100574
 0.483095 -0.812375  0.326599  0.802891
 0.792726  0.564197  0.230796   1.28282
        0         0         0         1

-0.375282  0.147017  0.915177 0.0999879
  0.48612 -0.809445  0.329372  0.800631
 0.789209  0.568494  0.232302   1.28353
        0         0         0         1

-0.376003 0.145856 0.915067 0.100201
0.487928 -0.80837  0.32934 0.800453
0.787749  0.57032 0.232783  1.28318
       0        0        0        1

-0.383671  0.141204   0.91261  0.101887
 0.490204 -0.806372  0.330854  0.800074
 0.782621  0.574304  0.240163   1.27971
        0         0         0         1

-0.386194 0.138156 0.912013 0.102567
 0.49032 -0.80672 0.329833 0.799436
0.781307 0.574557  0.24381  1.27901
       0        0        0        1

-0.389406  0.127716  0.912168  0.106614
 0.496117 -0.805317  0.324549  0.800583
 0.776035  0.578923  0.250233   1.27623
        0         0         0         1

-0.388615  0.125818   0.91277   0.10927
 0.496374 -0.806008  0.322434  0.801176
 0.776268  0.578378  0.250774   1.27796
        0         0         0         1

-0.391951  0.117848  0.912407  0.111069
  0.50096 -0.804492  0.319111   0.80052
 0.771631  0.582155  0.256284   1.27515
        0         0         0         1

-0.388893 0.119043 0.913559 0.111698
0.499959 -0.80563 0.317807 0.800175
0.773824 0.580335 0.253787  1.27751
       0        0        0        1

-0.390435  0.110292     0.914   0.11418
  0.50448 -0.804841  0.312619  0.800308
 0.770104  0.583152  0.258598   1.27683
        0         0         0         1

-0.393861   0.09792  0.913939   0.11629
 0.510537 -0.803524  0.306106  0.800767
 0.764346  0.587163  0.266485    1.2737
        0         0         0         1

 -0.39611 0.0933306  0.913448  0.116055
 0.513564 -0.802143  0.304661   0.79855
  0.76115  0.589793  0.269805   1.27257
        0         0         0         1

-0.394157 0.0834736  0.915244  0.118001
  0.51797 -0.802459  0.296255  0.799682
 0.759175   0.59084  0.273058   1.27253
        0         0         0         1

-0.394634 0.0816395  0.915204  0.116974
 0.518793  -0.80229   0.29527  0.797786
 0.758365  0.591326  0.274257   1.27375
        0         0         0         1

-0.391775 0.0777533   0.91677  0.117913
 0.520324 -0.803052  0.290466   0.79791
 0.758798  0.590815  0.274159     1.275
        0         0         0         1

-0.392122  0.064309  0.917662  0.119703
 0.528214 -0.800972  0.281841  0.797197
 0.753146  0.595239   0.28011   1.27412
        0         0         0         1

-0.388571 0.0631681  0.919251  0.120482
 0.530347 -0.800492  0.279187  0.797185
 0.753489  0.596006  0.277547   1.27408
        0         0         0         1

-0.381843 0.0619549  0.922149  0.122505
 0.532378 -0.800849  0.274252  0.797396
 0.755493  0.595653  0.272815   1.27551
        0         0         0         1

-0.377447 0.0574509  0.924247    0.1262
 0.534518 -0.801503   0.26811  0.799415
  0.75619  0.595224  0.271817    1.2764
        0         0         0         1

-0.367115 0.0555547  0.928515  0.132385
 0.539112 -0.800752  0.261064  0.800237
 0.758013  0.596415  0.264018   1.27861
        0         0         0         1

-0.367115 0.0555547  0.928515  0.132385
 0.539112 -0.800752  0.261064  0.800237
 0.758013  0.596415  0.264018   1.27861
        0         0         0         1

-0.365358 0.0586056   0.92902   0.13008
 0.539586 -0.799909  0.262665  0.796574
 0.758525  0.597253   0.26063   1.27952
        0         0         0         1

 -0.36508 0.0587536   0.92912  0.130036
 0.539558 -0.799951  0.262594  0.796326
 0.758679  0.597182  0.260345   1.27972
        0         0         0         1

-0.363304 0.0568486  0.929934  0.131325
 0.539375 -0.801021   0.25969   0.79664
  0.75966   0.59593  0.260352   1.28083
        0         0         0         1

-0.361848 0.0542532  0.930657  0.133677
 0.541678 -0.800251  0.257261  0.797116
 0.758716  0.597206  0.260182   1.28112
        0         0         0         1

-0.355963 0.0517249  0.933067  0.136091
 0.543001 -0.801164  0.251566  0.797884
 0.760553  0.596205  0.257098   1.28431
        0         0         0         1

-0.353579 0.0503962  0.934046  0.136869
 0.546461 -0.799304  0.249987  0.796289
 0.759185   0.59881  0.255078    1.2877
        0         0         0         1

-0.349445 0.0484248  0.935705  0.138578
 0.546679 -0.800518  0.245589  0.796668
 0.760941  0.597349  0.253264   1.29303
        0         0         0         1

-0.352763 0.0453098  0.934615  0.136973
 0.549419 -0.798487  0.246084  0.794503
 0.757428  0.600305  0.256782   1.29202
        0         0         0         1

-0.345877 0.0402886  0.937415  0.141557
 0.554723 -0.796992  0.238929  0.795106
 0.756738  0.602645  0.253312   1.30157
        0         0         0         1

-0.345877 0.0402886  0.937415  0.141557
 0.554723 -0.796992  0.238929  0.795106
 0.756738  0.602645  0.253312   1.30157
        0         0         0         1

-0.342566 0.0414646  0.938578  0.142605
 0.554942 -0.797188  0.237763  0.795432
 0.758082  0.602306  0.250079   1.30821
        0         0         0         1

  -0.3357 0.0372775  0.941231   0.14655
 0.559429 -0.796023  0.231053  0.798002
 0.757855  0.604117  0.246371     1.311
        0         0         0         1

-0.331239 0.0374776  0.942802  0.146906
 0.562468 -0.794418  0.229194  0.797305
 0.757569  0.606214  0.242063   1.31502
        0         0         0         1

-0.326996 0.0362244  0.944331  0.148018
  0.56559 -0.793038  0.226269  0.798041
 0.757087  0.608094  0.238833   1.31782
        0         0         0         1

-0.315166 0.0347869  0.948399  0.152955
 0.570062 -0.792017   0.21849  0.801717
 0.758749  0.609507  0.229786   1.32277
        0         0         0         1

-0.309441 0.0350871  0.950271  0.151508
  0.57906 -0.785717  0.217574  0.801262
 0.754278  0.617591  0.222816   1.32375
        0         0         0         1

-0.301678 0.0373274  0.952679  0.153181
 0.583422 -0.783076   0.21543  0.802481
 0.754061  0.620805  0.214459   1.32806
        0         0         0         1

-0.298287 0.0412756  0.953583   0.15142
 0.585953 -0.780726  0.217083  0.802042
 0.753448  0.623509  0.208695   1.33192
        0         0         0         1

-0.288601 0.0415714  0.956546  0.152959
 0.591647  -0.77774  0.212307  0.802775
  0.75277   0.62721  0.199861   1.33902
        0         0         0         1

-0.278495 0.0382557  0.959675  0.157784
 0.604835 -0.769196  0.206184  0.806933
 0.746067  0.637866  0.191079   1.34097
        0         0         0         1

-0.270958 0.0397364  0.961771  0.159295
 0.610408 -0.765474  0.203595  0.808576
 0.744301  0.642238  0.183156   1.34681
        0         0         0         1

-0.262715 0.0420526  0.963957  0.160756
 0.612702 -0.764501  0.200336   0.81018
 0.745371  0.643249   0.17508   1.35567
        0         0         0         1

-0.258366 0.0486218  0.964823  0.159048
 0.617379 -0.759857  0.203618  0.810243
 0.743028  0.648269  0.166303   1.36299
        0         0         0         1

-0.246617 0.0527133  0.967678  0.161521
 0.622439 -0.756722  0.199853  0.812472
 0.742798  0.651608   0.15381   1.37237
        0         0         0         1

-0.246154 0.0553021  0.967652  0.158423
 0.629086 -0.750385  0.202914  0.811881
 0.737332  0.658684  0.149921   1.37518
        0         0         0         1

  -0.2375  0.061258  0.969454  0.159812
 0.640932 -0.740054   0.20378  0.815183
 0.729931  0.669752  0.136501    1.3827
        0         0         0         1

-0.227179  0.071153   0.97125  0.159682
 0.650739 -0.730893  0.205755  0.816039
  0.72452  0.678773  0.119742   1.39529
        0         0         0         1

-0.226481 0.0733003  0.971253  0.158967
 0.651326 -0.730024  0.206974  0.815701
  0.72421  0.679479  0.117595   1.39723
        0         0         0         1

-0.217695 0.0781254  0.972885  0.162729
 0.659653 -0.722886  0.205656   0.82027
 0.719352  0.686537  0.105833   1.40598
        0         0         0         1

-0.200872 0.0894909  0.975521  0.165704
 0.668903 -0.715001  0.203327  0.824932
 0.715695  0.693372 0.0837628   1.42535
        0         0         0         1

-0.187756  0.097723  0.977342  0.168349
 0.680173 -0.704914   0.20115  0.830989
 0.708599  0.702529 0.0658828   1.43503
        0         0         0         1

-0.181337  0.103085  0.978003  0.168741
 0.685981 -0.699334  0.200904  0.832319
 0.704661  0.707323 0.0561012   1.44042
        0         0         0         1

-0.170889  0.109679  0.979167  0.168749
 0.697911 -0.688019   0.19887  0.836389
 0.695498  0.717356 0.0410289   1.44945
        0         0         0         1

-0.164604  0.114687   0.97967  0.168784
 0.702655 -0.683408  0.198065  0.838074
  0.69223  0.720972 0.0319065   1.45616
        0         0         0         1

-0.160697  0.119156  0.979785   0.16854
 0.713662 -0.671707  0.198738   0.84027
 0.681809  0.731172 0.0229042   1.46089
        0         0         0         1

  -0.144599    0.127838    0.981197    0.169138
   0.733465    -0.65175    0.193006    0.847046
   0.664169    0.747582 0.000477347     1.47394
          0           0           0           1

 -0.128987   0.140812   0.981598   0.171417
  0.737334  -0.648291   0.189888   0.852416
    0.6631   0.748258 -0.0202045    1.49056
         0          0          0          1

-0.125586  0.142407  0.981809  0.171044
 0.744469   -0.6406  0.188143  0.855353
 0.655739  0.754554 -0.025567   1.49906
        0         0         0         1

 -0.111406   0.143547   0.983353   0.177158
  0.762517  -0.622224   0.177218   0.866252
  0.637304   0.769566 -0.0401373    1.50539
         0          0          0          1

-0.0970791   0.153562   0.983359   0.177894
  0.774605  -0.608739   0.171532   0.873679
   0.62495   0.778367 -0.0598539    1.52117
         0          0          0          1

-0.0961239   0.158733   0.982631   0.171272
  0.794353  -0.582648   0.171826   0.879775
  0.599802   0.797073 -0.0700835    1.52907
         0          0          0          1

-0.0961239   0.158733   0.982631   0.171272
  0.794353  -0.582648   0.171826   0.879775
  0.599802   0.797073 -0.0700835    1.52907
         0          0          0          1

-0.0887238   0.165292   0.982246   0.172516
  0.802921  -0.571705   0.168732   0.886978
  0.589445   0.803637 -0.0819926    1.54076
         0          0          0          1

 -0.083382   0.170119    0.98189   0.173521
  0.804667  -0.569744   0.167044   0.891097
  0.587843   0.804022 -0.0893824    1.55269
         0          0          0          1

-0.0736101   0.169356   0.982802   0.178731
  0.814345  -0.558669   0.157262   0.900442
  0.575694   0.811916 -0.0967902    1.55869
         0          0          0          1

-0.0591097  0.165239  0.984481   0.18526
 0.831407 -0.537695  0.140168  0.916509
 0.552512  0.826789 -0.105598   1.57203
        0         0         0         1

-0.0539213   0.16624   0.98461  0.188111
 0.839474 -0.526402   0.13485  0.926576
 0.540718  0.833826  -0.11117   1.58122
        0         0         0         1

-0.0437198  0.167777  0.984855  0.195851
 0.844124 -0.521074  0.126241  0.936085
 0.534363  0.836859 -0.118843   1.59319
        0         0         0         1

-0.0441587   0.16579  0.985172  0.191021
 0.851455 -0.509577  0.123919  0.940107
 0.522565  0.844302 -0.118661    1.6005
        0         0         0         1

-0.0450146  0.163262  0.985555  0.189521
 0.859242 -0.496917  0.121562  0.945604
 0.509586  0.852302 -0.117913   1.60345
        0         0         0         1

-0.0394112  0.166566  0.985242  0.192309
 0.864842 -0.488189  0.117129  0.953194
 0.500495  0.856695 -0.124814   1.61406
        0         0         0         1

-0.0306967  0.158864  0.986823  0.200564
 0.873075 -0.476397  0.103851  0.971508
 0.486618  0.864759 -0.124076   1.62874
        0         0         0         1

-0.0307454  0.161768   0.98635  0.201703
  0.87601 -0.470831  0.104525  0.976855
 0.481313  0.867266 -0.127234   1.64011
        0         0         0         1

-0.0319486  0.149063  0.988311   0.20406
 0.884619 -0.456034 0.0973784  0.987416
 0.465219   0.87739 -0.117294   1.63751
        0         0         0         1

-0.0402596  0.150825   0.98774  0.199174
 0.885602 -0.452379  0.105174  0.989995
 0.462696  0.878979 -0.115359   1.64494
        0         0         0         1

-0.0398197  0.145888  0.988499  0.206605
  0.89433 -0.436004  0.100374   1.00986
 0.445633  0.888041  -0.11311   1.65987
        0         0         0         1

-0.0395017  0.138844  0.989526  0.210847
 0.902094 -0.420937 0.0950744   1.02206
 0.429729  0.896401 -0.108622   1.66113
        0         0         0         1

-0.0402795  0.136641  0.989801  0.210466
  0.90344 -0.418172  0.094493   1.02737
 0.426819  0.898032 -0.106603   1.66711
        0         0         0         1

-0.0399177   0.13603    0.9899  0.214769
 0.908054 -0.408455 0.0927461   1.04365
 0.416946  0.902585 -0.107218   1.68149
        0         0         0         1

-0.0399177   0.13603    0.9899  0.214769
 0.908054 -0.408455 0.0927461   1.04365
 0.416946  0.902585 -0.107218   1.68149
        0         0         0         1

-0.0323775  0.128889   0.99113   0.23348
 0.915399 -0.394278 0.0811763   1.07494
 0.401244  0.909908 -0.105219    1.6971
        0         0         0         1

-0.0323775  0.128889   0.99113   0.23348
 0.915399 -0.394278 0.0811763   1.07494
 0.401244  0.909908 -0.105219    1.6971
        0         0         0         1

-0.0394419  0.125688  0.991285  0.236115
 0.921652 -0.378665 0.0846832   1.09176
 0.386009   0.91696 -0.100905   1.69889
        0         0         0         1

-0.0394419  0.125688  0.991285  0.236115
 0.921652 -0.378665 0.0846832   1.09176
 0.386009   0.91696 -0.100905   1.69889
        0         0         0         1

-0.0455025  0.128243  0.990698  0.236206
 0.922636 -0.374809 0.0908942   1.09881
 0.382979   0.91819 -0.101267   1.70572
        0         0         0         1

-0.0604842 0.132803 0.989295  0.23589
0.923807 -0.36793 0.105871  1.11291
0.378051 0.920321 -0.10043  1.71413
       0        0        0        1

-0.0570576  0.133592  0.989393  0.248989
 0.925547 -0.364471  0.102588   1.12818
  0.37431  0.921582  -0.10285   1.71945
        0         0         0         1

-0.0607337  0.134779  0.989013  0.247887
 0.927121 -0.359481  0.105922   1.13525
 0.369807  0.923368 -0.103124   1.72106
        0         0         0         1

-0.0630632  0.138777  0.988314  0.251572
 0.929229   -0.3531  0.108875   1.14348
 0.364083  0.925236 -0.106688   1.72263
        0         0         0         1

-0.0602798  0.137869  0.988614  0.260179
 0.931578  -0.34795  0.105326   1.15668
 0.358509   0.92732 -0.107462   1.72164
        0         0         0         1

-0.0473544  0.141152  0.988855  0.270832
  0.93457 -0.343205 0.0937449    1.1716
 0.352613  0.928594 -0.115664   1.73201
        0         0         0         1

-0.0420782   0.14384  0.988706   0.27098
 0.938556 -0.333593  0.088476   1.18325
 0.342551  0.931679 -0.120965     1.741
        0         0         0         1

-0.0344089   0.14929  0.988195  0.276592
 0.939949  -0.33113 0.0827539    1.1935
 0.339575    0.9317 -0.128931   1.74807
        0         0         0         1

