-0.128681 -0.636392  0.760557  0.582563
-0.951843  0.294467 0.0853492   1.06052
-0.278275 -0.712948 -0.643637   2.15074
        0         0         0         1

-0.133002 -0.634483  0.761408   0.58108
-0.947678  0.306353 0.0897455   1.04705
-0.290201 -0.709633 -0.642031   2.13816
        0         0         0         1

-0.138787 -0.632793  0.761782  0.581853
-0.931953  0.343637   0.11566   1.01042
-0.334965 -0.693893 -0.637425   2.11784
        0         0         0         1

-0.146591 -0.630547  0.762182  0.583712
-0.927397  0.355677  0.115882   1.00201
-0.344159 -0.689858 -0.636907   2.10425
        0         0         0         1

-0.146835 -0.623404  0.767989  0.578385
-0.921255  0.368897  0.123308  0.986936
 -0.36018 -0.689408  -0.62848   2.08323
        0         0         0         1

-0.150092 -0.618706  0.771152  0.578985
-0.916326  0.379935   0.12648  0.975009
-0.371241 -0.687642 -0.623961   2.07049
        0         0         0         1

 -0.15742 -0.614289  0.773219  0.573356
-0.900636  0.410465  0.142736  0.942815
-0.405061 -0.673919 -0.617866   2.04066
        0         0         0         1

-0.155058 -0.606122  0.780111  0.571581
-0.895551  0.419615  0.148025  0.931533
-0.417068 -0.675677 -0.607878    2.0244
        0         0         0         1

-0.142284 -0.590536   0.79437  0.562938
-0.883807  0.437154  0.166677  0.909212
 -0.44569 -0.678354  -0.58412   2.01334
        0         0         0         1

-0.151574 -0.577952  0.801871  0.569802
-0.879872  0.448537  0.156967  0.902659
-0.450389 -0.681752  -0.57651   1.99697
        0         0         0         1

-0.156766 -0.567485  0.808323  0.565273
-0.871816  0.464082   0.15673  0.886733
 -0.46407 -0.680139 -0.567494    1.9815
        0         0         0         1

-0.169434 -0.556112  0.813653  0.566521
-0.866953  0.476738  0.145306  0.878236
-0.468706 -0.680779 -0.562898   1.96602
        0         0         0         1

-0.195809 -0.549721  0.812075   0.56518
-0.849709  0.508506  0.139342   0.85123
-0.489544 -0.662743 -0.566673   1.94051
        0         0         0         1

-0.203006 -0.547451  0.811841   0.56479
-0.844156  0.517978  0.138203  0.843541
-0.496175 -0.657264 -0.567287   1.92538
        0         0         0         1

-0.212492 -0.541537  0.813379  0.564169
-0.835122  0.532838  0.136584  0.832368
-0.507364 -0.650248 -0.565473   1.90381
        0         0         0         1

-0.218265 -0.540247  0.812708  0.564106
-0.826774  0.544805  0.140116  0.823665
-0.518464 -0.641343 -0.565574   1.89272
        0         0         0         1

-0.230046 -0.541013   0.80894  0.564599
 -0.80703  0.570586    0.1521  0.803147
-0.543858 -0.617849 -0.567875   1.86302
        0         0         0         1

-0.227655 -0.543639  0.807855  0.559759
-0.799895  0.577517  0.163223   0.79222
-0.555284 -0.609041 -0.566329   1.84957
        0         0         0         1

-0.231074 -0.546743  0.804784  0.557882
-0.786105  0.592304   0.17668  0.779803
-0.573275 -0.591818 -0.566663   1.83589
        0         0         0         1

-0.234888 -0.546798  0.803642  0.557689
-0.777929   0.60146  0.181861  0.772131
-0.582799 -0.582459 -0.566645   1.82342
        0         0         0         1

-0.239512 -0.549837  0.800196   0.55715
-0.765741  0.613674  0.192474  0.761669
-0.596888 -0.566643 -0.568015   1.80885
        0         0         0         1

-0.241391 -0.550829  0.798948  0.555012
-0.758015  0.621081  0.199176  0.754116
-0.605924 -0.557535  -0.56746   1.79538
        0         0         0         1

 -0.25091 -0.553051  0.794467   0.55368
-0.735077  0.642868  0.215366  0.736815
-0.629846 -0.529958 -0.567837   1.76733
        0         0         0         1

-0.253582 -0.555627  0.791817  0.553969
-0.728479  0.648244  0.221582  0.731545
-0.636407 -0.520633 -0.569146   1.75461
        0         0         0         1

 -0.26007 -0.557681  0.788261  0.554361
-0.719231  0.656567  0.227215  0.725246
 -0.64426 -0.507849 -0.571855   1.73866
        0         0         0         1

-0.262235 -0.558231  0.787154  0.553752
-0.711762  0.662702  0.232855  0.719709
-0.651635 -0.499203 -0.571111   1.72667
        0         0         0         1

-0.273532 -0.560535  0.781652  0.554551
 -0.69364  0.677942   0.24343   0.70779
-0.666366   -0.4756 -0.574249   1.70045
        0         0         0         1

-0.276197 -0.560431  0.780789  0.554395
-0.685927  0.683992  0.248312  0.703323
-0.673216 -0.466981 -0.573331   1.69041
        0         0         0         1

-0.278004  -0.56404  0.777543  0.551677
-0.677842   0.68873  0.257258  0.695802
-0.680621 -0.455532   -0.5738    1.6774
        0         0         0         1

-0.280741 -0.565394  0.775573  0.551188
-0.670422  0.693773  0.263083  0.690651
-0.686818 -0.446103 -0.573824   1.66891
        0         0         0         1

-0.284271 -0.566848  0.773223   0.55175
-0.661546  0.699711  0.269743  0.684923
-0.693936 -0.434842 -0.573904   1.65784
        0         0         0         1

-0.288398 -0.568608  0.770397  0.552479
-0.655218  0.703901  0.274249  0.680459
-0.698224 -0.425685 -0.575566   1.64929
        0         0         0         1

-0.293034 -0.572323  0.765883  0.551459
-0.643626  0.710442  0.284637  0.670572
 -0.70702 -0.409534 -0.576546   1.62864
        0         0         0         1

-0.291863 -0.574588  0.764633  0.549716
-0.639234  0.711856  0.290931  0.665724
-0.711474 -0.403868 -0.575061   1.62015
        0         0         0         1

 -0.29467 -0.577026  0.761716  0.548795
-0.632614  0.715223  0.297079  0.660461
-0.716218 -0.394332  -0.57579   1.61171
        0         0         0         1

-0.295575 -0.576704  0.761609  0.548143
-0.629324  0.717343  0.298949  0.657017
-0.718739 -0.390937 -0.574962   1.60403
        0         0         0         1

-0.300012 -0.570716  0.764379   0.54882
-0.619296     0.726  0.298993  0.649448
 -0.72558 -0.383676 -0.571251   1.58822
        0         0         0         1

-0.297808 -0.567615  0.767544  0.546788
-0.618304  0.727279  0.297935   0.64622
-0.727331 -0.385848 -0.567548   1.58073
        0         0         0         1

-0.292444 -0.565482  0.771172  0.543231
-0.617199  0.727588  0.299468  0.641399
-0.730439 -0.388389 -0.561794   1.57148
        0         0         0         1

-0.294007 -0.563393  0.772106  0.545093
-0.614617  0.730087  0.298695  0.639243
-0.731988 -0.386731 -0.560922   1.56626
        0         0         0         1

-0.294723 -0.560318  0.774068  0.545677
-0.612478  0.732546  0.297064  0.636663
-0.733491 -0.386548 -0.559081   1.55858
        0         0         0         1

-0.295198 -0.560996  0.773396   0.54418
-0.610544  0.733396  0.298942  0.632901
-0.734911 -0.383945  -0.55901   1.55509
        0         0         0         1

-0.298329 -0.559128  0.773548  0.542679
-0.606657  0.736763  0.298575  0.626725
-0.736863 -0.380205 -0.558997   1.54369
        0         0         0         1

-0.298946 -0.558821  0.773531  0.541957
  -0.6056  0.737549  0.298781  0.624032
-0.737482 -0.379131 -0.558909   1.53946
        0         0         0         1

-0.299794 -0.556305  0.775015  0.542109
-0.604443  0.739279  0.296841  0.622001
-0.738087 -0.379462 -0.557886   1.53356
        0         0         0         1

-0.298437 -0.554568  0.776782  0.539579
-0.604735  0.739525  0.295632  0.618892
-0.738397  -0.38152 -0.556068   1.52896
        0         0         0         1

-0.294756 -0.547664   0.78306  0.535344
-0.603782  0.741899  0.291604  0.612979
-0.740652 -0.386846 -0.549349   1.52172
        0         0         0         1

-0.295101 -0.543213  0.786025  0.535679
-0.602891  0.744076  0.287877  0.612129
 -0.74124 -0.388935 -0.547076   1.51838
        0         0         0         1

-0.293909 -0.542083  0.787251  0.533863
-0.601397  0.745044  0.288497  0.609379
-0.742926 -0.388658 -0.544982   1.51616
        0         0         0         1

-0.291202 -0.540471  0.789362  0.532818
-0.601885  0.744858  0.287959  0.607403
-0.743596 -0.391251 -0.542206   1.51184
        0         0         0         1

-0.287975 -0.537356  0.792665  0.531536
-0.601876  0.745375  0.286637  0.605328
 -0.74486 -0.394542 -0.538071   1.50818
        0         0         0         1

-0.286809 -0.536561  0.793626  0.530921
-0.601975  0.745387  0.286399  0.603759
-0.745229 -0.395601  -0.53678   1.50554
        0         0         0         1

-0.291252 -0.538451  0.790723  0.530929
-0.601454  0.745829  0.286343  0.601319
-0.743926 -0.392185 -0.541078   1.50169
        0         0         0         1

-0.290566 -0.539511  0.790252  0.528707
-0.602745  0.744632  0.286744  0.599774
-0.743148 -0.393003 -0.541553   1.49896
        0         0         0         1

-0.290565 -0.540548  0.789544  0.526772
-0.604394  0.743381  0.286516  0.598122
-0.741808 -0.393944 -0.542705   1.49523
        0         0         0         1

-0.291587 -0.541889  0.788247  0.526015
-0.604216  0.743185    0.2874  0.597084
-0.741552  -0.39247 -0.544121   1.49423
        0         0         0         1

-0.291861 -0.542718  0.787575   0.52294
-0.604172  0.742959  0.288078  0.595098
-0.741481 -0.391751 -0.544736   1.48918
        0         0         0         1

-0.292045 -0.543314  0.787095  0.521622
-0.602956  0.743416  0.289441   0.59384
-0.742397 -0.390054 -0.544706   1.48841
        0         0         0         1

-0.291833 -0.543575  0.786994  0.519588
 -0.60133   0.74413  0.290984  0.592112
-0.743798 -0.388325  -0.54403   1.48643
        0         0         0         1

-0.291926 -0.542698  0.787565  0.519563
-0.600521  0.744895    0.2907  0.592208
-0.744415 -0.388086 -0.543356   1.48374
        0         0         0         1

-0.292791  -0.54174  0.787903  0.518625
-0.598808  0.746305  0.290617  0.592183
-0.745454 -0.386712  -0.54291   1.48288
        0         0         0         1

-0.292907 -0.540085  0.788995  0.519464
 -0.59773  0.747495  0.289776  0.593299
-0.746274 -0.386729 -0.541772   1.48069
        0         0         0         1

-0.287794 -0.539412  0.791334  0.514864
-0.596619  0.747343  0.292446  0.591468
-0.749147 -0.387961 -0.536904   1.47576
        0         0         0         1

-0.285753 -0.539761  0.791835  0.514458
-0.597034  0.746607  0.293477  0.591581
-0.749597 -0.388891 -0.535601   1.47337
        0         0         0         1

-0.284541 -0.540007  0.792104  0.513707
-0.597764  0.745903   0.29378  0.591925
-0.749476 -0.389899 -0.535037   1.47094
        0         0         0         1

-0.283288 -0.539396  0.792969  0.513388
 -0.59884  0.745326  0.293053  0.592336
-0.749092 -0.391843 -0.534154   1.46866
        0         0         0         1

 -0.28081 -0.539724  0.793627  0.512499
-0.601083  0.743546  0.292983  0.592046
-0.748228 -0.394763 -0.533214   1.46804
        0         0         0         1

-0.280293 -0.538322  0.794761   0.51315
-0.602502  0.743209  0.290916  0.592546
 -0.74728 -0.397304 -0.532656   1.46756
        0         0         0         1

-0.277133 -0.534035  0.798751  0.513333
-0.606526  0.741981   0.28564  0.593049
  -0.7452 -0.405303 -0.529534   1.46591
        0         0         0         1

 -0.27264 -0.531695  0.801853  0.512165
-0.609562  0.740272  0.283603   0.59273
 -0.74438 -0.411458 -0.525929   1.46529
        0         0         0         1

 -0.26696 -0.529423   0.80526  0.510836
-0.612522  0.738309  0.282342   0.59248
-0.744009 -0.417866 -0.521382   1.46457
        0         0         0         1

-0.266721 -0.529642  0.805195   0.51122
-0.614884  0.736853  0.281008  0.592989
-0.742144 -0.420151 -0.522203   1.46425
        0         0         0         1

-0.264358  -0.52572  0.808538  0.510937
 -0.61716  0.736445  0.277059  0.594141
-0.741099 -0.425755 -0.519138   1.46453
        0         0         0         1

-0.261721  -0.51771  0.814542  0.510979
-0.619344   0.73736  0.269653  0.595261
-0.740213 -0.433908 -0.513623   1.46344
        0         0         0         1

-0.260471 -0.512609  0.818161  0.510533
-0.619138  0.738913  0.265848  0.596434
-0.740826 -0.437309 -0.509841   1.46387
        0         0         0         1

-0.259043 -0.506189  0.822599  0.510857
-0.619652  0.740396  0.260471  0.597886
-0.740897 -0.442252 -0.505455   1.46408
        0         0         0         1

-0.250955  -0.50278  0.827184  0.509715
-0.622135  0.738443  0.260095  0.600244
-0.741599 -0.449349 -0.498113   1.46562
        0         0         0         1

-0.251096 -0.502516  0.827302  0.511232
-0.623007  0.738024  0.259197  0.602363
-0.740819 -0.450332 -0.498385   1.46667
        0         0         0         1

-0.246608 -0.504698  0.827324  0.511396
 -0.62545  0.734985  0.261934  0.603804
-0.740268 -0.452854 -0.496917   1.46739
        0         0         0         1

-0.245435 -0.504082  0.828048  0.511644
-0.626915  0.734053  0.261043  0.605601
-0.739418 -0.455047 -0.496179   1.46894
        0         0         0         1

-0.245085 -0.505922  0.827028   0.51248
-0.628493  0.732431  0.261803  0.608015
-0.738193 -0.455618 -0.497477   1.47222
        0         0         0         1

-0.242458 -0.506252  0.827601  0.512175
-0.631096  0.730198  0.261781  0.610046
-0.736839 -0.458825 -0.496536   1.47345
        0         0         0         1

-0.241422  -0.50709  0.827391  0.514678
-0.637205  0.725888  0.258953  0.616446
-0.731905 -0.464701 -0.498366   1.48033
        0         0         0         1

-0.238432 -0.505949  0.828955  0.515271
 -0.63999   0.72387  0.257731  0.618877
-0.730455 -0.469071 -0.496395   1.48308
        0         0         0         1

-0.232599 -0.505261  0.831029   0.51466
-0.645886  0.719083  0.256419  0.621852
-0.727137 -0.477107 -0.493599   1.48639
        0         0         0         1

-0.230128 -0.502497  0.833389  0.515728
 -0.64845  0.717737  0.253704  0.625199
 -0.72564 -0.482027 -0.491016   1.49022
        0         0         0         1

-0.216845 -0.495357   0.84119  0.515807
-0.660385  0.709038  0.247299  0.631911
-0.718937 -0.501883 -0.480878    1.4979
        0         0         0         1

-0.214355 -0.490799  0.844493  0.517773
-0.665108  0.706519   0.24179  0.636292
-0.715321  -0.50985  -0.47788   1.50165
        0         0         0         1

-0.211177 -0.486143  0.847979  0.518817
-0.669531  0.704005  0.236866  0.641203
-0.712132 -0.517728 -0.474158   1.50969
        0         0         0         1

-0.203374 -0.482393  0.852019  0.517817
-0.676432  0.698365  0.233936  0.644204
-0.707869 -0.528756 -0.468336   1.51312
        0         0         0         1

-0.198142 -0.478993  0.855164  0.518797
-0.683046   0.69321  0.230018  0.649889
-0.702985 -0.538541 -0.464528   1.52094
        0         0         0         1

-0.191653 -0.474986   0.85887  0.518777
-0.691233  0.686564  0.225449  0.654133
-0.696755 -0.550471 -0.459907    1.5243
        0         0         0         1

-0.176584 -0.469464  0.865114  0.518728
-0.708228  0.670977  0.219552  0.664389
-0.683543 -0.573928 -0.450971   1.53993
        0         0         0         1

-0.172811 -0.466997  0.867208   0.51995
-0.713267  0.666522  0.216792  0.669242
-0.679254 -0.581087 -0.448276   1.54857
        0         0         0         1

-0.165859 -0.461149  0.871684  0.522054
-0.724163  0.656954   0.20976  0.677177
-0.669387 -0.596451 -0.442908    1.5563
        0         0         0         1

-0.157647 -0.459676  0.873982  0.521918
-0.731111  0.649263  0.209608  0.681416
-0.663796 -0.605934 -0.438429   1.56415
        0         0         0         1

-0.144565 -0.459898  0.876125  0.519564
 -0.74167  0.636474  0.211721  0.686702
-0.655001 -0.619188 -0.433104   1.57381
        0         0         0         1

 -0.13953 -0.457966  0.877951  0.521136
-0.750321  0.627477  0.208065  0.693544
-0.646181 -0.629714 -0.431174   1.58246
        0         0         0         1

-0.125773  -0.45351  0.882332  0.526592
-0.769769  0.605659  0.201575  0.710633
-0.625809 -0.653839 -0.425274   1.60315
        0         0         0         1

  -0.1189 -0.453199  0.883444  0.528124
-0.778088  0.595251  0.200638  0.717882
  -0.6168 -0.663541 -0.423404   1.61199
        0         0         0         1

-0.110516 -0.455674   0.88326   0.52977
-0.786483   0.58344  0.202589  0.726094
-0.607643 -0.672279 -0.422859   1.62754
        0         0         0         1

-0.101053 -0.456435     0.884  0.529442
 -0.79577  0.570372  0.203533  0.733267
-0.597108 -0.682893 -0.420855   1.63604
        0         0         0         1

-0.087607 -0.456741  0.885275  0.535307
-0.818383  0.539687  0.197454  0.755443
-0.567957 -0.707196 -0.421069   1.65883
        0         0         0         1

-0.0785075 -0.460708  0.884073  0.534617
-0.823762  0.529442  0.202751  0.761784
-0.561474 -0.712348 -0.421079   1.67223
        0         0         0         1

-0.0706893 -0.461125  0.884515  0.536794
-0.834479  0.513141  0.200826  0.773507
-0.546487 -0.723913 -0.421073   1.68677
        0         0         0         1

-0.0671177 -0.462242   0.88421  0.539844
-0.840952  0.503117  0.199182  0.783676
-0.536932 -0.730209 -0.422491   1.70047
        0         0         0         1

-0.0571192 -0.463533  0.884237  0.539951
-0.851538  0.484968  0.199222  0.795381
-0.521172 -0.741582 -0.422417   1.71411
        0         0         0         1

-0.0532761 -0.464056  0.884202  0.543253
-0.858752  0.473176  0.196595  0.806391
-0.509615 -0.748836 -0.423718   1.72621
        0         0         0         1

-0.0463026 -0.463506  0.884883  0.552067
-0.875949  0.444653  0.187076  0.834166
-0.480177  -0.76645 -0.426596   1.75584
        0         0         0         1

-0.0396282 -0.465899   0.88395  0.552373
-0.880759  0.434082  0.189304  0.843797
-0.471904 -0.771045 -0.427547   1.77097
        0         0         0         1

-0.037949 -0.467811  0.883013  0.556191
-0.890661  0.416489  0.182374  0.860523
-0.453082 -0.779544 -0.432466   1.78463
        0         0         0         1

-0.0335127 -0.467779   0.88321   0.55748
-0.896557  0.404587  0.180264  0.871663
-0.441659 -0.785807  -0.43295    1.7981
        0         0         0         1

-0.0286085 -0.466483  0.884067  0.567044
-0.913033  0.372199  0.166847  0.905221
 -0.40688  -0.80241 -0.436562   1.82578
        0         0         0         1

-0.0197554 -0.468438  0.883275  0.565859
 -0.91776  0.358978  0.169855   0.91641
-0.396643 -0.807279 -0.437006   1.83994
        0         0         0         1

-0.019147 -0.469627  0.882657  0.569955
-0.924413  0.344653  0.163324  0.932883
-0.380912 -0.812813 -0.440729   1.85848
        0         0         0         1

-0.0209111 -0.468286   0.88333  0.575991
-0.929875  0.333683  0.154884  0.948374
-0.367282 -0.818147 -0.442425   1.86986
        0         0         0         1

-0.0158472 -0.464216   0.88558  0.575008
-0.937119  0.315732  0.148735  0.965062
-0.348651 -0.827537 -0.440029   1.88412
        0         0         0         1

-0.0173458  -0.46368  0.885833  0.580987
-0.941117  0.306752  0.142137  0.979443
-0.337637 -0.831207 -0.441697   1.89872
        0         0         0         1

-0.0275154 -0.463577   0.88563  0.591949
-0.953002  0.279573  0.116732   1.01513
-0.301713 -0.840795 -0.449482   1.92917
        0         0         0         1

-0.0298879 -0.464953  0.884831  0.596843
 -0.95579  0.272364  0.110835   1.02834
-0.292529 -0.842399 -0.452538   1.94495
        0         0         0         1

-0.024066 -0.462802  0.886135  0.594636
-0.962361  0.250745   0.10482    1.0462
-0.270705  -0.85026 -0.451417   1.95441
        0         0         0         1

-0.0287541 -0.467345  0.883608  0.598519
-0.965381  0.242251 0.0967126   1.06042
-0.259253 -0.850237 -0.458131   1.97079
        0         0         0         1

-0.036049 -0.472891  0.880383  0.610891
-0.974647  0.211302 0.0735905    1.0994
-0.220827 -0.855409 -0.468519   1.99367
        0         0         0         1

-0.0368874 -0.474833  0.879303  0.611067
-0.976741  0.203114 0.0687086   1.11239
-0.211224 -0.856317 -0.471281   2.00882
        0         0         0         1

-0.038375 -0.477379  0.877859  0.612642
-0.982489  0.178319 0.0540207   1.13594
-0.182327 -0.860414 -0.475863   2.01288
        0         0         0         1

-0.0490913 -0.481222  0.875223  0.622687
-0.983672  0.175201 0.0411559   1.15201
-0.173145 -0.858912 -0.481966   2.02616
        0         0         0         1

-0.0481586 -0.487977  0.871527  0.621293
-0.984456   0.17073 0.0411948    1.1641
-0.168898 -0.855996 -0.488614   2.04822
        0         0         0         1

-0.0554791 -0.491178   0.86929  0.625321
-0.986994  0.158541 0.0265901   1.18169
-0.150879 -0.856509 -0.493586   2.05587
        0         0         0         1

 -0.0788305    -0.50894    0.857185    0.643491
  -0.990554    0.136769 -0.00989134     1.22161
  -0.112202   -0.849867   -0.514914     2.07744
          0           0           0           1

