  0.20986 -0.800346   0.56161  0.367116
-0.889732 -0.394481 -0.229699   1.07577
 0.405383 -0.451478 -0.794879   2.57025
        0         0         0         1

  0.20986 -0.800346   0.56161  0.367116
-0.889732 -0.394481 -0.229699   1.07577
 0.405383 -0.451478 -0.794879   2.57025
        0         0         0         1

 0.211887 -0.827304  0.520262  0.402156
-0.892103 -0.381112 -0.242705   1.02116
 0.399069 -0.412701 -0.818793   2.59917
        0         0         0         1

 0.211887 -0.827304  0.520262  0.402156
-0.892103 -0.381112 -0.242705   1.02116
 0.399069 -0.412701 -0.818793   2.59917
        0         0         0         1

 0.203783 -0.835876   0.50969  0.429196
-0.893486 -0.371601 -0.252182   0.99806
 0.400195  -0.40401 -0.822569   2.60138
        0         0         0         1

 0.203783 -0.835876   0.50969  0.429196
-0.893486 -0.371601 -0.252182   0.99806
 0.400195  -0.40401 -0.822569   2.60138
        0         0         0         1

 0.206775 -0.847864  0.488232  0.443065
-0.898081 -0.362476 -0.249123  0.963371
 0.388195 -0.386959 -0.836401   2.60514
        0         0         0         1

 0.206775 -0.847864  0.488232  0.443065
-0.898081 -0.362476 -0.249123  0.963371
 0.388195 -0.386959 -0.836401   2.60514
        0         0         0         1

 0.206187 -0.855815  0.474413  0.456495
-0.905552  -0.35059 -0.238879  0.906905
  0.37076 -0.380352 -0.847272   2.60934
        0         0         0         1

 0.206187 -0.855815  0.474413  0.456495
-0.905552  -0.35059 -0.238879  0.906905
  0.37076 -0.380352 -0.847272   2.60934
        0         0         0         1

 0.206321 -0.860047  0.466638  0.472255
-0.906481 -0.347559 -0.239782  0.877343
 0.368408 -0.373527 -0.851325   2.60308
        0         0         0         1

 0.206321 -0.860047  0.466638  0.472255
-0.906481 -0.347559 -0.239782  0.877343
 0.368408 -0.373527 -0.851325   2.60308
        0         0         0         1

 0.209549 -0.866881  0.452335  0.498942
-0.911295 -0.340834 -0.231026   0.82549
 0.354444 -0.363799 -0.861406    2.5993
        0         0         0         1

 0.209549 -0.866881  0.452335  0.498942
-0.911295 -0.340834 -0.231026   0.82549
 0.354444 -0.363799 -0.861406    2.5993
        0         0         0         1

 0.213049 -0.871565  0.441571  0.516042
-0.916967 -0.334395 -0.217604  0.787538
 0.337316 -0.358545 -0.870439   2.59027
        0         0         0         1

 0.213049 -0.871565  0.441571  0.516042
-0.916967 -0.334395 -0.217604  0.787538
 0.337316 -0.358545 -0.870439   2.59027
        0         0         0         1

 0.224489 -0.875304  0.428308  0.524688
-0.923826  -0.33102 -0.192278  0.745881
 0.310081 -0.352518 -0.882939   2.57976
        0         0         0         1

 0.224489 -0.875304  0.428308  0.524688
-0.923826  -0.33102 -0.192278  0.745881
 0.310081 -0.352518 -0.882939   2.57976
        0         0         0         1

  0.22941 -0.877966  0.420174  0.543431
-0.933414 -0.320804 -0.160697  0.695242
  0.27588 -0.355331 -0.893101   2.54887
        0         0         0         1

  0.22941 -0.877966  0.420174  0.543431
-0.933414 -0.320804 -0.160697  0.695242
  0.27588 -0.355331 -0.893101   2.54887
        0         0         0         1

 0.236258 -0.871548  0.429636  0.550508
-0.934285  -0.32525 -0.146027  0.663449
 0.267008 -0.366902 -0.891117   2.52265
        0         0         0         1

 0.236258 -0.871548  0.429636  0.550508
-0.934285  -0.32525 -0.146027  0.663449
 0.267008 -0.366902 -0.891117   2.52265
        0         0         0         1

 0.247979 -0.860025   0.44594  0.561132
-0.938921 -0.326739 -0.108021  0.603453
 0.238607 -0.391916 -0.888521   2.48603
        0         0         0         1

 0.247979 -0.860025   0.44594  0.561132
-0.938921 -0.326739 -0.108021  0.603453
 0.238607 -0.391916 -0.888521   2.48603
        0         0         0         1

  0.245173  -0.857572   0.452173    0.57593
 -0.943862  -0.317652 -0.0906726   0.571036
  0.221392  -0.404559  -0.887309    2.45792
         0          0          0          1

  0.245173  -0.857572   0.452173    0.57593
 -0.943862  -0.317652 -0.0906726   0.571036
  0.221392  -0.404559  -0.887309    2.45792
         0          0          0          1

  0.247362  -0.851834   0.461727   0.584135
 -0.947787  -0.311716 -0.0673206   0.534426
  0.201274  -0.420966  -0.884464    2.42554
         0          0          0          1

  0.247362  -0.851834   0.461727   0.584135
 -0.947787  -0.311716 -0.0673206   0.534426
  0.201274  -0.420966  -0.884464    2.42554
         0          0          0          1

  0.252366  -0.847024   0.467826   0.592856
 -0.952779  -0.301904 -0.0326414   0.482556
  0.168887  -0.437498  -0.883217    2.37251
         0          0          0          1

  0.252366  -0.847024   0.467826   0.592856
 -0.952779  -0.301904 -0.0326414   0.482556
  0.168887  -0.437498  -0.883217    2.37251
         0          0          0          1

   0.249507   -0.844699    0.473529    0.601105
  -0.958229   -0.285956 -0.00519875    0.446573
     0.1398   -0.452452   -0.880763     2.33721
          0           0           0           1

   0.249507   -0.844699    0.473529    0.601105
  -0.958229   -0.285956 -0.00519875    0.446573
     0.1398   -0.452452   -0.880763     2.33721
          0           0           0           1

 0.241963 -0.836524  0.491611  0.609994
-0.964363  -0.26323 0.0267329  0.402485
 0.107044  -0.48056 -0.870404   2.27539
        0         0         0         1

 0.241963 -0.836524  0.491611  0.609994
-0.964363  -0.26323 0.0267329  0.402485
 0.107044  -0.48056 -0.870404   2.27539
        0         0         0         1

 0.233527 -0.834855   0.49848  0.618258
-0.968809 -0.243491  0.046066  0.376703
 0.082917 -0.493689 -0.865676   2.23389
        0         0         0         1

 0.233527 -0.834855   0.49848  0.618258
-0.968809 -0.243491  0.046066  0.376703
 0.082917 -0.493689 -0.865676   2.23389
        0         0         0         1

 0.225732 -0.833098  0.504968  0.623604
-0.972592 -0.222394 0.0678647  0.351679
0.0557639 -0.506448 -0.860466   2.19144
        0         0         0         1

 0.225732 -0.833098  0.504968  0.623604
-0.972592 -0.222394 0.0678647  0.351679
0.0557639 -0.506448 -0.860466   2.19144
        0         0         0         1

 0.215294 -0.831983  0.511324  0.633351
-0.976528 -0.186911  0.107044  0.316381
0.00651333 -0.522368 -0.852695   2.13032
        0         0         0         1

 0.215294 -0.831983  0.511324  0.633351
-0.976528 -0.186911  0.107044  0.316381
0.00651333 -0.522368 -0.852695   2.13032
        0         0         0         1

 0.210162 -0.829664  0.517194  0.639155
-0.977257 -0.162966  0.135685   0.29633
-0.028288 -0.533947 -0.845045    2.0887
        0         0         0         1

 0.210162 -0.829664  0.517194  0.639155
-0.977257 -0.162966  0.135685   0.29633
-0.028288 -0.533947 -0.845045    2.0887
        0         0         0         1

 0.204198 -0.819512  0.535446    0.6464
-0.975276 -0.123096  0.183531  0.272693
-0.0844943 -0.559685 -0.824387     2.026
        0         0         0         1

 0.204198 -0.819512  0.535446    0.6464
-0.975276 -0.123096  0.183531  0.272693
-0.0844943 -0.559685 -0.824387     2.026
        0         0         0         1

  0.202259    -0.8123   0.547046   0.650877
 -0.971542 -0.0961115   0.216494    0.25993
 -0.123281  -0.575266  -0.808623    1.98452
         0          0          0          1

  0.202259    -0.8123   0.547046   0.650877
 -0.971542 -0.0961115   0.216494    0.25993
 -0.123281  -0.575266  -0.808623    1.98452
         0          0          0          1

 0.199856 -0.809667  0.551812  0.655069
  -0.9671 -0.072535  0.243835  0.248806
  -0.1574  -0.58239 -0.797526   1.94401
        0         0         0         1

 0.199856 -0.809667  0.551812  0.655069
  -0.9671 -0.072535  0.243835  0.248806
  -0.1574  -0.58239 -0.797526   1.94401
        0         0         0         1

  0.195077  -0.807554   0.556598   0.657976
 -0.959664 -0.0400151   0.278287   0.234289
  -0.20246  -0.588435  -0.782786     1.8852
         0          0          0          1

  0.195077  -0.807554   0.556598   0.657976
 -0.959664 -0.0400151   0.278287   0.234289
  -0.20246  -0.588435  -0.782786     1.8852
         0          0          0          1

  0.190439   -0.79749   0.572488   0.656465
 -0.955421 -0.0165396   0.294782    0.22682
 -0.225617  -0.603105  -0.765089    1.84652
         0          0          0          1

  0.190439   -0.79749   0.572488   0.656465
 -0.955421 -0.0165396   0.294782    0.22682
 -0.225617  -0.603105  -0.765089    1.84652
         0          0          0          1

   0.1841 -0.769639  0.611362  0.653204
-0.951122 0.0174069  0.308325  0.218908
-0.247941 -0.638242 -0.728816   1.79188
        0         0         0         1

   0.1841 -0.769639  0.611362  0.653204
-0.951122 0.0174069  0.308325  0.218908
-0.247941 -0.638242 -0.728816   1.79188
        0         0         0         1

 0.180171 -0.744654  0.642673  0.650655
-0.949394 0.0392417  0.311628   0.21521
-0.257274 -0.666296   -0.6999   1.75736
        0         0         0         1

 0.180171 -0.744654  0.642673  0.650655
-0.949394 0.0392417  0.311628   0.21521
-0.257274 -0.666296   -0.6999   1.75736
        0         0         0         1

 0.174743 -0.723543  0.667795  0.649111
-0.948964  0.057092  0.310175  0.212267
-0.262551 -0.687914  -0.67664     1.726
        0         0         0         1

 0.174743 -0.723543  0.667795  0.649111
-0.948964  0.057092  0.310175  0.212267
-0.262551 -0.687914  -0.67664     1.726
        0         0         0         1

 0.169387 -0.684476  0.709084  0.646178
-0.949062 0.0806733  0.304587  0.208347
-0.265687 -0.724558 -0.635945   1.68267
        0         0         0         1

 0.169387 -0.684476  0.709084  0.646178
-0.949062 0.0806733  0.304587  0.208347
-0.265687 -0.724558 -0.635945   1.68267
        0         0         0         1

 0.168928 -0.655536  0.736027  0.644744
-0.949622 0.0917473  0.299666  0.205543
 -0.26397 -0.749569 -0.607013    1.6577
        0         0         0         1

 0.168928 -0.655536  0.736027  0.644744
-0.949622 0.0917473  0.299666  0.205543
 -0.26397 -0.749569 -0.607013    1.6577
        0         0         0         1

 0.171474 -0.631326  0.756323  0.644379
-0.950102 0.0970835  0.296446  0.203177
-0.260581 -0.769417 -0.583177   1.63588
        0         0         0         1

 0.171474 -0.631326  0.756323  0.644379
-0.950102 0.0970835  0.296446  0.203177
-0.260581 -0.769417 -0.583177   1.63588
        0         0         0         1

  0.18753 -0.599753  0.777901  0.645718
-0.947012 0.0998529  0.305284  0.198936
 -0.26077 -0.793931 -0.549247   1.60875
        0         0         0         1

  0.18753 -0.599753  0.777901  0.645718
-0.947012 0.0998529  0.305284  0.198936
 -0.26077 -0.793931 -0.549247   1.60875
        0         0         0         1

 0.201321 -0.583341  0.786882  0.648496
-0.944288 0.0979512  0.314208  0.196401
-0.260366 -0.806299 -0.531122   1.59395
        0         0         0         1

 0.201321 -0.583341  0.786882  0.648496
-0.944288 0.0979512  0.314208  0.196401
-0.260366 -0.806299 -0.531122   1.59395
        0         0         0         1

 0.223108  -0.56476  0.794524   0.65511
-0.938934 0.0945371  0.330857  0.192202
-0.261967 -0.819823  -0.50918    1.5772
        0         0         0         1

 0.223108  -0.56476  0.794524   0.65511
-0.938934 0.0945371  0.330857  0.192202
-0.261967 -0.819823  -0.50918    1.5772
        0         0         0         1

 0.233615 -0.552937  0.799803  0.660761
-0.935905 0.0951574  0.339155    0.1895
-0.263639 -0.827772 -0.495266   1.56905
        0         0         0         1

 0.233615 -0.552937  0.799803  0.660761
-0.935905 0.0951574  0.339155    0.1895
-0.263639 -0.827772 -0.495266   1.56905
        0         0         0         1

 0.236968  -0.54008  0.807564  0.666618
-0.933987  0.102164   0.34239  0.186267
-0.267422  -0.83539 -0.480218   1.56309
        0         0         0         1

 0.236968  -0.54008  0.807564  0.666618
-0.933987  0.102164   0.34239  0.186267
-0.267422  -0.83539 -0.480218   1.56309
        0         0         0         1

 0.234619 -0.519376  0.821707  0.675942
-0.936169  0.106935  0.334891  0.182557
-0.261804 -0.847829 -0.461135   1.55554
        0         0         0         1

 0.234619 -0.519376  0.821707  0.675942
-0.936169  0.106935  0.334891  0.182557
-0.261804 -0.847829 -0.461135   1.55554
        0         0         0         1

 0.231418 -0.511541  0.827509  0.682066
-0.939249  0.104154  0.327052  0.180258
-0.253489 -0.852923 -0.456362   1.55225
        0         0         0         1

 0.231418 -0.511541  0.827509  0.682066
-0.939249  0.104154  0.327052  0.180258
-0.253489 -0.852923 -0.456362   1.55225
        0         0         0         1

 0.219019  -0.50417   0.83537  0.689691
-0.946093 0.0996452  0.308187   0.17783
-0.238619 -0.857836 -0.455168   1.54973
        0         0         0         1

 0.219019  -0.50417   0.83537  0.689691
-0.946093 0.0996452  0.308187   0.17783
-0.238619 -0.857836 -0.455168   1.54973
        0         0         0         1

 0.204479 -0.498233  0.842586  0.694631
-0.951788 0.0998809  0.290041  0.177126
-0.228667 -0.861271 -0.453789   1.54908
        0         0         0         1

 0.204479 -0.498233  0.842586  0.694631
-0.951788 0.0998809  0.290041  0.177126
-0.228667 -0.861271 -0.453789   1.54908
        0         0         0         1

 0.191906 -0.488322  0.851301  0.698577
-0.956343  0.101763  0.273958  0.176069
-0.220411  -0.86671 -0.447474    1.5489
        0         0         0         1

 0.191906 -0.488322  0.851301  0.698577
-0.956343  0.101763  0.273958  0.176069
-0.220411  -0.86671 -0.447474    1.5489
        0         0         0         1

 0.177915 -0.479847  0.859124  0.704296
-0.959917   0.10752  0.258841  0.175512
-0.216577 -0.870739 -0.441483   1.54906
        0         0         0         1

 0.177915 -0.479847  0.859124  0.704296
-0.959917   0.10752  0.258841  0.175512
-0.216577 -0.870739 -0.441483   1.54906
        0         0         0         1

 0.174056 -0.474654  0.862791  0.707572
-0.960454  0.111542  0.255121   0.17585
-0.217332 -0.873076 -0.436469   1.54937
        0         0         0         1

 0.174056 -0.474654  0.862791  0.707572
-0.960454  0.111542  0.255121   0.17585
-0.217332 -0.873076 -0.436469   1.54937
        0         0         0         1

  0.17741 -0.470586  0.864335  0.713749
-0.958676  0.115845  0.259845  0.177803
-0.222408 -0.874717 -0.430587   1.55069
        0         0         0         1

  0.17741 -0.470586  0.864335  0.713749
-0.958676  0.115845  0.259845  0.177803
-0.222408 -0.874717 -0.430587   1.55069
        0         0         0         1

 0.181318 -0.476344  0.860361  0.717168
-0.956835   0.11661  0.266212  0.179686
-0.227135 -0.871492 -0.434639   1.55298
        0         0         0         1

 0.181318 -0.476344  0.860361  0.717168
-0.956835   0.11661  0.266212  0.179686
-0.227135 -0.871492 -0.434639   1.55298
        0         0         0         1

 0.188437 -0.478559  0.857597  0.719387
-0.953479  0.120081  0.276512  0.182148
-0.235308 -0.869806 -0.433669   1.55494
        0         0         0         1

 0.188437 -0.478559  0.857597  0.719387
-0.953479  0.120081  0.276512  0.182148
-0.235308 -0.869806 -0.433669   1.55494
        0         0         0         1

 0.205842 -0.467573  0.859654  0.718629
-0.948632   0.12034  0.292601  0.186741
-0.240262 -0.875725 -0.418784   1.55786
        0         0         0         1

 0.205842 -0.467573  0.859654  0.718629
-0.948632   0.12034  0.292601  0.186741
-0.240262 -0.875725 -0.418784   1.55786
        0         0         0         1

 0.211897 -0.465354  0.859387  0.716426
-0.948945  0.112284   0.29478  0.190715
-0.233672 -0.877974 -0.417803   1.56314
        0         0         0         1

 0.211897 -0.465354  0.859387  0.716426
-0.948945  0.112284   0.29478  0.190715
-0.233672 -0.877974 -0.417803   1.56314
        0         0         0         1

 0.207314 -0.482461   0.85103  0.711491
-0.953401 0.0952781  0.286267  0.198528
-0.219197  -0.87072 -0.440226   1.57516
        0         0         0         1

 0.207314 -0.482461   0.85103  0.711491
-0.953401 0.0952781  0.286267  0.198528
-0.219197  -0.87072 -0.440226   1.57516
        0         0         0         1

 0.205641 -0.487954    0.8483  0.707103
-0.956458 0.0832496  0.279747  0.204459
-0.207124  -0.86889 -0.449588   1.58217
        0         0         0         1

 0.205641 -0.487954    0.8483  0.707103
-0.956458 0.0832496  0.279747  0.204459
-0.207124  -0.86889 -0.449588   1.58217
        0         0         0         1

 0.202739 -0.507717  0.837329  0.703274
-0.961411 0.0591919  0.268673  0.210825
-0.185973 -0.859488 -0.476124   1.59189
        0         0         0         1

 0.202739 -0.507717  0.837329  0.703274
-0.961411 0.0591919  0.268673  0.210825
-0.185973 -0.859488 -0.476124   1.59189
        0         0         0         1

 0.202604 -0.532723   0.82168  0.696971
-0.967488 0.0208234  0.252057  0.221539
-0.151387 -0.846034 -0.511184   1.60941
        0         0         0         1

 0.202604 -0.532723   0.82168  0.696971
-0.967488 0.0208234  0.252057  0.221539
-0.151387 -0.846034 -0.511184   1.60941
        0         0         0         1

    0.19783   -0.551845    0.810143    0.693274
  -0.972653 -0.00790239     0.23213    0.229921
  -0.121698   -0.833909   -0.538316     1.62415
          0           0           0           1

    0.19783   -0.551845    0.810143    0.693274
  -0.972653 -0.00790239     0.23213    0.229921
  -0.121698   -0.833909   -0.538316     1.62415
          0           0           0           1

   0.19951  -0.573875   0.794269   0.686325
 -0.976614 -0.0501672   0.209065   0.243811
-0.0801311  -0.817405  -0.570463    1.64865
         0          0          0          1

   0.19951  -0.573875   0.794269   0.686325
 -0.976614 -0.0501672   0.209065   0.243811
-0.0801311  -0.817405  -0.570463    1.64865
         0          0          0          1

  0.210835  -0.589399   0.779845   0.682046
 -0.975644 -0.0774587   0.205227   0.254278
 -0.060555   -0.80412  -0.591374    1.66706
         0          0          0          1

  0.210835  -0.589399   0.779845   0.682046
 -0.975644 -0.0774587   0.205227   0.254278
 -0.060555   -0.80412  -0.591374    1.66706
         0          0          0          1

 0.228167 -0.602088  0.765134  0.676749
-0.972696 -0.106693  0.206106  0.265453
-0.0424596 -0.791269 -0.609992   1.68614
        0         0         0         1

 0.228167 -0.602088  0.765134  0.676749
-0.972696 -0.106693  0.206106  0.265453
-0.0424596 -0.791269 -0.609992   1.68614
        0         0         0         1

 0.254364 -0.611199  0.749489  0.668696
-0.967053 -0.152431  0.203895  0.286633
-0.0103749 -0.776659 -0.629835   1.71535
        0         0         0         1

 0.254364 -0.611199  0.749489  0.668696
-0.967053 -0.152431  0.203895  0.286633
-0.0103749 -0.776659 -0.629835   1.71535
        0         0         0         1

 0.270129 -0.609699  0.745183  0.662182
-0.962694 -0.183761  0.198625  0.303094
 0.015834 -0.771038 -0.636593   1.73522
        0         0         0         1

 0.270129 -0.609699  0.745183  0.662182
-0.962694 -0.183761  0.198625  0.303094
 0.015834 -0.771038 -0.636593   1.73522
        0         0         0         1

 0.289668 -0.601183  0.744762     0.652
-0.955181 -0.231169  0.184906  0.331398
0.0610037 -0.764944 -0.641201   1.76635
        0         0         0         1

 0.289668 -0.601183  0.744762     0.652
-0.955181 -0.231169  0.184906  0.331398
0.0610037 -0.764944 -0.641201   1.76635
        0         0         0         1

 0.302283 -0.593723  0.745733  0.644984
-0.948587 -0.264394   0.17401  0.353365
0.0938531 -0.759992  -0.64312    1.7869
        0         0         0         1

 0.302283 -0.593723  0.745733  0.644984
-0.948587 -0.264394   0.17401  0.353365
0.0938531 -0.759992  -0.64312    1.7869
        0         0         0         1

 0.316472  -0.59083  0.742135  0.638692
-0.940827 -0.295456  0.165982  0.377011
 0.121201  -0.75075 -0.649373   1.80912
        0         0         0         1

 0.316472  -0.59083  0.742135  0.638692
-0.940827 -0.295456  0.165982  0.377011
 0.121201  -0.75075 -0.649373   1.80912
        0         0         0         1

 0.340253  -0.58712  0.734519  0.627037
-0.926472 -0.342943  0.155048  0.416659
 0.160867 -0.733267 -0.660637   1.84037
        0         0         0         1

 0.340253  -0.58712  0.734519  0.627037
-0.926472 -0.342943  0.155048  0.416659
 0.160867 -0.733267 -0.660637   1.84037
        0         0         0         1

 0.355122  -0.58899  0.725933  0.620491
-0.916785  -0.37123  0.147287  0.446567
 0.182737 -0.717829  -0.67181   1.86101
        0         0         0         1

 0.355122  -0.58899  0.725933  0.620491
-0.916785  -0.37123  0.147287  0.446567
 0.182737 -0.717829  -0.67181   1.86101
        0         0         0         1

  0.37443 -0.589517  0.715732  0.609303
-0.901888  -0.41085  0.133416  0.494565
 0.215408 -0.695465 -0.685513   1.89086
        0         0         0         1

  0.37443 -0.589517  0.715732  0.609303
-0.901888  -0.41085  0.133416  0.494565
 0.215408 -0.695465 -0.685513   1.89086
        0         0         0         1

 0.387962 -0.590019   0.70807  0.601097
-0.892413 -0.432518  0.128558  0.526543
 0.230401 -0.681767 -0.694341   1.91273
        0         0         0         1

 0.387962 -0.590019   0.70807  0.601097
-0.892413 -0.432518  0.128558  0.526543
 0.230401 -0.681767 -0.694341   1.91273
        0         0         0         1

 0.397101  -0.59399  0.699633  0.594836
 -0.88277 -0.455733  0.114129  0.563167
 0.251054 -0.662935 -0.705329   1.93285
        0         0         0         1

 0.397101  -0.59399  0.699633  0.594836
 -0.88277 -0.455733  0.114129  0.563167
 0.251054 -0.662935 -0.705329   1.93285
        0         0         0         1

 0.412025 -0.594913  0.690155  0.580168
-0.866759 -0.489496 0.0955129  0.618305
 0.281006 -0.637552 -0.717331   1.96145
        0         0         0         1

 0.412025 -0.594913  0.690155  0.580168
-0.866759 -0.489496 0.0955129  0.618305
 0.281006 -0.637552 -0.717331   1.96145
        0         0         0         1

 0.417525 -0.602314   0.68036  0.575254
-0.859464 -0.504813 0.0805336  0.657795
 0.294948  -0.61837  -0.72844   1.98548
        0         0         0         1

 0.417525 -0.602314   0.68036  0.575254
-0.859464 -0.504813 0.0805336  0.657795
 0.294948  -0.61837  -0.72844   1.98548
        0         0         0         1

  0.42861 -0.608212  0.668111  0.558534
-0.842817 -0.535571  0.053133  0.717269
 0.325505 -0.585868 -0.742162   2.01491
        0         0         0         1

  0.42861 -0.608212  0.668111  0.558534
-0.842817 -0.535571  0.053133  0.717269
 0.325505 -0.585868 -0.742162   2.01491
        0         0         0         1

 0.432668 -0.612358  0.661676  0.547036
-0.830883 -0.555689 0.0290412  0.760982
 0.349903 -0.562341 -0.749227   2.03078
        0         0         0         1

 0.432668 -0.612358  0.661676  0.547036
-0.830883 -0.555689 0.0290412  0.760982
 0.349903 -0.562341 -0.749227   2.03078
        0         0         0         1

  0.438331  -0.624705   0.646227   0.539981
 -0.823348  -0.567451 0.00991902   0.802015
  0.360506  -0.536418   -0.76308    2.05449
         0          0          0          1

  0.438331  -0.624705   0.646227   0.539981
 -0.823348  -0.567451 0.00991902   0.802015
  0.360506  -0.536418   -0.76308    2.05449
         0          0          0          1

   0.43914  -0.644856   0.625554   0.529765
 -0.811726  -0.583196 -0.0313579   0.871431
  0.385042  -0.494008  -0.779551    2.08007
         0          0          0          1

   0.43914  -0.644856   0.625554   0.529765
 -0.811726  -0.583196 -0.0313579   0.871431
  0.385042  -0.494008  -0.779551    2.08007
         0          0          0          1

  0.434194  -0.660972    0.61204   0.525507
 -0.807077  -0.587222 -0.0616128   0.919655
  0.400128  -0.467211  -0.788423    2.09598
         0          0          0          1

  0.434194  -0.660972    0.61204   0.525507
 -0.807077  -0.587222 -0.0616128   0.919655
  0.400128  -0.467211  -0.788423    2.09598
         0          0          0          1

  0.438973  -0.675727   0.592196   0.510076
 -0.794335  -0.599895 -0.0957008   0.987602
  0.419923  -0.428392  -0.800091    2.11802
         0          0          0          1

  0.438973  -0.675727   0.592196   0.510076
 -0.794335  -0.599895 -0.0957008   0.987602
  0.419923  -0.428392  -0.800091    2.11802
         0          0          0          1

 0.437891 -0.689047  0.577465  0.502842
-0.786184 -0.605053 -0.125803    1.0363
 0.436081 -0.398905 -0.806665   2.12526
        0         0         0         1

 0.437891 -0.689047  0.577465  0.502842
-0.786184 -0.605053 -0.125803    1.0363
 0.436081 -0.398905 -0.806665   2.12526
        0         0         0         1

  0.43878 -0.700973  0.562235  0.491335
-0.785122 -0.603408 -0.139581     1.077
   0.4371 -0.380178 -0.815113   2.14297
        0         0         0         1

  0.43878 -0.700973  0.562235  0.491335
-0.785122 -0.603408 -0.139581     1.077
   0.4371 -0.380178 -0.815113   2.14297
        0         0         0         1

 0.433116 -0.733882  0.523285  0.489288
-0.782566 -0.594237  -0.18567   1.15184
 0.447215 -0.329088 -0.831685    2.1551
        0         0         0         1

 0.433116 -0.733882  0.523285  0.489288
-0.782566 -0.594237  -0.18567   1.15184
 0.447215 -0.329088 -0.831685    2.1551
        0         0         0         1

