 0.631995 -0.364688  0.683801   1.37656
-0.772854 -0.231407  0.590887   1.08891
-0.0572531 -0.901916 -0.428099   1.88931
        0         0         0         1

 0.631624 -0.369016   0.68182   1.38069
-0.772297 -0.222477   0.59503   1.08208
-0.0678869 -0.902403 -0.425512   1.88636
        0         0         0         1

 0.630258 -0.372518  0.681179    1.3892
-0.772236 -0.210204  0.599554   1.06949
-0.0801587 -0.903905 -0.420155   1.87315
        0         0         0         1

 0.631169 -0.372959  0.680093   1.39227
-0.770893 -0.204715  0.603172   1.06406
-0.0857334 -0.904982 -0.416721   1.86614
        0         0         0         1

 0.628823 -0.368243   0.68482   1.40897
-0.769196 -0.165867  0.617111   1.04155
-0.113658 -0.914814 -0.387552   1.84982
        0         0         0         1

 0.628267 -0.367383  0.685792   1.41213
-0.768867 -0.158548   0.61944   1.03678
-0.118841 -0.916457 -0.382079   1.84265
        0         0         0         1

 0.630115 -0.361223  0.687367   1.41778
-0.765197 -0.138357  0.628754   1.02569
-0.132019 -0.922158 -0.363587   1.83294
        0         0         0         1

 0.625415 -0.371679  0.686084   1.43554
-0.763101 -0.107792  0.637226   1.00323
-0.162889 -0.922082 -0.351043   1.80333
        0         0         0         1

 0.625415 -0.371679  0.686084   1.43554
-0.763101 -0.107792  0.637226   1.00323
-0.162889 -0.922082 -0.351043   1.80333
        0         0         0         1

  0.622488  -0.378942   0.684771     1.4458
 -0.761481 -0.0912312   0.641735   0.991276
 -0.180707  -0.920913  -0.345347    1.78221
         0          0          0          1

  0.622488  -0.378942   0.684771     1.4458
 -0.761481 -0.0912312   0.641735   0.991276
 -0.180707  -0.920913  -0.345347    1.78221
         0          0          0          1

  0.618646   -0.38273   0.686145    1.45132
 -0.761722 -0.0782043   0.643167   0.985809
   -0.1925  -0.920544  -0.339915    1.77865
         0          0          0          1

  0.613289  -0.388978    0.68744    1.45866
 -0.761391 -0.0595813    0.64555   0.977179
 -0.210146  -0.919319  -0.332704    1.76569
         0          0          0          1

  0.609217  -0.386946    0.69219     1.4682
 -0.755398 -0.0175625   0.655031    0.96053
 -0.241305  -0.921935  -0.302998    1.73752
         0          0          0          1

  0.609217  -0.386946    0.69219     1.4682
 -0.755398 -0.0175625   0.655031    0.96053
 -0.241305  -0.921935  -0.302998    1.73752
         0          0          0          1

  0.605074   -0.38607   0.696301    1.47753
 -0.753092 0.00624141   0.657886   0.951793
 -0.258336  -0.922448   -0.28697    1.71455
         0          0          0          1

  0.605074   -0.38607   0.696301    1.47753
 -0.753092 0.00624141   0.657886   0.951793
 -0.258336  -0.922448   -0.28697    1.71455
         0          0          0          1

 0.593695 -0.404951  0.695371   1.49379
-0.749072  0.037569  0.661422  0.938555
-0.293968 -0.913566 -0.281033   1.68299
        0         0         0         1

 0.593695 -0.404951  0.695371   1.49379
-0.749072  0.037569  0.661422  0.938555
-0.293968 -0.913566 -0.281033   1.68299
        0         0         0         1

 0.599642 -0.403594  0.691043   1.49786
-0.737838 0.0555445  0.672688  0.931737
-0.309877 -0.913251  -0.26448   1.66353
        0         0         0         1

 0.599642 -0.403594  0.691043   1.49786
-0.737838 0.0555445  0.672688  0.931737
-0.309877 -0.913251  -0.26448   1.66353
        0         0         0         1

 0.597162 -0.406248  0.691636   1.50062
-0.735938 0.0654821  0.673875  0.928986
 -0.31905 -0.911414  -0.25987   1.65866
        0         0         0         1

 0.595118 -0.409768  0.691321   1.50319
-0.732033 0.0785526  0.676726  0.925248
-0.331605 -0.908801 -0.253216   1.64566
        0         0         0         1

 0.593774 -0.408412  0.693276   1.50501
-0.730564 0.0874421  0.677222  0.923223
-0.337208   -0.9086 -0.246451   1.64033
        0         0         0         1

 0.595756 -0.403189  0.694632   1.51075
-0.717137  0.122395    0.6861  0.916123
-0.361648 -0.906895 -0.216224   1.62054
        0         0         0         1

 0.594548 -0.406082  0.693982   1.51628
-0.706936  0.147213  0.691787  0.911546
-0.383085 -0.901901 -0.199549   1.60053
        0         0         0         1

 0.594548 -0.406082  0.693982   1.51628
-0.706936  0.147213  0.691787  0.911546
-0.383085 -0.901901 -0.199549   1.60053
        0         0         0         1

 0.592048 -0.407131  0.695502   1.51894
-0.705412  0.155525  0.691525   0.91034
-0.389709 -0.900031 -0.195117    1.5935
        0         0         0         1

 0.594208  -0.40351  0.695771   1.52329
-0.692501  0.183327  0.697735  0.905921
-0.409097 -0.896421 -0.170496   1.57167
        0         0         0         1

  0.59438 -0.402434  0.696247   1.52376
-0.689869  0.189765   0.69862  0.904816
-0.413272 -0.895565 -0.164834   1.56613
        0         0         0         1

 0.591944 -0.398828  0.700384   1.52913
-0.686658  0.205462  0.697342  0.902135
-0.422022 -0.893712 -0.152236   1.55555
        0         0         0         1

 0.595191 -0.396853  0.698753   1.52817
-0.681817  0.210805  0.700491  0.901581
-0.425293 -0.893347 -0.145112   1.55123
        0         0         0         1

 0.596468  -0.39247  0.700139   1.52941
-0.675128  0.226433   0.70209  0.899404
-0.434083 -0.891457 -0.129907   1.54377
        0         0         0         1

 0.599776 -0.385671  0.701089   1.53163
-0.664667  0.247708  0.704882  0.897885
-0.445518 -0.888762 -0.107773   1.52057
        0         0         0         1

 0.599776 -0.385671  0.701089   1.53163
-0.664667  0.247708  0.704882  0.897885
-0.445518 -0.888762 -0.107773   1.52057
        0         0         0         1

  0.601394  -0.379335   0.703158    1.53419
 -0.656882   0.266216   0.705432   0.895173
 -0.454787  -0.886134 -0.0890775    1.50984
         0          0          0          1

  0.601394  -0.379335   0.703158    1.53419
 -0.656882   0.266216   0.705432   0.895173
 -0.454787  -0.886134 -0.0890775    1.50984
         0          0          0          1

  0.599531  -0.376986   0.706006    1.53651
 -0.655571   0.274715   0.703391   0.893598
 -0.459119  -0.884541 -0.0824408    1.50692
         0          0          0          1

  0.596449  -0.372051   0.711215    1.54043
 -0.651637   0.292892   0.699703   0.891895
 -0.468634  -0.880791 -0.0677469    1.49309
         0          0          0          1

  0.597608  -0.370303   0.711154    1.53976
 -0.649586   0.296321   0.700166   0.891782
 -0.470004   -0.88038 -0.0634602    1.48975
         0          0          0          1

  0.597238  -0.368129   0.712592    1.54056
 -0.645801   0.306172   0.699429   0.890947
 -0.475656  -0.877918 -0.0548804    1.48416
         0          0          0          1

 0.597347 -0.367019  0.713073   1.54024
-0.644395  0.309652  0.699193  0.890702
-0.477421 -0.877162 -0.051536    1.4812
        0         0         0         1

  0.593504  -0.366127   0.716731    1.54321
 -0.641878   0.321914   0.695963   0.889318
 -0.485536  -0.873111 -0.0439512    1.47647
         0          0          0          1

  0.593442  -0.366121   0.716785    1.54393
 -0.641764   0.322232   0.695921   0.889291
 -0.485763  -0.872996 -0.0437375    1.47197
         0          0          0          1

  0.589089  -0.369523   0.718629    1.54719
 -0.639451   0.330541    0.69415   0.887789
 -0.494041  -0.868444 -0.0415737    1.46068
         0          0          0          1

  0.587261  -0.370221   0.719764    1.54862
 -0.638521   0.334581   0.693071   0.887288
 -0.497409  -0.866598 -0.0399074    1.45896
         0          0          0          1

  0.588402  -0.371985   0.717921    1.54775
 -0.634768   0.337477   0.695111   0.887338
 -0.500853  -0.864718 -0.0375519    1.45423
         0          0          0          1

  0.588357  -0.372699   0.717587    1.54799
 -0.631689   0.342148   0.695632   0.886734
 -0.504782  -0.862572 -0.0341252    1.45355
         0          0          0          1

  0.592669   -0.37596   0.712319    1.54568
 -0.623944   0.344963   0.701209   0.887121
  -0.50935  -0.860032 -0.0301291    1.45062
         0          0          0          1

  0.591417  -0.377547    0.71252    1.54728
 -0.624209   0.345032    0.70094   0.886822
  -0.51048  -0.859308 -0.0316109    1.44693
         0          0          0          1

  0.587985  -0.378297   0.714958     1.5517
 -0.622757   0.352344    0.69859   0.885389
 -0.516186  -0.856005 -0.0284144    1.43871
         0          0          0          1

  0.588572   -0.38159   0.712722    1.55213
  -0.61935   0.353791   0.700884   0.885309
 -0.519605  -0.853944 -0.0281066    1.43259
         0          0          0          1

  0.588572   -0.38159   0.712722    1.55213
  -0.61935   0.353791   0.700884   0.885309
 -0.519605  -0.853944 -0.0281066    1.43259
         0          0          0          1

 0.585662 -0.386084  0.712699   1.55617
-0.615738  0.359905  0.700953  0.883779
 -0.52713 -0.849357 -0.026944   1.42727
        0         0         0         1

 0.585662 -0.386084  0.712699   1.55617
-0.615738  0.359905  0.700953  0.883779
 -0.52713 -0.849357 -0.026944   1.42727
        0         0         0         1

  0.584844  -0.391014    0.71068    1.55822
 -0.612286   0.361861   0.702967   0.883116
 -0.532037  -0.846265 -0.0277795    1.42342
         0          0          0          1

  0.584844  -0.391014    0.71068    1.55822
 -0.612286   0.361861   0.702967   0.883116
 -0.532037  -0.846265 -0.0277795    1.42342
         0          0          0          1

  0.588605  -0.394931   0.705389    1.55662
 -0.607877   0.359007   0.708236   0.884698
 -0.532944  -0.845661 -0.0287561    1.41781
         0          0          0          1

  0.588605  -0.394931   0.705389    1.55662
 -0.607877   0.359007   0.708236   0.884698
 -0.532944  -0.845661 -0.0287561    1.41781
         0          0          0          1

 0.590964 -0.398032  0.701664   1.55716
-0.602786  0.360159  0.711993   0.88443
-0.536107 -0.843715 -0.027087   1.41307
        0         0         0         1

 0.590964 -0.398032  0.701664   1.55716
-0.602786  0.360159  0.711993   0.88443
-0.536107 -0.843715 -0.027087   1.41307
        0         0         0         1

  0.593729  -0.400104   0.698143    1.55857
 -0.596605    0.36331   0.715589   0.883934
 -0.539953  -0.841381 -0.0229962    1.41269
         0          0          0          1

  0.593729  -0.400104   0.698143    1.55857
 -0.596605    0.36331   0.715589   0.883934
 -0.539953  -0.841381 -0.0229962    1.41269
         0          0          0          1

  0.592297  -0.406821   0.695472    1.56188
 -0.594251   0.362331    0.71804   0.883483
 -0.544105  -0.838578 -0.0271464    1.40697
         0          0          0          1

  0.592297  -0.406821   0.695472    1.56188
 -0.594251   0.362331    0.71804   0.883483
 -0.544105  -0.838578 -0.0271464    1.40697
         0          0          0          1

  0.594246  -0.410774   0.691473    1.56155
 -0.591549   0.359271   0.721799   0.883823
 -0.544923  -0.837967 -0.0294978     1.4032
         0          0          0          1

  0.594246  -0.410774   0.691473    1.56155
 -0.591549   0.359271   0.721799   0.883823
 -0.544923  -0.837967 -0.0294978     1.4032
         0          0          0          1

  0.595646   -0.41586   0.687216    1.56215
 -0.587618   0.357704   0.725778    0.88442
 -0.547642  -0.836127 -0.0313022    1.40138
         0          0          0          1

  0.595646   -0.41586   0.687216    1.56215
 -0.587618   0.357704   0.725778    0.88442
 -0.547642  -0.836127 -0.0313022    1.40138
         0          0          0          1

  0.597071  -0.415591   0.686141    1.56375
 -0.586125   0.357965   0.726855   0.885062
 -0.547689  -0.836149 -0.0298575    1.39697
         0          0          0          1

  0.597071  -0.415591   0.686141    1.56375
 -0.586125   0.357965   0.726855   0.885062
 -0.547689  -0.836149 -0.0298575    1.39697
         0          0          0          1

  0.599694  -0.415309   0.684021    1.56313
 -0.583271   0.358367    0.72895   0.885602
  -0.54787  -0.836117 -0.0273276    1.39544
         0          0          0          1

  0.599694  -0.415309   0.684021    1.56313
 -0.583271   0.358367    0.72895   0.885602
  -0.54787  -0.836117 -0.0273276    1.39544
         0          0          0          1

  0.603586  -0.414698   0.680962    1.56139
 -0.578219   0.360371    0.73198   0.886173
  -0.54895  -0.835559 -0.0222712    1.39394
         0          0          0          1

  0.603586  -0.414698   0.680962    1.56139
 -0.578219   0.360371    0.73198   0.886173
  -0.54895  -0.835559 -0.0222712    1.39394
         0          0          0          1

  0.602393  -0.415598    0.68147    1.56389
 -0.578976   0.360204   0.731464   0.885847
 -0.549463  -0.835184 -0.0236371    1.39112
         0          0          0          1

  0.602393  -0.415598    0.68147    1.56389
 -0.578976   0.360204   0.731464   0.885847
 -0.549463  -0.835184 -0.0236371    1.39112
         0          0          0          1

  0.603052  -0.415582   0.680897    1.56385
 -0.577991   0.360642   0.732027   0.885922
 -0.549777  -0.835002 -0.0227166    1.39084
         0          0          0          1

  0.603172   -0.41606   0.680499    1.56386
  -0.57769    0.36039   0.732389   0.885985
 -0.549962  -0.834873 -0.0229768    1.38941
         0          0          0          1

  0.603859  -0.415432   0.680272    1.56435
 -0.576005   0.362498   0.732676   0.886076
 -0.550974  -0.834273 -0.0203933    1.38824
         0          0          0          1

  0.603859  -0.415432   0.680272    1.56435
 -0.576005   0.362498   0.732676   0.886076
 -0.550974  -0.834273 -0.0203933    1.38824
         0          0          0          1

  0.603464  -0.414642   0.681104    1.56525
 -0.576165   0.363748    0.73193   0.885681
 -0.551239  -0.834122 -0.0193931    1.38842
         0          0          0          1

  0.602761  -0.414626   0.681737    1.56616
  -0.57672   0.364069   0.731333   0.885901
 -0.551429   -0.83399 -0.0196769    1.38683
         0          0          0          1

  0.603663  -0.414033   0.681298    1.56536
 -0.575914   0.364459   0.731774   0.885997
 -0.551283  -0.834114 -0.0184371    1.38707
         0          0          0          1

  0.605307  -0.412165   0.680973    1.56435
 -0.575025   0.365138   0.732134   0.886282
 -0.550409  -0.834742 -0.0159845    1.38577
         0          0          0          1

  0.605087   -0.40888   0.683145    1.56512
 -0.575814   0.367819   0.730169   0.885648
 -0.549826   -0.83518 -0.0128766    1.38478
         0          0          0          1

  0.605087   -0.40888   0.683145    1.56512
 -0.575814   0.367819   0.730169   0.885648
 -0.549826   -0.83518 -0.0128766    1.38478
         0          0          0          1

   0.605791   -0.406059    0.684203     1.56507
  -0.573831    0.372697    0.729256    0.885115
  -0.551121   -0.834394 -0.00723276      1.3854
          0           0           0           1

   0.605791   -0.406059    0.684203     1.56507
  -0.573831    0.372697    0.729256    0.885115
  -0.551121   -0.834394 -0.00723276      1.3854
          0           0           0           1

   0.604736   -0.405346    0.685557     1.56561
  -0.575259    0.372993    0.727979    0.884932
  -0.550791   -0.834608 -0.00761692     1.38507
          0           0           0           1

   0.607416   -0.405018    0.683379     1.56396
  -0.572106    0.373796    0.730049    0.885112
  -0.551127   -0.834409 -0.00466355     1.38518
          0           0           0           1

   0.604808   -0.404379    0.686064     1.56508
   -0.57322    0.376986    0.727531    0.884574
  -0.552835   -0.833282 -0.00379404     1.38494
          0           0           0           1

   0.604808   -0.404379    0.686064     1.56508
   -0.57322    0.376986    0.727531    0.884574
  -0.552835   -0.833282 -0.00379404     1.38494
          0           0           0           1

    0.60602   -0.403913     0.68527     1.56468
   -0.57192    0.377502    0.728286    0.884705
  -0.552854   -0.833275 -0.00223208     1.38513
          0           0           0           1

   0.605002   -0.403242    0.686563     1.56523
  -0.572843    0.378449    0.727068    0.884525
  -0.553013    -0.83317 -0.00203205     1.38414
          0           0           0           1

  0.605401  -0.402144   0.686855    1.56541
  -0.57093   0.381851   0.726793   0.884404
 -0.554552  -0.832147 0.00157678    1.38438
         0          0          0          1

  0.605401  -0.402144   0.686855    1.56541
  -0.57093   0.381851   0.726793   0.884404
 -0.554552  -0.832147 0.00157678    1.38438
         0          0          0          1

 0.607884 -0.400882  0.685399   1.56447
-0.568166  0.383389  0.728149  0.884588
-0.554676  -0.83205 0.0052882    1.3848
        0         0         0         1

 0.607884 -0.400882  0.685399   1.56447
-0.568166  0.383389  0.728149  0.884588
-0.554676  -0.83205 0.0052882    1.3848
        0         0         0         1

  0.608028  -0.401925   0.684659     1.5644
 -0.567676   0.382784   0.728849   0.884703
 -0.555019  -0.831825 0.00458046    1.38407
         0          0          0          1

  0.608028  -0.401925   0.684659     1.5644
 -0.567676   0.382784   0.728849   0.884703
 -0.555019  -0.831825 0.00458046    1.38407
         0          0          0          1

  0.60885 -0.402986  0.683303   1.56376
-0.566556  0.382016  0.730122  0.884906
-0.555262 -0.831664 0.0042769   1.38223
        0         0         0         1

  0.60885 -0.402986  0.683303   1.56376
-0.566556  0.382016  0.730122  0.884906
-0.555262 -0.831664 0.0042769   1.38223
        0         0         0         1

  0.610626  -0.402816   0.681818     1.5635
 -0.563604    0.38377   0.731485   0.884654
 -0.556315  -0.830939 0.00731095    1.38188
         0          0          0          1

  0.610626  -0.402816   0.681818     1.5635
 -0.563604    0.38377   0.731485   0.884654
 -0.556315  -0.830939 0.00731095    1.38188
         0          0          0          1

  0.611658  -0.402492   0.681083    1.56406
 -0.562586   0.383983   0.732157   0.884744
 -0.556212  -0.830998 0.00843016    1.38116
         0          0          0          1

  0.611658  -0.402492   0.681083    1.56406
 -0.562586   0.383983   0.732157   0.884744
 -0.556212  -0.830998 0.00843016    1.38116
         0          0          0          1

 0.616086 -0.403393  0.676544   1.56308
-0.558102   0.38255  0.736327  0.885676
-0.555841 -0.831221 0.0105493   1.38035
        0         0         0         1

 0.616086 -0.403393  0.676544   1.56308
-0.558102   0.38255  0.736327  0.885676
-0.555841 -0.831221 0.0105493   1.38035
        0         0         0         1

 0.619664 -0.403289  0.673331   1.56353
-0.553987  0.382969  0.739211  0.886547
-0.555981 -0.831079 0.0138954   1.37888
        0         0         0         1

 0.619664 -0.403289  0.673331   1.56353
-0.553987  0.382969  0.739211  0.886547
-0.555981 -0.831079 0.0138954   1.37888
        0         0         0         1

 0.624313 -0.401912  0.669851   1.56323
-0.550106  0.382622  0.742283  0.887415
-0.554632 -0.831906 0.0177818   1.37845
        0         0         0         1

 0.624313 -0.401912  0.669851   1.56323
-0.550106  0.382622  0.742283  0.887415
-0.554632 -0.831906 0.0177818   1.37845
        0         0         0         1

 0.623996 -0.401159  0.670597    1.5644
-0.550231  0.383795  0.741584  0.887473
-0.554865 -0.831729 0.0187558   1.37828
        0         0         0         1

  0.62951 -0.398228  0.667182   1.56539
 -0.54346  0.388018  0.744374   0.88815
-0.555309 -0.831178 0.0278407   1.37905
        0         0         0         1

 0.629846 -0.398373  0.666778   1.56564
-0.543756   0.38685  0.744766  0.888397
-0.554638 -0.831652 0.0270379   1.37828
        0         0         0         1

 0.634344 -0.396718  0.663492   1.56491
-0.540481  0.386045  0.747562  0.889374
 -0.55271 -0.832817 0.0304673   1.37755
        0         0         0         1

 0.634929 -0.394498  0.664257   1.56516
-0.540396   0.38768  0.746777   0.88961
-0.552121 -0.833112  0.032964   1.37783
        0         0         0         1

 0.635201  -0.39187   0.66555   1.56554
-0.541347  0.388729  0.745542  0.890151
-0.550875 -0.833863 0.0347836   1.37761
        0         0         0         1

  0.63454  -0.39085   0.66678   1.56599
-0.542861  0.388696  0.744458  0.890363
-0.550146 -0.834357 0.0344661   1.37731
        0         0         0         1

 0.634308 -0.388505  0.668369    1.5667
 -0.54231  0.392535  0.742843  0.891181
-0.550957 -0.833655 0.0382979   1.37879
        0         0         0         1

 0.635551 -0.388991  0.666904   1.56586
-0.541314  0.391406  0.744164  0.892174
-0.550503 -0.833959 0.0381927   1.37894
        0         0         0         1

 0.635551 -0.388991  0.666904   1.56586
-0.541314  0.391406  0.744164  0.892174
-0.550503 -0.833959 0.0381927   1.37894
        0         0         0         1

 0.634895 -0.388864  0.667602   1.56633
-0.540964  0.393183  0.743482  0.892209
-0.551603 -0.833182 0.0392687   1.37976
        0         0         0         1

 0.632031  -0.39563  0.666343   1.56733
-0.540205  0.391577   0.74488  0.892435
-0.555622 -0.830749 0.0337678   1.38047
        0         0         0         1

   0.6288 -0.410768  0.660212   1.56739
-0.537026  0.384623  0.750778  0.893303
-0.562329 -0.826641 0.0212578   1.38079
        0         0         0         1

   0.6288 -0.410768  0.660212   1.56739
-0.537026  0.384623  0.750778  0.893303
-0.562329 -0.826641 0.0212578   1.38079
        0         0         0         1

 0.625386  -0.41521  0.660677   1.56818
-0.538746  0.382743  0.750507  0.893317
-0.564487 -0.825293  0.015669   1.38084
        0         0         0         1

 0.621474 -0.424418  0.658512   1.56942
-0.539139  0.378162  0.752544  0.893328
-0.568418 -0.822717 0.0061976   1.38087
        0         0         0         1

  0.618626   -0.42733   0.659311    1.57057
 -0.539998    0.37829   0.751863   0.893166
 -0.570705  -0.821149 0.00326297    1.38107
         0          0          0          1

   0.616235    -0.43578     0.65601     1.57033
  -0.536727    0.377194    0.754751     0.89448
  -0.576349   -0.817202 -0.00145447      1.3839
          0           0           0           1

   0.615838   -0.438374    0.654654     1.56988
  -0.536195    0.375606    0.755919    0.894857
  -0.577268   -0.816546 -0.00374127     1.38423
          0           0           0           1

    0.61347   -0.442631    0.654013      1.5692
  -0.535432    0.375617    0.756455    0.895684
  -0.580489   -0.814242 -0.00656924     1.38553
          0           0           0           1

   0.610867   -0.443255    0.656024     1.57002
    -0.5385    0.374807    0.754678    0.895811
  -0.580396   -0.814276 -0.00973533      1.3851
          0           0           0           1

 0.604326 -0.445347  0.660648   1.57182
-0.544321  0.374733  0.750526  0.896567
-0.581811 -0.813167 -0.015951   1.38517
        0         0         0         1

 0.603797 -0.446813  0.660141   1.57156
-0.544358  0.373855  0.750938  0.896984
-0.582326 -0.812767 -0.017494   1.38528
        0         0         0         1

  0.599896  -0.450046   0.661501    1.57167
 -0.548234   0.370956   0.749554   0.897627
 -0.582722  -0.812312 -0.0241955     1.3843
         0          0          0          1

  0.598342    -0.4511    0.66219    1.57184
 -0.548385   0.372001   0.748926   0.897708
 -0.584175  -0.811249 -0.0247926     1.3845
         0          0          0          1

  0.593775  -0.452273   0.665493    1.57338
 -0.550057   0.375479   0.745957   0.897702
 -0.587255   -0.80899 -0.0258265    1.38546
         0          0          0          1

  0.589012  -0.456263      0.667    1.57455
 -0.549695   0.378801   0.744543   0.898264
 -0.592368  -0.805192 -0.0276868    1.38795
         0          0          0          1

  0.589012  -0.456263      0.667    1.57455
 -0.549695   0.378801   0.744543   0.898264
 -0.592368  -0.805192 -0.0276868    1.38795
         0          0          0          1

  0.588764  -0.457693   0.666238    1.57396
 -0.550155   0.376955   0.745141   0.898981
 -0.592188  -0.805246 -0.0298645     1.3878
         0          0          0          1

  0.585764  -0.458342   0.668433     1.5744
 -0.552329   0.377822    0.74309   0.899465
 -0.593139  -0.804471 -0.0318408     1.3882
         0          0          0          1

 0.585024 -0.458542  0.668944   1.57422
-0.552706  0.378204  0.742616  0.899738
-0.593518 -0.804177  -0.03218   1.38865
        0         0         0         1

   0.58312  -0.457068    0.67161    1.57327
  -0.55527   0.379212   0.740185   0.900917
 -0.592998  -0.804541 -0.0326701    1.39106
         0          0          0          1

  0.581416  -0.453891   0.675232    1.57208
 -0.558205   0.381249   0.736924   0.902099
 -0.591915  -0.805377 -0.0317003    1.39399
         0          0          0          1

  0.581416  -0.453891   0.675232    1.57208
 -0.558205   0.381249   0.736924   0.902099
 -0.591915  -0.805377 -0.0317003    1.39399
         0          0          0          1

    0.5812  -0.452301   0.676483    1.57194
 -0.558955   0.382279    0.73582   0.902253
 -0.591418  -0.805783 -0.0306354    1.39531
         0          0          0          1

  0.581705  -0.447701   0.679105    1.57118
 -0.559908   0.385219    0.73356    0.90269
 -0.590019  -0.806951 -0.0265879    1.40075
         0          0          0          1

  0.581192  -0.445489   0.680996    1.57173
  -0.56238   0.384971   0.731797   0.902914
  -0.58817  -0.808293 -0.0267919    1.40148
         0          0          0          1

   0.57953   -0.44194   0.684715    1.57073
 -0.570379   0.380146   0.728119   0.904442
 -0.582076  -0.812513 -0.0317678    1.40281
         0          0          0          1

   0.57869  -0.441025   0.686014    1.57092
 -0.573502   0.377994   0.726785   0.904731
 -0.579839  -0.814014 -0.0341879    1.40339
         0          0          0          1

  0.578464  -0.439758   0.687017    1.57021
 -0.578446   0.372689   0.725605   0.905333
 -0.575134  -0.817139 -0.0387895    1.40642
         0          0          0          1

  0.577823   -0.43723   0.689167    1.56702
 -0.588202   0.362295   0.723022   0.907848
 -0.565808  -0.823148 -0.0478374     1.4181
         0          0          0          1

  0.577823   -0.43723   0.689167    1.56702
 -0.588202   0.362295   0.723022   0.907848
 -0.565808  -0.823148 -0.0478374     1.4181
         0          0          0          1

  0.578514  -0.435777   0.689507    1.56595
 -0.589493   0.360878   0.722679   0.908418
 -0.563755  -0.824539 -0.0481147     1.4218
         0          0          0          1

 0.579583 -0.431107  0.691542   1.56518
-0.593198  0.358659  0.720749  0.908964
-0.558748 -0.827955 -0.047859   1.43101
        0         0         0         1

  0.580528  -0.430625    0.69105    1.56353
 -0.596025   0.353485   0.720973   0.910422
 -0.554745  -0.830428 -0.0514557    1.43233
         0          0          0          1

  0.582628  -0.427249   0.691377    1.56138
 -0.600849   0.346404   0.720406   0.912719
 -0.547289  -0.835142 -0.0548876    1.43883
         0          0          0          1

  0.582946  -0.425068   0.692453    1.56073
 -0.604274   0.342912   0.719211   0.912929
 -0.543164  -0.837692 -0.0569585    1.44223
         0          0          0          1

  0.584671  -0.415949   0.696524    1.55649
 -0.616638   0.330057   0.714716   0.915724
 -0.527179  -0.847377 -0.0635153    1.45636
         0          0          0          1

  0.585136  -0.414544   0.696972    1.55529
 -0.621038   0.323603   0.713858   0.916961
 -0.521468  -0.850549 -0.0680959    1.45959
         0          0          0          1

  0.586222  -0.409289   0.699161    1.55324
 -0.630015   0.312256    0.71104   0.919294
 -0.509338  -0.857309 -0.0748073     1.4686
         0          0          0          1

 0.587915 -0.406574  0.699323   1.55068
 -0.63209  0.308587    0.7108  0.920172
-0.504795 -0.859925 -0.075568    1.4751
        0         0         0         1

  0.585602  -0.397866   0.706239    1.54939
 -0.649582   0.290834   0.702466   0.923414
 -0.484886  -0.870126 -0.0881335    1.49482
         0          0          0          1

  0.592912  -0.386853   0.706258    1.53895
 -0.658488   0.271917   0.701751   0.928989
 -0.463518  -0.881139 -0.0935157      1.514
         0          0          0          1

  0.592912  -0.386853   0.706258    1.53895
 -0.658488   0.271917   0.701751   0.928989
 -0.463518  -0.881139 -0.0935157      1.514
         0          0          0          1

 0.596131 -0.373784  0.710572   1.53316
-0.671827   0.25238  0.696386  0.933824
-0.439633 -0.892519 -0.100667   1.53132
        0         0         0         1

 0.596131 -0.373784  0.710572   1.53316
-0.671827   0.25238  0.696386  0.933824
-0.439633 -0.892519 -0.100667   1.53132
        0         0         0         1

 0.595214 -0.368275  0.714209   1.53397
-0.677034  0.248911  0.692581  0.934873
-0.432835 -0.895777 -0.101179   1.53751
        0         0         0         1

 0.601973 -0.346675  0.719337   1.52792
-0.688025   0.23203  0.687593  0.941473
-0.405279 -0.908834 -0.098845   1.56401
        0         0         0         1

  0.609577  -0.326952   0.722162    1.52254
 -0.695417   0.216757   0.685136   0.947101
  -0.38054  -0.919847 -0.0952381    1.58894
         0          0          0          1

  0.609577  -0.326952   0.722162    1.52254
 -0.695417   0.216757   0.685136   0.947101
  -0.38054  -0.919847 -0.0952381    1.58894
         0          0          0          1

 0.622537 -0.306832  0.719932   1.50858
-0.705951  0.176857  0.685824   0.96125
-0.337758 -0.935187 -0.106508   1.62034
        0         0         0         1

 0.622537 -0.306832  0.719932   1.50858
-0.705951  0.176857  0.685824   0.96125
-0.337758 -0.935187 -0.106508   1.62034
        0         0         0         1

 0.623451 -0.302524  0.720963   1.50764
-0.709826  0.167602  0.684147  0.964322
-0.327806  -0.93829 -0.110248   1.62673
        0         0         0         1

 0.627149 -0.293607  0.721443    1.5022
-0.714147  0.152995  0.683071  0.970642
-0.310931 -0.943603 -0.113729   1.64292
        0         0         0         1

 0.630172 -0.290424  0.720095   1.50016
-0.715974  0.141504  0.683636  0.974963
-0.300441 -0.946377 -0.118764    1.6491
        0         0         0         1

  0.63231 -0.281661    0.7217   1.49861
-0.720427  0.128807  0.681464  0.981496
-0.284902 -0.950829 -0.121471   1.66732
        0         0         0         1

  0.64424 -0.256444   0.72055   1.48891
-0.725276 0.0941821  0.681985    1.0001
-0.242754  -0.96196 -0.125317   1.70347
        0         0         0         1

  0.64424 -0.256444   0.72055   1.48891
-0.725276 0.0941821  0.681985    1.0001
-0.242754  -0.96196 -0.125317   1.70347
        0         0         0         1

 0.658578 -0.236354  0.714431    1.4768
-0.721529 0.0712875  0.688705   1.01559
-0.213708 -0.969048 -0.123588   1.73127
        0         0         0         1

 0.658578 -0.236354  0.714431    1.4768
-0.721529 0.0712875  0.688705   1.01559
-0.213708 -0.969048 -0.123588   1.73127
        0         0         0         1

 0.659457 -0.232976   0.71473   1.47539
-0.724063 0.0587708  0.687226   1.02137
-0.202113 -0.970705 -0.129933   1.73602
        0         0         0         1

 0.662657 -0.224772  0.714397   1.47266
-0.725526  0.043902  0.686793    1.0308
-0.185735 -0.973422 -0.133986   1.75427
        0         0         0         1

  0.66652 -0.220979  0.711982     1.469
-0.725016 0.0301277  0.688073   1.03741
  -0.1735 -0.974813 -0.140133   1.75885
        0         0         0         1

   0.668053   -0.213687    0.712772      1.4681
     -0.731 -0.00942045    0.682313      1.0581
  -0.139087   -0.976857   -0.162498     1.78408
          0           0           0           1

  0.674923  -0.207473    0.70812    1.46156
 -0.728682 -0.0362851    0.68389    1.07576
 -0.116194  -0.977568  -0.175671    1.81128
         0          0          0          1

  0.674923  -0.207473    0.70812    1.46156
 -0.728682 -0.0362851    0.68389    1.07576
 -0.116194  -0.977568  -0.175671    1.81128
         0          0          0          1

  0.691408  -0.184052   0.698627    1.44567
 -0.719112 -0.0822781   0.690006    1.10497
-0.0695152  -0.979467  -0.189242    1.84941
         0          0          0          1

  0.691408  -0.184052   0.698627    1.44567
 -0.719112 -0.0822781   0.690006    1.10497
-0.0695152  -0.979467  -0.189242    1.84941
         0          0          0          1

 0.698244 -0.178585  0.693226   1.43914
-0.713399 -0.093374  0.694509   1.11289
-0.0592998 -0.979484 -0.192601   1.85539
        0         0         0         1

 0.703192 -0.170134  0.690345   1.43591
-0.709767 -0.110803  0.695668   1.12725
-0.0418648 -0.979172 -0.198671   1.87205
        0         0         0         1

 0.711524 -0.152587  0.685894   1.42544
-0.702656 -0.150738  0.695379   1.15356
-0.00271554 -0.976727  -0.21447   1.88821
        0         0         0         1

 0.711524 -0.152587  0.685894   1.42544
-0.702656 -0.150738  0.695379   1.15356
-0.00271554 -0.976727  -0.21447   1.88821
        0         0         0         1

  0.71089 -0.149063  0.687325   1.42611
-0.703281 -0.158369  0.693047   1.15976
0.00554364 -0.976063 -0.217416   1.89532
        0         0         0         1

 0.714958 -0.134182   0.68617   1.41823
-0.697854 -0.197078  0.688593   1.18737
0.0428321 -0.971162 -0.234542   1.92002
        0         0         0         1

 0.720061 -0.123945  0.682752   1.41028
 -0.68956 -0.237823  0.684067   1.21402
0.0775873 -0.963368 -0.256715   1.93173
        0         0         0         1

