-0.0176555 -0.624239  0.781034  0.103201
-0.864549 -0.382857 -0.325541   1.08255
 0.502239 -0.680989 -0.532926    2.0571
        0         0         0         1

-0.0221127   -0.6145  0.788607  0.100624
 -0.87871 -0.364281 -0.308495   1.06298
 0.476844 -0.699778 -0.531912   2.03657
        0         0         0         1

-0.0243824 -0.611501  0.790868  0.095568
-0.881063  -0.36066 -0.306026    1.0546
 0.472369 -0.704266 -0.529978   2.02482
        0         0         0         1

-0.0167158 -0.615269   0.78814 0.0925745
-0.896129 -0.340401 -0.284744   1.03298
 0.443478 -0.711035 -0.545671   2.03605
        0         0         0         1

-0.0106041 -0.609543  0.792682 0.0795993
-0.899511 -0.340444 -0.273822   1.01619
  0.43677  -0.71593  -0.54468   2.02904
        0         0         0         1

-0.0172361 -0.603473  0.797197 0.0751265
-0.900928 -0.336414 -0.274142   1.00789
 0.433626 -0.722942 -0.537887   2.01037
        0         0         0         1

-0.023536 -0.598735  0.800601 0.0706687
-0.901805 -0.332936   -0.2755   1.00184
 0.431501  -0.72847 -0.532107   1.99641
        0         0         0         1

-0.0230023  -0.59656  0.802239 0.0645508
-0.913591 -0.313325 -0.259189  0.971683
 0.405983  -0.73888 -0.537804   1.98255
        0         0         0         1

-0.022308 -0.592013   0.80562 0.0589646
-0.921081 -0.301156  -0.24681  0.959237
 0.388732 -0.747547 -0.538573   1.97902
        0         0         0         1

-0.0170802 -0.579703  0.814649 0.0425922
-0.927112 -0.295907 -0.230005  0.934205
 0.374395   -0.7592 -0.532395   1.96235
        0         0         0         1

-0.0116501 -0.575674  0.817596 0.0377353
-0.934115 -0.285478 -0.214317  0.919675
 0.356782 -0.766226  -0.53442   1.95941
        0         0         0         1

-0.0238883 -0.565165  0.824632 0.0339943
-0.940861 -0.266134 -0.209651  0.905392
  0.33795 -0.780872 -0.525384    1.9293
        0         0         0         1

-0.0278073 -0.562664  0.826218 0.0331792
 -0.94644 -0.251165   -0.2029  0.895774
 0.321681 -0.787607 -0.525543   1.92106
        0         0         0         1

-0.0233935 -0.563128  0.826038 0.0276886
-0.952604 -0.238128 -0.189315  0.879897
 0.303311 -0.791316 -0.530868   1.90951
        0         0         0         1

-0.0294099 -0.563442  0.825632 0.0278741
-0.955683 -0.226207 -0.188415  0.873382
 0.292925 -0.794584 -0.531819   1.89957
        0         0         0         1

-0.0216896 -0.557739  0.829733 0.0142826
-0.962172 -0.213797 -0.168864  0.854637
 0.271577 -0.802009 -0.532004   1.88669
        0         0         0         1

-0.0270148 -0.559856   0.82815 0.0176323
-0.965665  -0.19952 -0.166383  0.847406
 0.258383  -0.80421 -0.535243   1.88069
        0         0         0         1

-0.0272036 -0.559853  0.828146 0.0101799
-0.974681 -0.169078 -0.146319  0.822761
 0.221938 -0.811158 -0.541078   1.85824
        0         0         0         1

-0.0401868 -0.556743  0.829712 0.0147451
 -0.97618 -0.155312 -0.151496  0.822754
 0.213208 -0.816036  -0.53724   1.84261
        0         0         0         1

-0.0352397  -0.547566    0.83602 0.00515807
 -0.980148  -0.144381   -0.13588   0.808309
  0.195108  -0.824212  -0.531608    1.81803
         0          0          0          1

-0.0351873  -0.545701   0.837241 0.00237919
 -0.982602  -0.133977  -0.128621   0.800675
  0.182359  -0.827201  -0.531493    1.80531
         0          0          0          1

-0.0474077  -0.543782   0.837887 0.00667274
 -0.983913  -0.119221  -0.133044   0.799635
  0.172241  -0.830715  -0.529382     1.7871
         0          0          0          1

-0.0476681  -0.541028   0.839653 0.00221401
  -0.98671  -0.105225  -0.123818   0.788112
  0.155342  -0.834396  -0.528822    1.78063
         0          0          0          1

 -0.0504298   -0.530986    0.845878 -0.00430751
  -0.991002  -0.0785388   -0.108383    0.767151
   0.123984   -0.843733   -0.522248     1.75309
          0           0           0           1

 -0.0551126   -0.529993    0.846209 -0.00207985
  -0.992116  -0.0664663   -0.106244    0.762417
   0.112553   -0.845393   -0.522151     1.73915
          0           0           0           1

 -0.0468563    -0.53196    0.845472 -0.00674284
  -0.995204  -0.0479017  -0.0852935    0.748594
  0.0858723   -0.845414   -0.527164     1.73299
          0           0           0           1

 -0.0494933   -0.532956    0.844694 -0.00671731
  -0.996311  -0.0330216  -0.0792118    0.742142
  0.0701095   -0.845498   -0.529356     1.72546
          0           0           0           1

 -0.0530535   -0.527753    0.847739 -0.00870943
  -0.997932 -0.00282148  -0.0642094    0.727762
  0.0362786   -0.849393   -0.526512     1.69543
          0           0           0           1

 -0.0674841   -0.522229    0.850131 -0.00389688
  -0.997179  0.00724645  -0.0747055    0.730995
  0.0328529   -0.852775   -0.521245     1.67752
          0           0           0           1

 -0.0710792   -0.522711    0.849541 -0.00307596
  -0.997384   0.0260379  -0.0674282    0.725936
  0.0131252   -0.852112   -0.523195     1.66505
          0           0           0           1

 -0.0645696   -0.521436    0.850844 -0.00776786
  -0.997913   0.0338791  -0.0549679    0.715207
 -0.0001636   -0.852618   -0.522535      1.6547
          0           0           0           1

-0.0617826  -0.526014   0.848229 -0.0072422
 -0.997984  0.0449048 -0.0448434   0.708152
-0.0145013   -0.84929  -0.527728    1.63993
         0          0          0          1

 -0.0609596   -0.526023    0.848283 -0.00751573
  -0.997574   0.0607231  -0.0340335      0.7043
  -0.033608     -0.8483   -0.528448     1.63038
          0           0           0           1

-0.0489538  -0.530303   0.846394 -0.0109882
 -0.995589  0.0938188 0.00119868   0.687056
-0.0800433  -0.842601  -0.532556    1.60977
         0          0          0          1

-0.0492599   -0.52924   0.847041  -0.011031
 -0.994292   0.106347 0.00862358   0.683119
-0.0946444  -0.841781  -0.531458    1.60007
         0          0          0          1

-0.0522603  -0.524554   0.849772 -0.0104793
 -0.992805   0.119094  0.0124584   0.679685
 -0.107737  -0.843006  -0.527004    1.58443
         0          0          0          1

  -0.052562   -0.525798    0.848984 -0.00879687
  -0.991362    0.129774   0.0189956    0.677673
  -0.120164   -0.840652   -0.528077     1.57721
          0           0           0           1

 -0.0577623   -0.522796    0.850499 -0.00676346
  -0.987977     0.15231   0.0265249    0.673048
  -0.143407   -0.838741   -0.525308     1.55423
          0           0           0           1

 -0.0588083   -0.520168    0.852037 -0.00507646
  -0.986318    0.161953   0.0307956    0.669876
  -0.154009   -0.838568   -0.522575     1.54803
          0           0           0           1

 -0.0665815   -0.511801     0.85652 0.000953794
  -0.985051    0.170402   0.0252482    0.672975
  -0.158874   -0.842035   -0.515496     1.53265
          0           0           0           1

 -0.0638582   -0.509791    0.857925 -0.00232227
  -0.984601    0.172374   0.0291397    0.668027
  -0.162739   -0.842853   -0.512948     1.52428
          0           0           0           1

 -0.0579133   -0.512032    0.857012 -0.00457418
  -0.982994    0.179101   0.0405791    0.660265
  -0.174269   -0.840087   -0.513696     1.51927
          0           0           0           1

 -0.0609096   -0.511219    0.857289 -0.00243129
  -0.982076    0.184179    0.040054    0.660352
  -0.178371   -0.839484   -0.513275     1.51112
          0           0           0           1

 -0.0565137   -0.507221    0.859961 -0.00516105
  -0.979404    0.195392    0.050883    0.651532
  -0.193839   -0.839374   -0.507817     1.48892
          0           0           0           1

  -0.058711   -0.508813    0.858873 -0.00226255
  -0.977855    0.202441   0.0530854    0.652092
  -0.200881   -0.836736    -0.50943     1.48405
          0           0           0           1

  -0.0586999    -0.511333     0.857375 -2.02656e-05
   -0.975253      0.21276    0.0601185     0.651332
   -0.213156    -0.832629    -0.511169      1.47746
           0            0            0            1

-0.0588443  -0.509754   0.858306 0.00165536
 -0.973875   0.218219  0.0628338   0.652212
 -0.219328  -0.832185  -0.509277     1.4685
         0          0          0          1

-0.0585912  -0.515474     0.8549 0.00465202
 -0.969049   0.235091  0.0753371   0.650833
 -0.239814  -0.824026  -0.513294    1.45693
         0          0          0          1

-0.0508545  -0.521313   0.851849 0.00199643
 -0.966994   0.238938  0.0884962   0.645998
 -0.249673  -0.819232  -0.516257    1.45535
         0          0          0          1

-0.0547074  -0.51339   0.85641 0.0059185
-0.965721  0.245172 0.0852825  0.649026
-0.253751 -0.822388 -0.509204   1.44189
        0         0         0         1

-0.0504898  -0.518244   0.853741 0.00435197
 -0.964276   0.247873  0.0934391   0.644779
 -0.260044  -0.818524  -0.512245    1.44064
         0          0          0          1

-0.0526443  -0.513802   0.856292 0.00601912
  -0.96342   0.251768  0.0918381   0.645569
 -0.262773  -0.820134  -0.508262    1.43184
         0          0          0          1

-0.0488596  -0.515884   0.855264 0.00411163
 -0.962286   0.253744  0.0980818   0.642271
 -0.267617  -0.818216  -0.508826    1.42955
         0          0          0          1

 -0.055164  -0.513918   0.856064 0.00839329
 -0.958911   0.266231  0.0980342   0.646012
 -0.278292  -0.815481  -0.507488    1.42017
         0          0          0          1

-0.0510461  -0.513044   0.856843 0.00632354
 -0.958586   0.265878    0.10209   0.643006
 -0.280192  -0.816147  -0.505369    1.41326
         0          0          0          1

-0.0527464  -0.512598   0.857007 0.00846291
 -0.957845   0.268665   0.101743   0.645817
 -0.282401  -0.815514   -0.50516    1.40385
         0          0          0          1

-0.0550897 -0.513304  0.856437 0.0108776
-0.956811  0.272348  0.101685  0.648908
-0.285444 -0.813846 -0.506139   1.39908
        0         0         0         1

-0.0527399 -0.524012  0.850076 0.0115882
 -0.95357  0.279193  0.112942  0.646633
-0.296518 -0.804651 -0.514407   1.38684
        0         0         0         1

-0.0550771 -0.533164  0.844217 0.0140083
 -0.94893  0.290996   0.12187  0.648135
-0.310641 -0.794391 -0.521963   1.39165
        0         0         0         1

-0.0482737 -0.516377     0.855 0.0133058
-0.947567  0.294393  0.124299  0.648424
-0.315891 -0.804169 -0.503513   1.38369
        0         0         0         1

-0.0447714 -0.510252  0.858859 0.0113175
-0.947979   0.29293  0.124614  0.646585
 -0.31517   -0.8086 -0.496823   1.38073
        0         0         0         1

-0.0421721  -0.503725   0.862834 0.00986731
 -0.949718   0.288386   0.121942   0.647022
 -0.310254  -0.814306  -0.490558    1.37578
         0          0          0          1

-0.043892 -0.500653  0.864535  0.011303
-0.950027  0.288633  0.118915   0.64824
-0.309068 -0.816112 -0.488302   1.37452
        0         0         0         1

-0.0494164 -0.498749  0.865337 0.0149548
-0.951587   0.28668   0.11089  0.652695
-0.303382 -0.817963  -0.48877   1.37377
        0         0         0         1

-0.0528822 -0.497374  0.865923 0.0173167
 -0.95252  0.285498  0.105816  0.655537
 -0.29985 -0.819213 -0.488857   1.37225
        0         0         0         1

-0.0513394 -0.499274  0.864922 0.0167047
 -0.95334  0.282496  0.106483  0.655006
-0.297501 -0.819098 -0.490481   1.37152
        0         0         0         1

-0.0521992 -0.501775  0.863422  0.018373
 -0.95361  0.281737  0.106079  0.656413
-0.296485  -0.81783 -0.493204   1.37196
        0         0         0         1

-0.0468523 -0.511275  0.858139 0.0178231
-0.952928  0.280504  0.115095  0.654567
-0.299556 -0.812352  -0.50035    1.3735
        0         0         0         1

-0.042532 -0.518919  0.853765 0.0159427
-0.952416  0.279207  0.122256  0.651862
-0.301818 -0.807939 -0.506102   1.37467
        0         0         0         1

-0.0424851 -0.522106  0.851822 0.0165136
-0.952239  0.279204  0.123638  0.652788
-0.302384 -0.805885 -0.509031   1.37314
        0         0         0         1

-0.0417244 -0.525318  0.849882 0.0166887
-0.950714  0.282456  0.127913  0.652798
 -0.30725 -0.802658 -0.511212   1.37352
        0         0         0         1

-0.0418655 -0.530239  0.846814 0.0172616
-0.948963  0.286278  0.132339    0.6537
-0.312595 -0.798055 -0.515163    1.3743
        0         0         0         1

-0.0419149  -0.53179  0.845838 0.0178876
-0.948819  0.286422  0.133059   0.65467
-0.313026  -0.79697 -0.516578    1.3735
        0         0         0         1

-0.0415093 -0.539275  0.841106 0.0178044
-0.947071  0.289447   0.13884  0.655875
-0.318328 -0.790824 -0.522746   1.37299
        0         0         0         1

-0.0385635 -0.539057  0.841386 0.0174992
-0.946887  0.288722  0.141579  0.655449
-0.319246 -0.791238  -0.52156   1.37171
        0         0         0         1

-0.0403352 -0.548103  0.835438 0.0177757
-0.944596  0.293503  0.146952  0.655673
-0.325748 -0.783223 -0.529574   1.37308
        0         0         0         1

-0.0340276 -0.554145  0.831724 0.0168114
 -0.94345  0.292401  0.156217  0.654463
-0.329764 -0.779375 -0.532758   1.37403
        0         0         0         1

-0.0326214 -0.562837  0.825924 0.0155281
-0.941075  0.295616  0.164282  0.653167
-0.336621 -0.771897 -0.539315   1.37514
        0         0         0         1

-0.0339536 -0.561387  0.826856 0.0156728
-0.940485  0.297858  0.163609  0.653616
-0.338134 -0.772091  -0.53809   1.37433
        0         0         0         1

-0.0362784  -0.56486  0.824389 0.0161656
-0.937934  0.303961  0.166995  0.654427
-0.344911 -0.767164 -0.540829   1.37449
        0         0         0         1

-0.0344538 -0.566423  0.823394 0.0159342
-0.937072  0.304722  0.170411  0.654528
-0.347431 -0.765708 -0.541278   1.37376
        0         0         0         1

-0.0373218 -0.569376   0.82123 0.0166106
-0.934838   0.31028  0.172639  0.655745
-0.353107 -0.761274 -0.543854   1.37295
        0         0         0         1

-0.0338147 -0.583256  0.811585 0.0159234
 -0.93092  0.313855  0.186769  0.655219
-0.363654 -0.749205 -0.553577   1.37462
        0         0         0         1

-0.0330344 -0.601252  0.798376 0.0160011
-0.921661  0.327306  0.208356  0.655909
-0.386588 -0.728949 -0.564963   1.37704
        0         0         0         1

-0.0259106 -0.607332  0.794025 0.0146403
-0.917471  0.329854  0.222359  0.654968
-0.396958 -0.722734 -0.565756   1.37934
        0         0         0         1

-0.0211108 -0.605508  0.795559 0.0132734
-0.913578  0.334916  0.230665  0.654619
-0.406115 -0.721936 -0.560249   1.38039
        0         0         0         1

-0.0189468 -0.604804  0.796149 0.0119637
-0.909911  0.340449  0.236972  0.655064
 -0.41437 -0.719935 -0.556769   1.38174
        0         0         0         1

-0.0161401  -0.599782   0.800001 0.00943708
 -0.905056   0.348842   0.243276   0.657067
 -0.424987  -0.720119  -0.548466    1.38159
         0          0          0          1

-0.0185217  -0.598112   0.801198 0.00989782
 -0.903145   0.353788   0.243232   0.659824
 -0.428935  -0.719094  -0.546735    1.38228
         0          0          0          1

-0.0189038 -0.596351  0.802501 0.0093286
-0.902567  0.355486  0.242906  0.662716
-0.430135 -0.719719 -0.544967   1.38197
        0         0         0         1

-0.0157432 -0.599704  0.800067 0.0066268
-0.901193  0.355131  0.248461  0.661744
-0.433132 -0.717103  -0.54604   1.38432
        0         0         0         1

-0.0239888  -0.595202   0.803218 0.00884461
 -0.901578   0.360031   0.239864   0.667518
 -0.431951   -0.71841  -0.545258    1.38588
         0          0          0          1

-0.0214418 -0.596489  0.802335 0.0061981
-0.902072   0.35755  0.241711  0.667938
-0.431053 -0.718581 -0.545743   1.38831
        0         0         0         1

 -0.0221336   -0.599805     0.79984 0.000771284
  -0.903925    0.353799    0.240302    0.670842
  -0.427117   -0.717677    -0.55001     1.40171
          0           0           0           1

 -0.0241271   -0.598544    0.800727 0.000875847
  -0.904889    0.353552    0.237015     0.67518
  -0.424963   -0.718851   -0.550146      1.4065
          0           0           0           1

  -0.0249823    -0.595855     0.802704 -0.000924468
   -0.908028     0.349397       0.2311     0.680448
   -0.418164    -0.723104    -0.549781      1.40867
           0            0            0            1

 -0.0252356   -0.595175      0.8032 -0.00224903
  -0.909889    0.346478    0.228154    0.683526
  -0.414083   -0.725065   -0.550287      1.4132
          0           0           0           1

  -0.030448   -0.588928    0.807612 -0.00206351
  -0.916067    0.339679    0.213164    0.696227
  -0.399867   -0.733337    -0.54984     1.42692
          0           0           0           1

 -0.0357514   -0.590845    0.805992 -0.00140679
  -0.917226    0.339594    0.208259    0.701102
  -0.396759   -0.731832    -0.55408     1.44095
          0           0           0           1

 -0.0354257   -0.591608    0.805447 -0.00690377
  -0.919893    0.334279    0.205072    0.702245
  -0.390566    -0.73366   -0.556059     1.45133
          0           0           0           1

-0.0346992  -0.593779    0.80388 -0.0082258
  -0.92165   0.330061   0.204014   0.705565
 -0.386469  -0.733816  -0.558709    1.45989
         0          0          0          1

-0.0337045  -0.592222    0.80507 -0.0100715
 -0.925333   0.322875   0.198772   0.711475
 -0.377654  -0.738258  -0.558885    1.46449
         0          0          0          1

-0.0314644  -0.594141   0.803745 -0.0128489
 -0.926783   0.318464   0.199133    0.71387
 -0.374277  -0.738632   -0.56066     1.4723
         0          0          0          1

-0.0251831  -0.598514   0.800717 -0.0143974
 -0.932805    0.30211   0.196481   0.728187
 -0.359501  -0.741964  -0.565904    1.48886
         0          0          0          1

-0.0232722   -0.60192   0.798217 -0.0122192
 -0.935915   0.293809   0.194269   0.734379
 -0.351457  -0.742542  -0.570183     1.4974
         0          0          0          1

-0.0102576  -0.606126   0.795303 -0.0162326
 -0.939627   0.277902   0.199679   0.738709
 -0.342047   -0.74524  -0.572383     1.5068
         0          0          0          1

-0.000269955 -0.609206  0.793012 -0.017003
-0.943101  0.263837  0.202363  0.744099
-0.332507 -0.747836 -0.574614   1.51164
        0         0         0         1

 0.00170268   -0.619239    0.785201 -0.00954938
  -0.946034    0.253457    0.201937    0.757461
  -0.324063   -0.743171   -0.585389     1.52885
          0           0           0           1

0.00990846  -0.625966   0.779788 -0.0102951
 -0.950364   0.236629   0.202027   0.765364
 -0.310982  -0.743084  -0.592551    1.53646
         0          0          0          1

  0.0312313   -0.638188    0.769247 -0.00862837
  -0.959005    0.197747    0.202991    0.782537
  -0.281663   -0.744051   -0.605849     1.55786
          0           0           0           1

 0.0436667  -0.634693   0.771529 -0.0102011
 -0.962987    0.17887   0.201649   0.790955
 -0.265988  -0.751778  -0.603391     1.5612
         0          0          0          1

  0.0505339   -0.635298    0.770612 -0.00346673
  -0.969187    0.155064    0.191392    0.808378
  -0.241085   -0.756539   -0.607887     1.56789
          0           0           0           1

  0.0571993   -0.635986    0.769578 -0.00159276
  -0.972711    0.138114    0.186436    0.819435
   -0.22486   -0.759241    -0.61073     1.57674
          0           0           0           1

 0.0744062  -0.638462   0.766048 0.00182199
 -0.980666  0.0925746   0.172408   0.845119
 -0.180993  -0.764066   -0.61923    1.60302
         0          0          0          1

 0.0761487  -0.637047   0.767055 0.00706293
  -0.98406  0.0759765   0.160791    0.85746
 -0.160709  -0.767072  -0.621107    1.61191
         0          0          0          1

 0.0858391  -0.639526   0.763962 0.00782728
 -0.987365  0.0479069   0.151045   0.870599
 -0.133196  -0.767275  -0.627334     1.6295
         0          0          0          1

 0.079127 -0.641217  0.763269 0.0181414
-0.990588  0.035207   0.13227  0.888472
-0.111686 -0.766552 -0.632396   1.64115
        0         0         0         1

  0.08023  -0.64163  0.762806 0.0223625
 -0.99347 0.0108032  0.113578  0.904139
-0.0811157 -0.766938 -0.636574   1.65698
        0         0         0         1

  0.0838001   -0.638245    0.765258   0.0215191
  -0.994688 -0.00750882    0.102661    0.914242
  -0.059777   -0.769796   -0.635484     1.66748
          0           0           0           1

 0.0940294  -0.638415   0.763927  0.0204387
 -0.995567 -0.0619362  0.0707811   0.939007
0.00212699  -0.767196  -0.641409    1.69682
         0          0          0          1

 0.0829355  -0.633757   0.769074  0.0310024
 -0.996193 -0.0735233  0.0468406   0.959382
 0.0268593   -0.77003  -0.637442    1.70374
         0          0          0          1

 0.0729181  -0.622098   0.779536  0.0379337
 -0.994934 -0.0996057  0.0135776   0.984072
 0.0691997  -0.776578   -0.62621     1.7035
         0          0          0          1

0.0635991 -0.623055  0.779588 0.0476256
-0.992909 -0.118116 -0.013398   1.00372
  0.10043 -0.773208  -0.62615   1.71341
        0         0         0         1

 0.0440687  -0.609459   0.791592  0.0648578
  -0.98289  -0.168299 -0.0748577    1.04883
  0.178847  -0.774748  -0.606448    1.72718
         0          0          0          1

  0.041576  -0.602215    0.79725  0.0680354
 -0.977987  -0.187834 -0.0908823     1.0614
  0.204482  -0.775922  -0.596768    1.74008
         0          0          0          1

0.0357745 -0.593074  0.804353 0.0741749
-0.969118 -0.217091 -0.116965   1.08069
 0.243987 -0.775329 -0.582525   1.75097
        0         0         0         1

0.0291676 -0.577521  0.815854 0.0771999
-0.960027 -0.243499 -0.138044   1.09847
 0.278383 -0.779216 -0.561539   1.74882
        0         0         0         1

0.0231057 -0.557575  0.829805 0.0905212
-0.935486 -0.304809 -0.178764   1.14158
 0.352606 -0.772141 -0.528647    1.7559
        0         0         0         1

0.0275731 -0.555342  0.831165 0.0949738
-0.926791 -0.325763 -0.186913   1.15695
 0.374563 -0.765163 -0.523668   1.76505
        0         0         0         1

