 -0.37632 -0.559628  0.738376  0.435409
-0.894117  0.428197 -0.131157   1.03423
-0.242771 -0.709552 -0.661513   2.24698
        0         0         0         1

-0.368272 -0.552551  0.747705  0.431347
-0.893722  0.432014 -0.120934   1.01525
-0.256197 -0.712777 -0.652926   2.22071
        0         0         0         1

-0.365269 -0.550365  0.750784  0.433427
-0.890023  0.442846 -0.108381  0.996386
-0.272832 -0.707803 -0.651596   2.21011
        0         0         0         1

  -0.34852  -0.533764   0.770474   0.426925
 -0.883636   0.461261 -0.0801597   0.958218
 -0.312603  -0.708756  -0.632412    2.17027
         0          0          0          1

 -0.345549  -0.522071   0.779768   0.428852
 -0.879102   0.470797 -0.0743591   0.945745
 -0.328292   -0.71119  -0.621637    2.15151
         0          0          0          1

 -0.336435  -0.513955   0.789089    0.42545
 -0.873715   0.482975 -0.0579412   0.922693
 -0.351331  -0.708933   -0.61154    2.13429
         0          0          0          1

 -0.328697   -0.50954    0.79519   0.423117
 -0.870419   0.490187 -0.0456925   0.907197
  -0.36651  -0.707168  -0.604636    2.11764
         0          0          0          1

 -0.316523  -0.500118   0.806037   0.419687
 -0.865337   0.500329 -0.0293727   0.887906
 -0.388594  -0.706791  -0.591136    2.09827
         0          0          0          1

 -0.313395  -0.488369    0.81442   0.419379
 -0.860721   0.508395 -0.0263518   0.875018
 -0.401178  -0.709246  -0.579678    2.07753
         0          0          0          1

  -0.291991   -0.471232    0.832275     0.41101
  -0.849402    0.527746 0.000809284    0.837072
  -0.439611     -0.7067   -0.554362       2.036
          0           0           0           1

 -0.286247  -0.459666   0.840696   0.411371
 -0.845428   0.534073 0.00415638   0.827583
 -0.450904  -0.709558  -0.541491    2.01452
         0          0          0          1

-0.281778 -0.453368  0.845611  0.412988
-0.836579  0.547645 0.0148475  0.809687
-0.469826 -0.703237 -0.533593   1.99883
        0         0         0         1

-0.277835 -0.448672  0.849412  0.414853
-0.829373  0.558198  0.023568  0.797256
-0.484715 -0.697931 -0.527203   1.98366
        0         0         0         1

-0.263314 -0.433399  0.861876  0.413346
-0.813598  0.579835 0.0430088  0.767083
-0.518386 -0.689896 -0.505291   1.94477
        0         0         0         1

-0.262041 -0.429583  0.864172  0.415984
-0.806291  0.589522 0.0485642  0.756641
-0.530311 -0.684048 -0.500848   1.93099
        0         0         0         1

-0.260369 -0.419213  0.869752  0.419713
-0.795997  0.603031 0.0523664  0.743903
 -0.54644 -0.678685 -0.490703   1.90999
        0         0         0         1

-0.251554 -0.411027  0.876229  0.417325
-0.790293  0.609864 0.0591962  0.732589
-0.558711 -0.677586 -0.478246   1.89246
        0         0         0         1

-0.247543 -0.401167  0.881922  0.417915
-0.779466  0.623099 0.0646488  0.719167
 -0.57546 -0.671426 -0.466941   1.87279
        0         0         0         1

-0.245165 -0.397041   0.88445  0.418864
-0.774107  0.629396 0.0679662  0.710488
-0.583655 -0.667996 -0.461658   1.85712
        0         0         0         1

 -0.24343 -0.382391  0.891358  0.424247
-0.752702  0.654072 0.0750332  0.689693
-0.611704 -0.652661 -0.447047   1.82361
        0         0         0         1

-0.239773 -0.376107  0.895016  0.425681
-0.745625  0.661746 0.0783301  0.681909
-0.621733 -0.648565 -0.439103   1.80855
        0         0         0         1

-0.237587 -0.368392  0.898799  0.427988
 -0.73685  0.671264 0.0803541  0.672891
-0.632934 -0.643189 -0.430933   1.78993
        0         0         0         1

-0.237901 -0.364897  0.900141  0.432105
-0.727348  0.681123 0.0838799  0.666351
-0.643714  -0.63476 -0.427447   1.77951
        0         0         0         1

-0.227966 -0.349031   0.90896  0.435404
-0.713113  0.695478 0.0882089  0.650891
 -0.66295 -0.628082 -0.407444   1.74259
        0         0         0         1

-0.227085 -0.345891   0.91038  0.437878
-0.706191  0.702196 0.0906409  0.645275
-0.670617 -0.622319 -0.403724   1.73115
        0         0         0         1

-0.223117 -0.340934  0.913227  0.440613
-0.697569  0.710229 0.0947214  0.638361
-0.680894 -0.615904 -0.396289    1.7151
        0         0         0         1

-0.220113 -0.337932   0.91507  0.442829
-0.692704   0.71463 0.0972859  0.633964
-0.686813 -0.612459 -0.391386   1.70199
        0         0         0         1

-0.218266 -0.338821  0.915183  0.444902
 -0.68448   0.72159  0.103904  0.626271
-0.695592 -0.603746 -0.389415   1.68823
        0         0         0         1

-0.215517 -0.336841  0.916565   0.44751
-0.679551  0.725792  0.106944   0.62229
-0.701258 -0.599804 -0.385321   1.67633
        0         0         0         1

-0.215446  -0.33804   0.91614  0.453647
-0.663582   0.73896  0.116611    0.6124
-0.716409  -0.58281 -0.383523   1.65483
        0         0         0         1

-0.213501 -0.342241  0.915035   0.45469
-0.656462  0.743919  0.125071   0.60697
-0.723516 -0.573982 -0.383496   1.64743
        0         0         0         1

-0.211557 -0.341174  0.915884  0.457521
-0.650399  0.748622  0.128634  0.603118
-0.729537 -0.568477 -0.380275   1.63508
        0         0         0         1

-0.208325 -0.343324  0.915822  0.458773
-0.646147  0.751242  0.134645  0.599425
 -0.73423 -0.563706  -0.37834   1.62657
        0         0         0         1

-0.200667 -0.347772  0.915853  0.461678
-0.635799  0.757469  0.148324  0.591404
-0.745314 -0.552535 -0.373112   1.60707
        0         0         0         1

-0.197211 -0.349992  0.915758  0.462723
-0.633605  0.758303  0.153366  0.588392
  -0.7481 -0.549983 -0.371302   1.59893
        0         0         0         1

-0.194232 -0.352901  0.915279  0.464859
-0.628708  0.761004  0.159999  0.585443
-0.752994 -0.544366 -0.369683   1.59021
        0         0         0         1

-0.192505 -0.356611  0.914205  0.466972
-0.625935  0.762116  0.165481  0.583167
-0.755743 -0.540377 -0.369926   1.58376
        0         0         0         1

-0.190251  -0.35961  0.913502   0.46986
-0.622313  0.763843  0.171089  0.581039
-0.759297 -0.535934 -0.369111   1.57655
        0         0         0         1

-0.186985 -0.362886   0.91288  0.471498
-0.620543  0.764026  0.176608  0.578546
-0.761553 -0.533458 -0.368048   1.57086
        0         0         0         1

-0.180455  -0.37807  0.908019  0.473036
-0.614922  0.763881   0.19585  0.571746
-0.767663 -0.523019  -0.37033   1.56175
        0         0         0         1

-0.176414 -0.383616  0.906486  0.473241
-0.615946  0.761362   0.20233  0.569929
-0.767781 -0.522653 -0.370602   1.55593
        0         0         0         1

-0.170697 -0.386927  0.906173  0.475641
 -0.61733  0.758789  0.207708   0.56936
-0.767962 -0.523953 -0.368385   1.54794
        0         0         0         1

-0.167296 -0.393529  0.903962  0.475722
 -0.61664  0.757174  0.215505   0.56671
-0.769264 -0.521366 -0.369337   1.54573
        0         0         0         1

 -0.15557 -0.402415  0.902142  0.476799
-0.618266  0.751931  0.228794  0.563834
-0.770419 -0.522171 -0.365778    1.5355
        0         0         0         1

-0.153107 -0.404683  0.901549  0.478603
-0.618343  0.750873  0.232037  0.563326
-0.770851 -0.521939 -0.365197   1.53267
        0         0         0         1

-0.145652 -0.408944  0.900861  0.478113
-0.619043  0.747964  0.239449  0.560885
-0.771732 -0.522796 -0.362096   1.52884
        0         0         0         1

-0.143105 -0.411798  0.899969  0.478793
-0.618409  0.747165  0.243546   0.56017
-0.772717 -0.521696 -0.361582   1.52699
        0         0         0         1

-0.136889 -0.413211  0.900288  0.480118
-0.620754  0.744043  0.247113  0.559504
-0.771963  -0.52503 -0.358354   1.52239
        0         0         0         1

 -0.13147 -0.417913  0.898924   0.47902
-0.620198  0.742085  0.254293  0.557528
 -0.77335 -0.524079 -0.356751   1.52096
        0         0         0         1

-0.121361 -0.423101  0.897918  0.480146
-0.622543  0.737018  0.263142  0.556027
-0.773118 -0.527058 -0.352844   1.51525
        0         0         0         1

-0.118346 -0.426181  0.896863  0.480352
-0.623105  0.735117  0.267099  0.554875
-0.773132  -0.52723 -0.352554   1.51403
        0         0         0         1

-0.112598 -0.428042  0.896717   0.48143
-0.626267  0.731213  0.270402  0.555137
-0.771435 -0.531138 -0.350402   1.51049
        0         0         0         1

-0.109311 -0.431257  0.895583  0.481284
-0.628003   0.72835  0.274077  0.554497
-0.770496 -0.532469 -0.350447   1.50832
        0         0         0         1

-0.105401 -0.434948  0.894266  0.481958
-0.628577  0.725977  0.279011  0.553893
-0.770572 -0.532707 -0.349917   1.50639
        0         0         0         1

-0.104234 -0.435956  0.893912  0.483452
-0.629181  0.724992  0.280209  0.554376
-0.770238 -0.533225 -0.349864   1.50529
        0         0         0         1

-0.0954808 -0.441092  0.892368   0.48386
-0.632365   0.71921   0.28784  0.553834
-0.768764  -0.53682 -0.347602   1.50051
        0         0         0         1

-0.0927688 -0.442113  0.892149  0.483931
-0.631854  0.718622  0.290418  0.553341
-0.769516 -0.536766 -0.346017   1.49961
        0         0         0         1

-0.0879859 -0.444696   0.89135  0.483039
-0.632968    0.7159  0.294683  0.552769
-0.769162 -0.538268 -0.344467   1.49793
        0         0         0         1

-0.0844828 -0.447157  0.890457  0.483721
-0.633782  0.713695  0.298263   0.55271
-0.768885 -0.539157 -0.343695   1.49674
        0         0         0         1

-0.0800831  -0.44718  0.890852  0.484014
-0.635914  0.711146  0.299808  0.553481
-0.767594 -0.542495 -0.341319   1.49435
        0         0         0         1

-0.0761044 -0.447122   0.89123  0.483406
-0.638718  0.708222  0.300767  0.553416
-0.765668 -0.546355 -0.339484   1.49213
        0         0         0         1

-0.0740783 -0.451019  0.889435  0.483425
-0.641011  0.704766  0.303989  0.553751
-0.763949 -0.547618 -0.341316   1.49201
        0         0         0         1

-0.0729221 -0.453319   0.88836  0.483598
-0.641862  0.703082  0.306086  0.553704
-0.763345 -0.547884 -0.342239   1.49189
        0         0         0         1

-0.0724434 -0.457883  0.886056  0.484722
 -0.64249  0.700929  0.309686  0.554626
-0.762862 -0.546847 -0.344963   1.49377
        0         0         0         1

-0.0699997 -0.460591  0.884848  0.484069
-0.643391  0.698714  0.312805  0.554569
 -0.76233 -0.547407  -0.34525   1.49342
        0         0         0         1

-0.0684479 -0.463771  0.883307  0.484481
-0.644622  0.696303  0.315634  0.555311
-0.761431 -0.547795 -0.346617   1.49288
        0         0         0         1

-0.067718 -0.469685  0.880233  0.484185
-0.645644  0.693246   0.32024  0.555257
 -0.76063 -0.546631 -0.350195   1.49283
        0         0         0         1

-0.0676423 -0.476975   0.87631   0.48313
-0.647996  0.688858  0.324926   0.55509
-0.758634 -0.545867 -0.355674   1.49243
        0         0         0         1

-0.0696336 -0.482448  0.873153  0.482702
-0.649426  0.686323  0.327426   0.55514
 -0.75723 -0.544248 -0.361105   1.49233
        0         0         0         1

-0.0797066 -0.491985  0.866947  0.484172
-0.649324  0.685511  0.329323  0.557214
-0.756324  -0.53668 -0.374097   1.49322
        0         0         0         1

-0.0813097 -0.497992  0.863361  0.484169
-0.649107  0.683798  0.333287  0.557625
-0.756339 -0.533315 -0.378849   1.49342
        0         0         0         1

-0.0860938 -0.510805  0.855375  0.483795
-0.648794  0.680305  0.340957  0.557486
-0.756078 -0.525608 -0.389977   1.49433
        0         0         0         1

-0.0904879 -0.521438  0.848478  0.483582
-0.648843  0.677204  0.346983  0.557467
-0.755523 -0.519131  -0.39961   1.49517
        0         0         0         1

-0.104069 -0.552341  0.827096  0.483949
-0.645447  0.670209  0.366358  0.556888
-0.756682  -0.49572 -0.426255   1.50008
        0         0         0         1

-0.110639 -0.567747  0.815734  0.484023
-0.646857   0.66427  0.374595  0.556856
-0.754543 -0.486218 -0.440745   1.50165
        0         0         0         1

-0.125368  -0.58939  0.798062  0.485052
-0.646726  0.658558  0.384768  0.557182
-0.752349  -0.46789 -0.463736   1.50526
        0         0         0         1

-0.136363 -0.605283  0.784243  0.484909
-0.649638  0.652296  0.390487  0.557352
-0.747914 -0.456226 -0.482164   1.50645
        0         0         0         1

 -0.15466 -0.625354  0.764861   0.48643
-0.650669   0.64704  0.397454  0.558227
-0.743445 -0.436201  -0.50697   1.51017
        0         0         0         1

-0.169392 -0.639631  0.749785   0.48734
-0.654483  0.641813  0.399661  0.559332
-0.736858 -0.423022 -0.527345   1.51147
        0         0         0         1

-0.213416 -0.675637  0.705669  0.489581
-0.660427  0.632043  0.405411  0.560925
-0.719923 -0.379521 -0.581097   1.52031
        0         0         0         1

-0.231799 -0.688983   0.68671  0.489653
-0.665166  0.627371  0.404921  0.561499
-0.709806 -0.362916 -0.603712   1.52375
        0         0         0         1

-0.251982 -0.705782    0.6621  0.488503
-0.671199   0.62033  0.405811  0.561704
-0.697135 -0.342144 -0.630032   1.52837
        0         0         0         1

-0.273156 -0.715958  0.642487  0.489318
-0.673532  0.619205  0.403658  0.563132
-0.686833 -0.322474  -0.65136   1.53503
        0         0         0         1

 -0.31191 -0.732862   0.60467  0.489441
-0.680771  0.616334  0.395833  0.567171
-0.662769 -0.288178 -0.691152   1.54864
        0         0         0         1

 -0.31863 -0.738799  0.593844  0.486965
-0.685632  0.612234  0.393799  0.567502
 -0.65451 -0.281682 -0.701621   1.55351
        0         0         0         1

-0.324186  -0.74556  0.582274  0.483995
 -0.69179  0.606669  0.391637  0.568531
-0.645237 -0.275848 -0.712445    1.5618
        0         0         0         1

-0.329109 -0.747229  0.577353  0.483264
-0.696059  0.605135  0.386411   0.57097
-0.638114   -0.2747 -0.719271   1.56878
        0         0         0         1

 -0.32811 -0.750802  0.573272  0.480379
-0.704696  0.598687  0.380758  0.573295
-0.629085 -0.279052 -0.725522     1.577
        0         0         0         1

-0.332508 -0.751963  0.569201  0.480471
-0.708588  0.597482  0.375391  0.575962
-0.622368 -0.278509 -0.731499    1.5882
        0         0         0         1

-0.328897 -0.752612   0.57044  0.475409
-0.726304  0.587658  0.356567  0.583026
 -0.60358 -0.297039 -0.739904   1.60796
        0         0         0         1

-0.326399 -0.751809  0.572928  0.473358
-0.734758  0.583109  0.346576  0.586658
-0.594639 -0.307842 -0.742724    1.6169
        0         0         0         1

-0.323054 -0.751503  0.575221  0.469025
-0.744605  0.576989  0.335631  0.589792
-0.584123 -0.319885 -0.745971   1.63083
        0         0         0         1

 -0.32056 -0.749706  0.578949  0.466304
-0.753411  0.572254  0.323878   0.59413
 -0.57412 -0.332365 -0.748278    1.6401
        0         0         0         1

-0.314136 -0.747736  0.584987  0.456537
-0.776989   0.55656  0.294159  0.602153
-0.545533 -0.362123 -0.755818   1.66797
        0         0         0         1

-0.314842 -0.746445  0.586254   0.45464
-0.786629  0.550842  0.278905  0.607339
-0.531121 -0.373353 -0.760604   1.68138
        0         0         0         1

-0.313423 -0.745157  0.588649  0.450815
-0.798084  0.542623  0.261958  0.614001
-0.514614 -0.387688 -0.764768   1.69856
        0         0         0         1

-0.315646  -0.74457  0.588203  0.449074
-0.806012  0.537502  0.247864  0.619818
-0.500713 -0.395861 -0.769793   1.71267
        0         0         0         1

-0.310811 -0.746887   0.58784  0.441916
-0.817178  0.525838  0.236039  0.624407
-0.485403 -0.407007 -0.773776   1.73324
        0         0         0         1

-0.315198 -0.745972  0.586665  0.441398
-0.825205  0.520739  0.218786  0.632545
-0.468708 -0.415158 -0.779716    1.7477
        0         0         0         1

-0.312049 -0.747341  0.586607  0.429142
-0.845503  0.500046  0.187292  0.646852
-0.433302 -0.437534 -0.787917   1.78639
        0         0         0         1

-0.315955  -0.74668  0.585356  0.428297
 -0.85256  0.494153  0.170159  0.656512
 -0.41631 -0.445288  -0.79272   1.80217
        0         0         0         1

-0.316164 -0.746824  0.585059  0.423435
-0.861805  0.483927  0.152012  0.666065
-0.396652 -0.456146 -0.796617   1.82411
        0         0         0         1

-0.319027  -0.74555   0.58513  0.419787
-0.869028  0.476472  0.133287  0.674993
 -0.37817 -0.465972 -0.799911   1.83952
        0         0         0         1

-0.324342  -0.73921   0.59023  0.416063
-0.877515  0.468121  0.104069  0.689801
-0.353228 -0.484182 -0.800499   1.85676
        0         0         0         1

-0.326244  -0.73972   0.58854  0.411276
 -0.88199  0.462198  0.092013  0.697672
-0.340086 -0.489068 -0.803215   1.87661
        0         0         0         1

-0.331086 -0.734782  0.592011   0.40013
-0.895285  0.442803 0.0488964  0.722424
-0.298073  -0.51383 -0.804445   1.91832
        0         0         0         1

-0.336793 -0.731399  0.592981  0.397742
 -0.89918  0.436687 0.0279185  0.734546
-0.279367 -0.523794 -0.804732   1.93444
        0         0         0         1

 -0.34078 -0.729433  0.593124  0.392025
 -0.90274  0.430065 0.0102308  0.747332
-0.262545  -0.53195 -0.805046   1.95917
        0         0         0         1

  -0.342587   -0.727427    0.594545     0.38638
  -0.907518    0.419912 -0.00916409     0.75932
  -0.242991     -0.5427    -0.80401     1.97374
          0           0           0           1

-0.357296 -0.718905  0.596251   0.37898
-0.912911  0.403675 -0.060336  0.794953
-0.197316 -0.565882 -0.800527   2.01073
        0         0         0         1

 -0.362762  -0.719617   0.592077   0.375217
 -0.914212   0.397961 -0.0764451   0.807206
 -0.180613  -0.569015  -0.802247    2.02902
         0          0          0          1

  -0.37404  -0.718201   0.586755   0.374875
 -0.913415   0.394797 -0.0990359   0.825427
 -0.160522  -0.572995  -0.803685    2.05499
         0          0          0          1

-0.378648 -0.718114  0.583899  0.370213
-0.914289  0.388288 -0.115362  0.838855
-0.143878 -0.577534 -0.803588   2.07112
        0         0         0         1

-0.395855 -0.717707  0.572884  0.374041
-0.910798  0.386495  -0.14515  0.862245
-0.117241  -0.57924 -0.806682   2.09155
        0         0         0         1

-0.402754 -0.715657  0.570635  0.368633
-0.909588  0.382526 -0.162246  0.877224
-0.102171 -0.584388 -0.805017   2.10801
        0         0         0         1

-0.416912 -0.712971  0.563787  0.356597
-0.906778  0.369064 -0.203827  0.913273
-0.0627508 -0.596208 -0.800374    2.1472
        0         0         0         1

-0.427121 -0.711772  0.557628   0.35672
-0.903091  0.366282 -0.224198  0.932648
-0.0446714 -0.599348 -0.799241   2.15857
        0         0         0         1

-0.441721 -0.710139  0.548256  0.357837
-0.896882   0.36455 -0.250413  0.956929
-0.022038 -0.602333  -0.79794   2.17916
        0         0         0         1

-0.442569 -0.707946  0.550405  0.346623
-0.896554  0.361643 -0.255745  0.965814
-0.017996 -0.606652 -0.794764   2.19948
        0         0         0         1

-0.471052 -0.700707  0.535836  0.345565
-0.881811  0.358368 -0.306563   1.01319
0.0227842 -0.616913 -0.786701   2.23172
        0         0         0         1

-0.484542 -0.701983  0.521958  0.348413
-0.873801  0.360354 -0.326522   1.03453
0.0411234 -0.614301    -0.788   2.24866
        0         0         0         1

-0.496417 -0.700081   0.51328  0.344825
-0.866448  0.363307 -0.342456     1.055
0.0532688 -0.614731 -0.786936    2.2719
        0         0         0         1

-0.510543 -0.696878  0.503693  0.344882
 -0.85662  0.361475 -0.368155   1.07731
0.0744871 -0.619432 -0.781508   2.28066
        0         0         0         1

-0.521923 -0.695271  0.494161  0.340472
-0.847537  0.357277 -0.392473    1.1037
0.0963225  -0.62366 -0.775739   2.29328
        0         0         0         1

-0.539798 -0.691017  0.480742   0.34869
-0.833613  0.359375 -0.419451    1.1286
 0.117081 -0.627172 -0.770031   2.30071
        0         0         0         1

-0.560137 -0.692393  0.454795  0.352746
-0.815463  0.364214 -0.449854   1.17044
 0.145833 -0.622849  -0.76863   2.34337
        0         0         0         1

-0.567494 -0.689478  0.450079  0.351159
-0.809611  0.367723 -0.457504   1.18772
 0.149934  -0.62402 -0.766889   2.35997
        0         0         0         1

-0.580789  -0.68045  0.446846  0.347924
-0.797618   0.36592 -0.479488   1.21502
 0.162758 -0.634894 -0.755261   2.36764
        0         0         0         1

