  0.579403  -0.647685    0.49477   0.781945
 -0.720565  -0.690751 -0.0604152    1.08514
  0.380893  -0.321509  -0.866921    2.20742
         0          0          0          1

  0.589213  -0.659177   0.467241   0.803066
  -0.72345  -0.687919 -0.0582025    1.07396
   0.35979  -0.303732  -0.882212    2.20697
         0          0          0          1

  0.599245  -0.666852   0.442961   0.812421
 -0.724153  -0.687424 -0.0552309     1.0621
  0.341333  -0.287675  -0.894838    2.20926
         0          0          0          1

  0.60637 -0.679809  0.412522  0.829989
-0.728535 -0.682845 -0.054403   1.04813
 0.318672 -0.267549 -0.909321    2.2096
        0         0         0         1

 0.614784 -0.681788  0.396492  0.833453
-0.726079 -0.685563 -0.053033   1.03561
 0.307977  -0.25528 -0.916505     2.209
        0         0         0         1

  0.630663  -0.702831    0.32908    0.86538
 -0.729475  -0.681573 -0.0576694    1.01198
  0.264824  -0.203686  -0.942539    2.20629
         0          0          0          1

   0.63666  -0.707833      0.306   0.872515
 -0.726012  -0.683949 -0.0715637    1.00616
  0.259943  -0.176598  -0.949338    2.19616
         0          0          0          1

 0.646146 -0.713688  0.270455  0.882993
  -0.7241 -0.685238 -0.078282  0.992224
 0.241195 -0.145255 -0.959545   2.19209
        0         0         0         1

   0.64932  -0.721365   0.240866   0.895177
 -0.726101  -0.682219 -0.0857641   0.982363
   0.22619  -0.119204  -0.966762    2.18944
         0          0          0          1

  0.664255   -0.72766   0.171105   0.914118
 -0.721102  -0.684079  -0.109765   0.960504
  0.196921 -0.0504727  -0.979119    2.17547
         0          0          0          1

  0.669975  -0.728534   0.142727   0.921064
 -0.718807  -0.684663  -0.120635   0.952536
  0.185607 -0.0217707  -0.982383    2.16836
         0          0          0          1

 0.672944 -0.732566  0.102441  0.935924
-0.720522 -0.680512 -0.133237  0.942681
 0.167318 0.0158501 -0.985776   2.15882
        0         0         0         1

 0.675042 -0.733896 0.0756049  0.945299
-0.721566 -0.678097 -0.139742  0.934815
 0.153824 0.0397778 -0.987297   2.15261
        0         0         0         1

 0.676975 -0.735117  0.036166  0.959745
-0.724148 -0.674048 -0.145835  0.922073
 0.131583 0.0725369 -0.988648   2.14539
        0         0         0         1

 0.680123 -0.732933 0.0155649  0.965064
-0.723555 -0.674533 -0.146538  0.912848
 0.117901 0.0884015 -0.989083   2.14001
        0         0         0         1

  0.690171  -0.722699 -0.0370145   0.978334
 -0.718655  -0.678516  -0.152156   0.892143
 0.0848481   0.131614  -0.987663    2.11874
         0          0          0          1

  0.689421  -0.721674 -0.0623286   0.990839
 -0.720788  -0.674941  -0.157858   0.886069
 0.0718538   0.153756  -0.985493    2.10755
         0          0          0          1

   0.69284  -0.716175 -0.0840675   0.997366
 -0.719031  -0.677341  -0.155574    0.87409
 0.0544754   0.168235  -0.984241    2.09622
         0          0          0          1

  0.69061 -0.715671  -0.10427   1.00721
 -0.72218 -0.674649  -0.15266  0.866366
0.0389083   0.18073 -0.982763   2.08664
        0         0         0         1

 0.690222 -0.713205 -0.122199   1.01439
-0.723282  -0.67502 -0.145642  0.855027
 0.021386   0.18891 -0.981762   2.07396
        0         0         0         1

 0.690434 -0.711214 -0.132196   1.01853
-0.723342  -0.67653 -0.138142  0.846972
0.00881381  0.191001  -0.98155   2.06436
        0         0         0         1

 0.686809 -0.711034 -0.150743   1.03073
-0.726513  -0.67778 -0.113112  0.826554
-0.0217435  0.187203 -0.982081   2.03892
        0         0         0         1

 0.683892 -0.713368 -0.152963   1.03489
-0.728888 -0.677207 -0.100566  0.818729
-0.0318467  0.180269 -0.983102   2.02879
        0         0         0         1

  0.683098  -0.714234   -0.15247    1.03644
 -0.728872  -0.679885 -0.0806358   0.806212
-0.0460692   0.166213  -0.985013    2.01503
         0          0          0          1

  0.680395  -0.716987  -0.151634    1.03874
 -0.730517  -0.680037 -0.0624068    0.79672
-0.0583719   0.153233  -0.986465    2.00699
         0          0          0          1

  0.669565  -0.728738  -0.143606    1.04721
 -0.738135  -0.674374 -0.0194063   0.777368
-0.0827018   0.118994  -0.989445    1.97708
         0          0          0          1

   0.666677   -0.733018   -0.135004     1.04619
    -0.7397   -0.672936 0.000991562    0.769191
  -0.091576   0.0992015   -0.990845     1.96568
          0           0           0           1

 0.659252 -0.741471 -0.124934   1.04891
-0.744441    -0.667 0.0303099  0.759132
-0.105805 0.0730244 -0.991702   1.94948
        0         0         0         1

  0.65315 -0.748316 -0.115833   1.05061
-0.748195 -0.661321 0.0534717  0.751644
-0.116617 0.0517406 -0.991828   1.93824
        0         0         0         1

 0.647099 -0.755702 -0.100884   1.05036
-0.751311 -0.654567 0.0841075   0.74093
-0.129596 0.0213695 -0.991337   1.92216
        0         0         0         1

  0.639939   -0.76264 -0.0941232    1.05233
 -0.755273  -0.646815   0.105796   0.733694
 -0.141565 0.00338574  -0.989923    1.91177
         0          0          0          1

   0.62956   -0.77394 -0.0683545    1.05031
  -0.76012  -0.631746   0.152034   0.716836
 -0.160847 -0.0437565  -0.986009    1.87997
         0          0          0          1

  0.622574  -0.780071 -0.0623816     1.0512
 -0.763454  -0.622948   0.170509   0.710331
  -0.17187 -0.0585292  -0.983379    1.86915
         0          0          0          1

  0.610434  -0.790249 -0.0536308     1.0547
 -0.770139  -0.607995   0.192947   0.702386
 -0.185083 -0.0764783  -0.979742     1.8526
         0          0          0          1

  0.606637  -0.793555 -0.0475489     1.0526
  -0.77085  -0.601796   0.208882   0.696307
 -0.194374 -0.0900626  -0.976784    1.84207
         0          0          0          1

  0.591542  -0.805621 -0.0324509    1.05248
 -0.777659  -0.580714   0.240869    0.68329
 -0.212894  -0.117249  -0.970015    1.81099
         0          0          0          1

  0.585742  -0.810004 -0.0282949    1.05295
 -0.779748    -0.5727   0.252999   0.678634
 -0.221135  -0.126129  -0.967053    1.80072
         0          0          0          1

   0.57811  -0.815661 -0.0220437     1.0523
 -0.782336  -0.561761   0.269025   0.672651
 -0.231817  -0.138281  -0.962881    1.78505
         0          0          0          1

 0.573278 -0.819173 -0.017548   1.05243
-0.784028 -0.554652  0.278679  0.668841
 -0.23802 -0.146002 -0.960224   1.77382
        0         0         0         1

  0.565371  -0.824759 -0.0113507    1.05233
 -0.786582  -0.543241   0.293561   0.663726
 -0.248283  -0.157042  -0.955873    1.75929
         0          0          0          1

   0.560456   -0.828167 -0.00535302     1.05221
  -0.787924    -0.53519    0.304546    0.660058
   -0.25508   -0.166467   -0.952483     1.74894
          0           0           0           1

 0.548502 -0.836084 0.0104396   1.05177
-0.791151 -0.514903  0.330084  0.651889
-0.270603 -0.189311 -0.943894   1.72321
        0         0         0         1

 0.544371 -0.838644   0.01834   1.05112
 -0.79249 -0.506999  0.338986  0.649523
 -0.27499 -0.199068 -0.940613    1.7128
        0         0         0         1

 0.537503  -0.84273 0.0299354   1.05146
-0.795442 -0.494919  0.349753  0.646978
-0.279932 -0.211805 -0.936363   1.69813
        0         0         0         1

 0.534588 -0.844212 0.0390065   1.05012
-0.795376  -0.48699  0.360858  0.644156
-0.285645 -0.223935 -0.931805   1.68947
        0         0         0         1

 0.522521 -0.850098 0.0656061   1.05067
-0.798705 -0.461096  0.386601  0.638541
-0.298399 -0.254407  -0.91991   1.66708
        0         0         0         1

 0.520024 -0.850629 0.0774899    1.0494
-0.798943 -0.452319  0.396356  0.636723
-0.302102 -0.268025 -0.914821   1.65831
        0         0         0         1

 0.518514 -0.849731 0.0953987   1.04651
-0.799178 -0.441921  0.407455  0.634515
-0.304068 -0.287511 -0.908229   1.64527
        0         0         0         1

  0.51495 -0.850352  0.108295   1.04642
-0.799849 -0.431196  0.417506  0.633021
 -0.30833 -0.301615 -0.902198   1.63674
        0         0         0         1

 0.510017 -0.850918  0.125784   1.04617
-0.800759 -0.416288  0.430685  0.631409
-0.314115  -0.32038 -0.893694   1.62519
        0         0         0         1

 0.505553 -0.851687  0.138007   1.04656
-0.801273 -0.404141  0.441171  0.630054
-0.319966 -0.333617 -0.886748   1.61776
        0         0         0         1

 0.503987 -0.846798   0.17009    1.0431
-0.798614 -0.381872  0.465177  0.627369
-0.328958 -0.370279 -0.868723   1.59745
        0         0         0         1

 0.501702 -0.845814  0.181369   1.04337
-0.798661 -0.372361  0.472744   0.62691
-0.332319 -0.382029 -0.862333   1.58978
        0         0         0         1

  0.49953 -0.843744  0.196382   1.04389
-0.797545  -0.35941  0.484507  0.625893
-0.338219 -0.398649 -0.852459    1.5803
        0         0         0         1

 0.500109 -0.841034  0.206284   1.04316
-0.796341 -0.353079  0.491097  0.625377
-0.340195 -0.409874 -0.846327   1.57274
        0         0         0         1

 0.499589 -0.835382  0.229232   1.04395
-0.793652 -0.335345  0.507602  0.624262
 -0.34717 -0.435523 -0.830538   1.55663
        0         0         0         1

 0.501093 -0.832508  0.236298   1.04324
-0.791253 -0.330173  0.514688  0.623663
-0.350463 -0.444878 -0.824172    1.5513
        0         0         0         1

  0.50186 -0.829095  0.246453   1.04317
-0.789914 -0.323242  0.521105  0.623357
-0.352381 -0.456198 -0.817136   1.54298
        0         0         0         1

 0.504728 -0.825235  0.253448   1.04191
-0.787067 -0.319281  0.527811  0.622753
-0.354647 -0.465882 -0.810666   1.53788
        0         0         0         1

  0.50452 -0.821808  0.264748   1.04312
 -0.78699 -0.311598  0.532497  0.622878
-0.355116  -0.47701 -0.803962   1.53008
        0         0         0         1

 0.504749 -0.819143  0.272459   1.04343
-0.785229 -0.304522  0.539149  0.622449
 -0.35867 -0.486077 -0.796922    1.5259
        0         0         0         1

 0.507374 -0.809776  0.294678   1.04413
-0.782803 -0.290154  0.550481  0.622725
-0.360265 -0.509974 -0.781112   1.51281
        0         0         0         1

 0.507996 -0.806153  0.303408   1.04498
-0.781763 -0.283613  0.555347  0.622787
-0.361644 -0.519307 -0.774295   1.50826
        0         0         0         1

  0.51093 -0.799537  0.315739   1.04474
-0.779879 -0.276638   0.56148   0.62298
-0.361579 -0.533115 -0.764885   1.50144
        0         0         0         1

 0.511239 -0.795722  0.324749   1.04593
-0.778779 -0.269093   0.56665  0.623153
-0.363508 -0.542601 -0.757262   1.49762
        0         0         0         1

  0.51668 -0.783562   0.34507   1.04695
-0.775309 -0.257207  0.576837  0.623805
-0.363233 -0.565576 -0.740396   1.48698
        0         0         0         1

 0.517291 -0.779619  0.352992   1.04878
-0.775631 -0.252778   0.57836  0.624491
-0.361672 -0.572972 -0.735456   1.48267
        0         0         0         1

 0.518322 -0.773975  0.363738   1.05027
-0.774132 -0.243899  0.584151  0.624827
-0.363403 -0.584359 -0.725577   1.47811
        0         0         0         1

 0.521314 -0.768436   0.37113   1.05063
-0.771632 -0.238741  0.589565  0.625221
-0.364439 -0.593724 -0.717409   1.47505
        0         0         0         1

 0.521682 -0.762766  0.382146   1.05299
-0.770919 -0.229609  0.594108  0.625792
-0.365421 -0.604539 -0.707814   1.47102
        0         0         0         1

 0.524179 -0.757497  0.389146   1.05358
-0.769417 -0.225395  0.597657  0.626381
-0.365012 -0.612695 -0.700979   1.46787
        0         0         0         1

 0.527778 -0.744351  0.409136   1.05713
-0.767274 -0.211187   0.60555   0.62764
-0.364338 -0.633515 -0.682581   1.46112
        0         0         0         1

 0.529381 -0.738988  0.416717   1.05939
 -0.76657   -0.2062  0.608155  0.628191
-0.363492 -0.641388 -0.675644   1.45853
        0         0         0         1

 0.531165 -0.732288  0.426167   1.06189
-0.765871 -0.199859  0.611144  0.629173
-0.362361 -0.651007 -0.666996   1.45536
        0         0         0         1

 0.533562 -0.727221  0.431812   1.06338
-0.764768 -0.196818  0.613509  0.629806
-0.361168 -0.657581  -0.66117   1.45325
        0         0         0         1

 0.540422 -0.716132  0.441701   1.06687
-0.761428  -0.19288  0.618891  0.631524
-0.358012 -0.670785 -0.649519   1.44867
        0         0         0         1

 0.540504 -0.713885  0.445223   1.07043
-0.762062 -0.191154  0.618646  0.632603
-0.356536 -0.673668 -0.647344   1.44657
        0         0         0         1

 0.543727 -0.709783  0.447849   1.07304
-0.759863 -0.189778  0.621765  0.633812
-0.356326 -0.678374 -0.642526    1.4449
        0         0         0         1

 0.545492 -0.707804  0.448834    1.0753
 -0.75852 -0.189141  0.623597  0.634681
-0.356491 -0.680617 -0.640058   1.44377
        0         0         0         1

 0.547201 -0.706509  0.448793   1.07913
 -0.75629 -0.187627  0.626754  0.635908
-0.358602 -0.682379 -0.636996   1.44288
        0         0         0         1

 0.548807   -0.7062  0.447317   1.08172
-0.754805 -0.188646  0.628237  0.636873
-0.359276 -0.682418 -0.636573   1.44173
        0         0         0         1

 0.554109 -0.706992   0.43946   1.08743
-0.747816 -0.190846  0.635884   0.63913
-0.365696 -0.680984  -0.63445   1.43996
        0         0         0         1

 0.556511  -0.70776  0.435168   1.08931
-0.744931 -0.193103  0.638584   0.64021
-0.367932 -0.679549 -0.634696   1.43911
        0         0         0         1

  0.55844 -0.709653  0.429578   1.09335
-0.740635 -0.193284  0.643506  0.641725
-0.373636  -0.67752 -0.633532   1.43886
        0         0         0         1

 0.559774 -0.711087  0.425451   1.09593
-0.737744 -0.193864  0.646646  0.642552
-0.377342  -0.67585 -0.633119   1.43794
        0         0         0         1

 0.562212 -0.715688  0.414377   1.10287
-0.728992 -0.192289   0.65696  0.645164
-0.390498 -0.671428 -0.629838   1.43646
        0         0         0         1

 0.564397 -0.715344  0.411994   1.10428
-0.724896   -0.1907  0.661936  0.645984
-0.394945 -0.672248  -0.62618   1.43607
        0         0         0         1

 0.565491 -0.714015    0.4128   1.10711
-0.721377 -0.185579  0.667215  0.647432
-0.399794 -0.675088 -0.620017   1.43536
        0         0         0         1

 0.568302 -0.710557  0.414899   1.10754
-0.717895 -0.181787  0.671998  0.648122
-0.402069 -0.679752 -0.613415    1.4353
        0         0         0         1

 0.569752 -0.706501  0.419807   1.11002
-0.716041 -0.176065   0.67549  0.649508
-0.403321 -0.685461 -0.606197   1.43524
        0         0         0         1

 0.571794 -0.703479    0.4221   1.10969
-0.714373 -0.173958  0.677798  0.650311
-0.403389 -0.689098 -0.602015    1.4356
        0         0         0         1

 0.575398 -0.698144  0.426041   1.11082
-0.710885 -0.169332  0.682619  0.652562
-0.404424 -0.695644 -0.593734   1.43747
        0         0         0         1

 0.574873 -0.698176  0.426697   1.11243
-0.711607 -0.169179  0.681904  0.653578
-0.403901 -0.695649 -0.594084   1.43755
        0         0         0         1

 0.576121 -0.698158  0.425041   1.11257
 -0.71106 -0.171651  0.681857  0.655103
-0.403086 -0.695062 -0.595324   1.43834
        0         0         0         1

 0.576888 -0.697546  0.425006   1.11254
-0.710943 -0.172591  0.681742  0.656288
-0.402195 -0.695444 -0.595481   1.43941
        0         0         0         1

  0.57828 -0.694634  0.427874    1.1112
-0.711122 -0.172113  0.681676  0.658823
-0.399872 -0.698471 -0.593499   1.44344
        0         0         0         1

 0.579193 -0.692772  0.429654   1.10982
-0.711364 -0.172123  0.681421  0.659994
-0.398116 -0.700315 -0.592506   1.44547
        0         0         0         1

 0.580362 -0.689717  0.432978   1.10746
-0.711729 -0.171207  0.681271  0.661674
-0.395755 -0.703547 -0.590254   1.44932
        0         0         0         1

 0.579967 -0.686846  0.438042   1.10681
-0.713929 -0.169555   0.67938  0.663238
-0.392357 -0.706748 -0.588696   1.45245
        0         0         0         1

 0.580783 -0.681745  0.444877   1.10381
-0.716439 -0.168573  0.676978  0.664946
-0.386532 -0.711904 -0.586332   1.45753
        0         0         0         1

 0.581168 -0.677501  0.450818   1.10233
-0.719977 -0.169855  0.672891  0.666801
-0.379311 -0.715641 -0.586499   1.46037
        0         0         0         1

 0.584685 -0.664278  0.465702   1.09695
-0.727675 -0.175644  0.663052  0.670595
-0.358653 -0.726556 -0.586075   1.46877
        0         0         0         1

 0.588407 -0.658592  0.469078   1.09355
-0.728351   -0.1798  0.661194  0.671974
-0.351116 -0.730704 -0.585481    1.4733
        0         0         0         1

  0.58972 -0.652902  0.475341   1.09103
  -0.7324 -0.184329  0.655449   0.67414
-0.340324 -0.734671 -0.586888   1.47882
        0         0         0         1

 0.592781 -0.648403  0.477686   1.08793
-0.733618 -0.190014  0.652456   0.67561
-0.332287 -0.737203 -0.588317    1.4835
        0         0         0         1

 0.601712 -0.639334  0.478742   1.07952
-0.733483 -0.205062  0.648037  0.679147
-0.316141 -0.741081 -0.592329   1.49868
        0         0         0         1

 0.603451  -0.63651  0.480314   1.07779
-0.734978 -0.210358  0.644637  0.681015
 -0.30928 -0.742027 -0.594761   1.50492
        0         0         0         1

 0.609729 -0.629974  0.481002   1.07204
-0.734813 -0.221793  0.640981  0.683295
-0.297119 -0.744272 -0.598147   1.51318
        0         0         0         1

  0.61218 -0.626472  0.482461   1.06937
-0.735708 -0.227673  0.637887  0.685193
-0.289775 -0.745452 -0.600277    1.5203
        0         0         0         1

 0.615881 -0.621522   0.48415   1.06537
-0.737225 -0.237937  0.632365   0.68768
-0.277832 -0.746389 -0.604742   1.52899
        0         0         0         1

 0.619628 -0.617078  0.485052   1.06191
-0.737181 -0.245352  0.629576  0.689971
-0.269489 -0.747674 -0.606926   1.53612
        0         0         0         1

 0.626976 -0.607354  0.487875   1.05292
-0.738418 -0.263736   0.62063   0.69562
-0.248272 -0.749376 -0.613837   1.55521
        0         0         0         1

 0.630262 -0.603887  0.487945   1.04864
-0.738249 -0.271605  0.617429  0.698024
-0.240329 -0.749367 -0.617001   1.56341
        0         0         0         1

 0.635789 -0.598785  0.487061   1.04245
-0.736393 -0.281468  0.615224  0.701318
-0.231295 -0.749821 -0.619895   1.57621
        0         0         0         1

 0.639522 -0.594228  0.487756   1.03777
-0.736365  -0.29121  0.610708  0.704647
 -0.22086 -0.749727 -0.623803    1.5834
        0         0         0         1

 0.648063 -0.579683  0.493945   1.02748
-0.736625 -0.312418  0.599816   0.71275
-0.193386 -0.752571 -0.629475   1.60476
        0         0         0         1

 0.653506 -0.572478  0.495175   1.02168
-0.734707  -0.32243  0.596863  0.716125
-0.182032 -0.753862 -0.631313   1.61394
        0         0         0         1

 0.658724 -0.565342  0.496459   1.01536
-0.733422 -0.335281  0.591336  0.721221
-0.167854 -0.753641 -0.635492   1.62641
        0         0         0         1

 0.662522 -0.560232  0.497197   1.01035
-0.732274 -0.344763  0.587293  0.725143
-0.157605 -0.753179 -0.638657   1.63563
        0         0         0         1

 0.666295 -0.554793  0.498253   1.00417
-0.731857 -0.358433  0.579578  0.730973
-0.142955  -0.75082 -0.644851    1.6476
        0         0         0         1

 0.670776 -0.548619  0.499075  0.997861
-0.729865 -0.368766  0.575594  0.735366
 -0.13174 -0.750353 -0.647777   1.65706
        0         0         0         1

 0.677969 -0.534294  0.504864  0.982494
-0.727571 -0.389751  0.564566  0.746613
-0.104873 -0.750083 -0.652976   1.68236
        0         0         0         1

 0.678877 -0.528518    0.5097  0.977339
-0.728534 -0.398394  0.557243  0.751981
-0.0914513 -0.749634 -0.655504   1.69096
        0         0         0         1

 0.680379 -0.521656  0.514741  0.970236
-0.729208 -0.411855  0.546471   0.75992
-0.0730715 -0.747161 -0.660614    1.7031
        0         0         0         1

 0.680361 -0.517694   0.51875  0.965481
-0.730289 -0.419465  0.539191   0.76563
-0.0615383 -0.745682 -0.663454   1.71298
        0         0         0         1

 0.686727 -0.500583   0.52709   0.94681
-0.726371 -0.444489  0.524228  0.781096
-0.0281343 -0.742864 -0.668851   1.73709
        0         0         0         1

 0.688008 -0.495939  0.529801   0.93976
-0.725492 -0.452446  0.518608  0.786691
-0.0174915 -0.741173 -0.671086    1.7477
        0         0         0         1

 0.687896 -0.491673  0.533907  0.932002
-0.725809 -0.465323  0.506632  0.796446
-0.000658698 -0.736025 -0.676954   1.76062
        0         0         0         1

 0.689497 -0.485054  0.537882  0.923618
-0.724132  -0.47709  0.498014  0.803652
0.0150541 -0.732877 -0.680195   1.76835
        0         0         0         1

 0.691568 -0.476767  0.542611  0.911568
-0.721614 -0.489025  0.490028  0.812795
0.0317213 -0.730444 -0.682236   1.78168
        0         0         0         1

 0.692138 -0.471299  0.546646  0.904312
-0.720374 -0.498069  0.482689   0.81988
0.0447769 -0.727877 -0.684244   1.79118
        0         0         0         1

 0.688546 -0.462791  0.558326  0.887904
-0.721275 -0.516948  0.461007  0.839588
0.0752761 -0.720131 -0.689742   1.81543
        0         0         0         1

 0.686892 -0.457474   0.56471  0.879273
-0.721032 -0.526333  0.450651  0.847924
0.0910651 -0.716722 -0.691387   1.82271
        0         0         0         1

 0.685425 -0.451791  0.571032  0.867493
-0.720034 -0.537261  0.439205  0.858845
 0.108364 -0.712205 -0.693557   1.83465
        0         0         0         1

 0.683277 -0.445135  0.578782  0.857981
-0.719187 -0.547198  0.428188  0.867419
 0.126107 -0.708823 -0.694022   1.84136
        0         0         0         1

 0.674855 -0.437125  0.594552  0.839544
-0.719769  -0.56764  0.399646  0.891294
 0.162796 -0.697644 -0.697704   1.85942
        0         0         0         1

  0.67058 -0.435724  0.600389   0.83313
-0.721069 -0.573007  0.389516  0.901219
 0.174306 -0.694124 -0.698434   1.86726
        0         0         0         1

 0.665938 -0.428838   0.61043  0.819762
-0.720843 -0.580632  0.378487  0.913776
 0.192125 -0.692073  -0.69579   1.87795
        0         0         0         1

 0.662652 -0.425662  0.616202  0.810995
-0.720857 -0.585658  0.370633  0.921888
 0.203119 -0.689794 -0.694929   1.88781
        0         0         0         1

 0.656459 -0.417318  0.628417  0.797276
-0.719889  -0.59551  0.356548  0.934216
 0.225435  -0.68645 -0.691351   1.89542
        0         0         0         1

  0.64909 -0.414141  0.638099  0.790088
-0.720402 -0.604077   0.34075  0.945911
 0.244342 -0.680865 -0.690448   1.89775
        0         0         0         1

 0.631463 -0.405389  0.660995  0.770852
-0.723286 -0.615199  0.313668  0.971437
 0.279486 -0.676158 -0.681687   1.91517
        0         0         0         1

 0.625387 -0.398005  0.671181  0.759413
 -0.72188 -0.621683  0.303974  0.981011
 0.296278 -0.674613 -0.676104   1.92025
        0         0         0         1

 0.613648 -0.394761  0.683813   0.74731
-0.723831 -0.627247  0.287454   0.99569
 0.315444 -0.671361 -0.670649   1.92746
        0         0         0         1

 0.605029 -0.388516  0.694979  0.736557
 -0.72109 -0.637477   0.27139   1.00824
 0.337594  -0.66534 -0.665847     1.926
        0         0         0         1

 0.583421 -0.386275  0.714431  0.719976
-0.722083 -0.649368  0.238574    1.0362
 0.371773 -0.655068 -0.657777   1.93638
        0         0         0         1

 0.572674 -0.385533   0.72347  0.715001
-0.725523 -0.649213  0.228338   1.04684
 0.381654 -0.655658 -0.651501   1.94318
        0         0         0         1

 0.557735 -0.386111  0.734745  0.706067
-0.726061 -0.655903  0.206464   1.06324
 0.402203 -0.648621  -0.64616   1.94543
        0         0         0         1

 0.550922 -0.381785  0.742108  0.695173
-0.725077 -0.659254  0.199118   1.07199
 0.413217 -0.647784 -0.640021   1.95197
        0         0         0         1

 0.540361 -0.382969   0.74923  0.685943
-0.724609 -0.664424  0.182984   1.08626
 0.427729 -0.641776 -0.636531   1.95793
        0         0         0         1

 0.531362  -0.37736  0.758455  0.673562
-0.720697 -0.671931  0.170598   1.09798
 0.445253 -0.637266 -0.629001   1.95771
        0         0         0         1

 0.503946 -0.377621  0.776815   0.65573
-0.717978 -0.683103   0.13371   1.12877
 0.480152 -0.625118 -0.615371   1.95985
        0         0         0         1

 0.494588 -0.377062  0.783075  0.646345
-0.714168 -0.689799  0.118918   1.13855
 0.495325 -0.618063 -0.610452   1.95852
        0         0         0         1

 0.482361  -0.37931   0.78959  0.634504
-0.712001 -0.694853  0.101162   1.15423
 0.510277 -0.610985 -0.605239   1.96413
        0         0         0         1

 0.472851 -0.381452  0.794297  0.628098
-0.711458   -0.6971 0.0887619   1.16384
 0.519846  -0.60708 -0.601011   1.96749
        0         0         0         1

 0.455207 -0.381033  0.804736   0.61795
-0.709643 -0.701131 0.0694395    1.1785
 0.537766 -0.602685 -0.589558   1.96908
        0         0         0         1

 0.446899  -0.38589  0.807075  0.613444
-0.711595 -0.700083 0.0592951    1.1884
 0.542138  -0.60081 -0.587464   1.97721
        0         0         0         1

