 0.379328 -0.682031  0.625255  0.700999
-0.785247   0.12012  0.607419   1.07398
-0.489384 -0.721391 -0.489998   1.75343
        0         0         0         1

 0.367408 -0.685048  0.629064  0.694392
-0.778097  0.144113  0.611389   1.04821
-0.509487 -0.714102 -0.480085    1.7359
        0         0         0         1

 0.367408 -0.685048  0.629064  0.694392
-0.778097  0.144113  0.611389   1.04821
-0.509487 -0.714102 -0.480085    1.7359
        0         0         0         1

 0.329916 -0.698477  0.635048  0.700887
-0.775234  0.183401  0.604464   1.01961
-0.538673 -0.691733 -0.480975   1.70545
        0         0         0         1

 0.329916 -0.698477  0.635048  0.700887
-0.775234  0.183401  0.604464   1.01961
-0.538673 -0.691733 -0.480975   1.70545
        0         0         0         1

 0.311451 -0.707862  0.633979  0.703527
 -0.76606   0.20773  0.608277   1.00152
-0.562273 -0.675114 -0.477567   1.68787
        0         0         0         1

 0.311451 -0.707862  0.633979  0.703527
 -0.76606   0.20773  0.608277   1.00152
-0.562273 -0.675114 -0.477567   1.68787
        0         0         0         1

 0.304048 -0.715429  0.629059  0.697002
-0.737779  0.240915  0.630589  0.972575
-0.602691 -0.655836 -0.454579    1.6628
        0         0         0         1

 0.304048 -0.715429  0.629059  0.697002
-0.737779  0.240915  0.630589  0.972575
-0.602691 -0.655836 -0.454579    1.6628
        0         0         0         1

 0.295424 -0.713817  0.634973  0.699573
-0.729365  0.260761   0.63248  0.960903
-0.617051 -0.649976 -0.443598   1.63776
        0         0         0         1

 0.295424 -0.713817  0.634973  0.699573
-0.729365  0.260761   0.63248  0.960903
-0.617051 -0.649976 -0.443598   1.63776
        0         0         0         1

 0.284203 -0.714557  0.639247  0.703512
-0.720303  0.280904  0.634237  0.950229
-0.632765 -0.640704 -0.434864   1.61676
        0         0         0         1

 0.284203 -0.714557  0.639247  0.703512
-0.720303  0.280904  0.634237  0.950229
-0.632765 -0.640704 -0.434864   1.61676
        0         0         0         1

 0.269829 -0.715329  0.644591  0.702896
-0.704264  0.309907  0.638725  0.933676
-0.656661 -0.626309 -0.420159   1.58719
        0         0         0         1

 0.269829 -0.715329  0.644591  0.702896
-0.704264  0.309907  0.638725  0.933676
-0.656661 -0.626309 -0.420159   1.58719
        0         0         0         1

  0.26209 -0.717141  0.645769  0.703092
-0.694857  0.324126  0.641962   0.92427
-0.669688 -0.616969 -0.413361   1.56553
        0         0         0         1

  0.26209 -0.717141  0.645769  0.703092
-0.694857  0.324126  0.641962   0.92427
-0.669688 -0.616969 -0.413361   1.56553
        0         0         0         1

 0.260077 -0.716089  0.647747  0.701653
-0.681323  0.339262  0.648615  0.914799
-0.684222 -0.610015 -0.399654   1.54835
        0         0         0         1

 0.260077 -0.716089  0.647747  0.701653
-0.681323  0.339262  0.648615  0.914799
-0.684222 -0.610015 -0.399654   1.54835
        0         0         0         1

  0.23531 -0.722347  0.650264   0.70562
 -0.65899  0.373198  0.653035  0.905879
-0.714396 -0.582184 -0.388202   1.52227
        0         0         0         1

  0.23531 -0.722347  0.650264   0.70562
 -0.65899  0.373198  0.653035  0.905879
-0.714396 -0.582184 -0.388202   1.52227
        0         0         0         1

  0.22428 -0.724048  0.652268  0.708933
-0.644935  0.391501  0.656343  0.901544
-0.730587 -0.567875 -0.379158   1.50226
        0         0         0         1

  0.22428 -0.724048  0.652268  0.708933
-0.644935  0.391501  0.656343  0.901544
-0.730587 -0.567875 -0.379158   1.50226
        0         0         0         1

 0.215999 -0.732208  0.645923  0.706732
-0.622164   0.40663  0.669003  0.892196
  -0.7525 -0.546374 -0.367721   1.48469
        0         0         0         1

 0.215999 -0.732208  0.645923  0.706732
-0.622164   0.40663  0.669003  0.892196
  -0.7525 -0.546374 -0.367721   1.48469
        0         0         0         1

 0.219698 -0.738195   0.63781   0.70434
-0.612245  0.404675   0.67926  0.888183
-0.759532 -0.539728  -0.36305   1.47153
        0         0         0         1

 0.219698 -0.738195   0.63781   0.70434
-0.612245  0.404675   0.67926  0.888183
-0.759532 -0.539728  -0.36305   1.47153
        0         0         0         1

 0.217014 -0.746305  0.629233  0.707718
 -0.60247  0.404784   0.68788  0.885245
-0.768072 -0.528373 -0.361782   1.45038
        0         0         0         1

 0.217014 -0.746305  0.629233  0.707718
 -0.60247  0.404784   0.68788  0.885245
-0.768072 -0.528373 -0.361782   1.45038
        0         0         0         1

 0.214736 -0.751732  0.623528  0.707938
-0.595547  0.405215  0.693631  0.883931
-0.774088 -0.520288 -0.360677    1.4394
        0         0         0         1

 0.214736 -0.751732  0.623528  0.707938
-0.595547  0.405215  0.693631  0.883931
-0.774088 -0.520288 -0.360677    1.4394
        0         0         0         1

 0.215191 -0.756836  0.617164  0.705837
-0.584869  0.406217   0.70208  0.880707
-0.782062 -0.512041 -0.355236   1.43291
        0         0         0         1

 0.215191 -0.756836  0.617164  0.705837
-0.584869  0.406217   0.70208  0.880707
-0.782062 -0.512041 -0.355236   1.43291
        0         0         0         1

 0.207686 -0.758711  0.617433  0.706254
-0.581765   0.41163  0.701506  0.878006
-0.786394 -0.504894 -0.355902   1.42017
        0         0         0         1

 0.207686 -0.758711  0.617433  0.706254
-0.581765   0.41163  0.701506  0.878006
-0.786394 -0.504894 -0.355902   1.42017
        0         0         0         1

 0.203117 -0.758416  0.619313  0.705703
-0.582758  0.414642  0.698903  0.877665
-0.786852 -0.502869 -0.357753   1.41096
        0         0         0         1

 0.203117 -0.758416  0.619313  0.705703
-0.582758  0.414642  0.698903  0.877665
-0.786852 -0.502869 -0.357753   1.41096
        0         0         0         1

 0.201605 -0.753714  0.625516  0.704608
-0.581523  0.421782  0.695651  0.877156
-0.788154 -0.503998 -0.353269   1.40305
        0         0         0         1

 0.201605 -0.753714  0.625516  0.704608
-0.581523  0.421782  0.695651  0.877156
-0.788154 -0.503998 -0.353269   1.40305
        0         0         0         1

 0.202522 -0.751272  0.628152  0.701793
-0.583214  0.422751  0.693645  0.876943
-0.786668 -0.506825 -0.352537   1.39655
        0         0         0         1

 0.202522 -0.751272  0.628152  0.701793
-0.583214  0.422751  0.693645  0.876943
-0.786668 -0.506825 -0.352537   1.39655
        0         0         0         1

 0.199735    -0.754  0.625772  0.702693
-0.585275  0.420391  0.693343  0.877274
-0.785849 -0.504733  -0.35733   1.39317
        0         0         0         1

 0.199735    -0.754  0.625772  0.702693
-0.585275  0.420391  0.693343  0.877274
-0.785849 -0.504733  -0.35733   1.39317
        0         0         0         1

  0.19812 -0.760681  0.618153   0.69682
-0.591942  0.409809  0.694018  0.876659
-0.781251  -0.50341 -0.369088   1.38312
        0         0         0         1

  0.19812 -0.760681  0.618153   0.69682
-0.591942  0.409809  0.694018  0.876659
-0.781251  -0.50341 -0.369088   1.38312
        0         0         0         1

 0.192999 -0.769013  0.609402  0.698654
-0.595044  0.402103  0.695871  0.877724
-0.780176 -0.496923 -0.379991   1.38052
        0         0         0         1

 0.192999 -0.769013  0.609402  0.698654
-0.595044  0.402103  0.695871  0.877724
-0.780176 -0.496923 -0.379991   1.38052
        0         0         0         1

 0.186805 -0.778579  0.599099  0.699352
-0.591621   0.39769  0.701304  0.877988
-0.784276 -0.485446 -0.386334   1.37976
        0         0         0         1

 0.186805 -0.778579  0.599099  0.699352
-0.591621   0.39769  0.701304  0.877988
-0.784276 -0.485446 -0.386334   1.37976
        0         0         0         1

 0.190738 -0.783843  0.590939  0.693005
-0.589095  0.390141  0.707641  0.876326
 -0.78523 -0.483093 -0.387344   1.37883
        0         0         0         1

 0.190738 -0.783843  0.590939  0.693005
-0.589095  0.390141  0.707641  0.876326
 -0.78523 -0.483093 -0.387344   1.37883
        0         0         0         1

  0.19016 -0.783363  0.591762  0.693806
-0.590423  0.390324  0.706433   0.87685
-0.784372 -0.483725 -0.388292   1.37767
        0         0         0         1

 0.191105 -0.782745  0.592275  0.694091
-0.591689  0.389582  0.705783  0.877364
-0.783188 -0.485321 -0.388691   1.37615
        0         0         0         1

 0.196677  -0.78156  0.592015  0.692013
-0.596718  0.383691  0.704776  0.876217
-0.777976  -0.49188 -0.390907   1.37302
        0         0         0         1

 0.196677  -0.78156  0.592015  0.692013
-0.596718  0.383691  0.704776  0.876217
-0.777976  -0.49188 -0.390907   1.37302
        0         0         0         1

 0.197358 -0.783938  0.588635  0.691708
-0.600911  0.377678  0.704461  0.875739
-0.774568 -0.492748 -0.396539   1.37083
        0         0         0         1

 0.197358 -0.783938  0.588635  0.691708
-0.600911  0.377678  0.704461  0.875739
-0.774568 -0.492748 -0.396539   1.37083
        0         0         0         1

 0.197961 -0.787325  0.583892   0.69315
-0.601946  0.372483  0.706341  0.874443
 -0.77361 -0.491299  -0.40019   1.37154
        0         0         0         1

 0.197961 -0.787325  0.583892   0.69315
-0.601946  0.372483  0.706341  0.874443
 -0.77361 -0.491299  -0.40019   1.37154
        0         0         0         1

 0.199055 -0.792404  0.576605  0.693581
-0.602072  0.365359  0.709945  0.873923
-0.773231 -0.488476 -0.404358   1.37066
        0         0         0         1

 0.199055 -0.792404  0.576605  0.693581
-0.602072  0.365359  0.709945  0.873923
-0.773231 -0.488476 -0.404358   1.37066
        0         0         0         1

 0.203066 -0.793577  0.573585  0.692475
-0.602924  0.360228  0.711841  0.873426
-0.771522 -0.490379 -0.405317   1.36858
        0         0         0         1

 0.203066 -0.793577  0.573585  0.692475
-0.602924  0.360228  0.711841  0.873426
-0.771522 -0.490379 -0.405317   1.36858
        0         0         0         1

 0.206789 -0.795154   0.57006  0.692022
-0.601924  0.355943  0.714837  0.872839
-0.771314 -0.490954 -0.405017   1.36588
        0         0         0         1

 0.206789 -0.795154   0.57006  0.692022
-0.601924  0.355943  0.714837  0.872839
-0.771314 -0.490954 -0.405017   1.36588
        0         0         0         1

  0.20804 -0.797106   0.56687  0.691266
-0.598838  0.354439  0.718169  0.872524
-0.773377 -0.488871 -0.403599   1.36694
        0         0         0         1

  0.20804 -0.797106   0.56687  0.691266
-0.598838  0.354439  0.718169  0.872524
-0.773377 -0.488871 -0.403599   1.36694
        0         0         0         1

 0.210149 -0.796881  0.566408  0.690585
-0.600635  0.351889  0.717922  0.872375
-0.771411 -0.491075 -0.404686   1.36555
        0         0         0         1

 0.210149 -0.796881  0.566408  0.690585
-0.600635  0.351889  0.717922  0.872375
-0.771411 -0.491075 -0.404686   1.36555
        0         0         0         1

 0.212058 -0.795749  0.567287  0.689549
-0.604857  0.349069  0.715751   0.87262
 -0.76758 -0.494908 -0.407292   1.36272
        0         0         0         1

 0.212058 -0.795749  0.567287  0.689549
-0.604857  0.349069  0.715751   0.87262
 -0.76758 -0.494908 -0.407292   1.36272
        0         0         0         1

 0.214307 -0.793394  0.569736  0.689251
-0.610945  0.346226   0.71195  0.873503
-0.762114 -0.500654 -0.410521   1.35846
        0         0         0         1

 0.214307 -0.793394  0.569736  0.689251
-0.610945  0.346226   0.71195  0.873503
-0.762114 -0.500654 -0.410521   1.35846
        0         0         0         1

  0.21316 -0.792819  0.570965  0.688159
-0.611797  0.347324  0.710683  0.873291
-0.761753 -0.500804 -0.411009   1.35986
        0         0         0         1

  0.21316 -0.792819  0.570965  0.688159
-0.611797  0.347324  0.710683  0.873291
-0.761753 -0.500804 -0.411009   1.35986
        0         0         0         1

 0.213889 -0.792191  0.571564  0.686454
-0.613846  0.346155  0.709485  0.873236
-0.759898 -0.502604 -0.412244   1.35951
        0         0         0         1

 0.213889 -0.792191  0.571564  0.686454
-0.613846  0.346155  0.709485  0.873236
-0.759898 -0.502604 -0.412244   1.35951
        0         0         0         1

  0.21287 -0.790371  0.574456  0.685845
-0.618065  0.346436  0.705676  0.873813
-0.756758 -0.505268 -0.414755   1.35946
        0         0         0         1

  0.21287 -0.790371  0.574456  0.685845
-0.618065  0.346436  0.705676  0.873813
-0.756758 -0.505268 -0.414755   1.35946
        0         0         0         1

 0.215015  -0.78755  0.577524  0.683042
-0.621753   0.34564   0.70282  0.873817
-0.753121 -0.510194 -0.415344    1.3607
        0         0         0         1

 0.215015  -0.78755  0.577524  0.683042
-0.621753   0.34564   0.70282  0.873817
-0.753121 -0.510194 -0.415344    1.3607
        0         0         0         1

 0.209758 -0.783851  0.584448  0.683993
-0.628197  0.350008  0.694883  0.875271
-0.749246 -0.512906 -0.418996   1.36151
        0         0         0         1

 0.209758 -0.783851  0.584448  0.683993
-0.628197  0.350008  0.694883  0.875271
-0.749246 -0.512906 -0.418996   1.36151
        0         0         0         1

 0.205892 -0.779713  0.591318  0.684115
-0.637781  0.351378  0.685397  0.877022
-0.742189 -0.518249  -0.42494   1.36419
        0         0         0         1

 0.205892 -0.779713  0.591318  0.684115
-0.637781  0.351378  0.685397  0.877022
-0.742189 -0.518249  -0.42494   1.36419
        0         0         0         1

 0.206733 -0.780916  0.589433  0.681518
-0.645352  0.343971  0.682059  0.878421
-0.735379 -0.521396 -0.432856   1.36694
        0         0         0         1

 0.206733 -0.780916  0.589433  0.681518
-0.645352  0.343971  0.682059  0.878421
-0.735379 -0.521396 -0.432856   1.36694
        0         0         0         1

 0.207194 -0.782013  0.587814  0.678769
-0.651206  0.338148  0.679402  0.880208
-0.730069 -0.523556  -0.43919   1.37177
        0         0         0         1

 0.207194 -0.782013  0.587814  0.678769
-0.651206  0.338148  0.679402  0.880208
-0.730069 -0.523556  -0.43919   1.37177
        0         0         0         1

 0.205466 -0.784252  0.585433  0.679564
-0.656577  0.333134  0.676704  0.883466
-0.725734 -0.523422 -0.446474   1.38391
        0         0         0         1

 0.205466 -0.784252  0.585433  0.679564
-0.656577  0.333134  0.676704  0.883466
-0.725734 -0.523422 -0.446474   1.38391
        0         0         0         1

 0.206297 -0.785062  0.584055  0.680671
-0.664433  0.325789    0.6726  0.886738
-0.718311  -0.52682 -0.454411   1.38825
        0         0         0         1

 0.206297 -0.785062  0.584055  0.680671
-0.664433  0.325789    0.6726  0.886738
-0.718311  -0.52682 -0.454411   1.38825
        0         0         0         1

 0.214052 -0.782643  0.584509  0.679039
-0.673979  0.314798  0.668323  0.892181
 -0.70706 -0.537003 -0.460102    1.3984
        0         0         0         1

 0.214052 -0.782643  0.584509  0.679039
-0.673979  0.314798  0.668323  0.892181
 -0.70706 -0.537003 -0.460102    1.3984
        0         0         0         1

 0.218963 -0.781472  0.584258  0.677834
-0.683362  0.304589  0.663507  0.895686
 -0.69647 -0.544543 -0.467334   1.40686
        0         0         0         1

 0.218963 -0.781472  0.584258  0.677834
-0.683362  0.304589  0.663507  0.895686
 -0.69647 -0.544543 -0.467334   1.40686
        0         0         0         1

 0.224125 -0.779046  0.585539  0.676494
-0.688531   0.29863  0.660867  0.900146
-0.689705 -0.551278 -0.469467   1.42154
        0         0         0         1

 0.224125 -0.779046  0.585539  0.676494
-0.688531   0.29863  0.660867  0.900146
-0.689705 -0.551278 -0.469467   1.42154
        0         0         0         1

 0.230893   -0.7767  0.586025  0.675312
-0.702636  0.283531   0.65262  0.906899
-0.673046 -0.562448 -0.480272   1.44182
        0         0         0         1

 0.230893   -0.7767  0.586025  0.675312
-0.702636  0.283531   0.65262  0.906899
-0.673046 -0.562448 -0.480272   1.44182
        0         0         0         1

  0.23473 -0.772076  0.590593  0.675392
-0.716536  0.273134  0.641851  0.913292
-0.656869 -0.573843 -0.489108   1.45207
        0         0         0         1

  0.23473 -0.772076  0.590593  0.675392
-0.716536  0.273134  0.641851  0.913292
-0.656869 -0.573843 -0.489108   1.45207
        0         0         0         1

 0.248769 -0.762641   0.59707   0.67136
-0.735859  0.252012  0.628492  0.923684
-0.629782 -0.595708 -0.498503   1.47308
        0         0         0         1

 0.248769 -0.762641   0.59707   0.67136
-0.735859  0.252012  0.628492  0.923684
-0.629782 -0.595708 -0.498503   1.47308
        0         0         0         1

   0.2486 -0.756762  0.604574   0.67499
-0.747818  0.246738   0.61635  0.932267
-0.615602 -0.605336 -0.504581   1.49294
        0         0         0         1

   0.2486 -0.756762  0.604574   0.67499
-0.747818  0.246738   0.61635  0.932267
-0.615602 -0.605336 -0.504581   1.49294
        0         0         0         1

 0.255802 -0.747024  0.613613   0.67493
-0.762986  0.233767  0.602665  0.942702
-0.593648 -0.622341 -0.510171   1.50908
        0         0         0         1

 0.255802 -0.747024  0.613613   0.67493
-0.762986  0.233767  0.602665  0.942702
-0.593648 -0.622341 -0.510171   1.50908
        0         0         0         1

 0.267869 -0.736013  0.621716  0.670457
-0.783922   0.20864  0.584753  0.957614
-0.560101 -0.644014 -0.521089   1.53608
        0         0         0         1

 0.267869 -0.736013  0.621716  0.670457
-0.783922   0.20864  0.584753  0.957614
-0.560101 -0.644014 -0.521089   1.53608
        0         0         0         1

 0.277114 -0.729275  0.625593  0.667272
-0.795731   0.19074   0.57483  0.967575
-0.538535 -0.657097  -0.52745   1.55681
        0         0         0         1

 0.277114 -0.729275  0.625593  0.667272
-0.795731   0.19074   0.57483  0.967575
-0.538535 -0.657097  -0.52745   1.55681
        0         0         0         1

 0.281803 -0.723901  0.629725  0.671462
-0.814487  0.166426    0.5558  0.988867
-0.507147 -0.669529 -0.542709   1.58767
        0         0         0         1

 0.281803 -0.723901  0.629725  0.671462
-0.814487  0.166426    0.5558  0.988867
-0.507147 -0.669529 -0.542709   1.58767
        0         0         0         1

 0.291227 -0.723308  0.626109  0.670517
-0.821191  0.146724  0.551469   1.00301
-0.490747 -0.674757 -0.551244   1.61179
        0         0         0         1

 0.291227 -0.723308  0.626109  0.670517
-0.821191  0.146724  0.551469   1.00301
-0.490747 -0.674757 -0.551244   1.61179
        0         0         0         1

 0.307687 -0.719799  0.622269  0.664988
-0.830657  0.115751  0.544619   1.01941
-0.464045 -0.684464 -0.562291   1.62884
        0         0         0         1

 0.307687 -0.719799  0.622269  0.664988
-0.830657  0.115751  0.544619   1.01941
-0.464045 -0.684464 -0.562291   1.62884
        0         0         0         1

 0.318263 -0.723479  0.612606  0.667434
 -0.84163 0.0817796  0.533827   1.04658
-0.436311 -0.685485 -0.582874   1.66425
        0         0         0         1

 0.318263 -0.723479  0.612606  0.667434
 -0.84163 0.0817796  0.533827   1.04658
-0.436311 -0.685485 -0.582874   1.66425
        0         0         0         1

 0.321104 -0.729509  0.603911  0.670624
-0.849394 0.0601742  0.524317   1.06687
-0.418834 -0.681319 -0.600319   1.68839
        0         0         0         1

 0.321104 -0.729509  0.603911  0.670624
-0.849394 0.0601742  0.524317   1.06687
-0.418834 -0.681319 -0.600319   1.68839
        0         0         0         1

 0.326947 -0.737756  0.590612  0.677271
 -0.85952 0.0276551  0.510353   1.09936
-0.392849 -0.674501 -0.625074   1.72596
        0         0         0         1

 0.326947 -0.737756  0.590612  0.677271
 -0.85952 0.0276551  0.510353   1.09936
-0.392849 -0.674501 -0.625074   1.72596
        0         0         0         1

    0.342239    -0.740839     0.577953     0.670753
   -0.860938 -0.000860057     0.508709       1.1192
   -0.376374    -0.671682    -0.638111      1.74695
           0            0            0            1

    0.342239    -0.740839     0.577953     0.670753
   -0.860938 -0.000860057     0.508709       1.1192
   -0.376374    -0.671682    -0.638111      1.74695
           0            0            0            1

  0.343741  -0.741642    0.57603   0.679015
 -0.869264 -0.0192238   0.493975    1.14775
 -0.355279  -0.670521   -0.65129    1.76219
         0          0          0          1

  0.343741  -0.741642    0.57603   0.679015
 -0.869264 -0.0192238   0.493975    1.14775
 -0.355279  -0.670521   -0.65129    1.76219
         0          0          0          1

  0.360971  -0.745665   0.560074   0.670101
 -0.868589 -0.0501936   0.492985     1.1787
  -0.33949  -0.664428  -0.665795    1.79477
         0          0          0          1

  0.360971  -0.745665   0.560074   0.670101
 -0.868589 -0.0501936   0.492985     1.1787
  -0.33949  -0.664428  -0.665795    1.79477
         0          0          0          1

  0.359022  -0.750042   0.555464   0.678114
 -0.875414 -0.0642338   0.479086    1.20508
 -0.323655  -0.658264  -0.679659    1.81086
         0          0          0          1

