 0.509877 -0.563989  0.649571  0.608485
-0.822071 -0.541896   0.17478   1.07999
 0.253426  -0.62311 -0.739939   1.89254
        0         0         0         1

 0.518093 -0.572318  0.635634  0.623118
-0.823695 -0.534073  0.190504   1.07065
 0.230446 -0.622268 -0.748116   1.88961
        0         0         0         1

 0.526505 -0.571669  0.629275  0.626338
-0.821902 -0.531545  0.204788   1.06435
 0.217417 -0.625024 -0.749717   1.88212
        0         0         0         1

 0.551061 -0.567627  0.611662  0.633341
-0.814997 -0.523511  0.248429   1.04613
 0.179197 -0.635402 -0.751101   1.86894
        0         0         0         1

 0.558917 -0.566905   0.60517  0.635235
-0.812404 -0.520603  0.262628   1.03887
 0.166168 -0.638429 -0.751529   1.86181
        0         0         0         1

 0.570995 -0.566699  0.593984  0.640399
-0.807298 -0.519013  0.280882   1.03095
  0.14911 -0.639904 -0.753849   1.85101
        0         0         0         1

 0.575103 -0.569269  0.587529  0.647463
-0.806747  -0.51378  0.291873   1.02603
 0.135706 -0.641844 -0.754732   1.84592
        0         0         0         1

 0.581437 -0.573053  0.577531  0.656262
-0.804099 -0.512877  0.300637    1.0207
 0.123921 -0.639193 -0.758996   1.83381
        0         0         0         1

 0.589358 -0.572913  0.569585  0.659757
-0.799737 -0.513546  0.310952   1.01511
 0.114359  -0.63878 -0.760843   1.82468
        0         0         0         1

  0.60433 -0.574276  0.552262  0.668244
-0.791802 -0.509904  0.336224   1.00247
0.0885151 -0.640472 -0.762863    1.8055
        0         0         0         1

 0.608165 -0.577432  0.544708  0.675414
-0.789804 -0.509011  0.342224  0.999648
0.0796512 -0.638341 -0.765621   1.79709
        0         0         0         1

 0.613925 -0.581694  0.533599  0.683618
-0.786896 -0.504407  0.355482  0.993679
0.0623693 -0.638126 -0.767401   1.78811
        0         0         0         1

 0.620406 -0.584373  0.523073  0.688027
-0.782944 -0.500411  0.369578  0.988759
0.0457803 -0.638825 -0.767989   1.78336
        0         0         0         1

 0.629407  -0.58392  0.512722   0.69029
-0.776352 -0.500983  0.382483  0.983299
 0.033526 -0.638791  -0.76865    1.7721
        0         0         0         1

 0.633221 -0.585886  0.505736  0.695008
-0.773549 -0.500654  0.388545  0.980587
0.0255553 -0.637246 -0.770236    1.7599
        0         0         0         1

 0.640674 -0.594693  0.485672  0.707835
-0.767811 -0.494621  0.407206  0.973495
-0.00193849 -0.633791 -0.773502   1.73634
        0         0         0         1

 0.648331 -0.593369  0.477054  0.707672
-0.761235 -0.493893  0.420228  0.968732
-0.0137367 -0.635597 -0.771899   1.72779
        0         0         0         1

 0.647184 -0.601436   0.46843  0.717296
-0.761674 -0.484589  0.430147  0.964878
 -0.03171 -0.635176 -0.771717    1.7172
        0         0         0         1

 0.650364 -0.604306  0.460263    0.7208
-0.758555 -0.484542  0.435676  0.962825
-0.0402652 -0.632483 -0.773527   1.70757
        0         0         0         1

 0.661418 -0.606983  0.440566  0.723741
 -0.74706  -0.48105  0.458795  0.954407
-0.0665469 -0.632584 -0.771627   1.68443
        0         0         0         1

 0.663283 -0.612331   0.43024  0.727224
-0.743456 -0.473387  0.472416  0.950318
-0.085605  -0.63321 -0.769231   1.68124
        0         0         0         1

 0.664972 -0.617602  0.419976  0.731522
-0.740036 -0.468964  0.482099  0.947032
-0.100792  -0.63138 -0.768896    1.6688
        0         0         0         1

 0.664865 -0.620393  0.416013  0.735848
 -0.73921 -0.466437  0.485804  0.945576
-0.107345 -0.630515 -0.768718   1.65857
        0         0         0         1

 0.665969 -0.623097  0.410164  0.738008
-0.736003 -0.459206  0.497422  0.941125
-0.121592  -0.63315 -0.764419   1.64845
        0         0         0         1

 0.664758 -0.626767  0.406522  0.742449
-0.735973 -0.456046  0.500365  0.939772
 -0.12822 -0.631811 -0.764444   1.63828
        0         0         0         1

 0.663152 -0.635332  0.395706  0.750367
-0.733336 -0.445678  0.513409   0.93605
-0.149828 -0.630654 -0.761464   1.61773
        0         0         0         1

 0.661179 -0.640264  0.391029   0.75471
-0.733303 -0.441451  0.517096   0.93467
-0.158458 -0.628636 -0.761386   1.60951
        0         0         0         1

 0.667431   -0.6392  0.382046  0.751264
-0.724817 -0.439945  0.530178  0.930271
-0.170811  -0.63077 -0.756936   1.60124
        0         0         0         1

  0.66715 -0.641643  0.378424  0.753225
-0.722937 -0.435182  0.536637  0.928229
-0.179646 -0.631594 -0.754199   1.59521
        0         0         0         1

 0.665219  -0.64993  0.367524  0.761282
-0.719013 -0.424941   0.54995  0.924272
-0.201253 -0.630092 -0.749987   1.57986
        0         0         0         1

 0.666061 -0.650601  0.364803  0.761653
-0.716957  -0.42351  0.553725  0.922999
-0.205756 -0.630363 -0.748537   1.57231
        0         0         0         1

 0.662795 -0.656552  0.360058  0.766516
-0.717209 -0.418428  0.557252  0.921276
-0.215207 -0.627581 -0.748217   1.56358
        0         0         0         1

 0.666172 -0.657481  0.352042  0.765586
-0.710919 -0.417151  0.566197  0.919303
-0.225409 -0.627458  -0.74531   1.56049
        0         0         0         1

 0.665629 -0.661275  0.345908  0.768782
-0.709119 -0.415993  0.569298  0.918903
-0.232568 -0.624231  -0.74582   1.55049
        0         0         0         1

 0.667157 -0.661989  0.341571   0.76927
-0.706222 -0.416225   0.57272   0.91758
-0.236964 -0.623319 -0.745199   1.54309
        0         0         0         1

 0.668312 -0.666232  0.330897  0.772694
-0.699859 -0.412377  0.583218  0.915117
-0.252104 -0.621353 -0.741865   1.52921
        0         0         0         1

 0.667431 -0.668625  0.327836  0.774618
-0.698696 -0.409982  0.586292  0.914699
-0.257603 -0.620368   -0.7408   1.52306
        0         0         0         1

  0.66499 -0.673063  0.323687  0.779431
-0.696571  -0.40261   0.59388  0.914079
-0.269399 -0.620396 -0.736569   1.51861
        0         0         0         1

 0.667542 -0.671711  0.321234  0.778688
 -0.69372 -0.404385  0.596007  0.913417
-0.270442 -0.620707 -0.735924   1.51181
        0         0         0         1

 0.668875 -0.673702  0.314215  0.780594
-0.688994 -0.403145  0.602298  0.911916
-0.279095 -0.619354  -0.73383   1.49698
        0         0         0         1

 0.670045 -0.674991  0.308912  0.781135
-0.685197 -0.402302  0.607173  0.910745
-0.285561 -0.618499 -0.732062   1.49409
        0         0         0         1

 0.671158 -0.675738  0.304836  0.782064
 -0.68197 -0.401601  0.611255  0.910576
-0.290626 -0.618138 -0.730371   1.48972
        0         0         0         1

 0.671118 -0.677052  0.301995   0.78384
-0.681147 -0.402336   0.61169  0.910572
-0.292642  -0.61622 -0.731187   1.48362
        0         0         0         1

 0.672464 -0.677353  0.298303   0.78453
-0.677418 -0.400917  0.616742  0.909427
-0.298157 -0.616813 -0.728453   1.47947
        0         0         0         1

  0.67204 -0.678549  0.296536  0.786102
-0.676452 -0.399605   0.61865  0.909645
-0.301287  -0.61635 -0.727556   1.47543
        0         0         0         1

 0.675074 -0.678242  0.290281  0.787464
-0.670175 -0.399268   0.62566   0.90807
-0.308449 -0.616906 -0.724076   1.46699
        0         0         0         1

 0.674724 -0.679113  0.289058  0.788122
-0.670018 -0.399326  0.625791  0.909069
-0.309554  -0.61591 -0.724452   1.46224
        0         0         0         1

 0.674846 -0.679978  0.286728  0.789642
-0.668371  -0.39848  0.628087  0.908282
-0.312831 -0.615503  -0.72339   1.45673
        0         0         0         1

 0.674754 -0.681647  0.282957   0.78983
-0.666224 -0.397582   0.63093  0.908595
-0.317573 -0.614236   -0.7224   1.45472
        0         0         0         1

 0.675309 -0.683163  0.277932  0.791037
-0.664097 -0.399313  0.632079  0.908792
-0.320831 -0.611423 -0.723346   1.44373
        0         0         0         1

 0.676461 -0.683811  0.273502  0.789836
-0.661232 -0.400386  0.634401  0.908735
-0.324304 -0.609995 -0.723003   1.44076
        0         0         0         1

 0.675773  -0.68737  0.266182  0.791099
-0.658614 -0.400908  0.636789  0.908609
-0.330995 -0.605636 -0.723635   1.43814
        0         0         0         1

 0.675568 -0.689694  0.260633  0.790935
-0.657626 -0.403828  0.635965  0.908449
-0.333371 -0.601037 -0.726374   1.43376
        0         0         0         1

 0.676699 -0.689171   0.25908  0.789653
-0.654381 -0.401701  0.640642  0.907676
-0.337439 -0.603059 -0.722811    1.4319
        0         0         0         1

 0.675908 -0.687353  0.265884   0.79015
-0.655051 -0.394983  0.644124  0.907693
-0.337721 -0.609536 -0.717224   1.43012
        0         0         0         1

 0.674788 -0.683124  0.279288  0.788373
 -0.65675 -0.383199  0.649491  0.906413
 -0.33666 -0.621691  -0.70722   1.42749
        0         0         0         1

 0.672105 -0.683165  0.285589  0.790161
-0.660827 -0.379418  0.647572  0.906664
 -0.33404 -0.623961 -0.706463   1.42465
        0         0         0         1

 0.670037 -0.682915  0.290994  0.790196
-0.662797 -0.373841  0.648801   0.90557
-0.334291 -0.627591 -0.703121   1.42485
        0         0         0         1

 0.669165  -0.68238  0.294238  0.789843
-0.664006 -0.371288  0.649031  0.904668
-0.333638 -0.629684 -0.701558    1.4246
        0         0         0         1

 0.666849 -0.682304  0.299622  0.790452
 -0.66782 -0.368773  0.646547  0.903799
-0.330649 -0.631243 -0.701572   1.42308
        0         0         0         1

 0.666563 -0.682969  0.298742  0.790357
-0.667814 -0.369021  0.646411  0.903228
-0.331237 -0.630378 -0.702072   1.42326
        0         0         0         1

 0.666575 -0.684159  0.295979  0.790073
-0.667316 -0.370712  0.645958  0.902579
-0.332215 -0.628091 -0.703658   1.42357
        0         0         0         1

 0.665588 -0.686056  0.293802   0.79159
-0.667441 -0.371034  0.645644  0.902354
-0.333938 -0.625828 -0.704858   1.42454
        0         0         0         1

 0.664289 -0.688154  0.291828  0.793877
-0.668354 -0.372017  0.644132   0.90244
-0.334697 -0.622935 -0.707057   1.42492
        0         0         0         1

  0.66497 -0.688335  0.289846  0.793382
 -0.66819 -0.374911  0.642623  0.902221
-0.333673 -0.620997 -0.709243   1.42392
        0         0         0         1

 0.668706 -0.688656   0.28033  0.791197
-0.663667 -0.382845  0.642632  0.901015
 -0.33523 -0.615777 -0.713049   1.42294
        0         0         0         1

 0.670313 -0.688997  0.275613  0.790734
-0.661261 -0.386034  0.643204  0.900988
 -0.33677 -0.613401 -0.714371   1.42242
        0         0         0         1

 0.670382 -0.690952  0.270504  0.790767
-0.658657 -0.386242  0.645747  0.900903
  -0.3417 -0.611066  -0.71403   1.42267
        0         0         0         1

 0.668736 -0.692577  0.270424  0.792085
-0.659132 -0.383964  0.646619    0.9013
-0.344001 -0.610663  -0.71327   1.42276
        0         0         0         1

 0.666764  -0.69467  0.269926  0.792958
-0.658296  -0.37917   0.65029  0.901381
-0.349389 -0.611281 -0.710115   1.42343
        0         0         0         1

 0.666769 -0.695031   0.26898  0.792403
 -0.65727 -0.378276  0.651847  0.901279
-0.351305 -0.611424 -0.709045   1.42384
        0         0         0         1

 0.664408 -0.697176  0.269272  0.792726
 -0.65811 -0.375014  0.652883  0.901295
-0.354194 -0.610992  -0.70798   1.42442
        0         0         0         1

 0.663057 -0.698724  0.268591  0.792817
 -0.65811 -0.373132   0.65396  0.901263
-0.356718 -0.610375 -0.707244    1.4247
        0         0         0         1

 0.662905 -0.698688  0.269059  0.791584
-0.657792 -0.371869  0.654998  0.901022
-0.357584 -0.611186 -0.706105   1.42436
        0         0         0         1

 0.661861 -0.699458  0.269627  0.791175
-0.657116 -0.368261   0.65771  0.900995
-0.360747 -0.612489 -0.703362   1.42511
        0         0         0         1

 0.660085 -0.701536  0.268579  0.789769
 -0.65762 -0.366857  0.657991  0.901068
-0.363074 -0.610953 -0.703501   1.42495
        0         0         0         1

 0.659253 -0.703244  0.266147  0.789454
-0.657655 -0.367683  0.657494  0.901075
-0.364521 -0.608488 -0.704888   1.42451
        0         0         0         1

 0.656833 -0.707553  0.260652  0.789476
-0.657094 -0.367546  0.658131  0.901123
-0.369861 -0.603555 -0.706345    1.4245
        0         0         0         1

 0.652817 -0.713208  0.255274  0.790258
-0.657971 -0.366875   0.65763  0.901527
-0.375374 -0.597275 -0.708772   1.42439
        0         0         0         1

 0.650314 -0.723497  0.231611  0.789503
-0.650728  -0.37322  0.661257  0.901726
-0.391975  -0.58074  -0.71351   1.42458
        0         0         0         1

 0.650353 -0.726177  0.222954  0.788464
-0.648294 -0.377612  0.661154   0.90178
-0.395925 -0.574523 -0.716357    1.4243
        0         0         0         1

 0.645867 -0.734277  0.209029  0.787713
-0.645705   -0.3793  0.662719  0.901949
-0.407335 -0.562999 -0.719104   1.42456
        0         0         0         1

 0.643727 -0.737543  0.204074  0.787199
-0.645065 -0.379501  0.663227  0.902094
-0.411712 -0.558578 -0.720058   1.42464
        0         0         0         1

 0.640592 -0.742347  0.196376  0.786609
-0.644451 -0.380691  0.663142  0.902656
-0.417523 -0.551358 -0.722274   1.42408
        0         0         0         1

 0.636982 -0.747312  0.189152  0.786158
-0.643619 -0.380521  0.664047  0.903181
-0.424274 -0.544728 -0.723369   1.42383
        0         0         0         1

 0.622437 -0.763403  0.172594  0.788652
-0.642958 -0.372996  0.668939  0.904789
-0.446293 -0.527343 -0.723002   1.42439
        0         0         0         1

 0.617025 -0.769606  0.164275  0.789053
-0.641617 -0.371129  0.671261  0.905358
-0.455639 -0.519586 -0.722788   1.42422
        0         0         0         1

 0.611807 -0.777225  0.147013  0.787531
 -0.63427 -0.370978   0.67829   0.90573
-0.472645 -0.508229 -0.719938   1.42514
        0         0         0         1

 0.605756 -0.783448   0.13881  0.787633
-0.631283 -0.367056  0.683192  0.906226
-0.484295 -0.501476 -0.716924   1.42607
        0         0         0         1

 0.600966 -0.790502  0.118098  0.782962
-0.619803 -0.367614  0.693329  0.907305
-0.504663 -0.489865 -0.710878   1.43026
        0         0         0         1

 0.596722 -0.794473  0.112851  0.782074
-0.619267 -0.366491  0.694401  0.908707
-0.510324 -0.484249 -0.710685   1.43273
        0         0         0         1

 0.591854 -0.798863  0.107364  0.780722
-0.620143 -0.366205   0.69377  0.910929
 -0.51491 -0.477191 -0.712149   1.43595
        0         0         0         1

 0.591056 -0.799257   0.10882  0.779091
-0.622067 -0.365769  0.692276  0.912187
-0.513504 -0.476867 -0.713381   1.43745
        0         0         0         1

 0.586698 -0.801697  0.114315  0.779379
-0.627949 -0.361253   0.68933  0.914351
-0.511337 -0.476213 -0.715371   1.44138
        0         0         0         1

 0.586429 -0.801383   0.11784  0.776558
-0.629512  -0.35936  0.688894  0.915686
-0.509721 -0.478169 -0.715219   1.44719
        0         0         0         1

 0.582019 -0.801742  0.135882  0.772568
-0.643464 -0.351904  0.679792  0.920347
-0.497201 -0.483087 -0.720707    1.4574
        0         0         0         1

 0.580951 -0.801264  0.143083  0.771066
-0.649072 -0.349993  0.675433  0.922906
-0.491122 -0.485265 -0.723407   1.46089
        0         0         0         1

   0.5801 -0.800243  0.151974  0.768049
-0.655186 -0.347561   0.67077  0.926043
-0.483959 -0.488685 -0.725928   1.46696
        0         0         0         1

 0.580025 -0.799313  0.157067  0.765194
-0.658952 -0.347037  0.667343  0.928362
-0.478908 -0.490575 -0.727999   1.47115
        0         0         0         1

 0.578144 -0.798328  0.168588  0.761079
-0.668656 -0.345154   0.65861  0.935198
-0.467598 -0.493499 -0.733356   1.48386
        0         0         0         1

 0.578389  -0.79748  0.171734  0.757233
-0.672714 -0.347197  0.653383  0.937684
-0.461435 -0.493437 -0.737291   1.48716
        0         0         0         1

 0.579627 -0.795523  0.176565  0.751625
-0.677523 -0.350085  0.646841   0.94162
-0.452765 -0.494554 -0.741904   1.49333
        0         0         0         1

 0.574026 -0.798038  0.183385  0.754916
-0.685789  -0.34617  0.640203  0.946032
-0.447424 -0.493257 -0.745996   1.49939
        0         0         0         1

 0.575249  -0.79642  0.186556  0.749955
-0.688841 -0.348671  0.635553  0.949894
 -0.44112 -0.494108  -0.74918   1.50831
        0         0         0         1

 0.576099 -0.795128  0.189421  0.746294
 -0.69147 -0.350513  0.631672  0.952538
-0.435866 -0.494885 -0.751738   1.51384
        0         0         0         1

  0.57984 -0.790555  0.196997  0.735247
-0.697421 -0.356628  0.621627  0.962477
-0.421176 -0.497834 -0.758137   1.52674
        0         0         0         1

  0.57974 -0.789121  0.202953  0.733136
-0.702505   -0.3579  0.615138  0.966818
-0.412781 -0.499196  -0.76185   1.53075
        0         0         0         1

 0.579717 -0.786943  0.211305  0.729447
-0.709502     -0.36  0.605811  0.973855
-0.400669  -0.50112 -0.767035   1.53603
        0         0         0         1

 0.575427 -0.788247  0.218061  0.730526
-0.715111 -0.355546  0.601834  0.979771
-0.396863 -0.502249 -0.768274   1.54332
        0         0         0         1

 0.577374 -0.782347  0.233608  0.722391
-0.724369 -0.358805  0.588684  0.993276
-0.376735 -0.509109 -0.773873    1.5549
        0         0         0         1

 0.582405 -0.776479  0.240593  0.713451
-0.725599 -0.363134  0.584499  0.997109
-0.366484 -0.514989 -0.774904   1.55981
        0         0         0         1

 0.574341 -0.777739   0.25545  0.715946
-0.738589 -0.357751  0.571402   1.00729
-0.353014 -0.516852 -0.779901   1.56422
        0         0         0         1

 0.582237 -0.769763  0.261659  0.705839
-0.737461 -0.364538  0.568562   1.01093
-0.342274 -0.524001 -0.779918   1.56952
        0         0         0         1

 0.579223 -0.767597  0.274401  0.703154
-0.744581  -0.36117  0.561387   1.02031
-0.331814 -0.529482 -0.780736   1.57785
        0         0         0         1

 0.577162 -0.765439  0.284583  0.700407
-0.751368 -0.361241  0.552224   1.02739
-0.319891 -0.532549  -0.78362   1.58369
        0         0         0         1

 0.574842 -0.757189  0.310196  0.689797
-0.766245 -0.365111  0.528737   1.04473
-0.287098 -0.541626 -0.790073   1.59973
        0         0         0         1

 0.570142 -0.756149   0.32121  0.687719
-0.774232 -0.363767  0.517916   1.05156
-0.274776 -0.543977 -0.792835   1.60821
        0         0         0         1

 0.562401 -0.753165  0.341245  0.683886
-0.788431 -0.364104  0.495786   1.06283
 -0.24916 -0.547879 -0.798591   1.61735
        0         0         0         1

 0.559827  -0.74778  0.356958  0.677305
 -0.79655 -0.366999  0.480437   1.07063
-0.228258 -0.553296   -0.8011   1.62438
        0         0         0         1

 0.542953 -0.734246  0.407535  0.673095
-0.822842 -0.368236   0.43282   1.09397
-0.167728 -0.570338 -0.804103   1.63548
        0         0         0         1

  0.53782 -0.727956  0.425241  0.669043
-0.829604 -0.367221  0.420603   1.10206
-0.150023  -0.57899 -0.801414   1.64509
        0         0         0         1

 0.530111 -0.716743  0.453058  0.664439
-0.839947 -0.370741  0.396283   1.11423
-0.116066 -0.590618  -0.79856   1.65086
        0         0         0         1

 0.524524 -0.707211  0.474054  0.661378
-0.846686 -0.374801  0.377686   1.12498
-0.0894279  -0.59948 -0.795378   1.65415
        0         0         0         1

 0.519932 -0.692526  0.500079  0.650905
-0.852453 -0.383151  0.355695   1.13489
-0.0547225 -0.611231 -0.789558    1.6617
        0         0         0         1

 0.513521 -0.682897  0.519566  0.650553
-0.857403  -0.38437  0.342227   1.14464
-0.0340003 -0.621218   -0.7829   1.67026
        0         0         0         1

 0.499184  -0.65249  0.570152  0.637935
-0.865931 -0.399417  0.301048   1.16936
0.0312972  -0.64399 -0.764393   1.67949
        0         0         0         1

 0.492719  -0.63891  0.590781  0.631483
-0.868256 -0.406187  0.284859   1.17883
0.0579685 -0.653304 -0.754873   1.68217
        0         0         0         1

  0.48274 -0.619471  0.619046  0.626394
-0.870487 -0.416884  0.261648   1.19388
0.0959872  -0.66518 -0.740488   1.68519
        0         0         0         1

