-0.365233 -0.598334  0.713163  0.440763
-0.913736  0.376917 -0.151725   1.04129
-0.178021 -0.707058 -0.684382   2.28319
        0         0         0         1

-0.366642 -0.596416  0.714046  0.446813
 -0.91038  0.388202 -0.143203   1.02386
-0.191786 -0.702557 -0.685297   2.26546
        0         0         0         1

-0.356015 -0.590827  0.724001  0.436879
-0.910461  0.393834 -0.126313   1.00395
-0.210507 -0.704144 -0.678136   2.25236
        0         0         0         1

-0.344131  -0.58149  0.737186  0.427038
-0.910527  0.398308 -0.110865  0.982847
 -0.22916  -0.70938 -0.666533   2.22678
        0         0         0         1

-0.339324  -0.57657  0.743254  0.426597
-0.908505  0.405724 -0.100032  0.967186
-0.243881 -0.709193 -0.661488   2.21153
        0         0         0         1

 -0.331958  -0.567435   0.753539   0.423925
 -0.902227   0.424136 -0.0780748   0.928895
 -0.275301  -0.705781   -0.65275    2.17418
         0          0          0          1

 -0.324328  -0.557886   0.763921   0.417996
  -0.89923   0.432478 -0.0659399   0.913204
 -0.293592  -0.708327  -0.641932    2.15659
         0          0          0          1

 -0.325019  -0.549881   0.769411   0.420079
 -0.892462   0.447482 -0.0571939    0.89656
 -0.312848  -0.705259  -0.636188    2.13612
         0          0          0          1

 -0.319651  -0.545385   0.774841   0.417651
 -0.888537   0.456575 -0.0451865   0.881167
 -0.329129  -0.702918   -0.63054     2.1214
         0          0          0          1

 -0.312951  -0.534193   0.785302   0.415947
 -0.876638   0.480628 -0.0224071   0.846743
 -0.365469  -0.695438  -0.618708    2.08553
         0          0          0          1

  -0.30548  -0.528353   0.792165   0.414031
 -0.872959    0.48766 -0.0113802   0.832281
 -0.380295  -0.695004  -0.610201    2.06808
         0          0          0          1

-0.293244  -0.52607  0.798284   0.40886
-0.865368  0.500987 0.0122642  0.808234
-0.406382 -0.687213 -0.602156    2.0521
        0         0         0         1

-0.290706 -0.517043  0.805081  0.409767
-0.860187  0.509704  0.016741  0.797028
-0.419009 -0.687654 -0.592928   2.03301
        0         0         0         1

-0.277686 -0.507145  0.815901  0.403573
-0.853961  0.519342 0.0321709  0.778898
-0.440047 -0.687814 -0.577296   2.00975
        0         0         0         1

-0.275996 -0.502104  0.819584  0.405586
-0.849275  0.526677 0.0366651  0.768375
-0.450066 -0.685933 -0.571784   1.99206
        0         0         0         1

-0.259923 -0.489542   0.83234  0.400331
-0.836072  0.545365 0.0596688   0.73845
-0.483139 -0.680387 -0.551045   1.94777
        0         0         0         1

-0.258741 -0.483722  0.836102  0.404215
-0.830279  0.553728 0.0634172  0.730138
 -0.49365 -0.677789 -0.544896   1.93061
        0         0         0         1

-0.257914 -0.473231  0.842338  0.407107
 -0.82137  0.566476 0.0667554  0.718747
-0.508754 -0.674654   -0.5348   1.90877
        0         0         0         1

-0.257849 -0.472034  0.843029  0.408727
-0.813804  0.576428 0.0738467  0.707803
-0.520804 -0.667019 -0.532775   1.89627
        0         0         0         1

-0.255489 -0.458872  0.850977  0.410969
-0.795756  0.599699 0.0844659  0.683166
-0.549089  -0.65559 -0.518367   1.85944
        0         0         0         1

 -0.24989  -0.45274   0.85591  0.409596
-0.788786  0.607859 0.0912387  0.673245
 -0.56158  -0.65233 -0.509013   1.84356
        0         0         0         1

-0.247604 -0.447667  0.859236  0.411454
-0.779749  0.618451 0.0975183  0.661112
-0.575052 -0.645842 -0.502198   1.82609
        0         0         0         1

-0.242888  -0.44652  0.861177  0.409521
-0.771291  0.627301  0.107719  0.649776
-0.588316 -0.638054 -0.496761   1.81392
        0         0         0         1

-0.243861 -0.438026  0.865254  0.413462
-0.764241  0.636058  0.106607  0.642965
-0.597049 -0.635266 -0.489867   1.79172
        0         0         0         1

-0.240983  -0.43702  0.866568  0.412687
-0.757197  0.643196  0.113803  0.634226
-0.607108 -0.628739  -0.48591   1.77812
        0         0         0         1

-0.241891 -0.442946  0.863301  0.414236
-0.740801  0.658924  0.130515  0.616399
 -0.62666 -0.607963 -0.487522    1.7467
        0         0         0         1

-0.245469 -0.445599  0.860922  0.416477
-0.732332  0.667129   0.13649  0.610127
-0.635165 -0.596977 -0.490085    1.7354
        0         0         0         1

-0.249215 -0.452175  0.856405   0.41877
 -0.72269    0.6755  0.146354  0.601675
-0.644679 -0.582442 -0.495127   1.72162
        0         0         0         1

-0.249927 -0.457585  0.853319  0.419495
 -0.71566  0.680913  0.155525  0.595097
-0.652202 -0.571816 -0.497654   1.71079
        0         0         0         1

-0.255703 -0.464434   0.84789  0.423279
-0.700002  0.693865  0.168963  0.583811
-0.666793  -0.55032 -0.502528   1.68179
        0         0         0         1

-0.257247 -0.468239  0.845326  0.423866
-0.693857  0.698356  0.175678  0.578922
-0.672597 -0.541342 -0.504541   1.67197
        0         0         0         1

-0.260333 -0.472422  0.842047  0.424954
-0.685803  0.704365   0.18315  0.571967
-0.679633 -0.529799 -0.507358   1.66114
        0         0         0         1

-0.260117 -0.473105  0.841731  0.425691
-0.680321   0.70841  0.187934  0.567751
-0.685203 -0.523762 -0.506132   1.65194
        0         0         0         1

-0.259486 -0.473058  0.841952  0.426813
-0.674891  0.712425  0.192284  0.561829
-0.690789  -0.51833 -0.504127   1.63988
        0         0         0         1

-0.257746 -0.472778  0.842643  0.426785
-0.670339   0.71558  0.196446  0.557161
-0.695854 -0.514224 -0.501359   1.63143
        0         0         0         1

-0.254629 -0.469475  0.845433  0.428417
-0.660351  0.723096  0.202655  0.546746
-0.706471  -0.50668  -0.49414   1.61434
        0         0         0         1

-0.255633 -0.464971  0.847616    0.4308
-0.655402  0.727871   0.20162  0.543864
-0.710703 -0.503989 -0.490811   1.60795
        0         0         0         1

-0.253892 -0.459055  0.851356  0.433225
-0.651338  0.731853  0.200375  0.540812
 -0.71505 -0.503647 -0.484812   1.59839
        0         0         0         1

 -0.25099 -0.457892  0.852841  0.432815
-0.649033  0.733264  0.202681  0.536694
-0.718164 -0.502651 -0.481229   1.59253
        0         0         0         1

-0.248751 -0.449905  0.857735  0.436613
-0.644288  0.738088  0.200297  0.531171
-0.723198 -0.502804 -0.473469   1.57754
        0         0         0         1

 -0.24711  -0.44788  0.859267  0.437167
-0.643092  0.739125  0.200317  0.528314
-0.724824 -0.503087 -0.470673   1.57181
        0         0         0         1

-0.241697 -0.445035   0.86228  0.436725
-0.641915  0.739729  0.201856  0.524159
-0.727687 -0.504722 -0.464465   1.56299
        0         0         0         1

-0.240066 -0.444259  0.863135  0.437272
-0.639441  0.741357  0.203729  0.521435
  -0.7304 -0.503015 -0.462052   1.55978
        0         0         0         1

-0.238139 -0.442652  0.864493  0.438266
-0.637297  0.742896  0.204836  0.518311
  -0.7329  -0.50216 -0.459014   1.55454
        0         0         0         1

-0.237597 -0.440664  0.865658  0.440319
-0.634738  0.745028   0.20504   0.51673
-0.735293 -0.500749 -0.456722   1.55175
        0         0         0         1

-0.226882 -0.436289  0.870734  0.439105
-0.632503  0.745853  0.208909  0.509859
-0.740584 -0.503344 -0.445175   1.54183
        0         0         0         1

-0.224477 -0.435441  0.871781  0.439893
-0.630867  0.746774  0.210559  0.507713
-0.742709 -0.502713 -0.442339   1.53964
        0         0         0         1

-0.223755 -0.434159  0.872605  0.441572
-0.628711  0.748422  0.211157  0.505801
-0.744752 -0.501369 -0.440424    1.5376
        0         0         0         1

-0.219612 -0.430599  0.875417  0.441447
-0.629631  0.747984  0.209964  0.503931
-0.745208 -0.505079 -0.435385   1.53323
        0         0         0         1

-0.211968 -0.427528    0.8788  0.441561
-0.629153  0.747799  0.212044  0.499724
-0.747821 -0.507953  -0.42749   1.52659
        0         0         0         1

-0.210769 -0.427675  0.879017  0.442403
-0.627302   0.74882  0.213916   0.49828
-0.749712 -0.506322 -0.426109   1.52535
        0         0         0         1

-0.209856 -0.426541  0.879786  0.443777
-0.625939  0.749866  0.214247  0.497338
-0.751107 -0.505731 -0.424353   1.52241
        0         0         0         1

-0.209996 -0.425209  0.880397  0.445417
-0.625021   0.75083  0.213549  0.497038
-0.751831 -0.505422 -0.423437   1.52007
        0         0         0         1

 -0.20781  -0.42668  0.880204   0.44549
-0.623653  0.751029  0.216822  0.495131
-0.753573 -0.503884 -0.422171   1.51803
        0         0         0         1

-0.207142 -0.428392   0.87953  0.445939
-0.622843  0.751035  0.219118   0.49403
-0.754426  -0.50242 -0.422391   1.51625
        0         0         0         1

-0.206807 -0.431479  0.878099   0.44644
-0.620088  0.752026  0.223488  0.491722
-0.756784  -0.49828 -0.423079   1.51349
        0         0         0         1

-0.204976 -0.432172  0.878187  0.444949
-0.619389  0.752001  0.225503  0.490394
-0.757854 -0.497716 -0.421825   1.51129
        0         0         0         1

-0.202771 -0.433639  0.877976  0.444338
-0.618363  0.751921  0.228566  0.488949
-0.759283 -0.496561 -0.420614   1.50856
        0         0         0         1

-0.199897 -0.432486  0.879202    0.4452
-0.618545  0.751611   0.22909  0.488833
-0.759897 -0.498032 -0.417757   1.50657
        0         0         0         1

 -0.19614  -0.43483  0.878893  0.446456
-0.620444  0.749102  0.232153  0.487133
-0.759327 -0.499769 -0.416717   1.50342
        0         0         0         1

-0.196972 -0.437796  0.877232  0.447414
-0.621053  0.748059   0.23388  0.486426
-0.758614  -0.49874 -0.419242   1.50373
        0         0         0         1

-0.197367 -0.439732  0.876175  0.448372
 -0.62157  0.747271  0.235023  0.485929
-0.758088 -0.498218  -0.42081   1.50343
        0         0         0         1

-0.196563 -0.442613  0.874904  0.447845
-0.621996  0.746071  0.237694  0.484513
-0.757947 -0.497465 -0.421954   1.50401
        0         0         0         1

-0.195609 -0.444973   0.87392  0.448336
-0.622221  0.745108  0.240115  0.483876
 -0.75801 -0.496803 -0.422621   1.50468
        0         0         0         1

-0.192894 -0.445857  0.874073  0.448004
-0.623919  0.743258   0.24144  0.482955
-0.757309 -0.498778 -0.421548   1.50352
        0         0         0         1

-0.187475 -0.444835  0.875771  0.449129
-0.627164  0.740398  0.241818  0.482259
-0.755988 -0.503917 -0.417791   1.50169
        0         0         0         1

-0.184706   -0.4435  0.877036  0.449163
-0.629172  0.738911  0.241148  0.482172
-0.755001 -0.507265 -0.415519   1.50071
        0         0         0         1

 -0.18263 -0.444018  0.877208  0.449132
-0.630891  0.737226  0.241815  0.481411
-0.754071 -0.509261 -0.414766   1.50051
        0         0         0         1

-0.181615 -0.445231  0.876804  0.449343
-0.631739  0.736128  0.242943  0.480688
-0.753606 -0.509789 -0.414962   1.50083
        0         0         0         1

-0.178411 -0.449814  0.875121   0.44927
-0.632921  0.733437  0.247954  0.479093
-0.753379 -0.509645 -0.415551   1.50164
        0         0         0         1

-0.179192 -0.451996  0.873836  0.449963
 -0.63342  0.732629  0.249064  0.479214
-0.752774 -0.508875 -0.417585   1.50189
        0         0         0         1

-0.177478 -0.458977  0.870541  0.449552
-0.633578  0.730168    0.2558  0.478284
-0.753047 -0.506157 -0.420387   1.50235
        0         0         0         1

-0.179505 -0.466505  0.866112  0.449713
-0.633968  0.728072  0.260762  0.478007
-0.752239 -0.502279 -0.426442   1.50292
        0         0         0         1

-0.183975 -0.475929  0.860026   0.45049
-0.633494  0.726414  0.266473  0.478147
-0.751557 -0.495797  -0.43514   1.50375
        0         0         0         1

-0.185078 -0.483548  0.855528  0.450961
-0.634143  0.723824  0.271923  0.478369
-0.750739 -0.492199 -0.440602   1.50396
        0         0         0         1

-0.186372 -0.500359  0.845522  0.451337
-0.634519  0.718348  0.285238  0.477962
  -0.7501 -0.483339 -0.451367   1.50476
        0         0         0         1

-0.190401 -0.503309  0.842869  0.452147
-0.635037  0.717894   0.28523  0.478588
-0.748649 -0.480944 -0.456307   1.50518
        0         0         0         1

-0.191151 -0.511363  0.837836  0.452352
-0.635721  0.714859  0.291266  0.478735
-0.747877 -0.476954  -0.46173   1.50581
        0         0         0         1

-0.197001 -0.517277  0.832836  0.453844
-0.632912  0.715857   0.29491   0.47931
-0.748741 -0.469014 -0.468415   1.50871
        0         0         0         1

-0.199381 -0.535834  0.820444  0.455608
-0.631915  0.710218   0.31028  0.479237
-0.748953 -0.456588 -0.480206    1.5128
        0         0         0         1

-0.200738 -0.546229  0.813227  0.455882
-0.631746  0.706634  0.318691  0.478505
-0.748733  -0.44978 -0.486927   1.51502
        0         0         0         1

-0.206554 -0.557341  0.804181  0.458225
-0.633892  0.702318   0.32393  0.479879
 -0.74533 -0.442855  -0.49836   1.51621
        0         0         0         1

-0.211479 -0.568604  0.794963  0.459836
-0.633449   0.69915   0.33156  0.480335
-0.744325  -0.43345 -0.508037   1.51862
        0         0         0         1

-0.216008 -0.578508  0.786555  0.462219
-0.635175  0.695073  0.336788  0.481738
-0.741547 -0.426851 -0.517596   1.52041
        0         0         0         1

-0.221221 -0.585474  0.779924  0.463604
-0.634951  0.693477   0.34048   0.48223
-0.740202 -0.419892 -0.525159   1.52326
        0         0         0         1

-0.233735 -0.598489  0.766276  0.464799
-0.634661  0.690966   0.34608  0.482815
-0.736596 -0.405435  -0.54134    1.5292
        0         0         0         1

-0.236732 -0.602587  0.762133  0.464124
-0.635927  0.689158  0.347359  0.482868
-0.734544  -0.40243 -0.546347   1.53023
        0         0         0         1

-0.242718 -0.606001  0.757529  0.464854
-0.635494  0.689324  0.347822  0.484231
-0.732964 -0.396982 -0.552421   1.53305
        0         0         0         1

-0.245705 -0.607908  0.755034  0.465335
  -0.6351  0.689401  0.348388  0.485432
-0.732309 -0.393922 -0.555472   1.53478
        0         0         0         1

-0.249983 -0.609469  0.752367  0.465532
-0.635645  0.689448  0.347299   0.48798
-0.730386 -0.391419 -0.559756   1.53854
        0         0         0         1

-0.252483  -0.60901  0.751903  0.466118
-0.635035  0.690602  0.346119    0.4893
-0.730056 -0.390096 -0.561109   1.54044
        0         0         0         1

-0.256862 -0.609939  0.749664  0.466131
-0.634248  0.691667  0.345436  0.490301
-0.729213 -0.386743 -0.564516   1.54469
        0         0         0         1

 -0.25974  -0.60908  0.749371  0.466589
-0.633729  0.693038  0.343637  0.491593
-0.728645 -0.385642 -0.566001   1.54726
        0         0         0         1

-0.263407 -0.609167  0.748019  0.466265
-0.632311  0.694632  0.343029  0.492577
 -0.72856 -0.382625 -0.568154   1.55212
        0         0         0         1

-0.265181 -0.608354  0.748054  0.465875
-0.632402  0.695383  0.341336  0.494094
-0.727837 -0.382556 -0.569126    1.5544
        0         0         0         1

-0.270657 -0.607539  0.746754  0.466006
-0.632776  0.696863  0.337603  0.498445
-0.725492 -0.381154 -0.573047   1.56289
        0         0         0         1

-0.272639 -0.608773  0.745026  0.465513
-0.632237  0.697057  0.338213  0.499773
 -0.72522 -0.378822 -0.574934   1.56793
        0         0         0         1

-0.273741 -0.610051  0.743575  0.464605
-0.632846  0.696419  0.338387  0.501823
-0.724273 -0.377938 -0.576707   1.57315
        0         0         0         1

-0.278857 -0.609391  0.742214  0.465674
-0.633614  0.697528  0.334646  0.505315
-0.721645 -0.376959 -0.580629    1.5786
        0         0         0         1

-0.283999 -0.607603   0.74173  0.465826
 -0.63725   0.69762  0.327474  0.512246
-0.716419 -0.379665 -0.585318   1.59276
        0         0         0         1

 -0.28563 -0.607046   0.74156  0.466034
-0.639696  0.696943  0.324129  0.515196
-0.713586 -0.381792 -0.587392    1.5995
        0         0         0         1

-0.288843 -0.605052  0.741944   0.46739
-0.644008  0.696226  0.317053  0.520114
-0.708395  -0.38624 -0.590759   1.60784
        0         0         0         1

-0.288236 -0.605902  0.741487  0.465334
 -0.64723  0.693956  0.315466  0.521795
  -0.7057 -0.388984 -0.592181   1.61649
        0         0         0         1

-0.286858 -0.604979  0.742774  0.464406
-0.656228  0.688966  0.307719  0.526808
-0.697909 -0.399157  -0.59464   1.62336
        0         0         0         1

-0.287041 -0.603764  0.743691  0.464887
-0.663507   0.68528   0.30025  0.530948
-0.690917  -0.40726 -0.597305   1.63079
        0         0         0         1

-0.284446 -0.608038  0.741202  0.462634
-0.682268  0.671534  0.289057  0.538803
  -0.6735 -0.423477 -0.605859   1.65354
        0         0         0         1

-0.284869 -0.607967  0.741098  0.463247
-0.689699  0.666924  0.282006  0.543143
-0.665706   -0.4308   -0.6093   1.66364
        0         0         0         1

-0.279865 -0.609283  0.741923  0.461047
-0.702201  0.656901   0.27458  0.548283
-0.654667 -0.444134 -0.611683   1.67559
        0         0         0         1

 -0.27888 -0.611007  0.740876  0.460395
-0.711843  0.649366  0.267587  0.552869
-0.644597 -0.452763 -0.616036   1.68668
        0         0         0         1

-0.279558 -0.613432  0.738612  0.462004
-0.736479  0.630557   0.24494  0.567577
-0.615991 -0.475498 -0.628057   1.71591
        0         0         0         1

-0.274751 -0.615366  0.738808  0.459894
-0.745851  0.621321  0.240139   0.57194
 -0.60681 -0.485062  -0.62968   1.72978
        0         0         0         1

-0.267705 -0.617628  0.739506  0.456116
-0.759401  0.607632  0.232581  0.577643
-0.592996 -0.499319 -0.631693   1.74793
        0         0         0         1

-0.265168 -0.618017  0.740095  0.456229
-0.770836  0.596979  0.222325   0.58471
-0.579222 -0.511538  -0.63469   1.76098
        0         0         0         1

-0.258125 -0.619971   0.74095  0.454344
-0.786443  0.580296  0.211575  0.594302
-0.561141 -0.528102 -0.637361   1.77903
        0         0         0         1

-0.252214 -0.620286   0.74272  0.452702
-0.797229  0.568224  0.203831  0.601501
-0.548465 -0.540709 -0.637824   1.79361
        0         0         0         1

-0.242362 -0.619333  0.746784  0.451694
-0.825909  0.535584  0.176137  0.624297
-0.509054 -0.574087 -0.641318    1.8289
        0         0         0         1

-0.236577 -0.620047  0.748046  0.449636
-0.835846  0.522409  0.168674  0.632369
-0.495372 -0.585347 -0.641854   1.84585
        0         0         0         1

-0.230625 -0.620586  0.749457  0.450068
-0.850819   0.50234  0.154145  0.646486
-0.472142 -0.602103 -0.643859    1.8646
        0         0         0         1

-0.226463 -0.621184   0.75023  0.449047
-0.861714  0.486832  0.142978  0.657309
-0.454052 -0.614105 -0.645533   1.88024
        0         0         0         1

-0.218139 -0.625977  0.748711  0.445264
-0.883473  0.452589  0.120995  0.680094
-0.414598 -0.635072 -0.651761   1.92529
        0         0         0         1

-0.214374 -0.627508  0.748516  0.442331
 -0.89165  0.438574  0.112305  0.690336
-0.398752  -0.64334 -0.653537   1.94487
        0         0         0         1

-0.212848 -0.627838  0.748676  0.443688
-0.900843   0.42283 0.0984746  0.706871
-0.378389 -0.653479 -0.655582   1.96959
        0         0         0         1

-0.212618 -0.629745  0.747138  0.442802
-0.909109  0.407792 0.0850074  0.719664
 -0.35821 -0.661155 -0.659211   1.98691
        0         0         0         1

-0.208958 -0.627902  0.749717  0.439654
-0.920057  0.386035 0.0668771    0.7382
-0.331409 -0.675808 -0.658371   2.00603
        0         0         0         1

-0.206046 -0.629827  0.748908  0.437689
-0.927067  0.370596 0.0566062  0.750624
-0.313195 -0.682625 -0.660252   2.02456
        0         0         0         1

-0.213901 -0.627753  0.748447  0.445208
  -0.9417  0.336209  0.012861  0.796035
-0.259708 -0.702061  -0.66307   2.06072
        0         0         0         1

 -0.212859  -0.628921   0.747763   0.445026
  -0.94639   0.323017 0.00227985   0.810889
 -0.242974   -0.70719  -0.663962    2.08063
         0          0          0          1

  -0.204607   -0.629403    0.749659    0.438552
  -0.953125    0.302514 -0.00615351    0.826767
  -0.222909   -0.715778   -0.661796     2.10432
          0           0           0           1

 -0.203143  -0.633888    0.74627   0.439067
 -0.956461   0.291583 -0.0126859   0.839088
 -0.209558  -0.716355  -0.665523    2.12782
         0          0          0          1

 -0.209749   -0.63263   0.745509   0.441487
 -0.966125   0.251349 -0.0585283   0.889122
 -0.150356  -0.732532   -0.66392     2.1588
         0          0          0          1

 -0.209757  -0.633459   0.744804   0.440209
 -0.968292   0.240299 -0.0683215    0.90515
 -0.135697  -0.735518  -0.663777     2.1788
         0          0          0          1

 -0.212208  -0.633134   0.744385   0.437093
 -0.971195   0.221124 -0.0887902   0.927044
 -0.108386  -0.741786  -0.661821    2.19609
         0          0          0          1

-0.217384  -0.63676  0.739785   0.44256
-0.971803  0.212115 -0.102986  0.946295
-0.0913425 -0.741312 -0.664915   2.21416
        0         0         0         1

-0.220825 -0.640748  0.735308   0.44271
-0.973039   0.19619 -0.121259  0.969135
-0.0665636 -0.742261 -0.666797   2.23581
        0         0         0         1

-0.235108 -0.644835  0.727263  0.449245
-0.971159  0.186403 -0.148678  0.993746
-0.0396914 -0.741243 -0.670062   2.24706
        0         0         0         1

-0.241065 -0.653795  0.717245  0.447578
-0.970507  0.163915 -0.176772   1.03307
-0.00199457 -0.738704 -0.674027   2.29118
        0         0         0         1

-0.237939  -0.66029  0.712321  0.440378
-0.971128  0.148753 -0.186501   1.04843
0.0171851 -0.736131 -0.676621   2.30524
        0         0         0         1

-0.244647 -0.672687  0.698312  0.448523
 -0.96895  0.142993 -0.201717   1.07278
 0.035839 -0.725979 -0.686783     2.334
        0         0         0         1

-0.244509 -0.672157  0.698871  0.438771
-0.968416  0.132971 -0.210924   1.08686
0.0488448 -0.728371  -0.68344   2.34456
        0         0         0         1

-0.253824 -0.675792  0.692011  0.438559
-0.963738  0.115779 -0.240426    1.1222
0.0823579 -0.727943 -0.680674   2.35062
        0         0         0         1

-0.262921 -0.684356  0.680095  0.447819
-0.960557  0.119497   -0.2511   1.13802
0.0905724 -0.719289 -0.688781   2.37709
        0         0         0         1

-0.294004 -0.696871  0.654165  0.462531
-0.943832  0.103687 -0.313735   1.19804
 0.150804 -0.709662 -0.688214   2.39514
        0         0         0         1

