  0.489827  -0.226306   0.841935    1.05857
 -0.868725 -0.0453943   0.493211    1.05791
-0.0733974  -0.972998  -0.218833    1.89654
         0          0          0          1

  0.489711  -0.221391   0.843309    1.05647
 -0.868125 -0.0340848   0.495174     1.0473
-0.0808828  -0.974589  -0.208887    1.89047
         0          0          0          1

  0.491101  -0.213205   0.844608    1.05342
 -0.865603 -0.0106648   0.500617    1.03137
-0.0977266  -0.976949  -0.189789    1.88984
         0          0          0          1

  0.494533  -0.205913   0.844415    1.04817
 -0.862581 0.00302955    0.50591    1.02025
 -0.106731  -0.978566  -0.176118    1.88624
         0          0          0          1

  0.48238 -0.203478  0.852001    1.0547
-0.867168 0.0265549  0.497308   0.99746
-0.123816 -0.978719  -0.16364   1.87065
        0         0         0         1

 0.477584 -0.204624  0.854425   1.05536
-0.868972 0.0334584  0.493728  0.988808
-0.129616 -0.978269 -0.161833   1.86397
        0         0         0         1

  0.47206 -0.209037  0.856424   1.05702
-0.869791 0.0478143  0.491098  0.976787
-0.143607 -0.976738 -0.159247   1.85901
        0         0         0         1

 0.466924 -0.212952  0.858273   1.05687
-0.870863 0.0578033  0.488115  0.966125
-0.153556 -0.975351 -0.158462   1.85362
        0         0         0         1

 0.460503  -0.21744  0.860614   1.05787
-0.872342 0.0684675  0.484078   0.95497
-0.164182 -0.973669 -0.158152   1.84743
        0         0         0         1

 0.457596 -0.222113  0.860971   1.05686
-0.871687 0.0789583  0.483661  0.944951
-0.175408 -0.971819 -0.157482   1.84354
        0         0         0         1

 0.454754 -0.223816  0.862035   1.05503
-0.868259  0.104102  0.485066  0.922117
-0.198305 -0.969056 -0.146989    1.8325
        0         0         0         1

  0.45175 -0.224873  0.863339    1.0579
-0.867359  0.115813   0.48402  0.912498
-0.208829 -0.967481 -0.142727   1.82936
        0         0         0         1

 0.452258 -0.219124   0.86455   1.05641
-0.866291  0.122635  0.484252  0.902802
-0.212135 -0.967959 -0.134362   1.81996
        0         0         0         1

 0.452139 -0.214921  0.865667   1.05812
-0.864615  0.132813  0.484564   0.89422
-0.219115 -0.967559 -0.125774   1.81441
        0         0         0         1

 0.449576 -0.206912  0.868947   1.06251
-0.862657  0.151806   0.48247  0.875683
 -0.23174  -0.96651 -0.110245   1.79889
        0         0         0         1

 0.453911  -0.20189  0.867874   1.06044
-0.859385  0.158144   0.48626  0.867971
 -0.23542 -0.966556 -0.101718   1.79328
        0         0         0         1

  0.453381  -0.199993    0.86859     1.0625
  -0.85756   0.167775   0.486254   0.858045
 -0.242975  -0.965326 -0.0954394    1.78607
         0          0          0          1

 0.453879 -0.197091  0.868993   1.06299
-0.856218  0.173588  0.486577  0.850367
-0.246746 -0.964895 -0.089965   1.77932
        0         0         0         1

  0.453411  -0.197552   0.869133    1.06416
 -0.852465   0.188593   0.487582   0.839923
 -0.260236   -0.96198 -0.0828959    1.77585
         0          0          0          1

  0.452861  -0.195269   0.869935    1.06517
 -0.851673    0.19391    0.48688   0.833178
 -0.263762  -0.961389 -0.0784909    1.76908
         0          0          0          1

 0.449262   -0.1894  0.873093   1.06856
-0.849756  0.211124  0.483053  0.817108
-0.275822 -0.958934 -0.066094   1.75562
        0         0         0         1

  0.447528  -0.185047   0.874915    1.07004
 -0.849322    0.21832   0.480612   0.810765
 -0.279947  -0.958172 -0.0594603     1.7495
         0          0          0          1

  0.445066  -0.178704   0.877486    1.07266
 -0.849842   0.224599   0.476785   0.803237
 -0.282286  -0.957925 -0.0519084    1.74186
         0          0          0          1

  0.443034  -0.175491   0.879161    1.07456
 -0.849319   0.231796   0.474265    0.79727
 -0.287015  -0.956804 -0.0463546    1.73609
         0          0          0          1

  0.441289  -0.166117   0.881855    1.07477
 -0.847014   0.247444   0.470466   0.783003
 -0.296363  -0.954556 -0.0315088    1.72248
         0          0          0          1

  0.438395  -0.163904   0.883711    1.07756
 -0.845518   0.258239   0.467345   0.776537
 -0.304808  -0.952076 -0.0253729    1.71904
         0          0          0          1

  0.436426  -0.160562   0.885298    1.07903
 -0.844298   0.266975   0.464634   0.769433
 -0.310955  -0.950234 -0.0190468    1.71269
         0          0          0          1

   0.4383  -0.15781  0.884867   1.07841
-0.843154  0.268909  0.465596  0.764721
-0.311424  -0.95015 -0.015195   1.70551
        0         0         0         1

   0.434936   -0.156035    0.886839     1.08072
    -0.8417    0.279499    0.461975    0.758054
  -0.319955   -0.947382 -0.00977086     1.70049
          0           0           0           1

 0.432378 -0.155093  0.888254   1.08248
-0.840395  0.287693  0.459314  0.753104
-0.326781 -0.945082 -0.005947   1.69612
        0         0         0         1

  0.428059   -0.14921   0.891348    1.08637
 -0.839892   0.298477   0.453313   0.743632
 -0.333686  -0.942681 0.00244502    1.68104
         0          0          0          1

 0.426502 -0.147032  0.892456   1.08736
-0.839452  0.303038  0.451097  0.739559
-0.336774 -0.941567 0.0058203   1.67529
        0         0         0         1

  0.424097  -0.144317   0.894044    1.08932
 -0.839225   0.308399   0.447875   0.735366
 -0.340358  -0.940246 0.00967662    1.66814
         0          0          0          1

 0.423891 -0.141145  0.894648   1.08908
-0.838139  0.313253  0.446537   0.73171
-0.343278 -0.939122  0.014486   1.66236
        0         0         0         1

 0.421447 -0.136879  0.896463   1.09009
-0.837034  0.321654  0.442621  0.727197
-0.348936 -0.936911 0.0209875   1.65717
        0         0         0         1

 0.417929 -0.134648  0.898446   1.09227
-0.836952  0.327571  0.438416  0.723986
-0.353336 -0.935183 0.0242072   1.65237
        0         0         0         1

 0.415558 -0.126955  0.900663   1.09282
-0.834898  0.339669  0.433093  0.716765
 -0.36091 -0.931938 0.0351578   1.64092
        0         0         0         1

 0.411582 -0.124027  0.902894   1.09501
 -0.83526  0.345012  0.428145   0.71416
 -0.36461 -0.930368 0.0384061   1.63644
        0         0         0         1

 0.410111 -0.121015  0.903971   1.09536
-0.834669  0.349699  0.425485  0.711069
-0.367608 -0.929013 0.0424082   1.63032
        0         0         0         1

 0.406461 -0.119577   0.90581   1.09705
-0.835417  0.352792  0.421446  0.708922
-0.369957  -0.92803 0.0434993    1.6252
        0         0         0         1

 0.400154 -0.115267   0.90917   1.09931
-0.835482  0.361814  0.413594  0.703866
-0.376624 -0.925097 0.0484779   1.61471
        0         0         0         1

 0.397308 -0.112839  0.910722   1.10116
-0.835531  0.365943  0.409846  0.701864
-0.379519 -0.923771 0.0511114   1.61091
        0         0         0         1

 0.396098 -0.109745  0.911626   1.10167
-0.835507  0.368707  0.407411  0.699771
-0.380834 -0.923045 0.0543512   1.60485
        0         0         0         1

 0.393877 -0.107397  0.912867   1.10364
-0.836226  0.370402  0.404386  0.697984
-0.381558 -0.922642 0.0560842   1.60052
        0         0         0         1

 0.393893 -0.106006  0.913023   1.10386
-0.835503  0.372744  0.403727  0.696031
-0.383122 -0.921859 0.0582528   1.59595
        0         0         0         1

 0.391338 -0.104955  0.914242    1.1058
 -0.83521  0.376602  0.400742  0.693968
-0.386366  -0.92041 0.0597197   1.59284
        0         0         0         1

 0.393596 -0.107738  0.912948   1.10446
-0.832945  0.378392  0.403759  0.690262
-0.388952 -0.919354 0.0591942   1.58521
        0         0         0         1

 0.390992 -0.110939  0.913684   1.10639
-0.832985  0.379594  0.402548  0.688763
-0.391487 -0.918478 0.0560081   1.58236
        0         0         0         1

 0.389648 -0.115188  0.913732    1.1075
-0.833042  0.378975  0.403013  0.687361
-0.392703  -0.91821 0.0517107   1.57846
        0         0         0         1

  0.38904 -0.118762  0.913533   1.10888
-0.832426  0.379457   0.40383  0.685793
-0.394607 -0.917555 0.0487631   1.57589
        0         0         0         1

 0.386262 -0.126138  0.913724   1.11227
-0.831466  0.381249   0.40412  0.682717
-0.399331 -0.915826 0.0423821   1.57073
        0         0         0         1

 0.385198  -0.12858  0.913832   1.11357
-0.830946  0.382434   0.40407   0.68119
-0.401436 -0.914992 0.0404699   1.56887
        0         0         0         1

 0.385873 -0.130104  0.913332   1.11398
-0.830088  0.383033  0.405266  0.679763
-0.402563 -0.914527 0.0398045   1.56638
        0         0         0         1

 0.386557 -0.131125  0.912896   1.11453
-0.829092  0.384147  0.406248  0.678474
-0.403956 -0.913913 0.0397799   1.56534
        0         0         0         1

  0.38717 -0.131566  0.912573    1.1157
-0.828867  0.383841  0.406996  0.677423
 -0.40383 -0.913978 0.0395611   1.56275
        0         0         0         1

 0.388167  -0.13163  0.912141   1.11588
-0.828272  0.384153  0.407912  0.676354
-0.404095 -0.913838 0.0400904   1.56178
        0         0         0         1

 0.387957 -0.131833    0.9122   1.11801
-0.829146  0.382291  0.407884  0.674353
-0.402499 -0.914589  0.039004   1.55793
        0         0         0         1

 0.387697  -0.13237  0.912233   1.11939
-0.829698   0.38106  0.407914  0.673679
-0.401611 -0.915025 0.0379089   1.55653
        0         0         0         1

 0.386404 -0.133463  0.912622   1.12075
-0.829937  0.381344  0.407163  0.672387
-0.402364 -0.914748 0.0365867   1.55674
        0         0         0         1

 0.384855 -0.134171  0.913173   1.12259
-0.831122    0.3799  0.406094  0.671829
-0.401401 -0.915245 0.0346939   1.55484
        0         0         0         1

 0.381868 -0.139082  0.913692   1.12294
-0.833007  0.376444  0.405449  0.670064
-0.400345  -0.91594 0.0278955    1.5537
        0         0         0         1

 0.379376 -0.143332  0.914073   1.12289
-0.834214  0.374327  0.404928  0.669065
-0.400202 -0.916152 0.0224408   1.55339
        0         0         0         1

 0.376935 -0.149093  0.914161   1.12232
-0.833875  0.375012  0.404992  0.667984
-0.403203 -0.914952 0.0170306   1.55477
        0         0         0         1

 0.372008 -0.153591  0.915434   1.12314
-0.835814   0.37356  0.402329  0.667297
-0.403764 -0.914802 0.0105938   1.55431
        0         0         0         1

  0.369276  -0.157139   0.915938    1.12267
 -0.837596    0.37068   0.401285   0.666704
 -0.402578  -0.915371 0.00526443    1.55356
         0          0          0          1

  0.366543  -0.158618    0.91678    1.12271
 -0.839438   0.368556   0.399387   0.666372
 -0.401235  -0.915973 0.00194186    1.55283
         0          0          0          1

   0.358332    -0.16133    0.919549     1.12296
  -0.842619    0.368212    0.392954    0.665229
  -0.401984   -0.915638 -0.00399742     1.55277
          0           0           0           1

   0.354197   -0.163184    0.920823     1.12359
  -0.843954    0.368389    0.389913    0.664542
  -0.402849   -0.915238 -0.00723786     1.55246
          0           0           0           1

  0.352841  -0.166066   0.920828    1.12367
 -0.843974   0.368424   0.389836   0.664195
 -0.403994  -0.914705 -0.0101603    1.55254
         0          0          0          1

  0.352654  -0.167956   0.920558    1.12332
 -0.843448   0.368992   0.390436   0.663712
 -0.405254  -0.914131 -0.0115358    1.55288
         0          0          0          1

  0.352641  -0.173575   0.919519    1.12163
  -0.84263   0.368453   0.392705   0.663009
 -0.406964  -0.913298 -0.0163279    1.55349
         0          0          0          1

  0.349293  -0.176926   0.920159    1.12151
 -0.844049   0.367042   0.390976   0.662947
 -0.406911  -0.913224 -0.0211291    1.55364
         0          0          0          1

  0.346472  -0.180277   0.920574    1.12127
 -0.845239   0.365635   0.389721   0.662839
 -0.406852  -0.913133 -0.0256951    1.55393
         0          0          0          1

  0.345944  -0.182892   0.920257    1.12044
 -0.845472   0.364505   0.390273   0.662704
 -0.406816  -0.913064 -0.0285313    1.55399
         0          0          0          1

  0.344293  -0.185909   0.920272    1.11951
 -0.846564   0.362345   0.389917   0.662926
 -0.405945  -0.913315 -0.0326312     1.5544
         0          0          0          1

  0.341897  -0.187822   0.920776    1.11924
 -0.847895    0.36082   0.388436   0.663095
 -0.405192  -0.913527 -0.0358903    1.55485
         0          0          0          1

  0.333929  -0.190141   0.923221    1.11968
   -0.8511   0.360131   0.382013   0.663391
 -0.405117  -0.913319 -0.0415709    1.55701
         0          0          0          1

  0.334288  -0.189191   0.923287    1.11877
  -0.85098   0.360461   0.381971   0.663578
 -0.405074  -0.913386 -0.0405004    1.55899
         0          0          0          1

  0.331405  -0.187596   0.924651    1.11904
 -0.853347   0.358446   0.378571   0.664225
 -0.402455  -0.914508 -0.0412939    1.56008
         0          0          0          1

  0.331937  -0.185846   0.924813    1.11789
 -0.854567   0.355878    0.37824   0.664938
 -0.399415  -0.915867 -0.0406887    1.56078
         0          0          0          1

  0.329884  -0.182369   0.926239    1.11696
 -0.857538   0.352362   0.374793   0.666684
 -0.394722  -0.917923 -0.0401499    1.56413
         0          0          0          1

  0.330083  -0.181402   0.926358    1.11638
 -0.858483    0.35036   0.374506   0.667456
 -0.392494  -0.918881 -0.0400828    1.56589
         0          0          0          1

  0.328903  -0.180233   0.927005    1.11686
 -0.860459   0.347302   0.372816   0.668605
 -0.389145   -0.92027 -0.0408542    1.56767
         0          0          0          1

   0.32964  -0.180278   0.926735    1.11643
 -0.860924   0.345479   0.373437   0.669544
 -0.387489  -0.920948 -0.0413219    1.57092
         0          0          0          1

  0.329606  -0.179425   0.926912     1.1166
 -0.862549   0.341969   0.372915   0.670879
 -0.383886  -0.922423 -0.0420479    1.57384
         0          0          0          1

  0.330712    -0.1785   0.926697    1.11651
 -0.863988   0.337785   0.373397   0.672154
 -0.379676  -0.924142 -0.0425124    1.57595
         0          0          0          1

  0.334505  -0.176854   0.925651     1.1157
 -0.867174   0.326771   0.375805     0.6753
 -0.368938  -0.928409 -0.0440568    1.58207
         0          0          0          1

  0.337963  -0.176096   0.924538    1.11461
  -0.86703    0.32388    0.37863   0.676577
 -0.366115  -0.929565 -0.0432212    1.58597
         0          0          0          1

  0.341223  -0.172892   0.923946     1.1145
 -0.868873   0.317023   0.380206   0.678706
 -0.358647  -0.932526 -0.0420455    1.58947
         0          0          0          1

   0.34366  -0.170869   0.923419    1.11434
 -0.870551   0.310808   0.381496   0.680357
 -0.352191  -0.934988 -0.0419378    1.59242
         0          0          0          1

  0.346888  -0.166529   0.923004    1.11465
 -0.873735   0.300384   0.382567   0.684616
 -0.340964  -0.939169 -0.0413024    1.60229
         0          0          0          1

  0.346217  -0.164989   0.923533    1.11629
 -0.877466   0.291365   0.380999   0.686976
 -0.331946  -0.942277 -0.0438972    1.60472
         0          0          0          1

  0.348697  -0.163344   0.922892    1.11558
 -0.878876   0.285054   0.382519   0.689046
 -0.325556  -0.944491 -0.0441619    1.61142
         0          0          0          1

    0.3476  -0.162385   0.923475    1.11685
 -0.881385   0.279429   0.380893   0.691205
 -0.319897  -0.946335 -0.0459942    1.61627
         0          0          0          1

  0.351084  -0.161967   0.922229    1.11533
 -0.882934   0.270623   0.383654   0.693693
 -0.311715  -0.948963 -0.0479953    1.62301
         0          0          0          1

  0.352918  -0.161327   0.921641    1.11458
 -0.884768   0.262879   0.384813    0.69574
  -0.30436  -0.951246 -0.0499625    1.62887
         0          0          0          1

  0.355241  -0.159921   0.920994    1.11392
 -0.891121   0.239637   0.385329   0.702425
 -0.282326  -0.957601 -0.0573799    1.64063
         0          0          0          1

  0.356999  -0.160508   0.920211    1.11318
 -0.892626   0.231682   0.386708   0.704984
 -0.275266  -0.959459 -0.0605635    1.64713
         0          0          0          1

  0.362477  -0.159973   0.918161    1.11019
 -0.893302   0.221275   0.391216   0.708276
  -0.26575  -0.962001 -0.0626973    1.65618
         0          0          0          1

  0.362865   -0.15968   0.918058    1.11134
 -0.895721   0.211875   0.390888   0.711436
  -0.25693  -0.964164 -0.0661469    1.66261
         0          0          0          1

  0.366204  -0.160989   0.916503    1.11126
 -0.899929   0.189253   0.392825    0.72036
 -0.236691  -0.968641 -0.0755736    1.67899
         0          0          0          1

  0.368157  -0.160863   0.915742    1.11124
 -0.901581   0.178893   0.393889   0.724297
 -0.227182  -0.970629 -0.0791702    1.68597
         0          0          0          1

  0.370594  -0.161841   0.914586     1.1116
 -0.902661   0.169188   0.395701    0.72892
 -0.218778  -0.972205 -0.0833879    1.69661
         0          0          0          1

  0.373288  -0.160302   0.913761    1.10989
 -0.904326     0.1569   0.396959   0.733875
 -0.207003  -0.974518 -0.0863967    1.70395
         0          0          0          1

   0.37565  -0.160247   0.912802    1.10918
 -0.906137   0.143126   0.398034   0.739873
  -0.19443  -0.976645 -0.0914407    1.71351
         0          0          0          1

  0.375593  -0.160524   0.912777    1.10918
 -0.908865   0.128941   0.396659   0.745715
 -0.181368  -0.978574 -0.0974653    1.72093
         0          0          0          1

 0.376877 -0.158177  0.912657   1.10781
-0.913145  0.101795  0.394721  0.757894
 -0.15534 -0.982149 -0.106074   1.74117
        0         0         0         1

 0.379164 -0.156554   0.91199   1.10611
-0.914417 0.0875237  0.395197  0.764086
 -0.14169 -0.983784  -0.10997   1.74857
        0         0         0         1

 0.378425 -0.157233   0.91218   1.10794
-0.916955 0.0709387  0.392634  0.772242
-0.126444  -0.98501  -0.11733   1.75958
        0         0         0         1

 0.384385 -0.151181   0.91071   1.10352
-0.916226 0.0583219  0.396395  0.778056
-0.113042 -0.986784 -0.116098   1.77018
        0         0         0         1

 0.389369 -0.148114  0.909095   1.10118
-0.917459 0.0250863  0.397039  0.794193
-0.0816128 -0.988652 -0.126121   1.79208
        0         0         0         1

  0.386377  -0.153592   0.909463    1.10364
 -0.920048 0.00530913   0.391771   0.803283
-0.0650011   -0.98812   -0.13926    1.80038
         0          0          0          1

  0.386381  -0.161472   0.908095    1.10362
 -0.920849 -0.0115863   0.389748   0.812194
 -0.052412  -0.986809  -0.153168    1.81405
         0          0          0          1

  0.388132  -0.162807   0.907109    1.10202
 -0.920997 -0.0328105   0.388185   0.821683
-0.0334366  -0.986112   -0.16268    1.82184
         0          0          0          1

  0.395054  -0.160314   0.904561    1.09694
 -0.918431 -0.0470679    0.39277   0.830381
-0.0203909  -0.985943  -0.165832    1.83775
         0          0          0          1

  0.395848  -0.164256   0.903507    1.09908
 -0.918308 -0.0667361   0.390201   0.840765
-0.00379611  -0.984158  -0.177255    1.84522
         0          0          0          1

 0.397583 -0.164319  0.902733   1.09979
-0.917004 -0.105604  0.384646  0.864913
0.0321276 -0.980738 -0.192668   1.86677
        0         0         0         1

 0.401314 -0.161211  0.901642   1.10022
 -0.91484 -0.118787   0.38595  0.874745
0.0448836 -0.979745 -0.195153   1.87622
        0         0         0         1

  0.40656  -0.15524  0.900339   1.09786
-0.911499 -0.136098  0.388133  0.886887
0.0622809 -0.978457 -0.196833   1.88917
        0         0         0         1

 0.411864 -0.152063  0.898468   1.09407
-0.908084 -0.150555  0.390791   0.89731
0.0758437 -0.976837 -0.200094   1.89972
        0         0         0         1

 0.415768 -0.156537  0.895898    1.0907
-0.903103 -0.187427  0.386363  0.922999
 0.107435 -0.969725 -0.219295   1.92349
        0         0         0         1

 0.419611 -0.153948  0.894554   1.08614
-0.898937 -0.207123  0.386022  0.935422
 0.125855 -0.966126   -0.2253   1.93041
        0         0         0         1

 0.422237 -0.158739  0.892479   1.08543
-0.895419 -0.226412  0.383357  0.950895
 0.141214  -0.96101 -0.237737   1.94192
        0         0         0         1

 0.426475 -0.161261  0.890008   1.08282
-0.891526 -0.241004  0.383535  0.962272
 0.152646 -0.957033 -0.246551   1.94905
        0         0         0         1

 0.427575 -0.166953  0.888429   1.08303
  -0.8881 -0.260982  0.378373  0.978502
 0.168693 -0.950797  -0.25986   1.95793
        0         0         0         1

 0.428647 -0.173791    0.8866   1.08659
-0.885615 -0.274966  0.374272  0.991471
  0.17874 -0.945616 -0.271775   1.96548
        0         0         0         1

 0.438122 -0.181621  0.880376   1.08482
-0.876469 -0.303808  0.373502    1.0211
 0.199629 -0.935262  -0.29229   1.98514
        0         0         0         1

 0.444512 -0.180956  0.877305   1.08063
-0.870819 -0.316855  0.375869   1.03256
 0.209962 -0.931052 -0.298426   1.99479
        0         0         0         1

  0.45476 -0.181707  0.871881   1.07486
-0.863556 -0.329438   0.38176   1.04632
 0.217862 -0.926528 -0.306729   2.00681
        0         0         0         1

 0.458493 -0.182872  0.869679   1.07256
-0.858068 -0.345802  0.379658   1.06136
 0.231308 -0.920315 -0.315464   2.01115
        0         0         0         1

 0.464985 -0.197004  0.863121   1.07432
-0.847666 -0.380369  0.369841   1.09634
 0.255444 -0.903609 -0.343859   2.02095
        0         0         0         1

  0.47268 -0.195259   0.85933   1.06861
-0.840696 -0.392276  0.373297   1.10907
 0.264204 -0.898885 -0.349574    2.0254
        0         0         0         1

 0.473807 -0.202558  0.857016    1.0735
-0.837019 -0.406042  0.366782   1.12621
  0.27369 -0.891123  -0.36193   2.03254
        0         0         0         1

 0.480331 -0.202578  0.853372   1.06761
-0.833284 -0.409035  0.371925   1.13538
 0.273715 -0.889749 -0.365277   2.04378
        0         0         0         1

 0.483155 -0.207191  0.850666   1.06845
-0.828511 -0.422327  0.367708   1.15282
 0.283074 -0.882446 -0.375709   2.04873
        0         0         0         1

 0.488769 -0.206743  0.847563   1.06428
-0.823452 -0.430214  0.369924   1.16591
 0.288154 -0.878734 -0.380518   2.05583
        0         0         0         1

 0.497741 -0.210721  0.841339   1.06065
-0.812413 -0.452947  0.367184   1.19712
 0.303708 -0.866277 -0.396643   2.06796
        0         0         0         1

