-0.0688158 -0.632866  0.771197  0.256441
-0.916852  0.344837  0.201171   1.07915
-0.393252  -0.69323 -0.603975   1.70133
        0         0         0         1

-0.064682 -0.620958   0.78117  0.238467
-0.904631  0.366944  0.216782    1.0505
-0.421259 -0.692649 -0.585473   1.66533
        0         0         0         1

-0.064682 -0.620958   0.78117  0.238467
-0.904631  0.366944  0.216782    1.0505
-0.421259 -0.692649 -0.585473   1.66533
        0         0         0         1

-0.0727343 -0.607753  0.790788  0.241659
-0.896143  0.387844  0.215649   1.04123
-0.437764 -0.692975 -0.572843   1.64048
        0         0         0         1

-0.0727343 -0.607753  0.790788  0.241659
-0.896143  0.387844  0.215649   1.04123
-0.437764 -0.692975 -0.572843   1.64048
        0         0         0         1

-0.0871461 -0.595084  0.798925  0.244813
-0.885295  0.413997    0.2118    1.0296
-0.456791 -0.688827 -0.562903   1.60418
        0         0         0         1

-0.0871461 -0.595084  0.798925  0.244813
-0.885295  0.413997    0.2118    1.0296
-0.456791 -0.688827 -0.562903   1.60418
        0         0         0         1

-0.0917515 -0.586708  0.804584  0.239515
-0.875235  0.432868  0.215842   1.01802
-0.474915 -0.684396 -0.553224   1.58733
        0         0         0         1

-0.0917515 -0.586708  0.804584  0.239515
-0.875235  0.432868  0.215842   1.01802
-0.474915 -0.684396 -0.553224   1.58733
        0         0         0         1

-0.0915566  -0.58497  0.805871  0.236351
-0.868174   0.44327  0.223128   1.00729
-0.487742 -0.679207  -0.54844   1.56798
        0         0         0         1

-0.0915566  -0.58497  0.805871  0.236351
-0.868174   0.44327  0.223128   1.00729
-0.487742 -0.679207  -0.54844   1.56798
        0         0         0         1

-0.0900307 -0.566864  0.818877  0.236301
-0.858556  0.460884  0.224652  0.996666
-0.504754 -0.682826 -0.528178   1.53127
        0         0         0         1

-0.0900307 -0.566864  0.818877  0.236301
-0.858556  0.460884  0.224652  0.996666
-0.504754 -0.682826 -0.528178   1.53127
        0         0         0         1

-0.0901059 -0.565276  0.819966  0.233682
-0.848813  0.474253  0.233669  0.988347
-0.520958 -0.674943 -0.522546   1.51854
        0         0         0         1

-0.0901059 -0.565276  0.819966  0.233682
-0.848813  0.474253  0.233669  0.988347
-0.520958 -0.674943 -0.522546   1.51854
        0         0         0         1

-0.0917037 -0.552856  0.828216  0.240755
 -0.83925  0.490562  0.234538  0.987625
-0.535957 -0.673572  -0.50897   1.49953
        0         0         0         1

-0.0917037 -0.552856  0.828216  0.240755
 -0.83925  0.490562  0.234538  0.987625
-0.535957 -0.673572  -0.50897   1.49953
        0         0         0         1

-0.074313 -0.561364  0.824226  0.238145
-0.809776  0.516343  0.278661  0.976964
-0.582014  -0.64673  -0.49295   1.47771
        0         0         0         1

-0.074313 -0.561364  0.824226  0.238145
-0.809776  0.516343  0.278661  0.976964
-0.582014  -0.64673  -0.49295   1.47771
        0         0         0         1

-0.0646005 -0.565635  0.822121  0.239972
-0.794756  0.527376  0.300395  0.974777
-0.603481  -0.63398 -0.483611   1.46183
        0         0         0         1

-0.0646005 -0.565635  0.822121  0.239972
-0.794756  0.527376  0.300395  0.974777
-0.603481  -0.63398 -0.483611   1.46183
        0         0         0         1

-0.0542317 -0.576171  0.815528  0.242886
-0.775083  0.539203  0.329404  0.971379
-0.629528 -0.614238 -0.475822   1.44374
        0         0         0         1

-0.0542317 -0.576171  0.815528  0.242886
-0.775083  0.539203  0.329404  0.971379
-0.629528 -0.614238 -0.475822   1.44374
        0         0         0         1

-0.0490176 -0.582165  0.811592  0.244825
-0.764307  0.544962  0.344746  0.970305
-0.642986 -0.603407 -0.471666   1.43117
        0         0         0         1

-0.0490176 -0.582165  0.811592  0.244825
-0.764307  0.544962  0.344746  0.970305
-0.642986 -0.603407 -0.471666   1.43117
        0         0         0         1

-0.0423746 -0.589094  0.806953  0.244214
-0.754558  0.548264  0.360622  0.966526
-0.654863 -0.593612 -0.467738   1.41632
        0         0         0         1

-0.0423746 -0.589094  0.806953  0.244214
-0.754558  0.548264  0.360622  0.966526
-0.654863 -0.593612 -0.467738   1.41632
        0         0         0         1

-0.0380954  -0.58944  0.806913   0.24499
-0.743718  0.556047  0.371074  0.963396
-0.667408 -0.585979  -0.45956   1.39653
        0         0         0         1

-0.0380954  -0.58944  0.806913   0.24499
-0.743718  0.556047  0.371074  0.963396
-0.667408 -0.585979  -0.45956   1.39653
        0         0         0         1

-0.0411937 -0.583681  0.810937   0.24912
-0.737989  0.564913  0.369115  0.965453
-0.673555 -0.583257 -0.454021    1.3871
        0         0         0         1

-0.0411937 -0.583681  0.810937   0.24912
-0.737989  0.564913  0.369115  0.965453
-0.673555 -0.583257 -0.454021    1.3871
        0         0         0         1

-0.0453708 -0.584116  0.810401  0.250345
-0.730851  0.572452  0.371692  0.964422
-0.681027 -0.575418 -0.452875   1.37751
        0         0         0         1

-0.0453708 -0.584116  0.810401  0.250345
-0.730851  0.572452  0.371692  0.964422
-0.681027 -0.575418 -0.452875   1.37751
        0         0         0         1

-0.0497741 -0.583537   0.81056  0.252051
 -0.72234    0.5815  0.374276  0.964448
-0.689745 -0.566871 -0.450455    1.3758
        0         0         0         1

-0.0497741 -0.583537   0.81056  0.252051
 -0.72234    0.5815  0.374276  0.964448
-0.689745 -0.566871 -0.450455    1.3758
        0         0         0         1

-0.0464495 -0.579083  0.813944  0.252374
-0.723912  0.580985  0.372032  0.963994
-0.688327 -0.571944 -0.446192   1.36139
        0         0         0         1

-0.0464495 -0.579083  0.813944  0.252374
-0.723912  0.580985  0.372032  0.963994
-0.688327 -0.571944 -0.446192   1.36139
        0         0         0         1

-0.0413362 -0.581992  0.812144  0.248017
-0.717965  0.582587  0.380946  0.959078
-0.694851 -0.567343 -0.441931   1.35735
        0         0         0         1

-0.0413362 -0.581992  0.812144  0.248017
-0.717965  0.582587  0.380946  0.959078
-0.694851 -0.567343 -0.441931   1.35735
        0         0         0         1

-0.0442778 -0.579082  0.814066   0.25355
-0.717496  0.585446  0.377429  0.961573
-0.695154 -0.567377 -0.441411   1.35136
        0         0         0         1

-0.0442778 -0.579082  0.814066   0.25355
-0.717496  0.585446  0.377429  0.961573
-0.695154 -0.567377 -0.441411   1.35136
        0         0         0         1

-0.0466053  -0.58258  0.811436  0.256336
-0.712056  0.589084  0.382043  0.961612
-0.700574 -0.559982 -0.442284   1.35137
        0         0         0         1

-0.0466053  -0.58258  0.811436  0.256336
-0.712056  0.589084  0.382043  0.961612
-0.700574 -0.559982 -0.442284   1.35137
        0         0         0         1

-0.042241 -0.581807  0.812229  0.254751
-0.712659  0.587316  0.383637  0.959328
-0.700237 -0.562637 -0.439439   1.34358
        0         0         0         1

-0.042241 -0.581807  0.812229  0.254751
-0.712659  0.587316  0.383637  0.959328
-0.700237 -0.562637 -0.439439   1.34358
        0         0         0         1

-0.0391539 -0.585743  0.809551  0.252167
-0.710053  0.586345  0.389903  0.956727
-0.703059 -0.559558 -0.438866     1.342
        0         0         0         1

-0.0391539 -0.585743  0.809551  0.252167
-0.710053  0.586345  0.389903  0.956727
-0.703059 -0.559558 -0.438866     1.342
        0         0         0         1

-0.039623 -0.588049  0.807854  0.254889
-0.708679    0.5865  0.392163  0.957038
-0.704417  -0.55697 -0.439977   1.33841
        0         0         0         1

-0.039623 -0.588049  0.807854  0.254889
-0.708679    0.5865  0.392163  0.957038
-0.704417  -0.55697 -0.439977   1.33841
        0         0         0         1

-0.039622 -0.589078  0.807104  0.256454
-0.707666  0.586799  0.393544  0.957281
-0.705436 -0.555567  -0.44012   1.33552
        0         0         0         1

-0.039622 -0.589078  0.807104  0.256454
-0.707666  0.586799  0.393544  0.957281
-0.705436 -0.555567  -0.44012   1.33552
        0         0         0         1

-0.0394968 -0.589941   0.80648  0.258143
-0.706254  0.587437  0.395123  0.957189
-0.706855 -0.553974  -0.43985   1.33002
        0         0         0         1

-0.0394968 -0.589941   0.80648  0.258143
-0.706254  0.587437  0.395123  0.957189
-0.706855 -0.553974  -0.43985   1.33002
        0         0         0         1

-0.0383356 -0.592186  0.804889  0.257535
-0.703737  0.587849  0.398984  0.955751
-0.709425 -0.551135 -0.439279   1.32965
        0         0         0         1

-0.0383356 -0.592186  0.804889  0.257535
-0.703737  0.587849  0.398984  0.955751
-0.709425 -0.551135 -0.439279   1.32965
        0         0         0         1

-0.0352711  -0.59483  0.803077  0.255675
-0.700439  0.587893  0.404682  0.953763
-0.712841 -0.548233 -0.437378   1.32941
        0         0         0         1

-0.0352711  -0.59483  0.803077  0.255675
-0.700439  0.587893  0.404682  0.953763
-0.712841 -0.548233 -0.437378   1.32941
        0         0         0         1

 -0.03866  -0.58977  0.806646  0.264545
-0.699357  0.592555  0.399722   0.95887
-0.713726  -0.54868 -0.435368   1.32581
        0         0         0         1

 -0.03866  -0.58977  0.806646  0.264545
-0.699357  0.592555  0.399722   0.95887
-0.713726  -0.54868 -0.435368   1.32581
        0         0         0         1

-0.0337197 -0.590999  0.805967  0.262759
-0.699644  0.589829  0.403237  0.957011
-0.713696 -0.550293 -0.433377   1.32073
        0         0         0         1

-0.0337197 -0.590999  0.805967  0.262759
-0.699644  0.589829  0.403237  0.957011
-0.713696 -0.550293 -0.433377   1.32073
        0         0         0         1

-0.0315997 -0.591666  0.805564  0.264817
-0.696553  0.591049  0.406787  0.957137
-0.716809 -0.548263 -0.430803    1.3182
        0         0         0         1

-0.0315997 -0.591666  0.805564  0.264817
-0.696553  0.591049  0.406787  0.957137
-0.716809 -0.548263 -0.430803    1.3182
        0         0         0         1

-0.0323389 -0.593154  0.804439  0.267027
-0.693361  0.593007  0.409381  0.957062
-0.719865 -0.544528 -0.430447   1.31732
        0         0         0         1

-0.0323389 -0.593154  0.804439  0.267027
-0.693361  0.593007  0.409381  0.957062
-0.719865 -0.544528 -0.430447   1.31732
        0         0         0         1

-0.0323197 -0.594731  0.803275  0.270039
-0.693668  0.591963   0.41037  0.958528
-0.719569 -0.543943 -0.431678    1.3124
        0         0         0         1

-0.0323197 -0.594731  0.803275  0.270039
-0.693668  0.591963   0.41037  0.958528
-0.719569 -0.543943 -0.431678    1.3124
        0         0         0         1

-0.0303304 -0.603155  0.797047  0.269338
-0.689997  0.589571  0.419893  0.956326
-0.723177 -0.537224 -0.434057   1.31409
        0         0         0         1

-0.0303304 -0.603155  0.797047  0.269338
-0.689997  0.589571  0.419893  0.956326
-0.723177 -0.537224 -0.434057   1.31409
        0         0         0         1

-0.0297304 -0.602699  0.797415  0.270008
-0.686187  0.592394  0.422157   0.95562
-0.726817 -0.534625 -0.431176   1.31579
        0         0         0         1

-0.0297304 -0.602699  0.797415  0.270008
-0.686187  0.592394  0.422157   0.95562
-0.726817 -0.534625 -0.431176   1.31579
        0         0         0         1

-0.0312481 -0.594442  0.803531  0.274837
-0.688389  0.595662  0.413892  0.958589
-0.724668 -0.540209  -0.42782    1.3126
        0         0         0         1

-0.0312481 -0.594442  0.803531  0.274837
-0.688389  0.595662  0.413892  0.958589
-0.724668 -0.540209  -0.42782    1.3126
        0         0         0         1

-0.029523 -0.590695  0.806355  0.274511
-0.688776  0.596633  0.411845  0.958245
-0.724372 -0.543239 -0.424471   1.31188
        0         0         0         1

-0.029523 -0.590695  0.806355  0.274511
-0.688776  0.596633  0.411845  0.958245
-0.724372 -0.543239 -0.424471   1.31188
        0         0         0         1

-0.0263928 -0.589514  0.807327  0.271098
 -0.68712  0.597278  0.413673  0.955396
-0.726065 -0.543812 -0.420831   1.31347
        0         0         0         1

-0.0263928 -0.589514  0.807327  0.271098
 -0.68712  0.597278  0.413673  0.955396
-0.726065 -0.543812 -0.420831   1.31347
        0         0         0         1

-0.017597 -0.575805  0.817397  0.270419
-0.689259  0.599211  0.407268  0.955049
-0.724301 -0.556232 -0.407423   1.31022
        0         0         0         1

-0.017597 -0.575805  0.817397  0.270419
-0.689259  0.599211  0.407268  0.955049
-0.724301 -0.556232 -0.407423   1.31022
        0         0         0         1

-0.0183943 -0.565483  0.824555  0.271499
-0.690278  0.603793  0.398685  0.955655
 -0.72331 -0.561839 -0.401447   1.30969
        0         0         0         1

-0.0183943 -0.565483  0.824555  0.271499
-0.690278  0.603793  0.398685  0.955655
 -0.72331 -0.561839 -0.401447   1.30969
        0         0         0         1

-0.0163797 -0.549285  0.835475  0.271803
-0.690281   0.61072  0.387986  0.956294
-0.723356 -0.570357 -0.389164   1.30972
        0         0         0         1

-0.0163797 -0.549285  0.835475  0.271803
-0.690281   0.61072  0.387986  0.956294
-0.723356 -0.570357 -0.389164   1.30972
        0         0         0         1

-0.0165697 -0.539472  0.841841  0.273481
-0.690092  0.615436  0.380803  0.957614
-0.723532 -0.574638 -0.382483   1.30955
        0         0         0         1

-0.0165697 -0.539472  0.841841  0.273481
-0.690092  0.615436  0.380803  0.957614
-0.723532 -0.574638 -0.382483   1.30955
        0         0         0         1

-0.0125025 -0.537634  0.843086  0.273203
-0.689227  0.615492  0.382277  0.958062
-0.724438 -0.576298 -0.378247   1.30916
        0         0         0         1

-0.0125025 -0.537634  0.843086  0.273203
-0.689227  0.615492  0.382277  0.958062
-0.724438 -0.576298 -0.378247   1.30916
        0         0         0         1

-0.0142717 -0.540738   0.84107   0.27301
-0.684708  0.618279  0.385884   0.95827
-0.728678  -0.57038 -0.379072   1.31088
        0         0         0         1

-0.0142717 -0.540738   0.84107   0.27301
-0.684708  0.618279  0.385884   0.95827
-0.728678  -0.57038 -0.379072   1.31088
        0         0         0         1

-0.0196862 -0.545149  0.838108  0.275818
 -0.67889  0.622678  0.389076  0.960361
-0.733976 -0.561324 -0.382354   1.31932
        0         0         0         1

-0.0196862 -0.545149  0.838108  0.275818
 -0.67889  0.622678  0.389076  0.960361
-0.733976 -0.561324 -0.382354   1.31932
        0         0         0         1

-0.0207604  -0.54981  0.835031   0.27498
-0.677267  0.622118  0.392783  0.962291
-0.735444 -0.557385 -0.385284   1.32982
        0         0         0         1

-0.0207604  -0.54981  0.835031   0.27498
-0.677267  0.622118  0.392783  0.962291
-0.735444 -0.557385 -0.385284   1.32982
        0         0         0         1

-0.0264197 -0.550526    0.8344  0.278393
-0.679958  0.621751  0.388693  0.967282
-0.732775 -0.557088 -0.390761   1.33743
        0         0         0         1

-0.0264197 -0.550526    0.8344  0.278393
-0.679958  0.621751  0.388693  0.967282
-0.732775 -0.557088 -0.390761   1.33743
        0         0         0         1

-0.0248151 -0.557568   0.82976  0.268138
 -0.68387  0.614887  0.392729  0.962859
-0.729182 -0.557702 -0.396563   1.34682
        0         0         0         1

-0.0248151 -0.557568   0.82976  0.268138
 -0.68387  0.614887  0.392729  0.962859
-0.729182 -0.557702 -0.396563   1.34682
        0         0         0         1

-0.039437 -0.552612  0.832505  0.279825
-0.694763  0.613965  0.374635  0.975403
-0.718157 -0.563619 -0.408147   1.36374
        0         0         0         1

-0.039437 -0.552612  0.832505  0.279825
-0.694763  0.613965  0.374635  0.975403
-0.718157 -0.563619 -0.408147   1.36374
        0         0         0         1

-0.0464734 -0.550726  0.833392  0.278593
-0.704938  0.609187  0.363255  0.977221
-0.707745 -0.570608 -0.416538   1.38002
        0         0         0         1

-0.0464734 -0.550726  0.833392  0.278593
-0.704938  0.609187  0.363255  0.977221
-0.707745 -0.570608 -0.416538   1.38002
        0         0         0         1

-0.0401403 -0.543139  0.838683   0.26835
-0.719435   0.59819  0.352961  0.975968
-0.693399  -0.58921 -0.414765   1.38823
        0         0         0         1

-0.0401403 -0.543139  0.838683   0.26835
-0.719435   0.59819  0.352961  0.975968
-0.693399  -0.58921 -0.414765   1.38823
        0         0         0         1

-0.0500694 -0.519946   0.85273   0.26905
-0.743935  0.589081  0.315507   0.98511
-0.666373 -0.618579 -0.416301    1.4113
        0         0         0         1

-0.0500694 -0.519946   0.85273   0.26905
-0.743935  0.589081  0.315507   0.98511
-0.666373 -0.618579 -0.416301    1.4113
        0         0         0         1

-0.0637462 -0.510328  0.857614  0.268773
-0.759183  0.582583   0.29024  0.990846
-0.647749 -0.632584  -0.42457   1.43509
        0         0         0         1

-0.0637462 -0.510328  0.857614  0.268773
-0.759183  0.582583   0.29024  0.990846
-0.647749 -0.632584  -0.42457   1.43509
        0         0         0         1

-0.0747782 -0.502908  0.861099  0.258778
 -0.78663  0.560467  0.259018  0.994734
 -0.61288 -0.657997 -0.437513   1.46919
        0         0         0         1

-0.0747782 -0.502908  0.861099  0.258778
 -0.78663  0.560467  0.259018  0.994734
 -0.61288 -0.657997 -0.437513   1.46919
        0         0         0         1

-0.0834537 -0.502356  0.860624  0.251436
-0.804921   0.54313  0.238979  0.994547
-0.587484 -0.672791 -0.449683   1.49024
        0         0         0         1

-0.0834537 -0.502356  0.860624  0.251436
-0.804921   0.54313  0.238979  0.994547
-0.587484 -0.672791 -0.449683   1.49024
        0         0         0         1

-0.0958822 -0.496963  0.862458  0.251807
-0.822125  0.528019  0.212855    1.0033
-0.561175 -0.688639 -0.459193    1.5117
        0         0         0         1

-0.0958822 -0.496963  0.862458  0.251807
-0.822125  0.528019  0.212855    1.0033
-0.561175 -0.688639 -0.459193    1.5117
        0         0         0         1

-0.110568 -0.493581  0.862643  0.253154
-0.839519  0.510955   0.18475   1.01557
 -0.53196 -0.703778 -0.470866   1.55977
        0         0         0         1

-0.110568 -0.493581  0.862643  0.253154
-0.839519  0.510955   0.18475   1.01557
 -0.53196 -0.703778 -0.470866   1.55977
        0         0         0         1

-0.123139 -0.483498  0.866641  0.263342
-0.854718  0.495426  0.154953   1.03055
-0.504276 -0.721652 -0.474261   1.58456
        0         0         0         1

-0.123139 -0.483498  0.866641  0.263342
-0.854718  0.495426  0.154953   1.03055
-0.504276 -0.721652 -0.474261   1.58456
        0         0         0         1

 -0.10805 -0.483821  0.868471  0.254893
-0.873111  0.463928  0.149824   1.04013
-0.475396 -0.742084 -0.472557   1.62573
        0         0         0         1

 -0.10805 -0.483821  0.868471  0.254893
-0.873111  0.463928  0.149824   1.04013
-0.475396 -0.742084 -0.472557   1.62573
        0         0         0         1

-0.0986449 -0.487866  0.867327  0.250987
 -0.88408  0.443058  0.148667   1.04813
-0.456806 -0.752121 -0.475018   1.65798
        0         0         0         1

-0.0986449 -0.487866  0.867327  0.250987
 -0.88408  0.443058  0.148667   1.04813
-0.456806 -0.752121 -0.475018   1.65798
        0         0         0         1

-0.0977729  -0.49198  0.865099  0.258619
-0.906719  0.402365  0.126347   1.07494
-0.410246 -0.772048 -0.485427   1.69393
        0         0         0         1

-0.0977729  -0.49198  0.865099  0.258619
-0.906719  0.402365  0.126347   1.07494
-0.410246 -0.772048 -0.485427   1.69393
        0         0         0         1

-0.106677 -0.501737  0.858417  0.269496
-0.913775  0.389812  0.114285   1.09242
-0.391963 -0.772209 -0.500058   1.73401
        0         0         0         1

-0.106677 -0.501737  0.858417  0.269496
-0.913775  0.389812  0.114285   1.09242
-0.391963 -0.772209 -0.500058   1.73401
        0         0         0         1

-0.0943617 -0.513065  0.853147  0.263507
-0.928717  0.354038  0.110191   1.10653
-0.358581 -0.781935   -0.5099   1.75101
        0         0         0         1

-0.0943617 -0.513065  0.853147  0.263507
-0.928717  0.354038  0.110191   1.10653
-0.358581 -0.781935   -0.5099   1.75101
        0         0         0         1

-0.102957 -0.536123  0.837838  0.283895
-0.941466  0.324351 0.0918568   1.14294
   -0.321 -0.779339 -0.538136   1.79698
        0         0         0         1

-0.102957 -0.536123  0.837838  0.283895
-0.941466  0.324351 0.0918568   1.14294
   -0.321 -0.779339 -0.538136   1.79698
        0         0         0         1

-0.0964775 -0.546593  0.831822  0.283942
-0.949266   0.30184  0.088241   1.16101
-0.299309 -0.781107 -0.547983   1.82846
        0         0         0         1

-0.0964775 -0.546593  0.831822  0.283942
-0.949266   0.30184  0.088241   1.16101
-0.299309 -0.781107 -0.547983   1.82846
        0         0         0         1

-0.0832569 -0.563494  0.821914  0.287116
-0.960036  0.266509  0.085467   1.18978
-0.267208 -0.781951 -0.563163    1.8725
        0         0         0         1

-0.0832569 -0.563494  0.821914  0.287116
-0.960036  0.266509  0.085467   1.18978
-0.267208 -0.781951 -0.563163    1.8725
        0         0         0         1

-0.0789015 -0.567483  0.819596  0.296727
-0.967447  0.241904 0.0743576   1.21683
 -0.24046 -0.787049 -0.568096   1.89361
        0         0         0         1

