 -0.282254  -0.644415   0.710677   0.506589
 -0.928603    0.36954 -0.0337203    1.05964
 -0.240894  -0.669454   -0.70271    2.18261
         0          0          0          1

 -0.275462  -0.645602   0.712263   0.500446
 -0.925103   0.379463 -0.0138274    1.03978
 -0.261351  -0.662725  -0.701777    2.17419
         0          0          0          1

 -0.266803  -0.641386   0.719333   0.491943
 -0.921782   0.387691 0.00378843     1.0209
 -0.281309  -0.662057  -0.694655    2.14999
         0          0          0          1

-0.261638 -0.639553  0.722854  0.488959
-0.915942  0.400653 0.0229559   1.00417
-0.304295 -0.656086  -0.69062   2.13977
        0         0         0         1

-0.243966 -0.635523  0.732523  0.473064
-0.905611  0.419504  0.062341  0.966058
-0.346915 -0.648172 -0.677881   2.10321
        0         0         0         1

-0.243191 -0.634557  0.733618  0.473495
-0.899761  0.430104 0.0737604  0.953528
-0.362337 -0.642143 -0.675547   2.08901
        0         0         0         1

 -0.24407 -0.630633  0.736703  0.470179
-0.892531   0.44316 0.0836578  0.937216
-0.379235 -0.637112 -0.671021   2.06656
        0         0         0         1

-0.247981  -0.62772  0.737884  0.473136
-0.886795  0.453717 0.0879538  0.928922
-0.390001 -0.632541 -0.669172   2.04922
        0         0         0         1

-0.234022 -0.622058   0.74718  0.468756
-0.878361  0.464738  0.111804  0.910178
-0.416791 -0.630129 -0.655151   2.03008
        0         0         0         1

-0.232148 -0.612842  0.755336   0.46931
-0.870547  0.477303  0.119704  0.896903
-0.433884 -0.629766 -0.644313   2.01887
        0         0         0         1

 -0.23511 -0.592734  0.770318  0.467576
-0.857622  0.499463  0.122564  0.871207
-0.457393 -0.631825  -0.62577   1.98023
        0         0         0         1

-0.242307 -0.588005  0.771711  0.466532
-0.851774  0.509754  0.120961  0.859392
-0.464509 -0.628014 -0.624364   1.96648
        0         0         0         1

-0.245226 -0.583429  0.774258  0.463148
-0.841488  0.524687   0.12885   0.84262
-0.481418 -0.619931 -0.619615   1.95259
        0         0         0         1

-0.248126 -0.583627  0.773183  0.463967
-0.835188  0.533263  0.134502  0.832566
 -0.49081  -0.61238 -0.619755    1.9383
        0         0         0         1

-0.246627 -0.581558  0.775219  0.466022
 -0.82186  0.549399  0.150686  0.812843
-0.513538 -0.599959 -0.613456   1.89983
        0         0         0         1

-0.248372 -0.582355  0.774063  0.469261
-0.815166  0.557335  0.157743  0.805935
-0.523275 -0.591811 -0.613142   1.88473
        0         0         0         1

-0.242515 -0.583681  0.774922  0.467048
-0.807263  0.564422  0.172494  0.793047
-0.538064 -0.583733 -0.608064   1.86543
        0         0         0         1

-0.239967 -0.586876    0.7733  0.466179
-0.799316  0.571502  0.185687  0.782658
-0.550917 -0.573552 -0.606241   1.85552
        0         0         0         1

-0.230396 -0.588375  0.775069  0.463129
-0.789384  0.578765  0.204704  0.768501
-0.569025 -0.564665 -0.597799   1.83855
        0         0         0         1

-0.231595  -0.58574  0.776707  0.467038
-0.782188  0.586829  0.209318  0.763523
  -0.5784 -0.559053 -0.594065   1.82596
        0         0         0         1

-0.226299 -0.583298  0.780097  0.468201
-0.763992  0.603098  0.229325  0.744777
 -0.60424 -0.544092 -0.582115   1.79425
        0         0         0         1

-0.223589 -0.582054  0.781806  0.468723
-0.757642  0.608402  0.236275  0.738642
-0.613177 -0.539501 -0.577021   1.77996
        0         0         0         1

-0.222013 -0.582733   0.78175  0.469657
-0.747942  0.616145  0.246876  0.730205
-0.625534 -0.529894 -0.572642   1.76327
        0         0         0         1

-0.225412 -0.579436  0.783226  0.473893
-0.740607  0.624233  0.248665  0.725827
-0.633001 -0.524011 -0.569844   1.74982
        0         0         0         1

-0.226668 -0.580267  0.782248  0.477025
-0.720034  0.640679  0.266611  0.712585
-0.655875 -0.502814 -0.563033   1.72155
        0         0         0         1

-0.224432 -0.578912  0.783895  0.477966
-0.712455    0.6463  0.273319  0.706879
-0.664859 -0.497149 -0.557499   1.70954
        0         0         0         1

-0.225134 -0.575449   0.78624  0.481073
-0.704522  0.653558  0.276604  0.702359
-0.673025 -0.491651 -0.552555   1.69322
        0         0         0         1

-0.219916 -0.577179  0.786449  0.478646
-0.696046  0.657686  0.288043  0.695364
-0.683489 -0.484059 -0.546379   1.68365
        0         0         0         1

-0.219767 -0.577051  0.786584  0.480254
-0.685614  0.664952  0.296263  0.689199
-0.693999 -0.474185 -0.541769   1.67173
        0         0         0         1

-0.218091 -0.575775  0.787984  0.479906
-0.679723  0.668995  0.300703  0.685291
-0.700295  -0.47003 -0.537269   1.66086
        0         0         0         1

-0.212857 -0.569788  0.793747  0.481921
-0.667461  0.678071  0.307759  0.677187
-0.713574 -0.464286 -0.524643   1.63451
        0         0         0         1

-0.208766 -0.569842  0.794794   0.48185
-0.662383  0.680295  0.313764  0.673327
 -0.71949 -0.460955 -0.519476   1.62566
        0         0         0         1

-0.205398 -0.568346   0.79674  0.483842
-0.658192  0.682708  0.317322  0.670405
-0.724289 -0.459231 -0.514308   1.61207
        0         0         0         1

-0.204677 -0.569506  0.796097  0.485359
-0.654325  0.684495  0.321442  0.667507
-0.727988 -0.455114 -0.512743   1.60384
        0         0         0         1

-0.202862 -0.577847  0.790531  0.487661
-0.646025  0.685672  0.335419  0.659671
-0.735866 -0.442659 -0.512401   1.58608
        0         0         0         1

 -0.20318 -0.579811   0.78901  0.489652
-0.642703  0.686899  0.339269  0.657563
-0.738682 -0.438167  -0.51221    1.5791
        0         0         0         1

-0.202915 -0.582197   0.78732  0.491269
-0.639491  0.687689  0.343707  0.654273
-0.741536 -0.433741 -0.511852   1.56994
        0         0         0         1

-0.201587 -0.583166  0.786943  0.492197
-0.636508   0.68866  0.347282  0.651873
 -0.74446 -0.430889 -0.510015   1.56339
        0         0         0         1

-0.198973 -0.582221  0.788307  0.494577
-0.633093   0.69038  0.350099  0.649057
-0.748066 -0.429411 -0.505967   1.55512
        0         0         0         1

-0.193848 -0.583082  0.788948  0.493444
-0.633862   0.68824   0.35291  0.646089
 -0.74876 -0.431673 -0.503007   1.54758
        0         0         0         1

-0.187048 -0.577567  0.794625  0.494788
-0.630624  0.690818  0.353672  0.640959
-0.753211 -0.434956 -0.493443   1.53211
        0         0         0         1

-0.188587 -0.574359  0.796584  0.498321
-0.628079    0.6941   0.35177  0.640199
-0.754951 -0.433979 -0.491641   1.52858
        0         0         0         1

-0.187728 -0.571482  0.798853  0.500587
 -0.62436  0.697282  0.352098  0.638189
-0.758244 -0.432673  -0.48771   1.52306
        0         0         0         1

-0.185171 -0.572824  0.798489  0.499576
-0.622498  0.697102  0.355732  0.635272
-0.760399 -0.431186 -0.485665   1.51975
        0         0         0         1

-0.181008 -0.574323  0.798367  0.499782
-0.617288  0.698306  0.362388  0.630021
-0.765632 -0.427227 -0.480921   1.51038
        0         0         0         1

-0.179931 -0.574651  0.798374  0.500596
-0.615806  0.698708  0.364129   0.62822
-0.767077 -0.426125 -0.479593   1.50561
        0         0         0         1

-0.176544 -0.575703  0.798372  0.499736
-0.612916  0.698965  0.368487  0.625604
-0.770173 -0.424281 -0.476256   1.49996
        0         0         0         1

-0.180563 -0.572949  0.799454  0.503685
-0.610445    0.7026  0.365663  0.626637
-0.771203 -0.421998 -0.476617   1.49651
        0         0         0         1

-0.178498 -0.573443  0.799563  0.501747
-0.608286  0.703034  0.368417   0.62391
-0.773387 -0.420601 -0.474307   1.49172
        0         0         0         1

-0.180918 -0.571348  0.800519   0.50387
-0.605402  0.706163  0.367182  0.623998
-0.775085 -0.418206 -0.473652    1.4894
        0         0         0         1

 -0.18291 -0.566961  0.803181  0.505222
-0.602635  0.710142  0.364046  0.622617
-0.776772 -0.417437 -0.471562   1.48123
        0         0         0         1

-0.184206 -0.566209  0.803415  0.504822
-0.601516  0.711398  0.363445  0.621746
-0.777333 -0.416318 -0.471628   1.47942
        0         0         0         1

-0.186335 -0.564767  0.803938    0.5055
-0.601575   0.71253  0.361121  0.622102
 -0.77678 -0.416339 -0.472519   1.47556
        0         0         0         1

-0.184998 -0.566604  0.802954  0.502791
-0.600204  0.712111  0.364215  0.619425
-0.778158 -0.414557 -0.471818   1.47573
        0         0         0         1

-0.179489  -0.56607   0.80458  0.501409
-0.603625  0.709176  0.364289  0.619359
-0.776802 -0.420278 -0.468983   1.46792
        0         0         0         1

-0.177483 -0.566579  0.804666  0.500964
-0.605128  0.707637  0.364788  0.619374
-0.776093 -0.422182 -0.468446   1.46775
        0         0         0         1

-0.174739 -0.565847  0.805781  0.502287
-0.607539  0.705971  0.364007  0.620034
-0.774831 -0.425937 -0.467135   1.46741
        0         0         0         1

-0.170802 -0.564463  0.807594  0.503313
 -0.61087  0.703767  0.362698  0.620515
-0.773088 -0.431385 -0.465018    1.4664
        0         0         0         1

-0.162873 -0.562694  0.810462  0.503027
-0.614962   0.70025   0.36259  0.620248
-0.771553 -0.439347 -0.460087   1.46635
        0         0         0         1

-0.156489 -0.561665  0.812431  0.502943
-0.617778  0.697458  0.363184  0.620106
-0.770624 -0.445068 -0.456129    1.4663
        0         0         0         1

-0.143119  -0.55795   0.81744  0.502608
 -0.62888  0.689033  0.360199  0.621695
-0.764216 -0.462521 -0.449497   1.46479
        0         0         0         1

-0.140727 -0.554795  0.819999  0.502633
-0.630308   0.68891   0.35793  0.622776
-0.763484 -0.466482  -0.44664   1.46501
        0         0         0         1

-0.135028 -0.549879  0.824258  0.502498
-0.631947  0.688514  0.355797  0.623999
-0.763158 -0.472845 -0.440463   1.46563
        0         0         0         1

-0.130565 -0.546583  0.827164  0.502495
-0.634478  0.687155  0.353916  0.624901
-0.761834 -0.478608 -0.436513   1.46569
        0         0         0         1

-0.129485  -0.54194  0.830382  0.504269
-0.638433  0.686325  0.348369  0.629463
-0.758707 -0.485035 -0.434861   1.46816
        0         0         0         1

-0.127001 -0.539772  0.832176  0.503707
-0.640251  0.685397  0.346856  0.631221
-0.757594 -0.488751 -0.432636   1.46954
        0         0         0         1

-0.122416 -0.535835  0.835401  0.502317
-0.643502  0.683678  0.344223   0.63393
-0.755592 -0.495444 -0.428504   1.47154
        0         0         0         1

-0.120243  -0.53207  0.838119  0.501725
-0.644774  0.683797  0.341596  0.636247
-0.754856 -0.499323 -0.425286   1.47441
        0         0         0         1

-0.114207 -0.527399  0.841907    0.4999
-0.649674  0.680776  0.338331  0.639291
-0.751585 -0.508325 -0.420387   1.47631
        0         0         0         1

 -0.11076 -0.522187  0.845608  0.498661
-0.652744  0.679824  0.334312  0.642271
-0.749438 -0.514937 -0.416152   1.47844
        0         0         0         1

 -0.10003 -0.511276  0.853575  0.493725
-0.661153  0.675248  0.326981    0.6479
-0.743553 -0.531636 -0.405576   1.48608
        0         0         0         1

-0.0967173 -0.505654  0.857298  0.493278
-0.665568  0.673286  0.322032  0.651615
-0.740044 -0.539444 -0.401665   1.48946
        0         0         0         1

-0.0937422 -0.499812  0.861046  0.492025
 -0.67238  0.669608  0.315485  0.656266
-0.734247 -0.549376 -0.398834   1.49463
        0         0         0         1

-0.0926652 -0.493715  0.864672   0.49261
-0.676657  0.668291  0.309068  0.660669
-0.730444 -0.556447 -0.396003   1.49976
        0         0         0         1

-0.0852478  -0.48236  0.871815   0.48988
-0.690493  0.659409  0.297321  0.670396
-0.718299 -0.576636 -0.389279   1.51177
        0         0         0         1

-0.0807377 -0.477177  0.875091  0.488339
 -0.69852  0.653379  0.291833  0.674303
-0.711021 -0.587706  -0.38607   1.51589
        0         0         0         1

-0.0705405 -0.474199  0.877587  0.483949
-0.707709  0.643797  0.290986  0.678782
-0.702974  -0.60055 -0.381009   1.52195
        0         0         0         1

-0.0691134 -0.471249  0.879288  0.482995
 -0.71494  0.638109  0.285795  0.683395
-0.695762 -0.608886 -0.381016   1.52877
        0         0         0         1

-0.0612453 -0.469518  0.880796  0.480413
-0.723504  0.628797  0.284879  0.688874
-0.687597 -0.619812  -0.37821   1.53876
        0         0         0         1

-0.0583554 -0.466942  0.882361  0.479394
-0.731227  0.621724  0.280654  0.694052
-0.679633 -0.628828 -0.377721    1.5457
        0         0         0         1

-0.0516752 -0.462901  0.884903  0.478567
-0.750158  0.602914  0.271583  0.708744
-0.659237 -0.649783 -0.378404   1.56461
        0         0         0         1

-0.0421292 -0.464898  0.884362  0.473367
 -0.75796   0.59156  0.274868  0.712137
-0.650939 -0.658731 -0.377296   1.57255
        0         0         0         1

-0.0392735  -0.46278  0.885603  0.472483
 -0.76997  0.578901  0.268365  0.721619
-0.636871 -0.671348 -0.379062   1.58151
        0         0         0         1

-0.0344173 -0.463171  0.885601  0.469766
-0.777076  0.569632  0.267719  0.727028
-0.628465 -0.678965 -0.379524    1.5897
        0         0         0         1

-0.0263529 -0.463715  0.885593  0.467955
-0.797498  0.543911  0.261072  0.745101
-0.602746 -0.699378 -0.384145   1.61255
        0         0         0         1

-0.0224885 -0.462873  0.886139  0.465305
-0.805028  0.533963  0.258484  0.752071
-0.592811 -0.707554 -0.384634   1.62295
        0         0         0         1

-0.0157874 -0.461445  0.887028  0.461691
-0.814189  0.520879  0.256478  0.761641
-0.580385  -0.71816 -0.383927   1.63643
        0         0         0         1

-0.0159754 -0.460303  0.887618  0.462212
-0.820954  0.512794  0.251151  0.770383
-0.570771 -0.724681  -0.38608   1.64851
        0         0         0         1

-0.0103564 -0.457916  0.888935  0.459473
-0.832323  0.496643  0.246138  0.782025
-0.554194 -0.737332 -0.386277      1.66
        0         0         0         1

-0.00438367 -0.456027  0.889955  0.455191
-0.839606  0.485092  0.244433  0.789555
-0.543179  -0.74614  -0.38501   1.67005
        0         0         0         1

-0.00320088 -0.448143  0.893956   0.45579
-0.857029  0.461853  0.228459  0.814847
-0.515258 -0.765415  -0.38555   1.69644
        0         0         0         1

-0.00254141 -0.449212  0.893422  0.454013
-0.863945  0.450898  0.224254  0.824318
-0.503579 -0.771297 -0.389241     1.709
        0         0         0         1

0.00132404 -0.443219  0.896413  0.452336
-0.874439  0.434368  0.216059  0.838761
-0.485134 -0.784144 -0.386992   1.72009
        0         0         0         1

0.00302621 -0.440922   0.89754  0.451442
-0.881448   0.42271  0.210631  0.850378
-0.472271 -0.791773 -0.387371   1.73101
        0         0         0         1

0.0066498  -0.43862  0.898648  0.448097
-0.895908  0.396575  0.200194  0.875702
-0.444191 -0.806437 -0.390326   1.76199
        0         0         0         1

0.00698413 -0.438404  0.898751  0.448071
-0.900959  0.387181  0.195865  0.887035
-0.433847 -0.811106  -0.39228   1.77613
        0         0         0         1

0.00837716 -0.434421  0.900671  0.445702
-0.909455  0.371142  0.187472   0.90264
-0.415719  -0.82069 -0.391977   1.78843
        0         0         0         1

0.00225354 -0.434624  0.900609  0.448203
-0.916135  0.360127  0.176085  0.916429
-0.400865 -0.825476 -0.397362   1.80064
        0         0         0         1

0.000941463 -0.432223  0.901766  0.447139
-0.922893  0.346854  0.167213   0.93328
-0.385055 -0.832391 -0.398569   1.81583
        0         0         0         1

0.0072486 -0.431694  0.901991  0.440321
-0.926858  0.335673  0.168102  0.942295
-0.375343 -0.837236 -0.397686   1.83032
        0         0         0         1

-0.00801504 -0.424652  0.905321  0.446191
 -0.94181  0.307458  0.135879  0.980614
-0.336049 -0.851552 -0.402406     1.856
        0         0         0         1

-0.0104582 -0.419695  0.907605  0.445989
-0.946701  0.296386  0.126146  0.994021
-0.321944 -0.857911 -0.400425    1.8661
        0         0         0         1

-0.00511275 -0.413832  0.910339  0.436304
-0.952543  0.279094  0.121524   1.00791
 -0.30436 -0.866516 -0.395619   1.88168
        0         0         0         1

-0.0109501 -0.413325  0.910518  0.441208
-0.956284  0.270447  0.111267   1.02265
-0.292236 -0.869495 -0.398217   1.89476
        0         0         0         1

-0.028455  -0.40536  0.913714  0.449276
-0.965884  0.246538 0.0792943   1.06147
-0.257408 -0.880286 -0.398545   1.92235
        0         0         0         1

-0.0337532 -0.404109  0.914088  0.446899
-0.967958  0.240932 0.0707713   1.07411
-0.248832  -0.88241 -0.399293   1.93892
        0         0         0         1

-0.0360758 -0.395757  0.917646  0.443235
-0.974673  0.216728 0.0551512   1.09473
-0.220706 -0.892416 -0.393552   1.93937
        0         0         0         1

-0.0446499 -0.393606  0.918194  0.444895
-0.977669  0.206148 0.0408283     1.113
-0.205354 -0.895867 -0.394021   1.94727
        0         0         0         1

-0.0506834 -0.394539   0.91748  0.444479
-0.981446  0.189772 0.0273897   1.13359
-0.184919 -0.899069 -0.396837   1.96096
        0         0         0         1

-0.0625646 -0.399872  0.914433  0.450998
-0.982719  0.184611 0.0134918   1.14969
-0.174209 -0.897787 -0.404512   1.97338
        0         0         0         1

-0.0693739  -0.409426   0.909702   0.442811
 -0.985109   0.171915 0.00224869    1.18183
 -0.157312     -0.896  -0.415256    2.00446
         0          0          0          1

-0.0807083  -0.419964   0.903945   0.448546
 -0.985897   0.167027 -0.0104261    1.19855
 -0.146605  -0.892038  -0.427522    2.01715
         0          0          0          1

