 0.334329 -0.779933  0.529083  0.624199
-0.857021 -0.485151 -0.173618   1.07694
 0.392096  -0.39539 -0.830619   2.02693
        0         0         0         1

 0.341896 -0.776093  0.529894   0.62473
-0.860289 -0.485399 -0.155852   1.05906
 0.378166 -0.402577  -0.83362   2.02333
        0         0         0         1

 0.345606 -0.775232  0.528745  0.634717
-0.866562 -0.479857 -0.137139   1.03959
 0.360036 -0.410794 -0.837629   2.02058
        0         0         0         1

 0.347525 -0.769514  0.535793  0.632549
-0.868856 -0.479133 -0.124581   1.02362
 0.352583 -0.422232 -0.835108   2.01273
        0         0         0         1

  0.350344  -0.762067    0.54453   0.642239
  -0.88033  -0.466432 -0.0863764   0.982941
  0.319811  -0.449104  -0.834282    2.00446
         0          0          0          1

  0.352749  -0.760564   0.545079   0.644414
 -0.884739  -0.460749 -0.0703349   0.967618
  0.304639  -0.457442  -0.835429    1.99831
         0          0          0          1

  0.358414  -0.753989   0.550491   0.642006
  -0.88787  -0.457523 -0.0485784   0.946556
   0.28849  -0.471353  -0.833427    1.98602
         0          0          0          1

 0.357107 -0.752348  0.553577  0.645691
-0.893264 -0.448316 -0.033056  0.932565
 0.273047 -0.482686 -0.832142   1.98088
        0         0         0         1

   0.358112   -0.746502    0.560795    0.646043
   -0.89975    -0.43636 -0.00629793    0.909943
    0.24941    -0.50232   -0.827931     1.97382
          0           0           0           1

  0.357315  -0.742091   0.567122   0.647651
 -0.903317  -0.428901 0.00790872   0.896382
   0.23737  -0.515117  -0.823596    1.96468
         0          0          0          1

 0.352278 -0.731994  0.583168  0.653859
-0.914308 -0.402232 0.0474303  0.860188
  0.19985 -0.549904 -0.810966   1.94743
        0         0         0         1

  0.35515 -0.726011  0.588877  0.651447
-0.916566 -0.394287  0.066672  0.844487
 0.183782 -0.563423 -0.805468   1.94068
        0         0         0         1

  0.35577 -0.721375  0.594177  0.653573
-0.921066 -0.378344 0.0921603  0.823985
 0.158321 -0.580064 -0.799037   1.93383
        0         0         0         1

 0.354909 -0.717022  0.599932  0.653813
-0.923145 -0.370218  0.103643  0.811643
 0.147791 -0.590608 -0.793309   1.92271
        0         0         0         1

 0.354547 -0.710673  0.607651  0.657631
 -0.92946 -0.338745  0.146137  0.775814
 0.101984 -0.616599 -0.780644   1.90608
        0         0         0         1

 0.352746 -0.709788   0.60973  0.659987
-0.931596   -0.3275  0.157711  0.763737
 0.087745 -0.623654  -0.77676   1.89616
        0         0         0         1

 0.350619 -0.709482  0.611312  0.662842
-0.934297 -0.309915  0.176185  0.748262
0.0644545 -0.632921 -0.771529   1.88432
        0         0         0         1

  0.35097  -0.70607   0.61505  0.661861
-0.935039 -0.299491  0.189756  0.736048
0.0502211 -0.641694 -0.765315   1.87455
        0         0         0         1

 0.348171 -0.705876  0.616859  0.664741
-0.937176 -0.277461  0.211465  0.718859
0.0218857 -0.651732 -0.758134   1.86371
        0         0         0         1

 0.346877 -0.704786  0.618832  0.665731
-0.937905 -0.262997  0.226203  0.706773
0.00332617  -0.65887  -0.75225   1.85535
        0         0         0         1

 0.343265 -0.697573  0.628936  0.666828
-0.938619 -0.230451  0.256684  0.677718
-0.034117 -0.678442 -0.733861   1.83127
        0         0         0         1

 0.341112 -0.692613  0.635554  0.667055
-0.938887 -0.217806  0.266555  0.667257
-0.0461918 -0.687639 -0.724582   1.82082
        0         0         0         1

 0.335478 -0.690019  0.641349  0.669257
-0.939637 -0.196423  0.280178  0.652708
-0.0673522 -0.696629 -0.714263   1.80975
        0         0         0         1

 0.333479 -0.687207  0.645398  0.669655
-0.939281  -0.18345  0.289996  0.641826
-0.0808891 -0.702917 -0.706657   1.80049
        0         0         0         1

 0.319665 -0.689779   0.64963  0.673298
 -0.94099 -0.150681  0.303041  0.617916
-0.111145 -0.708167 -0.697242   1.77629
        0         0         0         1

 0.315789 -0.691404  0.649799  0.673312
-0.940857 -0.139585  0.308715  0.608235
-0.122745 -0.708856 -0.694591   1.76766
        0         0         0         1

  0.30758 -0.693112  0.651913  0.674569
 -0.94186 -0.124385  0.312135  0.597181
-0.135256 -0.710017 -0.691072   1.75321
        0         0         0         1

 0.301198 -0.697968  0.649708  0.676177
-0.941646 -0.110334  0.318008  0.588117
-0.150274 -0.707578 -0.690471   1.74574
        0         0         0         1

  0.292783  -0.701571   0.649675   0.677297
 -0.941566 -0.0932075   0.323674   0.576845
 -0.166526  -0.706478  -0.687865    1.73304
         0          0          0          1

  0.287542  -0.704365   0.648991   0.678025
 -0.940945 -0.0813054   0.328653   0.568961
 -0.178725  -0.705166  -0.686147    1.72314
         0          0          0          1

  0.273904  -0.712614   0.645877   0.678811
 -0.937711 -0.0486447   0.343994   0.549174
 -0.213717  -0.699867   -0.68155    1.69959
         0          0          0          1

  0.268837  -0.715553   0.644757   0.679011
 -0.936389 -0.0373618   0.348971   0.542118
 -0.225618  -0.697559   -0.68008    1.68933
         0          0          0          1

  0.258391  -0.722602   0.641155   0.681163
 -0.935183 -0.0206977   0.353559   0.533194
 -0.242212  -0.690954  -0.681113    1.67711
         0          0          0          1

    0.2499   -0.72625   0.640398   0.682459
 -0.935659 -0.0109181   0.352737   0.527353
 -0.249183  -0.687343  -0.682251    1.66724
         0          0          0          1

 0.228482 -0.741251  0.631144   0.68625
-0.934937 0.0137008   0.35455  0.513506
-0.271458 -0.671088 -0.689893   1.64469
        0         0         0         1

 0.223268 -0.746677  0.626598  0.687115
-0.932454 0.0237153  0.360509  0.507533
-0.284044 -0.664764 -0.690947   1.63712
        0         0         0         1

 0.216522 -0.752162  0.622391  0.688494
-0.930035 0.0349645  0.365803  0.500886
-0.296904  -0.65805 -0.691967    1.6254
        0         0         0         1

  0.20965 -0.756658  0.619286  0.690571
-0.929248 0.0428687  0.366961  0.497155
-0.304212 -0.652404 -0.694136   1.61682
        0         0         0         1

 0.204401 -0.759696  0.617319  0.691599
-0.927993 0.0503122  0.369184  0.491601
-0.311526  -0.64833 -0.694709   1.60572
        0         0         0         1

 0.199719 -0.760305  0.618101  0.693077
-0.927714 0.0563072  0.369022  0.488216
-0.315373 -0.647121   -0.6941   1.59795
        0         0         0         1

 0.190995 -0.757929  0.623751  0.696558
-0.927436  0.068809  0.367596   0.48067
-0.321531 -0.648698 -0.689788   1.57908
        0         0         0         1

  0.19115 -0.757068  0.624748  0.697983
-0.926669 0.0706773  0.369174   0.47803
-0.323645 -0.649502 -0.688041   1.57202
        0         0         0         1

 0.191041 -0.756158  0.625882  0.699856
-0.926107 0.0724699  0.370235  0.474877
-0.325313 -0.650364 -0.686438   1.56291
        0         0         0         1

 0.190996 -0.756501  0.625481   0.70219
-0.925385 0.0737589  0.371783   0.47303
-0.327389 -0.649819 -0.685967   1.55714
        0         0         0         1

 0.197294 -0.754682  0.625723  0.706322
-0.923294 0.0715179  0.377378  0.467708
-0.329551 -0.652181 -0.682684   1.54307
        0         0         0         1

 0.199922 -0.752586  0.627412  0.707629
-0.923029 0.0701622  0.378279   0.46599
-0.328708 -0.654746 -0.680632   1.53821
        0         0         0         1

 0.202474 -0.748481  0.631491  0.710601
-0.923736 0.0681241  0.376922   0.46476
-0.325138 -0.659648 -0.677606    1.5308
        0         0         0         1

 0.204979 -0.744808  0.635016  0.712274
 -0.92394  0.066851  0.376651  0.463687
-0.322984 -0.663922 -0.674455   1.52603
        0         0         0         1

 0.209365   -0.7397  0.639539  0.715027
-0.923303 0.0658216  0.378391  0.462251
-0.321991  -0.66971 -0.669186   1.51992
        0         0         0         1

 0.213807 -0.735248  0.643193  0.716219
-0.922129 0.0654188   0.38131  0.461106
-0.322435 -0.674634 -0.664007   1.51535
        0         0         0         1

 0.225052 -0.722488   0.65373  0.720462
 -0.91876 0.0660218  0.389256  0.459434
-0.324393 -0.688224 -0.648935   1.50374
        0         0         0         1

 0.228717 -0.717881  0.657522  0.722098
-0.918088 0.0655482  0.390919  0.459026
-0.323733 -0.693073 -0.644086   1.49964
        0         0         0         1

 0.233342 -0.710962  0.663388  0.724177
-0.917499 0.0650045   0.39239  0.458474
-0.322097 -0.700219 -0.637139   1.49393
        0         0         0         1

 0.236167 -0.706356  0.667298   0.72519
-0.916907 0.0653755   0.39371  0.458008
-0.321724 -0.704832 -0.632223   1.49052
        0         0         0         1

 0.244321 -0.692817  0.678462  0.726838
-0.915597 0.0656053  0.396709  0.456848
-0.319358 -0.718123 -0.618313   1.48056
        0         0         0         1

 0.247269 -0.687179  0.683112  0.727183
-0.914815 0.0667781  0.398315  0.456203
-0.319331 -0.723412 -0.612129   1.47744
        0         0         0         1

 0.248831 -0.679184  0.690502  0.728455
-0.915214 0.0684288  0.397116  0.456214
-0.316965 -0.730771 -0.604571   1.47235
        0         0         0         1

 0.250399 -0.673329  0.695649  0.729155
-0.915562 0.0688857  0.396233  0.456331
-0.314715 -0.736127 -0.599226   1.46898
        0         0         0         1

   0.2521 -0.667714  0.700431  0.729748
-0.915597 0.0697205  0.396006  0.456094
-0.313253 -0.741145 -0.593781   1.46515
        0         0         0         1

 0.254444 -0.664595  0.702547  0.729983
  -0.9154 0.0688041  0.396621  0.455867
 -0.31193 -0.744029 -0.590864   1.46207
        0         0         0         1

 0.259395 -0.664324  0.700991  0.732018
-0.914375 0.0646931  0.399665  0.455511
-0.310857  -0.74464  -0.59066   1.45515
        0         0         0         1

 0.261548 -0.666131  0.698471  0.733401
-0.913565 0.0626475  0.401839  0.455666
-0.311435 -0.743199 -0.592169   1.45253
        0         0         0         1

 0.264111 -0.670059  0.693734  0.735465
-0.912102 0.0603139  0.405502  0.455628
-0.313552 -0.739854 -0.595232   1.44933
        0         0         0         1

 0.267525 -0.673303   0.68927  0.736148
-0.910573 0.0572681  0.409361  0.455222
-0.315097 -0.737146 -0.597771   1.44688
        0         0         0         1

 0.272223 -0.676992  0.683795  0.739214
 -0.90752 0.0555785  0.416315  0.455072
-0.319846 -0.733889 -0.599254   1.44171
        0         0         0         1

 0.274075 -0.675407  0.684623  0.739689
-0.906131 0.0571383   0.41912  0.454709
-0.322195 -0.735228 -0.596347   1.44007
        0         0         0         1

 0.276979 -0.670306  0.688457  0.740189
-0.904358 0.0602479    0.4225  0.454219
-0.324682 -0.739635 -0.589509   1.43701
        0         0         0         1

 0.278624 -0.665611  0.692337  0.740205
-0.903245 0.0633659  0.424421  0.453897
 -0.32637 -0.743603 -0.583555   1.43522
        0         0         0         1

 0.282225 -0.655965  0.700042  0.739452
-0.901292 0.0686958   0.42773   0.45271
-0.328666 -0.751658 -0.571829   1.43352
        0         0         0         1

 0.284312 -0.647464  0.707076  0.739776
-0.900589 0.0725678  0.428572  0.452318
-0.328796 -0.758633 -0.562467   1.43215
        0         0         0         1

 0.285587 -0.632274  0.720187  0.741134
-0.900807 0.0793809  0.426901    0.4515
-0.327088 -0.770667 -0.546887   1.43199
        0         0         0         1

 0.287238 -0.628146  0.723137  0.741654
 -0.90075 0.0796481  0.426973  0.450988
-0.325798 -0.774008 -0.542925   1.43226
        0         0         0         1

 0.288005 -0.624258  0.726192  0.743397
 -0.90112 0.0799753   0.42613  0.450808
-0.324092 -0.777114 -0.539498   1.43277
        0         0         0         1

  0.28904 -0.622878  0.726966  0.744504
-0.901369 0.0787247  0.425836   0.45069
-0.322474 -0.778348 -0.538688   1.43319
        0         0         0         1

 0.294501 -0.622111  0.725429  0.746152
-0.899645 0.0755688  0.430033  0.450121
-0.322348 -0.779273 -0.537424   1.43592
        0         0         0         1

 0.296443 -0.620614   0.72592  0.746771
-0.899022 0.0751772  0.431403  0.449983
-0.322307 -0.780504 -0.535659   1.43727
        0         0         0         1

 0.300415 -0.617459  0.726977  0.747056
-0.898431 0.0727411  0.433049  0.450042
-0.320271 -0.783233 -0.532892   1.43913
        0         0         0         1

 0.303773 -0.614767  0.727862   0.74708
-0.898342 0.0696396  0.433742  0.450219
-0.317339 -0.785628 -0.531117   1.44057
        0         0         0         1

   0.3093 -0.612148  0.727742  0.746422
-0.897514 0.0650384  0.436163  0.450275
-0.314327 -0.788064 -0.529296   1.44413
        0         0         0         1

 0.313422 -0.608704  0.728866  0.746098
-0.897289 0.0614301  0.437148   0.45083
-0.310868 -0.791015  -0.52693   1.44728
        0         0         0         1

 0.330988 -0.591526  0.735217  0.743155
-0.894785 0.0506936   0.44361   0.45206
-0.299678  -0.80469  -0.51251   1.45572
        0         0         0         1

 0.337005  -0.58225  0.739873  0.742691
-0.895288 0.0450032   0.44321  0.453618
-0.291356 -0.811763 -0.506115   1.45837
        0         0         0         1

   0.3472 -0.571424  0.743591  0.740888
-0.894797 0.0354725  0.445061  0.455088
-0.280695 -0.819888 -0.498993   1.46318
        0         0         0         1

  0.35421 -0.565379  0.744904  0.740232
-0.894407 0.0277867  0.446391  0.456674
-0.273078 -0.824363 -0.495836   1.46774
        0         0         0         1

    0.375538    -0.553015     0.743738     0.737704
   -0.892907 -0.000831224      0.45024     0.461154
   -0.248371    -0.833171    -0.494104      1.48065
           0            0            0            1

  0.385955   -0.54938   0.741094   0.736039
 -0.891716 -0.0163178   0.452301   0.463205
 -0.236392  -0.835413  -0.496189     1.4867
         0          0          0          1

  0.398233   -0.54612   0.736996   0.734876
 -0.890908 -0.0389912   0.452507   0.467125
 -0.218387  -0.836799   -0.50207    1.49501
         0          0          0          1

  0.407294   -0.54176    0.73526   0.732983
 -0.890625 -0.0573382   0.451109   0.470286
 -0.202234  -0.838575  -0.505859    1.50109
         0          0          0          1

  0.417972  -0.536379    0.73321    0.73102
 -0.890124 -0.0804648   0.448558   0.475001
 -0.181599  -0.840133  -0.511076    1.51048
         0          0          0          1

  0.425398  -0.530359   0.733318   0.729676
 -0.889906 -0.0977304   0.445552    0.47929
 -0.164635  -0.842121  -0.513544    1.51749
         0          0          0          1

 0.448483 -0.507828  0.735509  0.722529
-0.886081 -0.144758  0.440348  0.491011
 -0.11715 -0.849209 -0.514898   1.53459
        0         0         0         1

 0.455121 -0.501006   0.73611  0.720266
-0.884653 -0.160402  0.437791  0.496657
-0.101262 -0.850449 -0.516219   1.54255
        0         0         0         1

 0.467188 -0.490668  0.735513  0.715549
-0.880436 -0.181924  0.437878  0.503725
-0.0810453 -0.852144 -0.516994   1.55403
        0         0         0         1

 0.474521 -0.482919  0.735948  0.711975
-0.877848 -0.197976  0.436106  0.509936
-0.0649041 -0.852992 -0.517873   1.56242
        0         0         0         1

 0.491885 -0.460645   0.73882  0.701893
-0.870399 -0.239387  0.430231   0.52821
-0.0213203 -0.854693 -0.518696   1.58314
        0         0         0         1

 0.498389  -0.45038  0.740788  0.696758
-0.866952 -0.257054  0.426987  0.535779
-0.00188379 -0.855033 -0.518571    1.5906
        0         0         0         1

 0.506232 -0.437217  0.743351  0.690591
-0.862116 -0.278582  0.423259   0.54689
0.0220283 -0.855122 -0.517959   1.60253
        0         0         0         1

 0.513673 -0.426464  0.744492  0.684621
-0.857125 -0.293922   0.42302  0.554821
0.0384198 -0.855417 -0.516513   1.61224
        0         0         0         1

 0.520331 -0.414613   0.74656  0.678415
-0.851801 -0.314175    0.4192  0.567019
0.0607442 -0.854043 -0.516643   1.62481
        0         0         0         1

 0.526013 -0.404071  0.748357  0.672898
-0.846685 -0.331796  0.415975  0.576726
0.0802184 -0.852431  -0.51665   1.63272
        0         0         0         1

 0.541286 -0.380651  0.749743  0.658408
-0.831784 -0.372903  0.411191  0.602571
 0.123061 -0.846196 -0.518467   1.65508
        0         0         0         1

 0.547327 -0.375586  0.747909  0.653471
-0.825966 -0.386516  0.410349  0.612759
 0.134958 -0.842342 -0.521772    1.6661
        0         0         0         1

 0.555965 -0.367081  0.745757  0.645255
-0.816828 -0.407434  0.408399  0.626842
 0.153931 -0.836211 -0.526361    1.6786
        0         0         0         1

 0.563952  -0.36156   0.74245  0.637945
-0.808923 -0.422739  0.408577  0.637407
 0.166138 -0.831003 -0.530879    1.6884
        0         0         0         1

   0.5805 -0.359222  0.730739  0.623974
-0.791916 -0.457859  0.404022  0.666894
 0.189442 -0.813219 -0.550261   1.71488
        0         0         0         1

 0.587274 -0.358945  0.725444  0.618518
-0.784461 -0.473145  0.400941  0.679999
 0.199324 -0.804545 -0.559444   1.72341
        0         0         0         1

 0.596992 -0.357337  0.718269  0.609553
-0.773612 -0.493492  0.397479  0.696967
 0.212426 -0.792954 -0.571051   1.73533
        0         0         0         1

 0.606215 -0.356174  0.711086  0.601956
-0.764664 -0.506809  0.398037  0.708952
 0.218614 -0.785038 -0.579589   1.74566
        0         0         0         1

 0.616678 -0.358308  0.700945  0.593341
-0.755027 -0.521222  0.397822  0.726187
 0.222805  -0.77456 -0.591958   1.76109
        0         0         0         1

 0.620908 -0.364468     0.694  0.591452
-0.749662 -0.534823  0.389835  0.741993
 0.229085 -0.762317 -0.605303   1.76962
        0         0         0         1

 0.639226 -0.372233  0.672929  0.577533
-0.731827 -0.563282  0.383593  0.778349
 0.236263  -0.73767 -0.632474   1.79152
        0         0         0         1

 0.646796 -0.374889  0.664164  0.570549
-0.725498 -0.570977  0.384236  0.791359
 0.235177 -0.730372 -0.641287   1.80218
        0         0         0         1

 0.655965 -0.380375   0.65194  0.561295
-0.718339 -0.579784  0.384498  0.810592
 0.231731 -0.720531 -0.653556   1.81493
        0         0         0         1

 0.659603 -0.380739  0.648044  0.554985
-0.714267 -0.585934  0.382759  0.825579
  0.23398 -0.715345 -0.658433   1.82241
        0         0         0         1

 0.661461 -0.386187  0.642907    0.5484
-0.712281  -0.59185   0.37732  0.847476
 0.234789 -0.707513 -0.666559   1.83149
        0         0         0         1

 0.661952 -0.386595  0.642155  0.543248
-0.711679 -0.593033  0.376596  0.863859
 0.235229 -0.706297 -0.667691   1.83814
        0         0         0         1

 0.660471 -0.381637  0.646631  0.524723
  -0.7131 -0.588458  0.381059   0.90149
 0.235089 -0.712791 -0.660804   1.85474
        0         0         0         1

 0.656927 -0.384321  0.648648  0.520061
-0.718437 -0.580034   0.38394  0.915823
 0.228681 -0.718233  -0.65715    1.8658
        0         0         0         1

 0.643284 -0.389903   0.65891  0.515537
-0.731708 -0.566409  0.379189   0.94042
 0.225365 -0.726056 -0.649656   1.87441
        0         0         0         1

 0.629317 -0.392079  0.670995  0.505763
-0.744308 -0.552422  0.375282  0.954904
 0.223532 -0.735598 -0.639476   1.88094
        0         0         0         1

 0.575774 -0.401919  0.712001  0.481732
-0.782217 -0.524228  0.336633  0.991803
 0.237952 -0.750764 -0.616225   1.89599
        0         0         0         1

 0.552917 -0.394923  0.733702  0.480995
-0.791912 -0.522929  0.315311     1.012
 0.259151 -0.755368  -0.60188   1.90178
        0         0         0         1

 0.531923 -0.387669  0.752842  0.478176
 -0.79791 -0.527155  0.292313   1.03703
 0.283544 -0.756188 -0.589731   1.90928
        0         0         0         1

 0.518991 -0.378469  0.766426  0.467387
-0.798444 -0.534774  0.276595   1.05222
 0.305182 -0.755499 -0.579729    1.9132
        0         0         0         1

 0.489833 -0.370289  0.789271  0.457718
-0.801403 -0.547679  0.240417   1.07403
 0.343243 -0.750289 -0.565022   1.91836
        0         0         0         1

 0.467288  -0.36205  0.806574  0.453531
 -0.80393 -0.553624  0.217249   1.09103
 0.367884 -0.749947 -0.549765   1.92614
        0         0         0         1

 0.405313 -0.336259  0.850089  0.444685
-0.799078 -0.582015  0.150771    1.1401
 0.444066 -0.740397 -0.504596    1.9285
        0         0         0         1

 0.377449 -0.339062  0.861724  0.452353
-0.799494 -0.588872  0.118488   1.16191
 0.467271 -0.733666 -0.493348    1.9314
        0         0         0         1

 0.358051 -0.325841  0.875001  0.437838
-0.789047  -0.60663 0.0969764   1.18396
 0.499203  -0.72514 -0.474308   1.93173
        0         0         0         1

