 0.205245 -0.747021  0.632324  0.379282
-0.893505 -0.406678 -0.190425   1.08276
 0.399404 -0.525901 -0.750936   2.22541
        0         0         0         1

 0.206624 -0.745009  0.634246  0.373304
-0.896557 -0.403735 -0.182164   1.07012
 0.391781 -0.530998 -0.751365   2.23016
        0         0         0         1

   0.1922 -0.747865  0.635419  0.378172
 -0.90201 -0.389684 -0.185806   1.05718
  0.38657 -0.537442 -0.749479   2.22728
        0         0         0         1

 0.189172 -0.749052   0.63493  0.379037
 -0.90362 -0.385852 -0.185979   1.04981
 0.384297 -0.538553 -0.749851   2.22613
        0         0         0         1

 0.181685 -0.748969  0.637209  0.379747
-0.906675 -0.378455 -0.186315   1.04086
 0.380699  -0.54389 -0.747831   2.22523
        0         0         0         1

 0.180833 -0.751469  0.634503   0.37893
-0.909666  -0.37306 -0.182577   1.02888
 0.373909  -0.54417 -0.751047   2.22736
        0         0         0         1

 0.176674 -0.750095  0.637294  0.376487
-0.912287  -0.36785 -0.180051   1.01757
 0.369484 -0.549585 -0.749292    2.2253
        0         0         0         1

 0.176525 -0.750393  0.636984  0.377819
-0.915857 -0.362316 -0.173014   1.00608
 0.360618 -0.552845 -0.751211   2.22908
        0         0         0         1

 0.162287 -0.754367  0.636076  0.387619
-0.923068 -0.343878  -0.17232  0.993116
 0.348725 -0.559176 -0.752139   2.22875
        0         0         0         1

 0.156026 -0.754685  0.637265  0.389889
-0.923873 -0.339749 -0.176152  0.990555
 0.349449 -0.561268 -0.750243   2.22112
        0         0         0         1

   0.1518 -0.749468  0.644402  0.383613
-0.925986 -0.335856 -0.172483  0.980281
 0.345697 -0.570525  -0.74498     2.216
        0         0         0         1

 0.146754  -0.74842  0.646785  0.385533
-0.927315 -0.331689 -0.173404  0.974766
 0.344311 -0.574326 -0.742698   2.21114
        0         0         0         1

 0.141823 -0.739501  0.658046  0.379261
-0.934926 -0.318501 -0.156429  0.950358
 0.325268 -0.593039  -0.73655   2.20992
        0         0         0         1

 0.134986 -0.740751  0.658078  0.383033
-0.937925 -0.309678 -0.156194  0.944309
 0.319493 -0.596143 -0.736571   2.21042
        0         0         0         1

 0.127032  -0.73941  0.661162  0.384005
-0.937701  -0.30684 -0.162991  0.939759
 0.323388 -0.599267 -0.732324   2.19945
        0         0         0         1

 0.123033 -0.739981   0.66128  0.386143
-0.939349 -0.301786 -0.162935  0.932903
 0.320134 -0.601126 -0.732231   2.19641
        0         0         0         1

 0.120598 -0.738735  0.663119  0.385438
-0.942795  -0.29437 -0.156476  0.917953
 0.310797 -0.606314 -0.731975   2.19505
        0         0         0         1

 0.111382  -0.73816  0.665367  0.388075
-0.942639 -0.290486 -0.164469   0.91744
 0.314684 -0.608882 -0.728173   2.18408
        0         0         0         1

 0.103808 -0.733618  0.671587  0.384311
 -0.94703 -0.279228 -0.158635  0.895409
 0.303903 -0.619546 -0.723744   2.17184
        0         0         0         1

 0.102512 -0.731651  0.673928   0.38182
-0.949611 -0.273713  -0.15271  0.883543
 0.296193 -0.624315 -0.722842   2.16976
        0         0         0         1

0.0954333 -0.728063  0.678835  0.380236
-0.954125 -0.261321 -0.146137  0.869816
 0.283791 -0.633747 -0.719602    2.1659
        0         0         0         1

 0.091501 -0.727489  0.679991  0.381239
 -0.95564 -0.256132  -0.14543  0.864005
 0.279966 -0.636519 -0.718653   2.16125
        0         0         0         1

0.0757199 -0.728112  0.681263  0.387917
-0.959618 -0.238846 -0.148613  0.848077
 0.270924   -0.6425 -0.716795   2.14349
        0         0         0         1

0.0740423 -0.731264  0.678064  0.390527
-0.961907 -0.231792 -0.144941  0.839859
  0.26316 -0.641503  -0.72057   2.14208
        0         0         0         1

0.0705297 -0.731994   0.67765  0.390775
-0.966205 -0.218987 -0.135986  0.826712
 0.247937 -0.645158 -0.722702   2.13887
        0         0         0         1

0.0650824 -0.733147  0.676949  0.391614
-0.967522  -0.21242 -0.137036   0.81871
 0.244265 -0.646044 -0.723161   2.13139
        0         0         0         1

0.0634863 -0.734468  0.675667  0.389539
-0.970863 -0.202213 -0.128588   0.80333
 0.231072 -0.647816 -0.725906   2.12699
        0         0         0         1

0.0599362 -0.737908  0.672235  0.391831
-0.974309 -0.189709 -0.121374  0.793542
 0.217092  -0.64769 -0.730321   2.12615
        0         0         0         1

0.0548578 -0.742676    0.6674  0.394639
 -0.97815 -0.174211  -0.11346  0.774729
 0.200532 -0.646593 -0.736005   2.10931
        0         0         0         1

0.0520812 -0.746181  0.663703  0.396501
-0.980112 -0.165631 -0.109303  0.766526
 0.191489 -0.644811 -0.739967   2.10489
        0         0         0         1

0.0469928 -0.750282  0.659446  0.400491
-0.982747 -0.152951 -0.103988   0.75584
 0.178884 -0.643182 -0.744525   2.09831
        0         0         0         1

 0.0476571  -0.753354   0.655887   0.401631
 -0.984416  -0.146702 -0.0969745   0.746827
  0.169276  -0.641044  -0.748605    2.09207
         0          0          0          1

 0.0442058  -0.761541   0.646607   0.406265
 -0.989484  -0.122601 -0.0767468   0.723206
  0.137721  -0.636415  -0.758952    2.07977
         0          0          0          1

 0.0449276  -0.762303    0.64566   0.404886
 -0.990614  -0.117517 -0.0698167   0.713872
  0.129098  -0.636463  -0.760427     2.0717
         0          0          0          1

 0.0480598  -0.761886   0.645926   0.402656
 -0.992044  -0.111739 -0.0579859   0.701107
  0.116353     -0.638  -0.761195     2.0605
         0          0          0          1

 0.0431346  -0.765786   0.641647    0.40831
 -0.992751  -0.104969 -0.0585402   0.697494
  0.112183  -0.634471  -0.764763    2.05042
         0          0          0          1

 0.0452359  -0.770432   0.635915   0.410642
 -0.994369 -0.0957945 -0.0453236   0.684896
 0.0958359  -0.630284  -0.770427    2.04137
         0          0          0          1

 0.0471311   -0.77506   0.630127   0.411908
 -0.995439 -0.0888274 -0.0348032   0.676104
 0.0829471  -0.625613  -0.775711    2.03545
         0          0          0          1

 0.0503375   -0.78473   0.617791   0.416686
 -0.997202 -0.0737208 -0.0123897   0.656582
 0.0552666  -0.615439  -0.786245    2.01474
         0          0          0          1

  0.0485234   -0.789434    0.611915    0.419926
   -0.99777    -0.06642 -0.00656798    0.650732
  0.0458284   -0.610232   -0.790896     2.00622
          0           0           0           1

 0.0489773  -0.793596    0.60647   0.423085
 -0.998398 -0.0561163  0.0071976   0.640204
 0.0283209  -0.605851  -0.795074    1.99549
         0          0          0          1

 0.0496923  -0.795889     0.6034   0.424496
 -0.998549 -0.0521511  0.0134466   0.634416
  0.020766  -0.603192  -0.797325    1.98511
         0          0          0          1

 0.0532425  -0.798092   0.600178   0.428117
 -0.998576 -0.0404889  0.0347442   0.616846
-0.00342852  -0.601173  -0.799111    1.96109
         0          0          0          1

 0.0565606   -0.79808   0.599891   0.429017
 -0.998291 -0.0363657  0.0457437   0.609277
-0.0146917  -0.601453  -0.798773     1.9531
         0          0          0          1

 0.0550766  -0.800772   0.596432   0.433877
   -0.9981 -0.0276199  0.0550853   0.602497
-0.0276374  -0.598332  -0.800771     1.9413
         0          0          0          1

 0.0565922  -0.799183   0.598418    0.43404
 -0.997714 -0.0231038  0.0634986   0.596303
-0.0369213  -0.600644  -0.798664    1.93077
         0          0          0          1

0.0575536  -0.79693  0.601324  0.436691
-0.997445 -0.020368 0.0684734  0.592494
-0.0423208 -0.603728 -0.796066   1.91226
        0         0         0         1

 0.0571478  -0.796996   0.601275    0.43868
 -0.997084 -0.0150543  0.0748125   0.587771
-0.0505735  -0.603797  -0.795532    1.90276
         0          0          0          1

  0.0596335   -0.791691    0.608005    0.440961
  -0.995704 -0.00395562   0.0925085    0.573388
 -0.0708331   -0.610909   -0.788525     1.87764
          0           0           0           1

 0.0564157  -0.791081   0.609104   0.444755
 -0.995538 0.00164708  0.0943467   0.571161
-0.0756391  -0.611709  -0.787458     1.8664
         0          0          0          1

 0.0558764  -0.791151   0.609063   0.447904
 -0.994534 0.00978542   0.103951   0.565011
-0.0882009  -0.611542   -0.78628    1.85484
         0          0          0          1

0.0582441  -0.78984  0.610542  0.448062
-0.993536 0.0138274  0.112669  0.559701
-0.0974326 -0.613158 -0.783929   1.84479
        0         0         0         1

 0.062425 -0.787426  0.613241  0.449763
-0.991041 0.0237828  0.131421  0.548156
-0.118069 -0.615951 -0.778887    1.8185
        0         0         0         1

0.0669968 -0.786036   0.61454  0.448056
-0.989742 0.0255395  0.140568  0.542837
-0.126186 -0.617653 -0.776261   1.80808
        0         0         0         1

0.0627432 -0.786727  0.614104  0.452435
-0.988838 0.0343154  0.144991  0.540694
-0.135142 -0.616346 -0.775793   1.79354
        0         0         0         1

0.0648892 -0.787756  0.612561  0.453128
-0.987233 0.0388053  0.154482  0.536646
-0.145465 -0.614764  -0.77518   1.78428
        0         0         0         1

 0.065396 -0.789724  0.609967  0.455196
-0.985306 0.0455522  0.164613  0.532839
-0.157784 -0.611769 -0.775141    1.7708
        0         0         0         1

0.0660352 -0.791666  0.607375  0.456195
-0.983389 0.0515065  0.174051  0.529158
-0.169074  -0.60878 -0.775114   1.76235
        0         0         0         1

0.0690092 -0.794612  0.603182  0.457164
-0.979325 0.0612908  0.192786  0.520468
-0.190159 -0.604015 -0.773954   1.73674
        0         0         0         1

0.0705016  -0.79597  0.601216  0.456687
-0.977396 0.0653066  0.201076  0.516245
-0.199314 -0.601803 -0.773374    1.7285
        0         0         0         1

0.0702238 -0.796361   0.60073  0.456706
-0.975314 0.0715781  0.208899  0.512599
-0.209359 -0.600571 -0.771676   1.71583
        0         0         0         1

0.0684829 -0.798502  0.598084   0.45837
-0.973868 0.0766155  0.213801  0.511063
-0.216543 -0.597097 -0.772389   1.70691
        0         0         0         1

 0.070917 -0.803577   0.59096  0.458651
-0.968074 0.0873517  0.234951  0.502582
-0.240423 -0.588755 -0.771728   1.68623
        0         0         0         1

0.0681218 -0.805146  0.589151  0.460003
-0.966964 0.0921117  0.237689  0.501631
-0.245642  -0.58588 -0.772273   1.67754
        0         0         0         1

0.0654253  -0.80575  0.588631  0.461377
-0.965541 0.0977914   0.24118  0.499806
-0.251894 -0.584127 -0.771586   1.66553
        0         0         0         1

0.0667418 -0.806354  0.587656  0.460316
-0.963796  0.100282  0.247064  0.496768
-0.258152  -0.58287 -0.770468   1.65747
        0         0         0         1

0.0653261 -0.808636  0.584671   0.46148
-0.961079  0.106634  0.254865  0.494396
-0.268439 -0.578564 -0.770198   1.64745
        0         0         0         1

 0.065769 -0.810071  0.582632  0.461497
-0.959151   0.10968  0.260766  0.492183
-0.275142 -0.575982 -0.769767   1.63967
        0         0         0         1

0.0657022 -0.812135  0.579759   0.46088
-0.954914  0.117407  0.272683  0.487588
-0.289523 -0.571536 -0.767804   1.61961
        0         0         0         1

0.0651785 -0.812701  0.579024   0.46085
-0.953574  0.120244  0.276111  0.485865
 -0.29402 -0.570139 -0.767133   1.61274
        0         0         0         1

 0.065507   -0.8115  0.580669  0.460531
-0.952015  0.123518  0.280019  0.483891
-0.298959 -0.571148 -0.764469   1.60287
        0         0         0         1

 0.066092 -0.811478  0.580633  0.459741
-0.950742  0.125406  0.283485  0.481609
-0.302857 -0.570768 -0.763218   1.59644
        0         0         0         1

0.0680613 -0.810765  0.581402  0.458787
-0.948327  0.128446  0.290133  0.478602
-0.309908 -0.571106 -0.760128   1.58812
        0         0         0         1

0.0659947 -0.808635  0.584598  0.459599
-0.947908  0.132171  0.289831  0.478955
-0.311634 -0.573272 -0.757788   1.58006
        0         0         0         1

0.0671274 -0.808031  0.585303  0.459204
-0.943301  0.139735  0.301095  0.475312
-0.325081 -0.572329 -0.752836   1.56556
        0         0         0         1

0.0658038 -0.806905  0.587004  0.459747
-0.942105  0.143604  0.303011  0.474841
-0.328798 -0.572959  -0.75074   1.56018
        0         0         0         1

0.0672252 -0.805404  0.588902  0.458506
 -0.94103  0.144971   0.30569  0.472732
-0.331578 -0.574724 -0.748163   1.55286
        0         0         0         1

0.0701558 -0.804795  0.589392  0.457769
-0.939736  0.144881  0.309687  0.470912
-0.334626   -0.5756  -0.74613   1.54772
        0         0         0         1

0.0739348 -0.801786   0.59302  0.455992
-0.938709  0.144807  0.312819    0.4683
-0.336687 -0.579802 -0.741938   1.53463
        0         0         0         1

 0.074826 -0.799751  0.595651  0.455959
 -0.93836  0.145672  0.313464  0.468128
-0.337463  -0.58239 -0.739554   1.52944
        0         0         0         1

0.0764291 -0.797993  0.597801  0.456216
-0.937609  0.146437  0.315349  0.467617
-0.339186 -0.584606 -0.737014   1.52293
        0         0         0         1

0.0772111 -0.797776   0.59799  0.456156
-0.937223  0.146506  0.316465  0.467182
-0.340077 -0.584884 -0.736382   1.51875
        0         0         0         1

0.0778418 -0.797045  0.598882  0.457493
-0.936835  0.146984  0.317388  0.467317
-0.340999  -0.58576 -0.735259   1.51343
        0         0         0         1

0.0817521 -0.795336   0.60063   0.45553
 -0.93667  0.144602  0.318968  0.466062
-0.340539 -0.588669 -0.733146    1.5084
        0         0         0         1

0.0864944 -0.795043  0.600355  0.455742
-0.935787  0.141907  0.322747    0.4657
-0.341793  -0.58972 -0.731716   1.50001
        0         0         0         1

0.0902715 -0.794579  0.600412  0.455107
 -0.93515  0.139738  0.325527  0.465112
-0.342558 -0.590861 -0.730436   1.49559
        0         0         0         1

0.0956373 -0.796613  0.596876  0.454403
-0.933291  0.136757  0.332061  0.464527
-0.346151 -0.588817 -0.730393   1.49111
        0         0         0         1

0.0977583 -0.799092  0.593207  0.455109
-0.932366  0.134919  0.335396  0.464907
-0.348047 -0.585874 -0.731857   1.48804
        0         0         0         1

 0.103681 -0.804027  0.585483  0.455603
-0.930817  0.128987  0.341969  0.465826
-0.350472 -0.580433 -0.735029   1.47801
        0         0         0         1

 0.105937 -0.807531  0.580233  0.455877
-0.930139  0.125849   0.34497  0.466804
-0.351596 -0.576242 -0.737784   1.47409
        0         0         0         1

 0.108681  -0.81174  0.573818  0.455615
-0.927881  0.124284  0.351555  0.467372
-0.356688 -0.570642  -0.73969   1.47064
        0         0         0         1

 0.115218 -0.806224  0.580282  0.454349
-0.926564  0.123342  0.355341  0.467303
-0.358057  -0.57861 -0.732807   1.46652
        0         0         0         1

 0.116085 -0.808519  0.576907  0.454858
-0.927793  0.119083  0.353581  0.469068
-0.354577 -0.576295 -0.736315   1.46356
        0         0         0         1

 0.114485 -0.812573  0.571505  0.455985
-0.928965  0.116286  0.351428  0.470583
-0.352019 -0.571141 -0.741539   1.46264
        0         0         0         1

 0.118627 -0.810121  0.574135  0.453995
-0.929972  0.111983  0.350161  0.471338
-0.347966 -0.575468 -0.740106   1.45908
        0         0         0         1

 0.119875  -0.80921  0.575161  0.453418
-0.930726  0.110023  0.348776  0.472208
-0.345514 -0.577126 -0.739963   1.45721
        0         0         0         1

 0.121412     -0.81  0.573724   0.45259
-0.931259  0.107089  0.348265  0.472513
-0.343535  -0.57657 -0.741317   1.45684
        0         0         0         1

 0.121666  -0.81177  0.571163  0.453138
-0.931414  0.105492  0.348337  0.473161
-0.343023  -0.57437 -0.743259   1.45682
        0         0         0         1

 0.124916 -0.817291  0.562522  0.452578
 -0.93157 0.0984902  0.349966  0.473869
-0.341427 -0.567745 -0.749062   1.45432
        0         0         0         1

 0.125215 -0.822003  0.555547  0.453615
-0.931101 0.0959984  0.351903  0.474593
-0.342597 -0.561334 -0.753347   1.45399
        0         0         0         1

 0.126206 -0.827761  0.546702  0.454126
-0.930586 0.0921132  0.354294  0.475381
-0.343629 -0.553468 -0.758678    1.4527
        0         0         0         1

 0.129647 -0.831907  0.539558  0.453607
-0.929283 0.0878658  0.358765  0.474943
-0.345868 -0.547915 -0.761686   1.45262
        0         0         0         1

  0.12827 -0.835471  0.534355  0.455799
-0.928674 0.0878851  0.360334  0.477154
-0.348011 -0.542462 -0.764607    1.4515
        0         0         0         1

 0.128642 -0.833667  0.537076  0.456098
-0.928566 0.0888765   0.36037  0.477531
-0.348162 -0.545069 -0.762681   1.45063
        0         0         0         1

 0.130016 -0.832046  0.539255  0.455645
-0.928347 0.0888617  0.360938  0.477344
-0.348236 -0.547543 -0.760873   1.44971
        0         0         0         1

 0.130535 -0.831468   0.54002  0.455551
-0.928206 0.0889235  0.361284  0.477145
-0.348417  -0.54841 -0.760166    1.4492
        0         0         0         1

 0.130854 -0.830642  0.541212  0.455106
-0.928205 0.0891411  0.361233  0.476896
-0.348299 -0.549625 -0.759342   1.44834
        0         0         0         1

 0.128643 -0.830652  0.541727  0.455817
-0.928169 0.0915141  0.360732  0.477375
-0.349219  -0.54922 -0.759212   1.44857
        0         0         0         1

  0.12607 -0.831757  0.540636  0.455897
 -0.92722 0.0949425  0.362284  0.476895
-0.352662 -0.546961 -0.759252   1.44899
        0         0         0         1

 0.125727 -0.831934  0.540443  0.455694
-0.926434 0.0963935  0.363907  0.476484
-0.354842 -0.546438 -0.758612   1.44898
        0         0         0         1

 0.124126 -0.832683  0.539659  0.455802
-0.925392 0.0991379  0.365816  0.476309
-0.358109 -0.544803 -0.758253   1.44929
        0         0         0         1

 0.123363 -0.832619  0.539932  0.455708
-0.924624  0.101131  0.367209  0.476199
-0.360349 -0.544534 -0.757384   1.44858
        0         0         0         1

 0.120727 -0.833828  0.538661  0.455669
 -0.92136   0.10785  0.373448  0.475811
-0.369486 -0.541386 -0.755236   1.44776
        0         0         0         1

 0.119427 -0.833908  0.538828  0.455795
-0.920366  0.110563  0.375103  0.475868
-0.372375 -0.540716 -0.754296   1.44682
        0         0         0         1

 0.114959 -0.838475  0.532676  0.456634
-0.918617  0.114347  0.378242   0.47614
-0.378057 -0.532808 -0.757092   1.44647
        0         0         0         1

 0.112732 -0.843052  0.525885  0.456855
-0.916744  0.115887  0.382297  0.475983
 -0.38324 -0.525199 -0.759798   1.44631
        0         0         0         1

 0.107326 -0.848999  0.517381  0.458043
-0.913217  0.121563  0.388918  0.476356
-0.393085 -0.514222 -0.762273    1.4461
        0         0         0         1

 0.104732 -0.852247  0.512548  0.458889
-0.910538  0.125088  0.394047  0.476749
-0.399939 -0.507964 -0.762903   1.44535
        0         0         0         1

0.0971484 -0.858796  0.503023  0.459483
-0.901782  0.137904  0.409599  0.476882
-0.421131 -0.493409  -0.76105   1.44473
        0         0         0         1

0.0966999 -0.858303   0.50395  0.458383
-0.896997  0.144269  0.417832  0.476363
-0.431331 -0.492446 -0.755944   1.44551
        0         0         0         1

0.0937368 -0.853778   0.51213  0.458136
-0.893606  0.154645  0.421371  0.477282
-0.438956  -0.49714 -0.748445    1.4445
        0         0         0         1

0.0909459 -0.850369  0.518267  0.457985
-0.890806  0.163184   0.42407  0.478122
-0.445189 -0.500243 -0.742673    1.4447
        0         0         0         1

0.0884561 -0.844856   0.52763  0.456495
-0.887266  0.173909  0.427217   0.47857
-0.452697 -0.505938 -0.734229   1.44625
        0         0         0         1

0.0855243 -0.836966   0.54053  0.455816
-0.886639  0.183539  0.424481  0.479564
-0.454485 -0.515559  -0.72639   1.44716
        0         0         0         1

0.0778902 -0.809642  0.581732  0.453007
-0.887814  0.209132  0.409938  0.483061
-0.453562   -0.5484 -0.702523   1.45064
        0         0         0         1

0.0711328 -0.797289  0.599392  0.452106
-0.889353    0.2214  0.400042  0.485433
-0.451655 -0.561527 -0.693322   1.45365
        0         0         0         1

0.0684923 -0.781784  0.619776  0.448301
-0.890269  0.232477  0.391632  0.486668
-0.450255 -0.578591 -0.680076   1.45796
        0         0         0         1

 0.062589 -0.772402  0.632042  0.447542
-0.891734  0.241123  0.382976  0.488722
-0.448212 -0.587583 -0.673686   1.46158
        0         0         0         1

0.0581084 -0.755928  0.652071  0.442436
-0.893496  0.251968  0.371723  0.491296
-0.445297 -0.604222 -0.660777   1.47258
        0         0         0         1

0.0531128 -0.751511  0.657579  0.442558
-0.895842  0.255078  0.363872  0.494231
-0.441188 -0.608413 -0.659687    1.4764
        0         0         0         1

0.0526504 -0.747976  0.661635  0.440098
-0.897871  0.254546  0.359212  0.496136
-0.437098 -0.612976 -0.658184    1.4825
        0         0         0         1

0.0525134 -0.746901  0.662859   0.43916
-0.899359  0.253134  0.356478  0.497852
-0.434046 -0.614868 -0.658439   1.48738
        0         0         0         1

0.0527025  -0.74837  0.661184   0.43841
-0.901419  0.249269   0.35399  0.500931
-0.429729  -0.61466 -0.661458   1.49399
        0         0         0         1

0.0533004 -0.751473  0.657607  0.437858
-0.902626  0.245416  0.353606    0.5034
-0.427113  -0.61242 -0.665219   1.49931
        0         0         0         1

0.0634065 -0.761935  0.644542  0.433344
-0.904437  0.229138  0.359846  0.507331
-0.421869 -0.605764 -0.674594   1.51349
        0         0         0         1

0.0683861 -0.766374  0.638744  0.431456
-0.904678  0.222265  0.363534  0.508973
-0.420573 -0.602718 -0.678121   1.51953
        0         0         0         1

0.0728691 -0.771414  0.632148  0.431494
-0.906138  0.213587  0.365094  0.514336
-0.416657 -0.599418 -0.683444   1.52695
        0         0         0         1

0.0789062 -0.774989  0.627029  0.428839
-0.907354  0.204686  0.367168  0.516298
-0.412895 -0.597909 -0.687039   1.53183
        0         0         0         1

0.0925897 -0.786853  0.610155  0.428471
-0.909581  0.182459  0.373325  0.525782
-0.405081 -0.589551 -0.698812   1.54958
        0         0         0         1

 0.101422 -0.791245   0.60303  0.427448
-0.910555  0.170347  0.376659  0.529667
-0.400754 -0.587293 -0.703195     1.556
        0         0         0         1

 0.112558 -0.795264  0.595723  0.426831
-0.911814  0.155588  0.379985  0.535426
-0.394876 -0.585959  -0.70762   1.56472
        0         0         0         1

 0.123845 -0.797762  0.590117  0.424186
-0.912232  0.142503  0.384092  0.538138
-0.390507 -0.585892 -0.710095   1.57138
        0         0         0         1

 0.135617 -0.800225  0.584165  0.423619
-0.914135  0.126299  0.385235  0.545868
-0.382054  -0.58625 -0.714385    1.5803
        0         0         0         1

 0.146015 -0.802281  0.578813  0.421743
 -0.91405   0.11439  0.389138  0.549538
-0.378408 -0.585884 -0.716622   1.58876
        0         0         0         1

 0.171299 -0.804503  0.568711  0.420179
-0.915175 0.0838306  0.394243  0.563875
-0.364845 -0.588003   -0.7219   1.60834
        0         0         0         1

 0.181391 -0.805561  0.564065  0.419873
-0.915593  0.070972  0.395793  0.570412
-0.358868 -0.588247 -0.724692   1.61661
        0         0         0         1

 0.196749 -0.804584  0.560299  0.418675
-0.915359 0.0540184  0.398998  0.578674
-0.351294 -0.591377 -0.725855   1.62803
        0         0         0         1

  0.20739 -0.804562  0.556479  0.418799
-0.915985 0.0400069  0.399213  0.586237
-0.343455 -0.592519  -0.72867   1.63637
        0         0         0         1

 0.237505 -0.799566   0.55162  0.416534
-0.916723 0.0033159  0.399509  0.606581
-0.321263 -0.600569 -0.732193   1.65573
        0         0         0         1

  0.247999  -0.796252   0.551797   0.417202
 -0.917761 -0.0107337   0.396988   0.616412
 -0.310179   -0.60487  -0.733431    1.66309
         0          0          0          1

 0.266168 -0.791874  0.549628  0.414912
-0.916165 -0.030565  0.399634  0.627307
 -0.29966 -0.609919 -0.733623    1.6755
        0         0         0         1

 0.277945 -0.789326  0.547459   0.41425
-0.915637 -0.045382  0.399437  0.636702
-0.290441 -0.612295 -0.735349   1.68431
        0         0         0         1

  0.295063  -0.782309   0.548571   0.413539
 -0.914984 -0.0659771   0.398059    0.65075
 -0.275212  -0.619386  -0.735268    1.69291
         0          0          0          1

  0.306277  -0.779082   0.547016    0.41423
 -0.914267 -0.0806789   0.396998   0.661962
 -0.265161   -0.62171  -0.736999    1.70089
         0          0          0          1

 0.336388 -0.769536  0.542824  0.413382
-0.910363 -0.118215  0.396565  0.688891
-0.241001 -0.627567 -0.740323   1.72473
        0         0         0         1

 0.344862 -0.764379  0.544789  0.414932
-0.910088 -0.130193  0.393434   0.70231
-0.229805 -0.631486  -0.74055    1.7322
        0         0         0         1

 0.360062 -0.757526  0.544527  0.414446
-0.908276 -0.151349  0.390036  0.719048
-0.213049 -0.635018 -0.742538   1.74198
        0         0         0         1

 0.374344 -0.750666  0.544397   0.41081
-0.904682 -0.166804  0.392081  0.729149
-0.203514 -0.639279 -0.741556   1.75124
        0         0         0         1

 0.391971 -0.741993  0.543879  0.416029
-0.903188  -0.19794  0.380882  0.766357
-0.174956  -0.64052 -0.747746   1.77198
        0         0         0         1

 0.403631  -0.73523  0.544535  0.412814
-0.900084 -0.212343  0.380472  0.777904
-0.164106 -0.643698 -0.747477   1.78012
        0         0         0         1

 0.417479  -0.72727  0.544784  0.409452
-0.896568 -0.232088  0.377229  0.795115
-0.147909 -0.645921 -0.748939   1.79194
        0         0         0         1

 0.420284 -0.723872  0.547148  0.412631
-0.897387 -0.242284  0.368775  0.812851
-0.134381 -0.645994 -0.751421   1.79893
        0         0         0         1

 0.430535 -0.714358  0.551663  0.411653
  -0.8953 -0.260565  0.361309  0.833913
 -0.11436  -0.64946 -0.751747   1.80602
        0         0         0         1

 0.435834  -0.70598  0.558248  0.412147
-0.894894 -0.273769  0.352441  0.850531
-0.0959853 -0.653179 -0.751095   1.80972
        0         0         0         1

 0.449395   -0.6932  0.563488  0.409545
-0.890637 -0.298691  0.342856  0.889413
-0.069359 -0.655941 -0.751619   1.82883
        0         0         0         1

 0.454225 -0.688688  0.565145  0.407617
-0.889072  -0.30994  0.336881   0.90508
-0.0568444 -0.655474 -0.753075   1.83448
        0         0         0         1

 0.455937 -0.684531  0.568805  0.408157
-0.889181 -0.322735  0.324344  0.927912
-0.0384501 -0.653651 -0.755818   1.84175
        0         0         0         1

 0.454978 -0.681869  0.572756  0.408201
-0.890179 -0.330904  0.313184  0.945317
-0.0240232 -0.652347  -0.75754   1.84743
        0         0         0         1

  0.45518 -0.666387  0.590541  0.400629
-0.890264 -0.352153  0.288821   0.98463
0.0154936 -0.657203 -0.753554   1.86145
        0         0         0         1

 0.441063 -0.665609   0.60202  0.406275
-0.896413 -0.359363  0.259425   1.00687
0.0436681 -0.654081 -0.755163    1.8588
        0         0         0         1

 0.435925 -0.657879  0.614137  0.404049
-0.897804 -0.365335  0.245921   1.02744
0.0625794 -0.658578 -0.749906   1.87279
        0         0         0         1

  0.42326 -0.650322  0.630818  0.405414
-0.901363 -0.372671  0.220594   1.04784
0.0916304 -0.661964 -0.743913   1.87162
        0         0         0         1

 0.409235  -0.63825  0.652046  0.404134
-0.903604 -0.382644  0.192569    1.0739
 0.126594 -0.667997 -0.733317   1.87246
        0         0         0         1

 0.405254 -0.627601  0.664746  0.399621
-0.902332 -0.391399  0.180567   1.08807
 0.146857 -0.672997  -0.72492    1.8744
        0         0         0         1

  0.38463 -0.604361  0.697716  0.390919
-0.901411 -0.408701  0.142905   1.13416
 0.198791 -0.683895 -0.701976    1.8725
        0         0         0         1

  0.36722 -0.607234  0.704568       0.4
-0.904542 -0.409608  0.118424   1.15654
 0.216685 -0.680799 -0.699685   1.87308
        0         0         0         1

 0.355396 -0.592268  0.723127   0.39367
-0.902952 -0.417503  0.101825   1.17911
 0.241599 -0.689137 -0.683169   1.86774
        0         0         0         1

  0.33942 -0.590911   0.73186  0.396981
-0.906248 -0.413881 0.0861249   1.19689
 0.252011 -0.692479 -0.675991   1.86976
        0         0         0         1

