 0.104871 -0.826797  0.552637  0.311209
-0.943501 -0.258365 -0.207495   1.08714
 0.314339 -0.499653 -0.807179   1.97408
        0         0         0         1

 0.104871 -0.826797  0.552637  0.311209
-0.943501 -0.258365 -0.207495   1.08714
 0.314339 -0.499653 -0.807179   1.97408
        0         0         0         1

 0.102756 -0.802108  0.588272  0.322515
-0.944318 -0.264504 -0.195704   1.04093
 0.312576 -0.535407 -0.784625   1.96335
        0         0         0         1

 0.102756 -0.802108  0.588272  0.322515
-0.944318 -0.264504 -0.195704   1.04093
 0.312576 -0.535407 -0.784625   1.96335
        0         0         0         1

 0.108858 -0.789069  0.604582  0.314826
-0.952419 -0.256972 -0.163899   1.00201
 0.284688 -0.557974 -0.779498   1.95263
        0         0         0         1

 0.108858 -0.789069  0.604582  0.314826
-0.952419 -0.256972 -0.163899   1.00201
 0.284688 -0.557974 -0.779498   1.95263
        0         0         0         1

 0.113735 -0.792336  0.599389  0.324282
-0.962213 -0.238085 -0.132144   0.97077
 0.247408 -0.561711 -0.789475   1.94353
        0         0         0         1

 0.113735 -0.792336  0.599389  0.324282
-0.962213 -0.238085 -0.132144   0.97077
 0.247408 -0.561711 -0.789475   1.94353
        0         0         0         1

 0.122097 -0.795667  0.593302  0.326635
-0.975531 -0.206327 -0.075944  0.916944
  0.18284 -0.569512  -0.80139   1.93422
        0         0         0         1

 0.122097 -0.795667  0.593302  0.326635
-0.975531 -0.206327 -0.075944  0.916944
  0.18284 -0.569512  -0.80139   1.93422
        0         0         0         1

  0.113226  -0.803207    0.58484   0.340913
 -0.982351  -0.178701 -0.0552404   0.896108
  0.148881  -0.568264  -0.809265    1.91872
         0          0          0          1

  0.113226  -0.803207    0.58484   0.340913
 -0.982351  -0.178701 -0.0552404   0.896108
  0.148881  -0.568264  -0.809265    1.91872
         0          0          0          1

 0.124828 -0.817182    0.5627   0.34259
-0.990046 -0.139754 0.0166714  0.848613
0.0650163  -0.55918 -0.826493   1.89416
        0         0         0         1

 0.124828 -0.817182    0.5627   0.34259
-0.990046 -0.139754 0.0166714  0.848613
0.0650163  -0.55918 -0.826493   1.89416
        0         0         0         1

 0.124605 -0.838856  0.529901  0.350299
-0.992191 -0.102348 0.0712901  0.821444
-0.00556762 -0.534646 -0.845058   1.88493
        0         0         0         1

 0.124605 -0.838856  0.529901  0.350299
-0.992191 -0.102348 0.0712901  0.821444
-0.00556762 -0.534646 -0.845058   1.88493
        0         0         0         1

  0.117582  -0.853303   0.507985   0.358415
  -0.99153 -0.0724636   0.107784   0.802685
-0.0551618  -0.516355  -0.854596    1.86177
         0          0          0          1

  0.117582  -0.853303   0.507985   0.358415
  -0.99153 -0.0724636   0.107784   0.802685
-0.0551618  -0.516355  -0.854596    1.86177
         0          0          0          1

  0.112268  -0.869327   0.481317   0.365352
 -0.986889 -0.0410245   0.156098   0.772548
 -0.115955  -0.492531  -0.862536    1.83475
         0          0          0          1

  0.112268  -0.869327   0.481317   0.365352
 -0.986889 -0.0410245   0.156098   0.772548
 -0.115955  -0.492531  -0.862536    1.83475
         0          0          0          1

  0.114424  -0.876196   0.468174   0.368271
   -0.9814 -0.0265753   0.190124   0.752999
 -0.154144  -0.481221   -0.86294    1.81591
         0          0          0          1

  0.114424  -0.876196   0.468174   0.368271
   -0.9814 -0.0265753   0.190124   0.752999
 -0.154144  -0.481221   -0.86294    1.81591
         0          0          0          1

    0.10516   -0.885223    0.453124    0.379373
  -0.977004 -0.00697849    0.213108    0.741075
  -0.185486   -0.465114     -0.8656     1.80055
          0           0           0           1

    0.10516   -0.885223    0.453124    0.379373
  -0.977004 -0.00697849    0.213108    0.741075
  -0.185486   -0.465114     -0.8656     1.80055
          0           0           0           1

 0.100149 -0.881471  0.461497  0.381053
-0.972834 0.0105489  0.231261  0.723118
-0.208719 -0.472121 -0.856468   1.76883
        0         0         0         1

 0.100149 -0.881471  0.461497  0.381053
-0.972834 0.0105489  0.231261  0.723118
-0.208719 -0.472121 -0.856468   1.76883
        0         0         0         1

0.0974253 -0.877791  0.469032  0.382928
-0.969668 0.0224311  0.243395  0.712023
-0.224171 -0.478518 -0.848981   1.75127
        0         0         0         1

0.0974253 -0.877791  0.469032  0.382928
-0.969668 0.0224311  0.243395  0.712023
-0.224171 -0.478518 -0.848981   1.75127
        0         0         0         1

0.0847753 -0.876051  0.474708  0.393389
-0.965213 0.0460618  0.257377  0.704169
-0.247341 -0.480013 -0.841671   1.73097
        0         0         0         1

0.0847753 -0.876051  0.474708  0.393389
-0.965213 0.0460618  0.257377  0.704169
-0.247341 -0.480013 -0.841671   1.73097
        0         0         0         1

0.0868116 -0.871962  0.481816  0.391235
-0.962627 0.0511223   0.26596  0.695331
-0.256539 -0.486898 -0.834936   1.71436
        0         0         0         1

0.0868116 -0.871962  0.481816  0.391235
-0.962627 0.0511223   0.26596  0.695331
-0.256539 -0.486898 -0.834936   1.71436
        0         0         0         1

0.0852887 -0.866558  0.491734  0.393764
 -0.96107 0.0586308  0.270014  0.691267
-0.262814  -0.49562 -0.827822   1.69986
        0         0         0         1

0.0852887 -0.866558  0.491734  0.393764
 -0.96107 0.0586308  0.270014  0.691267
-0.262814  -0.49562 -0.827822   1.69986
        0         0         0         1

0.0837341 -0.859196  0.504749  0.398656
-0.957845 0.0702917  0.278552  0.687156
 -0.27481 -0.506796 -0.817091   1.68121
        0         0         0         1

0.0837341 -0.859196  0.504749  0.398656
-0.957845 0.0702917  0.278552  0.687156
 -0.27481 -0.506796 -0.817091   1.68121
        0         0         0         1

0.0912072 -0.854352  0.511628  0.398691
 -0.95496 0.0706425  0.288203  0.683325
 -0.28237  -0.51487 -0.809429   1.67023
        0         0         0         1

0.0912072 -0.854352  0.511628  0.398691
 -0.95496 0.0706425  0.288203  0.683325
 -0.28237  -0.51487 -0.809429   1.67023
        0         0         0         1

 0.104721 -0.848547  0.518653  0.400424
 -0.95209  0.065134    0.2988   0.67997
-0.287328 -0.525095 -0.801073   1.65357
        0         0         0         1

 0.104721 -0.848547  0.518653  0.400424
 -0.95209  0.065134    0.2988   0.67997
-0.287328 -0.525095 -0.801073   1.65357
        0         0         0         1

 0.118302 -0.843946  0.523221  0.401562
-0.947029 0.0625396  0.315001  0.678503
-0.298566  -0.53277 -0.791842   1.64361
        0         0         0         1

 0.118302 -0.843946  0.523221  0.401562
-0.947029 0.0625396  0.315001  0.678503
-0.298566  -0.53277 -0.791842   1.64361
        0         0         0         1

 0.145176 -0.820558  0.552819  0.402595
-0.939881 0.0601851  0.336156  0.678659
-0.309107 -0.568386  -0.76249   1.62932
        0         0         0         1

 0.145176 -0.820558  0.552819  0.402595
-0.939881 0.0601851  0.336156  0.678659
-0.309107 -0.568386  -0.76249   1.62932
        0         0         0         1

 0.160239 -0.818119  0.552272  0.401661
-0.935951 0.0518027    0.3483  0.676446
 -0.31356 -0.572711 -0.757418   1.62568
        0         0         0         1

 0.160239 -0.818119  0.552272  0.401661
-0.935951 0.0518027    0.3483  0.676446
 -0.31356 -0.572711 -0.757418   1.62568
        0         0         0         1

  0.16824 -0.821034  0.545526  0.403933
-0.931025 0.0494728  0.361587  0.676901
-0.323864 -0.568732  -0.75608   1.62139
        0         0         0         1

  0.16824 -0.821034  0.545526  0.403933
-0.931025 0.0494728  0.361587  0.676901
-0.323864 -0.568732  -0.75608   1.62139
        0         0         0         1

 0.191429 -0.807484  0.557965  0.405861
 -0.92219 0.0466583  0.383913  0.680258
-0.336037 -0.588042 -0.735721   1.60787
        0         0         0         1

 0.191429 -0.807484  0.557965  0.405861
 -0.92219 0.0466583  0.383913  0.680258
-0.336037 -0.588042 -0.735721   1.60787
        0         0         0         1

 0.212839 -0.795145  0.567841  0.406797
-0.911485  0.047779  0.408548  0.681735
-0.351986 -0.604534 -0.714594   1.60453
        0         0         0         1

 0.212839 -0.795145  0.567841  0.406797
-0.911485  0.047779  0.408548  0.681735
-0.351986 -0.604534 -0.714594   1.60453
        0         0         0         1

 0.251518  -0.76354  0.594765  0.406371
-0.898834 0.0436281  0.436113  0.684968
-0.358938 -0.644285 -0.675323   1.59142
        0         0         0         1

 0.251518  -0.76354  0.594765  0.406371
-0.898834 0.0436281  0.436113  0.684968
-0.358938 -0.644285 -0.675323   1.59142
        0         0         0         1

 0.276043 -0.743874  0.608647  0.408227
-0.888442 0.0441206  0.456864  0.685636
-0.366703 -0.666861  -0.64871   1.58887
        0         0         0         1

 0.276043 -0.743874  0.608647  0.408227
-0.888442 0.0441206  0.456864  0.685636
-0.366703 -0.666861  -0.64871   1.58887
        0         0         0         1

 0.286302 -0.741554  0.606736  0.412188
-0.887002  0.034313  0.460489  0.689763
-0.362296 -0.670015 -0.647936   1.58398
        0         0         0         1

 0.286302 -0.741554  0.606736  0.412188
-0.887002  0.034313  0.460489  0.689763
-0.362296 -0.670015 -0.647936   1.58398
        0         0         0         1

 0.296502 -0.750482  0.590646  0.418293
-0.883703 0.0189283  0.467666  0.695202
-0.362155 -0.660619 -0.657591   1.57878
        0         0         0         1

 0.296502 -0.750482  0.590646  0.418293
-0.883703 0.0189283  0.467666  0.695202
-0.362155 -0.660619 -0.657591   1.57878
        0         0         0         1

 0.303017 -0.754085  0.582697  0.424209
 -0.88165 0.0102855  0.471791   0.69917
-0.361764 -0.656696 -0.661723   1.57491
        0         0         0         1

 0.303017 -0.754085  0.582697  0.424209
 -0.88165 0.0102855  0.471791   0.69917
-0.361764 -0.656696 -0.661723   1.57491
        0         0         0         1

 0.310683  -0.75673  0.575184   0.43201
-0.878637 0.0021994  0.477486  0.706311
-0.362593 -0.653724 -0.664207   1.57218
        0         0         0         1

 0.310683  -0.75673  0.575184   0.43201
-0.878637 0.0021994  0.477486  0.706311
-0.362593 -0.653724 -0.664207   1.57218
        0         0         0         1

  0.319191  -0.749429   0.580063   0.433333
 -0.874943 0.00214084   0.484221   0.707926
 -0.364131  -0.662081  -0.655025     1.5729
         0          0          0          1

  0.319191  -0.749429   0.580063   0.433333
 -0.874943 0.00214084   0.484221   0.707926
 -0.364131  -0.662081  -0.655025     1.5729
         0          0          0          1

 0.330273 -0.729963  0.598392  0.435848
-0.873684 0.0034966  0.486481  0.712351
-0.357206 -0.683478 -0.636602   1.56655
        0         0         0         1

 0.330273 -0.729963  0.598392  0.435848
-0.873684 0.0034966  0.486481  0.712351
-0.357206 -0.683478 -0.636602   1.56655
        0         0         0         1

 0.342802 -0.707773  0.617692  0.445333
-0.869197  0.010451  0.494356  0.721178
-0.356347 -0.706362 -0.611612   1.56838
        0         0         0         1

 0.342802 -0.707773  0.617692  0.445333
-0.869197  0.010451  0.494356  0.721178
-0.356347 -0.706362 -0.611612   1.56838
        0         0         0         1

   0.350479   -0.709365    0.611527    0.449736
  -0.867201 0.000816765    0.497958     0.72562
  -0.353734    -0.70484   -0.614876     1.57036
          0           0           0           1

   0.350479   -0.709365    0.611527    0.449736
  -0.867201 0.000816765    0.497958     0.72562
  -0.353734    -0.70484   -0.614876     1.57036
          0           0           0           1

  0.362484  -0.705516   0.608976   0.454498
 -0.862444 -0.0062515   0.506114   0.731106
 -0.353265  -0.708666  -0.610734    1.57244
         0          0          0          1

  0.362484  -0.705516   0.608976   0.454498
 -0.862444 -0.0062515   0.506114   0.731106
 -0.353265  -0.708666  -0.610734    1.57244
         0          0          0          1

  0.387495  -0.672948   0.630071   0.463223
 -0.858782 -0.0150101   0.512121   0.743072
 -0.335173  -0.739538  -0.583732    1.57387
         0          0          0          1

  0.387495  -0.672948   0.630071   0.463223
 -0.858782 -0.0150101   0.512121   0.743072
 -0.335173  -0.739538  -0.583732    1.57387
         0          0          0          1

  0.399974  -0.645449   0.650704    0.46933
 -0.859904 -0.0185988   0.510116   0.751503
 -0.317152  -0.763577  -0.562464    1.58182
         0          0          0          1

  0.399974  -0.645449   0.650704    0.46933
 -0.859904 -0.0185988   0.510116   0.751503
 -0.317152  -0.763577  -0.562464    1.58182
         0          0          0          1

  0.412344  -0.624206    0.66358   0.472121
 -0.864593 -0.0385468   0.500992   0.763162
 -0.287144  -0.780308  -0.555579    1.60019
         0          0          0          1

  0.412344  -0.624206    0.66358   0.472121
 -0.864593 -0.0385468   0.500992   0.763162
 -0.287144  -0.780308  -0.555579    1.60019
         0          0          0          1

  0.422242  -0.615502   0.665484   0.471582
 -0.865757 -0.0562422   0.497294    0.77168
 -0.268657  -0.786126  -0.556623    1.61387
         0          0          0          1

  0.422242  -0.615502   0.665484   0.471582
 -0.865757 -0.0562422   0.497294    0.77168
 -0.268657  -0.786126  -0.556623    1.61387
         0          0          0          1

   0.42521  -0.614845     0.6642   0.476697
 -0.870314 -0.0762737   0.486555   0.787049
 -0.248495  -0.784951  -0.567541    1.62627
         0          0          0          1

   0.42521  -0.614845     0.6642   0.476697
 -0.870314 -0.0762737   0.486555   0.787049
 -0.248495  -0.784951  -0.567541    1.62627
         0          0          0          1

  0.44044 -0.615224  0.653844  0.478749
-0.869095 -0.109544  0.482363  0.808182
-0.225137 -0.780704 -0.582936   1.65169
        0         0         0         1

  0.44044 -0.615224  0.653844  0.478749
-0.869095 -0.109544  0.482363  0.808182
-0.225137 -0.780704 -0.582936   1.65169
        0         0         0         1

 0.456932 -0.606445  0.650721  0.472266
  -0.8671 -0.140536  0.477899  0.821253
 -0.19837 -0.782607 -0.590064   1.66912
        0         0         0         1

 0.456932 -0.606445  0.650721  0.472266
  -0.8671 -0.140536  0.477899  0.821253
 -0.19837 -0.782607 -0.590064   1.66912
        0         0         0         1

 0.465093 -0.588291  0.661515  0.469806
-0.874335 -0.188214  0.447341  0.850261
-0.138661 -0.786441 -0.601901   1.69246
        0         0         0         1

 0.465093 -0.588291  0.661515  0.469806
-0.874335 -0.188214  0.447341  0.850261
-0.138661 -0.786441 -0.601901   1.69246
        0         0         0         1

 0.466638 -0.562739  0.682329  0.464592
-0.879826 -0.216578  0.423084  0.871248
-0.0903087 -0.797758 -0.596176   1.70976
        0         0         0         1

 0.466638 -0.562739  0.682329  0.464592
-0.879826 -0.216578  0.423084  0.871248
-0.0903087 -0.797758 -0.596176   1.70976
        0         0         0         1

 0.459262 -0.542776  0.703187  0.460409
-0.887499 -0.246743  0.389183  0.895388
-0.037733 -0.802815 -0.595033   1.72639
        0         0         0         1

 0.459262 -0.542776  0.703187  0.460409
-0.887499 -0.246743  0.389183  0.895388
-0.037733 -0.802815 -0.595033   1.72639
        0         0         0         1

 0.446222 -0.520039  0.728317  0.452513
-0.894267 -0.290241  0.340656  0.934421
0.0342336 -0.803318 -0.594566   1.75371
        0         0         0         1

 0.446222 -0.520039  0.728317  0.452513
-0.894267 -0.290241  0.340656  0.934421
0.0342336 -0.803318 -0.594566   1.75371
        0         0         0         1

 0.429535 -0.516781  0.740565  0.448471
-0.899205 -0.320359  0.297995  0.961582
0.0832485 -0.793919 -0.602297   1.77102
        0         0         0         1

 0.429535 -0.516781  0.740565  0.448471
-0.899205 -0.320359  0.297995  0.961582
0.0832485 -0.793919 -0.602297   1.77102
        0         0         0         1

 0.399374 -0.511293  0.760972  0.438462
-0.902259 -0.366387  0.227351   1.00346
 0.162567 -0.777393 -0.607645   1.79838
        0         0         0         1

 0.399374 -0.511293  0.760972  0.438462
-0.902259 -0.366387  0.227351   1.00346
 0.162567 -0.777393 -0.607645   1.79838
        0         0         0         1

  0.37506 -0.497528  0.782174  0.433563
 -0.89794 -0.404601  0.173211   1.03716
 0.230291  -0.76731   -0.5985    1.8118
        0         0         0         1

  0.37506 -0.497528  0.782174  0.433563
 -0.89794 -0.404601  0.173211   1.03716
 0.230291  -0.76731   -0.5985    1.8118
        0         0         0         1

 0.343005  -0.48319  0.805527  0.431843
-0.892737 -0.434429  0.119551   1.06972
 0.292179 -0.760131 -0.580373   1.82545
        0         0         0         1

 0.343005  -0.48319  0.805527  0.431843
-0.892737 -0.434429  0.119551   1.06972
 0.292179 -0.760131 -0.580373   1.82545
        0         0         0         1

 0.296606  -0.46559  0.833817  0.424333
-0.876354 -0.479663 0.0439017   1.11983
 0.379511  -0.74374 -0.550293   1.84365
        0         0         0         1

 0.296606  -0.46559  0.833817  0.424333
-0.876354 -0.479663 0.0439017   1.11983
 0.379511  -0.74374 -0.550293   1.84365
        0         0         0         1

  0.273487  -0.449546   0.850361   0.410548
 -0.861901  -0.506994 0.00917492    1.14779
  0.427004  -0.735436   -0.52612    1.86134
         0          0          0          1

  0.273487  -0.449546   0.850361   0.410548
 -0.861901  -0.506994 0.00917492    1.14779
  0.427004  -0.735436   -0.52612    1.86134
         0          0          0          1

