  0.254153  -0.441916     0.8603   0.329997
 -0.785829  -0.612893 -0.0826763    1.08538
  0.563808  -0.655036  -0.503039    2.16113
         0          0          0          1

  0.263121  -0.435601   0.860825   0.332547
 -0.784836  -0.615554 -0.0715936    1.07957
  0.561071  -0.656768  -0.503841    2.15525
         0          0          0          1

  0.273251  -0.419196   0.865799   0.325415
 -0.780551  -0.622656 -0.0551263    1.06983
  0.562204  -0.660737  -0.497346    2.14216
         0          0          0          1

  0.283289  -0.406168   0.868778   0.322314
 -0.781523  -0.622817 -0.0363402    1.05943
   0.55585  -0.668675  -0.493867    2.13917
         0          0          0          1

  0.299136  -0.395684   0.868304   0.328264
 -0.782055  -0.623041 -0.0144957    1.04099
  0.546724  -0.674725  -0.495821    2.12852
         0          0          0          1

   0.304529   -0.398438    0.865164     0.33399
  -0.784882   -0.619579 -0.00906702     1.03359
    0.53965    -0.67629   -0.501407     2.12967
          0           0           0           1

    0.311817    -0.391849     0.865578      0.33199
   -0.782282    -0.622924 -0.000188284      1.02185
    0.539263    -0.677067    -0.500775      2.12006
           0            0            0            1

  0.316592  -0.390988   0.864232   0.335114
 -0.785975  -0.618203 0.00824234    1.01231
  0.531048  -0.681875  -0.503025    2.12153
         0          0          0          1

 0.337887 -0.372711  0.864245  0.328503
-0.788373 -0.613651 0.0435832  0.979846
 0.514101 -0.696074  -0.50118   2.12114
        0         0         0         1

 0.337095 -0.360325  0.869789  0.326325
-0.782807 -0.620539 0.0463155  0.975008
 0.523049  -0.69649 -0.491245   2.10609
        0         0         0         1

 0.344318 -0.358033  0.867904  0.331582
-0.784042 -0.618174  0.056035  0.964514
 0.516453 -0.699767 -0.493562    2.1039
        0         0         0         1

 0.351337 -0.352287  0.867443  0.332266
-0.785316 -0.615331 0.0681742  0.953257
 0.509747 -0.705168 -0.492844   2.10317
        0         0         0         1

  0.35827 -0.346408  0.866974  0.336343
-0.784275 -0.615468 0.0781788  0.943179
 0.506513 -0.707955 -0.492182   2.09629
        0         0         0         1

 0.361045 -0.343556  0.866958  0.341756
-0.782612 -0.617172 0.0813473  0.939105
 0.507115 -0.707861 -0.491698   2.08854
        0         0         0         1

 0.389725 -0.329713  0.859886  0.345184
-0.780589 -0.613716  0.118464  0.910931
 0.488666 -0.717386  -0.49655   2.08288
        0         0         0         1

 0.389871 -0.333382  0.858404  0.356062
-0.780973 -0.613624  0.116388  0.909632
 0.487936 -0.715767 -0.499597   2.07571
        0         0         0         1

 0.406815  -0.32636  0.853224  0.354226
-0.780781 -0.609078  0.139301  0.891757
 0.474217 -0.722851 -0.502597   2.07641
        0         0         0         1

 0.411408 -0.324582  0.851698  0.357614
-0.779287 -0.609898  0.143998  0.884138
  0.47271  -0.72296  -0.50386   2.07291
        0         0         0         1

  0.42941 -0.306888  0.849368  0.359347
 -0.77215  -0.61254  0.169053  0.859361
 0.468392 -0.728433 -0.499995     2.058
        0         0         0         1

 0.433986 -0.307582  0.846788  0.365241
-0.770073  -0.61448  0.171469  0.853935
 0.467593 -0.726504 -0.503536   2.05416
        0         0         0         1

 0.446725 -0.303482  0.841627  0.366425
-0.767955 -0.612693   0.18669  0.838383
 0.459002  -0.72973 -0.506766   2.05205
        0         0         0         1

  0.45397 -0.303259  0.837821   0.37019
-0.766386 -0.612528  0.193552  0.828198
 0.454493 -0.729961 -0.510483   2.05083
        0         0         0         1

 0.467929 -0.301852  0.830619  0.373314
-0.763558 -0.611326  0.207991   0.81327
 0.444997 -0.731551 -0.516538   2.05025
        0         0         0         1

 0.475814 -0.305113  0.824928  0.379685
 -0.76422 -0.607699  0.216031  0.803712
 0.435394 -0.733218 -0.522325     2.053
        0         0         0         1

 0.496744 -0.299643   0.81453  0.383211
-0.756189 -0.610021  0.236755  0.777848
 0.425938 -0.733545 -0.529611   2.05105
        0         0         0         1

 0.501095 -0.298021  0.812457  0.387919
-0.752958  -0.61291  0.239574  0.771273
 0.426565 -0.731796 -0.531523   2.04685
        0         0         0         1

 0.509785 -0.298931  0.806697   0.39226
-0.747733 -0.617688  0.243632  0.760904
 0.425458 -0.727394 -0.538409   2.04498
        0         0         0         1

 0.515516 -0.294364  0.804732  0.393297
-0.744702 -0.618468   0.25083  0.751636
 0.423866 -0.728592 -0.538044   2.04389
        0         0         0         1

 0.526946 -0.295146  0.797005  0.402548
-0.736285 -0.626934  0.254636  0.733049
 0.424514 -0.721002 -0.547672   2.04059
        0         0         0         1

 0.534341 -0.299978  0.790248  0.408664
-0.735261 -0.626151  0.259474  0.723199
 0.416978 -0.719686  -0.55514   2.04713
        0         0         0         1

 0.540555  -0.30472  0.784185  0.416305
-0.732186 -0.629483  0.260106   0.71334
 0.414371 -0.714771 -0.563382   2.04895
        0         0         0         1

 0.548605  -0.30282  0.779315   0.41556
-0.726968 -0.633174  0.265721  0.702752
 0.412977 -0.712313 -0.567503   2.05077
        0         0         0         1

 0.557565  -0.30521   0.77199  0.420198
-0.721402  -0.63827  0.268684  0.691307
 0.410732 -0.706724 -0.576056   2.05332
        0         0         0         1

 0.563889 -0.307074  0.766639   0.42331
-0.717331 -0.642111  0.270426  0.682635
 0.409226 -0.702424 -0.582353   2.05598
        0         0         0         1

 0.579016 -0.302575  0.757092  0.425225
-0.705641 -0.651142  0.279436   0.65598
 0.408424 -0.696034 -0.590531   2.06467
        0         0         0         1

 0.583189 -0.305254  0.752802  0.430349
-0.704012 -0.652274    0.2809  0.647768
 0.405287   -0.6938 -0.595302   2.06947
        0         0         0         1

 0.587315 -0.310059  0.747612  0.439037
-0.700143 -0.658032  0.277117  0.639807
  0.40603 -0.686191 -0.603558   2.07305
        0         0         0         1

  0.59017 -0.306964  0.746641  0.440965
-0.695806 -0.662387  0.277664  0.631473
 0.409332 -0.683386 -0.604508   2.07411
        0         0         0         1

 0.603694  -0.31062  0.734213  0.452169
-0.688085 -0.668125  0.283106   0.60918
 0.402608  -0.67611 -0.617076   2.08866
        0         0         0         1

 0.606558 -0.309749  0.732218   0.45525
-0.684686 -0.671623  0.283068  0.601634
 0.404094 -0.673036 -0.619459   2.09052
        0         0         0         1

 0.611359 -0.309258  0.728423  0.459812
-0.679672 -0.676658  0.283162  0.592411
 0.405323 -0.668202 -0.623874   2.09398
        0         0         0         1

 0.613758 -0.306632  0.727515  0.461903
-0.676064 -0.680022  0.283738  0.584351
 0.407723 -0.665993 -0.624672   2.09519
        0         0         0         1

 0.619157 -0.307321  0.722633  0.468061
-0.671963 -0.683529  0.285051  0.573175
 0.406338 -0.662074  -0.62972   2.10138
        0         0         0         1

 0.622418 -0.303041  0.721638  0.468882
-0.668643 -0.685124  0.289002  0.564089
 0.406832 -0.662399  -0.62906   2.10394
        0         0         0         1

 0.631834  -0.30285   0.71349  0.478929
 -0.66325 -0.687596  0.295485  0.543557
 0.401105  -0.65992 -0.635311   2.11273
        0         0         0         1

 0.634488 -0.302522  0.711271  0.483882
-0.660512 -0.690146  0.295673  0.538294
 0.401433 -0.657404 -0.637708   2.11283
        0         0         0         1

 0.640715 -0.305879  0.704217  0.492803
-0.658502 -0.690556  0.299178   0.52823
 0.394789 -0.655416 -0.643872   2.11857
        0         0         0         1

 0.642587 -0.304634   0.70305  0.497294
-0.655845 -0.693106  0.299117  0.522932
 0.396167 -0.653301 -0.645174   2.11845
        0         0         0         1

 0.650715 -0.300521  0.697322   0.50743
 -0.64873 -0.697285  0.304866  0.505584
 0.394613 -0.650754  -0.64869   2.11994
        0         0         0         1

  0.65434 -0.300831  0.693786  0.511928
-0.646774 -0.698019  0.307334  0.498715
  0.39182 -0.649824 -0.651311   2.12045
        0         0         0         1

 0.659281 -0.296995  0.690755  0.515295
-0.641865  -0.70078  0.311314  0.489757
 0.391609 -0.648615 -0.652641   2.11909
        0         0         0         1

 0.662314 -0.298199  0.687326   0.52105
-0.640231 -0.701759  0.312471  0.483916
 0.389159 -0.647002 -0.655702   2.11895
        0         0         0         1

  0.66454 -0.297371  0.685534  0.526672
-0.637252 -0.704639  0.312079   0.47668
 0.390251 -0.644247 -0.657762   2.11625
        0         0         0         1

 0.667417 -0.297933  0.682489  0.531159
-0.635516 -0.705592  0.313463   0.47091
 0.388168 -0.642943 -0.660265   2.11497
        0         0         0         1

 0.672368 -0.301114  0.676204   0.54446
-0.632126 -0.708893   0.31287  0.459391
 0.385147  -0.63781 -0.666978   2.10836
        0         0         0         1

 0.676284  -0.30026   0.67267  0.547795
-0.630562 -0.708048  0.317898  0.451863
  0.38083  -0.63915 -0.668174   2.10751
        0         0         0         1

 0.678509 -0.300844  0.670163  0.553619
-0.629824 -0.707789  0.319932  0.445191
 0.378085 -0.639161  -0.66972   2.10295
        0         0         0         1

 0.679884 -0.301451  0.668494  0.558481
 -0.63095 -0.705034  0.323772  0.438296
  0.37371 -0.641914 -0.669542   2.10194
        0         0         0         1

 0.682763 -0.298269  0.666985  0.569552
-0.629521 -0.703512   0.32981  0.428654
  0.37086 -0.645064 -0.668099   2.08957
        0         0         0         1

 0.684128 -0.295713  0.666725  0.571968
-0.628851 -0.702224  0.333808  0.423141
 0.369479 -0.647638 -0.666371   2.08431
        0         0         0         1

 0.683681 -0.291585  0.668997  0.576196
  -0.6291 -0.700106  0.337764  0.418297
 0.369882 -0.651789 -0.662086   2.07445
        0         0         0         1

 0.683348 -0.290625  0.669756  0.581093
-0.630212 -0.697953  0.340141  0.414969
 0.368604 -0.654522   -0.6601   2.06857
        0         0         0         1

 0.683756 -0.286648  0.671052  0.586163
-0.631185 -0.693797  0.346771  0.409481
 0.366173 -0.660665 -0.655316   2.06015
        0         0         0         1

 0.682712 -0.282238  0.673977   0.58864
-0.632783 -0.689591  0.352208  0.405074
 0.365362 -0.666938 -0.649388   2.05289
        0         0         0         1

 0.680581 -0.275704   0.67882  0.598052
-0.639383 -0.675908   0.36652  0.396615
 0.357769 -0.683473 -0.636291   2.03286
        0         0         0         1

  0.68155 -0.272596  0.679103  0.600521
-0.640331  -0.67137  0.373147  0.393113
 0.354211 -0.689169 -0.632124    2.0236
        0         0         0         1

 0.682958 -0.269065  0.679097  0.603921
-0.642458 -0.663651  0.383165  0.388391
 0.347587 -0.697976 -0.626109   2.01112
        0         0         0         1

 0.683047 -0.269263  0.678929  0.607536
-0.645661 -0.657142  0.388955  0.385484
 0.341422 -0.704032 -0.622711   2.00221
        0         0         0         1

 0.681506  -0.26471   0.68226  0.613249
 -0.65264 -0.641613   0.40298    0.3785
 0.331074 -0.719904 -0.610024    1.9756
        0         0         0         1

 0.679643 -0.265698  0.683732  0.616562
-0.657057 -0.634914    0.4064  0.376337
 0.326131 -0.725458 -0.606093    1.9649
        0         0         0         1

 0.679483 -0.265835  0.683838  0.619487
-0.661502 -0.625134  0.414275  0.372119
 0.317361 -0.733853 -0.600618   1.95107
        0         0         0         1

 0.679238 -0.268449   0.68306  0.622833
-0.664648 -0.619709  0.417377  0.370856
 0.311254 -0.737493 -0.599354   1.93954
        0         0         0         1

 0.678813 -0.270454  0.682692  0.625814
-0.669059  -0.61093  0.423232  0.368276
 0.302612 -0.744056 -0.595657   1.92393
        0         0         0         1

 0.678837  -0.27185  0.682113  0.627457
-0.671865 -0.604769  0.427613  0.366161
 0.296274 -0.748567 -0.593185   1.91213
        0         0         0         1

 0.681131 -0.280436  0.676326  0.632488
-0.678762  -0.58817  0.439702  0.361655
 0.274486 -0.758559  -0.59097   1.88333
        0         0         0         1

 0.681424  -0.28431   0.67441  0.634628
-0.681697 -0.581913   0.44347  0.360438
 0.266365 -0.761935 -0.590343   1.87131
        0         0         0         1

 0.682986 -0.290262  0.670282  0.636584
-0.685279 -0.572266  0.450449  0.357699
 0.252831 -0.766981  -0.58976   1.85587
        0         0         0         1

  0.68299 -0.296058  0.667738   0.63898
-0.688571 -0.565985  0.453356  0.357168
  0.24371 -0.769423 -0.590419   1.84366
        0         0         0         1

 0.685626 -0.310809  0.658266   0.64361
-0.694613  -0.54986  0.463861  0.354506
 0.217782 -0.775276  -0.59289   1.81307
        0         0         0         1

 0.685696  -0.31563  0.655896   0.64506
-0.697291 -0.543349  0.467501  0.353873
 0.208822 -0.777914 -0.592658   1.80092
        0         0         0         1

 0.685979 -0.324641  0.651184  0.647812
-0.701405   -0.5331  0.473112  0.352777
 0.193555 -0.781289   -0.5934   1.78564
        0         0         0         1

 0.685597 -0.328857  0.649469  0.648707
 -0.70416 -0.525933  0.477026  0.351693
 0.184704 -0.784377 -0.592146   1.77344
        0         0         0         1

 0.686105 -0.335703  0.645417  0.650302
-0.707259 -0.515618  0.483656   0.35071
 0.170424 -0.788315 -0.591197   1.75781
        0         0         0         1

 0.685416 -0.340278  0.643751  0.651377
-0.709986 -0.508562  0.487119  0.350169
 0.161631 -0.790934 -0.590169   1.74612
        0         0         0         1

 0.685259 -0.353565   0.63672  0.654448
-0.715447 -0.490321  0.497716  0.349687
 0.136222 -0.796603 -0.588954   1.71715
        0         0         0         1

 0.685216 -0.359211  0.633599  0.655486
-0.717496 -0.482466   0.50242   0.34955
 0.125215 -0.798871 -0.588326   1.70657
        0         0         0         1

 0.683045 -0.366777  0.631604  0.657906
-0.721392 -0.474011  0.504884  0.351146
 0.114207 -0.800492 -0.588361   1.69083
        0         0         0         1

 0.683099  -0.36941  0.630009  0.658213
-0.722636 -0.466735  0.509858  0.351013
 0.105701 -0.803551 -0.585776   1.68025
        0         0         0         1

 0.682628 -0.374536  0.627489  0.659183
-0.724693 -0.457427  0.515345  0.351392
 0.094015 -0.806526 -0.583676   1.66671
        0         0         0         1

 0.682199 -0.378141  0.625791  0.660139
-0.725947 -0.452387  0.518023  0.352308
0.0872135 -0.807685 -0.583128   1.65646
        0         0         0         1

 0.681445  -0.38489   0.62249  0.661926
-0.728366 -0.439784  0.525427  0.354389
0.0715296 -0.811449 -0.580029   1.63285
        0         0         0         1

 0.680473 -0.387805  0.621742  0.663088
-0.729799  -0.43503  0.527392  0.355748
0.0659511 -0.812623 -0.579046   1.62405
        0         0         0         1

 0.679812  -0.39088  0.620539   0.66447
 -0.73103 -0.428939  0.530666  0.357287
0.0587467 -0.814385 -0.577343   1.61271
        0         0         0         1

 0.679705 -0.391603    0.6202  0.665053
-0.731472 -0.424493  0.533623  0.358505
0.0543017 -0.816365 -0.574977   1.60449
        0         0         0         1

 0.678808 -0.393002  0.620298  0.667011
-0.732936 -0.414386  0.539527  0.362334
0.0450081 -0.820874 -0.569333   1.58351
        0         0         0         1

 0.677465 -0.394242  0.620979  0.668628
-0.734422 -0.409387  0.541319  0.364267
0.0408107 -0.822785 -0.566885   1.57562
        0         0         0         1

 0.677532 -0.393121  0.621616   0.66924
-0.734605 -0.403213  0.545687  0.365908
0.0361227 -0.826363 -0.561979   1.56526
        0         0         0         1

 0.678143 -0.393347  0.620806  0.669621
-0.734288 -0.397936  0.549971  0.366825
0.0307114  -0.82881 -0.558687   1.55887
        0         0         0         1

 0.677231 -0.394313  0.621189  0.671124
-0.735369 -0.390623  0.553756  0.368812
0.0242973 -0.831824 -0.554508   1.55009
        0         0         0         1

 0.676383 -0.393592  0.622568   0.67185
-0.736227 -0.386327  0.555628  0.370351
0.0218238 -0.834168 -0.551078   1.54311
        0         0         0         1

 0.673408 -0.394469  0.625233  0.674267
-0.739121 -0.376269  0.558678  0.374661
0.0148748 -0.838341 -0.544943   1.52697
        0         0         0         1

  0.67382 -0.394351  0.624863   0.67431
  -0.7388 -0.373189  0.561163   0.37547
0.0118968 -0.839772 -0.542809   1.52142
        0         0         0         1

 0.674927 -0.394002  0.623888   0.67406
-0.737826 -0.371066  0.563847  0.376662
0.00934649 -0.840876 -0.541147   1.51369
        0         0         0         1

 0.674951 -0.396472  0.622295  0.674954
-0.737839 -0.369392  0.564928  0.378104
0.00589254 -0.840452 -0.541854   1.50886
        0         0         0         1

 0.675355 -0.402234  0.618145  0.676816
 -0.73749 -0.366083  0.567531  0.381613
-0.00198822 -0.839161 -0.543879   1.49693
        0         0         0         1

 0.675646 -0.405614  0.615614  0.677637
-0.737197 -0.364281  0.569069  0.382736
-0.00656558 -0.838318 -0.545142    1.4929
        0         0         0         1

 0.674789 -0.409571  0.613931  0.679301
-0.737942 -0.363114  0.568849  0.385076
-0.0100569 -0.836899 -0.547265   1.48659
        0         0         0         1

 0.675789 -0.412325  0.610981   0.67974
-0.736953 -0.361674  0.571045  0.386135
-0.0144802  -0.83617 -0.548279   1.48234
        0         0         0         1

 0.676036 -0.416238  0.608046  0.680949
-0.736625 -0.360535  0.572188  0.388226
-0.0189444 -0.834722 -0.550346   1.47625
        0         0         0         1

 0.676011 -0.420284  0.605286  0.681999
-0.736515 -0.359115   0.57322  0.389619
-0.0235477 -0.833305 -0.552311   1.47225
        0         0         0         1

 0.676714 -0.429252  0.598165  0.683918
-0.735471 -0.356837  0.575978  0.392782
-0.0337916 -0.829705 -0.557179   1.46205
        0         0         0         1

 0.676407 -0.433363  0.595541  0.685019
-0.735562 -0.356065  0.576339  0.394422
-0.0377124 -0.827897 -0.559611     1.458
        0         0         0         1

 0.676938 -0.438661  0.591043  0.685962
-0.734743 -0.355081  0.577988  0.396088
-0.0436728 -0.825526 -0.562671   1.45273
        0         0         0         1

 0.677384 -0.443407  0.586977  0.686345
-0.734001  -0.35433  0.579389  0.397173
-0.0489216 -0.823311 -0.565479   1.44932
        0         0         0         1

 0.676501 -0.459019  0.575889  0.688599
-0.733869 -0.354876  0.579223  0.401031
-0.0615049 -0.814472 -0.576934   1.44023
        0         0         0         1

  0.67708 -0.463684  0.571454  0.688438
 -0.73295 -0.355327   0.58011  0.401847
-0.0659348 -0.811628 -0.580442    1.4364
        0         0         0         1

 0.677925 -0.462878  0.571105  0.689119
-0.731463 -0.347223  0.586854  0.403502
-0.0733409 -0.815586  -0.57397   1.43237
        0         0         0         1

 0.680534 -0.454927  0.574382  0.687962
-0.729048 -0.342066  0.592857  0.403772
-0.0732302 -0.822212 -0.564451   1.42969
        0         0         0         1

 0.678547 -0.451328  0.579549  0.688299
-0.731264 -0.340422  0.591072  0.405926
-0.0694759 -0.824873 -0.561032   1.42685
        0         0         0         1

 0.675494 -0.451616  0.582882  0.688645
-0.734365  -0.34079  0.587002  0.407555
-0.0664588 -0.824564 -0.561852   1.42571
        0         0         0         1

 0.669121 -0.456076  0.586747  0.688707
-0.740384 -0.341004  0.579265  0.410465
-0.0641051 -0.822016 -0.565844   1.42568
        0         0         0         1

 0.667259 -0.457652  0.587639  0.688479
-0.742118 -0.341294   0.57687  0.411188
-0.0634481  -0.82102 -0.567363    1.4249
        0         0         0         1

 0.665503 -0.460094  0.587724  0.687846
-0.743543 -0.339898  0.575858  0.411584
-0.0651829 -0.820234 -0.568303   1.42521
        0         0         0         1

 0.663716 -0.461423  0.588702  0.687718
-0.745121 -0.339065  0.574308  0.412214
-0.0653907 -0.819832 -0.568859   1.42457
        0         0         0         1

 0.658633 -0.466462  0.590437  0.687429
-0.749346 -0.335244  0.571044   0.41345
-0.0684298  -0.81855 -0.570344    1.4232
        0         0         0         1

  0.65651 -0.469555  0.590349  0.686982
-0.750993 -0.333478  0.569914  0.413612
-0.0707373 -0.817502 -0.571565   1.42325
        0         0         0         1

 0.651698 -0.476685  0.589968   0.68701
-0.754718 -0.330182  0.566904   0.41424
-0.0754382  -0.81471 -0.574941   1.42355
        0         0         0         1

 0.647929 -0.482378  0.589491  0.687043
-0.757609 -0.328016  0.564299  0.414693
-0.0788428  -0.81223 -0.577985   1.42392
        0         0         0         1

 0.643888 -0.490083   0.58756  0.686606
-0.760612 -0.326763  0.560978  0.415313
-0.0829328 -0.808112 -0.583162   1.42428
        0         0         0         1

 0.639612  -0.49715  0.586292  0.686717
-0.763806 -0.325127  0.557577  0.415943
-0.0865795 -0.804446 -0.587682   1.42475
        0         0         0         1

 0.632251 -0.513843  0.579848  0.686147
-0.768511 -0.321048  0.553461  0.417283
-0.0982332 -0.795546 -0.597877   1.42695
        0         0         0         1

 0.627265 -0.521553  0.578378  0.686321
-0.772161 -0.319679  0.549157  0.418499
-0.101519 -0.791067 -0.603247   1.42795
        0         0         0         1

 0.623401 -0.531407  0.573566  0.685056
-0.774595 -0.319668  0.545725   0.41932
-0.106651 -0.784486 -0.610907   1.42944
        0         0         0         1

 0.619583 -0.541378  0.568355  0.684385
-0.776907 -0.319692  0.542414   0.42019
-0.111952 -0.777629 -0.618675   1.43077
        0         0         0         1

 0.609616 -0.563909  0.557112  0.681774
-0.782614 -0.316413  0.536096  0.422923
-0.126032 -0.762817 -0.634213   1.43393
        0         0         0         1

 0.605277 -0.571254  0.554354   0.68082
-0.784919 -0.312446   0.53505  0.424022
-0.132443 -0.758977 -0.637505    1.4353
        0         0         0         1

 0.599188 -0.578885  0.553051  0.678859
-0.788647 -0.307808   0.53225  0.425893
-0.137878  -0.75508 -0.640971   1.43623
        0         0         0         1

 0.595209  -0.58482    0.5511  0.676571
-0.790552  -0.30321  0.532064  0.426389
-0.144063 -0.752362 -0.642804   1.43863
        0         0         0         1

 0.585892 -0.594611  0.550607  0.675107
-0.796153 -0.295545  0.528009  0.428936
-0.151231 -0.747724 -0.646559    1.4417
        0         0         0         1

 0.579593 -0.600769  0.550589  0.673172
-0.800101 -0.291325  0.524373  0.430568
-0.154627  -0.74445 -0.649526   1.44337
        0         0         0         1

 0.561359 -0.618201  0.550186  0.668194
-0.811219 -0.279537  0.513598  0.435481
-0.163709 -0.734634 -0.658417   1.44959
        0         0         0         1

 0.553017 -0.625856  0.549978  0.666481
-0.815891  -0.27306  0.509666  0.437828
  -0.1688 -0.730577 -0.661638   1.45361
        0         0         0         1

 0.544484 -0.633511  0.549729  0.662657
-0.820646 -0.266842  0.505307  0.440219
-0.173427 -0.726264 -0.665179   1.45874
        0         0         0         1

 0.536419 -0.639837   0.55033  0.660765
-0.825372 -0.261655  0.500298  0.442897
-0.176112 -0.722596  -0.66846   1.46253
        0         0         0         1

 0.521975 -0.653076  0.548666   0.65407
-0.833332 -0.253255  0.491344   0.44884
-0.181932  -0.71369 -0.676422   1.47278
        0         0         0         1

 0.516001  -0.65975  0.546327  0.652478
-0.836323 -0.250115  0.487858  0.451849
-0.185219 -0.708641 -0.680824   1.47771
        0         0         0         1

  0.50807 -0.668819  0.542721  0.649985
-0.840452 -0.247115   0.48226  0.456044
 -0.18843 -0.701153 -0.687662   1.48428
        0         0         0         1

 0.504911 -0.674386  0.538765  0.647252
-0.841606 -0.245977  0.480827  0.458708
 -0.19174 -0.696203 -0.691764   1.49033
        0         0         0         1

 0.499811 -0.682098   0.53379  0.644398
-0.844045 -0.245275  0.476894  0.462576
-0.194363   -0.6889 -0.698312   1.49884
        0         0         0         1

 0.495918 -0.687218  0.530846  0.642531
-0.846105  -0.24486  0.473445  0.465822
-0.195377 -0.683941 -0.702889   1.50554
        0         0         0         1

 0.486302 -0.699138  0.524134  0.637714
-0.852221 -0.247042  0.461182  0.475061
-0.192947 -0.670952 -0.715957   1.52297
        0         0         0         1

 0.484913 -0.702636  0.520732  0.635148
-0.853067 -0.248809  0.458663  0.478246
 -0.19271  -0.66663 -0.720046   1.53067
        0         0         0         1

 0.481172  -0.70836   0.51643  0.632731
-0.855129 -0.249612  0.454367  0.483747
-0.192948 -0.660242 -0.725845   1.54219
        0         0         0         1

 0.478842 -0.711638  0.514083  0.630742
-0.856535 -0.250303  0.451328   0.48768
-0.192506 -0.656444 -0.729398   1.55115
        0         0         0         1

 0.477098 -0.713707  0.512834  0.623722
-0.859388 -0.256747  0.442191  0.498011
-0.183926 -0.651692 -0.735845   1.57288
        0         0         0         1

 0.478058 -0.713439  0.512314  0.620879
-0.859464 -0.259734  0.440296   0.50164
-0.181059 -0.650802 -0.737343   1.58279
        0         0         0         1

 0.476656 -0.713088  0.514106  0.618263
-0.861655 -0.263086  0.433976  0.508757
-0.174209  -0.64984 -0.739837    1.5958
        0         0         0         1

 0.477409 -0.712134  0.514729  0.615354
-0.862196 -0.266722  0.430671  0.513275
-0.169406 -0.649404 -0.741334    1.6061
        0         0         0         1

 0.478435 -0.710742  0.515699  0.612082
-0.863161 -0.272696  0.424959  0.520541
-0.161407 -0.648446 -0.743952   1.62011
        0         0         0         1

 0.480661 -0.709296   0.51562  0.608832
-0.862905 -0.277925  0.422081  0.525148
-0.156077 -0.647809 -0.745643   1.63095
        0         0         0         1

 0.487768 -0.706793  0.512373  0.602594
-0.861436 -0.294591  0.413696  0.540066
-0.141457 -0.643164 -0.752549   1.66016
        0         0         0         1

 0.490174 -0.706398  0.510619  0.601497
-0.861208 -0.302214  0.408641  0.547563
-0.134347 -0.640054 -0.756493   1.67029
        0         0         0         1

 0.493424 -0.709333  0.503368  0.600183
-0.860021 -0.311391  0.404226  0.557243
-0.129987 -0.632362  -0.76369   1.68739
        0         0         0         1

 0.497071 -0.711794  0.496256   0.59871
-0.858195  -0.31882  0.402312  0.564313
-0.128146 -0.625862 -0.769334   1.70122
        0         0         0         1

 0.507184 -0.712541  0.484819  0.594571
-0.854769 -0.343985  0.388644  0.586072
-0.110154 -0.611523 -0.783521   1.73049
        0         0         0         1

 0.513368 -0.711907  0.479209   0.59154
-0.851393  -0.35248  0.388443  0.593789
-0.107623 -0.607409 -0.787065   1.74478
        0         0         0         1

 0.518422 -0.710495  0.475854  0.589909
-0.849597 -0.364783  0.380944  0.607723
-0.0970752 -0.601773 -0.792745   1.76028
        0         0         0         1

 0.523453 -0.708217  0.473736  0.588035
-0.847468 -0.375134  0.375596  0.617884
-0.0882886 -0.598083 -0.796556   1.77183
        0         0         0         1

 0.527623 -0.705102  0.473756  0.586776
-0.846099 -0.386513  0.367047   0.63274
-0.0756932 -0.594508 -0.800519   1.78756
        0         0         0         1

 0.535187  -0.70066  0.471859  0.582623
-0.841937 -0.397026  0.365394  0.642217
-0.0686767 -0.592829 -0.802395    1.8003
        0         0         0         1

 0.545756 -0.692631  0.471606  0.578773
-0.836698 -0.419759  0.351766  0.672524
-0.0456832  -0.58657 -0.808609   1.83016
        0         0         0         1

 0.551894  -0.68771  0.471665  0.574836
-0.833092 -0.429575  0.348458  0.683648
-0.0370226 -0.585252 -0.810006   1.84184
        0         0         0         1

 0.558441 -0.683489  0.470092  0.571856
 -0.82913 -0.441985  0.342335  0.700353
-0.0262086 -0.580941 -0.813524   1.85743
        0         0         0         1

 0.562784 -0.680967  0.468571  0.569685
-0.826378 -0.450267   0.33817  0.712794
-0.0193005 -0.577533 -0.816139   1.87051
        0         0         0         1

 0.573672 -0.674076  0.465319  0.563662
 -0.81907 -0.475617  0.320802  0.747965
0.00506908 -0.565164 -0.824963   1.89905
        0         0         0         1

 0.579029  -0.67021  0.464267  0.560732
-0.815149 -0.487103  0.313469  0.762065
0.0160562 -0.559954 -0.828368   1.90838
        0         0         0         1

 0.582552 -0.674238  0.453913  0.562881
-0.812455 -0.499163  0.301253  0.783954
  0.02346 -0.544279 -0.838576   1.92552
        0         0         0         1

 0.583948  -0.67614  0.449265   0.56295
-0.811177 -0.507515  0.290551  0.799599
0.0315549   -0.5341 -0.844832   1.93632
        0         0         0         1

 0.585756 -0.678524  0.443277  0.562209
-0.809281  -0.51949  0.274218  0.822333
0.0442143  -0.51936 -0.853411   1.94894
        0         0         0         1

 0.589609 -0.679033  0.437351  0.558438
-0.805899 -0.530619  0.262621   0.83942
0.0537379 -0.507305  -0.86009   1.95696
        0         0         0         1

 0.593738 -0.684626  0.422803  0.556549
-0.801728 -0.548131  0.238295  0.882261
0.0686087 -0.480458  -0.87433   1.98145
        0         0         0         1

 0.595741 -0.682221  0.423872  0.548587
-0.799249 -0.555678  0.228959   0.89732
0.0793354 -0.475179 -0.876305   1.98859
        0         0         0         1

 0.593445 -0.685309  0.422107  0.544864
-0.800256 -0.558491  0.218354  0.919209
0.0861032 -0.467374 -0.879857   2.00215
        0         0         0         1

 0.582934 -0.691772  0.426191  0.547706
-0.806876 -0.554571  0.203475  0.939308
0.0955945 -0.462496 -0.881453   2.00704
        0         0         0         1

 0.550675 -0.692136  0.466589  0.532849
 -0.82562 -0.533945  0.182358  0.979417
 0.122916 -0.485645 -0.865471   2.02567
        0         0         0         1

 0.526524 -0.698431  0.484733  0.532045
 -0.84036 -0.513891  0.172368  0.995777
 0.128713 -0.498106  -0.85751   2.03602
        0         0         0         1

 0.483608 -0.704194  0.519841  0.526119
-0.861761 -0.487063  0.141905   1.02117
 0.153267 -0.516605 -0.842394   2.03955
        0         0         0         1

 0.471757 -0.690336  0.548527  0.521126
-0.861161 -0.494322   0.11852   1.03951
  0.18933 -0.528283 -0.827691   2.04227
        0         0         0         1

 0.466218 -0.659006  0.590214  0.515613
-0.854341 -0.508578  0.107001   1.06317
 0.229656  -0.55413 -0.800124   2.04591
        0         0         0         1

 0.464268 -0.635786  0.616629   0.50843
-0.843992 -0.528695 0.0903318   1.08347
 0.268577 -0.562368 -0.782054   2.04061
        0         0         0         1

 0.452818  -0.61036  0.649936  0.505045
-0.825893 -0.561795 0.0478226   1.12953
 0.335942 -0.558433 -0.758482     2.048
        0         0         0         1

 0.441987 -0.607129  0.660335  0.510068
-0.820252 -0.571516 0.0235583   1.14998
 0.363089 -0.552054 -0.750601   2.04312
        0         0         0         1

   0.428846   -0.601755    0.673782     0.50694
  -0.814559    -0.58008 0.000377476     1.17359
    0.39062   -0.548997    -0.73893     2.04401
          0           0           0           1

  0.424882  -0.596324   0.681082   0.501219
 -0.808719  -0.588103 -0.0104095    1.18859
  0.406754  -0.546381  -0.732133    2.04568
         0          0          0          1

