 0.577276  -0.66715  0.470811    1.4727
-0.813649 -0.421432  0.400462   1.06454
-0.0687534 -0.614252 -0.786109   2.15269
        0         0         0         1

 0.570707  -0.67391   0.46919   1.49824
-0.814088 -0.389544  0.430716   1.00175
-0.107494 -0.627774 -0.770938   2.13177
        0         0         0         1

 0.570707  -0.67391   0.46919   1.49824
-0.814088 -0.389544  0.430716   1.00175
-0.107494 -0.627774 -0.770938   2.13177
        0         0         0         1

 0.563117 -0.679254  0.470652   1.51535
 -0.81567 -0.365482  0.448448  0.962219
-0.132595 -0.636425 -0.759856   2.11367
        0         0         0         1

 0.563117 -0.679254  0.470652   1.51535
 -0.81567 -0.365482  0.448448  0.962219
-0.132595 -0.636425 -0.759856   2.11367
        0         0         0         1

 0.556859 -0.687499  0.466104   1.53816
-0.814335 -0.341355  0.469398  0.911371
-0.163604 -0.640954 -0.749941   2.07976
        0         0         0         1

 0.556859 -0.687499  0.466104   1.53816
-0.814335 -0.341355  0.469398  0.911371
-0.163604 -0.640954 -0.749941   2.07976
        0         0         0         1

 0.549443 -0.694607  0.464364   1.55675
 -0.81486  -0.32261  0.481587  0.877548
-0.184705 -0.642996 -0.743263   2.05639
        0         0         0         1

 0.549443 -0.694607  0.464364   1.55675
 -0.81486  -0.32261  0.481587  0.877548
-0.184705 -0.642996 -0.743263   2.05639
        0         0         0         1

 0.537106 -0.700837  0.469409   1.57381
-0.817128 -0.294193  0.495735  0.842541
-0.209332 -0.649829 -0.730686   2.03573
        0         0         0         1

 0.537106 -0.700837  0.469409   1.57381
-0.817128 -0.294193  0.495735  0.842541
-0.209332 -0.649829 -0.730686   2.03573
        0         0         0         1

 0.514129 -0.714595  0.474368   1.59959
-0.822767 -0.254631  0.508151  0.797165
-0.242333  -0.65155 -0.718859    1.9979
        0         0         0         1

 0.514129 -0.714595  0.474368   1.59959
-0.822767 -0.254631  0.508151  0.797165
-0.242333  -0.65155 -0.718859    1.9979
        0         0         0         1

  0.50044 -0.723988  0.474764   1.61354
-0.824111 -0.230288  0.517503  0.770737
-0.265334 -0.650237 -0.711892   1.97118
        0         0         0         1

  0.50044 -0.723988  0.474764   1.61354
-0.824111 -0.230288  0.517503  0.770737
-0.265334 -0.650237 -0.711892   1.97118
        0         0         0         1

 0.483738 -0.733816  0.476983     1.631
-0.822181 -0.194186  0.535079  0.735338
-0.300026 -0.651004 -0.697265   1.92748
        0         0         0         1

 0.483738 -0.733816  0.476983     1.631
-0.822181 -0.194186  0.535079  0.735338
-0.300026 -0.651004 -0.697265   1.92748
        0         0         0         1

  0.47182 -0.738144  0.482213   1.64498
-0.819374 -0.165114  0.548966  0.710141
-0.325596 -0.654126  -0.68272   1.90125
        0         0         0         1

  0.47182 -0.738144  0.482213   1.64498
-0.819374 -0.165114  0.548966  0.710141
-0.325596 -0.654126  -0.68272   1.90125
        0         0         0         1

 0.459462 -0.743687  0.485618   1.65892
-0.816256 -0.137993  0.560967  0.688019
-0.350172 -0.654132 -0.670441   1.87497
        0         0         0         1

 0.459462 -0.743687  0.485618   1.65892
-0.816256 -0.137993  0.560967  0.688019
-0.350172 -0.654132 -0.670441   1.87497
        0         0         0         1

 0.447481 -0.752244  0.483621    1.6751
-0.808443 -0.109069   0.57838  0.659951
-0.382335 -0.649794 -0.656953   1.83222
        0         0         0         1

 0.447481 -0.752244  0.483621    1.6751
-0.808443 -0.109069   0.57838  0.659951
-0.382335 -0.649794 -0.656953   1.83222
        0         0         0         1

  0.440058  -0.759197    0.47955    1.68591
 -0.802129 -0.0922813   0.589978   0.643851
 -0.403656  -0.644285  -0.649583    1.80346
         0          0          0          1

  0.440058  -0.759197    0.47955    1.68591
 -0.802129 -0.0922813   0.589978   0.643851
 -0.403656  -0.644285  -0.649583    1.80346
         0          0          0          1

  0.427589  -0.771278   0.471485    1.70252
 -0.788946 -0.0637916   0.611142   0.619927
 -0.441283  -0.633294  -0.635773    1.76198
         0          0          0          1

  0.427589  -0.771278   0.471485    1.70252
 -0.788946 -0.0637916   0.611142   0.619927
 -0.441283  -0.633294  -0.635773    1.76198
         0          0          0          1

  0.421911  -0.775879   0.469045     1.7123
 -0.780376 -0.0474252   0.623509   0.606793
 -0.461523  -0.629097  -0.625487    1.73442
         0          0          0          1

  0.421911  -0.775879   0.469045     1.7123
 -0.780376 -0.0474252   0.623509   0.606793
 -0.461523  -0.629097  -0.625487    1.73442
         0          0          0          1

  0.414529  -0.780905   0.467282    1.72214
 -0.775233 -0.0340833   0.630755   0.595437
 -0.476634  -0.623719  -0.619512    1.70579
         0          0          0          1

  0.414529  -0.780905   0.467282    1.72214
 -0.775233 -0.0340833   0.630755   0.595437
 -0.476634  -0.623719  -0.619512    1.70579
         0          0          0          1

  0.398293  -0.790457   0.465339    1.73651
 -0.768662 -0.0108023   0.639564   0.580502
 -0.500521  -0.612422  -0.611897    1.66656
         0          0          0          1

  0.398293  -0.790457   0.465339    1.73651
 -0.768662 -0.0108023   0.639564   0.580502
 -0.500521  -0.612422  -0.611897    1.66656
         0          0          0          1

 0.391839  -0.79548  0.462249   1.74357
-0.760071 0.0032158  0.649832  0.572614
-0.518414 -0.605972 -0.603361   1.64177
        0         0         0         1

 0.391839  -0.79548  0.462249   1.74357
-0.760071 0.0032158  0.649832  0.572614
-0.518414 -0.605972 -0.603361   1.64177
        0         0         0         1

 0.378703 -0.804374  0.457783   1.75659
-0.748276 0.0249859  0.662917  0.562092
-0.544672 -0.593597 -0.592431   1.60154
        0         0         0         1

 0.378703 -0.804374  0.457783   1.75659
-0.748276 0.0249859  0.662917  0.562092
-0.544672 -0.593597 -0.592431   1.60154
        0         0         0         1

 0.374589 -0.808922  0.453132   1.76241
-0.738921 0.0347603  0.672895     0.557
 -0.56007 -0.586887 -0.584709   1.57764
        0         0         0         1

 0.374589 -0.808922  0.453132   1.76241
-0.738921 0.0347603  0.672895     0.557
 -0.56007 -0.586887 -0.584709   1.57764
        0         0         0         1

 0.362038  -0.82155  0.440437   1.77003
-0.730439 0.0435163   0.68159  0.551615
-0.579126 -0.568474 -0.584338   1.54233
        0         0         0         1

 0.362038  -0.82155  0.440437   1.77003
-0.730439 0.0435163   0.68159  0.551615
-0.579126 -0.568474 -0.584338   1.54233
        0         0         0         1

 0.350126 -0.827876  0.438216   1.77602
-0.725126 0.0565977  0.686286  0.546798
-0.592962 -0.558048 -0.580498   1.52222
        0         0         0         1

 0.350126 -0.827876  0.438216   1.77602
-0.725126 0.0565977  0.686286  0.546798
-0.592962 -0.558048 -0.580498   1.52222
        0         0         0         1

 0.340455 -0.829109  0.443474   1.78049
-0.719374 0.0740285  0.690666  0.543182
-0.605467 -0.554165 -0.571236   1.50205
        0         0         0         1

 0.340455 -0.829109  0.443474   1.78049
-0.719374 0.0740285  0.690666  0.543182
-0.605467 -0.554165 -0.571236   1.50205
        0         0         0         1

 0.330657 -0.828154  0.452578   1.78363
-0.712215 0.0956695  0.695412  0.539639
-0.619206 -0.552276  -0.55819   1.47407
        0         0         0         1

 0.330657 -0.828154  0.452578   1.78363
-0.712215 0.0956695  0.695412  0.539639
-0.619206 -0.552276  -0.55819   1.47407
        0         0         0         1

 0.320611 -0.829554  0.457219   1.78585
-0.710524  0.108586  0.695245  0.537019
 -0.62639 -0.547768 -0.554604   1.45774
        0         0         0         1

 0.320611 -0.829554  0.457219   1.78585
-0.710524  0.108586  0.695245  0.537019
 -0.62639 -0.547768 -0.554604   1.45774
        0         0         0         1

 0.311054 -0.830842  0.461461   1.78753
-0.710001  0.119625  0.693966  0.534359
-0.631778 -0.543499 -0.552689   1.44377
        0         0         0         1

 0.311054 -0.830842  0.461461   1.78753
-0.710001  0.119625  0.693966  0.534359
-0.631778 -0.543499 -0.552689   1.44377
        0         0         0         1

 0.295705 -0.831423  0.470419    1.7901
-0.710029  0.138148  0.690488  0.529009
-0.639075 -0.538192 -0.549484   1.42626
        0         0         0         1

 0.295705 -0.831423  0.470419    1.7901
-0.710029  0.138148  0.690488  0.529009
-0.639075 -0.538192 -0.549484   1.42626
        0         0         0         1

  0.28966 -0.834962  0.467906   1.78979
-0.709866  0.140509  0.690179  0.526987
-0.642018 -0.532068 -0.552012   1.41436
        0         0         0         1

  0.28966 -0.834962  0.467906   1.78979
-0.709866  0.140509  0.690179  0.526987
-0.642018 -0.532068 -0.552012   1.41436
        0         0         0         1

 0.278895 -0.841774  0.462205   1.79029
-0.708053  0.144899  0.691133  0.522797
-0.648751 -0.520019 -0.555609   1.40148
        0         0         0         1

 0.278895 -0.841774  0.462205   1.79029
-0.708053  0.144899  0.691133  0.522797
-0.648751 -0.520019 -0.555609   1.40148
        0         0         0         1

 0.269933 -0.847337  0.457336   1.79071
-0.706806  0.148177  0.691715  0.519698
-0.653882 -0.509964 -0.558905   1.39227
        0         0         0         1

 0.269933 -0.847337  0.457336   1.79071
-0.706806  0.148177  0.691715  0.519698
-0.653882 -0.509964 -0.558905   1.39227
        0         0         0         1

  0.26689 -0.851061  0.452178   1.79026
-0.701432  0.150212  0.696728   0.51703
-0.660881 -0.503121 -0.556871   1.38665
        0         0         0         1

  0.26689 -0.851061  0.452178   1.79026
-0.701432  0.150212  0.696728   0.51703
-0.660881 -0.503121 -0.556871   1.38665
        0         0         0         1

 0.262382 -0.857056  0.443409   1.79053
-0.696627  0.149732  0.701635  0.513635
-0.667732 -0.492987 -0.557761   1.37742
        0         0         0         1

 0.262382 -0.857056  0.443409   1.79053
-0.696627  0.149732  0.701635  0.513635
-0.667732 -0.492987 -0.557761   1.37742
        0         0         0         1

 0.261353 -0.858669  0.440888   1.78984
-0.695636    0.1491  0.702751  0.512043
-0.669167 -0.490363 -0.558354   1.37378
        0         0         0         1

 0.261353 -0.858669  0.440888   1.78984
-0.695636    0.1491  0.702751  0.512043
-0.669167 -0.490363 -0.558354   1.37378
        0         0         0         1

 0.258911 -0.861194   0.43739   1.78893
-0.698952  0.145495  0.700213  0.509436
-0.666657 -0.487007 -0.564263   1.36827
        0         0         0         1

 0.258911 -0.861194   0.43739   1.78893
-0.698952  0.145495  0.700213  0.509436
-0.666657 -0.487007 -0.564263   1.36827
        0         0         0         1

 0.257347 -0.861859  0.437004   1.78786
-0.699782  0.145653   0.69935  0.508045
-0.666392 -0.485783  -0.56563   1.36608
        0         0         0         1

 0.257347 -0.861859  0.437004   1.78786
-0.699782  0.145653   0.69935  0.508045
-0.666392 -0.485783  -0.56563   1.36608
        0         0         0         1

 0.256273 -0.862829  0.435717   1.78555
-0.700037  0.145163  0.699196  0.507653
-0.666537 -0.484204 -0.566811   1.36274
        0         0         0         1

 0.256273 -0.862829  0.435717   1.78555
-0.700037  0.145163  0.699196  0.507653
-0.666537 -0.484204 -0.566811   1.36274
        0         0         0         1

 0.258609 -0.862841  0.434312   1.78337
-0.698217  0.143737  0.701308  0.506832
-0.667544 -0.484609 -0.565279   1.36007
        0         0         0         1

 0.258609 -0.862841  0.434312   1.78337
-0.698217  0.143737  0.701308  0.506832
-0.667544 -0.484609 -0.565279   1.36007
        0         0         0         1

 0.263667 -0.860197  0.436509    1.7819
-0.697489  0.142574  0.702269  0.506285
-0.666325 -0.489626 -0.562386    1.3578
        0         0         0         1

 0.263667 -0.860197  0.436509    1.7819
-0.697489  0.142574  0.702269  0.506285
-0.666325 -0.489626 -0.562386    1.3578
        0         0         0         1

 0.271011 -0.856597  0.439085   1.78218
-0.699881  0.137815  0.700838  0.505312
-0.660848 -0.497242 -0.562166   1.35533
        0         0         0         1

 0.271011 -0.856597  0.439085   1.78218
-0.699881  0.137815  0.700838  0.505312
-0.660848 -0.497242 -0.562166   1.35533
        0         0         0         1

 0.275482 -0.855748  0.437955   1.78233
-0.703611  0.130931  0.698419  0.505277
-0.655012 -0.500552 -0.566045   1.35356
        0         0         0         1

 0.275482 -0.855748  0.437955   1.78233
-0.703611  0.130931  0.698419  0.505277
-0.655012 -0.500552 -0.566045   1.35356
        0         0         0         1

 0.276721 -0.856207  0.436275   1.78245
-0.706838  0.126209  0.696025  0.504996
-0.651003 -0.500981 -0.570275   1.35289
        0         0         0         1

 0.276721 -0.856207  0.436275   1.78245
-0.706838  0.126209  0.696025  0.504996
-0.651003 -0.500981 -0.570275   1.35289
        0         0         0         1

 0.275862 -0.856668  0.435913   1.78173
 -0.71086  0.123427  0.692419  0.504869
-0.646977 -0.500885 -0.574922   1.35165
        0         0         0         1

 0.275862 -0.856668  0.435913   1.78173
 -0.71086  0.123427  0.692419  0.504869
-0.646977 -0.500885 -0.574922   1.35165
        0         0         0         1

 0.275323 -0.857409  0.434795   1.78175
-0.712515   0.12163  0.691034  0.504315
-0.645383 -0.500056  -0.57743   1.35196
        0         0         0         1

 0.275323 -0.857409  0.434795   1.78175
-0.712515   0.12163  0.691034  0.504315
-0.645383 -0.500056  -0.57743   1.35196
        0         0         0         1

 0.276425 -0.858981  0.430977   1.78169
-0.712308  0.117918   0.69189  0.503766
-0.645141 -0.498244 -0.579264   1.35307
        0         0         0         1

 0.276425 -0.858981  0.430977   1.78169
-0.712308  0.117918   0.69189  0.503766
-0.645141 -0.498244 -0.579264   1.35307
        0         0         0         1

 0.275839 -0.862546  0.424179   1.78201
 -0.71183   0.11324  0.693162  0.503194
-0.645918 -0.493145  -0.58275   1.35327
        0         0         0         1

 0.275839 -0.862546  0.424179   1.78201
 -0.71183   0.11324  0.693162  0.503194
-0.645918 -0.493145  -0.58275   1.35327
        0         0         0         1

 0.274663 -0.867319  0.415112   1.78146
-0.711873   0.10679  0.694142  0.503249
-0.646372 -0.486162  -0.58809   1.35359
        0         0         0         1

 0.274663 -0.867319  0.415112   1.78146
-0.711873   0.10679  0.694142  0.503249
-0.646372 -0.486162  -0.58809   1.35359
        0         0         0         1

 0.272886 -0.871025  0.408472   1.78085
-0.711013  0.103418  0.695532  0.503278
-0.648069  -0.48023 -0.591089   1.35525
        0         0         0         1

 0.272886 -0.871025  0.408472   1.78085
-0.711013  0.103418  0.695532  0.503278
-0.648069  -0.48023 -0.591089   1.35525
        0         0         0         1

 0.274186 -0.873032  0.403282   1.77928
-0.710641 0.0986014  0.696611  0.504265
-0.647928  -0.47759 -0.593378   1.35678
        0         0         0         1

 0.274186 -0.873032  0.403282   1.77928
-0.710641 0.0986014  0.696611  0.504265
-0.647928  -0.47759 -0.593378   1.35678
        0         0         0         1

 0.273177 -0.872704  0.404675   1.77746
-0.714042 0.0979356  0.693219  0.505594
-0.644607 -0.478327 -0.596394   1.36101
        0         0         0         1

 0.273177 -0.872704  0.404675   1.77746
-0.714042 0.0979356  0.693219  0.505594
-0.644607 -0.478327 -0.596394   1.36101
        0         0         0         1

 0.274502 -0.870076   0.40941   1.77566
-0.717622 0.0980353  0.689498  0.506664
-0.640052 -0.483071 -0.597475   1.36464
        0         0         0         1

 0.274502 -0.870076   0.40941   1.77566
-0.717622 0.0980353  0.689498  0.506664
-0.640052 -0.483071 -0.597475   1.36464
        0         0         0         1

 0.275757 -0.866934  0.415191   1.77414
-0.721473  0.098746  0.685365   0.50757
-0.635165 -0.488543  -0.59824   1.36968
        0         0         0         1

 0.275757 -0.866934  0.415191   1.77414
-0.721473  0.098746  0.685365   0.50757
-0.635165 -0.488543  -0.59824   1.36968
        0         0         0         1

 0.282112 -0.860029  0.425162   1.77055
-0.727201 0.0973669  0.679484  0.509636
-0.625773 -0.500869 -0.597946   1.38053
        0         0         0         1

 0.282112 -0.860029  0.425162   1.77055
-0.727201 0.0973669  0.679484  0.509636
-0.625773 -0.500869 -0.597946   1.38053
        0         0         0         1

 0.287745 -0.856547  0.428404   1.76748
-0.730884 0.0926637  0.676182  0.511797
-0.618879 -0.507682 -0.599373    1.3884
        0         0         0         1

 0.287745 -0.856547  0.428404   1.76748
-0.730884 0.0926637  0.676182  0.511797
-0.618879 -0.507682 -0.599373    1.3884
        0         0         0         1

 0.297643  -0.85018  0.434284   1.76336
-0.737326 0.0842468  0.670264  0.514863
-0.606432 -0.519708 -0.601784   1.40468
        0         0         0         1

 0.297643  -0.85018  0.434284   1.76336
-0.737326 0.0842468  0.670264  0.514863
-0.606432 -0.519708 -0.601784   1.40468
        0         0         0         1

 0.305223 -0.846031  0.437116   1.76007
-0.742983 0.0755535  0.665032  0.517399
-0.595663 -0.527753 -0.605526   1.41726
        0         0         0         1

 0.305223 -0.846031  0.437116   1.76007
-0.742983 0.0755535  0.665032  0.517399
-0.595663 -0.527753 -0.605526   1.41726
        0         0         0         1

 0.311933 -0.841355  0.441384   1.75671
-0.749278 0.0678062  0.658776  0.520174
-0.584193 -0.536213 -0.609257   1.43109
        0         0         0         1

 0.311933 -0.841355  0.441384   1.75671
-0.749278 0.0678062  0.658776  0.520174
-0.584193 -0.536213 -0.609257   1.43109
        0         0         0         1

 0.326054 -0.833727  0.445632   1.75051
 -0.75701 0.0520849  0.651324  0.525056
-0.566237 -0.549715 -0.614157   1.45509
        0         0         0         1

 0.326054 -0.833727  0.445632   1.75051
 -0.75701 0.0520849  0.651324  0.525056
-0.566237 -0.549715 -0.614157   1.45509
        0         0         0         1

 0.336032 -0.829384  0.446324   1.74637
-0.763557 0.0375483  0.644648  0.529556
-0.551419 -0.557416 -0.620664    1.4713
        0         0         0         1

 0.336032 -0.829384  0.446324   1.74637
-0.763557 0.0375483  0.644648  0.529556
-0.551419 -0.557416 -0.620664    1.4713
        0         0         0         1

 0.354429 -0.821656  0.446386    1.7384
-0.772352 0.0118646  0.635084  0.537069
-0.527117  -0.56986 -0.630403   1.50092
        0         0         0         1

 0.354429 -0.821656  0.446386    1.7384
-0.772352 0.0118646  0.635084  0.537069
-0.527117  -0.56986 -0.630403   1.50092
        0         0         0         1

   0.366797   -0.815917    0.446923      1.7329
  -0.777636 -0.00521782    0.628693    0.542552
  -0.510629   -0.578146   -0.636401     1.52256
          0           0           0           1

   0.366797   -0.815917    0.446923      1.7329
  -0.777636 -0.00521782    0.628693    0.542552
  -0.510629   -0.578146   -0.636401     1.52256
          0           0           0           1

  0.380082  -0.810626   0.445448    1.72731
 -0.781965 -0.0243835   0.622845   0.548934
 -0.494033  -0.585057  -0.643149    1.54473
         0          0          0          1

  0.380082  -0.810626   0.445448    1.72731
 -0.781965 -0.0243835   0.622845   0.548934
 -0.494033  -0.585057  -0.643149    1.54473
         0          0          0          1

 0.403286 -0.804289   0.43644   1.71565
-0.784764  -0.05868  0.617011  0.561994
-0.470645 -0.591334 -0.654842   1.58042
        0         0         0         1

 0.403286 -0.804289   0.43644   1.71565
-0.784764  -0.05868  0.617011  0.561994
-0.470645 -0.591334 -0.654842   1.58042
        0         0         0         1

  0.419209   -0.79778   0.433371    1.70698
 -0.786362 -0.0804862     0.6125   0.572144
  -0.45376  -0.597553  -0.661085    1.60619
         0          0          0          1

  0.419209   -0.79778   0.433371    1.70698
 -0.786362 -0.0804862     0.6125   0.572144
  -0.45376  -0.597553  -0.661085    1.60619
         0          0          0          1

 0.438185 -0.791039  0.426909   1.69443
-0.790106 -0.112476  0.602563  0.588713
-0.428633 -0.601338  -0.67429   1.64552
        0         0         0         1

 0.438185 -0.791039  0.426909   1.69443
-0.790106 -0.112476  0.602563  0.588713
-0.428633 -0.601338  -0.67429   1.64552
        0         0         0         1

  0.44872 -0.785975  0.425317   1.68581
-0.792811 -0.130465  0.595339  0.600871
-0.412433 -0.604336 -0.681672    1.6735
        0         0         0         1

  0.44872 -0.785975  0.425317   1.68581
-0.792811 -0.130465  0.595339  0.600871
-0.412433 -0.604336 -0.681672    1.6735
        0         0         0         1

 0.462843 -0.781312  0.418723   1.67342
-0.795247 -0.157302  0.585524   0.61664
-0.391611 -0.603994 -0.694142   1.69946
        0         0         0         1

 0.462843 -0.781312  0.418723   1.67342
-0.795247 -0.157302  0.585524   0.61664
-0.391611 -0.603994 -0.694142   1.69946
        0         0         0         1

 0.477679 -0.776571  0.410805   1.65531
-0.799545 -0.190495  0.569596  0.640833
-0.364075 -0.600541 -0.711899   1.74231
        0         0         0         1

 0.477679 -0.776571  0.410805   1.65531
-0.799545 -0.190495  0.569596  0.640833
-0.364075 -0.600541 -0.711899   1.74231
        0         0         0         1

 0.480669  -0.77655  0.407342   1.64479
-0.805145 -0.206793  0.555858  0.657798
-0.347416 -0.595153 -0.724634   1.77096
        0         0         0         1

 0.480669  -0.77655  0.407342   1.64479
-0.805145 -0.206793  0.555858  0.657798
-0.347416 -0.595153 -0.724634   1.77096
        0         0         0         1

 0.486983 -0.777581  0.397762   1.63123
-0.810088 -0.231874  0.538509  0.678083
-0.326504 -0.584467 -0.742828   1.79736
        0         0         0         1

 0.486983 -0.777581  0.397762   1.63123
-0.810088 -0.231874  0.538509  0.678083
-0.326504 -0.584467 -0.742828   1.79736
        0         0         0         1

 0.492101 -0.779602  0.387373   1.61049
-0.816601 -0.259196  0.515732  0.708976
-0.301661 -0.570121 -0.764174    1.8385
        0         0         0         1

 0.492101 -0.779602  0.387373   1.61049
-0.816601 -0.259196  0.515732  0.708976
-0.301661 -0.570121 -0.764174    1.8385
        0         0         0         1

 0.495617 -0.779727   0.38261   1.59536
-0.821145 -0.277123  0.498923  0.732041
-0.282993 -0.561453 -0.777615   1.86418
        0         0         0         1

 0.495617 -0.779727   0.38261   1.59536
-0.821145 -0.277123  0.498923  0.732041
-0.282993 -0.561453 -0.777615   1.86418
        0         0         0         1

  0.49729 -0.780135  0.379595   1.57085
-0.829641  -0.29963  0.471081  0.766983
-0.253769 -0.549191 -0.796235   1.89978
        0         0         0         1

  0.49729 -0.780135  0.379595   1.57085
-0.829641  -0.29963  0.471081  0.766983
-0.253769 -0.549191 -0.796235   1.89978
        0         0         0         1

 0.494627  -0.78313  0.376898   1.55434
-0.837908 -0.314549  0.446059  0.793535
-0.230769 -0.536439 -0.811775    1.9207
        0         0         0         1

 0.494627  -0.78313  0.376898   1.55434
-0.837908 -0.314549  0.446059  0.793535
-0.230769 -0.536439 -0.811775    1.9207
        0         0         0         1

 0.495837 -0.780836  0.380053   1.53497
 -0.84219 -0.325628  0.429747  0.818296
-0.211806 -0.533162 -0.819071   1.94704
        0         0         0         1

 0.495837 -0.780836  0.380053   1.53497
 -0.84219 -0.325628  0.429747  0.818296
-0.211806 -0.533162 -0.819071   1.94704
        0         0         0         1

 0.499301 -0.776345   0.38469   1.50414
-0.847277 -0.344663   0.40414  0.859649
-0.181164 -0.527727  -0.82987   1.97703
        0         0         0         1

 0.499301 -0.776345   0.38469   1.50414
-0.847277 -0.344663   0.40414  0.859649
-0.181164 -0.527727  -0.82987   1.97703
        0         0         0         1

 0.499013 -0.778189  0.381324   1.48488
-0.849969 -0.353731  0.390419  0.887986
-0.168934 -0.518938 -0.837952   1.99496
        0         0         0         1

 0.499013 -0.778189  0.381324   1.48488
-0.849969 -0.353731  0.390419  0.887986
-0.168934 -0.518938 -0.837952   1.99496
        0         0         0         1

  0.50177 -0.777738  0.378616   1.45331
-0.851326 -0.366497  0.375397  0.930841
-0.153199 -0.510689 -0.846006   2.02518
        0         0         0         1

  0.50177 -0.777738  0.378616   1.45331
-0.851326 -0.366497  0.375397  0.930841
-0.153199 -0.510689 -0.846006   2.02518
        0         0         0         1

 0.502064 -0.776469  0.380826   1.43063
-0.853656 -0.374382  0.362091  0.962531
-0.138577 -0.506887 -0.850801   2.04183
        0         0         0         1

 0.502064 -0.776469  0.380826   1.43063
-0.853656 -0.374382  0.362091  0.962531
-0.138577 -0.506887 -0.850801   2.04183
        0         0         0         1

 0.495458 -0.780041  0.382174   1.41426
-0.858769 -0.373762  0.350454  0.993201
-0.130526 -0.501834 -0.855059   2.05602
        0         0         0         1

 0.495458 -0.780041  0.382174   1.41426
-0.858769 -0.373762  0.350454  0.993201
-0.130526 -0.501834 -0.855059   2.05602
        0         0         0         1

 0.489518 -0.781461  0.386899   1.38446
-0.865039 -0.379272  0.328421   1.04204
-0.109908 -0.495451 -0.861655   2.07872
        0         0         0         1

 0.489518 -0.781461  0.386899   1.38446
-0.865039 -0.379272  0.328421   1.04204
-0.109908 -0.495451 -0.861655   2.07872
        0         0         0         1

 0.486639 -0.780038  0.393349   1.35945
-0.868841 -0.385204  0.311019   1.07613
-0.0910869 -0.493111 -0.865185   2.08957
        0         0         0         1

 0.486639 -0.780038  0.393349   1.35945
-0.868841 -0.385204  0.311019   1.07613
-0.0910869 -0.493111 -0.865185   2.08957
        0         0         0         1

  0.47486 -0.782498  0.402746   1.32809
-0.876948 -0.382266  0.291265   1.12606
-0.0739581 -0.491497 -0.867733   2.11213
        0         0         0         1

  0.47486 -0.782498  0.402746   1.32809
-0.876948 -0.382266  0.291265   1.12606
-0.0739581 -0.491497 -0.867733   2.11213
        0         0         0         1

 0.471328 -0.780672  0.410367   1.30343
-0.879383 -0.380451  0.286257   1.15817
-0.067348  -0.49579 -0.865827   2.12577
        0         0         0         1

 0.471328 -0.780672  0.410367   1.30343
-0.879383 -0.380451  0.286257   1.15817
-0.067348  -0.49579 -0.865827   2.12577
        0         0         0         1

 0.457745 -0.789354  0.409132   1.29372
-0.887092 -0.374709  0.269555   1.19284
-0.059469 -0.486325 -0.871752   2.13758
        0         0         0         1

