 0.185984 -0.474056  0.860628  0.940625
-0.974474 -0.201087 0.0998225   1.08029
 0.125739 -0.857225 -0.499354   2.29585
        0         0         0         1

 0.183365  -0.48571  0.854672  0.957306
-0.976183 -0.192515  0.100028   1.06945
 0.115953 -0.852657 -0.509442   2.28548
        0         0         0         1

 0.198572 -0.465305  0.862589   0.94749
-0.976085 -0.173333  0.131199   1.03242
0.0884675 -0.868013 -0.488597   2.27322
        0         0         0         1

 0.200502 -0.465289  0.862151  0.951728
-0.976664  -0.16408  0.138582   1.01821
0.0769804 -0.869818  -0.48733   2.26407
        0         0         0         1

 0.211978 -0.453634   0.86561  0.944313
-0.975084  -0.15745  0.156273   1.00127
0.0653999 -0.877169 -0.475707   2.24844
        0         0         0         1

  0.22243 -0.449484  0.865153  0.946123
 -0.97379 -0.145668   0.17468  0.985112
0.0475098 -0.881331 -0.470104   2.24499
        0         0         0         1

 0.222987 -0.448601  0.865468  0.953111
-0.974005 -0.138866  0.178972  0.973149
0.0398965 -0.882878 -0.467904   2.22625
        0         0         0         1

 0.218132 -0.450232  0.865858  0.960332
-0.975486 -0.127013  0.179706  0.961601
0.0290661 -0.883832 -0.466901   2.21622
        0         0         0         1

 0.217991 -0.454912  0.863444  0.961261
-0.975934 -0.096358  0.195624  0.926016
-0.00579188 -0.885308 -0.464969   2.19725
        0         0         0         1

  0.211318  -0.459669   0.862583   0.968071
 -0.977212 -0.0812478   0.196103   0.913804
-0.0200594  -0.884366  -0.466363     2.1883
         0          0          0          1

   0.20937  -0.457769   0.864067   0.967807
 -0.977464 -0.0735853   0.197863   0.901256
-0.0269929  -0.886021   -0.46286    2.17027
         0          0          0          1

  0.211009  -0.456297   0.864447   0.964319
   -0.9768 -0.0653595   0.203934   0.888509
-0.0365546  -0.887424  -0.459502    2.15742
         0          0          0          1

  0.208957  -0.458244   0.863915   0.968555
  -0.97541 -0.0343479   0.217705   0.857586
-0.0700885  -0.888162  -0.454153    2.13526
         0          0          0          1

  0.210075  -0.455183   0.865262   0.968909
 -0.974526 -0.0263955   0.222717   0.846901
-0.0785378  -0.890007  -0.449132     2.1209
         0          0          0          1

   0.210756    -0.45294    0.866272    0.970307
  -0.972634 -0.00850544    0.232186    0.830844
 -0.0977981   -0.891501   -0.442337     2.10735
          0           0           0           1

  0.212686  -0.452558      0.866   0.971571
 -0.970722 0.00339497    0.24018   0.819096
 -0.111635  -0.891728  -0.438586    2.09504
         0          0          0          1

  0.21298 -0.450751   0.86687  0.972355
-0.968702 0.0183577  0.247545  0.804779
-0.127495 -0.892461 -0.432734   2.08076
        0         0         0         1

 0.212302 -0.454927  0.864852  0.974775
-0.966531 0.0326924  0.254458  0.793121
-0.144034 -0.889928 -0.432761   2.06919
        0         0         0         1

 0.208805 -0.464373  0.860673  0.979537
-0.962291  0.059333  0.265471  0.768956
-0.174344  -0.88365 -0.434473   2.03886
        0         0         0         1

 0.208032 -0.470259  0.857659  0.980592
-0.960155 0.0691119  0.270787  0.759055
-0.186614 -0.879818 -0.437144   2.02489
        0         0         0         1

 0.205411 -0.477857  0.854084    0.9816
-0.957568 0.0821389  0.276256  0.746843
-0.202164 -0.874589 -0.440708   2.00858
        0         0         0         1

 0.201629 -0.483825  0.851621  0.983855
-0.954868 0.0965228   0.28091  0.736541
-0.218112 -0.869825 -0.442528   1.99682
        0         0         0         1

 0.193225 -0.500051  0.844164  0.990069
-0.948714  0.124189  0.290722  0.714707
-0.250212 -0.857045 -0.450409   1.96556
        0         0         0         1

 0.186892 -0.507732  0.840999  0.994667
-0.946342  0.136701  0.292832  0.706512
-0.263645   -0.8506  -0.45494    1.9516
        0         0         0         1

 0.186717  -0.51345  0.837559  0.994993
 -0.94172   0.14929  0.301457  0.695802
-0.279822 -0.845034 -0.455651   1.93645
        0         0         0         1

 0.184042 -0.519674  0.834307  0.996685
-0.938443  0.159536  0.306386  0.687472
-0.292323 -0.839338 -0.458323   1.92394
        0         0         0         1

 0.177874 -0.527683  0.830609    1.0004
-0.934175  0.174769  0.311083   0.67725
-0.309318 -0.831268 -0.461862    1.9101
        0         0         0         1

 0.175147 -0.534337  0.826926   1.00213
-0.931591  0.181792  0.314785  0.670027
 -0.31853 -0.825491 -0.465943   1.89679
        0         0         0         1

 0.164951 -0.549253  0.819214   1.00574
-0.926177  0.199307  0.320115  0.654164
-0.339099  -0.81154  -0.47583   1.86687
        0         0         0         1

 0.160557 -0.555259  0.816033   1.00796
-0.923063  0.208311  0.323358   0.64722
-0.349536 -0.805167 -0.479093   1.85494
        0         0         0         1

  0.15366 -0.561977  0.812755   1.01112
-0.919072  0.220797  0.326429  0.639356
  -0.3629 -0.797139 -0.482569   1.84092
        0         0         0         1

 0.148195 -0.564802  0.811811   1.01417
-0.916083  0.230873  0.327856  0.633365
-0.372599 -0.792273 -0.483191   1.82912
        0         0         0         1

  0.13927  -0.56826  0.810978   1.01927
-0.907743  0.254019  0.333881  0.619936
-0.395734 -0.782659 -0.480457   1.80277
        0         0         0         1

 0.132952 -0.568562  0.811826   1.02296
-0.904687  0.264926    0.3337  0.615172
-0.404803 -0.778814 -0.479148    1.7918
        0         0         0         1

 0.129598 -0.567285   0.81326   1.02578
-0.899914  0.277107  0.336701  0.608983
-0.416365 -0.775499 -0.474595   1.77921
        0         0         0         1

 0.128659 -0.565644  0.814551   1.02682
-0.896713  0.284413   0.33914  0.604565
-0.423501 -0.774052 -0.470627   1.76722
        0         0         0         1

 0.126532 -0.564723  0.815523   1.02835
-0.892457   0.29408  0.342109  0.599091
-0.433025 -0.771106  -0.46678   1.75391
        0         0         0         1

 0.123119 -0.564294  0.816342   1.03042
 -0.88885  0.303133  0.343594  0.595008
-0.441348 -0.767908 -0.464251    1.7441
        0         0         0         1

 0.116149 -0.565533  0.816506   1.03479
-0.881311  0.320425  0.347302  0.585813
-0.458039 -0.759935 -0.461193   1.72027
        0         0         0         1

 0.111936 -0.566188   0.81664   1.03694
 -0.87857  0.327599  0.347554  0.582552
-0.464312 -0.756379 -0.460766   1.70989
        0         0         0         1

 0.105212 -0.567071  0.816921   1.04038
-0.873916  0.339288  0.348072  0.578454
-0.474553 -0.750542 -0.459876   1.69872
        0         0         0         1

 0.100229 -0.567474  0.817269   1.04285
-0.870917   0.34714  0.347847  0.575534
  -0.4811 -0.746637 -0.459429   1.68884
        0         0         0         1

0.0968859 -0.567962  0.817332   1.04426
-0.865812  0.356935  0.350666  0.571624
-0.490899 -0.741631 -0.457167   1.67861
        0         0         0         1

0.0918298 -0.568821  0.817319   1.04669
-0.862189  0.365227  0.351054  0.568901
-0.498194 -0.736921 -0.456893   1.66962
        0         0         0         1

0.0851214 -0.568237   0.81845   1.04979
-0.854543  0.380764  0.353234  0.563478
-0.512358 -0.729469 -0.453172   1.64835
        0         0         0         1

0.0825877 -0.568039  0.818847   1.05069
-0.850882  0.387564  0.354674  0.561076
-0.518824 -0.726034 -0.451327   1.64015
        0         0         0         1

0.0781835 -0.567684  0.819525   1.05236
 -0.84678  0.396044  0.355123  0.558584
-0.526166 -0.721723  -0.44974   1.63041
        0         0         0         1

0.0747696 -0.566219  0.820857   1.05413
-0.843927  0.402579  0.354566  0.556823
-0.531222 -0.719254 -0.447747   1.62264
        0         0         0         1

0.0677663 -0.562756  0.823841    1.0579
-0.836534  0.417946  0.354304  0.552734
-0.543708 -0.713181 -0.442442   1.60597
        0         0         0         1

0.0653661 -0.560449  0.825605   1.05929
-0.834206  0.423321  0.353412  0.551427
-0.547566 -0.711826 -0.439859   1.59917
        0         0         0         1

0.0626937 -0.557337  0.827916   1.06075
-0.831473  0.429659  0.352201  0.549804
-0.552017 -0.710471 -0.436473    1.5914
        0         0         0         1

0.0618085 -0.554459  0.829913   1.06176
-0.828538  0.435124  0.352409    0.5484
-0.556512 -0.709396 -0.432496   1.58571
        0         0         0         1

 0.059552  -0.55126  0.832206   1.06355
-0.826767  0.439941  0.350583  0.547339
-0.559384 -0.708918 -0.429564   1.57785
        0         0         0         1

0.0608671 -0.547901  0.834326   1.06326
-0.825432  0.442343  0.350705  0.546417
 -0.56121 -0.710026 -0.425331   1.57184
        0         0         0         1

0.0588804 -0.541123   0.83888   1.06554
-0.821689  0.450933   0.34855  0.544513
-0.566887 -0.709821 -0.418083    1.5601
        0         0         0         1

0.0569506 -0.540205  0.839604   1.06717
-0.819549  0.454981  0.348327  0.543632
-0.570172 -0.707934 -0.416813   1.55649
        0         0         0         1

0.0621848 -0.528074  0.846918   1.06663
-0.819606  0.457209  0.345261  0.543005
-0.569542  -0.71561 -0.404382    1.5512
        0         0         0         1

   0.0592 -0.531064  0.845261   1.06702
-0.821072  0.455677  0.343801  0.542623
-0.567746 -0.714373 -0.409066   1.54765
        0         0         0         1

0.0642317 -0.522709  0.850088   1.06758
-0.819202  0.458851   0.34404  0.539985
-0.569896 -0.718492 -0.398732   1.54295
        0         0         0         1

0.0673932  -0.52279  0.849793   1.06706
-0.819465  0.456865   0.34605  0.538784
-0.569153 -0.719697 -0.397619   1.54171
        0         0         0         1

0.0704711 -0.523632  0.849025   1.06729
 -0.82121  0.452712   0.34737  0.537549
-0.566257 -0.721708 -0.398109   1.53975
        0         0         0         1

0.0738016 -0.523302  0.848945   1.06741
-0.821675  0.450508  0.349131   0.53623
-0.565158 -0.723324 -0.396736   1.53926
        0         0         0         1

 0.075959 -0.520812  0.850285   1.06902
-0.823175  0.448464  0.348228  0.535181
-0.562684 -0.726384 -0.394655   1.53805
        0         0         0         1

0.0780516 -0.519695  0.850779   1.06958
-0.824396   0.44623  0.348209  0.534207
-0.560606 -0.728557 -0.393605   1.53734
        0         0         0         1

0.0823229 -0.516966  0.852038   1.07104
-0.827701  0.440726  0.347378  0.531927
-0.555098  -0.73383 -0.391611   1.53654
        0         0         0         1

0.0823292 -0.514755  0.853375     1.073
-0.829542  0.439177  0.344941  0.531527
-0.552343 -0.736309 -0.390853   1.53596
        0         0         0         1

0.0835506 -0.511416  0.855262   1.07433
 -0.83171  0.436954  0.342533  0.530845
-0.548887 -0.739949 -0.388843   1.53515
        0         0         0         1

0.0853711 -0.508389  0.856885   1.07479
 -0.83285  0.435638   0.34144   0.53007
-0.546876 -0.742806 -0.386221   1.53506
        0         0         0         1

0.0885459 -0.503069  0.859699   1.07466
-0.834454  0.433836  0.339813  0.528416
-0.543918 -0.747468 -0.381373   1.53473
        0         0         0         1

0.0903199 -0.501595  0.860375   1.07431
 -0.83485  0.432908  0.340024  0.527903
-0.543018 -0.748995 -0.379656   1.53454
        0         0         0         1

0.0916989 -0.501856  0.860077    1.0739
 -0.83515  0.431637  0.340902  0.527319
-0.542325 -0.749553 -0.379544   1.53438
        0         0         0         1

0.0906332 -0.502684  0.859706   1.07428
-0.835449  0.431479  0.340368  0.526896
-0.542043  -0.74909  -0.38086   1.53414
        0         0         0         1

0.0926107 -0.503843  0.858816   1.07333
-0.835193  0.430286    0.3425  0.526297
-0.542103 -0.748997 -0.380957    1.5339
        0         0         0         1

0.0929865 -0.504282  0.858518   1.07296
-0.834669  0.430628  0.343349  0.525807
-0.542846 -0.748505 -0.380866   1.53411
        0         0         0         1

0.0920232 -0.505239  0.858059   1.07306
  -0.8341  0.431558  0.343562  0.525229
-0.543883 -0.747323 -0.381707   1.53386
        0         0         0         1

0.0922722 -0.505153  0.858083   1.07275
-0.834898  0.430358   0.34313  0.525384
-0.542616 -0.748073 -0.382041   1.53308
        0         0         0         1

0.0915918 -0.505583  0.857903    1.0728
-0.834068  0.431701  0.343459  0.525216
-0.544004 -0.747008  -0.38215   1.53328
        0         0         0         1

0.0914436  -0.50647  0.857395   1.07263
-0.833527  0.432169  0.344184  0.525097
-0.544858 -0.746135 -0.382638   1.53358
        0         0         0         1

0.0921237 -0.509333  0.855624   1.07152
-0.832521  0.432014  0.346804  0.524931
 -0.54628 -0.744274 -0.384232   1.53417
        0         0         0         1

 0.092345 -0.511115  0.854537   1.07115
-0.832326  0.431432  0.347993  0.525012
-0.546539 -0.743389 -0.385574   1.53436
        0         0         0         1

0.0919166 -0.514622  0.852476   1.07058
-0.831335   0.43158  0.350173  0.525136
-0.548118  -0.74088 -0.388154    1.5351
        0         0         0         1

0.0907418 -0.516399  0.851527   1.07061
-0.832247  0.430269  0.349619  0.525565
-0.546928 -0.740406 -0.390728   1.53489
        0         0         0         1

0.0900752 -0.518937  0.850053   1.07023
-0.831715  0.430313  0.350828  0.525886
-0.547847 -0.738603 -0.392848   1.53524
        0         0         0         1

0.0887194 -0.520242  0.849398   1.07011
-0.831343  0.431029  0.350832  0.526228
-0.548632 -0.737267 -0.394259   1.53575
        0         0         0         1

0.0852057 -0.522464  0.848393    1.0697
-0.831032  0.432473  0.349791  0.527539
 -0.54966 -0.734846 -0.397335   1.53665
        0         0         0         1

0.0862665 -0.523457  0.847674   1.06813
-0.830207  0.432577  0.351614  0.528009
-0.550739 -0.734078 -0.397261   1.53746
        0         0         0         1

 0.085779 -0.525097  0.846709    1.0669
-0.829994  0.432449  0.352274  0.528731
-0.551136 -0.732981 -0.398732   1.53793
        0         0         0         1

0.0834137  -0.52695  0.845793   1.06693
-0.829475  0.433673  0.351993  0.529179
 -0.55228 -0.730925 -0.400918   1.53868
        0         0         0         1

 0.080113 -0.532408  0.842688    1.0655
-0.828747  0.434169  0.353094  0.530865
-0.553859 -0.726663 -0.406449   1.54058
        0         0         0         1

0.0776917 -0.534775  0.841415   1.06551
-0.828384  0.434981  0.352948  0.531561
-0.554747 -0.724436 -0.409204   1.54134
        0         0         0         1

0.0762279 -0.537129  0.840049   1.06481
-0.827762  0.435604  0.353639  0.532597
-0.555878 -0.722317 -0.411409   1.54256
        0         0         0         1

0.0749952   -0.5386  0.839217   1.06392
-0.827698  0.435741  0.353619  0.533676
-0.556141 -0.721138 -0.413119   1.54378
        0         0         0         1

0.0731467  -0.54084  0.837939   1.06286
-0.827188  0.436465   0.35392  0.534869
-0.557145 -0.719021  -0.41545   1.54525
        0         0         0         1

0.0712514 -0.540844  0.838099   1.06266
-0.827006  0.437727  0.352783  0.536073
 -0.55766 -0.718249 -0.416093   1.54664
        0         0         0         1

0.0678486 -0.541126    0.8382   1.06103
-0.826829  0.439674  0.350773  0.538993
-0.558347 -0.716847 -0.417587   1.54949
        0         0         0         1

0.0669992 -0.541281  0.838168   1.05947
-0.825544  0.441709  0.351241  0.539971
-0.560346 -0.715478 -0.417257   1.55194
        0         0         0         1

0.0648282 -0.541129  0.838437   1.05857
-0.824865  0.443795  0.350205  0.541716
  -0.5616 -0.714301 -0.417588   1.55441
        0         0         0         1

0.0643582 -0.541395  0.838302    1.0574
-0.825164  0.443554  0.349807  0.543496
-0.561215 -0.714249 -0.418193   1.55573
        0         0         0         1

0.0633777 -0.541245  0.838473   1.05551
-0.823589  0.446133  0.350237  0.547047
-0.563635 -0.712755 -0.417488   1.56146
        0         0         0         1

0.0649774 -0.540695  0.838706   1.05335
-0.824254  0.444674  0.350529  0.549004
 -0.56248 -0.714083 -0.416776   1.56315
        0         0         0         1

0.0644309 -0.539705  0.839385    1.0532
-0.824592  0.444946  0.349386  0.551488
-0.562046 -0.714662 -0.416368   1.56646
        0         0         0         1

0.0662769 -0.539043  0.839667   1.05066
-0.824527  0.444326  0.350327  0.553265
-0.561927 -0.715547 -0.415007   1.57006
        0         0         0         1

0.0672013 -0.537765  0.840412   1.04962
-0.825841  0.442689  0.349305  0.556064
-0.559885  -0.71752 -0.414359    1.5732
        0         0         0         1

0.0664705 -0.537318  0.840756    1.0491
-0.826387  0.442563  0.348171  0.558304
-0.559166 -0.717933 -0.414615   1.57701
        0         0         0         1

0.0666502 -0.534989  0.842226   1.04586
 -0.83049  0.438112  0.344013  0.564916
-0.553032 -0.722389 -0.415102   1.58411
        0         0         0         1

0.0667444 -0.534042  0.842819   1.04455
-0.831931  0.436558  0.342502  0.567426
 -0.55085 -0.724028 -0.415149   1.58898
        0         0         0         1

0.0669563 -0.530895  0.844788   1.04305
-0.835007  0.433643  0.338698  0.571014
 -0.54615 -0.728082 -0.414266   1.59372
        0         0         0         1

0.0685252 -0.527833  0.846579   1.04087
-0.837697  0.430414  0.336165  0.574172
-0.541819 -0.732213  -0.41267   1.59753
        0         0         0         1

  0.07161 -0.520879  0.850622   1.03737
-0.843707  0.423237  0.330197  0.581658
-0.532007  -0.74132 -0.409161   1.60746
        0         0         0         1

0.0726954 -0.517751  0.852437   1.03585
-0.844793   0.42234  0.328563  0.584662
-0.530132 -0.744018  -0.40669   1.61323
        0         0         0         1

 0.076098 -0.514592  0.854051   1.03335
-0.846962  0.418642  0.327711  0.588569
-0.526179 -0.748287 -0.403982   1.62038
        0         0         0         1

 0.077618 -0.512891  0.854938   1.03219
-0.849151  0.415331  0.326256  0.592181
-0.522416 -0.751294 -0.403285   1.62655
        0         0         0         1

0.0791908 -0.510179  0.856415   1.03049
  -0.8523   0.41093  0.323607  0.596232
-0.517025 -0.755549 -0.402283   1.63397
        0         0         0         1

0.0794347 -0.508177  0.857582    1.0303
-0.855653  0.406608    0.3202  0.600485
-0.511417 -0.759227 -0.402525   1.64005
        0         0         0         1

0.0873709 -0.503297  0.859685   1.02496
-0.863424  0.392165  0.317341  0.609711
-0.496855     -0.77 -0.400295   1.65553
        0         0         0         1

0.0892482 -0.500911  0.860885   1.02361
-0.867632  0.385368  0.314176  0.614253
-0.489132 -0.774971 -0.400213   1.66222
        0         0         0         1

0.0931623 -0.498446  0.861901   1.02126
-0.872612  0.375978  0.311752  0.619904
-0.479446 -0.781148 -0.399923   1.67056
        0         0         0         1

0.0956381 -0.496324  0.862853   1.01968
-0.874816  0.371662  0.310748  0.623868
-0.474922 -0.784557 -0.398647   1.67984
        0         0         0         1

 0.108316 -0.490559   0.86465   1.01362
-0.883379   0.35144  0.310052  0.634989
-0.455971 -0.797397 -0.395283   1.69838
        0         0         0         1

 0.111501 -0.488301  0.865522   1.01274
  -0.8875   0.34293  0.307803  0.640415
-0.447114 -0.802472 -0.395131   1.70614
        0         0         0         1

 0.118592 -0.485518  0.866146   1.00958
-0.891616  0.331822  0.308083  0.646664
-0.436986 -0.808806 -0.393544   1.71739
        0         0         0         1

 0.123688  -0.48404   0.86626   1.00759
-0.895104  0.322412  0.307961  0.652404
-0.428358 -0.813484 -0.393388     1.727
        0         0         0         1

 0.128999 -0.482107  0.866563    1.0063
-0.899961   0.31007  0.306476  0.659655
-0.416449 -0.819408 -0.393878   1.73835
        0         0         0         1

 0.134577 -0.480276  0.866732   1.00404
-0.904059   0.29858  0.305823  0.665955
-0.405668 -0.824733 -0.394016   1.74724
        0         0         0         1

 0.148665 -0.477048  0.866212  0.998347
-0.911718  0.273114  0.306887  0.680909
-0.382975 -0.835364 -0.394331   1.77125
        0         0         0         1

 0.155422 -0.475553  0.865848  0.995206
-0.914617   0.26191  0.308025  0.687705
-0.373256 -0.839793 -0.394243   1.78254
        0         0         0         1

 0.161079 -0.475601  0.864787  0.993189
-0.917973  0.249603  0.308258  0.696605
-0.362461 -0.843506 -0.396383   1.79716
        0         0         0         1

 0.167231 -0.475596  0.863622  0.990099
-0.921646  0.235682  0.308256  0.704329
-0.350146 -0.847504 -0.398918   1.80759
        0         0         0         1

 0.180079 -0.473368  0.862261  0.984101
-0.928759  0.206914  0.307559  0.723248
-0.324003 -0.856218 -0.402384    1.8344
        0         0         0         1

 0.186586 -0.473138  0.861003   0.98072
 -0.93149  0.193363  0.308118  0.731721
-0.312268 -0.859506 -0.404645   1.84506
        0         0         0         1

 0.189635 -0.474573  0.859546   0.97852
-0.935499  0.178481  0.304935   0.74276
-0.298127 -0.861931 -0.410116   1.85998
        0         0         0         1

 0.196539  -0.47401  0.858305  0.974197
-0.937735  0.164825  0.305754   0.75151
  -0.2864 -0.864955 -0.412101   1.87187
        0         0         0         1

 0.197424 -0.478838  0.855417  0.973788
-0.941095  0.151784  0.302162  0.762998
-0.274525 -0.864682 -0.420667   1.88817
        0         0         0         1

 0.203621 -0.479102  0.853815  0.968937
 -0.94341  0.137143  0.301943  0.773188
-0.261756  -0.86698 -0.424064   1.89837
        0         0         0         1

 0.213106 -0.483317  0.849112  0.959946
-0.948075  0.107711  0.299252  0.795897
-0.236092 -0.868794 -0.435267   1.92775
        0         0         0         1

 0.215231 -0.487403  0.846235   0.95681
-0.949635  0.097631  0.297762   0.80599
-0.227749 -0.867702 -0.441842   1.94202
        0         0         0         1

 0.219986 -0.489761  0.843647  0.952564
-0.951947 0.0811278  0.295323  0.818778
-0.213081 -0.868074  -0.44838   1.95806
        0         0         0         1

  0.21965 -0.491781  0.842559  0.951363
-0.955512 0.0658234  0.287515  0.831685
-0.196855 -0.868227 -0.455445   1.96821
        0         0         0         1

 0.226862 -0.501299  0.835005  0.942607
-0.959175 0.0336557  0.280803  0.857586
-0.168869  -0.86462 -0.473198   1.99893
        0         0         0         1

 0.229268 -0.504649  0.832325  0.939312
-0.960778 0.0197326  0.276616  0.869676
-0.156018 -0.863099 -0.480332   2.01189
        0         0         0         1

  0.229427  -0.511278   0.828226   0.938113
 -0.963119 0.00365705   0.269051   0.885002
 -0.140589  -0.859408  -0.491583    2.02771
         0          0          0          1

   0.233668   -0.512135    0.826509    0.930204
  -0.963654 -0.00876456     0.26701    0.895593
  -0.129501    -0.85886   -0.495569     2.04265
          0           0           0           1

  0.233648  -0.513773   0.825497   0.926337
 -0.966352 -0.0287715   0.255609   0.912674
 -0.107574  -0.857443  -0.503208    2.05361
         0          0          0          1

 0.227405 -0.521471  0.822408   0.92981
-0.969023 -0.037624  0.244089  0.926093
-0.0963434 -0.852439 -0.513873   2.06811
        0         0         0         1

  0.233179  -0.518529   0.822651   0.914925
  -0.97043 -0.0698021    0.23107   0.956563
-0.0623935  -0.852206  -0.519472    2.09626
         0          0          0          1

  0.232795  -0.519448    0.82218   0.911148
 -0.971184 -0.0797842   0.224578   0.968716
-0.0510597  -0.850769  -0.523053    2.10944
         0          0          0          1

  0.227505  -0.524727   0.820307   0.910894
 -0.973132 -0.0918631   0.211127   0.987517
-0.0354282    -0.8463  -0.531528    2.12425
         0          0          0          1

 0.222955 -0.522653  0.822876  0.908763
-0.974666 -0.104093  0.197967   1.00239
-0.0178126 -0.846167  -0.53262   2.13675
        0         0         0         1

 0.219663 -0.529059  0.819662  0.900244
-0.975539  -0.12638  0.179863   1.03118
0.00843056 -0.839122 -0.543878   2.16883
        0         0         0         1

 0.216348 -0.530133  0.819849  0.896788
-0.976022 -0.138069  0.168281   1.04645
0.0239848 -0.836598 -0.547292   2.17871
        0         0         0         1

 0.208991 -0.533998  0.819249   0.89589
-0.977147 -0.147278  0.153273   1.06504
0.0388097 -0.832559 -0.552575    2.1946
        0         0         0         1

 0.211676 -0.532362  0.819624  0.885113
-0.975957 -0.159734  0.148301   1.07777
0.0519724  -0.83131 -0.553374   2.20626
        0         0         0         1

 0.206363 -0.539697  0.816175  0.883657
-0.975891 -0.174107  0.131617   1.09819
0.0710683 -0.823659 -0.562615   2.21864
        0         0         0         1

 0.204712 -0.539447  0.816756  0.878111
-0.975011 -0.185949  0.121562   1.11277
0.0862991  -0.82123 -0.564033   2.23086
        0         0         0         1

 0.196164 -0.548564  0.812771  0.869913
-0.974642 -0.200088  0.100186   1.14431
 0.107668 -0.811814 -0.573904   2.26328
        0         0         0         1

 0.182372 -0.557849  0.809657  0.874933
-0.975084 -0.208391 0.0760532   1.16539
 0.126299 -0.803354 -0.581955   2.26899
        0         0         0         1

 0.180191 -0.558756   0.80952  0.862229
-0.973682 -0.218081 0.0662054   1.18128
 0.139548 -0.800145 -0.583347   2.28609
        0         0         0         1

