-0.0846968 -0.766508  0.636625  0.636095
-0.988691  0.144008 0.0418519    1.0318
-0.123759 -0.625881 -0.770037     2.295
        0         0         0         1

-0.0778549 -0.762039  0.642833  0.637804
-0.987665   0.14682 0.0544276   1.01402
-0.135857 -0.630666  -0.76407   2.27854
        0         0         0         1

-0.0731435 -0.760891  0.644744  0.647312
-0.985518  0.154308 0.0703032  0.991779
-0.152982 -0.630265 -0.761159   2.26182
        0         0         0         1

-0.0655184 -0.757342  0.649723  0.650338
-0.983396  0.159435 0.0866777  0.973824
-0.169233 -0.633256 -0.755213   2.24854
        0         0         0         1

-0.0530971 -0.752597  0.656337  0.651813
-0.979064  0.168572   0.11409  0.947001
-0.196503 -0.636538 -0.745792   2.23398
        0         0         0         1

-0.0466701 -0.751375  0.658223  0.655973
-0.976614  0.172766   0.12797  0.931411
-0.209872 -0.636857 -0.741867   2.21937
        0         0         0         1

-0.0370492 -0.751958  0.658169  0.671592
-0.966463  0.194446  0.167751  0.889012
 -0.25412 -0.629881 -0.733944   2.19196
        0         0         0         1

-0.0346912 -0.752034   0.65821  0.677664
-0.964181  0.198481  0.175956  0.875011
-0.262968  -0.62853 -0.731983   2.17314
        0         0         0         1

-0.0306196 -0.753935  0.656235  0.687366
 -0.95795  0.209531  0.196029  0.854553
-0.285295 -0.622638 -0.728649   2.15614
        0         0         0         1

-0.0227651 -0.753917  0.656575  0.688027
-0.952422  0.216011  0.215014  0.835924
 -0.30393 -0.620441 -0.722965   2.14382
        0         0         0         1

-0.0176751 -0.752208  0.658689  0.700094
-0.938962  0.238863   0.24758  0.798321
-0.343568 -0.614107 -0.710516   2.11001
        0         0         0         1

-0.0169672 -0.749227  0.662096  0.705709
-0.935181  0.246184  0.254616  0.785927
-0.353762  -0.61486  -0.70484    2.0912
        0         0         0         1

-0.0103514 -0.744049  0.668045  0.707719
-0.926387  0.258635  0.273706  0.765946
 -0.37643 -0.616035 -0.691954   2.07266
        0         0         0         1

-0.00941801 -0.744223  0.667865  0.714089
-0.920311  0.267659  0.285283  0.753103
-0.391074 -0.611957 -0.687437    2.0575
        0         0         0         1

-0.0100703 -0.744075   0.66802  0.722996
-0.910948  0.282345  0.300758  0.735526
-0.412398 -0.605503 -0.680657   2.04065
        0         0         0         1

-0.0106194 -0.741873  0.670457  0.729451
-0.905971  0.290911  0.307549  0.724945
-0.423206 -0.604149 -0.675205   2.02275
        0         0         0         1

-0.00724896 -0.741296  0.671139  0.739285
-0.889588   0.31131  0.334245  0.695676
-0.456707 -0.594614 -0.661705   1.98485
        0         0         0         1

-0.0103799 -0.743254  0.668929  0.746092
-0.882347  0.321563    0.3436  0.684435
-0.470485 -0.586661 -0.659145   1.97075
        0         0         0         1

-0.0134916 -0.743881  0.668176  0.754008
-0.871248  0.336651  0.357201  0.669591
-0.490657 -0.577328 -0.652647    1.9534
        0         0         0         1

-0.0136867 -0.743158  0.668977  0.759587
-0.864326  0.345181  0.365773  0.660555
-0.502745 -0.573208 -0.647055   1.93703
        0         0         0         1

-0.0213303 -0.742292  0.669737  0.775035
-0.849385  0.366797  0.379481  0.640585
-0.527343  -0.56077 -0.638315   1.89736
        0         0         0         1

-0.0195735  -0.74443  0.667414   0.77865
-0.841419  0.372826  0.391171   0.63126
-0.540029 -0.553918 -0.633675    1.8833
        0         0         0         1

-0.0270405 -0.746076  0.665312    0.7881
-0.832375  0.385359  0.398308  0.621276
-0.553552 -0.543019 -0.631435   1.86532
        0         0         0         1

-0.0248243 -0.747543  0.663749  0.790254
-0.824934  0.390357  0.408784  0.612545
-0.564683 -0.537402 -0.626364   1.85191
        0         0         0         1

-0.0312115 -0.750813  0.659777   0.79883
-0.815468  0.400825  0.417554  0.603367
 -0.57796 -0.524994 -0.624774   1.83447
        0         0         0         1

-0.0333691 -0.753458  0.656649  0.803179
-0.809328  0.405865  0.424573  0.596274
-0.586409 -0.517277 -0.623338   1.82084
        0         0         0         1

-0.0447271 -0.760814  0.647426  0.816518
 -0.79364  0.420669  0.439515  0.581927
-0.606741 -0.494165 -0.622628   1.78925
        0         0         0         1

-0.046272 -0.762729  0.645061  0.820459
 -0.78768  0.424999  0.446022  0.576405
-0.614344 -0.487463 -0.620452   1.77591
        0         0         0         1

-0.0544464 -0.763895  0.643039  0.828866
-0.780916  0.433902  0.449331  0.570652
-0.622258 -0.477695 -0.620163   1.75883
        0         0         0         1

-0.0584119 -0.764516  0.641952  0.834111
-0.775065  0.440014  0.453499   0.56648
-0.629176 -0.471065 -0.618252   1.74727
        0         0         0         1

-0.0698919 -0.764869  0.640383  0.847245
 -0.76162  0.455502  0.460925  0.556906
-0.644243 -0.455514 -0.614376   1.72044
        0         0         0         1

-0.0712687 -0.763047  0.642402  0.851795
-0.757525  0.460391  0.462813  0.553663
-0.648904 -0.453652 -0.610838   1.70906
        0         0         0         1

-0.0743859 -0.762183  0.643074  0.857613
-0.750584  0.467367   0.46711  0.549407
-0.656575 -0.447934 -0.606847    1.6962
        0         0         0         1

-0.0733605 -0.760793  0.644835  0.861089
 -0.74648  0.470658  0.470371  0.546287
-0.661352 -0.446849 -0.602444   1.68593
        0         0         0         1

-0.0764304 -0.759459   0.64605  0.868166
-0.740479  0.477149  0.473307  0.543186
-0.667719 -0.442212 -0.598832   1.67372
        0         0         0         1

-0.0744217 -0.759048  0.646767  0.872389
-0.737423  0.478494  0.476708  0.541096
-0.671319 -0.441464 -0.595349   1.66365
        0         0         0         1

-0.0712231 -0.760441   0.64549  0.882411
-0.728173  0.481902  0.487374  0.535643
-0.681682 -0.435316 -0.588055   1.64222
        0         0         0         1

-0.0716862 -0.760784  0.645034  0.887447
-0.723783  0.484647  0.491178  0.533607
-0.686294 -0.431654 -0.585385    1.6347
        0         0         0         1

-0.0708829 -0.760951  0.644925  0.893712
-0.719292   0.48694  0.495487  0.531756
-0.691082 -0.428768 -0.581862   1.62397
        0         0         0         1

-0.0702233 -0.761703  0.644109  0.898353
-0.715612  0.488315  0.499448  0.530326
-0.694959 -0.425859 -0.579375   1.61681
        0         0         0         1

-0.0661429 -0.764322  0.641433  0.907448
-0.708541  0.488605  0.509151  0.526374
-0.702563 -0.420805 -0.573871   1.59946
        0         0         0         1

-0.0646099 -0.765424  0.640274  0.910939
 -0.70564  0.488726  0.513049     0.525
-0.705619 -0.418655 -0.571691   1.59304
        0         0         0         1

-0.0636897 -0.768079   0.63718  0.915707
-0.702816  0.487811  0.517774  0.523312
-0.708515 -0.414843 -0.570887   1.58375
        0         0         0         1

-0.0654782 -0.771949  0.632303  0.919986
-0.701486  0.486268  0.521019  0.522518
-0.709669 -0.409436 -0.573351   1.57743
        0         0         0         1

-0.0680922 -0.778815  0.623547  0.923784
-0.699385  0.482978   0.52687  0.520814
-0.711494 -0.400224 -0.577579   1.56974
        0         0         0         1

-0.0730684 -0.784299  0.616065  0.927728
 -0.69818  0.481332  0.529966  0.520125
-0.712184   -0.3914 -0.582752     1.564
        0         0         0         1

-0.0887173 -0.801096  0.591925  0.934182
 -0.69742  0.474247  0.537304  0.518154
-0.711151 -0.365152 -0.600774   1.55092
        0         0         0         1

-0.099396 -0.807557  0.581354  0.936653
-0.697545  0.473202  0.538061  0.517429
-0.709613  -0.35204 -0.610342   1.54632
        0         0         0         1

-0.110797 -0.816098  0.567193  0.938454
-0.698536  0.469906  0.539663  0.516419
-0.706946 -0.336412 -0.622138   1.54025
        0         0         0         1

-0.119553 -0.820894  0.558427  0.939643
 -0.69922  0.468925   0.53963    0.5159
-0.704839 -0.325949 -0.630047   1.53578
        0         0         0         1

-0.138894 -0.831108  0.538487  0.941853
-0.698808  0.467541  0.541363  0.515187
-0.701695 -0.301107 -0.645723   1.52598
        0         0         0         1

-0.144206 -0.832513  0.534908  0.942508
-0.699158  0.468256  0.540292  0.515317
-0.700274 -0.296072 -0.649583   1.52209
        0         0         0         1

-0.151291 -0.833046  0.532115  0.943821
-0.700243  0.470268  0.537129   0.51594
 -0.69769 -0.291347 -0.654481   1.51706
        0         0         0         1

-0.156384 -0.833914  0.529275  0.944661
-0.700206  0.471541  0.536061  0.516216
-0.696603  -0.28677 -0.657653   1.51414
        0         0         0         1

-0.161328 -0.836371  0.523887  0.945765
-0.699288  0.471459   0.53733  0.516455
-0.696398 -0.279661 -0.660923    1.5113
        0         0         0         1

-0.163383 -0.838883  0.519213  0.945941
-0.698964   0.46984  0.539166  0.516488
-0.696243 -0.274821 -0.663113   1.50893
        0         0         0         1

-0.164386 -0.835692  0.524019  0.946468
-0.695879  0.474764  0.538843  0.517452
-0.699092 -0.276075 -0.659585   1.50382
        0         0         0         1

 -0.16409  -0.83357   0.52748  0.946425
-0.695405  0.477004  0.537476  0.517825
-0.699633 -0.278618  -0.65794   1.50162
        0         0         0         1

-0.161504  -0.83268  0.529679  0.945408
-0.695908  0.476654  0.537134  0.518219
-0.699735 -0.281859  -0.65645   1.49921
        0         0         0         1

-0.159656  -0.83249  0.530538  0.944509
-0.696038  0.476038  0.537511  0.518433
-0.700029 -0.283458 -0.655447   1.49795
        0         0         0         1

-0.156461  -0.82886  0.537133  0.942598
-0.696964  0.477988  0.534573  0.519245
-0.699829 -0.290722 -0.652472   1.49336
        0         0         0         1

-0.156084 -0.826154  0.541393  0.942621
-0.696941  0.480518   0.53233  0.519826
-0.699936 -0.294231 -0.650782   1.49176
        0         0         0         1

-0.155685 -0.823003  0.546286  0.940877
-0.697543  0.483173   0.52913  0.520408
-0.699426  -0.29868 -0.649302    1.4898
        0         0         0         1

-0.155826 -0.820042  0.550681  0.939287
-0.697354  0.486162  0.526634  0.520339
-0.699582 -0.301956 -0.647616   1.48894
        0         0         0         1

-0.155633 -0.814052  0.559551  0.937153
-0.695981  0.492342  0.522694  0.520407
-0.700991 -0.308088  -0.64319   1.48846
        0         0         0         1

-0.154057  -0.80834  0.568201    0.9347
-0.694764  0.497514  0.519406  0.520539
-0.702545 -0.314748 -0.638252   1.48822
        0         0         0         1

-0.153247 -0.791139  0.592127  0.929774
-0.691009  0.514139  0.508102  0.521982
-0.706415 -0.331299 -0.625474   1.48775
        0         0         0         1

-0.150392 -0.783312  0.603162  0.926587
-0.689165  0.520495  0.504119  0.522748
-0.708825 -0.339862  -0.61811   1.48725
        0         0         0         1

-0.146799 -0.774224  0.615652  0.923195
-0.687598  0.527301  0.499162  0.524397
-0.711097 -0.350045 -0.609762   1.48645
        0         0         0         1

-0.146287 -0.767546  0.624077  0.921868
-0.685645  0.533422   0.49533  0.526223
-0.713085 -0.355435 -0.604297    1.4861
        0         0         0         1

-0.142143 -0.751741  0.643957  0.917463
-0.677614  0.548128  0.490301  0.530108
 -0.72155 -0.366662 -0.587303   1.48729
        0         0         0         1

-0.143259 -0.746174  0.650155  0.915921
-0.675858  0.553655    0.4865  0.532202
-0.722975 -0.369717 -0.583624   1.48831
        0         0         0         1

-0.144524 -0.740058  0.656831  0.913008
-0.675027  0.559093  0.481408  0.534807
  -0.7235 -0.373804 -0.580361   1.49029
        0         0         0         1

-0.147738   -0.7345  0.662331  0.911875
-0.673846  0.564948  0.476199  0.537211
-0.723951 -0.375957 -0.578404   1.49246
        0         0         0         1

-0.148588 -0.728514  0.668722  0.909706
-0.673415  0.569749  0.471061  0.540126
-0.724178 -0.380333  -0.57525   1.49594
        0         0         0         1

-0.147893 -0.723974  0.673788   0.90802
-0.673807  0.572458    0.4672  0.542726
-0.723956 -0.384908 -0.572481   1.49911
        0         0         0         1

-0.141374 -0.713993  0.685731  0.904004
-0.678326  0.574385   0.45821  0.549334
-0.721032  -0.40037 -0.565523   1.50644
        0         0         0         1

-0.136658 -0.710323  0.690482  0.902265
-0.681682  0.573176   0.45473  0.552253
-0.718773 -0.408547 -0.562543   1.51009
        0         0         0         1

-0.132422 -0.704564  0.697176  0.901476
-0.685851   0.57293  0.448731  0.556113
-0.715593 -0.418737 -0.559094   1.51543
        0         0         0         1

-0.128308  -0.70124  0.701284  0.900484
-0.688973  0.571655  0.445563  0.558965
-0.713339 -0.425997 -0.556483   1.52061
        0         0         0         1

-0.119597 -0.693571  0.710391  0.897788
-0.699749  0.566479  0.435261  0.566657
-0.704306  -0.44504 -0.553075    1.5341
        0         0         0         1

-0.113856 -0.690918  0.713911  0.895572
-0.705518  0.562158  0.431535  0.569821
-0.699486 -0.454545  -0.55146   1.54004
        0         0         0         1

 -0.10925 -0.686993  0.718405  0.894158
-0.713437  0.557443  0.424575  0.574456
 -0.69215 -0.466152 -0.551027   1.54818
        0         0         0         1

-0.103244 -0.684407  0.721753  0.891848
-0.718886  0.552837  0.421397  0.577658
-0.687418 -0.475351 -0.549088   1.55568
        0         0         0         1

-0.0954345 -0.681007  0.726032  0.888301
-0.726658  0.546148  0.416761  0.581907
-0.680338 -0.487804  -0.54698   1.56581
        0         0         0         1

-0.0915417 -0.676761   0.73049  0.886967
-0.732977  0.542353  0.410608  0.586173
-0.674066 -0.497844 -0.545697   1.57372
        0         0         0         1

-0.078717 -0.667899  0.740077  0.882139
-0.750582  0.528279  0.396923  0.596473
-0.656071 -0.524244 -0.542898   1.59412
        0         0         0         1

-0.0724624 -0.664223  0.744015  0.879501
-0.757868  0.521614  0.391861  0.601122
-0.648371  -0.53547  -0.54119   1.60333
        0         0         0         1

-0.0675587 -0.659765  0.748429  0.877919
-0.765635  0.515261  0.385108  0.607388
-0.639717 -0.547007  -0.53995   1.61717
        0         0         0         1

-0.0618793 -0.657163  0.751204  0.875432
-0.773986  0.506802  0.379601  0.612941
-0.630172 -0.557932 -0.539995   1.62713
        0         0         0         1

-0.055701  -0.65544   0.75319  0.872161
-0.784126   0.49571  0.373387  0.619742
-0.618097 -0.569798 -0.541559   1.64107
        0         0         0         1

-0.0510722 -0.653455  0.755241  0.869666
-0.790989  0.488138   0.36886   0.62521
-0.609695 -0.578549 -0.541806   1.65293
        0         0         0         1

-0.0413442 -0.651701  0.757348  0.863584
-0.810864  0.464761  0.355663  0.640738
-0.583772 -0.599402 -0.547657   1.68135
        0         0         0         1

-0.0367703 -0.650817  0.758344  0.860164
-0.818196  0.455304  0.351073   0.64742
-0.573762 -0.607565 -0.549238   1.69445
        0         0         0         1

-0.0340808 -0.648964  0.760056  0.858029
-0.829127  0.442979  0.341054  0.657364
 -0.55802  -0.61856 -0.553171   1.71028
        0         0         0         1

-0.0311354 -0.649348  0.759854  0.854952
-0.835271  0.434435  0.337029  0.664223
-0.548956 -0.624191 -0.555908   1.72491
        0         0         0         1

-0.0259553 -0.646296  0.762645  0.848244
-0.853447  0.411576  0.319741  0.684427
-0.520534 -0.642578 -0.562262   1.75798
        0         0         0         1

 -0.02705 -0.645158   0.76357  0.846995
-0.862045  0.401788  0.308942  0.693718
 -0.50611 -0.649875 -0.567023   1.77106
        0         0         0         1

-0.0236598 -0.643012  0.765491  0.842114
-0.870105  0.390305  0.300963  0.704913
-0.492298 -0.658937 -0.568723   1.79031
        0         0         0         1

-0.0217237 -0.642465  0.766007  0.838321
-0.874409  0.383671  0.296994  0.712949
-0.484703 -0.663352 -0.570112   1.80741
        0         0         0         1

-0.0174439 -0.639002  0.769007  0.832238
 -0.88496  0.367826  0.285569  0.726519
 -0.46534 -0.675559 -0.571907   1.82339
        0         0         0         1

-0.0183296 -0.636826   0.77079  0.829445
-0.891711  0.359107  0.275488  0.737386
-0.452234 -0.682272 -0.574447   1.83784
        0         0         0         1

-0.0188834 -0.631948  0.774781  0.821115
-0.907925   0.33536  0.251407  0.765154
-0.418707 -0.698695 -0.580094   1.87283
        0         0         0         1

-0.0182671 -0.631005  0.775564  0.816667
-0.913414  0.325999  0.243721  0.776226
-0.406622 -0.703958 -0.582324    1.8894
        0         0         0         1

-0.0226369 -0.628845  0.777201  0.815545
-0.922099  0.313513  0.226811  0.793671
-0.386291 -0.711522 -0.586955   1.90547
        0         0         0         1

-0.0244149 -0.629596  0.776539  0.812337
-0.926136  0.306708  0.219551  0.804963
-0.376399  -0.71382 -0.590579   1.92237
        0         0         0         1

-0.0359347 -0.631588  0.774471  0.809036
-0.938435  0.287765  0.191132   0.83741
-0.343583 -0.719922 -0.603044   1.96011
        0         0         0         1

-0.0391503 -0.631541  0.774354  0.805668
-0.942518  0.280707  0.181284  0.849904
-0.331854 -0.722745 -0.606228   1.97624
        0         0         0         1

-0.0405905 -0.631873  0.774008  0.798902
-0.948919  0.266962  0.168176  0.867861
-0.312897 -0.727645 -0.610433   1.99535
        0         0         0         1

-0.044662 -0.632647  0.773151  0.795675
-0.952024   0.26149  0.158975   0.88076
-0.302747 -0.728958 -0.613974   2.01082
        0         0         0         1

-0.0515195 -0.631735  0.773471  0.791824
-0.957794  0.250577  0.140862  0.899823
-0.282801 -0.733568 -0.617981   2.02875
        0         0         0         1

-0.0577193 -0.634598  0.770684  0.790369
-0.961208  0.243887  0.128833  0.914141
-0.269717 -0.733352 -0.624058    2.0444
        0         0         0         1

-0.0756739 -0.638193  0.766148  0.786139
-0.968415   0.23011 0.0960268  0.949112
-0.237582 -0.734683 -0.635449   2.08168
        0         0         0         1

-0.0780918 -0.637787  0.766244  0.778013
-0.972014  0.219524 0.0836588  0.964501
-0.221565 -0.738267  -0.63708   2.09401
        0         0         0         1

-0.0921352 -0.641643   0.76145  0.779725
-0.975205  0.212669 0.0612078  0.986267
 -0.20121  -0.73693 -0.645328   2.11135
        0         0         0         1

-0.104021 -0.644515  0.757483  0.782393
-0.976284  0.211561 0.0459419   1.00305
-0.189864  -0.73474 -0.651236   2.12613
        0         0         0         1

 -0.12304 -0.647223  0.752306  0.777494
-0.979269  0.202097 0.0137088   1.04224
-0.160912 -0.735023 -0.658672   2.15888
        0         0         0         1

-0.122363 -0.647322  0.752331  0.766435
-0.980175  0.197837 0.0108032    1.0538
-0.155832 -0.736094 -0.658697    2.1745
        0         0         0         1

  -0.13893  -0.654785   0.742937    0.77312
 -0.980632   0.195549 -0.0110326    1.07617
 -0.138057  -0.730081   -0.66927    2.19317
         0          0          0          1

 -0.141067  -0.654428   0.742848   0.763647
 -0.982267   0.186127 -0.0225594    1.09151
 -0.123501  -0.732858  -0.669079    2.20349
         0          0          0          1

  -0.16028  -0.660225   0.733767   0.767914
 -0.981498   0.185489 -0.0474945    1.11611
 -0.104748  -0.727803  -0.677739    2.21908
         0          0          0          1

 -0.173968  -0.659628   0.731181   0.768829
 -0.981214   0.178986 -0.0719875    1.13881
-0.0833863  -0.729969  -0.678374    2.22293
         0          0          0          1

-0.206581 -0.673103   0.71011  0.775343
-0.976593  0.186293 -0.107519   1.17796
-0.059917   -0.7157 -0.695833   2.25982
        0         0         0         1

-0.218103 -0.672546  0.707187  0.773032
-0.974849  0.184172 -0.125501   1.19758
-0.0458388 -0.716772 -0.695799   2.26549
        0         0         0         1

