 0.135396 -0.551092  0.823387  0.961287
-0.972947 0.0830608  0.215582   1.05716
-0.187197   -0.8303 -0.524937   2.18497
        0         0         0         1

 0.138767 -0.550864  0.822978  0.966255
-0.968976 0.0960972  0.227708   1.03754
-0.204522 -0.829044 -0.520439   2.17231
        0         0         0         1

 0.149003 -0.546955  0.823795  0.961442
-0.965487 0.0995035  0.240696   1.02292
 -0.21362 -0.831228 -0.513251   2.15894
        0         0         0         1

 0.145904 -0.558556  0.816534  0.979368
-0.959556  0.120964  0.254206  0.988853
 -0.24076 -0.820599 -0.518316   2.13098
        0         0         0         1

   0.1506 -0.559865  0.814783  0.979234
-0.954315  0.132824  0.267658   0.97212
-0.258075 -0.817869 -0.514284   2.12346
        0         0         0         1

 0.152798 -0.564339   0.81128  0.982044
-0.949557  0.143644  0.278762  0.953473
-0.273851  -0.81295 -0.513923   2.10566
        0         0         0         1

 0.151028 -0.567922  0.809107  0.981976
-0.946641  0.152651  0.283847  0.940829
-0.284714 -0.808803 -0.514564   2.09159
        0         0         0         1

 0.151375 -0.575808  0.803449  0.984578
-0.940275  0.166845  0.296726  0.921653
-0.304909  -0.80038 -0.516161    2.0778
        0         0         0         1

 0.157319 -0.573477  0.803975  0.985531
-0.934314  0.177249  0.309256  0.906431
-0.319855 -0.799817 -0.507923    2.0675
        0         0         0         1

 0.167298 -0.560984  0.810745  0.989975
-0.919932   0.20694  0.333018  0.872318
-0.354594 -0.801544 -0.481447   2.03659
        0         0         0         1

 0.167437 -0.560014  0.811387  0.992457
-0.913631   0.22112  0.341152  0.857688
-0.370463  -0.79843 -0.474623    2.0259
        0         0         0         1

 0.162688 -0.558779  0.813202  0.996869
-0.909275  0.235086  0.343444  0.841721
-0.383082 -0.795299 -0.469838   2.00807
        0         0         0         1

 0.160825 -0.559711  0.812932  0.999566
-0.905262  0.244513   0.34744  0.830097
-0.393238 -0.791794 -0.467361   1.99404
        0         0         0         1

 0.161734 -0.563016  0.810466   1.00457
-0.891794  0.268271  0.364327  0.800513
-0.422546 -0.781693 -0.458706   1.96069
        0         0         0         1

 0.162996 -0.565248  0.808658   1.00561
-0.885967  0.276813   0.37207  0.788292
-0.434159  -0.77709 -0.455671    1.9474
        0         0         0         1

 0.164365 -0.568813  0.805876   1.00621
-0.877221  0.289311  0.383122  0.773264
-0.451074 -0.769903 -0.451422   1.93173
        0         0         0         1

 0.159747 -0.573004  0.803833   1.01043
-0.872612  0.298759  0.386383  0.762825
-0.461551 -0.763158 -0.452284   1.91756
        0         0         0         1

 0.159356 -0.576971  0.801068   1.01117
-0.865046  0.309398  0.394928  0.749312
-0.475711 -0.755895 -0.449803   1.89961
        0         0         0         1

 0.157986 -0.579551  0.799476    1.0135
-0.858989  0.318656  0.400744  0.739008
 -0.48701 -0.750053 -0.447485   1.88603
        0         0         0         1

 0.153572 -0.585652  0.795882   1.01941
-0.842996  0.342564  0.414739  0.715051
-0.515533 -0.734617 -0.441094   1.85317
        0         0         0         1

 0.152815 -0.588429  0.793977   1.02062
 -0.83733  0.349635  0.420279  0.705644
-0.524906 -0.729045  -0.43928   1.83983
        0         0         0         1

 0.149492  -0.59291  0.791271    1.0232
-0.830187  0.359414  0.426159  0.694706
-0.537067  -0.72061 -0.438497   1.82207
        0         0         0         1

 0.148615  -0.59542  0.789549   1.02422
-0.824071  0.366784  0.431715  0.685899
-0.546645 -0.714804 -0.436159   1.80844
        0         0         0         1

   0.1408 -0.601125  0.786653   1.02995
-0.809948     0.387  0.440698    0.6666
 -0.56935 -0.699199 -0.432391   1.77648
        0         0         0         1

 0.139712 -0.603279  0.785197   1.03037
-0.802183  0.395924  0.446929  0.658257
-0.580502 -0.692314 -0.428625   1.76492
        0         0         0         1

 0.137964 -0.606091  0.783339   1.03135
-0.793293  0.405914  0.453784   0.64868
-0.593003 -0.684023 -0.424806   1.74858
        0         0         0         1

 0.134566  -0.60683  0.783358   1.03349
 -0.78893  0.412727  0.455243  0.642598
-0.599568 -0.679274 -0.423208   1.73451
        0         0         0         1

 0.134476 -0.606898  0.783321   1.03416
-0.780479  0.422192  0.461092   0.63393
-0.610548 -0.673371 -0.416896   1.71875
        0         0         0         1

  0.13171 -0.607717  0.783156   1.03626
-0.774299   0.43023  0.464073  0.627828
-0.618962  -0.66752 -0.413888   1.70685
        0         0         0         1

 0.129728 -0.609639  0.781992   1.04047
-0.759925  0.445474  0.473358  0.614652
-0.636934 -0.655663 -0.405489   1.67659
        0         0         0         1

 0.128996 -0.610232  0.781651   1.04199
 -0.75445  0.451155  0.476722   0.60982
-0.643556 -0.651212 -0.402192   1.66499
        0         0         0         1

 0.127836 -0.612179  0.780317   1.04323
-0.746315  0.458797  0.482203  0.603503
-0.653202 -0.644005 -0.398228   1.65111
        0         0         0         1

 0.125977 -0.613841  0.779313   1.04442
-0.741699  0.463407  0.484909  0.599511
-0.658796 -0.639103 -0.396907   1.63983
        0         0         0         1

 0.118591  -0.61752  0.777563   1.04846
-0.729314  0.477242  0.490246  0.590056
-0.673823 -0.625227 -0.393769   1.61342
        0         0         0         1

 0.116361 -0.617949  0.777559   1.04977
 -0.72408  0.483084  0.492279  0.586761
 -0.67983 -0.620297 -0.391232   1.60327
        0         0         0         1

 0.116939 -0.618705  0.776871   1.04973
-0.717689  0.488051  0.496718   0.58254
-0.686475 -0.615637 -0.386966   1.58964
        0         0         0         1

 0.116319 -0.619215  0.776558   1.05031
-0.712116  0.493036  0.499806  0.579564
-0.692359 -0.611136 -0.383604   1.57992
        0         0         0         1

 0.114449  -0.61826  0.777596   1.05196
-0.705226  0.500729  0.501923  0.576071
-0.699684 -0.605826 -0.378705   1.56748
        0         0         0         1

 0.112806 -0.616704  0.779071   1.05324
-0.701273   0.50605  0.502125  0.573893
-0.703912 -0.602983 -0.375392   1.55793
        0         0         0         1

 0.109209 -0.613177   0.78236   1.05521
-0.689442  0.520254  0.503989  0.568799
-0.716061 -0.594432 -0.365934   1.53699
        0         0         0         1

 0.106265 -0.611843  0.783808    1.0565
-0.685256  0.526127  0.503601  0.567279
-0.720508 -0.590625  -0.36336   1.52914
        0         0         0         1

 0.104555 -0.609902  0.785549   1.05749
-0.679751  0.532749  0.504101  0.565571
-0.725953 -0.586684  -0.35888   1.51923
        0         0         0         1

 0.104108 -0.608389  0.786781   1.05763
-0.676699  0.536408  0.504326  0.564436
-0.728862 -0.584918 -0.355852   1.51132
        0         0         0         1

  0.10527 -0.602996  0.790768   1.05806
-0.669051   0.54536  0.504928  0.562411
-0.735723 -0.582218 -0.346025   1.49394
        0         0         0         1

 0.106092 -0.600498  0.792557   1.05794
-0.665453  0.549379  0.505327  0.561671
-0.738862  -0.58102 -0.341319   1.48793
        0         0         0         1

 0.106158 -0.595458  0.796341   1.05877
-0.660496  0.556429  0.504114  0.561145
-0.743287 -0.579496 -0.334229   1.48136
        0         0         0         1

 0.105746 -0.590504  0.800077      1.06
-0.658792  0.561079  0.501182  0.560799
-0.744856 -0.580082 -0.329688   1.47592
        0         0         0         1

 0.108042 -0.585154  0.803693   1.06034
-0.655637  0.565758  0.500057  0.560412
-0.747306 -0.580958 -0.322523   1.46955
        0         0         0         1

 0.111114 -0.581219  0.806126   1.05975
 -0.65434  0.567726  0.499525  0.560356
-0.747992 -0.582985 -0.317232   1.46455
        0         0         0         1

 0.115242 -0.571426  0.812522   1.06009
-0.649481  0.575561  0.496895   0.56051
-0.751594  -0.58498 -0.304802   1.45512
        0         0         0         1

 0.118824 -0.569902  0.813076   1.05801
-0.647437  0.576377  0.498612  0.560182
-0.752799 -0.585663 -0.300488   1.45163
        0         0         0         1

 0.124379 -0.556177  0.821704   1.05668
-0.647248  0.582206  0.492043  0.560711
-0.752064 -0.593046 -0.287571   1.44641
        0         0         0         1

 0.128109 -0.550258  0.825109   1.05575
-0.647395  0.583858  0.489887  0.561161
-0.751311  -0.59693 -0.281437   1.44348
        0         0         0         1

 0.135109 -0.543615  0.828389   1.05494
 -0.64835  0.583713  0.488796  0.561466
-0.749258 -0.603127 -0.273588   1.43991
        0         0         0         1

 0.137303 -0.542199  0.828956   1.05606
-0.648452  0.583422  0.489007  0.561417
-0.748771  -0.60468 -0.271485   1.43879
        0         0         0         1

 0.146649 -0.541243   0.82798   1.05718
-0.652261   0.57637  0.492294  0.561314
-0.743673 -0.612254 -0.268507   1.43518
        0         0         0         1

 0.150265 -0.543534  0.825827   1.05767
-0.653031  0.572584   0.49568  0.561049
-0.742274 -0.613774 -0.268905   1.43529
        0         0         0         1

 0.155508 -0.547174  0.822446   1.05749
-0.654173  0.566806  0.500787  0.560424
-0.740185 -0.615899 -0.269804   1.43537
        0         0         0         1

 0.158191 -0.549744  0.820218   1.05786
-0.655419  0.562828  0.503638  0.560151
-0.738514 -0.617257 -0.271278   1.43547
        0         0         0         1

 0.163449 -0.551884  0.817746   1.05768
 -0.65722   0.55727  0.507456  0.559591
-0.735763 -0.620382 -0.271623   1.43539
        0         0         0         1

 0.166295 -0.553446  0.816115   1.05736
-0.658452  0.553758  0.509699  0.559357
-0.734021 -0.622133  -0.27233    1.4348
        0         0         0         1

 0.167842  -0.55524  0.814578   1.05737
-0.658346  0.551903  0.511844  0.559067
-0.733764 -0.622183 -0.272907   1.43502
        0         0         0         1

 0.168725   -0.5556   0.81415   1.05742
-0.658303  0.551242  0.512611  0.559048
  -0.7336 -0.622448 -0.272745   1.43512
        0         0         0         1

 0.169585 -0.555624  0.813955   1.05725
-0.657867  0.551137  0.513283  0.559169
-0.733793 -0.622519 -0.272062   1.43521
        0         0         0         1

 0.169828 -0.555355  0.814088   1.05711
-0.657455  0.551526  0.513393  0.559302
-0.734106 -0.622415 -0.271456   1.43514
        0         0         0         1

 0.168945 -0.558204  0.812321   1.05686
-0.656488  0.551014  0.515176  0.559781
-0.735174 -0.620316 -0.273363   1.43527
        0         0         0         1

 0.168191 -0.560351  0.810999   1.05685
-0.656549  0.550003  0.516179  0.560051
-0.735293 -0.619277 -0.275392   1.43542
        0         0         0         1

 0.166437 -0.564059  0.808787   1.05699
 -0.65521  0.549698    0.5182  0.560329
-0.736884 -0.616173 -0.278087   1.43622
        0         0         0         1

 0.165244 -0.568697  0.805778   1.05685
-0.654242   0.54816  0.521045  0.560559
-0.738012 -0.613273 -0.281485   1.43681
        0         0         0         1

 0.160496 -0.580238  0.798476   1.05722
-0.651355  0.545549  0.527365  0.561562
-0.741605 -0.604731 -0.290383   1.43929
        0         0         0         1

 0.158352 -0.585608  0.794977   1.05718
-0.650177  0.544096   0.53031  0.561943
-0.743098 -0.600852  -0.29459   1.44093
        0         0         0         1

 0.153676 -0.591949  0.791189   1.05824
-0.648372  0.543813  0.532805  0.562597
-0.745653 -0.594864 -0.300232   1.44361
        0         0         0         1

 0.148767 -0.594491  0.790221   1.05962
-0.649347  0.543956   0.53147  0.563319
  -0.7458 -0.592192 -0.305108   1.44448
        0         0         0         1

 0.147731  -0.60054  0.785829   1.05861
-0.648122  0.541385  0.535575   0.56388
 -0.74707 -0.588434 -0.309244   1.44629
        0         0         0         1

 0.144399 -0.604316   0.78355   1.05893
-0.646854  0.541583  0.536906  0.564563
-0.748818 -0.584371 -0.312701   1.44864
        0         0         0         1

 0.137257   -0.6113  0.779405   1.05969
-0.645321  0.541767  0.538561  0.566816
-0.751479 -0.576888 -0.320123    1.4543
        0         0         0         1

 0.133519 -0.613679  0.778184    1.0605
-0.646236  0.541402  0.537832  0.568234
-0.751366 -0.574702 -0.324294   1.45623
        0         0         0         1

  0.12954  -0.61787  0.775536   1.06086
-0.646333  0.540525  0.538596  0.569854
-0.751979 -0.571024  -0.32933   1.45986
        0         0         0         1

 0.125196 -0.622419  0.772606   1.06136
-0.646876  0.539237  0.539236  0.571023
-0.752248 -0.567291 -0.335117   1.46337
        0         0         0         1

  0.11612 -0.637481  0.761665   1.06166
-0.649966  0.531089   0.54359  0.574615
 -0.75104 -0.558178 -0.352671   1.47188
        0         0         0         1

 0.111729 -0.642987  0.757683   1.06143
-0.650984   0.52872  0.544679  0.576081
-0.750824 -0.554097 -0.359501   1.47693
        0         0         0         1

 0.105063 -0.650117  0.752535   1.06018
-0.655083    0.5241  0.544229  0.578327
-0.748216 -0.550152 -0.370817   1.48298
        0         0         0         1

0.0969235 -0.654615  0.749723   1.05968
-0.659824  0.521688  0.540809  0.580105
-0.745143 -0.547102 -0.381367   1.48845
        0         0         0         1

0.0871903 -0.660717  0.745554   1.05743
-0.666897  0.517247   0.53638  0.582382
-0.740031 -0.543975 -0.395531   1.49655
        0         0         0         1

0.0764998 -0.664088   0.74373   1.05665
-0.674221  0.515074  0.529268  0.584389
-0.734557 -0.541927 -0.408339   1.50354
        0         0         0         1

0.0492239 -0.671159  0.739677   1.05346
-0.696077  0.508049   0.50731  0.589849
-0.716278 -0.539844  -0.44217   1.52297
        0         0         0         1

0.0400573  -0.67583  0.735969   1.05091
 -0.70647  0.501721  0.499175  0.592184
-0.706609 -0.539935 -0.457356   1.53184
        0         0         0         1

0.0260745 -0.681386   0.73146   1.04962
-0.720286  0.494578  0.486396  0.595757
-0.693187 -0.539543 -0.477897    1.5445
        0         0         0         1

0.0201419  -0.68625  0.727087   1.04731
-0.732445  0.484875  0.477932  0.598956
-0.680528 -0.542178 -0.492874   1.55373
        0         0         0         1

 0.014211 -0.698419  0.715548   1.04209
-0.760428  0.457126  0.461286  0.608126
-0.649266 -0.550678 -0.524601   1.57971
        0         0         0         1

0.0130261  -0.70235  0.711712   1.04109
-0.771969  0.445325  0.453596  0.612437
-0.635527 -0.555328 -0.536392   1.59105
        0         0         0         1

0.0178795 -0.707393  0.706595   1.03759
 -0.78634  0.426538  0.446917  0.618594
-0.617536 -0.563614 -0.548624    1.6072
        0         0         0         1

0.0211749  -0.70888  0.705011    1.0359
-0.797526  0.413275  0.439496  0.623816
-0.602913 -0.571571 -0.556599   1.61933
        0         0         0         1

0.0300311 -0.708782  0.704788   1.03288
-0.809703  0.396178  0.432925  0.630957
-0.586071  -0.58367 -0.562005   1.63769
        0         0         0         1

0.0408448 -0.706985  0.706048   1.02874
 -0.82003   0.38001  0.427953  0.637118
-0.570862  -0.59646 -0.564227    1.6509
        0         0         0         1

0.0613644 -0.697564   0.71389   1.02172
 -0.84326  0.346419  0.410981  0.654113
-0.533991 -0.627215  -0.56697   1.68561
        0         0         0         1

0.0712849 -0.692533  0.717855    1.0183
-0.853505  0.330089    0.4032  0.662288
-0.516185 -0.641435  -0.56755   1.69916
        0         0         0         1

0.0811572 -0.686629  0.722464   1.01511
-0.864507  0.312243  0.393868  0.672867
-0.496026 -0.656541 -0.568254   1.71961
        0         0         0         1

0.0907386 -0.680773  0.726852   1.01163
-0.873511  0.296113  0.386388  0.681815
-0.478273 -0.669974 -0.567794   1.73405
        0         0         0         1

 0.110511 -0.665824  0.737879   1.00373
-0.892853  0.259615  0.367984  0.705536
-0.436578 -0.699484 -0.565793   1.77246
        0         0         0         1

 0.116691 -0.661468  0.740839    1.0012
 -0.90175  0.242037  0.358142  0.717425
 -0.41621 -0.709844 -0.568235   1.78612
        0         0         0         1

 0.128137 -0.652923  0.746507  0.995257
-0.911118  0.219803  0.348641  0.731974
 -0.39172  -0.72483 -0.566725    1.8061
        0         0         0         1

 0.136152 -0.649215   0.74832  0.990845
-0.917147  0.202994  0.342979  0.742689
-0.374572 -0.733017 -0.567787   1.82372
        0         0         0         1

 0.137371 -0.645319   0.75146  0.990422
-0.928476  0.180389   0.32464  0.760216
-0.345052 -0.742309 -0.574383   1.84214
        0         0         0         1

 0.140531  -0.64357  0.752375  0.988789
-0.934241  0.165391  0.315973  0.772437
-0.327787 -0.747304 -0.578008   1.85997
        0         0         0         1

  0.14992 -0.637871   0.75541    0.9807
-0.949126  0.121145  0.290661  0.804884
-0.276918 -0.760555 -0.587258   1.89941
        0         0         0         1

 0.153717 -0.636226  0.756034  0.976962
-0.954634  0.101862  0.279817  0.819902
-0.255038 -0.764748 -0.591705   1.91429
        0         0         0         1

 0.155918 -0.633067  0.758232  0.973461
-0.960565 0.0817374  0.265769  0.837791
-0.230225  -0.76977 -0.595358   1.93652
        0         0         0         1

  0.15976 -0.630305  0.759731  0.968695
-0.964191 0.0654045  0.257018  0.852565
-0.211689 -0.773587 -0.597286   1.95257
        0         0         0         1

 0.159929 -0.623765  0.765075  0.961915
-0.974088 0.0258414  0.224688   0.89121
-0.159923 -0.781185 -0.603469   1.98702
        0         0         0         1

   0.1598 -0.618833  0.769096  0.959905
-0.976983 0.0123816  0.212957   0.90659
-0.141307 -0.785425 -0.602611   2.00341
        0         0         0         1

   0.162399    -0.61254    0.773577    0.953419
  -0.979557 -0.00575522    0.201084    0.926137
   -0.11872   -0.790419   -0.600953     2.02445
          0           0           0           1

  0.158015  -0.611214   0.775532   0.953929
 -0.982559 -0.0193561   0.184941   0.943429
-0.0980275  -0.791229  -0.603612    2.03756
         0          0          0          1

  0.156941  -0.605458    0.78025    0.94905
 -0.985038 -0.0390019   0.167868   0.965738
 -0.071206  -0.794921   -0.60252     2.0573
         0          0          0          1

  0.148982  -0.604933   0.782215   0.950705
 -0.987667 -0.0525204   0.147496   0.985498
-0.0481429  -0.794543  -0.605297    2.06756
         0          0          0          1

  0.138949  -0.603801   0.784931   0.946946
 -0.990262 -0.0778548   0.115407    1.02578
-0.00857228  -0.793324   -0.60874    2.10513
         0          0          0          1

  0.132866   -0.60185   0.787479   0.944548
 -0.991085 -0.0886123  0.0994954    1.04456
0.00989902  -0.793678  -0.608258    2.11866
         0          0          0          1

 0.134173 -0.595737  0.791894  0.931869
-0.990139 -0.113073 0.0826984    1.0696
0.0402756 -0.795181 -0.605034   2.13316
        0         0         0         1

 0.131414 -0.592119  0.795063  0.924826
-0.989617 -0.125458 0.0701362   1.08671
0.0582183 -0.796024 -0.602458   2.14431
        0         0         0         1

 0.115911 -0.593655  0.796328  0.916895
-0.987205 -0.157246 0.0264691   1.13406
 0.109506 -0.789207 -0.604285   2.16849
        0         0         0         1

  0.102771  -0.599595   0.793678   0.919313
 -0.986599  -0.163099 0.00453577    1.15334
  0.126729  -0.783508  -0.608322    2.18197
         0          0          0          1

 0.0917208  -0.606054   0.790117   0.915101
 -0.984865  -0.172395 -0.0179064    1.17734
  0.147065  -0.776517  -0.612694    2.19654
         0          0          0          1

 0.0872024  -0.610417   0.787265   0.906733
 -0.982708  -0.182288 -0.0324884    1.19498
   0.16334  -0.770819  -0.615758     2.2064
         0          0          0          1

