  0.22487 -0.853258  0.470515   1.46021
-0.968607 -0.248272 0.0126889   1.07533
 0.105989 -0.458598 -0.882301   2.28613
        0         0         0         1

 0.224327 -0.856802  0.464292   1.46964
 -0.97178  -0.23234 0.0407663   1.04616
 0.072945 -0.460335 -0.884743    2.2603
        0         0         0         1

 0.224327 -0.856802  0.464292   1.46964
 -0.97178  -0.23234 0.0407663   1.04616
 0.072945 -0.460335 -0.884743    2.2603
        0         0         0         1

 0.220304 -0.863366  0.453944   1.47996
-0.975302 -0.202531 0.0881269   1.00022
0.0158522 -0.462148 -0.886661   2.22581
        0         0         0         1

 0.220304 -0.863366  0.453944   1.47996
-0.975302 -0.202531 0.0881269   1.00022
0.0158522 -0.462148 -0.886661   2.22581
        0         0         0         1

 0.220831 -0.866196  0.448261   1.48431
-0.975192 -0.188901  0.115396  0.975162
-0.0152788 -0.462623 -0.886423    2.1945
        0         0         0         1

 0.220831 -0.866196  0.448261   1.48431
-0.975192 -0.188901  0.115396  0.975162
-0.0152788 -0.462623 -0.886423    2.1945
        0         0         0         1

 0.215688   -0.8755  0.432411    1.4979
-0.975091 -0.169654  0.142881  0.948294
-0.051732 -0.452457 -0.890284   2.16404
        0         0         0         1

 0.215688   -0.8755  0.432411    1.4979
-0.975091 -0.169654  0.142881  0.948294
-0.051732 -0.452457 -0.890284   2.16404
        0         0         0         1

 0.200742  -0.87488  0.440782   1.51369
-0.972728  -0.12464  0.195613  0.907115
-0.116198 -0.468028 -0.876041    2.1179
        0         0         0         1

 0.200742  -0.87488  0.440782   1.51369
-0.972728  -0.12464  0.195613  0.907115
-0.116198 -0.468028 -0.876041    2.1179
        0         0         0         1

  0.185723  -0.881224   0.434685    1.52435
 -0.971985 -0.0999061   0.212753   0.884061
 -0.144055   -0.46202  -0.875092    2.08158
         0          0          0          1

  0.185723  -0.881224   0.434685    1.52435
 -0.971985 -0.0999061   0.212753   0.884061
 -0.144055   -0.46202  -0.875092    2.08158
         0          0          0          1

  0.179705  -0.892082   0.414602    1.53408
 -0.966348 -0.0812293   0.244076   0.854089
 -0.184058  -0.444512   -0.87666    2.02781
         0          0          0          1

  0.179705  -0.892082   0.414602    1.53408
 -0.966348 -0.0812293   0.244076   0.854089
 -0.184058  -0.444512   -0.87666    2.02781
         0          0          0          1

  0.176316  -0.897512    0.40421    1.53993
 -0.958478 -0.0630404    0.27811   0.831386
 -0.224126  -0.436462   -0.87136    1.99773
         0          0          0          1

  0.176316  -0.897512    0.40421    1.53993
 -0.958478 -0.0630404    0.27811   0.831386
 -0.224126  -0.436462   -0.87136    1.99773
         0          0          0          1

  0.164679  -0.905123   0.391961    1.55258
  -0.95338 -0.0441849   0.298521   0.811902
 -0.252879  -0.422848  -0.870202    1.95861
         0          0          0          1

  0.164679  -0.905123   0.391961    1.55258
  -0.95338 -0.0441849   0.298521   0.811902
 -0.252879  -0.422848  -0.870202    1.95861
         0          0          0          1

  0.156616  -0.913026   0.376636    1.56123
  -0.94094 -0.0220344   0.337854   0.784012
 -0.300171  -0.407306  -0.862554    1.90742
         0          0          0          1

  0.156616  -0.913026   0.376636    1.56123
  -0.94094 -0.0220344   0.337854   0.784012
 -0.300171  -0.407306  -0.862554    1.90742
         0          0          0          1

 0.152753 -0.919301  0.362701     1.565
 -0.93331 -0.013513  0.358818  0.768999
 -0.32496 -0.393323 -0.860057   1.87039
        0         0         0         1

 0.152753 -0.919301  0.362701     1.565
 -0.93331 -0.013513  0.358818  0.768999
 -0.32496 -0.393323 -0.860057   1.87039
        0         0         0         1

  0.136624   -0.92971   0.342014    1.57583
 -0.921424 0.00750709   0.388487    0.74446
 -0.363748  -0.368216  -0.855631    1.81985
         0          0          0          1

  0.136624   -0.92971   0.342014    1.57583
 -0.921424 0.00750709   0.388487    0.74446
 -0.363748  -0.368216  -0.855631    1.81985
         0          0          0          1

 0.126933 -0.934973  0.331229   1.58064
-0.914596 0.0189302  0.403925  0.730558
 -0.38393 -0.354212  -0.85272   1.78705
        0         0         0         1

 0.126933 -0.934973  0.331229   1.58064
-0.914596 0.0189302  0.403925  0.730558
 -0.38393 -0.354212  -0.85272   1.78705
        0         0         0         1

 0.122408 -0.939345  0.320386   1.58029
-0.905476  0.026475  0.423572  0.718435
-0.406362  -0.34195 -0.847313   1.75971
        0         0         0         1

 0.122408 -0.939345  0.320386   1.58029
-0.905476  0.026475  0.423572  0.718435
-0.406362  -0.34195 -0.847313   1.75971
        0         0         0         1

 0.109946 -0.946729  0.302681   1.58457
-0.895066  0.038103  0.444303  0.700893
-0.432168 -0.319769 -0.843196   1.71805
        0         0         0         1

 0.109946 -0.946729  0.302681   1.58457
-0.895066  0.038103  0.444303  0.700893
-0.432168 -0.319769 -0.843196   1.71805
        0         0         0         1

0.0990425 -0.952453  0.288137   1.58943
-0.889347  0.045166  0.454997  0.689618
-0.446378 -0.301318 -0.842588   1.69304
        0         0         0         1

0.0990425 -0.952453  0.288137   1.58943
-0.889347  0.045166  0.454997  0.689618
-0.446378 -0.301318 -0.842588   1.69304
        0         0         0         1

 0.093176 -0.958653  0.268892   1.59022
-0.884812 0.0441078  0.463856    0.6815
-0.456537 -0.281139 -0.844118   1.66923
        0         0         0         1

 0.093176 -0.958653  0.268892   1.59022
-0.884812 0.0441078  0.463856    0.6815
-0.456537 -0.281139 -0.844118   1.66923
        0         0         0         1

0.0802143 -0.966889  0.242264     1.595
 -0.87895 0.0460193  0.474689  0.669577
 -0.47012 -0.251015 -0.846155   1.63679
        0         0         0         1

0.0802143 -0.966889  0.242264     1.595
 -0.87895 0.0460193  0.474689  0.669577
 -0.47012 -0.251015 -0.846155   1.63679
        0         0         0         1

0.0771469 -0.969826  0.231268   1.59534
-0.872986 0.0463399  0.485539  0.662663
-0.481606 -0.239352  -0.84307      1.62
        0         0         0         1

0.0771469 -0.969826  0.231268   1.59534
-0.872986 0.0463399  0.485539  0.662663
-0.481606 -0.239352  -0.84307      1.62
        0         0         0         1

 0.071143 -0.974353  0.213481    1.5963
-0.867476 0.0452072   0.49542  0.654108
-0.492365 -0.220435 -0.842013   1.59573
        0         0         0         1

 0.071143 -0.974353  0.213481    1.5963
-0.867476 0.0452072   0.49542  0.654108
-0.492365 -0.220435 -0.842013   1.59573
        0         0         0         1

 0.066209 -0.976433  0.205413   1.59695
-0.864178 0.0467995  0.501006  0.648482
-0.498812 -0.210684 -0.840713   1.58145
        0         0         0         1

 0.066209 -0.976433  0.205413   1.59695
-0.864178 0.0467995  0.501006  0.648482
-0.498812 -0.210684 -0.840713   1.58145
        0         0         0         1

0.0639467 -0.977716  0.199957   1.59719
-0.860436 0.0474829  0.507342  0.643845
-0.505531 -0.204493 -0.838225   1.56957
        0         0         0         1

0.0639467 -0.977716  0.199957   1.59719
-0.860436 0.0474829  0.507342  0.643845
-0.505531 -0.204493 -0.838225   1.56957
        0         0         0         1

0.0659031  -0.97906   0.19261    1.5962
  -0.8554 0.0439524  0.516099  0.637714
-0.513758 -0.198771 -0.834592   1.55521
        0         0         0         1

0.0659031  -0.97906   0.19261    1.5962
  -0.8554 0.0439524  0.516099  0.637714
-0.513758 -0.198771 -0.834592   1.55521
        0         0         0         1

0.0610894 -0.979841  0.190209   1.59895
-0.854279 0.0472294  0.517665  0.633682
-0.516213 -0.194116 -0.834172   1.54499
        0         0         0         1

0.0610894 -0.979841  0.190209   1.59895
-0.854279 0.0472294  0.517665  0.633682
-0.516213 -0.194116 -0.834172   1.54499
        0         0         0         1

0.0648881 -0.980138  0.187399   1.59712
-0.851831 0.0434135  0.522015  0.630586
-0.519783 -0.193505 -0.832095   1.53346
        0         0         0         1

0.0648881 -0.980138  0.187399   1.59712
-0.851831 0.0434135  0.522015  0.630586
-0.519783 -0.193505 -0.832095   1.53346
        0         0         0         1

0.0668101 -0.980158  0.186621   1.59722
-0.849806 0.0421126   0.52541  0.628737
-0.522844 -0.193695 -0.830131    1.5273
        0         0         0         1

0.0668101 -0.980158  0.186621   1.59722
-0.849806 0.0421126   0.52541  0.628737
-0.522844 -0.193695 -0.830131    1.5273
        0         0         0         1

0.0716379 -0.979486   0.18835    1.5965
-0.846785  0.040065  0.530424  0.626769
-0.527089  -0.19749 -0.826544   1.52034
        0         0         0         1

0.0716379 -0.979486   0.18835    1.5965
-0.846785  0.040065  0.530424  0.626769
-0.527089  -0.19749 -0.826544   1.52034
        0         0         0         1

0.0744724  -0.97886  0.190493   1.59605
-0.845731 0.0392191  0.532166  0.626153
-0.528386 -0.200737 -0.824932     1.515
        0         0         0         1

0.0744724  -0.97886  0.190493   1.59605
-0.845731 0.0392191  0.532166  0.626153
-0.528386 -0.200737 -0.824932     1.515
        0         0         0         1

0.0748036 -0.977599  0.196735   1.59615
-0.846303   0.04211  0.531036  0.625894
-0.527424 -0.206221 -0.824195   1.50976
        0         0         0         1

0.0748036 -0.977599  0.196735   1.59615
-0.846303   0.04211  0.531036  0.625894
-0.527424 -0.206221 -0.824195   1.50976
        0         0         0         1

0.0759238 -0.975036  0.208664   1.59444
-0.845584 0.0479401  0.531685  0.624743
-0.528415  -0.21681 -0.820835   1.50665
        0         0         0         1

0.0759238 -0.975036  0.208664   1.59444
-0.845584 0.0479401  0.531685  0.624743
-0.528415  -0.21681 -0.820835   1.50665
        0         0         0         1

 0.078463 -0.973001  0.217053   1.59393
-0.844432 0.0508585  0.533243  0.623619
-0.529885 -0.225126 -0.817643   1.50599
        0         0         0         1

 0.078463 -0.973001  0.217053   1.59393
-0.844432 0.0508585  0.533243  0.623619
-0.529885 -0.225126 -0.817643   1.50599
        0         0         0         1

0.0818788 -0.971247   0.22355   1.59336
-0.844385 0.0515536  0.533251   0.62172
-0.529444 -0.232424 -0.815885   1.50456
        0         0         0         1

0.0818788 -0.971247   0.22355   1.59336
-0.844385 0.0515536  0.533251   0.62172
-0.529444 -0.232424 -0.815885   1.50456
        0         0         0         1

0.0836581 -0.971302   0.22265    1.5933
-0.844136 0.0496623  0.533825  0.620496
-0.529562 -0.232605 -0.815756   1.50407
        0         0         0         1

0.0836581 -0.971302   0.22265    1.5933
-0.844136 0.0496623  0.533825  0.620496
-0.529562 -0.232605 -0.815756   1.50407
        0         0         0         1

0.0855682 -0.971944  0.219097   1.59331
-0.844129 0.0460942  0.534155  0.619272
-0.529267 -0.230653 -0.816502   1.50354
        0         0         0         1

0.0855682 -0.971944  0.219097   1.59331
-0.844129 0.0460942  0.534155  0.619272
-0.529267 -0.230653 -0.816502   1.50354
        0         0         0         1

0.0845085 -0.973706  0.211553   1.59404
-0.843182 0.0432496  0.535886   0.61691
-0.530945 -0.223665 -0.817356   1.50444
        0         0         0         1

0.0845085 -0.973706  0.211553   1.59404
-0.843182 0.0432496  0.535886   0.61691
-0.530945 -0.223665 -0.817356   1.50444
        0         0         0         1

0.0834084  -0.97495  0.206192   1.59374
-0.842798 0.0413908  0.536637  0.615686
-0.531728 -0.218538 -0.818233   1.50469
        0         0         0         1

0.0834084  -0.97495  0.206192   1.59374
-0.842798 0.0413908  0.536637  0.615686
-0.531728 -0.218538 -0.818233   1.50469
        0         0         0         1

0.0800221 -0.976987  0.197718   1.59352
 -0.84077  0.040394  0.539883  0.613548
-0.535445 -0.209438 -0.818189   1.50497
        0         0         0         1

0.0800221 -0.976987  0.197718   1.59352
 -0.84077  0.040394  0.539883  0.613548
-0.535445 -0.209438 -0.818189   1.50497
        0         0         0         1

0.0784089 -0.978591  0.190296   1.59351
-0.839894 0.0379882  0.541419  0.612423
-0.537057 -0.202281 -0.818934   1.50499
        0         0         0         1

0.0784089 -0.978591  0.190296   1.59351
-0.839894 0.0379882  0.541419  0.612423
-0.537057 -0.202281 -0.818934   1.50499
        0         0         0         1

0.0773802 -0.979467  0.186164   1.59355
-0.838408  0.037118  0.543778  0.611679
-0.539523 -0.198159  -0.81832    1.5059
        0         0         0         1

0.0773802 -0.979467  0.186164   1.59355
-0.838408  0.037118  0.543778  0.611679
-0.539523 -0.198159  -0.81832    1.5059
        0         0         0         1

0.0774793 -0.981055   0.17756   1.59229
-0.837696 0.0325121  0.545169  0.612142
-0.540613 -0.190981 -0.819307   1.50866
        0         0         0         1

0.0774793 -0.981055   0.17756   1.59229
-0.837696 0.0325121  0.545169  0.612142
-0.540613 -0.190981 -0.819307   1.50866
        0         0         0         1

0.0789466 -0.981504  0.174406   1.58985
-0.838299 0.0293118  0.544423  0.613971
-0.539465 -0.189184 -0.820479    1.5114
        0         0         0         1

0.0789466 -0.981504  0.174406   1.58985
-0.838299 0.0293118  0.544423  0.613971
-0.539465 -0.189184 -0.820479    1.5114
        0         0         0         1

0.0763779 -0.981927  0.173165   1.58881
-0.838285 0.0307944  0.544362   0.61531
-0.539857 -0.186738 -0.820782   1.51569
        0         0         0         1

0.0763779 -0.981927  0.173165   1.58881
-0.838285 0.0307944  0.544362   0.61531
-0.539857 -0.186738 -0.820782   1.51569
        0         0         0         1

0.0768617 -0.980472  0.181016   1.58531
-0.840923 0.0337918  0.540099  0.619072
-0.535669 -0.193734 -0.821904   1.52461
        0         0         0         1

0.0768617 -0.980472  0.181016   1.58531
-0.840923 0.0337918  0.540099  0.619072
-0.535669 -0.193734 -0.821904   1.52461
        0         0         0         1

0.0813175 -0.977723  0.193506   1.58277
-0.843777 0.0358056  0.535497  0.621983
-0.530497 -0.206821 -0.822069   1.53341
        0         0         0         1

0.0813175 -0.977723  0.193506   1.58277
-0.843777 0.0358056  0.535497  0.621983
-0.530497 -0.206821 -0.822069   1.53341
        0         0         0         1

 0.107689 -0.967229  0.229938   1.57374
-0.849668 0.0305482  0.526433    0.6278
-0.516205 -0.252062 -0.818533   1.55579
        0         0         0         1

 0.107689 -0.967229  0.229938   1.57374
-0.849668 0.0305482  0.526433    0.6278
-0.516205 -0.252062 -0.818533   1.55579
        0         0         0         1

 0.119388 -0.959969  0.253389   1.57111
-0.859271 0.0279519  0.510756  0.632073
-0.497393 -0.278708 -0.821536   1.57173
        0         0         0         1

 0.119388 -0.959969  0.253389   1.57111
-0.859271 0.0279519  0.510756  0.632073
-0.497393 -0.278708 -0.821536   1.57173
        0         0         0         1

 0.140299 -0.949599  0.280316   1.56365
 -0.86696 0.0189226  0.498018  0.638251
-0.478222 -0.312895  -0.82061   1.59366
        0         0         0         1

 0.140299 -0.949599  0.280316   1.56365
 -0.86696 0.0189226  0.498018  0.638251
-0.478222 -0.312895  -0.82061   1.59366
        0         0         0         1

  0.172017  -0.931051   0.321799     1.5525
 -0.880949 0.00079536    0.47321   0.649673
 -0.440839  -0.364889  -0.820071    1.63057
         0          0          0          1

  0.172017  -0.931051   0.321799     1.5525
 -0.880949 0.00079536    0.47321   0.649673
 -0.440839  -0.364889  -0.820071    1.63057
         0          0          0          1

   0.19326  -0.917331   0.348073    1.54499
 -0.890371 -0.0149381   0.454991   0.658317
 -0.412177  -0.397846  -0.819651    1.66054
         0          0          0          1

   0.19326  -0.917331   0.348073    1.54499
 -0.890371 -0.0149381   0.454991   0.658317
 -0.412177  -0.397846  -0.819651    1.66054
         0          0          0          1

  0.227805  -0.895179   0.383092    1.52829
 -0.904066 -0.0483377   0.424651   0.675164
  -0.36162  -0.443078  -0.820312    1.70964
         0          0          0          1

  0.227805  -0.895179   0.383092    1.52829
 -0.904066 -0.0483377   0.424651   0.675164
  -0.36162  -0.443078  -0.820312    1.70964
         0          0          0          1

  0.248894  -0.880308   0.403868    1.51643
 -0.912483 -0.0733371   0.402489     0.6883
 -0.324696  -0.468699  -0.821519     1.7449
         0          0          0          1

  0.248894  -0.880308   0.403868    1.51643
 -0.912483 -0.0733371   0.402489     0.6883
 -0.324696  -0.468699  -0.821519     1.7449
         0          0          0          1

  0.271474  -0.862014   0.428059    1.50118
 -0.918122 -0.0985299   0.383854   0.702541
 -0.288711  -0.497216  -0.818182    1.78426
         0          0          0          1

  0.271474  -0.862014   0.428059    1.50118
 -0.918122 -0.0985299   0.383854   0.702541
 -0.288711  -0.497216  -0.818182    1.78426
         0          0          0          1

 0.297953 -0.838998   0.45531   1.47896
-0.926417 -0.139145  0.349842   0.72766
-0.230162 -0.526043 -0.818721   1.84449
        0         0         0         1

 0.297953 -0.838998   0.45531   1.47896
-0.926417 -0.139145  0.349842   0.72766
-0.230162 -0.526043 -0.818721   1.84449
        0         0         0         1

 0.311315 -0.827823  0.466682   1.46503
-0.932103 -0.170337  0.319639  0.748166
-0.185111 -0.534504 -0.824645   1.88253
        0         0         0         1

 0.311315 -0.827823  0.466682   1.46503
-0.932103 -0.170337  0.319639  0.748166
-0.185111 -0.534504 -0.824645   1.88253
        0         0         0         1

  0.33365 -0.808566  0.484664   1.43821
-0.934808 -0.217408  0.280833  0.781533
-0.121702 -0.546768 -0.828392   1.94497
        0         0         0         1

  0.33365 -0.808566  0.484664   1.43821
-0.934808 -0.217408  0.280833  0.781533
-0.121702 -0.546768 -0.828392   1.94497
        0         0         0         1

 0.343043 -0.798161  0.495238   1.41915
 -0.93581 -0.244867  0.253575  0.805286
-0.0811266 -0.550436 -0.830926   1.98598
        0         0         0         1

 0.343043 -0.798161  0.495238   1.41915
 -0.93581 -0.244867  0.253575  0.805286
-0.0811266 -0.550436 -0.830926   1.98598
        0         0         0         1

 0.354008 -0.790063  0.500479   1.40079
-0.934377 -0.275768  0.225589  0.832424
-0.0402133 -0.547497 -0.835841   2.02656
        0         0         0         1

 0.354008 -0.790063  0.500479   1.40079
-0.934377 -0.275768  0.225589  0.832424
-0.0402133 -0.547497 -0.835841   2.02656
        0         0         0         1

 0.357218 -0.781874  0.510948   1.37621
-0.933763 -0.311811  0.175673  0.874867
0.0219645 -0.539858  -0.84147   2.08414
        0         0         0         1

 0.357218 -0.781874  0.510948   1.37621
-0.933763 -0.311811  0.175673  0.874867
0.0219645 -0.539858  -0.84147   2.08414
        0         0         0         1

 0.362153 -0.774557  0.518562   1.35372
-0.929934 -0.338295  0.144148  0.907032
0.0637758 -0.534433 -0.842802   2.12105
        0         0         0         1

 0.362153 -0.774557  0.518562   1.35372
-0.929934 -0.338295  0.144148  0.907032
0.0637758 -0.534433 -0.842802   2.12105
        0         0         0         1

 0.360783 -0.766152  0.531833   1.32497
-0.925299 -0.365493  0.101177  0.952661
 0.116865 -0.528607 -0.840784   2.17718
        0         0         0         1

 0.360783 -0.766152  0.531833   1.32497
-0.925299 -0.365493  0.101177  0.952661
 0.116865 -0.528607 -0.840784   2.17718
        0         0         0         1

  0.35792 -0.764319  0.536386   1.30586
-0.922499 -0.378357 0.0764284  0.984588
  0.14453 -0.522171 -0.840505   2.21185
        0         0         0         1

  0.35792 -0.764319  0.536386   1.30586
-0.922499 -0.378357 0.0764284  0.984588
  0.14453 -0.522171 -0.840505   2.21185
        0         0         0         1

 0.352524 -0.760677  0.545067   1.28631
-0.918942 -0.391458 0.0480236   1.01555
  0.17684 -0.517814 -0.837016     2.247
        0         0         0         1

 0.352524 -0.760677  0.545067   1.28631
-0.918942 -0.391458 0.0480236   1.01555
  0.17684 -0.517814 -0.837016     2.247
        0         0         0         1

  0.333335   -0.76726   0.547905    1.26817
 -0.912396  -0.408932 -0.0175654    1.07724
  0.237534  -0.494051  -0.836356    2.27788
         0          0          0          1

  0.333335   -0.76726   0.547905    1.26817
 -0.912396  -0.408932 -0.0175654    1.07724
  0.237534  -0.494051  -0.836356    2.27788
         0          0          0          1

  0.321757  -0.775049   0.543849    1.25427
 -0.906909  -0.417295 -0.0581411    1.11537
  0.272008  -0.474515  -0.837166    2.30198
         0          0          0          1

  0.321757  -0.775049   0.543849    1.25427
 -0.906909  -0.417295 -0.0581411    1.11537
  0.272008  -0.474515  -0.837166    2.30198
         0          0          0          1

 0.300453 -0.780756  0.547857   1.21394
-0.900935  -0.42088 -0.105715   1.16405
  0.31312 -0.461821 -0.829866   2.35116
        0         0         0         1

 0.300453 -0.780756  0.547857   1.21394
-0.900935  -0.42088 -0.105715   1.16405
  0.31312 -0.461821 -0.829866   2.35116
        0         0         0         1

 0.276384  -0.79562  0.539075   1.20133
-0.894552 -0.417998 -0.158285   1.20369
 0.351267 -0.438483 -0.827251   2.36978
        0         0         0         1

