  0.151904  -0.449444   0.880299   0.551996
 -0.988041 -0.0451951   0.147422    1.08661
-0.0264725  -0.892165  -0.450934    1.93826
         0          0          0          1

   0.14717  -0.451662   0.879967   0.555096
 -0.988504 -0.0360037   0.146843    1.07857
-0.0346413  -0.891463  -0.451768    1.94294
         0          0          0          1

  0.139912  -0.443033    0.88552   0.545862
 -0.988596 -0.0121985   0.150095    1.04392
-0.0556948  -0.896422  -0.439687    1.94264
         0          0          0          1

   0.138375   -0.437562    0.888477    0.543301
  -0.988591 -0.00712964    0.150456      1.0356
 -0.0594992    -0.89916   -0.433556     1.94083
          0           0           0           1

  0.132218  -0.432044   0.892108   0.540025
 -0.988708 0.00655604   0.149711    1.01727
-0.0705303  -0.901829  -0.426299    1.94047
         0          0          0          1

 0.124297 -0.415054  0.901266  0.530372
-0.988152  0.030638  0.150389  0.980284
-0.0900327 -0.909281 -0.406329    1.9262
        0         0         0         1

 0.124297 -0.415054  0.901266  0.530372
-0.988152  0.030638  0.150389  0.980284
-0.0900327 -0.909281 -0.406329    1.9262
        0         0         0         1

 0.119467 -0.412763   0.90297  0.530121
-0.988373 0.0367166   0.14755  0.972644
-0.0940569 -0.910098 -0.403577   1.92371
        0         0         0         1

 0.119176 -0.402144  0.907787  0.520958
-0.986849 0.0525915  0.152853  0.952071
-0.109211 -0.914065 -0.390587   1.91938
        0         0         0         1

  0.10163 -0.392269  0.914219  0.517138
-0.985636 0.0848909  0.145994  0.917261
-0.134878 -0.915925 -0.378007    1.9095
        0         0         0         1

  0.10163 -0.392269  0.914219  0.517138
-0.985636 0.0848909  0.145994  0.917261
-0.134878 -0.915925 -0.378007    1.9095
        0         0         0         1

0.0973078 -0.388968  0.916098  0.516333
-0.985681 0.0896972  0.142784  0.911805
 -0.13771 -0.916874 -0.374671   1.90432
        0         0         0         1

0.0937865 -0.385763  0.917819  0.511764
-0.983555  0.107024  0.145486  0.895247
-0.154352 -0.916369 -0.369381   1.89909
        0         0         0         1

0.0889801 -0.368838  0.925225  0.502515
-0.982071  0.122503  0.143282   0.87406
-0.166191 -0.921386 -0.351325   1.88147
        0         0         0         1

0.0889801 -0.368838  0.925225  0.502515
-0.982071  0.122503  0.143282   0.87406
-0.166191 -0.921386 -0.351325   1.88147
        0         0         0         1

0.0800573 -0.349464  0.933523  0.495274
-0.976138  0.162165  0.144418  0.843106
-0.201854 -0.922809 -0.328143   1.86704
        0         0         0         1

0.0800573 -0.349464  0.933523  0.495274
-0.976138  0.162165  0.144418  0.843106
-0.201854 -0.922809 -0.328143   1.86704
        0         0         0         1

0.0820907 -0.343887  0.935416  0.490996
-0.974811  0.167593   0.14716  0.836351
-0.207376 -0.923934 -0.321467    1.8612
        0         0         0         1

  0.07879 -0.329817  0.940751  0.487961
-0.973412  0.178152  0.143983  0.827287
-0.215084 -0.927083 -0.307011    1.8471
        0         0         0         1

0.0747215 -0.314433  0.946334   0.48426
-0.969045  0.201032   0.14331   0.81098
-0.235305 -0.927749 -0.289678   1.83146
        0         0         0         1

0.0747215 -0.314433  0.946334   0.48426
-0.969045  0.201032   0.14331   0.81098
-0.235305 -0.927749 -0.289678   1.83146
        0         0         0         1

 0.072609 -0.289179  0.954517  0.476764
-0.963439  0.227139  0.142101  0.789953
-0.257901 -0.929937 -0.262114   1.80147
        0         0         0         1

 0.072609 -0.289179  0.954517  0.476764
-0.963439  0.227139  0.142101  0.789953
-0.257901 -0.929937 -0.262114   1.80147
        0         0         0         1

0.0674821 -0.272106  0.959898  0.473754
-0.959763  0.245145  0.136965  0.777674
-0.272583 -0.930517 -0.244614   1.78486
        0         0         0         1

0.0674821 -0.272106  0.959898  0.473754
-0.959763  0.245145  0.136965  0.777674
-0.272583 -0.930517 -0.244614   1.78486
        0         0         0         1

 0.060534 -0.240826  0.968679  0.472153
-0.954314  0.270525  0.126892  0.762339
-0.292611 -0.932105 -0.213448   1.75631
        0         0         0         1

 0.060534 -0.240826  0.968679  0.472153
-0.954314  0.270525  0.126892  0.762339
-0.292611 -0.932105 -0.213448   1.75631
        0         0         0         1

 0.060632 -0.220159  0.973578  0.469225
-0.949324  0.288634  0.124392  0.751796
-0.308394 -0.931783 -0.191502   1.73749
        0         0         0         1

 0.060632 -0.220159  0.973578  0.469225
-0.949324  0.288634  0.124392  0.751796
-0.308394 -0.931783 -0.191502   1.73749
        0         0         0         1

0.0603368 -0.207481  0.976377  0.468665
-0.944163  0.305549  0.123276  0.742759
-0.323908 -0.929296  -0.17746   1.71975
        0         0         0         1

0.0603368 -0.207481  0.976377  0.468665
-0.944163  0.305549  0.123276  0.742759
-0.323908 -0.929296  -0.17746   1.71975
        0         0         0         1

 0.058461 -0.203228  0.977385  0.469632
-0.942843   0.31051  0.120959   0.74158
 -0.32807 -0.928591 -0.173459   1.71427
        0         0         0         1

0.0510311 -0.188727  0.980703  0.470505
 -0.93854  0.326602  0.111688  0.735705
-0.341378 -0.926128 -0.160461   1.69115
        0         0         0         1

0.0531584 -0.184246  0.981442  0.468899
-0.937031  0.330528  0.112803  0.732989
-0.345177 -0.925638 -0.155074   1.68422
        0         0         0         1

0.0488628 -0.177682  0.982874  0.471317
 -0.93368  0.341393  0.108134  0.729678
 -0.35476 -0.922973 -0.149217   1.67144
        0         0         0         1

0.0463195 -0.161606  0.985768   0.47013
 -0.92621  0.362671  0.102977  0.721446
-0.374151 -0.917798 -0.132883   1.64538
        0         0         0         1

0.0463195 -0.161606  0.985768   0.47013
 -0.92621  0.362671  0.102977  0.721446
-0.374151 -0.917798 -0.132883   1.64538
        0         0         0         1

0.0482368 -0.147393  0.987901  0.469212
-0.922217  0.373322  0.100729   0.71679
-0.383652 -0.915918 -0.117921   1.62602
        0         0         0         1

0.0482368 -0.147393  0.987901  0.469212
-0.922217  0.373322  0.100729   0.71679
-0.383652 -0.915918 -0.117921   1.62602
        0         0         0         1

0.0499603 -0.132151   0.98997  0.470381
-0.916515  0.387805 0.0980214   0.71344
-0.396869 -0.912219 -0.101744   1.60948
        0         0         0         1

0.0499603 -0.132151   0.98997  0.470381
-0.916515  0.387805 0.0980214   0.71344
-0.396869 -0.912219 -0.101744   1.60948
        0         0         0         1

 0.0470916  -0.113422    0.99243   0.472165
 -0.910352   0.404068  0.0893767   0.709971
 -0.411147   -0.90767 -0.0842256    1.58607
         0          0          0          1

 0.0470916  -0.113422    0.99243   0.472165
 -0.910352   0.404068  0.0893767   0.709971
 -0.411147   -0.90767 -0.0842256    1.58607
         0          0          0          1

 0.0444497  -0.102847   0.993704   0.474391
 -0.906599   0.413677  0.0833685   0.709346
 -0.419646  -0.904596 -0.0748534    1.57112
         0          0          0          1

 0.0444497  -0.102847   0.993704   0.474391
 -0.906599   0.413677  0.0833685   0.709346
 -0.419646  -0.904596 -0.0748534    1.57112
         0          0          0          1

 0.0457521 -0.0961777   0.994312   0.474056
 -0.899906   0.428147  0.0828219   0.705311
 -0.433678  -0.898576 -0.0669622    1.55174
         0          0          0          1

 0.0457521 -0.0961777   0.994312   0.474056
 -0.899906   0.428147  0.0828219   0.705311
 -0.433678  -0.898576 -0.0669622    1.55174
         0          0          0          1

 0.0443641 -0.0909524   0.994867   0.476242
 -0.896231    0.43634  0.0798566   0.704033
 -0.441363  -0.895173 -0.0621565    1.53782
         0          0          0          1

 0.0443641 -0.0909524   0.994867   0.476242
 -0.896231    0.43634  0.0798566   0.704033
 -0.441363  -0.895173 -0.0621565    1.53782
         0          0          0          1

 0.0450038 -0.0912476   0.994811   0.477134
 -0.891348   0.445983  0.0812304   0.702158
  -0.45108  -0.890378 -0.0612625    1.52698
         0          0          0          1

 0.0450038 -0.0912476   0.994811   0.477134
 -0.891348   0.445983  0.0812304   0.702158
  -0.45108  -0.890378 -0.0612625    1.52698
         0          0          0          1

 0.0448275 -0.0959671   0.994375   0.479266
 -0.886492   0.455077  0.0838836   0.701021
 -0.460568  -0.885265 -0.0646741    1.51091
         0          0          0          1

 0.0448275 -0.0959671   0.994375   0.479266
 -0.886492   0.455077  0.0838836   0.701021
 -0.460568  -0.885265 -0.0646741    1.51091
         0          0          0          1

 0.0456851  -0.100259   0.993912   0.480546
 -0.882831   0.461537  0.0871359   0.700069
 -0.467463  -0.881437 -0.0674262    1.50099
         0          0          0          1

 0.0456851  -0.100259   0.993912   0.480546
 -0.882831   0.461537  0.0871359   0.700069
 -0.467463  -0.881437 -0.0674262    1.50099
         0          0          0          1

 0.0515776  -0.108095   0.992802   0.479155
 -0.877411   0.469883   0.096743   0.696807
 -0.476958  -0.876085 -0.0706081    1.48898
         0          0          0          1

 0.0515776  -0.108095   0.992802   0.479155
 -0.877411   0.469883   0.096743   0.696807
 -0.476958  -0.876085 -0.0706081    1.48898
         0          0          0          1

 0.0509446  -0.108682    0.99277   0.481486
 -0.874405   0.475419  0.0969162   0.696292
 -0.482514  -0.873021 -0.0708118    1.48259
         0          0          0          1

 0.0509446  -0.108682    0.99277   0.481486
 -0.874405   0.475419  0.0969162   0.696292
 -0.482514  -0.873021 -0.0708118    1.48259
         0          0          0          1

 0.0522464  -0.109134   0.992653   0.481198
 -0.873464   0.476842  0.0983981   0.695586
 -0.484077  -0.872188 -0.0704117    1.47431
         0          0          0          1

 0.0522464  -0.109134   0.992653   0.481198
 -0.873464   0.476842  0.0983981   0.695586
 -0.484077  -0.872188 -0.0704117    1.47431
         0          0          0          1

 0.0525996  -0.117987   0.991621   0.482962
  -0.86965   0.482684   0.103561   0.694002
 -0.490858  -0.867811 -0.0772181    1.46677
         0          0          0          1

 0.0525996  -0.117987   0.991621   0.482962
  -0.86965   0.482684   0.103561   0.694002
 -0.490858  -0.867811 -0.0772181    1.46677
         0          0          0          1

 0.0548641  -0.129431   0.990069   0.481625
 -0.866479   0.486574   0.111625   0.691777
  -0.49619  -0.863998 -0.0854536    1.46406
         0          0          0          1

 0.0548641  -0.129431   0.990069   0.481625
 -0.866479   0.486574   0.111625   0.691777
  -0.49619  -0.863998 -0.0854536    1.46406
         0          0          0          1

0.0549002 -0.148449  0.987395   0.48297
-0.863652  0.489209   0.12157  0.690726
 -0.50109  -0.85944 -0.101351      1.46
        0         0         0         1

0.0549002 -0.148449  0.987395   0.48297
-0.863652  0.489209   0.12157  0.690726
 -0.50109  -0.85944 -0.101351      1.46
        0         0         0         1

0.0510565 -0.157264  0.986236  0.486438
-0.862504  0.490893  0.122928  0.691655
-0.503468 -0.856909 -0.110577   1.45753
        0         0         0         1

0.0510565 -0.157264  0.986236  0.486438
-0.862504  0.490893  0.122928  0.691655
-0.503468 -0.856909 -0.110577   1.45753
        0         0         0         1

0.0577635 -0.166088  0.984418  0.484487
-0.861855  0.489367  0.133136  0.689709
-0.503854 -0.856116 -0.114876   1.45404
        0         0         0         1

0.0577635 -0.166088  0.984418  0.484487
-0.861855  0.489367  0.133136  0.689709
-0.503854 -0.856116 -0.114876   1.45404
        0         0         0         1

0.0580276 -0.167676  0.984133  0.484813
-0.861357  0.489937  0.134264  0.689408
-0.504676  -0.85548 -0.115999   1.45316
        0         0         0         1

0.0609724  -0.17002  0.983553  0.484916
-0.860946  0.489618  0.138009   0.68829
-0.505029 -0.855201 -0.116525   1.45008
        0         0         0         1

0.0603596 -0.171297  0.983369  0.485337
-0.860282  0.490706  0.138282  0.688278
-0.506232 -0.854321 -0.117745   1.45013
        0         0         0         1

0.0587812 -0.171663    0.9834  0.486663
-0.859479  0.492379  0.137324  0.688773
-0.507779 -0.853285 -0.118598   1.44996
        0         0         0         1

0.0601344 -0.172121  0.983239  0.487631
-0.858777  0.493174  0.138855  0.688494
-0.508808 -0.852733 -0.118157   1.44718
        0         0         0         1

0.0601344 -0.172121  0.983239  0.487631
-0.858777  0.493174  0.138855  0.688494
-0.508808 -0.852733 -0.118157   1.44718
        0         0         0         1

0.0612835 -0.172648  0.983075  0.487168
-0.858391  0.493473  0.140175  0.688227
-0.509322 -0.852454 -0.117957   1.44658
        0         0         0         1

0.0629637  -0.17482  0.982585  0.486832
-0.857351  0.494493  0.142918  0.687922
-0.510866 -0.851419 -0.118747   1.44567
        0         0         0         1

0.0669521 -0.175344  0.982228  0.485807
-0.856965   0.49408  0.146615  0.687079
-0.511007 -0.851551 -0.117184   1.44252
        0         0         0         1

0.0669521 -0.175344  0.982228  0.485807
-0.856965   0.49408  0.146615  0.687079
-0.511007 -0.851551 -0.117184   1.44252
        0         0         0         1

0.0662405 -0.175935  0.982171   0.48701
-0.856715  0.494584  0.146374  0.687651
-0.511518 -0.851136 -0.117965   1.44235
        0         0         0         1

0.0667869 -0.177458   0.98186  0.487517
-0.856382  0.494775  0.147676  0.687617
-0.512006  -0.85071 -0.118927   1.43948
        0         0         0         1

0.0707877 -0.182668  0.980623  0.485715
-0.853636  0.497494  0.154293  0.685634
-0.516038 -0.848017 -0.120715    1.4387
        0         0         0         1

0.0707877 -0.182668  0.980623  0.485715
-0.853636  0.497494  0.154293  0.685634
-0.516038 -0.848017 -0.120715    1.4387
        0         0         0         1

 0.065192 -0.186665  0.980258  0.487025
-0.851943  0.501065  0.152073  0.686212
 -0.51956 -0.845039 -0.126362   1.43809
        0         0         0         1

 0.065192 -0.186665  0.980258  0.487025
-0.851943  0.501065  0.152073  0.686212
 -0.51956 -0.845039 -0.126362   1.43809
        0         0         0         1

0.0653209  -0.18619   0.98034  0.487298
-0.851994  0.501024  0.151926  0.686409
-0.519461 -0.845167 -0.125906   1.43551
        0         0         0         1

0.0653209  -0.18619   0.98034  0.487298
-0.851994  0.501024  0.151926  0.686409
-0.519461 -0.845167 -0.125906   1.43551
        0         0         0         1

0.0662232  -0.18556  0.980399  0.487366
-0.850848  0.502755  0.152629  0.686389
-0.521223 -0.844277  -0.12459   1.43399
        0         0         0         1

0.0662232  -0.18556  0.980399  0.487366
-0.850848  0.502755  0.152629  0.686389
-0.521223 -0.844277  -0.12459   1.43399
        0         0         0         1

0.0677443 -0.180666  0.981209  0.486613
-0.849685  0.505013  0.151649  0.686449
-0.522921 -0.843992 -0.119297   1.43042
        0         0         0         1

0.0677443 -0.180666  0.981209  0.486613
-0.849685  0.505013  0.151649  0.686449
-0.522921 -0.843992 -0.119297   1.43042
        0         0         0         1

0.0672398 -0.171976  0.982804   0.48785
-0.848608  0.508192  0.146985  0.687102
-0.524731 -0.843899 -0.111769   1.42908
        0         0         0         1

0.0672398 -0.171976  0.982804   0.48785
-0.848608  0.508192  0.146985  0.687102
-0.524731 -0.843899 -0.111769   1.42908
        0         0         0         1

 0.0699775  -0.155636   0.985333   0.487152
 -0.849637   0.508274   0.140623   0.687639
 -0.522705  -0.847016 -0.0966659    1.42289
         0          0          0          1

 0.0699775  -0.155636   0.985333   0.487152
 -0.849637   0.508274   0.140623   0.687639
 -0.522705  -0.847016 -0.0966659    1.42289
         0          0          0          1

 0.0700473  -0.153937   0.985595   0.486651
   -0.8499   0.508072   0.139758   0.687621
 -0.522267  -0.847447 -0.0952425    1.42164
         0          0          0          1

 0.0700473  -0.153937   0.985595   0.486651
   -0.8499   0.508072   0.139758   0.687621
 -0.522267  -0.847447 -0.0952425    1.42164
         0          0          0          1

 0.0685082  -0.156083   0.985365   0.487969
 -0.850021   0.507926   0.139554   0.688247
 -0.522274  -0.847142 -0.0978769    1.42058
         0          0          0          1

 0.0685082  -0.156083   0.985365   0.487969
 -0.850021   0.507926   0.139554   0.688247
 -0.522274  -0.847142 -0.0978769    1.42058
         0          0          0          1

0.0680061 -0.160059  0.984762  0.489224
-0.849379  0.508515  0.141309  0.688624
-0.523384 -0.846046 -0.101369   1.42006
        0         0         0         1

0.0680061 -0.160059  0.984762  0.489224
-0.849379  0.508515  0.141309  0.688624
-0.523384 -0.846046 -0.101369   1.42006
        0         0         0         1

0.0671179 -0.163548   0.98425  0.490354
-0.848258  0.510025  0.142593  0.688966
-0.525313 -0.844468 -0.104499   1.42029
        0         0         0         1

0.0671179 -0.163548   0.98425  0.490354
-0.848258  0.510025  0.142593  0.688966
-0.525313 -0.844468 -0.104499   1.42029
        0         0         0         1

 0.070696 -0.165903  0.983605  0.489708
-0.846574  0.511533  0.147126   0.68899
-0.527555 -0.843096 -0.104285   1.41878
        0         0         0         1

 0.070696 -0.165903  0.983605  0.489708
-0.846574  0.511533  0.147126   0.68899
-0.527555 -0.843096 -0.104285   1.41878
        0         0         0         1

0.0715445 -0.166576   0.98343  0.489801
-0.845832  0.512413  0.148328  0.688976
 -0.52863 -0.842428 -0.104235   1.41858
        0         0         0         1

0.0753501 -0.166236  0.983203  0.489293
-0.844396  0.513826  0.151588  0.688782
-0.530394 -0.841635 -0.101652   1.41783
        0         0         0         1

0.0754584 -0.165681  0.983288  0.489967
-0.843056  0.516005  0.151642    0.6892
-0.532506  -0.84041 -0.100741   1.41812
        0         0         0         1

 0.0798703  -0.163034   0.983382   0.490416
 -0.840958   0.518637   0.154287   0.689672
 -0.535173  -0.839306 -0.0956811     1.4178
         0          0          0          1

 0.0848231  -0.144563   0.985853   0.493081
 -0.838749   0.523746   0.148967   0.692076
 -0.537871  -0.839519 -0.0768265    1.41774
         0          0          0          1

 0.0848231  -0.144563   0.985853   0.493081
 -0.838749   0.523746   0.148967   0.692076
 -0.537871  -0.839519 -0.0768265    1.41774
         0          0          0          1

 0.0828188  -0.140419   0.986622   0.494722
 -0.837866   0.526204   0.145223   0.693629
 -0.539556  -0.838685 -0.0740726    1.41939
         0          0          0          1

 0.0828188  -0.140419   0.986622   0.494722
 -0.837866   0.526204   0.145223   0.693629
 -0.539556  -0.838685 -0.0740726    1.41939
         0          0          0          1

 0.0850118  -0.136704   0.986957   0.494075
 -0.837138    0.52738   0.145155   0.694022
 -0.540345   -0.83856 -0.0696069    1.41945
         0          0          0          1

 0.0850118  -0.136704   0.986957   0.494075
 -0.837138    0.52738   0.145155   0.694022
 -0.540345   -0.83856 -0.0696069    1.41945
         0          0          0          1

 0.0891094  -0.138057   0.986408   0.493418
 -0.833632   0.531641   0.149716   0.693947
 -0.545084  -0.835642 -0.0677141     1.4208
         0          0          0          1

 0.0891094  -0.138057   0.986408   0.493418
 -0.833632   0.531641   0.149716   0.693947
 -0.545084  -0.835642 -0.0677141     1.4208
         0          0          0          1

  0.091412  -0.140285   0.985882   0.494394
 -0.830485   0.535558    0.15321   0.695006
  -0.54949  -0.832765 -0.0675483    1.42295
         0          0          0          1

  0.091412  -0.140285   0.985882   0.494394
 -0.830485   0.535558    0.15321   0.695006
  -0.54949  -0.832765 -0.0675483    1.42295
         0          0          0          1

  0.102787  -0.150068   0.983318   0.494748
 -0.821321   0.544857   0.169006   0.695287
  -0.56113  -0.824991 -0.0672491    1.43042
         0          0          0          1

  0.102787  -0.150068   0.983318   0.494748
 -0.821321   0.544857   0.169006   0.695287
  -0.56113  -0.824991 -0.0672491    1.43042
         0          0          0          1

  0.108948  -0.149019   0.982814   0.497012
 -0.818406   0.547736   0.173773   0.696403
 -0.564219  -0.823273 -0.0622833    1.43192
         0          0          0          1

  0.108948  -0.149019   0.982814   0.497012
 -0.818406   0.547736   0.173773   0.696403
 -0.564219  -0.823273 -0.0622833    1.43192
         0          0          0          1

  0.110513  -0.152345   0.982129   0.497203
 -0.816149   0.550016   0.177153   0.696243
 -0.567175  -0.821142 -0.0635523    1.43459
         0          0          0          1

  0.115729  -0.155105   0.981096   0.498014
 -0.813262   0.552291   0.183246   0.696378
 -0.570273  -0.819095 -0.0622247     1.4381
         0          0          0          1

  0.116528   -0.15616   0.980834   0.499276
 -0.812737   0.552632   0.184543   0.697243
 -0.570859  -0.818665 -0.0625196    1.43916
         0          0          0          1

   0.11715  -0.162502   0.979729   0.503631
 -0.810681   0.554192   0.188857   0.699704
 -0.573648  -0.816373 -0.0668133     1.4451
         0          0          0          1

  0.115665   -0.17221   0.978246   0.505709
 -0.808248   0.556152    0.19347   0.700882
 -0.577371  -0.813043 -0.0748607    1.45116
         0          0          0          1

  0.115665   -0.17221   0.978246   0.505709
 -0.808248   0.556152    0.19347   0.700882
 -0.577371  -0.813043 -0.0748607    1.45116
         0          0          0          1

  0.115453  -0.173751   0.977999   0.506354
 -0.807103   0.557514   0.194326   0.701288
 -0.579012  -0.811781 -0.0758685    1.45331
         0          0          0          1

  0.110788  -0.176045   0.978128   0.508815
 -0.806343   0.559412   0.192015   0.703647
  -0.58098  -0.809979 -0.0799765    1.46063
         0          0          0          1

  0.110521  -0.175313    0.97829   0.507678
 -0.806716   0.559108   0.191332   0.703959
 -0.580512  -0.810348 -0.0796347    1.46135
         0          0          0          1

  0.106339   -0.17388   0.979008   0.508183
 -0.807505   0.559412   0.187067   0.706086
 -0.580196  -0.810447 -0.0809216    1.46489
         0          0          0          1

  0.100793  -0.170282   0.980227   0.509318
 -0.806951    0.56231   0.180658   0.709143
 -0.581955  -0.809204 -0.0807319    1.47689
         0          0          0          1

  0.100793  -0.170282   0.980227   0.509318
 -0.806951    0.56231   0.180658   0.709143
 -0.581955  -0.809204 -0.0807319    1.47689
         0          0          0          1

  0.100794  -0.168982   0.980452   0.509622
 -0.807863   0.561279   0.179789   0.710011
 -0.580688  -0.810192 -0.0799405    1.47784
         0          0          0          1

 0.0990011   -0.16641   0.981074   0.510999
 -0.809551    0.55984   0.176653   0.712523
 -0.578642  -0.811718 -0.0792925    1.48244
         0          0          0          1

 0.0968521  -0.163602   0.981761   0.510749
 -0.812337   0.556953    0.17295   0.714555
  -0.57509  -0.814271 -0.0789578    1.49065
         0          0          0          1

 0.0968521  -0.163602   0.981761   0.510749
 -0.812337   0.556953    0.17295   0.714555
  -0.57509  -0.814271 -0.0789578    1.49065
         0          0          0          1

 0.0964683  -0.161471   0.982151   0.511197
   -0.8145   0.554347   0.171139   0.715779
 -0.572087  -0.816472 -0.0780412    1.49151
         0          0          0          1

 0.0940549  -0.158091   0.982935     0.5101
 -0.821425   0.545519    0.16634   0.718243
 -0.562507  -0.823053 -0.0785516    1.49973
         0          0          0          1

 0.0894437  -0.157361   0.983482    0.51149
 -0.824162    0.54275   0.161797    0.72021
 -0.559246  -0.825021 -0.0811456    1.50281
         0          0          0          1

 0.0815919  -0.158896   0.983918    0.51264
 -0.830389    0.53511   0.155277   0.723281
 -0.551177  -0.829705 -0.0882852    1.50882
         0          0          0          1

0.0798937 -0.160347  0.983822  0.511613
-0.832792  0.531653   0.15428  0.723546
 -0.54779 -0.831645  -0.09106   1.51212
        0         0         0         1

 0.0679676  -0.159644   0.984832   0.513198
 -0.841972   0.520373   0.142462   0.727798
 -0.535224  -0.838883 -0.0990472    1.52671
         0          0          0          1

 0.0672894  -0.158543   0.985057   0.513211
 -0.845546   0.515042   0.140654   0.729128
 -0.529646  -0.842375 -0.0993983    1.52987
         0          0          0          1

 0.0669799   -0.15431    0.98575   0.512758
 -0.853242   0.503265   0.136758   0.732197
 -0.517196  -0.850243 -0.0979551    1.53626
         0          0          0          1

 0.0645195  -0.150233   0.986543   0.516942
 -0.861825   0.490001   0.130982   0.737767
 -0.503085  -0.858679 -0.0978602    1.55304
         0          0          0          1

 0.0645195  -0.150233   0.986543   0.516942
 -0.861825   0.490001   0.130982   0.737767
 -0.503085  -0.858679 -0.0978602    1.55304
         0          0          0          1

 0.0640447  -0.147819   0.986939   0.519475
 -0.864657   0.485562   0.128835   0.739647
 -0.498264  -0.861614 -0.0967153    1.55836
         0          0          0          1

 0.0685269  -0.129845   0.989163   0.523449
 -0.880792   0.457753   0.121107   0.747387
 -0.468518  -0.879547 -0.0829979    1.57216
         0          0          0          1

 0.0713514  -0.124733   0.989621   0.524096
 -0.885046   0.449641   0.120485   0.749308
 -0.460003  -0.884457 -0.0783119    1.57627
         0          0          0          1

 0.0796637  -0.114595   0.990213   0.523548
 -0.893137   0.432935   0.121957   0.752065
 -0.442673  -0.894112 -0.0678603    1.58733
         0          0          0          1

 0.0850581 -0.0926151   0.992062   0.530198
 -0.909487   0.399434   0.115268   0.761799
 -0.406939  -0.912072 -0.0502571    1.61836
         0          0          0          1

 0.0850581 -0.0926151   0.992062   0.530198
 -0.909487   0.399434   0.115268   0.761799
 -0.406939  -0.912072 -0.0502571    1.61836
         0          0          0          1

 0.0872635 -0.0881953   0.992273   0.530678
 -0.913317   0.390663   0.115043   0.763487
 -0.397791  -0.916299 -0.0464596    1.62475
         0          0          0          1

 0.0943231 -0.0783856   0.992451   0.532229
 -0.921055    0.37148   0.116878   0.767541
 -0.377838  -0.925126 -0.0371582    1.63855
         0          0          0          1

 0.0953012 -0.0620642   0.993512   0.539644
 -0.934359   0.338675   0.110784   0.778605
 -0.343353  -0.938854 -0.0257142    1.65848
         0          0          0          1

 0.0953012 -0.0620642   0.993512   0.539644
 -0.934359   0.338675   0.110784   0.778605
 -0.343353  -0.938854 -0.0257142    1.65848
         0          0          0          1

    0.11848  -0.0463805    0.991873    0.542647
  -0.948081    0.291619    0.126885    0.790394
  -0.295134   -0.955409 -0.00942144     1.69657
          0           0           0           1

    0.11848  -0.0463805    0.991873    0.542647
  -0.948081    0.291619    0.126885    0.790394
  -0.295134   -0.955409 -0.00942144     1.69657
          0           0           0           1

   0.133231  -0.0398402    0.990284     0.55024
  -0.955631      0.2597    0.139016    0.802476
  -0.262715   -0.964867 -0.00347257     1.72459
          0           0           0           1

   0.133231  -0.0398402    0.990284     0.55024
  -0.955631      0.2597    0.139016    0.802476
  -0.262715   -0.964867 -0.00347257     1.72459
          0           0           0           1

    0.13963  -0.0372417    0.989503    0.551322
  -0.958507    0.245728    0.144504    0.806574
   -0.24853   -0.968623 -0.00138551     1.73248
          0           0           0           1

   0.151991  -0.0339594    0.987798    0.555279
  -0.963171    0.219195    0.155738    0.815935
   -0.22181    -0.97509 0.000607091     1.75163
          0           0           0           1

    0.18041  -0.0356742    0.982944    0.565137
  -0.970494    0.156087     0.18379    0.839928
  -0.159981   -0.987099 -0.00646193     1.79518
          0           0           0           1

    0.18041  -0.0356742    0.982944    0.565137
  -0.970494    0.156087     0.18379    0.839928
  -0.159981   -0.987099 -0.00646193     1.79518
          0           0           0           1

  0.194871 -0.0393696   0.980038   0.572822
 -0.973563   0.113629   0.198148   0.858321
 -0.119162  -0.992743 -0.0161859    1.82466
         0          0          0          1

  0.194871 -0.0393696   0.980038   0.572822
 -0.973563   0.113629   0.198148   0.858321
 -0.119162  -0.992743 -0.0161859    1.82466
         0          0          0          1

   0.20063 -0.0447469   0.978645   0.575672
 -0.973687   0.101102   0.204236   0.864797
 -0.108082  -0.993869 -0.0232854    1.83512
         0          0          0          1

  0.217669 -0.0637705   0.973937   0.589581
 -0.973728  0.0541901    0.22117   0.890503
-0.0668819  -0.996492 -0.0502997    1.87478
         0          0          0          1

  0.223949 -0.0657318   0.972382   0.591597
 -0.973174  0.0388795   0.226759   0.897955
 -0.052711   -0.99708 -0.0552615    1.88337
         0          0          0          1

  0.233511 -0.0712482    0.96974   0.601195
 -0.972085  0.0063589   0.234543   0.917416
-0.0228772  -0.997438 -0.0677745    1.90103
         0          0          0          1

  0.258818 -0.0837355    0.96229   0.611268
 -0.965888  -0.031221    0.25707   0.941015
0.00851783  -0.995999 -0.0889597     1.9365
         0          0          0          1

  0.258818 -0.0837355    0.96229   0.611268
 -0.965888  -0.031221    0.25707   0.941015
0.00851783  -0.995999 -0.0889597     1.9365
         0          0          0          1

  0.263719 -0.0885116    0.96053   0.617551
 -0.964347 -0.0469893   0.260437   0.951999
  0.022083  -0.994966 -0.0977478    1.94331
         0          0          0          1

  0.289306 -0.0951018   0.952501   0.633044
 -0.954924 -0.0977944   0.280278   0.987926
 0.0664942  -0.990652  -0.119108    1.97243
         0          0          0          1

    0.2974 -0.0959622   0.949918   0.634091
 -0.951451  -0.112462   0.286519   0.997639
 0.0793344  -0.989011   -0.12475     1.9794
         0          0          0          1

 0.306125 -0.105105  0.946171  0.644297
-0.946694  -0.13831   0.29093   1.01802
 0.100287 -0.984796 -0.141843   2.00038
        0         0         0         1

  0.32946 -0.125001  0.935858  0.665075
-0.933219 -0.193639  0.302666   1.06511
 0.143385 -0.973077  -0.18045   2.03942
        0         0         0         1

  0.32946 -0.125001  0.935858  0.665075
-0.933219 -0.193639  0.302666   1.06511
 0.143385 -0.973077  -0.18045   2.03942
        0         0         0         1

 0.335378 -0.133707  0.932547  0.672165
-0.929858 -0.205937  0.304884   1.07707
 0.151281 -0.969388 -0.193395   2.04561
        0         0         0         1

 0.345245 -0.150643  0.926344  0.686678
-0.923649 -0.229511  0.306917   1.10262
 0.166371 -0.961578 -0.218379   2.06002
        0         0         0         1

 0.353363 -0.153108  0.922872  0.688764
-0.918683 -0.242935  0.311456   1.11429
 0.176511 -0.957883 -0.226502    2.0654
        0         0         0         1

 0.371796 -0.162448   0.91399  0.693733
 -0.90933 -0.261831  0.323364   1.13405
 0.186781 -0.951344 -0.245067   2.08472
        0         0         0         1

 0.377081 -0.167665  0.910878  0.700095
-0.903798 -0.281517  0.322332   1.14805
 0.202384 -0.944795  -0.25769   2.08364
        0         0         0         1

 0.398709 -0.193539  0.896423  0.722319
-0.890865 -0.313771  0.328493   1.18711
 0.217695 -0.929565 -0.297521   2.10736
        0         0         0         1

 0.405933 -0.197017  0.892414  0.723412
-0.885438 -0.326598  0.330657   1.19975
 0.226315 -0.924401 -0.307023    2.1087
        0         0         0         1

