 0.0431908  -0.492933   0.868995   0.875782
 -0.980311  -0.188658 -0.0582917    1.07437
  0.192677  -0.849368  -0.491376    2.33897
         0          0          0          1

0.0473727 -0.492263  0.869157  0.869282
-0.986209 -0.161191 -0.037541   1.03615
  0.15858 -0.855392  -0.49311   2.33925
        0         0         0         1

 0.0485796  -0.492584   0.868908    0.86674
 -0.986809  -0.158173 -0.0344968    1.02487
   0.15443   -0.85577   -0.49377    2.32849
         0          0          0          1

 0.0506831  -0.497306   0.866094   0.868283
 -0.988466  -0.148897 -0.0276515    1.00848
   0.14271  -0.854703  -0.499116    2.32077
         0          0          0          1

 0.0507059  -0.499487   0.864836   0.868478
 -0.989671  -0.141394 -0.0236371   0.996135
  0.134089  -0.854705  -0.501497    2.31384
         0          0          0          1

 0.0508266  -0.502941   0.862825   0.873573
 -0.992335  -0.122872 -0.0131664    0.97061
  0.112639  -0.855542  -0.505331    2.29562
         0          0          0          1

  0.0525747   -0.509778    0.858698    0.875901
  -0.993873   -0.110424 -0.00470391    0.954863
  0.0972192    -0.85319    -0.51246     2.29425
          0           0           0           1

 0.0538208  -0.511763   0.857439   0.873689
 -0.994917   -0.10067 0.00236541   0.938733
 0.0851075  -0.853208   -0.51458    2.28461
         0          0          0          1

 0.0552666  -0.512014   0.857197   0.871944
 -0.995929 -0.0894988  0.0107524   0.926012
 0.0712127  -0.854302  -0.514876    2.27805
         0          0          0          1

 0.0574105  -0.516151   0.854572   0.872822
 -0.996713 -0.0786469  0.0194579   0.909368
 0.0571662  -0.852879  -0.518969    2.26855
         0          0          0          1

 0.0597921  -0.512278   0.856736   0.868085
 -0.997254 -0.0682286  0.0288023   0.895481
 0.0436991  -0.856105  -0.514951    2.26152
         0          0          0          1

 0.0642539  -0.521063   0.851096   0.865689
 -0.997803 -0.0473297  0.0463531   0.865802
 0.0161293  -0.852205  -0.522959    2.24392
         0          0          0          1

 0.0668935  -0.524838    0.84857   0.864981
 -0.997753 -0.0382998  0.0549655   0.853123
0.00365206   -0.85034  -0.526221    2.23375
         0          0          0          1

 0.0658832  -0.527121   0.847233   0.866156
  -0.99778 -0.0265389  0.0610786   0.840394
-0.00971115  -0.849376  -0.527699    2.22103
         0          0          0          1

 0.0648694  -0.533184   0.843509    0.86978
 -0.997656 -0.0162193  0.0664717   0.829424
-0.0217605  -0.845844  -0.532986     2.2112
         0          0          0          1

  0.0666712   -0.532495    0.843803    0.865546
  -0.997075 -0.00388126   0.0763323    0.814472
 -0.0373715   -0.846424   -0.531196      2.1981
          0           0           0           1

 0.0662245  -0.533738   0.843053   0.864876
 -0.996503 0.00776519  0.0831946   0.802315
-0.0509505  -0.845614  -0.531357      2.189
         0          0          0          1

0.0593222 -0.541005  0.838925     0.871
-0.994977  0.035836 0.0934668  0.778483
-0.0806297 -0.840256 -0.536161   2.16402
        0         0         0         1

0.0628426 -0.538748   0.84012  0.867476
 -0.99354 0.0459321  0.103774  0.765801
-0.0944964 -0.841214 -0.532381   2.15326
        0         0         0         1

 0.066176 -0.538062  0.840303  0.866096
-0.991116 0.0619285  0.117707  0.750833
-0.115372 -0.840627 -0.529184    2.1397
        0         0         0         1

0.0638845 -0.536892  0.841229  0.866344
 -0.98988  0.072939  0.121725    0.7415
-0.126711 -0.840492 -0.526799   2.12715
        0         0         0         1

0.0571948 -0.536388  0.842032  0.868002
-0.986004  0.101948  0.131916  0.719475
-0.156601 -0.837792  -0.52305   2.09971
        0         0         0         1

0.0579169 -0.536388  0.841982  0.867373
-0.983374  0.114749  0.140744  0.708705
 -0.17211 -0.836134 -0.520824   2.08849
        0         0         0         1

0.0566381 -0.536155  0.842217  0.867834
-0.980202  0.130442  0.148957  0.695993
-0.189724  -0.83398 -0.518153   2.07452
        0         0         0         1

0.0616076 -0.534597  0.842859  0.864632
-0.977188  0.139651  0.160002  0.685806
-0.203242 -0.833489 -0.513798   2.06131
        0         0         0         1

   0.0603 -0.533493  0.843652  0.864778
-0.974802  0.150375  0.164765  0.676957
-0.214765  -0.83233 -0.510983   2.04269
        0         0         0         1

0.0600527 -0.535244   0.84256   0.86288
-0.971073    0.1641  0.173458  0.666072
-0.231106 -0.828605 -0.509906   2.03239
        0         0         0         1

0.0535773 -0.536821  0.841993  0.862874
-0.964134  0.191697  0.183568  0.646878
-0.259951  -0.82163 -0.507297   2.00278
        0         0         0         1

0.0496064 -0.539219  0.840703   0.86491
-0.961783  0.201154  0.185769  0.640443
-0.269281 -0.817789 -0.508633    1.9885
        0         0         0         1

0.0502108 -0.538447  0.841162   0.86306
-0.958116  0.211793  0.192765  0.631176
-0.281946 -0.815609  -0.50526   1.97305
        0         0         0         1

0.0490018 -0.539975  0.840254  0.862847
-0.955216   0.22046  0.197381   0.62369
-0.291823 -0.812296  -0.50499    1.9595
        0         0         0         1

0.0457839 -0.541777  0.839275  0.860225
-0.948071  0.241147  0.207386  0.608211
-0.314745 -0.805187 -0.502602   1.92808
        0         0         0         1

0.0434294 -0.544224  0.837815  0.860273
-0.943883  0.252477  0.212931  0.601407
-0.327411 -0.800047 -0.502719   1.91699
        0         0         0         1

0.0407074 -0.544649  0.837675  0.860157
-0.938955  0.265792  0.218445  0.593781
-0.341623 -0.795432 -0.500582   1.90163
        0         0         0         1

0.0371565 -0.544452  0.837969  0.861096
-0.935692  0.275458  0.220463  0.589339
-0.350857 -0.792272 -0.499204   1.88847
        0         0         0         1

0.0353744 -0.543126  0.838906  0.861366
-0.931509  0.286139  0.224532  0.583365
-0.361993 -0.789391 -0.495805   1.87291
        0         0         0         1

 0.035458 -0.540489  0.840603  0.859844
-0.928704  0.292855  0.227473  0.579075
-0.369122 -0.788738 -0.491571   1.85903
        0         0         0         1

0.0332738 -0.538245  0.842131  0.857596
-0.920931  0.310853  0.235068   0.56888
-0.388303 -0.783366 -0.485343   1.83108
        0         0         0         1

0.0315424 -0.536652  0.843214   0.85675
-0.918551  0.317029  0.236129   0.56537
-0.394043 -0.781983 -0.482942   1.81801
        0         0         0         1

0.0320932 -0.534339  0.844661  0.854628
-0.914011  0.326259  0.241122  0.560194
-0.404419 -0.779767 -0.477921   1.80467
        0         0         0         1

0.0305181 -0.533854  0.845026  0.854147
-0.910355  0.334224  0.244027  0.556444
-0.412702  -0.77672 -0.475796   1.79388
        0         0         0         1

0.0303709 -0.528584  0.848338  0.851696
-0.903587  0.348333  0.249389  0.549235
-0.427327 -0.774121 -0.467043   1.76753
        0         0         0         1

0.0286523 -0.526546  0.849664  0.851511
-0.901094  0.354325  0.249966  0.546806
-0.432676 -0.772789 -0.464315   1.75709
        0         0         0         1

0.0294159 -0.523354  0.851608  0.850194
-0.898347  0.359741  0.252109  0.544039
  -0.4383 -0.772455 -0.459571   1.74372
        0         0         0         1

0.0266859 -0.522118  0.852456  0.851104
-0.895983  0.365657  0.252009  0.542491
-0.443285 -0.770511 -0.458051   1.73347
        0         0         0         1

0.0278299 -0.520177  0.853605  0.849188
-0.892766  0.371196  0.255309   0.53952
-0.449661 -0.769175 -0.454065    1.7221
        0         0         0         1

0.0287716 -0.518232  0.854756  0.847634
-0.890778  0.374684  0.257152  0.537596
-0.453528 -0.768796 -0.450849   1.71274
        0         0         0         1

 0.028398 -0.516082  0.856068  0.846083
-0.886177  0.383233   0.26043  0.533805
-0.462477 -0.766023 -0.446457   1.69146
        0         0         0         1

0.0306676 -0.514697  0.856823  0.844169
-0.884329   0.38556  0.263259  0.532004
-0.465855 -0.765787 -0.443338   1.68269
        0         0         0         1

0.0277969 -0.515322  0.856546  0.845003
-0.881702  0.391095  0.263907  0.530425
-0.470988 -0.762554 -0.443489   1.67279
        0         0         0         1

 0.029516 -0.515029  0.856664  0.843517
-0.879737  0.393493   0.26688  0.528917
-0.474543 -0.761517 -0.441476   1.66481
        0         0         0         1

0.0320832 -0.515329  0.856392  0.841515
-0.875263  0.399219  0.273018  0.526046
-0.482582 -0.758327  -0.43824   1.64813
        0         0         0         1

0.0316988  -0.51611  0.855935  0.841295
-0.873437  0.402017  0.274754  0.524818
-0.485904 -0.756315 -0.438046   1.64152
        0         0         0         1

0.0328393  -0.51544  0.856296  0.840227
-0.872396   0.40328  0.276207  0.523798
-0.487696   -0.7561 -0.436424   1.63297
        0         0         0         1

0.0316823 -0.515341  0.856399  0.840323
-0.870799  0.406354   0.27674  0.523073
-0.490617  -0.75452 -0.435884   1.62698
        0         0         0         1

0.0325367 -0.515265  0.856413  0.839869
-0.868983  0.408736  0.278932   0.52212
-0.493771 -0.753284 -0.434457   1.62024
        0         0         0         1

0.0330586 -0.514383  0.856923  0.839156
-0.868034   0.41021  0.279723  0.521124
-0.495403 -0.753086 -0.432941   1.61441
        0         0         0         1

 0.035614 -0.512341  0.858043  0.837659
-0.865881  0.412872  0.282467  0.519441
-0.498981 -0.753023 -0.428922   1.60182
        0         0         0         1

0.0351059 -0.511597  0.858508  0.837782
-0.864879  0.414877  0.282597  0.518771
-0.500751 -0.752427 -0.427905   1.59782
        0         0         0         1

0.0342334 -0.511091  0.858844  0.837718
 -0.86337  0.417733  0.283003   0.51781
-0.503408 -0.751189 -0.426961   1.59324
        0         0         0         1

0.0344426 -0.509898  0.859545  0.837432
 -0.86279  0.418889  0.283065  0.517188
-0.504388 -0.751357 -0.425507   1.58909
        0         0         0         1

0.0354186 -0.506213  0.861681  0.836666
-0.862603    0.4199  0.282136  0.516056
-0.504641 -0.753281 -0.421789   1.57944
        0         0         0         1

 0.036793 -0.505296  0.862161  0.835728
 -0.86171  0.420859  0.283431  0.515313
-0.506065 -0.753361 -0.419934    1.5767
        0         0         0         1

0.0374431 -0.503687  0.863075  0.835288
-0.861374   0.42157  0.283396  0.514649
-0.506589 -0.754041 -0.418078    1.5732
        0         0         0         1

0.0387814 -0.503022  0.863403  0.834458
-0.860826  0.421949  0.284495  0.513897
-0.507419 -0.754273  -0.41665   1.57079
        0         0         0         1

0.0385778 -0.501139  0.864506  0.835147
-0.861112  0.422241  0.283192  0.513641
-0.506949 -0.755362 -0.415248   1.56684
        0         0         0         1

0.0391027 -0.500295  0.864971  0.835001
-0.861091  0.422293   0.28318  0.513156
-0.506945 -0.755892 -0.414287   1.56461
        0         0         0         1

0.0404179 -0.497472  0.866538  0.834585
-0.860238  0.423847  0.283451  0.511845
-0.508289 -0.756885 -0.410813   1.56112
        0         0         0         1

 0.042241 -0.496042  0.867271  0.833935
-0.860119  0.423602  0.284175  0.511121
-0.508341  -0.75796 -0.408762   1.55916
        0         0         0         1

0.0445485 -0.495536  0.867444  0.832604
-0.860435  0.422166  0.285355  0.510224
-0.507609 -0.759092  -0.40757    1.5568
        0         0         0         1

0.0452824 -0.495611  0.867363  0.832153
-0.860754  0.421302  0.285669  0.509903
-0.507002 -0.759523 -0.407522   1.55487
        0         0         0         1

0.0454077 -0.495308   0.86753  0.832678
-0.861109  0.420809  0.285328  0.509058
-0.506389 -0.759994 -0.407406   1.55138
        0         0         0         1

0.0448661 -0.494939  0.867769  0.832954
-0.861623  0.420424  0.284341  0.509069
-0.505562 -0.760447 -0.407588    1.5495
        0         0         0         1

0.0455053 -0.492545  0.869096   0.83283
-0.862498   0.41957  0.282944  0.508709
 -0.50401  -0.76247 -0.405727   1.54752
        0         0         0         1

0.0441993  -0.49429  0.868173  0.833424
-0.862674   0.41938  0.282691  0.508343
-0.503826 -0.761445 -0.407875   1.54781
        0         0         0         1

0.0447276 -0.494105  0.868251  0.832941
-0.862682  0.419168  0.282981  0.507485
-0.503765 -0.761681 -0.407507   1.54723
        0         0         0         1

0.0460045 -0.493675  0.868429  0.832518
-0.863107  0.418034  0.283362  0.507109
-0.502921 -0.762583 -0.406863   1.54598
        0         0         0         1

0.0478707 -0.491698  0.869449   0.83288
 -0.86304  0.417856  0.283827  0.506227
-0.502862 -0.763957 -0.404352   1.54481
        0         0         0         1

0.0487647 -0.490348  0.870161  0.833084
-0.863563  0.417056  0.283412  0.506166
-0.501877  -0.76526 -0.403109   1.54341
        0         0         0         1

0.0498075 -0.488179  0.871321   0.83311
 -0.86424  0.416209  0.282594  0.505991
-0.500609 -0.767106 -0.401174   1.54226
        0         0         0         1

0.0510082 -0.486624  0.872121  0.833048
-0.864468  0.415766  0.282549  0.505634
-0.500094 -0.768333 -0.399463   1.54155
        0         0         0         1

0.0495186 -0.483343   0.87403  0.834742
-0.865949  0.415275   0.27871  0.505927
-0.497675 -0.770666 -0.397986    1.5398
        0         0         0         1

0.0485539 -0.483561  0.873963   0.83545
-0.865856  0.415825  0.278178  0.505955
-0.497932 -0.770233 -0.398504   1.54034
        0         0         0         1

0.0486238 -0.483134  0.874195  0.835862
-0.866534  0.414875  0.277484  0.505829
-0.496744 -0.771012  -0.39848   1.53935
        0         0         0         1

0.0497987 -0.483602   0.87387  0.835291
-0.866635   0.41399  0.278489  0.505517
-0.496451 -0.771195  -0.39849   1.53911
        0         0         0         1

0.0498514 -0.483508  0.873919  0.835499
-0.867188  0.413133  0.278039  0.505581
-0.495479 -0.771713 -0.398697   1.53843
        0         0         0         1

0.0502865 -0.483456  0.873923  0.835516
-0.867487  0.412468  0.278094  0.505619
-0.494911 -0.772102  -0.39865   1.53805
        0         0         0         1

0.0502161 -0.483996  0.873628  0.836282
-0.868045   0.41146  0.277847  0.505926
-0.493939 -0.772301 -0.399468   1.53714
        0         0         0         1

0.0505998 -0.483745  0.873745  0.836502
-0.868469  0.410684  0.277668  0.506095
-0.493154 -0.772871 -0.399337   1.53614
        0         0         0         1

 0.050112 -0.484179  0.873533  0.837241
-0.868696  0.410434  0.277329  0.506296
-0.492805 -0.772732 -0.400037   1.53569
        0         0         0         1

0.0508387  -0.48491  0.873085   0.83686
-0.868504   0.41014  0.278363  0.506052
-0.493068  -0.77243 -0.400295   1.53555
        0         0         0         1

 0.049694 -0.486003  0.872543    0.8383
-0.868891  0.409756  0.277719  0.506691
-0.492502 -0.771946 -0.401922    1.5348
        0         0         0         1

0.0500513 -0.486915  0.872014  0.838262
-0.868878  0.409307   0.27842   0.50665
-0.492489 -0.771609 -0.402584    1.5347
        0         0         0         1

0.0498329 -0.488156  0.871333  0.838456
-0.869648  0.407813   0.27821  0.507009
-0.491151 -0.771617 -0.404201   1.53371
        0         0         0         1

0.0495602 -0.489212  0.870755  0.838757
-0.870291  0.406602  0.277973  0.507341
-0.490038 -0.771587 -0.405606   1.53284
        0         0         0         1

 0.049476 -0.491415  0.869519  0.838754
-0.870509  0.405596  0.278757  0.507392
-0.489659 -0.770716 -0.407714   1.53257
        0         0         0         1

0.0501946 -0.492782  0.868704  0.838364
-0.870972  0.404064  0.279535  0.507411
-0.488762 -0.770648 -0.408917    1.5321
        0         0         0         1

0.0492356 -0.493801   0.86818  0.838372
-0.871417  0.403521  0.278933  0.507851
-0.488066  -0.77028 -0.410439   1.53052
        0         0         0         1

0.0489298 -0.492456  0.868961  0.837995
 -0.87172  0.403628  0.277828  0.508119
-0.487555 -0.771085 -0.409534   1.52963
        0         0         0         1

0.0477318 -0.490977  0.869864  0.838091
-0.871533  0.404999  0.276417  0.508544
-0.488008 -0.771309 -0.408572   1.52918
        0         0         0         1

0.0460004 -0.489643  0.870709  0.838776
-0.871565  0.406237  0.274493  0.509298
-0.488117 -0.771506 -0.408068   1.52867
        0         0         0         1

0.0451189 -0.485987  0.872801  0.837965
-0.872042  0.407064  0.271738   0.51041
-0.487347 -0.773379 -0.405435   1.52627
        0         0         0         1

0.0451262 -0.484534  0.873608   0.83758
-0.872333   0.40705  0.270825  0.511061
-0.486826 -0.774298 -0.404306   1.52508
        0         0         0         1

0.0443308 -0.483578  0.874178  0.837667
-0.872729  0.407106   0.26946  0.511788
-0.486188 -0.774866 -0.403985   1.52414
        0         0         0         1

0.0442382 -0.483322  0.874324  0.836909
-0.873003  0.406793  0.269044  0.512015
-0.485704  -0.77519 -0.403946   1.52361
        0         0         0         1

 0.043164 -0.483114  0.874493  0.837162
-0.873798  0.406113  0.267487  0.512879
 -0.48437 -0.775676 -0.404615   1.52281
        0         0         0         1

0.0422477 -0.483546  0.874299  0.837737
-0.874069  0.405996   0.26678  0.513076
-0.483962 -0.775468   -0.4055   1.52275
        0         0         0         1

0.0433607 -0.484548  0.873689  0.837208
-0.875271  0.403211   0.26706  0.513723
-0.481685 -0.776295 -0.406627   1.52216
        0         0         0         1

0.0435578 -0.485746  0.873014  0.837666
-0.875725  0.402015  0.267374  0.514084
-0.480841 -0.776167 -0.407869   1.52225
        0         0         0         1

 0.044043 -0.486567  0.872532  0.837815
-0.876838  0.399722  0.267165  0.514657
-0.478764 -0.776837 -0.409036   1.52198
        0         0         0         1

0.0456768 -0.486742  0.872351  0.837588
 -0.87781  0.397273  0.267627   0.51485
-0.476827 -0.777982 -0.409121   1.52153
        0         0         0         1

0.0506374 -0.487043  0.871909  0.836535
-0.879217  0.392366  0.270235  0.514985
-0.473723 -0.780281 -0.408348   1.52123
        0         0         0         1

0.0498208 -0.486966  0.871999  0.837399
-0.879839   0.39178  0.269057  0.515476
-0.472653 -0.780623 -0.408933   1.52131
        0         0         0         1

0.0509624  -0.48622  0.872349  0.837374
-0.880869   0.38972  0.268678  0.515781
-0.470608 -0.782118 -0.408436   1.52113
        0         0         0         1

0.0505122  -0.48622  0.872375   0.83805
-0.881305  0.389225  0.267964  0.516159
 -0.46984 -0.782365 -0.408847   1.52133
        0         0         0         1

 0.049983 -0.486086  0.872481  0.838567
-0.882692  0.387219    0.2663  0.516698
-0.467285 -0.783443  -0.40971   1.52102
        0         0         0         1

0.0490893  -0.48654  0.872278  0.839011
-0.883344  0.386444  0.265263  0.517228
-0.466148 -0.783543 -0.410812   1.52105
        0         0         0         1

0.0513446 -0.484485  0.873291  0.838616
-0.884873  0.383328  0.264688  0.517972
-0.462994 -0.786342 -0.409026   1.52062
        0         0         0         1

0.0511063 -0.483695  0.873743  0.838657
-0.885094  0.383313  0.263969  0.518366
-0.462598 -0.786835 -0.408526   1.52074
        0         0         0         1

0.0512309 -0.48261 0.874336 0.838787
-0.885525 0.382843 0.263206 0.518907
-0.461759 -0.78773 -0.40775  1.52078
       0        0        0        1

0.0527818 -0.482091   0.87453  0.838272
-0.885786  0.381755  0.263906  0.519177
-0.461083 -0.788576  -0.40688   1.52072
        0         0         0         1

0.0521266 -0.484044   0.87349   0.83889
-0.886893  0.379607  0.263286  0.520504
-0.459025 -0.788416 -0.409508   1.52131
        0         0         0         1

0.0516749 -0.487192  0.871765  0.839176
-0.886741   0.37915  0.264453  0.520935
-0.459369 -0.786695 -0.412421   1.52243
        0         0         0         1

0.0511991 -0.491172  0.869557  0.839708
-0.887885  0.376226  0.264791   0.52209
-0.457208 -0.785623 -0.416842   1.52271
        0         0         0         1

0.0498059  -0.49574  0.867041    0.8404
-0.889018  0.373615  0.264687  0.523171
-0.455156 -0.783998 -0.422114   1.52345
        0         0         0         1

0.0489089 -0.501021  0.864052  0.840542
-0.889479  0.371676  0.265865   0.52432
-0.454351 -0.781559  -0.42747   1.52503
        0         0         0         1

0.047735 -0.50353 0.862658  0.84062
-0.890461 0.369834 0.265145 0.525579
-0.452549 -0.78082 -0.43072  1.52566
       0        0        0        1

0.0467361 -0.507252   0.86053  0.839433
-0.890735  0.368746  0.265739  0.527539
-0.452114 -0.778923 -0.434594   1.52788
        0         0         0         1

0.0473671 -0.507866  0.860133  0.838463
 -0.89093  0.367884   0.26628  0.528336
-0.451664 -0.778931 -0.435047   1.52869
        0         0         0         1

0.0463125 -0.509193  0.859406  0.837839
-0.890916   0.36806  0.266084  0.529842
  -0.4518 -0.777981 -0.436602    1.5304
        0         0         0         1

0.0444433  -0.50957  0.859281  0.838339
-0.891428  0.368056   0.26437  0.531529
-0.450978 -0.777736 -0.437887   1.53166
        0         0         0         1

 0.042947 -0.513698  0.856895  0.837711
 -0.89299  0.364881  0.263498   0.53479
-0.448023 -0.776515 -0.443057   1.53503
        0         0         0         1

0.0431213 -0.517536  0.854574   0.83687
-0.894452  0.361064  0.263796   0.53632
 -0.44508 -0.775751 -0.447342    1.5364
        0         0         0         1

 0.042077 -0.523415  0.851039  0.836261
 -0.89574  0.357561  0.264198  0.538311
-0.442583 -0.773426 -0.453798   1.53847
        0         0         0         1

0.0409629 -0.527987  0.848264  0.835863
-0.896618  0.355209  0.264391  0.540141
-0.440906 -0.771399 -0.458852   1.54036
        0         0         0         1

0.0401647 -0.532827  0.845271  0.834914
-0.897745   0.35216  0.264646  0.542233
-0.438681 -0.769467 -0.464198   1.54245
        0         0         0         1

0.0374728 -0.538095  0.842051  0.834749
-0.897541  0.352339  0.265097  0.544119
-0.439335  -0.76571 -0.469759   1.54528
        0         0         0         1

0.0351332 -0.544437  0.838066  0.832568
-0.898043  0.350749  0.265507  0.548583
-0.438503 -0.761947 -0.476605   1.55006
        0         0         0         1

0.0332177 -0.544105  0.838359  0.832193
-0.898949  0.350327  0.262985  0.551015
-0.436791 -0.762378 -0.477486   1.55152
        0         0         0         1

 0.030707 -0.542069  0.839773  0.831899
 -0.89888  0.352449  0.260373  0.554301
-0.437117  -0.76285 -0.476433    1.5553
        0         0         0         1

0.0309835 -0.540731  0.840625  0.830813
-0.899259  0.352051  0.259601  0.556397
-0.436318 -0.763983 -0.475349    1.5575
        0         0         0         1

0.0283724 -0.538302  0.842274  0.829666
-0.901008   0.35112  0.254754  0.562395
-0.432874 -0.766124 -0.475052   1.56418
        0         0         0         1

0.0287234 -0.539057   0.84178  0.827537
-0.902331  0.348353  0.253867  0.564805
-0.430086 -0.766856 -0.476402   1.56659
        0         0         0         1

0.0268631 -0.540921  0.840644  0.827411
-0.904084  0.345655  0.251305  0.568392
-0.426509 -0.766764 -0.479753   1.57002
        0         0         0         1

0.0267688  -0.54339  0.839053  0.825088
-0.905194  0.342967  0.250992  0.570396
-0.424155 -0.766225 -0.482693   1.57374
        0         0         0         1

0.0240789 -0.547385  0.836535  0.824961
-0.906637  0.340616  0.248978  0.574051
-0.421225 -0.764428 -0.488078   1.57872
        0         0         0         1

0.0208562  -0.54974  0.835076  0.825035
-0.908463  0.338329  0.245415  0.577387
-0.417444 -0.763754 -0.492362    1.5818
        0         0         0         1

0.0203446 -0.550824  0.834373  0.822016
 -0.91262  0.330586  0.240494  0.585148
-0.408302 -0.766359 -0.495967   1.58986
        0         0         0         1

0.0192519 -0.550465  0.834636  0.821909
-0.914063  0.328559  0.237778  0.588543
-0.405116 -0.767487 -0.496834   1.59492
        0         0         0         1

0.0190885 -0.548417  0.835987  0.821069
-0.916192   0.32516  0.234229  0.592545
-0.400284 -0.770396 -0.496249   1.60003
        0         0         0         1

0.0205619 -0.546855  0.836975  0.819237
-0.918274   0.32076  0.232135  0.596229
-0.395412 -0.773345 -0.495567   1.60464
        0         0         0         1

0.0199408 -0.543977  0.838863  0.818922
-0.924141  0.310151  0.223091  0.605509
 -0.38153 -0.779677 -0.496527   1.61586
        0         0         0         1

0.0227826 -0.542934  0.839467  0.817189
-0.925807  0.305446  0.222676  0.608549
 -0.37731 -0.782257 -0.495693   1.62229
        0         0         0         1

 0.020818 -0.544114  0.838753   0.81891
-0.928813  0.299917  0.217615  0.613817
-0.369963 -0.783575 -0.499137   1.62999
        0         0         0         1

0.0210285 -0.543851  0.838919  0.819015
-0.931675  0.293737  0.213776  0.618139
-0.362683 -0.786095 -0.500515   1.63588
        0         0         0         1

 0.026992 -0.542927  0.839346  0.816467
-0.935414  0.282386  0.212741   0.62275
-0.352522 -0.790878 -0.500239   1.64316
        0         0         0         1

0.0301876 -0.543354  0.838961  0.815146
 -0.93824  0.274021   0.21123  0.626673
-0.344666 -0.793523 -0.501524   1.65016
        0         0         0         1

0.0338783 -0.542971  0.839068  0.815772
-0.944861   0.25621  0.203947  0.637204
-0.325715 -0.799712 -0.504352   1.66638
        0         0         0         1

0.0383708 -0.544646  0.837788  0.814885
-0.946522  0.248971  0.205207  0.640751
 -0.32035 -0.800858 -0.505966   1.67595
        0         0         0         1

0.0398665 -0.544475  0.837829  0.815519
-0.949886  0.239526  0.200858  0.646555
-0.310044 -0.803849  -0.50764   1.68654
        0         0         0         1

0.0422233 -0.544122  0.837943   0.81551
-0.952552  0.231112  0.198072  0.650898
-0.301434 -0.806547 -0.508546   1.69535
        0         0         0         1

0.0445779 -0.545289  0.837062  0.816222
-0.955998  0.219918  0.194174  0.657231
-0.289965 -0.808886 -0.511492   1.70636
        0         0         0         1

0.0437871 -0.544069  0.837897  0.817917
-0.959589  0.210459  0.186803  0.662755
-0.277976 -0.812217 -0.512867   1.71468
        0         0         0         1

0.0511755 -0.541824  0.838932  0.816253
-0.965438   0.18812   0.18039  0.673611
-0.255559 -0.819169 -0.513471   1.73764
        0         0         0         1

0.0529712 -0.541897  0.838774   0.81699
-0.967832  0.179024  0.176782  0.678641
-0.245959 -0.821156 -0.514982   1.74812
        0         0         0         1

0.0560032 -0.540556  0.839442  0.816562
-0.970278   0.16878  0.173417  0.684541
-0.235423 -0.824204 -0.515038   1.76205
        0         0         0         1

0.0563722 -0.537662  0.841274  0.817711
 -0.97363   0.15696  0.165555   0.69109
-0.221059 -0.828422 -0.514635   1.77082
        0         0         0         1

0.0587552 -0.534539  0.843099  0.820467
-0.979124  0.133768  0.153046    0.7053
-0.194588  -0.83449  -0.51552   1.79574
        0         0         0         1

0.0614559 -0.532452  0.844226  0.820159
-0.981129  0.123132  0.149081  0.711302
-0.183329 -0.837457 -0.514837   1.80708
        0         0         0         1

0.0616138 -0.532043  0.844472  0.822642
-0.983499  0.111826  0.142211   0.71922
-0.170097   -0.8393 -0.516374    1.8216
        0         0         0         1

0.0647054 -0.530743  0.845059  0.822154
-0.985246  0.100478  0.138545  0.725295
-0.158442 -0.841555 -0.516411   1.83289
        0         0         0         1

0.0670856 -0.528764  0.846114  0.821943
-0.987379 0.0867552  0.132502  0.733539
-0.143467 -0.844323  -0.51627   1.84661
        0         0         0         1

0.0710978 -0.526252  0.847351  0.820905
-0.988859 0.0741913  0.129048  0.740557
-0.130778 -0.847086 -0.515114   1.85732
        0         0         0         1

0.0744346 -0.523517  0.848757  0.823462
-0.991796  0.049832  0.117715  0.757866
-0.103921 -0.850557 -0.515513   1.88353
        0         0         0         1

0.0761344  -0.52101  0.850148   0.82356
-0.992923 0.0383237  0.112407  0.765302
-0.0911461  -0.85269 -0.514405   1.89339
        0         0         0         1

0.0741865 -0.522997    0.8491  0.827043
-0.994415 0.0252945  0.102463  0.775734
-0.0750653 -0.851959   -0.5182   1.90733
        0         0         0         1

 0.076578 -0.523975  0.848284  0.828351
-0.994786 0.0173256  0.100505  0.782579
-0.0673592 -0.851557 -0.519916    1.9208
        0         0         0         1

 0.0797702  -0.521999   0.849208   0.828583
 -0.996126 -0.0101206  0.0873499   0.802547
-0.0370021  -0.852886  -0.520784    1.94501
         0          0          0          1

 0.0795753  -0.523861   0.848078   0.830497
 -0.996508 -0.0202303  0.0810061     0.8114
 -0.025279  -0.851563  -0.523642    1.95642
         0          0          0          1

 0.0822077  -0.520084    0.85015   0.830773
 -0.996548 -0.0330246  0.0761612   0.821553
-0.0115343  -0.853476  -0.521004     1.9694
         0          0          0          1

  0.080213  -0.519293   0.850823   0.833482
 -0.996777 -0.0409424  0.0689842   0.830284
-0.000988258  -0.853615  -0.520904    1.98206
         0          0          0          1

 0.0806919  -0.518282   0.851394    0.83516
 -0.996608 -0.0557974  0.0604882   0.842737
 0.0161556  -0.853387  -0.521027    1.99399
         0          0          0          1

 0.0821216  -0.520316   0.850016   0.837096
 -0.996248 -0.0662247  0.0557116   0.852091
 0.0273045  -0.851402  -0.523802    2.00402
         0          0          0          1

 0.0857294  -0.512386   0.854465   0.837235
 -0.994489 -0.0959597  0.0422352   0.876459
 0.0603535  -0.853377  -0.517789    2.02524
         0          0          0          1

0.0862094 -0.510856  0.855333  0.840105
-0.993899 -0.103381 0.0384302   0.88582
0.0687931 -0.853428 -0.516651   2.03797
        0         0         0         1

0.0880787 -0.510708   0.85523  0.841585
-0.992915 -0.113757 0.0343276  0.895079
0.0797572 -0.852195  -0.51711   2.05512
        0         0         0         1

0.0903979 -0.507338  0.856993  0.840329
-0.991695 -0.124906 0.0306626  0.905341
 0.091487 -0.852647 -0.514416    2.0666
        0         0         0         1

0.0928528 -0.505418  0.857864  0.841701
-0.988158 -0.152481 0.0171197   0.93039
 0.122156 -0.849295 -0.513591   2.09243
        0         0         0         1

0.0905577 -0.506828  0.857277  0.845082
-0.985599 -0.169048 0.0041705  0.944567
 0.142807 -0.845309 -0.514838   2.09836
        0         0         0         1

  0.0912443    -0.50662    0.857328    0.844133
  -0.983392   -0.181478 -0.00257931    0.956985
   0.156892   -0.842853   -0.514765     2.11306
          0           0           0           1

0.0898175 -0.505956   0.85787  0.843817
-0.980686 -0.195195 -0.012446  0.969709
 0.173749 -0.840183 -0.513715   2.12055
        0         0         0         1

 0.0918991  -0.507837   0.856537   0.844278
 -0.978933  -0.203579 -0.0156698   0.982409
  0.182331  -0.837053  -0.515847    2.13837
         0          0          0          1

 0.0907312  -0.515481   0.852084   0.848753
 -0.975968  -0.216249 -0.0269003   0.995365
  0.198128  -0.829166  -0.522713    2.15013
         0          0          0          1

  0.094119  -0.517304   0.850611   0.847002
 -0.971277   -0.23527 -0.0356103    1.01636
  0.218545  -0.822827  -0.524589    2.18358
         0          0          0          1

0.0908804 -0.518227  0.850401   0.85068
-0.968228 -0.245747 -0.046284   1.03068
 0.232969 -0.819176 -0.524096   2.19409
        0         0         0         1

 0.0908363  -0.518036   0.850522   0.851385
 -0.964073   -0.25982 -0.0552875    1.04516
  0.249623  -0.814943  -0.523026    2.20978
         0          0          0          1

 0.0900925  -0.519184   0.849901   0.854567
 -0.959587   -0.27369 -0.0654706    1.06023
    0.2666  -0.809656  -0.522859    2.21779
         0          0          0          1

 0.0927107   -0.52257   0.847541   0.855134
 -0.946472  -0.310572 -0.0879572    1.09312
  0.309186  -0.794019  -0.523391    2.23866
         0          0          0          1

 0.0922297  -0.518962   0.849807   0.851982
 -0.945794  -0.312553 -0.0882231    1.10167
  0.311394  -0.795606  -0.519658    2.25713
         0          0          0          1

0.0954817 -0.521264  0.848037   0.85522
-0.940681 -0.325895 -0.094406    1.1182
 0.325582 -0.788718  -0.52146   2.27363
        0         0         0         1

0.0955917 -0.520336  0.848595  0.854376
-0.936572 -0.335788 -0.100394   1.12966
 0.337186 -0.785174  -0.51943   2.28393
        0         0         0         1

0.0998892 -0.506284  0.856562  0.841251
-0.927542 -0.358957    -0.104   1.14693
 0.360122 -0.784109 -0.505456   2.29365
        0         0         0         1

0.0996786 -0.514214   0.85185  0.849722
-0.925014 -0.363331 -0.111083   1.15763
 0.366623   -0.7769 -0.511872   2.31181
        0         0         0         1

0.0952175  -0.52005  0.848812  0.856752
-0.912652 -0.386089  -0.13417   1.18872
 0.397492 -0.761895 -0.511387   2.33648
        0         0         0         1

