-0.0995612 -0.0082878   0.994997   0.519653
 -0.938312  -0.332007 -0.0966546    1.07207
  0.331147   -0.94324  0.0252785    2.01057
         0          0          0          1

 -0.0980418 -0.00748823    0.995154    0.513177
  -0.942519   -0.320284  -0.0952663     1.06221
   0.319446   -0.947292   0.0243435     2.00918
          0           0           0           1

 -0.104737 -0.0139652   0.994402   0.514647
 -0.947005  -0.303912  -0.104013    1.04916
  0.303664  -0.952598  0.0186056    2.00377
         0          0          0          1

  -0.106726 -0.00747627     0.99426    0.506158
  -0.949495   -0.295996   -0.104146     1.03866
   0.295076    -0.95516   0.0244918     2.00205
          0           0           0           1

 -0.123023 0.00201037   0.992402   0.503153
 -0.949833  -0.289984  -0.117159    1.02726
  0.287545  -0.957029  0.0375843    1.99064
         0          0          0          1

 -0.127458 0.00717342   0.991818   0.498206
 -0.951804  -0.282141  -0.120275    1.01748
   0.27897  -0.959346  0.0427889      1.991
         0          0          0          1

-0.155261 0.0283584  0.987466   0.48884
-0.954906 -0.260387 -0.142663  0.991164
 0.253078 -0.965088 0.0675075   1.97896
        0         0         0         1

-0.159199 0.0366184  0.986567  0.479922
-0.956003 -0.255131 -0.144797  0.981933
 0.246402 -0.966213 0.0756239   1.97257
        0         0         0         1

-0.168886 0.0479384  0.984469  0.468619
-0.958613 -0.240266 -0.152751  0.964571
 0.229212 -0.969523 0.0865321   1.96496
        0         0         0         1

-0.170766 0.0511104  0.983985  0.463392
-0.960235 -0.232504 -0.154568  0.956105
 0.220881 -0.971252 0.0887818   1.96105
        0         0         0         1

 -0.19328 0.0564891  0.979516  0.457375
-0.961567  -0.20934 -0.177666  0.933108
 0.195015  -0.97621 0.0947793   1.94354
        0         0         0         1

-0.189191 0.0533355  0.980491  0.452071
-0.963748 -0.201404 -0.175004   0.92541
 0.188141 -0.978055 0.0895057   1.93846
        0         0         0         1

-0.177405 0.0425574  0.983217  0.442755
 -0.96994 -0.176653 -0.167363  0.905757
 0.166565 -0.983353 0.0726171   1.93459
        0         0         0         1

 -0.17685 0.0373084  0.983531  0.441182
 -0.97144  -0.16724 -0.168332  0.899023
 0.158206  -0.98521 0.0658193   1.93014
        0         0         0         1

-0.176937 0.0302397  0.983758  0.435115
-0.974192 -0.147716 -0.170676  0.884752
 0.140155 -0.988567 0.0555956   1.91993
        0         0         0         1

 -0.18386 0.0358232  0.982299  0.431728
-0.974058 -0.140773 -0.177184  0.879081
 0.131934 -0.989394 0.0607765   1.91338
        0         0         0         1

-0.212897 0.0637648  0.974992  0.419555
-0.971825 -0.117121 -0.204546  0.855774
 0.101149 -0.991069 0.0869029   1.89359
        0         0         0         1

-0.219601 0.0704178  0.973045  0.417473
 -0.97122 -0.110071 -0.211223  0.849979
  0.09223 -0.991426 0.0925628   1.88838
        0         0         0         1

 -0.228984  0.0819218   0.969977   0.412073
 -0.970686 -0.0939916  -0.221213   0.837268
 0.0730475  -0.992197   0.101043    1.87585
         0          0          0          1

  -0.23326  0.0838682   0.968791   0.411567
 -0.970242 -0.0866359  -0.226109   0.832364
 0.0649687  -0.992704   0.101581    1.87016
         0          0          0          1

 -0.236066  0.0938602   0.967193   0.400496
 -0.971134 -0.0578311  -0.231416    0.80985
 0.0342131  -0.993904   0.104803    1.84784
         0          0          0          1

-0.239409 0.0928193  0.966472  0.399979
-0.970441 -0.054104 -0.235196  0.805524
0.0304593 -0.994212  0.103029   1.84158
        0         0         0         1

 -0.239242   0.100505   0.965744   0.391662
 -0.970882 -0.0373831  -0.236624   0.790962
 0.0123206  -0.994234   0.106522    1.82868
         0          0          0          1

 -0.244775  0.0988227   0.964531   0.393521
 -0.969565 -0.0305621  -0.242921   0.787367
0.00547204  -0.994636   0.103296    1.82425
         0          0          0          1

 -0.246597   0.104033   0.963518   0.388061
 -0.969036 -0.0135279  -0.246549    0.77516
-0.0126148  -0.994482   0.104148    1.81389
         0          0          0          1

  -0.24787   0.107531   0.962807     0.3869
 -0.968608 -0.0080503  -0.248464   0.770495
-0.0189666  -0.994169    0.10615    1.80751
         0          0          0          1

  -0.2468  0.110251  0.962774  0.387835
-0.968136 0.0154737 -0.249947  0.755549
-0.0424545 -0.993783  0.102919   1.78733
        0         0         0         1

-0.241355  0.110612  0.964112  0.385807
-0.969092 0.0248152 -0.245448  0.750123
-0.0510743 -0.993554  0.101204   1.78192
        0         0         0         1

 -0.22479  0.109203  0.968269  0.381862
-0.971899 0.0461248 -0.230835  0.738657
-0.0698691 -0.992949 0.0957661   1.77154
        0         0         0         1

-0.216063  0.110328  0.970126  0.382164
-0.973326 0.0541767 -0.222937  0.734819
-0.0771544 -0.992418 0.0956793   1.76572
        0         0         0         1

-0.166807  0.113956  0.979382  0.376248
-0.980204 0.0882831 -0.177219  0.716223
-0.106658 -0.989555 0.0969742   1.74411
        0         0         0         1

-0.149688  0.112885  0.982268  0.374828
-0.982248 0.0966256 -0.160789  0.710715
-0.113063 -0.988899 0.0964172   1.73765
        0         0         0         1

-0.113097  0.108449  0.987648  0.372777
-0.985333  0.115599 -0.125525  0.700992
-0.127784 -0.987358 0.0937846   1.72733
        0         0         0         1

-0.0958253  0.108069  0.989514  0.373795
-0.986441  0.122752 -0.108934  0.697412
-0.133237 -0.986536 0.0948409   1.72036
        0         0         0         1

-0.0511089   0.101374   0.993535    0.37174
 -0.987764   0.141642 -0.0652644   0.686048
 -0.147343  -0.984714  0.0928945    1.70895
         0          0          0          1

 -0.033358  0.0938695   0.995026   0.372498
 -0.987478   0.150497 -0.0473027   0.682502
 -0.154189  -0.984144  0.0876738    1.70426
         0          0          0          1

0.0245318 0.0596057  0.997921  0.370876
-0.984294  0.176007 0.0136839  0.668313
-0.174825 -0.982583 0.0629873   1.68469
        0         0         0         1

0.0366135 0.0541981  0.997859   0.36923
-0.982944  0.182033 0.0261792  0.663989
-0.180224 -0.981798 0.0599386   1.68007
        0         0         0         1

0.0499424 0.0449795  0.997739  0.372292
-0.980385   0.19291 0.0403771  0.658774
-0.190657 -0.980185 0.0537317    1.6706
        0         0         0         1

0.0567661 0.0452841   0.99736  0.372188
-0.979192  0.197474  0.046766  0.655918
-0.194835 -0.979262 0.0555516   1.66497
        0         0         0         1

0.0698027 0.0494237  0.996336  0.372393
-0.976326  0.208363  0.058065  0.645872
-0.204729 -0.976802  0.062798   1.64273
        0         0         0         1

0.0721772 0.0505526   0.99611  0.371991
-0.975801  0.210255 0.0600352  0.643487
-0.206402 -0.976339  0.064505   1.63618
        0         0         0         1

0.0713648 0.0466845  0.996357  0.374318
 -0.97386  0.219225 0.0594815  0.638398
-0.215649 -0.974557 0.0611091   1.62751
        0         0         0         1

0.0745203 0.0465794  0.996131   0.37264
-0.972343   0.22512  0.062214  0.634457
-0.221351 -0.973217 0.0620672   1.62341
        0         0         0         1

0.0744528 0.0446967  0.996222  0.372381
-0.970188   0.23429 0.0619954  0.628285
-0.230634 -0.971139 0.0608078   1.61387
        0         0         0         1

0.0756787 0.0437268  0.996173  0.370872
-0.969187  0.238086 0.0631779  0.624556
-0.234413 -0.970259 0.0603976   1.60868
        0         0         0         1

0.0766212 0.0391713  0.996291   0.36973
-0.965372  0.252829 0.0643029  0.614611
-0.249372 -0.966718 0.0571869   1.59067
        0         0         0         1

0.0786523 0.0366921  0.996227  0.368894
-0.963549  0.259127 0.0665284  0.610814
-0.255708 -0.965146 0.0557356   1.58705
        0         0         0         1

0.0798781 0.0353209  0.996179  0.368382
-0.960974  0.268266 0.0675435  0.604922
-0.264856 -0.962697  0.055371   1.57813
        0         0         0         1

0.0774031 0.0371309  0.996308  0.369867
-0.960664  0.270104 0.0645675   0.60409
-0.266709 -0.962115 0.0565771   1.57236
        0         0         0         1

0.0749374 0.0392565  0.996415  0.371457
-0.957715  0.281189 0.0609487   0.59762
-0.277789 -0.958849 0.0586681   1.55534
        0         0         0         1

0.0744324 0.0386481  0.996477  0.371238
-0.956465  0.285534 0.0603694   0.59485
-0.282194 -0.957589 0.0582186   1.55146
        0         0         0         1

 0.075867 0.0426889  0.996204  0.369464
-0.954476  0.292156 0.0601699   0.58947
-0.288478 -0.955418 0.0629105   1.53954
        0         0         0         1

0.0748566 0.0429687  0.996268  0.369426
-0.953224  0.296483 0.0588352   0.58715
-0.292849 -0.954071 0.0631525   1.53606
        0         0         0         1

0.0731153 0.0408652  0.996486  0.370231
-0.949697  0.307928 0.0570544  0.582397
-0.304515 -0.950532 0.0613238    1.5302
        0         0         0         1

0.0725785 0.0416747  0.996492  0.370262
-0.948949  0.310396 0.0561346  0.580601
-0.306967 -0.949693 0.0620752   1.52553
        0         0         0         1

0.0694162 0.0478381   0.99644  0.370166
-0.946782  0.317857 0.0506969  0.574865
  -0.3143 -0.946931 0.0673567   1.50748
        0         0         0         1

 0.067788 0.0488005  0.996506  0.369284
 -0.94584  0.320972 0.0486229  0.572751
-0.317477 -0.945831 0.0679155    1.5032
        0         0         0         1

0.0659572 0.0457492  0.996773   0.36733
-0.942108  0.331986 0.0471027  0.567813
 -0.32876 -0.942174 0.0649975    1.4974
        0         0         0         1

 0.061833 0.0443595    0.9971  0.368603
-0.941578   0.33397 0.0435321  0.567309
 -0.33107 -0.941539 0.0624183   1.49382
        0         0         0         1

0.0637838 0.0387696   0.99721  0.366591
-0.936849  0.346637 0.0464464  0.560294
 -0.34387 -0.937198 0.0584311   1.47963
        0         0         0         1

0.0671466  0.035539   0.99711  0.365188
-0.934979  0.351098 0.0504488  0.557609
 -0.34829 -0.935664 0.0568032   1.47641
        0         0         0         1

0.0721805 0.0289432  0.996972  0.365134
-0.931096  0.360301 0.0569512  0.554271
-0.357562 -0.932387 0.0529556   1.47026
        0         0         0         1

0.0752719 0.0300544   0.99671  0.364996
-0.930737  0.360832 0.0594092  0.553786
-0.357859 -0.932146 0.0551333   1.46451
        0         0         0         1

0.0822543  0.030151  0.996155  0.364311
-0.929775  0.362198 0.0658103  0.551929
-0.358822 -0.931613  0.057826   1.45325
        0         0         0         1

0.0836474 0.0277072   0.99611  0.364434
-0.928778  0.364372 0.0678581  0.551061
-0.361074 -0.930841 0.0562126   1.45165
        0         0         0         1

0.0880323 0.0265214  0.995764  0.364692
-0.924764  0.373707  0.071802  0.547672
 -0.37022 -0.927168 0.0574243   1.44154
        0         0         0         1

0.0883924 0.0283128  0.995683  0.364664
-0.924418  0.374635 0.0714129  0.547305
-0.370996  -0.92674 0.0592878   1.43718
        0         0         0         1

0.0911886  0.028798  0.995417  0.363081
-0.922821  0.378132 0.0735986  0.544582
 -0.37428 -0.925303 0.0610568   1.43033
        0         0         0         1

0.0925563 0.0291434  0.995281  0.362434
 -0.92146  0.381257 0.0745275  0.543323
-0.377286 -0.924009 0.0621422   1.42814
        0         0         0         1

0.0973655 0.0311241  0.994762  0.360636
-0.918626  0.387393 0.0777927  0.539875
-0.382943 -0.921389 0.0663102    1.4187
        0         0         0         1

 0.096942 0.0316667  0.994786  0.360809
-0.917997  0.389025 0.0770753  0.539519
-0.384556 -0.920683 0.0667828   1.41738
        0         0         0         1

0.0982534 0.0355944  0.994525  0.360314
-0.917594  0.390051  0.076693  0.538142
-0.385185 -0.920105  0.070985   1.41175
        0         0         0         1

 0.100993  0.035561  0.994251  0.358886
-0.917041  0.390854 0.0791707  0.536464
-0.385792 -0.919765 0.0720845   1.40973
        0         0         0         1

0.0995913 0.0366385  0.994354  0.360295
-0.916943  0.391436  0.077415  0.537535
 -0.38639 -0.919476  0.072579   1.40611
        0         0         0         1

0.0996466 0.0371728  0.994328  0.359941
-0.916858  0.391671 0.0772404  0.537171
-0.386578 -0.919354 0.0731108   1.40395
        0         0         0         1

 0.100646 0.0337411   0.99435  0.357791
 -0.91545  0.394546 0.0792721  0.533925
-0.389642 -0.918256 0.0705978   1.39773
        0         0         0         1

0.0999891  0.032811  0.994447  0.358349
-0.914782  0.396166 0.0789078  0.533929
-0.391377 -0.917592 0.0696272   1.39697
        0         0         0         1

0.0998454 0.0333332  0.994444  0.357649
-0.914007  0.398047 0.0784269  0.533564
-0.393221 -0.916759 0.0702099   1.39222
        0         0         0         1

0.0985917 0.0345596  0.994528  0.358416
-0.914047  0.398276 0.0767734  0.534215
-0.393443 -0.916614 0.0708558   1.39047
        0         0         0         1

0.0959302 0.0380976  0.994659  0.359338
-0.912967  0.401508 0.0726728   0.53477
-0.396595 -0.915063 0.0732986   1.38667
        0         0         0         1

0.0954522 0.0394386  0.994652  0.358976
-0.912277  0.403275 0.0715569  0.534404
-0.398296 -0.914229 0.0744724   1.38589
        0         0         0         1

0.0949771  0.042531   0.99457  0.357872
-0.911216  0.405997 0.0696554  0.533813
 -0.40083 -0.912884 0.0773153   1.38384
        0         0         0         1

 0.094904  0.042711   0.99457  0.357487
-0.910668  0.407266 0.0694082  0.533292
 -0.40209  -0.91231 0.0775467   1.38333
        0         0         0         1

0.0984442  0.044201   0.99416  0.354411
-0.909846  0.408664 0.0719258  0.531212
-0.403098 -0.911614 0.0804467   1.37997
        0         0         0         1

 0.095546 0.0426663   0.99451  0.355702
-0.909006  0.410914 0.0697023  0.532311
-0.405684 -0.910675  0.078045   1.38144
        0         0         0         1

0.0936948  0.040166   0.99479  0.354662
-0.906341  0.416952 0.0685291  0.531972
-0.412027 -0.908041 0.0754704   1.38095
        0         0         0         1

0.0934161 0.0409928  0.994783  0.354603
-0.906211  0.417337 0.0679011  0.531906
-0.412377 -0.907827 0.0761342   1.37934
        0         0         0         1

0.0938295 0.0420322  0.994701  0.353776
-0.905485  0.418942 0.0677109  0.531576
-0.413876 -0.907039 0.0773686   1.37732
        0         0         0         1

0.0943664 0.0414207  0.994675  0.353536
-0.904648   0.42065 0.0683085  0.531513
 -0.41558 -0.906277 0.0771663   1.37687
        0         0         0         1

0.0957892 0.0404808  0.994578  0.352466
-0.902961  0.424031 0.0697067  0.531253
 -0.41891 -0.904742 0.0771702   1.37582
        0         0         0         1

 0.095443  0.039803  0.994639  0.352464
-0.902477  0.425079 0.0695888  0.531476
 -0.42003 -0.904281 0.0764921   1.37585
        0         0         0         1

0.0958353 0.0375529  0.994689  0.352483
-0.902147  0.425571 0.0708524   0.53189
-0.420649 -0.904146 0.0746629   1.37585
        0         0         0         1

0.0982667 0.0390631  0.994393  0.352059
 -0.90231  0.424952 0.0724735  0.531622
-0.419738 -0.904373 0.0770057   1.37457
        0         0         0         1

 0.100397  0.040343  0.994129  0.352285
-0.902155  0.425043 0.0738598  0.532001
-0.419568 -0.904274 0.0790686    1.3739
        0         0         0         1

 0.102731 0.0400151  0.993904  0.351703
-0.901761  0.425487 0.0760765  0.531492
-0.419849 -0.904079 0.0797946    1.3737
        0         0         0         1

 0.110074  0.042369   0.99302  0.350209
-0.900796  0.426497 0.0816538  0.530664
-0.420061 -0.903496 0.0851121   1.37204
        0         0         0         1

 0.112649 0.0422734  0.992735  0.349799
-0.899981  0.427778 0.0839081  0.530188
-0.421123 -0.902895 0.0862341   1.37225
        0         0         0         1

 0.117418 0.0429549  0.992153  0.349017
-0.899075  0.428893 0.0878335  0.529429
-0.421754 -0.902334 0.0889793   1.37236
        0         0         0         1

 0.117579 0.0432472  0.992121  0.349075
-0.899157  0.428712 0.0878742  0.529621
-0.421534 -0.902406 0.0892938   1.37229
        0         0         0         1

 0.116639 0.0438123  0.992208  0.349737
-0.898842  0.429613 0.0866931  0.530693
-0.422467  -0.90195 0.0894898   1.37198
        0         0         0         1

 0.117102 0.0448618  0.992106  0.349934
-0.898649  0.430029 0.0866256  0.531177
-0.422749   -0.9017 0.0906724   1.37166
        0         0         0         1

 0.119586 0.0462133  0.991748  0.349674
-0.897697   0.43171 0.0881286  0.531509
-0.424074 -0.900828  0.093112   1.37136
        0         0         0         1

 0.121115 0.0493347  0.991412  0.349775
-0.897653  0.431793  0.088174  0.531799
-0.423734 -0.900623  0.096582   1.37062
        0         0         0         1

 0.123535 0.0573515  0.990682  0.350761
-0.897695  0.431957 0.0869336  0.533282
-0.422946 -0.900069  0.104846    1.3692
        0         0         0         1

 0.128103 0.0637682  0.989709  0.350499
-0.897526  0.432022 0.0883353  0.533434
-0.421943 -0.899606  0.112577   1.36801
        0         0         0         1

 0.137115 0.0796117  0.987351  0.350926
-0.896322  0.434286 0.0894568   0.53423
-0.421671  -0.89725  0.130905   1.36573
        0         0         0         1

 0.137913 0.0832643  0.986938  0.351598
-0.896405  0.434285 0.0886232  0.534968
-0.421233 -0.896919  0.134532   1.36547
        0         0         0         1

 0.139004 0.0870832  0.986455  0.352785
-0.896008  0.435265  0.087834  0.536311
 -0.42172 -0.896081  0.138531   1.36519
        0         0         0         1

 0.140321 0.0863625  0.986332  0.352849
  -0.8954  0.436238 0.0891883  0.536533
-0.422573 -0.895677  0.138543   1.36559
        0         0         0         1

 0.144363 0.0861686  0.985766  0.353222
-0.894357  0.437639 0.0927211  0.537562
 -0.42342 -0.895012  0.140244   1.36628
        0         0         0         1

 0.145899 0.0855916   0.98559   0.35307
-0.893557  0.438965 0.0941543   0.53747
-0.424581 -0.894418  0.140526   1.36686
        0         0         0         1

 0.144386 0.0890711  0.985504  0.354552
-0.893484  0.439746 0.0911595  0.539022
-0.425252 -0.893695  0.143077   1.36745
        0         0         0         1

 0.145808 0.0909479  0.985124   0.35488
 -0.89368   0.43923 0.0917231  0.539512
-0.424354 -0.893759  0.145322   1.36731
        0         0         0         1

 0.148346 0.0963396  0.984232  0.355221
-0.893556  0.439496 0.0916599  0.540299
-0.423735 -0.893063  0.151282   1.36718
        0         0         0         1

 0.146893 0.0993285  0.984153  0.356664
-0.893946  0.439229 0.0890983  0.541832
-0.423418 -0.892867  0.153314   1.36756
        0         0         0         1

 0.142415  0.104188  0.984308  0.359143
 -0.89496   0.43834 0.0830897  0.545437
-0.422805  -0.89275   0.15567   1.36813
        0         0         0         1

 0.141396  0.101517  0.984734  0.358912
-0.894413  0.439449 0.0831237  0.545181
-0.424302 -0.892513  0.152934   1.36928
        0         0         0         1

 0.138005 0.0943973  0.985923  0.358844
-0.893188  0.442012 0.0827043  0.545249
-0.427982 -0.892028  0.145315   1.37215
        0         0         0         1

 0.135467 0.0919673  0.986504  0.359634
-0.892796  0.443066 0.0812941  0.545913
 -0.42961 -0.891759  0.142129   1.37308
        0         0         0         1

 0.129596  0.083948  0.988007  0.360432
-0.891259  0.446567 0.0789622  0.546539
-0.434582 -0.890804  0.132693   1.37613
        0         0         0         1

 0.128754  0.084556  0.988065  0.360802
-0.891049  0.447183 0.0778434  0.546724
-0.435263 -0.890437   0.13292   1.37636
        0         0         0         1

 0.127191 0.0863009  0.988117   0.36169
-0.890766  0.448144 0.0755195  0.546918
-0.436302 -0.889786  0.133874   1.37727
        0         0         0         1

 0.125764 0.0890671  0.988054  0.362588
-0.891027  0.448038 0.0730258   0.54753
-0.436182 -0.889567  0.135708   1.37705
        0         0         0         1

 0.122357 0.0940709  0.988018  0.364315
-0.891337  0.448256 0.0677049  0.548854
-0.436516 -0.888941  0.138696   1.37809
        0         0         0         1

 0.118419 0.0963896  0.988274  0.365705
-0.891238   0.44914  0.062986  0.549634
-0.437802 -0.888247  0.139093   1.37963
        0         0         0         1

 0.102708 0.0923487  0.990415  0.367163
-0.889661  0.453883 0.0499383  0.550632
-0.444921 -0.886263  0.128776   1.38502
        0         0         0         1

0.0948481 0.0875923  0.991631  0.368759
-0.888846  0.456016 0.0447363  0.552143
-0.448281 -0.885651  0.121108   1.38708
        0         0         0         1

 0.081364 0.0772136  0.993689  0.369677
 -0.88697  0.460355 0.0368544  0.552903
-0.454604 -0.884371  0.105942   1.39002
        0         0         0         1

0.0782534 0.0723617  0.994304  0.368874
-0.885571  0.463107 0.0359928  0.552017
-0.457864 -0.883344  0.100321   1.39176
        0         0         0         1

0.0677336 0.0715909  0.995132  0.371001
-0.885048  0.464728 0.0268077  0.554092
-0.460546 -0.882555  0.094839   1.39336
        0         0         0         1

0.0653744 0.0749687  0.995041   0.37112
-0.884922  0.465166  0.023093  0.554273
-0.461127 -0.882044 0.0967514   1.39374
        0         0         0         1

 0.0505858  0.0927787   0.994401   0.374366
 -0.886583   0.462566 0.00194301    0.55782
 -0.459796  -0.881717   0.105655    1.39623
         0          0          0          1

  0.0449218   0.0943822    0.994522    0.374556
  -0.886281    0.463132 -0.00391953     0.55808
  -0.460965    -0.88125    0.104454     1.39846
          0           0           0           1

 0.0320543  0.0955187   0.994911   0.374258
 -0.886284    0.46287 -0.0158843   0.558493
 -0.462032  -0.881265  0.0994936    1.40121
         0          0          0          1

 0.0262134   0.091704   0.995441   0.373776
 -0.886303   0.462705 -0.0192868   0.558601
 -0.462364  -0.881757  0.0934066    1.40232
         0          0          0          1

-0.00634886  0.0667755   0.997748   0.377193
 -0.883346   0.467268 -0.0368934   0.563734
 -0.468679  -0.881591  0.0560192    1.41058
         0          0          0          1

-0.0112741  0.0606445   0.998096    0.37752
  -0.88236   0.469001 -0.0384634   0.564823
 -0.470441  -0.881113  0.0482227    1.41267
         0          0          0          1

-0.0132302  0.0520872   0.998555   0.376179
 -0.880417   0.472806 -0.0363277   0.565321
 -0.474015  -0.879626  0.0396031    1.41625
         0          0          0          1

-0.0141364  0.0491608   0.998691    0.37667
 -0.879664   0.474247 -0.0357965   0.566735
 -0.475386  -0.879018  0.0365408    1.41904
         0          0          0          1

-0.0114432  0.0448369   0.998929   0.377477
 -0.879367   0.475108 -0.0313987    0.56825
 -0.476007  -0.878785  0.0339913    1.42369
         0          0          0          1

-0.00977224  0.0445744   0.998958   0.378061
 -0.880659   0.472818 -0.0297126   0.570296
  -0.47365  -0.880032  0.0346344    1.42455
         0          0          0          1

-0.00185014   0.042014   0.999115   0.380796
 -0.887157   0.460987 -0.0210279   0.576474
 -0.461463  -0.886412  0.0364202    1.42989
         0          0          0          1

-0.000367417   0.041572   0.999135   0.381938
 -0.888686   0.458106 -0.0193877   0.578475
 -0.458516  -0.887925  0.0367762    1.43361
         0          0          0          1

0.00255325  0.0406856   0.999169   0.385136
 -0.892737   0.450292 -0.0160544   0.582557
 -0.450571  -0.891954  0.0374712    1.44061
         0          0          0          1

 0.0039507  0.0408258   0.999158    0.38548
 -0.894989   0.445847 -0.0146786   0.584254
 -0.446071  -0.894178     0.0383     1.4432
         0          0          0          1

0.00989324  0.0462823   0.998879   0.391138
 -0.905295   0.424649 -0.0107094    0.59322
 -0.424669  -0.904174  0.0461003     1.4542
         0          0          0          1

  0.0121578   0.0460028    0.998867    0.391395
  -0.907769    0.419389 -0.00826591     0.59426
  -0.419294    -0.90664   0.0468588     1.45866
          0           0           0           1

 0.0177157  0.0479493   0.998693   0.392482
 -0.914358   0.404894 -0.0032201   0.598322
 -0.404519  -0.913105  0.0510159    1.46701
         0          0          0          1

  0.0151129    0.051378    0.998565    0.396522
  -0.918122    0.396244 -0.00649202    0.602795
  -0.396009   -0.916707   0.0531597      1.4699
          0           0           0           1

  0.0169019   0.0540348    0.998396    0.401365
  -0.930109    0.367261 -0.00413095    0.613011
  -0.366895   -0.928547   0.0564657     1.48504
          0           0           0           1

  0.0174574   0.0549839    0.998335     0.40314
  -0.933517    0.358516 -0.00342151    0.616217
  -0.358107   -0.931903   0.0575871     1.48891
          0           0           0           1

  0.0185332    0.056726    0.998218    0.405988
  -0.940339    0.340232 -0.00187586    0.622313
  -0.339732   -0.938629   0.0596473     1.49821
          0           0           0           1

  0.0186354   0.0601918    0.998013    0.407944
  -0.944396    0.328804 -0.00219645    0.626388
  -0.328282   -0.942478   0.0629722     1.50149
          0           0           0           1

 0.0237206   0.061746    0.99781   0.410559
 -0.949432   0.313956 0.00314243   0.632367
 -0.313074  -0.947428  0.0660709    1.51438
         0          0          0          1

 0.0253208   0.063745   0.997645   0.411764
 -0.952623   0.304118 0.00474637   0.635496
 -0.303099  -0.950499  0.0684254     1.5196
         0          0          0          1

0.0368083 0.0673907  0.997047  0.417755
-0.962221  0.271729 0.0171564  0.647367
 -0.26977 -0.960012 0.0748466   1.54175
        0         0         0         1

0.0413435 0.0668527  0.996906  0.419667
-0.964635  0.262636 0.0223928  0.651224
-0.260327 -0.962576 0.0753468   1.54795
        0         0         0         1

 0.052448 0.0660497  0.996437  0.423077
-0.968945  0.244818  0.034773  0.659512
-0.241649 -0.967317 0.0768388   1.56331
        0         0         0         1

0.0572024 0.0657528  0.996195  0.425796
-0.971086  0.235317 0.0402288  0.664227
-0.231776 -0.969692 0.0773123   1.57055
        0         0         0         1

 0.078039 0.0640822  0.994889  0.436818
-0.978515  0.195947 0.0641334   0.68405
-0.190836 -0.978518 0.0779969   1.59553
        0         0         0         1

0.0875583 0.0632366   0.99415  0.438412
-0.979692  0.186179 0.0744422    0.6886
-0.180383 -0.980479 0.0782539   1.60329
        0         0         0         1

 0.105841 0.0603829  0.992548   0.44389
-0.981718  0.165144 0.0946393  0.699393
-0.158199 -0.984419 0.0767579   1.62074
        0         0         0         1

 0.116106 0.0610382   0.99136  0.445568
-0.982643  0.152446  0.105699  0.704708
-0.144677 -0.986425 0.0776786   1.62765
        0         0         0         1

 0.132973 0.0595266   0.98933  0.452568
-0.984344  0.124449  0.124815  0.717932
-0.115692 -0.990439 0.0751431   1.64339
        0         0         0         1

 0.142022 0.0586948  0.988122  0.455055
-0.984419  0.112925  0.134782  0.724084
-0.103673 -0.991868 0.0738182   1.65179
        0         0         0         1

 0.174408 0.0607441  0.982798  0.464076
-0.983379 0.0619041  0.170685  0.747833
-0.0504711 -0.996232  0.070531   1.67786
        0         0         0         1

 0.180676 0.0576616  0.981851   0.46886
-0.982791 0.0496093  0.177935  0.755748
-0.0384489 -0.997103 0.0656325   1.68691
        0         0         0         1

 0.196715 0.0558412  0.978869  0.474888
-0.980394 0.0228868  0.195715  0.770575
-0.0114742 -0.998177 0.0592485   1.70353
        0         0         0         1

  0.201814  0.0539839   0.977935   0.480533
 -0.979423 0.00975588   0.201582   0.779027
0.00134157  -0.998494   0.054842    1.71229
         0          0          0          1

  0.230561  0.0533248   0.971596   0.493584
 -0.971923 -0.0355901   0.232592   0.806708
 0.0469821  -0.997943  0.0436219    1.74612
         0          0          0          1

  0.238469  0.0534616   0.969677   0.496754
 -0.969316 -0.0482369    0.24104    0.81446
 0.0596606  -0.997404  0.0403181    1.75508
         0          0          0          1

  0.254713  0.0531457   0.965555   0.506365
 -0.962925 -0.0778169   0.258302   0.832466
 0.0888641   -0.99555  0.0313544    1.77394
         0          0          0          1

  0.258004  0.0526761   0.964707   0.514034
  -0.96042 -0.0945479    0.26202   0.843424
  0.105013  -0.994126  0.0261974    1.78121
         0          0          0          1

  0.26379 0.0492168  0.963324  0.528877
-0.954857 -0.128119  0.268018   0.86706
 0.136611 -0.990537 0.0131986   1.79791
        0         0         0         1

  0.275538  0.0498708   0.959996   0.528517
 -0.949647  -0.140839   0.279884   0.873725
  0.149163  -0.988776 0.00855299    1.80662
         0          0          0          1

  0.296919  0.0383331   0.954133   0.546174
 -0.934787  -0.192342   0.298626   0.909375
  0.194967  -0.980579 -0.0212765    1.83857
         0          0          0          1

  0.304521   0.033504   0.951916   0.550012
  -0.93054  -0.202923   0.304825   0.918881
  0.203378  -0.978621 -0.0306174    1.84912
         0          0          0          1

  0.322026  0.0258707   0.946377   0.557466
 -0.919729  -0.228488   0.319204   0.940656
  0.224494  -0.973203 -0.0497849    1.86764
         0          0          0          1

  0.325878  0.0192987   0.945215   0.566221
 -0.915699   -0.24224   0.320647   0.953374
  0.235157  -0.970024 -0.0612688    1.87461
         0          0          0          1

  0.343369    0.01689   0.939049   0.574771
 -0.903592   -0.26676   0.335202   0.974097
  0.256162  -0.963615 -0.0763353    1.89207
         0          0          0          1

 0.353997 0.0142733  0.935138   0.57865
-0.897954 -0.274352  0.344108  0.983066
 0.261469 -0.961523 -0.084303   1.90269
        0         0         0         1

   0.376072 -0.00203292    0.926588    0.606812
  -0.876063   -0.326489    0.354849     1.03046
   0.301799   -0.945199   -0.124564     1.92647
          0           0           0           1

   0.386921 -0.00400322    0.922104    0.608198
  -0.868514   -0.337545    0.362969     1.03927
   0.309798   -0.941301    -0.13408     1.93397
          0           0           0           1

  0.404944 -0.0146403   0.914224   0.619918
 -0.855267  -0.359635    0.37307    1.06212
  0.323325  -0.932978  -0.158153    1.95043
         0          0          0          1

  0.414168 -0.0171515   0.910039   0.624221
 -0.847875  -0.370882   0.378886    1.07391
  0.331018  -0.928522   -0.16815    1.95599
         0          0          0          1

   0.44139 -0.0347112   0.896644   0.648397
 -0.825799  -0.406635   0.390773    1.11641
  0.351042  -0.912931  -0.208149    1.97899
         0          0          0          1

  0.451499 -0.0380111   0.891462   0.653447
 -0.820745  -0.409635   0.398217    1.12583
  0.350037  -0.911457  -0.216147    1.98758
         0          0          0          1

  0.468826 -0.0477423   0.881999   0.668525
 -0.806457  -0.430467   0.405371    1.15092
  0.360318  -0.901343  -0.240316     1.9959
         0          0          0          1

  0.475123 -0.0495574   0.878522     0.6747
 -0.801307  -0.436869    0.40872    1.16309
  0.363545  -0.898159  -0.247278    2.00103
         0          0          0          1

  0.491377 -0.0517212    0.86941   0.684306
 -0.787134   -0.45364   0.417889    1.18825
  0.372786  -0.889683   -0.26362    2.00835
         0          0          0          1

  0.500286 -0.0502969   0.864398   0.686047
 -0.779491  -0.460799   0.424332    1.19775
  0.376972  -0.886078  -0.269737    2.01228
         0          0          0          1

