 -0.26126 -0.421566  0.868346  0.484094
-0.914038  0.397221 -0.082164   1.05386
-0.310287 -0.815167 -0.489105   2.00793
        0         0         0         1

 -0.244851  -0.424677   0.871606   0.477826
 -0.910743   0.409087 -0.0565239    1.02995
 -0.332558  -0.807649  -0.486938    2.00081
         0          0          0          1

 -0.237987  -0.417517    0.87695   0.476992
 -0.911649   0.407485 -0.0533999       1.02
 -0.335049   -0.81218  -0.477605     1.9804
         0          0          0          1

 -0.226041  -0.413322   0.882083    0.47324
 -0.908452   0.416281 -0.0377397   0.999929
 -0.351596  -0.809861   -0.46958    1.96763
         0          0          0          1

 -0.216051  -0.411635   0.885369   0.469454
 -0.903749   0.427509 -0.0217738   0.983506
 -0.369541  -0.804856  -0.464378    1.96008
         0          0          0          1

 -0.200912  -0.416371   0.886718   0.463954
 -0.893966   0.448065 0.00784129   0.947153
 -0.400573  -0.791121  -0.462244    1.93408
         0          0          0          1

-0.191621 -0.408053  0.892622  0.465151
-0.890528  0.454623 0.0166543  0.935709
-0.412603 -0.791714 -0.450498   1.91829
        0         0         0         1

-0.179183 -0.390102  0.903169  0.462918
-0.890336  0.454871 0.0198332  0.923875
-0.418562  -0.80057 -0.428827    1.8913
        0         0         0         1

-0.174742 -0.388337  0.904798  0.463729
-0.886004  0.462859 0.0275455   0.91145
-0.429491 -0.796841 -0.424949   1.88232
        0         0         0         1

-0.150421 -0.378477  0.913306  0.454424
-0.878485  0.474918 0.0521217  0.878539
-0.453473 -0.794486 -0.403924   1.84788
        0         0         0         1

-0.152959 -0.378749  0.912772  0.460845
-0.873233  0.484236 0.0545972  0.869327
-0.462675 -0.788711 -0.404804    1.8372
        0         0         0         1

-0.140867 -0.375191  0.916181  0.456299
-0.866911  0.493681 0.0688796  0.852354
-0.478145 -0.784545 -0.394801      1.82
        0         0         0         1

-0.136395 -0.371468  0.918373  0.456931
-0.862931  0.499871 0.0740293  0.843294
-0.486567 -0.782394 -0.388731   1.80358
        0         0         0         1

-0.127924  -0.37291  0.919007  0.454438
-0.855559  0.510184 0.0879276  0.828185
-0.501652 -0.775017 -0.384311   1.78834
        0         0         0         1

-0.124312 -0.375843  0.918308  0.455403
-0.848119  0.520613 0.0982643  0.817525
-0.515015 -0.766619 -0.383478   1.77728
        0         0         0         1

-0.118265 -0.385312  0.915176  0.454957
-0.831779   0.54184   0.12064  0.792199
-0.542363 -0.746957 -0.384575   1.75043
        0         0         0         1

-0.115057 -0.386705  0.914998  0.457111
-0.826787  0.547857  0.127576  0.784406
-0.550622  -0.74183 -0.382757   1.73527
        0         0         0         1

-0.108709 -0.391877  0.913573  0.454721
 -0.81782  0.557702  0.141911  0.770521
-0.565113 -0.731711 -0.381112   1.72073
        0         0         0         1

-0.105505  -0.39189  0.913943  0.454889
-0.812009  0.564487  0.148309   0.76241
 -0.57403 -0.726482 -0.377774   1.70771
        0         0         0         1

-0.102912 -0.393811  0.913412  0.460265
-0.796719  0.582416   0.16134  0.746332
-0.595524 -0.711129 -0.373695    1.6788
        0         0         0         1

-0.100363 -0.393228  0.913947  0.460948
 -0.79211  0.587438  0.165763   0.74046
 -0.60207  -0.70731 -0.370437   1.66775
        0         0         0         1

-0.0964669 -0.394861  0.913662  0.462592
-0.785212  0.594297  0.173935  0.731775
-0.611666  -0.70064  -0.36738   1.65108
        0         0         0         1

-0.0939026 -0.395215  0.913777  0.463615
-0.777199  0.602718  0.180812  0.724918
-0.622209 -0.693207 -0.363757   1.64224
        0         0         0         1

-0.0818831 -0.394132  0.915399  0.461243
-0.770607  0.607501  0.192633  0.715454
-0.632028  -0.68964 -0.353465   1.62558
        0         0         0         1

-0.0811336 -0.390634  0.916964  0.465474
-0.765015  0.614119  0.193931  0.712227
-0.638881 -0.685757 -0.348667   1.61362
        0         0         0         1

-0.0727014 -0.395578   0.91555  0.466198
-0.747557  0.629278  0.212528  0.697042
-0.660207 -0.668975 -0.341467   1.59286
        0         0         0         1

-0.0708748 -0.395858  0.915573  0.467978
-0.743538  0.632829  0.216053  0.693319
-0.664928  -0.66545 -0.339187   1.58206
        0         0         0         1

-0.0645049 -0.400634  0.913965  0.465473
-0.735969  0.637626  0.227559   0.68488
-0.673935 -0.657971 -0.335984   1.57119
        0         0         0         1

-0.0616673  -0.40265  0.913274  0.466266
-0.729838  0.642352  0.233923  0.680369
-0.680833 -0.652117 -0.333482    1.5633
        0         0         0         1

 -0.06218 -0.408698  0.910549  0.470008
-0.717808  0.652191  0.243717  0.671953
-0.693459 -0.638445  -0.33392    1.5431
        0         0         0         1

-0.0600434  -0.41119   0.90957   0.47013
-0.712816  0.655548  0.249299  0.668298
-0.698776 -0.633388 -0.332464   1.53555
        0         0         0         1

-0.0616383 -0.414889  0.907782  0.472788
-0.704728  0.662153  0.254777  0.664393
-0.706795 -0.624036 -0.333198   1.52841
        0         0         0         1

-0.0610735 -0.416564  0.907052  0.474768
-0.700433  0.665306  0.258381  0.662275
  -0.7111 -0.619549 -0.332408   1.52137
        0         0         0         1

-0.0570606 -0.421267   0.90514  0.474636
-0.695492   0.66721  0.266687  0.657528
-0.716265   -0.6143 -0.331059   1.51268
        0         0         0         1

-0.0549648 -0.424063  0.903963  0.475138
-0.692405  0.668481  0.271494   0.65558
-0.719413 -0.610986 -0.330366   1.50634
        0         0         0         1

-0.048984 -0.431272  0.900891  0.476247
-0.683596  0.672097  0.284575  0.648491
-0.728215 -0.601906 -0.327738   1.49348
        0         0         0         1

-0.0473997 -0.433442  0.899934  0.476475
-0.681492  0.672724  0.288115  0.646094
-0.730289 -0.599641 -0.327274   1.48874
        0         0         0         1

-0.0435703 -0.432617  0.900524  0.477273
-0.678734  0.674239  0.291069  0.644198
 -0.73309 -0.598535 -0.323009    1.4822
        0         0         0         1

-0.0396059 -0.432084  0.900963  0.478092
 -0.67821   0.67379  0.293322  0.642719
  -0.7338 -0.599425  -0.31973   1.47685
        0         0         0         1

-0.0349914  -0.43389  0.900286    0.4788
-0.675372  0.674272  0.298714   0.64022
-0.736647 -0.597575 -0.316631   1.47222
        0         0         0         1

-0.0327623 -0.435829  0.899433  0.479437
-0.672092  0.675671  0.302921  0.638085
-0.739742 -0.594578 -0.315054   1.46972
        0         0         0         1

-0.0228318 -0.439574  0.897916  0.479274
-0.670539  0.672905   0.31237  0.634261
-0.741522 -0.594956 -0.310116   1.46109
        0         0         0         1

-0.0217665 -0.438379  0.898527  0.481147
-0.668786  0.674429  0.312844  0.634267
-0.743137 -0.594112 -0.307861   1.45824
        0         0         0         1

-0.016018 -0.438532  0.898573  0.480857
-0.668445  0.673037  0.316547  0.632565
-0.743589 -0.595576 -0.303915    1.4539
        0         0         0         1

-0.0131307 -0.437517  0.899114  0.481858
-0.667034  0.673709  0.318092  0.632534
-0.744912 -0.595563 -0.300685   1.45157
        0         0         0         1

-0.00740558 -0.433068  0.901331  0.485005
-0.666433  0.674142  0.318433  0.633013
-0.745528 -0.598318 -0.293603   1.44534
        0         0         0         1

-0.00162127 -0.429733  0.902954  0.483315
-0.668089  0.672337  0.318778  0.632202
 -0.74408 -0.602737  -0.28819   1.44196
        0         0         0         1

0.000785673 -0.427136  0.904187  0.484676
-0.668729  0.672044  0.318054  0.632534
-0.743506 -0.604906  -0.28511     1.442
        0         0         0         1

0.0071426 -0.421531  0.906786  0.483954
-0.671112  0.670234  0.316853  0.631831
-0.741322 -0.610818 -0.278107   1.43921
        0         0         0         1

0.0101764 -0.422551  0.906282  0.484067
-0.672347  0.667977  0.318992  0.631506
-0.740166 -0.612582 -0.277303   1.43981
        0         0         0         1

0.0129095 -0.424555   0.90531  0.484406
-0.674382  0.664777  0.321371  0.631438
-0.738269 -0.614674  -0.27773   1.43937
        0         0         0         1

0.0214253 -0.420432  0.907071  0.485638
-0.679097  0.659736  0.321832  0.631994
-0.733736 -0.622884 -0.271379   1.43701
        0         0         0         1

0.0256981 -0.422169  0.906153  0.484938
-0.680534  0.656595  0.325202  0.631455
-0.732266 -0.625025 -0.270427   1.43638
        0         0         0         1

0.0295877 -0.423132  0.905585   0.48472
 -0.68168  0.654068  0.327883  0.631259
-0.731052 -0.627021 -0.269088   1.43604
        0         0         0         1

0.0304304 -0.424681  0.904832  0.484944
-0.683023  0.652089  0.329027  0.631865
-0.729763 -0.628033 -0.270223   1.43574
        0         0         0         1

0.0296109 -0.431472   0.90164  0.485891
-0.683903  0.649102  0.333082   0.63312
-0.728972 -0.626497 -0.275865    1.4361
        0         0         0         1

0.0319994   -0.4362   0.89928  0.484781
 -0.68405  0.646449  0.337904  0.632616
-0.728733 -0.625966 -0.277697   1.43626
        0         0         0         1

0.0323295 -0.441531  0.896663  0.484651
-0.683876  0.644473  0.342006  0.632713
-0.728881 -0.624264 -0.281117   1.43661
        0         0         0         1

0.0335401 -0.447128  0.893841  0.484431
-0.684098  0.641731  0.346685  0.632766
-0.728618 -0.623103 -0.284356    1.4364
        0         0         0         1

0.0327194 -0.454659  0.890065  0.484446
-0.683469  0.639594  0.351839  0.633156
-0.729246 -0.619843 -0.289818    1.4367
        0         0         0         1

0.0324555 -0.457869  0.888427  0.484471
-0.682793  0.638981  0.354255  0.633586
 -0.72989  -0.61811 -0.291891   1.43681
        0         0         0         1

 0.027559 -0.467127  0.883761   0.48552
-0.680249   0.63905  0.358993  0.634955
-0.732462 -0.611071 -0.300151   1.43809
        0         0         0         1

0.0273591 -0.469557  0.882478  0.486427
-0.679924  0.638399  0.360764  0.635829
-0.732772 -0.609888 -0.301797   1.43815
        0         0         0         1

0.0280566 -0.477763  0.878041  0.485881
-0.677846  0.636483  0.367986  0.635707
-0.734668 -0.605501 -0.305992   1.43879
        0         0         0         1

0.0253032 -0.481446   0.87611  0.485989
-0.675268  0.637997  0.370099  0.635945
-0.737138 -0.600974 -0.308962   1.44019
        0         0         0         1

0.0206719  -0.49188  0.870417  0.484961
-0.669162  0.640041  0.377585  0.635834
-0.742829 -0.590255 -0.315916   1.44271
        0         0         0         1

0.0162396 -0.495163  0.868648  0.485058
-0.667277  0.641627  0.378227  0.636154
-0.744633 -0.585771 -0.319991   1.44359
        0         0         0         1

0.0136642 -0.501955  0.864786   0.48389
-0.663329  0.642606  0.383474  0.636459
-0.748204 -0.578877  -0.32418   1.44543
        0         0         0         1

0.00930668 -0.503265  0.864082  0.484704
-0.661828   0.64467  0.382601  0.637746
-0.749598 -0.575435 -0.327075   1.44616
        0         0         0         1

0.00362601 -0.504846  0.863202  0.485828
-0.657781  0.648968  0.382314  0.639292
  -0.7532 -0.569184 -0.329725   1.44917
        0         0         0         1

0.00207016 -0.511733  0.859142  0.484778
-0.656108  0.647671  0.387355  0.639727
-0.754664 -0.564492 -0.334412   1.45094
        0         0         0         1

-0.00855525 -0.520938  0.853552  0.485485
-0.655781  0.647318  0.388497  0.643179
-0.754903 -0.556419 -0.347159   1.45507
        0         0         0         1

-0.0191637 -0.525792  0.850397  0.485223
 -0.65341  0.650371  0.387393  0.644014
-0.756762 -0.548234 -0.356021    1.4606
        0         0         0         1

-0.0284889 -0.530569  0.847163  0.483055
-0.656386  0.649114  0.384459  0.645394
-0.753887 -0.545113  -0.36675   1.46438
        0         0         0         1

-0.0406322 -0.531544  0.846056  0.482864
-0.658027  0.651435  0.377669  0.647199
-0.751898 -0.541382 -0.376239   1.46968
        0         0         0         1

-0.0691645 -0.530511  0.844851  0.480829
-0.666666  0.654592  0.356464  0.652466
-0.742141 -0.538579 -0.398948   1.48103
        0         0         0         1

-0.0806542 -0.529248  0.844625  0.478966
-0.671633   0.65498   0.34628  0.654111
-0.736481 -0.539349 -0.408287   1.48741
        0         0         0         1

-0.0963669 -0.527083  0.844332  0.478178
-0.679633  0.654594  0.331068  0.657622
-0.727195 -0.541932 -0.421304   1.49484
        0         0         0         1

-0.103615 -0.525033  0.844751  0.476303
-0.686217   0.65254    0.3214  0.659969
-0.719979 -0.546381   -0.4279   1.50037
        0         0         0         1

-0.118022 -0.523625  0.843734   0.47657
-0.694292  0.650984  0.306885  0.664798
 -0.70995 -0.549579 -0.440379   1.51028
        0         0         0         1

-0.121345 -0.524306   0.84284  0.474477
-0.699996  0.647223  0.301839  0.667267
-0.703762 -0.553358  -0.44555    1.5182
        0         0         0         1

-0.121818 -0.527964  0.840484  0.470012
-0.718592  0.631044  0.292249  0.674712
 -0.68468 -0.568364 -0.456264   1.53904
        0         0         0         1

-0.120856 -0.529769  0.839487   0.46874
-0.727399  0.622732  0.288264  0.678358
-0.675489 -0.575803 -0.460614   1.54755
        0         0         0         1

-0.121383 -0.528429  0.840255  0.469511
-0.739885  0.612472  0.278295  0.686029
-0.661692 -0.587912 -0.465321   1.55909
        0         0         0         1

-0.116665 -0.527078  0.841771  0.465378
-0.749699  0.602644  0.273444  0.689449
-0.651415 -0.599173 -0.465457   1.56918
        0         0         0         1

-0.105485 -0.517483  0.849167  0.457658
-0.774463   0.57839  0.256266  0.700375
-0.623762 -0.630616 -0.461783   1.59569
        0         0         0         1

-0.0995345 -0.509699  0.854576  0.454208
-0.787727  0.565085  0.245288  0.706641
-0.607931 -0.648757 -0.457749   1.60424
        0         0         0         1

-0.0950407 -0.501644  0.859838  0.450756
-0.801796  0.550496  0.232544  0.714396
-0.589991 -0.667314 -0.454536   1.61983
        0         0         0         1

-0.0877637 -0.493401  0.865363  0.446997
  -0.8114  0.539353   0.22523  0.720016
-0.577865 -0.682388 -0.447682   1.63207
        0         0         0         1

-0.0818759 -0.487402  0.869331  0.442283
-0.826268  0.520939  0.214251  0.728452
-0.557295 -0.700758 -0.445377    1.6496
        0         0         0         1

-0.0799886 -0.478224  0.874588  0.441036
-0.836868  0.508882  0.201718  0.737528
-0.541528  -0.71578 -0.440916   1.66234
        0         0         0         1

-0.0673497 -0.465661  0.882397  0.434559
-0.863978  0.469546  0.181846  0.757877
-0.499005 -0.750124 -0.433945   1.69447
        0         0         0         1

-0.0672544 -0.463646  0.883465  0.434468
-0.874137  0.454259  0.171853  0.768373
-0.481001 -0.760711 -0.435841   1.70868
        0         0         0         1

-0.0654711 -0.459555  0.885733  0.431913
 -0.88869  0.430538  0.157692  0.781487
 -0.45381 -0.776818  -0.43659   1.72417
        0         0         0         1

-0.0614833 -0.458792  0.886414  0.428112
-0.897877  0.413306  0.151642  0.791164
-0.435933 -0.786567  -0.43735   1.73848
        0         0         0         1

-0.0635691 -0.464034  0.883534  0.425171
-0.919314  0.371747  0.129099  0.819291
-0.388357 -0.804038 -0.450224   1.77647
        0         0         0         1

-0.0617272 -0.468753   0.88117  0.421493
-0.925813  0.356742   0.12492  0.829136
-0.372907 -0.808088 -0.455999   1.79387
        0         0         0         1

-0.0627766 -0.472768  0.878948  0.418845
-0.935647  0.334353  0.113016  0.843634
-0.347309  -0.81529 -0.463334   1.81361
        0         0         0         1

-0.0658682 -0.479678  0.874969  0.419466
-0.941153  0.321181  0.105228  0.855461
-0.331499 -0.816549 -0.472606   1.83347
        0         0         0         1

-0.0680368 -0.487519  0.870457  0.415716
-0.948273  0.302766 0.0954519  0.870184
 -0.31008 -0.818937 -0.482901   1.85687
        0         0         0         1

-0.0804112 -0.489862  0.868084  0.422952
-0.954841  0.287769  0.073941  0.889096
-0.286028 -0.822936  -0.49088    1.8686
        0         0         0         1

-0.0808449 -0.495974  0.864566  0.416848
-0.965874   0.25313 0.0548945  0.918503
-0.246074 -0.830623 -0.499512   1.90753
        0         0         0         1

-0.0914714  -0.50324  0.859292  0.421362
-0.969799  0.240948 0.0378752  0.935604
-0.226105 -0.829876 -0.510081   1.92203
        0         0         0         1

-0.0981585 -0.503492  0.858406   0.42173
-0.973381   0.22809 0.0224789  0.954461
-0.207112 -0.833349 -0.512478   1.94512
        0         0         0         1

-0.102793 -0.507671  0.855397  0.422938
-0.976352  0.215917  0.010817   0.96887
-0.190186 -0.834056 -0.517861   1.96202
        0         0         0         1

 -0.110155  -0.502825    0.85734   0.419003
  -0.98258   0.184988 -0.0177524    1.00502
 -0.149671  -0.844361  -0.514444    1.99586
         0          0          0          1

 -0.119704  -0.507447   0.853328   0.421804
 -0.984642   0.170703 -0.0366126    1.02369
 -0.127087  -0.844605  -0.520088    2.00918
         0          0          0          1

 -0.121142   -0.50804   0.852772   0.417565
 -0.986746   0.155079 -0.0477849    1.04088
 -0.107971  -0.847258  -0.520093    2.02728
         0          0          0          1

-0.136039 -0.515673  0.845916   0.42681
-0.986316  0.150764 -0.066712   1.05947
-0.0931323 -0.843416 -0.529127   2.04644
        0         0         0         1

-0.144591 -0.516103  0.844234  0.427123
 -0.98634  0.143219 -0.081376   1.07872
-0.0789117 -0.844468 -0.529761   2.06693
        0         0         0         1

 -0.153145  -0.518163    0.84146   0.426138
 -0.986065   0.136119 -0.0956424    1.09477
-0.0649802  -0.844381  -0.531788    2.08183
         0          0          0          1

-0.188381  -0.53375  0.824393  0.437747
-0.982027  0.112337  -0.15167   1.14458
-0.0116563 -0.838148 -0.545319   2.10787
        0         0         0         1

 -0.20632 -0.539232  0.816493  0.444183
-0.978472  0.109414 -0.174991    1.1635
0.00502487  -0.83502 -0.550197   2.12186
        0         0         0         1

-0.214343 -0.550726  0.806696  0.440674
-0.976484  0.101232 -0.190346   1.18338
0.0231647 -0.828525 -0.559473   2.14055
        0         0         0         1

-0.225333 -0.563541  0.794762    0.4392
 -0.97369  0.101819 -0.203866   1.19724
0.0339647 -0.819789 -0.571658   2.15824
        0         0         0         1

