 0.494529 -0.394738  0.774354   1.64267
-0.868682 -0.254041  0.425269   1.06815
0.0288475 -0.882975 -0.468532   1.92734
        0         0         0         1

 0.484615 -0.375806  0.789885   1.64223
-0.874691 -0.216409  0.433685   1.03102
0.00795707 -0.901076 -0.433589   1.92563
        0         0         0         1

 0.482088 -0.367975  0.795101   1.64418
-0.876121 -0.200563  0.438392   1.01633
-0.00184953 -0.907948 -0.419079   1.92241
        0         0         0         1

 0.473404 -0.356082  0.805664   1.64867
-0.880744 -0.177487  0.439076  0.997088
-0.0133517 -0.917444  -0.39764   1.91742
        0         0         0         1

 0.478382 -0.336813  0.810992   1.64064
-0.878032 -0.168162  0.448087  0.987214
-0.0145436 -0.926433 -0.376178   1.91233
        0         0         0         1

 0.461608 -0.305621  0.832775   1.64697
-0.886604 -0.128081  0.444441  0.954076
-0.0291682 -0.943499 -0.330088   1.90319
        0         0         0         1

 0.455722 -0.291173  0.841152   1.64617
-0.889452 -0.112287  0.443021  0.940705
-0.0345457 -0.950058 -0.310156   1.89973
        0         0         0         1

  0.448292  -0.274899   0.850567    1.64449
 -0.892976 -0.0947643   0.440016    0.92492
-0.0403565  -0.956792   -0.28796    1.89626
         0          0          0          1

  0.439988  -0.264298   0.858229    1.64277
 -0.896909 -0.0821702   0.434513    0.91274
  -0.04432  -0.960934  -0.273205    1.89225
         0          0          0          1

  0.426805  -0.260246   0.866089    1.64166
  -0.90304 -0.0712383   0.423608   0.899788
-0.0485437  -0.962911  -0.265418    1.88378
         0          0          0          1

  0.413395  -0.260953   0.872358      1.643
 -0.909071 -0.0636632   0.411749   0.889738
  -0.05191   -0.96325  -0.263543    1.87613
         0          0          0          1

   0.38747  -0.262323   0.883772    1.64158
 -0.918623 -0.0293298   0.394044   0.861829
 -0.077446  -0.964534  -0.252341    1.86777
         0          0          0          1

  0.377353  -0.263448   0.887806    1.64039
 -0.921571 -0.0124504    0.38801    0.85017
-0.0911669  -0.964593  -0.247484    1.86508
         0          0          0          1

  0.365644  -0.266015   0.891931    1.64114
 -0.924373 0.00823389     0.3814   0.836389
 -0.108802  -0.963934  -0.242887    1.86068
         0          0          0          1

 0.359518 -0.268252  0.893749   1.64088
-0.925425 0.0203935  0.378381  0.826515
-0.119728 -0.963133 -0.240915   1.85339
        0         0         0         1

 0.347881 -0.262454  0.900054   1.64271
-0.925736 0.0556946  0.374047  0.804242
-0.148298 -0.963336 -0.223588   1.83911
        0         0         0         1

 0.350159 -0.253474  0.901743   1.64101
 -0.92335 0.0684902  0.377801  0.795635
-0.157523 -0.964914 -0.210063   1.83242
        0         0         0         1

 0.349249 -0.242722  0.905048   1.64232
-0.920982 0.0890751  0.379286  0.783397
-0.172678 -0.965998 -0.192433   1.82698
        0         0         0         1

 0.348982 -0.235022   0.90718   1.64377
-0.919567  0.100654  0.379823  0.775961
-0.180578 -0.966764 -0.180992   1.81784
        0         0         0         1

 0.348199 -0.225049  0.910006   1.64598
-0.918358  0.112882  0.379311  0.766438
-0.188087 -0.967787  -0.16737   1.80655
        0         0         0         1

 0.348383 -0.214361  0.912512   1.64666
-0.916351  0.127031   0.37969   0.75814
-0.197308 -0.968459 -0.152175   1.80043
        0         0         0         1

 0.348895 -0.196345  0.916363   1.64699
-0.912483  0.151747  0.379932  0.741427
-0.213653 -0.968722 -0.126218   1.78463
        0         0         0         1

 0.345342 -0.189924  0.919058   1.64856
-0.912106  0.162596   0.37633  0.733935
-0.220909 -0.968241  -0.11708   1.77735
        0         0         0         1

 0.342245 -0.183876  0.921444     1.648
 -0.91076  0.176229  0.373443  0.725487
-0.231052 -0.967023 -0.107153   1.77005
        0         0         0         1

 0.337348 -0.181221  0.923772   1.64952
 -0.91108  0.184112  0.368831  0.718864
-0.236917 -0.966055 -0.102997    1.7625
        0         0         0         1

  0.327306  -0.177487     0.9281    1.65069
 -0.910176    0.20467   0.360125   0.704895
 -0.253872  -0.962605 -0.0945546    1.74517
         0          0          0          1

  0.326327  -0.173794   0.929143    1.65068
 -0.908756   0.212832   0.358977   0.699613
 -0.260139  -0.961508 -0.0884838    1.73849
         0          0          0          1

  0.321527  -0.172284   0.931095    1.65322
 -0.907113   0.225999   0.355063   0.691895
 -0.271598  -0.958771 -0.0836168    1.72947
         0          0          0          1

  0.320183  -0.169268   0.932111    1.65451
 -0.905641    0.23406   0.353596    0.68688
 -0.278022  -0.957374 -0.0783544    1.72155
         0          0          0          1

  0.321913  -0.165159   0.932253    1.65501
 -0.902791   0.243072   0.354802   0.680984
 -0.285203  -0.955845 -0.0708559    1.71244
         0          0          0          1

  0.322209   -0.16282   0.932562    1.65651
 -0.899736   0.253654   0.355154   0.674998
 -0.294374  -0.953493 -0.0647651    1.70727
         0          0          0          1

 0.327028 -0.164029   0.93067   1.65855
-0.892009  0.271612  0.361314  0.664227
-0.312047 -0.948326 -0.057491   1.69104
        0         0         0         1

  0.327053  -0.166353   0.930249    1.66102
 -0.890042   0.276597    0.36238   0.660009
 -0.317587  -0.946478 -0.0575991    1.68283
         0          0          0          1

  0.329888  -0.167936   0.928963    1.66137
 -0.886586   0.282886   0.365979   0.655581
 -0.324251  -0.944337 -0.0555692    1.67382
         0          0          0          1

  0.332744  -0.166302   0.928238    1.66188
 -0.883455   0.289308   0.368523   0.651562
 -0.329833  -0.942679 -0.0506548    1.66856
         0          0          0          1

  0.332597  -0.168461   0.927901    1.66403
 -0.880876   0.295897   0.369462    0.64675
 -0.336803  -0.940248 -0.0499789    1.65961
         0          0          0          1

 0.333593 -0.167924  0.927641   1.66514
-0.878064  0.302783  0.370575  0.642889
-0.343102 -0.938149 -0.046442   1.65411
        0         0         0         1

  0.332091    -0.1673   0.928292    1.66919
 -0.873866   0.315894   0.369552    0.63416
 -0.355068  -0.933928 -0.0412922     1.6397
         0          0          0          1

  0.332052  -0.164929    0.92873    1.67039
 -0.871574   0.322853   0.368951   0.630736
 -0.360694  -0.931968 -0.0365435    1.63438
         0          0          0          1

  0.334706  -0.162163   0.928264    1.66991
 -0.869185   0.327377   0.370595   0.628418
 -0.363989  -0.930874 -0.0313747    1.62686
         0          0          0          1

  0.333624   -0.15851   0.929284    1.67187
 -0.868171   0.332505     0.3684    0.62472
 -0.367387  -0.929685 -0.0266823    1.62104
         0          0          0          1

   0.33263  -0.150034   0.931046    1.67407
 -0.865669   0.343093   0.364561   0.618373
 -0.374132  -0.927242 -0.0157563    1.60939
         0          0          0          1

  0.329557  -0.147894    0.93248    1.67691
 -0.865506   0.347278   0.360966   0.615056
 -0.377215  -0.926026 -0.0135556    1.60457
         0          0          0          1

   0.32834   -0.14519   0.933334    1.67829
 -0.865719   0.348952   0.358837    0.61224
 -0.377789  -0.925825 -0.0111191    1.59814
         0          0          0          1

   0.325255    -0.14263    0.934808     1.67993
  -0.866146    0.351767    0.355036    0.609507
  -0.379473   -0.925158 -0.00912445     1.59375
          0           0           0           1

   0.32235  -0.142565   0.935823      1.682
 -0.867034   0.352305   0.352326   0.606816
 -0.379924  -0.924963 -0.0100433    1.58701
         0          0          0          1

   0.321602   -0.139994    0.936469     1.68257
  -0.866938    0.354187    0.350671    0.604902
  -0.380777   -0.924637 -0.00745885     1.58398
          0           0           0           1

   0.321115   -0.137573    0.936994     1.68416
  -0.866415    0.356798    0.349314    0.600213
  -0.382374   -0.923996 -0.00462182     1.57474
          0           0           0           1

   0.319418    -0.13458    0.938009     1.68674
  -0.866771    0.358571    0.346605    0.597491
  -0.382988   -0.923751 -0.00211629     1.57143
          0           0           0           1

   0.319026   -0.131467    0.938583     1.68828
  -0.866713    0.360206    0.345051     0.59494
  -0.383446   -0.923563 0.000971593     1.56766
          0           0           0           1

   0.32012  -0.128648   0.938602    1.68877
 -0.866698   0.360309   0.344982   0.593724
 -0.382568  -0.923919 0.00384372    1.56438
         0          0          0          1

  0.316039  -0.125413   0.940421    1.69361
 -0.869507   0.358281   0.339987   0.589675
 -0.379574  -0.925152 0.00418324    1.55497
         0          0          0          1

  0.315348  -0.125193   0.940682    1.69358
 -0.870189   0.357306   0.339269   0.588778
 -0.378585  -0.925559 0.00373405    1.55206
         0          0          0          1

  0.312022    -0.1253   0.941776    1.69603
  -0.87197   0.355827   0.336236   0.586757
  -0.37724  -0.926114 0.00176788    1.54836
         0          0          0          1

  0.309361  -0.124593   0.942747    1.69669
  -0.87307     0.3557   0.333506    0.58527
 -0.376888  -0.926258 0.00126117    1.54609
         0          0          0          1

    0.305298    -0.124795     0.944044      1.69861
   -0.874577     0.355435     0.329819     0.582711
   -0.376706    -0.926333 -0.000628833      1.54165
           0            0            0            1

   0.300889   -0.125839     0.94532     1.70031
  -0.876345    0.354489    0.326124    0.581206
  -0.376144   -0.926554 -0.00361655     1.53855
          0           0           0           1

   0.299503   -0.126861    0.945624     1.70035
  -0.876989    0.353727    0.325219    0.580234
   -0.37575   -0.926706 -0.00531329     1.53628
          0           0           0           1

   0.297103   -0.128721    0.946129     1.70087
  -0.878121    0.352326    0.323681    0.579624
   -0.37501   -0.926983 -0.00835571     1.53367
          0           0           0           1

  0.291688  -0.129997   0.947639     1.7028
 -0.879591   0.352801    0.31914    0.57745
 -0.375815  -0.926624 -0.0114364    1.53233
         0          0          0          1

  0.290558  -0.131717   0.947748    1.70215
  -0.88041    0.35114   0.318714   0.577374
 -0.374772  -0.927012 -0.0139384    1.53021
         0          0          0          1

  0.283958  -0.135134   0.949266    1.70363
  -0.88285   0.349407   0.313831   0.574775
  -0.37409  -0.927175 -0.0200866    1.52735
         0          0          0          1

  0.282651  -0.136069   0.949523     1.7035
 -0.883335   0.348967   0.312957   0.574085
 -0.373936  -0.927204 -0.0215586    1.52657
         0          0          0          1

 0.280112 -0.137148   0.95012   1.70401
-0.883804  0.349515  0.311013  0.572621
-0.374736 -0.926839 -0.023308   1.52523
        0         0         0         1

  0.277516  -0.138552   0.950678     1.7052
 -0.884454   0.349545   0.309127   0.571372
 -0.375135  -0.926618 -0.0255385    1.52388
         0          0          0          1

  0.275958  -0.141464   0.950702    1.70555
 -0.883867   0.351287   0.308829   0.569162
 -0.377658  -0.925519 -0.0280952      1.522
         0          0          0          1

  0.277307  -0.142695   0.950126    1.70447
 -0.883042   0.351831   0.310567   0.568778
   -0.3786  -0.925123 -0.0284403    1.52145
         0          0          0          1

  0.276262  -0.146867   0.949794    1.70477
 -0.882904   0.351635   0.311179   0.567756
 -0.379683  -0.924545 -0.0325258    1.52033
         0          0          0          1

  0.276066  -0.150612   0.949265    1.70405
 -0.882567   0.351381    0.31242   0.567418
 -0.380608  -0.924038 -0.0359204    1.51996
         0          0          0          1

  0.272405  -0.158307    0.94907    1.70374
  -0.88301   0.350694   0.311941   0.566727
 -0.382216  -0.923013 -0.0442556    1.51882
         0          0          0          1

  0.268365  -0.162478   0.949516    1.70392
 -0.883634   0.351012   0.309809    0.56582
 -0.383629  -0.922167 -0.0493717    1.51881
         0          0          0          1

  0.263596  -0.170248   0.949491    1.70259
 -0.884801   0.349408   0.308288   0.564643
 -0.384245  -0.921374 -0.0585333    1.51799
         0          0          0          1

  0.261477  -0.171227   0.949901    1.70239
 -0.884831   0.350661   0.306774   0.563937
 -0.385621  -0.920716 -0.0598168    1.51816
         0          0          0          1

   0.26499  -0.172641    0.94867    1.70054
 -0.883418   0.350847   0.310611   0.563886
 -0.386462  -0.920381 -0.0595427    1.51865
         0          0          0          1

  0.264088  -0.173244   0.948812    1.70037
 -0.883035    0.35226   0.310099   0.563172
 -0.387951  -0.919728 -0.0599531      1.519
         0          0          0          1

   0.26371  -0.177288    0.94817    1.69934
 -0.882285   0.353002    0.31139   0.562286
 -0.389911  -0.918672 -0.0633281    1.51929
         0          0          0          1

  0.263712  -0.180143   0.947631    1.69863
 -0.881922   0.352913   0.312514   0.562137
 -0.390729  -0.918151 -0.0658042    1.51975
         0          0          0          1

  0.263471  -0.185948   0.946576    1.69788
 -0.881251   0.352752   0.314584   0.561867
 -0.392403  -0.917055 -0.0709265    1.52006
         0          0          0          1

   0.26457  -0.190602   0.945343    1.69677
 -0.880708   0.351608   0.317373   0.561879
 -0.392882  -0.916538 -0.0748401    1.52028
         0          0          0          1

  0.263102  -0.196707   0.944502    1.69619
 -0.880524   0.351131   0.318408   0.561483
 -0.394277  -0.915431 -0.0808217    1.52038
         0          0          0          1

  0.263818  -0.198894   0.943844     1.6952
 -0.879916   0.351241   0.319966   0.561389
 -0.395156  -0.914916 -0.0823461    1.52115
         0          0          0          1

  0.268221  -0.202208   0.941897    1.69293
 -0.878048   0.350943   0.325379   0.561569
 -0.396346  -0.914304 -0.0834179    1.52341
         0          0          0          1

  0.270501  -0.202468   0.941188     1.6919
 -0.877478   0.350342   0.327556   0.561858
 -0.396058  -0.914476 -0.0828936    1.52443
         0          0          0          1

  0.271134  -0.202901   0.940913    1.69167
 -0.877349   0.349981   0.328287   0.561949
 -0.395912  -0.914519 -0.0831231     1.5255
         0          0          0          1

 0.272207 -0.203792   0.94041   1.69113
-0.877582  0.348261  0.329491  0.562395
-0.394657 -0.914977 -0.084045   1.52605
        0         0         0         1

  0.273489  -0.204026   0.939988    1.68982
 -0.877972   0.346225   0.330594   0.563236
 -0.392897  -0.915697 -0.0844405    1.52755
         0          0          0          1

  0.272793  -0.203071   0.940397    1.68966
 -0.878625   0.345606   0.329505    0.56341
  -0.39192  -0.916143 -0.0841447    1.52959
         0          0          0          1

  0.272048   -0.20379   0.940457    1.68767
 -0.881013   0.340348   0.328603   0.566039
 -0.387049   -0.91795 -0.0869504    1.53262
         0          0          0          1

  0.270215  -0.204665   0.940795      1.688
 -0.882712   0.337517   0.326957   0.566523
 -0.384451  -0.918801 -0.0894583    1.53417
         0          0          0          1

  0.269347  -0.205115   0.940946     1.6866
 -0.884641   0.333448   0.325917   0.568314
 -0.380607  -0.920185 -0.0916402    1.53705
         0          0          0          1

  0.267596  -0.206108   0.941229    1.68687
 -0.886838   0.329233   0.324227   0.569003
  -0.37671   -0.92148 -0.0946829    1.53895
         0          0          0          1

  0.268763    -0.2058   0.940964    1.68491
 -0.890547   0.319134   0.324161   0.572414
 -0.367006  -0.925095 -0.0975036    1.54444
         0          0          0          1

  0.268952  -0.205554   0.940963     1.6848
 -0.891987   0.315401   0.323853   0.573615
  -0.36335  -0.926428 -0.0985238    1.54739
         0          0          0          1

  0.271692  -0.203323   0.940661    1.68433
 -0.893408   0.310086   0.325068   0.575354
 -0.357779  -0.928712 -0.0974025    1.55158
         0          0          0          1

  0.275169  -0.201881   0.939961    1.68293
 -0.893837   0.306315   0.327455   0.577187
 -0.354032  -0.930277 -0.0961606    1.55564
         0          0          0          1

   0.27833  -0.200645   0.939294    1.68212
  -0.89565    0.29899   0.329266   0.579396
 -0.346906  -0.932923 -0.0964898    1.55933
         0          0          0          1

  0.279069  -0.199599   0.939298    1.68208
 -0.897613   0.293325   0.329015   0.580792
  -0.34119  -0.934944 -0.0973052    1.56283
         0          0          0          1

  0.285785  -0.194498   0.938348    1.67949
 -0.900295   0.280987   0.332438   0.585402
 -0.328322  -0.939796 -0.0948042    1.57435
         0          0          0          1

  0.285627  -0.190893   0.939137    1.67979
 -0.902663   0.275568   0.330547   0.586826
 -0.321894  -0.942137 -0.0936023     1.5797
         0          0          0          1

  0.286242  -0.189619   0.939207    1.67907
 -0.905933   0.265638   0.329731   0.589674
 -0.312012  -0.945241 -0.0957452     1.5851
         0          0          0          1

   0.28407  -0.188222   0.940147    1.67896
 -0.908978   0.259112   0.326527   0.591612
 -0.305063   -0.94733 -0.0974834    1.59065
         0          0          0          1

 0.280943 -0.191659  0.940393   1.67805
-0.916119  0.238446  0.322288  0.597651
-0.286002 -0.952056 -0.108593   1.60452
        0         0         0         1

 0.280382 -0.193254  0.940233    1.6778
-0.919177  0.228188  0.321004  0.600351
-0.276585 -0.954245 -0.113655   1.61091
        0         0         0         1

 0.283104 -0.196429  0.938759    1.6761
-0.921978  0.213907  0.322802   0.60468
-0.264215 -0.956901 -0.120545   1.61871
        0         0         0         1

 0.284609 -0.195917   0.93841   1.67601
-0.924182  0.204034  0.322891   0.60751
-0.254727 -0.959159 -0.122993   1.62689
        0         0         0         1

 0.290455 -0.196032  0.936593   1.67439
-0.926426  0.187393  0.326524  0.612527
-0.239521 -0.962525  -0.12718   1.63505
        0         0         0         1

 0.293358  -0.19485  0.935935   1.67463
-0.928247  0.176137  0.327618  0.615835
-0.228689 -0.964888 -0.129198   1.64284
        0         0         0         1

 0.301813 -0.190183  0.934205   1.67331
-0.932135  0.146785  0.331026  0.624354
-0.200083 -0.970713 -0.132975   1.66402
        0         0         0         1

 0.307167  -0.19001  0.932494   1.67176
-0.933414  0.130777  0.334118  0.629517
-0.185435 -0.973033 -0.137188   1.67221
        0         0         0         1

 0.311946 -0.187506  0.931414   1.67099
-0.935397  0.111186  0.335663  0.635208
-0.166499  -0.97595 -0.140709   1.68324
        0         0         0         1

 0.316882 -0.186781  0.929892   1.66899
-0.936059 0.0964672   0.33836  0.640539
-0.152903 -0.977654 -0.144269   1.69323
        0         0         0         1

 0.328228 -0.185151  0.926275   1.66635
-0.937129 0.0592513  0.343917  0.653691
 -0.11856 -0.980922 -0.154062   1.71537
        0         0         0         1

 0.329914 -0.184733  0.925759   1.66746
-0.938113  0.045299  0.343355  0.658679
-0.105365 -0.981744 -0.158356   1.72574
        0         0         0         1

 0.338187 -0.181363  0.923437   1.66533
-0.936856 0.0279648  0.348594  0.665966
-0.0890458 -0.983019 -0.160454    1.7398
        0         0         0         1

  0.345309  -0.181547   0.920762     1.6636
 -0.935789 0.00775934   0.352475   0.673939
-0.0711353  -0.983352  -0.167211     1.7478
         0          0          0          1

  0.352259  -0.180773   0.918278    1.66266
 -0.934278 -0.0101331   0.356402   0.682182
-0.0551227  -0.983473  -0.172462    1.76127
         0          0          0          1

  0.362658  -0.178381   0.914691    1.65974
 -0.931231 -0.0315629   0.363061   0.691298
 -0.035893  -0.983455  -0.177561     1.7698
         0          0          0          1

  0.378086   -0.17733   0.908628    1.65709
 -0.925769 -0.0708244   0.371396   0.710303
-0.00150661    -0.9816  -0.190944    1.79451
         0          0          0          1

  0.389695  -0.173649   0.904424     1.6517
 -0.920792 -0.0912748   0.379223   0.720529
 0.0166995  -0.980569  -0.195464    1.80431
         0          0          0          1

 0.394354 -0.177444  0.901664   1.65211
-0.918401 -0.110278  0.379972  0.730272
0.0320104 -0.977933 -0.206453   1.81707
        0         0         0         1

 0.403948 -0.176481  0.897597   1.64843
-0.913579 -0.128131  0.385948  0.740499
0.0468976 -0.975929 -0.212988   1.82761
        0         0         0         1

 0.420536 -0.176117  0.890018   1.64198
-0.903701 -0.168315  0.393694  0.762895
0.0804673 -0.969873  -0.22994   1.85153
        0         0         0         1

 0.430341 -0.174953   0.88555   1.63592
-0.897621 -0.186523  0.399357  0.774389
0.0953065 -0.966747  -0.23731   1.86293
        0         0         0         1

 0.435338 -0.182521  0.881571   1.63233
-0.893157 -0.210391    0.3975  0.788358
 0.112922 -0.960428 -0.254611   1.87314
        0         0         0         1

 0.440366  -0.18871  0.877762    1.6302
-0.888698 -0.230616  0.396273  0.799779
 0.127646 -0.954571 -0.269261   1.88214
        0         0         0         1

 0.450619 -0.189286  0.872418   1.62366
-0.880332  -0.25644  0.399067   0.81536
 0.148185 -0.947845 -0.282191   1.89263
        0         0         0         1

 0.454673 -0.197606  0.868461   1.62175
-0.875467 -0.278479  0.394977  0.828635
 0.163798 -0.939894 -0.299615   1.89728
        0         0         0         1

 0.467979 -0.201883  0.860371   1.61451
-0.862752 -0.315279  0.395295  0.857861
 0.191454 -0.927277 -0.321719   1.91738
        0         0         0         1

 0.473016 -0.203795   0.85716   1.61255
-0.857474 -0.330058  0.394716  0.870129
 0.202471 -0.921699 -0.330872   1.92575
        0         0         0         1

 0.489031 -0.195804  0.850005   1.60142
-0.843813 -0.353058   0.40414  0.887513
 0.220969 -0.914883 -0.337878   1.93534
        0         0         0         1

 0.492386 -0.197492  0.847675   1.59998
-0.840181 -0.362156  0.403657  0.899032
 0.227272 -0.910955  -0.34425   1.94552
        0         0         0         1

 0.513255 -0.196393  0.835464   1.58748
-0.818469 -0.404899  0.407634  0.935107
 0.258222 -0.893021 -0.368557   1.95422
        0         0         0         1

  0.51956 -0.191356  0.832731   1.58002
-0.810895  -0.41757  0.409981  0.949055
 0.269271 -0.888267 -0.372122    1.9639
        0         0         0         1

 0.527827 -0.196052  0.826416   1.57605
-0.803169 -0.431685   0.41057   0.96596
 0.276258 -0.880461 -0.385317   1.97251
        0         0         0         1

 0.531781 -0.193133  0.824566   1.57031
-0.797046 -0.443209  0.410223  0.979562
 0.286227 -0.875366 -0.389626   1.98011
        0         0         0         1

 0.536516 -0.203394  0.819012   1.57125
-0.789936 -0.462499  0.402612  0.997343
 0.296903 -0.862975 -0.408807   1.98046
        0         0         0         1

 0.541425 -0.205442  0.815262   1.56687
  -0.7828 -0.476952  0.399677   1.01351
  0.30673 -0.854582 -0.419053   1.98357
        0         0         0         1

 0.552195 -0.206797   0.80766   1.55964
-0.769679 -0.498776  0.398518   1.04713
 0.320429 -0.841699 -0.434589   1.99354
        0         0         0         1

 0.557659 -0.205802  0.804153   1.55875
-0.763411 -0.507534  0.399515   1.06214
 0.325914 -0.836693 -0.440142   1.99442
        0         0         0         1

 0.565895 -0.195152  0.801048   1.55046
-0.752128 -0.520189  0.404607   1.08226
 0.337736 -0.831456 -0.441152   1.99804
        0         0         0         1

 0.573124 -0.189306  0.797303   1.54242
 -0.74415  -0.52768  0.409627   1.09817
 0.343176 -0.828081 -0.443298   2.00093
        0         0         0         1

 0.582435 -0.187877  0.790868   1.53543
-0.734205 -0.539149  0.412627   1.13262
 0.348873 -0.820988 -0.451959    2.0083
        0         0         0         1

 0.590684 -0.181854  0.786143   1.52425
-0.723641 -0.550414  0.416399   1.15013
 0.356981 -0.814846 -0.456718   2.00721
        0         0         0         1

 0.594767 -0.186645   0.78193   1.52136
-0.718165 -0.560439  0.412489   1.16958
 0.361235  -0.80689 -0.467373   2.00406
        0         0         0         1

 0.598647 -0.185213  0.779306   1.51819
-0.713448 -0.565597  0.413633   1.18557
 0.364163 -0.803614 -0.470733   2.00544
        0         0         0         1

 0.600747 -0.189339  0.776694    1.5182
-0.713196 -0.565874  0.413687   1.20209
 0.361184 -0.802457 -0.474983   2.00794
        0         0         0         1

