  0.387127  -0.334936    0.85904   0.928753
  -0.91494 -0.0242627   0.402859    1.07082
 -0.114089  -0.941928   -0.31584    1.90754
         0          0          0          1

   0.391739   -0.333955     0.85733    0.917585
  -0.909871 -0.00221529    0.414884     1.05049
  -0.136653   -0.942586   -0.304724     1.88549
          0           0           0           1

   0.391739   -0.333955     0.85733    0.917585
  -0.909871 -0.00221529    0.414884     1.05049
  -0.136653   -0.942586   -0.304724     1.88549
          0           0           0           1

 0.387214 -0.327354  0.861919  0.919751
-0.903486 0.0516287  0.425496   1.02065
-0.183788  -0.94349 -0.275768   1.86167
        0         0         0         1

 0.387214 -0.327354  0.861919  0.919751
-0.903486 0.0516287  0.425496   1.02065
-0.183788  -0.94349 -0.275768   1.86167
        0         0         0         1

 0.389952 -0.322114  0.862659  0.914887
-0.897126 0.0783209  0.434777   1.00182
-0.207612 -0.943456 -0.258435   1.84405
        0         0         0         1

 0.389952 -0.322114  0.862659  0.914887
-0.897126 0.0783209  0.434777   1.00182
-0.207612 -0.943456 -0.258435   1.84405
        0         0         0         1

 0.380537 -0.324664  0.865902  0.914228
-0.892598  0.115862  0.435711   0.97788
-0.241785 -0.938706 -0.245704   1.81938
        0         0         0         1

 0.380537 -0.324664  0.865902  0.914228
-0.892598  0.115862  0.435711   0.97788
-0.241785 -0.938706 -0.245704   1.81938
        0         0         0         1

  0.37604 -0.327764  0.866697  0.909674
-0.889156  0.135582  0.437058  0.964727
 -0.26076  -0.93498 -0.240449   1.79984
        0         0         0         1

  0.37604 -0.327764  0.866697  0.909674
-0.889156  0.135582  0.437058  0.964727
 -0.26076  -0.93498 -0.240449   1.79984
        0         0         0         1

 0.372977 -0.329118  0.867508  0.905227
-0.882705  0.162202  0.441047  0.950044
-0.285868 -0.930254 -0.230017   1.78386
        0         0         0         1

 0.372977 -0.329118  0.867508  0.905227
-0.882705  0.162202  0.441047  0.950044
-0.285868 -0.930254 -0.230017   1.78386
        0         0         0         1

 0.368687 -0.324224  0.871177  0.901222
-0.873734  0.199002  0.443832  0.931026
-0.317267 -0.924812 -0.209916   1.75822
        0         0         0         1

 0.368687 -0.324224  0.871177  0.901222
-0.873734  0.199002  0.443832  0.931026
-0.317267 -0.924812 -0.209916   1.75822
        0         0         0         1

 0.366402 -0.319498  0.873882  0.899386
-0.867193  0.223139  0.445179  0.920186
-0.337231  -0.92094 -0.195308   1.74076
        0         0         0         1

 0.366402 -0.319498  0.873882  0.899386
-0.867193  0.223139  0.445179  0.920186
-0.337231  -0.92094 -0.195308   1.74076
        0         0         0         1

 0.366286 -0.309317  0.877586  0.894103
-0.857222  0.254687  0.447554   0.90478
-0.361946 -0.916219 -0.171865   1.71673
        0         0         0         1

 0.366286 -0.309317  0.877586  0.894103
-0.857222  0.254687  0.447554   0.90478
-0.361946 -0.916219 -0.171865   1.71673
        0         0         0         1

 0.366212 -0.309074  0.877703  0.893317
-0.855106  0.260222  0.448418  0.901616
-0.366992 -0.914745 -0.168995     1.711
        0         0         0         1

 0.361034 -0.308496  0.880048  0.894766
-0.853156  0.271771  0.445269  0.896546
-0.376536 -0.911576 -0.165077   1.69912
        0         0         0         1

 0.358863  -0.30979  0.880482   0.89319
-0.846705  0.288953  0.446762  0.889296
-0.392821 -0.905834 -0.158606    1.6816
        0         0         0         1

 0.358863  -0.30979  0.880482   0.89319
-0.846705  0.288953  0.446762  0.889296
-0.392821 -0.905834 -0.158606    1.6816
        0         0         0         1

  0.35059 -0.305167  0.885415  0.893294
-0.839882  0.315833  0.441416  0.879515
-0.414348   -0.8984 -0.145576   1.65652
        0         0         0         1

  0.35059 -0.305167  0.885415  0.893294
-0.839882  0.315833  0.441416  0.879515
-0.414348   -0.8984 -0.145576   1.65652
        0         0         0         1

 0.350752 -0.301091  0.886746  0.888199
-0.831654   0.33514  0.442756  0.873341
-0.430494 -0.892763 -0.132852   1.64092
        0         0         0         1

 0.350752 -0.301091  0.886746  0.888199
-0.831654   0.33514  0.442756  0.873341
-0.430494 -0.892763 -0.132852   1.64092
        0         0         0         1

 0.344311 -0.293169  0.891909  0.888953
-0.822796  0.363309   0.43705  0.865556
-0.452168 -0.884341 -0.116127   1.61871
        0         0         0         1

 0.344311 -0.293169  0.891909  0.888953
-0.822796  0.363309   0.43705  0.865556
-0.452168 -0.884341 -0.116127   1.61871
        0         0         0         1

  0.344091  -0.281306   0.895806   0.888583
 -0.817978   0.378609   0.433089   0.861654
 -0.460991  -0.881772 -0.0998265    1.60254
         0          0          0          1

  0.344091  -0.281306   0.895806   0.888583
 -0.817978   0.378609   0.433089   0.861654
 -0.460991  -0.881772 -0.0998265    1.60254
         0          0          0          1

  0.344225  -0.279978   0.896171   0.888764
 -0.814898   0.384979   0.433281   0.860016
 -0.466316  -0.879434 -0.0956341    1.59901
         0          0          0          1

 0.342192 -0.276115  0.898145  0.890268
 -0.81022  0.397373  0.430857  0.857382
-0.475865 -0.875131 -0.087736   1.58965
        0         0         0         1

  0.343742  -0.268006   0.900008   0.889298
 -0.799142   0.419841   0.430239   0.853035
 -0.493167  -0.867125 -0.0698576    1.57045
         0          0          0          1

  0.343742  -0.268006   0.900008   0.889298
 -0.799142   0.419841   0.430239   0.853035
 -0.493167  -0.867125 -0.0698576    1.57045
         0          0          0          1

  0.343536  -0.261718   0.901935   0.889578
 -0.794052    0.43186   0.427759    0.85052
 -0.501461  -0.863134 -0.0594583    1.55601
         0          0          0          1

  0.343536  -0.261718   0.901935   0.889578
 -0.794052    0.43186   0.427759    0.85052
 -0.501461  -0.863134 -0.0594583    1.55601
         0          0          0          1

  0.342741  -0.252848   0.904763   0.891136
 -0.786601     0.4493   0.423542   0.847025
 -0.513602  -0.856853 -0.0448973    1.53691
         0          0          0          1

  0.342741  -0.252848   0.904763   0.891136
 -0.786601     0.4493   0.423542   0.847025
 -0.513602  -0.856853 -0.0448973    1.53691
         0          0          0          1

  0.345817   -0.24481   0.905803   0.890485
  -0.77907   0.463102   0.422595   0.843914
 -0.522934  -0.851824 -0.0305753    1.52682
         0          0          0          1

  0.345817   -0.24481   0.905803   0.890485
  -0.77907   0.463102   0.422595   0.843914
 -0.522934  -0.851824 -0.0305753    1.52682
         0          0          0          1

  0.348875  -0.236513   0.906834   0.890605
 -0.774071   0.472749   0.421097   0.842186
 -0.528299  -0.848864 -0.0181476     1.5169
         0          0          0          1

  0.348875  -0.236513   0.906834   0.890605
 -0.774071   0.472749   0.421097   0.842186
 -0.528299  -0.848864 -0.0181476     1.5169
         0          0          0          1

   0.348317   -0.222761    0.910523    0.894466
  -0.770537     0.48511    0.413449    0.840096
  -0.533805   -0.845604 -0.00267292     1.50094
          0           0           0           1

   0.348317   -0.222761    0.910523    0.894466
  -0.770537     0.48511    0.413449    0.840096
  -0.533805   -0.845604 -0.00267292     1.50094
          0           0           0           1

  0.347422  -0.217614   0.912109   0.895382
 -0.766524   0.494376   0.409918   0.838166
 -0.540129  -0.841568 0.00495062    1.49359
         0          0          0          1

  0.347422  -0.217614   0.912109   0.895382
 -0.766524   0.494376   0.409918   0.838166
 -0.540129  -0.841568 0.00495062    1.49359
         0          0          0          1

 0.347115 -0.206545  0.914795  0.897709
 -0.76305  0.504893  0.403532  0.836267
-0.545221 -0.838107 0.0176522    1.4823
        0         0         0         1

 0.347115 -0.206545  0.914795  0.897709
 -0.76305  0.504893  0.403532  0.836267
-0.545221 -0.838107 0.0176522    1.4823
        0         0         0         1

 0.351005 -0.196295  0.915567  0.897835
-0.760911  0.510056  0.401069  0.834803
-0.545719 -0.837443 0.0296697   1.47464
        0         0         0         1

 0.351005 -0.196295  0.915567  0.897835
-0.760911  0.510056  0.401069  0.834803
-0.545719 -0.837443 0.0296697   1.47464
        0         0         0         1

 0.348772  -0.18808  0.918142  0.900732
-0.762498  0.512673  0.394669  0.834324
-0.544936 -0.837731 0.0353956   1.46736
        0         0         0         1

 0.348772  -0.18808  0.918142  0.900732
-0.762498  0.512673  0.394669  0.834324
-0.544936 -0.837731 0.0353956   1.46736
        0         0         0         1

 0.347637  -0.18856  0.918474  0.902003
-0.761018   0.51548  0.393867  0.833767
-0.547723 -0.835898 0.0357025   1.46719
        0         0         0         1

 0.348466 -0.182772  0.919329  0.904277
 -0.75857  0.521135  0.391139  0.832758
-0.550584 -0.833674 0.0429524   1.46407
        0         0         0         1

 0.347142 -0.182053  0.919972   0.90422
-0.759808  0.520416  0.389691   0.83219
-0.549713  -0.83428  0.042333   1.45625
        0         0         0         1

 0.347142 -0.182053  0.919972   0.90422
-0.759808  0.520416  0.389691   0.83219
-0.549713  -0.83428  0.042333   1.45625
        0         0         0         1

 0.343155 -0.181724  0.921532  0.908308
-0.759028  0.524271  0.386027  0.832128
-0.553283 -0.831935 0.0419726   1.45134
        0         0         0         1

 0.343155 -0.181724  0.921532  0.908308
-0.759028  0.524271  0.386027  0.832128
-0.553283 -0.831935 0.0419726   1.45134
        0         0         0         1

 0.342293 -0.181945  0.921809  0.908751
-0.757956  0.526326  0.385335  0.831787
-0.555282 -0.830588 0.0422517   1.45077
        0         0         0         1

  0.33802 -0.183493  0.923078   0.91013
-0.753812  0.534446  0.382276  0.831254
 -0.56348 -0.825044 0.0423342   1.44713
        0         0         0         1

 0.338629 -0.184166  0.922721  0.909237
 -0.75212   0.53627  0.383054  0.830863
-0.565373 -0.823709 0.0430812   1.44637
        0         0         0         1

 0.337751 -0.186644  0.922544  0.909118
-0.748019  0.541697  0.383449  0.830457
-0.571308 -0.819591 0.0433453   1.44573
        0         0         0         1

 0.337802  -0.18841  0.922167  0.911557
-0.746162  0.543586  0.384391   0.82976
  -0.5737 -0.817934 0.0430401   1.44045
        0         0         0         1

 0.337802  -0.18841  0.922167  0.911557
-0.746162  0.543586  0.384391   0.82976
  -0.5737 -0.817934 0.0430401   1.44045
        0         0         0         1

 0.340644 -0.189209  0.920957  0.909374
-0.744032  0.544591  0.387088  0.829044
-0.574786  -0.81708 0.0447339   1.43703
        0         0         0         1

 0.340644 -0.189209  0.920957  0.909374
-0.744032  0.544591  0.387088  0.829044
-0.574786  -0.81708 0.0447339   1.43703
        0         0         0         1

 0.340077 -0.187218  0.921573  0.912362
-0.743683  0.546259  0.385405  0.829309
-0.575573 -0.816425  0.046539   1.43565
        0         0         0         1

 0.340077 -0.187218  0.921573  0.912362
-0.743683  0.546259  0.385405  0.829309
-0.575573 -0.816425  0.046539   1.43565
        0         0         0         1

 0.338791 -0.186585  0.922175  0.913689
-0.743173  0.548005  0.383907   0.82936
-0.576988   -0.8154 0.0469942   1.43603
        0         0         0         1

 0.339961 -0.184554  0.922153  0.914713
  -0.7422  0.549536  0.383601  0.829093
-0.577551 -0.814831 0.0498444    1.4337
        0         0         0         1

 0.340707 -0.183898  0.922009  0.915297
-0.742486  0.548968  0.383861  0.829149
-0.576744 -0.815363 0.0504955   1.43273
        0         0         0         1

 0.342592 -0.183684  0.921353   0.91556
 -0.74182  0.548885  0.385264  0.828743
-0.576483 -0.815467 0.0517828   1.43191
        0         0         0         1

 0.347297 -0.183274  0.919671  0.917042
 -0.74127  0.547031  0.388941  0.827946
-0.574372 -0.816803 0.0541269   1.42847
        0         0         0         1

 0.347297 -0.183274  0.919671  0.917042
 -0.74127  0.547031  0.388941  0.827946
-0.574372 -0.816803 0.0541269   1.42847
        0         0         0         1

 0.353134 -0.182239  0.917652  0.918118
-0.739192  0.546893  0.393068  0.827331
 -0.57349 -0.817127 0.0584171   1.42873
        0         0         0         1

 0.353134 -0.182239  0.917652  0.918118
-0.739192  0.546893  0.393068  0.827331
 -0.57349 -0.817127 0.0584171   1.42873
        0         0         0         1

 0.358558 -0.181533  0.915687  0.918463
-0.737918  0.545679  0.397128  0.826991
-0.571763 -0.818095 0.0617006   1.42813
        0         0         0         1

 0.358558 -0.181533  0.915687  0.918463
-0.737918  0.545679  0.397128  0.826991
-0.571763 -0.818095 0.0617006   1.42813
        0         0         0         1

 0.360647 -0.181767   0.91482  0.919871
 -0.73753  0.544833  0.399008   0.82687
 -0.57095 -0.818607 0.0624336   1.42747
        0         0         0         1

 0.360647 -0.181767   0.91482  0.919871
 -0.73753  0.544833  0.399008   0.82687
 -0.57095 -0.818607 0.0624336   1.42747
        0         0         0         1

 0.362676 -0.182157  0.913939   0.91987
-0.737725  0.543107  0.400995  0.827117
-0.569411 -0.819667 0.0625898   1.42609
        0         0         0         1

 0.362676 -0.182157  0.913939   0.91987
-0.737725  0.543107  0.400995  0.827117
-0.569411 -0.819667 0.0625898   1.42609
        0         0         0         1

  0.36405  -0.18231  0.913362  0.919864
-0.737309  0.542768  0.402216  0.827069
-0.569072 -0.819857 0.0631757   1.42539
        0         0         0         1

 0.366164 -0.183977  0.912182  0.921515
-0.736306   0.54213  0.404906  0.827382
-0.569015 -0.819907 0.0630456   1.42351
        0         0         0         1

 0.369915 -0.187447   0.90996  0.921298
-0.734229  0.541153  0.409952   0.82764
-0.569271 -0.819767 0.0625518   1.42242
        0         0         0         1

 0.369915 -0.187447   0.90996  0.921298
-0.734229  0.541153  0.409952   0.82764
-0.569271 -0.819767 0.0625518   1.42242
        0         0         0         1

 0.371878  -0.18995   0.90864  0.922591
-0.733341  0.540021  0.413024  0.828367
-0.569138 -0.819937 0.0615238   1.42082
        0         0         0         1

 0.371878  -0.18995   0.90864  0.922591
-0.733341  0.540021  0.413024  0.828367
-0.569138 -0.819937 0.0615238   1.42082
        0         0         0         1

 0.373512 -0.197066  0.906451   0.92289
 -0.73105  0.538979  0.418412  0.828893
-0.571013 -0.818943 0.0572501   1.42031
        0         0         0         1

 0.373512 -0.197066  0.906451   0.92289
 -0.73105  0.538979  0.418412  0.828893
-0.571013 -0.818943 0.0572501   1.42031
        0         0         0         1

 0.371796  -0.20012  0.906487  0.923603
-0.731186  0.538508   0.41878  0.829497
-0.571957 -0.818512   0.05389   1.42014
        0         0         0         1

 0.371796  -0.20012  0.906487  0.923603
-0.731186  0.538508   0.41878  0.829497
-0.571957 -0.818512   0.05389   1.42014
        0         0         0         1

 0.370125 -0.201341  0.906901   0.92472
-0.732605  0.537016  0.418215  0.829985
-0.571224 -0.819192 0.0512599   1.41936
        0         0         0         1

 0.366031 -0.210234  0.906544  0.925615
-0.734016  0.533595  0.420115  0.830906
 -0.57205 -0.819193 0.0409976   1.41817
        0         0         0         1

 0.363283  -0.21311  0.906978  0.926534
-0.734728  0.533066  0.419542  0.831265
-0.572888 -0.818795 0.0370757   1.41822
        0         0         0         1

 0.362491 -0.220217  0.905596  0.925852
-0.732889  0.532906  0.422948  0.831337
-0.575739 -0.817016 0.0317792    1.4187
        0         0         0         1

 0.362992 -0.224052  0.904454  0.923784
-0.730831  0.533687  0.425515  0.831357
-0.578033 -0.815462 0.0299801   1.41863
        0         0         0         1

 0.362992 -0.224052  0.904454  0.923784
-0.730831  0.533687  0.425515  0.831357
-0.578033 -0.815462 0.0299801   1.41863
        0         0         0         1

 0.358869 -0.223271  0.906291  0.924067
-0.730605  0.537082  0.421615  0.831885
-0.580886 -0.813446  0.029619    1.4199
        0         0         0         1

 0.358869 -0.223271  0.906291  0.924067
-0.730605  0.537082  0.421615  0.831885
-0.580886 -0.813446  0.029619    1.4199
        0         0         0         1

  0.35351 -0.227557   0.90733  0.923346
-0.732122  0.536448  0.419787  0.831998
 -0.58226 -0.812676 0.0230406   1.41957
        0         0         0         1

  0.35351 -0.227557   0.90733  0.923346
-0.732122  0.536448  0.419787  0.831998
 -0.58226 -0.812676 0.0230406   1.41957
        0         0         0         1

 0.343931 -0.233913  0.909393  0.922797
 -0.73382  0.537287   0.41573  0.832295
 -0.58585 -0.810313   0.01314   1.41975
        0         0         0         1

 0.343931 -0.233913  0.909393  0.922797
 -0.73382  0.537287   0.41573  0.832295
 -0.58585 -0.810313   0.01314   1.41975
        0         0         0         1

  0.33972 -0.230134  0.911937  0.923381
-0.735235  0.539683  0.410087  0.832781
-0.586532 -0.809803 0.0141384   1.42017
        0         0         0         1

  0.33972 -0.230134  0.911937  0.923381
-0.735235  0.539683  0.410087  0.832781
-0.586532 -0.809803 0.0141384   1.42017
        0         0         0         1

 0.337346 -0.227244  0.913541  0.923072
-0.737344  0.539528   0.40649    0.8334
-0.585253 -0.810722 0.0144504   1.41999
        0         0         0         1

 0.337346 -0.227244  0.913541  0.923072
-0.737344  0.539528   0.40649    0.8334
-0.585253 -0.810722 0.0144504   1.41999
        0         0         0         1

 0.335503 -0.223433  0.915159  0.919473
-0.741243  0.536922  0.402832  0.834936
-0.581374 -0.813507 0.0145206   1.41989
        0         0         0         1

 0.335503 -0.223433  0.915159  0.919473
-0.741243  0.536922  0.402832  0.834936
-0.581374 -0.813507 0.0145206   1.41989
        0         0         0         1

 0.333319 -0.215628  0.917825   0.91918
-0.744312  0.537354  0.396548  0.836474
-0.578704 -0.815325 0.0186159   1.42246
        0         0         0         1

 0.333319 -0.215628  0.917825   0.91918
-0.744312  0.537354  0.396548  0.836474
-0.578704 -0.815325 0.0186159   1.42246
        0         0         0         1

 0.332131 -0.209566  0.919658  0.917914
-0.749234  0.533694  0.392198  0.838509
-0.573008   -0.8193 0.0202424   1.42678
        0         0         0         1

 0.332131 -0.209566  0.919658  0.917914
-0.749234  0.533694  0.392198  0.838509
-0.573008   -0.8193 0.0202424   1.42678
        0         0         0         1

 0.331279 -0.208946  0.920107  0.917948
-0.751142  0.531742  0.391197  0.839322
-0.570999 -0.820726  0.019207   1.42755
        0         0         0         1

 0.328976 -0.209003  0.920919  0.919178
-0.755086  0.527431  0.389437  0.841268
-0.567115 -0.823489 0.0156969   1.43068
        0         0         0         1

 0.327234  -0.20703  0.921985  0.920302
-0.763477  0.516993  0.387066  0.844223
-0.556794 -0.830576 0.0111154   1.43365
        0         0         0         1

 0.327234  -0.20703  0.921985  0.920302
-0.763477  0.516993  0.387066  0.844223
-0.556794 -0.830576 0.0111154   1.43365
        0         0         0         1

   0.32593  -0.207022   0.922449   0.920523
 -0.773367   0.502822   0.386101   0.849989
 -0.543759  -0.839233 0.00378093    1.44489
         0          0          0          1

   0.32593  -0.207022   0.922449   0.920523
 -0.773367   0.502822   0.386101   0.849989
 -0.543759  -0.839233 0.00378093    1.44489
         0          0          0          1

  0.324989  -0.203642   0.923532   0.921216
 -0.785589   0.485558   0.383514   0.854231
 -0.526528  -0.850155 -0.0021782     1.4485
         0          0          0          1

  0.324989  -0.203642   0.923532   0.921216
 -0.785589   0.485558   0.383514   0.854231
 -0.526528  -0.850155 -0.0021782     1.4485
         0          0          0          1

   0.329831    -0.19928    0.922767     0.91935
  -0.797219    0.464727    0.385318    0.859708
  -0.505621   -0.862738 -0.00558802     1.46298
          0           0           0           1

   0.329831    -0.19928    0.922767     0.91935
  -0.797219    0.464727    0.385318    0.859708
  -0.505621   -0.862738 -0.00558802     1.46298
          0           0           0           1

   0.328224   -0.198313    0.923548      0.9212
  -0.801407    0.459082    0.383394    0.861531
  -0.500016   -0.865977 -0.00824713     1.46613
          0           0           0           1

 0.328449 -0.196897  0.923771  0.923074
-0.807389  0.449008  0.382773  0.864808
-0.490148 -0.871564 -0.011496   1.47459
        0         0         0         1

  0.330882  -0.190984   0.924144   0.923029
 -0.817431    0.43131   0.381809    0.87009
 -0.471511  -0.881758 -0.0134034    1.48716
         0          0          0          1

  0.330882  -0.190984   0.924144   0.923029
 -0.817431    0.43131   0.381809    0.87009
 -0.471511  -0.881758 -0.0134034    1.48716
         0          0          0          1

  0.330064   -0.18159   0.926328   0.926689
 -0.836625   0.398199   0.376161   0.880137
  -0.43717  -0.899146 -0.0204919    1.50689
         0          0          0          1

  0.330064   -0.18159   0.926328   0.926689
 -0.836625   0.398199   0.376161   0.880137
  -0.43717  -0.899146 -0.0204919    1.50689
         0          0          0          1

  0.330332  -0.178856   0.926764   0.926911
 -0.846753   0.377642   0.374694   0.886357
 -0.417001  -0.908514 -0.0266994    1.52441
         0          0          0          1

  0.330332  -0.178856   0.926764   0.926911
 -0.846753   0.377642   0.374694   0.886357
 -0.417001  -0.908514 -0.0266994    1.52441
         0          0          0          1

  0.330609  -0.177838   0.926861   0.926417
 -0.865528   0.334387   0.372891   0.899321
 -0.376244  -0.925505 -0.0433726    1.55014
         0          0          0          1

  0.330609  -0.177838   0.926861   0.926417
 -0.865528   0.334387   0.372891   0.899321
 -0.376244  -0.925505 -0.0433726    1.55014
         0          0          0          1

  0.326406  -0.177001   0.928509   0.927792
 -0.878414   0.305961   0.367121   0.910038
 -0.349068  -0.935446 -0.0556122    1.57169
         0          0          0          1

  0.326406  -0.177001   0.928509   0.927792
 -0.878414   0.305961   0.367121   0.910038
 -0.349068  -0.935446 -0.0556122    1.57169
         0          0          0          1

  0.325376  -0.179161   0.928457   0.928455
 -0.889196    0.27603   0.364882   0.920011
 -0.321654  -0.944303 -0.0694955    1.59413
         0          0          0          1

  0.325376  -0.179161   0.928457   0.928455
 -0.889196    0.27603   0.364882   0.920011
 -0.321654  -0.944303 -0.0694955    1.59413
         0          0          0          1

  0.324663  -0.179734   0.928596   0.928072
 -0.905096    0.22598   0.360186   0.939278
 -0.274582  -0.957407 -0.0893088    1.62645
         0          0          0          1

  0.324663  -0.179734   0.928596   0.928072
 -0.905096    0.22598   0.360186   0.939278
 -0.274582  -0.957407 -0.0893088    1.62645
         0          0          0          1

 0.319441 -0.185882  0.929196  0.932564
-0.915023  0.194417  0.353461  0.953644
-0.246353 -0.963146 -0.107982   1.65083
        0         0         0         1

 0.319441 -0.185882  0.929196  0.932564
-0.915023  0.194417  0.353461  0.953644
-0.246353 -0.963146 -0.107982   1.65083
        0         0         0         1

 0.321935 -0.189823  0.927537  0.933405
 -0.92625  0.139675  0.350073  0.977572
-0.196006 -0.971832 -0.130857   1.68562
        0         0         0         1

 0.321935 -0.189823  0.927537  0.933405
 -0.92625  0.139675  0.350073  0.977572
-0.196006 -0.971832 -0.130857   1.68562
        0         0         0         1

 0.337536 -0.192415  0.921437  0.923833
-0.926381  0.105759  0.361432  0.991823
-0.166995 -0.975598 -0.142552   1.71204
        0         0         0         1

 0.337536 -0.192415  0.921437  0.923833
-0.926381  0.105759  0.361432  0.991823
-0.166995 -0.975598 -0.142552   1.71204
        0         0         0         1

 0.341158 -0.203542  0.917705  0.923574
-0.929526 0.0723256  0.361594   1.00886
-0.139973 -0.976391 -0.164523   1.73739
        0         0         0         1

 0.341158 -0.203542  0.917705  0.923574
-0.929526 0.0723256  0.361594   1.00886
-0.139973 -0.976391 -0.164523   1.73739
        0         0         0         1

 0.346085 -0.219802  0.912092   0.92928
-0.933163 0.0199867  0.358896   1.03891
-0.0971159  -0.97534 -0.198194   1.77401
        0         0         0         1

 0.346085 -0.219802  0.912092   0.92928
-0.933163 0.0199867  0.358896   1.03891
-0.0971159  -0.97534 -0.198194   1.77401
        0         0         0         1

  0.357046  -0.229733   0.905395   0.926321
 -0.931329 -0.0131276   0.363942    1.05804
-0.0717239  -0.973165  -0.218645     1.8002
         0          0          0          1

  0.357046  -0.229733   0.905395   0.926321
 -0.931329 -0.0131276   0.363942    1.05804
-0.0717239  -0.973165  -0.218645     1.8002
         0          0          0          1

  0.368651  -0.237216   0.898791    0.92717
 -0.928938 -0.0584133   0.365599    1.08895
-0.0342246  -0.969699  -0.241893    1.83658
         0          0          0          1

  0.368651  -0.237216   0.898791    0.92717
 -0.928938 -0.0584133   0.365599    1.08895
-0.0342246  -0.969699  -0.241893    1.83658
         0          0          0          1

   0.38244  -0.236619   0.893169   0.921989
 -0.923962 -0.0918364   0.371295    1.11102
-0.00583021  -0.967252  -0.253749    1.86051
         0          0          0          1

   0.38244  -0.236619   0.893169   0.921989
 -0.923962 -0.0918364   0.371295    1.11102
-0.00583021  -0.967252  -0.253749    1.86051
         0          0          0          1

 0.386583 -0.243364  0.889566  0.923514
-0.922076 -0.120963  0.367618   1.13395
0.0181395 -0.962363 -0.271162   1.88333
        0         0         0         1

 0.386583 -0.243364  0.889566  0.923514
-0.922076 -0.120963  0.367618   1.13395
0.0181395 -0.962363 -0.271162   1.88333
        0         0         0         1

 0.397065 -0.250517  0.882939  0.923301
-0.915855 -0.170603  0.363462   1.17072
0.0595786 -0.952962 -0.297178   1.90791
        0         0         0         1

 0.397065 -0.250517  0.882939  0.923301
-0.915855 -0.170603  0.363462   1.17072
0.0595786 -0.952962 -0.297178   1.90791
        0         0         0         1

 0.401663 -0.256587  0.879107  0.924864
-0.911918 -0.200215  0.358217   1.19589
0.0840961 -0.945556 -0.314406   1.92543
        0         0         0         1

