  0.305005  -0.374837   0.875482   0.540718
 -0.776876  -0.629653 0.00106681    1.06902
   0.55085  -0.680466  -0.483249    2.19991
         0          0          0          1

  0.305005  -0.374837   0.875482   0.540718
 -0.776876  -0.629653 0.00106681    1.06902
   0.55085  -0.680466  -0.483249    2.19991
         0          0          0          1

 0.334494 -0.362028  0.870086  0.533231
-0.791113 -0.609582 0.0504971   1.01733
 0.512108 -0.705227 -0.490306   2.19609
        0         0         0         1

 0.334494 -0.362028  0.870086  0.533231
-0.791113 -0.609582 0.0504971   1.01733
 0.512108 -0.705227 -0.490306   2.19609
        0         0         0         1

 0.343141 -0.369249  0.863661  0.537448
-0.801363 -0.594731 0.0641186  0.986253
  0.48997 -0.714108 -0.499979   2.19708
        0         0         0         1

 0.343141 -0.369249  0.863661  0.537448
-0.801363 -0.594731 0.0641186  0.986253
  0.48997 -0.714108 -0.499979   2.19708
        0         0         0         1

 0.345511 -0.363599  0.865112  0.541485
-0.802968 -0.591654 0.0720245  0.961828
 0.485659 -0.719542 -0.496381   2.18913
        0         0         0         1

 0.345511 -0.363599  0.865112  0.541485
-0.802968 -0.591654 0.0720245  0.961828
 0.485659 -0.719542 -0.496381   2.18913
        0         0         0         1

 0.349526 -0.356181  0.866583   0.54744
-0.807491 -0.583603 0.0858216  0.921444
 0.475172 -0.729756 -0.491597   2.18145
        0         0         0         1

 0.349526 -0.356181  0.866583   0.54744
-0.807491 -0.583603 0.0858216  0.921444
 0.475172 -0.729756 -0.491597   2.18145
        0         0         0         1

 0.356121 -0.359607  0.862474  0.552086
-0.810259 -0.578595 0.0933162  0.891028
 0.465466 -0.732059 -0.497425   2.17979
        0         0         0         1

 0.356121 -0.359607  0.862474  0.552086
-0.810259 -0.578595 0.0933162  0.891028
 0.465466 -0.732059 -0.497425   2.17979
        0         0         0         1

 0.363452 -0.363459  0.857788  0.561882
-0.818156 -0.564896  0.107304  0.850299
  0.44556 -0.740804 -0.502679   2.17455
        0         0         0         1

 0.363452 -0.363459  0.857788  0.561882
-0.818156 -0.564896  0.107304  0.850299
  0.44556 -0.740804 -0.502679   2.17455
        0         0         0         1

 0.371577  -0.36634  0.853068  0.569291
-0.822112  -0.55675  0.119003  0.823364
  0.43135 -0.745536 -0.508048   2.17007
        0         0         0         1

 0.371577  -0.36634  0.853068  0.569291
-0.822112  -0.55675  0.119003  0.823364
  0.43135 -0.745536 -0.508048   2.17007
        0         0         0         1

 0.373042 -0.364706  0.853129  0.574939
-0.824115 -0.552662  0.124097  0.798889
 0.426233 -0.749369 -0.506726   2.16032
        0         0         0         1

 0.373042 -0.364706  0.853129  0.574939
-0.824115 -0.552662  0.124097  0.798889
 0.426233 -0.749369 -0.506726   2.16032
        0         0         0         1

 0.378862 -0.370773  0.847933  0.583922
-0.831502 -0.538616  0.136002  0.755411
 0.406285 -0.756584  -0.51236   2.15377
        0         0         0         1

 0.378862 -0.370773  0.847933  0.583922
-0.831502 -0.538616  0.136002  0.755411
 0.406285 -0.756584  -0.51236   2.15377
        0         0         0         1

 0.382933 -0.382299  0.840958  0.593328
-0.838352  -0.52616  0.142555  0.729852
  0.38798 -0.759607 -0.521985   2.14599
        0         0         0         1

 0.382933 -0.382299  0.840958  0.593328
-0.838352  -0.52616  0.142555  0.729852
  0.38798 -0.759607 -0.521985   2.14599
        0         0         0         1

 0.390868 -0.391464  0.833053  0.603283
-0.847663 -0.505825  0.160028  0.687366
 0.358734 -0.768698 -0.529541   2.13655
        0         0         0         1

 0.390868 -0.391464  0.833053  0.603283
-0.847663 -0.505825  0.160028  0.687366
 0.358734 -0.768698 -0.529541   2.13655
        0         0         0         1

 0.384319 -0.394972  0.834444  0.612303
-0.854958 -0.493318  0.160262   0.66187
 0.348347 -0.775006 -0.527276   2.12698
        0         0         0         1

 0.384319 -0.394972  0.834444  0.612303
-0.854958 -0.493318  0.160262   0.66187
 0.348347 -0.775006 -0.527276   2.12698
        0         0         0         1

 0.379687 -0.396737  0.835726  0.621633
-0.863365 -0.476475  0.166051  0.636095
 0.332324 -0.784583  -0.52344   2.11889
        0         0         0         1

 0.379687 -0.396737  0.835726  0.621633
-0.863365 -0.476475  0.166051  0.636095
 0.332324 -0.784583  -0.52344   2.11889
        0         0         0         1

 0.372584 -0.394057  0.840179  0.632368
-0.873093 -0.455647  0.173474  0.597428
 0.314467 -0.798189 -0.513815    2.1024
        0         0         0         1

 0.372584 -0.394057  0.840179  0.632368
-0.873093 -0.455647  0.173474  0.597428
 0.314467 -0.798189 -0.513815    2.1024
        0         0         0         1

 0.368831 -0.398176  0.839893  0.642429
-0.880005 -0.440506  0.177611  0.573279
 0.299258 -0.804618 -0.512869   2.09246
        0         0         0         1

 0.368831 -0.398176  0.839893  0.642429
-0.880005 -0.440506  0.177611  0.573279
 0.299258 -0.804618 -0.512869   2.09246
        0         0         0         1

 0.362524 -0.422142  0.830887  0.660557
-0.893055 -0.412298  0.180176  0.536858
 0.266513 -0.807346 -0.526464   2.07657
        0         0         0         1

 0.362524 -0.422142  0.830887  0.660557
-0.893055 -0.412298  0.180176  0.536858
 0.266513 -0.807346 -0.526464   2.07657
        0         0         0         1

 0.363927 -0.442635  0.819531  0.668347
 -0.90074  -0.39124  0.188677  0.511182
 0.237118 -0.806849 -0.541082   2.06653
        0         0         0         1

 0.363927 -0.442635  0.819531  0.668347
 -0.90074  -0.39124  0.188677  0.511182
 0.237118 -0.806849 -0.541082   2.06653
        0         0         0         1

 0.353789 -0.467931   0.80986    0.6813
-0.910778 -0.369418  0.184429  0.489422
 0.212877 -0.802852 -0.556877   2.05496
        0         0         0         1

 0.353789 -0.467931   0.80986    0.6813
-0.910778 -0.369418  0.184429  0.489422
 0.212877 -0.802852 -0.556877   2.05496
        0         0         0         1

 0.339381 -0.490256  0.802788  0.692876
 -0.92203 -0.342343  0.180725  0.454891
 0.186227  -0.80153 -0.568216   2.03723
        0         0         0         1

 0.339381 -0.490256  0.802788  0.692876
 -0.92203 -0.342343  0.180725  0.454891
 0.186227  -0.80153 -0.568216   2.03723
        0         0         0         1

 0.328493 -0.508548  0.795909  0.701028
-0.929667  -0.32288  0.177394  0.433189
 0.166769 -0.798203 -0.578844   2.02559
        0         0         0         1

 0.328493 -0.508548  0.795909  0.701028
-0.929667  -0.32288  0.177394  0.433189
 0.166769 -0.798203 -0.578844   2.02559
        0         0         0         1

 0.308581 -0.535105   0.78641  0.711118
-0.940645 -0.294481  0.168725  0.403164
 0.141297 -0.791798 -0.594215   2.00781
        0         0         0         1

 0.308581 -0.535105   0.78641  0.711118
-0.940645 -0.294481  0.168725  0.403164
 0.141297 -0.791798 -0.594215   2.00781
        0         0         0         1

 0.294215 -0.552667  0.779742  0.718021
-0.947344 -0.276538  0.161451  0.385384
   0.1264 -0.786185 -0.604927   1.99475
        0         0         0         1

 0.294215 -0.552667  0.779742  0.718021
-0.947344 -0.276538  0.161451  0.385384
   0.1264 -0.786185 -0.604927   1.99475
        0         0         0         1

 0.278073 -0.563132  0.778176  0.723054
-0.953672 -0.258698  0.153576  0.369133
 0.114829  -0.78483  -0.60898   1.98043
        0         0         0         1

 0.278073 -0.563132  0.778176  0.723054
-0.953672 -0.258698  0.153576  0.369133
 0.114829  -0.78483  -0.60898   1.98043
        0         0         0         1

 0.259357 -0.576407  0.774912  0.729932
-0.961565 -0.229009  0.151484  0.346229
0.0901453 -0.784417 -0.613648   1.95895
        0         0         0         1

 0.259357 -0.576407  0.774912  0.729932
-0.961565 -0.229009  0.151484  0.346229
0.0901453 -0.784417 -0.613648   1.95895
        0         0         0         1

 0.252853 -0.583913  0.771434  0.733941
-0.965253 -0.206612  0.159993  0.331753
0.0659652 -0.785084 -0.615866   1.94539
        0         0         0         1

 0.252853 -0.583913  0.771434  0.733941
-0.965253 -0.206612  0.159993  0.331753
0.0659652 -0.785084 -0.615866   1.94539
        0         0         0         1

 0.245828 -0.584626  0.773163  0.736357
-0.968154 -0.187086  0.166361   0.31981
0.0473889 -0.789438 -0.611999   1.92884
        0         0         0         1

 0.245828 -0.584626  0.773163  0.736357
-0.968154 -0.187086  0.166361   0.31981
0.0473889 -0.789438 -0.611999   1.92884
        0         0         0         1

 0.237696 -0.584744  0.775613  0.741744
-0.971065  -0.16203  0.175438   0.30405
0.0230864 -0.794871 -0.606339   1.90633
        0         0         0         1

 0.237696 -0.584744  0.775613  0.741744
-0.971065  -0.16203  0.175438   0.30405
0.0230864 -0.794871 -0.606339   1.90633
        0         0         0         1

  0.23348 -0.579835  0.780563  0.744212
-0.972251 -0.151312  0.178416  0.295388
0.0146572  -0.80056 -0.599074   1.89002
        0         0         0         1

  0.23348 -0.579835  0.780563  0.744212
-0.972251 -0.151312  0.178416  0.295388
0.0146572  -0.80056 -0.599074   1.89002
        0         0         0         1

 0.232574 -0.573604  0.785422  0.748135
-0.972577 -0.138697  0.186701  0.284547
0.00184386 -0.807305 -0.590131   1.86467
        0         0         0         1

 0.232574 -0.573604  0.785422  0.748135
-0.972577 -0.138697  0.186701  0.284547
0.00184386 -0.807305 -0.590131   1.86467
        0         0         0         1

 0.234913 -0.569867  0.787444  0.750696
-0.971998 -0.132753  0.193897  0.278122
-0.00595991 -0.810943 -0.585095   1.84758
        0         0         0         1

 0.234913 -0.569867  0.787444  0.750696
-0.971998 -0.132753  0.193897  0.278122
-0.00595991 -0.810943 -0.585095   1.84758
        0         0         0         1

  0.23911 -0.567551  0.787853  0.753705
 -0.97092 -0.129813  0.201155  0.273027
-0.0118919  -0.81304 -0.582086   1.83021
        0         0         0         1

  0.23911 -0.567551  0.787853  0.753705
 -0.97092 -0.129813  0.201155  0.273027
-0.0118919  -0.81304 -0.582086   1.83021
        0         0         0         1

  0.24718 -0.566084  0.786417  0.758213
-0.968757 -0.127386  0.212796  0.265618
-0.0202824 -0.814446 -0.579885   1.80567
        0         0         0         1

  0.24718 -0.566084  0.786417  0.758213
-0.968757 -0.127386  0.212796  0.265618
-0.0202824 -0.814446 -0.579885   1.80567
        0         0         0         1

 0.252786 -0.567232  0.783803  0.762695
-0.967189 -0.126894  0.220099  0.261852
-0.0253873 -0.813723 -0.580698    1.7899
        0         0         0         1

 0.252786 -0.567232  0.783803  0.762695
-0.967189 -0.126894  0.220099  0.261852
-0.0253873 -0.813723 -0.580698    1.7899
        0         0         0         1

 0.264852 -0.570515   0.77741  0.769497
-0.963571 -0.125481  0.236188  0.257013
-0.0371985 -0.811645 -0.582966   1.76637
        0         0         0         1

 0.264852 -0.570515   0.77741  0.769497
-0.963571 -0.125481  0.236188  0.257013
-0.0371985 -0.811645 -0.582966   1.76637
        0         0         0         1

 0.271471 -0.571076   0.77471  0.774205
-0.961477   -0.1248  0.244921  0.253648
-0.0431841 -0.811355 -0.582956   1.75146
        0         0         0         1

 0.271471 -0.571076   0.77471  0.774205
-0.961477   -0.1248  0.244921  0.253648
-0.0431841 -0.811355 -0.582956   1.75146
        0         0         0         1

 0.278803 -0.572748  0.770862  0.779806
-0.958938 -0.122552   0.25577  0.250353
-0.0520215 -0.810519 -0.583397   1.73789
        0         0         0         1

 0.278803 -0.572748  0.770862  0.779806
-0.958938 -0.122552   0.25577  0.250353
-0.0520215 -0.810519 -0.583397   1.73789
        0         0         0         1

 0.286025 -0.571538  0.769112  0.787839
-0.956224 -0.118443  0.267594  0.245551
-0.0618442 -0.811982 -0.580396   1.71837
        0         0         0         1

 0.286025 -0.571538  0.769112  0.787839
-0.956224 -0.118443  0.267594  0.245551
-0.0618442 -0.811982 -0.580396   1.71837
        0         0         0         1

 0.288803 -0.569258  0.769765  0.793907
-0.955071 -0.115388  0.272994  0.243262
-0.0665825 -0.814022 -0.577005   1.70548
        0         0         0         1

 0.288803 -0.569258  0.769765  0.793907
-0.955071 -0.115388  0.272994  0.243262
-0.0665825 -0.814022 -0.577005   1.70548
        0         0         0         1

 0.294576 -0.561922  0.772961  0.802619
-0.952742 -0.109882   0.28321  0.240003
-0.0742076  -0.81986 -0.567735   1.68707
        0         0         0         1

 0.294576 -0.561922  0.772961  0.802619
-0.952742 -0.109882   0.28321  0.240003
-0.0742076  -0.81986 -0.567735   1.68707
        0         0         0         1

 0.296946 -0.555738  0.776516  0.808774
-0.951653  -0.10529  0.288566  0.238169
-0.078608 -0.824663 -0.560135   1.67551
        0         0         0         1

 0.296946 -0.555738  0.776516  0.808774
-0.951653  -0.10529  0.288566  0.238169
-0.078608 -0.824663 -0.560135   1.67551
        0         0         0         1

 0.299203 -0.549207  0.780288  0.814879
-0.950639 -0.101095  0.293369  0.236801
-0.0822371 -0.829549 -0.552346    1.6642
        0         0         0         1

 0.299203 -0.549207  0.780288  0.814879
-0.950639 -0.101095  0.293369  0.236801
-0.0822371 -0.829549 -0.552346    1.6642
        0         0         0         1

  0.303958  -0.538047   0.786203   0.823649
 -0.948524 -0.0938674   0.302475   0.234968
-0.0889471  -0.837672  -0.538883    1.64777
         0          0          0          1

  0.303958  -0.538047   0.786203   0.823649
 -0.948524 -0.0938674   0.302475   0.234968
-0.0889471  -0.837672  -0.538883    1.64777
         0          0          0          1

  0.307755  -0.529439   0.790557   0.828546
 -0.947066 -0.0906489   0.307974   0.233709
-0.0913906  -0.843491  -0.529312    1.63731
         0          0          0          1

  0.307755  -0.529439   0.790557   0.828546
 -0.947066 -0.0906489   0.307974   0.233709
-0.0913906  -0.843491  -0.529312    1.63731
         0          0          0          1

  0.313387  -0.522139   0.793196    0.83702
 -0.944553 -0.0851765   0.317118   0.232896
-0.0980182  -0.848597  -0.519881    1.62248
         0          0          0          1

  0.313387  -0.522139   0.793196    0.83702
 -0.944553 -0.0851765   0.317118   0.232896
-0.0980182  -0.848597  -0.519881    1.62248
         0          0          0          1

  0.316192  -0.520607   0.793089   0.842927
 -0.943192 -0.0825952   0.321818   0.233182
 -0.102035  -0.849792  -0.517149    1.61264
         0          0          0          1

  0.316192  -0.520607   0.793089   0.842927
 -0.943192 -0.0825952   0.321818   0.233182
 -0.102035  -0.849792  -0.517149    1.61264
         0          0          0          1

  0.321375  -0.520181   0.791284   0.847752
  -0.94089 -0.0810069   0.328884    0.23316
  -0.10698  -0.850206  -0.515466    1.60294
         0          0          0          1

  0.321375  -0.520181   0.791284   0.847752
  -0.94089 -0.0810069   0.328884    0.23316
  -0.10698  -0.850206  -0.515466    1.60294
         0          0          0          1

   0.32601  -0.524314   0.786646   0.854997
  -0.93854 -0.0796853   0.335847   0.234072
 -0.113405  -0.847788  -0.518068    1.58901
         0          0          0          1

   0.32601  -0.524314   0.786646   0.854997
  -0.93854 -0.0796853   0.335847   0.234072
 -0.113405  -0.847788  -0.518068    1.58901
         0          0          0          1

  0.329139  -0.529052   0.782158    0.85935
 -0.936849 -0.0792362   0.340639    0.23493
 -0.118241  -0.844882  -0.521722    1.57994
         0          0          0          1

  0.329139  -0.529052   0.782158    0.85935
 -0.936849 -0.0792362   0.340639    0.23493
 -0.118241  -0.844882  -0.521722    1.57994
         0          0          0          1

  0.335645  -0.539228   0.772383   0.865008
 -0.932971 -0.0771105   0.351596   0.236549
 -0.130032  -0.838622  -0.528966    1.56621
         0          0          0          1

  0.335645  -0.539228   0.772383   0.865008
 -0.932971 -0.0771105   0.351596   0.236549
 -0.130032  -0.838622  -0.528966    1.56621
         0          0          0          1

  0.338922  -0.545612   0.766446    0.86807
 -0.930566 -0.0744934   0.358466   0.237836
 -0.138488   -0.83472  -0.532976    1.55723
         0          0          0          1

  0.338922  -0.545612   0.766446    0.86807
 -0.930566 -0.0744934   0.358466   0.237836
 -0.138488   -0.83472  -0.532976    1.55723
         0          0          0          1

  0.340359   -0.55325   0.760309   0.871306
 -0.928746 -0.0714568   0.363764   0.239831
 -0.146923  -0.829945   -0.53815    1.54776
         0          0          0          1

  0.340359   -0.55325   0.760309   0.871306
 -0.928746 -0.0714568   0.363764   0.239831
 -0.146923  -0.829945   -0.53815    1.54776
         0          0          0          1

  0.342609  -0.566089   0.749775   0.874694
 -0.924856 -0.0629721   0.375068   0.242422
 -0.165107  -0.821935  -0.545126    1.53444
         0          0          0          1

  0.342609  -0.566089   0.749775   0.874694
 -0.924856 -0.0629721   0.375068   0.242422
 -0.165107  -0.821935  -0.545126    1.53444
         0          0          0          1

 0.349378 -0.559439   0.75164  0.874076
-0.923109 -0.067982  0.378482  0.244381
 -0.16064 -0.826079 -0.540175   1.52696
        0         0         0         1

 0.349378 -0.559439   0.75164  0.874076
-0.923109 -0.067982  0.378482  0.244381
 -0.16064 -0.826079 -0.540175   1.52696
        0         0         0         1

  0.354331  -0.558411   0.750084   0.876854
 -0.922534 -0.0775815   0.378038   0.247682
 -0.152908  -0.825929  -0.542643    1.52213
         0          0          0          1

  0.354331  -0.558411   0.750084   0.876854
 -0.922534 -0.0775815   0.378038   0.247682
 -0.152908  -0.825929  -0.542643    1.52213
         0          0          0          1

  0.359053  -0.563521   0.743993   0.879746
  -0.92165 -0.0884292   0.377812   0.249668
 -0.147114  -0.821355   -0.55112    1.52242
         0          0          0          1

  0.359053  -0.563521   0.743993   0.879746
  -0.92165 -0.0884292   0.377812   0.249668
 -0.147114  -0.821355   -0.55112    1.52242
         0          0          0          1

  0.366942  -0.570783   0.734548   0.882701
  -0.91875 -0.0986228   0.382324   0.250993
 -0.145781  -0.815157  -0.560596    1.52334
         0          0          0          1

  0.366942  -0.570783   0.734548   0.882701
  -0.91875 -0.0986228   0.382324   0.250993
 -0.145781  -0.815157  -0.560596    1.52334
         0          0          0          1

 0.378214 -0.585667  0.716902  0.886123
-0.913988 -0.113353  0.389587  0.252408
-0.146905 -0.802587 -0.578164   1.52533
        0         0         0         1

 0.378214 -0.585667  0.716902  0.886123
-0.913988 -0.113353  0.389587  0.252408
-0.146905 -0.802587 -0.578164   1.52533
        0         0         0         1

 0.381666 -0.597683  0.705058  0.888047
-0.912203 -0.120557  0.391602  0.253528
-0.149054 -0.792617 -0.591221   1.52723
        0         0         0         1

 0.381666 -0.597683  0.705058  0.888047
-0.912203 -0.120557  0.391602  0.253528
-0.149054 -0.792617 -0.591221   1.52723
        0         0         0         1

 0.385803 -0.617235  0.685695   0.89039
-0.908884 -0.126684  0.397344   0.25537
-0.158388 -0.776513  -0.60987   1.53123
        0         0         0         1

 0.385803 -0.617235  0.685695   0.89039
-0.908884 -0.126684  0.397344   0.25537
-0.158388 -0.776513  -0.60987   1.53123
        0         0         0         1

 0.386211 -0.627519  0.676063  0.890799
-0.907137 -0.125565  0.401667  0.256614
-0.167164  -0.76841  -0.61774   1.53415
        0         0         0         1

 0.386211 -0.627519  0.676063  0.890799
-0.907137 -0.125565  0.401667  0.256614
-0.167164  -0.76841  -0.61774   1.53415
        0         0         0         1

 0.384742 -0.633914  0.670914   0.89035
-0.906165 -0.121117  0.405211  0.257929
-0.175609 -0.763861  -0.62103   1.53703
        0         0         0         1

 0.384742 -0.633914  0.670914   0.89035
-0.906165 -0.121117  0.405211  0.257929
-0.175609 -0.763861  -0.62103   1.53703
        0         0         0         1

 0.380256 -0.638954  0.668688  0.887878
-0.906032 -0.112124  0.408086  0.259946
-0.185772  -0.76103 -0.621548   1.54161
        0         0         0         1

 0.380256 -0.638954  0.668688  0.887878
-0.906032 -0.112124  0.408086  0.259946
-0.185772  -0.76103 -0.621548   1.54161
        0         0         0         1

 0.376672 -0.638328  0.671309  0.885089
-0.906722 -0.105683  0.408272  0.261389
-0.189666 -0.762475 -0.618594   1.54489
        0         0         0         1

 0.376672 -0.638328  0.671309  0.885089
-0.906722 -0.105683  0.408272  0.261389
-0.189666 -0.762475 -0.618594   1.54489
        0         0         0         1

 0.370993  -0.64014  0.672744  0.880357
 -0.90867 -0.100826  0.405157  0.263908
-0.191527 -0.761613 -0.619082   1.55061
        0         0         0         1

 0.370993  -0.64014  0.672744  0.880357
 -0.90867 -0.100826  0.405157  0.263908
-0.191527 -0.761613 -0.619082   1.55061
        0         0         0         1

 0.365816 -0.648136  0.667906  0.878249
-0.910466 -0.100438  0.401202  0.266352
 -0.19295 -0.754872 -0.626848   1.55552
        0         0         0         1

 0.365816 -0.648136  0.667906  0.878249
-0.910466 -0.100438  0.401202  0.266352
 -0.19295 -0.754872 -0.626848   1.55552
        0         0         0         1

 0.359055 -0.660834  0.659073  0.875649
-0.912631 -0.100746  0.396175  0.268942
-0.195407 -0.743739 -0.639271   1.56109
        0         0         0         1

 0.359055 -0.660834  0.659073  0.875649
-0.912631 -0.100746  0.396175  0.268942
-0.195407 -0.743739 -0.639271   1.56109
        0         0         0         1

 0.349117 -0.672758  0.652315  0.870717
-0.916734 -0.100933  0.386537   0.27366
-0.194206 -0.732946 -0.651977   1.56995
        0         0         0         1

 0.349117 -0.672758  0.652315  0.870717
-0.916734 -0.100933  0.386537   0.27366
-0.194206 -0.732946 -0.651977   1.56995
        0         0         0         1

  0.342595  -0.674293   0.654185   0.867919
 -0.919978 -0.0996301   0.379097   0.277777
 -0.190446  -0.731712  -0.654467    1.57608
         0          0          0          1

  0.342595  -0.674293   0.654185   0.867919
 -0.919978 -0.0996301   0.379097   0.277777
 -0.190446  -0.731712  -0.654467    1.57608
         0          0          0          1

  0.334088  -0.675073    0.65777   0.863117
 -0.924483 -0.0987449   0.368212   0.284219
 -0.183619  -0.731112  -0.657083    1.58615
         0          0          0          1

  0.334088  -0.675073    0.65777   0.863117
 -0.924483 -0.0987449   0.368212   0.284219
 -0.183619  -0.731112  -0.657083    1.58615
         0          0          0          1

  0.327431  -0.682712   0.653218   0.859651
 -0.926478 -0.0962198    0.36384   0.288337
 -0.185546  -0.724325  -0.664023    1.59444
         0          0          0          1

  0.327431  -0.682712   0.653218   0.859651
 -0.926478 -0.0962198    0.36384   0.288337
 -0.185546  -0.724325  -0.664023    1.59444
         0          0          0          1

  0.323005  -0.691841   0.645774     0.8561
 -0.927267 -0.0948501   0.362187   0.293078
 -0.189324  -0.715793  -0.672158    1.60289
         0          0          0          1

  0.323005  -0.691841   0.645774     0.8561
 -0.927267 -0.0948501   0.362187   0.293078
 -0.189324  -0.715793  -0.672158    1.60289
         0          0          0          1

  0.315782  -0.703207    0.63701   0.849271
 -0.928703 -0.0915182   0.359353   0.300629
 -0.194401  -0.705071   -0.68197    1.61694
         0          0          0          1

  0.315782  -0.703207    0.63701   0.849271
 -0.928703 -0.0915182   0.359353   0.300629
 -0.194401  -0.705071   -0.68197    1.61694
         0          0          0          1

  0.313206  -0.704741   0.636587   0.843304
 -0.929257 -0.0891399   0.358518    0.30588
 -0.195917  -0.703843  -0.682804    1.62675
         0          0          0          1

  0.313206  -0.704741   0.636587   0.843304
 -0.929257 -0.0891399   0.358518    0.30588
 -0.195917  -0.703843  -0.682804    1.62675
         0          0          0          1

  0.306823  -0.709822   0.634044   0.834698
 -0.932071 -0.0892696   0.351104   0.315473
  -0.19262  -0.698701  -0.688995    1.64244
         0          0          0          1

  0.306823  -0.709822   0.634044   0.834698
 -0.932071 -0.0892696   0.351104   0.315473
  -0.19262  -0.698701  -0.688995    1.64244
         0          0          0          1

   0.30519  -0.716749   0.627001   0.829736
 -0.933122 -0.0936386   0.347152   0.322802
 -0.190109  -0.691015  -0.697392     1.6543
         0          0          0          1

   0.30519  -0.716749   0.627001   0.829736
 -0.933122 -0.0936386   0.347152   0.322802
 -0.190109  -0.691015  -0.697392     1.6543
         0          0          0          1

  0.307847  -0.726191   0.614717   0.825265
 -0.931854 -0.0997238    0.34886   0.330825
 -0.192037  -0.680222  -0.707404    1.66694
         0          0          0          1

  0.307847  -0.726191   0.614717   0.825265
 -0.931854 -0.0997238    0.34886   0.330825
 -0.192037  -0.680222  -0.707404    1.66694
         0          0          0          1

 0.312145 -0.746796  0.587249  0.819583
-0.929436 -0.112027  0.351567  0.345016
-0.196761  -0.65555 -0.729067   1.68637
        0         0         0         1

 0.312145 -0.746796  0.587249  0.819583
-0.929436 -0.112027  0.351567  0.345016
-0.196761  -0.65555 -0.729067   1.68637
        0         0         0         1

 0.315046 -0.756857  0.572637  0.814174
-0.929077 -0.122734   0.34893  0.355685
-0.193809 -0.641953 -0.741845   1.69869
        0         0         0         1

 0.315046 -0.756857  0.572637  0.814174
-0.929077 -0.122734   0.34893  0.355685
-0.193809 -0.641953 -0.741845   1.69869
        0         0         0         1

 0.320416 -0.761589  0.563309  0.804156
-0.929413 -0.137807  0.342345  0.373146
-0.183098 -0.633239 -0.751986   1.71922
        0         0         0         1

 0.320416 -0.761589  0.563309  0.804156
-0.929413 -0.137807  0.342345  0.373146
-0.183098 -0.633239 -0.751986   1.71922
        0         0         0         1

  0.32375 -0.761509  0.561507  0.796795
-0.930685 -0.149477  0.333889  0.386325
-0.170327 -0.630682 -0.757118   1.73258
        0         0         0         1

  0.32375 -0.761509  0.561507  0.796795
-0.930685 -0.149477  0.333889  0.386325
-0.170327 -0.630682 -0.757118   1.73258
        0         0         0         1

 0.329069 -0.761134  0.558917  0.788089
-0.931706 -0.165334  0.323401   0.40101
-0.153744 -0.627168 -0.763559   1.74564
        0         0         0         1

 0.329069 -0.761134  0.558917  0.788089
-0.931706 -0.165334  0.323401   0.40101
-0.153744 -0.627168 -0.763559   1.74564
        0         0         0         1

 0.343906 -0.763197  0.547045  0.775567
 -0.92925 -0.192863  0.315115  0.424853
 -0.13499 -0.616712 -0.775528   1.76683
        0         0         0         1

 0.343906 -0.763197  0.547045  0.775567
 -0.92925 -0.192863  0.315115  0.424853
 -0.13499 -0.616712 -0.775528   1.76683
        0         0         0         1

 0.359145 -0.764049  0.535952  0.766499
-0.924862 -0.214405  0.314102  0.441593
-0.125078 -0.608489 -0.783643   1.78142
        0         0         0         1

 0.359145 -0.764049  0.535952  0.766499
-0.924862 -0.214405  0.314102  0.441593
-0.125078 -0.608489 -0.783643   1.78142
        0         0         0         1

 0.382677  -0.76446  0.518807   0.75345
-0.917992 -0.251315  0.306808  0.470931
-0.104159 -0.593669  -0.79794   1.80228
        0         0         0         1

 0.382677  -0.76446  0.518807   0.75345
-0.917992 -0.251315  0.306808  0.470931
-0.104159 -0.593669  -0.79794   1.80228
        0         0         0         1

 0.397798 -0.762604   0.51009  0.744307
-0.913286 -0.276084  0.299477   0.49267
-0.0875548  -0.58499 -0.806301   1.81532
        0         0         0         1

 0.397798 -0.762604   0.51009  0.744307
-0.913286 -0.276084  0.299477   0.49267
-0.0875548  -0.58499 -0.806301   1.81532
        0         0         0         1

 0.414664 -0.759714  0.500887  0.734517
-0.906726 -0.298489  0.297913   0.51446
-0.0768198 -0.577701 -0.812626    1.8317
        0         0         0         1

 0.414664 -0.759714  0.500887  0.734517
-0.906726 -0.298489  0.297913   0.51446
-0.0768198 -0.577701 -0.812626    1.8317
        0         0         0         1

 0.440401 -0.747394  0.497443  0.717958
-0.896295 -0.333928  0.291799  0.551409
-0.051979 -0.574364 -0.816948   1.85183
        0         0         0         1

 0.440401 -0.747394  0.497443  0.717958
-0.896295 -0.333928  0.291799  0.551409
-0.051979 -0.574364 -0.816948   1.85183
        0         0         0         1

 0.452615  -0.73938  0.498455  0.708185
-0.891021 -0.353093   0.28532  0.579394
-0.0349591 -0.573274 -0.818618   1.86395
        0         0         0         1

 0.452615  -0.73938  0.498455  0.708185
-0.891021 -0.353093   0.28532  0.579394
-0.0349591 -0.573274 -0.818618   1.86395
        0         0         0         1

 0.475262 -0.721683  0.503289  0.687958
-0.879749 -0.381388  0.283873  0.621225
-0.012918 -0.577682  -0.81616   1.88298
        0         0         0         1

 0.475262 -0.721683  0.503289  0.687958
-0.879749 -0.381388  0.283873  0.621225
-0.012918 -0.577682  -0.81616   1.88298
        0         0         0         1

 0.484195 -0.715309  0.503874  0.677793
 -0.87494 -0.391902  0.284417  0.650892
-0.0059768 -0.578572 -0.815609   1.89643
        0         0         0         1

 0.484195 -0.715309  0.503874  0.677793
 -0.87494 -0.391902  0.284417  0.650892
-0.0059768 -0.578572 -0.815609   1.89643
        0         0         0         1

  0.49613 -0.708436  0.501969  0.665323
-0.868248 -0.405292  0.286155  0.682707
0.000721768 -0.577804 -0.816176   1.90671
        0         0         0         1

  0.49613 -0.708436  0.501969  0.665323
-0.868248 -0.405292  0.286155  0.682707
0.000721768 -0.577804 -0.816176   1.90671
        0         0         0         1

 0.507571 -0.696078  0.507787  0.649205
-0.861578 -0.415142  0.292131  0.733742
0.00745811 -0.585776 -0.810439   1.92182
        0         0         0         1

 0.507571 -0.696078  0.507787  0.649205
-0.861578 -0.415142  0.292131  0.733742
0.00745811 -0.585776 -0.810439   1.92182
        0         0         0         1

 0.511217 -0.681114  0.524157  0.635543
 -0.85924  -0.41858  0.294106  0.768746
 0.019082 -0.600729 -0.799225   1.92928
        0         0         0         1

 0.511217 -0.681114  0.524157  0.635543
 -0.85924  -0.41858  0.294106  0.768746
 0.019082 -0.600729 -0.799225   1.92928
        0         0         0         1

 0.516798 -0.647168   0.56044  0.618624
-0.854421 -0.430972  0.290221  0.803626
 0.053712 -0.628837  -0.77568   1.93424
        0         0         0         1

 0.516798 -0.647168   0.56044  0.618624
-0.854421 -0.430972  0.290221  0.803626
 0.053712 -0.628837  -0.77568   1.93424
        0         0         0         1

  0.51713 -0.630275  0.579077  0.600243
-0.852091 -0.442922  0.278856  0.858034
  0.08073 -0.637631   -0.7661   1.94478
        0         0         0         1

  0.51713 -0.630275  0.579077  0.600243
-0.852091 -0.442922  0.278856  0.858034
  0.08073 -0.637631   -0.7661   1.94478
        0         0         0         1

 0.514013 -0.625972  0.586471  0.585151
-0.852677 -0.447352  0.269847  0.892397
0.0934424 -0.638776 -0.763697   1.95166
        0         0         0         1

 0.514013 -0.625972  0.586471  0.585151
-0.852677 -0.447352  0.269847  0.892397
0.0934424 -0.638776 -0.763697   1.95166
        0         0         0         1

 0.487638 -0.622342   0.61229  0.576211
-0.862032  -0.45427  0.224809  0.954466
 0.138237 -0.637439 -0.757998   1.95421
        0         0         0         1

 0.487638 -0.622342   0.61229  0.576211
-0.862032  -0.45427  0.224809  0.954466
 0.138237 -0.637439 -0.757998   1.95421
        0         0         0         1

 0.475482 -0.605009  0.638655  0.561971
-0.861403 -0.467583   0.19837  0.992697
 0.178609 -0.644461 -0.743484   1.95088
        0         0         0         1

 0.475482 -0.605009  0.638655  0.561971
-0.861403 -0.467583   0.19837  0.992697
 0.178609 -0.644461 -0.743484   1.95088
        0         0         0         1

 0.461335 -0.596105  0.657136  0.552301
-0.862524 -0.474887  0.174743   1.03235
   0.2079 -0.647411 -0.733237    1.9463
        0         0         0         1

 0.461335 -0.596105  0.657136  0.552301
-0.862524 -0.474887  0.174743   1.03235
   0.2079 -0.647411 -0.733237    1.9463
        0         0         0         1

 0.443768  -0.58026  0.682911  0.526049
-0.858744 -0.493202   0.13896   1.08436
  0.25618 -0.648112 -0.717163   1.94601
        0         0         0         1

 0.443768  -0.58026  0.682911  0.526049
-0.858744 -0.493202   0.13896   1.08436
  0.25618 -0.648112 -0.717163   1.94601
        0         0         0         1

 0.404138 -0.591041    0.6981  0.526036
-0.862509 -0.500347 0.0757019   1.13114
 0.304549 -0.632712 -0.711987   1.93337
        0         0         0         1

 0.404138 -0.591041    0.6981  0.526036
-0.862509 -0.500347 0.0757019   1.13114
 0.304549 -0.632712 -0.711987   1.93337
        0         0         0         1

  0.37057 -0.585333  0.721154  0.506804
-0.858136 -0.512826 0.0247175   1.18199
 0.355359 -0.628008 -0.692334    1.9336
        0         0         0         1

  0.37057 -0.585333  0.721154  0.506804
-0.858136 -0.512826 0.0247175   1.18199
 0.355359 -0.628008 -0.692334    1.9336
        0         0         0         1

