 0.632821 -0.308748  0.710079   1.16347
-0.755347 -0.447811  0.478452   1.06658
  0.17026  -0.83913 -0.516597   2.11232
        0         0         0         1

 0.628337 -0.309542  0.713706   1.16969
-0.762137 -0.428922  0.484947   1.04502
 0.156013 -0.848652 -0.505421   2.10612
        0         0         0         1

 0.625306  -0.30303  0.719142   1.16945
 -0.76551  -0.41722  0.489818   1.02922
 0.151611 -0.856797 -0.492863   2.09713
        0         0         0         1

 0.619807 -0.299344  0.725419   1.17294
-0.772103 -0.397929  0.495489   1.00861
 0.140344 -0.867205 -0.477764   2.08934
        0         0         0         1

 0.608679 -0.302286  0.733576   1.18345
-0.783961 -0.371457  0.497419  0.988527
 0.122129 -0.877863 -0.463078   2.08955
        0         0         0         1

 0.593167  -0.29375  0.749576   1.18918
-0.798567 -0.332869  0.501487  0.950335
 0.102199 -0.896052 -0.432026   2.07198
        0         0         0         1

 0.587793 -0.286866  0.756444   1.18671
-0.803678  -0.31424  0.505327  0.934462
0.0927434 -0.904965 -0.415256   2.06633
        0         0         0         1

 0.574517 -0.291979  0.764643   1.19588
-0.814419 -0.297019    0.4985  0.917765
0.0815623 -0.909136 -0.408435   2.05286
        0         0         0         1

  0.57017  -0.28307  0.771218   1.19232
-0.818351 -0.278157  0.502921  0.902354
0.0721576 -0.917878 -0.390248     2.047
        0         0         0         1

 0.555848 -0.280155  0.782653   1.19461
-0.830244 -0.234178  0.505822  0.867806
0.0415716 -0.930953 -0.362764   2.03037
        0         0         0         1

 0.548163 -0.283002  0.787037   1.19792
-0.835857 -0.218352  0.503651  0.854722
0.0293162 -0.933934 -0.356242   2.02082
        0         0         0         1

 0.540869   -0.2853  0.791242   1.20173
-0.841072 -0.191943  0.505722  0.836586
0.00759121 -0.939022 -0.343774   2.01385
        0         0         0         1

  0.53329 -0.290562  0.794465   1.20588
-0.845918 -0.177779  0.502809  0.824969
-0.00485757 -0.940196   -0.3406   2.00316
        0         0         0         1

 0.528729  -0.29019  0.797644   1.20661
-0.848521 -0.157032  0.505324  0.808967
-0.0213841 -0.943997  -0.32926   1.99276
        0         0         0         1

 0.527044 -0.290227  0.798745   1.20518
-0.849042 -0.139145  0.509673  0.795915
 -0.03678 -0.946788  -0.31975   1.98498
        0         0         0         1

 0.518441 -0.299751  0.800855   1.21236
-0.852114  -0.10272  0.513177   0.76963
-0.0715621 -0.948471 -0.308676   1.96221
        0         0         0         1

  0.518391  -0.301328   0.800295    1.21256
 -0.850977 -0.0895076   0.517519   0.759357
-0.0843102   -0.94931  -0.302823    1.95205
         0          0          0          1

 0.514743 -0.308122  0.800063   1.21581
 -0.85119 -0.072054  0.519888  0.747039
-0.102541 -0.948614  -0.29936   1.93996
        0         0         0         1

 0.515682  -0.30869  0.799239   1.21488
-0.848834 -0.057326  0.525541  0.736759
-0.116412 -0.949434 -0.291589   1.93069
        0         0         0         1

 0.510201 -0.317059   0.79948   1.21952
 -0.84724 -0.025415  0.530601  0.716121
-0.147913 -0.948065 -0.281592   1.90424
        0         0         0         1

  0.510302  -0.315405    0.80007    1.21901
 -0.845228 -0.0122791   0.534264   0.707891
 -0.158686  -0.948878  -0.272856    1.89374
         0          0          0          1

  0.506562  -0.317108   0.801771    1.22154
 -0.843761 0.00898507   0.536645   0.697163
 -0.177378  -0.948347  -0.263012    1.88138
         0          0          0          1

 0.505263 -0.314326  0.803684    1.2229
-0.841758 0.0256826  0.539244    0.6894
-0.190139 -0.948968  -0.25161   1.87161
        0         0         0         1

 0.504183 -0.309087   0.80639   1.22365
-0.839529 0.0434884  0.541571  0.680856
-0.202461 -0.950039 -0.237561   1.85724
        0         0         0         1

 0.500647 -0.305203  0.810064   1.22596
-0.838561 0.0612857  0.541349  0.673751
-0.214867 -0.950313 -0.225249   1.84731
        0         0         0         1

 0.498611 -0.289806  0.816945   1.22441
-0.834275 0.0954004  0.543031  0.659385
-0.235311 -0.952319  -0.19421   1.82294
        0         0         0         1

 0.495451 -0.286676  0.819967   1.22471
-0.833471  0.108975   0.54171  0.653842
-0.244651 -0.951809 -0.184945   1.81212
        0         0         0         1

 0.487029 -0.285481  0.825411   1.22796
-0.835211  0.124117   0.53574   0.64798
-0.255391 -0.950313 -0.177989   1.79854
        0         0         0         1

 0.483659 -0.282125  0.828541   1.22782
-0.834336   0.13745  0.533845   0.64251
-0.264494  -0.94948 -0.168909   1.78916
        0         0         0         1

 0.471232  -0.28128  0.835956    1.2304
-0.833664  0.167439  0.526279  0.631038
-0.288003 -0.944905 -0.155591    1.7668
        0         0         0         1

 0.469201 -0.280675    0.8373   1.22926
-0.832036  0.177211  0.525654  0.627163
-0.295917 -0.943302 -0.150384   1.75738
        0         0         0         1

 0.465096 -0.280273  0.839722   1.22976
-0.830477  0.190368  0.523515  0.622498
-0.306584 -0.940854 -0.144221    1.7454
        0         0         0         1

 0.460604 -0.278583  0.842754   1.23078
-0.830125   0.20092  0.520119  0.618993
-0.314222 -0.939161 -0.138714   1.73587
        0         0         0         1

 0.457548 -0.276565  0.845081   1.23069
-0.828485  0.212529  0.518115  0.614806
-0.322896   -0.9372 -0.131888   1.72473
        0         0         0         1

 0.453704 -0.275661  0.847446    1.2312
-0.827436  0.222807  0.515467  0.611567
-0.330911 -0.935076 -0.127004   1.71644
        0         0         0         1

  0.44971 -0.269705  0.851481   1.23129
-0.824348  0.241639  0.511918  0.604905
-0.343818 -0.932132 -0.113663     1.697
        0         0         0         1

 0.443718 -0.268686   0.85494   1.23366
-0.824754  0.250752  0.506857  0.602322
-0.350563 -0.930017 -0.110336   1.68868
        0         0         0         1

 0.439783 -0.264014  0.858421   1.23476
-0.824325  0.260726  0.502503  0.599273
 -0.35648 -0.928611 -0.102971   1.67913
        0         0         0         1

  0.438034   -0.25997   0.860548    1.23481
 -0.822892   0.269425   0.500259    0.59717
 -0.361905  -0.927268 -0.0959099    1.67277
         0          0          0          1

  0.430042  -0.254056   0.866325    1.23577
 -0.823364   0.283241   0.491778   0.592684
 -0.370318  -0.924786 -0.0873751    1.65636
         0          0          0          1

   0.42608   -0.25122   0.869105    1.23631
 -0.823704   0.289548   0.487518   0.590998
 -0.374122  -0.923607 -0.0835605    1.65031
         0          0          0          1

  0.418346  -0.248481   0.873638    1.23926
  -0.82661   0.294478   0.479582   0.589308
 -0.376434  -0.922789 -0.0822027    1.64216
         0          0          0          1

   0.41648  -0.245512   0.875368    1.23898
  -0.82621   0.299569   0.477111   0.587781
  -0.37937  -0.921945 -0.0780799    1.63707
         0          0          0          1

  0.412626  -0.241237   0.878376    1.24017
 -0.827479   0.303864    0.47217   0.586205
 -0.380812  -0.921668 -0.0742361    1.62989
         0          0          0          1

  0.409658  -0.237657   0.880738     1.2412
 -0.828141   0.308012   0.468307   0.585289
 -0.382574  -0.921221 -0.0706337    1.62474
         0          0          0          1

  0.402672  -0.230747   0.885783    1.24393
 -0.829841   0.316359   0.459652   0.582754
 -0.386289  -0.920148 -0.0640942    1.61308
         0          0          0          1

  0.401129  -0.227711   0.887267     1.2446
 -0.830824   0.317487   0.457092   0.581975
  -0.38578  -0.920516 -0.0618345    1.60769
         0          0          0          1

 0.399778 -0.223504  0.888945   1.24515
-0.830324  0.322485  0.454496  0.580865
-0.388253  -0.91981 -0.056658    1.6031
        0         0         0         1

   0.39781  -0.220821   0.890497    1.24629
 -0.830954   0.324731   0.451736   0.580116
 -0.388925  -0.919667 -0.0543107    1.59924
         0          0          0          1

  0.395833  -0.215097   0.892777    1.24803
 -0.831488   0.328714   0.447856   0.578399
 -0.389801  -0.919609 -0.0487344     1.5914
         0          0          0          1

   0.39506  -0.213196   0.893574    1.24877
 -0.831624   0.330257   0.446466   0.577635
 -0.390294  -0.919499 -0.0468274    1.58841
         0          0          0          1

  0.392354  -0.211916    0.89507    1.25074
 -0.833827   0.328869   0.443371   0.577471
 -0.388319  -0.920291 -0.0476684    1.58344
         0          0          0          1

   0.39216  -0.211578   0.895235     1.2512
 -0.833692   0.329584   0.443094   0.576729
 -0.388804  -0.920114 -0.0471414    1.58105
         0          0          0          1

  0.391558  -0.211565   0.895501    1.25218
  -0.83376   0.330132   0.442557   0.576249
 -0.389263   -0.91992 -0.0471283    1.57807
         0          0          0          1

  0.391229  -0.212451   0.895435     1.2531
 -0.833829   0.329916   0.442588    0.57561
 -0.389447  -0.919794 -0.0480748    1.57568
         0          0          0          1

  0.389307  -0.215414   0.895565    1.25543
 -0.833541   0.331365   0.442049   0.573949
 -0.391982  -0.918583 -0.0505536    1.57129
         0          0          0          1

  0.390204  -0.216205   0.894984    1.25542
 -0.833234   0.330654   0.443159    0.57362
 -0.391743  -0.918653 -0.0511269    1.56962
         0          0          0          1

   0.39137  -0.217622   0.894131    1.25526
 -0.833017   0.329101   0.444719   0.573247
  -0.39104  -0.918876 -0.0524827    1.56719
         0          0          0          1

  0.391444  -0.219139   0.893728    1.25601
 -0.833182   0.327871   0.445318   0.572789
 -0.390614  -0.918955 -0.0542404    1.56558
         0          0          0          1

 0.391553 -0.224152  0.892436   1.25598
-0.833529   0.32442  0.447192  0.571611
-0.389763 -0.918971 -0.059809   1.56327
        0         0         0         1

  0.389947   -0.22882   0.891955     1.2569
 -0.834044   0.322765    0.44743   0.571079
 -0.390273  -0.918403 -0.0649852    1.56291
         0          0          0          1

   0.38866  -0.237129   0.890344    1.25598
 -0.834568   0.318873   0.449239   0.570547
 -0.390435  -0.917654 -0.0739668    1.56208
         0          0          0          1

  0.384228  -0.244587   0.890251    1.25651
 -0.836522   0.315773   0.447794   0.570227
 -0.390642  -0.916769 -0.0832732    1.56122
         0          0          0          1

  0.379264  -0.253008   0.890026    1.25741
 -0.838804   0.312036    0.44614    0.56998
 -0.390597  -0.915762 -0.0938798    1.56013
         0          0          0          1

  0.377023  -0.258611   0.889367    1.25702
 -0.838805   0.311851   0.446268   0.569247
  -0.39276  -0.914259 -0.0993488     1.5604
         0          0          0          1

 0.374521  -0.26405  0.888826   1.25611
 -0.83907  0.311419  0.446071  0.568177
-0.394583  -0.91285 -0.104923   1.56074
        0         0         0         1

 0.375279 -0.264479  0.888379    1.2553
-0.838576  0.311465  0.446967  0.567853
-0.394912  -0.91271 -0.104899   1.56093
        0         0         0         1

 0.374013 -0.266379  0.888345   1.25476
-0.838517  0.312115  0.446625  0.567454
-0.396238 -0.911935 -0.106628   1.56128
        0         0         0         1

 0.373155  -0.26844  0.888085   1.25416
-0.839371  0.310104  0.446421  0.567347
-0.395236 -0.912017 -0.109604   1.56088
        0         0         0         1

 0.367335 -0.274043    0.8888   1.25346
-0.841009  0.310234  0.443237  0.566836
-0.397202 -0.910305 -0.116513   1.56169
        0         0         0         1

 0.366577 -0.276407  0.888381   1.25296
-0.840808  0.310379  0.443517   0.56664
-0.398326 -0.909541 -0.118627   1.56263
        0         0         0         1

  0.36315 -0.281779  0.888101    1.2528
-0.841457  0.310112   0.44247  0.566481
 -0.40009 -0.907982 -0.124488   1.56366
        0         0         0         1

  0.36353 -0.284343  0.887128   1.25229
-0.841259  0.308852  0.443727  0.566551
-0.400161 -0.907612 -0.126929   1.56446
        0         0         0         1

 0.367128 -0.285346  0.885322   1.25065
-0.839496  0.308243  0.447474  0.566933
-0.400579 -0.907504 -0.126383   1.56632
        0         0         0         1

 0.367661 -0.285842  0.884941   1.25008
 -0.83985  0.306577  0.447954  0.567324
-0.399346 -0.907912 -0.127348   1.56748
        0         0         0         1

 0.367968 -0.288734  0.883874   1.24876
-0.840248  0.303851  0.449064  0.568426
-0.398225 -0.907914 -0.130801   1.57138
        0         0         0         1

 0.366706 -0.290607  0.883784   1.24896
-0.841185  0.302222  0.448407  0.569093
-0.397409  -0.90786 -0.133628   1.57369
        0         0         0         1

 0.365458 -0.293049  0.883495   1.24865
-0.842521  0.299375   0.44781  0.570037
-0.395726 -0.908018 -0.137491   1.57689
        0         0         0         1

 0.364507 -0.295217  0.883166   1.24835
-0.844056  0.295851   0.44726  0.571013
-0.393325  -0.90847  -0.14134    1.5794
        0         0         0         1

  0.36252 -0.297583  0.883189   1.24784
-0.848442  0.286757  0.444878  0.573063
-0.385649 -0.910612 -0.148527   1.58634
        0         0         0         1

 0.364441  -0.29828  0.882163    1.2458
-0.849882  0.280672  0.446008  0.574337
-0.380634 -0.912278 -0.151214   1.58945
        0         0         0         1

 0.364608 -0.297528  0.882348   1.24477
-0.852537  0.274426  0.444826  0.575564
-0.374488 -0.914422 -0.153596   1.59393
        0         0         0         1

 0.365485 -0.295835  0.882554   1.24383
-0.854264  0.269945  0.444256  0.576565
-0.369667 -0.916303  -0.15406   1.59805
        0         0         0         1

 0.365983 -0.293259  0.883207   1.24358
-0.856591  0.264792  0.442875  0.577861
-0.363743 -0.918632 -0.154294    1.6039
        0         0         0         1

 0.367555 -0.290047  0.883615   1.24274
-0.858588  0.259296  0.442258  0.579123
-0.357394 -0.921216 -0.153725   1.60837
        0         0         0         1

 0.371776 -0.280787   0.88484    1.2416
-0.863247  0.246017  0.440772  0.581996
-0.341449 -0.927704 -0.150926   1.62096
        0         0         0         1

 0.372792 -0.277138  0.885562   1.24142
-0.865467  0.240341  0.439548  0.583304
-0.334653 -0.930285 -0.150257   1.62649
        0         0         0         1

  0.37563 -0.272498  0.885803   1.24067
-0.868254   0.23077   0.43918  0.585204
-0.324093 -0.934072 -0.149913   1.63378
        0         0         0         1

 0.378503 -0.269388  0.885531   1.23932
-0.869641  0.224106  0.439887  0.586179
-0.316954 -0.936593 -0.149446   1.64068
        0         0         0         1

  0.38262 -0.262409  0.885857   1.23697
-0.874772  0.205621  0.438742  0.589458
-0.297281 -0.942794 -0.150873   1.65799
        0         0         0         1

 0.383372 -0.259098  0.886506   1.23621
-0.877775  0.196355  0.436985  0.590884
-0.287292 -0.945681 -0.152153   1.66552
        0         0         0         1

  0.38576 -0.254049  0.886932   1.23462
-0.880788  0.184714  0.435997   0.59264
-0.274593 -0.949389 -0.152508   1.67561
        0         0         0         1

 0.387477  -0.24991  0.887359   1.23363
-0.883123  0.175535  0.435064  0.594132
-0.264489 -0.952225 -0.152686   1.68497
        0         0         0         1

 0.389503  -0.24463  0.887943   1.23258
-0.886254  0.162853  0.433628  0.596206
-0.250683 -0.955843 -0.153373   1.69592
        0         0         0         1

 0.393702 -0.239093  0.887599   1.23111
-0.887782  0.151537  0.434603  0.598252
-0.238415 -0.959099 -0.152602   1.70572
        0         0         0         1

 0.399543 -0.229122  0.887619   1.22982
-0.892471  0.123985  0.433732  0.602971
-0.209428 -0.965469 -0.154947   1.72994
        0         0         0         1

 0.403963 -0.225318  0.886592   1.22759
-0.893451  0.110865  0.435263  0.605529
-0.196365 -0.967957 -0.156525   1.74106
        0         0         0         1

 0.407896 -0.222235  0.885569   1.22614
-0.895089 0.0939913  0.435868  0.608806
-0.180101 -0.970452 -0.160581   1.75482
        0         0         0         1

 0.410206  -0.22041  0.884958    1.2252
-0.896679 0.0796061  0.435465  0.611579
-0.166429 -0.972153 -0.164982   1.76692
        0         0         0         1

 0.420846 -0.215086  0.881264   1.22182
-0.896771 0.0477656  0.439909  0.618604
-0.136713 -0.975426 -0.172781   1.79755
        0         0         0         1

 0.425648 -0.214659  0.879059   1.22084
-0.896679 0.0305047  0.441629   0.62287
-0.121615 -0.976213 -0.179496    1.8102
        0         0         0         1

  0.429585   -0.21355   0.877413    1.22022
 -0.897321 0.00809673   0.441303   0.628957
 -0.101344  -0.976899  -0.188145    1.82504
         0          0          0          1

   0.435592   -0.211158    0.875027     1.21774
  -0.896087 -0.00952921    0.443777    0.633871
 -0.0853688   -0.977405   -0.193367     1.83835
          0           0           0           1

  0.440671  -0.209397   0.872904    1.21576
 -0.895035 -0.0280679   0.445111   0.640096
-0.0687042  -0.977428  -0.199786    1.85629
         0          0          0          1

  0.444655  -0.206827   0.871495    1.21349
 -0.894256 -0.0472425   0.445056   0.646423
-0.0508779  -0.977236  -0.205963    1.86926
         0          0          0          1

  0.450114  -0.199764    0.87034    1.20934
  -0.89292 -0.0902807    0.44107   0.661922
-0.00953525  -0.975676   -0.21901    1.90092
         0          0          0          1

 0.451393 -0.197972  0.870087   1.20817
-0.892303 -0.107058  0.438559  0.668812
0.00632737 -0.974344 -0.224976    1.9155
        0         0         0         1

 0.456464 -0.190943  0.869012   1.20276
-0.889265 -0.129869  0.438568  0.677378
 0.029116 -0.972972 -0.229079   1.93251
        0         0         0         1

 0.457377 -0.186931  0.869404   1.20079
-0.888068 -0.146883  0.435614   0.68528
0.0462705  -0.97133 -0.233188   1.94706
        0         0         0         1

 0.462594 -0.179289  0.868252   1.19171
-0.881945 -0.192967  0.430043  0.706503
0.0904426 -0.964686 -0.247389   1.97806
        0         0         0         1

  0.46515 -0.175996   0.86756   1.18813
-0.878517 -0.212257  0.427966  0.716558
 0.108826 -0.961235 -0.253347   1.99116
        0         0         0         1

 0.465308 -0.177566  0.867156   1.18698
-0.875433 -0.237071  0.421205  0.730221
 0.130786 -0.955127 -0.265758   2.00514
        0         0         0         1

 0.468601 -0.175615  0.865778   1.18235
-0.871261 -0.253847  0.420079  0.739635
 0.146003 -0.951168 -0.271959   2.01939
        0         0         0         1

 0.471791 -0.175472  0.864073   1.17842
-0.865522 -0.279098  0.415904  0.754183
 0.168182 -0.944094 -0.283551   2.03306
        0         0         0         1

 0.474681 -0.170306  0.863524   1.17371
-0.860209 -0.297463  0.414193  0.765346
 0.186327 -0.939421 -0.287699   2.04603
        0         0         0         1

  0.47895 -0.173821  0.860461   1.16884
-0.848672 -0.342268  0.403247  0.794315
 0.224415 -0.923385 -0.311446    2.0733
        0         0         0         1

 0.482305 -0.168341  0.859676   1.16249
-0.841685 -0.361048  0.401511  0.807004
 0.242793 -0.917227 -0.315826   2.08488
        0         0         0         1

 0.486279 -0.169443  0.857218   1.15728
-0.833742 -0.383613  0.397134  0.822809
 0.261548 -0.907816 -0.327815   2.09735
        0         0         0         1

 0.488677 -0.160091  0.857651   1.14617
-0.826065 -0.401206   0.39579  0.836288
 0.280733 -0.901889 -0.328306   2.10862
        0         0         0         1

 0.495587 -0.158976  0.853885    1.1344
-0.809097 -0.441994  0.387302  0.869559
  0.31584 -0.882818 -0.347674   2.13193
        0         0         0         1

 0.494187 -0.154865  0.855451    1.1286
-0.802724 -0.459093  0.380616  0.883868
 0.333787 -0.874786 -0.351192   2.14192
        0         0         0         1

  0.49532  -0.15711  0.854385   1.12234
-0.794169 -0.480491  0.372054  0.901394
 0.352071 -0.862812 -0.362769   2.15347
        0         0         0         1

 0.496103 -0.156239  0.854091    1.1153
-0.788636 -0.492595  0.367973  0.914507
 0.363229 -0.856119 -0.367593   2.16491
        0         0         0         1

 0.497473  -0.15495  0.853529   1.10633
 -0.77952 -0.511556  0.361469    0.9323
 0.380618 -0.845163 -0.375272   2.17593
        0         0         0         1

 0.495119 -0.159742  0.854014   1.10378
-0.775696  -0.52403  0.351695  0.947513
 0.391349 -0.836585 -0.383368   2.18467
        0         0         0         1

 0.504161 -0.163656  0.847961   1.08474
 -0.74998 -0.569806  0.335934  0.990908
 0.428196 -0.805319 -0.410012   2.19186
        0         0         0         1

 0.505973 -0.163094   0.84699   1.07575
-0.742039 -0.582919  0.331033   1.00554
 0.439737 -0.795994 -0.415964   2.20022
        0         0         0         1

   0.5045 -0.167888  0.846931   1.06842
-0.733816 -0.600256   0.31813   1.02621
 0.454965 -0.781989 -0.426028   2.20726
        0         0         0         1

 0.508577 -0.177279  0.842569   1.06819
-0.731588 -0.604975  0.314299   1.03972
 0.454014 -0.776258 -0.437372   2.21896
        0         0         0         1

 0.515809 -0.185513  0.836377   1.05866
-0.713212 -0.633856  0.299258    1.0788
 0.474626 -0.750874 -0.459259   2.22756
        0         0         0         1

 0.519599 -0.185354  0.834063   1.05106
-0.711241 -0.634759  0.302022   1.08989
 0.473448  -0.75015 -0.461651   2.24075
        0         0         0         1

 0.522326 -0.180215  0.833485   1.03616
-0.698702 -0.650783  0.297149   1.11119
 0.488867 -0.737566 -0.465837   2.24108
        0         0         0         1

 0.523509 -0.181633  0.832435   1.02931
-0.695151 -0.655976  0.294042   1.12466
  0.49265 -0.732602 -0.469671   2.24799
        0         0         0         1

 0.529921 -0.178425  0.829065   1.01333
-0.683443 -0.668649  0.292941   1.14389
 0.502086 -0.721854 -0.476274   2.25155
        0         0         0         1

 0.534161 -0.179836  0.826033   1.00355
-0.672543  -0.68242  0.286336   1.16427
 0.512208 -0.708493  -0.48547   2.24883
        0         0         0         1

 0.540478   -0.1891  0.819832  0.986428
-0.660464 -0.699007  0.274184   1.20202
  0.52122  -0.68966 -0.502691   2.25414
        0         0         0         1

