 0.0993018  -0.761665   0.640316    1.01114
 -0.978561  -0.191439 -0.0759623    1.06056
   0.18044  -0.619045  -0.764346     2.3045
         0          0          0          1

 0.0993018  -0.761665   0.640316    1.01114
 -0.978561  -0.191439 -0.0759623    1.06056
   0.18044  -0.619045  -0.764346     2.3045
         0          0          0          1

  0.107287  -0.762826   0.637641     1.0181
 -0.983121  -0.176996 -0.0463279    1.02665
    0.1482  -0.621908  -0.768939    2.28037
         0          0          0          1

  0.107287  -0.762826   0.637641     1.0181
 -0.983121  -0.176996 -0.0463279    1.02665
    0.1482  -0.621908  -0.768939    2.28037
         0          0          0          1

    0.107695    -0.771668     0.626842      1.03359
   -0.990313    -0.138854 -0.000792561     0.973934
   0.0876509    -0.620684    -0.779146         2.25
           0            0            0            1

    0.107695    -0.771668     0.626842      1.03359
   -0.990313    -0.138854 -0.000792561     0.973934
   0.0876509    -0.620684    -0.779146         2.25
           0            0            0            1

  0.11956 -0.781119  0.612828   1.03672
-0.991163 -0.129625 0.0281504  0.943717
0.0574489 -0.610779 -0.789715   2.22154
        0         0         0         1

  0.11956 -0.781119  0.612828   1.03672
-0.991163 -0.129625 0.0281504  0.943717
0.0574489 -0.610779 -0.789715   2.22154
        0         0         0         1

 0.125874 -0.781286  0.611349   1.03928
-0.991868 -0.110795 0.0626277  0.911696
0.0188042 -0.614261 -0.788879    2.1959
        0         0         0         1

 0.125874 -0.781286  0.611349   1.03928
-0.991868 -0.110795 0.0626277  0.911696
0.0188042 -0.614261 -0.788879    2.1959
        0         0         0         1

  0.103384  -0.794137    0.59888    1.05406
 -0.994267 -0.0659855  0.0841402    0.86413
-0.0273014  -0.604145  -0.796406    2.15801
         0          0          0          1

  0.103384  -0.794137    0.59888    1.05406
 -0.994267 -0.0659855  0.0841402    0.86413
-0.0273014  -0.604145  -0.796406    2.15801
         0          0          0          1

  0.104721  -0.799814   0.591042    1.05746
 -0.993016 -0.0516218   0.106087   0.838189
-0.0543391  -0.598024  -0.799634    2.12463
         0          0          0          1

  0.104721  -0.799814   0.591042    1.05746
 -0.993016 -0.0516218   0.106087   0.838189
-0.0543391  -0.598024  -0.799634    2.12463
         0          0          0          1

  0.112302   -0.80808    0.57827    1.06603
 -0.987192 -0.0243679   0.157664   0.796925
 -0.113314  -0.588569  -0.800466    2.07736
         0          0          0          1

  0.112302   -0.80808    0.57827    1.06603
 -0.987192 -0.0243679   0.157664   0.796925
 -0.113314  -0.588569  -0.800466    2.07736
         0          0          0          1

 0.117859 -0.812017   0.57161   1.06988
 -0.98037 -0.003524  0.197134  0.767435
-0.158062 -0.583623 -0.796492    2.0502
        0         0         0         1

 0.117859 -0.812017   0.57161   1.06988
 -0.98037 -0.003524  0.197134  0.767435
-0.158062 -0.583623 -0.796492    2.0502
        0         0         0         1

 0.117086 -0.818928  0.561825   1.07822
 -0.97403 0.0156978  0.225873  0.741962
-0.193793 -0.573681 -0.795823   2.01933
        0         0         0         1

 0.117086 -0.818928  0.561825   1.07822
 -0.97403 0.0156978  0.225873  0.741962
-0.193793 -0.573681 -0.795823   2.01933
        0         0         0         1

 0.112449 -0.835358  0.538082   1.08933
-0.963461 0.0408222  0.264721  0.705423
-0.243103 -0.548189 -0.800244   1.97297
        0         0         0         1

 0.112449 -0.835358  0.538082   1.08933
-0.963461 0.0408222  0.264721  0.705423
-0.243103 -0.548189 -0.800244   1.97297
        0         0         0         1

 0.106344 -0.848625  0.518195    1.0966
-0.956288 0.0554852  0.287116  0.683471
-0.272406 -0.526076 -0.805629   1.94047
        0         0         0         1

 0.106344 -0.848625  0.518195    1.0966
-0.956288 0.0554852  0.287116  0.683471
-0.272406 -0.526076 -0.805629   1.94047
        0         0         0         1

0.0997446 -0.868054  0.486347   1.10803
-0.943439 0.0728151  0.323453  0.652149
-0.316188 -0.491101 -0.811692   1.89306
        0         0         0         1

0.0997446 -0.868054  0.486347   1.10803
-0.943439 0.0728151  0.323453  0.652149
-0.316188 -0.491101 -0.811692   1.89306
        0         0         0         1

0.0995642 -0.875893  0.472122   1.11423
-0.932617 0.0832547  0.351133  0.632434
-0.346861 -0.475269 -0.808583   1.86219
        0         0         0         1

0.0995642 -0.875893  0.472122   1.11423
-0.932617 0.0832547  0.351133  0.632434
-0.346861 -0.475269 -0.808583   1.86219
        0         0         0         1

0.0957523 -0.885947  0.453794   1.12121
 -0.92261 0.0921435  0.374567  0.614435
-0.373661  -0.45454 -0.808561   1.83162
        0         0         0         1

0.0957523 -0.885947  0.453794   1.12121
 -0.92261 0.0921435  0.374567  0.614435
-0.373661  -0.45454 -0.808561   1.83162
        0         0         0         1

0.0836721 -0.903794  0.419709   1.13382
-0.911433  0.100862  0.398895  0.590808
-0.402852 -0.415913 -0.815308   1.78613
        0         0         0         1

0.0836721 -0.903794  0.419709   1.13382
-0.911433  0.100862  0.398895  0.590808
-0.402852 -0.415913 -0.815308   1.78613
        0         0         0         1

0.0737481 -0.915853  0.394684   1.14175
-0.903988  0.105739  0.414277  0.576083
 -0.42115 -0.387342 -0.820121   1.75838
        0         0         0         1

0.0737481 -0.915853  0.394684   1.14175
-0.903988  0.105739  0.414277  0.576083
 -0.42115 -0.387342 -0.820121   1.75838
        0         0         0         1

0.0619576  -0.92883   0.36529   1.15013
-0.893222  0.111699   0.43552  0.556326
-0.445326 -0.353269  -0.82273   1.71863
        0         0         0         1

0.0619576  -0.92883   0.36529   1.15013
-0.893222  0.111699   0.43552  0.556326
-0.445326 -0.353269  -0.82273   1.71863
        0         0         0         1

0.0509903 -0.933865  0.353972   1.15704
 -0.88672  0.120735  0.446263  0.545042
-0.459486 -0.336629  -0.82192   1.69332
        0         0         0         1

0.0509903 -0.933865  0.353972   1.15704
 -0.88672  0.120735  0.446263  0.545042
-0.459486 -0.336629  -0.82192   1.69332
        0         0         0         1

0.0449428 -0.935149  0.351392   1.16223
-0.878783  0.130276  0.459095  0.534202
  -0.4751 -0.329431 -0.815939   1.67064
        0         0         0         1

0.0449428 -0.935149  0.351392   1.16223
-0.878783  0.130276  0.459095  0.534202
  -0.4751 -0.329431 -0.815939   1.67064
        0         0         0         1

0.0375425 -0.935491  0.351351   1.16947
-0.868805  0.143161  0.474007  0.520179
-0.493729 -0.323051 -0.807384   1.63969
        0         0         0         1

0.0375425 -0.935491  0.351351   1.16947
-0.868805  0.143161  0.474007  0.520179
-0.493729 -0.323051 -0.807384   1.63969
        0         0         0         1

0.0347152 -0.934854  0.353331   1.17437
-0.863275   0.15008  0.481905  0.512533
-0.503539 -0.321751 -0.801826   1.62063
        0         0         0         1

0.0347152 -0.934854  0.353331   1.17437
-0.863275   0.15008  0.481905  0.512533
-0.503539 -0.321751 -0.801826   1.62063
        0         0         0         1

0.0334891 -0.933812  0.356192      1.18
-0.857579  0.156176  0.490068  0.503645
 -0.51326 -0.321875 -0.795588   1.59524
        0         0         0         1

0.0334891 -0.933812  0.356192      1.18
-0.857579  0.156176  0.490068  0.503645
 -0.51326 -0.321875 -0.795588   1.59524
        0         0         0         1

0.0285346 -0.933183  0.358267   1.18569
-0.857354  0.161428  0.488758  0.499666
-0.513935 -0.321108 -0.795462   1.57886
        0         0         0         1

0.0285346 -0.933183  0.358267   1.18569
-0.857354  0.161428  0.488758  0.499666
-0.513935 -0.321108 -0.795462   1.57886
        0         0         0         1

0.0279629 -0.931162  0.363531   1.18833
-0.855136  0.166046  0.491092  0.495643
-0.517649 -0.324601 -0.791627   1.56565
        0         0         0         1

0.0279629 -0.931162  0.363531   1.18833
-0.855136  0.166046  0.491092  0.495643
-0.517649 -0.324601 -0.791627   1.56565
        0         0         0         1

0.0292493 -0.928707  0.369658   1.19039
-0.851787  0.170366  0.495414  0.491117
-0.523072 -0.329361 -0.786077   1.54881
        0         0         0         1

0.0292493 -0.928707  0.369658   1.19039
-0.851787  0.170366  0.495414  0.491117
-0.523072 -0.329361 -0.786077   1.54881
        0         0         0         1

0.0282226 -0.926243  0.375869   1.19205
-0.849062   0.17623  0.498033  0.488754
-0.527539 -0.333192 -0.781464   1.53955
        0         0         0         1

0.0282226 -0.926243  0.375869   1.19205
-0.849062   0.17623  0.498033  0.488754
-0.527539 -0.333192 -0.781464   1.53955
        0         0         0         1

0.0287664 -0.923106  0.383469   1.19315
-0.845884  0.181921  0.501383  0.486585
 -0.53259 -0.338793 -0.775607    1.5273
        0         0         0         1

0.0287664 -0.923106  0.383469   1.19315
-0.845884  0.181921  0.501383  0.486585
 -0.53259 -0.338793 -0.775607    1.5273
        0         0         0         1

0.0279968 -0.921314  0.387811   1.19357
-0.843735  0.186261  0.503406  0.486057
-0.536029 -0.341303  -0.77213   1.52082
        0         0         0         1

0.0279968 -0.921314  0.387811   1.19357
-0.843735  0.186261  0.503406  0.486057
-0.536029 -0.341303  -0.77213   1.52082
        0         0         0         1

0.0292877 -0.920087  0.390618   1.19287
-0.841638  0.188121  0.506217  0.485902
-0.539247 -0.343585 -0.768871   1.51409
        0         0         0         1

0.0292877 -0.920087  0.390618   1.19287
-0.841638  0.188121  0.506217  0.485902
-0.539247 -0.343585 -0.768871   1.51409
        0         0         0         1

0.0273362 -0.920409  0.390001    1.1927
-0.836846  0.192324  0.512544  0.486075
-0.546756 -0.340382 -0.764982   1.50562
        0         0         0         1

0.0273362 -0.920409  0.390001    1.1927
-0.836846  0.192324  0.512544  0.486075
-0.546756 -0.340382 -0.764982   1.50562
        0         0         0         1

0.0242555 -0.918787  0.394007   1.19188
-0.835116  0.198028  0.513193  0.486594
-0.549539 -0.341489  -0.76249   1.50093
        0         0         0         1

0.0242555 -0.918787  0.394007   1.19188
-0.835116  0.198028  0.513193  0.486594
-0.549539 -0.341489  -0.76249   1.50093
        0         0         0         1

0.0212603 -0.920244  0.390766   1.19007
-0.834579   0.19887  0.513739  0.486549
-0.550477 -0.337048 -0.763789   1.49653
        0         0         0         1

0.0212603 -0.920244  0.390766   1.19007
-0.834579   0.19887  0.513739  0.486549
-0.550477 -0.337048 -0.763789   1.49653
        0         0         0         1

0.0196877 -0.919308  0.393047   1.18916
-0.833696  0.201901  0.513991   0.48606
-0.551872 -0.337801 -0.762448   1.49495
        0         0         0         1

0.0196877 -0.919308  0.393047   1.18916
-0.833696  0.201901  0.513991   0.48606
-0.551872 -0.337801 -0.762448   1.49495
        0         0         0         1

 0.019222 -0.918366  0.395265   1.18833
-0.832744  0.204085  0.514672  0.485361
-0.553325 -0.339047  -0.76084   1.49387
        0         0         0         1

 0.019222 -0.918366  0.395265   1.18833
-0.832744  0.204085  0.514672  0.485361
-0.553325 -0.339047  -0.76084   1.49387
        0         0         0         1

0.0198119 -0.919336  0.392975   1.18762
-0.832542   0.20247  0.515635  0.484653
-0.553607 -0.337384 -0.761374   1.49297
        0         0         0         1

0.0198119 -0.919336  0.392975   1.18762
-0.832542   0.20247  0.515635  0.484653
-0.553607 -0.337384 -0.761374   1.49297
        0         0         0         1

0.0184933 -0.921309  0.388392   1.18787
-0.833141  0.200558  0.515415  0.484885
-0.552752 -0.333117 -0.763871   1.49263
        0         0         0         1

0.0184933 -0.921309  0.388392   1.18787
-0.833141  0.200558  0.515415  0.484885
-0.552752 -0.333117 -0.763871   1.49263
        0         0         0         1

0.0141993 -0.924349  0.381284   1.18788
-0.832437  0.200322  0.516642  0.485245
-0.553937 -0.324731 -0.766618    1.4935
        0         0         0         1

0.0141993 -0.924349  0.381284   1.18788
-0.832437  0.200322  0.516642  0.485245
-0.553937 -0.324731 -0.766618    1.4935
        0         0         0         1

0.0123019 -0.925579  0.378355   1.18739
-0.831901  0.200464   0.51745  0.486008
-0.554787  -0.32112 -0.767524   1.49361
        0         0         0         1

0.0123019 -0.925579  0.378355   1.18739
-0.831901  0.200464   0.51745  0.486008
-0.554787  -0.32112 -0.767524   1.49361
        0         0         0         1

0.00710748 -0.929651  0.368372   1.18777
-0.829577  0.200208  0.521266  0.487098
-0.558347 -0.309298 -0.769795   1.49454
        0         0         0         1

0.00710748 -0.929651  0.368372   1.18777
-0.829577  0.200208  0.521266  0.487098
-0.558347 -0.309298 -0.769795   1.49454
        0         0         0         1

0.000385029 -0.936001  0.351997   1.18806
-0.824819  0.198721  0.529324  0.489927
-0.565397 -0.290537 -0.771955   1.49735
        0         0         0         1

0.000385029 -0.936001  0.351997   1.18806
-0.824819  0.198721  0.529324  0.489927
-0.565397 -0.290537 -0.771955   1.49735
        0         0         0         1

-0.00117794 -0.936783  0.349909   1.18719
-0.822242  0.200054  0.532819  0.492885
-0.569136 -0.287083 -0.770498   1.50076
        0         0         0         1

-0.00117794 -0.936783  0.349909   1.18719
-0.822242  0.200054  0.532819  0.492885
-0.569136 -0.287083 -0.770498   1.50076
        0         0         0         1

-0.000818722 -0.934126  0.356942   1.18678
-0.820492  0.204676   0.53376  0.496487
-0.571657 -0.292431 -0.766611   1.50587
        0         0         0         1

-0.000818722 -0.934126  0.356942   1.18678
-0.820492  0.204676   0.53376  0.496487
-0.571657 -0.292431 -0.766611   1.50587
        0         0         0         1

0.00480868 -0.925454  0.378829   1.18527
-0.822123   0.21201  0.528361  0.503465
 -0.56929 -0.313985 -0.759818   1.51609
        0         0         0         1

0.00480868 -0.925454  0.378829   1.18527
-0.822123   0.21201  0.528361  0.503465
 -0.56929 -0.313985 -0.759818   1.51609
        0         0         0         1

0.0100779 -0.919468  0.393035   1.18352
 -0.82611   0.21381   0.52137  0.508899
-0.563418 -0.329945 -0.757427   1.52524
        0         0         0         1

0.0100779 -0.919468  0.393035   1.18352
 -0.82611   0.21381   0.52137  0.508899
-0.563418 -0.329945 -0.757427   1.52524
        0         0         0         1

0.0224592  -0.91001  0.413977   1.18111
-0.836106  0.209921  0.506813  0.517269
-0.548107 -0.357511 -0.756151   1.54391
        0         0         0         1

0.0224592  -0.91001  0.413977   1.18111
-0.836106  0.209921  0.506813  0.517269
-0.548107 -0.357511 -0.756151   1.54391
        0         0         0         1

0.0344481 -0.904282  0.425545   1.17894
-0.844821  0.201137  0.495804   0.52333
-0.533939 -0.376589 -0.757027   1.55914
        0         0         0         1

0.0344481 -0.904282  0.425545   1.17894
-0.844821  0.201137  0.495804   0.52333
-0.533939 -0.376589 -0.757027   1.55914
        0         0         0         1

 0.049648 -0.898419  0.436323    1.1753
-0.853676  0.188591  0.485459  0.529935
-0.518433 -0.396581 -0.757596   1.57765
        0         0         0         1

 0.049648 -0.898419  0.436323    1.1753
-0.853676  0.188591  0.485459  0.529935
-0.518433 -0.396581 -0.757596   1.57765
        0         0         0         1

0.0692065 -0.888077  0.454455   1.17118
-0.869376  0.169736  0.464084  0.541359
 -0.48928  -0.42721 -0.760327    1.6097
        0         0         0         1

0.0692065 -0.888077  0.454455   1.17118
-0.869376  0.169736  0.464084  0.541359
 -0.48928  -0.42721 -0.760327    1.6097
        0         0         0         1

0.0841419 -0.880686  0.466168   1.16704
-0.880566  0.153251  0.448461  0.550273
-0.466394 -0.448226 -0.762607   1.63432
        0         0         0         1

0.0841419 -0.880686  0.466168   1.16704
-0.880566  0.153251  0.448461  0.550273
-0.466394 -0.448226 -0.762607   1.63432
        0         0         0         1

 0.107167 -0.872223  0.477224   1.15904
-0.897379  0.121793   0.42412   0.56515
 -0.42805 -0.473702 -0.769662    1.6776
        0         0         0         1

 0.107167 -0.872223  0.477224   1.15904
-0.897379  0.121793   0.42412   0.56515
 -0.42805 -0.473702 -0.769662    1.6776
        0         0         0         1

 0.120085 -0.867545  0.482645   1.15413
-0.909365 0.0989216  0.404066  0.576899
-0.398289 -0.487422 -0.777036    1.7088
        0         0         0         1

 0.120085 -0.867545  0.482645   1.15413
-0.909365 0.0989216  0.404066  0.576899
-0.398289 -0.487422 -0.777036    1.7088
        0         0         0         1

 0.133158 -0.862202   0.48875   1.14915
-0.920418  0.075308  0.383615  0.590001
 -0.36756 -0.500935 -0.783558   1.74254
        0         0         0         1

 0.133158 -0.862202   0.48875   1.14915
-0.920418  0.075308  0.383615  0.590001
 -0.36756 -0.500935 -0.783558   1.74254
        0         0         0         1

 0.154873 -0.853577  0.497414   1.13995
 -0.93459 0.0366236  0.353837  0.612332
-0.320244 -0.519678 -0.792072   1.79716
        0         0         0         1

 0.154873 -0.853577  0.497414   1.13995
 -0.93459 0.0366236  0.353837  0.612332
-0.320244 -0.519678 -0.792072   1.79716
        0         0         0         1

 0.169556 -0.848076  0.502014   1.13371
 -0.94343 0.0075997  0.331484  0.629747
-0.284939  -0.52982 -0.798812   1.83407
        0         0         0         1

 0.169556 -0.848076  0.502014   1.13371
 -0.94343 0.0075997  0.331484  0.629747
-0.284939  -0.52982 -0.798812   1.83407
        0         0         0         1

  0.187568   -0.83896   0.510847    1.12356
 -0.954648 -0.0332757   0.295871    0.65941
 -0.231225  -0.543175  -0.807153    1.89159
         0          0          0          1

  0.187568   -0.83896   0.510847    1.12356
 -0.954648 -0.0332757   0.295871    0.65941
 -0.231225  -0.543175  -0.807153    1.89159
         0          0          0          1

  0.197396  -0.834036   0.515188     1.1171
 -0.961197 -0.0613581   0.268953   0.681816
 -0.192706  -0.548288  -0.813785    1.93061
         0          0          0          1

  0.197396  -0.834036   0.515188     1.1171
 -0.961197 -0.0613581   0.268953   0.681816
 -0.192706  -0.548288  -0.813785    1.93061
         0          0          0          1

 0.209757 -0.828397  0.519385   1.10692
-0.968418 -0.102787  0.227161  0.717826
-0.134793  -0.55063 -0.823794   1.98966
        0         0         0         1

 0.209757 -0.828397  0.519385   1.10692
-0.968418 -0.102787  0.227161  0.717826
-0.134793  -0.55063 -0.823794   1.98966
        0         0         0         1

 0.216289  -0.82284  0.525503   1.09859
-0.972088 -0.131378  0.194383  0.746279
-0.0909066 -0.552878 -0.828288   2.02499
        0         0         0         1

 0.216289  -0.82284  0.525503   1.09859
-0.972088 -0.131378  0.194383  0.746279
-0.0909066 -0.552878 -0.828288   2.02499
        0         0         0         1

 0.224747 -0.817281  0.530604   1.08763
-0.972846 -0.157288  0.169798  0.771261
-0.0553151 -0.554358 -0.830438   2.06451
        0         0         0         1

 0.224747 -0.817281  0.530604   1.08763
-0.972846 -0.157288  0.169798  0.771261
-0.0553151 -0.554358 -0.830438   2.06451
        0         0         0         1

 0.227859 -0.813309  0.535359   1.07804
-0.973693 -0.191208  0.123942  0.814152
0.00156224 -0.549517 -0.835481    2.1207
        0         0         0         1

 0.227859 -0.813309  0.535359   1.07804
-0.973693 -0.191208  0.123942  0.814152
0.00156224 -0.549517 -0.835481    2.1207
        0         0         0         1

 0.228477 -0.811799  0.537384   1.07009
-0.972481 -0.216155 0.0869301  0.846846
0.0455887 -0.542457 -0.838846   2.15093
        0         0         0         1

 0.228477 -0.811799  0.537384   1.07009
-0.972481 -0.216155 0.0869301  0.846846
0.0455887 -0.542457 -0.838846   2.15093
        0         0         0         1

 0.222441 -0.811139    0.5409   1.06255
-0.969005 -0.245094 0.0309509  0.898478
 0.107466  -0.53102 -0.840517   2.19622
        0         0         0         1

 0.222441 -0.811139    0.5409   1.06255
-0.969005 -0.245094 0.0309509  0.898478
 0.107466  -0.53102 -0.840517   2.19622
        0         0         0         1

   0.220396   -0.807117    0.547712     1.05315
  -0.963879   -0.266301 -0.00456709    0.932572
   0.149542   -0.526921   -0.836655     2.22556
          0           0           0           1

   0.220396   -0.807117    0.547712     1.05315
  -0.963879   -0.266301 -0.00456709    0.932572
   0.149542   -0.526921   -0.836655     2.22556
          0           0           0           1

  0.216813  -0.808454    0.54717    1.04874
 -0.958732  -0.281937 -0.0366759   0.967172
  0.183918  -0.516637  -0.836218    2.25455
         0          0          0          1

  0.216813  -0.808454    0.54717    1.04874
 -0.958732  -0.281937 -0.0366759   0.967172
  0.183918  -0.516637  -0.836218    2.25455
         0          0          0          1

  0.209402  -0.803355   0.557469    1.03068
 -0.949142  -0.304074 -0.0816666    1.01619
  0.235119  -0.512015  -0.826171    2.29933
         0          0          0          1

  0.209402  -0.803355   0.557469    1.03068
 -0.949142  -0.304074 -0.0816666    1.01619
  0.235119  -0.512015  -0.826171    2.29933
         0          0          0          1

 0.203288 -0.806579  0.555071   1.02619
 -0.94241 -0.314962 -0.112528   1.05033
 0.265589 -0.500229 -0.824157    2.3267
        0         0         0         1

 0.203288 -0.806579  0.555071   1.02619
 -0.94241 -0.314962 -0.112528   1.05033
 0.265589 -0.500229 -0.824157    2.3267
        0         0         0         1

 0.181214 -0.807597  0.561203   1.01964
-0.928149 -0.329096 -0.173884   1.11276
 0.325118 -0.489369 -0.809207   2.35464
        0         0         0         1

 0.181214 -0.807597  0.561203   1.01964
-0.928149 -0.329096 -0.173884   1.11276
 0.325118 -0.489369 -0.809207   2.35464
        0         0         0         1

 0.170043 -0.809471  0.561998   1.01552
-0.916443 -0.339539 -0.211767   1.15183
  0.36224  -0.47903  -0.79957   2.37371
        0         0         0         1

 0.170043 -0.809471  0.561998   1.01552
-0.916443 -0.339539 -0.211767   1.15183
  0.36224  -0.47903  -0.79957   2.37371
        0         0         0         1

 0.158744 -0.812175  0.561402   1.00969
 -0.90222 -0.350269 -0.251616   1.19269
 0.400998 -0.466565 -0.788364   2.38692
        0         0         0         1

