0.00898841   -0.87492   0.484183    1.07841
 -0.987322 -0.0845033  -0.134369     1.0653
  0.158477  -0.476837  -0.864587    2.40646
         0          0          0          1

0.00898841   -0.87492   0.484183    1.07841
 -0.987322 -0.0845033  -0.134369     1.0653
  0.158477  -0.476837  -0.864587    2.40646
         0          0          0          1

 0.0118491  -0.886073   0.463393    1.08845
 -0.995649 -0.0532889 -0.0764368    1.00356
 0.0924223  -0.460472   -0.88285    2.38263
         0          0          0          1

 0.0118491  -0.886073   0.463393    1.08845
 -0.995649 -0.0532889 -0.0764368    1.00356
 0.0924223  -0.460472   -0.88285    2.38263
         0          0          0          1

 0.0144553  -0.892906   0.450012    1.09225
 -0.997979 -0.0407334 -0.0487654   0.973051
 0.0618734  -0.448397   -0.89169    2.35161
         0          0          0          1

 0.0144553  -0.892906   0.450012    1.09225
 -0.997979 -0.0407334 -0.0487654   0.973051
 0.0618734  -0.448397   -0.89169    2.35161
         0          0          0          1

  0.020431   -0.89927   0.436917    1.09362
 -0.999726 -0.0233754 -0.0013626     0.9231
 0.0114384  -0.436769  -0.899501    2.31054
         0          0          0          1

  0.020431   -0.89927   0.436917    1.09362
 -0.999726 -0.0233754 -0.0013626     0.9231
 0.0114384  -0.436769  -0.899501    2.31054
         0          0          0          1

   0.016111   -0.904253    0.426693     1.10326
  -0.999479 -0.00263497   0.0321541    0.888713
 -0.0279511   -0.426989   -0.903825     2.28459
          0           0           0           1

   0.016111   -0.904253    0.426693     1.10326
  -0.999479 -0.00263497   0.0321541    0.888713
 -0.0279511   -0.426989   -0.903825     2.28459
          0           0           0           1

0.0193266 -0.905242  0.424456   1.10078
  -0.9977 0.0101264 0.0670247   0.85616
-0.0649718 -0.424775 -0.902965   2.25541
        0         0         0         1

0.0193266 -0.905242  0.424456   1.10078
  -0.9977 0.0101264 0.0670247   0.85616
-0.0649718 -0.424775 -0.902965   2.25541
        0         0         0         1

0.0114402 -0.917114  0.398461   1.11218
-0.993304 0.0353924  0.109979  0.808534
-0.114966 -0.397051 -0.910568   2.21452
        0         0         0         1

0.0114402 -0.917114  0.398461   1.11218
-0.993304 0.0353924  0.109979  0.808534
-0.114966 -0.397051 -0.910568   2.21452
        0         0         0         1

0.0182734 -0.920118  0.391216   1.11433
-0.988248 0.0427709  0.146755  0.780252
-0.151765   -0.3893 -0.908522   2.17982
        0         0         0         1

0.0182734 -0.920118  0.391216   1.11433
-0.988248 0.0427709  0.146755  0.780252
-0.151765   -0.3893 -0.908522   2.17982
        0         0         0         1

0.00695868 -0.923323  0.383962   1.12242
-0.981934 0.0662993  0.177227  0.738134
-0.189094 -0.378259 -0.906181   2.13269
        0         0         0         1

0.00695868 -0.923323  0.383962   1.12242
-0.981934 0.0662993  0.177227  0.738134
-0.189094 -0.378259 -0.906181   2.13269
        0         0         0         1

-0.00648845  -0.92644  0.376388   1.12814
-0.976378 0.0871622  0.197709  0.709671
-0.215973 -0.366214 -0.905121   2.10326
        0         0         0         1

-0.00648845  -0.92644  0.376388   1.12814
-0.976378 0.0871622  0.197709  0.709671
-0.215973 -0.366214 -0.905121   2.10326
        0         0         0         1

-0.0129633 -0.930777  0.365358   1.13472
-0.970377 0.0998664  0.219987  0.685905
-0.241246 -0.351684 -0.904499   2.06912
        0         0         0         1

-0.0129633 -0.930777  0.365358   1.13472
-0.970377 0.0998664  0.219987  0.685905
-0.241246 -0.351684 -0.904499   2.06912
        0         0         0         1

-0.0136629   -0.9379  0.346635   1.14092
-0.957475  0.112188  0.265812   0.65022
-0.288194 -0.328263 -0.899549   2.01968
        0         0         0         1

-0.0136629   -0.9379  0.346635   1.14092
-0.957475  0.112188  0.265812   0.65022
-0.288194 -0.328263 -0.899549   2.01968
        0         0         0         1

-0.0163877 -0.944513  0.328064   1.14658
-0.948787  0.118218  0.292962  0.628564
 -0.31549 -0.306462  -0.89808   1.98739
        0         0         0         1

-0.0163877 -0.944513  0.328064   1.14658
-0.948787  0.118218  0.292962  0.628564
 -0.31549 -0.306462  -0.89808   1.98739
        0         0         0         1

-0.0251578 -0.955989  0.292322   1.15702
-0.934933  0.126027  0.331689  0.597659
-0.353932 -0.264957 -0.896956   1.94149
        0         0         0         1

-0.0251578 -0.955989  0.292322   1.15702
-0.934933  0.126027  0.331689  0.597659
-0.353932 -0.264957 -0.896956   1.94149
        0         0         0         1

-0.028941 -0.962147  0.270988   1.16059
-0.926657  0.127474  0.353634  0.579461
-0.374793 -0.240879  -0.89527   1.91041
        0         0         0         1

-0.028941 -0.962147  0.270988   1.16059
-0.926657  0.127474  0.353634  0.579461
-0.374793 -0.240879  -0.89527   1.91041
        0         0         0         1

-0.0359527 -0.966427  0.254414   1.16553
-0.917603  0.132769   0.37467  0.563346
-0.395869 -0.219981 -0.891569   1.87989
        0         0         0         1

-0.0359527 -0.966427  0.254414   1.16553
-0.917603  0.132769   0.37467  0.563346
-0.395869 -0.219981 -0.891569   1.87989
        0         0         0         1

-0.0482326 -0.971608  0.231626   1.17257
-0.903219  0.141436  0.405206  0.541481
-0.426462 -0.189665 -0.884397   1.83773
        0         0         0         1

-0.0482326 -0.971608  0.231626   1.17257
-0.903219  0.141436  0.405206  0.541481
-0.426462 -0.189665 -0.884397   1.83773
        0         0         0         1

-0.0564648 -0.973443  0.221857   1.17661
 -0.89304  0.148601  0.424731  0.528337
 -0.44642 -0.174145 -0.877715   1.81172
        0         0         0         1

-0.0564648 -0.973443  0.221857   1.17661
 -0.89304  0.148601  0.424731  0.528337
 -0.44642 -0.174145 -0.877715   1.81172
        0         0         0         1

-0.0675562 -0.974683  0.213143   1.18103
-0.877732  0.159631  0.451779  0.511902
-0.474365 -0.156562 -0.866295    1.7743
        0         0         0         1

-0.0675562 -0.974683  0.213143   1.18103
-0.877732  0.159631  0.451779  0.511902
-0.474365 -0.156562 -0.866295    1.7743
        0         0         0         1

-0.0766097  -0.97504  0.208394   1.18456
-0.868555  0.167902  0.466284  0.502975
-0.489635  -0.14528 -0.859739   1.75087
        0         0         0         1

-0.0766097  -0.97504  0.208394   1.18456
-0.868555  0.167902  0.466284  0.502975
-0.489635  -0.14528 -0.859739   1.75087
        0         0         0         1

-0.0833709 -0.975461  0.203777   1.18735
-0.860468   0.17361  0.479013  0.495251
-0.502637 -0.135408 -0.853827   1.72866
        0         0         0         1

-0.0833709 -0.975461  0.203777   1.18735
-0.860468   0.17361  0.479013  0.495251
-0.502637 -0.135408 -0.853827   1.72866
        0         0         0         1

-0.0934103 -0.976947   0.19196   1.19116
-0.848188  0.179052  0.498516  0.484325
-0.521394 -0.116252  -0.84536   1.70043
        0         0         0         1

-0.0934103 -0.976947   0.19196   1.19116
-0.848188  0.179052  0.498516  0.484325
-0.521394 -0.116252  -0.84536   1.70043
        0         0         0         1

-0.0987322 -0.978024  0.183634   1.19292
 -0.84214   0.18043  0.508179  0.478518
-0.530144 -0.104472 -0.841447   1.68222
        0         0         0         1

-0.0987322 -0.978024  0.183634   1.19292
 -0.84214   0.18043  0.508179  0.478518
-0.530144 -0.104472 -0.841447   1.68222
        0         0         0         1

 -0.105429  -0.978757   0.175841    1.19605
 -0.833536   0.183411   0.521131   0.471533
 -0.542312 -0.0916273  -0.835166    1.65734
         0          0          0          1

 -0.105429  -0.978757   0.175841    1.19605
 -0.833536   0.183411   0.521131   0.471533
 -0.542312 -0.0916273  -0.835166    1.65734
         0          0          0          1

  -0.10619  -0.978532   0.176632    1.19761
 -0.828319   0.185326   0.528718   0.467731
 -0.550102 -0.0901626  -0.830216    1.64202
         0          0          0          1

  -0.10619  -0.978532   0.176632    1.19761
 -0.828319   0.185326   0.528718   0.467731
 -0.550102 -0.0901626  -0.830216    1.64202
         0          0          0          1

 -0.107385   -0.97788   0.179497    1.19958
 -0.823679   0.188612    0.53477   0.464906
 -0.556796 -0.0904218  -0.825713    1.62734
         0          0          0          1

 -0.107385   -0.97788   0.179497    1.19958
 -0.823679   0.188612    0.53477   0.464906
 -0.556796 -0.0904218  -0.825713    1.62734
         0          0          0          1

 -0.107768   -0.97718   0.183046    1.20134
 -0.817576   0.191865   0.542915   0.461911
 -0.565646 -0.0911448  -0.819596    1.60812
         0          0          0          1

 -0.107768   -0.97718   0.183046    1.20134
 -0.817576   0.191865   0.542915   0.461911
 -0.565646 -0.0911448  -0.819596    1.60812
         0          0          0          1

-0.108379  -0.97624  0.187643    1.2018
-0.813774  0.195539    0.5473  0.460697
-0.570987 -0.093383 -0.815631   1.59701
        0         0         0         1

-0.108379  -0.97624  0.187643    1.2018
-0.813774  0.195539    0.5473  0.460697
-0.570987 -0.093383 -0.815631   1.59701
        0         0         0         1

 -0.113574  -0.973884     0.1966     1.2043
   -0.8106   0.205249   0.548453   0.460252
 -0.574481 -0.0970739  -0.812741    1.58271
         0          0          0          1

 -0.113574  -0.973884     0.1966     1.2043
   -0.8106   0.205249   0.548453   0.460252
 -0.574481 -0.0970739  -0.812741    1.58271
         0          0          0          1

-0.116315  -0.97141  0.206964   1.20514
 -0.80895  0.213557  0.547717  0.460091
-0.576256 -0.103715 -0.810661   1.57514
        0         0         0         1

-0.116315  -0.97141  0.206964   1.20514
 -0.80895  0.213557  0.547717  0.460091
-0.576256 -0.103715 -0.810661   1.57514
        0         0         0         1

-0.119339 -0.969183  0.215507   1.20618
-0.809116   0.22073  0.544619  0.460502
-0.575404 -0.109376 -0.810522   1.56926
        0         0         0         1

-0.119339 -0.969183  0.215507   1.20618
-0.809116   0.22073  0.544619  0.460502
-0.575404 -0.109376 -0.810522   1.56926
        0         0         0         1

 -0.12364 -0.964872   0.23181   1.20847
-0.815185  0.231964  0.530723  0.461766
-0.565851  -0.12335 -0.815229   1.56321
        0         0         0         1

 -0.12364 -0.964872   0.23181   1.20847
-0.815185  0.231964  0.530723  0.461766
-0.565851  -0.12335 -0.815229   1.56321
        0         0         0         1

-0.124059 -0.962729  0.240337   1.20862
-0.822254   0.23532  0.518192  0.463357
-0.555435 -0.133331 -0.820801   1.56121
        0         0         0         1

-0.124059 -0.962729  0.240337   1.20862
-0.822254   0.23532  0.518192  0.463357
-0.555435 -0.133331 -0.820801   1.56121
        0         0         0         1

-0.124713 -0.962796  0.239732   1.20938
-0.829151  0.233834  0.507771  0.465866
-0.544937 -0.135448 -0.827465   1.56204
        0         0         0         1

-0.124713 -0.962796  0.239732   1.20938
-0.829151  0.233834  0.507771  0.465866
-0.544937 -0.135448 -0.827465   1.56204
        0         0         0         1

 -0.12211  -0.96252  0.242167    1.2093
-0.829954  0.232831  0.506918  0.468155
-0.544303 -0.139088 -0.827278   1.56384
        0         0         0         1

 -0.12211  -0.96252  0.242167    1.2093
-0.829954  0.232831  0.506918  0.468155
-0.544303 -0.139088 -0.827278   1.56384
        0         0         0         1

-0.114447 -0.961551  0.249645   1.20785
-0.829916  0.230662  0.507971  0.471066
-0.546023 -0.149049 -0.824405   1.56672
        0         0         0         1

-0.114447 -0.961551  0.249645   1.20785
-0.829916  0.230662  0.507971  0.471066
-0.546023 -0.149049 -0.824405   1.56672
        0         0         0         1

-0.0985451 -0.959839  0.262674   1.20386
-0.833114  0.223937   0.50574   0.47765
-0.544252 -0.168999 -0.821724   1.57538
        0         0         0         1

-0.0985451 -0.959839  0.262674   1.20386
-0.833114  0.223937   0.50574   0.47765
-0.544252 -0.168999 -0.821724   1.57538
        0         0         0         1

-0.0894424 -0.959577  0.266856   1.20101
-0.837911  0.217337  0.500669  0.482884
-0.538428 -0.178821 -0.823479   1.58435
        0         0         0         1

-0.0894424 -0.959577  0.266856   1.20101
-0.837911  0.217337  0.500669  0.482884
-0.538428 -0.178821 -0.823479   1.58435
        0         0         0         1

-0.0730837  -0.95904  0.273679   1.19554
-0.847193  0.204491  0.490354  0.491226
-0.526234 -0.196022 -0.827438   1.60071
        0         0         0         1

-0.0730837  -0.95904  0.273679   1.19554
-0.847193  0.204491  0.490354  0.491226
-0.526234 -0.196022 -0.827438   1.60071
        0         0         0         1

-0.0593154 -0.957754  0.281405   1.19005
-0.852986  0.195067   0.48411  0.497623
-0.518552  -0.21132 -0.828522   1.61483
        0         0         0         1

-0.0593154 -0.957754  0.281405   1.19005
-0.852986  0.195067   0.48411  0.497623
-0.518552  -0.21132 -0.828522   1.61483
        0         0         0         1

-0.0441617 -0.955825  0.290601   1.18412
-0.860907  0.183987  0.474328  0.505514
-0.506841 -0.229233 -0.831002   1.62941
        0         0         0         1

-0.0441617 -0.955825  0.290601   1.18412
-0.860907  0.183987  0.474328  0.505514
-0.506841 -0.229233 -0.831002   1.62941
        0         0         0         1

-0.0229011 -0.953193  0.301495   1.17496
-0.873406  0.165816  0.457893  0.519056
-0.486453 -0.252841 -0.836322   1.65574
        0         0         0         1

-0.0229011 -0.953193  0.301495   1.17496
-0.873406  0.165816  0.457893  0.519056
-0.486453 -0.252841 -0.836322   1.65574
        0         0         0         1

-0.00824758 -0.951767   0.30671   1.16858
-0.881959  0.151472  0.446324  0.529168
-0.471255 -0.266825 -0.840669   1.67688
        0         0         0         1

-0.00824758 -0.951767   0.30671   1.16858
-0.881959  0.151472  0.446324  0.529168
-0.471255 -0.266825 -0.840669   1.67688
        0         0         0         1

0.0155983 -0.950454  0.310473   1.15786
-0.896962  0.123909  0.424389  0.546936
-0.441833 -0.285102 -0.850588    1.7104
        0         0         0         1

0.0155983 -0.950454  0.310473   1.15786
-0.896962  0.123909  0.424389  0.546936
-0.441833 -0.285102 -0.850588    1.7104
        0         0         0         1

0.0311473 -0.950599  0.308855   1.15093
-0.908012   0.10225  0.406276  0.561212
-0.417786 -0.293099  -0.85997   1.73418
        0         0         0         1

0.0311473 -0.950599  0.308855   1.15093
-0.908012   0.10225  0.406276  0.561212
-0.417786 -0.293099  -0.85997   1.73418
        0         0         0         1

0.0475501 -0.950248  0.307843   1.14369
-0.918583 0.0794587  0.387159  0.576608
-0.392358 -0.301189 -0.869103   1.76053
        0         0         0         1

0.0475501 -0.950248  0.307843   1.14369
-0.918583 0.0794587  0.387159  0.576608
-0.392358 -0.301189 -0.869103   1.76053
        0         0         0         1

0.0712981  -0.95072  0.301741   1.13113
-0.933811 0.0427066  0.355208  0.602435
 -0.35059 -0.307095 -0.884748   1.80399
        0         0         0         1

0.0712981  -0.95072  0.301741   1.13113
-0.933811 0.0427066  0.355208  0.602435
 -0.35059 -0.307095 -0.884748   1.80399
        0         0         0         1

0.0838581 -0.951067  0.297389   1.12316
-0.944352 0.0194103  0.328365  0.622714
-0.318069 -0.308376 -0.896513   1.83361
        0         0         0         1

0.0838581 -0.951067  0.297389   1.12316
-0.944352 0.0194103  0.328365  0.622714
-0.318069 -0.308376 -0.896513   1.83361
        0         0         0         1

 0.0979425  -0.952545   0.288211     1.1118
 -0.957338 -0.0110655    0.28876   0.654676
 -0.271867  -0.304197  -0.912991    1.88132
         0          0          0          1

 0.0979425  -0.952545   0.288211     1.1118
 -0.957338 -0.0110655    0.28876   0.654676
 -0.271867  -0.304197  -0.912991    1.88132
         0          0          0          1

  0.103555  -0.953982   0.281417    1.10606
 -0.966499 -0.0297073   0.254945   0.679677
 -0.234852   -0.29839  -0.925099     1.9131
         0          0          0          1

  0.103555  -0.953982   0.281417    1.10606
 -0.966499 -0.0297073   0.254945   0.679677
 -0.234852   -0.29839  -0.925099     1.9131
         0          0          0          1

  0.107415  -0.954492   0.278221    1.10057
  -0.97468 -0.0458976   0.218842   0.706426
 -0.196114  -0.294684  -0.935254    1.94429
         0          0          0          1

  0.107415  -0.954492   0.278221    1.10057
  -0.97468 -0.0458976   0.218842   0.706426
 -0.196114  -0.294684  -0.935254    1.94429
         0          0          0          1

  0.116967  -0.953109   0.279109    1.08572
  -0.98264 -0.0703171   0.171678   0.746319
 -0.144001  -0.294344  -0.944788    1.99603
         0          0          0          1

  0.116967  -0.953109   0.279109    1.08572
  -0.98264 -0.0703171   0.171678   0.746319
 -0.144001  -0.294344  -0.944788    1.99603
         0          0          0          1

  0.122548  -0.950475   0.285621    1.07567
 -0.986192 -0.0843207   0.142535   0.774602
 -0.111392  -0.299145  -0.947684    2.03231
         0          0          0          1

  0.122548  -0.950475   0.285621    1.07567
 -0.986192 -0.0843207   0.142535   0.774602
 -0.111392  -0.299145  -0.947684    2.03231
         0          0          0          1

  0.126012  -0.948469   0.290738    1.06704
 -0.989238 -0.0981736   0.108486    0.80402
-0.0743529   -0.30128  -0.950633    2.06745
         0          0          0          1

  0.126012  -0.948469   0.290738    1.06704
 -0.989238 -0.0981736   0.108486    0.80402
-0.0743529   -0.30128  -0.950633    2.06745
         0          0          0          1

 0.127554 -0.944981  0.301234   1.05416
-0.991603 -0.114985 0.0591695  0.850371
-0.0212766 -0.306252 -0.951713   2.11786
        0         0         0         1

 0.127554 -0.944981  0.301234   1.05416
-0.991603 -0.114985 0.0591695  0.850371
-0.0212766 -0.306252 -0.951713   2.11786
        0         0         0         1

 0.121765 -0.944177  0.306111   1.04856
 -0.99232 -0.122564 0.0166865  0.886397
0.0217632 -0.305792  -0.95185   2.14632
        0         0         0         1

 0.121765 -0.944177  0.306111   1.04856
 -0.99232 -0.122564 0.0166865  0.886397
0.0217632 -0.305792  -0.95185   2.14632
        0         0         0         1

  0.119374  -0.939825   0.320123    1.03189
 -0.989288  -0.139879 -0.0417522   0.940136
 0.0840183   -0.31171  -0.946455    2.18905
         0          0          0          1

  0.119374  -0.939825   0.320123    1.03189
 -0.989288  -0.139879 -0.0417522   0.940136
 0.0840183   -0.31171  -0.946455    2.18905
         0          0          0          1

 0.109071 -0.937831  0.329511   1.02718
 -0.98784 -0.139211 -0.069229  0.973221
 0.110797 -0.317953  -0.94161   2.22508
        0         0         0         1

 0.109071 -0.937831  0.329511   1.02718
 -0.98784 -0.139211 -0.069229  0.973221
 0.110797 -0.317953  -0.94161   2.22508
        0         0         0         1

 0.102348  -0.93499  0.339585   1.01995
-0.982738 -0.147926   -0.1111   1.01285
 0.154111 -0.322352 -0.933991    2.2494
        0         0         0         1

 0.102348  -0.93499  0.339585   1.01995
-0.982738 -0.147926   -0.1111   1.01285
 0.154111 -0.322352 -0.933991    2.2494
        0         0         0         1

0.0922263 -0.927152  0.363157   1.00342
 -0.97516 -0.157862 -0.155378   1.06445
 0.201387 -0.339806 -0.918681   2.29334
        0         0         0         1

0.0922263 -0.927152  0.363157   1.00342
 -0.97516 -0.157862 -0.155378   1.06445
 0.201387 -0.339806 -0.918681   2.29334
        0         0         0         1

  0.08724 -0.918656  0.385305   0.98741
 -0.96824 -0.169166 -0.184104   1.10219
 0.234308 -0.357006 -0.904238   2.31726
        0         0         0         1

  0.08724 -0.918656  0.385305   0.98741
 -0.96824 -0.169166 -0.184104   1.10219
 0.234308 -0.357006 -0.904238   2.31726
        0         0         0         1

0.0669476 -0.913954  0.400258  0.982195
-0.952577 -0.177895 -0.246879   1.16962
  0.29684 -0.364749 -0.882521   2.34111
        0         0         0         1

0.0669476 -0.913954  0.400258  0.982195
-0.952577 -0.177895 -0.246879   1.16962
  0.29684 -0.364749 -0.882521   2.34111
        0         0         0         1

0.0505623 -0.915144  0.399944  0.988346
-0.943955 -0.174578 -0.280129   1.20586
 0.326179 -0.363365 -0.872681   2.36712
        0         0         0         1

