 0.302428   -0.5395  0.785797   0.64015
-0.765194 -0.628981 -0.137337   1.08027
 0.568344 -0.559753 -0.603043   2.26172
        0         0         0         1

 0.302428   -0.5395  0.785797   0.64015
-0.765194 -0.628981 -0.137337   1.08027
 0.568344 -0.559753 -0.603043   2.26172
        0         0         0         1

 0.304042 -0.540764  0.784304  0.642351
-0.771759 -0.622483 -0.130012   1.05342
 0.558521 -0.565765 -0.606601   2.26418
        0         0         0         1

 0.304042 -0.540764  0.784304  0.642351
-0.771759 -0.622483 -0.130012   1.05342
 0.558521 -0.565765 -0.606601   2.26418
        0         0         0         1

  0.30781 -0.537775  0.784889  0.639457
 -0.77234 -0.622996 -0.123964   1.03222
 0.555647 -0.568044  -0.60711   2.25821
        0         0         0         1

  0.30781 -0.537775  0.784889  0.639457
 -0.77234 -0.622996 -0.123964   1.03222
 0.555647 -0.568044  -0.60711   2.25821
        0         0         0         1

 0.310807 -0.539216  0.782716    0.6514
-0.778237 -0.617141 -0.116122   1.00129
 0.545662 -0.573047  -0.61145   2.24933
        0         0         0         1

 0.310807 -0.539216  0.782716    0.6514
-0.778237 -0.617141 -0.116122   1.00129
 0.545662 -0.573047  -0.61145   2.24933
        0         0         0         1

 0.314327 -0.542975  0.778702  0.659196
-0.780765 -0.614467 -0.113297  0.981976
 0.540004 -0.572371  -0.61708   2.23963
        0         0         0         1

 0.314327 -0.542975  0.778702  0.659196
-0.780765 -0.614467 -0.113297  0.981976
 0.540004 -0.572371  -0.61708   2.23963
        0         0         0         1

   0.33654  -0.535042   0.774901   0.657986
 -0.793606  -0.604103 -0.0724482   0.937555
  0.506883  -0.590584  -0.627917    2.23844
         0          0          0          1

   0.33654  -0.535042   0.774901   0.657986
 -0.793606  -0.604103 -0.0724482   0.937555
  0.506883  -0.590584  -0.627917    2.23844
         0          0          0          1

  0.345912   -0.53217   0.772748    0.66202
  -0.80098  -0.596413 -0.0521838   0.915257
  0.488647  -0.600905  -0.632564    2.22867
         0          0          0          1

  0.345912   -0.53217   0.772748    0.66202
  -0.80098  -0.596413 -0.0521838   0.915257
  0.488647  -0.600905  -0.632564    2.22867
         0          0          0          1

  0.359663  -0.532784   0.766018   0.670138
 -0.811076   -0.58438 -0.0256314   0.888943
  0.461301   -0.61208  -0.642308    2.22251
         0          0          0          1

  0.359663  -0.532784   0.766018   0.670138
 -0.811076   -0.58438 -0.0256314   0.888943
  0.461301   -0.61208  -0.642308    2.22251
         0          0          0          1

   0.374791   -0.534945    0.757209     0.67967
  -0.816935   -0.576721 -0.00308283    0.860379
   0.438348   -0.617435   -0.653166      2.1991
          0           0           0           1

   0.374791   -0.534945    0.757209     0.67967
  -0.816935   -0.576721 -0.00308283    0.860379
   0.438348   -0.617435   -0.653166      2.1991
          0           0           0           1

 0.383421 -0.529514  0.756705  0.683363
-0.823753 -0.566562 0.0209353  0.834227
 0.417635 -0.631366 -0.653421   2.18728
        0         0         0         1

 0.383421 -0.529514  0.756705  0.683363
-0.823753 -0.566562 0.0209353  0.834227
 0.417635 -0.631366 -0.653421   2.18728
        0         0         0         1

 0.394873 -0.518477  0.758457  0.689029
-0.828519 -0.557715 0.0500982  0.801517
 0.397028 -0.648179 -0.649795   2.16245
        0         0         0         1

 0.394873 -0.518477  0.758457  0.689029
-0.828519 -0.557715 0.0500982  0.801517
 0.397028 -0.648179 -0.649795   2.16245
        0         0         0         1

 0.407727 -0.503576  0.761689  0.684209
-0.828567 -0.554588 0.0768712  0.778063
 0.383713 -0.662453 -0.643366   2.14136
        0         0         0         1

 0.407727 -0.503576  0.761689  0.684209
-0.828567 -0.554588 0.0768712  0.778063
 0.383713 -0.662453 -0.643366   2.14136
        0         0         0         1

 0.413341 -0.502768  0.759192  0.694584
 -0.83445 -0.542868 0.0948055  0.758067
 0.364476 -0.672695 -0.643925    2.1218
        0         0         0         1

 0.413341 -0.502768  0.759192  0.694584
 -0.83445 -0.542868 0.0948055  0.758067
 0.364476 -0.672695 -0.643925    2.1218
        0         0         0         1

 0.426679 -0.491769  0.759018  0.697151
-0.836693 -0.533252  0.124849  0.728212
 0.343351 -0.688336 -0.638987   2.08702
        0         0         0         1

 0.426679 -0.491769  0.759018  0.697151
-0.836693 -0.533252  0.124849  0.728212
 0.343351 -0.688336 -0.638987   2.08702
        0         0         0         1

 0.434365 -0.489827  0.755908  0.702726
-0.840753 -0.521608  0.145118  0.709339
 0.323205 -0.698566 -0.638392   2.06397
        0         0         0         1

 0.434365 -0.489827  0.755908  0.702726
-0.840753 -0.521608  0.145118  0.709339
 0.323205 -0.698566 -0.638392   2.06397
        0         0         0         1

 0.445677 -0.487262  0.750964  0.708774
-0.845569 -0.504563  0.174438  0.683163
 0.293912 -0.712735 -0.636886   2.02634
        0         0         0         1

 0.445677 -0.487262  0.750964  0.708774
-0.845569 -0.504563  0.174438  0.683163
 0.293912 -0.712735 -0.636886   2.02634
        0         0         0         1

 0.448347 -0.487029  0.749525  0.713423
-0.850436 -0.490597  0.189928  0.667865
 0.275215 -0.722577 -0.634144   1.99832
        0         0         0         1

 0.448347 -0.487029  0.749525  0.713423
-0.850436 -0.490597  0.189928  0.667865
 0.275215 -0.722577 -0.634144   1.99832
        0         0         0         1

 0.454672 -0.486926  0.745772  0.716186
-0.854345 -0.475093  0.210669  0.651042
 0.251731 -0.732932 -0.632015   1.97323
        0         0         0         1

 0.454672 -0.486926  0.745772  0.716186
-0.854345 -0.475093  0.210669  0.651042
 0.251731 -0.732932 -0.632015   1.97323
        0         0         0         1

 0.461777 -0.488456  0.740387  0.721466
  -0.8604 -0.449541  0.240052  0.629701
  0.21558 -0.747879 -0.627855   1.93321
        0         0         0         1

 0.461777 -0.488456  0.740387  0.721466
  -0.8604 -0.449541  0.240052  0.629701
  0.21558 -0.747879 -0.627855   1.93321
        0         0         0         1

 0.463222 -0.491534  0.737441  0.726018
-0.865212 -0.431016  0.256191  0.617964
 0.191922 -0.756716 -0.624937    1.9046
        0         0         0         1

 0.463222 -0.491534  0.737441  0.726018
-0.865212 -0.431016  0.256191  0.617964
 0.191922 -0.756716 -0.624937    1.9046
        0         0         0         1

 0.464146 -0.496789  0.733328  0.734089
-0.872221 -0.400537  0.280715   0.60167
 0.154269 -0.769916 -0.619217   1.86403
        0         0         0         1

 0.464146 -0.496789  0.733328  0.734089
-0.872221 -0.400537  0.280715   0.60167
 0.154269 -0.769916 -0.619217   1.86403
        0         0         0         1

 0.464743 -0.496568  0.733099  0.737554
-0.875656 -0.380528  0.297364  0.593103
 0.131303  -0.78014  -0.61167   1.83586
        0         0         0         1

 0.464743 -0.496568  0.733099  0.737554
-0.875656 -0.380528  0.297364  0.593103
 0.131303  -0.78014  -0.61167   1.83586
        0         0         0         1

  0.46701 -0.493403  0.733795  0.739502
-0.877566 -0.360474  0.316128  0.584599
 0.108536 -0.791588 -0.601339   1.80819
        0         0         0         1

  0.46701 -0.493403  0.733795  0.739502
-0.877566 -0.360474  0.316128  0.584599
 0.108536 -0.791588 -0.601339   1.80819
        0         0         0         1

 0.467066 -0.489296  0.736505  0.744992
-0.880769 -0.330993  0.338658  0.574723
0.0780735 -0.806866 -0.585552    1.7685
        0         0         0         1

 0.467066 -0.489296  0.736505  0.744992
-0.880769 -0.330993  0.338658  0.574723
0.0780735 -0.806866 -0.585552    1.7685
        0         0         0         1

 0.467592 -0.487165  0.737583  0.748414
-0.881931 -0.313396  0.352108  0.569947
0.0596207  -0.81514 -0.576187   1.74339
        0         0         0         1

 0.467592 -0.487165  0.737583  0.748414
-0.881931 -0.313396  0.352108  0.569947
0.0596207  -0.81514 -0.576187   1.74339
        0         0         0         1

 0.470837 -0.481558  0.739199  0.753362
-0.881389 -0.293128  0.370445  0.564394
0.0382893 -0.825941 -0.562455   1.70827
        0         0         0         1

 0.470837 -0.481558  0.739199  0.753362
-0.881389 -0.293128  0.370445  0.564394
0.0382893 -0.825941 -0.562455   1.70827
        0         0         0         1

 0.474791 -0.480194  0.737555  0.756466
 -0.87977 -0.281836  0.382848  0.561721
 0.024028 -0.830652 -0.556273   1.68758
        0         0         0         1

 0.474791 -0.480194  0.737555  0.756466
 -0.87977 -0.281836  0.382848  0.561721
 0.024028 -0.830652 -0.556273   1.68758
        0         0         0         1

 0.476878  -0.47994  0.736373  0.760271
-0.878895 -0.271292  0.392358   0.56014
 0.011464 -0.834301 -0.551189   1.66792
        0         0         0         1

 0.476878  -0.47994  0.736373  0.760271
-0.878895 -0.271292  0.392358   0.56014
 0.011464 -0.834301 -0.551189   1.66792
        0         0         0         1

 0.485195 -0.479386  0.731283  0.763062
-0.874397 -0.262178   0.40828   0.55767
-0.0039972 -0.837527 -0.546381   1.64082
        0         0         0         1

 0.485195 -0.479386  0.731283  0.763062
-0.874397 -0.262178   0.40828   0.55767
-0.0039972 -0.837527 -0.546381   1.64082
        0         0         0         1

 0.489593 -0.484433  0.724999  0.766811
-0.871751 -0.254125  0.418892   0.55631
-0.0186849 -0.837105 -0.546723   1.62739
        0         0         0         1

 0.489593 -0.484433  0.724999  0.766811
-0.871751 -0.254125  0.418892   0.55631
-0.0186849 -0.837105 -0.546723   1.62739
        0         0         0         1

 0.495767 -0.488188  0.718253  0.770689
-0.867949 -0.250272  0.428986  0.555636
-0.0296669 -0.836084 -0.547799   1.60604
        0         0         0         1

 0.495767 -0.488188  0.718253  0.770689
-0.867949 -0.250272  0.428986  0.555636
-0.0296669 -0.836084 -0.547799   1.60604
        0         0         0         1

 0.500102 -0.491323  0.713091  0.773713
-0.865182 -0.248438  0.435591  0.555334
-0.0368564 -0.834794 -0.549328    1.5951
        0         0         0         1

 0.500102 -0.491323  0.713091  0.773713
-0.865182 -0.248438  0.435591  0.555334
-0.0368564 -0.834794 -0.549328    1.5951
        0         0         0         1

 0.503336 -0.494674  0.708485  0.776211
-0.863123 -0.249037  0.439317  0.555775
-0.0408794 -0.832634 -0.552314   1.58408
        0         0         0         1

 0.503336 -0.494674  0.708485  0.776211
-0.863123 -0.249037  0.439317  0.555775
-0.0408794 -0.832634 -0.552314   1.58408
        0         0         0         1

 0.510371 -0.501676  0.698457  0.779498
-0.858553 -0.250903  0.447141  0.556168
-0.049075  -0.82787 -0.558769   1.57099
        0         0         0         1

 0.510371 -0.501676  0.698457  0.779498
-0.858553 -0.250903  0.447141  0.556168
-0.049075  -0.82787 -0.558769   1.57099
        0         0         0         1

 0.515274 -0.505833  0.691828  0.781296
-0.855333 -0.252815  0.452206  0.556706
-0.0538369 -0.824753 -0.562925   1.56259
        0         0         0         1

 0.515274 -0.505833  0.691828  0.781296
-0.855333 -0.252815  0.452206  0.556706
-0.0538369 -0.824753 -0.562925   1.56259
        0         0         0         1

 0.521632 -0.514058  0.680914  0.783796
-0.850919 -0.255523  0.458961  0.558135
-0.0619438 -0.818812 -0.570711   1.55229
        0         0         0         1

 0.521632 -0.514058  0.680914  0.783796
-0.850919 -0.255523  0.458961  0.558135
-0.0619438 -0.818812 -0.570711   1.55229
        0         0         0         1

 0.525421 -0.523839  0.670467  0.786198
-0.848048  -0.25861  0.462531  0.560115
-0.0689024 -0.811611  -0.58012   1.54537
        0         0         0         1

 0.525421 -0.523839  0.670467  0.786198
-0.848048  -0.25861  0.462531  0.560115
-0.0689024 -0.811611  -0.58012   1.54537
        0         0         0         1

   0.5327  -0.53449  0.656164  0.787335
-0.842549 -0.261977  0.470616  0.561571
-0.0796394 -0.803548 -0.589889   1.53925
        0         0         0         1

   0.5327  -0.53449  0.656164  0.787335
-0.842549 -0.261977  0.470616  0.561571
-0.0796394 -0.803548 -0.589889   1.53925
        0         0         0         1

 0.542994 -0.536403  0.646087  0.788727
-0.834639   -0.2601  0.485516  0.565602
-0.0923848 -0.802882 -0.588936   1.53048
        0         0         0         1

 0.542994 -0.536403  0.646087  0.788727
-0.834639   -0.2601  0.485516  0.565602
-0.0923848 -0.802882 -0.588936   1.53048
        0         0         0         1

 0.547705 -0.540441  0.638704  0.790081
-0.829935 -0.254258   0.49655  0.567916
 -0.10596 -0.802046 -0.587789   1.52642
        0         0         0         1

 0.547705 -0.540441  0.638704  0.790081
-0.829935 -0.254258   0.49655  0.567916
 -0.10596 -0.802046 -0.587789   1.52642
        0         0         0         1

 0.554378 -0.536139  0.636569  0.788069
-0.825103 -0.253923  0.504706  0.571884
-0.108953 -0.805033 -0.583139   1.52071
        0         0         0         1

 0.554378 -0.536139  0.636569  0.788069
-0.825103 -0.253923  0.504706  0.571884
-0.108953 -0.805033 -0.583139   1.52071
        0         0         0         1

 0.553694 -0.537344  0.636148  0.788076
-0.826067 -0.258061  0.501017  0.574052
-0.105053 -0.802911 -0.586769   1.52061
        0         0         0         1

 0.553694 -0.537344  0.636148  0.788076
-0.826067 -0.258061  0.501017  0.574052
-0.105053 -0.802911 -0.586769   1.52061
        0         0         0         1

 0.555365  -0.54235  0.630417  0.787605
-0.825024 -0.264134  0.499568  0.575586
-0.104426 -0.797552 -0.594143   1.52148
        0         0         0         1

 0.555365  -0.54235  0.630417  0.787605
-0.825024 -0.264134  0.499568  0.575586
-0.104426 -0.797552 -0.594143   1.52148
        0         0         0         1

 0.560135    -0.555  0.614999  0.788395
-0.821373 -0.275587  0.499399  0.577608
-0.107681 -0.784874 -0.610227    1.5225
        0         0         0         1

 0.560135    -0.555  0.614999  0.788395
-0.821373 -0.275587  0.499399  0.577608
-0.107681 -0.784874 -0.610227    1.5225
        0         0         0         1

 0.561914 -0.564686  0.604468  0.789246
-0.819676 -0.281794  0.498722  0.578759
-0.111286 -0.775707 -0.621204   1.52357
        0         0         0         1

 0.561914 -0.564686  0.604468  0.789246
-0.819676 -0.281794  0.498722  0.578759
-0.111286 -0.775707 -0.621204   1.52357
        0         0         0         1

 0.561086 -0.576587   0.59391  0.791298
-0.819863  -0.28825  0.494709  0.580308
-0.114049 -0.764499 -0.634455   1.52429
        0         0         0         1

 0.561086 -0.576587   0.59391  0.791298
-0.819863  -0.28825  0.494709  0.580308
-0.114049 -0.764499 -0.634455   1.52429
        0         0         0         1

 0.559855 -0.592965  0.578752  0.791383
-0.819415 -0.292553  0.492922  0.581564
 -0.12297 -0.750203 -0.649672   1.52723
        0         0         0         1

 0.559855 -0.592965  0.578752  0.791383
-0.819415 -0.292553  0.492922  0.581564
 -0.12297 -0.750203 -0.649672   1.52723
        0         0         0         1

 0.554673 -0.607847  0.568208  0.791439
 -0.82197 -0.294217  0.487649  0.582805
 -0.12924 -0.737535 -0.662827   1.52937
        0         0         0         1

 0.554673 -0.607847  0.568208  0.791439
 -0.82197 -0.294217  0.487649  0.582805
 -0.12924 -0.737535 -0.662827   1.52937
        0         0         0         1

 0.547401 -0.628676  0.552376  0.788119
-0.825458 -0.296977  0.480024  0.583749
-0.137737 -0.718729 -0.681511   1.53382
        0         0         0         1

 0.547401 -0.628676  0.552376  0.788119
-0.825458 -0.296977  0.480024  0.583749
-0.137737 -0.718729 -0.681511   1.53382
        0         0         0         1

 0.536974 -0.645119  0.543581  0.786698
 -0.83196 -0.298301  0.467824   0.58605
-0.139651 -0.703447 -0.696893   1.53643
        0         0         0         1

 0.536974 -0.645119  0.543581  0.786698
 -0.83196 -0.298301  0.467824   0.58605
-0.139651 -0.703447 -0.696893   1.53643
        0         0         0         1

 0.528871 -0.658942  0.534875  0.783186
 -0.83677  -0.29954  0.458357  0.588184
-0.141814 -0.689979 -0.709801   1.53973
        0         0         0         1

 0.528871 -0.658942  0.534875  0.783186
 -0.83677  -0.29954  0.458357  0.588184
-0.141814 -0.689979 -0.709801   1.53973
        0         0         0         1

 0.519279 -0.672886  0.526853  0.775186
-0.841421 -0.294689  0.452956  0.591001
 -0.14953 -0.678516 -0.719206   1.54739
        0         0         0         1

 0.519279 -0.672886  0.526853  0.775186
-0.841421 -0.294689  0.452956  0.591001
 -0.14953 -0.678516 -0.719206   1.54739
        0         0         0         1

 0.510291 -0.681959  0.523962  0.770759
-0.846119 -0.289086  0.447785  0.593854
-0.153901 -0.671835 -0.724536   1.55317
        0         0         0         1

 0.510291 -0.681959  0.523962  0.770759
-0.846119 -0.289086  0.447785  0.593854
-0.153901 -0.671835 -0.724536   1.55317
        0         0         0         1

 0.496124 -0.699325  0.514593  0.763255
-0.853725 -0.284952  0.435839  0.599453
-0.158159 -0.655551 -0.738403    1.5632
        0         0         0         1

 0.496124 -0.699325  0.514593  0.763255
-0.853725 -0.284952  0.435839  0.599453
-0.158159 -0.655551 -0.738403    1.5632
        0         0         0         1

 0.484855 -0.715114  0.503515   0.75742
-0.859796 -0.284277  0.424189  0.603917
-0.160206 -0.638591 -0.752686   1.57069
        0         0         0         1

 0.484855 -0.715114  0.503515   0.75742
-0.859796 -0.284277  0.424189  0.603917
-0.160206 -0.638591 -0.752686   1.57069
        0         0         0         1

 0.474327 -0.732367   0.48852  0.750045
-0.864501 -0.282675  0.415612  0.607754
-0.166288 -0.619462 -0.767213   1.57938
        0         0         0         1

 0.474327 -0.732367   0.48852  0.750045
-0.864501 -0.282675  0.415612  0.607754
-0.166288 -0.619462 -0.767213   1.57938
        0         0         0         1

 0.453308 -0.760537  0.464861  0.742312
-0.873382 -0.274783  0.402117  0.617445
-0.178088 -0.588284   -0.7888   1.59246
        0         0         0         1

 0.453308 -0.760537  0.464861  0.742312
-0.873382 -0.274783  0.402117  0.617445
-0.178088 -0.588284   -0.7888   1.59246
        0         0         0         1

 0.440209  -0.77893  0.446636  0.737379
-0.877353 -0.267355  0.398462  0.624552
-0.190964 -0.567265 -0.801089   1.60196
        0         0         0         1

 0.440209  -0.77893  0.446636  0.737379
-0.877353 -0.267355  0.398462  0.624552
-0.190964 -0.567265 -0.801089   1.60196
        0         0         0         1

 0.423519 -0.805873  0.413764  0.726856
-0.881153  -0.26047   0.39462  0.636192
 -0.21024 -0.531719 -0.820411   1.61511
        0         0         0         1

 0.423519 -0.805873  0.413764  0.726856
-0.881153  -0.26047   0.39462  0.636192
 -0.21024 -0.531719 -0.820411   1.61511
        0         0         0         1

 0.408686 -0.820861  0.398953  0.720583
-0.884485 -0.248416  0.394937  0.645224
-0.225082 -0.514274 -0.827563     1.626
        0         0         0         1

 0.408686 -0.820861  0.398953  0.720583
-0.884485 -0.248416  0.394937  0.645224
-0.225082 -0.514274 -0.827563     1.626
        0         0         0         1

 0.401193 -0.826817  0.394231   0.70947
-0.885507 -0.239969   0.39786  0.654387
-0.234354 -0.508713 -0.828426   1.63707
        0         0         0         1

 0.401193 -0.826817  0.394231   0.70947
-0.885507 -0.239969   0.39786  0.654387
-0.234354 -0.508713 -0.828426   1.63707
        0         0         0         1

 0.385589 -0.831562  0.399782   0.69724
-0.892584 -0.226435  0.389899  0.673895
-0.233701  -0.50718  -0.82955   1.65103
        0         0         0         1

 0.385589 -0.831562  0.399782   0.69724
-0.892584 -0.226435  0.389899  0.673895
-0.233701  -0.50718  -0.82955   1.65103
        0         0         0         1

 0.384347 -0.829229  0.405779  0.685969
-0.894138 -0.224969  0.387177  0.688472
 -0.22977 -0.511633 -0.827911   1.66105
        0         0         0         1

 0.384347 -0.829229  0.405779  0.685969
-0.894138 -0.224969  0.387177  0.688472
 -0.22977 -0.511633 -0.827911   1.66105
        0         0         0         1

 0.383509 -0.829141  0.406751   0.67054
-0.894366 -0.223615  0.387436  0.711605
-0.230283 -0.512369 -0.827313   1.68304
        0         0         0         1

 0.383509 -0.829141  0.406751   0.67054
-0.894366 -0.223615  0.387436  0.711605
-0.230283 -0.512369 -0.827313   1.68304
        0         0         0         1

  0.38269 -0.831051  0.403611   0.66377
-0.895454  -0.22612  0.383448  0.730815
  -0.2274 -0.508157 -0.830702    1.6975
        0         0         0         1

  0.38269 -0.831051  0.403611   0.66377
-0.895454  -0.22612  0.383448  0.730815
  -0.2274 -0.508157 -0.830702    1.6975
        0         0         0         1

  0.38565 -0.829912  0.403138   0.65351
-0.896059 -0.232759  0.378023  0.751497
-0.219892  -0.50702 -0.833414   1.70909
        0         0         0         1

  0.38565 -0.829912  0.403138   0.65351
-0.896059 -0.232759  0.378023  0.751497
-0.219892  -0.50702 -0.833414   1.70909
        0         0         0         1

 0.389278 -0.824691  0.410302  0.641139
-0.898475 -0.241793  0.366441  0.787403
-0.202992 -0.511293 -0.835089   1.72938
        0         0         0         1

 0.389278 -0.824691  0.410302  0.641139
-0.898475 -0.241793  0.366441  0.787403
-0.202992 -0.511293 -0.835089   1.72938
        0         0         0         1

 0.395664 -0.816757  0.419951  0.630924
-0.899492 -0.252336  0.356708  0.812225
-0.185375 -0.518879 -0.834506   1.74505
        0         0         0         1

 0.395664 -0.816757  0.419951  0.630924
-0.899492 -0.252336  0.356708  0.812225
-0.185375 -0.518879 -0.834506   1.74505
        0         0         0         1

 0.397328 -0.801247  0.447363   0.62251
 -0.90482  -0.26074  0.336623  0.857015
-0.153073 -0.538532 -0.828584   1.76224
        0         0         0         1

 0.397328 -0.801247  0.447363   0.62251
 -0.90482  -0.26074  0.336623  0.857015
-0.153073 -0.538532 -0.828584   1.76224
        0         0         0         1

  0.39636 -0.791919  0.464504  0.618037
-0.908501  -0.26536  0.322817  0.888909
-0.132384 -0.549954 -0.824636   1.77724
        0         0         0         1

  0.39636 -0.791919  0.464504  0.618037
-0.908501  -0.26536  0.322817  0.888909
-0.132384 -0.549954 -0.824636   1.77724
        0         0         0         1

 0.395353 -0.781691  0.482343  0.607783
-0.913258 -0.278349  0.297458  0.920893
-0.0982603 -0.558105 -0.823932   1.78677
        0         0         0         1

 0.395353 -0.781691  0.482343  0.607783
-0.913258 -0.278349  0.297458  0.920893
-0.0982603 -0.558105 -0.823932   1.78677
        0         0         0         1

 0.387857 -0.767957  0.509715  0.593886
-0.920815 -0.298344  0.251177  0.969999
-0.0408227 -0.566774 -0.822861   1.80896
        0         0         0         1

 0.387857 -0.767957  0.509715  0.593886
-0.920815 -0.298344  0.251177  0.969999
-0.0408227 -0.566774 -0.822861   1.80896
        0         0         0         1

 0.372921 -0.748306  0.548605  0.589939
-0.927696 -0.311906  0.205169   1.00837
0.0175839 -0.585451 -0.810517   1.81441
        0         0         0         1

 0.372921 -0.748306  0.548605  0.589939
-0.927696 -0.311906  0.205169   1.00837
0.0175839 -0.585451 -0.810517   1.81441
        0         0         0         1

 0.355727  -0.70534   0.61315  0.569536
-0.928755 -0.339991  0.147719   1.06111
 0.104274 -0.622013 -0.776032   1.82306
        0         0         0         1

 0.355727  -0.70534   0.61315  0.569536
-0.928755 -0.339991  0.147719   1.06111
 0.104274 -0.622013 -0.776032   1.82306
        0         0         0         1

  0.32332  -0.68451  0.653383  0.570086
-0.931624 -0.351342 0.0929248   1.10385
 0.165953 -0.638752 -0.751302   1.82595
        0         0         0         1

  0.32332  -0.68451  0.653383  0.570086
-0.931624 -0.351342 0.0929248   1.10385
 0.165953 -0.638752 -0.751302   1.82595
        0         0         0         1

 0.296897  -0.66026  0.689862  0.564065
-0.928083 -0.369557 0.0457216   1.14452
 0.224755 -0.653823 -0.722496   1.82767
        0         0         0         1

 0.296897  -0.66026  0.689862  0.564065
-0.928083 -0.369557 0.0457216   1.14452
 0.224755 -0.653823 -0.722496   1.82767
        0         0         0         1

