-0.0742438 -0.662633  0.745255  0.207219
-0.873924 -0.316742 -0.368689   1.04869
 0.480359 -0.678669 -0.555575   2.26413
        0         0         0         1

-0.0742438 -0.662633  0.745255  0.207219
-0.873924 -0.316742 -0.368689   1.04869
 0.480359 -0.678669 -0.555575   2.26413
        0         0         0         1

-0.0952377 -0.633882  0.767544  0.197549
-0.871249 -0.319888 -0.372287   1.02684
 0.481514 -0.704177 -0.521804   2.24362
        0         0         0         1

-0.0952377 -0.633882  0.767544  0.197549
-0.871249 -0.319888 -0.372287   1.02684
 0.481514 -0.704177 -0.521804   2.24362
        0         0         0         1

  -0.1119 -0.621462  0.775411  0.188149
-0.880215 -0.300162 -0.367592  0.984858
 0.461194 -0.723662 -0.513433   2.22763
        0         0         0         1

  -0.1119 -0.621462  0.775411  0.188149
-0.880215 -0.300162 -0.367592  0.984858
 0.461194 -0.723662 -0.513433   2.22763
        0         0         0         1

 -0.12432 -0.615814  0.778021  0.181397
-0.889914 -0.277602 -0.361925  0.953381
 0.438859 -0.737367  -0.51351   2.21915
        0         0         0         1

 -0.12432 -0.615814  0.778021  0.181397
-0.889914 -0.277602 -0.361925  0.953381
 0.438859 -0.737367  -0.51351   2.21915
        0         0         0         1

-0.137061 -0.615651  0.776008  0.166542
-0.903602 -0.243268 -0.352595  0.914848
 0.405854  -0.74953 -0.522961   2.19682
        0         0         0         1

-0.137061 -0.615651  0.776008  0.166542
-0.903602 -0.243268 -0.352595  0.914848
 0.405854  -0.74953 -0.522961   2.19682
        0         0         0         1

-0.142282 -0.625311  0.767295  0.160787
-0.912385 -0.217726 -0.346624   0.88888
 0.383808 -0.749387 -0.539546   2.18752
        0         0         0         1

-0.142282 -0.625311  0.767295  0.160787
-0.912385 -0.217726 -0.346624   0.88888
 0.383808 -0.749387 -0.539546   2.18752
        0         0         0         1

 -0.14638 -0.631092  0.761771  0.154555
-0.921266 -0.193534 -0.337362  0.859692
 0.360335 -0.751177 -0.553075   2.17739
        0         0         0         1

 -0.14638 -0.631092  0.761771  0.154555
-0.921266 -0.193534 -0.337362  0.859692
 0.360335 -0.751177 -0.553075   2.17739
        0         0         0         1

-0.140506 -0.643871  0.752123  0.147057
 -0.93378 -0.166337 -0.316838  0.818238
 0.329109 -0.746835 -0.577862   2.16459
        0         0         0         1

-0.140506 -0.643871  0.752123  0.147057
 -0.93378 -0.166337 -0.316838  0.818238
 0.329109 -0.746835 -0.577862   2.16459
        0         0         0         1

-0.135663 -0.640457  0.755917  0.137484
-0.941301 -0.154721 -0.300022  0.792895
 0.309107 -0.752248 -0.581873    2.1471
        0         0         0         1

-0.135663 -0.640457  0.755917  0.137484
-0.941301 -0.154721 -0.300022  0.792895
 0.309107 -0.752248 -0.581873    2.1471
        0         0         0         1

-0.125013 -0.639364  0.758673  0.131693
-0.952136 -0.137675 -0.272915  0.759687
 0.278942 -0.756478 -0.591551    2.1236
        0         0         0         1

-0.125013 -0.639364  0.758673  0.131693
-0.952136 -0.137675 -0.272915  0.759687
 0.278942 -0.756478 -0.591551    2.1236
        0         0         0         1

-0.108546   -0.6387  0.761761  0.120469
-0.962273 -0.124815 -0.241769  0.732788
 0.249497 -0.759265 -0.601055   2.10504
        0         0         0         1

-0.108546   -0.6387  0.761761  0.120469
-0.962273 -0.124815 -0.241769  0.732788
 0.249497 -0.759265 -0.601055   2.10504
        0         0         0         1

-0.0990902 -0.632208  0.768436  0.112815
 -0.96981 -0.111566 -0.216845  0.711637
 0.222822 -0.766724 -0.602067   2.07963
        0         0         0         1

-0.0990902 -0.632208  0.768436  0.112815
 -0.96981 -0.111566 -0.216845  0.711637
 0.222822 -0.766724 -0.602067   2.07963
        0         0         0         1

-0.0879205  -0.629329   0.772149   0.105531
 -0.978252 -0.0916398  -0.186078   0.688303
  0.187864  -0.771717  -0.607586    2.04042
         0          0          0          1

-0.0879205  -0.629329   0.772149   0.105531
 -0.978252 -0.0916398  -0.186078   0.688303
  0.187864  -0.771717  -0.607586    2.04042
         0          0          0          1

-0.0760908  -0.626713   0.775527   0.100441
  -0.98564 -0.0703121  -0.153526   0.670523
  0.150746  -0.776072  -0.612363    2.01573
         0          0          0          1

-0.0760908  -0.626713   0.775527   0.100441
  -0.98564 -0.0703121  -0.153526   0.670523
  0.150746  -0.776072  -0.612363    2.01573
         0          0          0          1

 -0.045179   -0.64084   0.766344  0.0896878
 -0.994778 -0.0414218 -0.0932842   0.640551
 0.0915236  -0.766556  -0.635622    1.98023
         0          0          0          1

 -0.045179   -0.64084   0.766344  0.0896878
 -0.994778 -0.0414218 -0.0932842   0.640551
 0.0915236  -0.766556  -0.635622    1.98023
         0          0          0          1

-0.0332407  -0.641177   0.766673  0.0853882
 -0.997328 -0.0286544 -0.0672052   0.630158
 0.0650589  -0.766858  -0.638511    1.94737
         0          0          0          1

-0.0332407  -0.641177   0.766673  0.0853882
 -0.997328 -0.0286544 -0.0672052   0.630158
 0.0650589  -0.766858  -0.638511    1.94737
         0          0          0          1

-0.0277436  -0.637703   0.769783  0.0832553
 -0.998703 -0.0152144  -0.048598   0.620214
 0.0427028  -0.770132  -0.636454    1.91795
         0          0          0          1

-0.0277436  -0.637703   0.769783  0.0832553
 -0.998703 -0.0152144  -0.048598   0.620214
 0.0427028  -0.770132  -0.636454    1.91795
         0          0          0          1

  -0.016542    -0.62731    0.778594   0.0766716
  -0.999718 -0.00289603  -0.0235733    0.602915
  0.0170426   -0.778764   -0.627085     1.87522
          0           0           0           1

  -0.016542    -0.62731    0.778594   0.0766716
  -0.999718 -0.00289603  -0.0235733    0.602915
  0.0170426   -0.778764   -0.627085     1.87522
          0           0           0           1

  -0.013177   -0.619659    0.784761   0.0764616
  -0.999912  0.00908587 -0.00961531    0.597578
-0.00117203   -0.784819   -0.619724     1.84359
          0           0           0           1

  -0.013177   -0.619659    0.784761   0.0764616
  -0.999912  0.00908587 -0.00961531    0.597578
-0.00117203   -0.784819   -0.619724     1.84359
          0           0           0           1

-0.00634659  -0.598006   0.801467  0.0710529
 -0.999721  0.0220134 0.00850856   0.587082
-0.0227312  -0.801189  -0.597979    1.79612
         0          0          0          1

-0.00634659  -0.598006   0.801467  0.0710529
 -0.999721  0.0220134 0.00850856   0.587082
-0.0227312  -0.801189  -0.597979    1.79612
         0          0          0          1

0.000932063 -0.596814  0.802379 0.0704669
 -0.99923 0.0309117  0.024153  0.579804
-0.0392177 -0.801784 -0.596325   1.77284
        0         0         0         1

0.000932063 -0.596814  0.802379 0.0704669
 -0.99923 0.0309117  0.024153  0.579804
-0.0392177 -0.801784 -0.596325   1.77284
        0         0         0         1

0.00177978 -0.588293  0.808646  0.070966
-0.998791 0.0386879 0.0303438  0.582692
-0.0491359 -0.807722 -0.587513   1.73939
        0         0         0         1

0.00177978 -0.588293  0.808646  0.070966
-0.998791 0.0386879 0.0303438  0.582692
-0.0491359 -0.807722 -0.587513   1.73939
        0         0         0         1

0.0120074 -0.585508  0.810577 0.0699542
-0.997345 0.0512135 0.0517674  0.581346
-0.0718227 -0.809047 -0.583339   1.70249
        0         0         0         1

0.0120074 -0.585508  0.810577 0.0699542
-0.997345 0.0512135 0.0517674  0.581346
-0.0718227 -0.809047 -0.583339   1.70249
        0         0         0         1

0.0240356  -0.58798  0.808518 0.0700444
-0.995604 0.0591525 0.0726149  0.578047
-0.090522  -0.80671 -0.583974   1.68124
        0         0         0         1

0.0240356  -0.58798  0.808518 0.0700444
-0.995604 0.0591525 0.0726149  0.578047
-0.090522  -0.80671 -0.583974   1.68124
        0         0         0         1

 0.029852 -0.588233   0.80814 0.0736504
-0.992903 0.0756683 0.0917548  0.582573
-0.115124 -0.805144 -0.581799   1.64698
        0         0         0         1

 0.029852 -0.588233   0.80814 0.0736504
-0.992903 0.0756683 0.0917548  0.582573
-0.115124 -0.805144 -0.581799   1.64698
        0         0         0         1

0.0463523 -0.585736  0.809175 0.0668792
-0.990069 0.0806894  0.115123  0.576944
-0.132724 -0.806475 -0.576179   1.62396
        0         0         0         1

0.0463523 -0.585736  0.809175 0.0668792
-0.990069 0.0806894  0.115123  0.576944
-0.132724 -0.806475 -0.576179   1.62396
        0         0         0         1

0.0427607 -0.586207  0.809032 0.0728065
-0.988956 0.0901837  0.117615  0.585508
-0.141909 -0.805126 -0.575876   1.60182
        0         0         0         1

0.0427607 -0.586207  0.809032 0.0728065
-0.988956 0.0901837  0.117615  0.585508
-0.141909 -0.805126 -0.575876   1.60182
        0         0         0         1

0.0495049 -0.592743  0.803869 0.0757786
-0.985144  0.103532  0.137009  0.588706
-0.164437 -0.798709 -0.578812   1.57716
        0         0         0         1

0.0495049 -0.592743  0.803869 0.0757786
-0.985144  0.103532  0.137009  0.588706
-0.164437 -0.798709 -0.578812   1.57716
        0         0         0         1

0.0643984 -0.597857  0.799012 0.0681709
-0.981598  0.106288  0.158644  0.583365
-0.179771 -0.794525 -0.580011   1.56347
        0         0         0         1

0.0643984 -0.597857  0.799012 0.0681709
-0.981598  0.106288  0.158644  0.583365
-0.179771 -0.794525 -0.580011   1.56347
        0         0         0         1

0.0675737 -0.600428  0.796819 0.0707526
-0.979288  0.112868  0.168097  0.589457
-0.190866 -0.791674 -0.580365   1.53768
        0         0         0         1

0.0675737 -0.600428  0.796819 0.0707526
-0.979288  0.112868  0.168097  0.589457
-0.190866 -0.791674 -0.580365   1.53768
        0         0         0         1

0.0668357 -0.609897  0.789658  0.074071
-0.978352  0.115294  0.171854  0.594311
-0.195856 -0.784049 -0.588988    1.5258
        0         0         0         1

0.0668357 -0.609897  0.789658  0.074071
-0.978352  0.115294  0.171854  0.594311
-0.195856 -0.784049 -0.588988    1.5258
        0         0         0         1

0.0706068 -0.609432  0.789688 0.0759354
-0.977735  0.114546   0.17582  0.597956
-0.197606  -0.78452 -0.587775   1.51343
        0         0         0         1

0.0706068 -0.609432  0.789688 0.0759354
-0.977735  0.114546   0.17582  0.597956
-0.197606  -0.78452 -0.587775   1.51343
        0         0         0         1

0.0793483  -0.61439  0.785003  0.075199
-0.975315   0.11494  0.188544  0.598028
-0.206067 -0.780586 -0.590103   1.50658
        0         0         0         1

0.0793483  -0.61439  0.785003  0.075199
-0.975315   0.11494  0.188544  0.598028
-0.206067 -0.780586 -0.590103   1.50658
        0         0         0         1

0.0801486 -0.609872  0.788437 0.0808209
-0.975452  0.114771  0.187938  0.605049
-0.205108 -0.784145 -0.585702   1.49842
        0         0         0         1

0.0801486 -0.609872  0.788437 0.0808209
-0.975452  0.114771  0.187938  0.605049
-0.205108 -0.784145 -0.585702   1.49842
        0         0         0         1

0.0868095 -0.607007  0.789941 0.0787208
-0.977605  0.100684    0.1848  0.604842
 -0.19171 -0.788293 -0.584672   1.49295
        0         0         0         1

0.0868095 -0.607007  0.789941 0.0787208
-0.977605  0.100684    0.1848  0.604842
 -0.19171 -0.788293 -0.584672   1.49295
        0         0         0         1

0.0900831 -0.613249  0.784736 0.0801967
-0.977547 0.0962646  0.187445  0.604797
-0.190493 -0.784002 -0.590808   1.49699
        0         0         0         1

0.0900831 -0.613249  0.784736 0.0801967
-0.977547 0.0962646  0.187445  0.604797
-0.190493 -0.784002 -0.590808   1.49699
        0         0         0         1

0.0918031 -0.619793  0.779377 0.0826441
-0.977558 0.0929398  0.189056  0.605422
-0.189611 -0.779242 -0.597352   1.49824
        0         0         0         1

0.0918031 -0.619793  0.779377 0.0826441
-0.977558 0.0929398  0.189056  0.605422
-0.189611 -0.779242 -0.597352   1.49824
        0         0         0         1

0.0909128 -0.622385  0.777414 0.0849833
-0.977877 0.0918886   0.18792  0.608075
-0.188394 -0.777299 -0.600262   1.49427
        0         0         0         1

0.0909128 -0.622385  0.777414 0.0849833
-0.977877 0.0918886   0.18792  0.608075
-0.188394 -0.777299 -0.600262   1.49427
        0         0         0         1

0.0881612 -0.626575  0.774358 0.0872941
-0.977447 0.0953471  0.188433  0.610867
-0.191901 -0.773506 -0.604038   1.49646
        0         0         0         1

0.0881612 -0.626575  0.774358 0.0872941
-0.977447 0.0953471  0.188433  0.610867
-0.191901 -0.773506 -0.604038   1.49646
        0         0         0         1

0.0849911 -0.630478   0.77154 0.0884051
-0.976435  0.101463  0.190474   0.61178
-0.198372 -0.769547 -0.606998   1.49681
        0         0         0         1

0.0849911 -0.630478   0.77154 0.0884051
-0.976435  0.101463  0.190474   0.61178
-0.198372 -0.769547 -0.606998   1.49681
        0         0         0         1

0.0875162 -0.633925  0.768427 0.0859247
-0.973957  0.107515   0.19962  0.609297
-0.209162 -0.765885 -0.608006   1.49857
        0         0         0         1

0.0875162 -0.633925  0.768427 0.0859247
-0.973957  0.107515   0.19962  0.609297
-0.209162 -0.765885 -0.608006   1.49857
        0         0         0         1

0.0868388 -0.633947  0.768486 0.0844356
 -0.97292  0.111899  0.202249  0.608279
-0.214208 -0.765238 -0.607063   1.49778
        0         0         0         1

0.0868388 -0.633947  0.768486 0.0844356
 -0.97292  0.111899  0.202249  0.608279
-0.214208 -0.765238 -0.607063   1.49778
        0         0         0         1

0.0764609 -0.640882  0.763822 0.0844954
-0.971129  0.125747  0.202721  0.609608
-0.225969  -0.75727 -0.612765   1.49979
        0         0         0         1

0.0764609 -0.640882  0.763822 0.0844954
-0.971129  0.125747  0.202721  0.609608
-0.225969  -0.75727 -0.612765   1.49979
        0         0         0         1

0.0715517 -0.643225  0.762327 0.0846065
-0.969845  0.133658  0.203805   0.61086
-0.232983 -0.753921 -0.614265    1.4999
        0         0         0         1

0.0715517 -0.643225  0.762327 0.0846065
-0.969845  0.133658  0.203805   0.61086
-0.232983 -0.753921 -0.614265    1.4999
        0         0         0         1

0.0664656  -0.65025  0.756807 0.0846493
-0.967552  0.143305  0.208102  0.612253
-0.243773 -0.746082 -0.619626   1.50306
        0         0         0         1

0.0664656  -0.65025  0.756807 0.0846493
-0.967552  0.143305  0.208102  0.612253
-0.243773 -0.746082 -0.619626   1.50306
        0         0         0         1

0.0651243 -0.657269  0.750837 0.0829591
-0.964176  0.152451  0.217081  0.613478
-0.257146 -0.738076 -0.623794   1.50872
        0         0         0         1

0.0651243 -0.657269  0.750837 0.0829591
-0.964176  0.152451  0.217081  0.613478
-0.257146 -0.738076 -0.623794   1.50872
        0         0         0         1

0.0602182 -0.658664  0.750024 0.0830934
-0.962952  0.159539   0.21742   0.61622
-0.262865 -0.735329 -0.624655   1.51154
        0         0         0         1

0.0602182 -0.658664  0.750024 0.0830934
-0.962952  0.159539   0.21742   0.61622
-0.262865 -0.735329 -0.624655   1.51154
        0         0         0         1

0.0504475 -0.664807   0.74531 0.0845839
-0.960221  0.172934  0.219249  0.621834
-0.274647 -0.726723 -0.629637   1.52032
        0         0         0         1

0.0504475 -0.664807   0.74531 0.0845839
-0.960221  0.172934  0.219249  0.621834
-0.274647 -0.726723 -0.629637   1.52032
        0         0         0         1

0.0424734 -0.674134  0.737387  0.084761
-0.957265  0.183872  0.223238  0.626001
-0.286077 -0.715356 -0.637515   1.53114
        0         0         0         1

0.0424734 -0.674134  0.737387  0.084761
-0.957265  0.183872  0.223238  0.626001
-0.286077 -0.715356 -0.637515   1.53114
        0         0         0         1

0.0391038 -0.676545  0.735362 0.0826778
-0.955346  0.190399  0.225972  0.628302
-0.292892 -0.711362 -0.638889   1.53287
        0         0         0         1

0.0391038 -0.676545  0.735362 0.0826778
-0.955346  0.190399  0.225972  0.628302
-0.292892 -0.711362 -0.638889   1.53287
        0         0         0         1

 0.021019 -0.685661  0.727617 0.0853217
-0.951479  0.209756  0.225147  0.638879
-0.306996 -0.697044 -0.647983   1.54083
        0         0         0         1

 0.021019 -0.685661  0.727617 0.0853217
-0.951479  0.209756  0.225147  0.638879
-0.306996 -0.697044 -0.647983   1.54083
        0         0         0         1

0.00699778 -0.692608   0.72128 0.0881485
-0.950607  0.219231  0.219739  0.647557
-0.310319 -0.687191 -0.656864    1.5418
        0         0         0         1

0.00699778 -0.692608   0.72128 0.0881485
-0.950607  0.219231  0.219739  0.647557
-0.310319 -0.687191 -0.656864    1.5418
        0         0         0         1

-0.00389667 -0.709949  0.704242 0.0867059
-0.943035  0.236894  0.233596  0.654148
-0.332672 -0.663214  -0.67043   1.56046
        0         0         0         1

-0.00389667 -0.709949  0.704242 0.0867059
-0.943035  0.236894  0.233596  0.654148
-0.332672 -0.663214  -0.67043   1.56046
        0         0         0         1

-0.0120029 -0.708479   0.70563 0.0852561
-0.942183  0.244352  0.229311  0.662991
-0.334884  -0.66208 -0.670449   1.56401
        0         0         0         1

-0.0120029 -0.708479   0.70563 0.0852561
-0.942183  0.244352  0.229311  0.662991
-0.334884  -0.66208 -0.670449   1.56401
        0         0         0         1

-0.019928  -0.71256  0.701328 0.0851027
-0.938647  0.254899   0.23231   0.67066
-0.344303  -0.65367 -0.673922   1.57667
        0         0         0         1

-0.019928  -0.71256  0.701328 0.0851027
-0.938647  0.254899   0.23231   0.67066
-0.344303  -0.65367 -0.673922   1.57667
        0         0         0         1

-0.0352084 -0.709137  0.704191 0.0880845
-0.936189  0.269986  0.225074  0.691879
 -0.34973 -0.651332 -0.673391   1.59215
        0         0         0         1

-0.0352084 -0.709137  0.704191 0.0880845
-0.936189  0.269986  0.225074  0.691879
 -0.34973 -0.651332 -0.673391   1.59215
        0         0         0         1

-0.0474453  -0.70881  0.703802 0.0923563
-0.936046  0.277494  0.216367    0.7055
-0.348664 -0.648525 -0.676645   1.60616
        0         0         0         1

-0.0474453  -0.70881  0.703802 0.0923563
-0.936046  0.277494  0.216367    0.7055
-0.348664 -0.648525 -0.676645   1.60616
        0         0         0         1

-0.0596861 -0.716542  0.694986  0.091644
-0.939542  0.275508  0.203364  0.722503
-0.337193  -0.64083 -0.689665   1.62402
        0         0         0         1

-0.0596861 -0.716542  0.694986  0.091644
-0.939542  0.275508  0.203364  0.722503
-0.337193  -0.64083 -0.689665   1.62402
        0         0         0         1

-0.0705177 -0.723324  0.686898 0.0927685
-0.942672    0.2735  0.191228  0.738254
-0.326186 -0.634034 -0.701144   1.63917
        0         0         0         1

-0.0705177 -0.723324  0.686898 0.0927685
-0.942672    0.2735  0.191228  0.738254
-0.326186 -0.634034 -0.701144   1.63917
        0         0         0         1

-0.079601 -0.732244  0.676375 0.0948313
-0.950273  0.260679  0.170376  0.766449
-0.301073 -0.629178 -0.716582   1.65887
        0         0         0         1

-0.079601 -0.732244  0.676375 0.0948313
-0.950273  0.260679  0.170376  0.766449
-0.301073 -0.629178 -0.716582   1.65887
        0         0         0         1

-0.0849483  -0.73687  0.670676 0.0995681
-0.954776  0.252686  0.156693  0.788573
-0.284933 -0.627035 -0.725011    1.6769
        0         0         0         1

-0.0849483  -0.73687  0.670676 0.0995681
-0.954776  0.252686  0.156693  0.788573
-0.284933 -0.627035 -0.725011    1.6769
        0         0         0         1

-0.0746359 -0.739729  0.668753 0.0929729
-0.961599  0.231005  0.148203  0.805055
-0.264115  -0.63201 -0.728564   1.68959
        0         0         0         1

-0.0746359 -0.739729  0.668753 0.0929729
-0.961599  0.231005  0.148203  0.805055
-0.264115  -0.63201 -0.728564   1.68959
        0         0         0         1

-0.0631556  -0.73902  0.670717 0.0992019
-0.972271  0.197189   0.12572  0.844316
-0.225167 -0.644179 -0.730981   1.71337
        0         0         0         1

-0.0631556  -0.73902  0.670717 0.0992019
-0.972271  0.197189   0.12572  0.844316
-0.225167 -0.644179 -0.730981   1.71337
        0         0         0         1

-0.0696594 -0.736973  0.672324  0.113964
-0.981285  0.171907 0.0867661  0.883035
-0.179521 -0.653697 -0.735155   1.72061
        0         0         0         1

-0.0696594 -0.736973  0.672324  0.113964
-0.981285  0.171907 0.0867661  0.883035
-0.179521 -0.653697 -0.735155   1.72061
        0         0         0         1

-0.0513784 -0.754988  0.653723  0.110237
-0.987712   0.13516 0.0784697  0.899671
-0.147601 -0.641658 -0.752655   1.74674
        0         0         0         1

-0.0513784 -0.754988  0.653723  0.110237
-0.987712   0.13516 0.0784697  0.899671
-0.147601 -0.641658 -0.752655   1.74674
        0         0         0         1

-0.0376896 -0.773246  0.632985  0.115044
-0.996565 0.0758314 0.0332965  0.942132
-0.0737465 -0.629555 -0.773448   1.78227
        0         0         0         1

-0.0376896 -0.773246  0.632985  0.115044
-0.996565 0.0758314 0.0332965  0.942132
-0.0737465 -0.629555 -0.773448   1.78227
        0         0         0         1

-0.0399608  -0.772713   0.633496   0.130488
 -0.999184  0.0346516 -0.0207616   0.985931
-0.0059089  -0.633809  -0.773467    1.79455
         0          0          0          1

-0.0399608  -0.772713   0.633496   0.130488
 -0.999184  0.0346516 -0.0207616   0.985931
-0.0059089  -0.633809  -0.773467    1.79455
         0          0          0          1

-0.0289705  -0.758074   0.651525   0.132883
 -0.995057 -0.0400643 -0.0908624    1.04098
 0.0949833  -0.650937  -0.753167     1.8019
         0          0          0          1

-0.0289705  -0.758074   0.651525   0.132883
 -0.995057 -0.0400643 -0.0908624    1.04098
 0.0949833  -0.650937  -0.753167     1.8019
         0          0          0          1

-0.0196042  -0.760187   0.649408   0.140799
 -0.987903 -0.0852093  -0.129567    1.07489
  0.153831  -0.644092   -0.74932     1.8232
         0          0          0          1

-0.0196042  -0.760187   0.649408   0.140799
 -0.987903 -0.0852093  -0.129567    1.07489
  0.153831  -0.644092   -0.74932     1.8232
         0          0          0          1

-0.0174428 -0.747971  0.663502  0.145743
-0.976294  -0.13045 -0.172723   1.11507
 0.215745 -0.650786 -0.727964   1.83061
        0         0         0         1

-0.0174428 -0.747971  0.663502  0.145743
-0.976294  -0.13045 -0.172723   1.11507
 0.215745 -0.650786 -0.727964   1.83061
        0         0         0         1

-0.0220827  -0.72635   0.68697  0.163628
-0.948145 -0.202709 -0.244808   1.18405
 0.317072 -0.656753 -0.684209   1.82745
        0         0         0         1

-0.0220827  -0.72635   0.68697  0.163628
-0.948145 -0.202709 -0.244808   1.18405
 0.317072 -0.656753 -0.684209   1.82745
        0         0         0         1

