 0.507046 -0.298812  0.808465  0.628911
-0.844488 -0.359914  0.396613   1.03533
 0.172465  -0.88384 -0.434837   2.08433
        0         0         0         1

 0.500653 -0.298792  0.812447  0.626989
-0.849135 -0.351954  0.393824    1.0207
 0.168272 -0.887046 -0.429922   2.07857
        0         0         0         1

 0.495334  -0.29426  0.817347   0.61996
-0.855265  -0.33004  0.399493  0.998123
 0.152202 -0.896931 -0.415151   2.07971
        0         0         0         1

 0.491394 -0.294988   0.81946  0.617639
 -0.85894 -0.319777  0.399956  0.982745
 0.144063 -0.900403 -0.410513   2.07458
        0         0         0         1

 0.478454 -0.280256  0.832189  0.613473
-0.869272 -0.285303  0.403693  0.948989
 0.124289 -0.916547 -0.380124   2.06497
        0         0         0         1

  0.47519 -0.272565  0.836602  0.611597
-0.871185 -0.279109  0.403899  0.936899
 0.123414 -0.920764 -0.370084   2.05521
        0         0         0         1

 0.472632 -0.259991  0.842035  0.603389
 -0.87376  -0.26264  0.409345  0.917788
 0.114726 -0.929207 -0.351302   2.04772
        0         0         0         1

 0.466032  -0.25365   0.84763  0.601319
-0.878246 -0.248731  0.408433  0.902927
 0.107233  -0.93477 -0.338684    2.0422
        0         0         0         1

  0.45973 -0.249913  0.852169   0.59785
 -0.88272 -0.233664  0.407685  0.886432
0.0972353 -0.939651 -0.328026   2.03606
        0         0         0         1

 0.454959 -0.246537  0.855705  0.593227
-0.885914  -0.22283  0.406821  0.872958
  0.09038 -0.943168 -0.319789    2.0277
        0         0         0         1

 0.440359 -0.242726  0.864389   0.58231
-0.895632 -0.185961  0.404057  0.837322
0.0626679 -0.952104 -0.299283   2.01401
        0         0         0         1

 0.432185 -0.241101  0.868957  0.577784
-0.900048   -0.1751  0.399065  0.824591
0.0559396 -0.954573 -0.292678   2.00528
        0         0         0         1

 0.427854 -0.240546  0.871251  0.573405
-0.903186 -0.150662   0.40194   0.80593
0.0345797 -0.958874 -0.281719   2.00155
        0         0         0         1

 0.420646  -0.23858  0.875292  0.572003
-0.906841 -0.138639  0.398019  0.794972
  0.02639 -0.961176 -0.274672    1.9924
        0         0         0         1

  0.40571  -0.22639  0.885521  0.566066
   -0.914 -0.102308  0.392602  0.768216
0.00171438 -0.968649 -0.248428   1.97255
        0         0         0         1

  0.395531    -0.2239   0.890744   0.568565
 -0.918424 -0.0887139   0.385523    0.75912
-0.00729719  -0.970566  -0.240724    1.96384
         0          0          0          1

  0.389261  -0.214453   0.895816   0.563329
 -0.920983 -0.0733877   0.382628   0.745504
-0.0163137  -0.973973  -0.226074    1.95144
         0          0          0          1

  0.383966  -0.208155   0.899579   0.560962
 -0.923052 -0.0619058   0.379661   0.736903
-0.0233392  -0.976135  -0.215908    1.94052
         0          0          0          1

  0.380377   -0.20166   0.902578    0.55537
 -0.924053 -0.0428232   0.379859   0.722939
-0.0379512  -0.978519  -0.202634    1.93077
         0          0          0          1

  0.371265  -0.195147   0.907789   0.554496
 -0.927539 -0.0328559   0.372279   0.715879
 -0.042823  -0.980224  -0.193205    1.91865
         0          0          0          1

  0.363492  -0.184456   0.913154   0.545226
 -0.928762 0.00466477   0.370648   0.690389
-0.0726278   -0.98283   -0.16962    1.90116
         0          0          0          1

 0.357421  -0.18214  0.916011  0.543869
-0.929873 0.0220653  0.367217  0.680722
-0.0870969 -0.983025  -0.16148    1.8931
        0         0         0         1

 0.345448 -0.179226  0.921164  0.545159
-0.933346 0.0364997  0.357118  0.673074
-0.0976269 -0.983131 -0.154671    1.8809
        0         0         0         1

 0.344214 -0.171635   0.92307  0.540621
-0.932988 0.0475478  0.356754  0.663875
-0.105121 -0.984013 -0.143766   1.87015
        0         0         0         1

 0.333125 -0.161488  0.928951  0.535148
-0.934243 0.0765378  0.348328  0.646174
-0.127351 -0.983902 -0.125372   1.84767
        0         0         0         1

 0.327683 -0.158547   0.93139  0.534168
-0.934782 0.0886825  0.343973   0.63874
-0.137134 -0.983361 -0.119147   1.83904
        0         0         0         1

 0.323757 -0.151449   0.93394  0.531424
-0.935122 0.0989853  0.340218  0.629953
-0.143972 -0.983496 -0.109576   1.82653
        0         0         0         1

 0.317731 -0.147688  0.936608  0.530897
-0.935769  0.110465  0.334865  0.623859
-0.152918 -0.982846 -0.103104   1.81753
        0         0         0         1

   0.31409  -0.145266   0.938214   0.528341
 -0.935171   0.123074   0.332127   0.615046
 -0.163716  -0.981708 -0.0971921    1.80794
         0          0          0          1

  0.309283  -0.142109   0.940292    0.52773
 -0.935462   0.132378   0.327701   0.608887
 -0.171043  -0.980959 -0.0919951    1.79907
         0          0          0          1

  0.297463  -0.132471   0.945499   0.525874
 -0.936218    0.15362   0.316066   0.595898
 -0.187117   -0.97921 -0.0783252    1.77832
         0          0          0          1

  0.295992  -0.131002   0.946164   0.524401
 -0.934649   0.164602   0.315179   0.589418
 -0.197029  -0.977622 -0.0737203     1.7716
         0          0          0          1

   0.29028  -0.125203   0.948716    0.52491
 -0.934799   0.174939   0.309109   0.583964
 -0.204668  -0.976586 -0.0662585    1.76068
         0          0          0          1

  0.289372  -0.121875   0.949426   0.523276
 -0.933726    0.18245   0.308007   0.578092
 -0.210761  -0.975632 -0.0610018    1.75183
         0          0          0          1

  0.284521  -0.121543   0.950934   0.523715
 -0.932466   0.195247   0.303951   0.571868
  -0.22261  -0.973194 -0.0577826    1.74322
         0          0          0          1

 0.282412 -0.117338   0.95209  0.521555
-0.931746  0.202584  0.301345  0.566281
-0.228237  -0.97221 -0.052117   1.73471
        0         0         0         1

 0.275653   -0.1154  0.954305  0.522324
-0.928237  0.226015  0.295454   0.55483
-0.249782 -0.967264 -0.044817   1.71858
        0         0         0         1

  0.274545  -0.110642   0.955188   0.521675
 -0.926308   0.236127   0.293595   0.549068
  -0.25803  -0.965403 -0.0376608    1.71241
         0          0          0          1

  0.27181 -0.100555  0.957083  0.522271
-0.925606  0.244877  0.288598  0.545029
-0.263388 -0.964326 -0.026514   1.70138
        0         0         0         1

  0.271698 -0.0938115   0.957799   0.521096
 -0.924132   0.252365   0.286865   0.540496
 -0.268626  -0.963074 -0.0181272    1.69418
         0          0          0          1

    0.265799   -0.0774063     0.960916     0.522214
    -0.92341     0.265844      0.27684     0.532644
   -0.276883    -0.960903 -0.000816635      1.67596
           0            0            0            1

  0.262415 -0.0686118   0.962513   0.523058
 -0.923379    0.27178   0.271119   0.530237
 -0.280194   -0.95991 0.00796447    1.66817
         0          0          0          1

  0.260748 -0.0613632   0.963455   0.523271
   -0.9214   0.282056   0.267331    0.52528
 -0.288152  -0.957434  0.0170056    1.66154
         0          0          0          1

  0.258149 -0.0547411   0.964553   0.523634
 -0.921162   0.287025   0.262825   0.522204
 -0.291238  -0.956358  0.0236697    1.65411
         0          0          0          1

  0.258399 -0.0484631   0.964822    0.52252
 -0.919151   0.295036   0.260987   0.517474
 -0.297306  -0.954256  0.0316922    1.64596
         0          0          0          1

  0.254174 -0.0468021   0.966025   0.523962
 -0.918698   0.300522   0.256281   0.515044
 -0.302307  -0.952626  0.0333879    1.64053
         0          0          0          1

  0.246569 -0.0409837   0.968258   0.526111
  -0.91708   0.313142    0.24679   0.508779
 -0.313317  -0.948821  0.0396258    1.62652
         0          0          0          1

  0.243747 -0.0398808   0.969019   0.526282
 -0.915757   0.319525     0.2435   0.505634
 -0.319337  -0.946738  0.0413622    1.62107
         0          0          0          1

  0.239698 -0.0345871   0.970231   0.527577
 -0.915007   0.325995   0.237676   0.503014
 -0.324511  -0.944739  0.0464929     1.6136
         0          0          0          1

  0.237443 -0.0331806   0.970835    0.52815
  -0.91365   0.331833   0.234798   0.500365
 -0.329945  -0.942755  0.0484758     1.6089
         0          0          0          1

  0.232188 -0.0225118    0.97241   0.531061
  -0.91181   0.343046   0.225659   0.496283
 -0.338662  -0.939049  0.0591246    1.59714
         0          0          0          1

  0.232362 -0.0171467   0.972478   0.531543
 -0.910867   0.346777   0.223755   0.493997
  -0.34107  -0.937791  0.0649596    1.59288
         0          0          0          1

   0.232538 -0.00975082    0.972539    0.531953
   -0.91003    0.350654    0.221107     0.49161
   -0.34318   -0.936454   0.0726666     1.58675
          0           0           0           1

   0.232549 -0.00227008    0.972582    0.532923
  -0.910202    0.351867    0.218455    0.490394
  -0.342715   -0.936047     0.07976     1.58131
          0           0           0           1

  0.232864 0.00492118   0.972497   0.533999
 -0.910117   0.353514   0.216138   0.488496
 -0.342728  -0.935416  0.0867994    1.57596
         0          0          0          1

  0.23219 0.0091553  0.972627  0.535256
-0.909976  0.355238   0.21389  0.486985
-0.343556 -0.934731 0.0908139   1.57212
        0         0         0         1

 0.227118 0.0153195  0.973747  0.537599
-0.910531  0.358039  0.206741  0.483577
-0.345472 -0.933581 0.0952661   1.56574
        0         0         0         1

 0.224455 0.0184712  0.974309  0.538237
-0.912042  0.356125  0.203359  0.482726
-0.343219 -0.934256 0.0967805   1.56186
        0         0         0         1

 0.220909 0.0183197  0.975122  0.539258
 -0.91277  0.356108  0.200094  0.481249
-0.343583 -0.934265 0.0953892   1.55917
        0         0         0         1

 0.217147 0.0178106  0.975976  0.540538
-0.913649  0.355697  0.196788   0.48053
-0.343647 -0.934432  0.093511   1.55675
        0         0         0         1

 0.209878 0.0123713  0.977649  0.542469
-0.914073  0.357379  0.191707  0.478208
 -0.34702 -0.933877 0.0863142   1.55229
        0         0         0         1

  0.207078 0.00898469   0.978283   0.543634
 -0.913545   0.359596   0.190071   0.477123
 -0.350079  -0.933065  0.0826721    1.55211
         0          0          0          1

  0.205099 0.00855023   0.978704   0.544227
 -0.913554   0.360505   0.188297   0.476389
 -0.351217  -0.932718  0.0817503    1.54992
         0          0          0          1

  0.204272 0.00934073    0.97887   0.544603
 -0.913798   0.360431   0.187253   0.475803
 -0.351066  -0.932739  0.0821613     1.5471
         0          0          0          1

  0.201684 0.00925824   0.979407   0.545786
 -0.914581   0.359639   0.184936   0.476163
  -0.35052  -0.933046  0.0810009    1.54512
         0          0          0          1

   0.19957 0.00910939   0.979841   0.546213
 -0.915279    0.35881   0.183085   0.475392
 -0.349909  -0.933366  0.0799455    1.54366
         0          0          0          1

   0.19233 0.00468251   0.981319   0.547287
 -0.917525   0.355553   0.178131   0.475496
 -0.348077  -0.934644    0.07268     1.5406
         0          0          0          1

  0.189906 0.00110092   0.981802   0.546664
 -0.918094   0.354554   0.177186   0.474961
 -0.347906  -0.935035  0.0683428    1.53951
         0          0          0          1

  0.182807 -0.0049966   0.983136   0.547842
 -0.919406   0.353341   0.172752   0.475461
 -0.348245  -0.935481  0.0599992    1.53903
         0          0          0          1

   0.18044 -0.0122458    0.98351   0.547504
 -0.918464   0.355692   0.172936   0.474511
 -0.351945  -0.934523  0.0529339    1.53979
         0          0          0          1

  0.174919 -0.0234193   0.984304   0.546726
 -0.918883   0.355187   0.171744   0.473945
 -0.353634  -0.934502  0.0406092    1.53842
         0          0          0          1

  0.173156 -0.0273279   0.984515   0.546562
 -0.918421   0.356531   0.171428   0.473439
 -0.355695  -0.933884  0.0366369     1.5383
         0          0          0          1

  0.174625 -0.0318979   0.984118   0.545176
 -0.917534   0.357377   0.174394   0.472274
 -0.357264  -0.933415  0.0331396    1.53825
         0          0          0          1

  0.173652 -0.0333949   0.984241   0.544974
 -0.917881   0.356655   0.174045   0.472297
 -0.356846  -0.933639  0.0312813    1.53783
         0          0          0          1

  0.170421 -0.0384897   0.984619    0.54605
 -0.917783   0.357498   0.172827   0.473087
 -0.358651  -0.933121  0.0255997    1.53801
         0          0          0          1

  0.172782 -0.0417584   0.984074   0.545022
    -0.917   0.357865   0.176191   0.472598
 -0.359523  -0.932839  0.0235402    1.53812
         0          0          0          1

  0.16938 -0.049362  0.984314  0.546055
-0.917146  0.357703   0.17576  0.473536
-0.360768  -0.93253 0.0153157    1.5388
        0         0         0         1

  0.168981 -0.0558779   0.984034   0.545995
 -0.916206   0.359136   0.177727   0.473486
 -0.363333  -0.931611 0.00949163    1.53957
         0          0          0          1

  0.168955  -0.060421    0.98377   0.545917
 -0.915219   0.360845   0.179345    0.47373
 -0.365825  -0.930666 0.00566829    1.54027
         0          0          0          1

  0.169754 -0.0633005   0.983451   0.545653
 -0.914655    0.36138    0.18114   0.474047
 -0.366866  -0.930267  0.0034477    1.54069
         0          0          0          1

   0.172409  -0.0713226     0.98244    0.544802
  -0.912757    0.363413    0.186563    0.474607
  -0.370337   -0.928894 -0.00244457     1.54234
          0           0           0           1

  0.173665  -0.073976   0.982022    0.54422
 -0.912205   0.363688   0.188715   0.474925
  -0.37111  -0.928579 -0.0043215    1.54352
         0          0          0          1

  0.171723 -0.0794254   0.981938   0.544684
  -0.91234   0.363237   0.188932   0.476443
 -0.371682  -0.928305 -0.0100869    1.54569
         0          0          0          1

  0.171599 -0.0826942    0.98169   0.544507
 -0.913106   0.360745   0.189999   0.477561
 -0.369852  -0.928991  -0.013605     1.5465
         0          0          0          1

  0.169866  -0.088687   0.981468   0.544456
 -0.913922   0.358377   0.190559   0.478991
 -0.368636  -0.929355 -0.0201768    1.54876
         0          0          0          1

   0.16652 -0.0943316   0.981515   0.545311
 -0.914662   0.357051   0.189494   0.480179
 -0.368327  -0.929309 -0.0268252    1.55144
         0          0          0          1

  0.162534 -0.0997687   0.981646   0.545537
 -0.917505   0.350722    0.18756    0.48302
 -0.362998   -0.93115 -0.0345339    1.55733
         0          0          0          1

  0.161789 -0.0990102   0.981846   0.545483
 -0.919118    0.34707   0.186452   0.484415
  -0.35923  -0.932598 -0.0348498    1.55869
         0          0          0          1

   0.16131  -0.100038   0.981821   0.545493
 -0.920241   0.344186   0.186262   0.485612
 -0.356562  -0.933557 -0.0365385    1.56175
         0          0          0          1

  0.160326 -0.0996229   0.982024   0.545423
 -0.921439   0.341603   0.185089   0.487044
 -0.353902  -0.934549 -0.0370287    1.56432
         0          0          0          1

  0.160507 -0.0999073   0.981965   0.544838
 -0.924307   0.333789   0.185043   0.490104
 -0.346257  -0.937338 -0.0387695    1.57046
         0          0          0          1

  0.160841  -0.102222   0.981673   0.544603
 -0.925431   0.330123   0.186002   0.491434
 -0.343086  -0.938387 -0.0415017    1.57366
         0          0          0          1

  0.159792  -0.103267   0.981734   0.545631
 -0.927717   0.324161   0.185098   0.494087
 -0.337355  -0.940349 -0.0440038    1.57698
         0          0          0          1

  0.161864  -0.109015   0.980773   0.544401
 -0.927942   0.321334   0.188862   0.494058
 -0.335744   -0.94067 -0.0491468     1.5823
         0          0          0          1

  0.159779  -0.111924   0.980787    0.54606
 -0.930209   0.315499   0.187543   0.497408
 -0.330428  -0.942302 -0.0537029    1.58668
         0          0          0          1

  0.162159  -0.116179   0.979901   0.544724
 -0.931059   0.310918    0.19094   0.497861
 -0.326853  -0.943309 -0.0577517    1.59157
         0          0          0          1

  0.166834  -0.122186   0.978385   0.543672
 -0.933612   0.299525   0.196605   0.500143
 -0.317073  -0.946232 -0.0641031    1.60375
         0          0          0          1

 0.166215 -0.121803  0.978538   0.54503
-0.936265  0.291952  0.195376  0.503234
-0.309483 -0.948645 -0.065513   1.60837
        0         0         0         1

  0.168841  -0.122078   0.978054   0.544708
 -0.937885   0.285238    0.19751   0.504198
  -0.30309   -0.95065 -0.0663352    1.61604
         0          0          0          1

   0.16942  -0.121041   0.978083   0.544731
 -0.939985   0.278407   0.197275   0.506089
 -0.296183  -0.952806 -0.0666095    1.62246
         0          0          0          1

  0.172675  -0.118123    0.97787   0.546033
 -0.944395   0.262187   0.198435   0.510572
 -0.279824   -0.95776 -0.0662813    1.63805
         0          0          0          1

  0.171986  -0.118278   0.977973    0.54794
 -0.947105   0.253203    0.19718   0.513863
 -0.270947  -0.960156 -0.0684749    1.64527
         0          0          0          1

  0.175071  -0.114896   0.977829   0.548184
 -0.949278    0.24378   0.198603   0.516122
 -0.261194  -0.963001 -0.0663895     1.6535
         0          0          0          1

  0.177883  -0.115034   0.977305   0.547998
  -0.95065   0.236469   0.200865   0.517449
 -0.254209  -0.964805 -0.0672927    1.66225
         0          0          0          1

  0.183445  -0.115483   0.976223   0.547739
 -0.951836   0.227318   0.205753   0.519348
 -0.245674  -0.966949 -0.0682201    1.67317
         0          0          0          1

  0.185381  -0.115439   0.975863   0.548023
 -0.953933    0.21725   0.206915   0.521772
 -0.235892  -0.969266 -0.0698474    1.68121
         0          0          0          1

  0.189267  -0.112909   0.975413     0.5508
 -0.959621   0.189256    0.20811    0.53098
   -0.2081  -0.975415 -0.0725296    1.69893
         0          0          0          1

  0.195228  -0.114449   0.974057   0.550307
 -0.959884   0.181517   0.213715   0.531803
 -0.201268  -0.976705 -0.0744204    1.71001
         0          0          0          1

  0.200986  -0.116204   0.972678   0.551441
 -0.961112   0.168579   0.218735   0.535316
  -0.18939  -0.978815 -0.0778028    1.72268
         0          0          0          1

  0.203977  -0.119515   0.971653   0.553033
 -0.962112   0.158957   0.221526   0.538862
 -0.180926  -0.980025 -0.0825633    1.73346
         0          0          0          1

  0.213927  -0.121103   0.969314   0.554387
 -0.964754   0.129476   0.229097   0.548546
 -0.153247   -0.98416 -0.0891363    1.75546
         0          0          0          1

  0.218345    -0.1231   0.968076   0.555652
  -0.96521   0.118997    0.23283   0.552749
 -0.143859  -0.985234 -0.0928354    1.76716
         0          0          0          1

   0.22475  -0.122624    0.96667   0.556447
 -0.965679   0.104525   0.237778   0.557775
 -0.130198  -0.986934 -0.0949232    1.77988
         0          0          0          1

  0.230316  -0.123342   0.965268   0.556506
 -0.965916  0.0914681   0.242158   0.562374
 -0.118159   -0.98814 -0.0980711    1.79023
         0          0          0          1

 0.235432 -0.122878  0.964092   0.55854
-0.966579 0.0739698  0.245467  0.569986
-0.101476 -0.989661 -0.101356   1.80233
        0         0         0         1

 0.239746 -0.123153  0.962993  0.559199
-0.966696 0.0612236  0.248497  0.574781
-0.089561 -0.990497 -0.104373    1.8138
        0         0         0         1

  0.25146 -0.123059  0.960013  0.562236
-0.966138 0.0273517  0.256571  0.588029
-0.0578313 -0.992022 -0.112014   1.83936
        0         0         0         1

 0.255488 -0.126126   0.95855  0.564099
-0.965694   0.01437  0.259283  0.594089
-0.0464768  -0.99191 -0.118128   1.85182
        0         0         0         1

   0.258849   -0.127377    0.957482    0.567164
  -0.965488 -0.00453765    0.260409     0.60363
 -0.0288255   -0.991844   -0.124156     1.86475
          0           0           0           1

   0.26813  -0.129976   0.954574   0.566388
 -0.963166 -0.0151635   0.268479    0.60799
-0.0204211  -0.991401  -0.129254    1.87833
         0          0          0          1

  0.283114  -0.134729   0.949576   0.568861
  -0.95903 -0.0505126   0.278766    0.62482
 0.0104077  -0.989594   -0.14351    1.90628
         0          0          0          1

  0.292257  -0.136699   0.946519   0.569935
 -0.956147 -0.0616514   0.286326   0.630893
 0.0192138  -0.988692  -0.148722    1.91984
         0          0          0          1

  0.300102  -0.139518   0.943649   0.571952
 -0.953203 -0.0818726   0.291035   0.641994
 0.0366543  -0.986829  -0.157559    1.93434
         0          0          0          1

  0.305838  -0.140012   0.941732   0.573287
 -0.950685 -0.0985003   0.294101   0.651318
 0.0515831  -0.985238  -0.163233    1.94512
         0          0          0          1

 0.311273 -0.146859  0.938905  0.578712
-0.947839 -0.119328   0.29557  0.663941
0.0686303 -0.981933 -0.176342   1.95986
        0         0         0         1

 0.315567 -0.149309  0.937083  0.580484
-0.945023 -0.138669  0.296147  0.674892
0.0857272 -0.979019  -0.18486   1.96932
        0         0         0         1

 0.327375 -0.159258  0.931377  0.585815
-0.938057 -0.173144  0.300117  0.696434
 0.113467 -0.971935 -0.206076   1.99946
        0         0         0         1

 0.329921 -0.162318  0.929949  0.589861
-0.935299 -0.189713  0.298705    0.7083
 0.127938 -0.968329 -0.214406   2.01054
        0         0         0         1

 0.342553 -0.163583  0.925148  0.589197
-0.929293 -0.203744  0.308062  0.718065
   0.1381 -0.965261  -0.22181   2.02706
        0         0         0         1

 0.349279 -0.165941  0.922208  0.591673
-0.924859 -0.219097  0.310859  0.728549
 0.150469 -0.961489 -0.229998   2.03911
        0         0         0         1

  0.36711  -0.16428  0.915556  0.596062
-0.911963 -0.257399  0.319484  0.755951
 0.183178 -0.952238 -0.244311   2.06421
        0         0         0         1

 0.372849 -0.171427  0.911919  0.600679
-0.907617 -0.271705  0.320014  0.767942
 0.192913  -0.94699 -0.256895   2.07637
        0         0         0         1

 0.381284 -0.172455   0.90823  0.605546
-0.899554 -0.295713  0.321492  0.784702
 0.213132 -0.939581 -0.267883    2.0863
        0         0         0         1

 0.387861 -0.176789  0.904605  0.609893
 -0.89575 -0.303619  0.324728  0.794822
 0.217247 -0.936248  -0.27612   2.10162
        0         0         0         1

 0.388472 -0.187142  0.902257  0.622026
 -0.89079 -0.326791  0.315753  0.815832
 0.235759 -0.926383 -0.293653   2.11145
        0         0         0         1

 0.401007 -0.185076  0.897185  0.619204
-0.882883 -0.339327  0.324616  0.824824
  0.24436 -0.922282 -0.299473   2.12365
        0         0         0         1

 0.414201 -0.191013  0.889917  0.628034
-0.869655  -0.37157  0.325016  0.855409
 0.268584 -0.908543  -0.32002   2.14643
        0         0         0         1

 0.421825 -0.189037  0.886752  0.627452
-0.862751 -0.384415  0.328458  0.867208
  0.27879 -0.903598 -0.325248    2.1571
        0         0         0         1

 0.426773 -0.201022  0.881734  0.638586
-0.855681 -0.405318  0.321756   0.88844
 0.292703   -0.8918 -0.344989   2.16468
        0         0         0         1

 0.435086 -0.204721  0.876806  0.641981
-0.848154 -0.420045  0.322794  0.902112
 0.302215  -0.88411 -0.356391   2.17398
        0         0         0         1

 0.449563 -0.206251  0.869111  0.646482
-0.831382 -0.452416  0.322684  0.932535
 0.326646 -0.867629 -0.374862   2.19117
        0         0         0         1

 0.452337 -0.207781  0.867305  0.652351
-0.825214 -0.466343  0.318663  0.948613
  0.33825 -0.859856 -0.382408   2.19487
        0         0         0         1

 0.459197 -0.204509  0.864473  0.653206
 -0.81771 -0.477563  0.321379  0.963362
 0.347115 -0.854464 -0.386525   2.20511
        0         0         0         1

 0.466537 -0.203222  0.860839  0.655979
-0.809609 -0.490051  0.323085  0.976663
 0.356197 -0.847674 -0.393157   2.21232
        0         0         0         1

  0.47834 -0.208439  0.853079  0.662387
-0.802011 -0.499403  0.327682  0.990419
 0.357728 -0.840922 -0.406055   2.22562
        0         0         0         1

 0.485492 -0.209113  0.848863  0.665254
-0.796146 -0.506893  0.330471   1.00133
 0.361177  -0.83626 -0.412577   2.23347
        0         0         0         1

 0.504258 -0.199134   0.84028  0.664755
-0.773502 -0.536791  0.336972    1.0361
 0.383952 -0.819878 -0.424712   2.24026
        0         0         0         1

 0.507612 -0.205597  0.836696  0.676705
-0.768467 -0.547165  0.331766   1.05314
 0.389601 -0.811382 -0.435742    2.2422
        0         0         0         1

 0.517679 -0.202844  0.831181  0.677555
-0.758354  -0.55857  0.336005   1.07018
 0.396117 -0.804272 -0.442988   2.24601
        0         0         0         1

  0.52236 -0.204438  0.827855    0.6852
-0.751934 -0.568298  0.334115   1.08562
 0.402162 -0.797021  -0.45058   2.24959
        0         0         0         1

  0.53802 -0.207754  0.816929  0.697247
-0.736604 -0.587058  0.335824   1.12102
 0.409815 -0.782433 -0.468881   2.25342
        0         0         0         1

 0.543686 -0.211125    0.8123  0.706327
-0.730799 -0.595025  0.334483   1.13744
 0.412721 -0.775482 -0.477797   2.25247
        0         0         0         1

 0.550082 -0.195419  0.811924  0.698017
-0.718397 -0.606461  0.340751   1.15297
 0.425811 -0.770725 -0.473992   2.25033
        0         0         0         1

 0.557913 -0.199734  0.805506  0.707694
-0.714889 -0.608636  0.344232    1.1665
 0.421506 -0.767899 -0.482353   2.25466
        0         0         0         1

 0.569936 -0.181572  0.801376  0.695687
-0.701484 -0.615394   0.35946   1.17966
 0.427894 -0.767022 -0.478105   2.25412
        0         0         0         1

 0.577236 -0.178376  0.796857  0.700197
-0.696692 -0.616591  0.366654    1.1921
 0.425933  -0.76681 -0.480192    2.2572
        0         0         0         1

