 0.106152  -0.49988  0.859565  0.378694
-0.820782 -0.532014 -0.208031   1.07376
 0.561291 -0.683433 -0.466767   2.20341
        0         0         0         1

 0.105456 -0.502076   0.85837  0.376285
-0.825054 -0.526037 -0.206325   1.06055
 0.555125 -0.686443 -0.469714   2.20387
        0         0         0         1

 0.102687 -0.499406  0.860261  0.367566
-0.827666 -0.522602 -0.204589   1.04381
 0.551747    -0.691 -0.467006   2.19438
        0         0         0         1

 0.104225 -0.500936  0.859186  0.365776
-0.834234 -0.514367 -0.198696   1.02828
 0.541471 -0.696053 -0.471507   2.20051
        0         0         0         1

 0.115528 -0.500641  0.857911  0.352858
 -0.85319  -0.49229 -0.172387  0.986712
 0.508645 -0.712046 -0.484015   2.20124
        0         0         0         1

 0.117213 -0.504412  0.855471   0.35075
-0.859972 -0.482383 -0.166598  0.974652
 0.496698 -0.716154 -0.490321    2.1999
        0         0         0         1

 0.118575 -0.514624  0.849177  0.351773
-0.869845 -0.466274 -0.161113  0.957863
 0.478862 -0.719549 -0.502932   2.19846
        0         0         0         1

 0.116524 -0.511852  0.851134  0.346393
-0.873107 -0.461264 -0.157861  0.943904
 0.473399 -0.724737  -0.50065   2.19259
        0         0         0         1

 0.114792 -0.510232  0.852342  0.339547
 -0.87899 -0.451916 -0.152146  0.925507
 0.462817 -0.731734 -0.500365   2.18749
        0         0         0         1

  0.11305 -0.518511  0.847565  0.345366
-0.885525 -0.439459 -0.150733  0.914274
 0.450627   -0.7335 -0.508835   2.19108
        0         0         0         1

 0.108299 -0.517323   0.84891  0.341353
-0.891865 -0.427779 -0.146908  0.885671
 0.439145 -0.741203  -0.50771   2.17698
        0         0         0         1

 0.106353 -0.511136  0.852895  0.335532
 -0.89445 -0.423861 -0.142484  0.872853
 0.434337 -0.747718 -0.502264   2.16989
        0         0         0         1

 0.108939 -0.506338  0.855426  0.328194
-0.899389 -0.416707 -0.132117   0.85101
 0.423358 -0.754968  -0.50079   2.16578
        0         0         0         1

 0.106032 -0.508913  0.854263  0.329939
 -0.90372 -0.407686 -0.130702  0.838891
 0.414787 -0.758156 -0.503142   2.16458
        0         0         0         1

 0.107982 -0.499069  0.859808  0.315574
-0.913595 -0.390857 -0.112133  0.801045
 0.392025 -0.773409 -0.498152    2.1552
        0         0         0         1

 0.104364 -0.501159  0.859039  0.317516
-0.917264 -0.382322 -0.111606  0.789981
 0.384362 -0.776318 -0.499596   2.15163
        0         0         0         1

0.0953504  -0.50318  0.858905   0.32226
-0.922195  -0.36951 -0.114097  0.776493
 0.374785   -0.7812 -0.499263   2.14403
        0         0         0         1

0.0980458 -0.493887   0.86398  0.311073
-0.925851 -0.363637 -0.102803  0.757831
 0.364949 -0.789837 -0.492919   2.13892
        0         0         0         1

 0.0959873  -0.493001   0.864718   0.309781
 -0.930294  -0.353418 -0.0982277   0.741644
  0.354033  -0.795013  -0.492559    2.13066
         0          0          0          1

 0.0892829   -0.49134    0.86638   0.309416
 -0.932982  -0.345768 -0.0999452   0.731614
  0.348674  -0.799393  -0.489283    2.12346
         0          0          0          1

 0.0878014  -0.488717   0.868013   0.301784
  -0.94399  -0.319063 -0.0841548   0.694187
  0.318078  -0.812007  -0.489358    2.11153
         0          0          0          1

 0.0880455  -0.492733   0.865715   0.301918
 -0.948156  -0.307879 -0.0788035   0.680415
  0.305365  -0.813895  -0.494295    2.10837
         0          0          0          1

 0.0817318  -0.495308   0.864864   0.302073
 -0.953424  -0.291657 -0.0769308   0.664175
  0.290348  -0.818295  -0.496076    2.10006
         0          0          0          1

 0.0820331  -0.492878   0.866223   0.297706
 -0.956542  -0.282965 -0.0704196   0.651107
  0.279819  -0.822802   -0.49467    2.09258
         0          0          0          1

0.0732913 -0.493277  0.866779  0.295889
  -0.9629  -0.26133 -0.067302  0.624166
 0.259714 -0.829689  -0.49413   2.07093
        0         0         0         1

 0.0680791  -0.497802   0.864615   0.298086
   -0.9665  -0.247871 -0.0666104   0.613566
  0.247472  -0.831116     -0.498    2.06601
         0          0          0          1

 0.0672005  -0.496449   0.865461   0.293757
 -0.969837  -0.236208 -0.0601893    0.59514
  0.234309  -0.835311  -0.497348    2.05482
         0          0          0          1

 0.0662044  -0.501518   0.862611   0.295457
 -0.973721  -0.221272 -0.0539143   0.581945
   0.21791  -0.836372  -0.502987     2.0525
         0          0          0          1

  0.062648   -0.50494   0.860878    0.29516
 -0.977172  -0.206482 -0.0499989   0.567114
  0.203002  -0.838094  -0.506349    2.04234
         0          0          0          1

 0.0595366  -0.511237   0.857375   0.297383
 -0.979829  -0.194065 -0.0476777   0.556357
  0.190761  -0.837243  -0.512479    2.03711
         0          0          0          1

 0.0525343  -0.521467   0.851652   0.299323
 -0.985348  -0.165644 -0.0406427   0.529638
  0.162265  -0.837039  -0.522529    2.01865
         0          0          0          1

 0.0488298  -0.522771   0.851073   0.299851
 -0.986527  -0.158451 -0.0407271   0.520478
  0.156144  -0.837618  -0.523465    2.00948
         0          0          0          1

 0.0444921  -0.528303   0.847889   0.301212
  -0.98881  -0.144262 -0.0380003   0.506329
  0.142394   -0.83671   -0.52881     2.0004
         0          0          0          1

   0.04138  -0.529808   0.847107   0.301088
 -0.989741  -0.137775 -0.0378213   0.497324
  0.136748  -0.836852  -0.530074     1.9907
         0          0          0          1

 0.0353178  -0.537579   0.842474   0.302974
 -0.993224  -0.112274 -0.0300038   0.472332
  0.110717  -0.835706  -0.537901    1.97118
         0          0          0          1

  0.036854   -0.54009     0.8408   0.302441
 -0.994513  -0.102253 -0.0220911   0.461806
 0.0979058  -0.835373  -0.540895    1.96357
         0          0          0          1

 0.0333353  -0.546534   0.836773   0.305409
 -0.995971 -0.0879077 -0.0177391   0.451549
 0.0832538  -0.832811  -0.547262    1.95178
         0          0          0          1

 0.0323021  -0.548501   0.835526   0.304561
 -0.996858  -0.078175 -0.0127805   0.441656
 0.0723273  -0.832488  -0.549302    1.94295
         0          0          0          1

  0.0274403   -0.549795    0.834849    0.305828
   -0.99788  -0.0643686 -0.00959145    0.431059
  0.0590114   -0.832816   -0.550396     1.93133
          0           0           0           1

  0.0266956   -0.551056    0.834041    0.304691
  -0.998451  -0.0554468 -0.00467611    0.420662
  0.0488217   -0.832624   -0.551683     1.92381
          0           0           0           1

   0.0174082    -0.554894     0.831739     0.306652
   -0.999482   -0.0321806 -0.000550242     0.401683
   0.0270712    -0.831298    -0.555167      1.90335
           0            0            0            1

 0.0140947  -0.554296     0.8322   0.306926
 -0.999726 -0.0233703 0.00136603   0.394963
 0.0186916  -0.831991  -0.554473    1.89441
         0          0          0          1

  0.010994    -0.5516   0.834036   0.305331
 -0.999901 -0.0133465  0.0043535   0.383412
0.00873005  -0.834002  -0.551692    1.88153
         0          0          0          1

 0.00292179    -0.55329    0.832984     0.30781
   -0.99999 -0.00452488  0.00050204    0.379443
 0.00349138   -0.832977   -0.553297      1.8726
          0           0           0           1

 -0.00920214    -0.552884     0.833207     0.308882
   -0.999862    0.0166067 -2.31518e-05     0.365272
   -0.013824    -0.833093    -0.552961      1.84958
           0            0            0            1

 -0.0124636   -0.552338    0.833527    0.309108
  -0.999724    0.023504 0.000626229     0.35995
 -0.0199371   -0.833289   -0.552479     1.83969
          0           0           0           1

-0.0160802  -0.550334    0.83479   0.308476
 -0.999511  0.0312404 0.00134207   0.352361
-0.0268177   -0.83436  -0.550567    1.82591
         0          0          0          1

-0.0174226   -0.54977   0.835135   0.307605
 -0.999277  0.0378118 0.00404458   0.345761
-0.0338015   -0.83446  -0.550031    1.81734
         0          0          0          1

-0.0231124  -0.549472   0.835193   0.308347
 -0.998916  0.0464532 0.00291839   0.340226
 -0.040401   -0.83422   -0.54995    1.80428
         0          0          0          1

-0.0247819  -0.547191   0.836641   0.306846
 -0.998582  0.0529889 0.00507781   0.334235
-0.0471112  -0.835329  -0.547729    1.79463
         0          0          0          1

-0.0362869  -0.547572   0.835971   0.308845
 -0.997546  0.0699729 0.00253271   0.324639
-0.0598822  -0.833828  -0.548767    1.77186
         0          0          0          1

-0.0357614 -0.549815  0.834521  0.308348
-0.997007 0.0769027 0.0079422  0.319198
-0.0685436 -0.831739  -0.55092   1.76431
        0         0         0         1

-0.0355762 -0.551748  0.833252  0.307263
-0.996219 0.0857045 0.0142161   0.31185
-0.0792571 -0.829595 -0.552711   1.75338
        0         0         0         1

-0.0366166 -0.553354  0.832141  0.307645
 -0.99549 0.0931189 0.0181175   0.30824
-0.0875134 -0.827725 -0.554268   1.74442
        0         0         0         1

-0.0407764 -0.555286  0.830659  0.307153
-0.993754  0.108971 0.0240632  0.298437
 -0.10388  -0.82449 -0.556261   1.72279
        0         0         0         1

-0.0486083 -0.554066  0.831052  0.307507
-0.993387  0.113469 0.0175468  0.295961
-0.104021 -0.824703 -0.555917   1.71374
        0         0         0         1

-0.0603757  -0.551295   0.832123   0.307416
 -0.992747   0.119992 0.00746676   0.292742
 -0.103965  -0.825636  -0.554541    1.70143
         0          0          0          1

  -0.0689514    -0.549907     0.832375     0.307545
   -0.992265     0.124135 -0.000186773     0.290959
   -0.103224     -0.82595    -0.554213      1.69359
           0            0            0            1

 -0.077163  -0.547155   0.833467   0.306509
 -0.991513   0.129841 -0.0065569   0.287483
  -0.10463  -0.826899   -0.55253    1.68159
         0          0          0          1

 -0.0827981   -0.545797    0.833816    0.306217
  -0.990696    0.135763 -0.00950855    0.285292
  -0.108012   -0.826845    -0.55196     1.67274
          0           0           0           1

-0.0959706 -0.543715  0.833765  0.305729
-0.988522  0.150247 -0.015805  0.279377
-0.116677 -0.825712 -0.551894   1.65328
        0         0         0         1

 -0.102154  -0.540789   0.834932   0.306143
 -0.987593   0.155761 -0.0199457   0.278173
 -0.119263  -0.826611  -0.549991    1.64535
         0          0          0          1

 -0.108056  -0.539249   0.835185   0.305636
 -0.986728   0.160603 -0.0239669   0.275504
 -0.121209   -0.82669  -0.549447    1.63486
         0          0          0          1

  -0.11221   -0.53592   0.836778    0.30508
 -0.986012   0.164495 -0.0268704   0.273602
 -0.123246  -0.828089  -0.546882    1.62657
         0          0          0          1

 -0.128068  -0.531887   0.837075   0.305534
 -0.983603   0.176182 -0.0385383   0.271762
  -0.12698  -0.828285  -0.545729    1.60711
         0          0          0          1

 -0.133522  -0.530169   0.837313   0.305059
 -0.982773   0.179771 -0.0428897   0.270467
 -0.127786  -0.828615  -0.545039    1.59982
         0          0          0          1

 -0.140928  -0.526204   0.838599    0.30459
 -0.981751   0.183531 -0.0498225   0.269944
 -0.127692  -0.830317  -0.542465    1.58907
         0          0          0          1

 -0.142965  -0.522222   0.840741   0.304093
 -0.981279   0.185547 -0.0516114   0.269193
 -0.129045   -0.83238  -0.538972    1.58058
         0          0          0          1

  -0.14972  -0.516462   0.843119   0.304838
 -0.979913   0.191124 -0.0569367   0.270335
 -0.131735  -0.834708  -0.534704     1.5697
         0          0          0          1

 -0.149393  -0.514771   0.844211   0.305078
 -0.979402   0.194336 -0.0548176   0.269705
 -0.135842  -0.835012    -0.5332    1.56311
         0          0          0          1

 -0.147358   -0.51087   0.846934   0.304415
  -0.97853   0.200051 -0.0495835   0.267893
 -0.144099  -0.836057  -0.529381    1.54589
         0          0          0          1

 -0.147543  -0.508918   0.848076   0.304421
  -0.97823   0.201606 -0.0492059   0.267605
 -0.145935  -0.836874  -0.527584      1.539
         0          0          0          1

 -0.147984  -0.507776   0.848684    0.30361
  -0.97758   0.205078 -0.0477593   0.266119
 -0.149795  -0.836724   -0.52674    1.53083
         0          0          0          1

 -0.150156  -0.507123   0.848693   0.304303
 -0.977038   0.207365 -0.0489563   0.266914
 -0.151162  -0.836556  -0.526615    1.52436
         0          0          0          1

 -0.151364   -0.50503   0.849726    0.30266
 -0.976159   0.211666 -0.0480837   0.265269
 -0.155574  -0.836745  -0.525028    1.50843
         0          0          0          1

 -0.153865   -0.50275   0.850628   0.303334
 -0.975387   0.214888 -0.0494256    0.26641
 -0.157941  -0.837297  -0.523439    1.50196
         0          0          0          1

  -0.15602   -0.50138   0.851044   0.303873
 -0.974523   0.218684 -0.0498223   0.266812
  -0.16113  -0.837135  -0.522726    1.49435
         0          0          0          1

 -0.155201  -0.499501   0.852298   0.303547
  -0.97397   0.221654 -0.0474542   0.266023
 -0.165212  -0.837478    -0.5209    1.48897
         0          0          0          1

 -0.155197  -0.498274   0.853016   0.303978
 -0.973146   0.225704 -0.0452121   0.265766
 -0.170001  -0.837127  -0.519922    1.48211
         0          0          0          1

-0.156068 -0.495335  0.854568  0.304436
-0.972561  0.228184 -0.045354  0.266264
-0.172534 -0.838198 -0.517356   1.47605
        0         0         0         1

 -0.155484   -0.49362   0.855666    0.30447
 -0.971264     0.2344 -0.0412673   0.264487
 -0.180198  -0.837494   -0.51588     1.4637
         0          0          0          1

 -0.154566  -0.493434   0.855939   0.303969
 -0.970627   0.237514 -0.0383538   0.263497
 -0.184373  -0.836726  -0.515652    1.45954
         0          0          0          1

 -0.156697  -0.492136   0.856299   0.304904
 -0.969418   0.242446 -0.0380569   0.264411
 -0.188878  -0.836076  -0.515076    1.45315
         0          0          0          1

 -0.156447  -0.492843   0.855938   0.304722
 -0.968769    0.24537 -0.0357878    0.26333
 -0.192384  -0.834805  -0.515839    1.44985
         0          0          0          1

 -0.162179   -0.49023   0.856372   0.307188
 -0.967188   0.250973 -0.0394953     0.2667
 -0.195565  -0.834678  -0.514847    1.44355
         0          0          0          1

 -0.162409  -0.488713   0.857195   0.306949
 -0.966517   0.253702 -0.0384779   0.266055
 -0.198668  -0.834742  -0.513553    1.43844
         0          0          0          1

  -0.16042  -0.493188   0.855003   0.307491
 -0.965054   0.260214 -0.0309702   0.265117
 -0.207209  -0.830093  -0.517697    1.43045
         0          0          0          1

 -0.158994   -0.49665   0.853264   0.308152
 -0.964654   0.262115 -0.0271832   0.265024
 -0.210153  -0.827426   -0.52077    1.42755
         0          0          0          1

 -0.159813   -0.50206   0.849939   0.309518
 -0.963844    0.26534 -0.0244936   0.266019
 -0.213225  -0.823122  -0.526312    1.42468
         0          0          0          1

  -0.15816   -0.49879    0.85217   0.310068
 -0.964106   0.264416 -0.0241679   0.266401
 -0.213273  -0.825405  -0.522706    1.42033
         0          0          0          1

 -0.155002  -0.495094   0.854901   0.311129
 -0.965283   0.260062 -0.0244072   0.266213
 -0.210244  -0.829005  -0.518216     1.4143
         0          0          0          1

 -0.154308  -0.496852   0.854007   0.312377
 -0.965724   0.258448 -0.0241319   0.266546
 -0.208726  -0.828458  -0.519702    1.41375
         0          0          0          1

 -0.153265  -0.497319   0.853923   0.314251
 -0.966051   0.257277 -0.0235544   0.267209
  -0.20798  -0.828543  -0.519867    1.41325
         0          0          0          1

 -0.151711  -0.496917   0.854434   0.314552
 -0.966262   0.256589 -0.0223415    0.26665
 -0.208136  -0.828997   -0.51908    1.41228
         0          0          0          1

 -0.148337  -0.493703   0.856886   0.315763
 -0.966876   0.254398 -0.0208032   0.265949
 -0.207719  -0.831588  -0.515086    1.40978
         0          0          0          1

 -0.147192  -0.493793   0.857032    0.31625
 -0.966929   0.254295 -0.0195507   0.265929
 -0.208284  -0.831567  -0.514893    1.41061
         0          0          0          1

 -0.143906  -0.493651   0.857671   0.316175
 -0.967211   0.253445 -0.0164099    0.26474
 -0.209272   -0.83191  -0.513937     1.4105
         0          0          0          1

 -0.141589  -0.493589   0.858092   0.316281
 -0.967177   0.253738 -0.0136342   0.264459
 -0.211001  -0.831858  -0.513314    1.41032
         0          0          0          1

   -0.13826   -0.495229     0.85769    0.316401
  -0.966894    0.255032 -0.00860828    0.263714
  -0.214476   -0.830486   -0.514095      1.4105
          0           0           0           1

  -0.135026   -0.496875    0.857253    0.316063
  -0.966719    0.255808 -0.00399861    0.263004
  -0.217305   -0.829263   -0.514879     1.41031
          0           0           0           1

 -0.130852  -0.504395   0.853501   0.316142
 -0.965856   0.259031 0.00500259   0.263121
 -0.223607  -0.823704  -0.521068    1.41095
         0          0          0          1

 -0.129876  -0.507321   0.851914   0.316625
 -0.965148   0.261563 0.00862416   0.263578
 -0.227205  -0.821103  -0.523611    1.41132
         0          0          0          1

-0.125311 -0.511884  0.849866  0.316278
 -0.96448  0.263634 0.0165793  0.263297
 -0.23254 -0.817601 -0.526738   1.41183
        0         0         0         1

-0.121419 -0.516111  0.847872  0.316064
 -0.96418  0.264269 0.0227894  0.262936
-0.235828 -0.814734 -0.529711   1.41247
        0         0         0         1

 -0.11577 -0.522743  0.844593  0.315549
-0.962584  0.268787 0.0344168  0.262795
-0.245007 -0.809008 -0.534301    1.4136
        0         0         0         1

-0.112563 -0.523922  0.844295   0.31522
-0.961679   0.27123 0.0400973   0.26292
-0.250006 -0.807428 -0.534376   1.41376
        0         0         0         1

 -0.10805 -0.525213  0.844084  0.314766
-0.960096  0.275436 0.0484839  0.262917
-0.257956 -0.805162 -0.534015   1.41414
        0         0         0         1

-0.103366 -0.527243  0.843404  0.314291
-0.958596  0.279018  0.056941  0.263101
-0.265347 -0.802598 -0.534254   1.41494
        0         0         0         1

-0.0959501 -0.529563  0.842827  0.313047
-0.956878   0.28231 0.0684463  0.263091
-0.274185 -0.799915 -0.533815   1.41582
        0         0         0         1

-0.0916161 -0.530242  0.842882  0.312675
-0.955432   0.28535 0.0756592  0.263852
-0.280634 -0.798385 -0.532753   1.41604
        0         0         0         1

-0.0770271 -0.534644   0.84156  0.311347
-0.951461  0.291676 0.0982158  0.265401
-0.297973 -0.793146  -0.53116   1.41755
        0         0         0         1

-0.0699344 -0.537872  0.840121  0.310796
-0.949657  0.293719  0.108996  0.265849
-0.305385 -0.790204 -0.531335   1.41866
        0         0         0         1

-0.0616114 -0.541838  0.838222  0.310163
-0.947245  0.296395  0.121969  0.266774
-0.314532 -0.786487 -0.531515   1.42083
        0         0         0         1

-0.0535315 -0.541568  0.838951  0.308758
-0.946208  0.295988  0.130694  0.266434
-0.319099 -0.786826 -0.528281   1.42097
        0         0         0         1

-0.0383407 -0.545281  0.837376  0.305609
-0.943244  0.296389  0.149814  0.267825
 -0.32988 -0.784106 -0.525696   1.42449
        0         0         0         1

-0.0349607 -0.545987  0.837064  0.305449
-0.942986  0.295421  0.153308  0.269512
 -0.33099  -0.78398 -0.525186   1.42553
        0         0         0         1

-0.0311903 -0.548834  0.835349   0.30492
-0.942546  0.294273  0.158148  0.272038
-0.332618 -0.782422  -0.52648   1.42879
        0         0         0         1

-0.0276163 -0.550938  0.834089  0.304219
 -0.94293  0.291357  0.161229  0.273633
-0.331845 -0.782035 -0.527542     1.431
        0         0         0         1

-0.0244763 -0.553201  0.832688  0.303119
-0.943389  0.288386   0.16386  0.275901
-0.330783 -0.781539 -0.528942    1.4344
        0         0         0         1

-0.0214113  -0.55265  0.833138  0.301826
-0.944198  0.285142  0.164879  0.277294
-0.328683 -0.783117 -0.527916   1.43625
        0         0         0         1

-0.023534 -0.553642  0.832422   0.30042
-0.947325   0.27838  0.158368  0.282807
-0.319409 -0.784847  -0.53103   1.44314
        0         0         0         1

-0.0232547 -0.555231  0.831371  0.298312
-0.948466   0.27513  0.157215  0.282807
-0.316026 -0.784871 -0.533015   1.44695
        0         0         0         1

-0.0256369 -0.557662  0.829672  0.296892
-0.950635  0.270345  0.152337  0.284798
 -0.30925  -0.78481 -0.537064   1.45201
        0         0         0         1

-0.0295949 -0.559172  0.828523  0.296209
-0.952154  0.268014  0.146872  0.287222
-0.304182 -0.784535 -0.540349     1.456
        0         0         0         1

-0.0349389 -0.566015  0.823654  0.293151
-0.955896  0.259413   0.13772   0.29182
-0.291618 -0.782517 -0.550115   1.46644
        0         0         0         1

-0.0383982 -0.567877  0.822217  0.293314
-0.957267  0.256937  0.132753  0.295553
-0.286645 -0.781984 -0.553476   1.47004
        0         0         0         1

-0.0366674 -0.572709  0.818938  0.290835
-0.958709  0.251423  0.132903  0.296936
-0.282015 -0.780251  -0.55828   1.47594
        0         0         0         1

-0.0355351 -0.577239  0.815802  0.290059
-0.959424  0.248189  0.133821  0.299486
 -0.27972 -0.777945 -0.562636   1.48078
        0         0         0         1

-0.0316012   -0.5862   0.80955  0.288302
-0.960296  0.242428  0.138058   0.30148
-0.277188 -0.773045 -0.570587   1.48878
        0         0         0         1

-0.0302877 -0.590199  0.806689  0.288817
-0.960694      0.24  0.139522  0.305199
-0.275951 -0.770756  -0.57427   1.49355
        0         0         0         1

-0.0173873 -0.601392  0.798765  0.284556
-0.961966  0.227884  0.150635  0.308971
-0.272616 -0.765765 -0.582481   1.50686
        0         0         0         1

-0.0145162 -0.605164  0.795968  0.283983
-0.963081  0.222481  0.151585  0.311938
-0.268822 -0.764381 -0.586052   1.51233
        0         0         0         1

-0.0114209 -0.611221  0.791378  0.283333
-0.964697  0.214985  0.152122  0.316265
-0.263114 -0.761702 -0.592098   1.52038
        0         0         0         1

-0.00988877 -0.615055  0.788422  0.282812
-0.966302  0.208698  0.150687  0.319307
-0.257223 -0.760363 -0.596392   1.52635
        0         0         0         1

-0.00485311 -0.616989  0.786956  0.280984
-0.967852    0.2008  0.151463   0.32255
-0.251472 -0.760923 -0.598129   1.53368
        0         0         0         1

-0.00161799  -0.62155  0.783373   0.28024
-0.969085   0.19425  0.152122  0.325381
-0.246722 -0.758909 -0.602649    1.5408
        0         0         0         1

 0.010032 -0.632325  0.774638  0.278839
-0.972843  0.172981    0.1538  0.333751
-0.231249 -0.755144 -0.613418   1.55704
        0         0         0         1

0.0162355 -0.636654  0.770978  0.278227
-0.973415  0.166128  0.157683  0.337489
 -0.22847 -0.753042 -0.617032   1.56466
        0         0         0         1

0.0266209   -0.6436  0.764899  0.277452
-0.974659  0.153297  0.162908  0.342469
-0.222105 -0.749853  -0.62321   1.57433
        0         0         0         1

0.0322156 -0.648537  0.760501   0.27791
-0.975354  0.145776  0.165632  0.347588
-0.218281 -0.747093 -0.627857    1.5819
        0         0         0         1

0.0514028  -0.66099  0.748632  0.278621
-0.977406  0.120597   0.17359   0.36061
-0.205024  -0.74064 -0.639857   1.60113
        0         0         0         1

0.0589203 -0.663979  0.745426  0.278987
-0.977785  0.112087  0.177126  0.366524
 -0.20116 -0.739303 -0.642624   1.60893
        0         0         0         1

0.0743347 -0.666978   0.74136  0.277192
-0.978469  0.094756  0.183358  0.371948
-0.192544 -0.739027 -0.645574   1.61856
        0         0         0         1

0.0808465 -0.665959  0.741594  0.278286
-0.979766 0.0835745  0.181862  0.379627
-0.183091 -0.741292 -0.645728   1.62527
        0         0         0         1

0.0928165 -0.664603  0.741409  0.277958
-0.980826 0.0671247   0.18296  0.387967
-0.171363 -0.744175  -0.64563   1.63531
        0         0         0         1

 0.100434 -0.663404  0.741491  0.278014
-0.981833 0.0545023  0.181751  0.394892
-0.160987 -0.746274 -0.645878   1.64203
        0         0         0         1

 0.118484 -0.663754  0.738507   0.27988
-0.983673 0.0229986  0.178488  0.415209
-0.135457 -0.747597 -0.650192   1.66148
        0         0         0         1

  0.130016  -0.663239   0.737027   0.278757
  -0.98344 0.00839618    0.18104   0.421812
 -0.126261   -0.74836  -0.651164    1.66843
         0          0          0          1

   0.143919   -0.662782    0.734852    0.278037
  -0.982828 -0.00907529    0.184299    0.431537
  -0.115481   -0.748757   -0.652707     1.67951
          0           0           0           1

   0.15387   -0.66318   0.732473   0.278241
 -0.982365 -0.0229843   0.185555   0.440243
 -0.106221  -0.748107  -0.655022    1.68707
         0          0          0          1

  0.173169  -0.666582   0.725039   0.281868
 -0.981476 -0.0555341   0.183361   0.466307
-0.0819604  -0.743361   -0.66385    1.70688
         0          0          0          1

  0.179801  -0.668606   0.721552   0.284617
   -0.9811 -0.0685568    0.18095   0.478134
 -0.071517   -0.74045  -0.668296    1.71401
         0          0          0          1

  0.195287  -0.670761   0.715502   0.283287
 -0.978786 -0.0871945   0.185406   0.489396
-0.0619749  -0.736531  -0.673559    1.72713
         0          0          0          1

 0.204501 -0.671122  0.712583  0.284593
-0.977393 -0.100067  0.186253  0.500198
-0.0536924 -0.734563 -0.676413   1.73567
        0         0         0         1

 0.216583 -0.668956  0.711048  0.285573
 -0.97535 -0.116753  0.187247  0.514958
-0.0422429 -0.734075 -0.677753   1.74707
        0         0         0         1

  0.22838 -0.665297   0.71079   0.28397
-0.972975   -0.1304  0.190567  0.523911
-0.0340964 -0.735102 -0.677098   1.75494
        0         0         0         1

 0.255123  -0.65951  0.707078  0.282283
-0.966865 -0.167038  0.193057  0.551717
-0.00921367 -0.732902 -0.680272   1.77385
        0         0         0         1

 0.262272  -0.65904  0.704897  0.283898
-0.964994 -0.179789  0.190954  0.565178
0.000885983 -0.730303 -0.683123   1.78097
        0         0         0         1

 0.274177 -0.657296   0.70199  0.285001
-0.961633 -0.194528  0.193443  0.581977
0.00940693 -0.728094 -0.685412   1.79192
        0         0         0         1

 0.282022 -0.660151  0.696178  0.287641
-0.959267 -0.206473  0.192811  0.595527
0.0164579 -0.722198 -0.691491   1.80136
        0         0         0         1

 0.305394 -0.667448  0.679152   0.29128
-0.951829 -0.234562  0.197488  0.629763
0.0274902 -0.706749  -0.70693   1.82452
        0         0         0         1

 0.315045 -0.666559  0.675607  0.290169
-0.948432 -0.247357  0.198222  0.643869
0.0349895 -0.703216 -0.710114   1.83033
        0         0         0         1

 0.330121 -0.663957  0.670955  0.288859
 -0.94281  -0.26667  0.199989  0.662436
0.0461396 -0.698604 -0.714019   1.83999
        0         0         0         1

 0.339433 -0.666988  0.663258  0.291336
-0.939385 -0.276637  0.202553  0.676462
0.0483813 -0.691808 -0.720459   1.85079
        0         0         0         1

 0.352525 -0.667121  0.656259  0.291406
-0.934061 -0.293607  0.203287   0.69639
0.0570654  -0.68465 -0.726635    1.8618
        0         0         0         1

 0.356918 -0.662471   0.65859  0.292473
-0.931456 -0.305755  0.197239  0.715181
0.0707016 -0.683846 -0.726193   1.86482
        0         0         0         1

 0.375178 -0.653873  0.657032  0.293866
-0.923437  -0.32532  0.203545  0.753505
 0.080653 -0.683093 -0.725864   1.88625
        0         0         0         1

 0.380566 -0.647294  0.660439  0.292064
-0.920612 -0.332705  0.204403    0.7705
 0.087423 -0.685797 -0.722523   1.88999
        0         0         0         1

  0.38013  -0.64022  0.667548  0.293264
-0.920014 -0.336056  0.201596   0.79539
0.0952676 -0.690786 -0.716756   1.89598
        0         0         0         1

 0.375925  -0.63325  0.676517  0.292634
-0.921266 -0.333994  0.199293  0.813751
0.0997503 -0.698171 -0.708948   1.90034
        0         0         0         1

 0.351643 -0.620692  0.700777   0.29403
-0.929323 -0.321595  0.181482  0.858883
 0.112722 -0.715065  -0.68991   1.92059
        0         0         0         1

 0.342356 -0.604985  0.718878  0.293124
-0.929064 -0.332076  0.162989  0.881229
 0.140116 -0.723684 -0.675758   1.91796
        0         0         0         1

 0.336685 -0.586455  0.736691  0.293068
-0.927989 -0.339285   0.15402  0.905503
 0.159623 -0.735498 -0.658456   1.93096
        0         0         0         1

 0.335312 -0.580076  0.742346  0.293406
-0.924847 -0.352815  0.142054  0.923705
 0.179508 -0.734189 -0.654785   1.93186
        0         0         0         1

 0.329109 -0.576544  0.747853  0.294464
-0.922025 -0.367175   0.12269  0.949256
 0.203857 -0.729917 -0.652429   1.93914
        0         0         0         1

 0.317185 -0.574742  0.754364  0.298093
-0.919489 -0.381159 0.0962141  0.971573
 0.232235 -0.724148 -0.649367   1.94271
        0         0         0         1

  0.27184 -0.537083  0.798527  0.299594
-0.905825  -0.42298 0.0238735   1.02598
 0.324939 -0.729815 -0.601486    1.9417
        0         0         0         1

  0.260814  -0.510785   0.819192   0.295276
 -0.895002   -0.44601 0.00685249    1.04505
  0.361867  -0.734965  -0.573479    1.93818
         0          0          0          1

 0.243675 -0.487254  0.838574  0.295019
-0.884424 -0.466472 -0.014046   1.07236
 0.398015 -0.738232 -0.544607   1.93864
        0         0         0         1

  0.233874  -0.489543    0.84003   0.300624
 -0.880622  -0.472845 -0.0303842    1.09323
  0.412078  -0.732643  -0.541688    1.94523
         0          0          0          1

  0.210004  -0.489717   0.846213   0.304953
 -0.869762  -0.488891 -0.0670811    1.14385
  0.446556  -0.721916  -0.528606    1.95069
         0          0          0          1

  0.206625  -0.493911   0.844605   0.306064
 -0.869266   -0.48889 -0.0732365    1.15835
  0.449091  -0.719054  -0.530357     1.9608
         0          0          0          1

