-0.542696  0.274762  0.793717  0.597078
 0.669394 -0.429308  0.606305   1.07826
 0.507339  0.860349 0.0490589   1.70829
        0         0         0         1

-0.550907   0.28075  0.785926  0.600168
 0.652423 -0.442367   0.61535   1.06806
 0.520428  0.851757 0.0605352   1.70496
        0         0         0         1

-0.562809  0.288623   0.77456  0.598538
 0.631115 -0.455092   0.62816   1.05649
 0.533798   0.84237 0.0739754   1.70342
        0         0         0         1

-0.569603  0.295828  0.766836  0.602059
 0.614993 -0.465568   0.63642   1.04671
 0.545285  0.834106 0.0832569   1.69747
        0         0         0         1

-0.584694  0.304071  0.752113  0.606127
  0.58694 -0.481444  0.650932    1.0282
  0.56003  0.822041  0.103026   1.68125
        0         0         0         1

-0.594931   0.30788  0.742473   0.60752
 0.568264 -0.492169  0.659428   1.01894
 0.568447  0.814235  0.117849   1.67525
        0         0         0         1

-0.602068  0.312434  0.734778   0.61358
 0.548589 -0.506784  0.664996   1.00926
 0.580141  0.803465   0.13372   1.67255
        0         0         0         1

-0.613128  0.323851  0.720552   0.61058
 0.523547 -0.516463  0.677617  0.997254
 0.591585  0.792708  0.147107   1.66797
        0         0         0         1

-0.631819 0.338914 0.697096 0.609857
0.481816 -0.53276 0.695715 0.974932
0.607173 0.775438 0.173314  1.65778
       0        0        0        1

-0.630492  0.354876  0.690321   0.61504
 0.460775 -0.544582  0.700797  0.962086
 0.624633  0.759929  0.179837   1.65227
        0         0         0         1

-0.631825  0.359143  0.686887  0.615752
 0.453461 -0.547434  0.703341  0.956838
 0.628625  0.755865  0.183025   1.64776
        0         0         0         1

-0.628198  0.367577  0.685751  0.624355
 0.445653 -0.552475  0.704389   0.95039
 0.637778  0.748103  0.183251   1.64081
        0         0         0         1

-0.629542  0.380309  0.677526  0.620893
 0.429781 -0.556005   0.71144  0.938556
 0.647275  0.739069  0.186579   1.63714
        0         0         0         1

-0.623939  0.390077  0.677156   0.62414
 0.421136 -0.562087  0.711831  0.929484
 0.658289  0.729313  0.186432   1.63446
        0         0         0         1

-0.616327  0.409408    0.6727  0.622864
 0.408158 -0.564462  0.717488  0.911421
 0.673459  0.716776   0.18079   1.62384
        0         0         0         1

-0.611935  0.419161  0.670701  0.620426
 0.399222 -0.568354  0.719441   0.90052
 0.682757   0.70801  0.180457    1.6209
        0         0         0         1

-0.602488  0.426414   0.67467  0.623444
 0.398043 -0.572155  0.717078  0.893116
 0.691788  0.700578  0.174986   1.61874
        0         0         0         1

-0.590035  0.436486   0.67922  0.626293
 0.396864 -0.575821  0.714793  0.881149
 0.703106  0.691311  0.166529   1.61329
        0         0         0         1

-0.580548   0.45044  0.678283  0.621231
 0.390498 -0.576956  0.717379  0.867328
 0.714476  0.681342  0.159055   1.61035
        0         0         0         1

-0.572094  0.454954   0.68244  0.623837
 0.395391 -0.576007  0.715459  0.862676
 0.718591  0.679141  0.149646   1.60469
        0         0         0         1

-0.561993  0.460993  0.686768  0.625815
 0.397225 -0.577861  0.712944  0.856628
 0.725518  0.673471  0.141636   1.60214
        0         0         0         1

-0.556314  0.467296  0.687131  0.623343
 0.398084 -0.575969  0.713995  0.849157
 0.729413  0.670741  0.134397   1.59859
        0         0         0         1

-0.549039  0.470562  0.690744   0.62556
 0.402222 -0.575696  0.711893  0.844816
 0.732648   0.66869  0.126809   1.59514
        0         0         0         1

-0.542152 0.472528  0.69483 0.627622
0.409033 -0.57391  0.70945 0.840957
0.734005 0.668838 0.117867  1.58893
       0        0        0        1

-0.536262  0.477953   0.69569  0.623656
 0.407908 -0.574832  0.709351  0.829781
 0.738941  0.664176    0.1133   1.58511
        0         0         0         1

-0.535139 0.477748 0.696694 0.625026
0.410197 -0.57401 0.708697 0.826055
0.738488 0.665033 0.111205  1.57738
       0        0        0        1

-0.535655   0.47806  0.696084   0.62422
 0.408325 -0.574904  0.709053  0.823487
 0.739151  0.664036  0.112746   1.57543
        0         0         0         1

-0.539621   0.47602  0.694416  0.622677
  0.40602 -0.575417  0.709959  0.820326
 0.737534  0.665056  0.117234   1.56988
        0         0         0         1

-0.541449  0.467722  0.698619  0.628129
 0.407473 -0.580853  0.704681  0.820303
  0.73539  0.666217  0.123918   1.55829
        0         0         0         1

-0.545859  0.463516  0.697991  0.627877
 0.404942 -0.583356  0.704072  0.819218
 0.733526   0.66697  0.130734    1.5524
        0         0         0         1

-0.550141  0.459394  0.697354  0.628176
 0.402071 -0.586195  0.703359   0.81921
 0.731904  0.667332  0.137781     1.544
        0         0         0         1

-0.553961  0.454405  0.697598   0.63093
 0.400012 -0.589586  0.701697  0.819636
 0.730149   0.66776  0.144841   1.53558
        0         0         0         1

-0.560541 0.449156 0.695739 0.629831
0.392788 -0.59542 0.700851 0.818282
0.729048 0.666134 0.157334  1.52953
       0        0        0        1

-0.566768  0.441358  0.695685  0.632083
 0.382492 -0.606928  0.696662  0.818039
 0.729708   0.66094  0.175171   1.52109
        0         0         0         1

-0.570523  0.435387  0.696378  0.633838
 0.375861 -0.615491  0.692748  0.817598
 0.730227   0.65697  0.187507   1.51306
        0         0         0         1

-0.576267  0.433164  0.693027  0.630779
  0.36561 -0.621762  0.692634  0.816385
 0.730921  0.652519  0.199932   1.50509
        0         0         0         1

-0.577463  0.432139   0.69267  0.631144
 0.362786 -0.624237  0.691892  0.816351
 0.731384  0.650833    0.2037   1.50106
        0         0         0         1

-0.579618 0.426143 0.694583 0.633548
 0.36345  -0.6277 0.688402 0.817341
0.729347 0.651456 0.208945   1.4923
       0        0        0        1

-0.581711  0.421829  0.695466  0.635307
 0.358461 -0.634562  0.684717  0.817492
  0.73015  0.647604  0.217922   1.47824
        0         0         0         1

-0.580705  0.425602  0.694006  0.633196
 0.348538 -0.640426  0.684381  0.815445
 0.735733  0.639311   0.22356   1.47674
        0         0         0         1

-0.582599  0.422238  0.694474  0.634537
 0.346089 -0.644244  0.682035  0.814663
 0.735392  0.637702  0.229204   1.46991
        0         0         0         1

 -0.58454  0.421693  0.693172  0.633494
 0.343588 -0.645294  0.682308  0.813495
 0.735024  0.637002  0.232312   1.46222
        0         0         0         1

-0.581592  0.421515  0.695755  0.636508
 0.339974 -0.651062  0.678628  0.813274
 0.739032  0.631224  0.235348    1.4596
        0         0         0         1

-0.582474   0.41994   0.69597  0.635064
 0.329238 -0.660946  0.674354  0.810379
 0.743187  0.621933  0.246724   1.44477
        0         0         0         1

-0.582474   0.41994   0.69597  0.635064
 0.329238 -0.660946  0.674354  0.810379
 0.743187  0.621933  0.246724   1.44477
        0         0         0         1

-0.577654   0.41306  0.704057  0.641642
 0.335993 -0.665744  0.666253  0.812239
 0.743925  0.621422  0.245785   1.43088
        0         0         0         1

-0.577654   0.41306  0.704057  0.641642
 0.335993 -0.665744  0.666253  0.812239
 0.743925  0.621422  0.245785   1.43088
        0         0         0         1

 -0.57793  0.413185  0.703758  0.639376
 0.333345 -0.667616   0.66571  0.810365
 0.744902  0.619328  0.248102   1.42591
        0         0         0         1

-0.578555  0.409589  0.705345  0.639839
 0.329424 -0.673762  0.661457  0.808811
  0.74616  0.615046   0.25488    1.4198
        0         0         0         1

-0.578972  0.405246  0.707507  0.640375
 0.324675 -0.681384  0.655974  0.807339
 0.747915  0.609501  0.262929   1.41643
        0         0         0         1

-0.579721  0.403248  0.708036  0.640401
 0.322276 -0.684621  0.653783  0.806563
 0.748373  0.607195  0.266932    1.4157
        0         0         0         1

-0.582574  0.401886  0.706467  0.637326
 0.318436 -0.686855  0.653321  0.804598
 0.747801  0.605573  0.272168   1.41282
        0         0         0         1

-0.581744  0.395816  0.710566  0.640953
 0.321476 -0.690583  0.647879  0.806162
 0.747146   0.60533  0.274497   1.40883
        0         0         0         1

-0.583175  0.391482  0.711793   0.64015
 0.321748 -0.693248  0.644892  0.805704
 0.745912  0.605103  0.278327   1.40511
        0         0         0         1

-0.588404  0.381323  0.713003  0.639883
 0.323273 -0.697321  0.639717   0.80464
 0.741131  0.606907  0.287035   1.39696
        0         0         0         1

 -0.59057  0.371885   0.71619  0.642829
 0.325701 -0.702152  0.633168  0.805818
  0.73834  0.607194  0.293547   1.39223
        0         0         0         1

-0.593154  0.369081  0.715505  0.641433
 0.324275 -0.703924  0.631931  0.805402
 0.736895  0.606853  0.297851   1.38994
        0         0         0         1

-0.593212   0.36379  0.718162  0.643206
 0.318676 -0.713094  0.624454  0.804817
 0.739287  0.599294  0.307085   1.38599
        0         0         0         1

-0.593212   0.36379  0.718162  0.643206
 0.318676 -0.713094  0.624454  0.804817
 0.739287  0.599294  0.307085   1.38599
        0         0         0         1

-0.594551  0.363987  0.716954  0.642375
 0.316241 -0.713951  0.624713  0.804458
 0.739257  0.598154  0.309373   1.38208
        0         0         0         1

-0.593562  0.364282  0.717623  0.642973
 0.314922 -0.715453  0.623659  0.804769
 0.740614  0.596176  0.309945   1.38167
        0         0         0         1

-0.592538  0.365882  0.717655  0.644147
 0.310631 -0.718211   0.62264  0.805428
 0.743241  0.591864  0.311913   1.38128
        0         0         0         1

-0.593346  0.365949  0.716954  0.643731
 0.310141 -0.717985  0.623146  0.805665
 0.742801  0.592098  0.312517   1.37688
        0         0         0         1

-0.591191  0.370934  0.716171  0.643714
 0.303719 -0.720208  0.623742  0.807321
  0.74716  0.586266  0.313121    1.3702
        0         0         0         1

-0.591191  0.370934  0.716171  0.643714
 0.303719 -0.720208  0.623742  0.807321
  0.74716  0.586266  0.313121    1.3702
        0         0         0         1

-0.590851  0.372985  0.715386  0.643329
  0.30144 -0.720437  0.624584  0.807778
 0.748351  0.584682  0.313238    1.3692
        0         0         0         1

-0.589435  0.375694  0.715136  0.642141
 0.300398 -0.719847  0.625765  0.807893
 0.749885  0.583673  0.311445   1.36756
        0         0         0         1

-0.589955  0.376843  0.714102  0.640759
 0.300281 -0.718575  0.627281  0.809217
 0.749522  0.584499  0.310768   1.36396
        0         0         0         1

-0.590183  0.376706  0.713986  0.641227
  0.30031 -0.718517  0.627333  0.809948
 0.749331  0.584659  0.310929   1.36301
        0         0         0         1

-0.590444  0.375582  0.714362  0.642858
 0.302123 -0.717908  0.627161  0.812254
 0.748397  0.586128  0.310412   1.36004
        0         0         0         1

-0.590755  0.376506  0.713619  0.641851
 0.301113 -0.717673  0.627915  0.813448
 0.748558  0.585823  0.310598    1.3596
        0         0         0         1

-0.589751  0.378304  0.713499  0.641563
  0.30205 -0.716048  0.629318  0.815699
 0.748973  0.586653  0.308023   1.35728
        0         0         0         1

-0.589751  0.378304  0.713499  0.641563
  0.30205 -0.716048  0.629318  0.815699
 0.748973  0.586653  0.308023   1.35728
        0         0         0         1

-0.585427 0.384387 0.713809 0.641669
0.301208 -0.71431 0.631692 0.816936
0.752695 0.584814 0.302396  1.35748
       0        0        0        1

-0.576659  0.396105  0.714538  0.641204
 0.299383 -0.711311  0.635929  0.818179
 0.760154  0.580635  0.291597   1.35784
        0         0         0         1

-0.564334 0.419523 0.711005 0.637257
0.290398 -0.70533 0.646667 0.818218
0.772784 0.571411 0.276213   1.3595
       0        0        0        1

-0.561581  0.422987  0.711132  0.636978
  0.28906 -0.705009  0.647616  0.818412
 0.775288  0.569249  0.273652   1.36003
        0         0         0         1

-0.556191  0.430602  0.710798  0.636899
 0.293369 -0.698501   0.65271  0.819708
 0.777552  0.571557  0.262175   1.35848
        0         0         0         1

-0.548558  0.442673  0.709313  0.636532
 0.294331 -0.691807  0.659373  0.820586
 0.782594  0.570477  0.249204   1.35726
        0         0         0         1

-0.543142  0.447391  0.710519  0.637189
 0.297665 -0.688658   0.66117  0.822187
 0.785106  0.570606  0.240866   1.35573
        0         0         0         1

-0.542591    0.4503  0.709102  0.637263
 0.297793 -0.686224  0.663638  0.826681
 0.785439  0.571249  0.238243   1.35157
        0         0         0         1

-0.546047  0.451252  0.705836  0.635769
 0.293072 -0.686402  0.665553  0.827317
 0.784819  0.570284  0.242559   1.35152
        0         0         0         1

-0.544341  0.456264  0.703929  0.634084
 0.291765 -0.683777  0.668821  0.827539
  0.78649  0.569449  0.239086   1.35134
        0         0         0         1

-0.539476  0.459435   0.70561  0.633513
 0.293625 -0.682758  0.669048   0.82837
 0.789145   0.56812   0.23343   1.35237
        0         0         0         1

-0.535144 0.467556 0.703571 0.630864
0.291109 -0.67978 0.673167 0.827957
0.793017 0.565057 0.227671  1.35407
       0        0        0        1

-0.528236  0.471226  0.706338  0.631642
 0.292361 -0.680063  0.672339  0.828648
 0.797178  0.561659  0.221465   1.35545
        0         0         0         1

-0.522744  0.475384  0.707637  0.631661
 0.293761 -0.678792  0.673012  0.828884
 0.800277  0.559689  0.215185   1.35644
        0         0         0         1

 -0.51741  0.478047  0.709759  0.631593
 0.296246 -0.678062  0.672659  0.829316
 0.802824  0.558304  0.209216   1.35649
        0         0         0         1

-0.510128  0.481468  0.712711  0.632245
 0.299006 -0.677682   0.67182  0.829903
 0.806452   0.55582  0.201743   1.35684
        0         0         0         1

-0.502681   0.48472  0.715792  0.632823
 0.301291 -0.677858  0.670621  0.830224
 0.810268  0.552771  0.194704   1.35765
        0         0         0         1

-0.491416  0.489969  0.720028  0.632771
 0.306717 -0.676411  0.669621  0.830924
 0.815129  0.549907  0.182117   1.35791
        0         0         0         1

-0.481402  0.499252  0.720416  0.631934
 0.302235 -0.676962  0.671101  0.830434
 0.822743  0.540804  0.174999   1.36191
        0         0         0         1

-0.477671  0.502557  0.720602  0.631379
 0.302188 -0.676192  0.671898  0.830203
 0.824932  0.538704  0.171131   1.36316
        0         0         0         1

-0.470857  0.504833   0.72349  0.631848
 0.305747 -0.675883  0.670598  0.830749
 0.827534   0.53696  0.163893   1.36371
        0         0         0         1

-0.457764  0.512469  0.726517  0.631514
 0.312242 -0.672442  0.671063  0.831213
  0.83244  0.534038  0.147805   1.36468
        0         0         0         1

-0.451135  0.513699  0.729788   0.63226
 0.318558 -0.671173  0.669363  0.832351
 0.833665  0.534454  0.139147   1.36378
        0         0         0         1

-0.443029 0.514167  0.73441 0.634416
0.325744 -0.67088 0.666192 0.833829
0.835234 0.534372 0.129732  1.36315
       0        0        0        1

  -0.4392  0.517683   0.73424  0.633781
 0.326491 -0.669429  0.667284  0.834113
 0.836963  0.532794  0.124994   1.36337
        0         0         0         1

-0.436386  0.520432  0.733974  0.632164
 0.326358 -0.668638  0.668142  0.834102
 0.838485  0.531106  0.121937   1.36466
        0         0         0         1

-0.430503  0.517874  0.739239  0.633099
  0.33083 -0.671484  0.663069  0.834705
 0.839773  0.530015  0.117748   1.36549
        0         0         0         1

-0.422711   0.51639  0.744753   0.63283
   0.3341 -0.675106   0.65773  0.835986
 0.842433  0.526851  0.112848   1.36835
        0         0         0         1

-0.410935 0.516013 0.751574 0.632259
0.335983 -0.68065 0.651023 0.838001
0.847495 0.520044 0.106331  1.37401
       0        0        0        1

-0.410935 0.516013 0.751574 0.632259
0.335983 -0.68065 0.651023 0.838001
0.847495 0.520044 0.106331  1.37401
       0        0        0        1

-0.410143  0.513568  0.753678  0.629454
 0.340094 -0.680652  0.648883  0.838147
 0.846238  0.522456  0.104503   1.37358
        0         0         0         1

-0.404874   0.49967  0.765772   0.63033
 0.344242 -0.692571  0.633911  0.840662
 0.847098  0.520265  0.108396   1.37486
        0         0         0         1

-0.401177    0.4951  0.770671  0.628405
  0.34538 -0.697487  0.627874  0.841038
 0.848393  0.518062  0.108818   1.37556
        0         0         0         1

-0.397472  0.493322  0.773724  0.625601
 0.346998 -0.699772  0.624429  0.841158
 0.849475  0.516674  0.106958   1.37647
        0         0         0         1

-0.389813  0.489656  0.779925  0.625092
 0.350257 -0.704436  0.617324  0.842077
 0.851684  0.513815  0.103093   1.37781
        0         0         0         1

-0.386343  0.489393  0.781814  0.622134
 0.351217 -0.705715  0.615315  0.842718
 0.852869  0.512309  0.100765   1.37928
        0         0         0         1

-0.379837  0.487959  0.785887  0.620985
 0.353542  -0.70849  0.610778  0.844225
 0.854828  0.509841 0.0965968   1.38289
        0         0         0         1

-0.368632  0.489082  0.790512  0.619592
 0.358269 -0.709953  0.606309  0.846088
 0.857761   0.50672 0.0864881   1.38737
        0         0         0         1

-0.360739  0.495536  0.790134  0.616264
 0.364657 -0.704802  0.608506  0.847239
 0.858425   0.50764 0.0735485   1.39011
        0         0         0         1

-0.360739  0.495536  0.790134  0.616264
 0.364657 -0.704802  0.608506  0.847239
 0.858425   0.50764 0.0735485   1.39011
        0         0         0         1

-0.350184  0.499558  0.792346  0.615878
 0.367872  -0.70459  0.606814  0.849174
 0.861418  0.503979 0.0629628   1.39632
        0         0         0         1

-0.338897  0.503729   0.79461  0.614392
 0.375527 -0.701969  0.605161  0.851197
 0.862629  0.503485 0.0487315   1.39975
        0         0         0         1

 -0.32849  0.505687  0.797731  0.614606
 0.383124 -0.700655  0.601913  0.854066
 0.863314  0.503352 0.0364175   1.40339
        0         0         0         1

 -0.32323  0.507169  0.798938  0.613968
  0.38615 -0.700084  0.600642  0.855084
 0.863951  0.502655 0.0304447   1.40651
        0         0         0         1

-0.317157   0.50944  0.799927  0.611953
 0.391615 -0.697852  0.599701  0.856327
 0.863741  0.503463 0.0218245   1.40984
        0         0         0         1

-0.311913  0.510452  0.801342  0.609625
 0.402399 -0.693066  0.598109  0.857765
 0.860689  0.509017 0.0107712   1.41062
        0         0         0         1

  -0.30495   0.510533   0.803966   0.608098
  0.407351  -0.693137   0.594665   0.859859
  0.860855    0.50884 0.00340651    1.41696
         0          0          0          1

-0.290972   0.50189   0.81452  0.609544
 0.430801 -0.691432  0.579942   0.86713
 0.854252  0.519643 -0.015027   1.42511
        0         0         0         1

 -0.282382   0.496599   0.820762   0.604218
   0.45352  -0.684823   0.570383   0.871018
  0.845328   0.533298 -0.0318358    1.43606
         0          0          0          1

 -0.282382   0.496599   0.820762   0.604218
   0.45352  -0.684823   0.570383   0.871018
  0.845328   0.533298 -0.0318358    1.43606
         0          0          0          1

 -0.280746   0.489284   0.825701   0.602495
  0.469582  -0.680278   0.562774   0.875158
  0.837063   0.545731 -0.0387734    1.43835
         0          0          0          1

 -0.278042   0.482399   0.830653   0.599633
   0.49289   -0.67058   0.554421    0.88083
  0.824471   0.563573 -0.0513205    1.45263
         0          0          0          1

 -0.278894   0.476271   0.833897   0.593199
  0.517294  -0.657096     0.5483   0.887263
  0.809089   0.584287 -0.0631123    1.46664
         0          0          0          1

 -0.279138   0.476034   0.833951   0.592864
  0.518383  -0.656348   0.548167   0.887502
  0.808308    0.58532 -0.0635558    1.46729
         0          0          0          1

 -0.278719   0.468969   0.838083   0.593706
  0.534123  -0.649553   0.541104   0.892903
   0.79814   0.598456 -0.0694443    1.47478
         0          0          0          1

 -0.283013   0.465718   0.838457   0.588513
  0.548898  -0.638237   0.539782    0.89672
   0.78652   0.612993 -0.0750024    1.48215
         0          0          0          1

-0.278008  0.457181  0.844806  0.593364
 0.570424 -0.629042  0.528131  0.903976
  0.77287  0.628723 -0.085908   1.48888
        0         0         0         1

  -0.28572   0.446579   0.847899   0.587667
   0.60698  -0.600345   0.520731   0.915342
  0.741579   0.663441 -0.0995342    1.50059
         0          0          0          1

-0.285117  0.436531  0.853316  0.590288
 0.639662 -0.576354  0.508575  0.929808
 0.713821  0.690837 -0.114904   1.51889
        0         0         0         1

-0.285117  0.436531  0.853316  0.590288
 0.639662 -0.576354  0.508575  0.929808
 0.713821  0.690837 -0.114904   1.51889
        0         0         0         1

-0.291251  0.431545  0.853781  0.587492
 0.653028 -0.562508  0.507089  0.936776
  0.69909  0.705233  -0.11798   1.52864
        0         0         0         1

-0.304453  0.424602  0.852655  0.580882
 0.676705 -0.533562  0.507329  0.950779
 0.670357  0.731454 -0.124886   1.54849
        0         0         0         1

-0.308078  0.412624  0.857222  0.581622
 0.692549 -0.520511  0.499444  0.961007
 0.652276  0.747536 -0.125404   1.55668
        0         0         0         1

-0.310695  0.404087  0.860339  0.580687
 0.711532 -0.501269  0.492394  0.970824
 0.630231  0.765143 -0.131779   1.56478
        0         0         0         1

-0.310471  0.393433  0.865343  0.581741
  0.72995 -0.484457  0.482156  0.981553
 0.608917  0.781353 -0.136777   1.57348
        0         0         0         1

-0.309265  0.385977  0.869124  0.579529
 0.743063 -0.472275  0.474145  0.990163
 0.593475  0.792451 -0.140747    1.5868
        0         0         0         1

-0.309535  0.366422  0.877453  0.576675
  0.76619 -0.450391  0.458368   1.00417
 0.563153  0.814176 -0.141337   1.59463
        0         0         0         1

-0.299101  0.336309  0.892992  0.578035
 0.796676 -0.427078  0.427681   1.02671
 0.525211  0.839345  -0.14019   1.60732
        0         0         0         1

-0.292243  0.317108   0.90224  0.577708
 0.808704 -0.421643   0.41014    1.0421
 0.510482  0.849506 -0.133224   1.62557
        0         0         0         1

-0.284513  0.302183  0.909801  0.581082
 0.819663 -0.415516  0.394335   1.05318
 0.497198  0.857923 -0.129469   1.63009
        0         0         0         1

-0.284639  0.283608  0.915722  0.578442
 0.831434  -0.40245  0.383082    1.0649
 0.477178  0.870402 -0.121248   1.63576
        0         0         0         1

-0.290487  0.252179  0.923051  0.579414
 0.846697 -0.381661  0.370728   1.09271
 0.445782  0.889236 -0.102651   1.65444
        0         0         0         1

 -0.294978   0.237964   0.925398   0.580561
  0.854102  -0.368522   0.367017    1.10693
  0.428366   0.898646 -0.0945396    1.66254
         0          0          0          1

 -0.309699   0.221428   0.924692   0.575682
  0.857985  -0.354077   0.372145    1.11994
  0.409816   0.908625 -0.0803241     1.6669
         0          0          0          1

 -0.314199   0.206568   0.926611   0.576142
  0.865721  -0.338231   0.368954    1.13691
  0.389623   0.918112 -0.0725583    1.66855
         0          0          0          1

-0.309485  0.195665  0.930556  0.585744
  0.87223 -0.331345  0.359757   1.15344
 0.378727  0.922998 -0.068119   1.68117
        0         0         0         1

 -0.320326    0.17975   0.930098   0.582739
  0.876702  -0.315696   0.362947    1.17144
  0.358867   0.931679 -0.0564616    1.68869
         0          0          0          1

 -0.325003   0.166674    0.93091   0.589211
  0.881895  -0.302054   0.361972    1.19801
  0.341517   0.938607 -0.0488206    1.70268
         0          0          0          1

