  0.255726  -0.408163    0.87636   0.583918
 -0.966055 -0.0735422   0.247648    1.07024
-0.0366313  -0.909942  -0.413115    1.98534
         0          0          0          1

 0.240097 -0.381036  0.892841  0.569776
-0.967966 -0.024383  0.249894   1.02368
-0.0734484 -0.924239 -0.374684   1.96109
        0         0         0         1

 0.240097 -0.381036  0.892841  0.569776
-0.967966 -0.024383  0.249894   1.02368
-0.0734484 -0.924239 -0.374684   1.96109
        0         0         0         1

 0.227662 -0.375565  0.898399  0.561972
 -0.96825 0.0105283  0.249764  0.995232
-0.103261 -0.926736 -0.361244   1.94514
        0         0         0         1

 0.227662 -0.375565  0.898399  0.561972
 -0.96825 0.0105283  0.249764  0.995232
-0.103261 -0.926736 -0.361244   1.94514
        0         0         0         1

 0.219037 -0.369874  0.902893  0.552322
 -0.96701  0.041054  0.251409  0.969491
-0.130057 -0.928175 -0.348679   1.92302
        0         0         0         1

 0.219037 -0.369874  0.902893  0.552322
 -0.96701  0.041054  0.251409  0.969491
-0.130057 -0.928175 -0.348679   1.92302
        0         0         0         1

 0.209733  -0.36664  0.906414  0.540633
-0.961007 0.0935657  0.260212  0.932013
-0.180213 -0.925646  -0.33272   1.89868
        0         0         0         1

 0.209733  -0.36664  0.906414  0.540633
-0.961007 0.0935657  0.260212  0.932013
-0.180213 -0.925646  -0.33272   1.89868
        0         0         0         1

 0.211642 -0.364991  0.906636  0.537487
-0.958725  0.102693  0.265143  0.924427
 -0.18988  -0.92533 -0.328192   1.89155
        0         0         0         1

 0.209582 -0.359797  0.909187  0.533336
-0.954605     0.126  0.269914  0.909092
-0.211672 -0.924484 -0.317056   1.87801
        0         0         0         1

 0.209054 -0.344146  0.915347  0.525101
 -0.94549  0.167867  0.279052   0.87915
-0.249691 -0.923788 -0.290293    1.8438
        0         0         0         1

 0.209054 -0.344146  0.915347  0.525101
 -0.94549  0.167867  0.279052   0.87915
-0.249691 -0.923788 -0.290293    1.8438
        0         0         0         1

 0.214246 -0.338733  0.916165  0.514848
-0.936684  0.194727  0.291041  0.856084
-0.276987 -0.920511 -0.275566   1.82446
        0         0         0         1

 0.214246 -0.338733  0.916165  0.514848
-0.936684  0.194727  0.291041  0.856084
-0.276987 -0.920511 -0.275566   1.82446
        0         0         0         1

 0.209314 -0.338024  0.917566   0.51047
-0.928824  0.224657  0.294644  0.838511
-0.305734  -0.91393 -0.266941    1.8066
        0         0         0         1

 0.209314 -0.338024  0.917566   0.51047
-0.928824  0.224657  0.294644  0.838511
-0.305734  -0.91393 -0.266941    1.8066
        0         0         0         1

 0.202423 -0.323144  0.924447  0.507257
 -0.91819  0.265613  0.293899  0.818732
-0.340517  -0.90831 -0.242941   1.77275
        0         0         0         1

 0.202423 -0.323144  0.924447  0.507257
 -0.91819  0.265613  0.293899  0.818732
-0.340517  -0.90831 -0.242941   1.77275
        0         0         0         1

 0.205748 -0.314527  0.926683  0.504383
-0.915334  0.273113  0.295926  0.814062
-0.346166 -0.909111 -0.231705   1.76435
        0         0         0         1

 0.212461 -0.294956  0.931591  0.498172
-0.910381   0.28666  0.298385  0.804626
 -0.35506 -0.911497 -0.207618   1.74652
        0         0         0         1

 0.209493 -0.287591  0.934561  0.500246
-0.909087  0.294701   0.29447  0.802463
-0.360103 -0.911286 -0.199707   1.73956
        0         0         0         1

 0.214748 -0.259788  0.941485  0.493151
-0.900235  0.321186  0.293966  0.786223
 -0.37876 -0.910686 -0.164896   1.71654
        0         0         0         1

 0.216547 -0.251688  0.943271  0.490871
-0.898508  0.326505   0.29339  0.782605
-0.381825  -0.91107  -0.15544   1.70901
        0         0         0         1

  0.21254 -0.232415   0.94911  0.491428
-0.898586  0.335102  0.283284  0.777782
-0.383888 -0.913066 -0.137622    1.6912
        0         0         0         1

 0.207586 -0.215173  0.954258  0.487544
-0.894397  0.353338  0.274237  0.767148
-0.396184 -0.910414 -0.119102   1.67356
        0         0         0         1

 0.207586 -0.215173  0.954258  0.487544
-0.894397  0.353338  0.274237  0.767148
-0.396184 -0.910414 -0.119102   1.67356
        0         0         0         1

  0.190633  -0.185218    0.96403   0.488725
 -0.892272   0.376745   0.248827    0.75822
  -0.40928  -0.907611 -0.0934449    1.64168
         0          0          0          1

  0.190633  -0.185218    0.96403   0.488725
 -0.892272   0.376745   0.248827    0.75822
  -0.40928  -0.907611 -0.0934449    1.64168
         0          0          0          1

  0.187065  -0.165673   0.968276   0.487291
 -0.888836   0.391174   0.238648   0.751267
 -0.418302  -0.905282 -0.0740808    1.62072
         0          0          0          1

  0.187065  -0.165673   0.968276   0.487291
 -0.888836   0.391174   0.238648   0.751267
 -0.418302  -0.905282 -0.0740808    1.62072
         0          0          0          1

  0.185187  -0.141583    0.97245   0.483955
 -0.880559   0.415398   0.228168    0.74105
 -0.436258  -0.898554 -0.0477453    1.59313
         0          0          0          1

  0.185187  -0.141583    0.97245   0.483955
 -0.880559   0.415398   0.228168    0.74105
 -0.436258  -0.898554 -0.0477453    1.59313
         0          0          0          1

  0.178351  -0.125269    0.97596   0.485878
 -0.878243   0.427007   0.215302   0.737466
 -0.443712  -0.895529 -0.0338595    1.57475
         0          0          0          1

  0.178351  -0.125269    0.97596   0.485878
 -0.878243   0.427007   0.215302   0.737466
 -0.443712  -0.895529 -0.0338595    1.57475
         0          0          0          1

  0.176234  -0.110573   0.978118    0.48557
 -0.874199   0.439161   0.207156   0.732745
 -0.452458  -0.891578 -0.0192675    1.55782
         0          0          0          1

  0.176234  -0.110573   0.978118    0.48557
 -0.874199   0.439161   0.207156   0.732745
 -0.452458  -0.891578 -0.0192675    1.55782
         0          0          0          1

   0.171406  -0.0988536    0.980228    0.484759
  -0.866042    0.459203    0.197749    0.725375
  -0.469672   -0.882814 -0.00690122     1.53574
          0           0           0           1

   0.171406  -0.0988536    0.980228    0.484759
  -0.866042    0.459203    0.197749    0.725375
  -0.469672   -0.882814 -0.00690122     1.53574
          0           0           0           1

   0.162622  -0.0938083    0.982219    0.490217
  -0.860587    0.473453    0.187702     0.72397
  -0.482643   -0.875809 -0.00373605      1.5228
          0           0           0           1

   0.162622  -0.0938083    0.982219    0.490217
  -0.860587    0.473453    0.187702     0.72397
  -0.482643   -0.875809 -0.00373605      1.5228
          0           0           0           1

    0.1629 -0.0931463   0.982236    0.48951
 -0.857934   0.478268    0.18764   0.721907
  -0.48725   -0.87326 -0.0020034    1.51939
         0          0          0          1

  0.159423 -0.0882804   0.983255   0.491995
 -0.853171   0.488771   0.182215   0.719401
 -0.496673  -0.867934 0.00260319    1.50551
         0          0          0          1

  0.158173 -0.0897027   0.983328   0.492289
 -0.852517   0.490052   0.181836   0.718509
 -0.498193  -0.867066 0.00103995    1.50297
         0          0          0          1

   0.155021  -0.0877292    0.984008    0.493229
   -0.85441    0.488114    0.178122    0.717193
  -0.495935   -0.868359 0.000711447     1.49389
          0           0           0           1

  0.143386 -0.0981801   0.984785   0.492864
 -0.855381    0.48818   0.173215   0.712943
 -0.497759  -0.867203 -0.0139832    1.48995
         0          0          0          1

  0.143386 -0.0981801   0.984785   0.492864
 -0.855381    0.48818   0.173215   0.712943
 -0.497759  -0.867203 -0.0139832    1.48995
         0          0          0          1

  0.129784   -0.10757    0.98569   0.491375
 -0.862924   0.477388   0.165718   0.707929
 -0.488383  -0.872083 -0.0308676    1.47784
         0          0          0          1

  0.129784   -0.10757    0.98569   0.491375
 -0.862924   0.477388   0.165718   0.707929
 -0.488383  -0.872083 -0.0308676    1.47784
         0          0          0          1

  0.125359  -0.111817    0.98579   0.491237
 -0.863411   0.477129   0.163916   0.706876
 -0.488678  -0.871691 -0.0367312    1.47732
         0          0          0          1

  0.118128  -0.115681   0.986237    0.49366
 -0.863525   0.478403   0.159545   0.705676
 -0.490275  -0.870488 -0.0433809    1.47553
         0          0          0          1

  0.115072  -0.112198   0.987001   0.495898
 -0.863453   0.479952   0.155226   0.706428
 -0.491129  -0.870091 -0.0416484    1.47461
         0          0          0          1

   0.11534 -0.0902651   0.989216   0.496426
 -0.866207   0.478294   0.144642   0.704826
 -0.486192  -0.873549 -0.0230217    1.46572
         0          0          0          1

  0.106376 -0.0854205    0.99065   0.496168
 -0.868805    0.47657   0.134385   0.702882
 -0.483594  -0.874977 -0.0235182    1.46354
         0          0          0          1

  0.106376 -0.0854205    0.99065   0.496168
 -0.868805    0.47657   0.134385   0.702882
 -0.483594  -0.874977 -0.0235182    1.46354
         0          0          0          1

  0.101304 -0.0855531    0.99117   0.496543
 -0.869365   0.476763   0.130006   0.702597
 -0.483676  -0.874859 -0.0260789    1.46385
         0          0          0          1

 0.0897066 -0.0830918   0.992496   0.496126
 -0.871978   0.474967   0.118578    0.70197
 -0.481256  -0.876072 -0.0298466      1.462
         0          0          0          1

 0.0854959 -0.0825548   0.992912    0.49511
 -0.872502   0.474976   0.114619   0.701318
 -0.481072  -0.876118 -0.0314207    1.46108
         0          0          0          1

 0.0702898 -0.0745924   0.994734   0.493602
  -0.87434   0.475432  0.0974339    0.69941
 -0.480196  -0.876584 -0.0318011    1.45581
         0          0          0          1

 0.0633676  -0.068248   0.995654   0.494919
 -0.873432   0.478852  0.0884123   0.699472
 -0.482805  -0.875239 -0.0292663    1.45255
         0          0          0          1

 0.0633676  -0.068248   0.995654   0.494919
 -0.873432   0.478852  0.0884123   0.699472
 -0.482805  -0.875239 -0.0292663    1.45255
         0          0          0          1

 0.0733137 -0.0743926    0.99453   0.489264
 -0.867062   0.487975   0.100418   0.693013
 -0.492776  -0.869682 -0.0287277    1.45072
         0          0          0          1

 0.0733137 -0.0743926    0.99453   0.489264
 -0.867062   0.487975   0.100418   0.693013
 -0.492776  -0.869682 -0.0287277    1.45072
         0          0          0          1

 0.0733503 -0.0821335   0.993918   0.489257
  -0.86488   0.491001   0.104402   0.692078
  -0.49659  -0.867278 -0.0350205    1.44786
         0          0          0          1

 0.0733503 -0.0821335   0.993918   0.489257
  -0.86488   0.491001   0.104402   0.692078
  -0.49659  -0.867278 -0.0350205    1.44786
         0          0          0          1

 0.0727886 -0.0896012   0.993314   0.488751
  -0.86254   0.494371     0.1078   0.690461
 -0.500725   -0.86462    -0.0413    1.44669
         0          0          0          1

 0.0727886 -0.0896012   0.993314   0.488751
  -0.86254   0.494371     0.1078   0.690461
 -0.500725   -0.86462    -0.0413    1.44669
         0          0          0          1

0.0662333 -0.102755  0.992499    0.4868
-0.859899  0.498689  0.109014  0.687934
 -0.50615 -0.860669 -0.055329   1.44328
        0         0         0         1

0.0662333 -0.102755  0.992499    0.4868
-0.859899  0.498689  0.109014  0.687934
 -0.50615 -0.860669 -0.055329   1.44328
        0         0         0         1

 0.0607838  -0.105444   0.992566    0.48729
 -0.858694   0.501437   0.105855   0.686752
 -0.508871  -0.858745 -0.0600646    1.44141
         0          0          0          1

 0.0607838  -0.105444   0.992566    0.48729
 -0.858694   0.501437   0.105855   0.686752
 -0.508871  -0.858745 -0.0600646    1.44141
         0          0          0          1

 0.0629897  -0.110028    0.99193    0.48441
 -0.854471   0.507597   0.110565   0.683567
 -0.515666   -0.85454 -0.0620424    1.43975
         0          0          0          1

 0.0629897  -0.110028    0.99193    0.48441
 -0.854471   0.507597   0.110565   0.683567
 -0.515666   -0.85454 -0.0620424    1.43975
         0          0          0          1

 0.0637324  -0.116052   0.991196   0.484901
 -0.850692   0.512985    0.11476   0.682942
 -0.521787  -0.850516 -0.0660308    1.43852
         0          0          0          1

 0.0637324  -0.116052   0.991196   0.484901
 -0.850692   0.512985    0.11476   0.682942
 -0.521787  -0.850516 -0.0660308    1.43852
         0          0          0          1

 0.0658963  -0.128446   0.989525   0.483367
 -0.845195   0.519928   0.123774   0.680783
  -0.53038  -0.844498 -0.0743006    1.43736
         0          0          0          1

 0.0658963  -0.128446   0.989525   0.483367
 -0.845195   0.519928   0.123774   0.680783
  -0.53038  -0.844498 -0.0743006    1.43736
         0          0          0          1

  0.060742  -0.142351   0.987951   0.483696
 -0.841681   0.524741   0.127358   0.680004
 -0.536548  -0.839275 -0.0879406    1.43673
         0          0          0          1

  0.060742  -0.142351   0.987951   0.483696
 -0.841681   0.524741   0.127358   0.680004
 -0.536548  -0.839275 -0.0879406    1.43673
         0          0          0          1

 0.0541906  -0.144722   0.987987   0.484737
 -0.841685   0.525732   0.123176   0.680982
 -0.537242  -0.838249 -0.0933208    1.43591
         0          0          0          1

 0.0541906  -0.144722   0.987987   0.484737
 -0.841685   0.525732   0.123176   0.680982
 -0.537242  -0.838249 -0.0933208    1.43591
         0          0          0          1

0.0430093 -0.162941  0.985698  0.484311
-0.839596  0.528855  0.124057  0.680008
-0.541505 -0.832924 -0.114059   1.43741
        0         0         0         1

0.0430093 -0.162941  0.985698  0.484311
-0.839596  0.528855  0.124057  0.680008
-0.541505 -0.832924 -0.114059   1.43741
        0         0         0         1

0.0362067 -0.172967  0.984262  0.483365
-0.841938  0.525301  0.123284  0.679248
-0.538358 -0.833151 -0.126608   1.43665
        0         0         0         1

0.0362067 -0.172967  0.984262  0.483365
-0.841938  0.525301  0.123284  0.679248
-0.538358 -0.833151 -0.126608   1.43665
        0         0         0         1

0.0275108 -0.176686  0.983883  0.483677
-0.840928  0.528049  0.118341  0.679774
-0.540448  -0.83063 -0.134053   1.43842
        0         0         0         1

0.0275108 -0.176686  0.983883  0.483677
-0.840928  0.528049  0.118341  0.679774
-0.540448  -0.83063 -0.134053   1.43842
        0         0         0         1

0.0198433 -0.177193  0.983976  0.484286
-0.843349  0.525637  0.111663  0.680305
   -0.537 -0.832051 -0.139005   1.44043
        0         0         0         1

0.0198433 -0.177193  0.983976  0.484286
-0.843349  0.525637  0.111663  0.680305
   -0.537 -0.832051 -0.139005   1.44043
        0         0         0         1

0.0166182 -0.180055  0.983516  0.484275
-0.845166  0.523055  0.110038  0.681241
-0.534246 -0.833063 -0.143484   1.44202
        0         0         0         1

0.0166182 -0.180055  0.983516  0.484275
-0.845166  0.523055  0.110038  0.681241
-0.534246 -0.833063 -0.143484   1.44202
        0         0         0         1

0.00717708 -0.180671  0.983517  0.486492
-0.849901  0.517134  0.101199  0.684983
-0.526894 -0.836618 -0.149841   1.44599
        0         0         0         1

0.00717708 -0.180671  0.983517  0.486492
-0.849901  0.517134  0.101199  0.684983
-0.526894 -0.836618 -0.149841   1.44599
        0         0         0         1

0.00236055 -0.182504  0.983202  0.486267
-0.852861  0.512997 0.0972711  0.686785
-0.522132 -0.838765  -0.15444   1.44897
        0         0         0         1

0.00236055 -0.182504  0.983202  0.486267
-0.852861  0.512997 0.0972711  0.686785
-0.522132 -0.838765  -0.15444   1.44897
        0         0         0         1

-0.00190511 -0.180481  0.983577  0.488199
-0.856377  0.508163 0.0915865   0.69064
-0.516347 -0.842138 -0.155528   1.45329
        0         0         0         1

-0.00190511 -0.180481  0.983577  0.488199
-0.856377  0.508163 0.0915865   0.69064
-0.516347 -0.842138 -0.155528   1.45329
        0         0         0         1

-0.00128173 -0.182936  0.983124  0.487352
-0.859675  0.502421 0.0923676  0.693078
-0.510839 -0.845049 -0.157909   1.46118
        0         0         0         1

-0.00128173 -0.182936  0.983124  0.487352
-0.859675  0.502421 0.0923676  0.693078
-0.510839 -0.845049 -0.157909   1.46118
        0         0         0         1

0.000834973 -0.184999  0.982738  0.488137
 -0.86363  0.495291 0.0939713  0.696133
-0.504126 -0.848801 -0.159357   1.46649
        0         0         0         1

0.000834973 -0.184999  0.982738  0.488137
 -0.86363  0.495291 0.0939713  0.696133
-0.504126 -0.848801 -0.159357   1.46649
        0         0         0         1

0.00672334 -0.188686  0.982015  0.489075
-0.870355  0.482441 0.0986558  0.701165
-0.492379 -0.855364  -0.16098   1.47632
        0         0         0         1

0.00672334 -0.188686  0.982015  0.489075
-0.870355  0.482441 0.0986558  0.701165
-0.492379 -0.855364  -0.16098   1.47632
        0         0         0         1

0.0085805 -0.193099  0.981142  0.489733
-0.874506  0.474379  0.101011  0.704167
-0.484938 -0.858882 -0.164796   1.48665
        0         0         0         1

0.0085805 -0.193099  0.981142  0.489733
-0.874506  0.474379  0.101011  0.704167
-0.484938 -0.858882 -0.164796   1.48665
        0         0         0         1

0.0119312 -0.193405  0.981047  0.490269
-0.878855  0.465939  0.102544  0.706536
 -0.47694 -0.863421 -0.164415   1.49575
        0         0         0         1

0.0119312 -0.193405  0.981047  0.490269
-0.878855  0.465939  0.102544  0.706536
 -0.47694 -0.863421 -0.164415   1.49575
        0         0         0         1

0.0162806 -0.196132  0.980442  0.491052
-0.888458  0.446979  0.104169  0.711652
-0.458668 -0.872778 -0.166978   1.51378
        0         0         0         1

0.0162806 -0.196132  0.980442  0.491052
-0.888458  0.446979  0.104169  0.711652
-0.458668 -0.872778 -0.166978   1.51378
        0         0         0         1

0.0184329 -0.199525  0.979719  0.492413
-0.895053  0.433398  0.105104   0.71548
-0.445579 -0.878838 -0.170597   1.52665
        0         0         0         1

0.0184329 -0.199525  0.979719  0.492413
-0.895053  0.433398  0.105104   0.71548
-0.445579 -0.878838 -0.170597   1.52665
        0         0         0         1

0.0229565 -0.211114  0.977192  0.497187
-0.904143  0.412719  0.110405  0.723659
-0.426614 -0.886055 -0.181403   1.54695
        0         0         0         1

0.0229565 -0.211114  0.977192  0.497187
-0.904143  0.412719  0.110405  0.723659
-0.426614 -0.886055 -0.181403   1.54695
        0         0         0         1

 0.031555 -0.221213  0.974715  0.497023
-0.909066  0.399002  0.119984  0.726186
-0.415456 -0.889866 -0.188506   1.56501
        0         0         0         1

 0.031555 -0.221213  0.974715  0.497023
-0.909066  0.399002  0.119984  0.726186
-0.415456 -0.889866 -0.188506   1.56501
        0         0         0         1

0.0363297 -0.225522  0.973561  0.499689
-0.916885  0.379974  0.122234  0.733411
-0.397495 -0.897084 -0.192973   1.57982
        0         0         0         1

0.0363297 -0.225522  0.973561  0.499689
-0.916885  0.379974  0.122234  0.733411
-0.397495 -0.897084 -0.192973   1.57982
        0         0         0         1

0.0407664  -0.23715  0.970617  0.504357
-0.928717  0.349315  0.124354  0.746392
-0.368542 -0.906498 -0.206004   1.60696
        0         0         0         1

0.0407664  -0.23715  0.970617  0.504357
-0.928717  0.349315  0.124354  0.746392
-0.368542 -0.906498 -0.206004   1.60696
        0         0         0         1

0.0475649 -0.243638  0.968699  0.506043
-0.937612  0.323499  0.127402  0.754689
-0.344413 -0.914324 -0.213051    1.6244
        0         0         0         1

0.0475649 -0.243638  0.968699  0.506043
-0.937612  0.323499  0.127402  0.754689
-0.344413 -0.914324 -0.213051    1.6244
        0         0         0         1

0.0478445  -0.24862  0.967419  0.507478
-0.939044   0.31892  0.128402  0.757427
-0.340453 -0.914592 -0.218207   1.63307
        0         0         0         1

0.0522012 -0.256427  0.965153  0.509001
-0.943713  0.303433  0.131659  0.764211
 -0.32662   -0.9177 -0.226154   1.64763
        0         0         0         1

0.0504147 -0.261538  0.963876  0.512503
-0.946316  0.296028   0.12982  0.768845
-0.319287 -0.918676 -0.232573   1.65493
        0         0         0         1

0.0592401  -0.27219  0.960418   0.51719
-0.955556  0.262879  0.133442  0.784001
-0.288795 -0.925639  -0.24452   1.67707
        0         0         0         1

0.0706481 -0.285314  0.955827  0.518582
-0.960978  0.237451  0.141908  0.797109
 -0.26745 -0.928554 -0.257405   1.69928
        0         0         0         1

0.0706481 -0.285314  0.955827  0.518582
-0.960978  0.237451  0.141908  0.797109
 -0.26745 -0.928554 -0.257405   1.69928
        0         0         0         1

0.0818698 -0.303309  0.949369  0.527631
-0.969537  0.196412   0.14636  0.821569
-0.230859  -0.93243 -0.277989   1.73035
        0         0         0         1

0.0818698 -0.303309  0.949369  0.527631
-0.969537  0.196412   0.14636  0.821569
-0.230859  -0.93243 -0.277989   1.73035
        0         0         0         1

 0.090273 -0.313374  0.945329  0.532201
-0.974718  0.167005  0.148441  0.840058
-0.204392 -0.934829 -0.290375   1.75316
        0         0         0         1

 0.090273 -0.313374  0.945329  0.532201
-0.974718  0.167005  0.148441  0.840058
-0.204392 -0.934829 -0.290375   1.75316
        0         0         0         1

 0.101221 -0.331522  0.938002  0.535236
-0.977999  0.139712  0.154916  0.857786
-0.182408 -0.933045 -0.310086   1.77836
        0         0         0         1

 0.101221 -0.331522  0.938002  0.535236
-0.977999  0.139712  0.154916  0.857786
-0.182408 -0.933045 -0.310086   1.77836
        0         0         0         1

 0.116485 -0.347685  0.930347  0.540329
 -0.98397 0.0869565  0.155695  0.891298
-0.135033  -0.93357 -0.331983   1.80404
        0         0         0         1

 0.116485 -0.347685  0.930347  0.540329
 -0.98397 0.0869565  0.155695  0.891298
-0.135033  -0.93357 -0.331983   1.80404
        0         0         0         1

 0.120019 -0.364079  0.923603  0.551446
-0.987058 0.0559066  0.150303  0.917465
-0.106358 -0.929689 -0.352657   1.82347
        0         0         0         1

 0.120019 -0.364079  0.923603  0.551446
-0.987058 0.0559066  0.150303  0.917465
-0.106358 -0.929689 -0.352657   1.82347
        0         0         0         1

 0.137312 -0.382453  0.913715  0.560994
-0.988032 0.0125542  0.153735  0.955821
-0.0702672  -0.92389 -0.376152   1.85472
        0         0         0         1

 0.137312 -0.382453  0.913715  0.560994
-0.988032 0.0125542  0.153735  0.955821
-0.0702672  -0.92389 -0.376152   1.85472
        0         0         0         1

   0.14794  -0.391611    0.90816   0.568462
 -0.987815 -0.0136343   0.155037   0.981926
-0.0483321   -0.92003  -0.388857    1.87451
         0          0          0          1

   0.14794  -0.391611    0.90816   0.568462
 -0.987815 -0.0136343   0.155037   0.981926
-0.0483321   -0.92003  -0.388857    1.87451
         0          0          0          1

  0.159531  -0.401115   0.902029   0.576938
 -0.987029 -0.0481661   0.153145    1.01512
-0.0179815  -0.914761  -0.403596    1.88751
         0          0          0          1

  0.159531  -0.401115   0.902029   0.576938
 -0.987029 -0.0481661   0.153145    1.01512
-0.0179815  -0.914761  -0.403596    1.88751
         0          0          0          1

  0.176875  -0.418303    0.89092   0.593243
  -0.98414 -0.0876103   0.154247    1.06067
 0.0135316  -0.904072  -0.427165    1.91195
         0          0          0          1

  0.176875  -0.418303    0.89092   0.593243
  -0.98414 -0.0876103   0.154247    1.06067
 0.0135316  -0.904072  -0.427165    1.91195
         0          0          0          1

 0.195575 -0.419057  0.886646  0.594519
-0.979803 -0.121918  0.158501   1.09172
0.0416773 -0.899737 -0.434437   1.92099
        0         0         0         1

 0.195575 -0.419057  0.886646  0.594519
-0.979803 -0.121918  0.158501   1.09172
0.0416773 -0.899737 -0.434437   1.92099
        0         0         0         1

 0.212501  -0.44264  0.871156  0.614523
-0.975373 -0.149994   0.16171   1.13884
0.0590894 -0.884066 -0.463612    1.9466
        0         0         0         1

 0.212501  -0.44264  0.871156  0.614523
-0.975373 -0.149994   0.16171   1.13884
0.0590894 -0.884066 -0.463612    1.9466
        0         0         0         1

 0.220217 -0.450859  0.865003  0.627207
-0.972161 -0.174208  0.156697   1.17485
0.0800419  -0.87543 -0.476671   1.95075
        0         0         0         1

 0.220217 -0.450859  0.865003  0.627207
-0.972161 -0.174208  0.156697   1.17485
0.0800419  -0.87543 -0.476671   1.95075
        0         0         0         1

   0.2366 -0.456994  0.857425  0.638616
-0.967162  -0.19509  0.162901   1.20712
0.0928299 -0.867811 -0.488146   1.96305
        0         0         0         1

