    0.1194  -0.504838   0.854917   0.839257
 -0.928499  -0.361726 -0.0839268    1.07578
  0.351615  -0.783769  -0.511931    2.46542
         0          0          0          1

  0.120379  -0.504995   0.854687   0.851884
 -0.936344   -0.34378 -0.0712438    1.04598
  0.329802  -0.791704  -0.514232    2.45188
         0          0          0          1

  0.127319  -0.503788   0.854393   0.850337
 -0.939681  -0.336983 -0.0586724    1.03071
  0.317475  -0.795386  -0.516305      2.445
         0          0          0          1

  0.137367   -0.49496   0.857989   0.845102
 -0.943671  -0.328639 -0.0385013    1.01173
  0.301025   -0.80437  -0.512224    2.43613
         0          0          0          1

  0.137285  -0.488415   0.861744   0.841176
 -0.944685  -0.326173 -0.0343683    1.00062
  0.297864  -0.809359  -0.506177     2.4257
         0          0          0          1

  0.140869     -0.492   0.859123   0.850708
 -0.953051   -0.30234 -0.0168731   0.967101
  0.268048  -0.816411  -0.511492    2.41314
         0          0          0          1

   0.146907   -0.489232    0.859692    0.849193
  -0.954612   -0.297786 -0.00633575    0.954879
   0.259104   -0.819741   -0.510773     2.40407
          0           0           0           1

   0.14959  -0.489831   0.858888   0.852652
 -0.959298   -0.28233 0.00606283   0.934316
   0.23952  -0.824837  -0.512128    2.39989
         0          0          0          1

 0.153736 -0.483181  0.861918  0.844845
-0.961322 -0.274878  0.017373   0.91936
 0.228528 -0.831251 -0.506751   2.39117
        0         0         0         1

  0.14806 -0.488254   0.86005  0.850972
-0.963936 -0.265706 0.0151011  0.906814
 0.221147 -0.831269 -0.509986   2.37887
        0         0         0         1

 0.145708 -0.491224  0.858759  0.852629
-0.967609  -0.25164 0.0202344  0.891919
 0.206158 -0.833892 -0.511979   2.37328
        0         0         0         1

 0.136215 -0.488523  0.861853  0.850374
-0.974907  -0.22072 0.0289729  0.858275
 0.176074 -0.844173  -0.50633   2.35396
        0         0         0         1

 0.133703 -0.492356  0.860063  0.852779
-0.977303  -0.20941 0.0320488  0.846103
 0.164326 -0.844827  -0.50918   2.34444
        0         0         0         1

 0.136869 -0.490343  0.860715  0.851928
-0.979491 -0.196693 0.0437015  0.828401
 0.147868 -0.849044 -0.507207   2.33329
        0         0         0         1

 0.137782 -0.487843  0.861989  0.852432
-0.981309  -0.18528 0.0519952   0.81574
 0.134344 -0.853042 -0.504253   2.32467
        0         0         0         1

 0.137085 -0.485303  0.863532  0.853306
-0.983203  -0.17271 0.0590203  0.801613
 0.120498 -0.857118 -0.500828   2.31172
        0         0         0         1

 0.138284 -0.487681     0.862  0.857102
-0.984399 -0.163289 0.0655382  0.789602
 0.108793 -0.857615 -0.502653   2.30194
        0         0         0         1

 0.137143 -0.485749  0.863272  0.859784
-0.987174 -0.138926 0.0786551  0.761986
0.0817246 -0.862987 -0.498572    2.2768
        0         0         0         1

 0.135601 -0.488028   0.86223  0.863052
  -0.9881 -0.130384 0.0815977  0.753104
0.0725991 -0.863035   -0.4999   2.26259
        0         0         0         1

 0.138356 -0.482638  0.864822  0.860469
-0.989077 -0.112161 0.0956402  0.735395
0.0508397 -0.868608 -0.492885   2.25211
        0         0         0         1

 0.137701 -0.482787  0.864844  0.861339
-0.989692  -0.10175  0.100779  0.724512
0.0393428 -0.869807 -0.491821   2.23948
        0         0         0         1

   0.13456  -0.486146   0.863456   0.866027
 -0.990905 -0.0650642   0.117789   0.695705
-0.00108243  -0.871452   -0.49048    2.21591
         0          0          0          1

  0.133524  -0.483976   0.864835   0.866113
 -0.990993 -0.0562064   0.121548   0.685823
-0.0102172  -0.873275  -0.487121    2.20214
         0          0          0          1

  0.132997  -0.485833   0.863874   0.867735
 -0.990661 -0.0387441   0.130728    0.67122
-0.0300419  -0.873192  -0.486449    2.18918
         0          0          0          1

  0.131479   -0.48871   0.862482   0.869858
 -0.990298 -0.0252843   0.136637   0.660874
-0.0449685   -0.87208  -0.487293    2.17755
         0          0          0          1

  0.12879 -0.492392  0.860792  0.872218
-0.989915 -0.012184   0.14114  0.649802
-0.0590082 -0.870288 -0.488995   2.16093
        0         0         0         1

  0.125141  -0.496324   0.859071   0.874729
   -0.9893 0.00303338   0.145864   0.638411
-0.0750019  -0.868132  -0.490634    2.15046
         0          0          0          1

 0.117716 -0.504925  0.855099  0.879527
-0.986916 0.0360521   0.15715  0.614809
-0.110177  -0.86241 -0.494075   2.12309
        0         0         0         1

 0.115467 -0.507957  0.853608  0.881532
-0.985437 0.0494119  0.162702   0.60538
-0.124824 -0.859964 -0.494854   2.11097
        0         0         0         1

   0.1119 -0.509186  0.853351  0.883385
-0.983934 0.0634438   0.16688  0.595648
-0.139113 -0.858315 -0.493906   2.09355
        0         0         0         1

 0.109296  -0.50994  0.853238  0.885202
-0.982055 0.0773276  0.172012   0.58649
-0.153695 -0.856727 -0.492338   2.08243
        0         0         0         1

 0.104258 -0.510659  0.853439  0.889008
-0.977507  0.105568  0.182582  0.568228
-0.183333 -0.853278 -0.488166   2.05153
        0         0         0         1

 0.104522 -0.508927   0.85444  0.888917
-0.974351   0.11976  0.190522  0.559593
-0.199289 -0.852438 -0.483356   2.03984
        0         0         0         1

0.0989862 -0.511316  0.853673  0.892807
-0.971445  0.136246  0.194248  0.550808
-0.215631 -0.848524 -0.483229   2.02491
        0         0         0         1

0.0953378 -0.512996   0.85308  0.894689
-0.969303  0.147268  0.196885  0.544646
-0.226633 -0.845664 -0.483208   2.01134
        0         0         0         1

0.0873869 -0.517076  0.851467  0.898388
  -0.9628   0.17555  0.205421  0.529066
-0.255694 -0.837744   -0.4825   1.98164
        0         0         0         1

0.0835318 -0.519277  0.850514  0.900077
 -0.95942  0.188765  0.209477  0.522698
-0.269324 -0.833498 -0.482437   1.96955
        0         0         0         1

0.0784356  -0.52052  0.850239   0.90262
-0.955565  0.203841  0.212944  0.516181
-0.284155 -0.829161 -0.481402   1.95324
        0         0         0         1

 0.076745 -0.521746  0.849642  0.903666
-0.950764  0.218333  0.219952  0.509259
-0.300264 -0.824689 -0.479301   1.94291
        0         0         0         1

0.0732017 -0.520596  0.850659  0.905001
 -0.94685  0.231616  0.223226  0.503838
-0.313237 -0.821787 -0.475972   1.92639
        0         0         0         1

0.0698292 -0.519798  0.851431  0.906968
-0.942433  0.245427  0.227126  0.499029
-0.327024 -0.818276 -0.472736   1.91438
        0         0         0         1

0.0621872 -0.518187  0.853003  0.910698
-0.933262   0.27275   0.23373  0.489533
-0.353773  -0.81061 -0.466643   1.88554
        0         0         0         1

0.0567079 -0.517433  0.853843  0.913725
-0.930033   0.28363  0.233649  0.487149
-0.363073 -0.807352 -0.465146   1.87206
        0         0         0         1

0.0533042 -0.516151  0.854837  0.915249
 -0.92431  0.298461  0.237847  0.482532
-0.377901 -0.802813 -0.461174   1.85742
        0         0         0         1

0.0494171 -0.516413  0.854913  0.917201
-0.919478  0.310731  0.240847  0.479283
-0.390024 -0.797975 -0.459475   1.84629
        0         0         0         1

0.0411595 -0.516603  0.855235  0.920453
-0.908827  0.336286  0.246871  0.472873
-0.415138 -0.787422 -0.455662   1.81969
        0         0         0         1

0.0386434 -0.515135  0.856238  0.921259
-0.903947  0.347192  0.249676  0.470492
-0.425895 -0.783642 -0.452238   1.80876
        0         0         0         1

0.0351585 -0.512941  0.857703  0.922993
-0.899546  0.357671  0.250776  0.468828
-0.435409  -0.78036 -0.448839   1.79388
        0         0         0         1

0.0338189 -0.511724  0.858484  0.923514
-0.894634  0.367408  0.254247  0.466382
-0.445518 -0.776627 -0.445381   1.78389
        0         0         0         1

0.0290574 -0.510669  0.859287  0.926013
-0.888569  0.380536  0.256198  0.464369
-0.457822  -0.77098 -0.442707   1.77182
        0         0         0         1

0.0281208 -0.508193  0.860784  0.926797
-0.884443  0.388622   0.25833  0.463014
-0.465801 -0.768579 -0.438539   1.76103
        0         0         0         1

0.0235984 -0.503993  0.863385  0.929312
-0.874377  0.408288  0.262233  0.460377
-0.484674 -0.761112 -0.431045    1.7385
        0         0         0         1

0.0186203 -0.503599  0.863737  0.931752
-0.870023  0.417515  0.262187  0.459871
 -0.49266 -0.756353 -0.430368   1.72963
        0         0         0         1

0.0169767 -0.501588   0.86494  0.932946
-0.864954  0.426581  0.264355  0.459139
-0.501564 -0.752621 -0.426608    1.7183
        0         0         0         1

0.0136273 -0.500392  0.865692  0.934544
-0.860944  0.434429  0.264664  0.458825
-0.508517 -0.748918  -0.42489   1.70952
        0         0         0         1

0.0105398 -0.497688  0.867292   0.93628
-0.852391  0.448998  0.268013  0.458429
-0.522799 -0.742096 -0.419492   1.68903
        0         0         0         1

0.0109969 -0.496016  0.868243  0.936308
-0.848402  0.454935  0.270644  0.458143
-0.529238 -0.739596 -0.415819   1.68065
        0         0         0         1

0.00861062 -0.494097  0.869364  0.938053
-0.843985  0.462681  0.271321  0.458448
-0.536297 -0.736066 -0.413027   1.67094
        0         0         0         1

0.00732328 -0.491402  0.870902  0.939216
-0.841042  0.468088  0.271188   0.45896
-0.540921 -0.734451 -0.409862   1.66284
        0         0         0         1

0.00446195 -0.490073   0.87167  0.941141
-0.836556  0.475736  0.271752  0.459206
-0.547863 -0.730413 -0.407851   1.65442
        0         0         0         1

0.00430466 -0.487968  0.872851  0.941853
-0.833503  0.480507  0.272739  0.459567
-0.552498 -0.728697 -0.404655   1.64752
        0         0         0         1

0.00160998 -0.484209  0.874951  0.945146
-0.826875  0.491414  0.273477  0.460907
-0.562383 -0.723915 -0.399589   1.63207
        0         0         0         1

0.00177593 -0.483376  0.875411  0.945749
-0.823983  0.495313  0.275169  0.461245
-0.566612 -0.721812 -0.397414   1.62603
        0         0         0         1

0.00146437 -0.482293  0.876009  0.947064
-0.820795  0.499817   0.27655  0.462095
-0.571222 -0.719428 -0.395131   1.61934
        0         0         0         1

0.00136789 -0.481693  0.876339    0.9477
-0.818701  0.502672  0.277579  0.462789
-0.574219 -0.717839 -0.393675   1.61368
        0         0         0         1

0.00374664 -0.480247  0.877125  0.947537
-0.816521  0.504905  0.279935  0.463388
-0.577303  -0.71724  -0.39024   1.60643
        0         0         0         1

0.00318384 -0.480044  0.877239  0.948693
-0.815043  0.507024  0.280413  0.464315
-0.579392  -0.71588 -0.389642   1.60087
        0         0         0         1

0.00106368 -0.479114  0.877752  0.951291
-0.809419  0.515031  0.282106  0.465966
 -0.58723  -0.71077 -0.387256   1.59017
        0         0         0         1

0.00140524 -0.477802  0.878466   0.95184
-0.808206  0.516786  0.282375  0.466761
-0.588898 -0.710378 -0.385436   1.58547
        0         0         0         1

0.00069521 -0.476373  0.879243   0.95316
-0.806278  0.519838  0.282285  0.467966
-0.591536 -0.709111 -0.383727   1.57987
        0         0         0         1

9.90581e-05 -0.475113  0.879925  0.954048
-0.805501    0.5214  0.281619  0.469009
-0.592594 -0.708808 -0.382653   1.57522
        0         0         0         1

0.00663877 -0.467436  0.884002  0.952609
-0.804196  0.522914  0.282542  0.470239
-0.594327 -0.712787 -0.372439   1.56656
        0         0         0         1

0.00441868 -0.474986  0.879982  0.953345
 -0.80288  0.522904  0.286278  0.470704
-0.596125 -0.707785 -0.379046    1.5649
        0         0         0         1

0.00417704 -0.476525  0.879151  0.954148
-0.801226  0.524452  0.288075  0.471152
-0.598348 -0.705602 -0.379613   1.56192
        0         0         0         1

0.00801086 -0.472645  0.881216  0.953534
-0.800563  0.525023  0.288877  0.471374
-0.599195 -0.707784 -0.374177   1.55896
        0         0         0         1

0.00955885 -0.471398  0.881869  0.954567
-0.799503  0.526084  0.289881  0.471878
-0.600586 -0.707827 -0.371855   1.55631
        0         0         0         1

0.0118539 -0.471103  0.881998  0.954665
-0.798679   0.52626  0.291826  0.471896
-0.601641 -0.707893 -0.370022   1.55445
        0         0         0         1

0.0140955 -0.474771  0.879997  0.956264
-0.800139  0.522438  0.294679  0.472762
-0.599649 -0.708273 -0.372519   1.55144
        0         0         0         1

 0.014939 -0.477776  0.878355  0.956825
-0.800841  0.520263  0.296615  0.472688
-0.598691 -0.707853  -0.37485   1.55055
        0         0         0         1

 0.017068 -0.479501  0.877375  0.957229
 -0.80279  0.516511    0.2979   0.47304
-0.596018 -0.709432 -0.376123   1.54838
        0         0         0         1

0.0181348 -0.480334  0.876898  0.958509
-0.804138  0.514188  0.298284  0.473179
-0.594166 -0.710556  -0.37693   1.54754
        0         0         0         1

0.0218179 -0.481183  0.876348  0.960145
 -0.80781  0.507964  0.299023  0.473735
-0.589039 -0.714447 -0.377622   1.54619
        0         0         0         1

0.0228159 -0.480736  0.876568  0.961128
-0.809378  0.505795   0.29846  0.473861
-0.586845 -0.716285 -0.377557   1.54594
        0         0         0         1

0.0247228 -0.480476  0.876659  0.961919
-0.810992  0.503111  0.298614  0.473859
-0.584534 -0.718346 -0.377224   1.54588
        0         0         0         1

0.0264777 -0.480252  0.876731  0.962018
-0.811843  0.501404  0.299175  0.473907
-0.583276 -0.719689 -0.376613   1.54585
        0         0         0         1

0.0269404 -0.480653  0.876497  0.962562
-0.812665  0.500055  0.299199  0.474021
-0.582108 -0.720359 -0.377139   1.54606
        0         0         0         1

0.0275156  -0.48188  0.875805  0.962709
-0.813169  0.498769  0.299977  0.474043
-0.581377 -0.720431 -0.378126   1.54616
        0         0         0         1

 0.028316 -0.485393  0.873837  0.963261
-0.813986  0.496205  0.302005  0.474326
-0.580193 -0.719843 -0.381053   1.54612
        0         0         0         1

0.0289006 -0.486993  0.872927  0.963079
-0.813966  0.495424  0.303338  0.474448
-0.580193   -0.7193 -0.382078   1.54606
        0         0         0         1

0.0298381 -0.488999  0.871774  0.962932
-0.813584  0.494792  0.305387  0.474513
-0.580681 -0.718374 -0.383078   1.54624
        0         0         0         1

0.0301133 -0.490507  0.870917  0.962819
-0.813382  0.494394   0.30657  0.474588
-0.580951  -0.71762 -0.384081   1.54642
        0         0         0         1

0.0291066 -0.492168  0.870014   0.96336
-0.812257  0.495631  0.307553  0.475049
-0.582573 -0.715627 -0.385341   1.54721
        0         0         0         1

0.0286786 -0.491891  0.870185  0.963566
-0.812169  0.496022  0.307154  0.475422
-0.582716 -0.715546 -0.385273   1.54735
        0         0         0         1

0.0285714 -0.491579  0.870364  0.963493
-0.811987  0.496402  0.307021  0.475803
-0.582975 -0.715497 -0.384973    1.5475
        0         0         0         1

 0.028314 -0.491325  0.870516  0.963318
-0.811825  0.496802  0.306803  0.476148
-0.583214 -0.715394 -0.384803   1.54784
        0         0         0         1

0.0283357 -0.491069   0.87066  0.962835
-0.811434  0.497362   0.30693  0.476668
-0.583757  -0.71518 -0.384377   1.54851
        0         0         0         1

0.0276084 -0.490503  0.871002  0.963186
-0.811668  0.497588  0.305944  0.477366
-0.583466 -0.715411 -0.384388   1.54865
        0         0         0         1

0.0281909 -0.491045  0.870678  0.961871
 -0.81138  0.497499   0.30685  0.478232
-0.583839 -0.715101 -0.384399   1.54986
        0         0         0         1

0.0283247 -0.491489  0.870423  0.961272
-0.811548  0.497079  0.307087  0.478917
-0.583599 -0.715089 -0.384787   1.55045
        0         0         0         1

0.0275931 -0.491981  0.870168  0.961657
-0.811396  0.497407  0.306956  0.479576
-0.583845 -0.714521 -0.385467    1.5515
        0         0         0         1

0.0270377 -0.491865  0.870252  0.961628
-0.811696  0.497321  0.306304  0.480541
-0.583454 -0.714661 -0.385798   1.55183
        0         0         0         1

0.0264954 -0.490775  0.870883  0.960496
-0.811816  0.497789  0.305221  0.482348
-0.583311 -0.715084  -0.38523   1.55382
        0         0         0         1

0.0246594 -0.489531  0.871637  0.961398
-0.812017  0.498763  0.303089  0.483475
-0.583112 -0.715258 -0.385208   1.55471
        0         0         0         1

 0.024374 -0.487967  0.872522  0.960354
-0.812476  0.498864  0.301692  0.484385
-0.582486 -0.716256 -0.384302   1.55527
        0         0         0         1

0.0231109 -0.486378  0.873443  0.959878
-0.812724  0.499641  0.299731  0.485353
 -0.58219 -0.716795 -0.383744   1.55652
        0         0         0         1

 0.023808 -0.484737  0.874336  0.958148
-0.813334  0.499157  0.298882  0.486119
 -0.58131 -0.718243 -0.382369   1.55739
        0         0         0         1

0.0223079  -0.48391  0.874833  0.958178
-0.813528  0.499831  0.297224  0.487142
-0.581098 -0.718332 -0.382524   1.55894
        0         0         0         1

0.0197153 -0.482941  0.875431  0.957617
-0.813463  0.501322   0.29488  0.489393
-0.581282 -0.717944 -0.382971   1.56277
        0         0         0         1

  0.01827 -0.483134  0.875356  0.957845
-0.813583  0.501709  0.293888  0.490606
-0.581161 -0.717544 -0.383904   1.56459
        0         0         0         1

0.0172201  -0.48288  0.875517   0.95709
-0.814127  0.501557   0.29264  0.491994
-0.580431 -0.717822 -0.384489   1.56659
        0         0         0         1

0.0163391 -0.481406  0.876345  0.956903
-0.814972  0.501364  0.290611  0.493385
-0.579269 -0.718946 -0.384141   1.56803
        0         0         0         1

 0.016833 -0.477141  0.878665  0.954791
-0.817248  0.499724  0.287021  0.496543
 -0.57604 -0.722919 -0.381531    1.5723
        0         0         0         1

0.0167435 -0.475616  0.879493  0.953915
-0.817762  0.499612   0.28575  0.497616
-0.575313 -0.724001 -0.380576     1.575
        0         0         0         1

 0.016389  -0.47361  0.880582   0.95277
-0.818895  0.498977  0.283609  0.499108
 -0.57371 -0.725752 -0.379659   1.57826
        0         0         0         1

0.0169994  -0.47138  0.881767  0.951395
-0.820761  0.497072  0.281551  0.500621
-0.571019 -0.728506  -0.37844   1.58044
        0         0         0         1

0.0151512 -0.468387  0.883393  0.951113
  -0.8223    0.4968  0.277513  0.502471
-0.568853 -0.730619 -0.377627   1.58404
        0         0         0         1

0.0155771 -0.466311  0.884484  0.950064
-0.823804  0.495338  0.275657  0.503835
-0.566661 -0.732935 -0.376433   1.58729
        0         0         0         1

0.0159419 -0.462461  0.886496    0.9483
 -0.82924  0.489265  0.270149  0.507893
-0.558665 -0.739425 -0.375691   1.59432
        0         0         0         1

0.0155715 -0.460233  0.887662    0.9478
-0.830814  0.487999  0.267591  0.509569
-0.556332 -0.741649 -0.374769   1.59833
        0         0         0         1

0.0186803  -0.45672  0.889414  0.945536
 -0.83477  0.482476  0.265287  0.511515
-0.550283 -0.747412 -0.372243   1.60198
        0         0         0         1

0.0186696 -0.454607  0.890496  0.944548
-0.837256   0.47971   0.26245  0.513168
-0.546492 -0.750473 -0.371667   1.60653
        0         0         0         1

0.0216024  -0.44911  0.893215  0.941183
 -0.84318  0.471872   0.25765  0.516475
-0.537197 -0.758707 -0.368487   1.61817
        0         0         0         1

0.0229089 -0.445489  0.894994  0.939782
-0.846925  0.467039   0.25415  0.518403
-0.531218 -0.763816 -0.366596   1.62308
        0         0         0         1

0.0233943 -0.441548  0.896932   0.93864
-0.851061  0.461944  0.249607  0.520458
-0.524546 -0.769183 -0.364978   1.62965
        0         0         0         1

0.0240314 -0.436631   0.89932  0.937717
-0.855496  0.456462  0.244478  0.522451
-0.517252 -0.775239 -0.362566   1.63514
        0         0         0         1

0.0249783 -0.432157  0.901452  0.936624
 -0.86053  0.449639  0.239401  0.524899
-0.508787 -0.781707 -0.360653   1.64297
        0         0         0         1

0.0262211  -0.42802  0.903389  0.935831
-0.865152  0.443033  0.235018  0.526847
-0.500824 -0.787731 -0.358685   1.64917
        0         0         0         1

0.0329181 -0.418361  0.907684   0.93171
-0.875759  0.425564  0.227907  0.531234
-0.481625 -0.802414 -0.352375   1.66555
        0         0         0         1

0.0361733 -0.415407  0.908916  0.930026
-0.880244  0.417364  0.225783   0.53312
-0.473141 -0.808235 -0.350562   1.67368
        0         0         0         1

0.0386203 -0.412118  0.910311  0.928929
-0.886381  0.406464   0.22162  0.535594
-0.461343 -0.815442 -0.349596   1.68347
        0         0         0         1

 0.043926   -0.4086  0.911656  0.926177
-0.891744   0.39537   0.22017  0.537549
-0.450403 -0.822635    -0.347   1.69142
        0         0         0         1

0.0476409 -0.405828  0.912707  0.924858
-0.904061  0.371027  0.212164  0.543615
-0.424741  -0.83525 -0.349217   1.71189
        0         0         0         1

0.0518019 -0.403913  0.913329  0.922785
-0.908752   0.36017  0.210825  0.545841
-0.414109 -0.840911   -0.3484   1.72169
        0         0         0         1

0.0553493 -0.402577  0.913711  0.921385
-0.915728  0.344279  0.207159  0.549568
-0.397969 -0.848176 -0.349596   1.73302
        0         0         0         1

0.0593223 -0.401045  0.914135  0.919885
-0.920619  0.332058  0.205422  0.552517
-0.385929 -0.853757 -0.349511   1.74316
        0         0         0         1

0.0648879  -0.39915  0.914587  0.917312
-0.926175  0.317089  0.204096  0.555893
 -0.37147  -0.86031 -0.349108   1.75613
        0         0         0         1

0.0714559 -0.397064  0.915005  0.914661
-0.930976  0.302721  0.204068  0.559134
-0.358019  -0.86643 -0.348026   1.76624
        0         0         0         1

0.0825271 -0.392387   0.91609  0.910142
 -0.94095  0.272164  0.201342  0.566905
-0.328331 -0.878612 -0.346756    1.7923
        0         0         0         1

0.0866531  -0.39284  0.915515  0.908712
-0.944853   0.25892   0.20053  0.570422
-0.315822 -0.882404  -0.34874   1.80454
        0         0         0         1

0.0904265 -0.394714  0.914343  0.907879
-0.949532   0.24272  0.198687  0.575178
-0.300354 -0.886165 -0.352845   1.81979
        0         0         0         1

0.0968468 -0.394045  0.913974  0.905653
-0.953871  0.225435  0.198267  0.579948
-0.284168 -0.891015 -0.354035   1.83115
        0         0         0         1

 0.108665 -0.397382  0.911197  0.901893
-0.962099  0.188588   0.19698  0.591302
-0.250117 -0.898066 -0.361828   1.86058
        0         0         0         1

 0.114084  -0.39961  0.909559  0.899389
-0.965337   0.17175  0.196538  0.596967
-0.234755 -0.900452 -0.366164   1.87319
        0         0         0         1

 0.120823 -0.400839  0.908146   0.89629
-0.969144  0.150376  0.195312  0.604064
-0.214852 -0.903723 -0.370302   1.88853
        0         0         0         1

 0.123667 -0.406323  0.905322  0.895405
-0.971042  0.138381  0.194752  0.609323
-0.204412  -0.90319 -0.377444   1.90376
        0         0         0         1

 0.130224  -0.41181  0.901917  0.892384
-0.973683  0.118488  0.194687  0.616291
 -0.18704 -0.903534 -0.385542   1.92099
        0         0         0         1

 0.136385 -0.413991  0.900006  0.888425
-0.975286  0.103301   0.19531  0.622056
-0.173828   -0.9044 -0.389671   1.93483
        0         0         0         1

  0.14407 -0.425365  0.893481  0.884101
-0.979528  0.066986  0.189836  0.638914
  -0.1406 -0.902539 -0.407007   1.96642
        0         0         0         1

 0.149914 -0.428773  0.890887  0.879283
 -0.98059 0.0506909  0.189406  0.645671
-0.126372 -0.901989 -0.412851   1.98023
        0         0         0         1

  0.15167 -0.436213  0.886969  0.878898
-0.982244 0.0337275  0.184549  0.655356
-0.110418 -0.899211 -0.423352   1.99757
        0         0         0         1

 0.155647 -0.442532  0.883142  0.876715
-0.982962 0.0191063  0.182813  0.662992
-0.0977741 -0.896549 -0.432018   2.01271
        0         0         0         1

 0.168129 -0.449165  0.877487  0.867662
-0.983857 -0.021107  0.177706  0.682848
-0.0612979   -0.8932 -0.445463   2.04421
        0         0         0         1

  0.168946  -0.454133   0.874769   0.866396
 -0.984611 -0.0375115   0.170686   0.693026
-0.0447001  -0.890144  -0.453482    2.05689
         0          0          0          1

    0.1755  -0.460116   0.870341    0.86276
 -0.983926 -0.0523273    0.17074   0.701605
-0.0330177  -0.886315  -0.461904    2.07837
         0          0          0          1

   0.17501  -0.468502   0.865955   0.863693
 -0.984407 -0.0674095   0.162479   0.712049
-0.0177482  -0.880887  -0.472994    2.09216
         0          0          0          1

  0.181276  -0.470837   0.863395   0.857678
 -0.983423 -0.0905268    0.15711   0.725002
0.00418714  -0.877563  -0.479442    2.10618
         0          0          0          1

 0.183839  -0.47638  0.859806  0.855302
 -0.98276 -0.106541  0.151099  0.734695
0.0196238 -0.872761 -0.487753   2.12046
        0         0         0         1

 0.184485 -0.489881  0.852046  0.853901
-0.981224 -0.141431  0.131139  0.760112
0.0562632  -0.86024 -0.506775   2.15459
        0         0         0         1

 0.188539 -0.493811  0.848884  0.850406
-0.979333 -0.158973  0.125034  0.772001
0.0732068 -0.854914 -0.513578   2.16766
        0         0         0         1

 0.193315 -0.494912  0.847167   0.84464
-0.977287 -0.173541  0.121625  0.783039
0.0868247 -0.851437 -0.517219   2.18829
        0         0         0         1

 0.193701 -0.497332   0.84566  0.843365
-0.975323 -0.190709  0.111245  0.796303
 0.105949  -0.84634    -0.522   2.19982
        0         0         0         1

 0.198981 -0.499214  0.843322  0.835743
-0.969319 -0.226977 0.0943487  0.824385
 0.144314 -0.836222 -0.529062   2.22982
        0         0         0         1

 0.199239 -0.503557  0.840675  0.835176
-0.966438 -0.242942 0.0835243  0.837467
 0.162176 -0.829102  -0.53506     2.242
        0         0         0         1

 0.199303 -0.505159  0.839698  0.834361
-0.964052 -0.254741 0.0755672  0.851174
 0.175732 -0.824573  -0.53777   2.26163
        0         0         0         1

 0.202367 -0.506796  0.837977  0.831439
-0.960454 -0.269814 0.0687645  0.863609
 0.191248 -0.818754 -0.541356   2.27516
        0         0         0         1

 0.198741 -0.510614  0.836526  0.832119
-0.957356 -0.283774 0.0542325  0.880411
 0.209692 -0.811632 -0.545237   2.29044
        0         0         0         1

 0.199619 -0.513894  0.834305  0.832506
-0.953146 -0.299342  0.043672  0.895675
   0.2273 -0.803932  -0.54957   2.30102
        0         0         0         1

 0.196344 -0.515889  0.833851  0.830789
-0.942421 -0.334082 0.0152178  0.933052
 0.270724 -0.788826  -0.55178   2.32294
        0         0         0         1

  0.193111  -0.518587   0.832932   0.831646
 -0.939584  -0.342286 0.00472927   0.947193
  0.282648  -0.783523  -0.553356    2.33513
         0          0          0          1

   0.189519    -0.52258     0.83126    0.835502
  -0.936462     -0.3507 -0.00696773    0.963872
   0.295164   -0.777122   -0.555841     2.34821
          0           0           0           1

   0.196135   -0.513573    0.835328    0.821375
  -0.933104     -0.3596 -0.00199589    0.968723
    0.30141   -0.779057   -0.549748      2.3657
          0           0           0           1

  0.192627  -0.519727   0.832334    0.82216
  -0.92351   -0.38274 -0.0252629     1.0044
  0.331697  -0.763802  -0.553699    2.38669
         0          0          0          1

  0.190922  -0.524244    0.82989   0.823072
 -0.917502  -0.395818 -0.0389617    1.02194
  0.348911  -0.753987  -0.556565     2.3951
         0          0          0          1

  0.194439   -0.52456   0.828873   0.813331
 -0.910442   -0.41101 -0.0465377    1.04016
  0.365086  -0.745592  -0.557498    2.40522
         0          0          0          1

 0.190997 -0.523955  0.830055  0.810619
-0.904313   -0.4228   -0.0588   1.05579
 0.381756 -0.739399 -0.554573   2.41291
        0         0         0         1

  0.190995  -0.524117   0.829953   0.806663
  -0.89791  -0.434895 -0.0680034     1.0726
  0.396584  -0.732235  -0.553672    2.42445
         0          0          0          1

  0.187159  -0.535629   0.823452   0.813042
 -0.893782  -0.440661 -0.0834914    1.08846
  0.407584  -0.720361   -0.56121    2.43549
         0          0          0          1

 0.179889 -0.539573  0.822497  0.809352
-0.886838 -0.450743 -0.101734   1.11853
 0.425627  -0.71112 -0.559597   2.46694
        0         0         0         1

 0.173515 -0.552229  0.815436  0.819151
-0.876479 -0.464159 -0.127833   1.14409
 0.449085 -0.692532 -0.564555   2.46023
        0         0         0         1

 0.178102 -0.557178  0.811068  0.814855
-0.873077 -0.469674 -0.130932   1.15617
  0.45389 -0.684806 -0.570109    2.4765
        0         0         0         1

 0.167885 -0.565386   0.80756  0.822272
 -0.86678 -0.474874 -0.152271   1.17606
 0.469581 -0.674413  -0.56979   2.47924
        0         0         0         1

