 0.0598031  -0.463835   0.883901   0.740683
 -0.972591  -0.226402 -0.0530029     1.0771
  0.224701  -0.856504  -0.464662    2.33333
         0          0          0          1

0.0573129 -0.466065  0.882892  0.738978
-0.975098 -0.215906 -0.050675   1.06242
  0.21424 -0.858002 -0.466833   2.32442
        0         0         0         1

 0.0585594  -0.466367   0.882651   0.735694
 -0.978181   -0.20335 -0.0425469    1.04318
   0.19933  -0.860901  -0.468099    2.31453
         0          0          0          1

 0.0543132  -0.474272   0.878702    0.74108
 -0.979078   -0.19812 -0.0464164     1.0332
  0.196103  -0.857796   -0.47511    2.30431
         0          0          0          1

 0.0478782  -0.485126   0.873133   0.745999
 -0.986484  -0.160106 -0.0348636    0.99701
  0.156707  -0.859662  -0.486234    2.29229
         0          0          0          1

 0.0465469  -0.490227   0.870351   0.749339
 -0.988591  -0.147557 -0.0302415   0.982939
  0.143252  -0.859014  -0.491502    2.28429
         0          0          0          1

 0.0513596  -0.489648   0.870406   0.745159
 -0.990996  -0.132896 -0.0162857   0.962032
  0.123648  -0.861733  -0.492065    2.27828
         0          0          0          1

 0.0547835  -0.480391   0.875342   0.736364
 -0.991189  -0.132047 -0.0104341   0.950282
  0.120599  -0.867057  -0.483392    2.26065
         0          0          0          1

  0.0494291    -0.48447     0.87341    0.738018
  -0.994116   -0.108251 -0.00378514    0.918429
   0.096381   -0.868084    -0.48697     2.23983
          0           0           0           1

0.0519263 -0.484651  0.873165  0.734921
-0.994701  -0.10279 0.0021003   0.90631
0.0887347 -0.868647  -0.48742   2.22725
        0         0         0         1

 0.0535708  -0.484832   0.872965   0.736508
 -0.996036 -0.0881159  0.0121849   0.890639
 0.0710145  -0.870157   -0.48763    2.21585
         0          0          0          1

 0.0534004  -0.484857   0.872962   0.735457
 -0.996658 -0.0799898  0.0165395   0.877353
 0.0618088  -0.870928  -0.487508    2.20304
         0          0          0          1

 0.0529636  -0.485311   0.872736    0.73234
 -0.997751 -0.0616739  0.0262547   0.858034
 0.0410834  -0.872164  -0.487486    2.19332
         0          0          0          1

 0.0492352   -0.48989   0.870393   0.735963
 -0.998249 -0.0527516  0.0267769    0.84692
 0.0327969  -0.870187  -0.491629     2.1811
         0          0          0          1

 0.0420493  -0.490945   0.870175   0.737943
 -0.999105 -0.0245689   0.034418   0.818755
0.00448191  -0.870844  -0.491539    2.15516
         0          0          0          1

 0.0383543  -0.492483   0.869477    0.74106
 -0.999227 -0.0113724  0.0376364   0.806191
-0.00864725  -0.870248  -0.492538    2.14629
         0          0          0          1

   0.0418644    -0.484477     0.873802     0.735482
   -0.998863 -0.000345967    0.0476644     0.790516
    -0.02279    -0.874804    -0.483941      2.13095
           0            0            0            1

 0.036971  -0.48243  0.875154  0.736258
-0.998796 0.0104157 0.0479359  0.779093
-0.0322411 -0.875873 -0.481464   2.11909
        0         0         0         1

0.0350587 -0.478846  0.877199  0.735969
-0.997696 0.0342492 0.0585705  0.752664
-0.0580896 -0.877231 -0.476541   2.09192
        0         0         0         1

0.0340373 -0.477162  0.878156  0.736875
-0.996974  0.045237  0.063223  0.742001
-0.0698928  -0.87765 -0.474178    2.0802
        0         0         0         1

0.0310777 -0.476142  0.878819   0.73663
-0.996012 0.0588125 0.0670865  0.728999
-0.0836282   -0.8774 -0.472415   2.06512
        0         0         0         1

0.0294121 -0.481827  0.875772   0.73999
-0.994793 0.0714239 0.0727048  0.718627
-0.0975822 -0.873351 -0.477218   2.05615
        0         0         0         1

0.0260863 -0.481373  0.876128  0.741403
-0.993816 0.0821405 0.0747211  0.707472
-0.107934 -0.872659 -0.476253   2.04087
        0         0         0         1

0.0281937 -0.481114  0.876204  0.738817
-0.991961 0.0947123 0.0839238  0.695243
-0.123364 -0.871527 -0.474576   2.03132
        0         0         0         1

0.0251033 -0.484732  0.874303  0.740029
-0.988689  0.117321 0.0934328  0.673194
-0.147864 -0.866759 -0.476304   2.00539
        0         0         0         1

 0.024174 -0.484546  0.874432  0.740235
-0.987411  0.125194 0.0966708  0.665155
-0.156315 -0.865761  -0.47542   1.99317
        0         0         0         1

0.0223377 -0.483763  0.874914    0.7408
-0.985972  0.134129 0.0993368  0.655606
-0.165407  -0.86486 -0.473981   1.97739
        0         0         0         1

0.0206426 -0.484688  0.874443  0.742261
-0.983623  0.146794  0.104585  0.645883
-0.179054 -0.862281  -0.47372   1.96959
        0         0         0         1

0.0171032  -0.48132  0.876378  0.745539
-0.979404    0.1683  0.111547  0.628685
-0.201184 -0.860236 -0.468528   1.94403
        0         0         0         1

0.0147484 -0.480252  0.877006  0.748459
-0.977133  0.179145  0.114533  0.622093
-0.212116 -0.858641 -0.466628    1.9327
        0         0         0         1

0.0173338 -0.475058  0.879784  0.747827
-0.974913  0.187263  0.120325  0.613538
-0.221912 -0.859798 -0.459894   1.91868
        0         0         0         1

0.0180677 -0.473064  0.880843  0.747788
-0.973028  0.194322  0.124321  0.607294
-0.229979 -0.859331 -0.456793   1.90746
        0         0         0         1

0.0159093 -0.467749  0.883718  0.750367
-0.970887  0.204043  0.125478  0.600803
-0.239009 -0.859987 -0.450885   1.89316
        0         0         0         1

 0.015078 -0.464349  0.885524  0.752224
  -0.9684  0.213716  0.128557  0.594846
-0.248946  -0.85948 -0.446453   1.88197
        0         0         0         1

0.0143426 -0.460991  0.887289  0.755163
-0.963021  0.232401  0.136311  0.582039
-0.269045 -0.856433 -0.440611   1.85841
        0         0         0         1

 0.015385 -0.458936  0.888336  0.755847
-0.960684  0.239535  0.140387  0.576634
-0.277216 -0.855571 -0.437207   1.84813
        0         0         0         1

0.0171734 -0.455929   0.88985  0.756653
-0.957195  0.249688  0.146405  0.570208
-0.288935 -0.854274 -0.432125    1.8359
        0         0         0         1

0.0144898 -0.455841  0.889943  0.759874
-0.955541  0.255834  0.146599   0.56681
-0.294504 -0.852501 -0.431868   1.82528
        0         0         0         1

0.0163667 -0.454455   0.89062  0.761927
 -0.94937  0.272428  0.156457  0.555978
-0.313732 -0.848089 -0.426987   1.80249
        0         0         0         1

0.0168874  -0.45249  0.891609  0.763194
-0.947756  0.276858  0.158456  0.553096
-0.318548 -0.847704 -0.424175   1.79123
        0         0         0         1

0.0165372 -0.451225  0.892257  0.765469
  -0.9451  0.284225  0.161252  0.549183
-0.326363 -0.845939 -0.421752   1.77942
        0         0         0         1

0.0209559 -0.450322   0.89262  0.764368
-0.941394  0.291752  0.169288  0.543922
-0.336658 -0.843855 -0.417816   1.77085
        0         0         0         1

0.0195321 -0.448815  0.893411  0.766875
-0.938885  0.298927  0.170696  0.540902
-0.343676 -0.842145 -0.415547   1.75853
        0         0         0         1

0.0200819 -0.449842  0.892883  0.767874
-0.936467  0.304332  0.174387  0.537622
-0.350179 -0.839658  -0.41515    1.7495
        0         0         0         1

0.0203198 -0.449737   0.89293  0.770943
-0.930111  0.319084  0.181877  0.530512
-0.366716  -0.83422 -0.411822   1.72909
        0         0         0         1

0.0181475 -0.449177  0.893258  0.773244
-0.928253   0.32439  0.181979   0.52874
-0.371505 -0.832473 -0.411063   1.71952
        0         0         0         1

 0.017506 -0.448266  0.893729  0.775133
-0.925154  0.331734  0.184508     0.526
-0.379189 -0.830067 -0.408907   1.70857
        0         0         0         1

0.0188051 -0.447432   0.89412  0.775609
-0.922747  0.336544  0.187819  0.523688
-0.384947 -0.828579 -0.406538   1.70015
        0         0         0         1

0.0231713 -0.444679   0.89539  0.775711
-0.916833   0.34764  0.196375  0.517676
-0.398597 -0.825474 -0.399642    1.6812
        0         0         0         1

0.0225769 -0.444201  0.895643  0.776854
-0.914049  0.353726  0.198474  0.515683
-0.404974 -0.823142 -0.398036   1.67405
        0         0         0         1

0.0229157 -0.441847  0.896798  0.777924
-0.911617  0.359005  0.200174  0.513957
-0.410401 -0.822123 -0.394569   1.66388
        0         0         0         1

0.0216508 -0.441304  0.897096  0.779859
-0.909539  0.363825  0.200926  0.512605
-0.415055 -0.820294 -0.393506   1.65638
        0         0         0         1

0.0236887 -0.439955  0.897707  0.780192
-0.906405  0.369364  0.204939  0.510344
-0.421745 -0.818541 -0.390028   1.64771
        0         0         0         1

0.0229166 -0.438055  0.898656  0.781748
-0.905104  0.372653  0.204733  0.509673
-0.424571 -0.818069 -0.387946   1.63988
        0         0         0         1

0.0248248 -0.435122  0.900029  0.783392
-0.900286  0.381655  0.209344  0.506705
-0.434591  -0.81548  -0.38226   1.62402
        0         0         0         1

0.0288215 -0.433213   0.90083  0.783154
-0.898088  0.384453  0.213619  0.505458
-0.438869 -0.815182 -0.377983   1.61711
        0         0         0         1

0.0296635 -0.430744  0.901986  0.784306
-0.896047  0.388443  0.214969  0.504469
-0.442967 -0.814599 -0.374444   1.60923
        0         0         0         1

0.0319939 -0.429674  0.902417  0.783821
-0.893033  0.393179  0.218868   0.50269
-0.448853  -0.81289 -0.371134   1.60436
        0         0         0         1

0.0314682 -0.426486  0.903947  0.786592
-0.890303  0.399092  0.219287  0.501971
-0.454281 -0.811687 -0.367142   1.59039
        0         0         0         1

0.0347023 -0.424783   0.90463  0.786253
-0.888872   0.40065   0.22223  0.501167
 -0.45684 -0.811812 -0.363675   1.58499
        0         0         0         1

0.0358876 -0.422606  0.905602  0.787041
-0.887896    0.4024  0.222969  0.501051
-0.458643 -0.812083 -0.360789   1.57803
        0         0         0         1

0.0339965 -0.422553    0.9057    0.7892
-0.886819  0.405134  0.222302    0.5014
-0.460865  -0.81075 -0.360955   1.57376
        0         0         0         1

0.0363982 -0.421861   0.90593  0.789348
-0.885149  0.407191  0.225179  0.500839
-0.463881 -0.810079 -0.358589   1.56857
        0         0         0         1

0.0381599 -0.421024  0.906246  0.789807
-0.884516  0.407739  0.226672   0.50087
-0.464946 -0.810239 -0.356843   1.56372
        0         0         0         1

0.0422323 -0.419412  0.906813  0.791212
-0.882526  0.409816  0.230646  0.501124
-0.468363 -0.810027 -0.352835   1.55353
        0         0         0         1

0.0438548 -0.418743  0.907045  0.791539
-0.881208  0.411547  0.232598  0.501047
-0.470691 -0.809496 -0.350951   1.54971
        0         0         0         1

0.0457981 -0.418461  0.907079  0.792313
-0.879969  0.412885  0.234905  0.501308
-0.472818  -0.80896 -0.349324    1.5453
        0         0         0         1

0.0487303 -0.419063  0.906649  0.792197
-0.878681  0.413621  0.238407  0.501053
-0.474916 -0.808272 -0.348066   1.54198
        0         0         0         1

0.0520645 -0.418608  0.906673  0.793732
-0.877956  0.413473  0.241315  0.502079
-0.475901 -0.808583 -0.345993   1.53311
        0         0         0         1

0.0533869 -0.416497  0.907568  0.795348
-0.876871  0.415279  0.242159  0.502248
-0.477752 -0.808748 -0.343044   1.53155
        0         0         0         1

0.0581253 -0.413403  0.908691   0.79453
-0.879218  0.409942   0.24274  0.502605
 -0.47286 -0.813047 -0.339643   1.52738
        0         0         0         1

 0.058426 -0.418744  0.906223  0.795265
-0.880889  0.405488  0.244159   0.50279
-0.469702 -0.812547 -0.345176   1.52635
        0         0         0         1

 0.060923 -0.423157  0.904006  0.795682
-0.882241   0.40077  0.247053  0.502541
 -0.46684 -0.812602  -0.34891   1.52593
        0         0         0         1

0.0626095 -0.424133  0.903433  0.796129
-0.883719  0.397112  0.247675  0.502223
-0.463811 -0.813888 -0.349952   1.52598
        0         0         0         1

 0.066216 -0.422905  0.903751  0.798068
-0.886105  0.391481  0.248114  0.501938
 -0.45873 -0.817248 -0.348816   1.52618
        0         0         0         1

0.0687681 -0.420692  0.904593  0.798457
-0.886825   0.38955  0.248582  0.501599
-0.456961  -0.81931 -0.346291   1.52605
        0         0         0         1

0.0739587 -0.417965  0.905448  0.798053
 -0.88827  0.385113  0.250328  0.501101
-0.453328 -0.822796 -0.342783   1.52488
        0         0         0         1

 0.076693 -0.418202  0.905111  0.798196
-0.889103   0.38215  0.251907  0.500983
-0.451236 -0.824056 -0.342516   1.52496
        0         0         0         1

0.0798605 -0.421615  0.903251  0.798224
-0.890624  0.376776  0.254614  0.500347
-0.447673 -0.824791 -0.345411   1.52519
        0         0         0         1

0.0799186 -0.423126  0.902539  0.798309
-0.891468  0.374762  0.254633  0.500334
-0.445979 -0.824935 -0.347253   1.52488
        0         0         0         1

0.0813177 -0.425074  0.901499  0.797868
-0.891743  0.372968  0.256299  0.499937
-0.445176 -0.824747 -0.348728   1.52504
        0         0         0         1

0.0827355 -0.426173   0.90085  0.797414
-0.891675  0.372031  0.257893  0.499572
-0.445051 -0.824603 -0.349228   1.52543
        0         0         0         1

  0.08354 -0.424864  0.901394  0.797326
-0.892286  0.370843  0.257489  0.499558
-0.443674 -0.825813  -0.34812   1.52529
        0         0         0         1

0.0842997 -0.423211  0.902101  0.797211
-0.892666  0.370202  0.257094  0.499522
-0.442765 -0.826948 -0.346579   1.52525
        0         0         0         1

 0.086124 -0.421404  0.902774  0.796342
-0.893306  0.368544  0.257253  0.499297
 -0.44112 -0.828609 -0.344703   1.52515
        0         0         0         1

0.0842164 -0.420683   0.90329  0.796845
-0.893932   0.36859  0.255005  0.499718
 -0.44022 -0.828955 -0.345021   1.52502
        0         0         0         1

0.0833403 -0.421075  0.903189  0.796827
-0.894008  0.368801  0.254432  0.499741
-0.440231 -0.828663 -0.345709   1.52517
        0         0         0         1

0.0827699 -0.421079   0.90324  0.796748
-0.894686  0.367824  0.253461  0.499925
 -0.43896 -0.829095 -0.346289   1.52486
        0         0         0         1

0.0832274 -0.423106   0.90225  0.795913
-0.894329  0.367684   0.25492  0.499699
-0.439601 -0.828124 -0.347795   1.52521
        0         0         0         1

0.0833209 -0.423384  0.902111  0.795647
-0.894229  0.367743  0.255184  0.499639
-0.439786 -0.827956 -0.347962   1.52519
        0         0         0         1

 0.083173   -0.4244  0.901647   0.79527
-0.894007  0.367953  0.255661  0.499515
-0.440266 -0.827343 -0.348812   1.52535
        0         0         0         1

0.0825664 -0.425323  0.901268  0.795047
-0.893913   0.36819  0.255647  0.499466
 -0.44057 -0.826763 -0.349802    1.5254
        0         0         0         1

0.0824062 -0.426058  0.900935  0.794147
-0.893915  0.368064  0.255824  0.499379
-0.440597  -0.82644 -0.350529   1.52531
        0         0         0         1

 0.081602 -0.426756  0.900678  0.794068
-0.893816  0.368479  0.255572  0.499503
-0.440948 -0.825895 -0.351373   1.52546
        0         0         0         1

0.0804065 -0.428264   0.90007   0.79285
-0.893391  0.369479  0.255612  0.499552
-0.442026 -0.824667 -0.352898   1.52578
        0         0         0         1

0.0798043 -0.427887  0.900302  0.792557
 -0.89348  0.369739  0.254925  0.499601
-0.441956 -0.824746 -0.352801   1.52549
        0         0         0         1

0.0791604 -0.428381  0.900124   0.79213
 -0.89327   0.37033  0.254803  0.499622
-0.442495 -0.824224 -0.353345   1.52572
        0         0         0         1

0.0789354 -0.429004  0.899847  0.791723
-0.893259  0.370292  0.254895  0.499647
-0.442558 -0.823917 -0.353983   1.52562
        0         0         0         1

0.0781603  -0.43019  0.899348  0.791362
-0.893278  0.370329  0.254774  0.499815
-0.442656 -0.823282 -0.355334   1.52562
        0         0         0         1

0.0769144 -0.433228  0.897996   0.79124
-0.892829  0.370957  0.255436  0.499812
 -0.44378 -0.821404 -0.358267   1.52632
        0         0         0         1

0.0748077 -0.440626  0.894568  0.790964
-0.891996  0.371485   0.25757  0.499745
-0.445811 -0.817219 -0.365247   1.52731
        0         0         0         1

0.0733792 -0.443194  0.893417  0.791262
 -0.89233  0.370887  0.257274  0.500093
-0.445379 -0.816102  -0.36826   1.52722
        0         0         0         1

0.0729071 -0.447632  0.891241  0.791001
-0.891793  0.370834  0.259206  0.500169
-0.446532   -0.8137 -0.372158   1.52759
        0         0         0         1

0.0721779  -0.44948   0.89037  0.791032
 -0.89145  0.371306   0.25971  0.500283
-0.447333 -0.812465 -0.373889   1.52797
        0         0         0         1

0.0707007 -0.453033  0.888686  0.791487
-0.890707  0.372394    0.2607  0.500992
-0.449046  -0.80999 -0.377191   1.52908
        0         0         0         1

0.0730152 -0.454655   0.88767  0.790882
-0.890317  0.371387  0.263453  0.500954
-0.449449 -0.809544  -0.37767   1.52949
        0         0         0         1

0.0720882 -0.456196  0.886954  0.791289
-0.890637  0.370848  0.263129  0.501459
-0.448964 -0.808923 -0.379572   1.52998
        0         0         0         1

0.0709151 -0.459198  0.885499  0.791836
 -0.89102  0.369894  0.263175  0.502076
 -0.44839  -0.80766 -0.382924   1.53066
        0         0         0         1

0.0682092 -0.464944  0.882709   0.79276
-0.890568   0.37044  0.263936   0.50286
-0.449706 -0.804115 -0.388797   1.53268
        0         0         0         1

0.0661843 -0.467398  0.881566  0.793167
 -0.89108  0.369873  0.263002  0.503612
-0.448994 -0.802953  -0.39201   1.53317
        0         0         0         1

0.0602978 -0.468685  0.881305  0.794272
-0.891082    0.3726  0.259118  0.505619
-0.449819 -0.800939  -0.39517   1.53475
        0         0         0         1

0.0612057 -0.464873  0.883259  0.793426
-0.890723  0.373882  0.258503  0.506125
-0.450406 -0.802561  -0.39119   1.53508
        0         0         0         1

0.0596617 -0.459418  0.886214  0.793835
-0.890151  0.377285  0.255513  0.507168
-0.451743 -0.804109 -0.386442   1.53562
        0         0         0         1

 0.060232 -0.455988  0.887946   0.79331
  -0.8899  0.378426  0.254698    0.5078
-0.452161 -0.805524  -0.38299   1.53568
        0         0         0         1

0.0578356 -0.452467  0.889904  0.792915
-0.888673  0.382823    0.2524  0.509863
-0.454879 -0.805432 -0.379955   1.53765
        0         0         0         1

0.0553925 -0.452667  0.889957  0.793143
-0.888751  0.383851  0.250559  0.511263
-0.455031 -0.804829 -0.381046    1.5378
        0         0         0         1

0.0522877 -0.455224   0.88884  0.792902
-0.888644  0.384862  0.249385  0.512781
-0.455607 -0.802902 -0.384409   1.53916
        0         0         0         1

 0.050573 -0.457915  0.887556  0.791934
-0.888433  0.385325  0.249423  0.513844
-0.456213 -0.801148 -0.387339   1.53997
        0         0         0         1

0.0487581 -0.461665  0.885713  0.791103
  -0.8883  0.385398  0.249783  0.515576
-0.456668 -0.798958 -0.391306   1.54099
        0         0         0         1

0.0460371  -0.46464  0.884302  0.791177
-0.888485  0.385576  0.248848  0.517235
 -0.45659 -0.797146 -0.395075    1.5418
        0         0         0         1

0.0385264 -0.471013  0.881284  0.790842
-0.888486  0.387449  0.245918  0.520776
-0.457283 -0.792483 -0.403562   1.54515
        0         0         0         1

0.0361536 -0.472289  0.880702  0.790139
-0.888624  0.387999  0.244549  0.522337
-0.457209 -0.791454  -0.40566   1.54647
        0         0         0         1

0.0340019 -0.471896  0.880998  0.789351
-0.888331  0.389644  0.242993  0.523989
-0.457944  -0.79088 -0.405951   1.54865
        0         0         0         1

 0.033384 -0.471094  0.881451  0.788652
-0.888471  0.389916  0.242041  0.525665
-0.457716 -0.791225 -0.405536   1.55028
        0         0         0         1

0.0322826 -0.469651  0.882262  0.786966
-0.889426  0.389178  0.239714  0.529439
-0.455938 -0.792445 -0.405156   1.55467
        0         0         0         1

0.0325939 -0.470032  0.882047  0.785067
-0.890132  0.387697  0.239492  0.530883
-0.454535 -0.792944 -0.405754   1.55644
        0         0         0         1

0.0304167 -0.470799  0.881716  0.785391
-0.891443  0.386226  0.236981  0.533591
-0.452112 -0.793207 -0.407943   1.55939
        0         0         0         1

0.0287336 -0.472259  0.880991  0.784684
-0.892513  0.384746  0.235354  0.535409
-0.450106 -0.793059 -0.410442   1.56231
        0         0         0         1

 0.026806 -0.474236   0.87999    0.7838
-0.894455  0.381691  0.232944  0.537611
-0.446354 -0.793355 -0.413951   1.56502
        0         0         0         1

0.0245834 -0.476566  0.878795  0.783359
-0.895885  0.379572  0.230902  0.539639
-0.443606 -0.792975 -0.417617   1.56871
        0         0         0         1

0.0257623 -0.480328  0.876711  0.780532
-0.898467  0.373379  0.230967  0.542947
-0.438285 -0.793646 -0.421939   1.57729
        0         0         0         1

0.0257647  -0.48208  0.875748  0.779718
-0.900443   0.36932  0.229794   0.54491
 -0.43421 -0.794482 -0.424571   1.58067
        0         0         0         1

0.0241695 -0.485366  0.873977   0.77994
-0.902353  0.365718  0.228057  0.547409
 -0.43032 -0.794148 -0.429132   1.58665
        0         0         0         1

 0.024862 -0.486835   0.87314  0.778942
-0.903162  0.363504  0.228395  0.548956
 -0.42858 -0.794265 -0.430653   1.59181
        0         0         0         1

0.0261547 -0.487522  0.872719  0.777005
-0.908744  0.352171  0.223966  0.554206
-0.416535 -0.798935 -0.433822   1.60163
        0         0         0         1

0.0278416 -0.487371  0.872751  0.775548
-0.910462   0.34806  0.223412  0.556172
-0.412654 -0.800827 -0.434042    1.6075
        0         0         0         1

0.0257847 -0.487028  0.873006  0.775953
-0.914255  0.341718  0.217639  0.559915
-0.404318 -0.803762 -0.436457   1.61318
        0         0         0         1

0.0276191 -0.487408  0.872738  0.774563
-0.916356  0.336501  0.216929    0.5618
 -0.39941  -0.80573 -0.437345   1.61973
        0         0         0         1

0.0266825 -0.485651  0.873745  0.775074
-0.921294  0.327264  0.210037  0.567901
 -0.38795 -0.810581 -0.438696   1.63611
        0         0         0         1

0.0271178 -0.484761  0.874226  0.775155
-0.924239  0.321035  0.206684  0.570982
-0.380849 -0.813599 -0.439329   1.64272
        0         0         0         1

0.0285983 -0.483688  0.874773  0.774297
-0.926944  0.314696  0.204308  0.574129
-0.374109 -0.816708 -0.439352   1.65215
        0         0         0         1

0.0311575 -0.481151  0.876084  0.773509
-0.929592  0.308123  0.202284  0.577226
 -0.36727 -0.820703 -0.437674    1.6598
        0         0         0         1

0.0309446 -0.478938  0.877303  0.773808
-0.933694  0.299412  0.196389  0.581939
-0.356733  -0.82521 -0.437916   1.66892
        0         0         0         1

0.0342554 -0.476329  0.878599  0.772359
-0.936769  0.291044  0.194312  0.584806
-0.348268 -0.829701 -0.436241   1.67614
        0         0         0         1

0.0416273 -0.471382  0.880946  0.769807
-0.943012  0.272807  0.190535  0.592494
-0.330143 -0.838675 -0.433163   1.69564
        0         0         0         1

0.0401431 -0.469493  0.882023   0.77114
-0.946452  0.265137  0.184205  0.597167
 -0.32034 -0.842187 -0.433709   1.70391
        0         0         0         1

 0.042555 -0.465955  0.883785  0.770644
-0.949564  0.256203  0.180799  0.601868
-0.310673 -0.846904 -0.431551   1.71568
        0         0         0         1

0.0451595 -0.463594  0.884896  0.770065
-0.952044  0.248354  0.178698  0.606025
-0.302611  -0.85053 -0.430147   1.72552
        0         0         0         1

0.0472088 -0.461708  0.885775  0.770222
-0.954935  0.239284  0.175621  0.611389
-0.293038 -0.854148 -0.429604   1.73778
        0         0         0         1

0.0510179 -0.458126  0.887422  0.768841
 -0.95747  0.230237  0.173903  0.615764
-0.283987 -0.858552 -0.426896   1.74777
        0         0         0         1

0.0568012 -0.451209  0.890609  0.768579
-0.963711  0.208274  0.166982  0.628203
-0.260835 -0.867774 -0.423005   1.77105
        0         0         0         1

0.0622839 -0.446126    0.8928  0.765465
-0.966202   0.19725  0.165969  0.632967
-0.250148 -0.872963 -0.418762   1.78078
        0         0         0         1

0.0645496 -0.442289  0.894547  0.765754
-0.969438  0.184826  0.161337  0.640448
-0.236693 -0.877622 -0.416841   1.79326
        0         0         0         1

0.0647237 -0.440039  0.895643  0.767145
-0.971687  0.176586  0.156978  0.646849
-0.227234 -0.880445 -0.416151   1.80406
        0         0         0         1

0.0700188 -0.433494  0.898432  0.766538
-0.976631  0.153668  0.150258  0.661787
-0.203197 -0.887958 -0.412604    1.8303
        0         0         0         1

0.0699502 -0.431619   0.89934  0.767926
-0.978372  0.146248  0.146286  0.668549
-0.194666 -0.890121 -0.412054   1.84224
        0         0         0         1

0.0746375 -0.429253  0.900095  0.766283
-0.980584  0.132546  0.144523  0.677036
-0.181341 -0.893406 -0.411025   1.85634
        0         0         0         1

0.0773163 -0.426269  0.901286  0.765068
-0.982622  0.120424  0.141249  0.685081
-0.168747 -0.896545 -0.409551   1.86607
        0         0         0         1

0.0812467 -0.422398  0.902762  0.763887
-0.984891  0.104957  0.137747  0.695109
-0.152935 -0.900313 -0.407489   1.87841
        0         0         0         1

0.0836144 -0.423209  0.902166  0.763949
-0.985933 0.0963472  0.136575  0.702166
-0.144721 -0.900895   -0.4092   1.89106
        0         0         0         1

0.0902013 -0.423457  0.901414  0.761441
-0.988963 0.0687395  0.131254  0.721904
-0.117543 -0.903304 -0.412583   1.91642
        0         0         0         1

0.0895163 -0.426345   0.90012  0.762489
-0.989939 0.0613414  0.127503  0.730135
-0.109575 -0.902478 -0.416565   1.92922
        0         0         0         1

0.0937743 -0.426117  0.899795  0.760867
-0.991206 0.0447973  0.124516  0.741514
-0.0933666 -0.903558 -0.418169    1.9408
        0         0         0         1

0.0993415 -0.429193  0.897733  0.759253
-0.991507 0.0334073   0.12569    0.7503
-0.083936 -0.902595 -0.422229   1.95314
        0         0         0         1

 0.102993 -0.436012  0.894028  0.759475
-0.992784 0.0104464  0.119465  0.771895
-0.0614274  -0.89988 -0.431789   1.98282
        0         0         0         1

   0.108746   -0.435586    0.893554    0.755068
  -0.993031 -0.00651454    0.117677    0.782145
 -0.0454373   -0.900124   -0.433259     1.99244
          0           0           0           1

  0.108529  -0.438135   0.892333   0.755758
 -0.993721 -0.0232427   0.109448   0.795953
-0.0272129  -0.898608  -0.437907    2.00568
         0          0          0          1

  0.108971  -0.437269   0.892704   0.753413
 -0.993944 -0.0351181   0.104127   0.806387
-0.0141815  -0.898645  -0.438448    2.01693
         0          0          0          1

  0.106645  -0.443549   0.889883   0.755538
 -0.994288 -0.0513581  0.0935587   0.820964
0.00420486  -0.894777  -0.446493    2.02975
         0          0          0          1

  0.105867  -0.446492   0.888502   0.756342
  -0.99426 -0.0614272  0.0876001    0.83199
 0.0154654  -0.892676  -0.450433     2.0419
         0          0          0          1

  0.106756  -0.453009   0.885091   0.752999
 -0.993519 -0.0835389  0.0770768    0.85406
  0.039023  -0.887583  -0.458991    2.07362
         0          0          0          1

  0.103345  -0.459215   0.882293   0.756237
 -0.993039 -0.0980394   0.065289   0.868609
 0.0565178  -0.882898   -0.46615    2.08217
         0          0          0          1

 0.103877 -0.460823  0.881392  0.753157
-0.992056 -0.111223 0.0587677    0.8824
0.0709497 -0.880495 -0.468716   2.09774
        0         0         0         1

 0.106963 -0.459773  0.881571  0.747423
-0.990435 -0.127003 0.0539345  0.895056
0.0871648 -0.878908  -0.46896   2.10638
        0         0         0         1

 0.103369   -0.4675  0.877929  0.748835
-0.987459 -0.154126  0.034193   0.92697
 0.119327 -0.870453 -0.477569   2.13167
        0         0         0         1

  0.10713 -0.463081  0.879818  0.740711
-0.985314 -0.167789 0.0316621  0.938151
 0.132962 -0.870289 -0.474255    2.1412
        0         0         0         1

 0.105705 -0.464833  0.879066  0.740555
-0.982704 -0.184002 0.0208711  0.956189
 0.152048 -0.866068 -0.476244   2.15038
        0         0         0         1

 0.101433 -0.469967  0.876836  0.743535
-0.981209 -0.192678 0.0102359  0.970408
 0.164136 -0.861398  -0.48068   2.16192
        0         0         0         1

 0.108269 -0.472032  0.874908  0.737829
-0.980471 -0.196045 0.0155617  0.978997
 0.164176 -0.859507 -0.484039   2.18704
        0         0         0         1

   0.100821   -0.478113    0.872492    0.744488
  -0.977821   -0.209433 -0.00177352    0.997773
   0.183576   -0.852963   -0.488625      2.1915
          0           0           0           1

 0.0988833  -0.483755   0.869599   0.739418
 -0.971373  -0.236615 -0.0211718     1.0313
  0.216002  -0.842612  -0.493304    2.21168
         0          0          0          1

 0.0993495   -0.48443    0.86917   0.736164
  -0.96816  -0.248763 -0.0279831    1.04668
  0.229773  -0.838716   -0.49372    2.21976
         0          0          0          1

  0.092221  -0.495601   0.863641   0.745107
 -0.965193  -0.257674 -0.0448015    1.06825
  0.244741  -0.829448  -0.502113    2.23082
         0          0          0          1

  0.099313  -0.488652   0.866808   0.729171
 -0.962927   -0.26677 -0.0400623    1.07701
  0.250815  -0.830694   -0.49703    2.24187
         0          0          0          1

 0.0854092  -0.497794    0.86308   0.731346
 -0.954101  -0.290428 -0.0730924    1.11933
  0.287048  -0.817222  -0.499751    2.25534
         0          0          0          1

 0.0839692  -0.506064   0.858399   0.735811
  -0.95374  -0.290367 -0.0778887    1.13129
  0.288668  -0.812149  -0.507035    2.27144
         0          0          0          1

 0.0821606  -0.505856   0.858696   0.731677
 -0.951782  -0.295354 -0.0829255    1.14535
  0.295568  -0.810479  -0.505731    2.28559
         0          0          0          1

 0.0834207  -0.506913   0.857951   0.728936
 -0.946187   -0.31044 -0.0914208    1.16322
  0.312685  -0.804155  -0.505532    2.28633
         0          0          0          1

0.0800847 -0.510894  0.855905  0.730152
-0.942273 -0.318875 -0.102172   1.18274
 0.325126 -0.798314 -0.506939   2.29475
        0         0         0         1

