 0.327215  -0.83821  0.436273  0.930002
-0.943543 -0.264637  0.199235   1.08088
-0.0515467 -0.476835  -0.87748   1.90439
        0         0         0         1

 0.327215  -0.83821  0.436273  0.930002
-0.943543 -0.264637  0.199235   1.08088
-0.0515467 -0.476835  -0.87748   1.90439
        0         0         0         1

 0.322466 -0.841038  0.434363  0.940918
-0.943577 -0.249074   0.21823   1.05671
-0.0753511 -0.480226 -0.873902   1.88224
        0         0         0         1

 0.322466 -0.841038  0.434363  0.940918
-0.943577 -0.249074   0.21823   1.05671
-0.0753511 -0.480226 -0.873902   1.88224
        0         0         0         1

 0.319052 -0.845328  0.428517  0.944444
 -0.94219 -0.234064  0.239774   1.03813
-0.102387 -0.480245 -0.871138   1.87543
        0         0         0         1

 0.319052 -0.845328  0.428517  0.944444
 -0.94219 -0.234064  0.239774   1.03813
-0.102387 -0.480245 -0.871138   1.87543
        0         0         0         1

 0.311555 -0.852578  0.419575  0.952165
-0.941869 -0.218641  0.255104   1.02291
 -0.12576 -0.474664 -0.871136   1.86406
        0         0         0         1

 0.311555 -0.852578  0.419575  0.952165
-0.941869 -0.218641  0.255104   1.02291
 -0.12576 -0.474664 -0.871136   1.86406
        0         0         0         1

 0.303267 -0.858692  0.413132  0.958438
-0.939982 -0.198414  0.277609   1.00101
-0.156409 -0.472526 -0.867327   1.84675
        0         0         0         1

 0.303267 -0.858692  0.413132  0.958438
-0.939982 -0.198414  0.277609   1.00101
-0.156409 -0.472526 -0.867327   1.84675
        0         0         0         1

 0.295487 -0.862735  0.410337  0.962031
-0.940588 -0.187516  0.283074  0.989118
-0.167274 -0.469603 -0.866887   1.82984
        0         0         0         1

 0.295487 -0.862735  0.410337  0.962031
-0.940588 -0.187516  0.283074  0.989118
-0.167274 -0.469603 -0.866887   1.82984
        0         0         0         1

 0.281381 -0.871401  0.401852   0.97211
-0.940458 -0.167205  0.295942  0.970083
-0.190693 -0.461197 -0.866564   1.80859
        0         0         0         1

 0.281381 -0.871401  0.401852   0.97211
-0.940458 -0.167205  0.295942  0.970083
-0.190693 -0.461197 -0.866564   1.80859
        0         0         0         1

 0.278698  -0.87486  0.396167  0.973861
  -0.9372 -0.157672   0.31112  0.957476
-0.209722 -0.457996 -0.863861   1.79804
        0         0         0         1

 0.278698  -0.87486  0.396167  0.973861
  -0.9372 -0.157672   0.31112  0.957476
-0.209722 -0.457996 -0.863861   1.79804
        0         0         0         1

 0.272323 -0.881386  0.386004  0.975725
-0.933402  -0.14456  0.328426  0.945269
-0.233669 -0.449735 -0.862054   1.78355
        0         0         0         1

 0.272323 -0.881386  0.386004  0.975725
-0.933402  -0.14456  0.328426  0.945269
-0.233669 -0.449735 -0.862054   1.78355
        0         0         0         1

 0.265561 -0.887098  0.377537  0.976854
-0.926355 -0.126295  0.354847  0.929091
-0.267103 -0.443966 -0.855307   1.76089
        0         0         0         1

 0.265561 -0.887098  0.377537  0.976854
-0.926355 -0.126295  0.354847  0.929091
-0.267103 -0.443966 -0.855307   1.76089
        0         0         0         1

  0.25713 -0.890467  0.375436  0.977792
-0.921087 -0.108288  0.373996  0.917626
-0.292376 -0.441975 -0.848042   1.74806
        0         0         0         1

  0.25713 -0.890467  0.375436  0.977792
-0.921087 -0.108288  0.373996  0.917626
-0.292376 -0.441975 -0.848042   1.74806
        0         0         0         1

  0.253281  -0.886159   0.388034   0.975974
 -0.918043 -0.0936989    0.38525   0.902888
 -0.305035  -0.453808  -0.837264    1.72428
         0          0          0          1

  0.253281  -0.886159   0.388034   0.975974
 -0.918043 -0.0936989    0.38525   0.902888
 -0.305035  -0.453808  -0.837264    1.72428
         0          0          0          1

  0.250639   -0.88094   0.401404   0.973458
 -0.916169 -0.0818916   0.392338   0.894247
 -0.312754  -0.466089  -0.827615    1.71037
         0          0          0          1

  0.250639   -0.88094   0.401404   0.973458
 -0.916169 -0.0818916   0.392338   0.894247
 -0.312754  -0.466089  -0.827615    1.71037
         0          0          0          1

  0.248309  -0.872423   0.420977   0.973536
 -0.915859 -0.0698913    0.39537   0.888252
 -0.315507  -0.483729  -0.816371    1.69133
         0          0          0          1

  0.248309  -0.872423   0.420977   0.973536
 -0.915859 -0.0698913    0.39537   0.888252
 -0.315507  -0.483729  -0.816371    1.69133
         0          0          0          1

  0.255854  -0.857784   0.445809   0.964668
 -0.906313 -0.0523851   0.419347   0.876727
 -0.336355  -0.511335  -0.790824    1.67108
         0          0          0          1

  0.255854  -0.857784   0.445809   0.964668
 -0.906313 -0.0523851   0.419347   0.876727
 -0.336355  -0.511335  -0.790824    1.67108
         0          0          0          1

  0.265882  -0.848756   0.457078   0.960842
 -0.898977 -0.0471096   0.435455   0.870735
 -0.348062  -0.526682  -0.775538    1.65827
         0          0          0          1

  0.265882  -0.848756   0.457078   0.960842
 -0.898977 -0.0471096   0.435455   0.870735
 -0.348062  -0.526682  -0.775538    1.65827
         0          0          0          1

  0.277838  -0.840135   0.465811   0.965958
 -0.892838 -0.0469148   0.447927   0.865242
 -0.354466  -0.540345  -0.763139    1.63916
         0          0          0          1

  0.277838  -0.840135   0.465811   0.965958
 -0.892838 -0.0469148   0.447927   0.865242
 -0.354466  -0.540345  -0.763139    1.63916
         0          0          0          1

  0.295587  -0.833646   0.466544   0.963503
 -0.888234 -0.0600526    0.45545   0.861728
 -0.351666  -0.549025  -0.758223    1.62856
         0          0          0          1

  0.295587  -0.833646   0.466544   0.963503
 -0.888234 -0.0600526    0.45545   0.861728
 -0.351666  -0.549025  -0.758223    1.62856
         0          0          0          1

  0.310142  -0.830148    0.46332   0.966314
 -0.881701 -0.0689004   0.466751   0.858211
 -0.355549  -0.553269  -0.753311    1.62246
         0          0          0          1

  0.310142  -0.830148    0.46332   0.966314
 -0.881701 -0.0689004   0.466751   0.858211
 -0.355549  -0.553269  -0.753311    1.62246
         0          0          0          1

  0.334427  -0.820518   0.463583   0.970532
 -0.871633 -0.0822545   0.483208   0.854608
 -0.358349  -0.565672  -0.742699    1.61112
         0          0          0          1

  0.334427  -0.820518   0.463583   0.970532
 -0.871633 -0.0822545   0.483208   0.854608
 -0.358349  -0.565672  -0.742699    1.61112
         0          0          0          1

  0.351722   -0.80846   0.471894   0.971034
 -0.866992 -0.0912344     0.4899   0.853504
 -0.353012  -0.581437  -0.733017    1.60197
         0          0          0          1

  0.351722   -0.80846   0.471894   0.971034
 -0.866992 -0.0912344     0.4899   0.853504
 -0.353012  -0.581437  -0.733017    1.60197
         0          0          0          1

  0.374662  -0.784975   0.493399   0.971954
 -0.859705 -0.0948556   0.501906   0.850255
 -0.347182  -0.612223  -0.710386    1.59424
         0          0          0          1

  0.374662  -0.784975   0.493399   0.971954
 -0.859705 -0.0948556   0.501906   0.850255
 -0.347182  -0.612223  -0.710386    1.59424
         0          0          0          1

 0.390586 -0.770434  0.503859  0.970536
-0.852807 -0.096723  0.513191  0.847611
-0.346645  -0.63014  -0.69481   1.59248
        0         0         0         1

 0.390586 -0.770434  0.503859  0.970536
-0.852807 -0.096723  0.513191  0.847611
-0.346645  -0.63014  -0.69481   1.59248
        0         0         0         1

 0.408893 -0.756858  0.509874  0.970227
-0.846387 -0.105611  0.521991  0.846362
-0.341225  -0.64499 -0.683779   1.58948
        0         0         0         1

 0.408893 -0.756858  0.509874  0.970227
-0.846387 -0.105611  0.521991  0.846362
-0.341225  -0.64499 -0.683779   1.58948
        0         0         0         1

 0.428996 -0.731862  0.529471  0.974159
-0.841152 -0.109991  0.529495  0.845539
 -0.32928 -0.672517 -0.662793   1.58652
        0         0         0         1

 0.428996 -0.731862  0.529471  0.974159
-0.841152 -0.109991  0.529495  0.845539
 -0.32928 -0.672517 -0.662793   1.58652
        0         0         0         1

 0.447554 -0.709582  0.544232  0.974238
-0.835284 -0.114363  0.537794  0.844888
-0.319369  -0.69528 -0.643886   1.58705
        0         0         0         1

 0.447554 -0.709582  0.544232  0.974238
-0.835284 -0.114363  0.537794  0.844888
-0.319369  -0.69528 -0.643886   1.58705
        0         0         0         1

 0.470908 -0.674445  0.568656  0.975396
-0.831629 -0.124311   0.54124  0.844614
-0.294346 -0.727784 -0.619427     1.593
        0         0         0         1

 0.470908 -0.674445  0.568656  0.975396
-0.831629 -0.124311   0.54124  0.844614
-0.294346 -0.727784 -0.619427     1.593
        0         0         0         1

 0.488401 -0.648893  0.583441  0.973633
-0.831249 -0.142536  0.537316  0.844797
-0.265499  -0.74741 -0.609006   1.59923
        0         0         0         1

 0.488401 -0.648893  0.583441  0.973633
-0.831249 -0.142536  0.537316  0.844797
-0.265499  -0.74741 -0.609006   1.59923
        0         0         0         1

 0.502713 -0.627447  0.594634  0.971024
-0.831088 -0.161537  0.532165  0.845876
 -0.23785 -0.761719  -0.60267   1.61247
        0         0         0         1

 0.502713 -0.627447  0.594634  0.971024
-0.831088 -0.161537  0.532165  0.845876
 -0.23785 -0.761719  -0.60267   1.61247
        0         0         0         1

 0.524466 -0.602344  0.601761  0.965693
-0.828931  -0.19982  0.522442  0.849098
-0.194446 -0.772822   -0.6041     1.635
        0         0         0         1

 0.524466 -0.602344  0.601761  0.965693
-0.828931  -0.19982  0.522442  0.849098
-0.194446 -0.772822   -0.6041     1.635
        0         0         0         1

  0.54006 -0.582759  0.607228  0.960925
-0.826057 -0.228896  0.515011  0.853357
-0.161135 -0.779742  -0.60501   1.64878
        0         0         0         1

  0.54006 -0.582759  0.607228  0.960925
-0.826057 -0.228896  0.515011  0.853357
-0.161135 -0.779742  -0.60501   1.64878
        0         0         0         1

 0.572648 -0.541863   0.61519  0.943939
-0.812138 -0.272601  0.515868  0.860246
-0.111828  -0.79503 -0.596172   1.67466
        0         0         0         1

 0.572648 -0.541863   0.61519  0.943939
-0.812138 -0.272601  0.515868  0.860246
-0.111828  -0.79503 -0.596172   1.67466
        0         0         0         1

 0.591377 -0.520655  0.615786  0.933568
-0.802792 -0.308006  0.510547  0.868998
-0.0761531 -0.796273 -0.600125   1.69104
        0         0         0         1

 0.591377 -0.520655  0.615786  0.933568
-0.802792 -0.308006  0.510547  0.868998
-0.0761531 -0.796273 -0.600125   1.69104
        0         0         0         1

 0.603495 -0.499071   0.62187  0.923715
-0.796424 -0.339372  0.500535  0.878565
-0.0387573 -0.797343 -0.602281   1.71082
        0         0         0         1

 0.603495 -0.499071   0.62187  0.923715
-0.796424 -0.339372  0.500535  0.878565
-0.0387573 -0.797343 -0.602281   1.71082
        0         0         0         1

 0.615465 -0.450804  0.646512  0.901098
-0.787726 -0.379179  0.485501  0.895543
0.0262776 -0.808083 -0.588482   1.74439
        0         0         0         1

 0.615465 -0.450804  0.646512  0.901098
-0.787726 -0.379179  0.485501  0.895543
0.0262776 -0.808083 -0.588482   1.74439
        0         0         0         1

 0.615922 -0.428822  0.660872  0.888643
-0.784705 -0.408317  0.466386  0.910746
0.0698487 -0.805847  -0.58799   1.76456
        0         0         0         1

 0.615922 -0.428822  0.660872  0.888643
-0.784705 -0.408317  0.466386  0.910746
0.0698487 -0.805847  -0.58799   1.76456
        0         0         0         1

 0.617843 -0.398566  0.677802   0.86283
-0.775536 -0.451047  0.441702  0.933888
 0.129673 -0.798562 -0.587778   1.79932
        0         0         0         1

 0.617843 -0.398566  0.677802   0.86283
-0.775536 -0.451047  0.441702  0.933888
 0.129673 -0.798562 -0.587778   1.79932
        0         0         0         1

 0.622527 -0.380136  0.684074   0.84029
-0.763678 -0.486115  0.424838  0.951358
 0.171042 -0.786886 -0.592921   1.82131
        0         0         0         1

 0.622527 -0.380136  0.684074   0.84029
-0.763678 -0.486115  0.424838  0.951358
 0.171042 -0.786886 -0.592921   1.82131
        0         0         0         1

 0.622191  -0.37373  0.687899  0.823279
-0.754519 -0.520582  0.399619  0.972807
 0.208758 -0.767672 -0.605888   1.83911
        0         0         0         1

 0.622191  -0.37373  0.687899  0.823279
-0.754519 -0.520582  0.399619  0.972807
 0.208758 -0.767672 -0.605888   1.83911
        0         0         0         1

  0.62016 -0.358785  0.697621  0.792617
-0.741734 -0.557709  0.372547     1.002
 0.255405 -0.748488 -0.611992   1.87296
        0         0         0         1

  0.62016 -0.358785  0.697621  0.792617
-0.741734 -0.557709  0.372547     1.002
 0.255405 -0.748488 -0.611992   1.87296
        0         0         0         1

 0.614063 -0.344904  0.709907  0.770282
-0.731748 -0.585843  0.348328   1.02608
 0.295754 -0.733368 -0.612127   1.88664
        0         0         0         1

 0.614063 -0.344904  0.709907  0.770282
-0.731748 -0.585843  0.348328   1.02608
 0.295754 -0.733368 -0.612127   1.88664
        0         0         0         1

  0.59471 -0.331071  0.732606  0.741713
  -0.7211 -0.622559  0.304031   1.06576
 0.355435 -0.709093 -0.608977   1.90637
        0         0         0         1

  0.59471 -0.331071  0.732606  0.741713
  -0.7211 -0.622559  0.304031   1.06576
 0.355435 -0.709093 -0.608977   1.90637
        0         0         0         1

 0.574757  -0.32807  0.749683  0.727901
-0.721217  -0.63594  0.274638   1.09364
 0.386653 -0.698534 -0.602121   1.92347
        0         0         0         1

 0.574757  -0.32807  0.749683  0.727901
-0.721217  -0.63594  0.274638   1.09364
 0.386653 -0.698534 -0.602121   1.92347
        0         0         0         1

   0.5611 -0.311771  0.766789  0.693654
-0.711657 -0.654801  0.254519   1.11677
 0.422743 -0.688501 -0.589283   1.93274
        0         0         0         1

   0.5611 -0.311771  0.766789  0.693654
-0.711657 -0.654801  0.254519   1.11677
 0.422743 -0.688501 -0.589283   1.93274
        0         0         0         1

  0.53636 -0.315448  0.782822  0.654894
-0.705695 -0.676381  0.210959   1.15755
 0.462939 -0.665584 -0.585394   1.94966
        0         0         0         1

  0.53636 -0.315448  0.782822  0.654894
-0.705695 -0.676381  0.210959   1.15755
 0.462939 -0.665584 -0.585394   1.94966
        0         0         0         1

 0.512762 -0.331027  0.792146  0.638271
-0.707953 -0.684992  0.172014   1.18811
 0.485673 -0.649005  -0.58559   1.95663
        0         0         0         1

 0.512762 -0.331027  0.792146  0.638271
-0.707953 -0.684992  0.172014   1.18811
 0.485673 -0.649005  -0.58559   1.95663
        0         0         0         1

