 -0.628141   0.331879   0.703772   0.927898
  0.673833  -0.220264   0.705289    1.06347
  0.389087   0.917246 -0.0852736     1.8346
         0          0          0          1

 -0.621397   0.339253   0.706239   0.938906
  0.678682  -0.217318   0.701543    1.05631
  0.391478   0.915249 -0.0952041    1.82668
         0          0          0          1

 -0.620379   0.347091   0.703319   0.943838
  0.673918  -0.222815   0.704406    1.04468
  0.401203   0.910978 -0.0956807    1.83076
         0          0          0          1

-0.618814  0.351705  0.702405  0.949753
  0.67136 -0.227469   0.70536   1.03447
 0.407854  0.908054  -0.09536   1.82954
        0         0         0         1

 -0.624478   0.355898   0.695244   0.947118
  0.661447  -0.232386   0.713081    1.02151
  0.415349    0.90517 -0.0902873    1.82969
         0          0          0          1

 -0.624395   0.364117   0.691049   0.961054
  0.652949  -0.242254   0.717614    1.00169
  0.428705   0.899295 -0.0864881    1.82388
         0          0          0          1

 -0.623016   0.371019   0.688619   0.969166
  0.647103  -0.250109    0.72021   0.990138
  0.439442    0.89431 -0.0842655     1.8226
         0          0          0          1

  -0.62335   0.376766   0.685187   0.977032
  0.638472  -0.260638   0.724169   0.979469
  0.451428   0.888884 -0.0780857    1.82238
         0          0          0          1

 -0.620631   0.381213   0.685196   0.986471
  0.636323  -0.265739   0.724208   0.970467
  0.458161   0.885471 -0.0776489    1.81621
         0          0          0          1

 -0.622127   0.385547   0.681405   0.990139
  0.626937   -0.27598    0.72855   0.958702
  0.468944   0.880448 -0.0700191     1.8159
         0          0          0          1

 -0.627013   0.390634   0.673988   0.989743
  0.615369  -0.282152   0.736011   0.947818
  0.477678   0.876239 -0.0634711    1.81498
         0          0          0          1

 -0.624339   0.398614   0.671795    1.00258
  0.606493  -0.294644   0.738479   0.928555
  0.492308     0.8685 -0.0577988    1.80402
         0          0          0          1

 -0.624397   0.401595   0.669962    1.00685
  0.598516  -0.305141   0.740721   0.917405
  0.501903   0.863487 -0.0498319    1.80335
         0          0          0          1

 -0.623384   0.405347   0.668645    1.01092
  0.593967  -0.310658   0.742088   0.907599
  0.508523   0.859759 -0.0471039    1.79761
         0          0          0          1

 -0.621044   0.409008   0.668593    1.01563
  0.589199  -0.318911   0.742388   0.897112
  0.516864    0.85499 -0.0429291    1.79483
         0          0          0          1

 -0.612855   0.419095   0.669902     1.0263
  0.580012  -0.337169   0.741554   0.876317
  0.536652   0.843017 -0.0364444    1.78987
         0          0          0          1

 -0.609599   0.424555   0.669434    1.03105
  0.576611  -0.342023   0.741984   0.866908
  0.543975   0.838315 -0.0363059    1.78512
         0          0          0          1

 -0.604493   0.429208   0.671095    1.03565
  0.574819  -0.348228   0.740487   0.857632
  0.551517   0.833377 -0.0362154    1.78085
         0          0          0          1

 -0.599402   0.436245   0.671124    1.03976
  0.570723  -0.354957    0.74046   0.845838
  0.561242   0.826859 -0.0362136    1.77487
         0          0          0          1

 -0.594779    0.43916   0.673332    1.04446
  0.570869  -0.358981   0.738404   0.839699
  0.565991   0.823572 -0.0371882    1.77073
         0          0          0          1

 -0.593955    0.44565   0.669786    1.04582
  0.560758   -0.36764   0.741884   0.825883
  0.576861   0.816233 -0.0315404    1.76516
         0          0          0          1

   -0.5898   0.454337   0.667618     1.0502
  0.553655  -0.374335   0.743868   0.811016
  0.587879   0.808363 -0.0307631    1.75517
         0          0          0          1

  -0.58372   0.460261   0.668902    1.05815
  0.545007  -0.388556   0.742961   0.792851
  0.601862   0.798238 -0.0240375    1.74605
         0          0          0          1

  -0.58372   0.460261   0.668902    1.05815
  0.545007  -0.388556   0.742961   0.792851
  0.601862   0.798238 -0.0240375    1.74605
         0          0          0          1

 -0.580677   0.464126    0.66888    1.06149
  0.539244  -0.396263   0.743096   0.783073
  0.609943   0.792189 -0.0201766    1.73998
         0          0          0          1

-0.575056  0.467267  0.671545   1.06929
 0.530413 -0.412011  0.740884  0.767084
 0.622874  0.782246 -0.010915   1.73031
        0         0         0         1

  -0.575177    0.467123    0.671541     1.07214
   0.523171   -0.421027    0.740964    0.756049
   0.628859    0.777517 -0.00222019     1.71994
          0           0           0           1

    -0.57614      0.46738     0.670537       1.0726
    0.521241    -0.421815     0.741876     0.751912
     0.62958     0.776936 -0.000593449       1.7145
           0            0            0            1

-0.574638  0.465393  0.673201   1.07727
 0.512219 -0.437029  0.739349  0.738741
 0.638297  0.769685 0.0127504    1.7062
        0         0         0         1

-0.574377   0.46485  0.673799   1.07836
 0.509991 -0.440649   0.73874  0.735475
 0.640313  0.767947 0.0160292   1.70437
        0         0         0         1

-0.572637  0.463394  0.676279    1.0812
  0.50771 -0.447233  0.736351  0.728232
 0.643675  0.765015 0.0208332    1.6971
        0         0         0         1

-0.568805  0.464279    0.6789   1.08449
 0.498569 -0.461855  0.733566  0.712554
 0.654133  0.755734 0.0312307   1.68669
        0         0         0         1

-0.565706   0.46629   0.68011    1.0874
 0.495521 -0.467019  0.732361  0.704501
 0.659117   0.75131 0.0331388   1.67802
        0         0         0         1

-0.563121 0.466749 0.681939   1.0898
 0.49395 -0.47146 0.730574 0.699147
0.662502 0.748245 0.034938  1.67248
       0        0        0        1

  -0.5608  0.466736  0.683857   1.09229
 0.493739 -0.474503  0.728744  0.693216
 0.664624  0.746327 0.0356556    1.6651
        0         0         0         1

-0.550692  0.469361  0.690245   1.09894
 0.491447 -0.486096  0.722628  0.680287
 0.674699  0.737164 0.0370231   1.65351
        0         0         0         1

-0.549078  0.471224  0.690262   1.09957
 0.488122 -0.489596  0.722518  0.670972
 0.678418   0.73365 0.0388114   1.64417
        0         0         0         1

-0.547602  0.472483  0.690574   1.10018
 0.487192 -0.490948  0.722228  0.667784
 0.680276  0.731936 0.0386539   1.64083
        0         0         0         1

-0.543896  0.473251  0.692972   1.10286
 0.485821 -0.495748  0.719869  0.661631
 0.684219  0.728194   0.03972   1.63454
        0         0         0         1

-0.541629  0.475183  0.693426   1.10455
 0.482145  -0.50012  0.719316  0.656064
 0.688603  0.723934 0.0417726   1.62904
        0         0         0         1

-0.539089  0.475595   0.69512   1.10677
  0.48177 -0.502841  0.717669   0.64918
 0.690855  0.721775 0.0419489   1.61998
        0         0         0         1

 -0.53415  0.476441  0.698347   1.11164
 0.478706 -0.510406  0.714371   0.64056
 0.696796  0.715884 0.0445577   1.60862
        0         0         0         1

-0.536873  0.477096  0.695807   1.11035
 0.474323 -0.511362  0.716607  0.635788
   0.6977  0.714765 0.0482388   1.60157
        0         0         0         1

-0.535271  0.476569  0.697401   1.11258
  0.47188 -0.516076  0.714839  0.630985
 0.700582  0.711722 0.0513573   1.59543
        0         0         0         1

-0.535266  0.475156  0.698367   1.11338
 0.469541 -0.519896   0.71361  0.625788
 0.702155  0.709883 0.0551777   1.58793
        0         0         0         1

-0.534335  0.472932  0.700587   1.11649
 0.463845 -0.528834  0.710762  0.617511
 0.706636  0.704749 0.0632073   1.57544
        0         0         0         1

-0.534524  0.471815  0.701196   1.11771
 0.457889 -0.535681  0.709495  0.611968
 0.710367  0.700312 0.0702956    1.5679
        0         0         0         1

-0.534156  0.471457  0.701716   1.11854
 0.456389 -0.537883  0.708795  0.609416
 0.711608  0.698863 0.0721456   1.56333
        0         0         0         1

-0.533994  0.469185  0.703361   1.12093
 0.450657 -0.545928  0.706308  0.601961
 0.715373  0.694138  0.080081   1.55064
        0         0         0         1

-0.533994  0.469185  0.703361   1.12093
 0.450657 -0.545928  0.706308  0.601961
 0.715373  0.694138  0.080081   1.55064
        0         0         0         1

-0.534995  0.468619  0.702977   1.12096
  0.44799 -0.548106  0.706318  0.598487
   0.7163  0.692803 0.0832977     1.544
        0         0         0         1

-0.533433  0.467283   0.70505    1.1234
 0.445824 -0.553037   0.70384  0.592165
 0.718811   0.68978  0.086682   1.53033
        0         0         0         1

-0.534968  0.467585  0.703686   1.12279
 0.436017 -0.560611  0.703992  0.585267
  0.72367  0.683432 0.0960345   1.51927
        0         0         0         1

-0.534968  0.467585  0.703686   1.12279
 0.436017 -0.560611  0.703992  0.585267
  0.72367  0.683432 0.0960345   1.51927
        0         0         0         1

-0.535473  0.466342  0.704127   1.12301
 0.431587 -0.565546  0.702773  0.582118
 0.725949  0.680208  0.101568   1.51385
        0         0         0         1

-0.535362  0.466529  0.704087    1.1229
 0.422707 -0.573711  0.701552  0.575812
 0.731237  0.673206  0.109938   1.50355
        0         0         0         1

-0.530919   0.47099  0.704481    1.1245
 0.418079 -0.577529  0.701192  0.570428
 0.737112  0.666805  0.109711   1.49253
        0         0         0         1

-0.530919   0.47099  0.704481    1.1245
 0.418079 -0.577529  0.701192  0.570428
 0.737112  0.666805  0.109711   1.49253
        0         0         0         1

-0.530728  0.473872   0.70269   1.12362
 0.415194 -0.577429  0.702987   0.56785
 0.738879  0.664847  0.109709   1.48716
        0         0         0         1

-0.529675  0.476827  0.701485   1.12344
 0.412907 -0.577465  0.704303  0.565394
 0.740913  0.662699  0.108983   1.48151
        0         0         0         1

-0.528106  0.479562  0.700802   1.12366
 0.410992 -0.577829  0.705124  0.562896
 0.743095  0.660404  0.108059   1.47633
        0         0         0         1

-0.522647  0.485462  0.700833   1.12422
 0.408969 -0.578524  0.705729  0.558072
 0.748054  0.655466  0.103824   1.46677
        0         0         0         1

-0.520542  0.488027  0.700618    1.1236
 0.407928 -0.578703  0.706185  0.555415
 0.750087  0.653401   0.10216   1.46272
        0         0         0         1

 -0.51657   0.49006  0.702138   1.12411
 0.408069 -0.580004  0.705036   0.55301
 0.752752  0.650721 0.0996341   1.45951
        0         0         0         1

-0.513125  0.491799  0.703446   1.12383
 0.408821 -0.580588  0.704119  0.550631
 0.754697  0.648885 0.0968565    1.4555
        0         0         0         1

-0.505729  0.495924  0.705901   1.12377
 0.413037 -0.579185  0.702813  0.546189
 0.757389  0.646996 0.0880759   1.44632
        0         0         0         1

-0.503242  0.499073   0.70546   1.12317
 0.412833 -0.578333  0.703634  0.543928
 0.759155  0.645335 0.0850081   1.44263
        0         0         0         1

-0.501459  0.501578  0.704953   1.12276
 0.413183 -0.577046  0.704484  0.542149
 0.760144  0.644545 0.0821216   1.43872
        0         0         0         1

-0.499698  0.504009   0.70447   1.12214
 0.414358 -0.575112  0.705375  0.539879
 0.760664  0.644377 0.0785417   1.43302
        0         0         0         1

-0.499235  0.505047  0.704054   1.12167
  0.41432 -0.574497  0.705898  0.538568
 0.760989  0.644113 0.0775577   1.43041
        0         0         0         1

-0.498419  0.506371  0.703681   1.12111
 0.413257 -0.574759  0.706308  0.536813
 0.762101  0.642838 0.0772096    1.4275
        0         0         0         1

-0.497617  0.506151  0.704407   1.12011
 0.415882  -0.57344  0.705839  0.533856
 0.761196  0.644188 0.0748547   1.42001
        0         0         0         1

-0.497009  0.504615  0.705937   1.12036
 0.417973  -0.57372  0.704375  0.532053
 0.760448  0.645143 0.0742283   1.41555
        0         0         0         1

-0.496883  0.503939  0.706507   1.12033
 0.419078 -0.573562  0.703847  0.531371
 0.759921  0.645812 0.0738032   1.41323
        0         0         0         1

-0.496927  0.502399  0.707572   1.12015
  0.42036 -0.573965  0.702752  0.530247
 0.759184  0.646652 0.0740305   1.40982
        0         0         0         1

-0.499137   0.49999  0.707723    1.1191
 0.421814 -0.573239  0.702474  0.528554
 0.756925  0.649158 0.0752218   1.40271
        0         0         0         1

 -0.49937  0.498038  0.708934   1.11979
 0.422385 -0.574486  0.701112   0.52776
 0.756453  0.649557 0.0765171   1.39966
        0         0         0         1

-0.500925  0.496069  0.709218   1.11898
 0.422901 -0.574665  0.700653  0.527193
 0.755135  0.650904 0.0780759   1.39592
        0         0         0         1

-0.502109  0.494258  0.709645   1.11847
 0.422667 -0.575647  0.699988   0.52648
  0.75448  0.651414 0.0801302   1.39344
        0         0         0         1

 -0.50308  0.491319  0.710996   1.11857
 0.424562 -0.576072   0.69849  0.525887
 0.752766  0.653259 0.0812146   1.38964
        0         0         0         1

-0.504008  0.487677  0.712845   1.11862
 0.425916 -0.577673   0.69634  0.525367
  0.75138  0.654573 0.0834423   1.38718
        0         0         0         1

-0.505581  0.481312   0.71605    1.1186
 0.428415 -0.580338  0.692581  0.524497
 0.748898  0.656922 0.0872068   1.38199
        0         0         0         1

-0.506429  0.478326  0.717449   1.11837
 0.429203 -0.581809  0.690857   0.52402
 0.747873  0.657801 0.0893457   1.37957
        0         0         0         1

 -0.50767   0.47591  0.718179   1.11805
 0.429882 -0.582483  0.689867  0.523736
 0.746641  0.658956 0.0911238   1.37687
        0         0         0         1

-0.507451  0.473841  0.719701   1.11828
 0.431655 -0.583084  0.688249  0.523391
 0.745766  0.659915 0.0913507   1.37386
        0         0         0         1

-0.508043  0.470959  0.721172   1.11739
  0.43296 -0.584176  0.686501  0.522604
 0.744606  0.661011 0.0928799   1.36915
        0         0         0         1

-0.506615  0.470022  0.722787   1.11748
 0.433426 -0.585856  0.684773  0.522102
 0.745308  0.660191  0.093084   1.36689
        0         0         0         1

-0.504831   0.46939  0.724443   1.11763
 0.433757 -0.587651  0.683023  0.521698
 0.746325  0.659044 0.0930633   1.36575
        0         0         0         1

-0.502147  0.470566  0.725546   1.11714
  0.43431 -0.588284  0.682126  0.521271
 0.747812  0.657639 0.0910333    1.3629
        0         0         0         1

-0.500402  0.471487  0.726153   1.11716
 0.435167 -0.588106  0.681734  0.521241
 0.748484  0.657139 0.0891137   1.36128
        0         0         0         1

-0.496004  0.473536  0.727835   1.11799
  0.43685 -0.588321  0.680471  0.521009
 0.750428  0.655471 0.0849452    1.3591
        0         0         0         1

-0.494423  0.475102   0.72789   1.11645
 0.437641 -0.587456   0.68071  0.521227
  0.75101  0.655113 0.0825276   1.35435
        0         0         0         1

 -0.49484  0.473831  0.728435   1.11589
 0.437732 -0.588225  0.679987  0.521293
 0.750682  0.655344 0.0836666   1.35252
        0         0         0         1

-0.496519  0.471629  0.728721   1.11518
 0.437236 -0.589343  0.679338  0.521425
 0.749862  0.655927 0.0864068   1.35098
        0         0         0         1

-0.498964  0.468424  0.729118   1.11441
 0.437046 -0.590499  0.678456  0.521784
 0.748348  0.657183 0.0899147   1.34944
        0         0         0         1

-0.501854  0.461067   0.73182   1.11531
 0.437363 -0.594677  0.674591  0.522016
 0.746228  0.658617 0.0967876   1.34845
        0         0         0         1

-0.503067  0.458846  0.732383   1.11442
 0.438585 -0.594654  0.673817  0.522167
 0.744693  0.660187 0.0979081   1.34781
        0         0         0         1

-0.503111  0.458033  0.732861   1.11464
  0.44024 -0.593896  0.673407  0.522198
 0.743686  0.661433  0.097151   1.34694
        0         0         0         1

-0.502294  0.458933  0.732858    1.1148
 0.441453 -0.592657  0.673704  0.522179
 0.743519   0.66192 0.0950911   1.34673
        0         0         0         1

-0.502233  0.460174  0.732122   1.11413
 0.441829 -0.591231   0.67471  0.522244
 0.743337  0.662334 0.0936172   1.34644
        0         0         0         1

-0.501136  0.462532  0.731387   1.11388
 0.443004 -0.588908  0.675969  0.522199
 0.743377   0.66276 0.0902195   1.34599
        0         0         0         1

-0.497975  0.468997  0.729426   1.11334
 0.445164   -0.5836  0.679146  0.522309
 0.744211  0.662912 0.0818376   1.34565
        0         0         0         1

-0.495878  0.474661  0.727188    1.1131
 0.445915 -0.579382  0.682258  0.522364
 0.745161   0.66258 0.0756443   1.34587
        0         0         0         1

-0.492702  0.481547  0.724815   1.11323
  0.44684  -0.57473   0.68558  0.522273
 0.746712  0.661663 0.0679956   1.34624
        0         0         0         1

-0.489741  0.489936  0.721191   1.11299
 0.446827  -0.56925  0.690145  0.522045
 0.748665   0.66024 0.0598686   1.34684
        0         0         0         1

-0.485379  0.501172  0.716403   1.11274
 0.448557 -0.560595  0.696081  0.521845
 0.750469  0.659211 0.0472965   1.34729
        0         0         0         1

-0.482501  0.503468  0.716737     1.113
  0.44818 -0.561143  0.695883  0.521744
 0.752547  0.656991  0.045108   1.34773
        0         0         0         1

-0.482442  0.503522  0.716739   1.11299
 0.448172 -0.561148  0.695884  0.521742
  0.75259  0.656946  0.045057   1.34773
        0         0         0         1

-0.480939   0.50451  0.717055   1.11282
 0.448277  -0.56137  0.695638  0.521688
 0.753489  0.655998 0.0438243   1.34773
        0         0         0         1

-0.479056  0.506073  0.717214   1.11271
 0.448765 -0.561017  0.695607  0.521605
 0.754397  0.655095 0.0416509   1.34767
        0         0         0         1

-0.477045  0.508955  0.716514   1.11237
 0.447121 -0.561331  0.696412  0.521509
 0.756644  0.652589 0.0402156   1.34804
        0         0         0         1

-0.472405   0.51537  0.715002    1.1117
 0.447916 -0.558283  0.698349   0.52136
 0.759081  0.650165 0.0328934   1.34854
        0         0         0         1

-0.469044  0.518676  0.714824   1.11174
 0.447836 -0.557925  0.698686  0.521285
  0.76121  0.647838 0.0294093   1.34917
        0         0         0         1

-0.466282  0.521145  0.714835   1.11186
 0.449921 -0.556035  0.698853  0.521229
 0.761677  0.647482 0.0247956   1.34912
        0         0         0         1

-0.464318    0.5241  0.713952   1.11182
 0.450262 -0.554484  0.699865  0.521201
 0.762674  0.646426 0.0214746   1.34921
        0         0         0         1

-0.461141  0.530712  0.711121   1.11105
  0.44964 -0.551143  0.702898  0.521136
 0.764966  0.643884 0.0155253   1.34969
        0         0         0         1

-0.456756  0.536399  0.709683   1.11094
 0.447287 -0.551111  0.704422  0.521097
 0.768965  0.639181 0.0117991   1.35079
        0         0         0         1

-0.456281   0.53701  0.709526   1.11092
 0.447198  -0.55097  0.704589  0.521098
 0.769299   0.63879 0.0112473   1.35084
        0         0         0         1

 -0.453154   0.539767   0.709438    1.11092
  0.445372  -0.552308   0.704699   0.521052
  0.772201   0.635301 0.00988362    1.35191
         0          0          0          1

-0.450073  0.541728  0.709905   1.11097
 0.444814 -0.553327  0.704252  0.521147
 0.774322   0.63274 0.0080693   1.35249
        0         0         0         1

 -0.448428   0.544493   0.708829    1.11028
  0.442946  -0.553432   0.705345   0.521282
  0.776345    0.63027 0.00699399    1.35304
         0          0          0          1

 -0.443996   0.549368   0.707857    1.10893
  0.439288   -0.55508   0.706337   0.521595
  0.780956   0.624564 0.00512227    1.35409
         0          0          0          1

  -0.44161   0.550382   0.708562    1.10874
   0.43759  -0.557318   0.705629   0.522011
   0.78326   0.621672 0.00527544    1.35482
         0          0          0          1

 -0.440051   0.553201   0.707336    1.10752
  0.434959  -0.557816   0.706861   0.522237
  0.785599   0.618717 0.00484761     1.3558
         0          0          0          1

 -0.436003   0.554809   0.708582     1.1075
  0.435297  -0.559116   0.705625   0.522694
  0.787666   0.616098 0.00226966    1.35614
         0          0          0          1

  -0.431165    0.556713    0.710048     1.10742
   0.436429   -0.560089    0.704152    0.523168
     0.7897    0.613491 -0.00147472     1.35653
          0           0           0           1

  -0.426886    0.561177    0.709118     1.10538
   0.435367   -0.559761    0.705069    0.523458
   0.792606    0.609711 -0.00536341     1.35762
          0           0           0           1

-0.413549   0.56613  0.713073   1.10486
 0.439527 -0.561749  0.700895  0.524307
 0.797366   0.60327 -0.016519   1.35911
        0         0         0         1

 -0.407757    0.56732   0.715459    1.10461
  0.442095  -0.562927    0.69833   0.524774
  0.798928    0.60105 -0.0212721    1.35972
         0          0          0          1

 -0.402837   0.570297   0.715879    1.10299
  0.441178    -0.5643   0.697802   0.525116
  0.801925   0.596931 -0.0242817    1.36145
         0          0          0          1

 -0.397026   0.571087   0.718491    1.10294
  0.442741  -0.566559   0.694976   0.525772
   0.80396   0.594029 -0.0279044    1.36238
         0          0          0          1

 -0.387271   0.572551   0.722639    1.10175
  0.443708  -0.571319   0.690448    0.52702
  0.808174   0.588031 -0.0327901    1.36407
         0          0          0          1

 -0.383341   0.574183   0.723439    1.10037
  0.443441  -0.572673   0.689497   0.527675
  0.810191   0.585115 -0.0350875    1.36506
         0          0          0          1

 -0.378061   0.574155   0.726234    1.10032
  0.444189  -0.575767   0.686432   0.528396
   0.81226   0.582098 -0.0373576    1.36622
         0          0          0          1

 -0.374124   0.574392   0.728084    1.09963
  0.444647  -0.577869   0.684366   0.529142
  0.813831   0.579778 -0.0392068    1.36736
         0          0          0          1

 -0.369912   0.575595   0.729284    1.09888
  0.445339  -0.579054   0.682912   0.529951
  0.815376   0.577396 -0.0421364    1.36843
         0          0          0          1

 -0.363977   0.577056   0.731114    1.09871
  0.446339  -0.580894   0.680694    0.53058
  0.817498   0.574081 -0.0461303    1.36953
         0          0          0          1

 -0.354138   0.580142   0.733499    1.09679
  0.446614  -0.584194   0.677682    0.53161
  0.821658   0.567584 -0.0522143    1.37326
         0          0          0          1

-0.347518  0.581708  0.735423   1.09694
 0.448335 -0.585763  0.675186  0.532306
 0.823545  0.564356 -0.057237   1.37468
        0         0         0         1

 -0.341131   0.583526   0.736972    1.09722
  0.449971  -0.586974   0.673043   0.532829
  0.825321   0.561212 -0.0623344    1.37606
         0          0          0          1

-0.332957  0.588411  0.736825   1.09688
 0.451591 -0.586465  0.672402  0.533606
 0.827771  0.556625 -0.070454   1.37798
        0         0         0         1

 -0.317832   0.597967   0.735811    1.09783
  0.455059  -0.584625   0.671665   0.534278
  0.831808   0.548315 -0.0862979    1.38086
         0          0          0          1

 -0.312761   0.603714   0.733287    1.09708
  0.456139  -0.581704   0.673467   0.534924
  0.833138   0.545115 -0.0934429    1.38274
         0          0          0          1

-0.304873   0.60935  0.731946   1.09765
 0.457028 -0.580659  0.673766  0.535244
 0.835571  0.539932 -0.101463   1.38541
        0         0         0         1

-0.295602  0.614875  0.731128   1.09906
 0.459115 -0.579714  0.673161  0.535652
 0.837755   0.53466 -0.110934   1.38784
        0         0         0         1

-0.287663 0.622977 0.727426  1.09886
0.460578 -0.57595 0.675388 0.535869
0.839713 0.529321 -0.12125  1.39057
       0        0        0        1

-0.278721  0.630104  0.724765   1.09977
  0.46346 -0.572729  0.676156  0.536429
 0.841142  0.524358 -0.132396   1.39321
        0         0         0         1

-0.260435  0.645564  0.717928   1.10203
 0.467277 -0.566421  0.678837  0.537385
 0.844882  0.512264 -0.154142   1.39944
        0         0         0         1

-0.251053  0.651776  0.715653   1.10391
  0.47233 -0.562852  0.678308  0.538304
 0.844912  0.508316 -0.166548   1.40159
        0         0         0         1

-0.242757  0.658765  0.712108   1.10493
 0.475626 -0.558956  0.679226  0.539135
 0.845487  0.503584 -0.177636   1.40437
        0         0         0         1

 -0.23278  0.664789  0.709838   1.10702
 0.481606  -0.55531  0.678002  0.540165
 0.844908  0.499687 -0.190901   1.40687
        0         0         0         1

-0.220423  0.672679   0.70634   1.10858
 0.492041  -0.54858  0.675985  0.542634
 0.842205  0.496551 -0.210066   1.41209
        0         0         0         1

-0.216329  0.673014  0.707286   1.10969
 0.494863   -0.5489  0.673661  0.544125
 0.841613  0.495742 -0.214307   1.41658
        0         0         0         1

-0.214165  0.672841  0.708109   1.11009
 0.496628 -0.549237  0.672086  0.545026
 0.841127  0.495604 -0.216524   1.41908
        0         0         0         1

-0.211322  0.673598  0.708243   1.11007
 0.500453 -0.547852  0.670376   0.54659
 0.839577  0.496108 -0.221331   1.42181
        0         0         0         1

-0.205455   0.67502  0.708616   1.11059
 0.503379 -0.548053  0.668018   0.54797
 0.839284   0.49395  -0.22719   1.42533
        0         0         0         1

-0.199261  0.676008  0.709442   1.11112
 0.506777 -0.548549  0.665035  0.549584
 0.838733  0.492044 -0.233281   1.42887
        0         0         0         1

 -0.18722  0.682355   0.70664   1.11095
 0.512917 -0.545603  0.662747  0.552936
 0.837774  0.486527 -0.247844   1.43567
        0         0         0         1

-0.178907  0.685855  0.705405   1.11153
 0.516855 -0.544553  0.660547   0.55491
  0.83717  0.482769 -0.257063   1.43941
        0         0         0         1

-0.168241  0.690629  0.703368   1.11217
 0.519626 -0.544215  0.658649  0.556727
 0.837666    0.4763 -0.267309     1.444
        0         0         0         1

-0.158207  0.696283  0.700115   1.11211
 0.526681 -0.540248  0.656307  0.559181
 0.835211  0.472569 -0.281248   1.44768
        0         0         0         1

-0.143366  0.703718  0.695864   1.11126
 0.539038 -0.534156  0.651241  0.564206
  0.82999  0.468463 -0.302751   1.45552
        0         0         0         1

-0.138127  0.706363  0.694242   1.11063
 0.546976 -0.529962  0.648041  0.567343
 0.825674  0.469246 -0.313162    1.4592
        0         0         0         1

-0.133568   0.70794  0.693527   1.11001
 0.555144 -0.526253  0.644106   0.57045
  0.82096  0.471039 -0.322718   1.46266
        0         0         0         1

-0.129534  0.708136  0.694092   1.10977
 0.563322 -0.523505  0.639227  0.574203
 0.816021  0.473799 -0.331097   1.46676
        0         0         0         1

-0.127382  0.707575  0.695063     1.109
 0.572479 -0.519811  0.634085  0.577966
 0.809964   0.47868 -0.338858   1.47028
        0         0         0         1

-0.125846  0.705807  0.697137   1.10813
 0.579036 -0.518343  0.629316  0.581664
 0.805531  0.482864 -0.343456   1.47509
        0         0         0         1

-0.126506  0.700635  0.702216   1.10498
 0.592324 -0.514491  0.620042  0.589763
 0.795707  0.494378 -0.349917   1.48325
        0         0         0         1

 -0.12641   0.69622   0.70661   1.10338
 0.600628 -0.513189  0.613093  0.594768
 0.789473  0.501911 -0.353297   1.48745
        0         0         0         1

-0.124877   0.69293  0.710108   1.10244
 0.605412  -0.51381  0.607846  0.598658
 0.786055  0.505814 -0.355345   1.49197
        0         0         0         1

-0.125679  0.688908   0.71387   1.10032
 0.610254 -0.513647  0.603122  0.603027
 0.782173  0.511442 -0.355854    1.4975
        0         0         0         1

-0.123634  0.680004   0.72271   1.09797
 0.625871 -0.511738  0.588566  0.613238
 0.770065   0.52509 -0.362326   1.50574
        0         0         0         1

-0.125847   0.67534   0.72669   1.09543
 0.632937 -0.509398  0.583013  0.618614
 0.763907  0.533319 -0.363341   1.51073
        0         0         0         1

-0.128249  0.670484  0.730756     1.093
 0.640095 -0.506855  0.577388  0.624202
 0.757516  0.541802 -0.364169   1.51514
        0         0         0         1

-0.132474  0.666719  0.733441   1.09014
 0.644786 -0.504028  0.574637  0.629972
 0.752796  0.549037  -0.36312   1.52001
        0         0         0         1

-0.135871  0.663766  0.735496   1.08747
 0.649057 -0.501242   0.57226  0.635628
 0.748508  0.555132 -0.362718   1.52544
        0         0         0         1

-0.139086 0.660406 0.737915  1.08607
0.653814 -0.49842 0.569301 0.641548
0.743762 0.561641 -0.36246  1.53094
       0        0        0        1

-0.147061   0.65625  0.740074   1.08196
 0.661558 -0.490973  0.566821  0.653408
 0.735332  0.572959 -0.361945   1.54302
        0         0         0         1

-0.152707   0.65506  0.739984   1.07831
 0.667696 -0.483642  0.565926  0.660376
 0.728603  0.580506 -0.363526   1.54938
        0         0         0         1

 -0.15553  0.655477  0.739027   1.07601
 0.674229 -0.476334  0.564376  0.666422
 0.721959  0.586051 -0.367858   1.55392
        0         0         0         1

-0.157651  0.655565  0.738499   1.07415
 0.680986 -0.469405  0.562065  0.673218
 0.715125  0.591517 -0.372429   1.56055
        0         0         0         1

-0.159714  0.654805   0.73873   1.07019
 0.700233  -0.45233  0.552333    0.6888
  0.69582  0.605498 -0.386273   1.57177
        0         0         0         1

-0.160073  0.655514  0.738023   1.06806
 0.710748 -0.442294  0.547004  0.697015
 0.684992  0.612109 -0.395106   1.57687
        0         0         0         1

 -0.16298  0.655802   0.73713   1.06529
 0.717759 -0.433806  0.544641   0.70446
 0.676948  0.617848 -0.400007   1.58402
        0         0         0         1

-0.167838  0.653613  0.737984   1.06242
 0.736197 -0.414763  0.534776  0.720753
 0.655625  0.633057 -0.411575   1.59386
        0         0         0         1

-0.168225  0.653427   0.73806   1.06228
 0.737072  -0.41378  0.534332  0.721719
 0.654542  0.633892 -0.412015   1.59463
        0         0         0         1

-0.17526 0.651742 0.737913  1.05855
0.743405 -0.40379 0.533201 0.730125
0.645471 0.642017 -0.41374  1.60159
       0        0        0        1

-0.188337  0.645419  0.740246   1.05389
 0.757528 -0.384234  0.527746  0.747496
 0.625045  0.660151 -0.416557   1.61409
        0         0         0         1

-0.193155    0.6418  0.742148   1.05186
 0.766642 -0.373331  0.522383  0.756637
 0.612332  0.669863  -0.41992    1.6196
        0         0         0         1

-0.199858  0.635928  0.745421   1.04962
 0.775593 -0.362221  0.516964  0.766545
 0.598759  0.681462 -0.420829   1.62558
        0         0         0         1

-0.215868  0.610535  0.762002   1.04383
 0.805601 -0.329606  0.492308  0.798721
 0.551732  0.720144 -0.420696   1.64066
        0         0         0         1

-0.215868  0.610535  0.762002   1.04383
 0.805601 -0.329606  0.492308  0.798721
 0.551732  0.720144 -0.420696   1.64066
        0         0         0         1

-0.218288  0.603877  0.766605   1.04319
 0.812596 -0.322531   0.48545  0.808753
 0.540406  0.728908 -0.420303   1.64735
        0         0         0         1

 -0.22798  0.595555  0.770285   1.03925
 0.819035 -0.310492  0.482469  0.819028
 0.526504  0.740884 -0.416995   1.65264
        0         0         0         1

-0.237924  0.587878   0.77317    1.0352
 0.824675 -0.298274  0.480566  0.829681
 0.513131  0.751952 -0.413841   1.65726
        0         0         0         1

-0.247392  0.579754  0.776327   1.03237
 0.829838 -0.286827  0.478644  0.840202
 0.500167  0.762638 -0.410143   1.66197
        0         0         0         1

-0.254183  0.572041  0.779847   1.03332
 0.833351 -0.279672   0.47677  0.850907
 0.490833  0.771073 -0.405623   1.66833
        0         0         0         1

-0.275808  0.560168  0.781116   1.02653
 0.837541 -0.258694  0.481251  0.871954
 0.471652  0.786949 -0.397814   1.68137
        0         0         0         1

-0.285906  0.552568  0.782896   1.02436
 0.841407 -0.246216  0.481053  0.883887
 0.458576   0.79627  -0.39454   1.68635
        0         0         0         1

-0.289561  0.548121  0.784677   1.02452
 0.846688 -0.235657  0.477058  0.895167
   0.4464  0.802514 -0.395851    1.6891
        0         0         0         1

-0.295161  0.538847  0.789002   1.02214
 0.853484 -0.222493  0.471235  0.907723
 0.429471   0.81249 -0.394227   1.69241
        0         0         0         1

-0.298452  0.529364  0.794166   1.01977
 0.860978 -0.209758  0.463377  0.929646
 0.411878  0.822056 -0.393169   1.70533
        0         0         0         1

-0.307857  0.521293  0.795913   1.01173
  0.86568 -0.193604  0.461645  0.942659
 0.394744  0.831126 -0.391671   1.70914
        0         0         0         1

-0.309847  0.516508  0.798257   1.01008
 0.869353 -0.186055   0.45783  0.952106
 0.384993  0.835825 -0.391379   1.71288
        0         0         0         1

-0.312727   0.50995  0.801344   1.00859
 0.874029 -0.175787  0.452958  0.967762
 0.371852  0.842051 -0.390738   1.72082
        0         0         0         1

-0.316062  0.505777  0.802679   1.00609
 0.874917 -0.171815  0.452769  0.973839
 0.366913  0.845381 -0.388208   1.72486
        0         0         0         1

-0.319769  0.495921  0.807348   1.00225
   0.8815 -0.156731  0.445412  0.989222
 0.347426  0.854107 -0.387037   1.72634
        0         0         0         1

-0.324423  0.480345  0.814874  0.999551
 0.888045 -0.142021  0.437272   1.01023
  0.32577  0.865505 -0.380493   1.73211
        0         0         0         1

-0.329719  0.469733  0.818924  0.996283
 0.890368 -0.133689  0.435168   1.02371
 0.313894  0.872627 -0.374155   1.73802
        0         0         0         1

-0.332601  0.460441  0.823025  0.993948
 0.893169 -0.126318  0.431617   1.03438
 0.302697  0.878657 -0.369238   1.73945
        0         0         0         1

-0.338883  0.448659   0.82696  0.992189
 0.895604 -0.115402  0.429623   1.04906
 0.288187  0.886221 -0.362713   1.74184
        0         0         0         1

-0.342845  0.432142  0.834093  0.989563
 0.900347 -0.102164   0.42301    1.0703
 0.268014     0.896 -0.354051   1.74629
        0         0         0         1

 -0.349798   0.422077   0.836357   0.984983
  0.901428 -0.0914416   0.423161    1.08297
  0.255084   0.901937  -0.348486    1.74962
         0          0          0          1

 -0.356657   0.413916   0.837537    0.98166
  0.901241 -0.0837099   0.425155    1.09311
  0.246089   0.906458  -0.343183    1.75311
         0          0          0          1

 -0.363787   0.407079   0.837822   0.977683
  0.901892 -0.0709753   0.426091     1.1055
  0.232918   0.910631  -0.341321    1.75465
         0          0          0          1

 -0.365002   0.400179   0.840613   0.978501
  0.904825 -0.0601406   0.421514    1.11811
  0.219236   0.914462   -0.34014     1.7541
         0          0          0          1

  -0.36928   0.394089   0.841621   0.973914
  0.905839 -0.0496452   0.420703    1.13111
  0.207577    0.91773  -0.338648    1.75541
         0          0          0          1

 -0.373008   0.382424    0.84535   0.966096
  0.909665 -0.0286602   0.414352    1.15457
  0.182686   0.923542  -0.337187    1.76096
         0          0          0          1

 -0.369575    0.37702   0.849276   0.965619
  0.912765 -0.0238427   0.407788    1.16566
  0.173993   0.925898  -0.335319    1.76525
         0          0          0          1

 -0.367833   0.369923   0.853145    0.96197
   0.91523 -0.0182572   0.402517    1.17844
  0.164476   0.928883  -0.331849    1.76885
         0          0          0          1

  -0.364564    0.368514    0.855155    0.959576
   0.918806 -0.00684771     0.39465     1.19207
    0.15129    0.929597   -0.336097     1.76787
          0           0           0           1

