 -0.15463 -0.661666  0.733681  0.299352
-0.966178  0.256396 0.0275981   1.04783
-0.206374 -0.704598 -0.678934   2.06448
        0         0         0         1

-0.153166 -0.633103  0.758763  0.286797
-0.959272  0.279679 0.0397194   0.99966
-0.237357 -0.721776 -0.650155   2.02347
        0         0         0         1

-0.153166 -0.633103  0.758763  0.286797
-0.959272  0.279679 0.0397194   0.99966
-0.237357 -0.721776 -0.650155   2.02347
        0         0         0         1

-0.152865 -0.616642   0.77226  0.279627
-0.953188  0.298299 0.0495098  0.965391
-0.260894  -0.72854 -0.633375   1.99783
        0         0         0         1

-0.152865 -0.616642   0.77226  0.279627
-0.953188  0.298299 0.0495098  0.965391
-0.260894  -0.72854 -0.633375   1.99783
        0         0         0         1

-0.152106 -0.602665  0.783364  0.275199
-0.940181  0.332679 0.0733845   0.91533
-0.304835 -0.725341 -0.617216   1.96113
        0         0         0         1

-0.152106 -0.602665  0.783364  0.275199
-0.940181  0.332679 0.0733845   0.91533
-0.304835 -0.725341 -0.617216   1.96113
        0         0         0         1

-0.151846 -0.599052  0.786181  0.271772
-0.928588  0.358964 0.0941718  0.883687
-0.338624 -0.715739  -0.61078   1.94045
        0         0         0         1

-0.151846 -0.599052  0.786181  0.271772
-0.928588  0.358964 0.0941718  0.883687
-0.338624 -0.715739  -0.61078   1.94045
        0         0         0         1

 -0.15163 -0.591407  0.791988  0.267737
-0.918055  0.381204  0.108893  0.855526
 -0.36631 -0.710578 -0.600747   1.91181
        0         0         0         1

 -0.15163 -0.591407  0.791988  0.267737
-0.918055  0.381204  0.108893  0.855526
 -0.36631 -0.710578 -0.600747   1.91181
        0         0         0         1

-0.145777 -0.587137  0.796253  0.263601
-0.902154  0.409222  0.136585  0.817479
-0.406038 -0.698432 -0.589344   1.86593
        0         0         0         1

-0.145777 -0.587137  0.796253  0.263601
-0.902154  0.409222  0.136585  0.817479
-0.406038 -0.698432 -0.589344   1.86593
        0         0         0         1

-0.146298 -0.583587  0.798764  0.268229
-0.886981  0.434911  0.155296  0.794541
 -0.43802 -0.685769 -0.581257   1.84208
        0         0         0         1

-0.146298 -0.583587  0.798764  0.268229
-0.886981  0.434911  0.155296  0.794541
 -0.43802 -0.685769 -0.581257   1.84208
        0         0         0         1

-0.136594 -0.580703  0.802574  0.267341
-0.865836  0.463624  0.188095  0.760959
 -0.48132 -0.669205 -0.566123   1.80273
        0         0         0         1

-0.136594 -0.580703  0.802574  0.267341
-0.865836  0.463624  0.188095  0.760959
 -0.48132 -0.669205 -0.566123   1.80273
        0         0         0         1

-0.131328 -0.577438  0.805803  0.270103
  -0.8545  0.478022  0.203285   0.74486
-0.502576 -0.661862 -0.556198   1.77229
        0         0         0         1

-0.131328 -0.577438  0.805803  0.270103
  -0.8545  0.478022  0.203285   0.74486
-0.502576 -0.661862 -0.556198   1.77229
        0         0         0         1

-0.122224 -0.583086  0.803164  0.272738
-0.835655   0.49706  0.233691  0.718263
-0.535483 -0.642605 -0.548012   1.73394
        0         0         0         1

-0.122224 -0.583086  0.803164  0.272738
-0.835655   0.49706  0.233691  0.718263
-0.535483 -0.642605 -0.548012   1.73394
        0         0         0         1

-0.120839 -0.589506  0.798674  0.272192
-0.824759  0.507366  0.249705  0.701503
-0.552423 -0.628539  -0.54751   1.71005
        0         0         0         1

-0.120839 -0.589506  0.798674  0.272192
-0.824759  0.507366  0.249705  0.701503
-0.552423 -0.628539  -0.54751   1.71005
        0         0         0         1

-0.120982 -0.593279  0.795854  0.273681
-0.811992  0.520324  0.264447  0.685268
-0.570993 -0.614234 -0.544687    1.6913
        0         0         0         1

-0.120982 -0.593279  0.795854  0.273681
-0.811992  0.520324  0.264447  0.685268
-0.570993 -0.614234 -0.544687    1.6913
        0         0         0         1

-0.117156 -0.585805   0.80194  0.274147
-0.798623  0.535561  0.274548  0.667451
-0.590319 -0.608282 -0.530581    1.6547
        0         0         0         1

-0.117156 -0.585805   0.80194  0.274147
-0.798623  0.535561  0.274548  0.667451
-0.590319 -0.608282 -0.530581    1.6547
        0         0         0         1

-0.117263 -0.576291  0.808788  0.278257
-0.792254  0.545355  0.273719  0.659928
-0.598818 -0.608668 -0.520519   1.62995
        0         0         0         1

-0.117263 -0.576291  0.808788  0.278257
-0.792254  0.545355  0.273719  0.659928
-0.598818 -0.608668 -0.520519   1.62995
        0         0         0         1

-0.116296 -0.569453  0.813756  0.281362
-0.779268    0.5603  0.280722  0.645146
-0.615805 -0.601488 -0.508917   1.60059
        0         0         0         1

-0.116296 -0.569453  0.813756  0.281362
-0.779268    0.5603  0.280722  0.645146
-0.615805 -0.601488 -0.508917   1.60059
        0         0         0         1

-0.120047 -0.571292   0.81192   0.28288
-0.767381  0.572266  0.289202  0.636241
-0.629853 -0.588334 -0.507098   1.58716
        0         0         0         1

-0.120047 -0.571292   0.81192   0.28288
-0.767381  0.572266  0.289202  0.636241
-0.629853 -0.588334 -0.507098   1.58716
        0         0         0         1

-0.117195 -0.567671  0.814871  0.283511
-0.761164  0.578375  0.293447  0.629117
-0.637882  -0.58586 -0.499874   1.56503
        0         0         0         1

-0.117195 -0.567671  0.814871  0.283511
-0.761164  0.578375  0.293447  0.629117
-0.637882  -0.58586 -0.499874   1.56503
        0         0         0         1

-0.118768 -0.560217  0.819787  0.284497
-0.748304   0.59318  0.296949  0.621188
-0.652637 -0.578182 -0.489664    1.5398
        0         0         0         1

-0.118768 -0.560217  0.819787  0.284497
-0.748304   0.59318  0.296949  0.621188
-0.652637 -0.578182 -0.489664    1.5398
        0         0         0         1

-0.117944 -0.561194  0.819238  0.284404
-0.739823  0.599964  0.304476  0.613621
-0.662383  -0.57018 -0.485946   1.52528
        0         0         0         1

-0.117944 -0.561194  0.819238  0.284404
-0.739823  0.599964  0.304476  0.613621
-0.662383  -0.57018 -0.485946   1.52528
        0         0         0         1

-0.122885   -0.5617  0.818164  0.288231
-0.732086  0.607911  0.307398  0.610876
-0.670037 -0.561192 -0.485916   1.51275
        0         0         0         1

-0.122885   -0.5617  0.818164  0.288231
-0.732086  0.607911  0.307398  0.610876
-0.670037 -0.561192 -0.485916   1.51275
        0         0         0         1

-0.121767 -0.566067  0.815317   0.28854
-0.718668  0.616856  0.320944  0.604756
-0.684608 -0.546862 -0.481927   1.49484
        0         0         0         1

-0.121767 -0.566067  0.815317   0.28854
-0.718668  0.616856  0.320944  0.604756
-0.684608 -0.546862 -0.481927   1.49484
        0         0         0         1

-0.115682 -0.566533  0.815879  0.285293
-0.713834  0.618584  0.328322  0.599868
-0.690694 -0.544421  -0.47597   1.47902
        0         0         0         1

-0.115682 -0.566533  0.815879  0.285293
-0.713834  0.618584  0.328322  0.599868
-0.690694 -0.544421  -0.47597   1.47902
        0         0         0         1

-0.116401 -0.568105  0.814683  0.287668
-0.699933   0.62888  0.338532  0.597296
 -0.70466 -0.530817 -0.470837   1.46569
        0         0         0         1

-0.116401 -0.568105  0.814683  0.287668
-0.699933   0.62888  0.338532  0.597296
 -0.70466 -0.530817 -0.470837   1.46569
        0         0         0         1

-0.118074 -0.567965  0.814539  0.290826
-0.691873  0.635454  0.342799    0.5971
  -0.7123 -0.523082  -0.46799   1.45925
        0         0         0         1

-0.118074 -0.567965  0.814539  0.290826
-0.691873  0.635454  0.342799    0.5971
  -0.7123 -0.523082  -0.46799   1.45925
        0         0         0         1

-0.112942 -0.570026  0.813827  0.290336
-0.688716  0.635291  0.349395  0.596331
-0.716181 -0.521034 -0.464337   1.44878
        0         0         0         1

-0.112942 -0.570026  0.813827  0.290336
-0.688716  0.635291  0.349395  0.596331
-0.716181 -0.521034 -0.464337   1.44878
        0         0         0         1

 -0.11104 -0.572895  0.812072  0.291195
-0.685503  0.635776  0.354789  0.595873
-0.719553 -0.517282 -0.463318   1.43621
        0         0         0         1

 -0.11104 -0.572895  0.812072  0.291195
-0.685503  0.635776  0.354789  0.595873
-0.719553 -0.517282 -0.463318   1.43621
        0         0         0         1

-0.111037 -0.576449  0.809554  0.290916
 -0.68328    0.6358  0.359009   0.59451
-0.721665 -0.513288 -0.464473   1.42832
        0         0         0         1

-0.111037 -0.576449  0.809554  0.290916
 -0.68328    0.6358  0.359009   0.59451
-0.721665 -0.513288 -0.464473   1.42832
        0         0         0         1

-0.113811 -0.579219  0.807188  0.291364
-0.681019  0.637038  0.361102    0.5936
-0.723367 -0.508614 -0.466961   1.42148
        0         0         0         1

-0.113811 -0.579219  0.807188  0.291364
-0.681019  0.637038  0.361102    0.5936
-0.723367 -0.508614 -0.466961   1.42148
        0         0         0         1

-0.118968 -0.578766  0.806769  0.293614
-0.681793   0.63831  0.357377  0.595743
-0.721806 -0.507534 -0.470537   1.41743
        0         0         0         1

-0.118968 -0.578766  0.806769  0.293614
-0.681793   0.63831  0.357377  0.595743
-0.721806 -0.507534 -0.470537   1.41743
        0         0         0         1

  -0.1202 -0.577159  0.807737  0.291982
-0.684219  0.637688  0.353833  0.595031
-0.719303 -0.510139 -0.471553    1.4113
        0         0         0         1

  -0.1202 -0.577159  0.807737  0.291982
-0.684219  0.637688  0.353833  0.595031
-0.719303 -0.510139 -0.471553    1.4113
        0         0         0         1

-0.128143 -0.577608  0.806194  0.290473
-0.687275  0.637776  0.347701  0.593357
-0.715005 -0.509521 -0.478702   1.41023
        0         0         0         1

-0.128143 -0.577608  0.806194  0.290473
-0.687275  0.637776  0.347701  0.593357
-0.715005 -0.509521 -0.478702   1.41023
        0         0         0         1

-0.137236 -0.576235   0.80568  0.291368
-0.688178  0.640486  0.340865  0.594011
-0.712445 -0.507672  -0.48445   1.41018
        0         0         0         1

-0.137236 -0.576235   0.80568  0.291368
-0.688178  0.640486  0.340865  0.594011
-0.712445 -0.507672  -0.48445   1.41018
        0         0         0         1

-0.132983 -0.567196  0.812776  0.289813
-0.692174   0.64009  0.333436  0.592941
-0.709373 -0.518241  -0.47772    1.4063
        0         0         0         1

-0.132983 -0.567196  0.812776  0.289813
-0.692174   0.64009  0.333436  0.592941
-0.709373 -0.518241  -0.47772    1.4063
        0         0         0         1

-0.130193 -0.565007   0.81475  0.288806
-0.694518  0.638425   0.33175  0.592221
-0.707597 -0.522667 -0.475526   1.40454
        0         0         0         1

-0.130193 -0.565007   0.81475  0.288806
-0.694518  0.638425   0.33175  0.592221
-0.707597 -0.522667 -0.475526   1.40454
        0         0         0         1

 -0.12758 -0.565391  0.814896  0.288836
-0.696678  0.635878  0.332112  0.591963
-0.705948  -0.52535 -0.475021   1.40048
        0         0         0         1

 -0.12758 -0.565391  0.814896  0.288836
-0.696678  0.635878  0.332112  0.591963
-0.705948  -0.52535 -0.475021   1.40048
        0         0         0         1

-0.125401 -0.570153  0.811912  0.287613
 -0.69456  0.634817  0.338515  0.590506
-0.708421 -0.521472 -0.475612   1.40078
        0         0         0         1

-0.125401 -0.570153  0.811912  0.287613
 -0.69456  0.634817  0.338515  0.590506
-0.708421 -0.521472 -0.475612   1.40078
        0         0         0         1

-0.122142 -0.571969  0.811131  0.286586
-0.693974  0.633482    0.3422  0.589485
-0.709564 -0.521106 -0.474306   1.39994
        0         0         0         1

-0.122142 -0.571969  0.811131  0.286586
-0.693974  0.633482    0.3422  0.589485
-0.709564 -0.521106 -0.474306   1.39994
        0         0         0         1

-0.119338 -0.572262  0.811341  0.286587
-0.694056  0.632426  0.343981  0.590717
-0.709961 -0.522067 -0.472654   1.39822
        0         0         0         1

-0.119338 -0.572262  0.811341  0.286587
-0.694056  0.632426  0.343981  0.590717
-0.709961 -0.522067 -0.472654   1.39822
        0         0         0         1

-0.117012 -0.574547  0.810064   0.28576
-0.695056  0.629988  0.346427    0.5909
-0.709369 -0.522504 -0.473059   1.39681
        0         0         0         1

-0.117012 -0.574547  0.810064   0.28576
-0.695056  0.629988  0.346427    0.5909
-0.709369 -0.522504 -0.473059   1.39681
        0         0         0         1

-0.119851 -0.577124  0.807814  0.286547
-0.694168  0.630429  0.347405  0.592132
-0.709765 -0.519122 -0.476178   1.39824
        0         0         0         1

-0.119851 -0.577124  0.807814  0.286547
-0.694168  0.630429  0.347405  0.592132
-0.709765 -0.519122 -0.476178   1.39824
        0         0         0         1

 -0.12064 -0.579659   0.80588  0.287407
-0.695307  0.628752  0.348166  0.594349
-0.708516 -0.518331 -0.478893   1.39875
        0         0         0         1

 -0.12064 -0.579659   0.80588  0.287407
-0.695307  0.628752  0.348166  0.594349
-0.708516 -0.518331 -0.478893   1.39875
        0         0         0         1

-0.119626 -0.580846  0.805175  0.286754
 -0.69667  0.626918  0.348748  0.595512
-0.707348 -0.519222 -0.479653   1.39903
        0         0         0         1

-0.119626 -0.580846  0.805175  0.286754
 -0.69667  0.626918  0.348748  0.595512
-0.707348 -0.519222 -0.479653   1.39903
        0         0         0         1

-0.117311 -0.581509  0.805038  0.285622
-0.701313  0.622458  0.347429  0.596926
-0.703134 -0.523826 -0.480841   1.40138
        0         0         0         1

-0.117311 -0.581509  0.805038  0.285622
-0.701313  0.622458  0.347429  0.596926
-0.703134 -0.523826 -0.480841   1.40138
        0         0         0         1

-0.117412 -0.581723  0.804868  0.285446
 -0.70824  0.617182  0.342756  0.598766
-0.696139 -0.529797 -0.484464   1.40463
        0         0         0         1

-0.117412 -0.581723  0.804868  0.285446
 -0.70824  0.617182  0.342756  0.598766
-0.696139 -0.529797 -0.484464   1.40463
        0         0         0         1

-0.120965 -0.580305  0.805366   0.28636
-0.713782  0.614675  0.335693    0.6026
-0.689842 -0.534249 -0.488565   1.41308
        0         0         0         1

-0.120965 -0.580305  0.805366   0.28636
-0.713782  0.614675  0.335693    0.6026
-0.689842 -0.534249 -0.488565   1.41308
        0         0         0         1

-0.120713 -0.577162  0.807658  0.283824
-0.726767  0.605593  0.324141  0.604952
-0.676194 -0.547851 -0.492565   1.42376
        0         0         0         1

-0.120713 -0.577162  0.807658  0.283824
-0.726767  0.605593  0.324141  0.604952
-0.676194 -0.547851 -0.492565   1.42376
        0         0         0         1

-0.119873 -0.569361  0.813301  0.284145
-0.736384  0.600431  0.311803  0.608995
-0.665859 -0.561525 -0.491244   1.42768
        0         0         0         1

-0.119873 -0.569361  0.813301  0.284145
-0.736384  0.600431  0.311803  0.608995
-0.665859 -0.561525 -0.491244   1.42768
        0         0         0         1

-0.120262 -0.569792  0.812942  0.282803
-0.746875  0.591396  0.304022  0.613397
   -0.654 -0.570603 -0.496685   1.44745
        0         0         0         1

-0.120262 -0.569792  0.812942  0.282803
-0.746875  0.591396  0.304022  0.613397
   -0.654 -0.570603 -0.496685   1.44745
        0         0         0         1

-0.119427 -0.567531  0.814645  0.281986
-0.756937  0.583015  0.295196  0.617191
-0.642483  -0.58138 -0.499212   1.45843
        0         0         0         1

-0.119427 -0.567531  0.814645  0.281986
-0.756937  0.583015  0.295196  0.617191
-0.642483  -0.58138 -0.499212   1.45843
        0         0         0         1

-0.118505 -0.570828  0.812473  0.279866
-0.764071  0.574995  0.292535  0.618857
-0.634155  -0.58612 -0.504293   1.47355
        0         0         0         1

-0.118505 -0.570828  0.812473  0.279866
-0.764071  0.574995  0.292535  0.618857
-0.634155  -0.58612 -0.504293   1.47355
        0         0         0         1

-0.106447 -0.570692  0.814236  0.272699
-0.781399  0.554413   0.28643  0.621054
-0.614886 -0.605753 -0.504953   1.49017
        0         0         0         1

-0.106447 -0.570692  0.814236  0.272699
-0.781399  0.554413   0.28643  0.621054
-0.614886 -0.605753 -0.504953   1.49017
        0         0         0         1

-0.110822 -0.575368  0.810352  0.273925
-0.792126  0.543567  0.277615  0.628018
-0.600212 -0.611135 -0.516004   1.50823
        0         0         0         1

-0.110822 -0.575368  0.810352  0.273925
-0.792126  0.543567  0.277615  0.628018
-0.600212 -0.611135 -0.516004   1.50823
        0         0         0         1

-0.112262 -0.584347  0.803702  0.272429
-0.809613  0.522734  0.266976  0.636667
-0.576129 -0.620716 -0.531778   1.53462
        0         0         0         1

-0.112262 -0.584347  0.803702  0.272429
-0.809613  0.522734  0.266976  0.636667
-0.576129 -0.620716 -0.531778   1.53462
        0         0         0         1

-0.110022 -0.591555  0.798722  0.269174
-0.819477  0.508736  0.263903  0.641615
-0.562453 -0.625499 -0.540738   1.55596
        0         0         0         1

-0.110022 -0.591555  0.798722  0.269174
-0.819477  0.508736  0.263903  0.641615
-0.562453 -0.625499 -0.540738   1.55596
        0         0         0         1

-0.102689 -0.602605  0.791405  0.261661
-0.828697  0.491896  0.267019  0.643102
-0.550196 -0.628415 -0.549889   1.58114
        0         0         0         1

-0.102689 -0.602605  0.791405  0.261661
-0.828697  0.491896  0.267019  0.643102
-0.550196 -0.628415 -0.549889   1.58114
        0         0         0         1

-0.105332 -0.606582  0.788012  0.263515
-0.846543  0.470488  0.249009  0.660023
-0.521795 -0.640858 -0.563055   1.61353
        0         0         0         1

-0.105332 -0.606582  0.788012  0.263515
-0.846543  0.470488  0.249009  0.660023
-0.521795 -0.640858 -0.563055   1.61353
        0         0         0         1

-0.103293 -0.611233  0.784681  0.261012
-0.857114   0.45497  0.241574  0.670442
-0.504664 -0.647608 -0.570892   1.63751
        0         0         0         1

-0.103293 -0.611233  0.784681  0.261012
-0.857114   0.45497  0.241574  0.670442
-0.504664 -0.647608 -0.570892   1.63751
        0         0         0         1

-0.0925801 -0.616322  0.782034  0.252398
-0.871956  0.429397  0.235183  0.681905
-0.480751 -0.660126 -0.577159   1.67647
        0         0         0         1

-0.0925801 -0.616322  0.782034  0.252398
-0.871956  0.429397  0.235183  0.681905
-0.480751 -0.660126 -0.577159   1.67647
        0         0         0         1

-0.0883828 -0.615132  0.783455  0.250237
-0.883279  0.411975  0.223819  0.695854
-0.460442 -0.672227 -0.579744   1.69869
        0         0         0         1

-0.0883828 -0.615132  0.783455  0.250237
-0.883279  0.411975  0.223819  0.695854
-0.460442 -0.672227 -0.579744   1.69869
        0         0         0         1

-0.0973306 -0.618122  0.780033  0.255175
-0.892504  0.401031  0.206425  0.714085
-0.440413 -0.676091 -0.590709   1.72818
        0         0         0         1

-0.0973306 -0.618122  0.780033  0.255175
-0.892504  0.401031  0.206425  0.714085
-0.440413 -0.676091 -0.590709   1.72818
        0         0         0         1

-0.104309 -0.626273  0.772594  0.257112
 -0.90657  0.379312  0.185077  0.741091
-0.408963 -0.681105 -0.607326    1.7707
        0         0         0         1

-0.104309 -0.626273  0.772594  0.257112
 -0.90657  0.379312  0.185077  0.741091
-0.408963 -0.681105 -0.607326    1.7707
        0         0         0         1

-0.0984034 -0.629461  0.770776  0.252908
 -0.91513  0.361531  0.178415  0.755925
-0.390965 -0.687804 -0.611615   1.79669
        0         0         0         1

-0.0984034 -0.629461  0.770776  0.252908
 -0.91513  0.361531  0.178415  0.755925
-0.390965 -0.687804 -0.611615   1.79669
        0         0         0         1

-0.0998198 -0.634077    0.7668  0.255009
-0.924476  0.344077  0.164177  0.778493
-0.367939   -0.6925 -0.620535   1.82114
        0         0         0         1

-0.0998198 -0.634077    0.7668  0.255009
-0.924476  0.344077  0.164177  0.778493
-0.367939   -0.6925 -0.620535   1.82114
        0         0         0         1

-0.108498 -0.639555   0.76105   0.26016
-0.935605  0.324426  0.139251  0.814769
-0.335963 -0.696934  -0.63357   1.85865
        0         0         0         1

-0.108498 -0.639555   0.76105   0.26016
-0.935605  0.324426  0.139251  0.814769
-0.335963 -0.696934  -0.63357   1.85865
        0         0         0         1

-0.116024 -0.649933  0.751083  0.264654
-0.940459  0.315125  0.127409  0.837744
-0.319493  -0.69158 -0.647798   1.89459
        0         0         0         1

-0.116024 -0.649933  0.751083  0.264654
-0.940459  0.315125  0.127409  0.837744
-0.319493  -0.69158 -0.647798   1.89459
        0         0         0         1

-0.117171 -0.657524  0.744266    0.2661
-0.951325  0.289417  0.105918  0.874028
-0.285047 -0.695629 -0.659431   1.93323
        0         0         0         1

-0.117171 -0.657524  0.744266    0.2661
-0.951325  0.289417  0.105918  0.874028
-0.285047 -0.695629 -0.659431   1.93323
        0         0         0         1

-0.121511 -0.653562  0.747056  0.267021
-0.957456  0.275648 0.0854176  0.901411
 -0.26175 -0.704894 -0.659251   1.95532
        0         0         0         1

-0.121511 -0.653562  0.747056  0.267021
-0.957456  0.275648 0.0854176  0.901411
 -0.26175 -0.704894 -0.659251   1.95532
        0         0         0         1

-0.130178  -0.65548  0.743908  0.277577
-0.964236  0.258405 0.0589558  0.946643
-0.230874 -0.709628 -0.665676    1.9939
        0         0         0         1

-0.130178  -0.65548  0.743908  0.277577
-0.964236  0.258405 0.0589558  0.946643
-0.230874 -0.709628 -0.665676    1.9939
        0         0         0         1

-0.140928  -0.66577  0.732728  0.289364
-0.966768  0.252006 0.0430355  0.974223
-0.213304 -0.702313  -0.67916    2.0253
        0         0         0         1

-0.140928  -0.66577  0.732728  0.289364
-0.966768  0.252006 0.0430355  0.974223
-0.213304 -0.702313  -0.67916    2.0253
        0         0         0         1

-0.145137 -0.672014  0.726176  0.294791
-0.968487  0.246639 0.0346778   0.99779
-0.202408 -0.698259 -0.686633   2.05835
        0         0         0         1

-0.145137 -0.672014  0.726176  0.294791
-0.968487  0.246639 0.0346778   0.99779
-0.202408 -0.698259 -0.686633   2.05835
        0         0         0         1

 -0.155839   -0.68156   0.714975   0.300209
 -0.972769   0.231613 0.00876035    1.04356
 -0.171568   -0.69414  -0.699095    2.09298
         0          0          0          1

 -0.155839   -0.68156   0.714975   0.300209
 -0.972769   0.231613 0.00876035    1.04356
 -0.171568   -0.69414  -0.699095    2.09298
         0          0          0          1

 -0.168636  -0.682902   0.710779   0.308736
 -0.974961   0.221614 -0.0183924     1.0805
 -0.144958  -0.696083  -0.703175     2.1029
         0          0          0          1

 -0.168636  -0.682902   0.710779   0.308736
 -0.974961   0.221614 -0.0183924     1.0805
 -0.144958  -0.696083  -0.703175     2.1029
         0          0          0          1

 -0.183685  -0.703962   0.686073   0.328387
 -0.974321   0.222851 -0.0321971    1.12035
 -0.130227   -0.67437  -0.726819    2.14938
         0          0          0          1

 -0.183685  -0.703962   0.686073   0.328387
 -0.974321   0.222851 -0.0321971    1.12035
 -0.130227   -0.67437  -0.726819    2.14938
         0          0          0          1

 -0.194511  -0.715923   0.670537   0.339988
 -0.974581    0.21852 -0.0493981    1.15478
  -0.11116  -0.663102  -0.740229    2.16619
         0          0          0          1

 -0.194511  -0.715923   0.670537   0.339988
 -0.974581    0.21852 -0.0493981    1.15478
  -0.11116  -0.663102  -0.740229    2.16619
         0          0          0          1

 -0.198627  -0.728612   0.655494   0.344896
 -0.974959   0.215144 -0.0562881    1.18371
 -0.100014   -0.65026    -0.7531    2.18447
         0          0          0          1

 -0.198627  -0.728612   0.655494   0.344896
 -0.974959   0.215144 -0.0562881    1.18371
 -0.100014   -0.65026    -0.7531    2.18447
         0          0          0          1

 -0.213282  -0.740019   0.637874   0.358065
 -0.973813   0.213642 -0.0777554    1.22877
 -0.078736  -0.637753  -0.766206     2.2027
         0          0          0          1

