 0.845385  -0.25273  0.470586   1.73365
-0.531262 -0.489418  0.691542   1.08803
0.0555398 -0.834624 -0.548013   1.85243
        0         0         0         1

  0.84568 -0.251695  0.470611   1.74097
-0.531537 -0.476353  0.700398    1.0798
0.0478903 -0.842459 -0.536627     1.847
        0         0         0         1

 0.844507 -0.251329  0.472908   1.76065
-0.534924 -0.438368  0.722281   1.05541
0.0257776 -0.862941 -0.504647   1.83176
        0         0         0         1

 0.845999 -0.253676  0.468971    1.7656
-0.532904   -0.4308  0.728303    1.0495
0.0172799  -0.86606 -0.499642   1.82219
        0         0         0         1

 0.844084  -0.25792  0.470105   1.77648
-0.536151 -0.418978  0.732802   1.03877
0.00795929 -0.870594 -0.491937    1.8094
        0         0         0         1

  0.84139 -0.264849  0.471081   1.78634
-0.540414 -0.406163  0.736875   1.02943
-0.00382477 -0.874578  -0.48487   1.80318
        0         0         0         1

 0.837628 -0.272938  0.473164   1.79657
-0.545993 -0.392258  0.740287   1.01776
 -0.01645 -0.878429 -0.477589   1.79485
        0         0         0         1

 0.837987 -0.278536  0.469251   1.80228
-0.545175 -0.389927  0.742119   1.01286
-0.0237332  -0.87771 -0.478605   1.78385
        0         0         0         1

 0.834218 -0.288743  0.469796   1.81996
-0.549702 -0.367951   0.74996  0.994016
-0.0436839 -0.883878 -0.465673    1.7645
        0         0         0         1

 0.831184 -0.297056   0.46999   1.82881
-0.553211 -0.357328  0.752512   0.98621
-0.0555979  -0.88548  -0.46134   1.75532
        0         0         0         1

 0.832934 -0.299743  0.465162   1.83434
-0.549192 -0.344633  0.761325  0.978492
-0.067892 -0.889597 -0.451673   1.74318
        0         0         0         1

 0.829958   -0.3056  0.466667   1.84359
-0.552383 -0.333677  0.763893  0.971267
-0.0777302 -0.891778 -0.445746   1.73241
        0         0         0         1

 0.829639 -0.308465  0.465347   1.85806
-0.548707 -0.296662  0.781609  0.953923
-0.103048 -0.903793 -0.415379   1.71677
        0         0         0         1

 0.825935 -0.314895  0.467624   1.86741
-0.551657 -0.280439  0.785512  0.945621
-0.116213  -0.90675 -0.405339    1.7087
        0         0         0         1

 0.825502 -0.320348  0.464676   1.87412
-0.549641 -0.269247  0.790823  0.938617
-0.128226 -0.908231  -0.39834   1.69248
        0         0         0         1

 0.823396 -0.324131  0.465788     1.881
-0.550695 -0.258324  0.793728  0.931656
-0.136947 -0.910059   -0.3912   1.68457
        0         0         0         1

  0.81899 -0.332467  0.467675   1.89064
-0.553577 -0.243287   0.79647  0.922352
-0.151021 -0.911195 -0.383296   1.67161
        0         0         0         1

 0.817602 -0.338032  0.466113   1.89436
 -0.55325 -0.236959  0.798602  0.917979
-0.159503 -0.910815 -0.380754   1.65978
        0         0         0         1

 0.814365 -0.343571  0.467726   1.90344
-0.552117 -0.210327  0.806802  0.906184
-0.178819 -0.915271 -0.360975   1.64011
        0         0         0         1

 0.806251 -0.352577  0.475024     1.913
-0.559753 -0.194871   0.80542  0.897127
-0.191404 -0.915267 -0.354471   1.63176
        0         0         0         1

 0.801385 -0.357765   0.47936   1.92077
-0.562115 -0.176499  0.808006  0.889007
 -0.20447  -0.91698 -0.342549   1.62032
        0         0         0         1

 0.798484 -0.360814  0.481909   1.92548
-0.562644 -0.162529  0.810565  0.883026
-0.214139 -0.918367 -0.332787   1.61195
        0         0         0         1

 0.796139 -0.365397  0.482336   1.93166
-0.557649 -0.133576  0.819259  0.873157
-0.234926 -0.921218 -0.310108   1.58903
        0         0         0         1

  0.79526 -0.369247  0.480852   1.93512
 -0.55548 -0.126001  0.821928   0.86979
-0.242907  -0.92075 -0.305312   1.57922
        0         0         0         1

 0.790458 -0.373884  0.485166   1.94271
-0.557099 -0.109618   0.82318  0.861516
-0.254591 -0.920975 -0.294939   1.56883
        0         0         0         1

 0.787778 -0.377018  0.487096    1.9448
-0.558123 -0.102361   0.82342  0.858196
-0.260585 -0.920532  -0.29106   1.56049
        0         0         0         1

  0.783245   -0.38291   0.489804    1.94835
 -0.559535 -0.0907241   0.823827   0.852378
 -0.271015   -0.91932  -0.285311    1.55014
         0          0          0          1

  0.776063  -0.388879   0.496487    1.95332
 -0.565494 -0.0805894   0.820806    0.84685
 -0.279183  -0.917757  -0.282451    1.54092
         0          0          0          1

  0.768546  -0.400242   0.499143    1.95909
 -0.566208 -0.0622299    0.82191   0.837647
 -0.297901  -0.914294  -0.274447    1.52143
         0          0          0          1

  0.759298  -0.409179   0.506002    1.96703
 -0.573688 -0.0538755     0.8173   0.830919
 -0.307161  -0.910862  -0.275649    1.51054
         0          0          0          1

  0.756302  -0.412675   0.507649    1.96932
 -0.572682 -0.0424556   0.818677   0.826164
 -0.316295  -0.909889  -0.268441    1.50029
         0          0          0          1

  0.757488  -0.414655   0.504255     1.9687
 -0.567612 -0.0367067   0.822478   0.824574
 -0.322535  -0.909238  -0.263168    1.49472
         0          0          0          1

  0.748691   -0.42689   0.507176    1.97346
 -0.568546 -0.0200523   0.822407   0.816109
 -0.340907  -0.904081   -0.25772     1.4733
         0          0          0          1

 0.746232 -0.430941  0.507373   1.97424
-0.567773  -0.01413  0.823064  0.813989
-0.347523 -0.902269 -0.255221   1.46708
        0         0         0         1

   0.741829   -0.436348    0.509205     1.97658
  -0.568211 -0.00575131    0.822863    0.809551
  -0.356126    -0.89976   -0.252204     1.45808
          0           0           0           1

  0.734645  -0.441057   0.515524     1.9806
  -0.57293 0.00367446   0.819596   0.804507
 -0.363382  -0.897472  -0.249995    1.45171
         0          0          0          1

 0.730826 -0.444031  0.518393   1.98197
-0.573294 0.0128687  0.819248  0.800773
-0.370442 -0.895919 -0.245155   1.44483
        0         0         0         1

 0.726573 -0.448737  0.520314   1.98407
-0.574499 0.0186182  0.818294  0.798205
-0.376886  -0.89347 -0.244271    1.4373
        0         0         0         1

 0.718775  -0.44823  0.531463   1.98806
-0.576698 0.0425602  0.815848  0.789452
-0.388306 -0.892905 -0.227902    1.4261
        0         0         0         1

 0.719499 -0.447913   0.53075   1.98731
-0.573742 0.0472684  0.817671  0.788806
-0.391333 -0.892827 -0.222977   1.42047
        0         0         0         1

 0.714958 -0.449538  0.535491   1.98932
-0.575088 0.0574695   0.81607  0.785262
-0.397629 -0.891411 -0.217436    1.4105
        0         0         0         1

 0.714636  -0.44925  0.536162   1.98872
-0.572508 0.0647544  0.817338  0.783965
-0.401908 -0.891057 -0.210923   1.40503
        0         0         0         1

 0.710778 -0.446501  0.543536   1.99139
-0.574929 0.0764398  0.814625  0.780225
-0.405279 -0.891512 -0.202375   1.39826
        0         0         0         1

 0.709477 -0.445547  0.546013   1.99165
-0.575087 0.0817866  0.813994   0.77905
-0.407329 -0.891515 -0.198202   1.39289
        0         0         0         1

 0.701789 -0.442811  0.558042   1.99457
-0.579126  0.101554  0.808888  0.772769
-0.414856 -0.890845 -0.185174   1.38224
        0         0         0         1

 0.703268 -0.441697  0.557062   1.99241
 -0.57646  0.104283  0.810444  0.773184
-0.416063 -0.891083 -0.181282    1.3788
        0         0         0         1

 0.700677 -0.438293  0.562984   1.99416
-0.577371  0.115251  0.808307  0.769432
 -0.41916 -0.891413 -0.172304   1.37528
        0         0         0         1

 0.700827  -0.43459  0.565662    1.9936
 -0.57711   0.12065  0.807705  0.768057
-0.419268 -0.892511 -0.166251   1.37278
        0         0         0         1

 0.697492  -0.43011  0.573159   1.99699
-0.577145   0.13691  0.805083  0.762328
-0.424745 -0.892335 -0.152742   1.36619
        0         0         0         1

 0.695813 -0.430477  0.574921   1.99903
 -0.57821  0.139099  0.803944  0.760265
 -0.42605 -0.891819 -0.152119   1.36073
        0         0         0         1

 0.697785  -0.42962   0.57317   1.99763
-0.575137  0.140943  0.805824  0.760737
-0.426982 -0.891943 -0.148742   1.35595
        0         0         0         1

 0.697428 -0.429009  0.574061   1.99881
-0.574704  0.143751  0.805637  0.759253
-0.428147 -0.891789 -0.146298   1.35329
        0         0         0         1

 0.696246 -0.431353  0.573739   1.99932
-0.573384  0.146634  0.806058  0.756684
-0.431825 -0.890187 -0.145238   1.34796
        0         0         0         1

 0.697228 -0.430957  0.572843   2.00051
-0.570804  0.149655  0.807333  0.755306
-0.433655 -0.889876 -0.141648   1.34778
        0         0         0         1

 0.697633 -0.431091  0.572249   2.00249
  -0.5684  0.153212  0.808361  0.751204
-0.436153 -0.889206 -0.138146   1.34332
        0         0         0         1

  0.69645 -0.431835  0.573128   2.00447
-0.569175  0.153983  0.807669  0.749779
-0.437032 -0.888711 -0.138549   1.34102
        0         0         0         1

 0.697973 -0.434004  0.569626   2.00348
-0.566413  0.152145  0.809956  0.749947
 -0.43819 -0.887971 -0.139632   1.33825
        0         0         0         1

 0.697419 -0.436108  0.568697    2.0041
-0.566129  0.151319  0.810309  0.749624
-0.439437 -0.887081 -0.141361   1.33503
        0         0         0         1

 0.696397 -0.439084  0.567659   2.00658
-0.565742  0.150786  0.810679  0.747599
-0.441551 -0.885703 -0.143401   1.33084
        0         0         0         1

  0.69673 -0.440635  0.566046    2.0057
-0.564712  0.149673  0.811602  0.747696
-0.442342 -0.885121  -0.14455   1.32884
        0         0         0         1

 0.697238 -0.443338  0.563303   2.00428
-0.563124  0.147498  0.813103  0.748825
-0.443565 -0.884136 -0.146813   1.32639
        0         0         0         1

 0.696161 -0.444105   0.56403   2.00567
-0.564179  0.147383  0.812392   0.74793
-0.443916  -0.88377 -0.147952   1.32578
        0         0         0         1

 0.693489 -0.444204  0.567236   2.00965
-0.566459  0.150329  0.810262  0.744361
-0.445194 -0.883224 -0.147372   1.32629
        0         0         0         1

 0.691248 -0.446062  0.568512   2.01145
-0.568458  0.150049  0.808913  0.743249
 -0.44613 -0.882335 -0.149847   1.32355
        0         0         0         1

  0.68877 -0.449867   0.56852   2.01141
-0.569475  0.149577  0.808286  0.743533
-0.448658 -0.880481 -0.153164   1.31973
        0         0         0         1

 0.688276 -0.450831  0.568355   2.01171
-0.569465  0.149602  0.808288  0.743668
-0.449428 -0.879983 -0.153765    1.3185
        0         0         0         1

 0.687927 -0.451191  0.568493   2.01201
-0.570124  0.148773  0.807976  0.743584
-0.449127  -0.87994  -0.15489   1.31645
        0         0         0         1

 0.687688 -0.451313  0.568685   2.01171
-0.570403  0.148718  0.807789  0.743526
 -0.44914 -0.879886 -0.155159   1.31552
        0         0         0         1

 0.687111 -0.452341  0.568565   2.01032
-0.571471  0.146771   0.80739  0.744364
-0.448664 -0.879685 -0.157652    1.3117
        0         0         0         1

 0.685219 -0.453262  0.570113   2.01189
-0.573051   0.14762  0.806115  0.743536
-0.449541 -0.879069 -0.158591   1.31016
        0         0         0         1

 0.681923 -0.452349  0.574771   2.01535
-0.576765  0.150699   0.80289   0.74037
-0.449804 -0.879017 -0.158134    1.3089
        0         0         0         1

 0.681922 -0.452743  0.574462   2.01448
-0.576164  0.151324  0.803203    0.7406
-0.450575 -0.878706 -0.157663   1.30774
        0         0         0         1

 0.681679 -0.452269  0.575124   2.01413
-0.575653  0.153645   0.80313  0.740606
-0.451595 -0.878548 -0.155613   1.30743
        0         0         0         1

  0.68111 -0.452332  0.575747   2.01466
-0.575393  0.155602  0.802939  0.740192
-0.452782 -0.878171 -0.154287   1.30629
        0         0         0         1

 0.680984 -0.454928  0.573848   2.01265
-0.573776   0.15544  0.804126  0.742389
-0.455019 -0.876857 -0.155174   1.30094
        0         0         0         1

 0.680954 -0.456176  0.572892   2.01258
-0.573056  0.155156  0.804694  0.742424
 -0.45597 -0.876259  -0.15576   1.29951
        0         0         0         1

 0.679897 -0.458355  0.572408   2.01259
-0.572934  0.155176  0.804778  0.741704
-0.457698 -0.875118 -0.157103   1.29693
        0         0         0         1

 0.678285 -0.459093  0.573727   2.01491
-0.573955  0.156509  0.803791  0.740688
-0.458808 -0.874493 -0.157341   1.29679
        0         0         0         1

 0.675924 -0.464792  0.571922   2.01456
-0.573258  0.156105  0.804367  0.740206
-0.463144  -0.87155 -0.160931   1.29503
        0         0         0         1

 0.673535  -0.46673  0.573161   2.01567
-0.574194   0.15792  0.803345   0.73918
-0.465459 -0.870187 -0.161628   1.29513
        0         0         0         1

 0.671716 -0.472184  0.570824   2.01579
-0.574338  0.154749  0.803858  0.739216
-0.467903 -0.867811 -0.167246   1.29171
        0         0         0         1

 0.674149 -0.472157  0.567971   2.01389
-0.571759  0.153191  0.805993   0.74054
-0.467563 -0.868102 -0.166686   1.28998
        0         0         0         1

 0.673756 -0.470601  0.569725   2.01458
-0.572919  0.154271  0.804962  0.739921
-0.466708 -0.868755 -0.165676   1.28903
        0         0         0         1

 0.674799 -0.471454  0.567783   2.01343
-0.572522   0.15105  0.805855  0.741066
-0.465687 -0.868859  -0.16799   1.28815
        0         0         0         1

 0.676193 -0.472478  0.565267   2.01256
-0.572521  0.145884  0.806807  0.742486
-0.463662 -0.869185 -0.171858   1.28705
        0         0         0         1

 0.676532 -0.472692  0.564682   2.01243
-0.572671  0.144389   0.80697  0.743003
-0.462982 -0.869318 -0.173013    1.2865
        0         0         0         1

 0.675527 -0.472278   0.56623   2.01389
-0.574378  0.144466  0.805742  0.742355
-0.462335  -0.86953 -0.173676   1.28629
        0         0         0         1

 0.674785 -0.472645  0.566809   2.01494
-0.575447  0.143918  0.805077  0.741918
-0.462089 -0.869422 -0.174868    1.2859
        0         0         0         1

  0.67262 -0.474127  0.568143   2.01698
-0.577492  0.143741  0.803643  0.741044
-0.462694 -0.868644 -0.177121   1.28599
        0         0         0         1

 0.672054  -0.47653    0.5668   2.01685
-0.577456  0.141906  0.803995  0.741495
 -0.46356  -0.86763 -0.179807   1.28528
        0         0         0         1

 0.673062 -0.478279  0.564124   2.01603
-0.576097  0.139274  0.805428  0.742524
-0.463788 -0.867094 -0.181795   1.28489
        0         0         0         1

 0.672476 -0.480958  0.562543   2.01596
-0.575689  0.137769  0.805979  0.742847
-0.465143 -0.865852 -0.184235    1.2844
        0         0         0         1

 0.671609 -0.482154  0.562556   2.01627
-0.575962  0.137859  0.805769  0.743078
-0.466058 -0.865172 -0.185115   1.28407
        0         0         0         1

 0.672308 -0.484723  0.559505   2.01545
-0.574565  0.134892  0.807267  0.743946
-0.466773 -0.864204 -0.187816   1.28303
        0         0         0         1

 0.668298  -0.48845  0.561065   2.01642
-0.577195   0.13532  0.805317  0.744057
 -0.46928 -0.862036 -0.191496   1.28131
        0         0         0         1

 0.666904 -0.488626  0.562569    2.0171
-0.578345  0.136624  0.804271  0.743865
-0.469848  -0.86173 -0.191479   1.28161
        0         0         0         1

  0.66694 -0.489252  0.561982   2.01606
-0.577634  0.136935  0.804728  0.744788
 -0.47067 -0.861325 -0.191281   1.28218
        0         0         0         1

  0.66458 -0.490455  0.563727   2.01697
 -0.57974  0.137529  0.803111  0.744538
-0.471418 -0.860546 -0.192938    1.2821
        0         0         0         1

 0.661956 -0.494804  0.563013   2.01607
-0.581518    0.1349  0.802271  0.746028
-0.472917  -0.85847  -0.19844   1.28144
        0         0         0         1

 0.661649 -0.496419   0.56195    2.0151
 -0.58113  0.134094  0.802688   0.74676
-0.473824 -0.857663 -0.199761   1.28149
        0         0         0         1

 0.659261 -0.499627  0.561915   2.01432
-0.582054  0.133997  0.802033  0.747487
-0.476013 -0.855814 -0.202471     1.281
        0         0         0         1

 0.658733 -0.500427  0.561821   2.01402
-0.581936  0.134421  0.802048  0.747711
-0.476887  -0.85528 -0.202669   1.28158
        0         0         0         1

 0.656763 -0.503804  0.561109   2.01409
 -0.58253  0.133565   0.80176  0.747819
-0.478875 -0.853429  -0.20576   1.28147
        0         0         0         1

 0.654255 -0.504708  0.563224   2.01476
-0.583603  0.136723  0.800446  0.747206
-0.480997 -0.852395 -0.205098   1.28237
        0         0         0         1

 0.654033 -0.511098  0.557691   2.01438
-0.580115  0.134278   0.80339  0.747897
-0.485497 -0.848969 -0.208674   1.28355
        0         0         0         1

 0.652004 -0.513715  0.557662   2.01478
-0.580619  0.134724  0.802952  0.747673
-0.487619 -0.847317 -0.210432   1.28428
        0         0         0         1

 0.652176  -0.51846  0.553051   2.01371
-0.578092  0.131796  0.805258  0.748452
-0.490384 -0.844884 -0.213764   1.28512
        0         0         0         1

 0.653274 -0.522401  0.548025   2.01218
 -0.57491  0.128723  0.808027   0.75016
-0.492658 -0.842928 -0.216242   1.28626
        0         0         0         1

 0.653647 -0.529601  0.540618   2.00952
 -0.56834  0.128193  0.812746  0.753415
-0.499735 -0.838504 -0.217201   1.28786
        0         0         0         1

 0.655987 -0.527244  0.540088   2.00905
 -0.56522  0.131067  0.814462  0.754691
-0.500208 -0.839544 -0.212031   1.29053
        0         0         0         1

 0.657583  -0.52674  0.538637   2.00858
-0.561284  0.134378  0.816641  0.755674
-0.502538 -0.839338 -0.207287   1.29251
        0         0         0         1

 0.657891 -0.524068  0.540862   2.01056
-0.559961  0.139851  0.816631  0.754564
 -0.50361 -0.840116  -0.20145   1.29504
        0         0         0         1

 0.660503  -0.51995  0.541654   2.01018
-0.557038  0.144365  0.817843  0.755192
-0.503433 -0.841909 -0.194278   1.29757
        0         0         0         1

 0.663437 -0.517306  0.540598   2.00928
-0.554676  0.144884  0.819355  0.756625
-0.502181 -0.843447 -0.190816   1.29877
        0         0         0         1

 0.668314 -0.509794  0.541725   2.00621
-0.553733  0.145349  0.819911  0.760239
-0.496725 -0.847929 -0.185151   1.30268
        0         0         0         1

 0.672557 -0.506601  0.539465   2.00164
-0.551871  0.142339  0.821692  0.764789
-0.493057  -0.85035 -0.183847   1.30802
        0         0         0         1

 0.677858 -0.502976  0.536212   1.99737
-0.550347  0.136442  0.823712  0.769358
-0.487469 -0.853463 -0.184323   1.31368
        0         0         0         1

  0.68015 -0.499824  0.536258   1.99576
-0.551772  0.132572  0.823391  0.771226
-0.482643 -0.855921  -0.18562   1.31747
        0         0         0         1

 0.687127 -0.490469  0.536001   1.99313
-0.556198  0.119544  0.822407  0.775897
-0.467441  -0.86322 -0.190655   1.32599
        0         0         0         1

 0.687889 -0.485219  0.539788   1.99439
-0.560477  0.117421  0.819804  0.775893
-0.461167 -0.866473 -0.191182   1.33158
        0         0         0         1

 0.690634 -0.478227  0.542516   1.99426
-0.563419  0.114522  0.818195  0.776948
-0.453413 -0.870738  -0.19035    1.3398
        0         0         0         1

 0.694664 -0.474936  0.540257    1.9918
-0.562965  0.108583  0.819317  0.779645
-0.447786 -0.873296 -0.191944   1.34466
        0         0         0         1

 0.697299 -0.470712   0.54056   1.99171
 -0.56511  0.102902  0.818573  0.781756
-0.440937 -0.876266 -0.194251    1.3518
        0         0         0         1

 0.703463 -0.468768  0.534225   1.98564
-0.561467 0.0943281  0.822105  0.786567
-0.435769  -0.87827 -0.196841   1.35686
        0         0         0         1

 0.713229 -0.467737  0.522041   1.97788
-0.557211 0.0734772  0.827114  0.795649
-0.425229 -0.880808 -0.208222   1.36967
        0         0         0         1

 0.716174 -0.462261  0.522886   1.97679
-0.558352 0.0700121  0.826645   0.79658
-0.418734 -0.883976 -0.207963   1.38055
        0         0         0         1

 0.720768 -0.462392  0.516418   1.97398
-0.557491 0.0560575  0.828288  0.801087
-0.411943 -0.884902 -0.217375   1.38762
        0         0         0         1

 0.722118 -0.460113  0.516567   1.97435
-0.560032 0.0495223  0.826989  0.802865
 -0.40609 -0.886478 -0.221917   1.39454
        0         0         0         1

 0.735573 -0.451789  0.504796   1.96716
-0.554913 0.0256004  0.831514   0.81191
-0.388592 -0.891758 -0.231872   1.41408
        0         0         0         1

 0.741545 -0.448806  0.498682   1.96532
-0.551604 0.0152509  0.833967  0.815599
-0.381895 -0.893499 -0.236254   1.42021
        0         0         0         1

  0.749025  -0.439333   0.495932    1.96161
 -0.550058 0.00489676   0.835112   0.821471
 -0.369321  -0.898311  -0.237991     1.4324
         0          0          0          1

   0.753641   -0.430741    0.496475     1.95998
  -0.550641 -0.00129656    0.834741    0.825109
  -0.358913   -0.902475   -0.238161     1.44154
          0           0           0           1

  0.761642  -0.418682   0.494577    1.95679
 -0.549842 -0.0136941   0.835157    0.83223
 -0.342892   -0.90803  -0.240639    1.45508
         0          0          0          1

  0.765185  -0.411129   0.495443    1.95475
 -0.551389 -0.0212228   0.833979    0.83657
 -0.332358   -0.91133  -0.242931    1.46547
         0          0          0          1

   0.77403  -0.391521   0.497583    1.94886
 -0.556883 -0.0470477   0.829258   0.849254
 -0.301261  -0.918966  -0.254448    1.49144
         0          0          0          1

  0.775122  -0.388342   0.498374    1.94724
 -0.560444 -0.0584326   0.826128   0.852814
 -0.291699  -0.919661  -0.262936    1.49864
         0          0          0          1

   0.7769 -0.381864  0.500606    1.9439
-0.565765   -0.0745  0.821194  0.860026
 -0.27629 -0.921211 -0.273925   1.51197
        0         0         0         1

  0.783424  -0.370056   0.499305    1.93902
 -0.564343 -0.0870729   0.820936   0.866741
 -0.260316   -0.92492  -0.277053    1.52517
         0          0          0          1

 0.792849 -0.347832  0.500403   1.93222
-0.565389 -0.113396  0.816993  0.881474
-0.227432 -0.930674 -0.286566   1.55767
        0         0         0         1

 0.799572 -0.337081  0.497053   1.92612
-0.562938 -0.132289  0.815843  0.890425
-0.209251 -0.932135 -0.295531    1.5667
        0         0         0         1

 0.812489 -0.319485  0.487639   1.91355
-0.552402 -0.154578   0.81912  0.904901
-0.186319 -0.934898 -0.302077   1.58366
        0         0         0         1

 0.810808 -0.312755  0.494747   1.91552
-0.559006 -0.163211  0.812942  0.908597
-0.173504 -0.935706 -0.307164   1.59486
        0         0         0         1

 0.818673 -0.293554   0.49356   1.90877
-0.554586 -0.181116  0.812177  0.917984
-0.149026 -0.938628 -0.311075   1.61334
        0         0         0         1

 0.824447 -0.280765  0.491384   1.90071
-0.550211 -0.194367   0.81209  0.927688
-0.132497  -0.93989 -0.314725   1.62645
        0         0         0         1

 0.830059 -0.253228  0.496867   1.89099
-0.549719 -0.221578  0.805426  0.945468
-0.0938615 -0.941689 -0.323127   1.66084
        0         0         0         1

 0.836223 -0.239916  0.493125   1.88267
-0.543266  -0.23979  0.804588  0.956447
-0.0747871 -0.940713 -0.330856   1.67269
        0         0         0         1

 0.839735 -0.221561  0.495737   1.87288
-0.540696 -0.257248  0.800919  0.968374
-0.0499251 -0.940603 -0.335817   1.69114
        0         0         0         1

 0.836953 -0.215866  0.502903   1.87233
-0.546043 -0.267776  0.793809  0.975148
-0.036691 -0.938988 -0.341988   1.70507
        0         0         0         1

 0.845513 -0.183424  0.501461   1.84931
-0.533895 -0.304428  0.788847   1.00223
0.00796566 -0.934708 -0.355327   1.74263
        0         0         0         1

  0.84669 -0.173624  0.502963   1.83981
-0.531517 -0.319709  0.784395   1.01286
0.0246124 -0.931472 -0.362979   1.75318
        0         0         0         1

  0.84786 -0.163252  0.504462   1.83034
-0.528295 -0.341114  0.777525   1.02534
0.0451466 -0.925737 -0.375462   1.77079
        0         0         0         1

 0.850871 -0.150036  0.503495   1.81864
-0.521633  -0.35543  0.775609   1.03608
0.0625882 -0.922583 -0.380689   1.78483
        0         0         0         1

 0.845622 -0.154045   0.51107   1.82484
-0.528601 -0.374737  0.761678   1.04427
0.0741843 -0.914244 -0.398314   1.79791
        0         0         0         1

 0.850278 -0.141007  0.507094   1.81128
-0.518708 -0.387902  0.761889   1.05616
0.0892709 -0.910851 -0.402966   1.81073
        0         0         0         1

 0.863521 -0.107071  0.492816   1.78206
 -0.48754 -0.427165  0.761469   1.08841
 0.128983 -0.897812 -0.421067   1.84096
        0         0         0         1

  0.864128 -0.0984531   0.493549    1.77638
 -0.482866  -0.438619   0.757928    1.09807
  0.141859  -0.893264  -0.426562    1.85276
         0          0          0          1

  0.869647 -0.0800029   0.487148    1.75937
 -0.466927  -0.453694    0.75904    1.11337
  0.160291  -0.887559  -0.431909    1.87056
         0          0          0          1

  0.873986 -0.0705596   0.480802    1.74804
 -0.454606  -0.468306   0.757643    1.12635
  0.171704  -0.880744   -0.44137     1.8768
         0          0          0          1

  0.877987 -0.0463366   0.476436    1.72867
 -0.435578  -0.490109   0.755027    1.15382
   0.19852  -0.870429  -0.450493    1.90653
         0          0          0          1

 0.880424 -0.030992  0.473174   1.71208
-0.424164 -0.497572  0.756642   1.16642
 0.211988 -0.866869  -0.45122   1.91701
        0         0         0         1

  0.881635 -0.0241632   0.471313    1.70471
 -0.417032  -0.507386   0.754085    1.18027
  0.220917   -0.86138  -0.457406    1.92892
         0          0          0          1

