-0.198953  0.271406  0.941678  0.423793
 0.931465 -0.246304  0.267783   1.06796
 0.304616  0.930416 -0.203802   1.95004
        0         0         0         1

-0.201626  0.271407  0.941108  0.428198
 0.924849 -0.263608  0.274164   1.05463
 0.322494  0.925661  -0.19786   1.94906
        0         0         0         1

-0.237681  0.255919  0.937024  0.410822
 0.909485 -0.280115    0.3072   1.02189
 0.341092  0.925225 -0.166176   1.93465
        0         0         0         1

-0.246721  0.254249   0.93514  0.408489
 0.901696 -0.293332   0.31765   1.00745
 0.355069  0.921582 -0.156884   1.92782
        0         0         0         1

-0.253378  0.250771  0.934298  0.409082
 0.894633 -0.306676  0.324934  0.993337
 0.368011  0.918185 -0.146643   1.92452
        0         0         0         1

-0.257622  0.252235  0.932743  0.407388
   0.8857 -0.324209  0.332302   0.97524
 0.386221  0.911738 -0.139881   1.92508
        0         0         0         1

-0.266078  0.245459  0.932176   0.40181
 0.879481 -0.334054     0.339  0.959652
 0.394608  0.910032 -0.126992   1.91656
        0         0         0         1

-0.272292   0.24839  0.929602  0.402144
 0.868945 -0.351463  0.348436   0.94268
 0.413269  0.902649 -0.120136   1.91546
        0         0         0         1

 -0.290434   0.243076   0.925507   0.396137
  0.852308  -0.373963   0.365681   0.914472
  0.434993   0.895023 -0.0985638    1.90152
         0          0          0          1

-0.300718  0.237852  0.923577  0.394028
 0.845135 -0.382293   0.37363  0.900968
 0.441946  0.892904 -0.086055   1.89175
        0         0         0         1

 -0.300351   0.243361   0.922261   0.396846
  0.834371  -0.401485    0.37767   0.887762
  0.462184   0.882941 -0.0824669    1.89355
         0          0          0          1

 -0.312351   0.237321   0.919846   0.390051
  0.827168  -0.408219   0.386201   0.872397
  0.467152   0.881497 -0.0687968    1.88098
         0          0          0          1

 -0.328933   0.235381   0.914548    0.38324
  0.807743   -0.43159   0.401599    0.84281
  0.489238   0.870819 -0.0481634    1.86584
         0          0          0          1

 -0.340047    0.23963   0.909366   0.380999
  0.786752   -0.45723   0.414683   0.815575
   0.51516   0.856457 -0.0330495    1.85313
         0          0          0          1

 -0.340395   0.240143     0.9091   0.381006
   0.78564  -0.458577   0.415304   0.814336
  0.516625   0.855592 -0.0325686    1.85288
         0          0          0          1

  -0.34411   0.240549   0.907593   0.380555
  0.777226  -0.469353    0.41908   0.801827
   0.52679   0.849614 -0.0254519    1.84518
         0          0          0          1

 -0.348907   0.246415   0.904181   0.376618
  0.763798  -0.484279   0.426716   0.784521
  0.543025   0.839496 -0.0192426     1.8393
         0          0          0          1

 -0.353825   0.246598   0.902218   0.372987
  0.754329  -0.495078   0.431144   0.769649
  0.552988   0.833119 -0.0108449    1.83189
         0          0          0          1

  -0.347651    0.249233    0.903893    0.375069
   0.743264   -0.514413    0.427711     0.74794
   0.571574    0.820525 -0.00640988     1.81614
          0           0           0           1

 -0.350158   0.248029   0.903256   0.369482
  0.735685  -0.524061   0.429101    0.73194
   0.57979   0.814765 0.00103244    1.80585
         0          0          0          1

 -0.350964   0.248031   0.902942   0.364011
  0.729368  -0.532317   0.429721   0.718985
  0.587236   0.809394 0.00591789    1.79844
         0          0          0          1

-0.351369  0.246017  0.903336   0.36132
 0.725354  -0.53851  0.428799   0.70651
 0.591947  0.805905 0.0107661   1.78739
        0         0         0         1

-0.347674  0.242918  0.905602  0.357749
 0.716554 -0.554084  0.423723  0.682425
 0.604709   0.79623 0.0185766     1.771
        0         0         0         1

-0.345596  0.247146  0.905253  0.352253
 0.708353 -0.564015   0.42441  0.667159
 0.615467  0.787912 0.0198555   1.76673
        0         0         0         1

-0.334782  0.244652  0.909982  0.354655
 0.710755 -0.568475  0.414323    0.6596
 0.618667  0.785482 0.0164272   1.75551
        0         0         0         1

-0.331647  0.243119  0.911539  0.349026
 0.707289 -0.575327  0.410781  0.646714
 0.624301  0.780956 0.0188498   1.74737
        0         0         0         1

-0.323227  0.241863  0.914892  0.351142
 0.706932 -0.580996  0.403349  0.638354
 0.629104  0.777139 0.0168129   1.73822
        0         0         0         1

-0.323038  0.242063  0.914906   0.34459
  0.70215 -0.586876  0.403191  0.625252
 0.634533  0.772646 0.0196191   1.72959
        0         0         0         1

  -0.3192  0.232563  0.918709  0.340029
 0.696357  -0.59999  0.393827  0.606443
 0.642805  0.765459 0.0295696   1.70938
        0         0         0         1

-0.320707  0.235307  0.917484  0.333349
 0.688052 -0.607826  0.396398  0.592654
 0.650946  0.758405 0.0330305   1.70265
        0         0         0         1

-0.317696  0.232903  0.919144  0.332762
 0.682393 -0.616878  0.392175  0.583627
 0.658339  0.751809 0.0370485   1.69582
        0         0         0         1

-0.319136  0.227641  0.919963   0.32925
 0.677914 -0.623505  0.389453  0.573738
 0.662257  0.747944 0.0446619   1.68581
        0         0         0         1

-0.311892   0.22005  0.924284  0.326659
 0.671872 -0.636761  0.378316  0.557698
 0.671797  0.738995 0.0507553   1.67145
        0         0         0         1

-0.308032  0.215637  0.926616  0.324068
 0.670409 -0.641868  0.372234  0.549267
 0.675032  0.735871 0.0531513   1.66355
        0         0         0         1

 -0.30475  0.208588  0.929311  0.322479
 0.671033 -0.645407  0.364917  0.543003
 0.675901  0.734807 0.0567182   1.65413
        0         0         0         1

-0.305945  0.198571  0.931111  0.316719
 0.667844 -0.652252  0.358542  0.529233
 0.678514  0.731531 0.0669391   1.64035
        0         0         0         1

-0.305098  0.195863  0.931962  0.315272
 0.666711 -0.654858  0.355889  0.525453
 0.680008  0.729931 0.0692118   1.63706
        0         0         0         1

-0.301412  0.186378  0.935101  0.315223
  0.66657 -0.660061  0.346415  0.519936
 0.681788  0.727724 0.0747159   1.62902
        0         0         0         1

-0.300742   0.17371  0.937752  0.310792
 0.661087  -0.67074  0.336262  0.505107
   0.6874  0.721064 0.0868824   1.61413
        0         0         0         1

-0.304378  0.167536  0.937702  0.307548
 0.659779 -0.672956  0.334399  0.497941
 0.687056   0.72046 0.0942967   1.60524
        0         0         0         1

-0.30613 0.160292 0.938398 0.305821
0.657783 -0.67696 0.330221 0.491581
 0.68819 0.718353 0.101801  1.59711
       0        0        0        1

  -0.3082  0.152994  0.938939  0.304698
 0.655684 -0.680945  0.326179   0.48557
 0.689269  0.716175  0.109552   1.58948
        0         0         0         1

-0.310082  0.143684  0.939789  0.301754
 0.650834 -0.688486  0.320004  0.474004
 0.693011  0.710874  0.119972   1.57653
        0         0         0         1

-0.315913   0.13357  0.939339  0.299808
 0.650417 -0.690311  0.316904  0.469006
 0.690765  0.711077  0.131202   1.56577
        0         0         0         1

-0.320316  0.129369  0.938436  0.296817
 0.646506 -0.694217  0.316374  0.462305
 0.692407  0.708044  0.138731   1.55816
        0         0         0         1

-0.323111  0.124708  0.938108  0.295104
 0.644497 -0.696876  0.314623  0.456318
 0.692981  0.706266  0.144794   1.55088
        0         0         0         1

-0.324104  0.121488  0.938188  0.293793
 0.642096 -0.700054  0.312468  0.451152
 0.694744  0.703679  0.148884    1.5438
        0         0         0         1

-0.327232  0.115477  0.937862  0.292635
 0.640499 -0.702614   0.30999  0.446718
 0.694752  0.702138  0.155955   1.53588
        0         0         0         1

-0.331808   0.10918  0.937008  0.290403
 0.635562 -0.708138  0.307574  0.437707
 0.697111  0.697582  0.165575   1.52062
        0         0         0         1

-0.333895  0.105251  0.936716  0.290476
 0.632501 -0.711795  0.305435  0.434135
 0.698897  0.694457  0.171093   1.51374
        0         0         0         1

-0.338003  0.101856  0.935617  0.288608
 0.630181 -0.713874  0.305377  0.429588
 0.699017  0.692827  0.177104   1.50524
        0         0         0         1

-0.341593  0.100661  0.934442  0.287457
 0.626626 -0.716618  0.306265  0.425297
 0.700467  0.690163  0.181715   1.49827
        0         0         0         1

-0.350384  0.095948  0.931678  0.285217
 0.620867 -0.720984  0.307745  0.416995
 0.701252  0.686277  0.193051    1.4823
        0         0         0         1

  -0.3562 0.0938513  0.929684  0.284272
 0.620067  -0.72057  0.310315  0.412925
 0.699026  0.687001  0.198473   1.47274
        0         0         0         1

-0.356122 0.0951473  0.929583  0.283699
 0.616862   -0.7233  0.310353  0.408971
 0.701896  0.683947  0.198891     1.467
        0         0         0         1

 -0.35759 0.0981057  0.928711   0.28242
 0.612594 -0.725971  0.312562  0.404277
 0.704881  0.680692  0.199501   1.46195
        0         0         0         1

-0.359427 0.0979491  0.928018  0.281502
 0.611729  -0.72626  0.313581  0.400566
 0.704698  0.680406   0.20112   1.45339
        0         0         0         1

-0.359629  0.100669  0.927649  0.280169
 0.608842 -0.728052  0.315043  0.395207
 0.707092   0.67809  0.200537   1.44793
        0         0         0         1

-0.358825  0.100906  0.927934  0.280326
 0.607888 -0.729146  0.314355  0.390208
 0.708319  0.676879  0.200297    1.4351
        0         0         0         1

-0.359976  0.105081  0.927025  0.277786
 0.605168 -0.729942  0.317736  0.381351
 0.710062  0.675383   0.19917   1.42196
        0         0         0         1

-0.359976  0.105081  0.927025  0.277786
 0.605168 -0.729942  0.317736  0.381351
 0.710062  0.675383   0.19917   1.42196
        0         0         0         1

-0.358559  0.104555  0.927633  0.278454
 0.606122 -0.729675  0.316528  0.379531
 0.709966  0.675753  0.198258   1.41548
        0         0         0         1

-0.358563  0.105219  0.927557  0.277519
 0.606295 -0.729283  0.317101  0.375399
 0.709816  0.676074    0.1977   1.40939
        0         0         0         1

-0.357546  0.107084  0.927736  0.276581
 0.606831 -0.728465  0.317954  0.367931
 0.709871  0.676662  0.195478   1.39909
        0         0         0         1

-0.356165  0.106024  0.928389  0.277676
 0.608856 -0.727345  0.316644   0.36611
 0.708831  0.678033  0.194501   1.39204
        0         0         0         1

-0.354883  0.106176  0.928862  0.277503
 0.609458 -0.727135  0.315968   0.36282
 0.708957  0.678234  0.193338   1.38793
        0         0         0         1

-0.354226  0.105568  0.929182  0.277417
 0.610592 -0.726469  0.315309   0.35992
 0.708309  0.679042  0.192876   1.38277
        0         0         0         1

-0.351798  0.105326  0.930132  0.278758
 0.611995 -0.725993  0.313681   0.35878
 0.708308  0.679588  0.190944   1.37837
        0         0         0         1

-0.350602  0.105836  0.930525  0.277085
 0.612935 -0.725306  0.313435  0.351492
 0.708088  0.680243  0.189423   1.36935
        0         0         0         1

-0.353842  0.102139  0.929712  0.278216
  0.61384 -0.724628  0.313232  0.349371
 0.705688  0.681529  0.193706   1.36192
        0         0         0         1

-0.354868  0.100989  0.929446  0.278603
 0.613872 -0.724651  0.313117  0.348405
 0.705145  0.681676  0.195161   1.36016
        0         0         0         1

-0.359912 0.0972032  0.927909  0.278863
 0.613276 -0.724857  0.313807  0.345192
 0.703104  0.682007  0.201273   1.35445
        0         0         0         1

-0.364543 0.0938714  0.926443  0.279154
 0.613356 -0.724382  0.314745   0.34378
 0.700645  0.682978  0.206492   1.34971
        0         0         0         1

-0.368229 0.0895913  0.925409  0.281021
 0.613007 -0.724955  0.314106  0.342777
 0.699021  0.682945  0.212029   1.34723
        0         0         0         1

-0.374527 0.0845815   0.92335   0.28184
  0.61234 -0.725214  0.314808  0.339871
 0.696254  0.683308   0.21982   1.34065
        0         0         0         1

-0.376881 0.0829794  0.922537  0.282569
 0.612865 -0.724455  0.315534  0.338996
 0.694519   0.68431  0.222178   1.33654
        0         0         0         1

-0.378616 0.0796729  0.922118  0.283674
 0.613456 -0.724417  0.314472  0.338874
 0.693053  0.684743    0.2254   1.33264
        0         0         0         1

-0.381153 0.0789359  0.921136  0.283341
 0.613757 -0.723511  0.315965  0.337062
 0.691393  0.685785  0.227321   1.32805
        0         0         0         1

-0.385266 0.0810381   0.91924   0.28393
 0.610511 -0.724593  0.319752  0.334838
 0.691987  0.684396  0.229686   1.32137
        0         0         0         1

-0.386801 0.0812478  0.918577  0.284506
 0.609233 -0.725255  0.320689  0.335056
 0.692257   0.68367   0.23103   1.31779
        0         0         0         1

-0.385527 0.0813198  0.919106  0.285764
  0.60911 -0.725788  0.319713  0.335509
 0.693075  0.683095  0.230278   1.31581
        0         0         0         1

-0.386653 0.0831512  0.918469  0.285192
   0.6086 -0.725264  0.321866  0.334467
 0.692896  0.683431   0.22982   1.31294
        0         0         0         1

-0.387281 0.0832415  0.918196  0.284913
  0.60906 -0.724561  0.322579  0.333746
 0.692141  0.684166  0.229909   1.31079
        0         0         0         1

-0.390796 0.0790949  0.917073  0.286939
 0.610595 -0.723269  0.322576  0.336197
 0.688804  0.686022  0.234356   1.30676
        0         0         0         1

 -0.39875 0.0762483  0.913884  0.285897
 0.609627 -0.722429   0.32627  0.334672
 0.685094  0.687229  0.241586   1.30351
        0         0         0         1

-0.403809 0.0740721   0.91184  0.286573
 0.609934 -0.721073  0.328685  0.335261
 0.681849  0.688888  0.245996   1.30108
        0         0         0         1

-0.404405 0.0747454  0.911521  0.286582
 0.609969 -0.720577  0.329707  0.335324
 0.681464  0.689335  0.245812   1.30068
        0         0         0         1

-0.401675 0.0822683   0.91208  0.286418
 0.609001 -0.719822  0.333128  0.334603
 0.683941  0.689266  0.239033   1.30187
        0         0         0         1

-0.395069  0.091842  0.914049  0.287576
 0.609049 -0.718699  0.335456  0.335229
 0.687736  0.689229  0.227999   1.30325
        0         0         0         1

-0.394588 0.0954067  0.913892  0.287724
 0.609123  -0.71749  0.337902  0.335246
 0.687946  0.690004  0.224998   1.30301
        0         0         0         1

-0.393877 0.0983935  0.913882  0.287973
 0.608869 -0.716902  0.339604  0.335115
 0.688578  0.690196  0.222463   1.30302
        0         0         0         1

-0.389215  0.103167  0.915351  0.289329
 0.609961 -0.715769  0.340033   0.33712
  0.69026  0.690675   0.21566   1.30414
        0         0         0         1

-0.388306  0.103947  0.915649   0.28959
 0.610161 -0.715617  0.339994  0.337472
 0.690596  0.690715  0.214454   1.30434
        0         0         0         1

-0.387971  0.10576 0.915583 0.289468
0.610158 -0.71507 0.341148 0.337554
0.690786 0.691006 0.212897  1.30368
       0        0        0        1

-0.384506  0.110997  0.916425  0.289716
 0.610123 -0.714443  0.342523   0.33812
 0.692752  0.690834  0.206985    1.3027
        0         0         0         1

-0.379645  0.119273  0.917412  0.289146
 0.608235 -0.715023  0.344661  0.337916
 0.697079  0.688851  0.198909   1.30338
        0         0         0         1

-0.377045  0.123623  0.917907  0.288542
 0.607488 -0.715088  0.345843  0.337615
 0.699138  0.688017  0.194521   1.30354
        0         0         0         1

-0.370584   0.12678  0.920106  0.288763
 0.608813 -0.714984  0.343723  0.338249
 0.701438   0.68755  0.187776   1.30362
        0         0         0         1

-0.355674  0.134457  0.924888  0.289237
 0.609323 -0.717011  0.338557  0.339836
 0.708676  0.683971  0.173094    1.3048
        0         0         0         1

-0.350703 0.139988 0.925965 0.289131
0.607474 -0.71851 0.338701 0.340184
0.712729 0.681283 0.166944  1.30575
       0        0        0        1

-0.344436  0.146078  0.927375  0.289003
 0.607726 -0.718228  0.338848  0.340776
 0.715565  0.680302  0.158608   1.30674
        0         0         0         1

-0.340865  0.152837  0.927605  0.288128
  0.60639 -0.718257  0.341172  0.340591
 0.718402  0.678784   0.15215   1.30705
        0         0         0         1

-0.332635  0.160381  0.929318  0.287917
 0.603572 -0.720962  0.340462  0.341017
 0.724606   0.67416  0.143016   1.30871
        0         0         0         1

-0.327668  0.165503  0.930184  0.287553
 0.601623 -0.722575  0.340493  0.341137
  0.72848  0.671189  0.137194    1.3091
        0         0         0         1

-0.309138   0.17889  0.934041   0.28826
 0.598083 -0.727048  0.337192  0.343175
 0.739412  0.662873  0.117767   1.31155
        0         0         0         1

-0.299564  0.191805  0.934597  0.287877
 0.592798 -0.730132  0.339851  0.343239
 0.747564  0.655834   0.10502   1.31507
        0         0         0         1

-0.288145  0.205534  0.935269  0.287282
 0.588683 -0.732314  0.342298  0.342942
 0.755265  0.649209 0.0900182   1.31849
        0         0         0         1

-0.274259   0.21745  0.936748  0.287657
 0.585671  -0.73484  0.342052  0.343486
 0.762739  0.642437 0.0741818    1.3211
        0         0         0         1

-0.241785  0.247608  0.938206  0.288061
   0.5802 -0.738112  0.344324  0.343977
 0.777758  0.627599 0.0348024   1.32734
        0         0         0         1

-0.228945  0.262505  0.937377  0.287016
 0.577888 -0.738255  0.347886  0.342987
 0.783345  0.621345 0.0173218   1.32882
        0         0         0         1

  -0.211922    0.276995     0.93721    0.287197
    0.57418   -0.740733    0.348759    0.343375
   0.790827    0.612037 -0.00206738     1.33279
          0           0           0           1

 -0.196892   0.291129   0.936204   0.287718
  0.570657  -0.742446   0.350891   0.343717
  0.797235   0.603339 -0.0199529    1.33641
         0          0          0          1

 -0.169526   0.312577   0.934642   0.288093
   0.56399  -0.746952   0.352104    0.34454
  0.808193    0.58682 -0.0496628    1.34149
         0          0          0          1

 -0.158038   0.317555   0.934978   0.288537
  0.562768  -0.749076   0.349539   0.346019
  0.811367   0.581416 -0.0603278    1.34335
         0          0          0          1

 -0.146886   0.327811   0.933255   0.287335
  0.557196  -0.752135   0.351889   0.344581
  0.817286   0.571693 -0.0721767     1.3477
         0          0          0          1

  -0.12708   0.332687   0.934436   0.288672
   0.55337   -0.75806   0.345148   0.347605
  0.823184    0.56095 -0.0877651    1.35189
         0          0          0          1

-0.119671  0.335045  0.934571  0.289069
  0.55162 -0.760227  0.343177  0.348689
 0.825466  0.556597 -0.093841   1.35383
        0         0         0         1

-0.101688  0.343122   0.93377  0.288139
 0.548384 -0.763813  0.340389  0.348764
 0.830021  0.546679 -0.110492   1.35756
        0         0         0         1

-0.0813879  0.349599  0.933358  0.289221
   0.5469 -0.767225  0.335062  0.351449
 0.833232  0.537724 -0.128753   1.36007
        0         0         0         1

-0.0658031  0.357601  0.931553  0.289458
 0.544004 -0.769775  0.333925  0.352361
 0.836498  0.528742 -0.143883   1.36493
        0         0         0         1

-0.0584687  0.365183  0.929098  0.287004
 0.540835 -0.770687  0.336955  0.349783
 0.839094   0.52219 -0.152443   1.36742
        0         0         0         1

-0.0440823  0.367404  0.929016  0.288253
 0.537347 -0.775229  0.332082   0.35302
 0.842209  0.513843 -0.163249   1.37149
        0         0         0         1

-0.0415185  0.368542  0.928683  0.288201
 0.536126 -0.776123  0.331968  0.353467
 0.843117  0.511674 -0.165362    1.3726
        0         0         0         1

-0.0377785  0.369277  0.928551  0.287657
 0.533705  -0.77813  0.331169  0.353959
 0.844827  0.508083 -0.167688   1.37546
        0         0         0         1

-0.0381281  0.361438  0.931616  0.286434
 0.532488 -0.781553  0.325011  0.356769
 0.845578  0.508467 -0.162662    1.3804
        0         0         0         1

-0.0414862  0.352526  0.934882  0.286715
 0.532959 -0.783645  0.319148   0.35858
 0.845123  0.511494 -0.155371   1.38102
        0         0         0         1

-0.0469869  0.345525  0.937233  0.284988
 0.533564 -0.784519  0.315974   0.35929
 0.844453  0.514921 -0.147498   1.38132
        0         0         0         1

-0.0468626   0.33397  0.941418  0.286805
 0.535006 -0.787487  0.305995  0.363799
 0.843548  0.518004 -0.141772   1.38315
        0         0         0         1

-0.0564788  0.319037  0.946058   0.28406
 0.537965 -0.788526  0.298028   0.36518
 0.841073  0.525778 -0.127096   1.38576
        0         0         0         1

-0.0587739  0.309438  0.949102  0.284178
  0.54013 -0.789701  0.290916  0.368555
 0.839527  0.529736 -0.120723    1.3885
        0         0         0         1

-0.0591202  0.302562  0.951295  0.284718
 0.542003 -0.790533  0.285115  0.370943
 0.838295   0.53246 -0.117253   1.39139
        0         0         0         1

-0.0605275  0.294801   0.95364  0.284025
  0.54496 -0.790678  0.279012  0.373105
 0.836275  0.536583 -0.112797   1.39413
        0         0         0         1

-0.0575982  0.289345   0.95549  0.284656
 0.547929 -0.790887  0.272529  0.376295
  0.83454  0.539238 -0.112987    1.3983
        0         0         0         1

-0.0563207  0.284383  0.957055  0.284177
 0.552217 -0.789735  0.267161  0.378826
 0.831796  0.543549 -0.112563   1.40041
        0         0         0         1

-0.0444613  0.280365  0.958863  0.285917
 0.560551 -0.787478  0.256245  0.386119
 0.826926  0.548885 -0.122147   1.40681
        0         0         0         1

-0.0388396  0.280011  0.959211  0.286078
 0.564042  -0.78624  0.252356   0.38924
 0.824832  0.550837 -0.127401   1.41093
        0         0         0         1

-0.0345333  0.283115  0.958464  0.284657
 0.566666 -0.784425  0.252124  0.389631
 0.823223  0.551836 -0.133343   1.41524
        0         0         0         1

-0.0279838  0.284545  0.958254  0.286133
 0.569148 -0.783536  0.249284  0.394602
 0.821759  0.552364 -0.140022   1.41989
        0         0         0         1

-0.0161397  0.289272  0.957111  0.286287
  0.57547 -0.780111   0.24548  0.401197
 0.817663  0.554751 -0.153877   1.42789
        0         0         0         1

-0.010422  0.291522  0.956507  0.286494
 0.578501 -0.778469  0.243563  0.404897
 0.815615  0.555879 -0.160533   1.43229
        0         0         0         1

-0.00481315  0.294507  0.955637  0.287007
 0.581888  -0.77637  0.242191  0.409336
 0.813255   0.55724 -0.167633   1.43736
        0         0         0         1

-0.000148845  0.297299  0.954784  0.287822
  0.58367  -0.77525  0.241487  0.413531
 0.811991  0.557315 -0.173409   1.44322
        0         0         0         1

0.000550022  0.298222  0.954496  0.288012
 0.586328 -0.773309  0.241274  0.417724
 0.810074  0.559515 -0.175281   1.44747
        0         0         0         1

0.000564301  0.303059  0.952972  0.285638
 0.589373  -0.76997  0.244513  0.419929
 0.807861  0.561517 -0.179049   1.45329
        0         0         0         1

-0.000677186   0.30047  0.953791  0.287219
  0.59703 -0.765028  0.241428  0.430339
 0.802219  0.569605 -0.178871   1.46154
        0         0         0         1

-0.00413156  0.305002  0.952343  0.285128
 0.603667 -0.758485  0.245535   0.43679
 0.797226  0.575912 -0.180986   1.47489
        0         0         0         1

-0.00413156  0.305002  0.952343  0.285128
 0.603667 -0.758485  0.245535   0.43679
 0.797226  0.575912 -0.180986   1.47489
        0         0         0         1

-0.00580562  0.308411  0.951235  0.284216
 0.606457 -0.755263  0.248574   0.43969
 0.795095  0.578326 -0.182653    1.4822
        0         0         0         1

-0.00519086  0.311354   0.95028  0.285834
 0.617269 -0.746641  0.248004  0.450862
 0.786735  0.587866 -0.188313   1.49619
        0         0         0         1

-0.00804827  0.310432  0.950562  0.285379
 0.625832 -0.739843  0.246915  0.456079
 0.779916  0.596879 -0.188324   1.49993
        0         0         0         1

-0.00624801  0.313678  0.949509  0.285636
 0.631476 -0.735012  0.246973  0.461188
  0.77537  0.601135 -0.193488   1.50753
        0         0         0         1

-0.00715702  0.315553  0.948881  0.285522
 0.639377  -0.72815  0.246971  0.466208
  0.76886   0.60846 -0.196546   1.51293
        0         0         0         1

-0.00671829  0.317469  0.948245  0.286038
 0.644524 -0.723643   0.24684  0.471635
 0.764555  0.612825 -0.199755   1.52057
        0         0         0         1

-0.00745582  0.324496  0.945858   0.28425
 0.650464 -0.716845  0.251056  0.475843
   0.7595  0.617118 -0.205728   1.53117
        0         0         0         1

-0.00951785  0.326554  0.945131  0.283917
 0.662504 -0.705905   0.25057  0.485393
 0.748998  0.628538 -0.209625   1.54126
        0         0         0         1

-0.0058052  0.330307  0.943856  0.286324
 0.668284 -0.700861   0.24938  0.492188
 0.743884  0.632211  -0.21667   1.54988
        0         0         0         1

-0.00546331  0.333105  0.942874  0.286443
 0.673449 -0.695781  0.249712  0.498891
 0.739214  0.636342 -0.220528   1.55831
        0         0         0         1

-0.0061002  0.338467  0.940958  0.286928
 0.680629 -0.687969  0.251878  0.505665
 0.732603   0.64198 -0.226174   1.56648
        0         0         0         1

-0.00628277  0.348162  0.937413  0.288542
 0.690861 -0.676228  0.255786  0.518108
  0.72296  0.649229 -0.236283   1.58119
        0         0         0         1

-0.0087456  0.349859  0.936761  0.288661
 0.699795 -0.667029  0.255654     0.525
  0.71429  0.657777 -0.238996   1.58601
        0         0         0         1

-0.00690571  0.358585  0.933471  0.289348
 0.702912 -0.662216  0.259585  0.530258
 0.711243  0.657941 -0.247481   1.59751
        0         0         0         1

-0.00744407  0.360626  0.932681  0.289993
 0.710952  -0.65399  0.258543  0.537455
 0.703201  0.665016 -0.251519   1.60383
        0         0         0         1

-0.0107453  0.365119  0.930899  0.289476
 0.718019 -0.645107  0.261314  0.544354
  0.69594  0.671211 -0.255231   1.61026
        0         0         0         1

-0.0120769  0.368609  0.929506  0.290919
 0.726373 -0.635611  0.261498  0.554088
 0.687195  0.678326 -0.260071   1.61958
        0         0         0         1

-0.015182  0.37702 0.926081  0.29217
0.737853 -0.62083 0.264845 0.566282
 0.67479 0.687332 -0.26876  1.63476
       0        0        0        1

-0.0153241  0.379444  0.925088  0.294744
 0.748266  -0.60933  0.262325  0.578564
 0.663221  0.696232 -0.274588   1.64273
        0         0         0         1

-0.0156606  0.383744  0.923307  0.295204
 0.755505 -0.600332  0.262324  0.585341
 0.654956  0.701671 -0.280519   1.64871
        0         0         0         1

-0.0180345  0.385005  0.922738  0.297202
   0.7615  -0.59276  0.262207  0.594978
 0.647913  0.707394 -0.282491   1.65717
        0         0         0         1

-0.0254433  0.392913  0.919224  0.296931
 0.775756 -0.572204  0.266055  0.611097
  0.63052  0.719862 -0.290246   1.67327
        0         0         0         1

-0.025576  0.395811  0.917976  0.298681
 0.781709 -0.564464  0.265164  0.621452
 0.623119  0.724371 -0.294972   1.68242
        0         0         0         1

-0.0283817  0.396557  0.917571  0.299512
  0.79031  -0.55315  0.263506   0.63083
  0.61205  0.732644 -0.297704     1.687
        0         0         0         1

-0.0294411  0.397736  0.917027  0.301553
 0.801218 -0.539144  0.259563  0.647508
 0.597647  0.742381 -0.302801   1.69902
        0         0         0         1

-0.0296224  0.398148  0.916843  0.302173
 0.804562 -0.534787  0.258231   0.65213
  0.59313  0.745306 -0.304493    1.7022
        0         0         0         1

-0.0322721   0.40629  0.913174  0.307038
 0.826313 -0.503154  0.253066  0.683953
 0.562286  0.762735 -0.319485   1.72433
        0         0         0         1

-0.0322721   0.40629  0.913174  0.307038
 0.826313 -0.503154  0.253066  0.683953
 0.562286  0.762735 -0.319485   1.72433
        0         0         0         1

-0.0305413  0.413557  0.909966  0.310785
  0.83311 -0.492478   0.25178  0.699975
 0.552263  0.765792 -0.329497   1.74212
        0         0         0         1

-0.029934   0.41525  0.909215  0.312904
 0.835929 -0.488315  0.250541  0.706558
 0.548021  0.767539 -0.332502   1.74794
        0         0         0         1

-0.035519  0.413507  0.909808  0.311925
 0.843026 -0.476512  0.249486  0.716989
 0.536698  0.775853 -0.331672   1.75329
        0         0         0         1

-0.0455663  0.413093  0.909548  0.312776
 0.857974 -0.450172  0.247439  0.740647
 0.511669  0.791643  -0.33391   1.76412
        0         0         0         1

-0.0473303  0.416214  0.908034  0.314331
  0.86185 -0.442525  0.247763  0.750438
  0.50495  0.794316 -0.337769    1.7742
        0         0         0         1

-0.0497676  0.415402  0.908276  0.316424
 0.869504 -0.429426  0.244042  0.764683
 0.491413  0.801894 -0.339822   1.78068
        0         0         0         1

-0.0531999  0.411837  0.909703  0.323108
  0.87758 -0.415393  0.239377  0.784273
 0.476469  0.811072 -0.339321    1.7913
        0         0         0         1

-0.0549902  0.410983  0.909983  0.324972
 0.880268 -0.410202  0.238457  0.791187
 0.471279  0.814142 -0.339218   1.79616
        0         0         0         1

-0.0567054  0.412854   0.90903  0.326953
 0.884036 -0.402357  0.237885  0.802233
 0.463966  0.817105 -0.342162   1.80773
        0         0         0         1

-0.0716225  0.404282  0.911826  0.325181
 0.897547 -0.372624  0.235714  0.826756
 0.435063  0.835289 -0.336174   1.81709
        0         0         0         1

-0.0739595   0.39452  0.915906  0.331577
 0.911127 -0.346651  0.222891  0.855069
 0.405435  0.850992 -0.333819    1.8278
        0         0         0         1

-0.0739595   0.39452  0.915906  0.331577
 0.911127 -0.346651  0.222891  0.855069
 0.405435  0.850992 -0.333819    1.8278
        0         0         0         1

-0.0792291  0.396369  0.914666  0.333574
  0.91534 -0.334474  0.224231  0.867714
  0.39481  0.854997 -0.336312   1.83882
        0         0         0         1

-0.0944158  0.384293  0.918371  0.328474
 0.924217 -0.309028   0.22433  0.886612
 0.370011  0.869954 -0.325993   1.84826
        0         0         0         1

-0.0903919  0.383625  0.919055  0.339146
   0.9302 -0.297124  0.215511  0.905783
 0.355749  0.874385  -0.32999   1.85422
        0         0         0         1

-0.0929688  0.382261  0.919366  0.343756
 0.934833 -0.284301  0.212742  0.919169
   0.3427  0.879232 -0.330919   1.86101
        0         0         0         1

-0.101026  0.378412  0.920108  0.351435
 0.942848 -0.258767  0.209945  0.946935
 0.317539  0.888732 -0.330643    1.8724
        0         0         0         1

-0.101026  0.378412  0.920108  0.351435
 0.942848 -0.258767  0.209945  0.946935
 0.317539  0.888732 -0.330643    1.8724
        0         0         0         1

 -0.11998  0.369584  0.921419  0.350939
 0.951896 -0.220766  0.212498  0.978161
 0.281954  0.902591 -0.325318    1.8768
        0         0         0         1

-0.121692  0.366601  0.922385  0.352067
 0.954069 -0.213103  0.210569  0.985645
 0.273758  0.905644  -0.32383   1.87649
        0         0         0         1

-0.129993  0.368875  0.920344  0.352444
 0.955145  -0.20251  0.216075  0.997695
 0.266084   0.90715 -0.326004    1.8838
        0         0         0         1

-0.135797   0.36768  0.919984  0.348727
 0.956128 -0.194654  0.218928   1.00476
 0.259574  0.909352 -0.325115   1.89141
        0         0         0         1

-0.129302  0.366725    0.9213  0.358552
 0.960796 -0.183467  0.207874   1.02195
 0.245261   0.91206 -0.328625   1.89623
        0         0         0         1

-0.128785  0.366785  0.921349  0.359431
 0.966371 -0.162114  0.199615   1.04401
  0.22258  0.916072 -0.333572   1.90445
        0         0         0         1

-0.129115  0.366938  0.921241  0.361651
 0.969462 -0.148627  0.195073   1.05777
 0.208501  0.918295 -0.336543   1.90703
        0         0         0         1

-0.117294   0.37149  0.920998  0.375034
 0.973539 -0.140134   0.18051   1.07633
 0.196121    0.9178 -0.345223   1.90991
        0         0         0         1

-0.121633  0.368993  0.921439  0.373818
  0.97454 -0.131766  0.181409   1.08893
 0.188353  0.920044 -0.343572   1.91392
        0         0         0         1

-0.122704  0.370232  0.920799  0.374677
  0.97509 -0.127769  0.181312   1.10043
 0.184777   0.92011 -0.345332   1.91925
        0         0         0         1

-0.113872  0.365899  0.923662   0.38966
 0.979552 -0.113867   0.16587   1.12479
 0.165866  0.923662 -0.345451   1.90806
        0         0         0         1

-0.149743   0.35868  0.921372  0.369832
  0.97204 -0.117071  0.203552   1.13223
 0.180876   0.92609 -0.331121   1.91636
        0         0         0         1

-0.160171  0.354367  0.921287   0.37782
 0.969997 -0.116431  0.213424   1.14952
 0.182897   0.92783 -0.325086    1.9118
        0         0         0         1

-0.176246   0.35716  0.917264  0.388454
 0.965369  -0.11938  0.231973   1.16638
 0.192355  0.926383 -0.323751   1.91235
        0         0         0         1

-0.198866  0.355447  0.913296  0.397706
 0.959529 -0.118984   0.25524   1.18382
 0.199392  0.927092 -0.317399   1.90931
        0         0         0         1

-0.273742  0.349243  0.896156  0.413101
 0.932689 -0.131125  0.336002   1.21182
 0.234855  0.927812 -0.289841   1.91225
        0         0         0         1

