  0.261743 -0.0301469   0.964667   0.256687
  -0.80987  -0.550535   0.202537    1.08543
  0.524977  -0.834268  -0.168514    2.17156
         0          0          0          1

  0.275525 -0.0388751   0.960507   0.257619
 -0.811723  -0.544674   0.210801    1.06835
  0.514968  -0.837747  -0.181627    2.17152
         0          0          0          1

  0.288274 -0.0553282   0.955948   0.265553
 -0.815542  -0.537344   0.214833    1.05996
  0.501786  -0.841546  -0.200025    2.17785
         0          0          0          1

  0.312932 -0.0752251   0.946792   0.272504
 -0.813576  -0.535594   0.226347    1.03601
  0.490069  -0.841118  -0.228806    2.16669
         0          0          0          1

  0.318569 -0.0768993   0.944775   0.273165
  -0.81508  -0.531037   0.231613     1.0264
    0.4839  -0.843852  -0.231851    2.16534
         0          0          0          1

  0.328872 -0.0692872   0.941829   0.265353
 -0.811098  -0.531531   0.244119    1.00598
  0.483698    -0.8442  -0.231004    2.15433
         0          0          0          1

  0.330664 -0.0726729   0.940946   0.269742
  -0.81209  -0.529859   0.244458   0.998525
  0.480803  -0.844967  -0.234222    2.15378
         0          0          0          1

  0.347644 -0.0702538   0.934991    0.27065
 -0.813495  -0.518445   0.263515    0.96306
  0.466229   -0.85222  -0.237385    2.15081
         0          0          0          1

  0.357504 -0.0760545    0.93081    0.27331
  -0.81239  -0.516953   0.269782   0.956697
  0.460666  -0.852629  -0.246599    2.14513
         0          0          0          1

   0.37379 -0.0868196   0.923441   0.277227
 -0.815026  -0.505983   0.282335   0.939344
  0.442733  -0.858163  -0.259892    2.13962
         0          0          0          1

  0.382883 -0.0876629   0.919628   0.276349
  -0.81656  -0.497649   0.292533    0.92746
  0.432008  -0.862937  -0.262124    2.13778
         0          0          0          1

  0.390968 -0.0874129   0.916244   0.279757
 -0.820451  -0.484261   0.303893   0.909322
  0.417137  -0.870546  -0.261049    2.12781
         0          0          0          1

 0.398815 -0.090986  0.912506  0.280899
-0.821304 -0.478081  0.311285  0.900711
 0.407929  -0.87359 -0.265393   2.12542
        0         0         0         1

  0.419484 -0.0974663   0.902515   0.280527
 -0.823238  -0.459786   0.332982    0.86694
  0.382509  -0.882665  -0.273111    2.10686
         0          0          0          1

  0.42699  -0.10825  0.897754   0.28414
-0.826916 -0.448485   0.33922  0.855375
 0.365909 -0.887211 -0.281012   2.10945
        0         0         0         1

 0.432778 -0.122732  0.893107  0.288032
-0.833463 -0.432036  0.344506  0.836398
 0.343572 -0.893466 -0.289268    2.1053
        0         0         0         1

 0.439956 -0.122983  0.889558  0.283687
-0.833714 -0.424037  0.353713  0.825208
 0.333705 -0.897256  -0.28909    2.1015
        0         0         0         1

   0.4489 -0.127633   0.88442  0.281245
-0.836968 -0.406747  0.366116  0.794674
 0.313006 -0.904581 -0.289413   2.07589
        0         0         0         1

 0.449915 -0.135916  0.882668  0.285501
-0.838781 -0.403654  0.365389  0.789327
  0.30663  -0.90476 -0.295614    2.0707
        0         0         0         1

 0.448359 -0.148397  0.881449  0.293005
 -0.84325 -0.397312  0.362039  0.777134
 0.296484 -0.905606 -0.303274   2.06008
        0         0         0         1

 0.452263 -0.153956  0.878496  0.292766
-0.844663 -0.390189  0.366465  0.765478
  0.28636 -0.907772 -0.306509   2.05712
        0         0         0         1

 0.456547 -0.165773  0.874119  0.293937
-0.849135 -0.374469  0.372481  0.745754
 0.265583   -0.9123 -0.311727   2.05177
        0         0         0         1

 0.457999 -0.168123   0.87291  0.294491
-0.850043 -0.370163  0.374708  0.737351
 0.260122 -0.913627 -0.312446   2.04485
        0         0         0         1

 0.462634 -0.176272  0.868848  0.292019
-0.854193 -0.350979  0.383624  0.704474
 0.237325 -0.919642 -0.312946   2.02373
        0         0         0         1

 0.466293 -0.183597  0.865369  0.293015
-0.855313 -0.343319  0.388036  0.695293
 0.225855   -0.9211  -0.31712   2.02152
        0         0         0         1

 0.463913 -0.190072   0.86525  0.294741
-0.859933 -0.331281  0.388289  0.681774
 0.212838 -0.924189 -0.317135   2.00555
        0         0         0         1

 0.464259 -0.196165  0.863703  0.295167
-0.862014 -0.324084  0.389745  0.674229
 0.203458 -0.925467 -0.319556   2.00039
        0         0         0         1

 0.468709 -0.212159  0.857497  0.296746
-0.864862 -0.307794  0.396581  0.656387
 0.179794 -0.927497 -0.327754   1.99229
        0         0         0         1

 0.464889 -0.217379  0.858268   0.29945
-0.867979 -0.303087  0.393384  0.650975
 0.174616 -0.927839 -0.329582   1.98298
        0         0         0         1

 0.460918 -0.240081  0.854351  0.303231
-0.875181 -0.282453  0.392784  0.628895
 0.147014 -0.928753 -0.340302   1.95589
        0         0         0         1

 0.461223 -0.247082  0.852188  0.303651
 -0.87663 -0.275286  0.394635  0.621976
 0.137088 -0.929068 -0.343568   1.94906
        0         0         0         1

 0.463227 -0.262239  0.846552  0.303547
-0.879039 -0.257469  0.401247  0.606226
 0.112739 -0.930022 -0.349786   1.93681
        0         0         0         1

 0.464904 -0.269129  0.843465  0.303045
-0.879446 -0.250311  0.404869  0.598408
 0.102167 -0.930007 -0.353056   1.93037
        0         0         0         1

  0.46217 -0.303559  0.833217  0.308326
-0.884656 -0.222993  0.409461  0.577076
0.0615059 -0.926351 -0.371606   1.90835
        0         0         0         1

  0.46142 -0.307597  0.832151  0.307792
-0.885505 -0.217326  0.410672  0.571131
0.0545269 -0.926366 -0.372657   1.89875
        0         0         0         1

 0.458143 -0.327359  0.826402  0.310998
-0.888349 -0.200704  0.412982  0.561148
0.0306685 -0.923339  -0.38276   1.88491
        0         0         0         1

 0.456816 -0.336404    0.8235  0.311465
 -0.88933 -0.193823  0.414156   0.55604
0.0202892 -0.921556 -0.387715   1.87707
        0         0         0         1

 0.454082 -0.360245  0.814882  0.315905
-0.890929 -0.176023  0.418642  0.546617
-0.00737529   -0.9161 -0.400882    1.8641
        0         0         0         1

 0.452521 -0.367159  0.812662  0.316201
-0.891617 -0.170318  0.419537  0.542311
-0.0156254 -0.914432 -0.404438   1.85532
        0         0         0         1

 0.449409 -0.391066  0.803181  0.317317
 -0.89199 -0.147272  0.427394  0.529599
-0.048853 -0.908503 -0.415012   1.82214
        0         0         0         1

 0.446348  -0.40069  0.800138  0.319464
-0.892847 -0.139473   0.42822  0.526598
-0.0599861 -0.905535 -0.420008   1.81465
        0         0         0         1

 0.443365 -0.413303  0.795367  0.320924
-0.892807 -0.124903  0.432777  0.520389
-0.0795242 -0.901986 -0.424378   1.79638
        0         0         0         1

 0.441285 -0.420162  0.792926  0.322108
-0.892925 -0.117784  0.434526  0.518401
-0.0891774 -0.899773 -0.427149   1.78788
        0         0         0         1

  0.436618  -0.438172   0.785729   0.323472
 -0.891524 -0.0936352    0.44319   0.510153
 -0.120621  -0.894001  -0.431524    1.75492
         0          0          0          1

  0.434444  -0.445374   0.782879   0.324769
 -0.890818 -0.0840761   0.446513   0.508545
 -0.133044  -0.891388  -0.433274    1.74683
         0          0          0          1

  0.431749  -0.458552   0.776738   0.326298
 -0.888662 -0.0687365   0.453383   0.505872
 -0.154509  -0.886005  -0.437175    1.72728
         0          0          0          1

   0.43171   -0.46853   0.770783   0.326308
 -0.885724 -0.0585362   0.460506   0.503899
 -0.170642  -0.881506  -0.440259    1.71944
         0          0          0          1

  0.430865   -0.48572   0.760546   0.326855
  -0.88017 -0.0402131   0.472953    0.50097
 -0.199139  -0.873189  -0.444843    1.70068
         0          0          0          1

  0.430177  -0.494718   0.755117   0.327875
 -0.876983 -0.0306138   0.479545   0.500278
 -0.214123  -0.868514  -0.447028    1.69188
         0          0          0          1

   0.436393    -0.51683    0.736511    0.328536
  -0.862378 -0.00677142    0.506219    0.498381
  -0.256642   -0.856061   -0.448658     1.65888
          0           0           0           1

   0.438185   -0.521708    0.731994    0.329539
   -0.85869 -0.00215418    0.512491    0.498887
  -0.265794   -0.853122   -0.448929     1.65005
          0           0           0           1

  0.438878  -0.526417   0.728197   0.331897
 -0.853759 0.00836712   0.520602   0.502432
 -0.280147  -0.850185  -0.445761    1.63042
         0          0          0          1

 0.439925 -0.531288  0.724016  0.332724
-0.850129 0.0134231  0.526403  0.503106
 -0.28939 -0.847085 -0.445758    1.6228
        0         0         0         1

 0.440833 -0.539875  0.717078  0.333435
-0.841523 0.0293362  0.539424  0.506263
-0.312258 -0.841234 -0.441385   1.59268
        0         0         0         1

 0.441167 -0.541342  0.715766  0.332833
 -0.83901 0.0342542  0.543036  0.506643
-0.318486 -0.840104  -0.43908   1.58469
        0         0         0         1

 0.437209 -0.548078  0.713063  0.334254
-0.835875 0.0449678  0.547074  0.509577
-0.331905 -0.835217 -0.438465    1.5697
        0         0         0         1

 0.434593 -0.550501  0.712796  0.335137
-0.834742  0.050933   0.54828  0.511681
-0.338133  -0.83328 -0.437391   1.56261
        0         0         0         1

  0.43397 -0.556537  0.708475   0.33415
-0.829563 0.0598946  0.555191  0.512978
-0.351418 -0.828661  -0.43569   1.54877
        0         0         0         1

  0.43525 -0.557922  0.706598  0.333667
-0.826599 0.0633795  0.559212  0.513965
 -0.35678  -0.82747 -0.433591   1.54162
        0         0         0         1

 0.434111 -0.568839  0.698548  0.334153
-0.817645 0.0767091  0.570589  0.518799
-0.378158 -0.818864 -0.431808    1.5189
        0         0         0         1

 0.433699 -0.571262  0.696825    0.3351
-0.815537 0.0799792  0.573152   0.52123
-0.383151 -0.816862 -0.431198   1.51265
        0         0         0         1

 0.435189 -0.576829  0.691288  0.335012
-0.809959 0.0844606  0.580373  0.523858
-0.393163 -0.812486 -0.430452   1.49985
        0         0         0         1

 0.434592 -0.581228  0.687971  0.335704
-0.807243 0.0873365  0.583722  0.525518
-0.399361  -0.80904 -0.431237    1.4955
        0         0         0         1

 0.436154 -0.594646    0.6754  0.335128
-0.797145 0.0929308  0.596593  0.529835
-0.417527 -0.798599 -0.433487   1.47717
        0         0         0         1

 0.434689 -0.599849  0.671733  0.336452
-0.794649 0.0954994   0.59951  0.532203
-0.423766 -0.794393 -0.435157   1.47271
        0         0         0         1

 0.433175 -0.611487  0.662151  0.336716
-0.788557 0.0986746  0.606993  0.535359
-0.436506 -0.785078 -0.439449   1.46417
        0         0         0         1

 0.433434 -0.616768  0.657063  0.336116
-0.784923 0.0998411  0.611496   0.53593
-0.442753 -0.780787 -0.440841   1.45976
        0         0         0         1

 0.433873 -0.626604  0.647396  0.335466
   -0.779  0.100123  0.618979  0.537724
-0.452674  -0.77288 -0.444683   1.44962
        0         0         0         1

 0.429999  -0.63291  0.643837   0.33758
-0.776912   0.10387  0.620982  0.540397
-0.459901 -0.767226 -0.447051   1.44676
        0         0         0         1

 0.420659 -0.649406  0.633496  0.339782
-0.771178  0.111829  0.626721  0.546713
 -0.47784 -0.752174 -0.453766   1.43361
        0         0         0         1

 0.418675  -0.65329  0.630812  0.340308
-0.769177  0.114175  0.628753  0.548322
-0.482781 -0.748449 -0.454693   1.43051
        0         0         0         1

 0.418134 -0.660814  0.623289  0.338306
-0.763027  0.116813  0.635723  0.548572
-0.492903 -0.741404 -0.455376   1.42406
        0         0         0         1

 0.415642  -0.66499  0.620508  0.338094
-0.760686  0.119834  0.637963  0.549543
-0.498597 -0.737176  -0.45604   1.42157
        0         0         0         1

 0.408454 -0.678577  0.610491   0.33786
-0.752398  0.128366   0.64608  0.553487
-0.516781 -0.723226 -0.458129   1.41131
        0         0         0         1

 0.406718 -0.681519  0.608369   0.33817
-0.750394  0.130591  0.647961  0.554771
-0.521046 -0.720054 -0.458294   1.40819
        0         0         0         1

 0.399526 -0.689803   0.60378  0.339407
-0.748212  0.135183  0.649541   0.55797
-0.529676 -0.711264  -0.46211     1.403
        0         0         0         1

 0.397716  -0.69081  0.603824  0.340036
-0.745695  0.140062    0.6514   0.55964
-0.534567  -0.70934 -0.459429   1.40001
        0         0         0         1

 0.395045 -0.689819  0.606703  0.340544
-0.740616  0.151595  0.654604  0.562667
-0.543532 -0.707932 -0.451005   1.39462
        0         0         0         1

 0.394856 -0.687213  0.609776  0.339392
 -0.73866   0.15721  0.655489  0.562752
-0.546324 -0.709241 -0.445541   1.39269
        0         0         0         1

 0.384153 -0.677816   0.62689  0.337681
-0.743249  0.175775   0.64551   0.56667
-0.547729 -0.713911 -0.436262   1.38925
        0         0         0         1

 0.380136 -0.676318  0.630945  0.337311
  -0.7454  0.179865  0.641894  0.567721
-0.547609 -0.714313 -0.435754   1.38826
        0         0         0         1

 0.372879 -0.673995  0.637725  0.335941
-0.748043  0.188289   0.63638  0.567901
-0.548993 -0.714338 -0.433968   1.38768
        0         0         0         1

 0.372654 -0.672624  0.639301  0.333525
 -0.74735  0.190847  0.636431  0.566675
-0.550088 -0.714951 -0.431566   1.38734
        0         0         0         1

 0.363288 -0.667594  0.649877  0.332385
-0.751779  0.201966  0.627725  0.568857
-0.550319 -0.716608 -0.428511   1.38602
        0         0         0         1

 0.358009 -0.666963  0.653445  0.334212
-0.755661  0.204112  0.622346  0.571161
-0.548458 -0.716588 -0.430925   1.38507
        0         0         0         1

 0.350546 -0.668127  0.656295  0.335594
-0.762095  0.203817  0.614549  0.573175
-0.544361 -0.715587 -0.437729   1.38341
        0         0         0         1

 0.346282 -0.671656  0.654956  0.336117
-0.764619   0.20244  0.611863  0.573661
 -0.54355 -0.712669 -0.443459    1.3842
        0         0         0         1

 0.337374 -0.680429  0.650535  0.338052
 -0.77032  0.197667  0.606247  0.574724
-0.541097 -0.705652  -0.45746   1.38551
        0         0         0         1

 0.333908 -0.687019  0.645376  0.338215
-0.772901  0.192366  0.604665  0.574565
-0.539564 -0.700715 -0.466765   1.38617
        0         0         0         1

 0.315698 -0.713525  0.625473  0.339853
-0.779857  0.180388  0.599403  0.574732
-0.540517  -0.67701 -0.499499   1.39104
        0         0         0         1

 0.313354 -0.716262  0.623521  0.340445
-0.780158  0.180194  0.599069  0.574719
-0.541445 -0.674165 -0.502333   1.39184
        0         0         0         1

 0.310575 -0.720173  0.620398  0.340921
-0.780446   0.17939  0.598936   0.57438
 -0.54263 -0.670202 -0.506342   1.39304
        0         0         0         1

 0.308858 -0.722506  0.618541  0.341314
 -0.78131  0.178117  0.598188  0.574247
-0.542367 -0.668027 -0.509488   1.39361
        0         0         0         1

 0.302673 -0.735398  0.606283   0.34222
-0.783608  0.170094  0.597517  0.573933
-0.542537 -0.655941 -0.524781   1.39643
        0         0         0         1

 0.300375 -0.739568  0.602341  0.342817
-0.783982  0.168259  0.597547  0.574012
-0.543275 -0.651712 -0.529267   1.39763
        0         0         0         1

 0.293108 -0.751606  0.590912  0.345395
-0.783433  0.165452  0.599048  0.574499
-0.548016 -0.638525 -0.540337   1.40268
        0         0         0         1

 0.289466 -0.755897  0.587221  0.347655
 -0.78446  0.164193  0.598049  0.576103
-0.548481 -0.633767 -0.545443    1.4033
        0         0         0         1

 0.286443 -0.765343  0.576368  0.348225
-0.783357  0.159281  0.600817  0.575824
-0.551636 -0.623602 -0.553912   1.40515
        0         0         0         1

  0.28652 -0.769368  0.570946  0.348361
-0.781606  0.156933  0.603709  0.575684
-0.554075 -0.619229 -0.556378   1.40673
        0         0         0         1

 0.285366 -0.776915  0.561221  0.349336
-0.777028  0.155253  0.610019  0.575392
-0.561064 -0.610163 -0.559381   1.41316
        0         0         0         1

 0.285321 -0.777226  0.560813  0.349261
-0.778094  0.153808  0.609026  0.575603
-0.559609 -0.610133  -0.56087   1.41345
        0         0         0         1

 0.282638 -0.778183  0.560845  0.351366
-0.779929  0.153941   0.60664  0.576997
-0.558414 -0.608879 -0.563418   1.41519
        0         0         0         1

 0.282699 -0.779742  0.558645   0.35086
-0.779362  0.152795  0.607659  0.576593
-0.559175 -0.607171 -0.564506   1.41689
        0         0         0         1

 0.281091 -0.780212    0.5588  0.351348
-0.780146   0.15333  0.606517  0.577068
-0.558893 -0.606432 -0.565579   1.41869
        0         0         0         1

 0.279275 -0.781252  0.558257  0.352133
-0.780777  0.153653  0.605623  0.577942
-0.558922 -0.605009 -0.567072   1.42051
        0         0         0         1

 0.274526 -0.786817  0.552769  0.353358
-0.783884  0.149819  0.602561  0.578278
-0.556921 -0.598726 -0.575645    1.4252
        0         0         0         1

 0.271783 -0.793111  0.545076  0.353506
 -0.78453  0.145436  0.602794  0.577729
-0.557356 -0.591458 -0.582693   1.42795
        0         0         0         1

 0.264353 -0.804056  0.532552  0.355515
-0.786402  0.139945  0.601653  0.578639
-0.558291 -0.577849 -0.595316   1.43301
        0         0         0         1

 0.263002 -0.808442  0.526546  0.355137
-0.786886  0.136044  0.601915  0.578446
-0.558247 -0.572637 -0.600372   1.43385
        0         0         0         1

 0.256061 -0.818947  0.513575  0.356535
-0.790424  0.128461  0.598939  0.579519
-0.556474 -0.559307 -0.614421   1.43605
        0         0         0         1

 0.253943 -0.821635  0.510322  0.356354
-0.791443  0.126779  0.597951  0.580035
-0.555996 -0.555737 -0.618082   1.43689
        0         0         0         1

 0.247654  -0.82428  0.509147  0.358228
 -0.79385  0.128615  0.594357  0.581841
-0.555401 -0.551381 -0.622502   1.43836
        0         0         0         1

 0.247972 -0.822896  0.511226  0.358346
-0.794394  0.129316  0.593478  0.582327
 -0.55448 -0.553281 -0.621637   1.43856
        0         0         0         1

 0.245948 -0.821652  0.514196  0.359368
-0.793968  0.133516  0.593117  0.583975
 -0.55599 -0.554131 -0.619527   1.44149
        0         0         0         1

 0.247569 -0.820161  0.515796  0.358448
-0.793658  0.133678  0.593496  0.583579
-0.555712 -0.556297 -0.617833   1.44188
        0         0         0         1

 0.244629 -0.818894  0.519201  0.360323
 -0.79439  0.137767  0.591578  0.585842
-0.555968 -0.557165  -0.61682   1.44588
        0         0         0         1

 0.245132 -0.818939  0.518892  0.360017
-0.794681   0.13685  0.591401  0.585549
-0.555332 -0.557325 -0.617249   1.44675
        0         0         0         1

 0.245106   -0.8188  0.519124  0.360696
-0.794962  0.136755  0.591044  0.586458
 -0.55494 -0.557552 -0.617396   1.44917
        0         0         0         1

 0.245585 -0.818113   0.51998  0.360559
-0.795249    0.1367  0.590671  0.586918
-0.554317 -0.558573 -0.617032   1.45031
        0         0         0         1

 0.243709   -0.8178  0.521353  0.364665
-0.797441  0.136984  0.587642  0.590876
-0.551991 -0.558962 -0.618763   1.45439
        0         0         0         1

 0.244628 -0.817911  0.520749  0.364087
-0.798025  0.135217  0.587259  0.591084
 -0.55074  -0.55923 -0.619635   1.45448
        0         0         0         1

 0.243847 -0.818771  0.519762    0.3654
 -0.79927  0.133876  0.585871  0.593068
-0.549278 -0.558293 -0.621773   1.45633
        0         0         0         1

 0.244571 -0.819043  0.518992  0.364929
-0.799319  0.132688  0.586074   0.59273
-0.548884 -0.558177 -0.622225   1.45754
        0         0         0         1

 0.245069 -0.818269  0.519978  0.365789
-0.800054   0.13224  0.585171  0.594199
-0.547589 -0.559418 -0.622252   1.46218
        0         0         0         1

 0.244989  -0.81782  0.520722    0.3665
-0.800648   0.13223  0.584361  0.595226
-0.546757 -0.560077 -0.622391   1.46342
        0         0         0         1

 0.245358  -0.81663  0.522413  0.366295
-0.802353  0.131383   0.58221  0.595415
-0.544086 -0.562009  -0.62299   1.46616
        0         0         0         1

 0.244495 -0.816212   0.52347  0.366999
-0.803038  0.132131  0.581095  0.596185
-0.543463 -0.562441 -0.623144   1.46858
        0         0         0         1

  0.24347 -0.813996  0.527384  0.368164
-0.805022  0.133687  0.577985  0.597558
-0.540982 -0.565278 -0.622736   1.47111
        0         0         0         1

 0.242127 -0.812752  0.529914  0.369186
 -0.80627  0.135273  0.575874  0.598854
-0.539726 -0.566688 -0.622544   1.47242
        0         0         0         1

 0.244731 -0.808607  0.535034  0.366311
-0.809116  0.133742  0.572227  0.598055
-0.534263 -0.572946 -0.621527   1.47668
        0         0         0         1

 0.243751 -0.807615  0.536976  0.366751
-0.810152   0.13481  0.570509  0.598663
-0.533142 -0.574094  -0.62143   1.47837
        0         0         0         1

 0.244403 -0.806908  0.537743  0.365926
 -0.81096  0.133942  0.569565  0.598426
-0.531612 -0.575291 -0.621634   1.48221
        0         0         0         1

 0.245107 -0.805828  0.539039  0.365789
-0.811527   0.13366  0.568823  0.598253
-0.530421 -0.576867  -0.62119   1.48385
        0         0         0         1

 0.244995 -0.803968   0.54186  0.366705
  -0.8134  0.133694  0.566133  0.599775
-0.527596 -0.579449 -0.621194   1.49205
        0         0         0         1

 0.245964 -0.802196  0.544044  0.366563
-0.814861  0.132813  0.564236  0.600197
-0.524884 -0.582102 -0.621011   1.49225
        0         0         0         1

  0.24909 -0.800802  0.544674  0.366004
-0.816981  0.128275  0.562217  0.600895
-0.520093 -0.585031 -0.622288   1.49396
        0         0         0         1

 0.249047 -0.800967  0.544452   0.36653
-0.817595  0.127464  0.561508  0.601663
-0.519147 -0.584983 -0.623122   1.49645
        0         0         0         1

 0.252546 -0.799531   0.54495   0.36609
-0.819761  0.122395  0.559475  0.602768
-0.514016 -0.588022 -0.624514   1.49901
        0         0         0         1

 0.252613 -0.799095  0.545558  0.367324
-0.821087  0.121241  0.557779  0.603798
-0.511863 -0.588853 -0.625499   1.50031
        0         0         0         1

 0.260163 -0.798533  0.542827  0.365259
-0.821073  0.112867  0.559553  0.603788
-0.508089 -0.591275  -0.62629   1.50902
        0         0         0         1

 0.261336 -0.798705  0.542009  0.365791
-0.821119  0.111226  0.559815  0.604556
-0.507412 -0.591354 -0.626764   1.51215
        0         0         0         1

 0.266705 -0.796261  0.542989  0.364765
-0.822563   0.10554  0.558794  0.606381
-0.502253 -0.595676 -0.626827   1.51614
        0         0         0         1

 0.267334 -0.795036  0.544473  0.366074
-0.823977  0.104344  0.556933  0.607851
-0.499594  -0.59752 -0.627197    1.5183
        0         0         0         1

 0.272494 -0.790743  0.548153  0.367292
-0.830322  0.094578  0.549199  0.613201
-0.486119 -0.604797   -0.6308   1.52626
        0         0         0         1

 0.277919   -0.7883  0.548947  0.365387
-0.831038 0.0893178  0.548998  0.613414
-0.481806 -0.608773 -0.630284   1.52807
        0         0         0         1

 0.279124 -0.785878  0.551802  0.367288
-0.834523 0.0857486   0.54426  0.617509
-0.475038 -0.612407 -0.631899   1.53422
        0         0         0         1

 0.281467 -0.785046  0.551796  0.366776
-0.835174 0.0827372  0.543728  0.618362
-0.472505 -0.613887 -0.632362   1.53873
        0         0         0         1

 0.288556 -0.783285  0.550636  0.363846
-0.835969 0.0742667  0.543728  0.618984
-0.466788 -0.617211 -0.633372   1.54857
        0         0         0         1

 0.289944 -0.780513  0.553834  0.364582
-0.838707 0.0715148  0.539867  0.621696
-0.460981 -0.621035 -0.633886   1.55099
        0         0         0         1

 0.302008 -0.768785  0.563703  0.362209
-0.844834 0.0581011  0.531864  0.626967
-0.441641 -0.636863 -0.631949   1.56276
        0         0         0         1

 0.305861 -0.765392  0.566237  0.361291
-0.846617 0.0534153  0.529515   0.62886
-0.435532 -0.641344 -0.631656   1.56606
        0         0         0         1

 0.312685 -0.759768  0.570071  0.360526
-0.850533 0.0432352  0.524141  0.633018
-0.422873 -0.648756 -0.632689   1.57345
        0         0         0         1

 0.314718 -0.758393  0.570782  0.359808
-0.851423 0.0402467  0.522933  0.634479
-0.419561 -0.650554 -0.633047   1.57954
        0         0         0         1

 0.319888 -0.752886  0.575182  0.359365
-0.854396 0.0331497  0.518564  0.639511
-0.409487 -0.657315 -0.632659   1.58996
        0         0         0         1

 0.323257 -0.749647  0.577524  0.358491
-0.855385 0.0295563  0.517149  0.641404
-0.404748 -0.661177 -0.631683   1.59537
        0         0         0         1

 0.335681 -0.742129  0.580141  0.355091
-0.858611 0.0122508  0.512481  0.647204
-0.387434 -0.670145 -0.633088   1.61808
        0         0         0         1

  0.339585  -0.738093    0.58301   0.354844
 -0.860584 0.00632236   0.509268   0.650882
 -0.379574  -0.674669  -0.633044    1.62245
         0          0          0          1

   0.349133   -0.728473    0.589434    0.351034
  -0.863947 -0.00662927    0.503539    0.656058
  -0.362907   -0.685042   -0.631677     1.63068
          0           0           0           1

 0.351864  -0.72515  0.591904  0.350586
-0.865659 -0.011507  0.500503  0.659533
-0.356128 -0.688495 -0.631781   1.63632
        0         0         0         1

  0.365514   -0.71097   0.600767   0.345124
 -0.869488 -0.0304107   0.493018   0.668808
 -0.332251  -0.702565  -0.629295    1.65784
         0          0          0          1

 0.368053 -0.706027  0.605032  0.345329
-0.871831 -0.035873  0.488491  0.673072
-0.323184 -0.707276 -0.628739   1.66256
        0         0         0         1

 0.377688 -0.695008  0.611813  0.341465
-0.873754 -0.048838  0.483911  0.680108
-0.306442 -0.717341 -0.625711   1.67363
        0         0         0         1

  0.376749  -0.690674   0.617276   0.343055
 -0.877644 -0.0529877   0.476374   0.686716
 -0.296311  -0.721223  -0.626129    1.67887
         0          0          0          1

  0.383162  -0.684291   0.620429   0.339539
 -0.878036 -0.0612921   0.474653   0.692301
 -0.286773  -0.726629  -0.624317    1.69639
         0          0          0          1

  0.383607   -0.67891    0.62604   0.340329
 -0.881081 -0.0659716   0.468341   0.697811
 -0.276661  -0.731252  -0.623482    1.70186
         0          0          0          1

  0.399165  -0.657818   0.638704   0.331771
 -0.882993 -0.0881668   0.461031   0.710941
 -0.246962  -0.747999  -0.616042    1.72405
         0          0          0          1

  0.399216  -0.655435   0.641117   0.332418
  -0.88422 -0.0903215   0.458255   0.716678
 -0.242449  -0.749831  -0.615606    1.73309
         0          0          0          1

 0.401494 -0.643404  0.651793  0.330855
-0.889089 -0.102994  0.445996  0.729345
-0.219825 -0.758567 -0.613395   1.74309
        0         0         0         1

  0.40268 -0.638525  0.655846  0.330204
 -0.89077 -0.108461  0.441323  0.734898
-0.210662  -0.76192 -0.612454   1.74912
        0         0         0         1

 0.412663 -0.613927  0.672906  0.319999
-0.894397 -0.133178  0.426987  0.752218
-0.172523 -0.778047 -0.604052   1.76881
        0         0         0         1

 0.413076 -0.607056  0.678861  0.318347
-0.896368 -0.139306  0.420855  0.759002
-0.160913 -0.782354 -0.601689   1.77388
        0         0         0         1

 0.413588 -0.598063  0.686487  0.316395
-0.898908 -0.148477  0.412213  0.771162
-0.144602 -0.787575 -0.599012    1.7902
        0         0         0         1

 0.414372 -0.591633  0.691569  0.314562
-0.899694 -0.151663  0.409329  0.776844
-0.137287 -0.791814 -0.595133   1.79855
        0         0         0         1

 0.418268   -0.5746  0.703481  0.308188
-0.901233 -0.165945  0.400302  0.789276
-0.113275 -0.801434 -0.587258   1.80995
        0         0         0         1

 0.417998 -0.568494  0.708585   0.30571
-0.902335 -0.169484  0.396316  0.794727
 -0.10521  -0.80504 -0.583816   1.81798
        0         0         0         1

 0.415793 -0.540981  0.731065  0.298294
-0.907382 -0.192459  0.373655  0.821123
-0.0614401 -0.818718   -0.5709   1.83442
        0         0         0         1

 0.416032 -0.532475  0.737148  0.293553
-0.908033 -0.199643  0.368264  0.826832
-0.0489249 -0.822565 -0.566563   1.84078
        0         0         0         1

 0.404385 -0.517606  0.754027  0.295125
-0.914419 -0.212958  0.344218  0.848844
-0.0175933 -0.828693 -0.559426   1.84748
        0         0         0         1

 0.402492 -0.509871  0.760284  0.292218
-0.915398 -0.217925  0.338461     0.856
-0.00688715  -0.83219 -0.554448   1.85351
        0         0         0         1

 0.388109 -0.484249  0.784139  0.287209
-0.920733 -0.240917  0.306936  0.888152
0.0402788 -0.841107 -0.539367   1.87098
        0         0         0         1

 0.387838  -0.47522  0.789777  0.282229
-0.920103  -0.25046  0.301133  0.895829
 0.054703 -0.843467 -0.534389    1.8734
        0         0         0         1

 0.380963 -0.459666  0.802231  0.279081
-0.921168 -0.263286  0.286584  0.915203
0.0794835 -0.848167 -0.523732   1.88144
        0         0         0         1

 0.378202 -0.449812  0.809094  0.274695
-0.921268 -0.268533  0.281347  0.922879
 0.090715 -0.851798 -0.515957   1.88623
        0         0         0         1

 0.372073 -0.439658  0.817473  0.272434
-0.922354 -0.273844   0.27253  0.937568
  0.10404 -0.855401  -0.50741   1.90488
        0         0         0         1

 0.369244 -0.428766  0.824511  0.269192
-0.921836 -0.281444  0.266471  0.946284
   0.1178 -0.858457 -0.499173   1.90713
        0         0         0         1

 0.348278 -0.400004  0.847762  0.263818
-0.921306 -0.312889   0.23086  0.987039
  0.17291 -0.861451 -0.477498   1.90911
        0         0         0         1

 0.344749 -0.392073  0.852894  0.261556
 -0.92028 -0.320259  0.224765  0.997295
 0.185023 -0.862388 -0.471225   1.91318
        0         0         0         1

 0.339467 -0.381997  0.859558  0.257356
-0.917911 -0.334112  0.214029   1.01582
 0.205431 -0.861654 -0.464059    1.9227
        0         0         0         1

 0.330522 -0.376059  0.865641   0.26049
-0.918104  -0.34067  0.202557   1.02913
 0.218724 -0.861698  -0.45786   1.92358
        0         0         0         1

 0.313249 -0.353811  0.881302  0.254505
-0.912917 -0.367862  0.176803   1.06676
 0.261642 -0.859939 -0.438233   1.93403
        0         0         0         1

 0.304934 -0.346728  0.887015  0.253778
-0.911571 -0.375956  0.166417   1.07839
 0.275777 -0.859324 -0.430709   1.93395
        0         0         0         1

 0.295621 -0.324576  0.898476  0.243735
-0.905663  -0.39446  0.155487   1.09828
 0.303946 -0.859681 -0.410567   1.93836
        0         0         0         1

 0.288618  -0.32266  0.901438  0.246726
-0.905045 -0.399139  0.146905   1.11012
 0.312398 -0.858242  -0.40722   1.94325
        0         0         0         1

 0.277666 -0.306931  0.910327  0.242335
-0.899689 -0.415332  0.134385   1.13283
  0.33684 -0.856325 -0.391466   1.94386
        0         0         0         1

 0.272244 -0.301042  0.913924  0.240587
-0.894746 -0.428625  0.125344   1.14528
 0.353997 -0.851854 -0.386046   1.94173
        0         0         0         1

 0.259736 -0.290921  0.920816  0.236359
-0.881496 -0.460807  0.103059    1.1854
 0.394337 -0.838464 -0.376134    1.9483
        0         0         0         1

