 0.327195 -0.707533  0.626371  0.864949
-0.944928  -0.23978  0.222748    1.0723
-0.00741046 -0.664757 -0.747022    1.9379
        0         0         0         1

 0.325417 -0.713336   0.62069  0.874296
-0.945249 -0.228298  0.233203    1.0586
-0.0246498 -0.662595 -0.748572   1.93059
        0         0         0         1

 0.323355 -0.716605  0.617996  0.881637
-0.945689 -0.221689  0.237752   1.05238
-0.0333716 -0.661311 -0.749369   1.92946
        0         0         0         1

 0.325559 -0.728461  0.602791  0.897591
-0.943416  -0.20774  0.258477   1.02991
-0.0630668 -0.652832 -0.754873   1.92036
        0         0         0         1

 0.326858  -0.73005  0.600158  0.901428
-0.942435 -0.204367  0.264671   1.02421
-0.0705708  -0.65212 -0.754824   1.91761
        0         0         0         1

 0.330649 -0.736126  0.590584   0.90789
-0.939875 -0.200171  0.276706   1.01181
-0.0854733 -0.646568 -0.758053   1.91006
        0         0         0         1

 0.330926 -0.739988  0.585582  0.913369
-0.939703 -0.201671  0.276201   1.00839
-0.0862906 -0.641675 -0.762107   1.90351
        0         0         0         1

  0.33057 -0.750529  0.572215  0.927271
-0.938106 -0.194908  0.286301  0.997224
-0.103348 -0.631441 -0.768506   1.89807
        0         0         0         1

 0.330166 -0.754283  0.567492  0.932174
-0.937752 -0.193477  0.288422  0.992417
-0.107755 -0.627394  -0.77121   1.89295
        0         0         0         1

 0.336886  -0.76688  0.546263  0.945251
-0.932517 -0.191607  0.306104  0.972425
-0.130077 -0.612521 -0.779678   1.87854
        0         0         0         1

 0.339449  -0.76983  0.540496  0.949324
-0.930429  -0.19043  0.313111  0.966276
-0.138115 -0.609179 -0.780913   1.87579
        0         0         0         1

 0.345351 -0.774538  0.529927  0.954741
-0.925726 -0.188398  0.327929  0.952892
-0.154156 -0.603818 -0.782074    1.8686
        0         0         0         1

 0.348129 -0.777515  0.523714  0.957289
 -0.92297 -0.186477  0.336681  0.946838
-0.164114  -0.60058 -0.782541   1.86736
        0         0         0         1

 0.352592 -0.784473  0.510177  0.968175
-0.918164  -0.18474  0.350494   0.92938
-0.180703 -0.592007 -0.785413    1.8484
        0         0         0         1

 0.349679 -0.789427   0.50451  0.974886
-0.917992 -0.181152   0.35281  0.924491
-0.187125 -0.586506 -0.788032   1.84303
        0         0         0         1

 0.353326 -0.792514  0.497074  0.978971
-0.913385 -0.177396  0.366412  0.912886
-0.202208 -0.583482  -0.78655   1.83344
        0         0         0         1

 0.351518  -0.79639  0.492136  0.984344
-0.912355 -0.173577  0.370781  0.907822
-0.209863 -0.579339 -0.787606   1.82875
        0         0         0         1

 0.347222 -0.805965  0.479434  0.998604
-0.909372 -0.164487  0.382082  0.889844
-0.229084 -0.568651 -0.790036   1.80866
        0         0         0         1

 0.347847  -0.80709  0.477084   1.00011
 -0.90723 -0.161392  0.388442  0.883886
 -0.23651 -0.567943 -0.788355   1.80485
        0         0         0         1

 0.344173  -0.81303  0.469604   1.00697
-0.904283 -0.152469  0.398779  0.872327
 -0.25262 -0.561904 -0.787685   1.79579
        0         0         0         1

  0.34655 -0.813917  0.466308   1.00732
-0.901094 -0.150728  0.406584  0.866244
 -0.26064 -0.561089  -0.78565   1.79147
        0         0         0         1

 0.343558 -0.818323  0.460777   1.01376
-0.898988 -0.144651  0.413395  0.855579
-0.271639 -0.556259 -0.785359   1.78002
        0         0         0         1

 0.344517  -0.81894  0.458962   1.01385
-0.897453 -0.143849  0.416995  0.850108
-0.275473 -0.555559 -0.784519   1.77425
        0         0         0         1

 0.340162 -0.822022  0.456694    1.0222
-0.893873 -0.131831    0.4285  0.830913
 -0.29203 -0.553986 -0.779627   1.75415
        0         0         0         1

 0.338836 -0.822377  0.457041   1.02441
 -0.89377 -0.129616   0.42939  0.825777
 -0.29388 -0.553982 -0.778934   1.74798
        0         0         0         1

 0.339499 -0.822279  0.456725   1.02673
-0.890538 -0.124684  0.437488  0.814601
-0.302791 -0.555258 -0.774601   1.73772
        0         0         0         1

 0.337691 -0.823052  0.456673   1.02927
-0.889641 -0.120632  0.440439  0.809013
-0.307415 -0.555008 -0.772957   1.73227
        0         0         0         1

 0.333154 -0.824621  0.457174   1.03643
-0.886565 -0.108919    0.4496  0.789918
-0.320955   -0.5551 -0.767367    1.7119
        0         0         0         1

 0.333928 -0.824314  0.457163   1.03766
-0.885469 -0.108044  0.451963  0.785164
-0.323166 -0.555727 -0.765984    1.7044
        0         0         0         1

  0.33181 -0.826052  0.455567   1.04216
-0.882048 -0.100431  0.460331  0.774253
-0.334504 -0.554574 -0.761941   1.69282
        0         0         0         1

   0.33217  -0.826011   0.455378    1.04327
 -0.880369 -0.0982244   0.464006   0.768837
 -0.338545   -0.55503  -0.759822    1.68685
         0          0          0          1

  0.330604   -0.82705    0.45463    1.04778
 -0.876877 -0.0910563   0.472011   0.757481
  -0.34898  -0.554704  -0.755325    1.67547
         0          0          0          1

  0.330463  -0.826433   0.455853    1.04944
 -0.875957 -0.0887226   0.474161   0.752639
 -0.351418     -0.556  -0.753239    1.66898
         0          0          0          1

  0.332661  -0.821497   0.463119    1.05408
 -0.871666 -0.0804296   0.483455   0.734096
 -0.359908  -0.564512  -0.742827    1.64717
         0          0          0          1

  0.331976  -0.821011    0.46447    1.05607
 -0.870059 -0.0762948   0.487007   0.728375
 -0.364402  -0.565791  -0.739656    1.64116
         0          0          0          1

   0.33176  -0.818743   0.468611    1.05997
 -0.868625 -0.0713433   0.490307   0.717868
 -0.368003  -0.569711  -0.734849    1.62734
         0          0          0          1

 0.331761 -0.818366  0.469268   1.06165
-0.867042 -0.068509  0.493503  0.712756
-0.371717   -0.5706 -0.732286   1.62102
        0         0         0         1

 0.332786 -0.817327  0.470352   1.06772
-0.860345 -0.058943  0.506293  0.694518
-0.386082 -0.573152 -0.722798   1.59891
        0         0         0         1

  0.332882  -0.817064   0.470739    1.07001
  -0.85893 -0.0567199   0.508942   0.689887
 -0.389138   -0.57375  -0.720682    1.59258
         0          0          0          1

  0.333801  -0.816645   0.470816    1.07351
 -0.855723 -0.0530305   0.514709   0.680479
 -0.395367  -0.574699  -0.716524     1.5799
         0          0          0          1

  0.334155  -0.817295   0.469434    1.07532
 -0.854623 -0.0527135   0.516566   0.676365
 -0.397442  -0.573803  -0.716094    1.57271
         0          0          0          1

  0.334712  -0.820051   0.464202    1.07897
 -0.848839 -0.0484726   0.526424   0.667232
 -0.409194  -0.570233  -0.712316    1.56183
         0          0          0          1

 0.336386 -0.820779    0.4617   1.07962
-0.847033 -0.049443  0.529236  0.663129
-0.411558 -0.569103 -0.711858   1.55642
        0         0         0         1

  0.341371   -0.82619   0.448192    1.08441
 -0.837418 -0.0507931   0.544198   0.649686
 -0.426846  -0.561098  -0.709205    1.53866
         0          0          0          1

 0.342675 -0.827577  0.444624   1.08563
-0.835935 -0.052631  0.546299    0.6466
-0.428704 -0.558879 -0.709836    1.5336
        0         0         0         1

  0.345193    -0.8308   0.436592    1.08846
  -0.83286 -0.0567203    0.55057   0.640789
  -0.43265  -0.553673   -0.71152    1.52447
         0          0          0          1

  0.347525  -0.832339   0.431786     1.0897
  -0.83045 -0.0593849   0.553918   0.638085
 -0.435406  -0.551077  -0.711854    1.52045
         0          0          0          1

  0.355553  -0.837618   0.414702    1.09484
 -0.824107 -0.0716292   0.561887   0.630948
 -0.440942  -0.541539  -0.715755    1.50543
         0          0          0          1

  0.358827  -0.838588   0.409894    1.09597
 -0.821748 -0.0755426   0.564821   0.629384
 -0.442688  -0.539502  -0.716215    1.50199
         0          0          0          1

  0.365143  -0.839497   0.402388    1.09976
 -0.816149 -0.0807339   0.572174   0.626206
 -0.447852  -0.537334  -0.714634    1.49633
         0          0          0          1

  0.369186  -0.839005   0.399716    1.10112
 -0.814655 -0.0851723   0.573657   0.625308
 -0.447256  -0.537417  -0.714944    1.49331
         0          0          0          1

  0.377847  -0.837797   0.394117    1.10393
 -0.812198 -0.0955748     0.5755   0.624079
 -0.444484  -0.537552   -0.71657    1.48802
         0          0          0          1

 0.384682 -0.836786  0.389628   1.10457
-0.810902 -0.104705  0.575738  0.623853
-0.440973 -0.537426  -0.71883   1.48576
        0         0         0         1

 0.405276 -0.843145  0.353352   1.11088
-0.808067 -0.149631   0.56977  0.625201
-0.427527 -0.516446  -0.74196   1.47893
        0         0         0         1

 0.410321 -0.846706  0.338712   1.11289
 -0.80699 -0.164136  0.567298  0.625925
 -0.42474 -0.506111 -0.750631   1.47698
        0         0         0         1

 0.421647 -0.852463  0.309065   1.11598
-0.802899 -0.192598  0.564144  0.627717
-0.421387 -0.486018  -0.76565   1.47382
        0         0         0         1

 0.427739 -0.853739  0.296932   1.11687
-0.801611 -0.206486  0.561055  0.628782
-0.417683 -0.478009 -0.772689   1.47138
        0         0         0         1

 0.436769 -0.853843  0.283172   1.12053
-0.799644 -0.224319  0.557001  0.630928
 -0.41207 -0.469717 -0.780746   1.46745
        0         0         0         1

 0.442639 -0.850951   0.28276   1.12027
-0.797516 -0.229438  0.557966  0.631504
-0.409926 -0.472483 -0.780205   1.46632
        0         0         0         1

 0.453426 -0.845796  0.281129   1.12351
-0.798579 -0.245444  0.549571  0.634371
-0.395824 -0.473694 -0.786726   1.46119
        0         0         0         1

  0.45692 -0.843744  0.281639   1.12299
-0.798098 -0.249067  0.548639  0.634719
-0.392764  -0.47546 -0.787194   1.46079
        0         0         0         1

 0.461806 -0.840265  0.284061   1.12244
-0.798097 -0.253909  0.546418   0.63525
 -0.38701 -0.479047 -0.787869   1.46056
        0         0         0         1

 0.464535 -0.838319  0.285356   1.12129
-0.798092 -0.256689  0.545124   0.63555
 -0.38374  -0.48097 -0.788297   1.46052
        0         0         0         1

  0.46842 -0.832694  0.295304   1.11931
-0.802383 -0.261037  0.536695  0.636401
-0.369817 -0.488345 -0.790414   1.45867
        0         0         0         1

 0.469222 -0.831045  0.298655   1.11853
-0.803407  -0.26135  0.535008  0.636345
-0.366563 -0.490979 -0.790298   1.45836
        0         0         0         1

 0.469957  -0.82819  0.305354    1.1172
 -0.80597 -0.261553  0.531039  0.636207
-0.359935 -0.495672 -0.790415   1.45744
        0         0         0         1

 0.469854 -0.827094  0.308468   1.11686
-0.806721  -0.26045  0.530441  0.635913
-0.358384 -0.498077 -0.789608   1.45783
        0         0         0         1

 0.469478 -0.824793   0.31513   1.11623
-0.808416 -0.258024  0.529043  0.635302
 -0.35504 -0.503131 -0.787913   1.45812
        0         0         0         1

 0.469302 -0.823684  0.318278   1.11584
-0.809339 -0.257068  0.528096   0.63491
-0.353165 -0.505431 -0.787282   1.45798
        0         0         0         1

 0.468891 -0.819576  0.329295   1.11408
-0.812678 -0.254287  0.524302  0.633418
 -0.34597 -0.513452 -0.785285   1.45728
        0         0         0         1

 0.468124 -0.818736  0.332461   1.11367
-0.813699 -0.252668  0.523501  0.632677
-0.344607 -0.515586 -0.784485   1.45711
        0         0         0         1

 0.466949 -0.816863  0.338664   1.11262
-0.814605 -0.248347  0.524159  0.630784
 -0.34406 -0.520633 -0.781386   1.45729
        0         0         0         1

 0.465634 -0.815845  0.342903   1.11239
-0.815669 -0.245325  0.523928  0.629757
-0.343321 -0.523654 -0.779691   1.45704
        0         0         0         1

 0.461796 -0.810087  0.361253   1.10987
-0.818339 -0.232012  0.525824  0.625827
-0.342148 -0.538451 -0.770068   1.45569
        0         0         0         1

 0.460251 -0.808344  0.367082   1.10884
-0.818731 -0.226582   0.52758  0.624502
-0.343292 -0.543361 -0.766101   1.45542
        0         0         0         1

 0.454638 -0.805546  0.380001   1.10852
-0.820238 -0.212377  0.531135  0.622127
 -0.34715 -0.553166 -0.757294   1.45489
        0         0         0         1

 0.453631 -0.803206  0.386108   1.10762
-0.820385 -0.207126   0.53298  0.621155
-0.348119 -0.558534 -0.752896   1.45424
        0         0         0         1

 0.450133 -0.798664  0.399395   1.10583
-0.820905  -0.19409   0.53707  0.618971
 -0.35142 -0.569618 -0.742993   1.45298
        0         0         0         1

 0.451301 -0.795292  0.404769   1.10326
-0.819328 -0.189552  0.541084  0.617937
-0.353595  -0.57583  -0.73715   1.45257
        0         0         0         1

 0.446454 -0.787432  0.425005   1.10011
-0.818556 -0.167543  0.549449  0.615425
-0.361447 -0.593194 -0.719358   1.45032
        0         0         0         1

 0.444151 -0.785799  0.430406   1.09981
-0.818829 -0.161026   0.55099  0.614927
-0.363661 -0.597152 -0.714955   1.44953
        0         0         0         1

 0.442699 -0.781392  0.439824   1.09792
 -0.81795 -0.150941  0.555135  0.614119
 -0.36739 -0.605511 -0.705961    1.4477
        0         0         0         1

 0.440327 -0.779709  0.445158   1.09771
-0.818072  -0.14412  0.556765  0.613868
-0.369959  -0.60933 -0.701318   1.44703
        0         0         0         1

 0.435163 -0.774073   0.45983   1.09545
-0.816881 -0.124684  0.563169  0.613245
-0.378601 -0.620697 -0.686583   1.44441
        0         0         0         1

 0.433264 -0.772283  0.464608   1.09541
-0.817032 -0.118951  0.564188  0.613266
-0.380447 -0.624043 -0.682518   1.44362
        0         0         0         1

 0.430187 -0.768962  0.472903   1.09462
-0.817093 -0.108958  0.566116  0.613431
-0.383795 -0.629941 -0.675185    1.4418
        0         0         0         1

 0.427627 -0.768063   0.47667    1.0948
-0.817285 -0.103195  0.566918  0.613448
-0.386239 -0.632005 -0.671856   1.44122
        0         0         0         1

  0.422494  -0.766227   0.484143    1.09524
 -0.818313 -0.0928089    0.56723   0.613752
 -0.389694  -0.635832  -0.666225    1.44004
         0          0          0          1

  0.422637  -0.765022   0.485922    1.09432
 -0.818026 -0.0912016   0.567904   0.614012
 -0.390142  -0.637514  -0.664353    1.43952
         0          0          0          1

  0.417365  -0.764713   0.490938    1.09452
 -0.820654 -0.0851421   0.565046   0.615186
 -0.390299  -0.638721  -0.663101    1.43841
         0          0          0          1

  0.415045  -0.764654   0.492993    1.09485
 -0.821817 -0.0826223   0.563729   0.615549
 -0.390325  -0.639123  -0.662698    1.43842
         0          0          0          1

 0.410737 -0.764085  0.497463   1.09512
-0.823549 -0.076793  0.562023  0.615955
-0.391231 -0.640529 -0.660803   1.43881
        0         0         0         1

  0.408656  -0.763154   0.500595     1.0953
 -0.824946 -0.0742003   0.560319   0.616179
 -0.390466  -0.641942  -0.659884    1.43883
         0          0          0          1

  0.402548   -0.75717    0.51444    1.09461
 -0.827983 -0.0615047    0.55737   0.616649
 -0.390384  -0.650316  -0.651683    1.44031
         0          0          0          1

  0.400732  -0.754558   0.519669     1.0946
 -0.828722 -0.0566582   0.556785   0.616705
 -0.390683  -0.653783  -0.648024    1.44086
         0          0          0          1

  0.397695  -0.749453   0.529301     1.0948
  -0.83056 -0.0489231   0.554776   0.616974
 -0.389884  -0.660247  -0.641922    1.44176
         0          0          0          1

 0.396669  -0.74778  0.532427   1.09526
-0.831377 -0.046746  0.553739  0.617167
-0.389186 -0.662299  -0.64023   1.44205
        0         0         0         1

  0.396588  -0.745759   0.535315    1.09644
 -0.831744 -0.0451324   0.553322   0.617882
 -0.388485  -0.664685  -0.638179    1.44308
         0          0          0          1

  0.396739  -0.745921   0.534976     1.0975
 -0.831777 -0.0456244   0.553232   0.618201
  -0.38826  -0.664469  -0.638541    1.44348
         0          0          0          1

  0.398248  -0.750277   0.527715    1.10327
 -0.830813 -0.0512003   0.554192   0.620257
 -0.388778  -0.659138   -0.64373    1.44524
         0          0          0          1

   0.39855  -0.751241   0.526113    1.10549
 -0.830414 -0.0520772   0.554708   0.620877
 -0.389321  -0.657971  -0.644596    1.44608
         0          0          0          1

  0.401113  -0.754296   0.519756    1.10733
 -0.828455 -0.0566121   0.557188   0.621525
  -0.39086   -0.65409  -0.647607    1.44826
         0          0          0          1

  0.399543  -0.756563   0.517667    1.10956
 -0.828999 -0.0571403   0.556324    0.62203
 -0.391314   -0.65142  -0.650019    1.44914
         0          0          0          1

  0.395941  -0.757549   0.518989    1.11334
 -0.829378 -0.0524202   0.556223   0.623227
 -0.394161   -0.65067   -0.64905     1.4531
         0          0          0          1

  0.395294  -0.755949   0.521807    1.11366
 -0.829718 -0.0501304   0.555927   0.623602
 -0.394094  -0.652708  -0.647041    1.45321
         0          0          0          1

  0.393298  -0.751798   0.529261    1.11458
 -0.830378 -0.0433281   0.555514   0.624153
 -0.394702  -0.657969  -0.641317    1.45385
         0          0          0          1

  0.392318  -0.749118   0.533769    1.11521
 -0.830292 -0.0386737   0.555985   0.624318
 -0.395856  -0.661307  -0.637159    1.45478
         0          0          0          1

  0.388338  -0.744291   0.543346     1.1175
 -0.829961 -0.0262679   0.557203    0.62468
 -0.400449  -0.667339  -0.627933    1.45728
         0          0          0          1

  0.387969  -0.743482   0.544716    1.11765
 -0.829586 -0.0241849   0.557855   0.625238
 -0.401581  -0.668319  -0.626165    1.45781
         0          0          0          1

  0.384106  -0.748038   0.541204    1.12125
 -0.828711 -0.0208864   0.559288    0.62724
 -0.407065  -0.663327   -0.62793    1.46085
         0          0          0          1

  0.383833  -0.750784   0.537583    1.12196
 -0.827682 -0.0216102   0.560782   0.627921
 -0.409409  -0.660194  -0.629705      1.462
         0          0          0          1

  0.381357  -0.757132   0.530395    1.12422
 -0.826704 -0.0225725   0.562184   0.629641
 -0.413675  -0.652872  -0.634532    1.46376
         0          0          0          1

  0.380995  -0.760123   0.526361    1.12396
  -0.82588 -0.0238589    0.56334   0.630367
  -0.41565  -0.649341  -0.636861    1.46454
         0          0          0          1

  0.376386  -0.767224   0.519327    1.12461
 -0.824556 -0.0218252   0.565359   0.633452
 -0.422423  -0.641008  -0.640834     1.4677
         0          0          0          1

  0.374547  -0.767843   0.519742    1.12425
 -0.824512 -0.0194033   0.565511   0.634426
 -0.424139  -0.640344  -0.640364    1.46819
         0          0          0          1

  0.370449  -0.767648   0.522958    1.12398
 -0.824648 -0.0127078   0.565504   0.636393
 -0.427462  -0.640746  -0.637747    1.47007
         0          0          0          1

   0.369193   -0.766328    0.525773     1.12279
  -0.824451 -0.00896001    0.565863     0.63747
  -0.428926   -0.642387   -0.635108     1.47118
          0           0           0           1

   0.367124   -0.762667    0.532503     1.12032
   -0.82418 -0.00131818    0.566327    0.639559
  -0.431217    -0.64679   -0.629059     1.47355
          0           0           0           1

  0.365118  -0.761654   0.535324    1.11926
 -0.824433 0.00256457   0.565954   0.641212
 -0.432434  -0.647979  -0.626996    1.47503
         0          0          0          1

 0.359958 -0.759995  0.541145   1.11417
-0.824647 0.0120905  0.565518  0.647633
-0.436334 -0.649817 -0.622376   1.47945
        0         0         0         1

 0.359684  -0.76015   0.54111   1.11262
-0.824483 0.0125987  0.565746  0.649942
-0.436869 -0.649626 -0.622199   1.48067
        0         0         0         1

 0.358457 -0.762115  0.539155   1.11017
-0.824781 0.0120046  0.565325  0.654849
-0.437315  -0.64733 -0.624275   1.48283
        0         0         0         1

 0.359174 -0.762936  0.537515   1.10742
-0.824707 0.0101378  0.565469  0.657438
-0.436866 -0.646395 -0.625558   1.48418
        0         0         0         1

  0.359278  -0.764457    0.53528    1.09983
 -0.825641 0.00699185   0.564153   0.667473
 -0.435013  -0.644637  -0.628655    1.48971
         0          0          0          1

  0.358819  -0.763366   0.537142    1.09751
 -0.826255 0.00794303    0.56324   0.670585
 -0.434225  -0.645918  -0.627885    1.49169
         0          0          0          1

 0.359447 -0.758336  0.543805   1.09019
-0.827446 0.0104118  0.561448  0.677215
-0.431429  -0.65178  -0.62374   1.49518
        0         0         0         1

  0.36038  -0.75286  0.550751   1.08628
 -0.82804 0.0136646  0.560502  0.680354
-0.429505 -0.658038 -0.618474   1.49698
        0         0         0         1

 0.362375 -0.735704   0.57221   1.07798
-0.829986 0.0245931  0.557242  0.687226
-0.424038 -0.676856 -0.601712   1.50069
        0         0         0         1

 0.363101 -0.724765  0.585554   1.07386
-0.831494  0.031534  0.554638  0.690895
-0.420447 -0.688274 -0.591187   1.50267
        0         0         0         1

 0.366221 -0.683953  0.630944   1.05778
-0.838173 0.0520405  0.542916    0.7056
-0.404164 -0.727668 -0.554212   1.51007
        0         0         0         1

 0.367485 -0.672055  0.642882   1.05298
-0.839814 0.0572014  0.539852  0.710042
-0.399584 -0.738289  -0.54338   1.51267
        0         0         0         1

 0.368124 -0.647895  0.666871   1.04429
 -0.84419 0.0676749  0.531755  0.719737
-0.389652 -0.758717 -0.522034   1.51784
        0         0         0         1

 0.368698 -0.636543  0.677403   1.03948
-0.846208 0.0717518  0.527999  0.724213
-0.384699 -0.767896 -0.512193   1.52079
        0         0         0         1

 0.371845 -0.600357  0.708027   1.01998
-0.854727 0.0761528  0.513462  0.742498
-0.362179 -0.796098 -0.484824    1.5302
        0         0         0         1

 0.373004 -0.592889  0.713689   1.01457
-0.856601 0.0755085  0.510424  0.747588
-0.356514 -0.801737 -0.479704   1.53364
        0         0         0         1

 0.376532 -0.579603  0.722692   1.00257
-0.859244 0.0731132  0.506314  0.758887
  -0.3463 -0.811612 -0.470491   1.54207
        0         0         0         1

 0.377167  -0.57407  0.726766  0.997769
 -0.86153  0.070495  0.502788  0.764856
-0.339869 -0.815766  -0.46799   1.54574
        0         0         0         1

 0.379353 -0.564552  0.733057  0.986665
-0.865089 0.0646137   0.49744  0.776714
-0.328196 -0.822864 -0.463877   1.55417
        0         0         0         1

  0.38299 -0.559332  0.735164  0.980446
-0.867454 0.0558186  0.494376  0.783062
-0.317556 -0.827063 -0.463817   1.55694
        0         0         0         1

 0.391859 -0.549738  0.737723  0.960734
-0.872725 0.0316883  0.487182  0.805862
  -0.2912 -0.834736 -0.467353    1.5732
        0         0         0         1

 0.394213 -0.548317  0.737526  0.955843
-0.874334 0.0234329  0.484759  0.812913
-0.283084 -0.835942 -0.470175   1.57739
        0         0         0         1

  0.400053  -0.545168   0.736715   0.943267
 -0.877518 0.00407356   0.479527   0.827561
 -0.264424  -0.838317  -0.476765    1.58492
         0          0          0          1

   0.402779   -0.543743    0.736283    0.936847
  -0.878153 -0.00273088    0.478372    0.834408
    -0.2581   -0.839247   -0.478589      1.5913
          0           0           0           1

  0.407285    -0.5338   0.741064   0.915191
 -0.884482 -0.0283093   0.465715   0.860817
  -0.22762  -0.845137  -0.483667    1.61021
         0          0          0          1

  0.407823  -0.528167   0.744796   0.908879
 -0.887433 -0.0373777   0.459419   0.869897
 -0.214811  -0.848318  -0.483956    1.61349
         0          0          0          1

  0.409799  -0.518772   0.750294   0.894889
 -0.890911 -0.0510581   0.451299   0.886809
 -0.195813  -0.853387  -0.483103    1.62457
         0          0          0          1

  0.411687  -0.512188   0.753775   0.887036
 -0.892513 -0.0594129   0.447091   0.894987
 -0.184211  -0.856816  -0.481595     1.6286
         0          0          0          1

  0.410369  -0.503256   0.760481   0.874636
 -0.896273 -0.0687646   0.438139   0.912006
 -0.168202  -0.861397  -0.479274    1.64029
         0          0          0          1

  0.412695  -0.496433   0.763699   0.866291
 -0.897422 -0.0780684   0.434211   0.920963
 -0.155936  -0.864557  -0.477729     1.6437
         0          0          0          1

  0.407124  -0.476743   0.779081   0.842573
 -0.904999 -0.0953191   0.414596   0.953169
 -0.123395   -0.87386  -0.470259    1.66176
         0          0          0          1

  0.40588 -0.471775  0.782745  0.834611
-0.906799 -0.101132  0.409253  0.961793
-0.113915   -0.8759 -0.468852    1.6678
        0         0         0         1

  0.39833 -0.457882  0.794782  0.820948
-0.912742 -0.112134  0.392847  0.980986
-0.0907551 -0.881913 -0.462594   1.67655
        0         0         0         1

 0.393969 -0.452801   0.79985  0.813594
-0.915593  -0.11713   0.38467  0.990063
-0.0804927 -0.883885 -0.460727   1.68241
        0         0         0         1

 0.377006 -0.420338  0.825338  0.784266
-0.925459 -0.135057  0.353956   1.02302
-0.0373135  -0.89726 -0.439923   1.70237
        0         0         0         1

 0.368057 -0.408441   0.83529  0.778283
-0.929657 -0.145729  0.338379   1.03513
-0.016482 -0.901077 -0.433346   1.70221
        0         0         0         1

 0.357343 -0.386229  0.850373  0.759377
-0.933915 -0.157934  0.320717   1.05517
0.0104325 -0.908782 -0.417141   1.71093
        0         0         0         1

 0.348531 -0.375526  0.858782  0.753671
-0.936786 -0.169832  0.305925     1.067
0.0309663 -0.911119 -0.410979   1.71039
        0         0         0         1

 0.333904 -0.348442   0.87584  0.736611
-0.940596 -0.183825  0.285459   1.08819
0.0615358 -0.919128 -0.389124   1.71635
        0         0         0         1

 0.326546 -0.337773  0.882767  0.729551
-0.942282 -0.189438  0.276076   1.09795
0.0739789 -0.921967 -0.380138   1.72159
        0         0         0         1

 0.293262 -0.305393  0.905943  0.711448
-0.947913 -0.216118  0.233994   1.13726
  0.12433 -0.927377 -0.352866   1.73598
        0         0         0         1

 0.290554 -0.292646  0.911009  0.700769
-0.947234  -0.22267  0.230579   1.14642
 0.135376 -0.929934 -0.341902   1.74068
        0         0         0         1

 0.271286 -0.276034  0.922068  0.690117
-0.947702 -0.243942    0.2058   1.16995
 0.168124 -0.929676 -0.327776   1.74032
        0         0         0         1

 0.266485 -0.268535  0.925675  0.683076
-0.947561 -0.248754  0.200623   1.17877
 0.176391 -0.930597 -0.320743   1.74691
        0         0         0         1

