0.0433885 -0.765627  0.641819  0.441773
 -0.99367 0.0335623  0.107211   1.06893
-0.103625 -0.642408 -0.759325   2.12658
        0         0         0         1

0.0705519 -0.754459  0.652544  0.427059
-0.991469 0.0188391  0.128977   1.02749
-0.109601 -0.656076 -0.746694   2.11279
        0         0         0         1

0.0705519 -0.754459  0.652544  0.427059
-0.991469 0.0188391  0.128977   1.02749
-0.109601 -0.656076 -0.746694   2.11279
        0         0         0         1

0.0847719 -0.753008  0.652528  0.426399
-0.989042 0.0158507  0.146781   0.98879
 -0.12087  -0.65782 -0.743413   2.10845
        0         0         0         1

0.0847719 -0.753008  0.652528  0.426399
-0.989042 0.0158507  0.146781   0.98879
 -0.12087  -0.65782 -0.743413   2.10845
        0         0         0         1

  0.114907  -0.739783   0.662961   0.419752
 -0.983573 0.00880171   0.180298   0.933373
 -0.139217  -0.672788  -0.726619    2.08943
         0          0          0          1

  0.114907  -0.739783   0.662961   0.419752
 -0.983573 0.00880171   0.180298   0.933373
 -0.139217  -0.672788  -0.726619    2.08943
         0          0          0          1

  0.125221  -0.731145   0.670632   0.420956
 -0.981078 0.00935648   0.193388   0.901641
 -0.147669  -0.682158  -0.716138    2.07384
         0          0          0          1

  0.125221  -0.731145   0.670632   0.420956
 -0.981078 0.00935648   0.193388   0.901641
 -0.147669  -0.682158  -0.716138    2.07384
         0          0          0          1

  0.13804 -0.724381  0.675438  0.421874
-0.977214 0.0114104  0.211951  0.867882
-0.161241 -0.689305   -0.7063   2.05879
        0         0         0         1

  0.13804 -0.724381  0.675438  0.421874
-0.977214 0.0114104  0.211951  0.867882
-0.161241 -0.689305   -0.7063   2.05879
        0         0         0         1

 0.158725 -0.708834  0.687285  0.418339
-0.970387 0.0163821  0.241001  0.814903
-0.182089 -0.705185 -0.685243   2.03791
        0         0         0         1

 0.158725 -0.708834  0.687285  0.418339
-0.970387 0.0163821  0.241001  0.814903
-0.182089 -0.705185 -0.685243   2.03791
        0         0         0         1

 0.165924 -0.700126  0.694473   0.41871
-0.968044 0.0186485  0.250087  0.784884
-0.188043 -0.713775 -0.674659   2.01596
        0         0         0         1

 0.165924 -0.700126  0.694473   0.41871
-0.968044 0.0186485  0.250087  0.784884
-0.188043 -0.713775 -0.674659   2.01596
        0         0         0         1

 0.174755 -0.691535  0.700885  0.423135
-0.962235 0.0309484  0.270455  0.740406
 -0.20872 -0.721679 -0.660011   1.98875
        0         0         0         1

 0.174755 -0.691535  0.700885  0.423135
-0.962235 0.0309484  0.270455  0.740406
 -0.20872 -0.721679 -0.660011   1.98875
        0         0         0         1

 0.184072 -0.682363  0.707459  0.423778
-0.956067 0.0427726  0.290011  0.709639
-0.228153 -0.729761 -0.644511   1.96857
        0         0         0         1

 0.184072 -0.682363  0.707459  0.423778
-0.956067 0.0427726  0.290011  0.709639
-0.228153 -0.729761 -0.644511   1.96857
        0         0         0         1

 0.191408 -0.673473  0.714001  0.425131
-0.950992 0.0527397  0.304686  0.682711
-0.242854 -0.737328 -0.630373   1.94484
        0         0         0         1

 0.191408 -0.673473  0.714001  0.425131
-0.950992 0.0527397  0.304686  0.682711
-0.242854 -0.737328 -0.630373   1.94484
        0         0         0         1

 0.188704 -0.669453  0.718487  0.432083
-0.945057 0.0750806  0.318167    0.6446
-0.266942 -0.739051 -0.618503   1.91206
        0         0         0         1

 0.188704 -0.669453  0.718487  0.432083
-0.945057 0.0750806  0.318167    0.6446
-0.266942 -0.739051 -0.618503   1.91206
        0         0         0         1

 0.189352 -0.668572  0.719137  0.432826
-0.938649  0.091747  0.332447  0.617614
-0.288243 -0.737966 -0.610182   1.89178
        0         0         0         1

 0.189352 -0.668572  0.719137  0.432826
-0.938649  0.091747  0.332447  0.617614
-0.288243 -0.737966 -0.610182   1.89178
        0         0         0         1

 0.191771 -0.656984  0.729106  0.436131
 -0.92951  0.116869  0.349791  0.582862
-0.315017 -0.744791 -0.588261   1.85516
        0         0         0         1

 0.191771 -0.656984  0.729106  0.436131
 -0.92951  0.116869  0.349791  0.582862
-0.315017 -0.744791 -0.588261   1.85516
        0         0         0         1

  0.18675 -0.648472  0.737976  0.441085
  -0.9258  0.135141   0.35303  0.563903
-0.328661 -0.749147 -0.575118   1.82954
        0         0         0         1

  0.18675 -0.648472  0.737976  0.441085
  -0.9258  0.135141   0.35303  0.563903
-0.328661 -0.749147 -0.575118   1.82954
        0         0         0         1

 0.179053 -0.641837  0.745644  0.446906
-0.922168  0.154623  0.354539  0.546795
 -0.34285 -0.751091 -0.564196    1.8059
        0         0         0         1

 0.179053 -0.641837  0.745644  0.446906
-0.922168  0.154623  0.354539  0.546795
 -0.34285 -0.751091 -0.564196    1.8059
        0         0         0         1

 0.179024 -0.636346  0.750343  0.449174
-0.910667  0.181454  0.371162   0.51658
 -0.37234 -0.749759 -0.547014   1.77266
        0         0         0         1

 0.179024 -0.636346  0.750343  0.449174
-0.910667  0.181454  0.371162   0.51658
 -0.37234 -0.749759 -0.547014   1.77266
        0         0         0         1

 0.171576 -0.634167  0.753919  0.455814
-0.903819  0.203184    0.3766  0.501271
-0.392011 -0.746022  -0.53831   1.75058
        0         0         0         1

 0.171576 -0.634167  0.753919  0.455814
-0.903819  0.203184    0.3766  0.501271
-0.392011 -0.746022  -0.53831   1.75058
        0         0         0         1

 0.174414 -0.626547  0.759617  0.461276
-0.889428  0.230755   0.39455  0.479297
 -0.42249  -0.74444 -0.517022    1.7154
        0         0         0         1

 0.174414 -0.626547  0.759617  0.461276
-0.889428  0.230755   0.39455  0.479297
 -0.42249  -0.74444 -0.517022    1.7154
        0         0         0         1

 0.173743 -0.621311  0.764059  0.465652
-0.879319  0.251461  0.404433  0.466753
-0.443409 -0.742119 -0.502641   1.69285
        0         0         0         1

 0.173743 -0.621311  0.764059  0.465652
-0.879319  0.251461  0.404433  0.466753
-0.443409 -0.742119 -0.502641   1.69285
        0         0         0         1

 0.174749  -0.62117  0.763944  0.468757
-0.868802  0.267806   0.41649  0.452812
  -0.4633 -0.736497 -0.492874   1.67315
        0         0         0         1

 0.174749  -0.62117  0.763944  0.468757
-0.868802  0.267806   0.41649  0.452812
  -0.4633 -0.736497 -0.492874   1.67315
        0         0         0         1

 0.170974 -0.616653  0.768445  0.474556
-0.858328  0.289731  0.423472  0.437031
-0.483778  -0.73198 -0.479754   1.64214
        0         0         0         1

 0.170974 -0.616653  0.768445  0.474556
-0.858328  0.289731  0.423472  0.437031
-0.483778  -0.73198 -0.479754   1.64214
        0         0         0         1

  0.16156 -0.610802  0.775125  0.481279
-0.855759  0.304475  0.418295  0.430552
-0.491502   -0.7309 -0.473509   1.62182
        0         0         0         1

  0.16156 -0.610802  0.775125  0.481279
-0.855759  0.304475  0.418295  0.430552
-0.491502   -0.7309 -0.473509   1.62182
        0         0         0         1

 0.156374 -0.601973  0.783056   0.48427
-0.850902  0.320448  0.416267  0.416688
 -0.50151 -0.731397  -0.46211   1.59347
        0         0         0         1

 0.156374 -0.601973  0.783056   0.48427
-0.850902  0.320448  0.416267  0.416688
 -0.50151 -0.731397  -0.46211   1.59347
        0         0         0         1

 0.148969 -0.597667  0.787783  0.486844
-0.847918  0.332688   0.41274  0.407746
-0.508767  -0.72946 -0.457213   1.57722
        0         0         0         1

 0.148969 -0.597667  0.787783  0.486844
-0.847918  0.332688   0.41274  0.407746
-0.508767  -0.72946 -0.457213   1.57722
        0         0         0         1

 0.134008 -0.597199   0.79082  0.492213
-0.845484  0.347359  0.405584   0.40206
-0.516912 -0.722977 -0.458373    1.5643
        0         0         0         1

 0.134008 -0.597199   0.79082  0.492213
-0.845484  0.347359  0.405584   0.40206
-0.516912 -0.722977 -0.458373    1.5643
        0         0         0         1

 0.125639 -0.594036  0.794567  0.497189
-0.842904  0.358457  0.401274  0.394078
-0.523189 -0.720159 -0.455679   1.54142
        0         0         0         1

 0.125639 -0.594036  0.794567  0.497189
-0.842904  0.358457  0.401274  0.394078
-0.523189 -0.720159 -0.455679   1.54142
        0         0         0         1

 0.126211 -0.594421  0.794188  0.498535
-0.838776  0.363503  0.405365   0.38817
-0.529647 -0.717307 -0.452708   1.52752
        0         0         0         1

 0.126211 -0.594421  0.794188  0.498535
-0.838776  0.363503  0.405365   0.38817
-0.529647 -0.717307 -0.452708   1.52752
        0         0         0         1

 0.120491 -0.598018  0.792374  0.503095
-0.833195  0.373017  0.408221  0.381354
-0.539692 -0.709389 -0.453321    1.5101
        0         0         0         1

 0.120491 -0.598018  0.792374  0.503095
-0.833195  0.373017  0.408221  0.381354
-0.539692 -0.709389 -0.453321    1.5101
        0         0         0         1

 0.116423 -0.598191  0.792851  0.505458
-0.830682  0.378944  0.407884  0.377758
-0.544439 -0.706094 -0.452789   1.49915
        0         0         0         1

 0.116423 -0.598191  0.792851  0.505458
-0.830682  0.378944  0.407884  0.377758
-0.544439 -0.706094 -0.452789   1.49915
        0         0         0         1

  0.10935 -0.597638  0.794274  0.508844
-0.829608  0.385282  0.404113   0.37598
-0.547533 -0.703126 -0.453675   1.48816
        0         0         0         1

  0.10935 -0.597638  0.794274  0.508844
-0.829608  0.385282  0.404113   0.37598
-0.547533 -0.703126 -0.453675   1.48816
        0         0         0         1

 0.101981 -0.599951   0.79351  0.511132
-0.826259  0.393126  0.403421  0.371199
-0.553982 -0.696786 -0.455623    1.4749
        0         0         0         1

 0.101981 -0.599951   0.79351  0.511132
-0.826259  0.393126  0.403421  0.371199
-0.553982 -0.696786 -0.455623    1.4749
        0         0         0         1

 0.101535 -0.601005   0.79277  0.510508
-0.822004  0.398178  0.407141  0.366697
-0.560357 -0.692999   -0.4536   1.46679
        0         0         0         1

 0.101535 -0.601005   0.79277  0.510508
-0.822004  0.398178  0.407141  0.366697
-0.560357 -0.692999   -0.4536   1.46679
        0         0         0         1

0.0962433 -0.599991  0.794197  0.513418
-0.818097  0.406812  0.406474  0.365011
 -0.56697  -0.68885 -0.451698   1.45441
        0         0         0         1

0.0962433 -0.599991  0.794197  0.513418
-0.818097  0.406812  0.406474  0.365011
 -0.56697  -0.68885 -0.451698   1.45441
        0         0         0         1

0.0933549 -0.599321  0.795046   0.51438
-0.815547  0.412021  0.406351  0.363373
-0.571111 -0.686333 -0.450311    1.4462
        0         0         0         1

0.0933549 -0.599321  0.795046   0.51438
-0.815547  0.412021  0.406351  0.363373
-0.571111 -0.686333 -0.450311    1.4462
        0         0         0         1

0.0893338 -0.603545  0.792308  0.514991
-0.812372  0.416092  0.408557  0.360949
-0.576256 -0.680147 -0.453132   1.44098
        0         0         0         1

0.0893338 -0.603545  0.792308  0.514991
-0.812372  0.416092  0.408557  0.360949
-0.576256 -0.680147 -0.453132   1.44098
        0         0         0         1

0.0828341 -0.604465  0.792313   0.51664
-0.810033  0.422279  0.406849  0.359696
-0.580504 -0.675501 -0.454658   1.43186
        0         0         0         1

0.0828341 -0.604465  0.792313   0.51664
-0.810033  0.422279  0.406849  0.359696
-0.580504 -0.675501 -0.454658   1.43186
        0         0         0         1

 0.079171 -0.603767  0.793219  0.517744
-0.809751  0.425142  0.404422  0.359334
-0.581407 -0.674329 -0.455242   1.42594
        0         0         0         1

 0.079171 -0.603767  0.793219  0.517744
-0.809751  0.425142  0.404422  0.359334
-0.581407 -0.674329 -0.455242   1.42594
        0         0         0         1

0.0746366 -0.604575  0.793044  0.518021
-0.808643  0.428677  0.402905  0.357877
-0.583546 -0.671361  -0.45689   1.41936
        0         0         0         1

0.0746366 -0.604575  0.793044  0.518021
-0.808643  0.428677  0.402905  0.357877
-0.583546 -0.671361  -0.45689   1.41936
        0         0         0         1

0.0718014 -0.605592   0.79253  0.519073
-0.807924  0.430637  0.402257  0.357705
-0.584896 -0.669186 -0.458352   1.41607
        0         0         0         1

0.0718014 -0.605592   0.79253  0.519073
-0.807924  0.430637  0.402257  0.357705
-0.584896 -0.669186 -0.458352   1.41607
        0         0         0         1

0.0696023 -0.607311  0.791409  0.519495
-0.806975   0.43212  0.402571  0.357228
-0.586469 -0.666668 -0.460009   1.41332
        0         0         0         1

0.0696023 -0.607311  0.791409  0.519495
-0.806975   0.43212  0.402571  0.357228
-0.586469 -0.666668 -0.460009   1.41332
        0         0         0         1

0.0682405 -0.607394  0.791465  0.520579
-0.805939  0.434039  0.402583  0.356604
-0.588053 -0.665344 -0.459903   1.40911
        0         0         0         1

0.0682405 -0.607394  0.791465  0.520579
-0.805939  0.434039  0.402583  0.356604
-0.588053 -0.665344 -0.459903   1.40911
        0         0         0         1

0.0671975 -0.606541  0.792207  0.520977
 -0.80649  0.434447  0.401037  0.356551
-0.587417 -0.665856 -0.459976   1.40638
        0         0         0         1

0.0671975 -0.606541  0.792207  0.520977
 -0.80649  0.434447  0.401037  0.356551
-0.587417 -0.665856 -0.459976   1.40638
        0         0         0         1

0.0677749 -0.608468  0.790679  0.520278
-0.805953  0.433744  0.402872  0.354501
-0.588086 -0.664555    -0.461   1.40383
        0         0         0         1

0.0677749 -0.608468  0.790679  0.520278
-0.805953  0.433744  0.402872  0.354501
-0.588086 -0.664555    -0.461   1.40383
        0         0         0         1

0.0667552 -0.609918  0.789648   0.52085
-0.805891  0.433662  0.403086  0.353969
-0.588289 -0.663278 -0.462578   1.40225
        0         0         0         1

0.0667552 -0.609918  0.789648   0.52085
-0.805891  0.433662  0.403086  0.353969
-0.588289 -0.663278 -0.462578   1.40225
        0         0         0         1

0.0656084  -0.61174  0.788334  0.521589
-0.806034   0.43323  0.403264  0.353951
-0.588222 -0.661881 -0.464659   1.40065
        0         0         0         1

0.0656084  -0.61174  0.788334  0.521589
-0.806034   0.43323  0.403264  0.353951
-0.588222 -0.661881 -0.464659   1.40065
        0         0         0         1

0.0646829 -0.612584  0.787754  0.521963
-0.805815  0.433576  0.403329  0.353383
-0.588625 -0.660873 -0.465584   1.39799
        0         0         0         1

0.0646829 -0.612584  0.787754  0.521963
-0.805815  0.433576  0.403329  0.353383
-0.588625 -0.660873 -0.465584   1.39799
        0         0         0         1

0.0644894 -0.610819   0.78914  0.521851
 -0.80632   0.43402  0.401839  0.352978
-0.587953 -0.662213 -0.464526   1.39574
        0         0         0         1

0.0644894 -0.610819   0.78914  0.521851
 -0.80632   0.43402  0.401839  0.352978
-0.587953 -0.662213 -0.464526   1.39574
        0         0         0         1

0.0612813 -0.609439  0.790461  0.522234
-0.807314  0.435431  0.398302  0.352866
-0.586932 -0.662558 -0.465325   1.39374
        0         0         0         1

0.0612813 -0.609439  0.790461  0.522234
-0.807314  0.435431  0.398302  0.352866
-0.586932 -0.662558 -0.465325   1.39374
        0         0         0         1

0.0589252 -0.609176  0.790843  0.522707
-0.807261  0.436959  0.396732  0.352998
-0.587246 -0.661794 -0.466016     1.393
        0         0         0         1

0.0589252 -0.609176  0.790843  0.522707
-0.807261  0.436959  0.396732  0.352998
-0.587246 -0.661794 -0.466016     1.393
        0         0         0         1

0.0570871 -0.607648  0.792152  0.523009
-0.807176  0.438854  0.394808  0.352964
-0.587544 -0.661945 -0.465426   1.39151
        0         0         0         1

0.0570871 -0.607648  0.792152  0.523009
-0.807176  0.438854  0.394808  0.352964
-0.587544 -0.661945 -0.465426   1.39151
        0         0         0         1

0.0547529 -0.604505  0.794718  0.522589
-0.807213  0.441674  0.391575  0.352549
-0.587715 -0.662947 -0.463781   1.38881
        0         0         0         1

0.0547529 -0.604505  0.794718  0.522589
-0.807213  0.441674  0.391575  0.352549
-0.587715 -0.662947 -0.463781   1.38881
        0         0         0         1

0.0505704 -0.601682  0.797133  0.523458
-0.807721   0.44479  0.386973  0.353342
-0.587391 -0.663431 -0.463498   1.38658
        0         0         0         1

0.0505704 -0.601682  0.797133  0.523458
-0.807721   0.44479  0.386973  0.353342
-0.587391 -0.663431 -0.463498   1.38658
        0         0         0         1

0.0450178 -0.601391  0.797685  0.523551
-0.806908  0.448868   0.38395  0.353173
 -0.58896 -0.660943  -0.46506   1.38521
        0         0         0         1

0.0450178 -0.601391  0.797685  0.523551
-0.806908  0.448868   0.38395  0.353173
 -0.58896 -0.660943  -0.46506   1.38521
        0         0         0         1

0.0439273 -0.598972  0.799564  0.522825
  -0.8077  0.449724  0.381273  0.352825
-0.587955 -0.662556 -0.464035   1.38319
        0         0         0         1

0.0439273 -0.598972  0.799564  0.522825
  -0.8077  0.449724  0.381273  0.352825
-0.587955 -0.662556 -0.464035   1.38319
        0         0         0         1

0.0401651 -0.597702  0.800711  0.523432
-0.808404  0.451543  0.377612  0.352988
-0.587255 -0.662465 -0.465049    1.3813
        0         0         0         1

0.0401651 -0.597702  0.800711  0.523432
-0.808404  0.451543  0.377612  0.352988
-0.587255 -0.662465 -0.465049    1.3813
        0         0         0         1

 0.034958 -0.595033  0.802941  0.524574
-0.807979  0.456019  0.373118  0.353765
-0.588174 -0.661803 -0.464832   1.37859
        0         0         0         1

 0.034958 -0.595033  0.802941  0.524574
-0.807979  0.456019  0.373118  0.353765
-0.588174 -0.661803 -0.464832   1.37859
        0         0         0         1

0.0318033  -0.59425  0.803652  0.525622
-0.808283  0.457682  0.370413  0.354527
-0.587935 -0.661358 -0.465766   1.37642
        0         0         0         1

0.0318033  -0.59425  0.803652  0.525622
-0.808283  0.457682  0.370413  0.354527
-0.587935 -0.661358 -0.465766   1.37642
        0         0         0         1

0.0319478 -0.595708  0.802565  0.525847
-0.808158  0.457073  0.371435  0.354148
-0.588098 -0.660466 -0.466824   1.37537
        0         0         0         1

0.0319478 -0.595708  0.802565  0.525847
-0.808158  0.457073  0.371435  0.354148
-0.588098 -0.660466 -0.466824   1.37537
        0         0         0         1

0.0306714 -0.593114  0.804534  0.526605
 -0.80839  0.458669  0.368956  0.354319
-0.587848 -0.661694 -0.465399   1.37466
        0         0         0         1

0.0306714 -0.593114  0.804534  0.526605
 -0.80839  0.458669  0.368956  0.354319
-0.587848 -0.661694 -0.465399   1.37466
        0         0         0         1

0.0306095 -0.589587  0.807125  0.526725
-0.808145  0.460588  0.367097  0.354372
-0.588187 -0.663511 -0.462373    1.3741
        0         0         0         1

0.0306095 -0.589587  0.807125  0.526725
-0.808145  0.460588  0.367097  0.354372
-0.588187 -0.663511 -0.462373    1.3741
        0         0         0         1

0.0280075 -0.587945  0.808416  0.528044
-0.806153    0.4649  0.366042   0.35494
-0.591045 -0.661958 -0.460953   1.37511
        0         0         0         1

0.0280075 -0.587945  0.808416  0.528044
-0.806153    0.4649  0.366042   0.35494
-0.591045 -0.661958 -0.460953   1.37511
        0         0         0         1

 0.027927 -0.589899  0.806994  0.528102
-0.804098  0.466343  0.368716  0.355042
-0.593841 -0.659199 -0.461313   1.37653
        0         0         0         1

 0.027927 -0.589899  0.806994  0.528102
-0.804098  0.466343  0.368716  0.355042
-0.593841 -0.659199 -0.461313   1.37653
        0         0         0         1

0.0272043 -0.594718  0.803474  0.529542
-0.799804  0.469206  0.374379  0.357031
-0.599644 -0.652806 -0.462894    1.3803
        0         0         0         1

0.0272043 -0.594718  0.803474  0.529542
-0.799804  0.469206  0.374379  0.357031
-0.599644 -0.652806 -0.462894    1.3803
        0         0         0         1

0.0270591 -0.601203  0.798638  0.530487
-0.792973  0.473542  0.383343  0.359123
-0.608656 -0.643671 -0.463924    1.3855
        0         0         0         1

0.0270591 -0.601203  0.798638  0.530487
-0.792973  0.473542  0.383343  0.359123
-0.608656 -0.643671 -0.463924    1.3855
        0         0         0         1

0.0240373 -0.611373  0.790977  0.530951
-0.787287  0.476041  0.391874  0.361228
-0.616118 -0.632145 -0.469883   1.39119
        0         0         0         1

0.0240373 -0.611373  0.790977  0.530951
-0.787287  0.476041  0.391874  0.361228
-0.616118 -0.632145 -0.469883   1.39119
        0         0         0         1

0.0219197 -0.614896  0.788303  0.532153
-0.780494  0.482227  0.397852  0.366768
-0.624778 -0.623987 -0.469353   1.40202
        0         0         0         1

0.0219197 -0.614896  0.788303  0.532153
-0.780494  0.482227  0.397852  0.366768
-0.624778 -0.623987 -0.469353   1.40202
        0         0         0         1

 0.023465 -0.611866  0.790613  0.532664
-0.780728  0.482739   0.39677  0.371567
 -0.62443 -0.626564 -0.466374   1.41003
        0         0         0         1

 0.023465 -0.611866  0.790613  0.532664
-0.780728  0.482739   0.39677  0.371567
 -0.62443 -0.626564 -0.466374   1.41003
        0         0         0         1

0.0267466 -0.608637  0.792998  0.532656
-0.789492  0.473736  0.390227  0.379236
-0.613178 -0.636503 -0.467843   1.42493
        0         0         0         1

0.0267466 -0.608637  0.792998  0.532656
-0.789492  0.473736  0.390227  0.379236
-0.613178 -0.636503 -0.467843   1.42493
        0         0         0         1

0.0275985 -0.607005  0.794219  0.531985
-0.797849  0.465287  0.383334  0.384234
-0.602226 -0.644246 -0.471457   1.43822
        0         0         0         1

0.0275985 -0.607005  0.794219  0.531985
-0.797849  0.465287  0.383334  0.384234
-0.602226 -0.644246 -0.471457   1.43822
        0         0         0         1

0.0240653  -0.60672  0.794551  0.532293
-0.809452  0.454602  0.371652  0.390677
-0.586693 -0.652095  -0.48017   1.45341
        0         0         0         1

0.0240653  -0.60672  0.794551  0.532293
-0.809452  0.454602  0.371652  0.390677
-0.586693 -0.652095  -0.48017   1.45341
        0         0         0         1

0.0228432 -0.606564  0.794707  0.530096
-0.824481  0.438155  0.358123  0.399526
-0.565429 -0.663401 -0.490091   1.47794
        0         0         0         1

0.0228432 -0.606564  0.794707  0.530096
-0.824481  0.438155  0.358123  0.399526
-0.565429 -0.663401 -0.490091   1.47794
        0         0         0         1

0.0277012 -0.604321  0.796259  0.527546
-0.831536  0.428157  0.353878  0.406466
-0.554779 -0.671921 -0.490654   1.49451
        0         0         0         1

0.0277012 -0.604321  0.796259  0.527546
-0.831536  0.428157  0.353878  0.406466
-0.554779 -0.671921 -0.490654   1.49451
        0         0         0         1

0.0328504 -0.602586  0.797378  0.526294
-0.836998  0.419427  0.351448  0.414443
 -0.54622 -0.678949 -0.490584   1.51387
        0         0         0         1

0.0328504 -0.602586  0.797378  0.526294
-0.836998  0.419427  0.351448  0.414443
 -0.54622 -0.678949 -0.490584   1.51387
        0         0         0         1

0.0450576 -0.601216  0.797815  0.522937
-0.849921  0.396618  0.346883  0.427967
 -0.52498  -0.69371 -0.493116   1.54541
        0         0         0         1

0.0450576 -0.601216  0.797815  0.522937
-0.849921  0.396618  0.346883  0.427967
 -0.52498  -0.69371 -0.493116   1.54541
        0         0         0         1

0.0508388 -0.597723  0.800089  0.522116
 -0.86313  0.376723  0.336283  0.440081
-0.502416 -0.707677  -0.49676    1.5674
        0         0         0         1

0.0508388 -0.597723  0.800089  0.522116
 -0.86313  0.376723  0.336283  0.440081
-0.502416 -0.707677  -0.49676    1.5674
        0         0         0         1

0.0688855 -0.591992  0.802995   0.51662
-0.881083  0.341427  0.327294  0.456595
-0.467919 -0.730051 -0.498074    1.6046
        0         0         0         1

0.0688855 -0.591992  0.802995   0.51662
-0.881083  0.341427  0.327294  0.456595
-0.467919 -0.730051 -0.498074    1.6046
        0         0         0         1

0.0848336 -0.588609  0.803954  0.513393
-0.891614   0.31533   0.32495  0.468911
-0.444779 -0.744383 -0.498061   1.63172
        0         0         0         1

0.0848336 -0.588609  0.803954  0.513393
-0.891614   0.31533   0.32495  0.468911
-0.444779 -0.744383 -0.498061   1.63172
        0         0         0         1

 0.101467 -0.588807  0.801879  0.512847
     -0.9  0.289136  0.326191  0.484004
-0.423916 -0.754789 -0.500589   1.66086
        0         0         0         1

 0.101467 -0.588807  0.801879  0.512847
     -0.9  0.289136  0.326191  0.484004
-0.423916 -0.754789 -0.500589   1.66086
        0         0         0         1

 0.131584 -0.592218  0.794961  0.511949
-0.913154   0.23968  0.329701   0.51108
-0.385792 -0.769305 -0.509249   1.70574
        0         0         0         1

 0.131584 -0.592218  0.794961  0.511949
-0.913154   0.23968  0.329701   0.51108
-0.385792 -0.769305 -0.509249   1.70574
        0         0         0         1

 0.154195 -0.598174  0.786392  0.509251
-0.921609   0.19984  0.332717  0.530603
-0.356175 -0.776049 -0.520468   1.73645
        0         0         0         1

 0.154195 -0.598174  0.786392  0.509251
-0.921609   0.19984  0.332717  0.530603
-0.356175 -0.776049 -0.520468   1.73645
        0         0         0         1

 0.176829 -0.615763  0.767833  0.507731
-0.934431  0.140004  0.327472  0.563917
-0.309145 -0.775393 -0.550631   1.78844
        0         0         0         1

 0.176829 -0.615763  0.767833  0.507731
-0.934431  0.140004  0.327472  0.563917
-0.309145 -0.775393 -0.550631   1.78844
        0         0         0         1

 0.183702  -0.63179  0.753057  0.511909
-0.942185  0.105247  0.318137  0.590128
-0.280253 -0.767961 -0.575929   1.82574
        0         0         0         1

 0.183702  -0.63179  0.753057  0.511909
-0.942185  0.105247  0.318137  0.590128
-0.280253 -0.767961 -0.575929   1.82574
        0         0         0         1

 0.199982 -0.639697  0.742155  0.508119
-0.949006 0.0619432  0.309112  0.617168
-0.243709 -0.766127 -0.594689   1.85678
        0         0         0         1

 0.199982 -0.639697  0.742155  0.508119
-0.949006 0.0619432  0.309112  0.617168
-0.243709 -0.766127 -0.594689   1.85678
        0         0         0         1

 0.208755 -0.663008  0.718917  0.511237
-0.956773 0.0137575   0.29051  0.663816
-0.202501 -0.748486 -0.631476   1.91142
        0         0         0         1

 0.208755 -0.663008  0.718917  0.511237
-0.956773 0.0137575   0.29051  0.663816
-0.202501 -0.748486 -0.631476   1.91142
        0         0         0         1

  0.218038  -0.675285   0.704592   0.508611
 -0.959519 -0.0164481   0.281163   0.692688
 -0.178276  -0.737373  -0.651535    1.94606
         0          0          0          1

  0.218038  -0.675285   0.704592   0.508611
 -0.959519 -0.0164481   0.281163   0.692688
 -0.178276  -0.737373  -0.651535    1.94606
         0          0          0          1

  0.215522  -0.695838   0.685098   0.511977
 -0.966888 -0.0538743    0.24945   0.746502
 -0.136667  -0.716175  -0.684409    1.99296
         0          0          0          1

  0.215522  -0.695838   0.685098   0.511977
 -0.966888 -0.0538743    0.24945   0.746502
 -0.136667  -0.716175  -0.684409    1.99296
         0          0          0          1

  0.217904  -0.711464   0.668085    0.51161
 -0.969212 -0.0773286   0.233771   0.781707
 -0.114657  -0.698455  -0.706409    2.02579
         0          0          0          1

  0.217904  -0.711464   0.668085    0.51161
 -0.969212 -0.0773286   0.233771   0.781707
 -0.114657  -0.698455  -0.706409    2.02579
         0          0          0          1

  0.206555  -0.727917   0.653814   0.518487
 -0.974142 -0.0904641   0.207037   0.821405
 -0.091559  -0.679672   -0.72778    2.05422
         0          0          0          1

  0.206555  -0.727917   0.653814   0.518487
 -0.974142 -0.0904641   0.207037   0.821405
 -0.091559  -0.679672   -0.72778    2.05422
         0          0          0          1

 0.195821 -0.749662  0.632188   0.51986
-0.978783 -0.109763   0.17302  0.877142
-0.0603156 -0.652656  -0.75525   2.09691
        0         0         0         1

 0.195821 -0.749662  0.632188   0.51986
-0.978783 -0.109763   0.17302  0.877142
-0.0603156 -0.652656  -0.75525   2.09691
        0         0         0         1

 0.183237 -0.766489  0.615564  0.524028
-0.982093 -0.114827  0.149362   0.91456
-0.0438007  -0.63191 -0.773803   2.12451
        0         0         0         1

 0.183237 -0.766489  0.615564  0.524028
-0.982093 -0.114827  0.149362   0.91456
-0.0438007  -0.63191 -0.773803   2.12451
        0         0         0         1

 0.161101 -0.781035   0.60335  0.526953
-0.986876 -0.120632  0.107349  0.976572
-0.0110603 -0.612725 -0.790218   2.15551
        0         0         0         1

 0.161101 -0.781035   0.60335  0.526953
-0.986876 -0.120632  0.107349  0.976572
-0.0110603 -0.612725 -0.790218   2.15551
        0         0         0         1

 0.153013 -0.782983   0.60293  0.525489
-0.988215 -0.123837 0.0899737   1.01363
0.00421719 -0.609592 -0.792704   2.17506
        0         0         0         1

 0.153013 -0.782983   0.60293  0.525489
-0.988215 -0.123837 0.0899737   1.01363
0.00421719 -0.609592 -0.792704   2.17506
        0         0         0         1

 0.139656 -0.790457  0.596384  0.527649
-0.990089 -0.120479  0.072166   1.05758
0.0148079 -0.600552 -0.799449   2.18987
        0         0         0         1

 0.139656 -0.790457  0.596384  0.527649
-0.990089 -0.120479  0.072166   1.05758
0.0148079 -0.600552 -0.799449   2.18987
        0         0         0         1

 0.121638 -0.801016  0.586154  0.525975
 -0.99192 -0.119539 0.0424845   1.11364
0.0360376 -0.586586 -0.809085    2.2074
        0         0         0         1

 0.121638 -0.801016  0.586154  0.525975
 -0.99192 -0.119539 0.0424845   1.11364
0.0360376 -0.586586 -0.809085    2.2074
        0         0         0         1

 0.112672 -0.810546  0.574734  0.534312
 -0.99246 -0.119895  0.025476   1.15996
0.0482584 -0.573271 -0.817943   2.21793
        0         0         0         1

 0.112672 -0.810546  0.574734  0.534312
 -0.99246 -0.119895  0.025476   1.15996
0.0482584 -0.573271 -0.817943   2.21793
        0         0         0         1

0.0948621 -0.818318  0.566883  0.544761
 -0.99452 -0.103042  0.017678   1.21784
0.0439464 -0.565454 -0.823608   2.23568
        0         0         0         1

