-0.462714  0.362779   0.80888  0.870679
 0.886271  0.210359   0.41264     1.064
-0.0204582  0.907822 -0.418857   2.55946
        0         0         0         1

-0.466528  0.367313  0.804632  0.874703
 0.884506  0.194961  0.423839   1.04688
-0.00119038  0.909435 -0.415845   2.56911
        0         0         0         1

-0.477923  0.372486  0.795515  0.879125
 0.878115  0.179445  0.443525   1.02829
0.0224562  0.910524 -0.412847   2.56403
        0         0         0         1

-0.482713  0.378483  0.789771  0.886098
 0.874977  0.169856  0.453391    1.0179
0.0374536   0.90989 -0.413155   2.56405
        0         0         0         1

 -0.49182  0.383784  0.781552  0.891075
 0.868047  0.146137  0.474488  0.997824
0.0678876  0.911786 -0.405015   2.57346
        0         0         0         1

-0.507155  0.392733  0.767173  0.895303
 0.855524  0.121708  0.503255   0.97466
 0.104274  0.911563 -0.397717   2.58246
        0         0         0         1

-0.510046  0.396485  0.763317  0.898309
 0.852726  0.116756  0.509143   0.97112
 0.112746  0.910586 -0.397644   2.58036
        0         0         0         1

-0.516684  0.406345  0.753606   0.90476
 0.845088  0.100844   0.52503  0.960274
 0.137346  0.908138 -0.395502   2.57921
        0         0         0         1

-0.526368  0.413274  0.743062  0.909753
 0.832977 0.0753505  0.548153  0.937174
 0.170547  0.907484  -0.38391   2.58373
        0         0         0         1

-0.526747   0.40781  0.745807  0.906167
 0.831819 0.0666978  0.551025  0.922285
  0.17497  0.910627 -0.374357    2.5861
        0         0         0         1

 -0.51608  0.408088  0.753078  0.911448
 0.838362 0.0604848  0.541748  0.915575
 0.175531  0.910937  -0.37334   2.58468
        0         0         0         1

-0.507646  0.403297  0.761345  0.913865
 0.841898 0.0444684  0.537801  0.892765
 0.183038  0.913988 -0.362109   2.59508
        0         0         0         1

-0.502142  0.399204   0.76713  0.914266
 0.846431 0.0450907  0.530586   0.88716
 0.177222  0.915752 -0.360541   2.59227
        0         0         0         1

-0.489948  0.389503  0.779896  0.919238
 0.854857 0.0393917  0.517367   0.87529
 0.170795  0.920182 -0.352269   2.59105
        0         0         0         1

-0.477323  0.384443  0.790168  0.922909
 0.862852 0.0348974  0.504251  0.859447
 0.166281  0.922489 -0.348375   2.59013
        0         0         0         1

-0.476755  0.380993   0.79218  0.920882
 0.862982 0.0314163  0.504257  0.843949
 0.167231  0.924044 -0.343768    2.5938
        0         0         0         1

-0.474514  0.378817  0.794565  0.920129
 0.864861 0.0326027  0.500951  0.837967
 0.163864  0.924897 -0.343094    2.5889
        0         0         0         1

-0.471657  0.375608  0.797784  0.922027
 0.866429 0.0293157  0.498439  0.823363
  0.16383  0.926315 -0.339264   2.58973
        0         0         0         1

 -0.46277  0.377756  0.801963  0.937119
 0.871948 0.0308446  0.488626  0.811148
 0.159845  0.925391 -0.343657    2.5812
        0         0         0         1

-0.463413  0.372795  0.803911  0.932968
 0.872515 0.0334672   0.48744  0.803766
  0.15481   0.92731 -0.340778    2.5757
        0         0         0         1

-0.461978  0.370843  0.805638  0.938799
 0.874287 0.0378209  0.483934  0.799097
 0.148993  0.927925 -0.341695    2.5695
        0         0         0         1

-0.464495  0.361587  0.808393  0.934848
 0.874647 0.0443437  0.482729  0.782069
 0.138701  0.931283 -0.336858   2.55962
        0         0         0         1

-0.464495  0.361587  0.808393  0.934848
 0.874647 0.0443437  0.482729  0.782069
 0.138701  0.931283 -0.336858   2.55962
        0         0         0         1

-0.464818  0.358464  0.809598   0.93988
 0.875291 0.0482099  0.481188  0.772137
 0.133458  0.932298 -0.336169   2.55284
        0         0         0         1

-0.471091  0.348919  0.810142  0.936802
 0.873351 0.0555725  0.483912  0.760421
 0.123824  0.935504 -0.330908    2.5394
        0         0         0         1

-0.474248  0.343504  0.810614   0.93755
 0.872675 0.0617762  0.484379  0.754829
 0.116309  0.937117 -0.329064   2.52728
        0         0         0         1

-0.474481  0.342411  0.810939  0.944172
 0.873418 0.0684446  0.482137  0.753065
 0.109585  0.937054 -0.331544   2.51576
        0         0         0         1

-0.479078    0.3365  0.810711  0.944532
 0.871496 0.0720873  0.485076  0.745868
 0.104786   0.93892 -0.327794   2.50569
        0         0         0         1

 -0.48723  0.330605  0.808274  0.952043
  0.86735 0.0755812  0.491926   0.73184
 0.101543  0.940738 -0.323575   2.48875
        0         0         0         1

-0.496396  0.322152  0.806107  0.946592
 0.862705 0.0797399  0.499381  0.725684
0.0965978  0.943324 -0.317505   2.47669
        0         0         0         1

-0.500073  0.322362  0.803747  0.952745
 0.860909 0.0847363  0.501653  0.721643
0.0936069  0.942816 -0.319898   2.46541
        0         0         0         1

-0.507548  0.316842  0.801253  0.951666
 0.856846 0.0878153  0.508038  0.716277
0.0906058  0.944404 -0.316056   2.45253
        0         0         0         1

-0.514196  0.316478  0.797147  0.953896
 0.852732 0.0890275  0.514706  0.709657
0.0919252  0.944413 -0.315649   2.44242
        0         0         0         1

-0.527823  0.305494  0.792513  0.949032
  0.84439 0.0880032  0.528451  0.697785
0.0916948  0.948119 -0.304406   2.42326
        0         0         0         1

-0.534082  0.302302  0.789538  0.954278
 0.840367 0.0877438  0.534869  0.693036
 0.092415  0.949165 -0.300907   2.40582
        0         0         0         1

-0.540361  0.298305  0.786781  0.954064
 0.836614 0.0905358   0.54026  0.688294
0.0899305  0.950167 -0.298488   2.39193
        0         0         0         1

-0.547636  0.288756  0.785312  0.949718
 0.831965 0.0880376  0.547798  0.680839
0.0890429  0.953347 -0.288447   2.37961
        0         0         0         1

-0.550526  0.291608  0.782231  0.955639
 0.829257 0.0830522  0.552662  0.672974
0.0961944  0.952926  -0.28754    2.3709
        0         0         0         1

-0.558783  0.279508  0.780793  0.952556
 0.824313 0.0839536  0.559875  0.665039
0.0909389  0.956466 -0.277314   2.34218
        0         0         0         1

-0.560162  0.272263  0.782363  0.953673
 0.823808 0.0839594  0.560618   0.65864
0.0869486  0.958553 -0.271323   2.32226
        0         0         0         1

-0.560956  0.270897  0.782268  0.954548
 0.823012 0.0805305  0.562286  0.652866
0.0893255  0.959234 -0.268126   2.31666
        0         0         0         1

 -0.56136  0.268665  0.782748  0.957093
 0.823035 0.0823421   0.56199   0.65169
0.0865339  0.959708 -0.267344   2.29846
        0         0         0         1

-0.562409  0.263164  0.783863  0.954962
 0.822402 0.0797337  0.563292  0.645855
0.0857376  0.961451 -0.261269   2.28379
        0         0         0         1

-0.561053  0.263233   0.78481  0.958459
 0.823147 0.0772496  0.562549  0.642489
0.0874555  0.961634 -0.260021   2.26802
        0         0         0         1

-0.560784  0.263392   0.78495  0.962062
 0.822877 0.0723819  0.563591  0.633615
0.0916293   0.96197  -0.25733   2.23913
        0         0         0         1

-0.560646  0.264329  0.784733  0.964948
 0.822723 0.0704387  0.564061  0.631083
0.0938219  0.961857  -0.25696   2.22053
        0         0         0         1

-0.562447  0.262043  0.784211  0.962683
 0.821151 0.0660251  0.566879  0.625498
0.0967691  0.962795 -0.252312   2.20678
        0         0         0         1

-0.563841   0.26136  0.783438  0.963181
 0.819605 0.0603311  0.569744  0.620459
 0.101642  0.963354 -0.248229   2.18936
        0         0         0         1

-0.565238  0.264646  0.781325  0.965349
 0.816433 0.0438941  0.575769  0.610537
  0.11808  0.963346 -0.240876   2.16312
        0         0         0         1

-0.566105  0.268831  0.779266   0.96755
 0.814663 0.0380812  0.578682  0.605547
 0.125892  0.962434 -0.240565    2.1397
        0         0         0         1

-0.566237  0.271014  0.778413  0.968436
 0.813929 0.0349198  0.579914  0.603445
 0.129983  0.961942 -0.240359   2.12931
        0         0         0         1

-0.567359  0.276908  0.775517  0.970181
  0.81164 0.0289839  0.583438  0.599295
 0.139081  0.960459 -0.241194   2.11279
        0         0         0         1

-0.570089  0.280932  0.772059  0.971103
 0.808318 0.0236057  0.588273  0.595793
  0.14704  0.959437  -0.24054   2.09612
        0         0         0         1

 -0.576535   0.299517   0.760195   0.977685
  0.797307 0.00282659   0.603567    0.58278
   0.17863   0.954087  -0.240437    2.04801
         0          0          0          1

 -0.576535   0.299517   0.760195   0.977685
  0.797307 0.00282659   0.603567    0.58278
   0.17863   0.954087  -0.240437    2.04801
         0          0          0          1

  -0.580521    0.306626    0.754305    0.980193
   0.791126 -0.00678172    0.611615    0.578257
   0.192652    0.951806   -0.238643     2.02565
          0           0           0           1

 -0.581896   0.312064   0.751008   0.982553
  0.787784 -0.0130499   0.615813   0.575397
  0.201974   0.949971  -0.238245     2.0151
         0          0          0          1

  -0.58718   0.313739   0.746182    0.98205
  0.781644 -0.0197976    0.62341   0.571654
   0.21036   0.949303  -0.233607    1.99814
         0          0          0          1

 -0.591242   0.326192   0.737585   0.988546
  0.771458 -0.0378927   0.635151   0.564988
   0.23513   0.944544   -0.22924    1.96462
         0          0          0          1

 -0.594878   0.331198   0.732413   0.991195
  0.764071 -0.0499826   0.643193   0.560494
  0.249632   0.942237  -0.223325    1.94567
         0          0          0          1

 -0.597464   0.334526   0.728786   0.993438
  0.758588 -0.0588463   0.648908   0.557453
  0.259963   0.940547  -0.218609    1.93305
         0          0          0          1

 -0.600044   0.338223    0.72495   0.996349
  0.752577 -0.0686077    0.65492    0.55446
  0.271246   0.938562  -0.213371    1.91687
         0          0          0          1

  -0.60854   0.340782   0.716622   0.999363
  0.737325 -0.0909794   0.669384    0.54682
  0.293312    0.93573  -0.195902    1.88587
         0          0          0          1

-0.610352  0.343246  0.713899   1.00189
 0.731669 -0.101049  0.674129  0.544446
 0.303531  0.933794 -0.189467   1.86939
        0         0         0         1

-0.612198  0.344007   0.71195   1.00423
 0.724971  -0.11523  0.679072  0.540971
 0.315643   0.93187 -0.178851     1.855
        0         0         0         1

-0.615259   0.34294  0.709823   1.00596
 0.718496 -0.126558   0.68392  0.538272
 0.324377  0.930793 -0.168535   1.83956
        0         0         0         1

-0.617383  0.342837  0.708027   1.00767
 0.712186 -0.138673  0.688157  0.535826
 0.334109  0.929103 -0.158549   1.82502
        0         0         0         1

-0.618745  0.342735  0.706886   1.01002
  0.70636 -0.151089   0.69154   0.53312
 0.343817  0.927203 -0.148609   1.81071
        0         0         0         1

-0.619315  0.344912  0.705326   1.01508
 0.695343 -0.176242  0.696733  0.527961
  0.36462  0.921941 -0.130682   1.78326
        0         0         0         1

-0.617541  0.347721  0.705502   1.02037
 0.687996 -0.195904  0.698773  0.524501
 0.381188  0.916903 -0.118251   1.75544
        0         0         0         1

-0.617541  0.347721  0.705502   1.02037
 0.687996 -0.195904  0.698773  0.524501
 0.381188  0.916903 -0.118251   1.75544
        0         0         0         1

-0.617197   0.34835  0.705492   1.02226
 0.681531 -0.211365    0.7006  0.521242
  0.39317  0.913224 -0.106957   1.74196
        0         0         0         1

-0.616675  0.348578  0.705837   1.02396
 0.678078 -0.220274  0.701206  0.519509
 0.399902  0.911028 -0.100526    1.7317
        0         0         0         1

 -0.616988   0.347268   0.706208    1.02535
  0.674575  -0.228792   0.701857   0.518045
  0.405307   0.909428 -0.0930965    1.71857
         0          0          0          1

 -0.614893   0.346797   0.708265    1.02971
  0.667566  -0.249235   0.701596     0.5144
  0.419836    0.90422 -0.0782566    1.69521
         0          0          0          1

 -0.611849   0.345484   0.711535    1.03333
  0.661463   -0.26977   0.699779   0.510976
  0.433713   0.898813 -0.0634659    1.67288
         0          0          0          1

 -0.611849   0.345484   0.711535    1.03333
  0.661463   -0.26977   0.699779   0.510976
  0.433713   0.898813 -0.0634659    1.67288
         0          0          0          1

 -0.606456   0.347048    0.71538    1.03663
  0.659975  -0.282071   0.696326   0.509121
  0.443446   0.894424 -0.0579789    1.65761
         0          0          0          1

 -0.601788   0.348669   0.718527    1.03937
  0.656087  -0.297191   0.693705   0.506638
  0.455413    0.88888 -0.0499113    1.64126
         0          0          0          1

 -0.600367   0.346811   0.720612    1.04055
  0.655159  -0.303441   0.691874   0.505588
  0.458613   0.887494 -0.0450408    1.62999
         0          0          0          1

 -0.596693   0.343826    0.72508    1.04265
  0.653796  -0.315628   0.687699   0.504258
  0.465304     0.8844 -0.0364597    1.62058
         0          0          0          1

 -0.594442     0.3427   0.727459    1.04404
  0.649929  -0.327963   0.685589   0.502634
  0.473531   0.880339 -0.0277761    1.60825
         0          0          0          1

 -0.593804   0.342815   0.727925    1.04454
  0.647635  -0.333209   0.685231   0.501746
  0.477458   0.878322 -0.0241582    1.60236
         0          0          0          1

 -0.591325   0.342217    0.73022    1.04618
  0.644312  -0.344055   0.682999   0.500357
   0.48497   0.874365 -0.0170461    1.59116
         0          0          0          1

  -0.587858    0.340701    0.733721     1.04788
   0.640766   -0.357535    0.679403    0.498838
   0.493804    0.869535 -0.00812993     1.57629
          0           0           0           1

  -0.587179    0.339637    0.734757     1.04846
   0.638115    -0.36426    0.678325    0.498177
   0.498027    0.867157 -0.00284114     1.56759
          0           0           0           1

 -0.584937   0.339329   0.736685    1.04962
  0.635417  -0.372768   0.676232   0.497388
  0.504078   0.863655 0.00243009    1.55989
         0          0          0          1

   -0.5837   0.338086   0.738236    1.04981
   0.63333  -0.379394   0.674503    0.49672
  0.508122   0.861254 0.00733222    1.55216
         0          0          0          1

-0.581999  0.334575  0.741173   1.04988
 0.629522 -0.391583  0.671092  0.496241
 0.514761   0.85716 0.0172784   1.53678
        0         0         0         1

-0.582532  0.330488  0.742586    1.0483
 0.624447 -0.402867  0.669152  0.495652
  0.52031  0.853508 0.0283106   1.52292
        0         0         0         1

-0.582532  0.330488  0.742586    1.0483
 0.624447 -0.402867  0.669152  0.495652
  0.52031  0.853508 0.0283106   1.52292
        0         0         0         1

-0.580442  0.328575  0.745068    1.0479
 0.622967 -0.410059  0.666156  0.495628
 0.524404  0.850817 0.0333236   1.51336
        0         0         0         1

-0.579142  0.327525   0.74654   1.04797
 0.622341 -0.413883  0.664374  0.495599
 0.526579  0.849369  0.035865   1.50958
        0         0         0         1

-0.576882   0.32684  0.748587   1.04603
  0.62031 -0.420959  0.661822  0.495552
 0.531434   0.84615 0.0401018   1.49873
        0         0         0         1

 -0.57446  0.326576  0.750562   1.04497
 0.619832 -0.425333  0.659469  0.495826
 0.534606  0.844062 0.0419145   1.49092
        0         0         0         1

-0.572796  0.326086  0.752046   1.04373
 0.620021 -0.427764  0.657717  0.496171
  0.53617  0.843022 0.0428413   1.48464
        0         0         0         1

-0.570655  0.325722  0.753829   1.04268
 0.620881 -0.429663  0.655665  0.496597
 0.537457  0.842197 0.0429543     1.478
        0         0         0         1

-0.567631  0.325075  0.756387    1.0377
 0.618338 -0.438247  0.652378   0.49735
 0.543556  0.838013 0.0477565    1.4611
        0         0         0         1

-0.567631  0.325075  0.756387    1.0377
 0.618338 -0.438247  0.652378   0.49735
 0.543556  0.838013 0.0477565    1.4611
        0         0         0         1

-0.565953  0.326044  0.757227     1.036
 0.616757 -0.442056  0.651304  0.497531
  0.54709  0.835633 0.0490928   1.45531
        0         0         0         1

-0.565272  0.326272  0.757637   1.03473
 0.615602 -0.444512  0.650725  0.497743
 0.549092   0.83424  0.050417    1.4513
        0         0         0         1

-0.563071   0.32687  0.759017   1.03287
 0.613438 -0.450113  0.648916  0.497981
 0.553754  0.830996 0.0529315   1.44456
        0         0         0         1

 -0.56234  0.327029  0.759491   1.03221
 0.612963 -0.451625  0.648314  0.498149
 0.555023  0.830112 0.0535102   1.44214
        0         0         0         1

-0.560127  0.326944   0.76116   1.02779
 0.608577 -0.460986  0.645853   0.49846
 0.562042  0.824985 0.0592396   1.42901
        0         0         0         1

-0.560127  0.326944   0.76116   1.02779
 0.608577 -0.460986  0.645853   0.49846
 0.562042  0.824985 0.0592396   1.42901
        0         0         0         1

-0.561177  0.328216  0.759839   1.02477
 0.605666 -0.462859  0.647248  0.498243
 0.564136  0.823429 0.0609561   1.42508
        0         0         0         1

-0.558884  0.327477  0.761845   1.02389
 0.605988 -0.465853  0.644794  0.498443
 0.566063  0.822034 0.0619101   1.42098
        0         0         0         1

-0.556763  0.327324  0.763462   1.02135
  0.60547 -0.469323  0.642762  0.498394
 0.568701  0.820119 0.0631169   1.41497
        0         0         0         1

-0.554423  0.327806  0.764957   1.01904
 0.605215  -0.47211  0.640958   0.49826
 0.571253  0.818325 0.0633559   1.41056
        0         0         0         1

-0.552892  0.327948  0.766003   1.01681
 0.604411 -0.474966  0.639604  0.497932
 0.573583  0.816613 0.0643894   1.40726
        0         0         0         1

-0.551153   0.32767  0.767374   1.01584
 0.604843 -0.476645  0.637946  0.497832
 0.574801  0.815746 0.0645153   1.40509
        0         0         0         1

-0.548818  0.327677  0.769043   1.01437
 0.605355 -0.478655  0.635952  0.497703
 0.576493  0.814566 0.0643332   1.40246
        0         0         0         1

  -0.5467  0.326982  0.770845   1.01312
 0.606291 -0.480371  0.633762   0.49751
 0.577521  0.813834 0.0643725   1.39968
        0         0         0         1

-0.542329  0.324688  0.774892   1.00889
 0.607998 -0.484863  0.628686  0.497069
 0.579843  0.812087  0.065546   1.39268
        0         0         0         1

-0.542329  0.324688  0.774892   1.00889
 0.607998 -0.484863  0.628686  0.497069
 0.579843  0.812087  0.065546   1.39268
        0         0         0         1

-0.540971  0.321911  0.776997   1.00735
 0.609927 -0.485942  0.625978   0.49681
 0.579085  0.812547  0.066538    1.3896
        0         0         0         1

-0.539315  0.319894  0.778978   1.00724
 0.611523 -0.487189  0.623448    0.4969
 0.578947  0.812598 0.0671258   1.38816
        0         0         0         1

-0.538543  0.318412  0.780119   1.00562
 0.611579 -0.489159  0.621848  0.496475
 0.579606  0.811996 0.0686993   1.38658
        0         0         0         1

-0.535182  0.313699   0.78433   1.00416
 0.614242 -0.492884  0.616256  0.496394
 0.579903  0.811578 0.0710954   1.38285
        0         0         0         1

-0.534288  0.308476  0.787007   1.00153
 0.615072 -0.496785  0.612284  0.495832
 0.579848  0.811201 0.0756915    1.3795
        0         0         0         1

-0.534288  0.308476  0.787007   1.00153
 0.615072 -0.496785  0.612284  0.495832
 0.579848  0.811201 0.0756915    1.3795
        0         0         0         1

-0.532435   0.30586   0.78928   1.00111
 0.616277 -0.499134  0.609153   0.49581
 0.580271   0.81075 0.0772621   1.37772
        0         0         0         1

 -0.53207  0.302813    0.7907   1.00015
 0.616914 -0.500982  0.606988  0.495616
  0.57993  0.810753 0.0797481   1.37586
        0         0         0         1

 -0.53334   0.30088  0.790582  0.997955
 0.616016 -0.502358  0.606763   0.49518
 0.579718  0.810622  0.082581    1.3743
        0         0         0         1

-0.532436    0.2961  0.792993  0.996064
 0.617065 -0.505509  0.603068  0.494834
 0.579433  0.810423 0.0864379   1.37056
        0         0         0         1

 -0.53069  0.292743  0.795406  0.994743
 0.617391 -0.509442  0.599415   0.49464
 0.580687  0.809179 0.0896188   1.36817
        0         0         0         1

-0.530458  0.292397  0.795687  0.994625
 0.617555 -0.509716  0.599012  0.494639
 0.580724  0.809131 0.0898116   1.36784
        0         0         0         1

-0.528497  0.291274  0.797402  0.993505
 0.617296 -0.512963  0.596502  0.494279
 0.582783  0.807483 0.0912972   1.36592
        0         0         0         1

-0.527946  0.290971  0.797878  0.991159
  0.61636 -0.515053  0.595668  0.493818
 0.584271  0.806261 0.0925775    1.3637
        0         0         0         1

-0.524713  0.290885  0.800039  0.991188
  0.61851 -0.515469  0.593074  0.494179
 0.584911  0.806026 0.0905577   1.36149
        0         0         0         1

-0.523184  0.292277  0.800533  0.989878
 0.618043 -0.516637  0.592544  0.494148
 0.586772  0.804773 0.0896562   1.36008
        0         0         0         1

-0.522856  0.292956  0.800499  0.988126
 0.617903  -0.51666  0.592671  0.494042
 0.587212  0.804512 0.0891207   1.35809
        0         0         0         1

-0.519813  0.293471   0.80229  0.988367
 0.619223 -0.517547  0.590515   0.49432
 0.588522  0.803754 0.0873034   1.35603
        0         0         0         1

-0.517824  0.295682  0.802764  0.985914
 0.617978 -0.519604  0.590013   0.49431
 0.591575  0.801613 0.0863385   1.35337
        0         0         0         1

-0.515639  0.297167  0.803622  0.985284
 0.617478 -0.521356   0.58899  0.494656
 0.594001  0.799925 0.0853377   1.35115
        0         0         0         1

-0.513017  0.297842  0.805049  0.984879
 0.616758   -0.5244  0.587039  0.494854
 0.597012  0.797681 0.0853294   1.34927
        0         0         0         1

-0.512036  0.299103  0.805206  0.983576
  0.61523 -0.526467  0.586791  0.494906
 0.599426  0.795845 0.0855525   1.34798
        0         0         0         1

-0.510959   0.29957  0.805716  0.982497
  0.61446 -0.528187  0.586053  0.495274
 0.601133  0.794529 0.0858082   1.34579
        0         0         0         1

-0.507494  0.298548  0.808281  0.980893
 0.613532 -0.533444  0.582251  0.495831
 0.605002  0.791396  0.087551   1.34163
        0         0         0         1

-0.506506   0.29843  0.808945  0.979413
  0.61278 -0.535439  0.581211  0.496224
 0.606591  0.790092 0.0883308   1.33938
        0         0         0         1

-0.504853  0.297116   0.81046  0.978893
 0.612806 -0.537886   0.57892  0.496754
 0.607941  0.788924 0.0894788   1.33714
        0         0         0         1

-0.503181  0.295633  0.812041  0.978177
 0.612426 -0.540975  0.576438  0.497475
 0.609708  0.787367 0.0911546    1.3352
        0         0         0         1

-0.502825  0.293113  0.813174  0.977094
 0.612126 -0.543472  0.574404  0.498115
 0.610303  0.786589 0.0938494   1.33272
        0         0         0         1

-0.499545  0.289622  0.816439   0.97613
 0.609431 -0.552311  0.568811  0.499734
 0.615669  0.781711 0.0993995   1.32935
        0         0         0         1

 -0.49889  0.288676  0.817175  0.973762
 0.606751 -0.556934  0.567167  0.500095
  0.61884  0.778775  0.102694   1.32833
        0         0         0         1

-0.494527  0.280351  0.822707  0.973461
 0.609035 -0.563537  0.558124  0.501493
 0.620096  0.777065   0.10794   1.32503
        0         0         0         1

-0.493218    0.2765  0.824793  0.972758
 0.607928 -0.568624  0.554157  0.502095
 0.622222  0.774735  0.112364   1.32362
        0         0         0         1

-0.493704  0.269669  0.826761  0.969904
 0.606182 -0.574953   0.54952  0.502769
 0.623538  0.772468  0.120388   1.32124
        0         0         0         1

-0.496883 0.252435 0.830292 0.966959
0.602016 -0.58884 0.539299 0.504505
0.625047 0.767818 0.140615  1.31773
       0        0        0        1

-0.496132  0.252996   0.83057   0.96637
  0.60258 -0.588382  0.539169  0.505203
   0.6251  0.767984  0.139465   1.31661
        0         0         0         1

-0.493518 0.254228  0.83175 0.965873
0.604896 -0.58682 0.538278 0.505874
0.624933 0.768772 0.135824  1.31626
       0        0        0        1

-0.491463  0.253656   0.83314  0.966396
 0.607458 -0.585668  0.536645  0.506593
 0.624067  0.769839  0.133748   1.31606
        0         0         0         1

 -0.49157  0.255436  0.832533  0.966278
 0.606476 -0.585645   0.53778  0.506824
 0.624937  0.769268   0.13297   1.31644
        0         0         0         1

-0.490541  0.264997  0.830148  0.966807
 0.602765 -0.584794  0.542854  0.507156
  0.62932  0.766677  0.127135   1.31798
        0         0         0         1

-0.490541  0.264997  0.830148  0.966807
 0.602765 -0.584794  0.542854  0.507156
  0.62932  0.766677  0.127135   1.31798
        0         0         0         1

-0.490375  0.271562  0.828122   0.96664
 0.600088 -0.583863  0.546807  0.507007
 0.632002  0.765087  0.123351   1.31882
        0         0         0         1

-0.490345  0.274477  0.827179  0.966405
 0.599394 -0.582798  0.548702  0.506911
 0.632684  0.764859  0.121252   1.31898
        0         0         0         1

-0.488766  0.278992  0.826602  0.966491
 0.598362 -0.582306  0.550347  0.506652
 0.634878  0.763599  0.117673   1.31988
        0         0         0         1

-0.483665  0.288912  0.826195  0.966811
 0.598132 -0.580038  0.552987  0.506348
 0.638989  0.761634  0.107737   1.32092
        0         0         0         1

-0.481705  0.292759  0.825986  0.966618
 0.597116 -0.580229  0.553884  0.506104
 0.641415  0.760018  0.104688   1.32153
        0         0         0         1

-0.480011  0.296046    0.8258   0.96621
 0.595738 -0.580992  0.554567  0.505928
 0.643961  0.758159  0.102517   1.32216
        0         0         0         1

 -0.47658  0.301367  0.825863  0.965483
 0.593923 -0.582243  0.555202  0.505549
 0.648172  0.755097  0.098496   1.32308
        0         0         0         1

-0.474702  0.302768  0.826432   0.96553
 0.593593 -0.583153    0.5546  0.505527
 0.649851  0.753833  0.097103    1.3235
        0         0         0         1

-0.472817   0.30598   0.82633  0.964825
 0.593364 -0.582726  0.555292  0.505521
 0.651432  0.752866 0.0939649   1.32372
        0         0         0         1

-0.468818  0.310494  0.826924  0.963987
 0.592552 -0.583718  0.555118  0.505772
 0.655051  0.750245 0.0896735   1.32409
        0         0         0         1

-0.466802  0.312403  0.827345  0.963395
 0.591891 -0.584737   0.55475  0.505989
 0.657085  0.748657 0.0880482   1.32443
        0         0         0         1

-0.464836  0.314268  0.827746  0.962833
 0.592005 -0.584856  0.554503   0.50615
 0.658375  0.747782 0.0858141   1.32448
        0         0         0         1

-0.459922    0.3178  0.829141  0.961957
 0.591685  -0.58657  0.553031  0.506596
 0.662103  0.744942 0.0817392   1.32533
        0         0         0         1

-0.456543  0.320662  0.829906  0.961165
  0.59084 -0.588134  0.552274  0.507076
  0.66519  0.742478 0.0790489   1.32626
        0         0         0         1

-0.453373  0.321327  0.831386  0.961415
 0.591383  -0.58943  0.550307  0.507433
 0.666872  0.741162 0.0772043    1.3267
        0         0         0         1

-0.450436   0.32394  0.831968  0.961282
 0.591377 -0.589863   0.54985  0.507854
 0.668865  0.739679 0.0741246   1.32725
        0         0         0         1

-0.446306  0.327176  0.832926  0.960883
 0.591154 -0.590975  0.548895  0.508374
 0.671824  0.737363  0.070344   1.32832
        0         0         0         1

 -0.44518  0.329793  0.832497  0.960163
 0.591178 -0.590037  0.549877  0.508632
  0.67255  0.736948 0.0677064   1.32848
        0         0         0         1

 -0.44129  0.333954  0.832909  0.959619
  0.59134 -0.589918   0.54983  0.509271
 0.674966  0.735167 0.0628446   1.32894
        0         0         0         1

-0.437155  0.340277   0.83253  0.957778
 0.589914 -0.590247  0.551009  0.509633
 0.678894  0.731998 0.0572954   1.33024
        0         0         0         1

-0.433501  0.343554  0.833095  0.957257
 0.591103 -0.589401  0.550639  0.510154
 0.680202  0.731147 0.0524304   1.33016
        0         0         0         1

-0.429237  0.346509  0.834078  0.957217
 0.591453  -0.59009  0.549524  0.510498
 0.682597  0.729194 0.0483447   1.33062
        0         0         0         1

-0.422546  0.351351  0.835469  0.956457
 0.591102 -0.591952  0.547897  0.511009
 0.687062  0.725359 0.0424428   1.33192
        0         0         0         1

-0.413048  0.357306   0.83769  0.956152
 0.592517 -0.593089  0.545132  0.511675
 0.691604  0.721511 0.0332644   1.33279
        0         0         0         1

-0.406001  0.362425  0.838935  0.955771
  0.59371 -0.593279  0.543625  0.512028
 0.694746  0.718796 0.0256962    1.3335
        0         0         0         1

-0.399919  0.367946  0.839452   0.95461
 0.594976  -0.59246  0.543134  0.512355
 0.697186  0.716664 0.0180165   1.33402
        0         0         0         1

 -0.391104   0.374404   0.840749    0.95429
  0.597045  -0.591997   0.541366   0.512786
   0.70041   0.713696 0.00799672    1.33506
         0          0          0          1

   -0.383333     0.379838      0.84189     0.954153
    0.599094    -0.591495     0.539648     0.513237
    0.702952     0.711236 -0.000819157      1.33598
           0            0            0            1

  -0.377621    0.386447    0.841463    0.953089
   0.599984   -0.590052    0.540238     0.51352
   0.705281     0.70887 -0.00904611     1.33671
          0           0           0           1

 -0.362035   0.398262   0.842804   0.952991
  0.603366  -0.589066   0.537542   0.514508
  0.710549   0.703128 -0.0270354    1.33872
         0          0          0          1

-0.351786   0.40461   0.84412  0.953672
 0.606391  -0.58847  0.534783  0.515485
 0.713118  0.699995 -0.038336   1.33985
        0         0         0         1

 -0.347429   0.408068   0.844259   0.953749
  0.607928  -0.587478   0.534128    0.51583
  0.713945    0.69882 -0.0439692    1.34009
         0          0          0          1

 -0.341236   0.412642   0.844562   0.953797
  0.609139  -0.587225   0.533026   0.516468
  0.715897   0.696343 -0.0509743    1.34104
         0          0          0          1

 -0.335386   0.418651   0.843947   0.953012
  0.609345  -0.586808   0.533249   0.517065
   0.71848     0.6931 -0.0582959    1.34213
         0          0          0          1

  -0.32753   0.422697   0.845016    0.95354
   0.61279  -0.585708   0.530504   0.518039
  0.719175   0.691573 -0.0671874    1.34215
         0          0          0          1

 -0.315987   0.433561   0.843906   0.952634
  0.614612  -0.584071   0.530201   0.519253
  0.722775   0.686212 -0.0819128    1.34437
         0          0          0          1

 -0.303608   0.441514   0.844327   0.953509
  0.616867  -0.584278   0.527347   0.520626
  0.726152   0.680944 -0.0949641    1.34669
         0          0          0          1

 -0.300895   0.443015   0.844512   0.953799
   0.61785  -0.584007   0.526496   0.520935
  0.726446   0.680201 -0.0979927    1.34698
         0          0          0          1

-0.290526  0.450621  0.844118  0.954156
  0.62015 -0.583143  0.524745  0.522089
 0.728703  0.675932 -0.110035   1.34903
        0         0         0         1

-0.279244  0.457953   0.84398  0.955468
 0.622755 -0.582651  0.522201  0.523512
  0.73089  0.671414 -0.122491   1.35111
        0         0         0         1

-0.273917  0.462911   0.84302  0.955024
 0.624105 -0.581368   0.52202  0.524302
 0.731753  0.669123 -0.129658   1.35217
        0         0         0         1

-0.268012  0.467812  0.842212  0.954863
 0.624902 -0.580937  0.521544  0.524855
 0.733257  0.666081 -0.136639   1.35361
        0         0         0         1

 -0.26252  0.471785  0.841726  0.954916
 0.628576 -0.578229  0.520138  0.526027
 0.732104  0.665635 -0.144756   1.35351
        0         0         0         1

-0.259946  0.474864  0.840793  0.954792
 0.627622 -0.578632  0.520841   0.52664
 0.733838  0.663091 -0.147622   1.35547
        0         0         0         1

-0.259779  0.473234  0.841763   0.95494
 0.629089 -0.578406  0.519321  0.527984
 0.732641  0.664452 -0.147448   1.35614
        0         0         0         1

-0.258802   0.47317  0.842099  0.955233
  0.62807 -0.579912  0.518874  0.529908
 0.733859  0.663183 -0.147102   1.35826
        0         0         0         1

-0.259644  0.469807  0.843722  0.955428
 0.627045 -0.582438  0.517282  0.531903
 0.734439   0.66336 -0.143363   1.36032
        0         0         0         1

-0.259729  0.469611  0.843805  0.955383
 0.626852 -0.582685  0.517237  0.532033
 0.734572  0.663283 -0.143036   1.36052
        0         0         0         1

-0.260788  0.467452  0.844677  0.955481
 0.625543 -0.584604  0.516657  0.533117
 0.735313   0.66312 -0.139954   1.36187
        0         0         0         1

-0.264594  0.461679  0.846665  0.954326
 0.622027 -0.589202  0.515678  0.534772
 0.736935  0.663094 -0.131277   1.36441
        0         0         0         1

-0.267652  0.456257  0.848641  0.953848
 0.621174  -0.59159  0.513969  0.535763
  0.73655  0.664718 -0.125075   1.36478
        0         0         0         1

-0.272288  0.447927  0.851599  0.952693
 0.620245 -0.594924  0.511236  0.536544
 0.735633  0.667403 -0.115834   1.36538
        0         0         0         1

-0.279294  0.436982   0.85501  0.951123
 0.617482  -0.60017  0.508441  0.537285
 0.735331  0.669957 -0.102204   1.36633
        0         0         0         1

 -0.285317   0.424641   0.859229    0.95035
  0.615583  -0.605943   0.503875   0.538205
   0.73461   0.672691 -0.0885161    1.36705
         0          0          0          1

 -0.289061    0.41387   0.863224    0.94993
   0.61324  -0.612363   0.498947   0.539097
  0.735106   0.673589 -0.0767915    1.36826
         0          0          0          1

 -0.296306   0.394455   0.869832   0.948245
  0.610107  -0.622524   0.490136   0.540878
  0.734828   0.675921 -0.0562021     1.3706
         0          0          0          1

 -0.298194   0.385356   0.873259   0.946456
  0.608051  -0.628533   0.484995   0.542382
  0.735767   0.675609 -0.0468918    1.37303
         0          0          0          1

-0.298062  0.382461  0.874576  0.945936
 0.607759 -0.630471   0.48284  0.542972
 0.736062  0.675448 -0.044524   1.37394
        0         0         0         1

 -0.298522   0.378524    0.87613   0.943874
  0.606734  -0.633346   0.480362   0.543941
  0.736722   0.674976 -0.0405958    1.37623
         0          0          0          1

 -0.293986   0.371168   0.880799   0.942008
  0.608754  -0.637735   0.471925   0.546694
  0.736879   0.674929 -0.0384648    1.38034
         0          0          0          1

-0.292719  0.369288   0.88201   0.93983
 0.610082 -0.638141  0.469655  0.548074
 0.736285  0.675576   -0.0385   1.38276
        0         0         0         1

  -0.29087   0.367404   0.883408   0.938323
  0.611587   -0.63866   0.466985   0.549777
  0.735769   0.676112 -0.0389322    1.38589
         0          0          0          1

 -0.286676   0.365313   0.885643   0.938019
  0.613405  -0.640113   0.462591   0.551637
  0.735902   0.675871 -0.0405796    1.38964
         0          0          0          1

-0.283101  0.364058  0.887308  0.937426
 0.615813  -0.64026  0.459174  0.553756
 0.735274  0.676409 -0.042933   1.39368
        0         0         0         1

 -0.279056   0.362631   0.889172   0.936921
  0.618479  -0.640457     0.4553   0.555996
  0.734582   0.676988 -0.0455563    1.39813
         0          0          0          1

 -0.272288   0.360828   0.891999   0.935987
  0.626572  -0.637055   0.448964   0.561575
  0.730251   0.681149 -0.0526218    1.40676
         0          0          0          1

 -0.268502   0.359822   0.893552   0.934445
  0.633948  -0.632411   0.445158    0.56614
   0.72527   0.685991 -0.0583054    1.41443
         0          0          0          1

 -0.267334   0.359313   0.894107   0.934308
  0.636399  -0.630891   0.443816   0.567463
  0.723553   0.687656 -0.0600078    1.41649
         0          0          0          1

 -0.266493   0.360073   0.894052   0.932702
  0.641466   -0.62607   0.443349   0.570315
  0.719377   0.691653 -0.0641317    1.42122
         0          0          0          1

 -0.266144   0.362186   0.893302   0.929544
  0.651421    -0.6155   0.443632   0.576547
  0.710505   0.699986 -0.0721235    1.43225
         0          0          0          1

 -0.266324   0.363763   0.892607    0.92812
   0.65605   -0.61004   0.444352   0.579728
  0.706166   0.703937 -0.0761786    1.43896
         0          0          0          1

 -0.266442   0.365377   0.891913   0.926634
   0.66058  -0.604635   0.445028   0.582952
  0.701885   0.707754 -0.0802603    1.44615
         0          0          0          1

 -0.267119   0.365737   0.891562   0.925728
   0.66745   -0.59712   0.444924   0.586637
  0.695095   0.713922 -0.0846091    1.45265
         0          0          0          1

 -0.267428   0.366729   0.891062   0.924459
  0.673237  -0.590476   0.445073    0.59039
  0.689372   0.718921 -0.0889853    1.46008
         0          0          0          1

 -0.269396   0.367871   0.889998   0.922373
  0.679142  -0.582656   0.446406   0.594046
  0.682782   0.724696 -0.0928712    1.46794
         0          0          0          1

-0.272092  0.366629   0.88969  0.919848
 0.695868 -0.563625  0.445078  0.603226
  0.66463  0.740209 -0.101767   1.48242
        0         0         0         1

-0.277633 0.367387 0.887664 0.916419
0.700784 -0.55458 0.448713 0.606794
0.657132 0.746638 -0.10349  1.49111
       0        0        0        1

-0.282179  0.367589  0.886145  0.914731
 0.706443 -0.545331  0.451168  0.611204
 0.649087  0.753321   -0.1058   1.49947
        0         0         0         1

-0.289019   0.36958  0.883107  0.913011
 0.715266  -0.52976  0.455794  0.618944
 0.636287   0.76339 -0.111237   1.51407
        0         0         0         1

-0.296033  0.371914  0.879798  0.912069
 0.721106 -0.517017  0.461194  0.625767
 0.626395  0.770956 -0.115135   1.52728
        0         0         0         1

-0.301982  0.375137  0.876401  0.911396
 0.729364 -0.501064  0.465793  0.633214
 0.613869  0.779877 -0.122299   1.53911
        0         0         0         1

-0.306008   0.37778  0.873866  0.910098
 0.732866 -0.492412  0.469507  0.636739
 0.607672    0.7841  -0.12618   1.54564
        0         0         0         1

-0.311768  0.381904  0.870029  0.907095
 0.740246 -0.476432  0.474393   0.64393
 0.595682  0.791936 -0.134167   1.55808
        0         0         0         1

-0.315201  0.382594  0.868487  0.905594
 0.748338 -0.462601  0.475384  0.649548
 0.583642  0.799764 -0.140498    1.5648
        0         0         0         1

-0.318387  0.385486  0.866043  0.903776
 0.758883 -0.443843   0.47655  0.658456
  0.56809  0.808953 -0.151225   1.57944
        0         0         0         1

-0.321198  0.387747  0.863993  0.900975
 0.773622 -0.418772   0.47554  0.670554
 0.546206  0.821147 -0.165461   1.59856
        0         0         0         1

-0.327285   0.38632  0.862346  0.898793
 0.791067  -0.38712  0.473658  0.686476
 0.516815  0.837195 -0.178907    1.6205
        0         0         0         1

-0.327394  0.386249  0.862337  0.898763
 0.791475   -0.3864  0.473563  0.686837
