  0.13303 -0.375468  0.917239  0.451293
-0.961898 -0.271951  0.028185   1.08578
 0.238861  -0.88604  -0.39734   1.88219
        0         0         0         1

 0.106972 -0.343483  0.933047  0.458018
-0.965145 -0.261316 0.0144531    1.0585
 0.238856 -0.902072 -0.359464   1.87561
        0         0         0         1

 0.115652 -0.349785  0.929664  0.457135
-0.967037  -0.25341  0.024956   1.04352
 0.226857 -0.901906 -0.367562   1.87757
        0         0         0         1

 0.128385 -0.367335  0.921185  0.461332
-0.970127 -0.239313 0.0397767   1.02294
  0.20584 -0.898774 -0.387086   1.88342
        0         0         0         1

 0.134264 -0.386884  0.912301  0.468636
-0.971846 -0.231292 0.0449424   1.01156
  0.19362 -0.892651 -0.407046   1.88444
        0         0         0         1

 0.153963 -0.419881  0.894424  0.468898
-0.974679 -0.213102  0.067739  0.974668
 0.162161 -0.882206 -0.442059   1.88335
        0         0         0         1

  0.16002 -0.428232  0.889388  0.470129
-0.975472 -0.206573 0.0760452  0.960333
 0.151158 -0.879742 -0.450783   1.88242
        0         0         0         1

 0.162066  -0.43553  0.885465  0.471638
-0.977469 -0.193829 0.0835681  0.941496
 0.135233 -0.879059  -0.45713   1.88093
        0         0         0         1

 0.159836 -0.440003  0.883657  0.473086
-0.979148 -0.184367 0.0853057  0.927735
 0.125382 -0.878866 -0.460297   1.88066
        0         0         0         1

 0.161933 -0.443489   0.88153  0.471181
-0.980774 -0.170921 0.0941754  0.905267
 0.108906 -0.879832  -0.46264   1.88281
        0         0         0         1

 0.165049 -0.441299  0.882051   0.46689
 -0.98105 -0.165485  0.100779  0.891509
 0.101492 -0.881969  -0.46025    1.8755
        0         0         0         1

 0.166067 -0.461995  0.871196  0.475561
-0.983421 -0.142839  0.111712  0.859945
0.0728307 -0.875304 -0.478057   1.86556
        0         0         0         1

  0.16953 -0.475188  0.863398  0.477528
-0.984201 -0.127023  0.123341  0.845797
0.0510613 -0.870667 -0.489215   1.86627
        0         0         0         1

 0.173854 -0.484754  0.857198  0.476128
-0.984441 -0.108091  0.138534  0.826601
0.0255002 -0.867946 -0.496004   1.86173
        0         0         0         1

  0.176195  -0.488828   0.854402   0.473925
   -0.9843 -0.0966649   0.147678    0.81242
 0.0104016  -0.867008  -0.498185    1.85562
         0          0          0          1

  0.175999  -0.500434   0.847697   0.472014
 -0.984211 -0.0730222   0.161234   0.778743
-0.0187863   -0.86269  -0.505385    1.84019
         0          0          0          1

  0.172651  -0.507256   0.844324   0.474898
 -0.984451 -0.0606984   0.164838   0.766905
-0.0323658  -0.859655  -0.509849    1.83605
         0          0          0          1

  0.166769  -0.515776   0.840335   0.475183
 -0.984771 -0.0446576   0.168024   0.749883
-0.0491352  -0.855559  -0.515368    1.83142
         0          0          0          1

  0.161879  -0.517122   0.840464     0.4749
 -0.984951 -0.0324052    0.16977   0.736898
-0.0605563  -0.855298  -0.514585    1.82605
         0          0          0          1

  0.160693  -0.516364   0.841158   0.471117
 -0.984148 -0.0190319   0.176326   0.717632
-0.0750395  -0.856158  -0.511236    1.81776
         0          0          0          1

   0.152934   -0.519834    0.840466     0.47187
  -0.984837 -0.00969334    0.173209    0.706848
 -0.0818928   -0.854212   -0.513434     1.81015
          0           0           0           1

 0.141739   -0.5345  0.833199  0.469552
-0.983545 0.0192079  0.179637  0.673726
 -0.11202  -0.84495 -0.522983   1.79658
        0         0         0         1

 0.136617 -0.536693  0.832644  0.468572
-0.983388 0.0279333  0.179356  0.662461
-0.119517 -0.843315 -0.523961    1.7874
        0         0         0         1

 0.128652 -0.543567  0.829448   0.46824
-0.982668 0.0426859  0.180391  0.645856
 -0.13346  -0.83828 -0.528654   1.77804
        0         0         0         1

 0.124717 -0.549513  0.826124  0.466224
-0.981674 0.0525758  0.183171  0.633822
-0.144089 -0.833829 -0.532886   1.77116
        0         0         0         1

 0.109679 -0.567265  0.816199  0.463837
-0.978978 0.0804177  0.187443  0.605981
-0.171967   -0.8196 -0.546519   1.75053
        0         0         0         1

 0.101418 -0.575993  0.811139  0.464587
-0.977805 0.0925441  0.187973  0.596144
-0.183337 -0.812199 -0.553823   1.74275
        0         0         0         1

0.0939636 -0.589328  0.802411  0.463053
-0.975337  0.107195  0.192942  0.581297
-0.199721 -0.800751 -0.564721   1.73315
        0         0         0         1

0.0858647 -0.600528   0.79498  0.463979
-0.973764  0.118194  0.194458  0.571377
 -0.21074  -0.79082 -0.574624   1.72595
        0         0         0         1

0.0753298 -0.615551  0.784489  0.463941
-0.971399  0.132363  0.197137  0.558053
-0.225186 -0.776902 -0.587975   1.71556
        0         0         0         1

0.0673577 -0.626026  0.776887  0.463804
-0.969454  0.142993   0.19928  0.549314
-0.235844 -0.766579 -0.597272   1.70721
        0         0         0         1

0.0512036 -0.651572  0.756856  0.463499
-0.962434  0.170149  0.211592  0.526706
-0.266646 -0.739258 -0.618383   1.68776
        0         0         0         1

 0.045519 -0.659002  0.750762  0.463004
-0.959468  0.180391  0.216516  0.518178
-0.278116 -0.730188  -0.62408   1.68026
        0         0         0         1

0.0377407 -0.666351  0.744682  0.462183
-0.955057  0.195204  0.223073  0.506667
 -0.29401 -0.719633 -0.629036   1.67077
        0         0         0         1

0.0315172 -0.670291  0.741429  0.460525
-0.952001  0.205834  0.226553  0.498189
-0.304468 -0.712981 -0.631631   1.66398
        0         0         0         1

0.0135401 -0.672636  0.739849  0.458111
-0.945158  0.232873  0.229014  0.479378
-0.326334 -0.702375 -0.632594   1.64818
        0         0         0         1

0.00724249 -0.667717   0.74438  0.456351
-0.944636  0.239631  0.224143  0.473268
-0.328041 -0.704791 -0.629014   1.64013
        0         0         0         1

-0.00255791 -0.661241  0.750169  0.454502
-0.943475  0.250229  0.217349  0.464281
-0.331435 -0.707209 -0.624505   1.63192
        0         0         0         1

-0.00853926 -0.655368  0.755262  0.452502
-0.942503  0.257617  0.212887  0.457767
-0.334087 -0.710019 -0.619886   1.62732
        0         0         0         1

-0.0183005 -0.644971  0.763988  0.451537
-0.941932  0.267377  0.203161  0.450659
-0.335305 -0.715907 -0.612412   1.62019
        0         0         0         1

-0.0213732 -0.637352  0.770276  0.448953
 -0.94138  0.272278  0.199171  0.443997
-0.336671 -0.720866  -0.60581   1.61512
        0         0         0         1

-0.027037 -0.614669  0.788322  0.443226
-0.940269  0.283355  0.188689  0.428756
-0.339356 -0.736133 -0.585616   1.60226
        0         0         0         1

-0.0300566 -0.605017  0.795645  0.442619
-0.940278  0.287143  0.182827  0.424876
-0.339077 -0.742632 -0.577515   1.59694
        0         0         0         1

-0.0329247 -0.594142  0.803686  0.440385
-0.940102  0.291398  0.176908  0.417665
-0.339301 -0.749722 -0.568148     1.591
        0         0         0         1

-0.0365187 -0.587573  0.808347  0.439034
-0.940808  0.292963  0.170447  0.412827
-0.336966 -0.754275 -0.563492   1.58675
        0         0         0         1

-0.0416052 -0.579332  0.814029  0.436319
-0.942358  0.293487  0.160706  0.401724
-0.332009 -0.760421 -0.558149   1.57597
        0         0         0         1

-0.0411185 -0.578957   0.81432  0.435122
-0.941841  0.294522  0.161839  0.397201
-0.333533 -0.760306 -0.557396   1.57223
        0         0         0         1

-0.0392513  -0.58188  0.812327  0.433353
 -0.94064  0.295797  0.166432  0.390091
-0.337128 -0.757575 -0.558951   1.56826
        0         0         0         1

-0.0383128 -0.585632  0.809671  0.432407
-0.939722  0.296636  0.170089  0.385747
-0.339787 -0.754349 -0.561696   1.56531
        0         0         0         1

-0.0398029 -0.589631  0.806691    0.4321
-0.939166  0.297714  0.171268  0.380776
-0.341148   -0.7508 -0.565612   1.56012
        0         0         0         1

-0.0409142 -0.591621  0.805177  0.431755
-0.938428  0.299428  0.172326  0.377399
-0.343044  -0.74855 -0.567444   1.55631
        0         0         0         1

-0.0427121 -0.596168  0.801723  0.429493
-0.935455  0.305666  0.177459  0.368043
-0.350854 -0.742396 -0.570744   1.54643
        0         0         0         1

-0.0433244 -0.597929  0.800377  0.429352
-0.933727  0.309187  0.180439  0.364533
-0.355356 -0.739516 -0.571698   1.54356
        0         0         0         1

-0.0448122  -0.59898  0.799509  0.428571
-0.931752  0.313719  0.182809  0.360543
 -0.36032 -0.736752 -0.572159   1.53849
        0         0         0         1

-0.0470369 -0.599295  0.799145  0.427675
-0.930151  0.317934  0.183677  0.357005
-0.364152 -0.734686  -0.57239   1.53509
        0         0         0         1

-0.0488657 -0.598305  0.799777  0.426606
 -0.92851  0.322296  0.184375  0.352551
-0.368078 -0.733592 -0.571281   1.53001
        0         0         0         1

-0.0498287  -0.59609   0.80137  0.425204
-0.928101   0.32406   0.18334  0.349052
-0.368979 -0.734616  -0.56938   1.52658
        0         0         0         1

-0.0594572 -0.588051  0.806636  0.423852
  -0.9277    0.3309  0.172851  0.342793
-0.368561 -0.738039 -0.565209   1.51785
        0         0         0         1

-0.0645365 -0.583146    0.8098  0.423981
-0.927786  0.333899  0.166505  0.341084
-0.367489 -0.740576 -0.562583   1.51417
        0         0         0         1

-0.0713894 -0.573338  0.816203  0.423114
-0.927804  0.338572  0.156678   0.33799
-0.366173 -0.746091 -0.556116   1.50857
        0         0         0         1

-0.0764711  -0.56651  0.820499  0.422792
-0.927667  0.342076  0.149726  0.335337
-0.365494   -0.7497 -0.551691   1.50519
        0         0         0         1

-0.0957931 -0.554235   0.82683  0.423366
-0.928554  0.349023  0.126377  0.330626
-0.358625  -0.75565 -0.548071   1.49804
        0         0         0         1

-0.101158 -0.549681  0.829227  0.423784
-0.929257  0.349888  0.118574  0.328863
-0.355315  -0.75857 -0.546189   1.49449
        0         0         0         1

-0.101784 -0.544812  0.832358  0.424063
-0.929318  0.350633  0.115863   0.32566
-0.354976 -0.761733 -0.541992   1.48944
        0         0         0         1

-0.0991078 -0.543756  0.833371  0.424469
-0.929146  0.350345  0.118095  0.323067
-0.356182 -0.762619 -0.539951   1.48693
        0         0         0         1

-0.0966116 -0.541561  0.835091  0.425417
 -0.92871  0.350828  0.120072  0.320339
   -0.358 -0.763957 -0.536848   1.48367
        0         0         0         1

-0.0965956 -0.540108  0.836034   0.42658
-0.928924  0.350574  0.119155  0.318974
-0.357449 -0.765102 -0.535583     1.481
        0         0         0         1

-0.0958176 -0.533908  0.840096  0.428672
-0.930816  0.347111  0.114435  0.314429
-0.352704  -0.77101  -0.53023   1.47317
        0         0         0         1

-0.0947272 -0.532541  0.841087  0.429536
-0.931418  0.345652  0.113952  0.312498
-0.351407 -0.772609 -0.528761   1.47049
        0         0         0         1

-0.0943559 -0.530891  0.842171  0.432436
-0.931869  0.344771  0.112932  0.311472
-0.350311 -0.774137 -0.527252   1.46722
        0         0         0         1

-0.090851  -0.53192  0.841907   0.43334
 -0.93192  0.343464  0.116438  0.309197
  -0.3511 -0.774011 -0.526911   1.46516
        0         0         0         1

-0.085867 -0.535047  0.840447  0.438047
-0.931826  0.341671  0.122312  0.305778
-0.352599 -0.772648 -0.527909    1.4594
        0         0         0         1

-0.0843882 -0.537073  0.839304  0.440323
-0.931649  0.341285  0.124716  0.304429
-0.353424 -0.771412 -0.529164   1.45789
        0         0         0         1

-0.0825249 -0.539809  0.837733  0.443197
-0.931659  0.340241  0.127463  0.302525
-0.353837 -0.769963 -0.530996    1.4554
        0         0         0         1

-0.0817175 -0.542066  0.836353  0.445599
-0.931605  0.339743  0.129174   0.30129
-0.354166 -0.768595 -0.532755   1.45389
        0         0         0         1

-0.0799953 -0.545236  0.834457  0.447873
-0.931382  0.339147  0.132312  0.298445
-0.355145 -0.766614 -0.534953   1.45182
        0         0         0         1

-0.0781727  -0.54722   0.83333  0.449869
-0.931189  0.338617  0.135006  0.296591
-0.356057 -0.765434 -0.536036   1.44984
        0         0         0         1

-0.0767754 -0.550449  0.831331  0.455712
 -0.93016   0.33979  0.139083  0.293221
-0.359036 -0.762593 -0.538094   1.44591
        0         0         0         1

-0.0778285 -0.548138  0.832759  0.457841
-0.929909   0.34108  0.137597  0.292303
 -0.35946 -0.763681 -0.536264   1.44412
        0         0         0         1

 -0.07883  -0.54487  0.834807  0.460096
-0.930137  0.341479  0.135048  0.290442
-0.358653 -0.765838 -0.533723   1.44189
        0         0         0         1

-0.0804724 -0.543366   0.83563  0.462284
-0.930162  0.342228  0.132957  0.289414
-0.358221 -0.766572 -0.532959   1.44131
        0         0         0         1

-0.0823837  -0.54199  0.836337  0.466536
-0.930157  0.343102  0.130722  0.286114
-0.357799 -0.767156 -0.532402   1.43889
        0         0         0         1

-0.0827333 -0.542037  0.836272  0.468443
-0.929904  0.343755  0.130811   0.28507
-0.358377  -0.76683 -0.532482   1.43879
        0         0         0         1

-0.0821465 -0.540539  0.837299   0.47109
-0.929597   0.34445  0.131166  0.284172
-0.359308 -0.767576 -0.530778   1.43806
        0         0         0         1

-0.0791667  -0.53864  0.838808  0.471564
-0.929694  0.343537  0.132857  0.282682
-0.359724 -0.769318 -0.527967   1.43662
        0         0         0         1

-0.0768991 -0.536907   0.84013  0.474272
-0.929719  0.342989  0.134096  0.282988
-0.360152 -0.770772 -0.525548   1.43636
        0         0         0         1

-0.0751566 -0.533977  0.842152  0.475627
-0.930357  0.341489  0.133497  0.283207
 -0.35887 -0.773469 -0.522454   1.43524
        0         0         0         1

-0.0710048 -0.530322  0.844818  0.478475
 -0.93196   0.33716  0.133318  0.284163
 -0.35554  -0.77787 -0.518179   1.43346
        0         0         0         1

-0.0671915 -0.529552  0.845612   0.47933
-0.932402  0.334985  0.135692  0.284699
-0.355123 -0.779333 -0.516263   1.43293
        0         0         0         1

-0.0607526 -0.529457  0.846159  0.480761
-0.932659  0.332125  0.140853  0.285861
-0.355606 -0.780621  -0.51398   1.43212
        0         0         0         1

-0.0543162 -0.530489   0.84595  0.481785
-0.932748  0.329355  0.146647  0.287386
-0.356413 -0.781093 -0.512702   1.43138
        0         0         0         1

-0.0340796  -0.53717  0.842786  0.482896
-0.933045  0.319288  0.165777   0.29046
-0.358142 -0.780707 -0.512085    1.4298
        0         0         0         1

-0.0264616 -0.540358  0.841019  0.483377
 -0.93362  0.314054  0.172406  0.292265
-0.357286  -0.78063   -0.5128   1.42932
        0         0         0         1

-0.0191173 -0.543727  0.839044   0.48446
-0.935134  0.306667  0.177423  0.295829
-0.353777 -0.781227 -0.514321   1.42838
        0         0         0         1

-0.0148636 -0.547555  0.836637  0.484885
 -0.93663  0.300517   0.18004   0.29836
-0.350005 -0.780943 -0.517323   1.42825
        0         0         0         1

-0.0099667 -0.551884  0.833861  0.485229
-0.938831  0.292237  0.182194  0.302014
-0.344235 -0.781038 -0.521039   1.42816
        0         0         0         1

-0.00739769 -0.554228  0.832332  0.485493
-0.940815  0.285899  0.182011  0.305286
-0.338838 -0.781724 -0.523541   1.42779
        0         0         0         1

-0.00509437 -0.560218   0.82833  0.486075
-0.946424  0.270164  0.176897  0.313184
-0.322885  -0.78305  -0.53158   1.42898
        0         0         0         1

-0.00472626 -0.562935  0.826488  0.485792
 -0.94913  0.262749  0.173535  0.316084
-0.314848 -0.783624 -0.535541   1.42952
        0         0         0         1

-0.00352458 -0.566528  0.824035  0.484953
-0.952718  0.252277  0.169367  0.319844
-0.303836 -0.784476  -0.54063   1.43035
        0         0         0         1

-0.005612 -0.569913  0.821686  0.485349
-0.955138  0.246371  0.164357  0.323809
-0.296109 -0.783901 -0.545728   1.43189
        0         0         0         1

-0.00374148  -0.57774  0.816213  0.484074
-0.959895   0.23089  0.159031   0.33165
-0.280333 -0.782884 -0.555434   1.43594
        0         0         0         1

-0.00318607 -0.580748  0.814077  0.483657
-0.960995  0.226913  0.158114  0.335266
-0.276549  -0.78182 -0.558818   1.43779
        0         0         0         1

-0.00165479 -0.586498  0.809949  0.482661
-0.962522  0.220591  0.157767  0.339721
-0.271197 -0.779333 -0.564883   1.44107
        0         0         0         1

-0.000362903 -0.589496  0.807771   0.48189
-0.963683  0.215921  0.157143  0.343357
 -0.26705 -0.778378 -0.568166   1.44251
        0         0         0         1

0.000903688 -0.594494    0.8041  0.481634
-0.964621  0.211474  0.157433  0.348974
-0.263639 -0.775794  -0.57327    1.4459
        0         0         0         1

0.00325185 -0.597875  0.801583  0.480524
-0.965179  0.207796  0.158904   0.35271
-0.261571 -0.774187 -0.576381    1.4487
        0         0         0         1

0.00776937 -0.609068   0.79308  0.479015
-0.966758  0.198129  0.161629  0.363786
-0.255575 -0.767972 -0.587282   1.45689
        0         0         0         1

0.0112356 -0.614053  0.789185  0.477648
-0.967454  0.192855  0.163831  0.367496
-0.252799  -0.76534 -0.591901   1.46028
        0         0         0         1

0.0128079  -0.62164  0.783199  0.477558
-0.968806   0.18615  0.163594  0.374492
-0.247489 -0.760863 -0.599864   1.46519
        0         0         0         1

0.0164747 -0.626336  0.779379  0.476181
-0.970023  0.179002  0.164357  0.378633
-0.242453 -0.758724 -0.604611   1.46841
        0         0         0         1

0.0201875 -0.638228  0.769583  0.474148
-0.972767  0.165234  0.162548  0.390564
-0.230904 -0.751906 -0.617511    1.4788
        0         0         0         1

0.0209511 -0.640833  0.767394  0.472944
-0.974034  0.159985  0.160193  0.395179
-0.225429 -0.750825 -0.620842   1.48288
        0         0         0         1

0.0203673 -0.645116  0.763813  0.472142
 -0.97622  0.152086  0.154483  0.402414
-0.215825 -0.748796 -0.626678   1.48895
        0         0         0         1

0.0207932 -0.644922  0.763965  0.470919
 -0.97784  0.146099  0.149948  0.407608
 -0.20832 -0.750154 -0.627593   1.49241
        0         0         0         1

0.0215199 -0.647581  0.761693  0.469479
-0.979636  0.138465  0.145399  0.414358
-0.199626  -0.74931 -0.631414   1.49893
        0         0         0         1

0.0212681 -0.649017  0.760476  0.468436
-0.980615  0.134656  0.142345  0.419595
-0.194787 -0.748762 -0.633572    1.5041
        0         0         0         1

0.0252943 -0.655918  0.754408  0.465824
-0.982527  0.122884  0.139784  0.433622
-0.184392 -0.744762 -0.641349   1.51785
        0         0         0         1

0.0266957 -0.658417   0.75218  0.465068
-0.983154  0.118812  0.138895  0.439538
-0.180819 -0.743216 -0.644154   1.52279
        0         0         0         1

0.0295717 -0.661734  0.749155  0.463714
-0.984413  0.110715  0.136653  0.447857
-0.173371 -0.741519 -0.648145   1.52908
        0         0         0         1

0.0316215 -0.666026  0.745258  0.462577
-0.984909  0.106176  0.136678  0.453464
 -0.17016 -0.738333 -0.652618   1.53559
        0         0         0         1

0.0390694 -0.675224  0.736577  0.459052
-0.985913 0.0939241  0.138395  0.467622
 -0.16263 -0.731608 -0.662043    1.5529
        0         0         0         1

0.0421952  -0.67705  0.734727  0.457878
-0.986788 0.0868948  0.136744  0.473849
-0.156427 -0.730789 -0.664438   1.55845
        0         0         0         1

0.0478477 -0.680046  0.731606   0.45532
-0.987545 0.0777026  0.136813  0.481375
-0.149887  -0.72904 -0.667858   1.56678
        0         0         0         1

0.0504873 -0.683581  0.728126  0.454398
-0.988288 0.0709273  0.135115  0.488355
-0.144006  -0.72642 -0.671994   1.57379
        0         0         0         1

0.0548967 -0.687606  0.724006  0.452027
-0.989179 0.0613529  0.133271  0.497084
-0.136058 -0.723488 -0.676797   1.58231
        0         0         0         1

0.0594302 -0.691374  0.720049  0.450726
-0.989807 0.0527093  0.132305  0.503993
-0.129426 -0.720572 -0.681194   1.58818
        0         0         0         1

0.0715181 -0.703614  0.706974  0.446999
-0.990222 0.0350239  0.135029    0.5209
-0.119769 -0.709719 -0.694229   1.60839
        0         0         0         1

0.0762835 -0.709709  0.700353  0.446223
-0.990215 0.0283963  0.136631   0.52762
-0.116856 -0.703922 -0.700598   1.61682
        0         0         0         1

0.0815905 -0.714296  0.695072  0.444904
-0.991042 0.0158406  0.132611  0.539058
-0.105734 -0.699665 -0.706604   1.62522
        0         0         0         1

 0.0893116  -0.716436   0.691912   0.442245
 -0.990876 0.00649074   0.134622   0.546155
 -0.100939  -0.697622   -0.70932    1.63227
         0          0          0          1

 0.0993672  -0.721922   0.684803   0.441364
 -0.991466 -0.0134708   0.129664   0.568493
-0.0843826  -0.691843    -0.7171    1.65049
         0          0          0          1

  0.102903  -0.724666   0.681374   0.440957
 -0.991501 -0.0199074   0.128567   0.576989
-0.0796035  -0.688813  -0.720556    1.66037
         0          0          0          1

  0.107968  -0.725061   0.680168   0.440045
 -0.991883 -0.0323427   0.122971   0.589697
-0.0671633  -0.687924  -0.722668    1.66917
         0          0          0          1

  0.112387  -0.723621   0.680985   0.438218
 -0.992026 -0.0423644   0.118703   0.599169
-0.0570467  -0.688896  -0.722612     1.6745
         0          0          0          1

 0.116314 -0.723932  0.679996  0.437578
-0.992197 -0.053732  0.112512  0.613082
-0.0449133 -0.687776 -0.724532     1.683
        0         0         0         1

  0.120079  -0.725513   0.677652   0.436899
 -0.992095 -0.0626389   0.108735   0.623127
-0.0364414  -0.685352    -0.7273    1.68988
         0          0          0          1

  0.124938  -0.732228   0.669502   0.440296
 -0.991944 -0.0779448  0.0998619   0.650371
-0.0209375  -0.676585  -0.736067    1.71023
         0          0          0          1

  0.130868   -0.73122   0.669471   0.437913
 -0.991341 -0.0891696   0.096393   0.659977
 -0.010788  -0.676289  -0.736558    1.71566
         0          0          0          1

 0.133603 -0.734365  0.665476   0.43944
-0.991031 -0.100897 0.0876209  0.676697
0.00279858 -0.671214 -0.741258    1.7247
        0         0         0         1

 0.141185 -0.735058  0.663141  0.437369
-0.989949 -0.110394  0.088397  0.685474
0.00823007 -0.668956 -0.743256   1.73384
        0         0         0         1

 0.153775 -0.743175  0.651187  0.439854
-0.987745 -0.133421 0.0809836  0.714981
 0.026697  -0.65566 -0.754584   1.75408
        0         0         0         1

 0.159307 -0.745911  0.646713  0.440466
-0.986541 -0.144733 0.0760836   0.72757
0.0368494  -0.65013 -0.758929   1.75925
        0         0         0         1

 0.171321 -0.748155  0.641025  0.438111
-0.984217 -0.159243 0.0771859  0.741549
 0.044332 -0.644132 -0.763629   1.76945
        0         0         0         1

 0.179988 -0.750451  0.635947  0.438584
-0.982314 -0.171046 0.0761751  0.753529
0.0516106  -0.63841 -0.767964   1.77604
        0         0         0         1

 0.191616 -0.753197  0.629267  0.438425
-0.979755 -0.184683 0.0772869  0.769212
0.0580027 -0.631337 -0.773336    1.7862
        0         0         0         1

 0.198823  -0.75535  0.624433   0.43952
-0.977557 -0.198134 0.0715851  0.784533
0.0696497 -0.624652 -0.777791   1.78797
        0         0         0         1

 0.221358 -0.763305  0.606932  0.440525
-0.971878 -0.223941 0.0728222  0.816647
0.0803315 -0.605984  -0.79141   1.80255
        0         0         0         1

 0.237255 -0.766804  0.596424  0.436945
-0.968432  -0.23503 0.0830664   0.82488
0.0764819 -0.597304  -0.79836   1.81204
        0         0         0         1

 0.246487 -0.771002  0.587197  0.441312
-0.965566 -0.247401 0.0804722  0.845615
0.0832288 -0.586813 -0.805434   1.81742
        0         0         0         1

 0.253647 -0.772745  0.581832  0.442962
-0.963875 -0.252466 0.0848913  0.858395
0.0812933 -0.582346 -0.808866   1.82293
        0         0         0         1

 0.272499 -0.768523  0.578892  0.440455
-0.959362 -0.262849  0.102644  0.887775
0.0732763 -0.583337 -0.808918   1.83951
        0         0         0         1

 0.268665 -0.764999  0.585317  0.442931
-0.960434 -0.259047  0.102277  0.903856
0.0733828 -0.589636 -0.804328   1.83835
        0         0         0         1

 0.257081 -0.757651  0.599895  0.442497
-0.963926 -0.245335  0.103232  0.923173
0.0689621 -0.604794 -0.793391   1.84159
        0         0         0         1

 0.243232 -0.752882  0.611561  0.442134
 -0.96803 -0.228252  0.104012  0.934805
0.0612814 -0.617309 -0.784331   1.84866
        0         0         0         1

 0.216374 -0.742352  0.634111  0.443322
-0.974174  -0.20711 0.0899483  0.955901
0.0645574 -0.637197 -0.767993   1.84921
        0         0         0         1

 0.195419   -0.7327  0.651891   0.44287
 -0.97833 -0.192015 0.0774585  0.968552
0.0684189 -0.652902 -0.754346   1.85267
        0         0         0         1

  0.120292  -0.695648    0.70824   0.447286
 -0.986872  -0.161241 0.00924134    1.00514
  0.107769  -0.700054  -0.705911    1.86008
         0          0          0          1

 0.109882 -0.674985  0.729603  0.442507
 -0.98383 -0.178317 -0.016799   1.01863
  0.14144 -0.715959 -0.683664   1.85963
        0         0         0         1

  0.102789  -0.635017   0.765629   0.441238
 -0.975353  -0.215427 -0.0477305    1.03974
  0.195247  -0.741852   -0.64151    1.85366
         0          0          0          1

   0.10256  -0.599442    0.79382   0.435413
 -0.967514  -0.245502 -0.0603863    1.04984
  0.231082  -0.761839  -0.605147    1.85397
         0          0          0          1

0.0914664 -0.536521  0.838915  0.431959
-0.939299  -0.32624 -0.106233   1.08421
 0.330684 -0.778275 -0.533793   1.85067
        0         0         0         1

0.0887931 -0.511245  0.854836  0.432544
-0.927676 -0.354937 -0.115915   1.09687
 0.362674 -0.782718 -0.505786   1.85186
        0         0         0         1

0.0774816 -0.469721  0.879408  0.430521
-0.910605 -0.392494 -0.129414   1.11578
 0.405951 -0.790766 -0.458141   1.84412
        0         0         0         1

0.0747681 -0.460461  0.884525  0.429307
-0.904818 -0.404188 -0.133927   1.12638
 0.419183 -0.790321 -0.446854   1.84341
        0         0         0         1

0.0714783 -0.466235  0.881768  0.433634
-0.899809 -0.411592 -0.144689   1.14502
 0.430388 -0.783081 -0.448943   1.84501
        0         0         0         1

0.0741681 -0.478219  0.875103  0.435454
-0.898855 -0.412127 -0.149035    1.1569
 0.431925 -0.775537 -0.460416   1.85015
        0         0         0         1

