-0.0327159  -0.568281   0.822184   0.894746
 -0.995018 -0.0589926  -0.080368    1.07623
 0.0941744  -0.820717   -0.56352    2.38404
         0          0          0          1

-0.0334316  -0.569204   0.821517   0.890697
 -0.995026 -0.0582211 -0.0808322    1.06752
 0.0938397  -0.820133  -0.564426    2.37439
         0          0          0          1

-0.0271443   -0.56858    0.82218   0.879227
 -0.998061 -0.0306669 -0.0541588    1.02798
 0.0560074  -0.822056  -0.566645     2.3731
         0          0          0          1

-0.0281817  -0.570621    0.82073    0.87903
 -0.998249 -0.0266513 -0.0528069     1.0204
 0.0520063  -0.820781  -0.568871    2.36152
         0          0          0          1

-0.0268976  -0.576903    0.81637   0.881183
 -0.999038 -0.0127734 -0.0419427    1.00509
 0.0346247  -0.816713  -0.576005    2.35552
         0          0          0          1

  -0.033276   -0.579629    0.814201    0.886819
  -0.999005 -0.00490672   -0.044322    0.995438
  0.0296853   -0.814866   -0.578889     2.34722
          0           0           0           1

-0.0335262  -0.585066   0.810292   0.889325
 -0.999292 0.00577538 -0.0371761   0.980009
 0.0170707  -0.810965  -0.584846    2.34025
         0          0          0          1

-0.0244163  -0.579221   0.814805   0.879125
 -0.999651 0.00592295 -0.0257449   0.967835
  0.010086  -0.815149  -0.579163     2.3313
         0          0          0          1

 -0.0198521   -0.584857    0.810893    0.873422
  -0.999718   0.0221687 -0.00848571    0.936991
 -0.0130135   -0.810833   -0.585133     2.31435
          0           0           0           1

-0.0177857  -0.588066   0.808617   0.875458
 -0.999436  0.0334862 0.00236997   0.923084
-0.0284712  -0.808119   -0.58833    2.31207
         0          0          0          1

-0.0121094 -0.588329  0.808531  0.874709
-0.998881 0.0440858 0.0171189  0.907676
-0.0457162 -0.807419 -0.588205   2.30449
        0         0         0         1

-0.012919 -0.590301   0.80708  0.877137
-0.998393 0.0521584 0.0221674   0.89926
-0.0551815 -0.805497 -0.590026   2.29152
        0         0         0         1

-0.00484985 -0.590773  0.806823  0.869459
-0.997426 0.0605805 0.0383628  0.883396
-0.0715415  -0.80456 -0.589546    2.2817
        0         0         0         1

-0.00175166 -0.594534  0.804068  0.868368
-0.996363 0.0695372 0.0492457  0.870098
-0.0851909 -0.801058 -0.592494   2.27315
        0         0         0         1

0.000156345 -0.600864  0.799351  0.866393
-0.993862 0.0883361 0.0665958  0.842228
-0.110627 -0.794455 -0.597162   2.25355
        0         0         0         1

-0.00278518 -0.602033  0.798467  0.867885
-0.993143 0.0949834 0.0681519  0.833166
-0.116871 -0.792802 -0.598169   2.24276
        0         0         0         1

-0.00368662  -0.60515  0.796103  0.871256
-0.991011  0.108673 0.0780179  0.819075
-0.133728 -0.788659 -0.600111   2.23259
        0         0         0         1

-0.00422388 -0.604058   0.79693  0.869868
-0.989959  0.115129 0.0820189  0.808627
-0.141294 -0.788581 -0.598478   2.22078
        0         0         0         1

0.00250841 -0.606101  0.795384  0.866369
-0.986283  0.129773  0.102001  0.783884
-0.165042 -0.784729 -0.597462   2.19721
        0         0         0         1

0.00124096 -0.605398  0.795922  0.866047
 -0.98466  0.138134  0.106603  0.773693
-0.174481 -0.783844  -0.59594   2.18598
        0         0         0         1

0.00358324 -0.607902  0.794004  0.865066
-0.981191  0.151114  0.120123  0.758366
-0.193008   -0.7795 -0.595926    2.1765
        0         0         0         1

0.00503941 -0.606142   0.79534  0.863632
-0.979656  0.156575  0.125536  0.750441
-0.200623 -0.779792 -0.593022    2.1626
        0         0         0         1

0.00316045 -0.606981   0.79471  0.866208
-0.977556  0.165533  0.130318  0.740029
-0.210651 -0.777285 -0.592835   2.14807
        0         0         0         1

0.00710395 -0.605482  0.795827  0.864274
-0.975143  0.172059  0.139611  0.729063
-0.221461 -0.777037 -0.589209   2.13731
        0         0         0         1

0.0133053 -0.603823  0.797008  0.862759
-0.969699  0.186665  0.157608  0.708225
-0.243941 -0.774954 -0.583042   2.10978
        0         0         0         1

0.0115298 -0.603028  0.797636  0.864416
-0.967861  0.193679  0.160416  0.701097
-0.251221 -0.773851 -0.581415   2.09625
        0         0         0         1

0.00921699  -0.60405  0.796893  0.866042
 -0.96548  0.202084  0.164348  0.692284
-0.260314 -0.770899 -0.581335    2.0806
        0         0         0         1

0.00971831 -0.604231   0.79675  0.865906
-0.961667   0.21272   0.17305  0.682544
-0.274047  -0.76789 -0.579002   2.07011
        0         0         0         1

0.00801286  -0.60281  0.797845  0.867493
-0.953847  0.234909  0.187065  0.663234
-0.300185 -0.762521 -0.573106   2.04425
        0         0         0         1

0.00651402 -0.601286  0.799007  0.869464
-0.950459  0.244604  0.191823  0.656647
-0.310781 -0.760674 -0.569904   2.03135
        0         0         0         1

0.0100543 -0.596931  0.802229   0.86689
-0.946564  0.252952  0.200082  0.647297
 -0.32236 -0.761373  -0.56249   2.01603
        0         0         0         1

0.0111692 -0.595121  0.803559  0.867846
 -0.94345  0.260001  0.205672  0.641027
-0.331326 -0.760415 -0.558563   2.00324
        0         0         0         1

0.0110739 -0.590697  0.806818  0.868305
-0.939987  0.269035   0.20987  0.634196
-0.341032 -0.760722 -0.552268   1.98692
        0         0         0         1

0.0117573 -0.589688  0.807546  0.869292
-0.936443  0.276691   0.21568   0.62842
-0.350624 -0.758756 -0.548956   1.97465
        0         0         0         1

0.0106336 -0.586639  0.809779  0.872995
-0.927013  0.297819  0.227926  0.615368
-0.374878 -0.753099 -0.540655   1.94755
        0         0         0         1

0.0126737   -0.5838  0.811798  0.871247
-0.922522  0.306363  0.234722  0.609329
-0.385736 -0.751877 -0.534686   1.93604
        0         0         0         1

0.0112771 -0.582961  0.812422  0.872354
-0.918512  0.315097  0.238851  0.603649
-0.395233 -0.748913 -0.531903   1.92023
        0         0         0         1

0.00912224 -0.582693  0.812641  0.874351
 -0.91463  0.323626  0.242319  0.598707
-0.404189 -0.745476 -0.529997   1.90878
        0         0         0         1

0.00793541 -0.579986  0.814588  0.875771
-0.905508  0.341447  0.251931   0.58869
-0.424255 -0.739615 -0.522473   1.88148
        0         0         0         1

0.00835817 -0.579109  0.815207  0.877065
-0.901791  0.347904  0.256391  0.585137
-0.432092 -0.737289 -0.519327   1.86844
        0         0         0         1

0.0107036 -0.577273  0.816481  0.876591
-0.896452  0.356212  0.263603  0.580429
-0.443012 -0.734758 -0.513685    1.8543
        0         0         0         1

0.00834725 -0.577773  0.816155  0.878689
-0.891769  0.364964  0.267486  0.576608
-0.452414 -0.730054 -0.512194   1.84435
        0         0         0         1

0.00707108  -0.57539  0.817849  0.879912
-0.888377  0.371846   0.26929  0.573588
 -0.45906 -0.728462 -0.508534   1.82929
        0         0         0         1

0.00756342 -0.574969   0.81814  0.880755
-0.883551  0.379292  0.274726  0.570297
-0.468273 -0.724947 -0.505146   1.81892
        0         0         0         1

0.00959773 -0.572637  0.819753  0.883161
-0.873184  0.394699   0.28594   0.56372
-0.487296  -0.71854 -0.496229   1.79407
        0         0         0         1

0.00744918 -0.572126  0.820132  0.885392
-0.869619  0.401189  0.287769  0.562086
-0.493668 -0.715346 -0.494543   1.78303
        0         0         0         1

0.0113992 -0.571385  0.820603  0.883883
-0.863966  0.407535  0.295768   0.55825
-0.503422 -0.712344 -0.489011   1.77149
        0         0         0         1

0.00902173 -0.570972   0.82092  0.885829
-0.861726  0.412043  0.296057  0.557107
-0.507294 -0.710079 -0.488304   1.76046
        0         0         0         1

0.00788314 -0.568916  0.822358  0.887865
-0.853594  0.424547  0.301889  0.553109
-0.520879 -0.704339 -0.482277   1.73784
        0         0         0         1

0.00730157 -0.568182  0.822871  0.888738
-0.850521  0.429235  0.303928  0.551859
-0.525891 -0.702088 -0.480116   1.72834
        0         0         0         1

0.00591573 -0.567849  0.823112  0.890279
 -0.84619  0.435767  0.306709  0.550519
-0.532849 -0.698323  -0.47793   1.71725
        0         0         0         1

0.00405527 -0.567821  0.823142  0.891653
-0.842662   0.44127  0.308549  0.549488
-0.538428 -0.694882 -0.476691   1.70848
        0         0         0         1

0.00551816 -0.566347  0.824149  0.891869
-0.838451  0.446512  0.312453  0.548248
-0.544949 -0.692732  -0.47239   1.69759
        0         0         0         1

0.00438084 -0.565657  0.824629  0.893146
-0.835221  0.451401  0.314077  0.547623
-0.549898 -0.690123  -0.47047   1.68892
        0         0         0         1

0.00501058 -0.563405  0.826166  0.895324
-0.827553  0.461456  0.319709    0.5459
-0.561365 -0.685298 -0.463935   1.67014
        0         0         0         1

0.00529384 -0.561789  0.827264  0.896079
-0.824244  0.465966  0.321709  0.545548
 -0.56621  -0.68357 -0.460585    1.6625
        0         0         0         1

0.00692256 -0.559915  0.828521  0.896811
-0.820436  0.470505  0.324822  0.545106
-0.571696 -0.681997 -0.456117   1.65383
        0         0         0         1

0.00602957 -0.557914  0.829877  0.898659
-0.818672  0.473803  0.324479  0.545161
 -0.57423 -0.681353 -0.453891   1.64633
        0         0         0         1

0.00777829 -0.552397  0.833545   0.90087
-0.812811  0.482057  0.327047    0.5452
-0.582476 -0.680058 -0.445244   1.63061
        0         0         0         1

0.00952306   -0.5503  0.834913  0.901025
-0.810485  0.484789  0.328775   0.54484
-0.585681 -0.679815 -0.441394   1.62411
        0         0         0         1

0.00878829 -0.547822  0.836549  0.902929
 -0.80712  0.489985  0.329351  0.544905
-0.590322  -0.67809 -0.437852   1.61733
        0         0         0         1

0.0115805  -0.54479  0.838492  0.902737
-0.805411  0.491879   0.33071  0.544944
-0.592604 -0.679161 -0.433084   1.61127
        0         0         0         1

0.0116465 -0.542462  0.839999  0.903874
-0.802513  0.496075  0.331486  0.544795
-0.596521 -0.677971 -0.429555   1.60518
        0         0         0         1

0.0137335 -0.540792  0.841044  0.903923
-0.799989  0.498659  0.333702  0.544739
-0.599858 -0.677409 -0.425779   1.60041
        0         0         0         1

0.0144087  -0.53554  0.844387  0.906449
-0.797021  0.503778  0.333115   0.54575
 -0.60378 -0.677793 -0.419578    1.5889
        0         0         0         1

0.0170343  -0.53506  0.844642  0.905995
-0.795288  0.504745  0.335782  0.545599
-0.605993 -0.677453 -0.416929   1.58492
        0         0         0         1

0.0165076  -0.53176  0.846734  0.907751
-0.794972  0.506637  0.333673  0.546423
-0.606421 -0.678638 -0.414371   1.57888
        0         0         0         1

0.0164842 -0.530025  0.847822  0.908975
-0.793325   0.50917  0.333738  0.546666
-0.608575   -0.6781 -0.412089   1.57552
        0         0         0         1

0.0184723 -0.526747  0.849821  0.910347
-0.789808  0.513495  0.335449  0.547154
-0.613076 -0.677392 -0.406544   1.56786
        0         0         0         1

0.0188744 -0.525583  0.850533  0.911464
-0.788172  0.515584  0.336093   0.54742
-0.615166  -0.67671 -0.404518   1.56512
        0         0         0         1

0.0196249 -0.524838  0.850976   0.91195
-0.785875  0.518071  0.337643  0.547578
-0.618073 -0.675387  -0.40229   1.56257
        0         0         0         1

0.0220086 -0.523589  0.851687  0.911626
-0.785751  0.517667   0.33855  0.547882
-0.618151 -0.676665 -0.400018   1.55913
        0         0         0         1

0.0231749 -0.522413  0.852378  0.912546
-0.784866  0.518596  0.339181  0.548213
-0.619232 -0.676863 -0.398006   1.55614
        0         0         0         1

0.0252449 -0.517559  0.855275  0.912402
-0.785466  0.518961  0.337227  0.548742
-0.618389 -0.680303 -0.393424   1.55352
        0         0         0         1

0.0257848 -0.518311  0.854803  0.913631
 -0.78419   0.51983  0.338855  0.548893
-0.619985 -0.679065 -0.393051   1.55026
        0         0         0         1

0.0293974 -0.514242  0.857141  0.912657
-0.784376  0.519667  0.338676  0.548756
-0.619589 -0.682277 -0.388082   1.54831
        0         0         0         1

0.0303235  -0.51441  0.857008  0.913485
-0.783939  0.519677  0.339669  0.548476
-0.620096 -0.682142 -0.387508    1.5479
        0         0         0         1

0.0336292 -0.512953  0.857758  0.912887
-0.784291  0.518422  0.340774  0.548182
-0.619481 -0.684191  -0.38487   1.54713
        0         0         0         1

0.0366668  -0.51258  0.857856  0.914418
-0.786581  0.514689  0.341153  0.548009
-0.616397 -0.687283 -0.384314    1.5459
        0         0         0         1

0.0377572 -0.511506   0.85845  0.915087
-0.787551  0.513547  0.340635  0.547928
-0.615091 -0.688935 -0.383447   1.54543
        0         0         0         1

0.0395725 -0.510417  0.859016  0.915431
-0.789178  0.511342  0.340188  0.547846
-0.612889 -0.691379 -0.382574   1.54455
        0         0         0         1

0.0417179 -0.509573  0.859415  0.915169
-0.790415  0.509315  0.340357    0.5476
-0.611149 -0.693494 -0.381527   1.54427
        0         0         0         1

0.0430013 -0.508638  0.859906  0.915689
-0.791458  0.507921  0.340015  0.547357
-0.609709 -0.695201 -0.380724    1.5439
        0         0         0         1

0.0423766 -0.508135  0.860234  0.916202
-0.792156  0.507604  0.338862  0.547102
-0.608845   -0.6958 -0.381012   1.54403
        0         0         0         1

0.0428757 -0.505766  0.861604  0.915591
-0.792845  0.507521  0.337371   0.54649
-0.607913 -0.697584 -0.379234   1.54464
        0         0         0         1

0.0419532 -0.504007   0.86268  0.915976
-0.793449  0.507927  0.335335  0.546455
 -0.60719 -0.698561 -0.378594   1.54449
        0         0         0         1

0.0419214 -0.502517  0.863551  0.915392
-0.793672  0.508262  0.334297  0.546277
  -0.6069  -0.69939 -0.377526   1.54471
        0         0         0         1

0.0418979 -0.501834  0.863948  0.914685
-0.793465  0.508775  0.334008  0.546163
-0.607172 -0.699507 -0.376871   1.54497
        0         0         0         1

0.0398994 -0.498828  0.865782  0.913779
-0.794289  0.509865  0.330367  0.546494
-0.606228 -0.700863  -0.37587   1.54442
        0         0         0         1

0.0395749 -0.498145   0.86619  0.913126
-0.793761  0.510878  0.330071  0.546538
-0.606941 -0.700611  -0.37519   1.54442
        0         0         0         1

0.0394734 -0.497111  0.866789  0.912078
 -0.79455  0.510404  0.328905  0.546966
-0.605914  -0.70169 -0.374832   1.54348
        0         0         0         1

0.0379179 -0.497101  0.866864  0.911856
-0.793572   0.51222  0.328443   0.54711
-0.607294 -0.700373 -0.375063   1.54378
        0         0         0         1

0.0369357 -0.497338   0.86677  0.911458
-0.792435  0.513867  0.328616  0.547291
-0.608838 -0.698996 -0.375128    1.5441
        0         0         0         1

 0.036116 -0.497547  0.866685  0.911106
-0.792377   0.51421  0.328218  0.547624
-0.608962 -0.698595 -0.375674   1.54398
        0         0         0         1

0.0340461 -0.498282  0.866346  0.910367
-0.791209  0.516165  0.327968  0.548219
-0.610598 -0.696626 -0.376672    1.5445
        0         0         0         1

0.0333398 -0.498364  0.866326  0.909995
-0.791716   0.51586  0.327223  0.548869
-0.609979 -0.696794 -0.377364   1.54407
        0         0         0         1

0.0323853 -0.498991  0.866002   0.90966
 -0.79211  0.515585  0.326702  0.549695
-0.609519 -0.696549 -0.378558   1.54377
        0         0         0         1

0.0321418 -0.499774  0.865559  0.908754
 -0.79159  0.515988  0.327326  0.550053
-0.610207 -0.695689 -0.379031    1.5445
        0         0         0         1

0.0303583 -0.501271  0.864757  0.907841
-0.791564  0.516219  0.327024   0.55195
-0.610331 -0.694439 -0.381117   1.54503
        0         0         0         1

0.0289384 -0.502393  0.864155  0.907694
-0.791403  0.516588  0.326831  0.552687
-0.610609 -0.693353 -0.382646   1.54569
        0         0         0         1

0.0268222 -0.502529  0.864144  0.907633
-0.791463  0.517375  0.325437  0.553529
-0.610628 -0.692667 -0.383856   1.54638
        0         0         0         1

0.0242446 -0.502423  0.864282  0.908203
-0.791743  0.518195  0.323446  0.554467
-0.610373 -0.692131 -0.385227   1.54703
        0         0         0         1

 0.022054 -0.502291  0.864417  0.908012
 -0.79118  0.519808  0.322233   0.55522
-0.611186 -0.691016 -0.385939   1.54829
        0         0         0         1

0.0217386 -0.501136  0.865095  0.906986
-0.791191  0.520358  0.321317  0.555983
-0.611183 -0.691441 -0.385183   1.54926
        0         0         0         1

0.0187371 -0.495891  0.868183  0.905311
-0.792013  0.522604  0.315596  0.558057
-0.610217 -0.693525  -0.38296   1.55041
        0         0         0         1

0.0174753 -0.494312  0.869109  0.904227
 -0.79178  0.523961  0.313927  0.558918
-0.610557 -0.693629  -0.38223   1.55192
        0         0         0         1

0.0154762 -0.491637  0.870663  0.903331
-0.792255  0.525196  0.310645  0.560063
-0.609993 -0.694595 -0.381374   1.55273
        0         0         0         1

0.0144793 -0.491082  0.870993  0.902259
-0.791725  0.526402  0.309957   0.56077
-0.610707 -0.694075 -0.381179    1.5544
        0         0         0         1

0.0104784 -0.491873  0.870604  0.901074
 -0.79107  0.528474  0.308098  0.562215
-0.611636 -0.691937 -0.383568   1.55825
        0         0         0         1

0.00724873 -0.492094  0.870512  0.901368
 -0.79083  0.529954  0.306164  0.563662
-0.611993 -0.690647 -0.385321   1.56068
        0         0         0         1

0.00488444 -0.493079  0.869971  0.900798
-0.790343  0.531092  0.305448  0.564561
-0.612645 -0.689067 -0.387108   1.56339
        0         0         0         1

0.00575182 -0.493639  0.869648  0.898746
-0.791857  0.528845  0.305426  0.565793
-0.610679 -0.690394  -0.38785   1.56393
        0         0         0         1

0.00508864 -0.494129  0.869374  0.897717
-0.792971  0.527676  0.304558  0.567467
-0.609239 -0.690938 -0.389145   1.56621
        0         0         0         1

0.00405486 -0.493771  0.869583  0.897098
-0.793511  0.527598  0.303283  0.568583
-0.608542 -0.691253 -0.389673   1.56866
        0         0         0         1

0.00266226   -0.4932  0.869912  0.895384
-0.796283  0.525184  0.300192  0.571957
-0.604918 -0.693496 -0.391329   1.57384
        0         0         0         1

0.00103925  -0.49277  0.870159  0.895274
-0.796721   0.52547  0.298525  0.573218
-0.604347 -0.693584 -0.392054   1.57774
        0         0         0         1

-0.000518353 -0.491852  0.870678   0.89515
-0.799068  0.523691  0.295361  0.575325
 -0.60124 -0.695578 -0.393295   1.58135
        0         0         0         1

-0.00221312 -0.490857  0.871237  0.895126
-0.800385  0.523164  0.292718  0.577004
-0.599483 -0.696677 -0.394032   1.58523
        0         0         0         1

-0.00220017 -0.486474  0.873692  0.893766
-0.804709  0.519545  0.287258  0.580789
-0.593665 -0.702436 -0.392613   1.59409
        0         0         0         1

-0.000805955 -0.484197  0.874959    0.8929
-0.807612  0.516291  0.284968  0.582663
-0.589714 -0.706397 -0.391459   1.59756
        0         0         0         1

-0.00148408 -0.481761  0.876301  0.892832
-0.810123  0.514319  0.281383  0.584839
-0.586258 -0.709494 -0.391049   1.60423
        0         0         0         1

0.00246696 -0.479285  0.877656  0.890207
-0.813716  0.509185  0.280352  0.586198
-0.581258 -0.714854 -0.388746   1.60837
        0         0         0         1

0.00190426 -0.475126  0.879916  0.890279
-0.817934  0.505485  0.274716  0.588511
-0.575309 -0.720236 -0.387659   1.61506
        0         0         0         1

0.0024954 -0.473308  0.880893  0.889825
-0.821807  0.500931  0.271481  0.590375
-0.569761 -0.724602 -0.387718   1.62106
        0         0         0         1

0.00565384 -0.467392  0.884032  0.888625
-0.832356  0.487758  0.263203  0.594854
-0.554213 -0.737317 -0.386279   1.63579
        0         0         0         1

0.00830548 -0.465978  0.884757  0.887872
-0.837119  0.480718  0.261039  0.596671
-0.546957 -0.742816 -0.386087    1.6432
        0         0         0         1

0.00958753  -0.46456   0.88549  0.888048
-0.842922  0.472639   0.25709  0.599221
-0.537951 -0.748863 -0.387056    1.6528
        0         0         0         1

0.0158689 -0.463423  0.885995  0.885879
-0.849558  0.461016  0.256352   0.60111
-0.527257 -0.756772 -0.386389   1.65986
        0         0         0         1

0.0252325  -0.46416  0.885392  0.883184
-0.861088  0.439823  0.255113  0.604961
-0.507829 -0.768838 -0.388585   1.68236
        0         0         0         1

0.0311898 -0.462568  0.886035  0.881399
 -0.86797  0.427045  0.253499  0.607582
-0.495637 -0.776958 -0.388175   1.69106
        0         0         0         1

0.0387309  -0.46209  0.885987  0.879657
-0.876923  0.409367  0.251842  0.610731
-0.479067 -0.786696 -0.389363    1.7015
        0         0         0         1

0.0434054 -0.462261  0.885681   0.87955
-0.882536   0.39775  0.250848  0.613009
-0.468237 -0.792534 -0.390698   1.71288
        0         0         0         1

0.0494678 -0.461738  0.885636  0.878713
-0.890475  0.381197   0.24848    0.6167
-0.452334 -0.800929  -0.39231   1.72638
        0         0         0         1

0.0527666 -0.462514  0.885041  0.879408
 -0.89678  0.367954  0.245756  0.619903
 -0.43932 -0.806654 -0.395357   1.73881
        0         0         0         1

0.0673674 -0.461612   0.88452  0.877412
-0.911682  0.331684  0.242534    0.6279
-0.405337  -0.82274 -0.398498   1.76792
        0         0         0         1

0.0739672 -0.461873  0.883857   0.87649
-0.917518  0.315754  0.241786  0.631699
-0.390755 -0.828839 -0.400421   1.78185
        0         0         0         1

0.0807622  -0.46254  0.882912  0.877046
-0.924538  0.296221  0.239754  0.636942
-0.372433 -0.835649 -0.403713   1.79897
        0         0         0         1

0.0894274 -0.462955  0.881859  0.875334
-0.930356  0.277275  0.239908  0.641273
-0.355584 -0.841898 -0.405917   1.81288
        0         0         0         1

 0.105375 -0.464845  0.879099  0.873264
 -0.94203  0.236522  0.237985  0.652656
-0.318553 -0.853215 -0.412974   1.84884
        0         0         0         1

 0.110648 -0.465135  0.878297  0.873848
-0.947666  0.216912  0.234261  0.659014
-0.299477 -0.858253 -0.416792   1.86334
        0         0         0         1

 0.121676 -0.463947  0.877467  0.871148
 -0.95312  0.192143  0.233759  0.666657
-0.277051 -0.864774 -0.418818   1.88158
        0         0         0         1

 0.124568 -0.467371  0.875241  0.873358
-0.957624  0.174242  0.229337  0.673621
-0.259689 -0.866721  -0.42586   1.89845
        0         0         0         1

 0.130517 -0.468924  0.873542  0.873086
-0.962247  0.152343  0.225549  0.682093
-0.238843 -0.870001 -0.431337   1.91855
        0         0         0         1

 0.137013 -0.469029   0.87249  0.871641
-0.966029  0.131575  0.222433  0.690192
-0.219125 -0.873327 -0.435068   1.93411
        0         0         0         1

 0.152517 -0.472937  0.867795  0.868929
-0.972179 0.0861568  0.217817  0.708763
 -0.17778 -0.876874 -0.446639   1.97204
        0         0         0         1

 0.160897 -0.472727  0.866395   0.86496
-0.973554 0.0682372   0.21803  0.716664
-0.162189 -0.878563 -0.449246   1.98853
        0         0         0         1

 0.164379 -0.477091  0.863345  0.865683
-0.976468 0.0451702  0.210879  0.728166
-0.139606 -0.877693 -0.458439   2.00828
        0         0         0         1

 0.167486 -0.481292  0.860411   0.86583
-0.978043 0.0286689   0.20642   0.73791
-0.124016 -0.876091 -0.465923   2.02482
        0         0         0         1

  0.168952  -0.486211   0.857353   0.866919
  -0.98013 0.00883677   0.198158   0.750552
 -0.103923  -0.873797  -0.475057    2.04515
         0          0          0          1

  0.174615  -0.486764   0.855903   0.863236
 -0.980868 -0.0100069   0.194419   0.760882
-0.0860712  -0.873476  -0.479199    2.05993
         0          0          0          1

  0.178087  -0.500466   0.847242   0.866232
 -0.982519 -0.0429862   0.181129    0.78457
-0.0542294  -0.864688  -0.499373    2.10257
         0          0          0          1

  0.179854  -0.503665    0.84497   0.866919
 -0.983163 -0.0638387   0.171216   0.797795
-0.0322935  -0.861537  -0.506666    2.11417
         0          0          0          1

  0.189167  -0.500903   0.844578   0.859559
 -0.981864 -0.0854476   0.169239   0.810881
-0.0126051  -0.861275  -0.507983    2.13049
         0          0          0          1

 0.195391 -0.502306  0.842325    0.8556
-0.980721 -0.102522  0.166357  0.821834
0.0027949 -0.858591 -0.512654   2.14519
        0         0         0         1

  0.20251 -0.508963  0.836628   0.85114
-0.978668 -0.135387  0.154528  0.847475
0.0346197 -0.850075 -0.525523   2.18147
        0         0         0         1

 0.202512 -0.516353  0.832087  0.852809
-0.978097 -0.148394  0.145962  0.860568
0.0481087 -0.843421 -0.535095   2.19463
        0         0         0         1

 0.204927 -0.520917  0.828643  0.852364
-0.976415 -0.167579  0.136126  0.876808
0.0679531 -0.836996 -0.542973    2.2111
        0         0         0         1

  0.20657 -0.524434  0.826013  0.848775
-0.975208  -0.17883  0.130342  0.887092
0.0793598  -0.83246 -0.548373   2.22623
        0         0         0         1

 0.202601  -0.53731  0.818688   0.85556
-0.974091 -0.196377  0.112174  0.906862
 0.100499 -0.820203 -0.563175   2.23951
        0         0         0         1

 0.200814 -0.539802  0.817489  0.854077
-0.972934 -0.207297  0.102116  0.920068
 0.114341 -0.815869  -0.56682   2.25415
        0         0         0         1

  0.20643 -0.547035  0.811258  0.846563
-0.967968 -0.235271 0.0876621   0.94926
 0.142911 -0.803368 -0.578079   2.28517
        0         0         0         1

  0.20456 -0.553173  0.807561  0.847719
-0.966485 -0.244879 0.0770765  0.963573
 0.155118 -0.796263 -0.584726   2.29649
        0         0         0         1

 0.206295 -0.557949  0.803825  0.847142
-0.964987 -0.252015 0.0727281  0.974986
 0.161997 -0.790684 -0.590403   2.31748
        0         0         0         1

  0.20962  -0.55621   0.80417   0.83942
-0.961334 -0.267459 0.0655972  0.989247
 0.178596 -0.786826 -0.590769   2.32471
        0         0         0         1

 0.197486 -0.575147  0.793854  0.848613
-0.959366 -0.279873 0.0358922   1.02442
 0.201535 -0.768685 -0.607048   2.35035
        0         0         0         1

 0.201066 -0.574132  0.793691  0.843405
-0.954555 -0.296798 0.0271226   1.03977
 0.219994 -0.763075 -0.607717   2.35718
        0         0         0         1

 0.199357 -0.582306  0.788147  0.847439
-0.952408 -0.304406 0.0160014   1.05757
 0.230599 -0.753828 -0.615279   2.37066
        0         0         0         1

   0.194015   -0.589333    0.784248    0.850942
  -0.949962   -0.312364 0.000281226     1.07311
   0.244805   -0.745061   -0.620447     2.37913
          0           0           0           1

  0.191433  -0.590099   0.784306   0.845596
 -0.946917  -0.321303 -0.0106205    1.09111
  0.258267   -0.74064  -0.620283    2.38955
         0          0          0          1

  0.190048  -0.598364   0.778359   0.845328
 -0.941755  -0.335156 -0.0277088    1.11166
  0.277452  -0.727757  -0.627208    2.38986
         0          0          0          1

  0.188543  -0.611254   0.768648   0.841958
 -0.940043  -0.338835 -0.0388676    1.13412
  0.284203  -0.715234   -0.63849    2.42693
         0          0          0          1

  0.182545  -0.618479   0.764304     0.8415
 -0.935853   -0.34762 -0.0577789    1.15267
  0.301423  -0.704729  -0.642262    2.42546
         0          0          0          1

   0.17584  -0.629632   0.756732   0.844936
 -0.932457  -0.352975 -0.0770178    1.17099
  0.315601  -0.692078  -0.649172    2.43374
         0          0          0          1

  0.169204  -0.639449   0.749983   0.848029
 -0.933251   -0.34861 -0.0866798    1.18252
  0.316879  -0.685256  -0.655753    2.45002
         0          0          0          1

