 0.205913 -0.219664  0.953597  0.471435
-0.935191 -0.331096   0.12567   1.05348
 0.288127 -0.917673 -0.273604   2.26961
        0         0         0         1

 0.203445 -0.216435  0.954864  0.474161
-0.935087 -0.332029  0.123972   1.03761
 0.290211 -0.918103 -0.269935   2.27492
        0         0         0         1

 0.203615 -0.220265  0.953952  0.480035
-0.935803  -0.33018  0.123503   1.02913
 0.287773 -0.917859 -0.273354   2.27905
        0         0         0         1

 0.210597 -0.237559  0.948269  0.488979
 -0.93878 -0.319698  0.128399  0.991496
 0.272657 -0.917256 -0.290343   2.30036
        0         0         0         1

 0.211526 -0.242389  0.946839  0.493022
-0.938933 -0.319411  0.127991  0.985803
 0.271407 -0.916092 -0.295151   2.30124
        0         0         0         1

 0.213434 -0.249411  0.944585  0.496473
-0.938694 -0.320295  0.127532  0.973572
 0.270738 -0.913896 -0.302482   2.29926
        0         0         0         1

 0.214899 -0.255047  0.942746  0.498795
-0.938602 -0.320699  0.127193  0.966402
 0.269897 -0.912197 -0.308305   2.30242
        0         0         0         1

 0.218757 -0.263102   0.93964  0.500669
-0.938405 -0.320684  0.128677  0.947645
 0.267472 -0.909912 -0.317048   2.30893
        0         0         0         1

 0.219661 -0.267392  0.938217  0.503793
 -0.93887 -0.319259  0.128826  0.939304
 0.265087 -0.909162 -0.321175   2.31505
        0         0         0         1

 0.217444 -0.276202  0.936179  0.516032
-0.938404 -0.323038  0.122655  0.917405
 0.268544 -0.905185 -0.329432   2.32188
        0         0         0         1

 0.220312  -0.27667   0.93537  0.512961
-0.937661 -0.324326   0.12492  0.906187
 0.268803 -0.904581 -0.330875    2.3259
        0         0         0         1

 0.223414 -0.283312  0.932642  0.517536
-0.937663 -0.323802  0.126255  0.885514
 0.266222 -0.902711 -0.337993   2.33865
        0         0         0         1

 0.225476 -0.285452  0.931492  0.518737
-0.937026 -0.325301  0.127129  0.877278
 0.266726 -0.901497 -0.340823   2.34052
        0         0         0         1

 0.227574 -0.289195  0.929826  0.525739
-0.937567 -0.322994  0.129011  0.857468
 0.263019 -0.901134 -0.344644    2.3521
        0         0         0         1

 0.229326 -0.287769  0.929838  0.525352
-0.937251 -0.323038  0.131179   0.84784
 0.262623 -0.901574 -0.343793   2.35625
        0         0         0         1

 0.229406 -0.285993  0.930366  0.533404
-0.935548 -0.328527  0.129695   0.82039
 0.268558 -0.900155 -0.342926   2.36583
        0         0         0         1

 0.229713 -0.285349  0.930488  0.535116
-0.934442 -0.331975  0.128884  0.814084
 0.272122 -0.899093 -0.342901   2.36694
        0         0         0         1

 0.229143 -0.282568  0.931477  0.538805
-0.932491 -0.338207  0.126796  0.800468
 0.279203 -0.897648  -0.34099   2.36818
        0         0         0         1

 0.230199 -0.281239  0.931619  0.537433
-0.931815  -0.33973  0.127689  0.788659
 0.280588  -0.89749 -0.340268   2.37341
        0         0         0         1

 0.230275 -0.281323  0.931574  0.545824
-0.929434 -0.347208  0.124893  0.755651
 0.288314 -0.894597 -0.341424    2.3861
        0         0         0         1

 0.231061 -0.282203  0.931113  0.547578
-0.929169  -0.34782  0.125161  0.746045
 0.288539 -0.894082 -0.342582   2.38929
        0         0         0         1

 0.233635 -0.282137  0.930491  0.547994
  -0.9275 -0.351882  0.126189  0.728471
  0.29182 -0.892512 -0.343894   2.39181
        0         0         0         1

 0.235036 -0.284314  0.929475  0.550929
 -0.92714 -0.352694  0.126561  0.717821
 0.291838   -0.8915 -0.346494   2.39638
        0         0         0         1

 0.237943 -0.283771  0.928901  0.549583
-0.926722 -0.352671  0.129647  0.695102
 0.290807 -0.891682 -0.346893   2.40252
        0         0         0         1

 0.240375 -0.285098  0.927868  0.550894
-0.926736 -0.351763  0.131999  0.682391
 0.288757 -0.891618 -0.348766   2.40707
        0         0         0         1

 0.243231  -0.29628  0.923611  0.563421
-0.926549 -0.352674  0.130872  0.651446
 0.286958 -0.887603 -0.360299   2.41554
        0         0         0         1

 0.244309 -0.298167  0.922719   0.56404
-0.926494  -0.35264  0.131356  0.642297
 0.286222 -0.886984 -0.362403   2.41744
        0         0         0         1

 0.244056 -0.306644  0.920004  0.572015
-0.925628 -0.356599  0.126691  0.628318
 0.289223   -0.8825 -0.370868   2.41976
        0         0         0         1

 0.245629 -0.308468  0.918974  0.571728
 -0.92619 -0.354458  0.128578  0.615296
 0.286075 -0.882727 -0.372765   2.42414
        0         0         0         1

 0.242583   -0.3132  0.918183  0.576994
-0.925201 -0.359382  0.121848   0.58764
 0.291815 -0.879062 -0.376953   2.42422
        0         0         0         1

 0.241369 -0.312224  0.918835  0.576261
-0.924624 -0.361462  0.120064  0.576863
 0.294637 -0.878557 -0.375935   2.42556
        0         0         0         1

 0.235744 -0.312848  0.920082  0.582694
-0.925346 -0.361526  0.114166  0.555859
 0.296917 -0.878308  -0.37472    2.4319
        0         0         0         1

  0.23394 -0.312292  0.920731  0.583987
-0.924872 -0.363503  0.111699  0.548275
 0.299806  -0.87769 -0.373868   2.43116
        0         0         0         1

 0.231231 -0.311778  0.921589  0.587904
  -0.9244 -0.365757  0.108199  0.530112
 0.303343 -0.876936 -0.372781   2.43358
        0         0         0         1

 0.229892 -0.309947  0.922541  0.585927
-0.924839 -0.364725  0.107928  0.518956
 0.303022 -0.878014 -0.370499   2.43515
        0         0         0         1

 0.221172 -0.306891  0.925689    0.5886
-0.926253 -0.363141  0.100916  0.487435
 0.305185 -0.879742 -0.364576   2.43639
        0         0         0         1

 0.214953 -0.306679  0.927223  0.590682
-0.927674 -0.360922 0.0956829  0.479198
 0.305312 -0.880729  -0.36208   2.43722
        0         0         0         1

 0.204533 -0.305027  0.930121  0.593215
-0.928924 -0.360103 0.0861762   0.46526
 0.308653 -0.881637 -0.356999   2.43473
        0         0         0         1

 0.201281 -0.301941  0.931836  0.591127
-0.929874 -0.357955 0.0848701  0.456138
 0.307929 -0.883572 -0.352817   2.43302
        0         0         0         1

 0.193775 -0.301868  0.933449  0.595273
-0.932858 -0.351233 0.0800671  0.427339
 0.303688 -0.886291  -0.34966   2.43142
        0         0         0         1

 0.191372 -0.301303  0.934127  0.596373
-0.933449 -0.350056  0.078322  0.421524
 0.303398 -0.886948 -0.348242   2.42882
        0         0         0         1

 0.188133 -0.303007  0.934234  0.601039
-0.935704 -0.344336 0.0767481  0.403837
 0.298435 -0.888605 -0.348306   2.43036
        0         0         0         1

 0.186578 -0.301183  0.935135  0.600596
-0.935591 -0.344902 0.0755849  0.398046
 0.299765 -0.889006 -0.346135    2.4263
        0         0         0         1

  0.18217 -0.297357  0.937226  0.601021
-0.935682 -0.345359 0.0722963  0.387234
 0.302181 -0.890116 -0.341145   2.41865
        0         0         0         1

 0.181061 -0.296368  0.937754   0.60222
-0.936062 -0.344413 0.0718862  0.379423
  0.30167 -0.890812 -0.339779   2.41722
        0         0         0         1

 0.177427 -0.292263  0.939735  0.604154
-0.936237 -0.344395 0.0696576   0.35648
 0.303282 -0.892174 -0.334733     2.405
        0         0         0         1

 0.178738 -0.292161  0.939518  0.603921
-0.936561  -0.34314 0.0714699  0.348374
 0.301505 -0.892691 -0.334959   2.40222
        0         0         0         1

 0.180732 -0.292345   0.93908  0.605957
-0.937683 -0.339342 0.0748226  0.332764
 0.296795 -0.894082 -0.335456   2.39552
        0         0         0         1

 0.181795 -0.291479  0.939144  0.606128
 -0.93803 -0.337962 0.0766875  0.327624
 0.295042 -0.894887 -0.334856   2.38999
        0         0         0         1

 0.187229 -0.289976  0.938541  0.614114
-0.939098 -0.333119 0.0844178  0.310669
 0.288167 -0.897188 -0.334685   2.37213
        0         0         0         1

 0.188223 -0.286652  0.939363   0.61358
-0.939285 -0.331949 0.0869109  0.305876
 0.286907 -0.898688 -0.331728    2.3645
        0         0         0         1

 0.192325 -0.277164  0.941377  0.613437
 -0.94197 -0.321103 0.0979061  0.289918
 0.275143 -0.905579 -0.322836   2.35432
        0         0         0         1

 0.193758  -0.27458  0.941841  0.615069
-0.941796 -0.320909  0.100192  0.286831
 0.274734 -0.906434 -0.320777   2.34631
        0         0         0         1

 0.198388 -0.265458  0.943491  0.613987
-0.942326  -0.31641  0.109119   0.27663
 0.269564 -0.910723 -0.312919   2.33005
        0         0         0         1

 0.201954 -0.263888  0.943174  0.614566
-0.943194 -0.311808  0.114719   0.27118
 0.263817 -0.912764 -0.311868   2.32279
        0         0         0         1

  0.21838 -0.254854  0.941998  0.613926
-0.945649  -0.29361  0.139792  0.253287
 0.240953 -0.921327 -0.305121    2.2914
        0         0         0         1

 0.224398  -0.25426  0.940743   0.61459
-0.945977 -0.288677  0.147624  0.248783
 0.234036 -0.923048 -0.305303   2.28292
        0         0         0         1

 0.236234 -0.251163  0.938675  0.614763
-0.947338 -0.274469  0.164974  0.238543
 0.216202 -0.928215 -0.302775   2.26442
        0         0         0         1

 0.241411  -0.25038  0.937566  0.615462
-0.948033  -0.26719  0.172752  0.232783
 0.207255 -0.930548 -0.301871   2.25569
        0         0         0         1

 0.253755 -0.245108  0.935698  0.617965
 -0.94963 -0.247023  0.192825  0.215744
 0.183876 -0.937498 -0.295445   2.22127
        0         0         0         1

 0.255433 -0.243305  0.935712  0.618643
 -0.95011 -0.242364  0.196344  0.211965
 0.179012 -0.939182 -0.293075   2.21054
        0         0         0         1

 0.259127 -0.240221  0.935493  0.619504
 -0.95114 -0.231828  0.203931  0.203289
 0.167885 -0.942629 -0.288557   2.18836
        0         0         0         1

 0.259963 -0.239655  0.935406  0.620539
-0.951665 -0.227674  0.206151   0.20023
 0.163563 -0.943785 -0.287258    2.1771
        0         0         0         1

 0.263563 -0.238254  0.934756  0.622092
-0.952871 -0.215222  0.213813  0.191757
 0.150238 -0.947056  -0.28375   2.15507
        0         0         0         1

 0.264375 -0.236292  0.935025  0.622339
-0.953436 -0.209943  0.216526  0.187985
 0.145138 -0.948731 -0.280793   2.14345
        0         0         0         1

 0.268387 -0.233832    0.9345  0.624084
-0.955297 -0.189475  0.226949  0.176301
 0.123997 -0.953636 -0.274232     2.101
        0         0         0         1

 0.270161 -0.234475  0.933828  0.624456
-0.955758 -0.182528  0.230674  0.172545
 0.116363 -0.954832 -0.273413   2.08942
        0         0         0         1

 0.273657  -0.23956  0.931517  0.626467
-0.956571 -0.168904   0.23758  0.165875
 0.100423 -0.956077 -0.275378    2.0658
        0         0         0         1

 0.275373 -0.242631  0.930215  0.626996
-0.956945 -0.161573  0.241142  0.162619
0.0917891 -0.956569 -0.276677   2.05386
        0         0         0         1

 0.281354 -0.262124  0.923109  0.631119
-0.957958 -0.133049  0.254195   0.15206
0.0561883 -0.955818 -0.288538   2.01275
        0         0         0         1

 0.282519  -0.26866  0.920872  0.632416
-0.958106 -0.126145   0.25714  0.150125
0.0470805 -0.954939 -0.293043   2.00073
        0         0         0         1

 0.284188 -0.280407  0.916847  0.633792
-0.958349 -0.111371  0.262991   0.14475
0.0283658 -0.953398 -0.300378   1.97636
        0         0         0         1

 0.283816 -0.288212  0.914539  0.634752
-0.958687  -0.10434  0.264635  0.142506
0.0191526 -0.951865 -0.305919   1.96458
        0         0         0         1

 0.281682 -0.303087  0.910381   0.63613
-0.959505 -0.091151  0.266535  0.138419
0.00219885 -0.948593  -0.31649   1.94003
        0         0         0         1

  0.280954   -0.31064   0.908057   0.636986
 -0.959694 -0.0837665   0.268275   0.136584
-0.00727208   -0.94683  -0.321653    1.92825
         0          0          0          1

  0.279606  -0.329485    0.90181   0.639039
 -0.959272 -0.0565109   0.276775   0.130315
 -0.040231  -0.942468  -0.331866     1.8853
         0          0          0          1

  0.279254  -0.332848   0.900683    0.63966
 -0.959006 -0.0495814   0.279014   0.129135
-0.0482122  -0.941676   -0.33305    1.87306
         0          0          0          1

  0.278649  -0.339633   0.898334   0.640689
 -0.958242 -0.0357536   0.283714   0.126685
-0.0642401  -0.939878  -0.335414    1.84801
         0          0          0          1

  0.278339  -0.341232   0.897824   0.640913
 -0.957789 -0.0286534   0.286039   0.125484
-0.0718799  -0.939542  -0.334803    1.83566
         0          0          0          1

   0.275563    -0.34743    0.896302    0.642362
  -0.956151 -0.00284408     0.29286    0.121678
 -0.0991994   -0.937702   -0.332979     1.79283
          0           0           0           1

  0.274024  -0.348635   0.896306   0.642673
 -0.955879 0.00385522   0.293737   0.121059
 -0.105863   -0.93725  -0.332197    1.78094
         0          0          0          1

 0.269603 -0.349198  0.897427  0.643178
-0.955642 0.0177444  0.293996  0.120031
-0.118587 -0.936881 -0.328925   1.75664
        0         0         0         1

 0.267025 -0.350376  0.897738  0.643604
-0.955568 0.0244221  0.293758  0.119745
-0.124851 -0.936291 -0.328287   1.74509
        0         0         0         1

 0.263311 -0.351487  0.898401    0.6438
 -0.95471 0.0388034  0.294996  0.118955
-0.138548 -0.935388 -0.325351   1.72175
        0         0         0         1

  0.26149 -0.352212  0.898649   0.64407
-0.954291 0.0452837  0.295429  0.118816
-0.144748 -0.934824 -0.324271   1.71049
        0         0         0         1

  0.25406 -0.357149  0.898832  0.645223
-0.952778 0.0674091  0.296093  0.119227
-0.166339 -0.931612 -0.323158   1.67158
        0         0         0         1

 0.253158 -0.358872    0.8984    0.6452
-0.951741 0.0741502  0.297809  0.119034
-0.173492 -0.930437 -0.322781   1.66125
        0         0         0         1

 0.250817 -0.362908  0.897434  0.645723
-0.949602 0.0878124  0.300907  0.119369
-0.188007 -0.927678 -0.322593   1.64057
        0         0         0         1

 0.250217 -0.364698  0.896876  0.645805
-0.948404 0.0939897  0.302812  0.119685
-0.194732  -0.92637 -0.322364   1.63052
        0         0         0         1

 0.247277 -0.371706  0.894812  0.646502
 -0.94382  0.116536  0.309229  0.121095
 -0.21922 -0.921007 -0.322006    1.5966
        0         0         0         1

 0.246838 -0.373008  0.894391  0.646583
 -0.94241  0.122547  0.311199  0.121412
-0.225685 -0.919699 -0.321278   1.58774
        0         0         0         1

 0.246118 -0.374144  0.894115  0.646356
-0.939621  0.134204  0.314803  0.121974
-0.237776 -0.917609 -0.318523   1.56962
        0         0         0         1

 0.245024 -0.374397   0.89431  0.646552
-0.938645  0.139313  0.315494  0.122612
-0.242709 -0.916744  -0.31729   1.56111
        0         0         0         1

 0.241924 -0.375353  0.894753  0.647241
-0.936864  0.149614  0.316073  0.124203
-0.252507 -0.914727  -0.31546   1.54452
        0         0         0         1

 0.241249 -0.375584  0.894838  0.647353
-0.935901  0.153846  0.316892  0.124707
-0.256686  -0.91393 -0.314394   1.53678
        0         0         0         1

 0.239383 -0.379766  0.893574  0.648165
 -0.93226   0.16723  0.320819  0.126445
-0.271268 -0.909842 -0.314009   1.51171
        0         0         0         1

 0.238863 -0.380649  0.893337  0.648544
-0.931522  0.169999  0.321509  0.127194
-0.274248 -0.908959 -0.313976   1.50505
        0         0         0         1

 0.238989  -0.38357  0.892053  0.649039
-0.929265  0.176162  0.324705  0.128182
-0.281693 -0.906555 -0.314337   1.49259
        0         0         0         1

 0.239172 -0.384426  0.891635  0.649223
-0.928266  0.178832  0.326101  0.128717
-0.284815 -0.905669 -0.314078   1.48679
        0         0         0         1

 0.240539 -0.386153   0.89052  0.649902
 -0.92485  0.187286  0.331024  0.130671
-0.294609 -0.903222 -0.312084    1.4675
        0         0         0         1

 0.241233 -0.387223  0.889868  0.650132
-0.923768  0.189397  0.332839  0.131158
-0.297421 -0.902323 -0.312016   1.46284
        0         0         0         1

 0.242805 -0.389418  0.888482  0.650713
-0.921635  0.193202  0.336545  0.132207
-0.302713  -0.90057  -0.31199   1.45357
        0         0         0         1

  0.24405 -0.390575  0.887632  0.650879
-0.920632  0.194332  0.338633  0.132527
-0.304757 -0.899825 -0.312149   1.44963
        0         0         0         1

 0.247079  -0.39265  0.885877  0.651503
-0.918419  0.196604  0.343296  0.133474
-0.308963 -0.898428 -0.312041   1.44086
        0         0         0         1

 0.248175  -0.39481  0.884609  0.651964
-0.917295  0.197784  0.345618  0.133891
-0.311415 -0.897222 -0.313072   1.43757
        0         0         0         1

 0.252227  -0.40142  0.880479  0.653332
-0.914047  0.199849  0.352956  0.135226
-0.317646 -0.893825  -0.31651   1.42557
        0         0         0         1

 0.253297 -0.403146  0.879383  0.653659
-0.913412  0.199731  0.354663   0.13561
-0.318621 -0.893074 -0.317648   1.42242
        0         0         0         1

 0.254096 -0.407915   0.87695  0.654755
-0.912146  0.200423  0.357521  0.136558
-0.321599  -0.89075 -0.321151   1.41689
        0         0         0         1

  0.25497 -0.409478  0.875967  0.655237
-0.911589  0.200334  0.358986  0.137003
-0.322483 -0.890053 -0.322197   1.41422
        0         0         0         1

 0.258268 -0.415402  0.872203  0.656929
-0.909179  0.200742  0.364824  0.138441
-0.326636 -0.887211 -0.325829   1.40613
        0         0         0         1

 0.259202 -0.417051  0.871139   0.65746
-0.908512  0.200797  0.366452  0.138857
-0.327751 -0.886425 -0.326849   1.40413
        0         0         0         1

 0.261864  -0.42233  0.867793  0.658157
-0.906289  0.201491   0.37154  0.139458
-0.331765 -0.883764  -0.32999   1.40063
        0         0         0         1

 0.263629 -0.422985  0.866939  0.658483
-0.905026  0.202548  0.374036  0.139946
-0.333808 -0.883209 -0.329415   1.39897
        0         0         0         1

 0.267623 -0.419945  0.867193  0.659214
-0.903087  0.204413  0.377689  0.141253
-0.335874 -0.884229 -0.324541   1.39526
        0         0         0         1

 0.269225 -0.417655  0.867803  0.659315
-0.902511  0.205089  0.378697   0.14161
-0.336141 -0.885157 -0.321723   1.39379
        0         0         0         1

 0.269733 -0.412377  0.870166  0.659798
-0.902881  0.205825  0.377416  0.143005
-0.334739 -0.887458 -0.316809    1.3902
        0         0         0         1

 0.268635 -0.413232    0.8701  0.660036
-0.903454  0.205195  0.376385  0.143352
-0.334075 -0.887206 -0.318214   1.38974
        0         0         0         1

 0.265833 -0.417916  0.868723  0.660721
-0.904598  0.203349  0.374635  0.143948
-0.333219 -0.885435 -0.323989   1.38938
        0         0         0         1

 0.264744  -0.42174  0.867206  0.661008
-0.904898  0.202149  0.374561  0.144011
-0.333272 -0.883895 -0.328114   1.38957
        0         0         0         1

  0.26157 -0.430721  0.863748  0.662314
-0.905659  0.199884  0.373937  0.144633
-0.333711 -0.880072 -0.337802   1.39035
        0         0         0         1

 0.261087 -0.436295  0.861092  0.662651
-0.905514  0.198395  0.375078  0.144521
-0.334481 -0.877659 -0.343273   1.39096
        0         0         0         1

 0.258669 -0.459388  0.849737  0.664307
-0.904615    0.1933  0.379877   0.14448
-0.338765 -0.866947 -0.365568   1.39388
        0         0         0         1

 0.258667 -0.465196  0.846572  0.664749
-0.904057  0.192115  0.381801  0.144408
-0.340252 -0.864109  -0.37087   1.39494
        0         0         0         1

  0.25898 -0.475995  0.840451  0.665598
-0.902571  0.190585  0.386061  0.144269
 -0.34394 -0.858549 -0.380261   1.39716
        0         0         0         1

  0.25865 -0.481192  0.837588  0.665935
-0.901911  0.190207  0.387787  0.144172
-0.345915 -0.855731 -0.384795   1.39835
        0         0         0         1

  0.25181 -0.502205  0.827274  0.667021
-0.901151  0.190009  0.389644  0.143614
-0.352871 -0.843615 -0.404716   1.40417
        0         0         0         1

 0.248992  -0.50985  0.823442  0.666953
-0.901209  0.189426  0.389794  0.143193
-0.354717 -0.839149 -0.412316   1.40602
        0         0         0         1

 0.241731 -0.525329  0.815841  0.666642
-0.901553  0.189335  0.389042  0.142554
-0.358842 -0.829567 -0.427844    1.4101
        0         0         0         1

 0.239699 -0.528544  0.814362  0.666126
-0.901295  0.190627   0.38901  0.142324
-0.360848 -0.827226 -0.430681   1.41196
        0         0         0         1

 0.238726 -0.527247  0.815488  0.664512
-0.900542  0.194028  0.389072  0.141913
-0.363365 -0.827263 -0.428489   1.41496
        0         0         0         1

 0.239341 -0.522758  0.818193  0.663409
-0.900341  0.195957  0.388571  0.141745
-0.363459 -0.829654 -0.423759   1.41629
        0         0         0         1

 0.237185 -0.506763  0.828815  0.659092
-0.901896  0.202179  0.381717   0.14173
-0.361009 -0.838042 -0.409094   1.42105
        0         0         0         1

 0.235925 -0.503392  0.831225  0.657765
 -0.90249  0.203685  0.379505  0.141863
-0.360348 -0.839707 -0.406252   1.42258
        0         0         0         1

 0.233822  -0.49659  0.835898  0.655051
-0.903136  0.207485  0.375893  0.142128
-0.360101 -0.842822 -0.399974   1.42609
        0         0         0         1

 0.233349 -0.492213  0.838615  0.653854
-0.903478   0.20914   0.37415  0.142631
-0.359549 -0.844977 -0.395901   1.42734
        0         0         0         1

 0.232871 -0.478058  0.846895  0.649522
-0.904408  0.213681  0.369305  0.143863
-0.357514  -0.85194 -0.382599   1.43258
        0         0         0         1

  0.23213 -0.475914  0.848305  0.648486
-0.904821  0.214398  0.367876  0.144221
-0.356952 -0.852959 -0.380849   1.43432
        0         0         0         1

 0.229725 -0.473305  0.850417  0.646806
-0.905514  0.216346  0.365018  0.145379
-0.356749 -0.853918 -0.378884   1.43818
        0         0         0         1

 0.229001 -0.472004  0.851335   0.64581
-0.905864  0.216808  0.363873  0.145921
-0.356326 -0.854521 -0.377922   1.43979
        0         0         0         1

  0.22765  -0.46981  0.852909  0.644151
-0.906368  0.217915  0.361953  0.147186
-0.355911 -0.855448 -0.376213   1.44344
        0         0         0         1

 0.227571 -0.468319   0.85375  0.643359
-0.906708  0.217809  0.361165  0.147951
-0.355095 -0.856292 -0.375061     1.445
        0         0         0         1

 0.225978 -0.470328  0.853068  0.640994
-0.907528  0.216604  0.359826   0.15058
-0.354014 -0.855497 -0.377888   1.45219
        0         0         0         1

 0.224892 -0.473489  0.851605  0.640539
-0.907742  0.215862  0.359735  0.151423
-0.354159 -0.853939  -0.38126   1.45473
        0         0         0         1

  0.22282 -0.480046  0.848473   0.63926
-0.908349  0.213736  0.359471  0.153098
-0.353912 -0.850807 -0.388425   1.45961
        0         0         0         1

 0.221807 -0.483106  0.847001  0.638411
-0.908804  0.212378  0.359126  0.153903
 -0.35338 -0.849414 -0.391941   1.46226
        0         0         0         1

 0.219475  -0.48857   0.84447  0.634987
-0.910479  0.208407  0.357204  0.156776
-0.350513 -0.847269 -0.399093   1.47128
        0         0         0         1

 0.218951 -0.488633   0.84457  0.633985
-0.911156  0.207275  0.356134  0.157662
-0.349077 -0.847511 -0.399838    1.4738
        0         0         0         1

 0.217922 -0.488315   0.84502  0.631973
-0.912755  0.204561  0.353601  0.159639
-0.345526 -0.848353 -0.401134   1.47926
        0         0         0         1

 0.217673 -0.487947  0.845297  0.630548
-0.913612  0.202859  0.352365  0.160427
-0.343412 -0.848973 -0.401637   1.48227
        0         0         0         1

  0.21736 -0.486345    0.8463   0.62777
-0.915683  0.198682  0.349357  0.162291
-0.338053 -0.850878 -0.402152   1.48823
        0         0         0         1

 0.216649 -0.485902  0.846737  0.626527
-0.916844  0.196669  0.347445  0.163441
-0.335351 -0.851599 -0.402888    1.4917
        0         0         0         1

 0.216253 -0.485304  0.847181  0.621246
-0.920189  0.188707  0.342989  0.166773
-0.326323 -0.853739 -0.405763   1.50449
        0         0         0         1

 0.216784 -0.485943  0.846678  0.619622
-0.920798  0.186285  0.342678  0.167592
-0.324245 -0.853907 -0.407072   1.50834
        0         0         0         1

 0.216351 -0.488001  0.845605  0.616757
-0.922552  0.181265  0.340647   0.16993
-0.319515 -0.853814  -0.41099   1.51641
        0         0         0         1

 0.216111 -0.489573  0.844757  0.615394
-0.923431  0.178534  0.339706  0.171275
-0.317129 -0.853489 -0.413504   1.52048
        0         0         0         1

 0.217428 -0.494438  0.841579  0.609517
-0.925636  0.169134  0.338514  0.175612
-0.309714 -0.852599 -0.420895   1.53591
        0         0         0         1

 0.218231 -0.495247  0.840895  0.607673
 -0.92631  0.166052  0.338195  0.176953
-0.307123 -0.852735 -0.422515   1.54028
        0         0         0         1

 0.219718  -0.49637  0.839845  0.603781
-0.927589  0.160346  0.337442  0.179653
-0.302162 -0.853174 -0.425197   1.54969
        0         0         0         1

 0.221074 -0.496626  0.839338  0.601584
-0.928081  0.157302  0.337522  0.180807
-0.299651 -0.853592 -0.426134   1.55436
        0         0         0         1

 0.222526 -0.498263  0.837983  0.597476
-0.929445  0.151046  0.336625  0.183706
-0.294302 -0.853767 -0.429497   1.56445
        0         0         0         1

 0.222686 -0.498954  0.837529  0.595476
 -0.93027  0.148178  0.335621  0.185317
-0.291563 -0.853866 -0.431165   1.56946
        0         0         0         1

  0.22228 -0.502106  0.835752  0.588251
-0.933666  0.137274  0.330793  0.191189
 -0.28082 -0.853842 -0.438286   1.58857
        0         0         0         1

 0.222699 -0.502279  0.835536   0.58588
-0.934739  0.133411   0.32934  0.192912
 -0.27689 -0.854352 -0.439789   1.59373
        0         0         0         1

 0.222315  -0.50315  0.835114  0.581404
-0.937182  0.125888  0.325333  0.196837
-0.268823 -0.854981 -0.443557   1.60476
        0         0         0         1

 0.222552 -0.504198  0.834419     0.579
-0.938086  0.122292  0.324097  0.198552
-0.265452 -0.854886 -0.445765   1.61074
        0         0         0         1

 0.221474  -0.50572  0.833784  0.571367
-0.942471  0.108538  0.316176  0.206643
-0.250394 -0.855843 -0.452588   1.63176
        0         0         0         1

  0.22147 -0.506194  0.833498   0.56913
-0.943713  0.104079  0.313964  0.209078
-0.245676 -0.856117 -0.454651    1.6377
        0         0         0         1

 0.222325 -0.507566  0.832435  0.564267
-0.945844 0.0948576  0.310452   0.21392
-0.236538 -0.856375 -0.458989   1.65043
        0         0         0         1

 0.222228 -0.508438  0.831929  0.561924
-0.947015 0.0903842  0.308209  0.216512
-0.231898 -0.856342 -0.461412   1.65696
        0         0         0         1

 0.222501 -0.509248   0.83136  0.557043
-0.949505 0.0802919  0.303303  0.221831
-0.221208 -0.856866 -0.465668   1.66982
        0         0         0         1

 0.222035 -0.510521  0.830704   0.55482
-0.950781 0.0754957  0.300527  0.224758
 -0.21614 -0.856545 -0.468631   1.67647
        0         0         0         1

 0.223576 -0.513314  0.828567   0.54677
-0.954306 0.0576459  0.293218  0.235147
-0.198276 -0.856263  -0.47697   1.69992
        0         0         0         1

 0.226257 -0.513652  0.827629  0.543886
-0.954685 0.0517198   0.29309  0.237692
-0.193351 -0.856439 -0.478673    1.7066
        0         0         0         1

 0.228754 -0.516234  0.825333  0.539741
-0.956096 0.0403869  0.290258  0.244598
-0.183174 -0.855495  -0.48433    1.7209
        0         0         0         1

 0.230596 -0.516791  0.824471  0.537497
-0.956587 0.0348025  0.289362   0.24799
-0.178233 -0.855404  -0.48633   1.72786
        0         0         0         1

 0.237069 -0.520407   0.82035  0.529451
-0.958073 0.0146319  0.286151   0.26045
-0.160918 -0.853793 -0.495119   1.75266
        0         0         0         1

  0.239306  -0.521355   0.819098   0.526867
  -0.95836 0.00855145   0.285436   0.263908
 -0.155818  -0.853297  -0.497599    1.75987
         0          0          0          1

   0.241164   -0.523967    0.816883    0.522767
  -0.959656 -0.00336588    0.281155    0.272297
  -0.144567   -0.851732    -0.50364      1.7748
          0           0           0           1

 0.242466 -0.524275    0.8163  0.520301
-0.960318 -0.010151  0.278723  0.276324
-0.137842 -0.851488 -0.505932   1.78137
        0         0         0         1

   0.24634  -0.524854   0.814767   0.515219
 -0.961032 -0.0234802   0.275437   0.284527
 -0.125433  -0.850868  -0.510186    1.79597
         0          0          0          1

  0.248049  -0.524949   0.814187   0.513009
 -0.961301 -0.0293742    0.27393   0.288963
 -0.119883  -0.850627   -0.51192    1.80301
         0          0          0          1

 0.252419 -0.525012  0.812802  0.506363
-0.962465 -0.049654  0.266824  0.306434
-0.0997269 -0.849645 -0.517839    1.8292
        0         0         0         1

   0.25492  -0.523862   0.812764   0.503716
 -0.962481 -0.0566379   0.265372    0.31102
 -0.092985  -0.849918  -0.518645    1.83615
         0          0          0          1

   0.26091  -0.522522   0.811725   0.499058
 -0.961833 -0.0688646   0.264829   0.320489
  -0.08248   -0.84984  -0.520546    1.85145
         0          0          0          1

  0.263977  -0.521467   0.811411    0.49672
 -0.961595 -0.0767127   0.263535   0.325909
-0.0751794  -0.849816  -0.521691    1.85798
         0          0          0          1

 0.272638 -0.518296  0.810579  0.489968
-0.960658 -0.100279  0.258997  0.345537
-0.0529528 -0.849302 -0.525246    1.8844
        0         0         0         1

 0.274317 -0.516671  0.811049  0.488103
 -0.96061 -0.108224  0.255959  0.352148
-0.0444721 -0.849317 -0.526007   1.89069
        0         0         0         1

 0.280549  -0.51534  0.809764  0.484466
-0.959393 -0.124837  0.252942  0.365173
-0.0292624 -0.847845 -0.529437   1.90514
        0         0         0         1

  0.28386 -0.513024   0.81008  0.482313
-0.958618 -0.132626  0.251918  0.371461
-0.0218022 -0.848067 -0.529441   1.91213
        0         0         0         1

 0.291312 -0.510997  0.808714  0.478363
-0.956612 -0.150683  0.249376  0.385398
-0.00557087 -0.846272 -0.532722   1.92588
        0         0         0         1

 0.296628 -0.508113  0.808599  0.475522
-0.954992 -0.159305  0.250226  0.391991
0.00167002 -0.846429 -0.532498   1.93219
        0         0         0         1

 0.309438 -0.504524  0.806042  0.471253
-0.950511 -0.188957  0.246626  0.419465
0.0278788 -0.842467 -0.538026   1.95648
        0         0         0         1

 0.313408  -0.50429  0.804653  0.469968
-0.948913 -0.198963  0.244904  0.427861
0.0365938 -0.840301 -0.540884   1.96325
        0         0         0         1

 0.325721 -0.501318  0.801615   0.46548
-0.944128 -0.217555  0.247573  0.442695
0.0502825 -0.837467  -0.54417   1.97783
        0         0         0         1

 0.328968 -0.498606   0.80198  0.464924
-0.942413 -0.227578  0.245083  0.452601
0.0603137 -0.836421 -0.544759   1.98323
        0         0         0         1

 0.350936 -0.489131  0.798496  0.457697
-0.932139 -0.263732  0.248118  0.484605
0.0892263 -0.831382 -0.548491   2.00379
        0         0         0         1

 0.357957 -0.485553  0.797562  0.455454
-0.928607 -0.274538  0.249634  0.493413
0.0977507  -0.82998 -0.549161   2.00922
        0         0         0         1

 0.369634 -0.480527  0.795277  0.453374
-0.922289 -0.293766  0.251167  0.512923
 0.112933 -0.826315  -0.55177   2.02159
        0         0         0         1

 0.376693 -0.478674  0.793079   0.45197
-0.918569 -0.303667  0.253015  0.522914
  0.11972 -0.823807 -0.554084   2.02828
        0         0         0         1

 0.386878 -0.472074  0.792131  0.449304
-0.911982 -0.322975  0.252935  0.544085
 0.136434 -0.820264 -0.555475   2.03897
        0         0         0         1

 0.393987 -0.468866  0.790531  0.447996
-0.907535 -0.334556  0.253874  0.555123
 0.145443 -0.817458 -0.557323   2.04416
        0         0         0         1

 0.414735 -0.456364  0.787227   0.44223
-0.892608 -0.372104  0.254539  0.594703
 0.176768 -0.808251 -0.561678   2.06224
        0         0         0         1

 0.419649 -0.451575  0.787385  0.440418
-0.888718  -0.38083  0.255244  0.605797
 0.184598 -0.806876 -0.561138   2.06735
        0         0         0         1

 0.429536 -0.441611  0.787705  0.436817
-0.878958 -0.404586  0.252474  0.632624
   0.2072 -0.800806 -0.561942   2.07236
        0         0         0         1

 0.434221 -0.438651  0.786789    0.4352
-0.874931 -0.413213  0.252491  0.645194
 0.214356 -0.798023 -0.563215   2.07693
        0         0         0         1

 0.449124 -0.427061  0.784797  0.429554
-0.860323  -0.44374  0.250877  0.691125
 0.241106 -0.787854 -0.566704   2.08915
        0         0         0         1

 0.455503 -0.421874  0.783926  0.426749
-0.854934 -0.452811   0.25308  0.704205
 0.248203 -0.785484 -0.566931   2.09114
        0         0         0         1

 0.463648 -0.418456  0.780977  0.425199
-0.846547 -0.469383  0.251075  0.732175
 0.261513 -0.777544 -0.571871   2.09783
        0         0         0         1

 0.467313 -0.416479  0.779849  0.424706
-0.842989  -0.47574   0.25108  0.745774
 0.266436 -0.774737 -0.573406   2.10063
        0         0         0         1

 0.479658 -0.408825  0.776396  0.419336
-0.832055 -0.492849  0.254527  0.772622
 0.278589  -0.76809 -0.576564   2.10596
        0         0         0         1

 0.482975 -0.405543  0.776061  0.417077
-0.827051 -0.502387  0.252178  0.787379
 0.287614 -0.763637 -0.578045   2.10757
        0         0         0         1

 0.498586 -0.387499  0.775407  0.406655
-0.809322 -0.528507  0.256279  0.836981
   0.3105 -0.755331 -0.577117   2.11129
        0         0         0         1

 0.499551 -0.384985  0.776038  0.406819
 -0.80592 -0.535082  0.253338  0.853885
 0.317712  -0.75198 -0.577568   2.11127
        0         0         0         1

 0.500943 -0.378307  0.778421   0.40411
-0.799784 -0.546069  0.249305  0.885955
 0.330758 -0.747457 -0.576114   2.11185
        0         0         0         1

 0.499455 -0.364856  0.785764  0.395914
-0.794243 -0.555085  0.247101  0.901545
  0.34601 -0.747503 -0.567024   2.10599
        0         0         0         1

  0.48438 -0.341605  0.805408  0.392757
 -0.79178 -0.562741  0.237504  0.961299
 0.372103 -0.752747 -0.543057   2.09914
        0         0         0         1

 0.474624 -0.333376  0.814612  0.392836
-0.796025 -0.557513  0.235635   0.97666
 0.375602  -0.76029 -0.529984   2.10055
        0         0         0         1

 0.448302 -0.318003  0.835404  0.389258
-0.807427 -0.545041  0.225815   1.00832
 0.383519 -0.775761 -0.501107   2.09926
        0         0         0         1

 0.441823 -0.302448  0.844581  0.386017
-0.804077 -0.550988  0.223322    1.0252
 0.397811 -0.777777 -0.486631   2.09475
        0         0         0         1

 0.426027 -0.249542  0.869615  0.369784
-0.793527 -0.564733  0.226697   1.05643
  0.43453 -0.786642  -0.43861   2.08225
        0         0         0         1

 0.421498 -0.241194  0.874165  0.367938
-0.789733 -0.571436   0.22312   1.07271
 0.445714 -0.784402 -0.431338   2.07654
        0         0         0         1

 0.411101 -0.249198  0.876867   0.36519
-0.780984 -0.592404  0.197792   1.13082
 0.470171 -0.766132 -0.438158   2.06798
        0         0         0         1

 0.403834 -0.256197  0.878226  0.368563
-0.779993 -0.598066  0.184195   1.15058
 0.478047 -0.759394 -0.441352   2.06332
        0         0         0         1

 0.388373 -0.260362  0.883956  0.362916
 -0.78009 -0.603525  0.164976    1.1817
 0.490536 -0.753637 -0.437499   2.05923
        0         0         0         1

