  -0.32762  -0.747144   0.578308   0.376854
 -0.936792   0.336449 -0.0960321    1.05108
 -0.122821  -0.573217  -0.810147    2.34145
         0          0          0          1

-0.329583 -0.740789  0.585326  0.379435
 -0.93477  0.343103 -0.092114   1.03587
 -0.13259 -0.577504 -0.805549   2.31731
        0         0         0         1

 -0.329266  -0.733491   0.594622   0.379035
 -0.933805     0.3463 -0.0899107    1.02481
 -0.139969  -0.584866  -0.798962    2.29607
         0          0          0          1

 -0.304497  -0.730917   0.610771   0.359506
 -0.933857   0.355369 -0.0402951   0.965506
 -0.187597  -0.582643  -0.790781    2.27456
         0          0          0          1

-0.294539 -0.724917  0.622689  0.351231
-0.933355  0.358113 -0.024583  0.948926
-0.205172  -0.58843 -0.782083   2.25816
        0         0         0         1

 -0.297998  -0.719579   0.627219   0.356121
 -0.929899   0.367243 -0.0204831   0.932905
 -0.215603  -0.589355  -0.778573    2.23668
         0          0          0          1

  -0.296392   -0.716852     0.63109    0.353284
  -0.925353    0.379086 -0.00399119    0.911432
  -0.236376   -0.585164   -0.775699     2.23071
          0           0           0           1

 -0.291298  -0.710395   0.640691   0.350983
 -0.922721    0.38539 0.00779249   0.892166
 -0.252452  -0.588909  -0.767759    2.20932
         0          0          0          1

 -0.295425  -0.706727   0.642854   0.353816
 -0.919489      0.393 0.00949518   0.878381
 -0.259352  -0.588292   -0.76593     2.1946
         0          0          0          1

 -0.27666 -0.691806  0.666981  0.339269
-0.913073   0.40563 0.0419894  0.831856
-0.299596 -0.597385 -0.743891   2.15907
        0         0         0         1

-0.271761 -0.686714  0.674218  0.334586
-0.907258  0.416485   0.05851  0.810364
-0.320981 -0.595789 -0.736211   2.15056
        0         0         0         1

-0.269639  -0.67915  0.682678  0.335783
 -0.90119  0.427793 0.0696374   0.79331
-0.339339 -0.596446 -0.727394   2.12823
        0         0         0         1

-0.271327 -0.674376   0.68673  0.339546
-0.895318  0.438709 0.0770762  0.781055
-0.353253 -0.593929 -0.722815   2.11368
        0         0         0         1

-0.258152 -0.665711  0.700133   0.33503
-0.883072  0.456526  0.108476  0.743503
-0.391843 -0.590264 -0.705725   2.07697
        0         0         0         1

-0.259829 -0.658438  0.706363  0.338056
-0.878445  0.464945  0.110273  0.734609
-0.401028 -0.591849 -0.699208   2.05858
        0         0         0         1

 -0.26536 -0.655957  0.706614  0.344983
  -0.8672   0.48268   0.12241  0.717618
-0.421364 -0.580293  -0.69693   2.04492
        0         0         0         1

-0.266448 -0.645985  0.715338  0.346326
-0.862772   0.49071  0.121771  0.709454
-0.429686 -0.584728 -0.688087   2.02476
        0         0         0         1

-0.262158 -0.641739  0.720725  0.343419
-0.853632  0.502545  0.136968  0.689424
-0.450094 -0.579327 -0.679555   2.00647
        0         0         0         1

 -0.25948 -0.635779  0.726949  0.342211
-0.847973  0.510229  0.143559  0.677349
-0.462182 -0.579182 -0.671517   1.98666
        0         0         0         1

 -0.25951 -0.625752  0.735588  0.345511
-0.827577  0.536683  0.164584   0.64922
-0.497766 -0.566044 -0.657132     1.951
        0         0         0         1

-0.255325 -0.625668  0.737122  0.344338
 -0.81979  0.544287  0.178031  0.635765
-0.512594 -0.558829 -0.651887   1.93619
        0         0         0         1

-0.259592 -0.621417  0.739224  0.347422
-0.808307  0.558678  0.185791  0.623959
-0.528442  -0.54929 -0.647325   1.91641
        0         0         0         1

-0.261661 -0.617278  0.741958  0.351038
-0.799832  0.568936   0.19126  0.616134
-0.540187 -0.543396 -0.642587   1.89949
        0         0         0         1

-0.270736 -0.610268  0.744496  0.360162
-0.778194  0.593998  0.203914  0.598205
-0.566672 -0.524155 -0.635724   1.86197
        0         0         0         1

-0.267261 -0.611973  0.744352  0.358354
-0.769002  0.600942  0.217956   0.58624
-0.580696 -0.514157 -0.631217   1.84937
        0         0         0         1

-0.270027 -0.610932  0.744209   0.36167
-0.755593  0.613524  0.229492  0.575376
-0.596795 -0.500351 -0.627284    1.8316
        0         0         0         1

-0.274969 -0.609805  0.743324  0.366235
-0.746794  0.622398  0.234348  0.569868
 -0.60555 -0.490671 -0.626539   1.81794
        0         0         0         1

-0.275033 -0.608764  0.744153  0.367524
-0.735882  0.631404  0.244552  0.560128
-0.618736 -0.480349 -0.621636   1.79901
        0         0         0         1

-0.282164 -0.608926  0.741345  0.372327
-0.724896  0.641498   0.25101  0.553824
-0.628418 -0.466572 -0.622416   1.78779
        0         0         0         1

-0.291541 -0.607129  0.739187  0.378052
-0.703695   0.65956  0.264184   0.53987
-0.647933 -0.443142 -0.619523   1.75763
        0         0         0         1

-0.293995 -0.607098   0.73824  0.380292
-0.695899  0.665418  0.270079  0.534275
-0.655203 -0.434339 -0.618109   1.74619
        0         0         0         1

-0.299097 -0.604366  0.738432  0.384927
-0.684688  0.674936   0.27507    0.5289
-0.664638 -0.423323 -0.615674   1.73189
        0         0         0         1

-0.301242 -0.603388  0.738361  0.387713
-0.676788  0.680768  0.280201  0.524694
-0.671722 -0.415305 -0.613442   1.72106
        0         0         0         1

-0.304114 -0.596592  0.742693  0.394567
-0.662308  0.692784  0.285304  0.517159
-0.684736 -0.405126 -0.605813   1.69135
        0         0         0         1

-0.303876   -0.5967  0.742704  0.396353
-0.654766  0.697086  0.292153  0.512011
-0.692055 -0.397519 -0.602526   1.68238
        0         0         0         1

-0.302348 -0.593989  0.745495   0.39935
-0.646932  0.702261  0.297167  0.507339
-0.700046 -0.392437 -0.596598   1.66945
        0         0         0         1

-0.297831 -0.594493   0.74691  0.399567
-0.641809  0.703892  0.304332  0.502393
-0.706667 -0.388734 -0.591191   1.65964
        0         0         0         1

-0.299132 -0.591557  0.748719  0.403061
-0.634596  0.709304  0.306879  0.498984
-0.712606 -0.383337 -0.587576   1.64875
        0         0         0         1

-0.298074 -0.588937  0.751203  0.405404
-0.629329  0.712962  0.309241  0.496047
-0.717702 -0.380577  -0.58315   1.64052
        0         0         0         1

-0.293669 -0.583897   0.75685  0.409049
-0.620361  0.718793  0.313828  0.488963
-0.727262 -0.377359 -0.573315   1.61963
        0         0         0         1

-0.293222 -0.581099  0.759174  0.412229
-0.616149  0.722032  0.314689  0.487202
-0.731014 -0.375491 -0.569759   1.61188
        0         0         0         1

-0.292382 -0.577449  0.762276  0.415632
-0.610065   0.72647  0.316326  0.484875
-0.736433  -0.37255 -0.564688    1.6029
        0         0         0         1

-0.286225 -0.577199  0.764798  0.415614
 -0.60833  0.726154  0.320367  0.482006
-0.740277 -0.373553 -0.558971   1.59417
        0         0         0         1

 -0.28537 -0.574851  0.766883  0.422397
 -0.60067  0.730783  0.324271  0.478198
-0.746833 -0.368107  -0.55384   1.57918
        0         0         0         1

-0.282696 -0.576755  0.766444  0.423048
-0.598165  0.730641  0.329185   0.47522
-0.749855   -0.3654 -0.551544   1.57343
        0         0         0         1

-0.282304 -0.575312  0.767672  0.426548
-0.595045  0.732693  0.330276  0.474439
 -0.75248 -0.363561 -0.549179   1.56519
        0         0         0         1

-0.278923 -0.578087  0.766823   0.42685
-0.592745  0.731888  0.336146  0.471226
 -0.75555 -0.360771 -0.546798   1.56038
        0         0         0         1

-0.277008 -0.579092  0.766759  0.429197
-0.589178  0.732735  0.340542  0.469403
-0.759036 -0.357424 -0.544162   1.55355
        0         0         0         1

-0.277156 -0.580824  0.765394  0.431238
 -0.58702  0.733002  0.343678  0.468676
-0.760652  -0.35405 -0.544111   1.54877
        0         0         0         1

-0.279367 -0.582214  0.763532  0.436253
-0.578357  0.736789  0.350208  0.467096
-0.766457 -0.343758 -0.542562    1.5388
        0         0         0         1

-0.278823 -0.581357  0.764383  0.436998
-0.577059  0.737651  0.350533  0.466545
-0.767633 -0.343358 -0.541151   1.53317
        0         0         0         1

-0.278634 -0.583699  0.762666  0.437299
-0.573371  0.738164   0.35547  0.464969
 -0.77046 -0.338245 -0.540354   1.52784
        0         0         0         1

-0.280073 -0.584314  0.761667  0.438688
-0.570248  0.739532  0.357646   0.46509
-0.772254 -0.334172 -0.540326    1.5244
        0         0         0         1

-0.277625 -0.579883  0.765937  0.438903
-0.565661   0.74309  0.357554  0.464088
  -0.7765 -0.333995 -0.534317   1.51501
        0         0         0         1

-0.276844 -0.576481  0.768783  0.439538
-0.563089  0.745622  0.356341  0.464238
-0.778645 -0.334242 -0.531031   1.51176
        0         0         0         1

-0.275982 -0.572944  0.771731  0.439874
-0.561709  0.747675   0.35421    0.4646
-0.779947 -0.335733 -0.528173   1.50642
        0         0         0         1

-0.276705 -0.570489   0.77329    0.4403
-0.558791  0.750194  0.353499  0.464335
-0.781784 -0.334292 -0.526367   1.50479
        0         0         0         1

-0.274946 -0.566241   0.77703  0.440073
-0.557561  0.752309  0.350937  0.464531
-0.783281 -0.336753 -0.522559   1.50058
        0         0         0         1

-0.275444 -0.563345  0.778957  0.441017
-0.555258  0.754697  0.349457  0.464627
-0.784741 -0.336266 -0.520678    1.4995
        0         0         0         1

 -0.27157 -0.561162  0.781887  0.440604
-0.554331  0.755328  0.349567  0.463204
-0.786744 -0.338493 -0.516194   1.49582
        0         0         0         1

-0.270506 -0.560966  0.782396  0.441264
-0.554681   0.75506  0.349591  0.463089
-0.786864 -0.339414 -0.515405   1.49441
        0         0         0         1

-0.270328 -0.561097  0.782364  0.442314
-0.554643  0.754983  0.349816  0.463232
-0.786952 -0.339368 -0.515302   1.49446
        0         0         0         1

-0.267913 -0.562134   0.78245  0.441857
 -0.55638    0.7533  0.350686  0.462588
-0.786552 -0.341386 -0.514579   1.49358
        0         0         0         1

-0.264527 -0.562457  0.783369  0.443233
-0.560882   0.75052  0.349473  0.462992
-0.784498 -0.346933 -0.514005   1.49269
        0         0         0         1

-0.263555 -0.563463  0.782974  0.443775
-0.562525   0.74915  0.349771  0.462934
-0.783648 -0.348259 -0.514405   1.49284
        0         0         0         1

 -0.26305 -0.564855   0.78214  0.444201
-0.564034  0.747755  0.350326  0.462998
-0.782733    -0.349 -0.515294   1.49366
        0         0         0         1

 -0.26166 -0.564862  0.782601   0.44407
-0.565755  0.746703  0.349794  0.463174
-0.781956 -0.351233 -0.514956   1.49335
        0         0         0         1

-0.259835 -0.563758  0.784005  0.444124
-0.568132  0.745754  0.347962  0.463623
-0.780841 -0.355005 -0.514061   1.49288
        0         0         0         1

 -0.25851 -0.564801  0.783692  0.443509
 -0.56919   0.74454  0.348831  0.463148
 -0.78051 -0.355893  -0.51395    1.4929
        0         0         0         1

-0.260038 -0.565362  0.782781  0.443163
-0.567729  0.745263  0.349667  0.463238
-0.781066 -0.353481 -0.514769   1.49473
        0         0         0         1

-0.260657 -0.564722  0.783037  0.443081
-0.567562  0.745749  0.348901  0.463758
-0.780981 -0.353479 -0.514899   1.49485
        0         0         0         1

-0.259669  -0.56457  0.783475  0.442035
 -0.56718  0.745791  0.349433  0.463476
-0.781587 -0.353635 -0.513872   1.49502
        0         0         0         1

-0.260103 -0.563968  0.783764  0.441591
-0.566817   0.74631  0.348911  0.463533
-0.781706 -0.353498 -0.513784    1.4956
        0         0         0         1

-0.259652 -0.559031  0.787442  0.441055
-0.566709  0.748448  0.344481  0.464952
-0.781935 -0.356805 -0.511144   1.49621
        0         0         0         1

-0.260824  -0.55461  0.790177    0.4412
-0.565515  0.751146  0.340548  0.466061
-0.782409 -0.358033 -0.509557   1.49722
        0         0         0         1

-0.260816 -0.550111  0.793318   0.44049
-0.565014  0.753298  0.336603  0.466938
-0.782773 -0.360444 -0.507292   1.49857
        0         0         0         1

-0.260416 -0.545729   0.79647  0.440319
-0.565734   0.75473  0.332156   0.46829
-0.782387 -0.364092 -0.505281   1.49888
        0         0         0         1

-0.260327 -0.543702  0.797884  0.439638
-0.565491  0.755669  0.330431  0.469441
-0.782592 -0.365176 -0.504179   1.50033
        0         0         0         1

-0.258263 -0.542486   0.79938  0.438715
-0.565493  0.755771  0.330193  0.470226
-0.783274 -0.366768  -0.50196   1.50145
        0         0         0         1

-0.257251 -0.535421  0.804454  0.439948
-0.569745  0.756427  0.321261  0.475391
-0.780521 -0.375688 -0.499645   1.50179
        0         0         0         1

-0.256658 -0.536399  0.803991  0.439215
-0.571924   0.75487  0.321052  0.476354
-0.779121 -0.377421 -0.500523   1.50298
        0         0         0         1

 -0.25871  -0.53615    0.8035  0.439704
-0.573598  0.754553  0.318803  0.478804
 -0.77721 -0.378408 -0.502745   1.50612
        0         0         0         1

-0.257013  -0.53741  0.803203  0.438966
-0.575659  0.752717  0.319428  0.479802
-0.776248 -0.380273 -0.502823   1.50883
        0         0         0         1

-0.259925 -0.536092  0.803146   0.44078
-0.580656  0.751333  0.313587  0.486195
-0.771542 -0.384843 -0.506576   1.51758
        0         0         0         1

-0.260114 -0.535919  0.803201  0.441068
-0.583231  0.750147  0.311643  0.488361
-0.769534 -0.387389 -0.507688   1.52123
        0         0         0         1

-0.258597 -0.536231  0.803482  0.440387
 -0.58802  0.747297  0.309482  0.490738
-0.766394 -0.392432 -0.508563   1.52606
        0         0         0         1

-0.255085 -0.536655  0.804322  0.438412
-0.593573  0.743564  0.307869  0.492076
-0.763285 -0.398891 -0.508215   1.52912
        0         0         0         1

-0.253323 -0.536845  0.804751  0.438016
-0.598528  0.740525  0.305592  0.495324
-0.759994 -0.404253 -0.508909   1.53602
        0         0         0         1

-0.250243 -0.535472  0.806628  0.436847
-0.602888  0.738079   0.30293  0.497438
-0.757565   -0.4105 -0.507528   1.54135
        0         0         0         1

-0.242826 -0.529585  0.812758  0.435944
-0.616042  0.731389  0.292512  0.505384
-0.749352 -0.429663 -0.503847   1.55385
        0         0         0         1

-0.240366 -0.526031  0.815791  0.436064
-0.623965  0.727523  0.285268  0.509818
-0.743567 -0.440457 -0.503097   1.55834
        0         0         0         1

-0.236174 -0.525148  0.817583  0.435114
-0.632566  0.721779  0.280883  0.514164
-0.737619 -0.450837 -0.502656   1.56596
        0         0         0         1

 -0.23239 -0.524773  0.818906  0.434547
-0.639128  0.717049  0.278128  0.517542
 -0.73315 -0.458752 -0.502033   1.57252
        0         0         0         1

-0.228528 -0.525949  0.819239  0.433149
-0.647704  0.710382  0.275385  0.521417
-0.726811 -0.467691 -0.503002   1.58197
        0         0         0         1

-0.223567 -0.528464  0.818989  0.432049
 -0.65595  0.703078   0.27461  0.524594
-0.720935 -0.475822 -0.503831    1.5886
        0         0         0         1

-0.214041 -0.537857  0.815411  0.429354
 -0.67303  0.686204  0.275963  0.532944
-0.707967 -0.489729  -0.50887   1.61078
        0         0         0         1

-0.212739 -0.541027  0.813653  0.429177
-0.680249  0.679781  0.274152  0.537271
-0.701429 -0.495164 -0.512649   1.62001
        0         0         0         1

-0.211119  -0.54548  0.811098  0.429275
-0.690245  0.670739  0.271423  0.543741
-0.692091 -0.502554 -0.518121   1.63267
        0         0         0         1

-0.208742 -0.549601  0.808928  0.428146
-0.697016  0.663815  0.271145  0.548295
   -0.686 -0.507236 -0.521647   1.64311
        0         0         0         1

-0.196739   -0.5555  0.807907  0.422385
-0.717673  0.643013  0.267357  0.558806
-0.668011 -0.527214 -0.525173   1.66665
        0         0         0         1

-0.196482 -0.554959  0.808341  0.423404
-0.724893  0.637352  0.261369  0.566046
-0.660247 -0.534606 -0.527513    1.6776
        0         0         0         1

-0.193895 -0.557861  0.806967  0.422956
-0.736322  0.626312  0.256053  0.574337
-0.648255  -0.54454 -0.532204   1.69099
        0         0         0         1

-0.189407  -0.55723  0.808468  0.421244
-0.745317  0.617625  0.251081  0.580672
 -0.63924 -0.555008 -0.532295   1.70027
        0         0         0         1

-0.185456 -0.556675  0.809765  0.420562
-0.754581  0.608543  0.245526  0.589371
-0.629455 -0.565499 -0.532914   1.71584
        0         0         0         1

-0.179914 -0.556111  0.811401   0.41812
-0.763065  0.599448  0.241648  0.595735
-0.620776 -0.575676 -0.532198   1.72674
        0         0         0         1

-0.170025 -0.555258  0.814113  0.414685
-0.784206  0.576525  0.229435  0.614863
-0.596752 -0.599422  -0.53346   1.75462
        0         0         0         1

-0.170202 -0.556702  0.813089  0.415243
-0.791652  0.568592  0.223587  0.623954
-0.586787 -0.605628  -0.53749   1.76828
        0         0         0         1

-0.168366 -0.556018  0.813939  0.414176
-0.801394  0.558002  0.215412  0.635094
-0.573952 -0.616017 -0.539538   1.78509
        0         0         0         1

-0.158227 -0.558913  0.813991  0.408302
-0.808714  0.546339  0.217934  0.640223
-0.566521 -0.623803 -0.538446   1.79788
        0         0         0         1

-0.158281 -0.558931  0.813968  0.410039
-0.828384   0.52378  0.198582  0.667877
-0.537333 -0.642846 -0.545914   1.82727
        0         0         0         1

-0.149714 -0.563597  0.812369  0.403371
-0.836254  0.510537   0.20008  0.674129
-0.527509 -0.649392 -0.547745   1.84103
        0         0         0         1

-0.150309 -0.564313  0.811762  0.403668
 -0.84526   0.49923  0.190538  0.688875
-0.512779 -0.657511  -0.55203   1.85828
        0         0         0         1

-0.146154 -0.569013  0.809236  0.401047
-0.852296  0.487718  0.189007   0.69827
-0.502226 -0.662085 -0.556249   1.87203
        0         0         0         1

-0.150622 -0.571627   0.80657  0.404336
-0.860533  0.477414   0.17765  0.715129
-0.486617 -0.667322 -0.563813   1.88982
        0         0         0         1

-0.146199 -0.573814  0.805831  0.401656
-0.867207  0.466294  0.174704  0.726062
-0.476002 -0.673281 -0.565788   1.90355
        0         0         0         1

-0.149618 -0.578298  0.801988  0.401335
-0.885819  0.438738  0.151108  0.760675
-0.439248 -0.687808 -0.577911   1.93123
        0         0         0         1

-0.149823 -0.580297  0.800505  0.400934
-0.890909  0.430341  0.145217  0.774037
-0.428759 -0.691421 -0.581466   1.94493
        0         0         0         1

-0.148726 -0.582434  0.799157  0.397913
-0.898699  0.416781  0.136503  0.789987
-0.412577   -0.6979 -0.585419    1.9628
        0         0         0         1

-0.149429 -0.585279  0.796944  0.396367
-0.904927  0.405762  0.128317  0.803107
-0.398471 -0.702002 -0.590267   1.97484
        0         0         0         1

-0.150384  -0.59407  0.790231  0.392709
-0.915492  0.385398  0.115508  0.831591
-0.373174  -0.70608 -0.601824   2.01496
        0         0         0         1

-0.151193 -0.600345  0.785319   0.39264
 -0.91858  0.378815   0.11274  0.845106
-0.365173 -0.704333  -0.60874   2.03174
        0         0         0         1

  -0.1545 -0.600382  0.784647  0.390472
-0.926431  0.363993 0.0960955  0.866716
  -0.3433 -0.712075  -0.61245   2.04408
        0         0         0         1

 -0.16109 -0.603034  0.781281  0.393262
-0.928293  0.361397  0.087543   0.88108
-0.335144 -0.711156  -0.61801   2.06046
        0         0         0         1

-0.175714 -0.610165  0.772543  0.399557
-0.941968   0.33223 0.0481509  0.928994
-0.286042 -0.719251 -0.633134   2.08157
        0         0         0         1

-0.177922 -0.612305  0.770342  0.397784
-0.943352  0.328921 0.0435607  0.942339
-0.280054 -0.718953 -0.636142   2.09806
        0         0         0         1

-0.181446 -0.617658  0.765229  0.395538
-0.947364   0.31851 0.0324538  0.959793
-0.263778 -0.719061  -0.64294   2.11757
        0         0         0         1

-0.189693 -0.618457  0.762579  0.398032
-0.948913  0.314941 0.0193757  0.977714
-0.252151 -0.719946 -0.646604   2.13203
        0         0         0         1

   -0.199721    -0.619935      0.75881     0.399167
   -0.952131      0.30569 -0.000859999       1.0014
   -0.231428    -0.722658    -0.651312      2.14496
           0            0            0            1

 -0.207586  -0.624238    0.75315   0.403395
 -0.954527   0.297674 -0.0163683    1.02077
 -0.213975    -0.7223  -0.657645    2.15374
         0          0          0          1

 -0.219309  -0.635479   0.740317    0.40547
 -0.955492   0.293358 -0.0312369    1.05402
 -0.197328  -0.714218  -0.671532    2.19753
         0          0          0          1

  -0.22685  -0.639772   0.734323   0.409191
 -0.955691   0.291458 -0.0413062    1.07143
 -0.187598  -0.711156  -0.677542    2.21122
         0          0          0          1

 -0.232409  -0.641597   0.730986   0.402544
 -0.958569   0.278377 -0.0604313    1.09511
 -0.164717  -0.714745  -0.679712    2.21881
         0          0          0          1

 -0.244791  -0.641571   0.726955    0.40927
 -0.958872   0.271291 -0.0834589    1.11712
 -0.143671  -0.717487  -0.681594    2.22562
         0          0          0          1

 -0.253989  -0.649891   0.716331   0.407281
 -0.958574   0.267869 -0.0968579     1.1491
 -0.128936  -0.711258  -0.691005    2.26512
         0          0          0          1

-0.256593 -0.646259  0.718686  0.398452
-0.959111  0.262146 -0.106705   1.16537
-0.119442 -0.716679 -0.687099   2.27087
        0         0         0         1

-0.269703 -0.656915  0.704076  0.405337
-0.956843     0.265 -0.119279   1.18659
-0.108224  -0.70586 -0.700035   2.29469
        0         0         0         1

-0.275996 -0.658102   0.70052  0.407476
-0.956391  0.260539 -0.132044   1.20445
-0.0956141 -0.706415  -0.70131   2.30007
        0         0         0         1

