 0.124077 0.0660101  0.990075  0.301728
 0.784733  -0.61719 -0.057194   1.07306
 0.607289   0.78404 -0.128379   1.75795
        0         0         0         1

   0.12007  0.0645119   0.990667   0.292744
  0.777988  -0.625995 -0.0535285    1.06127
  0.616699   0.777154  -0.125353     1.7529
         0          0          0          1

  0.127202  0.0561919   0.990284   0.289301
  0.768179  -0.637176 -0.0625171     1.0508
  0.627472   0.768667  -0.124215    1.74202
         0          0          0          1

  0.127202  0.0561919   0.990284   0.289301
  0.768179  -0.637176 -0.0625171     1.0508
  0.627472   0.768667  -0.124215    1.74202
         0          0          0          1

  0.131879  0.0519123   0.989906   0.289036
  0.762417  -0.643522 -0.0678248    1.04712
  0.633505   0.763665  -0.124446    1.73773
         0          0          0          1

  0.135305  0.0513904    0.98947   0.274814
  0.743508   -0.66535 -0.0671144    1.02645
  0.654895    0.74476  -0.128234     1.7348
         0          0          0          1

  0.141831  0.0469794   0.988775   0.268026
  0.728243  -0.681518 -0.0720794    1.01356
  0.670482   0.730292  -0.130873    1.72406
         0          0          0          1

  0.141831  0.0469794   0.988775   0.268026
  0.728243  -0.681518 -0.0720794    1.01356
  0.670482   0.730292  -0.130873    1.72406
         0          0          0          1

  0.144673  0.0389634   0.988712   0.261389
  0.722076  -0.687337 -0.0785712    1.00443
  0.676517   0.725293  -0.127574    1.71435
         0          0          0          1

   0.15087  0.0307389   0.988076   0.255398
  0.708098  -0.700818 -0.0863176   0.989299
  0.689808   0.712677  -0.127499    1.70818
         0          0          0          1

 0.159388 0.0151134    0.9871  0.259876
 0.700977 -0.705797 -0.102381   0.98824
 0.695145  0.708253  -0.12309    1.7033
        0         0         0         1

  0.15704   0.01217  0.987517  0.255445
 0.691864 -0.714898 -0.101214  0.978886
 0.704743  0.699122 -0.120688   1.70429
        0         0         0         1

  0.155339 0.00592228   0.987844   0.249893
  0.688767  -0.717483  -0.104007   0.970057
  0.708145    0.69655  -0.115532    1.69854
         0          0          0          1

   0.152588 -0.00445085     0.98828    0.246678
   0.685477   -0.719877   -0.109078    0.963913
   0.711926    0.694087   -0.106794     1.69152
          0           0           0           1

  0.164766 -0.0256216      0.986   0.244404
  0.667654  -0.732925  -0.130614   0.946842
   0.72601   0.679827  -0.103655    1.68511
         0          0          0          1

  0.164766 -0.0256216      0.986   0.244404
  0.667654  -0.732925  -0.130614   0.946842
   0.72601   0.679827  -0.103655    1.68511
         0          0          0          1

  0.164181 -0.0270048   0.986061   0.236737
  0.666717   -0.73369  -0.131103   0.937607
  0.727003   0.678948  -0.102453    1.67942
         0          0          0          1

  0.167786 -0.0352691   0.985192   0.236745
   0.66487  -0.733817  -0.139503   0.934996
  0.727871   0.678431 -0.0996751    1.67199
         0          0          0          1

  0.173462 -0.0371099   0.984141   0.237229
  0.660228  -0.737099  -0.144164   0.929909
   0.73076   0.674765  -0.103357    1.67021
         0          0          0          1

  0.164733 -0.0401675    0.98552   0.227571
   0.65528   -0.74234  -0.139788    0.91338
  0.737205   0.668819 -0.0959666     1.6599
         0          0          0          1

  0.163852 -0.0420934   0.985587   0.224501
  0.654506   -0.74288  -0.140538   0.907494
  0.738088     0.6681 -0.0941716    1.65231
         0          0          0          1

  0.160885 -0.0401192   0.986157   0.219096
  0.651619  -0.746135  -0.136662   0.898652
  0.741289   0.664585 -0.0938998    1.65025
         0          0          0          1

  0.160597 -0.0414505   0.986149   0.216875
  0.649391  -0.747976  -0.137194   0.893489
  0.743303    0.66243  -0.093205    1.64424
         0          0          0          1

  0.157569 -0.0383707   0.986762   0.210295
  0.648688  -0.749392  -0.132725   0.885761
  0.744564   0.661014 -0.0931899    1.64019
         0          0          0          1

  0.150543 -0.0395745   0.987811   0.207112
  0.646167  -0.752281  -0.128614   0.876792
  0.748201   0.657653 -0.0876786    1.62922
         0          0          0          1

  0.142543 -0.0402804   0.988969   0.203389
  0.647934  -0.751536  -0.123998   0.871583
   0.74824   0.658462  -0.081027    1.61563
         0          0          0          1

  0.137668 -0.0377645   0.989758    0.20296
  0.646971  -0.753215  -0.118728   0.867349
  0.749984    0.65669 -0.0792609    1.61422
         0          0          0          1

  0.133673 -0.0332089   0.990469   0.201964
  0.644973  -0.755896  -0.112389    0.86079
  0.752424   0.653849  -0.079624    1.61252
         0          0          0          1

  0.128802 -0.0267153    0.99131   0.199782
  0.640963  -0.760524  -0.103776   0.854421
  0.756688   0.648759 -0.0808333    1.61164
         0          0          0          1

  0.116304 -0.0190359   0.993031   0.195847
  0.639656  -0.763427 -0.0895514   0.845208
  0.759812   0.645613 -0.0766136    1.59977
         0          0          0          1

  0.101563 -0.0113207   0.994765   0.186584
  0.638579  -0.765998 -0.0739143   0.835814
  0.762825   0.642743 -0.0705676    1.59416
         0          0          0          1

 0.0996621 -0.0136187   0.994928   0.190323
  0.640889  -0.763995 -0.0746556   0.836925
  0.761137   0.645078 -0.0674133    1.58704
         0          0          0          1

 0.0909092 -0.0134931   0.995768   0.188061
  0.640474  -0.764889  -0.068837   0.833584
  0.762581   0.644021 -0.0608935    1.58007
         0          0          0          1

 0.0782347 -0.0124287   0.996857   0.181771
  0.643085  -0.763442 -0.0599886   0.827509
  0.761788   0.645757  -0.051735    1.56879
         0          0          0          1

 0.0708339 -0.0118768   0.997417   0.181098
  0.643674  -0.763336 -0.0548014   0.824603
  0.762015   0.645893 -0.0464252    1.56096
         0          0          0          1

  0.0604795 -0.00437169     0.99816     0.17751
   0.639469   -0.767663  -0.0421083    0.815839
   0.766434    0.640839  -0.0436323     1.55579
          0           0           0           1

  0.0516093 -0.00394625     0.99866    0.175186
   0.638453   -0.768817  -0.0360324    0.812398
   0.767928    0.639457  -0.0371586      1.5491
          0           0           0           1

  0.0471202 -0.00650834    0.998868     0.17565
   0.641611    -0.76622  -0.0352595    0.811315
   0.765582    0.642546  -0.0319286     1.53947
          0           0           0           1

  0.046699 -0.0061097    0.99889   0.177411
  0.637471  -0.769701 -0.0345102   0.809485
  0.769058   0.638375 -0.0320495    1.53815
         0          0          0          1

  0.0400979 -0.00500551    0.999183    0.173859
   0.635658   -0.771412  -0.0293738    0.805691
   0.770929    0.636317  -0.0277502     1.53267
          0           0           0           1

  0.0355595 -0.00713415    0.999342    0.174522
   0.636322    -0.77091  -0.0281456    0.804509
   0.770603    0.636905  -0.0228735     1.52395
          0           0           0           1

  0.0148948  -0.0114324    0.999824    0.168891
   0.635252   -0.772088   -0.018292    0.797368
   0.772161    0.635413 -0.00423763     1.50873
          0           0           0           1

0.00557166 -0.0126359   0.999905   0.164812
  0.635115  -0.772303 -0.0132987   0.794415
  0.772398   0.635128 0.00372223    1.50049
         0          0          0          1

0.00312638 -0.0184144   0.999826   0.168956
  0.633876  -0.773264 -0.0162238   0.795871
  0.773428   0.633816 0.00925493    1.49519
         0          0          0          1

-0.00545776 -0.0140033   0.999887   0.163927
  0.628491  -0.777781 -0.0074622   0.789364
  0.777798    0.62838  0.0130459    1.49249
         0          0          0          1

  -0.021439  -0.0192898    0.999584    0.162027
   0.626041   -0.779789 -0.00162093    0.786302
   0.779496    0.625746    0.028794     1.47963
          0           0           0           1

  -0.0275278   -0.0232698      0.99935     0.162601
    0.625971    -0.779846 -0.000915806     0.785308
    0.779361     0.625539    0.0360337      1.47198
           0            0            0            1

 -0.0318884  -0.0300264     0.99904    0.164179
   0.628105   -0.778121 -0.00333811    0.787084
   0.777475    0.627396   0.0436728     1.46285
          0           0           0           1

  -0.037642  -0.0322481    0.998771     0.16329
    0.62738   -0.778712 -0.00149801    0.786029
   0.777803    0.626552    0.049544     1.45825
          0           0           0           1

-0.0521982 -0.0345494   0.998039   0.157486
  0.626778  -0.779176 0.00580798   0.780106
  0.777447   0.625852  0.0623264    1.45176
         0          0          0          1

-0.0600229 -0.0416443   0.997328   0.159508
   0.62851  -0.777783 0.00534913   0.780709
  0.775482   0.627152  0.0728587    1.44319
         0          0          0          1

-0.0769504 -0.0439784   0.996065   0.155611
  0.626954   -0.77893  0.0140435   0.777096
  0.775246   0.625568  0.0875114    1.43147
         0          0          0          1

-0.0837004 -0.0455405    0.99545    0.15633
  0.627509  -0.778421  0.0171511   0.776295
  0.774098   0.626089  0.0937311    1.42601
         0          0          0          1

-0.0940021 -0.0484883   0.994391   0.155572
  0.629077  -0.777044  0.0215781   0.776179
  0.771638   0.627576   0.103547    1.41827
         0          0          0          1

-0.105682 -0.046855  0.993295  0.154481
 0.626262  -0.77904 0.0298831  0.773155
 0.772416  0.625222  0.111674   1.41189
        0         0         0         1

 -0.120249 -0.0483432   0.991566   0.150252
  0.626495  -0.778498   0.038021   0.770476
  0.770094   0.625783     0.1239    1.40233
         0          0          0          1

 -0.127653 -0.0496128   0.990577   0.150907
  0.625604  -0.779031  0.0416024   0.770154
  0.769626    0.62502   0.130484    1.39772
         0          0          0          1

 -0.139677 -0.0548729   0.988675   0.149618
   0.62895  -0.776096  0.0457818   0.770481
  0.764795   0.628222   0.142915    1.38814
         0          0          0          1

   -0.1444 -0.0573301   0.987857     0.1511
  0.627438   -0.77727  0.0466072   0.771281
   0.76516   0.626549   0.148209    1.38552
         0          0          0          1

 -0.148781 -0.0577603   0.987182   0.150827
  0.627851  -0.776778  0.0491757   0.771469
  0.763981    0.62712   0.151835    1.38267
         0          0          0          1

 -0.161335 -0.0561652     0.9853   0.147767
  0.625838  -0.777783  0.0581398   0.768185
  0.763084   0.626018   0.160634    1.37636
         0          0          0          1

 -0.173956 -0.0594563   0.982957    0.14855
  0.627326  -0.776117  0.0640744   0.769593
  0.759079    0.62778   0.172309    1.36714
         0          0          0          1

 -0.188509 -0.0633864   0.980024   0.146231
  0.626789  -0.776005  0.0703727   0.768005
  0.756043   0.627534   0.186014    1.35792
         0          0          0          1

 -0.189657 -0.0623911   0.979866   0.145607
  0.625356  -0.777052  0.0715628   0.767336
  0.756942   0.626337    0.18639    1.35783
         0          0          0          1

 -0.189081 -0.0643781   0.979849   0.148096
  0.624184  -0.778196  0.0693195   0.769344
  0.758052   0.624713   0.187326    1.35677
         0          0          0          1

 -0.203065 -0.0767286   0.976154   0.148356
  0.630087  -0.773337  0.0702878   0.771046
  0.749503   0.629335   0.205383     1.3396
         0          0          0          1

 -0.204784 -0.0763943   0.975821   0.147893
  0.627807  -0.775118  0.0710688   0.770953
  0.750947   0.627181   0.206693    1.33923
         0          0          0          1

-0.210159 -0.075425  0.974754  0.145786
 0.628792 -0.773882 0.0756868  0.769075
 0.748635  0.628823  0.210064   1.33409
        0         0         0         1

 -0.212963 -0.0769562   0.974025   0.146321
  0.628766  -0.773839  0.0763347   0.770492
  0.747864    0.62869   0.213186    1.33053
         0          0          0          1

  -0.22027 -0.0846525   0.971759    0.14779
  0.631036  -0.772043   0.075783   0.772435
  0.743824   0.629908   0.223476    1.32191
         0          0          0          1

 -0.220524 -0.0775938    0.97229   0.145343
  0.628437  -0.773653  0.0807938   0.770093
  0.745946    0.62884   0.219372      1.324
         0          0          0          1

 -0.228157 -0.0842752    0.96997   0.146878
  0.630027  -0.772328  0.0810918   0.771565
  0.742301   0.629609   0.229307    1.31377
         0          0          0          1

 -0.232475 -0.0914551   0.968293   0.150695
   0.63121  -0.771612  0.0786671   0.776625
  0.739952   0.629484   0.237108    1.30509
         0          0          0          1

 -0.232475 -0.0914551   0.968293   0.150695
   0.63121  -0.771612  0.0786671   0.776625
  0.739952   0.629484   0.237108    1.30509
         0          0          0          1

 -0.23905 -0.101771  0.965659  0.152487
 0.636689 -0.767292 0.0767477  0.778853
 0.733132  0.633171  0.248217   1.29411
        0         0         0         1

-0.241958 -0.101825  0.964929  0.151725
 0.634765 -0.768753 0.0780456   0.77856
 0.733846  0.631387  0.250641   1.29407
        0         0         0         1

-0.246475 -0.108025   0.96311  0.150265
 0.637584 -0.766503 0.0771946  0.778615
 0.729888   0.63309    0.2578   1.29075
        0         0         0         1

-0.247514 -0.111674  0.962427   0.15108
 0.639813 -0.764783 0.0758049  0.779466
 0.727582  0.634537  0.260745   1.28909
        0         0         0         1

-0.250565 -0.115031  0.961241  0.150885
 0.640316 -0.764398 0.0754346  0.778868
 0.726094    0.6344  0.265187   1.28899
        0         0         0         1

-0.251888 -0.122203   0.96001  0.153162
 0.643122   -0.7624 0.0716948  0.781232
  0.72315  0.635463  0.270631   1.28784
        0         0         0         1

 -0.25451  -0.13099  0.958158  0.155261
 0.651028 -0.755857 0.0695954  0.783833
 0.715114    0.6415  0.277651   1.28343
        0         0         0         1

-0.260289 -0.144667  0.954631  0.157981
 0.657224 -0.750851 0.0654128  0.786722
 0.707323  0.644433  0.290517   1.27812
        0         0         0         1

-0.272304 -0.143826  0.951402  0.153032
 0.658801 -0.748529 0.0754004  0.783518
 0.701307  0.647316   0.29858   1.27331
        0         0         0         1

-0.274195 -0.142352   0.95108  0.151697
 0.657578 -0.749399 0.0774133  0.782798
 0.701718  0.646636  0.299088    1.2728
        0         0         0         1

-0.273265  -0.13375  0.952595  0.154359
 0.656564 -0.749681 0.0830846  0.785029
 0.703029  0.648143  0.292677   1.27257
        0         0         0         1

-0.273265  -0.13375  0.952595  0.154359
 0.656564 -0.749681 0.0830846  0.785029
 0.703029  0.648143  0.292677   1.27257
        0         0         0         1

-0.272391 -0.125007  0.954032  0.153827
 0.656305 -0.749203 0.0892169  0.784508
  0.70361  0.650437  0.286119   1.27298
        0         0         0         1

-0.268273 -0.117256   0.95618  0.155062
 0.653333 -0.751564 0.0911399  0.786248
 0.707944  0.649155  0.278232   1.27481
        0         0         0         1

-0.265688 -0.107574  0.958038  0.155448
 0.651256  -0.75275 0.0960867  0.786822
 0.710827  0.649457  0.270055   1.27553
        0         0         0         1

 -0.261511 -0.0948997   0.960524   0.154994
   0.64783  -0.754954   0.101788   0.786758
  0.715491   0.648875   0.258907    1.27681
         0          0          0          1

 -0.264586 -0.0636844   0.962257   0.150512
  0.643701  -0.754657    0.12705   0.784171
  0.718083   0.653022   0.240665    1.27141
         0          0          0          1

 -0.264586 -0.0636844   0.962257   0.150512
  0.643701  -0.754657    0.12705   0.784171
  0.718083   0.653022   0.240665    1.27141
         0          0          0          1

 -0.257293 -0.0576146   0.964614   0.152413
  0.637092  -0.760666   0.124499   0.786436
  0.726577   0.646581    0.23242     1.2744
         0          0          0          1

-0.257328  -0.05812  0.964575  0.152823
 0.637289 -0.760553  0.124188  0.786836
 0.726392   0.64667  0.232751   1.27432
        0         0         0         1

 -0.259122 -0.0595383   0.964008   0.153949
  0.637435  -0.760399   0.124377   0.788248
  0.725625   0.646721   0.234988     1.2736
         0          0          0          1

 -0.259355 -0.0501414    0.96448   0.152644
  0.632143  -0.763821   0.130278   0.787203
  0.730158   0.643477   0.229797    1.27592
         0          0          0          1

 -0.257616 -0.0442224   0.965235   0.152083
  0.630333  -0.764814   0.133192   0.787432
  0.732335   0.642732   0.224903     1.2764
         0          0          0          1

 -0.257246 -0.0442885   0.965331   0.152299
  0.630707   -0.76454   0.132997   0.787774
  0.732143   0.643053   0.224608    1.27616
         0          0          0          1

 -0.259662 -0.0407716   0.964838   0.151654
  0.629541  -0.764774   0.137108   0.787293
  0.732293   0.643007    0.22425    1.27557
         0          0          0          1

 -0.260684 -0.0326912    0.96487   0.150551
  0.624371  -0.767989   0.142669   0.786726
  0.736346   0.639628   0.220614    1.27633
         0          0          0          1

  -0.25575 -0.0368691    0.96604   0.151924
   0.62547  -0.768257   0.136267   0.788299
  0.737143   0.639079   0.219542    1.27642
         0          0          0          1

 -0.250161 -0.0243849   0.967897   0.150789
  0.620367  -0.771552   0.140901   0.788156
  0.743347   0.635699    0.20814    1.27843
         0          0          0          1

 -0.246721 -0.0225789   0.968823   0.151321
  0.619101  -0.772795    0.13965   0.789036
  0.745549   0.634254   0.204643    1.27939
         0          0          0          1

 -0.242294 -0.0145719   0.970093   0.150615
  0.613982    -0.7765   0.141686   0.789178
  0.751213   0.629949   0.197088     1.2825
         0          0          0          1

  -0.239744 -0.00389949    0.970828    0.148879
    0.61112   -0.777618    0.147791    0.787952
   0.754358    0.628724    0.188812     1.28506
          0           0           0           1

-0.228248 0.0104706  0.973547  0.146876
 0.608027 -0.779437  0.150935  0.787918
 0.760399  0.626393  0.171538    1.2858
        0         0         0         1

-0.224488 0.0164222  0.974338  0.145673
 0.606941 -0.779883  0.152984  0.787935
 0.762383  0.625709  0.165107   1.28488
        0         0         0         1

-0.209543 0.0279613    0.9774  0.146402
 0.601466 -0.784424  0.151388  0.788517
 0.770929  0.619594  0.147553   1.28704
        0         0         0         1

-0.196115 0.0422019  0.979672  0.146167
 0.595112 -0.788922  0.153117  0.788718
 0.779347  0.613043  0.129604   1.29096
        0         0         0         1

-0.186854 0.0542077  0.980891  0.145138
 0.592484 -0.790228  0.156535  0.788254
 0.783613  0.610411   0.11554   1.29299
        0         0         0         1

-0.172949 0.0611839  0.983029  0.147266
 0.588038 -0.794251  0.152891  0.790577
 0.790126  0.604501  0.101386   1.29635
        0         0         0         1

 -0.15567 0.0815628  0.984436  0.145288
  0.58062 -0.798699  0.157988  0.790443
 0.799154  0.596178 0.0769768   1.30189
        0         0         0         1

-0.141951 0.0891962  0.985847  0.145958
 0.577889 -0.801127  0.155693  0.791707
 0.803675  0.591811 0.0621755   1.30254
        0         0         0         1

-0.141426 0.0891603  0.985925  0.146113
 0.577859 -0.801215  0.155348  0.791874
 0.803789  0.591696 0.0617909   1.30255
        0         0         0         1

-0.135212 0.0972648  0.986031  0.145471
 0.576678 -0.801519  0.158142  0.791764
 0.805705  0.590005 0.0522842    1.3034
        0         0         0         1

-0.125102  0.103778  0.986701  0.144708
 0.572002 -0.805049  0.157195  0.792443
 0.810656   0.58406 0.0413517   1.30319
        0         0         0         1

-0.117786  0.105387  0.987431  0.144768
 0.570887 -0.806425  0.154167   0.79302
 0.812536   0.58187 0.0348218   1.30479
        0         0         0         1

-0.118555  0.109461  0.986896  0.143547
 0.570021 -0.806313  0.157908  0.791775
 0.813032  0.581272 0.0331971   1.30439
        0         0         0         1

 -0.11206  0.113845  0.987159  0.143926
 0.563299 -0.811105  0.157486  0.792499
 0.818619  0.573714 0.0267636   1.30769
        0         0         0         1

-0.105031  0.113467  0.987975  0.145566
 0.563458 -0.811827  0.153138  0.793858
 0.819441  0.572767 0.0213331   1.30881
        0         0         0         1

-0.101224   0.11964  0.987644  0.144421
 0.562355 -0.812047  0.156005  0.793117
 0.820677  0.571197  0.014919   1.31057
        0         0         0         1

-0.0913485   0.122606   0.988242   0.144209
  0.557202  -0.816204   0.152767   0.792767
  0.825337   0.564606 0.00624266    1.31706
         0          0          0          1

-0.0889959   0.119623   0.988823   0.144934
  0.556026  -0.817707   0.148966   0.793481
  0.826387   0.563068 0.00625886    1.31724
         0          0          0          1

-0.0877981   0.113318   0.989672   0.145711
  0.558031  -0.817389   0.143097   0.795261
  0.825162   0.564832 0.00853026    1.31533
         0          0          0          1

-0.0842367  0.114395  0.989857  0.145763
 0.560047 -0.816203  0.141986  0.795494
 0.824167  0.566327 0.0046875   1.31479
        0         0         0         1

 -0.0778464    0.117403    0.990028    0.145288
   0.554682   -0.820052    0.140862    0.794995
   0.828413    0.560116 -0.00128346     1.31702
          0           0           0           1

 -0.0740062    0.116814    0.990393    0.145828
   0.552915   -0.821691    0.138232    0.795183
   0.829945    0.557833 -0.00377812      1.3183
          0           0           0           1

 -0.0673273    0.119003    0.990609     0.14698
   0.547628   -0.825531    0.136392     0.79578
   0.834009    0.551668 -0.00958837     1.32269
          0           0           0           1

 -0.0642435    0.114091    0.991391    0.149332
   0.547569   -0.826506    0.130599     0.79784
   0.834291    0.551245 -0.00937488     1.32361
          0           0           0           1

 -0.0649326    0.111053    0.991691    0.149099
   0.547558   -0.826851    0.128446    0.798196
   0.834245    0.551348 -0.00711851     1.32349
          0           0           0           1

 -0.0678568    0.105659    0.992084    0.148735
   0.548238   -0.826843    0.125559    0.798909
   0.833565    0.552418 -0.00181937     1.32194
          0           0           0           1

-0.0716258  0.0940297    0.99299   0.148356
   0.54513  -0.830017   0.117918   0.801179
  0.835286   0.549754 0.00819222    1.32081
         0          0          0          1

-0.0716613 0.0922944   0.99315  0.147168
 0.544954 -0.830335  0.116485  0.801561
 0.835398  0.549568 0.0092067    1.3205
        0         0         0         1

-0.0700831 0.0875423  0.993692  0.147784
 0.544928 -0.831017  0.111644   0.80243
 0.835549  0.549315  0.010536   1.31962
        0         0         0         1

-0.0666679  0.0882953   0.993861   0.147308
  0.543597  -0.832056   0.110385   0.802598
  0.836694   0.547619 0.00747435    1.32029
         0          0          0          1

-0.0592715  0.0895601   0.994216   0.148163
  0.539777   -0.83493   0.107391   0.804422
  0.839719    0.54302 0.00114506    1.32493
         0          0          0          1

-0.0564413  0.0908507   0.994264   0.147209
  0.540087  -0.834787   0.106938   0.804307
  0.839714   0.543025 -0.0019508    1.32725
         0          0          0          1

-0.0567759  0.0904395   0.994282   0.146009
  0.542872  -0.833001   0.106769   0.804597
  0.837894    0.54583 -0.0018027    1.32609
         0          0          0          1

 -0.0523543   0.0901471    0.994551     0.14788
   0.543218   -0.833112     0.10411    0.807211
   0.837958    0.545709 -0.00535261     1.32868
          0           0           0           1

 -0.0547932   0.0908152    0.994359    0.146019
   0.544683   -0.831917    0.105993    0.806647
    0.83685    0.547418 -0.00388207     1.32826
          0           0           0           1

 -0.0542847   0.0873077    0.994701    0.148613
   0.547661   -0.830365    0.102771    0.810409
   0.834938    0.550338 -0.00273887     1.32702
          0           0           0           1

 -0.0511766   0.0897366     0.99465    0.148231
   0.548097   -0.830038    0.103086    0.811431
   0.834848     0.55044 -0.00670587     1.32989
          0           0           0           1

-0.0493388  0.0938697   0.994361   0.146148
  0.547617  -0.830048    0.10553   0.810983
  0.835273   0.549736 -0.0104511    1.33304
         0          0          0          1

-0.0397748  0.099747  0.994218  0.146071
  0.54685 -0.830594  0.105209  0.812594
 0.836285  0.547873  -0.02151   1.34089
        0         0         0         1

-0.0234945   0.107899   0.993884   0.146967
  0.552489   -0.82715   0.102858   0.818305
  0.833189   0.551526 -0.0401793    1.35001
         0          0          0          1

-0.0234945   0.107899   0.993884   0.146967
  0.552489   -0.82715   0.102858   0.818305
  0.833189   0.551526 -0.0401793    1.35001
         0          0          0          1

-0.0053604   0.111482   0.993752   0.149672
  0.555114  -0.826252  0.0956861   0.823506
  0.831757   0.552158 -0.0574563    1.36088
         0          0          0          1

-0.00352553  0.111354  0.993774  0.148237
 0.560804 -0.822577  0.094161  0.824357
 0.827941  0.557644 -0.059548   1.36222
        0         0         0         1

 0.0052926   0.110961   0.993811   0.150735
  0.565182  -0.820198  0.0885671   0.828973
  0.824949   0.561215 -0.0670543    1.36775
         0          0          0          1

0.00818847   0.110289   0.993866   0.151301
  0.569502  -0.817476  0.0860232   0.829702
  0.821949   0.565305 -0.0695039    1.37054
         0          0          0          1

0.00767061   0.112341    0.99364   0.147836
  0.575147  -0.813355   0.087518   0.829201
  0.818014   0.570818 -0.0708515    1.37329
         0          0          0          1

 0.0216822   0.113642   0.993285   0.150425
   0.58563   -0.80667  0.0795076   0.835951
  0.810289   0.579974 -0.0840424    1.38639
         0          0          0          1

 0.0228939   0.112122   0.993431   0.148351
  0.595779  -0.799496   0.076504   0.837978
  0.802822   0.590114 -0.0851036    1.38669
         0          0          0          1

 0.0285949   0.107887   0.993752   0.152505
   0.60058  -0.796565  0.0691974   0.843141
  0.799053   0.594849 -0.0875722    1.39078
         0          0          0          1

 0.0362918    0.10753   0.993539   0.155571
  0.605085  -0.793602  0.0637882   0.848307
  0.795334    0.59886 -0.0938658    1.40001
         0          0          0          1

 0.0391465   0.111313   0.993014   0.153621
    0.6165  -0.784777  0.0636668   0.852462
  0.786381   0.609701 -0.0993457    1.41198
         0          0          0          1

0.0448446  0.110845  0.992825  0.155336
 0.621187 -0.781424 0.0591847  0.858372
 0.782378  0.614076 -0.103898   1.41946
        0         0         0         1

0.0410516  0.118319  0.992127  0.150986
  0.62935 -0.774289 0.0662997  0.857306
 0.776037  0.621673  -0.10625   1.42401
        0         0         0         1

0.0525147  0.125727  0.990674   0.15332
 0.640558 -0.765307 0.0631698  0.863573
 0.766112  0.631267 -0.120725   1.44003
        0         0         0         1

0.0533043  0.125907  0.990609  0.153616
 0.640936 -0.765025 0.0627462  0.864066
 0.765741  0.631573 -0.121477   1.44081
        0         0         0         1

0.0605156   0.12808  0.989916  0.156752
 0.645252  -0.76168 0.0591038  0.870414
 0.761569  0.635169 -0.128737    1.4515
        0         0         0         1

0.0747538  0.133476  0.988229  0.160302
 0.664259 -0.745796 0.0504842  0.882331
 0.743755  0.652666 -0.144414     1.462
        0         0         0         1

0.0742281  0.144096  0.986776   0.15663
 0.673834 -0.736689 0.0568887  0.885745
 0.735145  0.660701  -0.15178   1.47313
        0         0         0         1

0.0773242  0.146846  0.986132  0.157013
 0.677608 -0.733283 0.0560615  0.887598
 0.731347  0.663876 -0.156204    1.4779
        0         0         0         1

0.0895045  0.151828  0.984346  0.162133
 0.709266 -0.703565 0.0440278  0.906242
 0.699236  0.694222 -0.170659   1.49459
        0         0         0         1

0.0895045  0.151828  0.984346  0.162133
 0.709266 -0.703565 0.0440278  0.906242
 0.699236  0.694222 -0.170659   1.49459
        0         0         0         1

0.0962478  0.162922  0.981933  0.162612
  0.71466 -0.697974 0.0457572   0.91085
 0.692818  0.697344 -0.183612   1.51273
        0         0         0         1

 0.101525  0.169555  0.980277  0.164235
 0.721914 -0.690539 0.0446734  0.916385
 0.684494  0.703141 -0.192511   1.52134
        0         0         0         1

 0.101027  0.171088  0.980062  0.165039
 0.732735 -0.679152 0.0430265  0.923256
 0.672973  0.713779 -0.193975   1.52617
        0         0         0         1

 0.115909  0.173899  0.977918  0.175102
 0.740847 -0.670935 0.0314995  0.934599
 0.661597  0.720837   -0.2066   1.53611
        0         0         0         1

 0.116488  0.187737  0.975287  0.172415
 0.752016 -0.658113 0.0368619  0.940838
  0.64877  0.729138 -0.217844   1.55243
        0         0         0         1

 0.114246  0.197526  0.973618  0.173887
 0.770274 -0.636534 0.0387538  0.951575
 0.627396  0.745525  -0.22487   1.56389
        0         0         0         1

 0.115817  0.197986  0.973339  0.180516
 0.788209 -0.614615 0.0312295    0.9677
 0.604412  0.763577 -0.227237   1.56766
        0         0         0         1

 0.120301  0.196548  0.973086  0.185754
 0.795631 -0.605309 0.0239006  0.976391
 0.593716  0.771343 -0.229199   1.56988
        0         0         0         1

 0.111881  0.206102  0.972113  0.181043
 0.810695 -0.584666 0.0306542  0.981195
 0.574679  0.784658 -0.232499   1.58108
        0         0         0         1

 0.117462  0.214063  0.969732  0.188863
 0.825302 -0.564157 0.0245673  0.996955
  0.55234  0.797436 -0.242934   1.60042
        0         0         0         1

   0.1126  0.224528   0.96794  0.188913
 0.836964 -0.546468 0.0293979   1.00392
 0.535549  0.806821 -0.249454   1.61033
        0         0         0         1

   0.1112  0.230411  0.966719  0.189535
 0.845471 -0.533187 0.0298285   1.01029
 0.522315  0.814016 -0.254096   1.62159
        0         0         0         1

 0.116323  0.235694  0.964841  0.199751
 0.856481 -0.515679 0.0227125   1.02478
 0.502901  0.823726 -0.261852   1.63127
        0         0         0         1

 0.105533  0.234516  0.966367   0.19636
 0.870033 -0.492385 0.0244779   1.03201
 0.481565  0.838188    -0.256   1.63164
        0         0         0         1

  0.110193   0.231112   0.966667   0.220367
  0.894734  -0.446574 0.00477434    1.07624
  0.432791   0.864384  -0.255994    1.65941
         0          0          0          1

  0.110193   0.231112   0.966667   0.220367
  0.894734  -0.446574 0.00477434    1.07624
  0.432791   0.864384  -0.255994    1.65941
         0          0          0          1

   0.103611    0.226246    0.968544     0.23067
   0.913085   -0.407762 -0.00242718      1.1032
   0.394386    0.884614   -0.248831     1.66959
          0           0           0           1

   0.103611    0.226246    0.968544     0.23067
   0.913085   -0.407762 -0.00242718      1.1032
   0.394386    0.884614   -0.248831     1.66959
          0           0           0           1

0.0866835  0.235554  0.967988  0.226756
  0.92003 -0.391635 0.0129132   1.11096
 0.382139  0.889458 -0.250665   1.68458
        0         0         0         1

0.0662701  0.229047  0.971157  0.225689
 0.932485 -0.360575 0.0214103    1.1293
 0.355079   0.90417 -0.237478   1.69263
        0         0         0         1

0.0581067  0.232991  0.970741  0.233809
 0.937931 -0.345782 0.0268495   1.14392
 0.341921  0.908928 -0.238622   1.70852
        0         0         0         1

0.0548135  0.226995  0.972352  0.239582
 0.942274 -0.333921 0.0248358   1.15495
 0.330326  0.914861 -0.232195   1.70828
        0         0         0         1

0.0356143  0.219099  0.975053  0.245886
 0.949842  -0.31075 0.0351334    1.1784
 0.310695  0.924895 -0.219176   1.71278
        0         0         0         1

 0.027063   0.21262   0.97676  0.249488
  0.95286 -0.300883 0.0390949   1.18763
 0.302202  0.929657  -0.21074   1.71094
        0         0         0         1

0.0183151  0.212584  0.976971  0.260639
 0.956999 -0.286667 0.0444365   1.20577
 0.289512  0.934147 -0.208693   1.71424
        0         0         0         1

