-0.00571905  -0.106793   0.994265   0.254088
 -0.990439    0.13765 0.00908774    1.08461
 -0.137831  -0.984707  -0.106559    1.69903
         0          0          0          1

-0.000212186 -0.101678  0.994817  0.247245
-0.987389  0.157513 0.0158885   1.07582
-0.158312 -0.982268 -0.100429   1.69547
        0         0         0         1

0.00309686 -0.0878898   0.996125   0.236875
 -0.981268   0.191612  0.0199569    1.05636
 -0.192623  -0.977528   -0.08565    1.67339
         0          0          0          1

0.00391563 -0.0808484   0.996719   0.232832
 -0.978673   0.204405   0.020425    1.04936
 -0.205386  -0.975542 -0.0783238    1.66329
         0          0          0          1

-0.00374633 -0.0711407   0.997459   0.231187
  -0.97613   0.216868  0.0118012    1.04516
 -0.217157  -0.973605  -0.070255    1.64747
         0          0          0          1

-0.00569963 -0.0715046   0.997424      0.232
 -0.972156   0.234065  0.0112247    1.03826
 -0.234265  -0.969588 -0.0708478    1.64286
         0          0          0          1

-0.00231602 -0.0621695   0.998063   0.226687
 -0.967664   0.251885  0.0134445    1.02918
 -0.252233  -0.965758 -0.0607426    1.63028
         0          0          0          1

-0.00983844  -0.054827   0.998447   0.230547
 -0.965713    0.25957 0.00473771    1.02978
 -0.259427  -0.964167 -0.0555009    1.62079
         0          0          0          1

-0.00644395 -0.0403682   0.999164   0.223539
  -0.95433   0.298696 0.00591313     1.0148
 -0.298685  -0.953494 -0.0404494    1.60722
         0          0          0          1

-0.00477524 -0.0308208   0.999514   0.218653
 -0.953217   0.302251  0.0047661     1.0112
  -0.30225   -0.95273 -0.0308223    1.58988
         0          0          0          1

-0.000673078 -0.0267102   0.999643   0.213754
 -0.948463   0.316792 0.00782598     1.0032
 -0.316888  -0.948119 -0.0255469    1.57728
         0          0          0          1

0.00774853 -0.0231184   0.999703   0.208636
 -0.944351   0.328601  0.0149185   0.995502
 -0.328848  -0.944186 -0.0192857    1.56983
         0          0          0          1

 0.00912584 -0.00820762    0.999925    0.215471
   -0.93616    0.351389   0.0114282    0.990712
  -0.351456   -0.936194 -0.00447693     1.55061
          0           0           0           1

 0.0100992 0.00333144   0.999943   0.216305
 -0.934443   0.356017 0.00825156   0.989831
  -0.35597  -0.934473 0.00670854    1.54106
         0          0          0          1

0.0170806  0.011494  0.999788  0.213475
-0.931469  0.363632  0.011733  0.984864
 -0.36342 -0.931472 0.0169173   1.52839
        0         0         0         1

  0.011397  0.0145303   0.999829   0.216822
 -0.931002   0.364975 0.00530833   0.986022
 -0.364836  -0.930904  0.0176874    1.52125
         0          0          0          1

 0.0166022  0.0239123   0.999576   0.214709
 -0.930044   0.367388 0.00665847    0.98288
 -0.367073   -0.92976   0.028339    1.50518
         0          0          0          1

    0.010521    0.0278428     0.999557     0.219237
   -0.928951     0.370202 -0.000534191      0.98525
   -0.370053    -0.928534    0.0297595      1.49365
           0            0            0            1

0.00814459 0.00914535   0.999925   0.215592
 -0.915574   0.402132 0.00377961   0.978246
 -0.402067  -0.915536  0.0116484    1.48118
         0          0          0          1

0.00577918 0.00276471   0.999979   0.215632
 -0.908501   0.417863  0.0040952   0.975828
 -0.417843  -0.908506 0.00492665    1.47862
         0          0          0          1

 0.00422833 -0.00120871     0.99999    0.217482
  -0.902376    0.430927  0.00433646    0.974942
  -0.430928   -0.902386 0.000731394     1.46894
          0           0           0           1

 0.00645606 -0.00144189    0.999978    0.220122
  -0.896952    0.442081  0.00642835    0.974093
  -0.442081   -0.896974  0.00156079      1.4655
          0           0           0           1

  0.012609 0.00587276   0.999903   0.222467
 -0.890753   0.454408 0.00856372   0.970642
 -0.454314  -0.890774  0.0109608    1.45199
         0          0          0          1

0.00984339 0.00707062   0.999927   0.225286
 -0.888916   0.458037 0.00551174   0.972177
 -0.457964  -0.888905  0.0107938    1.45164
         0          0          0          1

 0.0161807  0.0112162   0.999806   0.220671
 -0.886232   0.463151 0.00914685   0.967314
 -0.462959  -0.886208  0.0174342    1.44497
         0          0          0          1

  0.014085  0.0190226    0.99972   0.223727
 -0.885937   0.463791 0.00365688   0.967468
 -0.463591   -0.88574  0.0233853    1.43732
         0          0          0          1

   0.0121678    0.0232418     0.999656     0.227283
    -0.88471     0.466142 -6.90586e-05     0.967344
   -0.465983    -0.884405    0.0262342      1.43024
           0            0            0            1

  0.0104353   0.0270114    0.999581    0.228964
  -0.882921    0.469509 -0.00347002    0.967087
  -0.469406   -0.882514   0.0287484     1.42594
          0           0           0           1

0.00845875  0.0403561    0.99915   0.229395
 -0.880588   0.473738 -0.0116795   0.962394
 -0.473807  -0.879741  0.0395443    1.41505
         0          0          0          1

0.00633395  0.0471778   0.998866   0.232186
 -0.880201   0.474302 -0.0168205   0.962262
 -0.474558  -0.879097  0.0445302    1.41253
         0          0          0          1

 0.0115035   0.048858   0.998739   0.227846
  -0.87955   0.475625 -0.0131367   0.956349
 -0.475667   -0.87829  0.0484444    1.41167
         0          0          0          1

0.00956773   0.057021   0.998327   0.230502
 -0.879423   0.475673 -0.0187406   0.957569
 -0.475946  -0.877772  0.0546966    1.40789
         0          0          0          1

0.00191602 0.0733521  0.997304   0.23869
-0.880859  0.472225  -0.03304  0.962004
-0.473375 -0.878421 0.0655176   1.40076
        0         0         0         1

0.00385436  0.0772407   0.997005   0.237697
 -0.880492   0.472895 -0.0332325   0.959941
 -0.474045  -0.877727  0.0698325    1.39891
         0          0          0          1

-0.000467195  0.0856006   0.996329    0.24331
  -0.87954   0.474044 -0.0411404   0.960315
 -0.475826   -0.87633  0.0750676    1.39922
         0          0          0          1

0.000882309  0.0897427   0.995965   0.243958
 -0.879508   0.474032 -0.0419342   0.959012
 -0.475883  -0.875922  0.0793477     1.3962
         0          0          0          1

0.00105788   0.093936   0.995578   0.245922
  -0.87905   0.474708 -0.0438562   0.958118
 -0.476728  -0.875116  0.0830766    1.39174
         0          0          0          1

0.00379729  0.098652  0.995115  0.246301
-0.880855  0.471394 -0.043371  0.956686
 -0.47337 -0.876388 0.0886882   1.38578
        0         0         0         1

0.00768336  0.0960268   0.995349   0.245263
 -0.877066    0.47875 -0.0394173   0.950669
 -0.480308  -0.872684  0.0879003    1.38693
         0          0          0          1

0.00324888   0.100094   0.994973   0.248676
 -0.876291    0.47964 -0.0453902   0.951269
 -0.481772  -0.871738  0.0892696    1.38652
         0          0          0          1

-0.00118523   0.104318   0.994543    0.25125
 -0.877017   0.477729 -0.0511545   0.951699
 -0.480458  -0.872292  0.0909227    1.38401
         0          0          0          1

-0.00311013    0.10677   0.994279     0.2507
 -0.878042   0.475549 -0.0538129   0.950352
 -0.478574  -0.873186  0.0922691    1.38237
         0          0          0          1

-0.0121929  0.121153  0.992559  0.255406
-0.882865  0.464739 -0.067572  0.952692
-0.469468  -0.87712  0.101295   1.37287
        0         0         0         1

-0.0213156   0.120507   0.992484   0.257403
 -0.882429   0.464374 -0.0753362   0.952886
 -0.469962  -0.877403  0.0964409    1.37401
         0          0          0          1

-0.0329577  0.126191  0.991458  0.257872
-0.881456  0.463929 -0.088349  0.950429
-0.471115 -0.876839 0.0959416   1.37567
        0         0         0         1

-0.0367235   0.13064   0.99075  0.257469
-0.883264  0.459494 -0.093328  0.949294
-0.467436 -0.878521  0.098515   1.37368
        0         0         0         1

-0.0471247  0.130378  0.990344  0.258706
 -0.88318  0.457744 -0.102287  0.949253
 -0.46666 -0.879472 0.0935761   1.37452
        0         0         0         1

-0.0488136  0.131859  0.990066  0.258422
-0.883176  0.457266 -0.104443  0.947904
-0.466495 -0.879501 0.0941337   1.37478
        0         0         0         1

-0.0648292  0.143099  0.987583  0.262518
-0.884855  0.449285 -0.123186   0.95016
-0.461334 -0.881853 0.0974948   1.37193
        0         0         0         1

-0.0637613  0.143802   0.98755  0.262058
 -0.88616   0.44695 -0.122298  0.949082
-0.458972 -0.882925 0.0989334    1.3704
        0         0         0         1

-0.0710424  0.152091   0.98581  0.262919
-0.888465  0.439597 -0.131849  0.949975
-0.453412 -0.885225  0.103898   1.36544
        0         0         0         1

-0.074383   0.14812  0.986168   0.26248
-0.885896  0.444245 -0.133545  0.949528
-0.457881 -0.883576  0.098175   1.36674
        0         0         0         1

-0.070273  0.145404  0.986874  0.258983
-0.884309  0.448705 -0.129081  0.946951
-0.461584 -0.881772   0.09705   1.36743
        0         0         0         1

-0.070671  0.146074  0.986746  0.257071
-0.884437  0.448273 -0.129704  0.945303
-0.461278 -0.881881 0.0975137   1.36698
        0         0         0         1

-0.0799823  0.140265  0.986878  0.254638
-0.882936   0.44953  -0.13545  0.943087
 -0.46263 -0.882184 0.0878904   1.36909
        0         0         0         1

-0.0828396  0.142535  0.986317  0.254063
-0.882212  0.449836 -0.139103   0.94243
-0.463508 -0.881664 0.0884818   1.36911
        0         0         0         1

-0.0913348  0.143046  0.985493  0.255071
-0.882504  0.446855 -0.146652  0.943694
 -0.46135 -0.883096 0.0854254   1.36839
        0         0         0         1

-0.096056  0.143825   0.98493  0.256534
-0.882425  0.445521 -0.151117   0.94492
-0.460542 -0.883643 0.0841196    1.3678
        0         0         0         1

 -0.10126  0.140129  0.984942  0.255373
-0.881932  0.445494  -0.15405  0.945631
-0.460373  -0.88425 0.0784735   1.36619
        0         0         0         1

-0.104163  0.135549   0.98528   0.25521
-0.880705  0.447691 -0.154699  0.946039
 -0.46207 -0.883855 0.0727458   1.36702
        0         0         0         1

-0.0992912   0.12912  0.986646  0.252006
-0.882526  0.446612  -0.14726  0.944489
-0.459662 -0.885362 0.0696069   1.36579
        0         0         0         1

-0.0966582  0.128082  0.987042  0.249294
-0.883543  0.445553 -0.144339  0.943338
-0.458267 -0.886046 0.0700994   1.36243
        0         0         0         1

-0.0968641  0.119915  0.988047  0.247169
-0.881767  0.450095 -0.141071  0.942564
-0.461632 -0.884893 0.0621387   1.36532
        0         0         0         1

-0.0984668  0.114147  0.988572  0.247598
 -0.87981  0.454217  -0.14008  0.942898
-0.465016 -0.883548 0.0557024   1.36842
        0         0         0         1

-0.103032  0.104989  0.989122  0.248883
-0.878727   0.45634 -0.139971   0.94508
-0.466071  -0.88359 0.0452392   1.37077
        0         0         0         1

-0.103158 0.0990494  0.989721  0.248144
-0.878542  0.457491 -0.137355  0.944493
-0.466393 -0.883681  0.039825   1.37142
        0         0         0         1

-0.0982877 0.0960289  0.990514  0.245646
  -0.8803  0.455816 -0.131542   0.94378
-0.464124 -0.884879 0.0397332   1.36993
        0         0         0         1

-0.100801 0.0931404  0.990537  0.245966
-0.880824   0.45456 -0.132378  0.944273
-0.462589 -0.885833 0.0362204   1.36947
        0         0         0         1

 -0.10504 0.0743732  0.991683  0.243567
-0.877659  0.461986  -0.12761  0.943882
-0.467634 -0.883763 0.0167471   1.37357
        0         0         0         1

-0.102627 0.0730953  0.992031  0.242446
-0.879112  0.459975 -0.124838  0.943635
-0.465435 -0.884918 0.0170531   1.37327
        0         0         0         1

 -0.106837  0.0631936   0.992266   0.242898
 -0.878776   0.460853  -0.123967   0.944511
 -0.465123  -0.885224 0.00629683    1.37568
         0          0          0          1

 -0.106349  0.0614243    0.99243   0.242472
 -0.879472   0.459861  -0.122706   0.945179
 -0.463917  -0.885864 0.00511545    1.37696
         0          0          0          1

  -0.104907   0.0556741    0.992922    0.241473
   -0.88016     0.45958   -0.118762    0.945383
  -0.462939    -0.88639 0.000788873     1.37994
          0           0           0           1

  -0.107242   0.0523544    0.992854    0.243387
  -0.880093     0.45957   -0.119296    0.946785
  -0.462531   -0.886597 -0.00320869      1.3832
          0           0           0           1

  -0.104863   0.0497705     0.99324    0.242969
  -0.884563    0.451758   -0.116026    0.947941
  -0.454479   -0.890751 -0.00334753     1.38668
          0           0           0           1

  -0.108025   0.0505627    0.992861    0.245393
  -0.886691    0.446728   -0.119224    0.950371
  -0.449567    -0.89324 -0.00342441     1.38736
          0           0           0           1

   -0.104604    0.0508773     0.993212     0.243193
   -0.891238     0.438367    -0.116319     0.949971
   -0.441309    -0.897355 -0.000511037      1.38664
           0            0            0            1

  -0.105127   0.0497345    0.993214    0.243704
    -0.8927    0.435388    -0.11629     0.95065
  -0.438218   -0.898868 -0.00137305     1.38989
          0           0           0           1

  -0.107792   0.0451153    0.993149    0.245584
  -0.894427    0.431723   -0.116689    0.951013
   -0.43403   -0.900877 -0.00618392     1.40692
          0           0           0           1

  -0.108135   0.0459964    0.993072    0.248416
  -0.896382    0.427452   -0.117405     0.95262
  -0.429891   -0.902867 -0.00499219     1.41161
          0           0           0           1

  -0.107083   0.0442861    0.993263    0.250734
  -0.900211    0.419783   -0.115767    0.954156
  -0.422082   -0.906543 -0.00508467     1.41879
          0           0           0           1

    -0.10824    0.0482968     0.992951     0.255228
   -0.903992     0.410793    -0.118523     0.956337
   -0.413622    -0.910448 -0.000804327      1.42024
           0            0            0            1

 -0.101054  0.0474506   0.993749   0.251474
 -0.910406    0.39838  -0.111601   0.954609
 -0.401185  -0.915992 0.00294159    1.42334
         0          0          0          1

-0.0994463  0.0440709   0.994066   0.252758
 -0.913852   0.391208  -0.108765   0.954885
  -0.39368  -0.919246 0.00137005    1.42824
         0          0          0          1

  -0.098319   0.0343795    0.994561    0.256149
   -0.92161    0.373916   -0.104033    0.956904
  -0.375459   -0.926825 -0.00507852     1.44194
          0           0           0           1

  -0.101526   0.0332254    0.994278    0.258148
  -0.926221    0.361578   -0.106659    0.959006
  -0.363053    -0.93175 -0.00593543     1.44293
          0           0           0           1

 -0.100842  0.0200653     0.9947   0.258824
 -0.928131   0.358201  -0.101319   0.959749
 -0.358336  -0.933429 -0.0174985    1.45598
         0          0          0          1

 -0.101197   0.012532   0.994787   0.261226
  -0.92934     0.3557   -0.09902   0.959882
 -0.355086  -0.934516 -0.0243492    1.46596
         0          0          0          1

  -0.109353 -0.00055483    0.994003    0.269899
  -0.934838    0.339911   -0.102654    0.965834
  -0.337815   -0.940458  -0.0376888     1.48377
          0           0           0           1

  -0.108649 -0.00631605     0.99406    0.272913
  -0.937952    0.331911   -0.100408    0.967189
  -0.329306   -0.943289  -0.0419861     1.49069
          0           0           0           1

  -0.109695 -0.00874725    0.993927    0.274932
  -0.942138    0.319596   -0.101167    0.969393
   -0.31677   -0.947514  -0.0432992     1.49902
          0           0           0           1

 -0.103542  -0.011891   0.994554   0.271448
  -0.94485   0.313538 -0.0946187   0.967537
 -0.310706  -0.949501 -0.0436996    1.50401
         0          0          0          1

 -0.105034 -0.0135597   0.994376   0.276386
 -0.948492   0.301884 -0.0960708    0.97216
 -0.298884  -0.953248 -0.0445694    1.51015
         0          0          0          1

 -0.098957 -0.0150884   0.994977   0.273708
 -0.951802   0.293146 -0.0902174   0.970812
 -0.290312  -0.955949   -0.04337    1.51392
         0          0          0          1

 -0.104823 -0.0238516   0.994205   0.281906
 -0.957535   0.272418 -0.0944212   0.977551
 -0.268587  -0.961883 -0.0513943    1.52906
         0          0          0          1

 -0.106668 -0.0323109    0.99377   0.285207
 -0.958038   0.270781 -0.0940287   0.978695
 -0.266056  -0.962099 -0.0598388    1.54334
         0          0          0          1

 -0.107833 -0.0336797   0.993598   0.287684
  -0.96017   0.262661 -0.0953021    0.98141
 -0.257769    -0.9643 -0.0606618    1.55112
         0          0          0          1

 -0.108678 -0.0341539    0.99349   0.291142
  -0.96336    0.25014 -0.0967828    0.98505
 -0.245206  -0.967607 -0.0600872    1.55315
         0          0          0          1

 -0.109074 -0.0424622   0.993126   0.294217
  -0.96914   0.226733 -0.0967455   0.989811
 -0.221066  -0.973031 -0.0658825    1.57362
         0          0          0          1

 -0.100737  -0.041892   0.994031   0.290249
  -0.97165   0.218934 -0.0892425   0.988869
 -0.213888   -0.97484 -0.0627592    1.57985
         0          0          0          1

 -0.117806 -0.0448863   0.992022   0.305461
 -0.973626   0.201769  -0.106492    1.00215
  -0.19538  -0.978404 -0.0674722     1.5874
         0          0          0          1

 -0.116718 -0.0435453    0.99221   0.305587
 -0.975595   0.192116  -0.106332    1.00419
  -0.18599  -0.980406  -0.064906     1.5921
         0          0          0          1

 -0.113361 -0.0441147   0.992574   0.306524
  -0.97845   0.178491  -0.103815    1.00544
 -0.172585  -0.982952 -0.0633979    1.60079
         0          0          0          1

  -0.11262 -0.0523004   0.992261   0.309022
  -0.97897   0.176795  -0.101793    1.00629
 -0.170103  -0.982857 -0.0711112    1.61884
         0          0          0          1

 -0.110937 -0.0564752   0.992221   0.312993
 -0.982921   0.153741  -0.101147    1.01299
 -0.146833  -0.986496 -0.0725663    1.63641
         0          0          0          1

 -0.109905 -0.0663159   0.991727   0.318352
  -0.98416     0.1469 -0.0992435    1.01632
 -0.139103  -0.986926 -0.0814106    1.64939
         0          0          0          1

 -0.111992 -0.0707379   0.991188   0.326147
 -0.986364   0.128969  -0.102243    1.02525
   -0.1206  -0.989122 -0.0842168    1.65673
         0          0          0          1

 -0.104088 -0.0700612   0.992097   0.321241
 -0.988627   0.116152 -0.0955215     1.0261
 -0.108542  -0.990757 -0.0813544    1.66019
         0          0          0          1

 -0.104359 -0.0870922   0.990719    0.33692
 -0.991997  0.0803046 -0.0974343    1.04235
-0.0710735  -0.992958 -0.0947757    1.67754
         0          0          0          1

   -0.1009 -0.0947179   0.990378   0.338685
 -0.992526  0.0782645 -0.0936334    1.04427
-0.0686427  -0.992423  -0.101907    1.69336
         0          0          0          1

-0.0959085  -0.100291   0.990325    0.34294
 -0.994068   0.060915 -0.0901021    1.05125
-0.0512892  -0.993092  -0.105539    1.70274
         0          0          0          1

-0.0948013  -0.110524   0.989342   0.348994
 -0.994514  0.0546524 -0.0891914    1.05693
-0.0442121   -0.99237  -0.115099    1.71731
         0          0          0          1

-0.0878332 -0.126533  0.988066  0.355007
-0.995441 0.0481625 -0.082321   1.06064
-0.0371714 -0.990792 -0.130187   1.73842
        0         0         0         1

-0.0770383  -0.124373    0.98924    0.34974
 -0.996761  0.0325622 -0.0735301    1.06248
-0.0230666  -0.991701  -0.126479    1.73919
         0          0          0          1

  -0.0656678    -0.141693      0.98773       0.3584
   -0.997793 -0.000467667   -0.0664039      1.07719
   0.0098709    -0.989911    -0.141349       1.7598
           0            0            0            1

-0.0634644  -0.146932   0.987109   0.361969
 -0.997664 -0.0157026 -0.0664804    1.08584
 0.0252682  -0.989022  -0.145592    1.76648
         0          0          0          1

-0.0580457  -0.158982   0.985574   0.370127
 -0.997484 -0.0310087 -0.0637492    1.09696
 0.0406964  -0.986794  -0.156782    1.78115
         0          0          0          1

-0.0550713  -0.163028   0.985083   0.373194
 -0.996956 -0.0455592  -0.063275    1.10339
 0.0551952  -0.985569  -0.160023    1.78859
         0          0          0          1

-0.0490916  -0.191754   0.980214   0.390969
  -0.99519 -0.0739104 -0.0643003    1.12419
 0.0847779  -0.978656  -0.187204    1.81433
         0          0          0          1

-0.0391761  -0.202339   0.978532   0.393146
 -0.994918 -0.0830021 -0.0569952    1.12847
 0.0927525  -0.975792   -0.19806    1.82772
         0          0          0          1

-0.0267768  -0.208054   0.977751   0.393926
 -0.994368 -0.0947908 -0.0474022    1.13429
  0.102544  -0.973513  -0.204344    1.84304
         0          0          0          1

-0.0133096  -0.216243   0.976249   0.394635
 -0.993507  -0.107462 -0.0373481    1.13954
  0.112986  -0.970408  -0.213409     1.8522
         0          0          0          1

-0.00469245  -0.225734   0.974178   0.400794
 -0.991925  -0.122419 -0.0331444    1.15076
  0.126739  -0.966467  -0.223336    1.86562
         0          0          0          1

-0.00144186  -0.233867   0.972267   0.405123
 -0.990107  -0.136084 -0.0342018    1.16077
  0.140309  -0.962698  -0.231357    1.87265
         0          0          0          1

