 -0.10488  0.291315  0.950861  0.695573
 0.763127 -0.589514  0.264783   1.08522
 0.637681  0.753398 -0.160482   1.77605
        0         0         0         1

-0.111958  0.294435  0.949091  0.691783
 0.740418 -0.612284   0.27729   1.06309
 0.662757  0.733769 -0.149455   1.76885
        0         0         0         1

-0.111958  0.294435  0.949091  0.691783
 0.740418 -0.612284   0.27729   1.06309
 0.662757  0.733769 -0.149455   1.76885
        0         0         0         1

 -0.11051  0.295446  0.948946  0.696484
 0.729874  -0.62394  0.279256   1.05519
  0.67459  0.723472 -0.146686   1.76385
        0         0         0         1

-0.117431  0.295278  0.948167  0.694685
 0.707733 -0.644895  0.288486   1.03757
 0.696652  0.704926 -0.133247   1.75194
        0         0         0         1

-0.111173  0.298555  0.947895  0.697466
 0.692287 -0.661049  0.289402   1.02544
 0.713007  0.688389 -0.133195   1.74766
        0         0         0         1

-0.110149  0.298426  0.948055  0.698399
 0.681727 -0.671434  0.290558   1.01743
 0.723267   0.67832 -0.129487   1.74527
        0         0         0         1

-0.0997874  0.302788  0.947819  0.703579
 0.663691 -0.689451  0.290125   1.00318
 0.741321   0.65801 -0.132159   1.74132
        0         0         0         1

-0.0960016  0.302564  0.948282   0.70692
 0.661706 -0.692295  0.287876   1.00115
 0.743592  0.655121 -0.133747   1.73816
        0         0         0         1

-0.105249  0.317873  0.942274  0.704739
 0.621916 -0.718335  0.311793  0.972701
 0.775979  0.618831 -0.122086   1.72476
        0         0         0         1

-0.105249  0.317873  0.942274  0.704739
 0.621916 -0.718335  0.311793  0.972701
 0.775979  0.618831 -0.122086   1.72476
        0         0         0         1

-0.106296  0.325755   0.93946  0.708205
 0.601371 -0.731368  0.321642  0.958657
 0.791867  0.599153 -0.118158   1.71097
        0         0         0         1

-0.106296  0.325755   0.93946  0.708205
 0.601371 -0.731368  0.321642  0.958657
 0.791867  0.599153 -0.118158   1.71097
        0         0         0         1

-0.104588  0.332663  0.937228   0.71045
 0.588323 -0.739117  0.327998  0.950915
 0.801834  0.585698  -0.11841   1.70574
        0         0         0         1

-0.0984999   0.34667  0.932801  0.713761
  0.56465 -0.752385  0.339244  0.936264
 0.819431  0.560122 -0.121637   1.69515
        0         0         0         1

-0.0932985  0.355424  0.930037  0.717566
 0.549877 -0.760332  0.345731  0.926578
 0.830018  0.543663 -0.124502   1.68865
        0         0         0         1

-0.0887683  0.360736  0.928434  0.719464
 0.543022 -0.763885  0.348721  0.922374
 0.835013  0.535115 -0.128079   1.68526
        0         0         0         1

-0.0828518  0.372828  0.924194  0.721357
 0.521869 -0.773825  0.358952  0.909154
 0.848992  0.512048 -0.130455   1.67724
        0         0         0         1

-0.0824318  0.374359  0.923612  0.721177
 0.519888 -0.774519  0.360328  0.907735
 0.850248  0.509878  -0.13078   1.67632
        0         0         0         1

-0.0818401  0.383946  0.919721  0.719198
 0.504103 -0.780122  0.370526  0.894223
 0.859757  0.493958 -0.129703   1.66098
        0         0         0         1

-0.0826455  0.387183  0.918291  0.722297
 0.496954 -0.782694  0.374736  0.889487
 0.863832  0.487319 -0.127726   1.65462
        0         0         0         1

-0.0893434  0.391766  0.915717  0.727694
 0.475266 -0.791202  0.384866  0.878213
 0.875294  0.469594 -0.115504   1.64342
        0         0         0         1

-0.0893434  0.391766  0.915717  0.727694
 0.475266 -0.791202  0.384866  0.878213
 0.875294  0.469594 -0.115504   1.64342
        0         0         0         1

-0.100064  0.395718  0.912904  0.728716
 0.463918 -0.793118  0.394644  0.871018
 0.880209  0.463003 -0.104218   1.63546
        0         0         0         1

 -0.111155   0.400448   0.909553   0.731987
   0.44211  -0.799746   0.406133   0.860777
  0.890047   0.447266 -0.0881467    1.62663
         0          0          0          1

 -0.125298   0.403283   0.906457   0.732393
   0.42874  -0.801929   0.416043   0.853236
  0.894697   0.440764 -0.0724234    1.61768
         0          0          0          1

-0.132544  0.405389  0.904484  0.731249
 0.421342 -0.802937   0.42162   0.84962
 0.897164   0.43698 -0.064383   1.61464
        0         0         0         1

 -0.145326   0.407907   0.901383   0.729394
  0.414201  -0.802291   0.429844   0.845068
  0.898509   0.435821 -0.0523622    1.60656
         0          0          0          1

  -0.15402   0.409801   0.899078    0.72885
   0.40547  -0.803575   0.435732   0.839384
  0.901039    0.43166 -0.0423954    1.59933
         0          0          0          1

-0.159124  0.408357  0.898846  0.732009
  0.40108  -0.80519  0.436811  0.836366
 0.902117  0.430017 -0.035659     1.592
        0         0         0         1

  -0.16024   0.412439   0.896782   0.736327
  0.387106  -0.809484   0.441458   0.827791
  0.908005   0.417889 -0.0299458    1.58202
         0          0          0          1

 -0.164054   0.420773   0.892208   0.734968
  0.375391  -0.809783   0.450925   0.819213
  0.912232   0.408903 -0.0251065    1.57232
         0          0          0          1

 -0.164061   0.421015   0.892093   0.735043
  0.374983  -0.809842   0.451158   0.818945
  0.912399   0.408537 -0.0250099    1.57193
         0          0          0          1

  -0.16802   0.422485    0.89066   0.735502
  0.365977  -0.812199   0.454307   0.813836
  0.915331   0.402293 -0.0181539    1.56721
         0          0          0          1

  -0.179693    0.425267     0.88705    0.734501
   0.355815   -0.812578    0.461642    0.806993
   0.917118     0.39858 -0.00530135     1.55607
          0           0           0           1

  -0.18247   0.422269   0.887915   0.737612
   0.35153  -0.815365   0.460007   0.804322
  0.918222   0.396067 0.00033954    1.55067
         0          0          0          1

-0.191794  0.423559  0.885332  0.733958
 0.344333 -0.815696  0.464838  0.799958
 0.919048  0.394003 0.0106003    1.5448
        0         0         0         1

-0.204788  0.423194  0.882592  0.734354
 0.333745 -0.817477   0.46941  0.793812
  0.92015   0.39069 0.0261703   1.53341
        0         0         0         1

-0.204788  0.423194  0.882592  0.734354
 0.333745 -0.817477   0.46941  0.793812
  0.92015   0.39069 0.0261703   1.53341
        0         0         0         1

-0.208344  0.424023  0.881361  0.735829
  0.32334 -0.820607  0.471228  0.790329
 0.923062  0.383157  0.033865   1.53052
        0         0         0         1

-0.216044  0.427314  0.877911   0.73329
 0.313231 -0.821288  0.476836  0.784052
 0.924776  0.378006  0.043586   1.52293
        0         0         0         1

-0.219081  0.426958  0.877332  0.733528
 0.306185 -0.823671  0.477302  0.779767
  0.92642  0.373194  0.049722    1.5168
        0         0         0         1

-0.219888  0.427235  0.876995  0.733023
 0.305408 -0.823656  0.477825  0.779168
 0.926485  0.372909 0.0506315   1.51615
        0         0         0         1

-0.223177  0.428345  0.875621  0.730557
 0.303586 -0.823059   0.48001  0.775899
 0.926298  0.372953 0.0536482   1.51099
        0         0         0         1

-0.228739  0.426655  0.875011  0.729436
 0.306844 -0.821424  0.480739  0.771648
 0.923864  0.378456 0.0569749   1.50069
        0         0         0         1

-0.227986  0.425832  0.875608  0.730376
 0.305344 -0.822657  0.479584  0.769953
 0.924547    0.3767 0.0575295   1.49848
        0         0         0         1

-0.227232  0.426062  0.875692   0.73152
 0.306602 -0.822186  0.479589  0.768802
 0.924316  0.377467 0.0561958   1.49376
        0         0         0         1

-0.227187  0.425165   0.87614  0.731801
 0.306308 -0.822807  0.478711  0.767516
 0.924425  0.377126 0.0566995   1.49016
        0         0         0         1

-0.228755  0.427297  0.874693   0.72931
 0.300742 -0.823547  0.480963  0.764682
 0.925865  0.373079 0.0598847    1.4899
        0         0         0         1

-0.232147  0.427888   0.87351  0.727171
 0.299611 -0.822923  0.482733  0.762887
 0.925387  0.373778 0.0628397   1.48503
        0         0         0         1

-0.241127   0.42312    0.8734  0.726232
 0.296223 -0.824919  0.481415  0.760789
 0.924181  0.374803 0.0735729   1.48028
        0         0         0         1

-0.248617  0.419903  0.872852  0.725283
  0.29669 -0.824818  0.481302  0.760039
 0.922044  0.378626 0.0804831   1.47501
        0         0         0         1

-0.256393  0.416924  0.872031  0.723835
  0.29573 -0.825087   0.48143  0.759034
 0.920221  0.381321 0.0882499   1.47124
        0         0         0         1

-0.263725   0.41362  0.871417  0.723287
 0.293473 -0.826167  0.480958    0.7576
  0.91887  0.382578 0.0964946   1.46922
        0         0         0         1

-0.284456  0.411052  0.866095  0.718891
 0.290969 -0.823784  0.486536  0.755515
 0.913467  0.390404  0.114727   1.46153
        0         0         0         1

-0.291592 0.413779 0.862416 0.716292
0.284826 -0.82314 0.491238 0.753994
0.913153 0.388879 0.122166  1.45992
       0        0        0        1

-0.295861   0.41628  0.859754  0.715454
 0.277076 -0.823955  0.494294  0.753306
 0.914164   0.38446  0.128435   1.45938
        0         0         0         1

-0.300567  0.417254  0.857647  0.717438
 0.274808 -0.823205  0.496805  0.754107
 0.913313  0.385011  0.132763   1.45547
        0         0         0         1

-0.304088  0.425025  0.852575  0.714819
 0.267562 -0.820828   0.50463  0.753237
 0.914298  0.381569  0.135884   1.45406
        0         0         0         1

-0.306571  0.435066    0.8466  0.712297
 0.263357 -0.815937  0.514675  0.752276
  0.91469  0.380742  0.135565    1.4504
        0         0         0         1

 -0.30811  0.451389  0.837446  0.708548
 0.255439 -0.808695  0.529872  0.751671
 0.916417  0.377175  0.133865   1.44633
        0         0         0         1

-0.313177  0.461464  0.830043  0.704178
 0.252419 -0.802126  0.541182  0.751041
 0.915535  0.379005  0.134725   1.44235
        0         0         0         1

-0.315829  0.465449  0.826807   0.70495
 0.251998 -0.798964  0.546034  0.752078
  0.91474  0.380807  0.135044   1.43907
        0         0         0         1

-0.320961  0.470099  0.822187  0.703299
 0.246375 -0.796785  0.551754  0.751918
 0.914485  0.379658  0.139916   1.43923
        0         0         0         1

-0.329667  0.472656  0.817261  0.698522
 0.247381 -0.792161  0.557928    0.7522
  0.91111  0.386106  0.144223   1.43477
        0         0         0         1

-0.330285 0.469656  0.81874 0.699751
0.247911  -0.7938 0.555358 0.753599
0.910743 0.386401 0.145747  1.43357
       0        0        0        1

-0.333161 0.471125 0.816728 0.698376
0.248136 -0.79187 0.558005 0.753843
0.909633 0.388565 0.146917  1.43186
       0        0        0        1

-0.335219  0.472497  0.815092  0.697512
  0.25319 -0.788143  0.561004  0.755172
 0.907481  0.394433  0.144569   1.42668
        0         0         0         1

-0.335638 0.473125 0.814555 0.697163
0.254303  -0.7871 0.561964 0.755441
0.907015 0.395761 0.143864  1.42553
       0        0        0        1

-0.336177  0.476151  0.812567  0.695055
 0.255198 -0.784449  0.565255  0.755368
 0.906564  0.397391  0.142202   1.42373
        0         0         0         1

-0.33554  0.47837 0.811526 0.695684
0.261192 -0.78045 0.568046 0.756999
0.905092 0.402566 0.136926  1.41825
       0        0        0        1

-0.333011   0.48074  0.811167  0.696013
 0.263128 -0.778716  0.569531  0.757323
 0.905465  0.403101  0.132824   1.41698
        0         0         0         1

-0.331348  0.484495  0.809613   0.69516
 0.264416 -0.776018  0.572608  0.757274
   0.9057  0.403807  0.129024   1.41506
        0         0         0         1

-0.330386  0.489581  0.806942   0.69597
 0.264306 -0.772755  0.577055   0.75744
 0.906084   0.40393  0.125908   1.41413
        0         0         0         1

-0.331232  0.497962  0.801448  0.695823
 0.262928 -0.767041   0.58525  0.756787
 0.906176  0.404576  0.123141   1.41272
        0         0         0         1

-0.335598  0.501972  0.797119  0.695771
 0.267708 -0.760481  0.591609  0.757038
 0.903165  0.411938  0.120833   1.40851
        0         0         0         1

-0.337896  0.503527  0.795165  0.695873
 0.268961 -0.757966  0.594262  0.757232
 0.901935  0.414667  0.120684   1.40725
        0         0         0         1

-0.347654  0.506104  0.789301  0.695531
 0.269742 -0.752237  0.601148  0.756412
 0.897984  0.421899  0.125001   1.40452
        0         0         0         1

-0.347654  0.506104  0.789301  0.695531
 0.269742 -0.752237  0.601148  0.756412
 0.897984  0.421899  0.125001   1.40452
        0         0         0         1

-0.349877  0.506375  0.788144  0.696489
 0.270304 -0.750966  0.602483  0.756344
 0.896951  0.423834  0.125871   1.40356
        0         0         0         1

-0.358095  0.503933  0.786015    0.6975
 0.276055 -0.747061  0.604725   0.75662
 0.891943  0.433533  0.128405   1.39788
        0         0         0         1

-0.356502  0.503018  0.787324  0.699498
 0.276212 -0.748281  0.603143  0.756916
 0.892532  0.432491  0.127824    1.3993
        0         0         0         1

-0.358137  0.501791  0.787365  0.700195
 0.276176 -0.748631  0.602725  0.756939
 0.891888   0.43331   0.12953   1.39871
        0         0         0         1

-0.359933  0.499653  0.787906  0.700852
 0.275923 -0.749721  0.601485  0.756976
 0.891244  0.433895  0.131984   1.39822
        0         0         0         1

-0.365567 0.495742 0.787782 0.700544
0.275215 -0.75095 0.600276 0.756316
0.889167 0.436251 0.138087  1.39634
       0        0        0        1

-0.369614  0.490728  0.789032  0.701545
 0.274398 -0.753648  0.597261  0.756195
 0.887745  0.437265  0.143904   1.39541
        0         0         0         1

-0.372032  0.488608  0.789211  0.701088
 0.274129 -0.754482  0.596331  0.756061
 0.886818  0.438199  0.146749   1.39483
        0         0         0         1

-0.381761  0.477507  0.791357  0.702317
 0.278307 -0.757078  0.591082  0.756156
 0.881365  0.445892   0.15613   1.39228
        0         0         0         1

-0.381761  0.477507  0.791357  0.702317
 0.278307 -0.757078  0.591082  0.756156
 0.881365  0.445892   0.15613   1.39228
        0         0         0         1

-0.385965  0.470161  0.793713  0.704573
 0.285806 -0.757106  0.587457  0.756887
 0.877124  0.453585  0.157841   1.38896
        0         0         0         1

-0.392567  0.461055  0.795814  0.706357
 0.289442 -0.759379  0.582724  0.756686
 0.872992    0.4591  0.164658   1.38869
        0         0         0         1

-0.398387 0.454251 0.796834 0.706749
0.293591 -0.75989 0.579975 0.756844
 0.86896 0.464998 0.169366  1.38783
       0        0        0        1

-0.401065  0.450657  0.797531  0.708087
 0.291827 -0.762403  0.577562  0.756671
 0.868322  0.464381   0.17426   1.38976
        0         0         0         1

-0.405964  0.443623  0.798994  0.708866
 0.299331 -0.761507  0.574898  0.757032
 0.863478  0.472552  0.176355    1.3876
        0         0         0         1

-0.413854  0.435343  0.799501  0.708524
 0.303812 -0.761839  0.572101  0.756589
 0.858151  0.479665  0.183028   1.38601
        0         0         0         1

-0.416672  0.430154  0.800845  0.709572
  0.30659 -0.762852  0.569263  0.756884
 0.855796  0.482727  0.185978   1.38495
        0         0         0         1

-0.41949  0.42342 0.802959 0.711521
0.310161 -0.76446 0.565156 0.757603
0.853128 0.486124 0.189356  1.38415
       0        0        0        1

-0.424442   0.41718  0.803623  0.711901
 0.312957 -0.765244  0.562547  0.757815
 0.849651  0.490268  0.194242   1.38358
        0         0         0         1

-0.425559  0.413107  0.805135  0.713031
 0.314826 -0.766553  0.559715  0.758018
 0.848401  0.491669  0.196157   1.38332
        0         0         0         1

-0.427311  0.406179  0.807728  0.713663
 0.317774 -0.768923  0.554777  0.758228
 0.846419  0.493737  0.199496   1.38415
        0         0         0         1

-0.430109  0.396761  0.810917  0.715059
 0.325683 -0.769566  0.549271   0.75914
 0.841984  0.500348  0.201779   1.38287
        0         0         0         1

-0.431261  0.391617  0.812804   0.71612
  0.33023 -0.769857  0.546139  0.759294
  0.83962  0.503941  0.202686   1.38211
        0         0         0         1

-0.434585  0.387662  0.812929  0.715772
 0.331451 -0.770431  0.544587   0.75936
 0.837422  0.506116  0.206327   1.38235
        0         0         0         1

-0.435474  0.383802  0.814284  0.715965
 0.337264 -0.769114  0.542878  0.759333
 0.834635  0.511038  0.205487   1.38141
        0         0         0         1

 -0.43921  0.373735  0.816956  0.716977
 0.346265 -0.768677  0.537806  0.759904
 0.828973  0.519093  0.208199    1.3803
        0         0         0         1

-0.440361  0.370233   0.81793  0.716757
 0.349852 -0.768246  0.536098  0.759787
 0.826853  0.522231  0.208779   1.38049
        0         0         0         1

-0.440141  0.366084  0.819914  0.717808
 0.353362 -0.768822  0.532961  0.760182
 0.825477  0.524304   0.20903    1.3805
        0         0         0         1

-0.439434   0.35858  0.823601   0.72022
 0.361022 -0.769059  0.527458  0.761318
 0.822533  0.529121  0.208495   1.38016
        0         0         0         1

-0.441894 0.355526 0.823608 0.720443
0.365092 -0.76736  0.52713 0.761394
0.819413 0.533629 0.209292  1.37956
       0        0        0        1

-0.440947  0.352672  0.825342  0.721207
 0.368565 -0.767308  0.524783  0.761742
 0.818368  0.535594   0.20836   1.38025
        0         0         0         1

-0.444813   0.34483   0.82658  0.721084
  0.37624 -0.765581  0.521852  0.761799
 0.812764  0.543119  0.210801   1.38149
        0         0         0         1

-0.446241   0.34153   0.82718  0.721234
 0.380236 -0.764373  0.520725  0.761931
 0.810117  0.546892  0.211232    1.3822
        0         0         0         1

-0.446247  0.334791  0.829927  0.722545
  0.38631 -0.764464    0.5161  0.762355
 0.807235  0.550917  0.211806   1.38314
        0         0         0         1

-0.450336 0.328329   0.8303 0.722783
0.392417 -0.76252 0.514365 0.762463
0.802001 0.557461 0.214549  1.38289
       0        0        0        1

-0.451259  0.321553  0.832448  0.724131
 0.398646 -0.761941  0.510419  0.763409
 0.798403  0.562183  0.215647   1.38297
        0         0         0         1

-0.451185  0.316942  0.834254   0.72517
 0.402496 -0.762068  0.507198  0.764229
 0.796511  0.564624  0.216265   1.38445
        0         0         0         1

-0.452219  0.304958  0.838152  0.726596
 0.411951 -0.762073  0.499542  0.765885
 0.791072   0.57118  0.218996    1.3874
        0         0         0         1

-0.453759  0.302402  0.838246   0.72674
 0.415865 -0.760088  0.499322   0.76628
 0.788136  0.575169  0.219138   1.38802
        0         0         0         1

-0.451185  0.301494   0.83996  0.727446
 0.415328 -0.762129  0.496651  0.766905
 0.789895  0.572941  0.218642   1.39238
        0         0         0         1

-0.454882  0.296936   0.83959  0.726741
 0.423485 -0.757234  0.497249  0.767905
 0.783418  0.581743  0.218704   1.39103
        0         0         0         1

-0.455062  0.292995  0.840876  0.726559
 0.433874 -0.751681  0.496718  0.769789
 0.777607  0.590872  0.214938   1.39351
        0         0         0         1

-0.454207  0.289703  0.842478  0.727427
 0.438263 -0.750656   0.49441  0.770774
 0.775643  0.593791  0.213987   1.39642
        0         0         0         1

-0.453594  0.287766  0.843471  0.727605
 0.444626 -0.747165  0.494017  0.772093
 0.772373  0.599112  0.210961   1.39904
        0         0         0         1

-0.452119   0.28627  0.844771   0.72756
 0.449256 -0.745106  0.492937  0.773431
 0.770557  0.602384  0.208268   1.40291
        0         0         0         1

-0.450088  0.284302  0.846519  0.727999
 0.456886 -0.741177  0.491846  0.774965
 0.767252  0.608136  0.203701   1.40607
        0         0         0         1

-0.448408  0.280563  0.848655  0.728183
 0.468979 -0.734422  0.490595  0.776734
 0.760914  0.617988  0.197742   1.40679
        0         0         0         1

 -0.44368   0.27952  0.851479  0.726967
 0.482029 -0.726542  0.489677  0.778937
  0.75551  0.627698  0.187615    1.4133
        0         0         0         1

-0.444545  0.28081 0.850603 0.723381
0.490114 -0.71859 0.493373 0.779388
0.749779 0.636219 0.181816  1.41499
       0        0        0        1

-0.439847  0.278659  0.853747  0.724363
  0.49806 -0.715365   0.49009  0.781286
 0.747309  0.640782  0.175862   1.42014
        0         0         0         1

-0.435087  0.277673  0.856503  0.723947
 0.507637 -0.710009   0.48805  0.783009
 0.743642  0.647137  0.167959   1.42411
        0         0         0         1

-0.427429  0.273809  0.861587  0.723289
 0.525783 -0.699987  0.483292  0.786252
 0.735429  0.659581   0.15523    1.4327
        0         0         0         1

-0.425784  0.271557  0.863113  0.721932
 0.538005 -0.690979  0.482804  0.788742
 0.727502  0.669929  0.148109   1.43488
        0         0         0         1

-0.418854  0.26938 0.867177 0.722601
    0.55 -0.68462 0.478326 0.791569
0.722538 0.677296 0.138597  1.43849
       0        0        0        1

-0.412715  0.267784  0.870608  0.722581
 0.560374 -0.678874  0.474458  0.793528
 0.718085  0.683682  0.130123   1.44394
        0         0         0         1

-0.411651    0.2712  0.870054  0.717218
 0.566189 -0.671991  0.477345  0.793626
 0.714124  0.689115  0.123075   1.44985
        0         0         0         1

-0.406767  0.271371  0.872295  0.715824
   0.5747 -0.666223  0.475255  0.795373
 0.710113  0.694626  0.115041   1.45656
        0         0         0         1

-0.396937   0.26778  0.877915  0.713277
 0.598034 -0.650138  0.468696  0.800897
 0.696273  0.711066 0.0979218   1.46573
        0         0         0         1

-0.391678   0.26662  0.880626  0.712716
 0.609214 -0.642101  0.465365  0.803749
 0.689527  0.718763 0.0890686   1.47079
        0         0         0         1

 -0.38476  0.267418  0.883429  0.712135
 0.618681  -0.63556  0.461841  0.806678
 0.684977  0.724259 0.0790912   1.47777
        0         0         0         1

-0.376289  0.265912  0.887523  0.711855
 0.632996 -0.625715  0.455847  0.811335
 0.676552  0.733329 0.0671287   1.48481
        0         0         0         1

 -0.36948  0.269743  0.889226  0.704347
 0.651842 -0.606765  0.454904  0.816589
 0.662259  0.747713 0.0483577   1.49497
        0         0         0         1

-0.352008  0.271725  0.895687  0.705006
 0.670772 -0.594175  0.443871  0.823645
 0.652806  0.757048 0.0268893   1.50782
        0         0         0         1

-0.349055  0.272514  0.896603  0.704179
 0.674688 -0.590927  0.442268  0.824929
 0.650351  0.759303 0.0224034   1.51021
        0         0         0         1

-0.340982  0.274328  0.899153  0.702239
 0.686535 -0.580723  0.437528   0.82951
 0.642184  0.766489 0.0096804   1.51654
        0         0         0         1

  -0.334872    0.276977    0.900636     0.69865
    0.69874   -0.568258    0.434563      0.8337
   0.632157    0.774833 -0.00324117     1.52247
          0           0           0           1

 -0.328651   0.280242   0.901916   0.695103
  0.708163  -0.558728   0.431657   0.838003
  0.624894   0.780569 -0.0148306    1.52976
         0          0          0          1

 -0.315107   0.283339   0.905774   0.689764
  0.733749  -0.532584   0.421861   0.848544
   0.60193   0.797542 -0.0400792     1.5393
         0          0          0          1

 -0.302054   0.285325   0.909589   0.689926
  0.743547  -0.526602   0.412103   0.853807
  0.596575     0.8008 -0.0530907    1.54906
         0          0          0          1

 -0.297763   0.286137   0.910749    0.68602
   0.75442   -0.51406   0.408158   0.859458
  0.584968   0.808621 -0.0627995    1.55504
         0          0          0          1

 -0.288949   0.287659   0.913105   0.685143
  0.763509  -0.506161   0.401068   0.864664
  0.577549   0.813052 -0.0733752     1.5637
         0          0          0          1

 -0.273793   0.284766   0.918665   0.684682
  0.781534  -0.490839   0.385073   0.878777
  0.560573   0.823399 -0.0881661    1.57856
         0          0          0          1

 -0.268371    0.28037   0.921613   0.682767
  0.791715  -0.480826    0.37682   0.886045
  0.548785   0.830782 -0.0929333    1.58461
         0          0          0          1

 -0.267458   0.278405   0.922473   0.676832
  0.799726  -0.469893   0.373684   0.891799
  0.537499    0.83767 -0.0969711    1.58997
         0          0          0          1

-0.260546  0.272714  0.926144   0.67211
 0.811112 -0.458468  0.363186  0.902852
 0.523653  0.845833  -0.10175   1.60489
        0         0         0         1

-0.260604  0.271967  0.926347  0.670496
 0.812068 -0.457178  0.362677  0.903949
 0.522142  0.846772 -0.101713   1.60781
        0         0         0         1

-0.255945  0.268927  0.928531  0.667159
 0.821037 -0.446556  0.355649  0.911511
 0.510285  0.853385 -0.106505   1.61355
        0         0         0         1

-0.237258  0.264572  0.934725  0.666499
 0.839281 -0.428715   0.33438  0.928123
 0.489198  0.863831 -0.120334   1.62548
        0         0         0         1

-0.225726  0.260981  0.938582  0.667567
 0.849858  -0.41822  0.320678  0.937339
 0.476224  0.870047 -0.127394   1.63144
        0         0         0         1

-0.217421  0.262395  0.940148  0.664521
 0.856745 -0.410193  0.312617  0.945016
 0.467671  0.873436 -0.135621   1.64212
        0         0         0         1

-0.206711  0.261018  0.942942   0.66529
  0.86841 -0.395012  0.299716  0.955247
 0.450705  0.880815 -0.145017   1.64541
        0         0         0         1

-0.197922  0.257712  0.945733  0.657379
 0.884374 -0.369151  0.285675  0.971526
  0.42274  0.892923 -0.154851   1.65508
        0         0         0         1

-0.194234  0.255389  0.947127  0.652996
 0.892454 -0.354769  0.278684  0.979779
 0.407184  0.899397 -0.159015   1.65938
        0         0         0         1

-0.189616  0.255838  0.947941   0.64674
 0.897314 -0.346779   0.27308   0.98626
  0.39859  0.902381 -0.163812   1.66931
        0         0         0         1

-0.172755  0.251986  0.952186  0.647755
 0.911284 -0.325974  0.251599   1.00363
 0.373787  0.911177 -0.173318   1.67829
        0         0         0         1

 -0.16995  0.251745  0.952755   0.64787
 0.912964 -0.323727   0.24839   1.00641
 0.370964  0.912044 -0.174817   1.68087
        0         0         0         1

-0.161763  0.250049  0.954625  0.648617
 0.919147 -0.313906  0.237974   1.01548
 0.359167  0.915936 -0.179053   1.68579
        0         0         0         1

-0.157835  0.242175  0.957308    0.6423
 0.930233 -0.288787  0.226427   1.03564
 0.331293  0.926258 -0.179698   1.69388
        0         0         0         1

-0.155132  0.239307  0.958471  0.639841
 0.934072 -0.280339  0.221177   1.04732
 0.321626  0.929592  -0.18004   1.70113
        0         0         0         1

 -0.15714  0.233653  0.959538  0.634925
 0.937691 -0.269597  0.219211    1.0554
 0.309908  0.934197  -0.17673   1.70228
        0         0         0         1

-0.159561  0.229446  0.960154  0.629581
 0.941279 -0.257794  0.218029   1.06418
 0.297547  0.938561 -0.174839   1.70465
        0         0         0         1

-0.152642    0.2259  0.962117  0.625639
 0.948454 -0.240101  0.206849   1.08446
 0.277732  0.944098 -0.177606   1.71531
        0         0         0         1

-0.142124  0.223575  0.964269  0.631111
 0.952525 -0.234093   0.19467   1.09684
 0.269252  0.946158  -0.17969   1.72226
        0         0         0         1

  -0.1416  0.218554  0.965496  0.626289
 0.956285 -0.221893  0.190478   1.10682
 0.255866  0.950262  -0.17758   1.72256
        0         0         0         1

-0.139281  0.214804  0.966675  0.624726
 0.959927  -0.21045  0.185073   1.12032
 0.243191  0.953714 -0.176884   1.72683
        0         0         0         1

-0.141995  0.214203  0.966413  0.621161
 0.960743 -0.205259  0.186657   1.12802
 0.238348  0.954979 -0.176649   1.73251
        0         0         0         1

-0.134115  0.215842  0.967174  0.626577
 0.963803 -0.198536  0.177954   1.14116
 0.230429  0.956031 -0.181402   1.73673
        0         0         0         1

-0.134063  0.208703  0.968747   0.62323
 0.968818 -0.177949   0.17241   1.16615
  0.20837  0.961653 -0.178339   1.73931
        0         0         0         1

-0.132935  0.209243  0.968786  0.623571
 0.969254 -0.176763  0.171177   1.17564
 0.207063  0.961755 -0.179311   1.74594
        0         0         0         1

-0.142968   0.19739  0.969844  0.612799
  0.97053 -0.164107  0.176469   1.18448
 0.193991  0.966492 -0.168111   1.74074
        0         0         0         1

 -0.14794  0.197462  0.969083   0.60812
 0.970978 -0.157191  0.180259   1.19626
 0.187925  0.967626 -0.168476   1.74315
        0         0         0         1

