-0.0879417 -0.806761  0.584296  0.349772
-0.970915  0.200552  0.130779    1.0778
-0.222689 -0.555801 -0.800934   2.15727
        0         0         0         1

-0.0600424 -0.793189  0.606009  0.333487
-0.969152  0.191707  0.154898   1.02344
 -0.23904 -0.578014  -0.78023   2.12316
        0         0         0         1

-0.0600424 -0.793189  0.606009  0.333487
-0.969152  0.191707  0.154898   1.02344
 -0.23904 -0.578014  -0.78023   2.12316
        0         0         0         1

-0.0502298 -0.787539  0.614215  0.332463
-0.966691  0.192876  0.168248  0.990413
-0.250969 -0.585305 -0.770995    2.1051
        0         0         0         1

-0.0502298 -0.787539  0.614215  0.332463
-0.966691  0.192876  0.168248  0.990413
-0.250969 -0.585305 -0.770995    2.1051
        0         0         0         1

-0.0400404 -0.783799  0.619722  0.326904
-0.963765  0.193998  0.183092  0.951464
-0.263732 -0.589935 -0.763166   2.08593
        0         0         0         1

-0.0400404 -0.783799  0.619722  0.326904
-0.963765  0.193998  0.183092  0.951464
-0.263732 -0.589935 -0.763166   2.08593
        0         0         0         1

-0.0255606 -0.770561  0.636854   0.31721
-0.957686  0.201566  0.205447  0.899409
-0.286677 -0.604655 -0.743107   2.04983
        0         0         0         1

-0.0255606 -0.770561  0.636854   0.31721
-0.957686  0.201566  0.205447  0.899409
-0.286677 -0.604655 -0.743107   2.04983
        0         0         0         1

-0.0174409 -0.761141  0.648351  0.309509
-0.952476  0.209881  0.220771  0.864998
-0.304115 -0.613688 -0.728629   2.02453
        0         0         0         1

-0.0174409 -0.761141  0.648351  0.309509
-0.952476  0.209881  0.220771  0.864998
-0.304115 -0.613688 -0.728629   2.02453
        0         0         0         1

-0.0121381 -0.751214  0.659948  0.305122
-0.949017  0.216563  0.229057  0.836864
-0.314991 -0.623521 -0.715543   1.99584
        0         0         0         1

-0.0121381 -0.751214  0.659948  0.305122
-0.949017  0.216563  0.229057  0.836864
-0.314991 -0.623521 -0.715543   1.99584
        0         0         0         1

-0.00758818 -0.739098  0.673555  0.298737
-0.939349  0.236229  0.248634  0.789042
-0.342878 -0.630817 -0.696064   1.95995
        0         0         0         1

-0.00758818 -0.739098  0.673555  0.298737
-0.939349  0.236229  0.248634  0.789042
-0.342878 -0.630817 -0.696064   1.95995
        0         0         0         1

-0.0121847 -0.726731  0.686814   0.30225
-0.934263  0.253075  0.251209  0.768245
-0.356377 -0.638604 -0.682041   1.92684
        0         0         0         1

-0.0121847 -0.726731  0.686814   0.30225
-0.934263  0.253075  0.251209  0.768245
-0.356377 -0.638604 -0.682041   1.92684
        0         0         0         1

-0.00811715  -0.71476  0.699323  0.292074
-0.922293  0.275593  0.270971    0.7262
-0.386407 -0.642781 -0.661455   1.88516
        0         0         0         1

-0.00811715  -0.71476  0.699323  0.292074
-0.922293  0.275593  0.270971    0.7262
-0.386407 -0.642781 -0.661455   1.88516
        0         0         0         1

-0.00590097 -0.705154  0.709029  0.286995
-0.914334  0.290914  0.281714  0.702739
-0.404919 -0.646627 -0.646463   1.85619
        0         0         0         1

-0.00590097 -0.705154  0.709029  0.286995
-0.914334  0.290914  0.281714  0.702739
-0.404919 -0.646627 -0.646463   1.85619
        0         0         0         1

-0.0161098 -0.699401  0.714547  0.291121
-0.905763  0.312882  0.285829  0.685313
-0.423478 -0.642606 -0.638532   1.82865
        0         0         0         1

-0.0161098 -0.699401  0.714547  0.291121
-0.905763  0.312882  0.285829  0.685313
-0.423478 -0.642606 -0.638532   1.82865
        0         0         0         1

-0.0292984 -0.692908   0.72043  0.292145
-0.890782  0.345085  0.295676   0.65815
-0.453486 -0.633083 -0.627341    1.7917
        0         0         0         1

-0.0292984 -0.692908   0.72043  0.292145
-0.890782  0.345085  0.295676   0.65815
-0.453486 -0.633083 -0.627341    1.7917
        0         0         0         1

-0.0337961  -0.68273  0.729889  0.290796
-0.884938  0.359849  0.295623  0.645885
 -0.46448 -0.635916 -0.616335   1.75679
        0         0         0         1

-0.0337961  -0.68273  0.729889  0.290796
-0.884938  0.359849  0.295623  0.645885
 -0.46448 -0.635916 -0.616335   1.75679
        0         0         0         1

-0.0408204 -0.671418  0.739954  0.288054
-0.869171  0.389137  0.305146  0.623207
-0.492824  -0.63069 -0.599462   1.71927
        0         0         0         1

-0.0408204 -0.671418  0.739954  0.288054
-0.869171  0.389137  0.305146  0.623207
-0.492824  -0.63069 -0.599462   1.71927
        0         0         0         1

-0.0451105 -0.659806   0.75008   0.28757
 -0.85902  0.408904   0.30803  0.611061
-0.509951 -0.630438 -0.585233   1.69358
        0         0         0         1

-0.0451105 -0.659806   0.75008   0.28757
 -0.85902  0.408904   0.30803  0.611061
-0.509951 -0.630438 -0.585233   1.69358
        0         0         0         1

-0.0598965 -0.650526  0.757119  0.290562
-0.848445  0.432768  0.304718  0.603898
-0.525883 -0.624122 -0.577857    1.6712
        0         0         0         1

-0.0598965 -0.650526  0.757119  0.290562
-0.848445  0.432768  0.304718  0.603898
-0.525883 -0.624122 -0.577857    1.6712
        0         0         0         1

-0.0601252 -0.632329  0.772363  0.287458
-0.835603   0.45515  0.307581  0.592377
-0.546034 -0.626896 -0.555742   1.62659
        0         0         0         1

-0.0601252 -0.632329  0.772363  0.287458
-0.835603   0.45515  0.307581  0.592377
-0.546034 -0.626896 -0.555742   1.62659
        0         0         0         1

-0.0677411 -0.628678  0.774709   0.28841
-0.820531  0.476837  0.315207  0.584156
-0.567574  -0.61432 -0.548151   1.60973
        0         0         0         1

-0.0677411 -0.628678  0.774709   0.28841
-0.820531  0.476837  0.315207  0.584156
-0.567574  -0.61432 -0.548151   1.60973
        0         0         0         1

-0.0761347  -0.61675  0.783469  0.289101
-0.804084   0.50262  0.317526   0.57679
-0.589621   -0.6058 -0.534185   1.57655
        0         0         0         1

-0.0761347  -0.61675  0.783469  0.289101
-0.804084   0.50262  0.317526   0.57679
-0.589621   -0.6058 -0.534185   1.57655
        0         0         0         1

-0.0873005 -0.611871  0.786125  0.291538
-0.793623   0.51969  0.316361  0.574734
-0.602114 -0.596268 -0.530964    1.5597
        0         0         0         1

-0.0873005 -0.611871  0.786125  0.291538
-0.793623   0.51969  0.316361  0.574734
-0.602114 -0.596268 -0.530964    1.5597
        0         0         0         1

-0.0887477 -0.603285  0.792573  0.289897
-0.783943  0.533174  0.318056  0.569617
-0.614457 -0.593105 -0.520258   1.54084
        0         0         0         1

-0.0887477 -0.603285  0.792573  0.289897
-0.783943  0.533174  0.318056  0.569617
-0.614457 -0.593105 -0.520258   1.54084
        0         0         0         1

-0.0942918 -0.598964  0.795205  0.288907
-0.770828  0.549419  0.322432   0.56555
-0.630026 -0.582564 -0.513504   1.51553
        0         0         0         1

-0.0942918 -0.598964  0.795205  0.288907
-0.770828  0.549419  0.322432   0.56555
-0.630026 -0.582564 -0.513504   1.51553
        0         0         0         1

-0.101095 -0.600299   0.79336  0.290212
-0.760575  0.560694  0.327335   0.56374
-0.641331 -0.570318 -0.513256   1.50498
        0         0         0         1

-0.101095 -0.600299   0.79336  0.290212
-0.760575  0.560694  0.327335   0.56374
-0.641331 -0.570318 -0.513256   1.50498
        0         0         0         1

-0.110017 -0.599427  0.792833  0.290972
 -0.75152  0.572202  0.328333  0.562844
-0.650472 -0.559707 -0.513433   1.48649
        0         0         0         1

-0.110017 -0.599427  0.792833  0.290972
 -0.75152  0.572202  0.328333  0.562844
-0.650472 -0.559707 -0.513433   1.48649
        0         0         0         1

 -0.11189 -0.596517  0.794763  0.290066
-0.747615  0.577411  0.328129  0.562138
-0.654639 -0.557462 -0.510571   1.47428
        0         0         0         1

 -0.11189 -0.596517  0.794763  0.290066
-0.747615  0.577411  0.328129  0.562138
-0.654639 -0.557462 -0.510571   1.47428
        0         0         0         1

-0.115204 -0.596023   0.79466  0.288088
-0.743938  0.581884  0.328583  0.560063
-0.658243 -0.553324 -0.510439   1.46528
        0         0         0         1

-0.115204 -0.596023   0.79466  0.288088
-0.743938  0.581884  0.328583  0.560063
-0.658243 -0.553324 -0.510439   1.46528
        0         0         0         1

-0.124143 -0.596044  0.793297  0.289549
 -0.73494   0.59238  0.330074  0.560147
-0.666672  -0.54205 -0.511596   1.45635
        0         0         0         1

-0.124143 -0.596044  0.793297  0.289549
 -0.73494   0.59238  0.330074  0.560147
-0.666672  -0.54205 -0.511596   1.45635
        0         0         0         1

-0.124397 -0.594324  0.794547  0.289073
-0.733278  0.594529  0.329906  0.560634
-0.668452 -0.541584 -0.509763   1.44707
        0         0         0         1

-0.124397 -0.594324  0.794547  0.289073
-0.733278  0.594529  0.329906  0.560634
-0.668452 -0.541584 -0.509763   1.44707
        0         0         0         1

-0.125554 -0.593342  0.795099  0.288742
-0.728153  0.599445  0.332353   0.56009
-0.673817 -0.537225 -0.507306   1.43884
        0         0         0         1

-0.125554 -0.593342  0.795099  0.288742
-0.728153  0.599445  0.332353   0.56009
-0.673817 -0.537225 -0.507306   1.43884
        0         0         0         1

-0.119181 -0.593741  0.795781  0.284615
-0.726358  0.598569  0.337815  0.557626
-0.676905 -0.537761 -0.502607   1.43089
        0         0         0         1

-0.119181 -0.593741  0.795781  0.284615
-0.726358  0.598569  0.337815  0.557626
-0.676905 -0.537761 -0.502607   1.43089
        0         0         0         1

-0.120111 -0.594506   0.79507  0.286077
-0.723678  0.600675  0.339823  0.559415
-0.679605 -0.534558 -0.502378   1.42772
        0         0         0         1

-0.120111 -0.594506   0.79507  0.286077
-0.723678  0.600675  0.339823  0.559415
-0.679605 -0.534558 -0.502378   1.42772
        0         0         0         1

-0.125001 -0.597281  0.792231  0.288099
-0.719174  0.604626  0.342368  0.561832
-0.683494 -0.526956 -0.505127   1.42521
        0         0         0         1

-0.125001 -0.597281  0.792231  0.288099
-0.719174  0.604626  0.342368  0.561832
-0.683494 -0.526956 -0.505127   1.42521
        0         0         0         1

-0.126075 -0.600229  0.789829  0.287491
-0.716815  0.605511  0.345736  0.561655
-0.685771 -0.522573 -0.506593   1.42437
        0         0         0         1

-0.126075 -0.600229  0.789829  0.287491
-0.716815  0.605511  0.345736  0.561655
-0.685771 -0.522573 -0.506593   1.42437
        0         0         0         1

-0.128522 -0.599759  0.789792  0.287867
-0.716519  0.606755  0.344164  0.563242
-0.685626 -0.521668  -0.50772   1.41885
        0         0         0         1

-0.128522 -0.599759  0.789792  0.287867
-0.716519  0.606755  0.344164  0.563242
-0.685626 -0.521668  -0.50772   1.41885
        0         0         0         1

-0.127891 -0.601197    0.7888  0.287601
-0.717103  0.605472  0.345204  0.564093
-0.685133 -0.521503 -0.508555   1.41344
        0         0         0         1

-0.127891 -0.601197    0.7888  0.287601
-0.717103  0.605472  0.345204  0.564093
-0.685133 -0.521503 -0.508555   1.41344
        0         0         0         1

-0.131182 -0.604969  0.785369  0.288089
-0.714057  0.607205  0.348459  0.564942
-0.687687 -0.515087 -0.511637   1.41445
        0         0         0         1

-0.131182 -0.604969  0.785369  0.288089
-0.714057  0.607205  0.348459  0.564942
-0.687687 -0.515087 -0.511637   1.41445
        0         0         0         1

-0.133769 -0.609293   0.78158  0.288626
-0.708599  0.610163  0.354384  0.566554
-0.692815 -0.506422 -0.513366     1.412
        0         0         0         1

-0.133769 -0.609293   0.78158  0.288626
-0.708599  0.610163  0.354384  0.566554
-0.692815 -0.506422 -0.513366     1.412
        0         0         0         1

-0.134861 -0.607843  0.782521  0.290361
-0.707468  0.612006  0.353465  0.568825
-0.693758  -0.50594 -0.512566   1.40762
        0         0         0         1

-0.134861 -0.607843  0.782521  0.290361
-0.707468  0.612006  0.353465  0.568825
-0.693758  -0.50594 -0.512566   1.40762
        0         0         0         1

-0.135408 -0.611767  0.779362  0.290114
-0.706592  0.611038  0.356875   0.56946
-0.694545 -0.502368 -0.515009   1.40468
        0         0         0         1

-0.135408 -0.611767  0.779362  0.290114
-0.706592  0.611038  0.356875   0.56946
-0.694545 -0.502368 -0.515009   1.40468
        0         0         0         1

 -0.13679 -0.615885   0.77587  0.290093
-0.706921  0.609364  0.359079  0.569104
-0.693939  -0.49936 -0.518737   1.40328
        0         0         0         1

 -0.13679 -0.615885   0.77587  0.290093
-0.706921  0.609364  0.359079  0.569104
-0.693939  -0.49936 -0.518737   1.40328
        0         0         0         1

-0.136525 -0.616489  0.775437  0.290516
-0.705489  0.610024  0.360773  0.568882
-0.695447 -0.497807  -0.51821    1.4044
        0         0         0         1

-0.136525 -0.616489  0.775437  0.290516
-0.705489  0.610024  0.360773  0.568882
-0.695447 -0.497807  -0.51821    1.4044
        0         0         0         1

-0.131576 -0.608419  0.782633  0.290016
 -0.70661  0.611284  0.356418   0.56868
-0.695263  -0.50612 -0.510345   1.40228
        0         0         0         1

-0.131576 -0.608419  0.782633  0.290016
 -0.70661  0.611284  0.356418   0.56868
-0.695263  -0.50612 -0.510345   1.40228
        0         0         0         1

-0.130103 -0.605269  0.785317  0.290445
-0.705947   0.61271  0.355282  0.569055
-0.696213 -0.508168 -0.507003   1.40251
        0         0         0         1

-0.130103 -0.605269  0.785317  0.290445
-0.705947   0.61271  0.355282  0.569055
-0.696213 -0.508168 -0.507003   1.40251
        0         0         0         1

-0.127343 -0.601138  0.788934  0.291209
-0.702047  0.616508  0.356437  0.568963
-0.700652 -0.508479 -0.500535   1.40343
        0         0         0         1

-0.127343 -0.601138  0.788934  0.291209
-0.702047  0.616508  0.356437  0.568963
-0.700652 -0.508479 -0.500535   1.40343
        0         0         0         1

-0.127641 -0.598036   0.79124  0.293748
-0.699754  0.619664  0.355473  0.570622
-0.702889   -0.5083 -0.497572   1.40388
        0         0         0         1

-0.127641 -0.598036   0.79124  0.293748
-0.699754  0.619664  0.355473  0.570622
-0.702889   -0.5083 -0.497572   1.40388
        0         0         0         1

-0.130729 -0.598728  0.790212  0.297935
-0.697578  0.621918  0.355812  0.573806
-0.704482 -0.504719 -0.498963   1.40561
        0         0         0         1

-0.130729 -0.598728  0.790212  0.297935
-0.697578  0.621918  0.355812  0.573806
-0.704482 -0.504719 -0.498963   1.40561
        0         0         0         1

-0.128458 -0.603401  0.787023  0.297532
-0.692822  0.622425  0.364123  0.572508
-0.709575 -0.498492 -0.498005   1.40963
        0         0         0         1

-0.128458 -0.603401  0.787023  0.297532
-0.692822  0.622425  0.364123  0.572508
-0.709575 -0.498492 -0.498005   1.40963
        0         0         0         1

-0.128856 -0.605346  0.785463   0.29716
 -0.69084  0.623036  0.366833  0.572421
-0.711432 -0.495361 -0.498479   1.41279
        0         0         0         1

-0.128856 -0.605346  0.785463   0.29716
 -0.69084  0.623036  0.366833  0.572421
-0.711432 -0.495361 -0.498479   1.41279
        0         0         0         1

-0.140856 -0.607015  0.782107  0.302233
 -0.68824  0.627912   0.36339  0.577806
-0.711678 -0.487092 -0.506217   1.42693
        0         0         0         1

-0.140856 -0.607015  0.782107  0.302233
 -0.68824  0.627912   0.36339  0.577806
-0.711678 -0.487092 -0.506217   1.42693
        0         0         0         1

-0.142656 -0.604459   0.78376  0.303947
-0.691575  0.627364  0.357965  0.581364
-0.708077 -0.490963 -0.507526   1.43201
        0         0         0         1

-0.142656 -0.604459   0.78376  0.303947
-0.691575  0.627364  0.357965  0.581364
-0.708077 -0.490963 -0.507526   1.43201
        0         0         0         1

 -0.14063 -0.603949  0.784518  0.301187
-0.697019  0.623139  0.354769  0.581644
-0.703127 -0.496933 -0.508597   1.44009
        0         0         0         1

 -0.14063 -0.603949  0.784518  0.301187
-0.697019  0.623139  0.354769  0.581644
-0.703127 -0.496933 -0.508597   1.44009
        0         0         0         1

-0.143726 -0.596763  0.789441  0.302813
-0.710605  0.617435  0.337365  0.589859
-0.688755 -0.512493 -0.512804   1.45855
        0         0         0         1

-0.143726 -0.596763  0.789441  0.302813
-0.710605  0.617435  0.337365  0.589859
-0.688755 -0.512493 -0.512804   1.45855
        0         0         0         1

 -0.14516 -0.591708  0.792975  0.302068
-0.724469  0.609414  0.322118  0.593532
 -0.67385 -0.527727 -0.517137   1.47166
        0         0         0         1

 -0.14516 -0.591708  0.792975  0.302068
-0.724469  0.609414  0.322118  0.593532
 -0.67385 -0.527727 -0.517137   1.47166
        0         0         0         1

-0.150651 -0.590441  0.792896  0.299495
-0.742093  0.597447  0.303899  0.599509
-0.653148  -0.54262 -0.528168   1.49264
        0         0         0         1

-0.150651 -0.590441  0.792896  0.299495
-0.742093  0.597447  0.303899  0.599509
-0.653148  -0.54262 -0.528168   1.49264
        0         0         0         1

-0.154279 -0.590139  0.792423  0.297964
-0.750161   0.59192  0.294769  0.604802
-0.643005 -0.548969  -0.53402   1.50773
        0         0         0         1

-0.154279 -0.590139  0.792423  0.297964
-0.750161   0.59192  0.294769  0.604802
-0.643005 -0.548969  -0.53402   1.50773
        0         0         0         1

 -0.15946 -0.591621  0.790289  0.296939
-0.757017  0.587103  0.286767  0.609994
-0.633639 -0.552534 -0.541487   1.52795
        0         0         0         1

 -0.15946 -0.591621  0.790289  0.296939
-0.757017  0.587103  0.286767  0.609994
-0.633639 -0.552534 -0.541487   1.52795
        0         0         0         1

-0.159455 -0.591057  0.790712    0.2935
-0.771922  0.573945  0.273358  0.619817
-0.615395  -0.56678 -0.547768   1.55622
        0         0         0         1

-0.159455 -0.591057  0.790712    0.2935
-0.771922  0.573945  0.273358  0.619817
-0.615395  -0.56678 -0.547768   1.55622
        0         0         0         1

-0.163216 -0.590771  0.790159  0.292191
 -0.78262  0.565185  0.260908   0.62797
-0.600722 -0.575809 -0.554596   1.57945
        0         0         0         1

-0.163216 -0.590771  0.790159  0.292191
 -0.78262  0.565185  0.260908   0.62797
-0.600722 -0.575809 -0.554596   1.57945
        0         0         0         1

-0.164554 -0.591066   0.78966  0.283921
-0.803385  0.544791  0.240366  0.637229
-0.572272 -0.594848 -0.564501   1.61598
        0         0         0         1

-0.164554 -0.591066   0.78966  0.283921
-0.803385  0.544791  0.240366  0.637229
-0.572272 -0.594848 -0.564501   1.61598
        0         0         0         1

-0.176352 -0.586148  0.790778  0.283913
-0.816621  0.535662  0.214933  0.650305
-0.549573 -0.607862 -0.573126   1.64283
        0         0         0         1

-0.176352 -0.586148  0.790778  0.283913
-0.816621  0.535662  0.214933  0.650305
-0.549573 -0.607862 -0.573126   1.64283
        0         0         0         1

-0.179553 -0.585805  0.790312  0.279693
-0.829491  0.522053  0.198509  0.657967
-0.528872 -0.619914 -0.579656    1.6734
        0         0         0         1

-0.179553 -0.585805  0.790312  0.279693
-0.829491  0.522053  0.198509  0.657967
-0.528872 -0.619914 -0.579656    1.6734
        0         0         0         1

-0.184723 -0.580068  0.793347  0.273915
-0.849226  0.500516  0.168225  0.677182
-0.494665 -0.642655 -0.585065   1.71538
        0         0         0         1

-0.184723 -0.580068  0.793347  0.273915
-0.849226  0.500516  0.168225  0.677182
-0.494665 -0.642655 -0.585065   1.71538
        0         0         0         1

-0.186895 -0.578742  0.793806  0.270471
-0.862678  0.483243  0.149208  0.690457
-0.469954 -0.656913 -0.589584   1.74764
        0         0         0         1

-0.186895 -0.578742  0.793806  0.270471
-0.862678  0.483243  0.149208  0.690457
-0.469954 -0.656913 -0.589584   1.74764
        0         0         0         1

-0.186516 -0.577885   0.79452  0.267833
-0.882436  0.454044   0.12309  0.715083
-0.431879 -0.678154 -0.594632   1.79336
        0         0         0         1

-0.186516 -0.577885   0.79452  0.267833
-0.882436  0.454044   0.12309  0.715083
-0.431879 -0.678154 -0.594632   1.79336
        0         0         0         1

-0.179216 -0.582087  0.793131  0.261478
-0.894453  0.432116  0.115023   0.72873
-0.409678 -0.688804 -0.598091   1.82803
        0         0         0         1

-0.179216 -0.582087  0.793131  0.261478
-0.894453  0.432116  0.115023   0.72873
-0.409678 -0.688804 -0.598091   1.82803
        0         0         0         1

-0.193072 -0.580541  0.791009   0.27144
-0.907347  0.412456 0.0812439  0.759872
-0.373422 -0.702034 -0.606386   1.85798
        0         0         0         1

-0.193072 -0.580541  0.791009   0.27144
-0.907347  0.412456 0.0812439  0.759872
-0.373422 -0.702034 -0.606386   1.85798
        0         0         0         1

 -0.18314 -0.580141   0.79366  0.265896
-0.924336   0.37652 0.0619308  0.788088
-0.334758 -0.722267 -0.605201   1.90756
        0         0         0         1

 -0.18314 -0.580141   0.79366  0.265896
-0.924336   0.37652 0.0619308  0.788088
-0.334758 -0.722267 -0.605201   1.90756
        0         0         0         1

-0.181043 -0.590102  0.786767  0.269154
-0.934803  0.351803 0.0487567  0.812386
-0.305559 -0.726645 -0.615321   1.94593
        0         0         0         1

-0.181043 -0.590102  0.786767  0.269154
-0.934803  0.351803 0.0487567  0.812386
-0.305559 -0.726645 -0.615321   1.94593
        0         0         0         1

-0.169463 -0.595785  0.785062   0.27035
-0.948625  0.314575 0.0339618  0.851733
-0.267195 -0.738974 -0.618485   1.99561
        0         0         0         1

-0.169463 -0.595785  0.785062   0.27035
-0.948625  0.314575 0.0339618  0.851733
-0.267195 -0.738974 -0.618485   1.99561
        0         0         0         1

-0.170119 -0.591489  0.788163  0.279327
-0.956295  0.292121 0.0128174  0.886542
-0.237821 -0.751536 -0.615334   2.02139
        0         0         0         1

-0.170119 -0.591489  0.788163  0.279327
-0.956295  0.292121 0.0128174  0.886542
-0.237821 -0.751536 -0.615334   2.02139
        0         0         0         1

   -0.154931    -0.585211     0.795942     0.273471
   -0.966976     0.254867 -0.000833396     0.920257
   -0.202371    -0.769786    -0.605372      2.03667
           0            0            0            1

   -0.154931    -0.585211     0.795942     0.273471
   -0.966976     0.254867 -0.000833396     0.920257
   -0.202371    -0.769786    -0.605372      2.03667
           0            0            0            1

  -0.145875   -0.599263     0.78715    0.282966
  -0.974467    0.224318 -0.00981413    0.963814
   -0.17069   -0.768483   -0.616684     2.08926
          0           0           0           1

  -0.145875   -0.599263     0.78715    0.282966
  -0.974467    0.224318 -0.00981413    0.963814
   -0.17069   -0.768483   -0.616684     2.08926
          0           0           0           1

 -0.150692  -0.615196   0.773839   0.298487
 -0.975777   0.218139 -0.0165976   0.991537
 -0.158593  -0.757595  -0.633165    2.13542
         0          0          0          1

 -0.150692  -0.615196   0.773839   0.298487
 -0.975777   0.218139 -0.0165976   0.991537
 -0.158593  -0.757595  -0.633165    2.13542
         0          0          0          1

 -0.153917   -0.61694   0.771813   0.303702
  -0.98077   0.190256 -0.0435093    1.03503
 -0.119999  -0.763668   -0.63436    2.14542
         0          0          0          1

 -0.153917   -0.61694   0.771813   0.303702
  -0.98077   0.190256 -0.0435093    1.03503
 -0.119999  -0.763668   -0.63436    2.14542
         0          0          0          1

 -0.166273  -0.632873   0.756191   0.323488
 -0.983956   0.156794 -0.0851302    1.10058
-0.0646896  -0.758213   -0.64879    2.17495
         0          0          0          1

 -0.166273  -0.632873   0.756191   0.323488
 -0.983956   0.156794 -0.0851302    1.10058
-0.0646896  -0.758213   -0.64879    2.17495
         0          0          0          1

 -0.160019   -0.64275   0.749177   0.318662
 -0.985557   0.146645 -0.0846958     1.1201
-0.0554247  -0.751909  -0.656933    2.20504
         0          0          0          1

 -0.160019   -0.64275   0.749177   0.318662
 -0.985557   0.146645 -0.0846958     1.1201
-0.0554247  -0.751909  -0.656933    2.20504
         0          0          0          1

-0.186881 -0.659041  0.728519   0.35092
-0.982331  0.132971 -0.131699   1.19265
-0.0100766 -0.740259 -0.672246   2.22417
        0         0         0         1

