  0.392546  -0.508384   0.766455   0.389527
 -0.752876  -0.656282 -0.0497164    1.07141
  0.528286   -0.55753  -0.640371    2.50078
         0          0          0          1

  0.401027  -0.516295   0.756714   0.403653
 -0.760466  -0.648191 -0.0392365    1.02792
  0.510753  -0.559721  -0.652567    2.51104
         0          0          0          1

  0.403868   -0.52545   0.748861   0.412548
 -0.763946  -0.644046 -0.0399007     1.0159
  0.503267  -0.555975  -0.661525    2.51501
         0          0          0          1

  0.412273  -0.525643   0.744131   0.406614
 -0.765625  -0.642599 -0.0297417   0.985625
  0.493811  -0.557463  -0.667372    2.51797
         0          0          0          1

  0.414377  -0.528329   0.741053    0.41272
  -0.76563  -0.642581 -0.0300042   0.979853
  0.492039   -0.55494  -0.670775    2.51452
         0          0          0          1

  0.415025  -0.544173   0.729129   0.438013
 -0.770725  -0.636146 -0.0360758   0.955638
  0.483464  -0.546986  -0.683424    2.50759
         0          0          0          1

  0.417872  -0.545764   0.726309   0.439649
 -0.774036  -0.632435 -0.0298944   0.937622
  0.475659  -0.549697  -0.686718    2.51463
         0          0          0          1

  0.419918  -0.550951   0.721194   0.444414
 -0.778786  -0.626776 -0.0253703   0.912789
  0.466005  -0.551003  -0.692268    2.51547
         0          0          0          1

  0.422795  -0.555429   0.716061   0.448446
 -0.782112  -0.622774 -0.0212746   0.896102
  0.457761  -0.551046  -0.697713    2.51928
         0          0          0          1

  0.425011  -0.563719   0.708228   0.458292
 -0.785794   -0.61815 -0.0204617   0.876066
  0.449326  -0.547824  -0.705687    2.51336
         0          0          0          1

   0.42666  -0.567244   0.704411   0.460361
 -0.789609  -0.613409 -0.0156979   0.861094
  0.440997  -0.549512  -0.709619    2.51359
         0          0          0          1

  0.427403  -0.579518   0.693892   0.470958
 -0.796233  -0.604812 -0.0146806   0.822373
  0.428181  -0.546225   -0.71993    2.50345
         0          0          0          1

  0.427798  -0.586283    0.68794   0.475872
 -0.800652  -0.598998 -0.0125951   0.808726
  0.419459  -0.545412  -0.725658    2.50391
         0          0          0          1

   0.430557   -0.597639    0.676349    0.482978
  -0.810245   -0.586088 -0.00208915    0.776553
   0.397649   -0.547109   -0.736578     2.50801
          0           0           0           1

  0.427492  -0.604484   0.672198   0.490153
 -0.815201  -0.579173 -0.0023934   0.766272
  0.390766  -0.546953  -0.740368    2.50458
         0          0          0          1

   0.419405   -0.626043    0.657396    0.509652
  -0.826241   -0.563241 -0.00925261    0.731529
   0.376065   -0.539287   -0.753488     2.48763
          0           0           0           1

   0.419363   -0.628447    0.655126    0.511411
  -0.827809    -0.56095 -0.00820355     0.71889
   0.372648   -0.538879   -0.755476     2.48345
          0           0           0           1

   0.412812   -0.633145    0.654763    0.513472
  -0.833929   -0.551816 -0.00782537    0.694332
   0.366263   -0.542795   -0.755794     2.47132
          0           0           0           1

   0.411632   -0.637318    0.651449    0.516414
  -0.837467   -0.546461 -0.00543595    0.682503
   0.359456   -0.543329   -0.758673      2.4665
          0           0           0           1

  0.415054    -0.6419   0.644744   0.518171
 -0.844224  -0.535898 0.00993541   0.650148
  0.339139  -0.548432  -0.764334     2.4628
         0          0          0          1

  0.409035  -0.642606    0.64788   0.517935
 -0.846809   -0.53185 0.00710782   0.641227
  0.340007  -0.551538   -0.76171    2.45207
         0          0          0          1

   0.39618  -0.652856   0.645616   0.525811
 -0.857659  -0.514179 0.00635568   0.601965
  0.327813  -0.556237  -0.763636    2.42671
         0          0          0          1

  0.393615  -0.658274   0.641671   0.530178
 -0.861782  -0.507212 0.00829985   0.590399
      0.32  -0.556247  -0.766935    2.42055
         0          0          0          1

 0.388084 -0.663297  0.639866  0.532327
-0.869924 -0.492905 0.0166618  0.562853
 0.304341 -0.563101 -0.768306   2.40722
        0         0         0         1

 0.387906 -0.666663  0.636467  0.533934
-0.872595 -0.488008 0.0206576  0.551433
 0.296829 -0.563391 -0.771028   2.39996
        0         0         0         1

 0.375732 -0.678579  0.631155  0.540387
-0.886129 -0.462446  0.030326  0.511614
 0.271296 -0.570679 -0.775064   2.36891
        0         0         0         1

 0.372862 -0.680886  0.630371  0.540256
-0.889123 -0.456489 0.0328432  0.500139
 0.265395 -0.572724 -0.775599   2.35902
        0         0         0         1

 0.369956 -0.682433  0.630411  0.537497
 -0.89379 -0.446602 0.0410634  0.475795
  0.25352 -0.578647 -0.775174    2.3386
        0         0         0         1

 0.367396 -0.683164  0.631115  0.537548
-0.896758 -0.440169 0.0455666  0.464921
 0.246668 -0.582699  -0.77435   2.32849
        0         0         0         1

 0.361247 -0.686612  0.630923  0.537923
-0.903178 -0.425902 0.0536368  0.442631
 0.231884 -0.589212 -0.773989   2.30791
        0         0         0         1

 0.357463 -0.690966   0.62832  0.540476
-0.907131 -0.416884 0.0576347  0.432978
 0.222113  -0.59057 -0.775817     2.298
        0         0         0         1

 0.345977 -0.703522  0.620771  0.544371
-0.918508 -0.388956 0.0711109  0.397447
 0.191424 -0.594785 -0.780761   2.26115
        0         0         0         1

 0.342017 -0.705601  0.620606  0.544232
-0.921315 -0.381771 0.0736813  0.389347
  0.18494 -0.596974 -0.780653   2.24799
        0         0         0         1

 0.335267 -0.707529  0.622093  0.542032
-0.926227  -0.36832 0.0802717  0.372798
 0.172335 -0.603111 -0.778818   2.22077
        0         0         0         1

  0.33321 -0.709783  0.620628  0.541531
-0.929023 -0.359492 0.0876504  0.363135
 0.160898 -0.605783 -0.779191   2.20871
        0         0         0         1

 0.325996 -0.717366  0.615721  0.538917
-0.937862 -0.327336  0.115181  0.330594
  0.11892 -0.615009 -0.779501   2.16554
        0         0         0         1

 0.322619   -0.7193  0.615243  0.538366
-0.940197 -0.318589  0.120545  0.323555
 0.109301  -0.61734 -0.779067   2.15179
        0         0         0         1

 0.314328 -0.725196  0.612608  0.539541
-0.944986 -0.300578  0.129052  0.310577
0.0905483 -0.619471  -0.77978    2.1251
        0         0         0         1

 0.312395 -0.724779  0.614089  0.537185
-0.946466   -0.2928  0.135902  0.303459
0.0813066  -0.62367 -0.777448   2.11078
        0         0         0         1

 0.305156 -0.728942    0.6128  0.537644
-0.950321 -0.274589    0.1466   0.29212
0.0614049 -0.627092 -0.776521   2.08313
        0         0         0         1

 0.303142 -0.730068  0.612459  0.536839
-0.951667 -0.265206  0.154904  0.285323
0.0493371 -0.629815 -0.775177   2.07028
        0         0         0         1

 0.291156 -0.730813  0.617365  0.535577
-0.956551 -0.232787  0.175555  0.267505
0.0154168 -0.641656 -0.766838   2.02133
        0         0         0         1

 0.288544 -0.729548  0.620083  0.535163
-0.957449 -0.223809  0.182213  0.262908
0.00584696 -0.646274 -0.763083   2.00798
        0         0         0         1

 0.284448 -0.726668  0.625334  0.533813
 -0.95859 -0.206085  0.196556  0.253361
-0.0139592 -0.655349 -0.755197   1.98069
        0         0         0         1

 0.282119 -0.723993  0.629479  0.532484
-0.959122 -0.197628  0.202556  0.249296
-0.0222467 -0.660891 -0.750152   1.96666
        0         0         0         1

 0.274626  -0.71575  0.642093  0.528677
-0.959956 -0.165639  0.225938   0.23346
-0.0553593 -0.678429 -0.732577   1.91929
        0         0         0         1

 0.272496 -0.713675  0.645302  0.527768
-0.959999 -0.156774     0.232  0.229438
-0.0644063 -0.682708 -0.727847   1.90631
        0         0         0         1

 0.265759 -0.711078  0.650953  0.527051
-0.960635 -0.138635   0.24075  0.222693
-0.0809476  -0.68931  -0.71993   1.87931
        0         0         0         1

  0.26142 -0.710681   0.65314  0.526971
-0.961152 -0.129568  0.243718  0.220151
-0.0885798  -0.69148 -0.716944   1.86593
        0         0         0         1

 0.254202 -0.711134  0.655492  0.526349
-0.961284 -0.111234  0.252113  0.214278
-0.106372 -0.694202 -0.711877    1.8392
        0         0         0         1

 0.250882 -0.712691   0.65508  0.526101
-0.961129 -0.102804  0.256247  0.211328
 -0.11528 -0.693904  -0.71078   1.82649
        0         0         0         1

  0.235201  -0.721419   0.651333    0.52626
 -0.960221 -0.0686891   0.270663   0.201464
 -0.150522  -0.689084  -0.708877    1.78335
         0          0          0          1

  0.232022  -0.722692   0.651062   0.525426
 -0.959576 -0.0604351   0.274884   0.198612
  -0.15931  -0.688523  -0.707501    1.77124
         0          0          0          1

  0.222037  -0.726302   0.650526   0.524816
 -0.958903 -0.0417848   0.280639   0.194061
 -0.176647  -0.686104  -0.705732    1.74687
         0          0          0          1

  0.217102  -0.727806   0.650511   0.524493
 -0.958264 -0.0319226   0.284096   0.191512
 -0.186001  -0.685039  -0.704361    1.73621
         0          0          0          1

  0.198233  -0.726251   0.658228   0.522612
 -0.956758 0.00248055   0.290875   0.183878
 -0.212881  -0.687425  -0.694354    1.69715
         0          0          0          1

 0.192135 -0.725303  0.661075  0.522163
-0.956405 0.0125818  0.291774  0.182051
-0.219942 -0.688315 -0.691266   1.68709
        0         0         0         1

 0.180524 -0.721302  0.668681  0.520718
-0.955416 0.0329022  0.293426  0.177906
 -0.23365 -0.691839 -0.683204   1.66686
        0         0         0         1

 0.175095 -0.719041  0.672549  0.520002
-0.954767 0.0427419  0.294266  0.175951
-0.240335 -0.693652 -0.679033   1.65742
        0         0         0         1

 0.163452  -0.71454  0.680232  0.518723
-0.953629 0.0622023  0.294486  0.172578
-0.252734 -0.696824 -0.671239   1.63814
        0         0         0         1

 0.158151 -0.712728  0.683379  0.518153
-0.952798 0.0714949  0.295067  0.170983
-0.259161 -0.697787 -0.667779   1.62909
        0         0         0         1

  0.13993 -0.708318  0.691885  0.516077
-0.949087  0.103224  0.297623  0.165329
 -0.28223 -0.698306 -0.657811   1.59894
        0         0         0         1

 0.134802 -0.707979  0.693249  0.515753
-0.948106  0.111167  0.297888  0.164052
-0.287965 -0.697429 -0.656254   1.59109
        0         0         0         1

 0.125491  -0.70681  0.696184  0.514935
-0.945858  0.126492  0.298918   0.16165
 -0.29934 -0.696003 -0.652668   1.57474
        0         0         0         1

 0.121673   -0.7071  0.696567  0.514713
-0.944528  0.133206  0.300205  0.160677
-0.305062 -0.694454 -0.651668   1.56734
        0         0         0         1

  0.10782 -0.710496  0.695392  0.514357
-0.940467  0.153889   0.30305  0.157377
-0.322329 -0.686669 -0.651606   1.54333
        0         0         0         1

 0.105057 -0.711207  0.695088  0.514138
-0.939291  0.158615   0.30426  0.156328
-0.326644 -0.684854 -0.651367   1.53695
        0         0         0         1

0.0987105 -0.713109  0.694069  0.514299
-0.937556  0.167128  0.305051  0.154868
-0.333533 -0.680841 -0.652082   1.52452
        0         0         0         1

0.0968025 -0.714429  0.692979  0.514225
-0.936723  0.169943  0.306055  0.153927
-0.336421 -0.678756 -0.652771   1.51904
        0         0         0         1

0.0930605  -0.71689  0.690947  0.514153
-0.935091   0.17542   0.30795  0.151874
-0.341972 -0.674756 -0.654033   1.50856
        0         0         0         1

0.0914732 -0.718313  0.689681  0.514301
-0.934879  0.176595  0.307921  0.151333
-0.342978 -0.672935 -0.655382   1.50366
        0         0         0         1

0.0886196 -0.723284  0.684841  0.515664
-0.934025  0.178516  0.309402  0.149174
 -0.34604 -0.667077 -0.659745   1.48768
        0         0         0         1

 0.090235 -0.724588  0.683249  0.516066
-0.933784  0.176977  0.311008  0.148292
-0.346272 -0.666071  -0.66064   1.48362
        0         0         0         1

0.0949963 -0.731887  0.674772  0.518329
-0.934396  0.168226  0.314012  0.146824
-0.343335 -0.660334 -0.667892   1.47595
        0         0         0         1

0.0962094 -0.747096  0.657717  0.521689
-0.936122  0.156643  0.314864  0.147007
 -0.33826 -0.645996 -0.684302   1.47371
        0         0         0         1

 0.106269 -0.827055  0.551985   0.53466
-0.938923 0.0992682  0.329499  0.147304
-0.327308 -0.553286 -0.765992   1.46826
        0         0         0         1

 0.110448 -0.842459  0.527318  0.537689
-0.938496 0.0862392  0.334348  0.146839
 -0.32715 -0.531813 -0.781119   1.46736
        0         0         0         1

 0.117678 -0.861326  0.494236  0.543154
 -0.93885 0.0656796  0.338004  0.146247
-0.323593 -0.503789 -0.800927   1.46508
        0         0         0         1

 0.120777 -0.865267  0.486544  0.544936
-0.940162  0.057605  0.335824  0.145563
-0.318605  -0.49799 -0.806534   1.46431
        0         0         0         1

 0.125835 -0.872194  0.472697  0.548105
-0.943184 0.0425218   0.32954  0.143965
-0.307522 -0.487308 -0.817289    1.4636
        0         0         0         1

 0.127891 -0.874888  0.467135  0.549396
-0.944071 0.0369494  0.327667  0.143086
-0.303932 -0.482914  -0.82123   1.46426
        0         0         0         1

 0.133819 -0.879079  0.457507  0.553286
-0.947661 0.0215282  0.318553  0.139846
-0.289882  -0.47619 -0.830188   1.46591
        0         0         0         1

 0.135012 -0.881115  0.453219  0.553887
-0.948021 0.0181459   0.31769  0.138538
-0.288146 -0.472553 -0.832866   1.46664
        0         0         0         1

 0.134416 -0.884943   0.44588  0.555211
-0.948928 0.0146541  0.315151  0.136436
-0.285425 -0.465469 -0.837777   1.46847
        0         0         0         1

 0.132679 -0.885308  0.445675  0.555568
-0.950093 0.0144907   0.31163  0.135708
-0.282347  -0.46478 -0.839202   1.46935
        0         0         0         1

 0.128812 -0.884599  0.448211  0.555024
-0.952894 0.0147409  0.302946  0.132164
-0.274592  -0.46612  -0.84103   1.47243
        0         0         0         1

   0.1277 -0.884049  0.449611  0.554532
-0.953608 0.0151666  0.300668  0.131047
-0.272624 -0.467148   -0.8411   1.47334
        0         0         0         1

 0.125022 -0.883366  0.451701  0.553471
-0.954739 0.0167315  0.296974  0.128713
-0.269894 -0.468384 -0.841293   1.47532
        0         0         0         1

 0.123847 -0.883221  0.452309  0.552773
-0.955118 0.0175073  0.295708   0.12757
-0.269094 -0.468631 -0.841412   1.47608
        0         0         0         1

 0.120952 -0.883362  0.452817  0.551435
-0.955896 0.0193459  0.293069  0.125415
-0.267646 -0.468293 -0.842062   1.47763
        0         0         0         1

 0.118904 -0.883384  0.453316  0.550692
-0.956213 0.0210892  0.291909  0.124573
-0.267428 -0.468176 -0.842196   1.47863
        0         0         0         1

 0.111168 -0.881157   0.45957  0.546771
-0.957633 0.0286407  0.286562  0.121768
-0.265669 -0.471956 -0.840641   1.47977
        0         0         0         1

 0.109331 -0.879169  0.463799  0.545045
-0.957637 0.0318968  0.286206  0.120623
-0.266417 -0.475442 -0.838437   1.47981
        0         0         0         1

 0.103777 -0.872331  0.477775  0.541708
-0.957778 0.0418488  0.284446  0.119059
-0.268126 -0.487121 -0.831157   1.47902
        0         0         0         1

 0.101102 -0.867445  0.487152  0.539763
-0.957563 0.0479988  0.284199  0.118119
-0.269909 -0.495212 -0.825781   1.47842
        0         0         0         1

0.0915519 -0.849563  0.519482  0.533438
-0.956594 0.0699087  0.282916  0.115957
-0.276671 -0.522835 -0.806286   1.47576
        0         0         0         1

0.0884986 -0.844535  0.528137  0.532306
-0.956525  0.075872  0.281608  0.116267
-0.277899 -0.530099 -0.801104   1.47444
        0         0         0         1

0.0851531 -0.835538  0.542793  0.529846
-0.955755 0.0854521  0.281477  0.116461
-0.281568 -0.542746 -0.791294   1.47174
        0         0         0         1

0.0837404 -0.831921  0.548539   0.52893
-0.955335 0.0895362  0.281634    0.1168
-0.283412 -0.547622 -0.787266    1.4704
        0         0         0         1

0.0823524 -0.824697  0.559547  0.527133
-0.953903  0.097357  0.283884  0.117441
-0.288594 -0.557132 -0.778664   1.46775
        0         0         0         1

0.0817209 -0.821359  0.564528  0.526367
-0.953308  0.100812  0.284677  0.117843
-0.290733 -0.561433 -0.774769   1.46666
        0         0         0         1

0.0810309 -0.802125  0.591633  0.522752
-0.950682  0.116104  0.287619  0.119023
-0.299397  -0.58576 -0.753158     1.462
        0         0         0         1

0.0808148 -0.793382  0.603336  0.521587
-0.949511  0.122822  0.288694  0.119388
-0.303148 -0.596204 -0.743399   1.46079
        0         0         0         1

0.0825684 -0.771386  0.630988  0.518488
-0.947732  0.135027  0.289088  0.119611
-0.308199 -0.621877 -0.719919   1.45791
        0         0         0         1

0.0813591 -0.760161   0.64462  0.517525
-0.947818  0.141023  0.285926  0.120317
-0.308256 -0.634245 -0.709021   1.45688
        0         0         0         1

0.0797057 -0.741713  0.665964  0.515408
 -0.94814  0.149815  0.280333  0.121126
-0.307698 -0.653771 -0.691307   1.45533
        0         0         0         1

0.0772813 -0.735009  0.673639  0.514508
-0.947503  0.156121  0.279043  0.121627
-0.310268  -0.65984 -0.684357   1.45531
        0         0         0         1

 0.072187 -0.694399  0.715961  0.509947
-0.943647  0.184907  0.274482  0.123224
-0.322986 -0.695428 -0.641919   1.45345
        0         0         0         1

0.0714908 -0.678289  0.731309  0.508364
-0.942854   0.19327  0.271429  0.123635
-0.325447 -0.708922 -0.625711   1.45263
        0         0         0         1

0.0715497 -0.644089  0.761597   0.50436
-0.941459  0.208588  0.264852  0.124001
-0.329448 -0.735962 -0.591459    1.4511
        0         0         0         1

0.0701523 -0.632972   0.77099  0.502945
-0.941142  0.214193  0.261484  0.124406
-0.330653 -0.743954  -0.58069   1.45094
        0         0         0         1

0.0676241 -0.594069  0.801567  0.497695
-0.937855  0.236236  0.254205   0.12605
-0.340374 -0.768944 -0.541176   1.45121
        0         0         0         1

0.0680167 -0.580404  0.811483  0.495934
-0.937028  0.242116   0.25171   0.12652
-0.342567 -0.777503 -0.527387   1.45082
        0         0         0         1

0.0708031 -0.548926  0.832867  0.492064
-0.935345  0.253571  0.246639  0.127769
-0.346577 -0.796481 -0.495482   1.44951
        0         0         0         1

0.0721638 -0.534703  0.841953  0.490302
-0.934802  0.258072  0.244017  0.128679
-0.347761 -0.804668 -0.481218   1.44922
        0         0         0         1

 0.075489 -0.506953  0.858662  0.486998
-0.933837  0.266004  0.239146  0.130516
-0.349644 -0.819903 -0.453331   1.44819
        0         0         0         1

0.0781458  -0.49666   0.86442  0.485629
-0.933278   0.26844  0.238605  0.131562
-0.350551  -0.82539 -0.442544   1.44798
        0         0         0         1

 0.088557 -0.465251  0.880738  0.481892
-0.932465  0.272184  0.237539  0.134939
-0.350238 -0.842293 -0.409727   1.44786
        0         0         0         1

0.0898685 -0.459511  0.883614  0.481624
-0.932923   0.27177  0.236213  0.136275
-0.348682 -0.845571 -0.404265   1.44822
        0         0         0         1

0.0925225 -0.448906  0.888776  0.481376
-0.933771  0.270788  0.233977  0.138849
-0.345703 -0.851562 -0.394121   1.44972
        0         0         0         1

0.0926598  -0.44452  0.890964  0.481397
-0.934841  0.269195   0.23153  0.140254
-0.342763 -0.854363 -0.390612   1.45049
        0         0         0         1

0.0924442 -0.433406  0.896445  0.480546
-0.937504  0.265436  0.225009  0.144277
 -0.33547 -0.861222 -0.381782   1.45537
        0         0         0         1

0.0940718 -0.428227  0.898762  0.479742
-0.937839   0.26482  0.224339  0.145552
-0.334078 -0.863998 -0.376695   1.45669
        0         0         0         1

0.0957414  -0.41824  0.903277  0.478602
-0.938763  0.263808  0.221653  0.148842
-0.330996 -0.869184 -0.367371   1.46004
        0         0         0         1

0.0987034 -0.413076  0.905332  0.477267
-0.939306  0.261722  0.221824  0.149659
-0.328576 -0.872278 -0.362172   1.46143
        0         0         0         1

 0.104603 -0.403591   0.90894   0.47528
-0.940505  0.256947  0.222327  0.151933
-0.323279 -0.878119 -0.352701   1.46543
        0         0         0         1

 0.108562 -0.398812  0.910584   0.47424
 -0.94121  0.253535  0.223255  0.152927
-0.319902 -0.881288 -0.347842   1.46792
        0         0         0         1

 0.124387  -0.38398  0.914925  0.471522
-0.944521  0.236675  0.227739  0.157043
-0.303987 -0.892493 -0.333238   1.47766
        0         0         0         1

 0.128575 -0.380735  0.915702  0.471273
-0.945674  0.230963  0.228815  0.158622
 -0.29861 -0.895376 -0.330355   1.48109
        0         0         0         1

 0.140577 -0.375229   0.91621  0.469959
-0.947252  0.218229  0.234714  0.160472
-0.288015 -0.900877 -0.324758    1.4888
        0         0         0         1

 0.144578 -0.371642  0.917049  0.470114
 -0.94856  0.211753  0.235361  0.162298
-0.281658 -0.903904  -0.32191    1.4927
        0         0         0         1

 0.159186 -0.360635  0.919023   0.47007
-0.952394  0.189073  0.239161  0.167472
-0.260012 -0.913342 -0.313368    1.5096
        0         0         0         1

  0.16363  -0.35594  0.920072  0.469458
-0.953495   0.18224  0.240076  0.168601
-0.253126 -0.916567 -0.309567   1.51439
        0         0         0         1

 0.171134  -0.34604   0.92248  0.468894
-0.955957  0.168286  0.240471   0.17185
-0.238453 -0.923004    -0.302   1.52443
        0         0         0         1

 0.175178 -0.341827  0.923292  0.468425
 -0.95681  0.161884  0.241471  0.173113
-0.232007 -0.925715 -0.298705   1.53032
        0         0         0         1

 0.182978 -0.331293  0.925615  0.467518
-0.959005  0.147095  0.242226  0.176302
-0.216401 -0.931991 -0.290797   1.54155
        0         0         0         1

 0.187543 -0.326358  0.926455   0.46686
-0.959699  0.140094  0.243623  0.177671
-0.209299 -0.934807 -0.286932   1.54747
        0         0         0         1

 0.201894 -0.311114   0.92868  0.465113
-0.961849  0.115756  0.247884  0.183277
-0.184621 -0.943297 -0.275874   1.57041
        0         0         0         1

 0.206314  -0.30668  0.929183  0.464498
-0.962344  0.108179  0.249382  0.185028
-0.176999 -0.945645 -0.272813     1.577
        0         0         0         1

 0.214655 -0.298778  0.929868  0.463423
-0.963076 0.0936578  0.252414  0.188994
-0.162505 -0.949716 -0.267642   1.59137
        0         0         0         1

 0.219061 -0.295573  0.929865  0.462637
-0.963329 0.0858296  0.254227  0.190724
-0.154952 -0.951457 -0.265932   1.59866
        0         0         0         1

 0.233161 -0.285616  0.929548  0.460746
-0.963758  0.059567  0.260045   0.19765
-0.129643 -0.956491 -0.261376   1.62672
        0         0         0         1

 0.237914 -0.282813  0.929201  0.459706
-0.963435 0.0526759  0.262712  0.199049
-0.123245 -0.957728  -0.25994   1.63534
        0         0         0         1

  0.24457 -0.276024  0.929514  0.458308
-0.963706 0.0366258  0.264443  0.203363
-0.107037 -0.960453 -0.257049   1.65211
        0         0         0         1

 0.246985 -0.272691  0.929859  0.457403
-0.963958 0.0288119  0.264491  0.205579
-0.0989155  -0.96167 -0.255746   1.66069
        0         0         0         1

 0.250065  -0.26563  0.931079  0.456025
-0.964838 0.0120497   0.26257  0.211129
-0.0809656    -0.964 -0.253277     1.678
        0         0         0         1

  0.252739  -0.264334   0.930726   0.455265
 -0.964752 0.00405492    0.26313   0.213367
-0.0733283  -0.964423  -0.253992    1.68752
         0          0          0          1

  0.257837  -0.257074   0.931361   0.453188
 -0.965263 -0.0263521   0.259948    0.22378
-0.0422826  -0.966032  -0.254938    1.72135
         0          0          0          1

 0.259473 -0.255597  0.931313   0.45265
-0.965141 -0.034377  0.259463  0.226722
-0.0343022 -0.966172 -0.255607   1.73169
        0         0         0         1

  0.263563  -0.249265   0.931881   0.450265
 -0.964538 -0.0538708    0.25839   0.232939
-0.0142063  -0.966936  -0.254624     1.7507
         0          0          0          1

  0.266311  -0.247244   0.931638   0.449321
 -0.963868 -0.0622736   0.258998   0.236252
-0.00601921   -0.96695  -0.254895    1.76118
         0          0          0          1

  0.274426   -0.23931   0.931354   0.446997
 -0.961308 -0.0924704   0.259492   0.249595
 0.0240236   -0.96653  -0.255427    1.79814
         0          0          0          1

 0.276318 -0.236401  0.931538  0.446158
-0.960494 -0.101362  0.259184  0.253752
0.0331515 -0.966354  -0.25507   1.80814
        0         0         0         1

  0.28107 -0.231404  0.931371  0.443801
-0.958378 -0.118363  0.259812  0.261752
0.0501186 -0.965631 -0.255041   1.82959
        0         0         0         1

 0.284452 -0.229892  0.930718  0.442843
-0.956858 -0.128079  0.260804  0.266357
0.0592482 -0.964751 -0.256406   1.83984
        0         0         0         1

 0.291638 -0.224713  0.929759  0.440413
-0.953428 -0.146498  0.263656  0.275149
0.0769609  -0.96335 -0.256972   1.86106
        0         0         0         1

 0.293743 -0.222201    0.9297  0.439978
-0.951984 -0.155779  0.263552  0.281217
0.0862659 -0.962476 -0.257291   1.87104
        0         0         0         1

 0.302173 -0.212261   0.92932  0.437023
-0.946143 -0.185627  0.265246   0.30043
 0.116206 -0.959421 -0.256921   1.90848
        0         0         0         1

 0.304278 -0.208324  0.929525  0.436061
-0.944328 -0.194153   0.26561  0.306399
 0.125137 -0.958596 -0.255803   1.91849
        0         0         0         1

 0.306827 -0.198706  0.930792  0.434035
-0.940949 -0.210353  0.265268  0.318612
 0.143085 -0.957219 -0.251514   1.93936
        0         0         0         1

 0.308436 -0.195655  0.930906  0.433542
 -0.93902 -0.219012  0.265093   0.32538
 0.152013 -0.955904 -0.251275   1.94933
        0         0         0         1

 0.315124 -0.186123  0.930621  0.430906
-0.931496 -0.248386  0.265744  0.348794
 0.181692 -0.950612 -0.251645    1.9849
        0         0         0         1

 0.317707 -0.183265   0.93031  0.429794
-0.929099 -0.256057  0.266852  0.355793
 0.189308  -0.94913 -0.251623    1.9945
        0         0         0         1

 0.322145 -0.176744  0.930045   0.42641
-0.923336 -0.275529   0.26746  0.371585
 0.208982 -0.944905 -0.251954   2.01226
        0         0         0         1

  0.32316 -0.176208  0.929795  0.426411
-0.921162 -0.283721   0.26639   0.37963
 0.216862 -0.942578 -0.254004   2.02167
        0         0         0         1

 0.326072 -0.172131  0.929542  0.424802
-0.916399 -0.299013   0.26609  0.395479
 0.232143 -0.938596 -0.255241   2.04053
        0         0         0         1

 0.328212 -0.169102  0.929345  0.423437
-0.913513 -0.307163   0.26673    0.4039
 0.240355 -0.936513 -0.255291   2.04886
        0         0         0         1

 0.330041 -0.164315  0.929556  0.423682
-0.904832 -0.335668  0.261928  0.437282
 0.268983 -0.927539 -0.259461   2.07957
        0         0         0         1

 0.330855 -0.163302  0.929445  0.423578
-0.902101 -0.343872  0.260704  0.447269
 0.277037 -0.924708 -0.261086   2.08761
        0         0         0         1

 0.333676 -0.155802  0.929724  0.419975
-0.896033 -0.358845  0.261449  0.465002
 0.292893 -0.920302 -0.259341   2.10316
        0         0         0         1

 0.336072 -0.151838  0.929516  0.418057
-0.892591 -0.366294  0.262887   0.47358
 0.300561 -0.918027  -0.25863   2.11099
        0         0         0         1

   0.3435 -0.135727  0.929293  0.410446
-0.881485 -0.387991  0.269161  0.503313
 0.324025 -0.911615 -0.252917   2.13809
        0         0         0         1

 0.343484 -0.131221  0.929946  0.408644
-0.877532 -0.397625  0.268017   0.51435
   0.3346 -0.908117 -0.251728   2.14388
        0         0         0         1

 0.342742 -0.127116   0.93079  0.408322
-0.871854 -0.412028  0.264771  0.536905
 0.349855 -0.902261 -0.252046   2.15826
        0         0         0         1

 0.342456 -0.123571  0.931372  0.407423
-0.868215 -0.420474  0.263447  0.549036
 0.359063 -0.898851  -0.25128   2.16301
        0         0         0         1

 0.347906 -0.122148  0.929538  0.405874
-0.860533 -0.435096  0.264905  0.570188
 0.372081  -0.89206 -0.256485   2.17734
        0         0         0         1

 0.350282 -0.118195  0.929157  0.402738
 -0.85706 -0.440601  0.267055  0.579533
 0.377823 -0.889888 -0.255635   2.18423
        0         0         0         1

 0.360322 -0.110298  0.926284  0.394819
-0.843682 -0.462154  0.273158  0.616092
 0.397957 -0.879914  -0.25958   2.20661
        0         0         0         1

 0.360774 -0.113432   0.92573  0.396102
-0.841021 -0.468614  0.270341  0.628623
 0.403145  -0.87609 -0.264462   2.21365
        0         0         0         1

 0.362952 -0.111952  0.925058  0.392248
-0.831104 -0.487798  0.267055  0.654486
 0.421344 -0.865748 -0.270091   2.22192
        0         0         0         1

 0.366593 -0.109358  0.923932  0.387844
-0.829563 -0.488032  0.271386  0.661808
  0.42123 -0.865948 -0.269628   2.22945
        0         0         0         1

  0.36929 -0.118363  0.921746  0.387511
-0.821518 -0.505251  0.264254  0.705924
 0.434435 -0.854817 -0.283821   2.25048
        0         0         0         1

 0.367194 -0.118126  0.922613  0.388107
-0.819489 -0.510307  0.260814  0.720149
 0.440007 -0.851841 -0.284185   2.25465
        0         0         0         1

 0.368084 -0.116337  0.922486  0.384281
-0.815199 -0.517539  0.260007  0.742497
 0.447173 -0.847714 -0.285336   2.26686
        0         0         0         1

 0.365126 -0.112579  0.924126  0.382548
-0.814593 -0.519196    0.2586  0.753154
 0.450689 -0.847208 -0.281278   2.27196
        0         0         0         1

 0.359667 -0.100752  0.927626  0.376711
  -0.8119 -0.523736  0.257912  0.775164
 0.459846 -0.845902  -0.27017   2.27985
        0         0         0         1

  0.356102 -0.0940321   0.929704   0.374336
 -0.809235  -0.528532   0.256502   0.790041
  0.467259   -0.84369  -0.264305    2.28024
         0          0          0          1

  0.340504 -0.0810676   0.936742   0.376695
 -0.812896  -0.526041   0.249962   0.835077
    0.4725  -0.846587  -0.245018    2.30104
         0          0          0          1

   0.33538 -0.0704009   0.939449   0.375598
 -0.810337  -0.530165   0.249558   0.848942
  0.480494  -0.844967  -0.234855    2.30436
         0          0          0          1

  0.329958 -0.0326955   0.943429   0.363514
  -0.79873  -0.542348   0.260555   0.873262
  0.503148  -0.839518  -0.205067    2.30736
         0          0          0          1

  0.33066 -0.026517  0.943377  0.366424
-0.794009 -0.548118  0.262898  0.887524
 0.510111 -0.835981 -0.202295   2.31093
        0         0         0         1

  0.349327 -0.0235392   0.936705   0.363699
 -0.776023  -0.567525   0.275142   0.936182
  0.525127  -0.823019  -0.216519    2.32024
         0          0          0          1

  0.350613 -0.0257669   0.936166   0.362887
 -0.771724  -0.574276    0.27322    0.95055
  0.530578  -0.818256  -0.221233    2.32016
         0          0          0          1

  0.357748 -0.0375414   0.933063   0.365986
  -0.77066  -0.576139     0.2723   0.971578
  0.527352  -0.816489  -0.235044    2.33591
         0          0          0          1

  0.360223 -0.0362612   0.932161   0.358542
 -0.768381  -0.578163   0.274442   0.981686
  0.528989  -0.815115   -0.23613    2.33776
         0          0          0          1

  0.363602 -0.0389117   0.930741    0.35535
 -0.765497  -0.581843   0.274723    1.00466
  0.530855   -0.81237  -0.241346    2.34567
         0          0          0          1

   0.36351 -0.0374038   0.930839   0.350703
 -0.764591  -0.582824   0.275168    1.01368
  0.532223  -0.811737  -0.240461    2.35122
         0          0          0          1

  0.357984 -0.0226307   0.933453   0.336998
 -0.746723  -0.607132   0.271653     1.0626
  0.560582  -0.794279  -0.234243    2.34317
         0          0          0          1

   0.35774 -0.0224825    0.93355   0.340168
 -0.745217  -0.609316   0.270896    1.07105
  0.562737  -0.792609  -0.234731    2.35277
         0          0          0          1

  0.353323 -0.0264007   0.935129   0.350066
 -0.739437  -0.620205   0.261875    1.09905
  0.573058  -0.783995  -0.238654    2.35719
         0          0          0          1

  0.352627 -0.0246888   0.935438   0.345984
 -0.734694  -0.626423    0.26042    1.11233
  0.579551  -0.779092  -0.239032     2.3586
         0          0          0          1

  0.364473 -0.0348467   0.930562    0.33748
 -0.719978   -0.64431   0.257867    1.15208
  0.590585   -0.76397  -0.259923    2.36273
         0          0          0          1

  0.371661 -0.0439998   0.927325   0.340751
 -0.719868  -0.644405   0.257939    1.16188
  0.586224  -0.763417  -0.271174    2.37161
         0          0          0          1

  0.379173 -0.0481163   0.924074   0.333868
 -0.707228  -0.659057   0.255878    1.18992
  0.596705  -0.750552  -0.283925    2.35887
         0          0          0          1

