-0.210464 -0.897727  0.387028   0.65967
 -0.97275  0.152914 -0.174285   1.05204
0.0972784 -0.413162 -0.905447   2.24634
        0         0         0         1

-0.212572 -0.891601  0.399826  0.657901
-0.974968   0.16623 -0.147665     1.019
0.0651951 -0.421207 -0.904618   2.21609
        0         0         0         1

-0.212572 -0.891601  0.399826  0.657901
-0.974968   0.16623 -0.147665     1.019
0.0651951 -0.421207 -0.904618   2.21609
        0         0         0         1

 -0.191104  -0.883532    0.42761   0.640181
 -0.981558   0.169851 -0.0877225   0.974244
 0.0048757  -0.436488  -0.899697    2.19171
         0          0          0          1

 -0.191104  -0.883532    0.42761   0.640181
 -0.981558   0.169851 -0.0877225   0.974244
 0.0048757  -0.436488  -0.899697    2.19171
         0          0          0          1

  -0.18999  -0.878575   0.438189   0.631164
  -0.98083   0.189547 -0.0452231   0.921751
-0.0433257   -0.43838  -0.897745    2.14785
         0          0          0          1

  -0.18999  -0.878575   0.438189   0.631164
  -0.98083   0.189547 -0.0452231   0.921751
-0.0433257   -0.43838  -0.897745    2.14785
         0          0          0          1

 -0.198833   -0.87935   0.432677    0.62575
 -0.977503   0.209649 -0.0231237   0.890462
-0.0703764  -0.427541  -0.901252    2.11536
         0          0          0          1

 -0.198833   -0.87935   0.432677    0.62575
 -0.977503   0.209649 -0.0231237   0.890462
-0.0703764  -0.427541  -0.901252    2.11536
         0          0          0          1

-0.209523 -0.886818   0.41189  0.626803
-0.970861  0.238785   0.02025  0.845688
-0.116311 -0.395646 -0.911008   2.06868
        0         0         0         1

-0.209523 -0.886818   0.41189  0.626803
-0.970861  0.238785   0.02025  0.845688
-0.116311 -0.395646 -0.911008   2.06868
        0         0         0         1

-0.207533 -0.890568  0.404744  0.620507
-0.965943   0.25193 0.0590396  0.815507
-0.154546 -0.378707 -0.912522    2.0354
        0         0         0         1

-0.207533 -0.890568  0.404744  0.620507
-0.965943   0.25193 0.0590396  0.815507
-0.154546 -0.378707 -0.912522    2.0354
        0         0         0         1

-0.206303 -0.892605  0.400867   0.61485
-0.959811  0.264266 0.0944766  0.786716
-0.190266 -0.365266 -0.911252   1.99998
        0         0         0         1

-0.206303 -0.892605  0.400867   0.61485
-0.959811  0.264266 0.0944766  0.786716
-0.190266 -0.365266 -0.911252   1.99998
        0         0         0         1

 -0.21775 -0.894842   0.38967  0.612934
-0.945598  0.292302   0.14284  0.748489
-0.241721 -0.337368  -0.90981   1.94979
        0         0         0         1

 -0.21775 -0.894842   0.38967  0.612934
-0.945598  0.292302   0.14284  0.748489
-0.241721 -0.337368  -0.90981   1.94979
        0         0         0         1

-0.223653 -0.895599  0.384555  0.609925
-0.934001  0.309715  0.178098  0.724576
-0.278607 -0.319342 -0.905759   1.91731
        0         0         0         1

-0.223653 -0.895599  0.384555  0.609925
-0.934001  0.309715  0.178098  0.724576
-0.278607 -0.319342 -0.905759   1.91731
        0         0         0         1

-0.240334  -0.89694  0.371131  0.610861
-0.915695  0.336358  0.219922  0.695398
 -0.32209 -0.286989 -0.902162   1.86757
        0         0         0         1

-0.240334  -0.89694  0.371131  0.610861
-0.915695  0.336358  0.219922  0.695398
 -0.32209 -0.286989 -0.902162   1.86757
        0         0         0         1

-0.245116 -0.898729    0.3636  0.606764
-0.902291  0.348674  0.253568  0.675045
-0.354667 -0.265919 -0.896381    1.8384
        0         0         0         1

-0.245116 -0.898729    0.3636  0.606764
-0.902291  0.348674  0.253568  0.675045
-0.354667 -0.265919 -0.896381    1.8384
        0         0         0         1

-0.255824 -0.898415  0.356938  0.607227
-0.889074  0.363636  0.278058  0.660598
-0.379607 -0.246211 -0.891784    1.8067
        0         0         0         1

-0.255824 -0.898415  0.356938  0.607227
-0.889074  0.363636  0.278058  0.660598
-0.379607 -0.246211 -0.891784    1.8067
        0         0         0         1

-0.272869 -0.896236  0.349719  0.607811
-0.867801  0.386216  0.312663  0.640007
-0.415287  -0.21817 -0.883141   1.76581
        0         0         0         1

-0.272869 -0.896236  0.349719  0.607811
-0.867801  0.386216  0.312663  0.640007
-0.415287  -0.21817 -0.883141   1.76581
        0         0         0         1

-0.280576 -0.891944   0.35456  0.607656
 -0.85386  0.400669  0.332248  0.629256
-0.438408 -0.209524 -0.874013   1.73951
        0         0         0         1

-0.280576 -0.891944   0.35456  0.607656
 -0.85386  0.400669  0.332248  0.629256
-0.438408 -0.209524 -0.874013   1.73951
        0         0         0         1

-0.281117 -0.889763  0.359576  0.605241
-0.842011  0.408446  0.352405  0.617655
-0.460425   -0.2037 -0.864011   1.71475
        0         0         0         1

-0.281117 -0.889763  0.359576  0.605241
-0.842011  0.408446  0.352405  0.617655
-0.460425   -0.2037 -0.864011   1.71475
        0         0         0         1

-0.292387 -0.882909  0.367399  0.606802
-0.825538  0.426957  0.369047  0.607599
-0.482698 -0.195397 -0.853711   1.68002
        0         0         0         1

-0.292387 -0.882909  0.367399  0.606802
-0.825538  0.426957  0.369047  0.607599
-0.482698 -0.195397 -0.853711   1.68002
        0         0         0         1

-0.295358  -0.87845  0.375618  0.605574
-0.815075  0.436795  0.380609  0.600633
-0.498414 -0.193741 -0.845013   1.66033
        0         0         0         1

-0.295358  -0.87845  0.375618  0.605574
-0.815075  0.436795  0.380609  0.600633
-0.498414 -0.193741 -0.845013   1.66033
        0         0         0         1

-0.300211  -0.87213  0.386345  0.605324
-0.800385  0.450649  0.395347   0.59328
  -0.5189 -0.190537  -0.83333   1.63337
        0         0         0         1

-0.300211  -0.87213  0.386345  0.605324
-0.800385  0.450649  0.395347   0.59328
  -0.5189 -0.190537  -0.83333   1.63337
        0         0         0         1

-0.299702 -0.867495  0.397028  0.604282
-0.792462  0.458082  0.402696  0.589398
-0.531209 -0.193941 -0.824745   1.61687
        0         0         0         1

-0.299702 -0.867495  0.397028  0.604282
-0.792462  0.458082  0.402696  0.589398
-0.531209 -0.193941 -0.824745   1.61687
        0         0         0         1

-0.298391 -0.864437  0.404614  0.602617
-0.785609  0.463188  0.410214  0.585443
-0.542017 -0.195464  -0.81732   1.60306
        0         0         0         1

-0.298391 -0.864437  0.404614  0.602617
-0.785609  0.463188  0.410214  0.585443
-0.542017 -0.195464  -0.81732   1.60306
        0         0         0         1

-0.298689 -0.857909  0.418063  0.603091
-0.775141  0.473629   0.41813  0.582916
-0.556724 -0.199167 -0.806468   1.58642
        0         0         0         1

-0.298689 -0.857909  0.418063  0.603091
-0.775141  0.473629   0.41813  0.582916
-0.556724 -0.199167 -0.806468   1.58642
        0         0         0         1

-0.296534  -0.85581  0.423859   0.60232
 -0.77126  0.476344  0.422203   0.58145
-0.563228 -0.201708 -0.801304   1.57628
        0         0         0         1

-0.296534  -0.85581  0.423859   0.60232
 -0.77126  0.476344  0.422203   0.58145
-0.563228 -0.201708 -0.801304   1.57628
        0         0         0         1

-0.294202 -0.853073  0.430943  0.601599
-0.766319  0.480003  0.427028  0.581828
 -0.57114 -0.204607 -0.794944   1.56115
        0         0         0         1

-0.294202 -0.853073  0.430943  0.601599
-0.766319  0.480003  0.427028  0.581828
 -0.57114 -0.204607 -0.794944   1.56115
        0         0         0         1

-0.294222 -0.852521   0.43202  0.600826
-0.762332  0.481973  0.431918  0.582525
-0.576441 -0.202263 -0.791711   1.55299
        0         0         0         1

-0.294222 -0.852521   0.43202  0.600826
-0.762332  0.481973  0.431918  0.582525
-0.576441 -0.202263 -0.791711   1.55299
        0         0         0         1

 -0.29395 -0.850508  0.436152  0.600941
-0.759287  0.484953  0.433941  0.584566
-0.580583 -0.203607 -0.788332   1.54412
        0         0         0         1

 -0.29395 -0.850508  0.436152  0.600941
-0.759287  0.484953  0.433941  0.584566
-0.580583 -0.203607 -0.788332   1.54412
        0         0         0         1

-0.296651 -0.845838  0.443346  0.599069
-0.752185  0.492986  0.437244  0.586987
-0.588401 -0.203769 -0.782472   1.53591
        0         0         0         1

-0.296651 -0.845838  0.443346  0.599069
-0.752185  0.492986  0.437244  0.586987
-0.588401 -0.203769 -0.782472   1.53591
        0         0         0         1

-0.296604 -0.844954  0.445059  0.598215
-0.751883  0.493945  0.436681   0.58702
-0.588811 -0.205111 -0.781813   1.53426
        0         0         0         1

 -0.29615 -0.845326  0.444657   0.59521
-0.750989  0.493735  0.438453  0.585862
-0.590178 -0.204085  -0.78105   1.53321
        0         0         0         1

-0.296281 -0.841184  0.452357  0.593102
-0.750529  0.497971  0.434432  0.587111
-0.590698 -0.210793 -0.778872   1.52921
        0         0         0         1

-0.296281 -0.841184  0.452357  0.593102
-0.750529  0.497971  0.434432  0.587111
-0.590698 -0.210793 -0.778872   1.52921
        0         0         0         1

-0.295368  -0.83966  0.455772  0.591039
-0.750506  0.499121  0.433149   0.58668
-0.591184 -0.214122 -0.777595   1.52782
        0         0         0         1

-0.295368  -0.83966  0.455772  0.591039
-0.750506  0.499121  0.433149   0.58668
-0.591184 -0.214122 -0.777595   1.52782
        0         0         0         1

-0.295819  -0.84022  0.454446  0.589484
-0.750146  0.498874  0.434058  0.585969
-0.591415 -0.212499 -0.777864   1.52781
        0         0         0         1

-0.295819  -0.84022  0.454446  0.589484
-0.750146  0.498874  0.434058  0.585969
-0.591415 -0.212499 -0.777864   1.52781
        0         0         0         1

-0.294777  -0.84304  0.449878  0.585394
-0.750379  0.495716  0.437261  0.584297
 -0.59164 -0.208684 -0.778725   1.52698
        0         0         0         1

-0.294777  -0.84304  0.449878  0.585394
-0.750379  0.495716  0.437261  0.584297
 -0.59164 -0.208684 -0.778725   1.52698
        0         0         0         1

-0.296014 -0.845204  0.444979  0.584279
-0.749585  0.494293  0.440224  0.583464
-0.592029 -0.203237 -0.779869    1.5282
        0         0         0         1

-0.296014 -0.845204  0.444979  0.584279
-0.749585  0.494293  0.440224  0.583464
-0.592029 -0.203237 -0.779869    1.5282
        0         0         0         1

-0.296079   -0.8464  0.442655  0.581726
-0.749905  0.493017  0.441108  0.582245
 -0.59159 -0.201346 -0.780693   1.52862
        0         0         0         1

-0.296079   -0.8464  0.442655  0.581726
-0.749905  0.493017  0.441108  0.582245
 -0.59159 -0.201346 -0.780693   1.52862
        0         0         0         1

-0.298746 -0.846748  0.440191  0.580396
-0.748439  0.494061  0.442428  0.581532
-0.592106 -0.197283 -0.781339   1.53018
        0         0         0         1

-0.298746 -0.846748  0.440191  0.580396
-0.748439  0.494061  0.442428  0.581532
-0.592106 -0.197283 -0.781339   1.53018
        0         0         0         1

-0.302955 -0.847691  0.435474    0.5798
-0.746006  0.495295  0.445149    0.5811
-0.593037 -0.190006 -0.782435   1.53179
        0         0         0         1

-0.302955 -0.847691  0.435474    0.5798
-0.746006  0.495295  0.445149    0.5811
-0.593037 -0.190006 -0.782435   1.53179
        0         0         0         1

-0.313339 -0.847059  0.429313  0.578709
-0.740099  0.501091  0.448511  0.580828
 -0.59504 -0.177198 -0.783919   1.53521
        0         0         0         1

-0.313339 -0.847059  0.429313  0.578709
-0.740099  0.501091  0.448511  0.580828
 -0.59504 -0.177198 -0.783919   1.53521
        0         0         0         1

-0.319759 -0.846151  0.426359  0.577848
-0.735494  0.505345  0.451304  0.580987
 -0.59733 -0.169275 -0.783928   1.53731
        0         0         0         1

-0.319759 -0.846151  0.426359  0.577848
-0.735494  0.505345  0.451304  0.580987
 -0.59733 -0.169275 -0.783928   1.53731
        0         0         0         1

 -0.32636 -0.843977  0.425667  0.576629
-0.726906  0.511949  0.457729  0.582214
-0.604233 -0.160035 -0.780571   1.54376
        0         0         0         1

 -0.32636 -0.843977  0.425667  0.576629
-0.726906  0.511949  0.457729  0.582214
-0.604233 -0.160035 -0.780571   1.54376
        0         0         0         1

 -0.32707 -0.844169  0.424739  0.575001
-0.724918  0.512464  0.460298  0.583125
-0.606233 -0.157352 -0.779565    1.5484
        0         0         0         1

 -0.32707 -0.844169  0.424739  0.575001
-0.724918  0.512464  0.460298  0.583125
-0.606233 -0.157352 -0.779565    1.5484
        0         0         0         1

-0.329209 -0.845574  0.420269  0.573515
-0.723953  0.511771  0.462582  0.584271
-0.606229  -0.15197 -0.780635   1.55952
        0         0         0         1

-0.329209 -0.845574  0.420269  0.573515
-0.723953  0.511771  0.462582  0.584271
-0.606229  -0.15197 -0.780635   1.55952
        0         0         0         1

-0.326776 -0.840564  0.432053   0.56996
-0.729145  0.515075  0.450607  0.589126
-0.601303 -0.167782 -0.781206   1.57377
        0         0         0         1

-0.326776 -0.840564  0.432053   0.56996
-0.729145  0.515075  0.450607  0.589126
-0.601303 -0.167782 -0.781206   1.57377
        0         0         0         1

 -0.32369 -0.837138  0.440936  0.567524
-0.735679  0.515733  0.439084   0.59238
-0.594979 -0.182261 -0.782803    1.5888
        0         0         0         1

 -0.32369 -0.837138  0.440936  0.567524
-0.735679  0.515733  0.439084   0.59238
-0.594979 -0.182261 -0.782803    1.5888
        0         0         0         1

-0.309382 -0.831879  0.460716  0.563376
-0.757928  0.508313  0.408854  0.597837
-0.574306 -0.222698 -0.787768   1.61506
        0         0         0         1

-0.309382 -0.831879  0.460716  0.563376
-0.757928  0.508313  0.408854  0.597837
-0.574306 -0.222698 -0.787768   1.61506
        0         0         0         1

-0.302443 -0.831305  0.466325  0.562056
-0.776042  0.498822  0.385922  0.602718
-0.553433 -0.245168 -0.795993   1.63686
        0         0         0         1

-0.302443 -0.831305  0.466325  0.562056
-0.776042  0.498822  0.385922  0.602718
-0.553433 -0.245168 -0.795993   1.63686
        0         0         0         1

-0.287654 -0.835059  0.468968  0.556178
-0.797199  0.480142  0.365973  0.605213
-0.530781 -0.268587 -0.803824   1.66168
        0         0         0         1

-0.287654 -0.835059  0.468968  0.556178
-0.797199  0.480142  0.365973  0.605213
-0.530781 -0.268587 -0.803824   1.66168
        0         0         0         1

 -0.26987 -0.839731  0.471193   0.55007
-0.830964  0.450338  0.326641  0.613577
-0.486486 -0.303394 -0.819319   1.70276
        0         0         0         1

 -0.26987 -0.839731  0.471193   0.55007
-0.830964  0.450338  0.326641  0.613577
-0.486486 -0.303394 -0.819319   1.70276
        0         0         0         1

-0.261958 -0.843741  0.468485  0.547436
-0.853217  0.429329  0.296137  0.620945
-0.450997 -0.322145 -0.832361   1.73556
        0         0         0         1

-0.261958 -0.843741  0.468485  0.547436
-0.853217  0.429329  0.296137  0.620945
-0.450997 -0.322145 -0.832361   1.73556
        0         0         0         1

-0.239006 -0.848099  0.472867  0.537736
-0.885379  0.390306  0.252517  0.631718
-0.398722 -0.358314 -0.844175    1.7896
        0         0         0         1

-0.239006 -0.848099  0.472867  0.537736
-0.885379  0.390306  0.252517  0.631718
-0.398722 -0.358314 -0.844175    1.7896
        0         0         0         1

-0.229705 -0.848885  0.476057  0.535751
-0.905505  0.365715  0.215205  0.644586
-0.356785 -0.381638 -0.852676   1.82771
        0         0         0         1

-0.229705 -0.848885  0.476057  0.535751
-0.905505  0.365715  0.215205  0.644586
-0.356785 -0.381638 -0.852676   1.82771
        0         0         0         1

 -0.22103 -0.850887   0.47659  0.536141
-0.924612  0.338268  0.175121    0.6595
-0.310224 -0.401953 -0.861507   1.86774
        0         0         0         1

 -0.22103 -0.850887   0.47659  0.536141
-0.924612  0.338268  0.175121    0.6595
-0.310224 -0.401953 -0.861507   1.86774
        0         0         0         1

-0.198432 -0.856759  0.476014  0.530055
-0.950364  0.286947  0.120294  0.682707
-0.239654 -0.428516 -0.871172   1.93204
        0         0         0         1

-0.198432 -0.856759  0.476014  0.530055
-0.950364  0.286947  0.120294  0.682707
-0.239654 -0.428516 -0.871172   1.93204
        0         0         0         1

-0.185953 -0.864633  0.466724  0.529021
-0.963472  0.253627 0.0859913  0.699463
-0.192725 -0.433686 -0.880212   1.97944
        0         0         0         1

-0.185953 -0.864633  0.466724  0.529021
-0.963472  0.253627 0.0859913  0.699463
-0.192725 -0.433686 -0.880212   1.97944
        0         0         0         1

-0.174223  -0.87114  0.459087  0.533433
-0.978462  0.205572 0.0187573  0.738674
-0.110716 -0.445932 -0.888193   2.04558
        0         0         0         1

-0.174223  -0.87114  0.459087  0.533433
-0.978462  0.205572 0.0187573  0.738674
-0.110716 -0.445932 -0.888193   2.04558
        0         0         0         1

-0.164061 -0.876849  0.451908  0.534195
 -0.98482  0.171917 -0.023954   0.76527
-0.0566866 -0.448978 -0.891743    2.0906
        0         0         0         1

-0.164061 -0.876849  0.451908  0.534195
 -0.98482  0.171917 -0.023954   0.76527
-0.0566866 -0.448978 -0.891743    2.0906
        0         0         0         1

 -0.153896  -0.881403   0.446593    0.53595
 -0.988085   0.138307 -0.0675278   0.795058
-0.00224794  -0.451664  -0.892185    2.13674
         0          0          0          1

 -0.153896  -0.881403   0.446593    0.53595
 -0.988085   0.138307 -0.0675278   0.795058
-0.00224794  -0.451664  -0.892185    2.13674
         0          0          0          1

-0.140692 -0.886515   0.44079  0.543203
-0.987351 0.0927621 -0.128582   0.84351
0.0731013 -0.453305 -0.888353   2.20278
        0         0         0         1

-0.140692 -0.886515   0.44079  0.543203
-0.987351 0.0927621 -0.128582   0.84351
0.0731013 -0.453305 -0.888353   2.20278
        0         0         0         1

 -0.12904 -0.887121  0.443131  0.543297
-0.984245 0.0601082 -0.166279  0.876494
 0.120874 -0.457606 -0.880901   2.24707
        0         0         0         1

 -0.12904 -0.887121  0.443131  0.543297
-0.984245 0.0601082 -0.166279  0.876494
 0.120874 -0.457606 -0.880901   2.24707
        0         0         0         1

-0.120674  -0.88907  0.441579  0.551603
-0.973046 0.0178777 -0.229918  0.933187
 0.196519 -0.457422 -0.867263   2.30413
        0         0         0         1

-0.120674  -0.88907  0.441579  0.551603
-0.973046 0.0178777 -0.229918  0.933187
 0.196519 -0.457422 -0.867263   2.30413
        0         0         0         1

  -0.12037  -0.895972   0.427488   0.568931
 -0.964117 0.00286613  -0.265464   0.971406
  0.236623  -0.444102  -0.864166    2.34872
         0          0          0          1

  -0.12037  -0.895972   0.427488   0.568931
 -0.964117 0.00286613  -0.265464   0.971406
  0.236623  -0.444102  -0.864166    2.34872
         0          0          0          1

 -0.116764  -0.902758   0.413997   0.579607
  -0.95064 -0.0190737   -0.30971    1.01584
   0.28749  -0.429725  -0.855971    2.38033
         0          0          0          1

 -0.116764  -0.902758   0.413997   0.579607
  -0.95064 -0.0190737   -0.30971    1.01584
   0.28749  -0.429725  -0.855971    2.38033
         0          0          0          1

 -0.109409  -0.909031    0.40211   0.586635
 -0.930176 -0.0489867   -0.36383    1.07496
  0.350431  -0.413839    -0.8402    2.42815
         0          0          0          1

 -0.109409  -0.909031    0.40211   0.586635
 -0.930176 -0.0489867   -0.36383    1.07496
  0.350431  -0.413839    -0.8402    2.42815
         0          0          0          1

 -0.115208  -0.914289   0.388334   0.601238
 -0.910059 -0.0595444   -0.41018    1.12659
  0.398146  -0.400663  -0.825196    2.45004
         0          0          0          1

 -0.115208  -0.914289   0.388334   0.601238
 -0.910059 -0.0595444   -0.41018    1.12659
  0.398146  -0.400663  -0.825196    2.45004
         0          0          0          1

 -0.111813  -0.924092   0.365448   0.623477
 -0.888167 -0.0720138  -0.453843    1.18693
   0.44571  -0.375325  -0.812696    2.49411
         0          0          0          1

 -0.111813  -0.924092   0.365448   0.623477
 -0.888167 -0.0720138  -0.453843    1.18693
   0.44571  -0.375325  -0.812696    2.49411
         0          0          0          1

