 0.345706  -0.86032  0.374616  0.487008
-0.933651 -0.355248 0.0457596   1.07601
0.0937139 -0.365581  -0.92605   2.04022
        0         0         0         1

 0.347086   -0.8688  0.353155  0.494708
-0.934307 -0.352951 0.0499512   1.06817
0.0812491 -0.347293  -0.93423   2.04522
        0         0         0         1

 0.349222 -0.879483  0.323348  0.505864
-0.934557 -0.352008 0.0519039   1.05275
0.0681724 -0.320313 -0.944856   2.04794
        0         0         0         1

 0.355025 -0.882211  0.309292  0.506909
-0.933148 -0.354416 0.0602047   1.04133
0.0565047 -0.309989  -0.94906   2.05352
        0         0         0         1

 0.362125 -0.894079  0.263607  0.521967
-0.931322 -0.358813 0.0623943   1.01786
0.0388003 -0.268098  -0.96261   2.05418
        0         0         0         1

  0.35941 -0.899224   0.24944  0.530903
 -0.93267 -0.354979 0.0641617   1.01085
0.0308505 -0.255706 -0.966262   2.05663
        0         0         0         1

 0.362296 -0.904417  0.225326  0.538083
-0.931969  -0.35494 0.0738271  0.992697
0.0132068 -0.236745 -0.971482   2.06296
        0         0         0         1

  0.35761 -0.908849  0.214728  0.546132
-0.933845  -0.34975 0.0748922  0.988072
0.00703534 -0.227305 -0.973798   2.06138
        0         0         0         1

 0.357957  -0.91491  0.186566  0.554026
-0.933542 -0.346572 0.0915781    0.9557
-0.0191271 -0.206948 -0.978165   2.06625
        0         0         0         1

 0.353135 -0.918588  0.177456  0.559792
 -0.93525 -0.341628 0.0927219  0.949086
-0.0245492  -0.19871 -0.979751   2.06598
        0         0         0         1

 0.345707 -0.924678  0.159552  0.568056
-0.937799 -0.334688 0.0922907  0.937743
-0.0319391 -0.181533 -0.982866    2.0614
        0         0         0         1

 0.344128 -0.926132  0.154453  0.569371
-0.938187 -0.332661 0.0956131  0.929737
 -0.03717 -0.177809 -0.983363   2.06094
        0         0         0         1

 0.339747 -0.930103  0.139569  0.572833
-0.939349 -0.328177 0.0996116  0.914258
-0.0468458 -0.164947 -0.985189   2.06038
        0         0         0         1

 0.340922 -0.930722  0.132396  0.572513
-0.938414 -0.328512  0.107043   0.90424
-0.0561339 -0.160736   -0.9854   2.06027
        0         0         0         1

 0.324477 -0.939451  0.110211  0.582868
 -0.94303 -0.312232  0.114914  0.881268
-0.0735449  -0.14122 -0.987243    2.0546
        0         0         0         1

 0.322037 -0.941158   0.10254  0.583943
  -0.9432 -0.309609  0.120485  0.872292
-0.0816485 -0.135516 -0.987405   2.05497
        0         0         0         1

 0.314645 -0.944947 0.0898576  0.587455
-0.944736 -0.302576   0.12618   0.85737
-0.0920441 -0.124594 -0.987929   2.05252
        0         0         0         1

 0.307791 -0.947706 0.0843697  0.590671
-0.946535 -0.295988  0.128303   0.85081
-0.0966207 -0.119349  -0.98814   2.05132
        0         0         0         1

 0.286832 -0.955425  0.069927  0.598909
-0.952111 -0.276245  0.131048  0.830744
 -0.10589 -0.104167 -0.988907   2.03909
        0         0         0         1

 0.284893 -0.956201 0.0671958  0.598541
-0.952043   -0.2741  0.135953   0.82266
 -0.11158 -0.102705 -0.988434   2.03757
        0         0         0         1

 0.280134 -0.957667 0.0663216  0.597461
-0.952471 -0.268671  0.143578  0.806227
-0.119681 -0.103391 -0.987414   2.03341
        0         0         0         1

 0.275742 -0.958971 0.0658791  0.597897
 -0.95338 -0.264104  0.145999  0.800463
 -0.12261 -0.103066 -0.987089   2.03062
        0         0         0         1

 0.268543 -0.960971 0.0664789  0.599642
-0.954486 -0.256162  0.152765  0.786616
-0.129774 -0.104477 -0.986024   2.02449
        0         0         0         1

 0.266205 -0.961544 0.0675812  0.599824
-0.954384 -0.253088  0.158425  0.779093
-0.135229 -0.106672 -0.985056   2.02162
        0         0         0         1

 0.258166  -0.96315 0.0754502  0.598041
 -0.95493  -0.24256  0.171095  0.754621
-0.146489  -0.11622 -0.982361   2.00645
        0         0         0         1

 0.253548 -0.964138 0.0784249  0.600652
-0.955857 -0.237272  0.173318  0.750152
-0.148495 -0.118907 -0.981738   2.00133
        0         0         0         1

 0.249309 -0.964583 0.0861631  0.598695
-0.956086 -0.230999  0.180388  0.737621
-0.154096 -0.127352 -0.979814     1.991
        0         0         0         1

 0.249151 -0.964145 0.0913656  0.596525
-0.955935 -0.229704  0.182823  0.731227
-0.155281  -0.13289 -0.978891   1.98436
        0         0         0         1

 0.244298 -0.964643 0.0989021  0.596612
-0.953714 -0.220574  0.204396  0.706512
-0.175354 -0.144258 -0.973879   1.97079
        0         0         0         1

 0.241242 -0.964961  0.103215  0.596809
 -0.95429 -0.216539  0.206012  0.701875
-0.176444 -0.148196 -0.973091   1.96258
        0         0         0         1

 0.239774 -0.964203   0.11323  0.593986
-0.953857 -0.212263  0.212369   0.68939
-0.180732 -0.158926 -0.970607   1.94875
        0         0         0         1

 0.239442 -0.963979   0.11581  0.593389
-0.952794 -0.210361  0.218936  0.682475
-0.186687 -0.162766 -0.968842   1.94294
        0         0         0         1

 0.235849 -0.964364  0.119904   0.59308
-0.951416 -0.204007  0.230627  0.670163
-0.197947 -0.168472 -0.965626   1.93016
        0         0         0         1

 0.233475 -0.964912   0.12014  0.593253
-0.951125 -0.200944  0.234483  0.664848
-0.202114 -0.169015 -0.964668   1.92305
        0         0         0         1

 0.226313  -0.96644  0.121557    0.5921
-0.948288  -0.19009  0.254197  0.642637
-0.222559 -0.172799 -0.959483   1.89996
        0         0         0         1

 0.226463 -0.966509  0.120724  0.590614
-0.946602  -0.18919   0.26106  0.635592
-0.229477 -0.173398 -0.957744   1.89364
        0         0         0         1

 0.224972 -0.966999  0.119583  0.589982
-0.944349 -0.186166  0.271195  0.624245
-0.239983 -0.173939 -0.955067   1.87722
        0         0         0         1

 0.224786 -0.967066  0.119392  0.588989
-0.942733 -0.184854  0.277639  0.618188
-0.246425 -0.174964 -0.953238   1.86927
        0         0         0         1

 0.224152 -0.967673  0.115606    0.5862
 -0.93631  -0.18093  0.300979  0.595996
-0.270333 -0.175708 -0.946598   1.84114
        0         0         0         1

 0.222611 -0.968214  0.114039  0.586559
 -0.93462 -0.178668  0.307512  0.590298
-0.277362 -0.175039 -0.944686   1.83358
        0         0         0         1

 0.217089  -0.96962  0.112734  0.587931
-0.932506 -0.171848  0.317648  0.579998
-0.288625 -0.174084 -0.941483   1.81602
        0         0         0         1

 0.219288 -0.969143  0.112584  0.586285
-0.929821 -0.172634  0.325009  0.573185
-0.295544 -0.175954 -0.938986   1.80836
        0         0         0         1

  0.21837 -0.969365  0.112451  0.585426
 -0.92767 -0.170437  0.332235  0.562297
-0.302891 -0.176867 -0.936469   1.79043
        0         0         0         1

 0.218941 -0.969222  0.112577  0.584874
-0.926101 -0.170085  0.336762  0.557006
 -0.30725 -0.177988 -0.934836   1.78178
        0         0         0         1

 0.218387   -0.9699  0.107709  0.583401
-0.919632 -0.167621  0.355217  0.537863
-0.326471 -0.176627 -0.928558   1.75291
        0         0         0         1

 0.216966 -0.970372   0.10632  0.583753
-0.918754 -0.166183  0.358155  0.533827
-0.329875 -0.175389 -0.927589   1.74304
        0         0         0         1

 0.214573 -0.971102  0.104493  0.583727
 -0.91699 -0.163462  0.363881  0.525361
-0.336285 -0.173897 -0.925566   1.72309
        0         0         0         1

 0.214167 -0.971396  0.102577  0.583315
-0.914992 -0.162745  0.369192  0.520732
-0.341938 -0.172926 -0.923675   1.71511
        0         0         0         1

 0.207807 -0.973464 0.0958302  0.583601
-0.909508 -0.156234   0.38521   0.50634
-0.360016 -0.167208  -0.91784   1.68449
        0         0         0         1

 0.206596 -0.973845 0.0945692  0.583513
-0.908215 -0.154919  0.388775  0.502727
-0.363956 -0.166208 -0.916466   1.67529
        0         0         0         1

 0.205017 -0.974444 0.0917956  0.582586
-0.905197 -0.153101  0.396457  0.495539
-0.372271 -0.164374 -0.913452   1.65668
        0         0         0         1

 0.201473 -0.975472 0.0886727   0.58331
-0.902883 -0.149854  0.402923  0.492287
-0.379752 -0.161239 -0.910928   1.64922
        0         0         0         1

  0.19378 -0.977433  0.084112  0.584509
-0.899754 -0.142896   0.41234  0.486698
-0.391015 -0.155583 -0.907139   1.63197
        0         0         0         1

 0.192161 -0.977919 0.0821437   0.58364
-0.897986 -0.141455  0.416667  0.483369
-0.395848 -0.153831  -0.90534    1.6236
        0         0         0         1

 0.180107   -0.9807 0.0760856  0.583708
-0.893719 -0.130841  0.429123  0.475152
-0.410886 -0.145287 -0.900036   1.59511
        0         0         0         1

 0.178393 -0.980973 0.0766032  0.582495
-0.892823 -0.128656  0.431643  0.472392
-0.413574 -0.145395 -0.898786   1.58687
        0         0         0         1

 0.173724 -0.981808 0.0766365  0.580876
-0.889136 -0.122917  0.440827  0.466989
-0.423387 -0.144722 -0.894315   1.57243
        0         0         0         1

 0.170553  -0.98223 0.0783286  0.580215
-0.887861 -0.118717  0.444532  0.464964
-0.427334 -0.145361 -0.892332   1.56549
        0         0         0         1

  0.157098   -0.98352  0.0894879   0.579425
 -0.883322 -0.0994119   0.458104   0.459887
 -0.441658  -0.151014  -0.884383    1.54276
         0          0          0          1

  0.156103  -0.983195  0.0946498   0.578054
 -0.881657 -0.0954938   0.462127   0.457735
 -0.445323  -0.155588  -0.881748    1.53724
         0          0          0          1

  0.152683  -0.982399   0.107608   0.576627
 -0.880323 -0.0857126   0.466568   0.454758
 -0.449132  -0.165967  -0.877915    1.52444
         0          0          0          1

  0.152559  -0.981678   0.114166   0.575291
 -0.878916 -0.0819428   0.469885   0.453302
  -0.45192  -0.172027  -0.875314    1.51959
         0          0          0          1

  0.149707  -0.980305   0.128805   0.574435
 -0.876627 -0.0713505   0.475851   0.451604
 -0.457288  -0.184152  -0.870043    1.50944
         0          0          0          1

  0.149668  -0.979365   0.135809   0.573815
 -0.875357 -0.0673832   0.478759   0.450501
 -0.459729  -0.190536  -0.867379    1.50454
         0          0          0          1

   0.14959  -0.976102   0.157633   0.572521
 -0.870228 -0.0542895    0.48965   0.448198
  -0.46939  -0.210423  -0.857552    1.48792
         0          0          0          1

  0.149212   -0.97534    0.16263   0.572755
 -0.869321 -0.0510212   0.491607   0.448318
 -0.471186  -0.214731  -0.855497    1.48366
         0          0          0          1

  0.151288  -0.973303   0.172609   0.573109
 -0.867101 -0.0468315   0.495926   0.448235
 -0.474602  -0.224697  -0.851037    1.47425
         0          0          0          1

  0.151907  -0.972551   0.176265   0.573411
 -0.865617 -0.0448209   0.498696   0.448357
 -0.477107  -0.228333  -0.848666    1.47039
         0          0          0          1

    0.1567  -0.974562   0.160233   0.576658
 -0.864152 -0.0567359   0.500022   0.450516
 -0.478211  -0.216819   -0.85106    1.45364
         0          0          0          1

  0.157692  -0.977615   0.139294   0.578655
 -0.863528 -0.0680926   0.499682   0.451419
 -0.479012   -0.19908  -0.854936    1.44977
         0          0          0          1

   0.15887  -0.982554  0.0966842   0.584077
 -0.861468 -0.0901157   0.499753   0.453974
 -0.482321  -0.162686  -0.860755    1.44328
         0          0          0          1

  0.162223  -0.982907  0.0870535   0.584576
 -0.859849 -0.0975274   0.501147   0.454187
  -0.48409   -0.15615  -0.860973    1.44053
         0          0          0          1

 0.167537 -0.982439 0.0821249  0.585869
-0.859686 -0.104811  0.499955   0.45525
-0.482568 -0.154362 -0.862149   1.43504
        0         0         0         1

 0.168831 -0.982294 0.0812108  0.587514
-0.861156 -0.106924  0.496968  0.456132
-0.479485 -0.153839  -0.86396   1.43393
        0         0         0         1

 0.177889 -0.980577  0.082604  0.588573
-0.866576 -0.116326  0.485297   0.45717
-0.466263 -0.157912 -0.870438    1.4312
        0         0         0         1

 0.180401 -0.979753 0.0868301  0.588058
-0.867599 -0.116915  0.483324  0.457226
-0.463387 -0.162526 -0.871125   1.43083
        0         0         0         1

 0.184636 -0.978061 0.0964719  0.587679
-0.868742 -0.116519  0.481364  0.457255
-0.459562 -0.172686 -0.871196   1.43116
        0         0         0         1

 0.186535 -0.977273  0.100706  0.587426
-0.869021 -0.116315  0.480909  0.457289
-0.458266 -0.177222 -0.870968    1.4313
        0         0         0         1

 0.193905 -0.974395  0.113826  0.585542
 -0.87021 -0.117273  0.478519  0.457001
-0.452918 -0.191839 -0.870668   1.43056
        0         0         0         1

 0.196813 -0.973362  0.117605  0.584851
 -0.87001 -0.118079  0.478685  0.456793
-0.452048 -0.196529 -0.870074   1.43079
        0         0         0         1

 0.202127 -0.971475  0.124021  0.583641
-0.869431 -0.119702  0.479335  0.456307
-0.450816 -0.204714 -0.868825    1.4312
        0         0         0         1

 0.204903 -0.970494  0.127107  0.583079
-0.869017  -0.12063  0.479852  0.456156
 -0.45036 -0.208781 -0.868093   1.43129
        0         0         0         1

   0.2078 -0.969318  0.131307  0.582772
-0.868229 -0.120945  0.481198  0.456147
-0.450553 -0.213997 -0.866722   1.43179
        0         0         0         1

 0.209715 -0.968763  0.132352  0.582392
-0.867608 -0.121958  0.482061  0.456029
-0.450862 -0.215925 -0.866083   1.43206
        0         0         0         1

 0.214778 -0.967294  0.134956    0.5818
-0.866182 -0.124815  0.483891  0.456019
 -0.45122 -0.220826 -0.864659   1.43258
        0         0         0         1

 0.215306 -0.967265  0.134321  0.582005
-0.865916 -0.125508  0.484187  0.456042
-0.451479 -0.220559 -0.864593    1.4325
        0         0         0         1

 0.217517 -0.966968  0.132891   0.58204
-0.864988 -0.127893  0.485221  0.456039
-0.452197 -0.220493 -0.864234   1.43229
        0         0         0         1

 0.218477 -0.966805  0.132501  0.582265
-0.864539  -0.12879  0.485784  0.455981
-0.452594 -0.220685 -0.863977    1.4322
        0         0         0         1

 0.222129 -0.965701  0.134465  0.582535
-0.862399 -0.130253  0.489186  0.455354
-0.454892 -0.224625 -0.861752   1.43229
        0         0         0         1

 0.223683 -0.964981  0.137028  0.582454
-0.861624 -0.130059  0.490601  0.455055
-0.455599 -0.227806 -0.860543    1.4321
        0         0         0         1

 0.225142 -0.964041  0.141196  0.582333
-0.859554 -0.128288   0.49468  0.454361
-0.458778 -0.232739 -0.857528    1.4322
        0         0         0         1

 0.226657 -0.963382  0.143254  0.581859
-0.857616 -0.127694  0.498186  0.453418
-0.461651 -0.235774 -0.855154   1.43275
        0         0         0         1

 0.227173 -0.962257  0.149845  0.581524
-0.856209 -0.124039  0.501519  0.452162
-0.464003  -0.24223 -0.852071   1.43265
        0         0         0         1

 0.226918 -0.961849  0.152819  0.581565
-0.855642 -0.121946  0.502996  0.451744
-0.465171 -0.244898 -0.850671   1.43239
        0         0         0         1

 0.226268 -0.961315  0.157084  0.580489
-0.851857 -0.117083   0.51052  0.449464
-0.472379 -0.249328 -0.845396    1.4326
        0         0         0         1

 0.226303 -0.961316  0.157029  0.580163
  -0.8505  -0.11643  0.512927   0.44882
-0.474802  -0.24963 -0.843948    1.4328
        0         0         0         1

 0.223929 -0.961973  0.156407  0.580093
 -0.84798 -0.113204  0.517799  0.448318
-0.480403  -0.24858 -0.841083   1.43372
        0         0         0         1

 0.222656 -0.962245  0.156557   0.58008
 -0.84703 -0.111436  0.519733  0.448316
-0.482665  -0.24833 -0.839861   1.43389
        0         0         0         1

 0.220315 -0.963009  0.155164  0.578474
-0.842956 -0.107929  0.527045  0.447968
-0.490803 -0.246912 -0.835552   1.43484
        0         0         0         1

 0.220274 -0.963109  0.154596  0.577948
-0.841887 -0.107667  0.528805  0.448067
-0.492652 -0.246634 -0.834545   1.43523
        0         0         0         1

 0.220545 -0.963555  0.151397   0.57652
-0.839684 -0.108586  0.532109    0.4483
-0.496277 -0.244479  -0.83303   1.43674
        0         0         0         1

 0.220261 -0.963797  0.150265  0.576215
-0.839152 -0.108687  0.532927  0.449096
-0.497302 -0.243479 -0.832712   1.43786
        0         0         0         1

 0.219208 -0.964438  0.147672  0.575873
-0.839121  -0.10913  0.532886  0.451051
 -0.49782 -0.240728 -0.833202   1.44011
        0         0         0         1

 0.221603 -0.964137  0.146055  0.574223
 -0.83883   -0.1121  0.532727  0.451715
-0.497249 -0.240569 -0.833589   1.44148
        0         0         0         1

 0.226775 -0.963799  0.140228  0.571441
 -0.83899 -0.120193  0.530707  0.456377
-0.494641 -0.238001 -0.835875   1.44757
        0         0         0         1

 0.229043 -0.963583  0.138012  0.570306
-0.838949 -0.123505   0.53001  0.457699
-0.493664  -0.23718 -0.836685   1.44949
        0         0         0         1

 0.233445  -0.96332  0.132355  0.568651
-0.839422 -0.130949  0.527469  0.461265
 -0.49079 -0.234237 -0.839201   1.45409
        0         0         0         1

 0.237337  -0.96292  0.128282  0.567471
-0.839818 -0.137015  0.525293   0.46283
-0.488238 -0.232405 -0.841196   1.45608
        0         0         0         1

 0.250958 -0.960812  0.117727  0.564545
-0.842678 -0.156998  0.515019  0.470351
-0.476354 -0.228454 -0.849056   1.46354
        0         0         0         1

 0.253253 -0.960279  0.117162  0.564694
-0.844404 -0.160328  0.511153  0.473687
-0.472065 -0.228383 -0.851467   1.46604
        0         0         0         1

 0.264188 -0.957967  0.111821   0.56197
-0.844023  -0.17353  0.507457  0.477343
-0.466723 -0.228444 -0.854391    1.4732
        0         0         0         1

 0.266825 -0.957391  0.110489  0.562601
-0.845347 -0.177447  0.503886  0.480829
-0.462809 -0.227851 -0.856675   1.47653
        0         0         0         1

 0.277887 -0.954901  0.104609  0.560978
-0.846493 -0.191937  0.496598  0.485875
-0.454124 -0.226549 -0.861654   1.48258
        0         0         0         1

 0.282919  -0.95384  0.100729  0.560157
-0.846605 -0.198983  0.493626  0.488412
-0.450797 -0.224934 -0.863821   1.48628
        0         0         0         1

 0.301041 -0.949696 0.0863257  0.557127
-0.847094 -0.224743  0.481584   0.49835
-0.437957 -0.218102 -0.872138    1.4985
        0         0         0         1

 0.305393 -0.948787  0.080856  0.556412
-0.846711 -0.231721  0.478943   0.50118
-0.435679 -0.214727 -0.874114   1.50263
        0         0         0         1

 0.312939 -0.947131 0.0707947  0.555967
-0.846865  -0.24451  0.472266  0.508338
-0.429988 -0.207744 -0.878609   1.51087
        0         0         0         1

 0.318557 -0.945532 0.0670109  0.554507
-0.845968 -0.251697  0.470093  0.511375
-0.427621  -0.20644  -0.88007   1.51473
        0         0         0         1

 0.336251   -0.9401 0.0561068  0.552043
-0.844385  -0.27456  0.460034  0.524017
-0.417073 -0.202062 -0.886127   1.52828
        0         0         0         1

 0.343895 -0.937474 0.0536486   0.55054
 -0.84373  -0.28342  0.455843  0.527355
-0.412136 -0.202027 -0.888442   1.53183
        0         0         0         1

 0.355386 -0.933594 0.0458631  0.550044
-0.841439 -0.298168  0.450639  0.535406
-0.407039 -0.198742 -0.891527   1.54214
        0         0         0         1

 0.361264 -0.931454 0.0433858  0.549684
-0.840833 -0.305297  0.446983  0.539556
-0.403098 -0.197959  -0.89349     1.547
        0         0         0         1

 0.372393 -0.927224 0.0397389  0.549221
 -0.84031 -0.318691  0.438537  0.548921
-0.393958 -0.196701 -0.897834    1.5568
        0         0         0         1

 0.378633 -0.924705 0.0394739  0.548246
-0.840032 -0.325432  0.434097  0.553366
-0.388565 -0.197523 -0.900001   1.56117
        0         0         0         1

 0.402583 -0.914579 0.0383683  0.543551
-0.836408 -0.350495  0.421396  0.568984
-0.371952 -0.201738 -0.906065   1.57908
        0         0         0         1

 0.407812 -0.912224 0.0392053  0.543073
-0.836005 -0.355784  0.417748  0.574209
-0.367131 -0.203138 -0.907716   1.58423
        0         0         0         1

 0.417655 -0.907678 0.0410612  0.542589
-0.834984 -0.365601  0.411264  0.585216
-0.358283 -0.206052 -0.910591   1.59621
        0         0         0         1

 0.426204 -0.903725 0.0403798  0.540064
-0.831881 -0.374002  0.409995  0.588971
-0.355421 -0.208333 -0.911193    1.6032
        0         0         0         1

 0.445327 -0.894282 0.0440823   0.53816
-0.828976   -0.3932  0.397735  0.608578
-0.338354 -0.213665 -0.916441   1.62347
        0         0         0         1

 0.452125 -0.890726 0.0468046  0.536829
-0.828013 -0.399625  0.393311  0.614598
-0.331628  -0.21658 -0.918213    1.6285
        0         0         0         1

 0.467297 -0.882655  0.050534  0.532815
-0.823513 -0.413767  0.388102  0.625415
-0.321651 -0.222974  -0.92023   1.64116
        0         0         0         1

 0.471924 -0.880132 0.0515373  0.532151
-0.822141 -0.418213  0.386241  0.631327
 -0.31839 -0.224647 -0.920957   1.64869
        0         0         0         1

 0.479656 -0.875697 0.0555418  0.532501
-0.820827 -0.425428  0.381122  0.644826
-0.310119 -0.228398 -0.922855   1.66213
        0         0         0         1

 0.484468 -0.872751 0.0599704     0.532
-0.821236 -0.430108  0.374939  0.652703
-0.301435 -0.230896 -0.925108   1.66671
        0         0         0         1

 0.505011  -0.86007   0.07242  0.527005
-0.816249 -0.448634  0.363959  0.676454
 -0.28054 -0.242916 -0.928595   1.68952
        0         0         0         1

 0.509299 -0.857202 0.0762837  0.525899
 -0.81527 -0.452194  0.361739  0.683411
-0.275589 -0.246425 -0.929153   1.69638
        0         0         0         1

 0.516557 -0.852241 0.0827912  0.526052
-0.813321 -0.458126  0.358649  0.698375
-0.267727 -0.252598 -0.929794   1.71156
        0         0         0         1

 0.522614 -0.847906 0.0890505  0.523472
-0.811713 -0.462901  0.356153   0.70564
-0.260763 -0.258414 -0.930175   1.71717
        0         0         0         1

  0.53167 -0.840909   0.10099  0.521418
-0.809017 -0.468948  0.354372  0.720764
-0.250636 -0.270111 -0.929635   1.73177
        0         0         0         1

 0.535461 -0.837681  0.107573  0.520272
-0.808125 -0.471178  0.353448  0.728579
-0.245391  -0.27619 -0.929248    1.7386
        0         0         0         1

 0.551685 -0.824069  0.128663  0.514085
-0.803434 -0.483656  0.347234   0.75688
-0.223916 -0.294936  -0.92891   1.75961
        0         0         0         1

 0.555687 -0.820288  0.135427  0.512845
-0.802836 -0.487108  0.343775  0.765465
-0.216026 -0.299757 -0.929235   1.76506
        0         0         0         1

 0.560892 -0.814896  0.146097  0.512887
-0.802375 -0.491603   0.33841  0.783607
-0.203948 -0.307036 -0.929588   1.77844
        0         0         0         1

 0.564042 -0.811976  0.150172  0.512817
-0.802268 -0.495808  0.332477  0.793231
-0.195507 -0.308009 -0.931079   1.78323
        0         0         0         1

 0.569432 -0.804911  0.166932  0.512812
-0.804012 -0.503046  0.317032  0.827094
-0.171208 -0.314744 -0.933608   1.80531
        0         0         0         1

 0.574128 -0.800805  0.170555  0.509329
-0.802096 -0.508282  0.313514  0.835272
-0.164373 -0.316799 -0.934141   1.81058
        0         0         0         1

 0.576583  -0.79729  0.178549  0.509785
-0.802845 -0.512316  0.304914  0.854789
-0.151632 -0.319156 -0.935493    1.8227
        0         0         0         1

 0.579639 -0.794254  0.182151  0.506845
-0.802062 -0.516608  0.299688  0.863553
-0.143928 -0.319807 -0.936487   1.82779
        0         0         0         1

 0.579854 -0.792291  0.189851   0.50695
-0.804155 -0.519172  0.289474  0.883321
-0.130783 -0.320522 -0.938169   1.83859
        0         0         0         1

 0.581484  -0.78937  0.196905  0.505512
-0.804788 -0.522673  0.281299  0.893621
-0.119132 -0.322037 -0.939202   1.84113
        0         0         0         1

 0.581013 -0.785622  0.212655  0.506079
 -0.80871 -0.527811  0.259623  0.931458
-0.0917234  -0.32282 -0.942005   1.85696
        0         0         0         1

  0.58274  -0.78206  0.220899  0.502341
-0.808506 -0.530488  0.254757  0.939691
-0.082051 -0.327055 -0.941436   1.86076
        0         0         0         1

 0.583981  -0.77909  0.228002  0.500795
-0.808694 -0.533934  0.246837  0.959827
-0.0705699 -0.328532 -0.941853   1.87345
        0         0         0         1

 0.581799 -0.777947  0.237295  0.500948
-0.811226 -0.534058  0.238106  0.971995
-0.0585043  -0.33103 -0.941805   1.87476
        0         0         0         1

 0.572083 -0.777494  0.261198  0.504505
-0.819622 -0.530009  0.217508   1.01041
-0.0306738 -0.338517  -0.94046   1.88647
        0         0         0         1

  0.57235 -0.775501  0.266485  0.501354
-0.819672 -0.531738  0.213053    1.0198
-0.0235227 -0.340372 -0.939997   1.89146
        0         0         0         1

 0.565689 -0.776087  0.278722  0.502671
-0.824603 -0.530272  0.197083   1.04235
-0.0051549 -0.341322 -0.939932   1.89789
        0         0         0         1

 0.564775 -0.774924  0.283763  0.501824
-0.825236 -0.531904  0.189904   1.05244
0.00377365 -0.341424 -0.939902   1.90095
        0         0         0         1

 0.563158 -0.769817  0.300391  0.496955
-0.825924 -0.536022  0.174729   1.07282
0.0265066   -0.3465 -0.937675   1.90429
        0         0         0         1

 0.560855 -0.768024  0.309161   0.49475
-0.826986 -0.537373    0.1653   1.08406
0.0391801 -0.348381 -0.936534   1.90621
        0         0         0         1

 0.549953 -0.761262  0.343557  0.491239
-0.831036 -0.539777  0.134241   1.12303
0.0832516 -0.359334 -0.929488   1.91064
        0         0         0         1

 0.550561 -0.757243  0.351378  0.487541
-0.829385 -0.544019  0.127134   1.13218
0.0948848 -0.361423 -0.927562   1.91213
        0         0         0         1

 0.540936 -0.756521   0.36751  0.492934
-0.833213 -0.541583  0.111551   1.15382
 0.114647 -0.366556 -0.923305   1.91695
        0         0         0         1

 0.537819 -0.755129  0.374875  0.492457
-0.833184 -0.543944 0.0996463   1.16607
 0.128665 -0.365931 -0.921705   1.91537
        0         0         0         1

 0.534275 -0.743187  0.402769  0.484064
-0.830145 -0.551153  0.084206   1.20022
 0.159407 -0.379346  -0.91142   1.92173
        0         0         0         1

