 0.179578 -0.771511  0.610346  0.622003
 -0.73401 -0.518161  -0.43902   1.08895
 0.654967 -0.369162 -0.659347   2.94771
        0         0         0         1

 0.179578 -0.771511  0.610346  0.622003
 -0.73401 -0.518161  -0.43902   1.08895
 0.654967 -0.369162 -0.659347   2.94771
        0         0         0         1

  0.17902  -0.76617    0.6172  0.610514
-0.738405 -0.519198 -0.430339   1.05393
 0.650161 -0.378704  -0.65869   2.95043
        0         0         0         1

  0.17902  -0.76617    0.6172  0.610514
-0.738405 -0.519198 -0.430339   1.05393
 0.650161 -0.378704  -0.65869   2.95043
        0         0         0         1

 0.172164 -0.764405  0.621325  0.614881
-0.738729 -0.517438 -0.431899   1.03091
 0.651643 -0.384633 -0.653772   2.94262
        0         0         0         1

 0.172164 -0.764405  0.621325  0.614881
-0.738729 -0.517438 -0.431899   1.03091
 0.651643 -0.384633 -0.653772   2.94262
        0         0         0         1

 0.167484 -0.759837   0.62817  0.618815
-0.739497 -0.518206 -0.429658   1.00464
 0.651992 -0.392569 -0.648688     2.925
        0         0         0         1

 0.167484 -0.759837   0.62817  0.618815
-0.739497 -0.518206 -0.429658   1.00464
 0.651992 -0.392569 -0.648688     2.925
        0         0         0         1

 0.165617  -0.75392  0.635748  0.614457
-0.742374 -0.519672 -0.422874  0.980961
 0.649193 -0.401928 -0.645757    2.9161
        0         0         0         1

 0.165617  -0.75392  0.635748  0.614457
-0.742374 -0.519672 -0.422874  0.980961
 0.649193 -0.401928 -0.645757    2.9161
        0         0         0         1

 0.160067 -0.741523  0.651554  0.601171
-0.743956 -0.524451 -0.414102  0.952698
 0.648775 -0.418443 -0.635608   2.90114
        0         0         0         1

 0.160067 -0.741523  0.651554  0.601171
-0.743956 -0.524451 -0.414102  0.952698
 0.648775 -0.418443 -0.635608   2.90114
        0         0         0         1

  0.14948 -0.720397  0.677262  0.585149
 -0.75605 -0.524702  -0.39125  0.895077
 0.637216  -0.45356 -0.623088    2.8759
        0         0         0         1

  0.14948 -0.720397  0.677262  0.585149
 -0.75605 -0.524702  -0.39125  0.895077
 0.637216  -0.45356 -0.623088    2.8759
        0         0         0         1

 0.155901 -0.716666  0.679768   0.58639
-0.760389 -0.526329 -0.380508  0.868458
 0.630479 -0.457567    -0.627   2.85573
        0         0         0         1

 0.155901 -0.716666  0.679768   0.58639
-0.760389 -0.526329 -0.380508  0.868458
 0.630479 -0.457567    -0.627   2.85573
        0         0         0         1

 0.146509 -0.702254  0.696688  0.571561
-0.774446 -0.519604 -0.360894  0.824708
 0.615441 -0.486673 -0.619985   2.82092
        0         0         0         1

 0.146509 -0.702254  0.696688  0.571561
-0.774446 -0.519604 -0.360894  0.824708
 0.615441 -0.486673 -0.619985   2.82092
        0         0         0         1

 0.151593 -0.693049  0.704771  0.564773
-0.782615 -0.519682 -0.342702  0.797326
 0.603766 -0.499613 -0.621171   2.79418
        0         0         0         1

 0.151593 -0.693049  0.704771  0.564773
-0.782615 -0.519682 -0.342702  0.797326
 0.603766 -0.499613 -0.621171   2.79418
        0         0         0         1

 0.153997 -0.666245  0.729659  0.549463
-0.785222 -0.530771 -0.318918  0.762252
 0.599759 -0.523832 -0.604887   2.74001
        0         0         0         1

 0.153997 -0.666245  0.729659  0.549463
-0.785222 -0.530771 -0.318918  0.762252
 0.599759 -0.523832 -0.604887   2.74001
        0         0         0         1

 0.166935 -0.656204  0.735886  0.553276
-0.800833 -0.525619 -0.287037  0.725386
 0.575151 -0.541406 -0.613255    2.7211
        0         0         0         1

 0.166935 -0.656204  0.735886  0.553276
-0.800833 -0.525619 -0.287037  0.725386
 0.575151 -0.541406 -0.613255    2.7211
        0         0         0         1

 0.182211 -0.625749  0.758444  0.527595
-0.800671 -0.542153 -0.254944  0.697651
 0.570724  -0.56081 -0.599805   2.67868
        0         0         0         1

 0.182211 -0.625749  0.758444  0.527595
-0.800671 -0.542153 -0.254944  0.697651
 0.570724  -0.56081 -0.599805   2.67868
        0         0         0         1

 0.206066 -0.605838  0.768438   0.53057
-0.808135 -0.548171 -0.215468   0.66031
 0.551774 -0.576601 -0.602558   2.62703
        0         0         0         1

 0.206066 -0.605838  0.768438   0.53057
-0.808135 -0.548171 -0.215468   0.66031
 0.551774 -0.576601 -0.602558   2.62703
        0         0         0         1

 0.223641 -0.589725  0.776021  0.523979
-0.807581 -0.557894 -0.191226  0.639538
 0.545708 -0.583934 -0.601019   2.58498
        0         0         0         1

 0.223641 -0.589725  0.776021  0.523979
-0.807581 -0.557894 -0.191226  0.639538
 0.545708 -0.583934 -0.601019   2.58498
        0         0         0         1

 0.248623 -0.567085  0.785239  0.517015
-0.806603 -0.570055 -0.156295  0.614653
 0.536263 -0.594518 -0.599142   2.51762
        0         0         0         1

 0.248623 -0.567085  0.785239  0.517015
-0.806603 -0.570055 -0.156295  0.614653
 0.536263 -0.594518 -0.599142   2.51762
        0         0         0         1

 0.265654 -0.543239  0.796442  0.508214
-0.805246 -0.579284 -0.126528  0.594696
 0.530101 -0.607718  -0.59133   2.47086
        0         0         0         1

 0.265654 -0.543239  0.796442  0.508214
-0.805246 -0.579284 -0.126528  0.594696
 0.530101 -0.607718  -0.59133   2.47086
        0         0         0         1

 0.279137 -0.527646  0.802292  0.507522
-0.806762 -0.581993 -0.102068  0.580725
 0.520785 -0.618768 -0.588141   2.42451
        0         0         0         1

 0.279137 -0.527646  0.802292  0.507522
-0.806762 -0.581993 -0.102068  0.580725
 0.520785 -0.618768 -0.588141   2.42451
        0         0         0         1

  0.299401  -0.505624   0.809137   0.502658
 -0.810086  -0.582762 -0.0644109   0.561854
  0.504102  -0.636186  -0.584079    2.35124
         0          0          0          1

  0.299401  -0.505624   0.809137   0.502658
 -0.810086  -0.582762 -0.0644109   0.561854
  0.504102  -0.636186  -0.584079    2.35124
         0          0          0          1

  0.317989  -0.497663   0.806979    0.50042
 -0.816289  -0.576645 -0.0339584   0.542757
   0.48224   -0.64793  -0.589603    2.30773
         0          0          0          1

  0.317989  -0.497663   0.806979    0.50042
 -0.816289  -0.576645 -0.0339584   0.542757
   0.48224   -0.64793  -0.589603    2.30773
         0          0          0          1

   0.332706   -0.492571    0.804165    0.502284
  -0.825548   -0.564316 -0.00410501    0.528035
   0.455825   -0.662511   -0.594392     2.23631
          0           0           0           1

   0.332706   -0.492571    0.804165    0.502284
  -0.825548   -0.564316 -0.00410501    0.528035
   0.455825   -0.662511   -0.594392     2.23631
          0           0           0           1

  0.34066 -0.494349  0.799731   0.50385
-0.833268  -0.55271 0.0132914  0.519088
 0.435449 -0.670918 -0.600212   2.18945
        0         0         0         1

  0.34066 -0.494349  0.799731   0.50385
-0.833268  -0.55271 0.0132914  0.519088
 0.435449 -0.670918 -0.600212   2.18945
        0         0         0         1

 0.350017 -0.496922  0.794076  0.503388
-0.842177 -0.538097 0.0344852  0.508348
 0.410153 -0.680823  -0.60684   2.14568
        0         0         0         1

 0.350017 -0.496922  0.794076  0.503388
-0.842177 -0.538097 0.0344852  0.508348
 0.410153 -0.680823  -0.60684   2.14568
        0         0         0         1

 0.357791 -0.502134  0.787304  0.506069
-0.855472 -0.514271 0.0607726  0.494079
 0.374372  -0.69526 -0.613563   2.08313
        0         0         0         1

 0.357791 -0.502134  0.787304  0.506069
-0.855472 -0.514271 0.0607726  0.494079
 0.374372  -0.69526 -0.613563   2.08313
        0         0         0         1

 0.361391 -0.509618  0.780824   0.50739
-0.863559 -0.498765 0.0741556  0.488091
 0.351657 -0.701087 -0.620335   2.04222
        0         0         0         1

 0.361391 -0.509618  0.780824   0.50739
-0.863559 -0.498765 0.0741556  0.488091
 0.351657 -0.701087 -0.620335   2.04222
        0         0         0         1

 0.364996  -0.51595  0.774967  0.510848
-0.876256 -0.471628 0.0987052  0.479961
 0.314569 -0.715096 -0.624246   1.98594
        0         0         0         1

 0.364996  -0.51595  0.774967  0.510848
-0.876256 -0.471628 0.0987052  0.479961
 0.314569 -0.715096 -0.624246   1.98594
        0         0         0         1

 0.365394 -0.514517  0.775731   0.51124
-0.883949 -0.452988  0.115915  0.474926
 0.291757 -0.728062 -0.620326    1.9508
        0         0         0         1

 0.365394 -0.514517  0.775731   0.51124
-0.883949 -0.452988  0.115915  0.474926
 0.291757 -0.728062 -0.620326    1.9508
        0         0         0         1

 0.366293 -0.511445  0.777337  0.511736
-0.890949 -0.433743  0.134449  0.470222
 0.268402 -0.741816 -0.614549   1.91802
        0         0         0         1

 0.366293 -0.511445  0.777337  0.511736
-0.890949 -0.433743  0.134449  0.470222
 0.268402 -0.741816 -0.614549   1.91802
        0         0         0         1

 0.364379   -0.5065  0.781464  0.511167
-0.899777 -0.407804  0.155231  0.464647
  0.24006 -0.759706 -0.604332   1.87219
        0         0         0         1

 0.364379   -0.5065  0.781464  0.511167
-0.899777 -0.407804  0.155231  0.464647
  0.24006 -0.759706 -0.604332   1.87219
        0         0         0         1

  0.36302 -0.504693  0.783263  0.511193
-0.904914 -0.391365  0.167227  0.462126
 0.222144 -0.769492 -0.598777   1.84398
        0         0         0         1

  0.36302 -0.504693  0.783263  0.511193
-0.904914 -0.391365  0.167227  0.462126
 0.222144 -0.769492 -0.598777   1.84398
        0         0         0         1

 0.361758 -0.506144  0.782911  0.512095
-0.909293 -0.376867  0.176514  0.461662
 0.205711 -0.775751 -0.596568   1.81788
        0         0         0         1

 0.361758 -0.506144  0.782911  0.512095
-0.909293 -0.376867  0.176514  0.461662
 0.205711 -0.775751 -0.596568   1.81788
        0         0         0         1

 0.360942  -0.50613  0.783296  0.512232
-0.915758 -0.351201   0.19505  0.460762
 0.176374 -0.787712 -0.590256   1.78236
        0         0         0         1

 0.360942  -0.50613  0.783296  0.512232
-0.915758 -0.351201   0.19505  0.460762
 0.176374 -0.787712 -0.590256   1.78236
        0         0         0         1

 0.357755  -0.50512  0.785407  0.512286
-0.919219 -0.338619   0.20093  0.461506
  0.16446 -0.793845 -0.585459   1.75888
        0         0         0         1

 0.357755  -0.50512  0.785407  0.512286
-0.919219 -0.338619   0.20093  0.461506
  0.16446 -0.793845 -0.585459   1.75888
        0         0         0         1

 0.355465 -0.505395   0.78627  0.511334
-0.923795 -0.318027  0.213219  0.461481
 0.142295 -0.802144 -0.579928   1.72987
        0         0         0         1

 0.355465 -0.505395   0.78627  0.511334
-0.923795 -0.318027  0.213219  0.461481
 0.142295 -0.802144 -0.579928   1.72987
        0         0         0         1

 0.356382 -0.502737  0.787558  0.507977
-0.925097 -0.308129  0.221927  0.460509
 0.131098 -0.807658 -0.574892   1.71062
        0         0         0         1

 0.356382 -0.502737  0.787558  0.507977
-0.925097 -0.308129  0.221927  0.460509
 0.131098 -0.807658 -0.574892   1.71062
        0         0         0         1

 0.352348 -0.505986  0.787292  0.508314
-0.928588 -0.293752  0.226792  0.461666
 0.116515  -0.81098 -0.573355   1.69563
        0         0         0         1

 0.352348 -0.505986  0.787292  0.508314
-0.928588 -0.293752  0.226792  0.461666
 0.116515  -0.81098 -0.573355   1.69563
        0         0         0         1

 0.349947 -0.503922  0.789683  0.507134
 -0.93125 -0.278514  0.234954   0.46338
  0.10154 -0.817614 -0.566742   1.67257
        0         0         0         1

 0.349947 -0.503922  0.789683  0.507134
 -0.93125 -0.278514  0.234954   0.46338
  0.10154 -0.817614 -0.566742   1.67257
        0         0         0         1

 0.345551 -0.499028  0.794711  0.506057
-0.933272 -0.271172   0.23552  0.465907
0.0979721 -0.823066 -0.559432    1.6563
        0         0         0         1

 0.345551 -0.499028  0.794711  0.506057
-0.933272 -0.271172   0.23552  0.465907
0.0979721 -0.823066 -0.559432    1.6563
        0         0         0         1

 0.342247 -0.500977  0.794915  0.505905
-0.935682 -0.258987  0.239633  0.469365
0.0858222 -0.825802 -0.557392   1.63778
        0         0         0         1

 0.342247 -0.500977  0.794915  0.505905
-0.935682 -0.258987  0.239633  0.469365
0.0858222 -0.825802 -0.557392   1.63778
        0         0         0         1

 0.342116 -0.499569  0.795856  0.504713
-0.936383 -0.251897  0.244406  0.470745
0.0783756 -0.828842 -0.553966   1.62617
        0         0         0         1

 0.342116 -0.499569  0.795856  0.504713
-0.936383 -0.251897  0.244406  0.470745
0.0783756 -0.828842 -0.553966   1.62617
        0         0         0         1

 0.338744 -0.498508  0.797961  0.504564
-0.938173 -0.243235   0.24631  0.475067
0.0713048 -0.832062 -0.550081    1.6098
        0         0         0         1

 0.338744 -0.498508  0.797961  0.504564
-0.938173 -0.243235   0.24631  0.475067
0.0713048 -0.832062 -0.550081    1.6098
        0         0         0         1

 0.336457 -0.499256  0.798461  0.504367
-0.939647 -0.233928  0.249682  0.476696
0.0621272 -0.834279 -0.547831   1.60149
        0         0         0         1

 0.336457 -0.499256  0.798461  0.504367
-0.939647 -0.233928  0.249682  0.476696
0.0621272 -0.834279 -0.547831   1.60149
        0         0         0         1

 0.335456 -0.494666  0.801732  0.502865
 -0.94019 -0.229335   0.25189  0.478953
0.0592643 -0.838279 -0.542011   1.59142
        0         0         0         1

 0.335456 -0.494666  0.801732  0.502865
 -0.94019 -0.229335   0.25189  0.478953
0.0592643 -0.838279 -0.542011   1.59142
        0         0         0         1

 0.328614 -0.490257  0.807255  0.503924
-0.943082  -0.21656  0.252386  0.484506
0.0510853 -0.844245 -0.533517   1.57775
        0         0         0         1

 0.328614 -0.490257  0.807255  0.503924
-0.943082  -0.21656  0.252386  0.484506
0.0510853 -0.844245 -0.533517   1.57775
        0         0         0         1

 0.328804 -0.485157  0.810253  0.502763
-0.943263 -0.210769  0.256578  0.486504
0.0462954 -0.848645 -0.526932    1.5692
        0         0         0         1

 0.328804 -0.485157  0.810253  0.502763
-0.943263 -0.210769  0.256578  0.486504
0.0462954 -0.848645 -0.526932    1.5692
        0         0         0         1

 0.328055 -0.477879  0.814869  0.502139
-0.943744 -0.203748   0.26045  0.489451
0.0415643 -0.854469 -0.517836   1.55997
        0         0         0         1

 0.328055 -0.477879  0.814869  0.502139
-0.943744 -0.203748   0.26045  0.489451
0.0415643 -0.854469 -0.517836   1.55997
        0         0         0         1

 0.326546 -0.471847   0.81898  0.503221
-0.944746 -0.189226  0.267672  0.493659
0.0286722 -0.861135 -0.507567   1.55086
        0         0         0         1

 0.326546 -0.471847   0.81898  0.503221
-0.944746 -0.189226  0.267672  0.493659
0.0286722 -0.861135 -0.507567   1.55086
        0         0         0         1

 0.326938 -0.470812  0.819419  0.502822
-0.944818 -0.181886  0.272464  0.495724
0.0207619  -0.86328 -0.504297   1.54416
        0         0         0         1

 0.326938 -0.470812  0.819419  0.502822
-0.944818 -0.181886  0.272464  0.495724
0.0207619  -0.86328 -0.504297   1.54416
        0         0         0         1

 0.327449 -0.470215  0.819558  0.502516
 -0.94484 -0.169699  0.280141  0.498187
0.00735123 -0.866083 -0.499846   1.53537
        0         0         0         1

 0.327449 -0.470215  0.819558  0.502516
 -0.94484 -0.169699  0.280141  0.498187
0.00735123 -0.866083 -0.499846   1.53537
        0         0         0         1

 0.327642  -0.47177  0.818586  0.501928
-0.944802  -0.16322  0.284092  0.500449
-0.000416262 -0.866483 -0.499207   1.52857
        0         0         0         1

 0.327642  -0.47177  0.818586  0.501928
-0.944802  -0.16322  0.284092  0.500449
-0.000416262 -0.866483 -0.499207   1.52857
        0         0         0         1

  0.32636  -0.47973  0.814462  0.502801
-0.945185 -0.155859  0.286938   0.50254
-0.0107114 -0.863463 -0.504299   1.52313
        0         0         0         1

  0.32636  -0.47973  0.814462  0.502801
-0.945185 -0.155859  0.286938   0.50254
-0.0107114 -0.863463 -0.504299   1.52313
        0         0         0         1

 0.325863 -0.489988  0.808533  0.503441
-0.945263 -0.153406  0.288002  0.505921
-0.0170839 -0.858125 -0.513156   1.51792
        0         0         0         1

 0.325863 -0.489988  0.808533  0.503441
-0.945263 -0.153406  0.288002  0.505921
-0.0170839 -0.858125 -0.513156   1.51792
        0         0         0         1

 0.330678 -0.499913  0.800461  0.502285
 -0.94328 -0.148513  0.296927  0.506643
-0.0295593 -0.853247 -0.520668   1.51506
        0         0         0         1

 0.330678 -0.499913  0.800461  0.502285
 -0.94328 -0.148513  0.296927  0.506643
-0.0295593 -0.853247 -0.520668   1.51506
        0         0         0         1

 0.334014 -0.509952  0.792706  0.501979
-0.941824 -0.147165  0.302175  0.508326
-0.0374356 -0.847521  -0.52944   1.51222
        0         0         0         1

 0.334014 -0.509952  0.792706  0.501979
-0.941824 -0.147165  0.302175  0.508326
-0.0374356 -0.847521  -0.52944   1.51222
        0         0         0         1

 0.335061 -0.517938  0.787067  0.502214
-0.941202 -0.145627  0.304846  0.509214
-0.043273 -0.842931 -0.536279   1.51269
        0         0         0         1

 0.335061 -0.517938  0.787067  0.502214
-0.941202 -0.145627  0.304846  0.509214
-0.043273 -0.842931 -0.536279   1.51269
        0         0         0         1

 0.335014 -0.524629  0.782643  0.503552
 -0.94104 -0.144869  0.305706  0.511374
-0.0470018 -0.838914  -0.54223   1.51238
        0         0         0         1

 0.335014 -0.524629  0.782643  0.503552
 -0.94104 -0.144869  0.305706  0.511374
-0.0470018 -0.838914  -0.54223   1.51238
        0         0         0         1

 0.335901 -0.527236  0.780508  0.504319
-0.940087 -0.136317  0.312495   0.51307
-0.0583621 -0.838713 -0.541437   1.51377
        0         0         0         1

 0.335901 -0.527236  0.780508  0.504319
-0.940087 -0.136317  0.312495   0.51307
-0.0583621 -0.838713 -0.541437   1.51377
        0         0         0         1

 0.338255 -0.526089  0.780265  0.503262
-0.938943 -0.133163   0.31726  0.513007
-0.0630044 -0.839939  -0.53901   1.51415
        0         0         0         1

 0.338255 -0.526089  0.780265  0.503262
-0.938943 -0.133163   0.31726  0.513007
-0.0630044 -0.839939  -0.53901   1.51415
        0         0         0         1

 0.336695 -0.529673  0.778513  0.502818
-0.939072 -0.128178  0.318926  0.514161
-0.0691383 -0.838461 -0.540558   1.51418
        0         0         0         1

 0.336695 -0.529673  0.778513  0.502818
-0.939072 -0.128178  0.318926  0.514161
-0.0691383 -0.838461 -0.540558   1.51418
        0         0         0         1

 0.333912 -0.534751  0.776237  0.502976
-0.939551 -0.122587  0.319714  0.515021
-0.075811  -0.83607 -0.543359   1.51543
        0         0         0         1

 0.333912 -0.534751  0.776237  0.502976
-0.939551 -0.122587  0.319714  0.515021
-0.075811  -0.83607 -0.543359   1.51543
        0         0         0         1

 0.333642 -0.536967  0.774822  0.501727
-0.939089 -0.117452   0.32298  0.515337
-0.0824253 -0.835387 -0.543447   1.51698
        0         0         0         1

 0.333642 -0.536967  0.774822  0.501727
-0.939089 -0.117452   0.32298  0.515337
-0.0824253 -0.835387 -0.543447   1.51698
        0         0         0         1

 0.329009 -0.540882   0.77408  0.500526
-0.940121 -0.110327  0.322491  0.518158
-0.0890276 -0.833831 -0.544793   1.52033
        0         0         0         1

 0.329009 -0.540882   0.77408  0.500526
-0.940121 -0.110327  0.322491  0.518158
-0.0890276 -0.833831 -0.544793   1.52033
        0         0         0         1

 0.326794  -0.54332  0.773311  0.499418
-0.940469 -0.106084    0.3229  0.519762
-0.0934022 -0.832797 -0.545643   1.52312
        0         0         0         1

 0.326794  -0.54332  0.773311  0.499418
-0.940469 -0.106084    0.3229  0.519762
-0.0934022 -0.832797 -0.545643   1.52312
        0         0         0         1

 0.323302 -0.544555  0.773909  0.496267
-0.941361 -0.101664   0.32172  0.523244
-0.0965157 -0.832541 -0.545491   1.52744
        0         0         0         1

 0.323302 -0.544555  0.773909  0.496267
-0.941361 -0.101664   0.32172  0.523244
-0.0965157 -0.832541 -0.545491   1.52744
        0         0         0         1

 0.320473 -0.546794  0.773507  0.494711
-0.941901 -0.097225  0.321512  0.526063
-0.100597 -0.831603 -0.546184   1.53138
        0         0         0         1

 0.320473 -0.546794  0.773507  0.494711
-0.941901 -0.097225  0.321512  0.526063
-0.100597 -0.831603 -0.546184   1.53138
        0         0         0         1

  0.316562  -0.548092   0.774198   0.493061
 -0.942546 -0.0898974   0.321755    0.52954
 -0.106753  -0.831573   -0.54506     1.5362
         0          0          0          1

  0.316562  -0.548092   0.774198   0.493061
 -0.942546 -0.0898974   0.321755    0.52954
 -0.106753  -0.831573   -0.54506     1.5362
         0          0          0          1

  0.310163  -0.545123   0.778871   0.491065
 -0.944074 -0.0801714   0.319839   0.536453
 -0.111908  -0.834514  -0.539503    1.54152
         0          0          0          1

  0.310163  -0.545123   0.778871   0.491065
 -0.944074 -0.0801714   0.319839   0.536453
 -0.111908  -0.834514  -0.539503    1.54152
         0          0          0          1

 0.307133 -0.548979  0.777361  0.490276
-0.943913 -0.071671  0.322323  0.540414
-0.121234 -0.832757 -0.540201   1.54865
        0         0         0         1

 0.307133 -0.548979  0.777361  0.490276
-0.943913 -0.071671  0.322323  0.540414
-0.121234 -0.832757 -0.540201   1.54865
        0         0         0         1

  0.306323   -0.54977   0.777122   0.488441
 -0.944014 -0.0703933   0.322309   0.542886
 -0.122491  -0.832345  -0.540553    1.54966
         0          0          0          1

  0.302972  -0.557446   0.772956   0.486013
 -0.944134 -0.0652001   0.323047     0.5468
 -0.129685  -0.827649  -0.546058    1.55547
         0          0          0          1

  0.299483  -0.570518   0.764735   0.483833
 -0.943203 -0.0562311   0.327423   0.550712
 -0.143799  -0.819358  -0.554954    1.56394
         0          0          0          1

  0.299483  -0.570518   0.764735   0.483833
 -0.943203 -0.0562311   0.327423   0.550712
 -0.143799  -0.819358  -0.554954    1.56394
         0          0          0          1

  0.294859   -0.58635   0.754488   0.481805
 -0.942363 -0.0477576   0.331168   0.555845
 -0.158148  -0.808649  -0.566636    1.57243
         0          0          0          1

  0.294859   -0.58635   0.754488   0.481805
 -0.942363 -0.0477576   0.331168   0.555845
 -0.158148  -0.808649  -0.566636    1.57243
         0          0          0          1

  0.290079  -0.593586   0.750673   0.476128
 -0.941021 -0.0341622    0.33662   0.563829
 -0.174169  -0.804045  -0.568487    1.58386
         0          0          0          1

  0.290079  -0.593586   0.750673   0.476128
 -0.941021 -0.0341622    0.33662   0.563829
 -0.174169  -0.804045  -0.568487    1.58386
         0          0          0          1

  0.286414   -0.59308   0.752478   0.472773
 -0.940508 -0.0242025   0.338908   0.570541
 -0.182788   -0.80478  -0.564728    1.59298
         0          0          0          1

  0.286414   -0.59308   0.752478   0.472773
 -0.940508 -0.0242025   0.338908   0.570541
 -0.182788   -0.80478  -0.564728    1.59298
         0          0          0          1

  0.282345  -0.589771   0.756605   0.467288
 -0.940035 -0.0127754   0.340838    0.58272
  -0.19135   -0.80747  -0.558013    1.60533
         0          0          0          1

  0.282345  -0.589771   0.756605   0.467288
 -0.940035 -0.0127754   0.340838    0.58272
  -0.19135   -0.80747  -0.558013    1.60533
         0          0          0          1

   0.281059   -0.592459    0.754982    0.463324
  -0.938146 -0.00385639     0.34622    0.588874
   -0.20221   -0.805591   -0.556897     1.61833
          0           0           0           1

   0.281059   -0.592459    0.754982    0.463324
  -0.938146 -0.00385639     0.34622    0.588874
   -0.20221   -0.805591   -0.556897     1.61833
          0           0           0           1

 0.278512 -0.600333  0.749687  0.459549
-0.936244  0.004378  0.351324  0.597082
-0.214194 -0.799738 -0.560839   1.63136
        0         0         0         1

 0.278512 -0.600333  0.749687  0.459549
-0.936244  0.004378  0.351324  0.597082
-0.214194 -0.799738 -0.560839   1.63136
        0         0         0         1

 0.276108 -0.608929  0.743619  0.455117
 -0.93437 0.0112256  0.356127  0.613052
-0.225204 -0.793145 -0.565866   1.65016
        0         0         0         1

 0.276108 -0.608929  0.743619  0.455117
 -0.93437 0.0112256  0.356127  0.613052
-0.225204 -0.793145 -0.565866   1.65016
        0         0         0         1

  0.279223  -0.604118   0.746375   0.452273
 -0.934747 0.00686025   0.355247    0.62639
 -0.219731  -0.796865  -0.562782    1.65882
         0          0          0          1

  0.279223  -0.604118   0.746375   0.452273
 -0.934747 0.00686025   0.355247    0.62639
 -0.219731  -0.796865  -0.562782    1.65882
         0          0          0          1

   0.285108   -0.594475    0.751873    0.449541
  -0.935499 -0.00178821    0.353325    0.649687
  -0.208698   -0.804112    -0.55664     1.67718
          0           0           0           1

   0.285108   -0.594475    0.751873    0.449541
  -0.935499 -0.00178821    0.353325    0.649687
  -0.208698   -0.804112    -0.55664     1.67718
          0           0           0           1

  0.294879  -0.585856   0.754863   0.445216
 -0.935888 -0.0177075   0.351852   0.666566
 -0.192768  -0.810221  -0.553518    1.68601
         0          0          0          1

  0.294879  -0.585856   0.754863   0.445216
 -0.935888 -0.0177075   0.351852   0.666566
 -0.192768  -0.810221  -0.553518    1.68601
         0          0          0          1

  0.306408  -0.581289   0.753801   0.443525
 -0.935069 -0.0355447    0.35268   0.686379
 -0.178216   -0.81292  -0.554437    1.70266
         0          0          0          1

  0.306408  -0.581289   0.753801   0.443525
 -0.935069 -0.0355447    0.35268   0.686379
 -0.178216   -0.81292  -0.554437    1.70266
         0          0          0          1

  0.330204  -0.564311   0.756649   0.439319
 -0.932925 -0.0731747   0.352557   0.718148
 -0.143584  -0.822313  -0.550623    1.72465
         0          0          0          1

  0.330204  -0.564311   0.756649   0.439319
 -0.932925 -0.0731747   0.352557   0.718148
 -0.143584  -0.822313  -0.550623    1.72465
         0          0          0          1

   0.34071  -0.547651   0.764195   0.437321
 -0.933237 -0.0984831     0.3455   0.743884
 -0.113953  -0.830891  -0.544643    1.73808
         0          0          0          1

   0.34071  -0.547651   0.764195   0.437321
 -0.933237 -0.0984831     0.3455   0.743884
 -0.113953  -0.830891  -0.544643    1.73808
         0          0          0          1

 0.352807 -0.521074  0.777181  0.432818
-0.933682 -0.141573  0.328931  0.785375
-0.0613695 -0.841688 -0.536465   1.75676
        0         0         0         1

 0.352807 -0.521074  0.777181  0.432818
-0.933682 -0.141573  0.328931  0.785375
-0.0613695 -0.841688 -0.536465   1.75676
        0         0         0         1

 0.355382 -0.508302  0.784431  0.436172
-0.934208 -0.165339    0.3161  0.818538
-0.0309775 -0.845158 -0.533618   1.77069
        0         0         0         1

 0.355382 -0.508302  0.784431  0.436172
-0.934208 -0.165339    0.3161  0.818538
-0.0309775 -0.845158 -0.533618   1.77069
        0         0         0         1

 0.363658 -0.492212  0.790873  0.435674
 -0.93153 -0.190344  0.309871   0.84965
-0.00198436  -0.84941  -0.52773   1.78277
        0         0         0         1

 0.363658 -0.492212  0.790873  0.435674
 -0.93153 -0.190344  0.309871   0.84965
-0.00198436  -0.84941  -0.52773   1.78277
        0         0         0         1

 0.376886 -0.471449  0.797303   0.42809
-0.925242  -0.23195   0.30021  0.896287
0.0434009 -0.850844 -0.523623   1.79641
        0         0         0         1

 0.376886 -0.471449  0.797303   0.42809
-0.925242  -0.23195   0.30021  0.896287
0.0434009 -0.850844 -0.523623   1.79641
        0         0         0         1

 0.369241 -0.476118  0.798106  0.430273
-0.926627 -0.254114  0.277107  0.933473
0.0708749 -0.841866 -0.535013   1.80877
        0         0         0         1

 0.369241 -0.476118  0.798106  0.430273
-0.926627 -0.254114  0.277107  0.933473
0.0708749 -0.841866 -0.535013   1.80877
        0         0         0         1

 0.348857 -0.473698  0.808646  0.431477
-0.930062 -0.281105  0.236568  0.986087
 0.115252  -0.83462 -0.538634    1.8239
        0         0         0         1

 0.348857 -0.473698  0.808646  0.431477
-0.930062 -0.281105  0.236568  0.986087
 0.115252  -0.83462 -0.538634    1.8239
        0         0         0         1

 0.324666 -0.456809  0.828201  0.429775
-0.932404 -0.301588  0.199169   1.02387
 0.158794 -0.836881 -0.523846   1.82503
        0         0         0         1

 0.324666 -0.456809  0.828201  0.429775
-0.932404 -0.301588  0.199169   1.02387
 0.158794 -0.836881 -0.523846   1.82503
        0         0         0         1

 0.298117 -0.424628  0.854878  0.421622
-0.930021  -0.33086  0.159979   1.05936
 0.214914 -0.842747 -0.493548   1.82001
        0         0         0         1

 0.298117 -0.424628  0.854878  0.421622
-0.930021  -0.33086  0.159979   1.05936
 0.214914 -0.842747 -0.493548   1.82001
        0         0         0         1

 0.252284 -0.389777  0.885679   0.41837
-0.924723 -0.366714  0.102019   1.11609
 0.285026 -0.844745 -0.452952   1.81803
        0         0         0         1

 0.252284 -0.389777  0.885679   0.41837
-0.924723 -0.366714  0.102019   1.11609
 0.285026 -0.844745 -0.452952   1.81803
        0         0         0         1

 0.223223 -0.375606  0.899495  0.418621
-0.916787 -0.394406 0.0628208   1.15591
  0.33117 -0.838668 -0.432391    1.8106
        0         0         0         1

 0.223223 -0.375606  0.899495  0.418621
-0.916787 -0.394406 0.0628208   1.15591
  0.33117 -0.838668 -0.432391    1.8106
        0         0         0         1

