 0.480217 -0.285838   0.82927  0.756852
-0.649617 -0.751163  0.117268    1.0701
 0.589397 -0.595022 -0.546407   2.30481
        0         0         0         1

 0.480217 -0.285838   0.82927  0.756852
-0.649617 -0.751163  0.117268    1.0701
 0.589397 -0.595022 -0.546407   2.30481
        0         0         0         1

 0.491486  -0.28351  0.823446   0.76835
-0.651729 -0.746906  0.131836   1.05046
  0.57766 -0.601459 -0.551866   2.29496
        0         0         0         1

 0.491486  -0.28351  0.823446   0.76835
-0.651729 -0.746906  0.131836   1.05046
  0.57766 -0.601459 -0.551866   2.29496
        0         0         0         1

 0.514198 -0.294317  0.805592  0.786627
-0.658619 -0.737156  0.151072   1.02041
 0.549384 -0.608259 -0.572887   2.27921
        0         0         0         1

 0.514198 -0.294317  0.805592  0.786627
-0.658619 -0.737156  0.151072   1.02041
 0.549384 -0.608259 -0.572887   2.27921
        0         0         0         1

 0.522653 -0.303441  0.796717  0.802774
-0.669885 -0.724211  0.163624  0.992801
 0.527341 -0.619227 -0.581781   2.27251
        0         0         0         1

 0.522653 -0.303441  0.796717  0.802774
-0.669885 -0.724211  0.163624  0.992801
 0.527341 -0.619227 -0.581781   2.27251
        0         0         0         1

 0.543485 -0.314515   0.77827  0.815132
-0.679014 -0.709826  0.187317  0.961561
 0.493522  -0.63026  -0.59934   2.24749
        0         0         0         1

 0.543485 -0.314515   0.77827  0.815132
-0.679014 -0.709826  0.187317  0.961561
 0.493522  -0.63026  -0.59934   2.24749
        0         0         0         1

 0.554953 -0.311966  0.771171  0.816599
  -0.6809 -0.702914  0.205638  0.938523
 0.477915 -0.639209 -0.602502   2.22677
        0         0         0         1

 0.554953 -0.311966  0.771171  0.816599
  -0.6809 -0.702914  0.205638  0.938523
 0.477915 -0.639209 -0.602502   2.22677
        0         0         0         1

 0.567054 -0.322805   0.75779  0.832391
-0.687771 -0.691799  0.219965  0.918616
 0.453233 -0.645918 -0.614304   2.20896
        0         0         0         1

 0.567054 -0.322805   0.75779  0.832391
-0.687771 -0.691799  0.219965  0.918616
 0.453233 -0.645918 -0.614304   2.20896
        0         0         0         1

 0.582797 -0.318902  0.747428  0.845487
-0.687468  -0.68391  0.244243   0.89322
 0.433284 -0.656177 -0.617816   2.16587
        0         0         0         1

 0.582797 -0.318902  0.747428  0.845487
-0.687468  -0.68391  0.244243   0.89322
 0.433284 -0.656177 -0.617816   2.16587
        0         0         0         1

 0.600839 -0.322428  0.731459  0.861275
-0.691585  -0.66856  0.273383  0.875224
 0.400877 -0.670125 -0.624683   2.14367
        0         0         0         1

 0.600839 -0.322428  0.731459  0.861275
-0.691585  -0.66856  0.273383  0.875224
 0.400877 -0.670125 -0.624683   2.14367
        0         0         0         1

 0.627267 -0.315624  0.711981  0.873924
-0.690943 -0.647356  0.321756  0.851227
 0.359352 -0.693766 -0.624144   2.10096
        0         0         0         1

 0.627267 -0.315624  0.711981  0.873924
-0.690943 -0.647356  0.321756  0.851227
 0.359352 -0.693766 -0.624144   2.10096
        0         0         0         1

  0.64234 -0.313716  0.699272  0.882934
-0.690767 -0.632233  0.350888   0.83877
 0.332023 -0.708424 -0.622813   2.07071
        0         0         0         1

  0.64234 -0.313716  0.699272  0.882934
-0.690767 -0.632233  0.350888   0.83877
 0.332023 -0.708424 -0.622813   2.07071
        0         0         0         1

 0.657481 -0.313036  0.685367  0.891482
-0.687431 -0.621615  0.375543   0.82836
 0.308476 -0.718055 -0.623891   2.03651
        0         0         0         1

 0.657481 -0.313036  0.685367  0.891482
-0.687431 -0.621615  0.375543   0.82836
 0.308476 -0.718055 -0.623891   2.03651
        0         0         0         1

 0.670525 -0.318088  0.670236  0.905489
-0.688927  -0.60218  0.403434  0.812627
 0.275276 -0.732256 -0.622916   1.99088
        0         0         0         1

 0.670525 -0.318088  0.670236  0.905489
-0.688927  -0.60218  0.403434  0.812627
 0.275276 -0.732256 -0.622916   1.99088
        0         0         0         1

 0.674744 -0.326126  0.662089  0.913234
-0.691916  -0.59171  0.413681  0.803597
 0.256852 -0.737239 -0.624904   1.96043
        0         0         0         1

 0.674744 -0.326126  0.662089  0.913234
-0.691916  -0.59171  0.413681  0.803597
 0.256852 -0.737239 -0.624904   1.96043
        0         0         0         1

 0.685161 -0.340605   0.64385  0.918235
-0.688609  -0.59102  0.420135   0.79366
 0.237428 -0.731221 -0.639488   1.91418
        0         0         0         1

 0.685161 -0.340605   0.64385  0.918235
-0.688609  -0.59102  0.420135   0.79366
 0.237428 -0.731221 -0.639488   1.91418
        0         0         0         1

 0.690643 -0.356652  0.629135   0.92757
-0.689487 -0.587218  0.424007  0.787733
 0.218217 -0.726618 -0.651465   1.88669
        0         0         0         1

 0.690643 -0.356652  0.629135   0.92757
-0.689487 -0.587218  0.424007  0.787733
 0.218217 -0.726618 -0.651465   1.88669
        0         0         0         1

 0.699516 -0.370541  0.611045  0.936033
-0.687748 -0.581339  0.434797  0.782476
 0.194114 -0.724393 -0.661494   1.85959
        0         0         0         1

 0.699516 -0.370541  0.611045  0.936033
-0.687748 -0.581339  0.434797  0.782476
 0.194114 -0.724393 -0.661494   1.85959
        0         0         0         1

 0.712151 -0.378776  0.591076  0.944346
-0.682341 -0.571448  0.455913  0.774887
 0.165081 -0.727994 -0.665412   1.81754
        0         0         0         1

 0.712151 -0.378776  0.591076  0.944346
-0.682341 -0.571448  0.455913  0.774887
 0.165081 -0.727994 -0.665412   1.81754
        0         0         0         1

  0.71458 -0.383833  0.584849  0.953339
-0.683567 -0.560826  0.467129  0.771776
 0.148699 -0.733584 -0.663131   1.78948
        0         0         0         1

  0.71458 -0.383833  0.584849  0.953339
-0.683567 -0.560826  0.467129  0.771776
 0.148699 -0.733584 -0.663131   1.78948
        0         0         0         1

 0.718218 -0.383243  0.580765  0.959439
-0.684275 -0.540421  0.489605  0.765408
 0.126219 -0.749046 -0.650384   1.74672
        0         0         0         1

 0.718218 -0.383243  0.580765  0.959439
-0.684275 -0.540421  0.489605  0.765408
 0.126219 -0.749046 -0.650384   1.74672
        0         0         0         1

 0.718637 -0.383874  0.579829  0.963567
-0.687337 -0.518616  0.508533   0.75988
 0.105496 -0.763988 -0.636547   1.72308
        0         0         0         1

 0.718637 -0.383874  0.579829  0.963567
-0.687337 -0.518616  0.508533   0.75988
 0.105496 -0.763988 -0.636547   1.72308
        0         0         0         1

 0.716943 -0.383433  0.582212  0.966731
-0.691588 -0.496304  0.524775  0.753886
0.0877385 -0.778885 -0.620999   1.69941
        0         0         0         1

 0.716943 -0.383433  0.582212  0.966731
-0.691588 -0.496304  0.524775  0.753886
0.0877385 -0.778885 -0.620999   1.69941
        0         0         0         1

 0.714248 -0.379477  0.588088  0.968183
-0.696529  -0.46768  0.544171  0.746601
0.0685367 -0.798293 -0.598357   1.66769
        0         0         0         1

 0.714248 -0.379477  0.588088  0.968183
-0.696529  -0.46768  0.544171  0.746601
0.0685367 -0.798293 -0.598357   1.66769
        0         0         0         1

 0.711367 -0.379742    0.5914  0.969577
 -0.70044 -0.452269   0.55212  0.742184
0.0578088    -0.807 -0.587715   1.64947
        0         0         0         1

 0.711367 -0.379742    0.5914  0.969577
 -0.70044 -0.452269   0.55212  0.742184
0.0578088    -0.807 -0.587715   1.64947
        0         0         0         1

 0.705716  -0.38502  0.594747  0.973834
-0.707106 -0.435295  0.557242  0.737064
0.0443413 -0.813804 -0.579445   1.62654
        0         0         0         1

 0.705716  -0.38502  0.594747  0.973834
-0.707106 -0.435295  0.557242  0.737064
0.0443413 -0.813804 -0.579445   1.62654
        0         0         0         1

 0.704982 -0.388282  0.593496  0.974939
-0.708244 -0.429427  0.560342  0.734163
0.0372927 -0.815371 -0.577736   1.61204
        0         0         0         1

 0.704982 -0.388282  0.593496  0.974939
-0.708244 -0.429427  0.560342  0.734163
0.0372927 -0.815371 -0.577736   1.61204
        0         0         0         1

 0.707963 -0.386694  0.590979  0.973197
 -0.70556 -0.424215  0.567649  0.731792
0.0311958 -0.818846 -0.573165   1.59884
        0         0         0         1

 0.707963 -0.386694  0.590979  0.973197
 -0.70556 -0.424215  0.567649  0.731792
0.0311958 -0.818846 -0.573165   1.59884
        0         0         0         1

 0.711938 -0.388052  0.585286  0.976372
-0.702014 -0.414515  0.579097   0.73051
0.0178903  -0.82316 -0.567527    1.5803
        0         0         0         1

 0.711938 -0.388052  0.585286  0.976372
-0.702014 -0.414515  0.579097   0.73051
0.0178903  -0.82316 -0.567527    1.5803
        0         0         0         1

 0.717514 -0.388005  0.578468  0.978834
-0.696514  -0.40738  0.590687  0.730232
0.00646684 -0.826737 -0.562551   1.56883
        0         0         0         1

 0.717514 -0.388005  0.578468  0.978834
-0.696514  -0.40738  0.590687  0.730232
0.00646684 -0.826737 -0.562551   1.56883
        0         0         0         1

 0.728225 -0.387261  0.565436  0.980729
-0.685233 -0.396919  0.610665  0.731088
-0.0120542 -0.832157  -0.55441   1.55339
        0         0         0         1

 0.728225 -0.387261  0.565436  0.980729
-0.685233 -0.396919  0.610665  0.731088
-0.0120542 -0.832157  -0.55441   1.55339
        0         0         0         1

 0.738247 -0.386101  0.553099  0.980076
-0.674146 -0.394633  0.624333   0.73291
-0.0227851 -0.833781 -0.551625    1.5422
        0         0         0         1

 0.738247 -0.386101  0.553099  0.980076
-0.674146 -0.394633  0.624333   0.73291
-0.0227851 -0.833781 -0.551625    1.5422
        0         0         0         1

 0.745522 -0.391618  0.539289  0.982201
-0.665522 -0.394031  0.633893  0.736031
-0.0357466  -0.83149 -0.554389   1.53197
        0         0         0         1

 0.745522 -0.391618  0.539289  0.982201
-0.665522 -0.394031  0.633893  0.736031
-0.0357466  -0.83149 -0.554389   1.53197
        0         0         0         1

 0.757043 -0.387813   0.52582   0.98122
-0.651851  -0.39355  0.648235  0.740726
-0.0444577 -0.833498 -0.550731   1.52139
        0         0         0         1

 0.757043 -0.387813   0.52582   0.98122
-0.651851  -0.39355  0.648235  0.740726
-0.0444577 -0.833498 -0.550731   1.52139
        0         0         0         1

 0.761928 -0.379853  0.524574   0.98139
-0.645825  -0.38465  0.659511  0.742386
-0.0487398 -0.841283 -0.538394   1.51845
        0         0         0         1

 0.761928 -0.379853  0.524574   0.98139
-0.645825  -0.38465  0.659511  0.742386
-0.0487398 -0.841283 -0.538394   1.51845
        0         0         0         1

 0.763679 -0.376286  0.524599   0.97603
-0.644234 -0.391396  0.657094  0.744304
-0.0419296 -0.839773 -0.541316   1.51553
        0         0         0         1

 0.763679 -0.376286  0.524599   0.97603
-0.644234 -0.391396  0.657094  0.744304
-0.0419296 -0.839773 -0.541316   1.51553
        0         0         0         1

 0.762567 -0.378712   0.52447  0.974126
-0.645773 -0.397598  0.651838   0.74468
-0.0383304 -0.835759 -0.547757   1.51475
        0         0         0         1

 0.762567 -0.378712   0.52447  0.974126
-0.645773 -0.397598  0.651838   0.74468
-0.0383304 -0.835759 -0.547757   1.51475
        0         0         0         1

 0.761437 -0.381915  0.523788  0.973182
 -0.64737 -0.406183  0.644925  0.745757
-0.0335528 -0.830155 -0.556523   1.51331
        0         0         0         1

 0.761437 -0.381915  0.523788  0.973182
 -0.64737 -0.406183  0.644925  0.745757
-0.0335528 -0.830155 -0.556523   1.51331
        0         0         0         1

 0.762789 -0.388887  0.516643  0.971683
 -0.64578 -0.416756  0.639751  0.745708
-0.0334771 -0.821633 -0.569033    1.5159
        0         0         0         1

 0.762789 -0.388887  0.516643  0.971683
 -0.64578 -0.416756  0.639751  0.745708
-0.0334771 -0.821633 -0.569033    1.5159
        0         0         0         1

  0.76678 -0.393121  0.507448     0.971
-0.641173 -0.431196  0.634797  0.746495
-0.0307427 -0.812112 -0.582691   1.51699
        0         0         0         1

  0.76678 -0.393121  0.507448     0.971
-0.641173 -0.431196  0.634797  0.746495
-0.0307427 -0.812112 -0.582691   1.51699
        0         0         0         1

 0.769919 -0.397431  0.499273  0.971243
 -0.63746 -0.442857  0.630493  0.747355
-0.0294707 -0.803695 -0.594311   1.51926
        0         0         0         1

 0.769919 -0.397431  0.499273  0.971243
 -0.63746 -0.442857  0.630493  0.747355
-0.0294707 -0.803695 -0.594311   1.51926
        0         0         0         1

 0.776851 -0.402527  0.484225  0.971777
 -0.62929 -0.469094  0.619633  0.749827
-0.0222719 -0.786081 -0.617722   1.52108
        0         0         0         1

 0.776851 -0.402527  0.484225  0.971777
 -0.62929 -0.469094  0.619633  0.749827
-0.0222719 -0.786081 -0.617722   1.52108
        0         0         0         1

  0.77881 -0.409211  0.475397  0.973568
-0.626866 -0.480909  0.612997  0.751721
-0.0222224 -0.775418 -0.631057   1.52375
        0         0         0         1

  0.77881 -0.409211  0.475397  0.973568
-0.626866 -0.480909  0.612997  0.751721
-0.0222224 -0.775418 -0.631057   1.52375
        0         0         0         1

 0.780217  -0.41702  0.466214  0.972029
-0.625088 -0.492503  0.605562  0.753228
-0.0229195 -0.763895 -0.644933   1.52757
        0         0         0         1

 0.780217  -0.41702  0.466214  0.972029
-0.625088 -0.492503  0.605562  0.753228
-0.0229195 -0.763895 -0.644933   1.52757
        0         0         0         1

 0.780454 -0.422968  0.460423  0.968684
-0.624686 -0.497315  0.602035  0.752962
-0.0256665  -0.75748 -0.652354   1.52751
        0         0         0         1

 0.780454 -0.422968  0.460423  0.968684
-0.624686 -0.497315  0.602035  0.752962
-0.0256665  -0.75748 -0.652354   1.52751
        0         0         0         1

 0.775007 -0.431552  0.461657  0.966768
-0.631364 -0.497202  0.595122  0.752855
-0.0272897 -0.752697 -0.657801   1.52725
        0         0         0         1

 0.775007 -0.431552  0.461657  0.966768
-0.631364 -0.497202  0.595122  0.752855
-0.0272897 -0.752697 -0.657801   1.52725
        0         0         0         1

  0.76844 -0.444919  0.459941  0.962268
-0.639272 -0.501351  0.583077  0.752249
-0.0288304 -0.742088 -0.669683   1.52834
        0         0         0         1

  0.76844 -0.444919  0.459941  0.962268
-0.639272 -0.501351  0.583077  0.752249
-0.0288304 -0.742088 -0.669683   1.52834
        0         0         0         1

 0.764715 -0.456398  0.454875  0.959281
-0.643508 -0.504428  0.575717  0.751638
-0.0333041 -0.732975  -0.67944     1.532
        0         0         0         1

 0.764715 -0.456398  0.454875  0.959281
-0.643508 -0.504428  0.575717  0.751638
-0.0333041 -0.732975  -0.67944     1.532
        0         0         0         1

  0.75821 -0.473405  0.448336  0.955372
-0.651125 -0.513954  0.558468  0.752414
-0.0339574 -0.715359 -0.697932   1.53373
        0         0         0         1

  0.75821 -0.473405  0.448336  0.955372
-0.651125 -0.513954  0.558468  0.752414
-0.0339574 -0.715359 -0.697932   1.53373
        0         0         0         1

 0.755699 -0.481558  0.443871  0.952554
-0.654043 -0.519861  0.549521  0.753102
-0.0338747 -0.705583 -0.707818   1.53441
        0         0         0         1

 0.755699 -0.481558  0.443871  0.952554
-0.654043 -0.519861  0.549521  0.753102
-0.0338747 -0.705583 -0.707818   1.53441
        0         0         0         1

 0.751807 -0.489052  0.442282  0.952296
-0.658286 -0.517999  0.546202  0.753017
-0.0380194 -0.701787 -0.711372   1.53798
        0         0         0         1

 0.751807 -0.489052  0.442282  0.952296
-0.658286 -0.517999  0.546202  0.753017
-0.0380194 -0.701787 -0.711372   1.53798
        0         0         0         1

 0.748335 -0.498147     0.438  0.948828
-0.662179   -0.5223  0.537328  0.752987
-0.0389003 -0.692136 -0.720718   1.54255
        0         0         0         1

 0.748335 -0.498147     0.438  0.948828
-0.662179   -0.5223  0.537328  0.752987
-0.0389003 -0.692136 -0.720718   1.54255
        0         0         0         1

  0.74547 -0.510008  0.429146  0.947001
-0.664966 -0.524861  0.531358  0.752803
-0.0457551 -0.681479 -0.730406   1.54751
        0         0         0         1

  0.74547 -0.510008  0.429146  0.947001
-0.664966 -0.524861  0.531358  0.752803
-0.0457551 -0.681479 -0.730406   1.54751
        0         0         0         1

 0.743215 -0.531688  0.406128  0.943561
-0.666729  -0.53802  0.515759  0.754158
-0.0557184 -0.654097 -0.754356   1.55306
        0         0         0         1

 0.743215 -0.531688  0.406128  0.943561
-0.666729  -0.53802  0.515759  0.754158
-0.0557184 -0.654097 -0.754356   1.55306
        0         0         0         1

 0.738012 -0.550034  0.390898  0.943752
-0.671105 -0.537842  0.510239  0.754595
-0.070408 -0.638896 -0.766065   1.55956
        0         0         0         1

 0.738012 -0.550034  0.390898  0.943752
-0.671105 -0.537842  0.510239  0.754595
-0.070408 -0.638896 -0.766065   1.55956
        0         0         0         1

 0.733714 -0.562589  0.380994  0.934642
-0.675075 -0.540005  0.502661  0.755621
-0.077053  -0.62601 -0.775999   1.56781
        0         0         0         1

 0.733714 -0.562589  0.380994  0.934642
-0.675075 -0.540005  0.502661  0.755621
-0.077053  -0.62601 -0.775999   1.56781
        0         0         0         1

 0.726704 -0.572201  0.380115  0.929734
-0.682428 -0.537936  0.494891  0.757172
-0.0787003  -0.61904 -0.781406   1.57501
        0         0         0         1

 0.726704 -0.572201  0.380115  0.929734
-0.682428 -0.537936  0.494891  0.757172
-0.0787003  -0.61904 -0.781406   1.57501
        0         0         0         1

  0.71956  -0.58356   0.37642  0.924124
-0.689999 -0.539675  0.482341  0.759586
-0.0783305 -0.606802 -0.790984   1.58246
        0         0         0         1

  0.71956  -0.58356   0.37642  0.924124
-0.689999 -0.539675  0.482341  0.759586
-0.0783305 -0.606802 -0.790984   1.58246
        0         0         0         1

 0.708396 -0.605609  0.362509  0.916699
-0.700762 -0.542121  0.463722  0.764115
-0.0843108 -0.582531 -0.808424   1.59787
        0         0         0         1

 0.708396 -0.605609  0.362509  0.916699
-0.700762 -0.542121  0.463722  0.764115
-0.0843108 -0.582531 -0.808424   1.59787
        0         0         0         1

 0.701439 -0.622196  0.347644  0.910476
-0.707065 -0.546099   0.44926  0.768498
-0.0896797 -0.560936 -0.822988   1.60773
        0         0         0         1

 0.701439 -0.622196  0.347644  0.910476
-0.707065 -0.546099   0.44926  0.768498
-0.0896797 -0.560936 -0.822988   1.60773
        0         0         0         1

 0.691945 -0.641919  0.330383   0.90095
 -0.71559  -0.54921  0.431623  0.776697
-0.0956175 -0.535078 -0.839374   1.62483
        0         0         0         1

 0.691945 -0.641919  0.330383   0.90095
 -0.71559  -0.54921  0.431623  0.776697
-0.0956175 -0.535078 -0.839374   1.62483
        0         0         0         1

 0.690357 -0.646665  0.324393  0.889618
-0.717327  -0.55353   0.42314  0.782776
-0.0940686 -0.524813 -0.846004   1.63487
        0         0         0         1

 0.690357 -0.646665  0.324393  0.889618
-0.717327  -0.55353   0.42314  0.782776
-0.0940686 -0.524813 -0.846004   1.63487
        0         0         0         1

   0.6839 -0.654613  0.322123  0.883514
-0.723279 -0.550449  0.416982  0.790791
-0.0956495 -0.518159 -0.849919   1.64735
        0         0         0         1

   0.6839 -0.654613  0.322123  0.883514
-0.723279 -0.550449  0.416982  0.790791
-0.0956495 -0.518159 -0.849919   1.64735
        0         0         0         1

 0.680546 -0.657012  0.324333  0.868778
 -0.72687  -0.54963  0.411785  0.803927
-0.0922847 -0.515986 -0.851611   1.67045
        0         0         0         1

 0.680546 -0.657012  0.324333  0.868778
 -0.72687  -0.54963  0.411785  0.803927
-0.0922847 -0.515986 -0.851611   1.67045
        0         0         0         1

 0.679084 -0.657626  0.326149  0.857543
-0.729096 -0.552674  0.403695  0.815389
-0.085226 -0.511937 -0.854785   1.68548
        0         0         0         1

 0.679084 -0.657626  0.326149  0.857543
-0.729096 -0.552674  0.403695  0.815389
-0.085226 -0.511937 -0.854785   1.68548
        0         0         0         1

 0.675492 -0.658849  0.331102  0.849778
-0.732612  -0.54875  0.402683   0.82765
-0.0836152 -0.514578 -0.853357   1.70488
        0         0         0         1

 0.675492 -0.658849  0.331102  0.849778
-0.732612  -0.54875  0.402683   0.82765
-0.0836152 -0.514578 -0.853357   1.70488
        0         0         0         1

 0.673307 -0.648789  0.354586  0.831596
 -0.73664 -0.547529  0.396955  0.851279
-0.0633943 -0.528475 -0.846579   1.72903
        0         0         0         1

 0.673307 -0.648789  0.354586  0.831596
 -0.73664 -0.547529  0.396955  0.851279
-0.0633943 -0.528475 -0.846579   1.72903
        0         0         0         1

 0.671676 -0.639287  0.374383  0.819871
-0.739754 -0.551339  0.385732  0.869385
-0.0401815 -0.536039 -0.843237   1.74497
        0         0         0         1

 0.671676 -0.639287  0.374383  0.819871
-0.739754 -0.551339  0.385732  0.869385
-0.0401815 -0.536039 -0.843237   1.74497
        0         0         0         1

 0.668854 -0.634686   0.38705  0.801373
-0.743162 -0.557876  0.369437  0.896349
-0.0185504 -0.534741 -0.844813   1.77672
        0         0         0         1

 0.668854 -0.634686   0.38705  0.801373
-0.743162 -0.557876  0.369437  0.896349
-0.0185504 -0.534741 -0.844813   1.77672
        0         0         0         1

 0.663948 -0.638148  0.389795   0.78994
-0.747777 -0.565618  0.347714  0.916953
-0.00141784 -0.522345 -0.852733   1.79421
        0         0         0         1

 0.663948 -0.638148  0.389795   0.78994
-0.747777 -0.565618  0.347714  0.916953
-0.00141784 -0.522345 -0.852733   1.79421
        0         0         0         1

 0.657175 -0.645952  0.388416  0.779523
-0.753625 -0.572043  0.323754  0.937584
 0.013061 -0.505483 -0.862738   1.81169
        0         0         0         1

 0.657175 -0.645952  0.388416  0.779523
-0.753625 -0.572043  0.323754  0.937584
 0.013061 -0.505483 -0.862738   1.81169
        0         0         0         1

 0.639787 -0.660783  0.392478  0.763494
-0.767677 -0.573819  0.285314  0.971371
 0.036681 -0.483836  -0.87439   1.83843
        0         0         0         1

 0.639787 -0.660783  0.392478  0.763494
-0.767677 -0.573819  0.285314  0.971371
 0.036681 -0.483836  -0.87439   1.83843
        0         0         0         1

 0.628336 -0.665319  0.403168  0.752447
-0.776083 -0.571894  0.265768  0.993521
0.0537483 -0.479883 -0.875684   1.85386
        0         0         0         1

 0.628336 -0.665319  0.403168  0.752447
-0.776083 -0.571894  0.265768  0.993521
0.0537483 -0.479883 -0.875684   1.85386
        0         0         0         1

 0.609099 -0.670894  0.422965   0.73178
-0.788245 -0.570982  0.229455   1.03001
0.0875657 -0.473161 -0.876613   1.87294
        0         0         0         1

 0.609099 -0.670894  0.422965   0.73178
-0.788245 -0.570982  0.229455   1.03001
0.0875657 -0.473161 -0.876613   1.87294
        0         0         0         1

 0.594931 -0.669221  0.445197  0.715824
-0.794528 -0.573422  0.199783   1.05745
 0.121586 -0.472578 -0.872861   1.88405
        0         0         0         1

 0.594931 -0.669221  0.445197  0.715824
-0.794528 -0.573422  0.199783   1.05745
 0.121586 -0.472578 -0.872861   1.88405
        0         0         0         1

  0.58093 -0.661451  0.474344  0.698527
-0.798071 -0.577438  0.172188   1.08518
  0.16001 -0.478589 -0.863336   1.89431
        0         0         0         1

  0.58093 -0.661451  0.474344  0.698527
-0.798071 -0.577438  0.172188   1.08518
  0.16001 -0.478589 -0.863336   1.89431
        0         0         0         1

  0.54489 -0.659692  0.517592  0.690594
-0.811633 -0.569976  0.127981   1.12775
 0.210587 -0.489831 -0.846002   1.91063
        0         0         0         1

  0.54489 -0.659692  0.517592  0.690594
-0.811633 -0.569976  0.127981   1.12775
 0.210587 -0.489831 -0.846002   1.91063
        0         0         0         1

 0.533404 -0.635236   0.55853  0.662478
-0.804189 -0.585547  0.102048   1.15879
 0.262221 -0.503596 -0.823183   1.90987
        0         0         0         1

 0.533404 -0.635236   0.55853  0.662478
-0.804189 -0.585547  0.102048   1.15879
 0.262221 -0.503596 -0.823183   1.90987
        0         0         0         1

