 0.519369 -0.420995  0.743652  0.921598
-0.850825  -0.33592  0.404048    1.0875
0.0797052 -0.842568  -0.53266   2.01566
        0         0         0         1

 0.515455 -0.422937  0.745272  0.922829
-0.853972 -0.325566  0.405879   1.07162
 0.070974 -0.845654 -0.528991   2.00882
        0         0         0         1

  0.51247 -0.420189  0.748877   0.92199
 -0.85693 -0.306291  0.414555   1.04773
0.0551826 -0.854182 -0.517037    2.0066
        0         0         0         1

 0.508471 -0.420462  0.751444  0.921365
-0.859742 -0.296509  0.415844   1.03289
0.0479637 -0.857493 -0.512255   1.99958
        0         0         0         1

 0.502306 -0.412315  0.760056  0.922963
-0.864326 -0.264917  0.427503  0.992853
0.0250861 -0.871674 -0.489444   1.98504
        0         0         0         1

 0.503997 -0.402024  0.764436    0.9175
-0.863515 -0.253115  0.436205  0.976903
0.0181256 -0.879948 -0.474723   1.97964
        0         0         0         1

 0.501394 -0.393629  0.770493  0.919003
-0.865188 -0.235601  0.442653  0.956943
0.00728802 -0.888566 -0.458692   1.97146
        0         0         0         1

 0.496002  -0.38996  0.775831  0.922694
-0.868319 -0.220606  0.444247  0.941856
-0.00208553 -0.894016 -0.448031   1.96618
        0         0         0         1

 0.491622 -0.382403  0.782353  0.924316
-0.870713 -0.202516  0.448159  0.922542
-0.0129377 -0.901529 -0.432524   1.95741
        0         0         0         1

 0.491512 -0.373688  0.786621  0.920076
-0.870601 -0.188339  0.454514  0.907065
-0.0216946 -0.908232 -0.417904   1.95306
        0         0         0         1

 0.477351 -0.367705  0.798078  0.923531
-0.877748 -0.156975  0.452679  0.873051
-0.0411741 -0.916598 -0.397684   1.93528
        0         0         0         1

 0.471421 -0.365712  0.802506  0.925332
-0.880698 -0.147572  0.450104  0.861723
-0.0461813 -0.918954 -0.391651   1.92725
        0         0         0         1

  0.46497 -0.363121  0.807432   0.92577
-0.883297 -0.128549  0.450846  0.844238
-0.0599169 -0.922832 -0.380515   1.91833
        0         0         0         1

 0.460624 -0.360231  0.811208  0.926104
 -0.88493 -0.115612  0.451146  0.832145
-0.068731 -0.925671 -0.372033    1.9109
        0         0         0         1

  0.455142  -0.348112   0.819551   0.926898
 -0.885495 -0.0802893    0.45766   0.802158
 -0.093516  -0.934008  -0.344795    1.89238
         0          0          0          1

  0.451913  -0.343388   0.823322   0.928198
 -0.886235 -0.0675028   0.458291   0.791626
 -0.101795  -0.936765  -0.334828    1.88393
         0          0          0          1

  0.448968  -0.336232   0.827874   0.929563
 -0.886076 -0.0479617   0.461052   0.776515
 -0.115314  -0.940557  -0.319461    1.87353
         0          0          0          1

  0.445053  -0.334904   0.830522   0.932409
 -0.886256 -0.0317795   0.462104   0.765816
 -0.128367  -0.941716  -0.310955    1.86699
         0          0          0          1

   0.44286  -0.330862    0.83331   0.932885
 -0.885211 -0.0137422   0.464986   0.752226
 -0.142395  -0.943579  -0.298968    1.85679
         0          0          0          1

   0.443778   -0.325708     0.83485    0.931105
  -0.883196 -0.00121753    0.469002    0.741672
  -0.151741    -0.94547   -0.288204     1.84969
          0           0           0           1

 0.439478 -0.321632  0.838697  0.932901
-0.880788 0.0289255  0.472627  0.718894
-0.176272 -0.946423 -0.270577   1.82856
        0         0         0         1

 0.437132  -0.32221    0.8397  0.934902
-0.879587 0.0417235  0.473906  0.710383
-0.187732 -0.945748 -0.265173   1.82165
        0         0         0         1

 0.434379 -0.323463  0.840647  0.936385
-0.877522 0.0585228  0.475952  0.699104
 -0.20315 -0.944429 -0.258425   1.81004
        0         0         0         1

 0.430557 -0.326321  0.841508  0.939796
-0.876236 0.0724197  0.476409  0.691472
-0.216404 -0.942481 -0.254753    1.8026
        0         0         0         1

 0.428858 -0.326761  0.842204  0.942406
-0.869115   0.10506  0.483323  0.671959
-0.246413 -0.939249 -0.238937   1.78333
        0         0         0         1

 0.427603 -0.327405  0.842592  0.944735
-0.865705  0.119996  0.485959  0.664846
-0.260213 -0.937234 -0.232125   1.77634
        0         0         0         1

 0.427796 -0.324203  0.843732  0.946065
-0.861116  0.137525  0.489454  0.655407
-0.274716 -0.935938 -0.220344   1.76573
        0         0         0         1

 0.427242 -0.322959  0.844489  0.948224
-0.857902  0.150055  0.491414  0.649465
-0.285426 -0.934441 -0.212958   1.75791
        0         0         0         1

 0.426286 -0.321119  0.845673  0.951151
-0.853705  0.166309  0.493486  0.641621
-0.299111 -0.932322 -0.203246   1.74666
        0         0         0         1

 0.430665 -0.314926  0.845783  0.949664
-0.848488  0.178084  0.498351  0.635195
-0.307564 -0.932259 -0.190517   1.73881
        0         0         0         1

 0.429219 -0.303298  0.850754  0.952968
 -0.84262  0.204692  0.498089  0.622125
-0.325211 -0.930651 -0.167707   1.71722
        0         0         0         1

 0.426216 -0.301902  0.852757  0.955094
-0.840544    0.2163  0.496689  0.616753
-0.334403 -0.928477 -0.161572   1.71009
        0         0         0         1

 0.424583 -0.299348   0.85447  0.955691
-0.836889  0.230348  0.496545  0.609885
-0.345465 -0.925922 -0.152719   1.70024
        0         0         0         1

 0.419252 -0.299039  0.857207  0.958134
-0.837326  0.237549  0.492398  0.605981
-0.350874   -0.9242   -0.1508   1.69204
        0         0         0         1

 0.408245 -0.300355  0.862046  0.960514
-0.834989  0.258806  0.485605  0.594543
-0.368956 -0.918045 -0.145137   1.67272
        0         0         0         1

 0.402981 -0.301297  0.864191    0.9611
-0.834418  0.266948  0.482168  0.590364
 -0.37597 -0.915401 -0.143832   1.66498
        0         0         0         1

 0.393682 -0.304216  0.867449  0.963655
 -0.83408  0.278471  0.476198  0.585113
-0.386426 -0.910992 -0.144111   1.65477
        0         0         0         1

 0.391947 -0.304107  0.868272  0.962588
-0.831984  0.285647  0.475613  0.581016
-0.392657 -0.908804 -0.141054   1.64737
        0         0         0         1

 0.387903 -0.304696   0.86988  0.963121
-0.829574  0.295874  0.473566  0.575794
-0.401669 -0.905328 -0.137998    1.6374
        0         0         0         1

 0.384182 -0.304763  0.871507  0.964366
-0.827614   0.30471  0.471389  0.572365
-0.409219  -0.90237 -0.135162   1.63029
        0         0         0         1

 0.378177 -0.301497  0.875261  0.966793
-0.821892  0.325736  0.467322  0.564241
   -0.426   -0.8961 -0.124612   1.61116
        0         0         0         1

 0.374707  -0.29976  0.877347  0.969031
-0.819896  0.334663  0.464513  0.561474
-0.432858  -0.89339 -0.120371   1.60415
        0         0         0         1

 0.374276  -0.29615  0.878756  0.969987
-0.815064  0.346882  0.464052  0.557352
-0.442254 -0.889926 -0.111552    1.5946
        0         0         0         1

 0.373148 -0.292538  0.880444  0.971171
-0.812479  0.355133   0.46234  0.554775
-0.447927 -0.887864 -0.105164   1.58752
        0         0         0         1

  0.373812  -0.284639   0.882749   0.971577
 -0.809236   0.364969   0.460364   0.551341
 -0.453214  -0.886441 -0.0939099    1.57703
         0          0          0          1

  0.372776  -0.278778   0.885054   0.972673
  -0.80619   0.374964   0.457667   0.548686
 -0.459451  -0.884129 -0.0849701    1.57095
         0          0          0          1

  0.372195  -0.259673    0.89109   0.973981
 -0.800633    0.39585   0.449767   0.542688
  -0.46953  -0.880837 -0.0605693    1.55462
         0          0          0          1

  0.369148  -0.253294   0.894188   0.975667
 -0.799374   0.404239   0.444513   0.540521
 -0.474058  -0.878882 -0.0532525    1.54884
         0          0          0          1

  0.365762   -0.24533   0.897792   0.977108
 -0.798281    0.41325   0.438146   0.537751
 -0.478503  -0.876948 -0.0446909    1.54083
         0          0          0          1

  0.363906  -0.239824   0.900032    0.97741
 -0.797646   0.418728   0.434083   0.535795
 -0.480972  -0.875872 -0.0389172    1.53495
         0          0          0          1

  0.356495  -0.228002    0.90605   0.979764
 -0.797807   0.430397   0.422212   0.531435
 -0.486226  -0.873369 -0.0284674    1.52048
         0          0          0          1

  0.352199  -0.224483   0.908605   0.981137
 -0.797678   0.435807   0.416873   0.529648
 -0.489557  -0.871596 -0.0255741    1.51579
         0          0          0          1

  0.347649  -0.220557   0.911315   0.982152
 -0.798114   0.440492   0.411073   0.527366
 -0.492092  -0.870242 -0.0228925    1.50883
         0          0          0          1

  0.345166  -0.217962   0.912882   0.982755
 -0.798138   0.443581   0.407691   0.525674
 -0.493798  -0.869327 -0.0208545    1.50397
         0          0          0          1

  0.342297  -0.215152   0.914627   0.983327
 -0.798904   0.445722   0.403837    0.52363
 -0.494556  -0.868931 -0.0193163    1.49648
         0          0          0          1

  0.339193   -0.21461    0.91591   0.984257
 -0.799057   0.448083    0.40091   0.522164
 -0.496443   -0.86785 -0.0194988    1.49205
         0          0          0          1

  0.332299  -0.216046   0.918097   0.986124
  -0.79931   0.452226   0.395722   0.518475
 -0.500681  -0.865342 -0.0224135    1.48167
         0          0          0          1

  0.329327  -0.217961   0.918715   0.987175
 -0.800356   0.451801   0.394088   0.517266
 -0.500972  -0.865083 -0.0256559     1.4772
         0          0          0          1

  0.324793  -0.220281   0.919775   0.988697
 -0.801627   0.451959   0.391314   0.515615
   -0.5019  -0.864412 -0.0297904    1.47178
         0          0          0          1

  0.322094  -0.222018   0.920306   0.989816
 -0.802344   0.451959   0.389842   0.514435
 -0.502493  -0.863968 -0.0325617    1.46822
         0          0          0          1

   0.31856  -0.222486   0.921423   0.991995
 -0.803311   0.452663   0.387025    0.51166
 -0.503201   -0.86348 -0.0345251    1.45921
         0          0          0          1

  0.318848  -0.220287   0.921851   0.992304
 -0.803209   0.453552   0.386194   0.510373
 -0.503181  -0.863576 -0.0323224    1.45626
         0          0          0          1

  0.319588  -0.216095   0.922587   0.992836
 -0.804188   0.453088     0.3847   0.509004
 -0.501144  -0.864878 -0.0289797    1.45116
         0          0          0          1

 0.318795 -0.213332  0.923504  0.994215
-0.805134   0.45317  0.382617  0.508091
-0.500129 -0.865521 -0.027293   1.44809
        0         0         0         1

  0.317269  -0.209725   0.924854   0.996171
 -0.806811   0.452839   0.379463   0.506877
 -0.498393  -0.866575 -0.0255367    1.44411
         0          0          0          1

  0.317148  -0.207912   0.925305   0.996631
 -0.807052    0.45325    0.37846   0.505527
  -0.49808  -0.866797 -0.0240481    1.44218
         0          0          0          1

  0.314458  -0.204364   0.927012   0.999724
 -0.809367    0.45256   0.374319    0.50313
 -0.496026     -0.868 -0.0230948    1.43606
         0          0          0          1

  0.314475  -0.202997   0.927307    1.00029
 -0.810492   0.451125   0.373616   0.502263
 -0.494174  -0.869068 -0.0226604    1.43359
         0          0          0          1

  0.313048  -0.200707   0.928288    1.00156
 -0.812349    0.44978   0.371198   0.500971
 -0.492027  -0.870296 -0.0222417    1.43081
         0          0          0          1

 0.311707 -0.197433   0.92944   1.00283
-0.814608  0.448019  0.368364  0.500389
-0.489134 -0.871951  -0.02118   1.42852
        0         0         0         1

  0.308558  -0.187522   0.932538    1.00387
 -0.820198   0.444054   0.360681   0.498082
 -0.481732  -0.876158 -0.0167885    1.42367
         0          0          0          1

  0.307477  -0.185535   0.933293    1.00383
 -0.821691   0.442859   0.358748   0.496891
 -0.479877  -0.877184 -0.0162832     1.4223
         0          0          0          1

  0.305607  -0.183455   0.934317      1.004
 -0.824212   0.440341   0.356054   0.495306
 -0.476738  -0.878888 -0.0166347    1.42036
         0          0          0          1

  0.304253  -0.182154   0.935013    1.00406
 -0.825762   0.438921   0.354211   0.494105
 -0.474917  -0.879869 -0.0168726    1.41902
         0          0          0          1

  0.300701   -0.18022   0.936536    1.00586
 -0.828252   0.437506   0.350124    0.49293
 -0.472839  -0.880971 -0.0177091    1.41736
         0          0          0          1

   0.29972  -0.178637   0.937154    1.00632
  -0.82884   0.437682   0.348509   0.491693
 -0.472432  -0.881206 -0.0168796    1.41648
         0          0          0          1

  0.298125  -0.174883   0.938369    1.00749
 -0.830492   0.437085   0.345311   0.489189
 -0.470536  -0.882254 -0.0149324     1.4141
         0          0          0          1

  0.297538  -0.173274   0.938854    1.00769
  -0.83128   0.436602   0.344024   0.488219
 -0.469516  -0.882811 -0.0141336    1.41311
         0          0          0          1

  0.295684  -0.171623   0.939743     1.0082
 -0.832213    0.43672   0.341608   0.486888
 -0.469033  -0.883075 -0.0136958    1.41209
         0          0          0          1

  0.294639  -0.170827   0.940216    1.00801
 -0.833049   0.436149   0.340299   0.486058
 -0.468206  -0.883511 -0.0138007    1.41138
         0          0          0          1

  0.286685  -0.169427   0.942924    1.00825
 -0.836513   0.435474   0.332579   0.484182
 -0.466966  -0.884114 -0.0168838    1.41025
         0          0          0          1

  0.283115  -0.170021   0.943895    1.00808
 -0.838825   0.433255   0.329641     0.4836
 -0.464994  -0.885089 -0.0199569    1.40926
         0          0          0          1

  0.276132  -0.171554   0.945685    1.00867
 -0.841187   0.432828   0.324138   0.482755
 -0.464926  -0.885003 -0.0247915    1.40915
         0          0          0          1

  0.273631  -0.173149   0.946121     1.0079
 -0.841692   0.432947   0.322663   0.481968
 -0.465489  -0.884633 -0.0272703    1.40929
         0          0          0          1

 0.269679 -0.172982  0.947286   1.00731
-0.844448  0.430302  0.318979  0.481398
-0.462796 -0.885956 -0.030031   1.40827
        0         0         0         1

  0.266697  -0.171892   0.948328    1.00699
 -0.845598   0.430377   0.315816   0.480848
 -0.462424  -0.886132 -0.0305715    1.40827
         0          0          0          1

  0.263096  -0.163479   0.950818    1.00532
 -0.848237   0.430345   0.308702   0.479611
 -0.459646  -0.887738 -0.0254468    1.40798
         0          0          0          1

  0.261168  -0.161934   0.951614    1.00489
 -0.849534    0.42954   0.306247   0.479311
 -0.458348   -0.88841 -0.0253861    1.40768
         0          0          0          1

  0.257233  -0.161261   0.952799    1.00443
 -0.850666       0.43   0.302436   0.478984
 -0.458474   -0.88831 -0.0265692    1.40802
         0          0          0          1

  0.256877  -0.161659   0.952828    1.00347
 -0.850593   0.430233   0.302309   0.478598
 -0.458809  -0.888125 -0.0269894    1.40846
         0          0          0          1

  0.253612  -0.161783   0.953681    1.00272
  -0.85239   0.428707   0.299402   0.478468
 -0.457288   -0.88884 -0.0291767    1.40856
         0          0          0          1

  0.253583  -0.161522   0.953733    1.00208
 -0.852632   0.428337   0.299244   0.478435
 -0.456853  -0.889066 -0.0290996    1.40883
         0          0          0          1

  0.253097  -0.161357    0.95389    1.00144
 -0.853451   0.427089   0.298692   0.478637
 -0.455592  -0.889696 -0.0296153      1.409
         0          0          0          1

   0.25181  -0.161477    0.95421    1.00143
 -0.853953   0.426855   0.297588   0.478939
 -0.455363  -0.889786 -0.0304077     1.4094
         0          0          0          1

  0.253827  -0.162567   0.953491   0.999909
 -0.853475   0.426214    0.29987   0.479205
  -0.45514  -0.889895 -0.0305621    1.41022
         0          0          0          1

  0.254141  -0.163061   0.953322   0.999346
 -0.853484   0.425848   0.300365   0.479699
 -0.454948   -0.88998 -0.0309444    1.41086
         0          0          0          1

  0.255301   -0.16232   0.953139   0.997762
  -0.85426    0.42384   0.300996   0.481591
 -0.452836  -0.891073 -0.0304567    1.41197
         0          0          0          1

  0.255415  -0.161524   0.953243   0.997445
 -0.854398   0.423749   0.300733   0.482445
 -0.452511  -0.891261 -0.0297744    1.41284
         0          0          0          1

  0.255343   -0.16112   0.953331   0.996958
 -0.854977   0.422781   0.300452   0.484021
 -0.451459  -0.891794 -0.0297997    1.41424
         0          0          0          1

  0.255082  -0.160521   0.953502   0.996829
 -0.855616   0.421868   0.299916   0.485246
 -0.450395  -0.892334 -0.0297337    1.41532
         0          0          0          1

  0.256359  -0.157692   0.953632   0.995685
 -0.857379   0.418443   0.299677   0.488517
 -0.446297  -0.894449 -0.0279301    1.41923
         0          0          0          1

  0.256899  -0.156657   0.953657   0.995323
 -0.858519   0.416134   0.299629   0.489859
 -0.443788  -0.895707 -0.0275884    1.42066
         0          0          0          1

 0.258992 -0.155794  0.953232  0.994026
 -0.85957  0.412937  0.301034  0.491832
-0.440524 -0.897336 -0.026968    1.4232
        0         0         0         1

  0.260036  -0.154846   0.953102   0.993549
 -0.861456   0.408696   0.301431   0.493505
 -0.436204  -0.899439 -0.0271171    1.42454
         0          0          0          1

  0.260182  -0.153662   0.953254   0.993582
 -0.863352   0.405045   0.300937   0.495708
 -0.432353  -0.901292 -0.0272791    1.42728
         0          0          0          1

  0.262085  -0.153449   0.952767   0.992973
 -0.864268   0.401933   0.302474   0.497296
 -0.429363   -0.90272 -0.0272801    1.42943
         0          0          0          1

  0.265741  -0.153667   0.951719   0.992263
 -0.866045   0.395621   0.305697    0.50166
 -0.423495  -0.905467 -0.0279498    1.43634
         0          0          0          1

  0.266173  -0.153023   0.951702   0.992384
 -0.867612   0.392161   0.305709   0.503424
 -0.420001   -0.90708 -0.0283821     1.4388
         0          0          0          1

  0.269183  -0.152369    0.95096   0.991526
 -0.868434   0.388481   0.308067   0.505635
  -0.41637  -0.908772 -0.0277495     1.4429
         0          0          0          1

  0.270635  -0.152294   0.950559   0.991422
 -0.869362   0.385437    0.30927   0.507465
 -0.413481   -0.91008 -0.0280853    1.44604
         0          0          0          1

  0.274299  -0.152608   0.949458   0.990842
  -0.87196   0.376879   0.312486   0.511949
 -0.405519  -0.913604 -0.0296908     1.4548
         0          0          0          1

  0.276564  -0.152984    0.94874   0.990106
 -0.872553   0.373721   0.314617   0.513694
 -0.402695  -0.914838 -0.0301287    1.45886
         0          0          0          1

  0.278288  -0.153076   0.948221   0.989805
 -0.874437   0.368065   0.316052   0.516117
 -0.397387  -0.917113 -0.0314271    1.46379
         0          0          0          1

  0.279951  -0.153073   0.947732    0.98941
 -0.875981   0.363185   0.317417   0.518243
  -0.39279  -0.919057 -0.0324146    1.46779
         0          0          0          1

  0.283243    -0.1539   0.946619   0.988164
 -0.877437   0.356855    0.32056   0.520513
  -0.38714  -0.921395 -0.0339613    1.47358
         0          0          0          1

  0.282585   -0.15362   0.946862   0.988941
 -0.879957   0.351439   0.319635   0.522808
 -0.381866  -0.923521 -0.0358673    1.47786
         0          0          0          1

  0.288394  -0.154512   0.944963   0.987137
 -0.882859   0.339124   0.324891   0.527308
 -0.370659  -0.927966 -0.0386112    1.49085
         0          0          0          1

  0.288804  -0.154822   0.944787   0.987591
  -0.88469   0.334045   0.325173   0.529378
 -0.365946  -0.929755 -0.0404956    1.49617
         0          0          0          1

   0.29057  -0.153496   0.944462   0.987592
 -0.887619   0.325391   0.325965   0.532378
 -0.357353  -0.933038 -0.0416968    1.50314
         0          0          0          1

   0.29308  -0.152433   0.943858   0.987152
 -0.889335   0.318939   0.327659   0.534482
 -0.350979  -0.935437 -0.0420894    1.50849
         0          0          0          1

  0.299143  -0.148654   0.942558   0.986182
   -0.8943   0.300813   0.331269   0.540294
 -0.332778  -0.942026 -0.0429558    1.52267
         0          0          0          1

  0.301087  -0.146889   0.942216   0.985866
 -0.896057   0.294446    0.33224   0.542561
 -0.326234  -0.944312 -0.0429665    1.52895
         0          0          0          1

  0.303595  -0.145197   0.941673   0.985963
 -0.898722   0.284587   0.333629    0.54589
  -0.31643   -0.94759 -0.0440926    1.53787
         0          0          0          1

  0.306568  -0.143687   0.940941   0.985562
 -0.900541    0.27639   0.335612   0.548388
  -0.30829  -0.950243 -0.0446636    1.54439
         0          0          0          1

  0.307843  -0.141356   0.940878   0.986794
 -0.903742   0.265732   0.335615   0.552137
 -0.297463  -0.953627 -0.0459459    1.55357
         0          0          0          1

  0.311986  -0.140076   0.939704   0.985548
 -0.904918   0.257528   0.338825   0.554687
 -0.289461  -0.956064 -0.0464122    1.56052
         0          0          0          1

  0.318223  -0.138711   0.937813   0.985625
 -0.909466   0.234559   0.343298   0.562264
 -0.267592  -0.962154 -0.0515106    1.57865
         0          0          0          1

  0.321126  -0.137584   0.936989   0.985031
 -0.911346   0.224164   0.345253   0.565433
  -0.25754  -0.964791 -0.0534016    1.58581
         0          0          0          1

  0.325784  -0.136843   0.935489   0.984447
 -0.913391   0.209904   0.348793   0.569836
 -0.244093  -0.968098 -0.0566083    1.59569
         0          0          0          1

  0.329279  -0.137143    0.93422   0.984373
 -0.914854   0.198545   0.351599   0.573596
 -0.233704  -0.970449 -0.0600891    1.60292
         0          0          0          1

  0.337311  -0.138216   0.931192   0.984501
 -0.917868   0.171469   0.357935   0.582835
 -0.209142  -0.975446 -0.0690254    1.62369
         0          0          0          1

  0.341333  -0.138844   0.929631   0.984444
  -0.91822   0.162145    0.36136   0.586523
 -0.200908   -0.97695 -0.0721443    1.63226
         0          0          0          1

  0.346523  -0.140416   0.927473    0.98434
 -0.918718   0.148852   0.365787   0.591994
 -0.189419  -0.978839 -0.0774222     1.6446
         0          0          0          1

  0.352302  -0.139768   0.925391   0.983196
 -0.919007   0.135281   0.370305   0.596429
 -0.176945  -0.980899 -0.0807882    1.65216
         0          0          0          1

  0.357062  -0.142271   0.923182   0.983893
 -0.919822   0.118473    0.37402   0.602753
 -0.162585  -0.982712 -0.0885621    1.66311
         0          0          0          1

  0.360998  -0.143778   0.921416   0.984083
 -0.919789   0.108103   0.377229   0.607389
 -0.153845  -0.983688 -0.0932208    1.67227
         0          0          0          1

 0.375526 -0.142592  0.915777  0.982788
-0.918039 0.0784054  0.388661  0.619917
-0.127222 -0.986671 -0.101462   1.69429
        0         0         0         1

  0.38109 -0.142636  0.913469  0.982534
-0.917207 0.0658479  0.392931  0.625275
-0.116196 -0.987582 -0.105733    1.7026
        0         0         0         1

   0.3876  -0.14309  0.910654  0.983219
-0.915955 0.0515516  0.397956  0.632995
-0.103889 -0.988366 -0.111082   1.71551
        0         0         0         1

 0.393373 -0.143347  0.908135   0.98291
-0.914798 0.0374597  0.402172  0.639168
-0.0916685 -0.988963 -0.116398   1.72332
        0         0         0         1

  0.404914  -0.145471   0.902708   0.984033
 -0.912016 0.00630313   0.410105   0.655017
-0.0653484  -0.989342   -0.13012    1.74638
         0          0          0          1

   0.409766    -0.14675    0.900309    0.984076
   -0.91053 -0.00627974    0.413394     0.66144
 -0.0550121   -0.989154   -0.136194     1.75555
          0           0           0           1

  0.416205  -0.148848   0.897005   0.984342
 -0.908279 -0.0219862   0.417788   0.670481
-0.0424651  -0.988616  -0.144346    1.76839
         0          0          0          1

  0.421624  -0.150066   0.894267   0.984555
 -0.906153 -0.0333412   0.421633   0.677172
-0.0334569  -0.988114   -0.15004    1.77799
         0          0          0          1

  0.430764  -0.148024   0.890242   0.982738
  -0.90234 -0.0542499   0.427597   0.687641
-0.0149991  -0.987495  -0.156937    1.78917
         0          0          0          1

  0.434311  -0.149571   0.888258   0.983266
 -0.900757 -0.0683374   0.428915   0.695651
-0.00345192  -0.986387  -0.164407    1.79692
         0          0          0          1

  0.449905  -0.150768   0.880258   0.980755
 -0.892876 -0.0968295   0.439769   0.714489
 0.0189318  -0.983816  -0.178181    1.82125
         0          0          0          1

 0.451985 -0.153783   0.87867  0.982465
-0.891544 -0.110254  0.439311  0.723161
 0.029318 -0.981934 -0.186938   1.82936
        0         0         0         1

 0.457488  -0.15732  0.875189  0.983057
-0.888452 -0.121648  0.442554  0.733361
0.0368422 -0.980027 -0.195424   1.84408
        0         0         0         1

 0.459836 -0.159618   0.87354  0.984777
-0.886602 -0.137773  0.441538  0.743876
0.0498733 -0.977518  -0.20487   1.85019
        0         0         0         1

 0.471352 -0.164599   0.86645  0.984906
-0.879174 -0.165512  0.446832  0.766214
0.0698602 -0.972375 -0.222725   1.87331
        0         0         0         1

 0.475151 -0.166211  0.864063  0.985322
-0.876363   -0.1774  0.447791  0.775812
0.0788571 -0.970002 -0.229953   1.88164
        0         0         0         1

 0.482038 -0.166972  0.860093  0.984221
-0.871497 -0.192417  0.451075   0.78893
0.0901798 -0.967004 -0.238268   1.89373
        0         0         0         1

 0.485413 -0.166868  0.858213  0.984324
-0.868506 -0.204707  0.451433  0.799212
 0.100353 -0.964495 -0.244294   1.90032
        0         0         0         1

 0.492886 -0.163391  0.854615  0.980697
 -0.86254   -0.2209  0.455224  0.812799
 0.114405 -0.961513 -0.249809   1.91134
        0         0         0         1

 0.496473 -0.166452  0.851944  0.981786
-0.859661 -0.230413  0.455952  0.822574
 0.120404 -0.958751 -0.257486   1.92003
        0         0         0         1

  0.50093 -0.177113  0.847172  0.984578
-0.854656 -0.255605  0.451917  0.849591
 0.136501 -0.950419 -0.279411     1.942
        0         0         0         1

 0.505637 -0.177071   0.84438  0.982008
-0.849672 -0.271946  0.451778  0.862023
 0.149629 -0.945881 -0.287958   1.94495
        0         0         0         1

 0.508774 -0.182266  0.841385  0.983541
 -0.84583 -0.287896  0.449096  0.878499
 0.160377 -0.940157  -0.30064   1.95422
        0         0         0         1

 0.513027 -0.183849  0.838453  0.980274
-0.841941 -0.297988  0.449821  0.889369
  0.16715 -0.936698 -0.307666   1.96188
        0         0         0         1

 0.519716 -0.191366  0.832631  0.978351
-0.833786 -0.326101  0.445488  0.919011
 0.186271 -0.925763 -0.329038   1.97953
        0         0         0         1

  0.51994 -0.194575  0.831747  0.979829
-0.832038 -0.335738   0.44158  0.931499
 0.193328  -0.92164 -0.336457   1.98494
        0         0         0         1

 0.524093 -0.193798  0.829318  0.974556
-0.825849 -0.353566  0.439278  0.949055
 0.208087 -0.915114 -0.345349   1.98931
        0         0         0         1

 0.522361 -0.202634  0.828299  0.980029
-0.825257 -0.364685  0.431226  0.963268
 0.214687 -0.908815 -0.357722   1.99467
        0         0         0         1

 0.527801 -0.202176  0.824955  0.976561
-0.819863  -0.37504  0.432631  0.980434
 0.221924 -0.904693 -0.363703   2.00294
        0         0         0         1

 0.531466 -0.201484  0.822769  0.972688
-0.816389 -0.380919  0.434063  0.990979
 0.225951 -0.902388 -0.366935   2.01088
        0         0         0         1

 0.531739 -0.213664  0.819513   0.97682
-0.813175  -0.39919   0.42355   1.02548
 0.236643 -0.891625 -0.386011    2.0241
        0         0         0         1

 0.534051 -0.218599  0.816703  0.976656
 -0.81041 -0.407588  0.420841   1.03856
 0.240883 -0.886615 -0.394828   2.02769
        0         0         0         1

 0.539468 -0.214113  0.814328  0.970938
-0.801247   -0.4278  0.418319    1.0605
 0.258802 -0.878147 -0.402342   2.02609
        0         0         0         1

 0.539899 -0.216682  0.813362  0.970619
-0.798458 -0.437674  0.413409   1.07612
 0.266409 -0.872634 -0.409311   2.02693
        0         0         0         1

 0.545866 -0.221896  0.807956  0.968266
-0.791393 -0.453251  0.410195   1.10981
 0.275186 -0.863322 -0.423021   2.03496
        0         0         0         1

 0.546824 -0.224869  0.806485  0.968454
-0.788116 -0.463369   0.40517   1.12421
  0.28259  -0.85716 -0.430604   2.03477
        0         0         0         1

 0.546798 -0.229458  0.805209  0.969973
 -0.78838  -0.46491  0.402886   1.14144
 0.281904 -0.855107 -0.435112   2.04026
        0         0         0         1

 0.549038   -0.2294    0.8037  0.966672
-0.785228 -0.470982  0.401987   1.15517
 0.286312 -0.851793 -0.438718    2.0424
        0         0         0         1

 0.556889 -0.220154  0.800879  0.955054
-0.775175 -0.484051  0.405955   1.17517
 0.298293 -0.846893  -0.44022   2.04094
        0         0         0         1

