 0.485899 -0.275953  0.829308   1.49263
-0.832104 -0.436358  0.342337   1.05878
 0.267406 -0.856412 -0.441648   2.08754
        0         0         0         1

 0.478944 -0.270067   0.83527   1.49617
-0.839858 -0.417847  0.346472   1.04085
 0.255445 -0.867449 -0.426943   2.08539
        0         0         0         1

 0.470831 -0.267142  0.840805   1.50292
-0.846551 -0.405077  0.345347   1.02794
 0.248334 -0.874384 -0.416872   2.08166
        0         0         0         1

 0.459213  -0.26449  0.848038   1.50864
-0.858842 -0.376098  0.347765  0.999686
 0.226965 -0.888029 -0.399864   2.07082
        0         0         0         1

 0.455714 -0.258841  0.851661   1.50761
-0.862358 -0.365502  0.350352   0.98809
 0.220598 -0.894097 -0.389778    2.0687
        0         0         0         1

 0.444596  -0.26575  0.855401   1.51511
-0.871927 -0.347097  0.345351  0.971231
  0.20513 -0.899389 -0.386033   2.06622
        0         0         0         1

 0.439162 -0.267041  0.857803   1.51692
-0.875779 -0.340194   0.34246  0.960974
 0.200369 -0.901641 -0.383269   2.05936
        0         0         0         1

 0.429582  -0.27335  0.860662   1.52577
-0.883659 -0.323587  0.338288   0.94543
 0.186027 -0.905854 -0.380556   2.05477
        0         0         0         1

 0.419983 -0.280996  0.862934   1.53384
-0.891353 -0.306464  0.334021  0.931779
 0.170599 -0.909462 -0.379177   2.04929
        0         0         0         1

 0.415789 -0.267861   0.86912    1.5293
-0.896765 -0.279877  0.342757  0.907137
 0.151435 -0.921911 -0.356578   2.03646
        0         0         0         1

 0.412396 -0.262148  0.872472   1.52989
-0.899424 -0.269377  0.344198  0.896276
 0.144793 -0.926669 -0.346872   2.03142
        0         0         0         1

 0.399998 -0.265677  0.877165   1.54107
 -0.90786 -0.246081  0.339462  0.879573
 0.125667 -0.932127 -0.339629   2.02533
        0         0         0         1

 0.397178 -0.263086  0.879224   1.54204
-0.909727 -0.239201  0.339382  0.871754
 0.121024 -0.934649 -0.334342   2.01463
        0         0         0         1

  0.38905 -0.259454  0.883925   1.54709
-0.915452 -0.216061  0.339507  0.855859
 0.102895 -0.941276 -0.321576   2.01046
        0         0         0         1

 0.385012 -0.258392  0.886002   1.54891
-0.917726 -0.208814  0.337899   0.84764
0.0976989 -0.943202 -0.317529   2.00191
        0         0         0         1

 0.374192 -0.259016  0.890444   1.55489
-0.924077 -0.184763  0.334581  0.826366
0.0778593 -0.948037 -0.308487   1.98076
        0         0         0         1

 0.368987 -0.259544  0.892461   1.55812
 -0.92696 -0.172786  0.333001  0.816807
0.0677764 -0.950148 -0.304342   1.97286
        0         0         0         1

 0.363749 -0.260215  0.894413   1.55986
-0.929625 -0.162251  0.330865  0.806847
0.0590239 -0.951821 -0.300921   1.95993
        0         0         0         1

 0.360878 -0.258945  0.895944   1.56249
-0.931465 -0.147732  0.332488   0.79571
0.0462637 -0.954527 -0.294511   1.95476
        0         0         0         1

 0.347744 -0.260094  0.900791   1.57108
-0.937433 -0.114022  0.328967  0.772376
0.0171476 -0.958827 -0.283471   1.93796
        0         0         0         1

 0.347285  -0.25779   0.90163   1.57107
-0.937699 -0.106406  0.330754  0.765559
0.0106736 -0.960324 -0.278683   1.92791
        0         0         0         1

  0.343647  -0.253828   0.904145    1.57298
 -0.939099 -0.0922817   0.331025   0.755736
-0.00058726  -0.962837  -0.270081    1.91646
         0          0          0          1

  0.340395  -0.250591   0.906276    1.57511
 -0.940214 -0.0790855   0.331275   0.748146
-0.0113412  -0.964857   -0.26253    1.90825
         0          0          0          1

    0.3399  -0.249553   0.906748    1.57736
 -0.940299 -0.0722504   0.332593   0.741615
-0.0174867  -0.965662  -0.259213    1.89252
         0          0          0          1

 0.333117 -0.249524  0.909269   1.58329
-0.942356 -0.055794  0.329927  0.732635
-0.031593  -0.96676 -0.253726    1.8838
        0         0         0         1

  0.324963  -0.245188    0.91339    1.58976
 -0.944047 -0.0265643    0.32874   0.717243
-0.0563395  -0.969112  -0.240102    1.86044
         0          0          0          1

  0.322312  -0.242172   0.915132    1.59233
 -0.944379 -0.0155855   0.328489   0.710877
-0.0652881  -0.970108  -0.233726    1.84945
         0          0          0          1

   0.320474   -0.235403    0.917541     1.59411
   -0.94404 0.000396761    0.329832    0.703605
 -0.0780074   -0.971898   -0.222103     1.83779
          0           0           0           1

  0.31885 -0.232458  0.918857   1.59579
-0.943851 0.0105835  0.330201  0.698298
-0.0864827 -0.972549 -0.216031   1.82679
        0         0         0         1

 0.311406 -0.224561  0.923362   1.60044
-0.944203 0.0365627  0.327327  0.685648
-0.107266 -0.973774 -0.200646   1.80301
        0         0         0         1

 0.309213 -0.220245  0.925138   1.60206
-0.944168 0.0452358  0.326343  0.681242
-0.113725 -0.974395 -0.193961   1.79226
        0         0         0         1

  0.30615 -0.217523  0.926799   1.60508
-0.944073 0.0558719   0.32497  0.675737
-0.122471 -0.974455 -0.188253    1.7783
        0         0         0         1

 0.302945 -0.212721  0.928964   1.60701
-0.943643 0.0693632  0.323615  0.670461
-0.133276 -0.974648 -0.179719    1.7692
        0         0         0         1

 0.301771 -0.209539  0.930069   1.60887
-0.942606 0.0806739  0.324014  0.665591
-0.142926 -0.974467 -0.173168   1.75674
        0         0         0         1

 0.298804 -0.206756  0.931648   1.61147
-0.942142 0.0915156   0.32248  0.660674
-0.151935 -0.974103 -0.167448    1.7471
        0         0         0         1

 0.297046 -0.202245  0.933199   1.61445
-0.938957  0.115773  0.323969  0.651466
 -0.17356 -0.972468 -0.155509   1.72448
        0         0         0         1

 0.296361 -0.200122  0.933874   1.61605
-0.937607  0.125194  0.324374   0.64775
 -0.18183  -0.97174 -0.150533   1.71497
        0         0         0         1

 0.293903  -0.19944  0.934797   1.61965
-0.936323   0.13653  0.323511  0.642873
-0.192149 -0.970352 -0.146614   1.70231
        0         0         0         1

 0.293498 -0.197259  0.935387   1.62109
-0.934538  0.146778  0.324184  0.639344
-0.201242 -0.969301 -0.141267   1.69276
        0         0         0         1

 0.294054 -0.192564   0.93619   1.62373
-0.930382  0.166673  0.326512  0.632251
-0.218912 -0.967026 -0.130147   1.67126
        0         0         0         1

 0.295104 -0.189186  0.936548   1.62542
-0.928337  0.175143  0.327896  0.629118
-0.226063 -0.966195 -0.123943    1.6632
        0         0         0         1

 0.292312 -0.187078  0.937846   1.62887
-0.927557  0.183259  0.325661  0.625136
-0.232793   -0.9651 -0.119957   1.65123
        0         0         0         1

 0.293111 -0.184258  0.938155   1.63023
-0.925831  0.190168   0.32661  0.622348
-0.238587 -0.964306 -0.114852   1.64284
        0         0         0         1

 0.293452 -0.182254   0.93844   1.63197
-0.923517  0.199577  0.327545  0.618849
-0.246987 -0.962784 -0.109748   1.63324
        0         0         0         1

 0.292234  -0.18062  0.939136   1.63384
-0.922382  0.206152  0.326669  0.615853
-0.252608 -0.961706 -0.106356   1.62495
        0         0         0         1

  0.292561  -0.177835   0.939565    1.63647
 -0.918303   0.221785   0.327918   0.610078
 -0.266697  -0.958742 -0.0984209    1.60796
         0          0          0          1

  0.293656  -0.178831   0.939034    1.63732
 -0.916408   0.226816   0.329775   0.608053
 -0.271962  -0.957379 -0.0972764    1.60039
         0          0          0          1

  0.293066  -0.178682   0.939247    1.63876
 -0.914737     0.2334    0.32982   0.605139
 -0.278153  -0.955823 -0.0950454    1.59117
         0          0          0          1

   0.29066    -0.1779   0.940143    1.64216
 -0.913753   0.239879   0.327893   0.601913
 -0.283852  -0.954364 -0.0928331    1.58468
         0          0          0          1

  0.289075  -0.176988   0.940803    1.64514
 -0.911137    0.25065   0.327113   0.596964
 -0.293708  -0.951761 -0.0888038    1.56898
         0          0          0          1

  0.286011  -0.174459   0.942211    1.64736
 -0.910643    0.25652   0.323925   0.594292
 -0.298208  -0.950664 -0.0855025    1.56368
         0          0          0          1

   0.28246  -0.173316   0.943492    1.65013
  -0.90965   0.263864   0.320799   0.590845
 -0.304553  -0.948861 -0.0831262    1.55733
         0          0          0          1

  0.282924  -0.173447   0.943329    1.65058
 -0.908489   0.266929   0.321554   0.589496
 -0.307575  -0.947979 -0.0820542     1.5513
         0          0          0          1

  0.284162  -0.172906   0.943056    1.65065
 -0.907032   0.270282   0.322863   0.587986
 -0.310716  -0.947128 -0.0800275    1.54427
         0          0          0          1

  0.280881  -0.175047   0.943644     1.6531
 -0.907331   0.272044   0.320536   0.585878
 -0.312822   -0.94623 -0.0824132    1.53756
         0          0          0          1

  0.279682   -0.17682    0.94367    1.65566
  -0.90454    0.28096    0.32073   0.581408
 -0.321846   -0.94329 -0.0813616    1.52703
         0          0          0          1

   0.28012  -0.175721   0.943745    1.65644
 -0.903347   0.284381   0.321079   0.579825
 -0.324803   -0.94247 -0.0790762    1.52321
         0          0          0          1

  0.282203   -0.17391    0.94346    1.65691
 -0.901867   0.287223   0.322706   0.578093
 -0.327105  -0.941944 -0.0757883    1.51828
         0          0          0          1

   0.28087  -0.172566   0.944105    1.65754
 -0.901419   0.290272   0.321227   0.576639
  -0.32948  -0.941256 -0.0740252    1.51415
         0          0          0          1

  0.276906  -0.166748   0.946318    1.66101
 -0.901701   0.295228   0.315872    0.57324
 -0.332051  -0.940763 -0.0686067    1.50617
         0          0          0          1

  0.275078  -0.164459   0.947251     1.6616
 -0.901934   0.297048   0.313491   0.572333
 -0.332936  -0.940593 -0.0666196    1.50268
         0          0          0          1

  0.271509  -0.161508   0.948788    1.66366
 -0.903185   0.297796   0.309151   0.570903
 -0.332476  -0.940868 -0.0650179    1.49855
         0          0          0          1

  0.269984  -0.159304   0.949595    1.66391
 -0.903519   0.298966   0.307038   0.570281
 -0.332809  -0.940873 -0.0632183    1.49545
         0          0          0          1

  0.265524  -0.154929   0.951574    1.66652
 -0.904111   0.302722   0.301567   0.567973
 -0.334784  -0.940402 -0.0596931    1.48933
         0          0          0          1

  0.265334  -0.152251    0.95206    1.66698
 -0.903547   0.305318   0.300639   0.567159
 -0.336453      -0.94 -0.0565551    1.48804
         0          0          0          1

  0.266511  -0.151689    0.95182     1.6666
 -0.903272   0.305224    0.30156   0.567495
 -0.336262  -0.940122 -0.0556712    1.48501
         0          0          0          1

  0.265998   -0.15201   0.951913    1.66746
  -0.90334   0.305384   0.301192    0.56692
 -0.336483  -0.940018 -0.0560852    1.48235
         0          0          0          1

  0.266549   -0.15007   0.952067    1.66732
 -0.902738   0.307193    0.30116   0.566625
 -0.337663   -0.93974 -0.0535919    1.48106
         0          0          0          1

  0.265687  -0.149161    0.95245    1.66865
 -0.903252   0.306803   0.300011   0.566291
 -0.336965  -0.940012 -0.0532166    1.47877
         0          0          0          1

  0.264988  -0.145131   0.953267    1.67008
  -0.90316   0.308938   0.298094   0.565617
 -0.337763  -0.939944 -0.0492112    1.47673
         0          0          0          1

  0.264934    -0.1443   0.953408    1.67029
 -0.903371   0.308655   0.297745   0.565743
 -0.337239  -0.940165 -0.0485834    1.47484
         0          0          0          1

  0.264508  -0.142381   0.953815    1.67053
 -0.904248   0.307174   0.296616   0.565824
 -0.335219  -0.940942 -0.0474981    1.47291
         0          0          0          1

  0.263036  -0.141425   0.954364    1.67091
 -0.905565   0.305043   0.294789   0.565978
 -0.332813  -0.941779 -0.0478318    1.47127
         0          0          0          1

 0.259577 -0.142165  0.955201   1.67166
-0.907025  0.303689  0.291683  0.565488
-0.331551 -0.942105 -0.050117   1.47139
        0         0         0         1

  0.257182  -0.145542    0.95534    1.67164
 -0.908372   0.300899   0.290378   0.565537
 -0.329723  -0.942485 -0.0548208    1.47032
         0          0          0          1

  0.256377  -0.146377   0.955429    1.67212
 -0.909497   0.298119   0.289725   0.564911
 -0.327241  -0.943238 -0.0566986    1.46981
         0          0          0          1

  0.256059   -0.14565   0.955625     1.6729
 -0.909716   0.297986   0.289175   0.564492
 -0.326881  -0.943393 -0.0561976    1.47016
         0          0          0          1

   0.25692  -0.145867   0.955361    1.67282
 -0.909748   0.297072   0.290011   0.564376
 -0.326114  -0.943648 -0.0563788    1.46971
         0          0          0          1

  0.258235  -0.146881   0.954851    1.67273
 -0.909719   0.295688   0.291513   0.564411
 -0.325156  -0.943925 -0.0572634    1.46901
         0          0          0          1

  0.260459  -0.148406   0.954011      1.673
 -0.909123    0.29497   0.294089   0.563931
 -0.325049  -0.943911 -0.0580913    1.46978
         0          0          0          1

  0.260499  -0.149542   0.953823    1.67369
  -0.90914   0.294534   0.294473   0.563688
 -0.324969  -0.943868 -0.0592294    1.46947
         0          0          0          1

 0.261653 -0.151035  0.953271   1.67355
-0.908547  0.294756  0.296078  0.563668
-0.325701 -0.943561 -0.060099   1.46988
        0         0         0         1

 0.262226 -0.152078  0.952948   1.67365
-0.907986  0.295536  0.297017  0.563325
  -0.3268 -0.943149 -0.060588   1.47042
        0         0         0         1

  0.264519  -0.154426   0.951936     1.6733
 -0.906878   0.295922   0.300004   0.563466
 -0.328028  -0.942647 -0.0617687    1.47054
         0          0          0          1

    0.2653  -0.155776   0.951499    1.67361
 -0.906085   0.297062   0.301272   0.563225
 -0.329585  -0.942066 -0.0623356    1.47079
         0          0          0          1

  0.268544  -0.156717   0.950434    1.67426
 -0.904118   0.299418   0.304828   0.563041
 -0.332349  -0.941163 -0.0612833    1.47177
         0          0          0          1

  0.269465  -0.155225   0.950418     1.6747
   -0.9033   0.301369   0.305327   0.562911
 -0.333821  -0.940788 -0.0590064    1.47243
         0          0          0          1

  0.271194  -0.153255   0.950246     1.6749
 -0.902311   0.303222   0.306417   0.562978
 -0.335096  -0.940515 -0.0560519    1.47334
         0          0          0          1

  0.272971  -0.152176    0.94991    1.67489
 -0.901423   0.304449    0.30781   0.563172
  -0.33604  -0.940294 -0.0540694    1.47402
         0          0          0          1

   0.27358  -0.151981   0.949766    1.67656
 -0.899198   0.310134   0.308641   0.562572
 -0.341463  -0.938466 -0.0518147     1.4758
         0          0          0          1

 0.277447  -0.15094   0.94881   1.67596
 -0.89712  0.312702  0.312078  0.562963
  -0.3438 -0.937782 -0.048653   1.47599
        0         0         0         1

  0.281314  -0.147268   0.948248    1.67615
 -0.893593   0.319993   0.314796   0.562688
 -0.349792  -0.935904 -0.0415796    1.47769
         0          0          0          1

 0.285894 -0.145359  0.947172   1.67582
-0.890092  0.325859  0.318673  0.562815
-0.354967 -0.934177 -0.036222   1.47934
        0         0         0         1

   0.29005  -0.147258   0.945614    1.67579
 -0.887246   0.328971   0.323377   0.563113
   -0.3587  -0.932788 -0.0352358    1.48006
         0          0          0          1

  0.292316  -0.149569   0.944553    1.67617
 -0.885699   0.330167   0.326384   0.563438
 -0.360677  -0.931997 -0.0359597    1.47998
         0          0          0          1

  0.297225  -0.148575   0.943177    1.67757
 -0.880885   0.338441   0.330908   0.563549
 -0.368374  -0.929184 -0.0302841    1.48295
         0          0          0          1

  0.301259  -0.148201   0.941955    1.67715
 -0.879509    0.33845   0.334537   0.564399
 -0.368383  -0.929241 -0.0283828    1.48345
         0          0          0          1

   0.30463  -0.147598   0.940965    1.67685
 -0.877668   0.340271   0.337513   0.565068
 -0.369999  -0.928671 -0.0258854    1.48481
         0          0          0          1

  0.306987  -0.146988   0.940294    1.67678
 -0.876364   0.341631    0.33952   0.566168
 -0.371139  -0.928269 -0.0239388    1.48655
         0          0          0          1

 0.310664 -0.147674  0.938978   1.67746
-0.874154  0.343563  0.343249  0.568209
-0.373287 -0.927447 -0.022357   1.48996
        0         0         0         1

  0.313965  -0.148662   0.937724     1.6767
 -0.872828   0.343479    0.34669   0.569578
 -0.373628   -0.92732 -0.0219164    1.49206
         0          0          0          1

 0.315389  -0.14973  0.937076   1.67708
-0.872148   0.34346  0.348416  0.571527
-0.374017 -0.927155 -0.022263   1.49471
        0         0         0         1

   0.31652  -0.150664   0.936544    1.67748
 -0.871537    0.34358   0.349823   0.573156
 -0.374484  -0.926959 -0.0225596     1.4975
         0          0          0          1

  0.317442  -0.152071   0.936005     1.6778
 -0.871494   0.342307   0.351177   0.575379
 -0.373804    -0.9272 -0.0238661     1.4997
         0          0          0          1

  0.318686  -0.150723     0.9358    1.67808
 -0.871416   0.341845   0.351819   0.577485
 -0.372926  -0.927591 -0.0224007    1.50223
         0          0          0          1

  0.322588  -0.142817   0.935703    1.67929
 -0.872409   0.338643   0.352454   0.582727
 -0.367205  -0.930013 -0.0153522    1.50741
         0          0          0          1

  0.324584  -0.138156   0.935713    1.67941
 -0.872799   0.337493   0.352591   0.585153
 -0.364509  -0.931134 -0.0110372    1.51018
         0          0          0          1

   0.327721   -0.128847    0.935947     1.67966
  -0.873759    0.335485    0.352131    0.588247
  -0.359367   -0.933193 -0.00263593     1.51419
          0           0           0           1

  0.330414  -0.122625   0.935836    1.67936
 -0.874866   0.332272   0.352426   0.590966
 -0.354168  -0.935178 0.00250679    1.51717
         0          0          0          1

  0.334533  -0.111872    0.93572     1.6797
 -0.878889   0.321263   0.352624   0.597863
  -0.34006  -0.940359 0.00915015    1.52421
         0          0          0          1

 0.334544 -0.107495  0.936229   1.68082
 -0.88141  0.315851   0.35122   0.60066
-0.333463   -0.9427  0.010919   1.52831
        0         0         0         1

 0.335014 -0.104917  0.936354   1.68145
 -0.88438  0.307792  0.350906   0.60439
-0.325018 -0.945651 0.0103285   1.53278
        0         0         0         1

 0.336897  -0.10235  0.935962   1.68087
-0.886663  0.299933  0.351951  0.608234
-0.316748 -0.948454 0.0102963   1.53652
        0         0         0         1

  0.341523 -0.0989118   0.934654    1.68004
 -0.888666   0.289781   0.355386   0.612986
 -0.305997  -0.951968  0.0110672    1.54222
         0          0          0          1

     0.342 -0.0977139   0.934606    1.68099
 -0.891091   0.282015   0.355562   0.616017
 -0.298316  -0.954421 0.00937714    1.54693
         0          0          0          1

  0.350634 -0.0945924   0.931723    1.68057
 -0.894342   0.261361   0.363101   0.625032
 -0.277863  -0.960595 0.00704432    1.55965
         0          0          0          1

  0.352823 -0.0938553   0.930971    1.68132
 -0.896175   0.252194   0.365061   0.628842
 -0.269048  -0.963114 0.00486917    1.56465
         0          0          0          1

    0.358406    -0.095327     0.928686      1.68148
   -0.897564     0.238404     0.370867     0.634478
   -0.256756    -0.966476 -0.000116861      1.57053
           0            0            0            1

   0.363518  -0.0939987    0.926833     1.68192
  -0.898192     0.22863    0.375472    0.638572
  -0.247196   -0.968965 -0.00131781     1.57708
          0           0           0           1

   0.377209  -0.0935313    0.921393     1.68233
   -0.89865    0.203582    0.388564    0.650254
  -0.223922    -0.97458 -0.00725875     1.59246
          0           0           0           1

  0.385048 -0.0934582   0.918152    1.68223
 -0.897726   0.192834   0.396111   0.655175
 -0.214071   -0.97677 -0.0096493    1.59942
         0          0          0          1

  0.389921 -0.0945111   0.915985     1.6847
 -0.898711   0.177741   0.400907   0.661301
 -0.200698  -0.979528 -0.0156333    1.60775
         0          0          0          1

   0.39731 -0.0947596   0.912779    1.68566
 -0.897514   0.167273   0.408031   0.666371
 -0.191348  -0.981346 -0.0185889    1.61589
         0          0          0          1

   0.40627 -0.0952764   0.908772    1.68635
   -0.8966   0.150231   0.416579   0.674086
 -0.176216  -0.984049 -0.0243904    1.62424
         0          0          0          1

  0.415284 -0.0958978   0.904623    1.68655
 -0.894574    0.13749   0.425246    0.68035
 -0.165157   -0.98585 -0.0286902    1.63259
         0          0          0          1

  0.433803  -0.098102   0.895651    1.68964
 -0.890336   0.105867   0.442824   0.695946
 -0.138262  -0.989529 -0.0414184    1.65219
         0          0          0          1

  0.443691 -0.0989878   0.890696    1.69087
 -0.887593  0.0887126   0.452005    0.70368
 -0.123759  -0.991126 -0.0484999    1.65939
         0          0          0          1

  0.457399 -0.0937448   0.884307    1.69098
 -0.882894  0.0709201   0.464186   0.713201
  -0.10623  -0.993067 -0.0503279    1.67239
         0          0          0          1

  0.466421 -0.0920085   0.879765    1.69307
 -0.879798    0.05484   0.472174   0.720875
-0.0916903  -0.994247 -0.0553703      1.682
         0          0          0          1

  0.491018 -0.0826001   0.867225    1.69503
 -0.869399  0.0166161   0.493832   0.741483
-0.0552004  -0.996444 -0.0636536    1.70551
         0          0          0          1

    0.50256  -0.0795243    0.860877     1.69471
  -0.863704 -0.00234764    0.503994    0.751557
 -0.0380588    -0.99683  -0.0698653     1.71501
          0           0           0           1

   0.51524 -0.0758395   0.853684    1.69594
 -0.856856 -0.0246049   0.514969   0.763237
-0.0180502  -0.996816 -0.0776609    1.72756
         0          0          0          1

   0.52535 -0.0722685   0.847811    1.69634
 -0.850881 -0.0411952   0.523741   0.773401
-0.00292425  -0.996534 -0.0831338    1.73953
         0          0          0          1

  0.536685 -0.0719275   0.840712    1.69862
 -0.843644 -0.0638283   0.533096   0.785936
 0.0153169  -0.995365 -0.0949369    1.75219
         0          0          0          1

  0.548085  -0.071135   0.833392    1.70084
 -0.835871 -0.0827622   0.542651   0.796839
 0.0303719  -0.994027   -0.10482    1.76409
         0          0          0          1

  0.577065 -0.0676571   0.813891    1.69919
 -0.813906  -0.129975   0.566271   0.825871
 0.0674735  -0.989206  -0.130071    1.79129
         0          0          0          1

 0.586633 -0.070724  0.806758   1.70051
-0.805494  -0.15417  0.572199  0.838762
  0.08391  -0.98551 -0.147409   1.80025
        0         0         0         1

  0.598155 -0.0734407   0.798008     1.6998
 -0.794717  -0.182508   0.578892   0.855965
  0.103128  -0.980458  -0.167532    1.81293
         0          0          0          1

  0.606108 -0.0782268   0.791526    1.69943
  -0.78679  -0.204845   0.582237   0.869307
  0.116593  -0.975664  -0.185706    1.82505
         0          0          0          1

   0.62783 -0.0880935   0.773349    1.69684
 -0.764191   -0.25842   0.590958   0.902248
  0.147789  -0.962008  -0.229564    1.85099
         0          0          0          1

  0.637686 -0.0915101   0.764841    1.69437
 -0.753529  -0.280149   0.594736   0.918147
  0.159845  -0.955585  -0.247603    1.86326
         0          0          0          1

 0.640728 -0.106945  0.760283   1.70273
-0.749163  -0.30376  0.588629    0.9333
 0.167992 -0.946727 -0.274747   1.87631
        0         0         0         1

 0.653001 -0.108968  0.749477   1.69867
-0.735312 -0.328247  0.592934  0.950539
 0.181403 -0.938286 -0.294471   1.88301
        0         0         0         1

 0.665247 -0.111323  0.738278   1.69523
-0.719987 -0.357417  0.594872  0.972735
  0.19765 -0.927287 -0.317921   1.89104
        0         0         0         1

 0.671063 -0.112768  0.732774   1.69776
-0.712576 -0.371015  0.595469  0.985869
  0.20472 -0.921755  -0.32933   1.90451
        0         0         0         1

 0.693618 -0.117641  0.710672    1.6962
-0.683635 -0.418425  0.597966   1.02593
 0.227017   -0.9006 -0.370651   1.91629
        0         0         0         1

   0.7005 -0.119433  0.703588   1.69666
-0.672984 -0.438613  0.595577   1.04253
 0.237471 -0.890705 -0.387625   1.92151
        0         0         0         1

 0.704721  -0.13029  0.697419   1.70333
-0.666072 -0.460071  0.587097   1.06123
 0.244369 -0.878271 -0.411004   1.92841
        0         0         0         1

 0.711473  -0.13239   0.69013   1.69857
-0.656231 -0.476426  0.585131   1.07834
  0.25133  -0.86919 -0.425842   1.93548
        0         0         0         1

 0.722834 -0.137608  0.677182   1.69371
  -0.6362 -0.515058  0.574426   1.11712
 0.269743 -0.846037 -0.459847   1.94887
        0         0         0         1

 0.732083 -0.134487  0.667808   1.68677
-0.621677 -0.532706  0.574232   1.13524
 0.278519 -0.835546 -0.473592   1.95387
        0         0         0         1

 0.738604   -0.1378  0.659905   1.68532
-0.611834  -0.54804   0.57036   1.15343
 0.283059 -0.825023 -0.489095   1.96159
        0         0         0         1

 0.743454 -0.143591   0.65319   1.68763
-0.604378 -0.562445  0.564254   1.17058
 0.286362 -0.814271 -0.504936   1.96222
        0         0         0         1

  0.74821 -0.145221  0.647374   1.68857
-0.593655 -0.582212   0.55552   1.19191
 0.296236 -0.799962 -0.521829   1.95975
        0         0         0         1

