 0.744168  -0.28013  0.606417   1.55928
-0.667666 -0.283563  0.688341   1.07132
-0.0208677 -0.917125 -0.398052   1.89533
        0         0         0         1

 0.741371 -0.277811  0.610893   1.56217
-0.670444 -0.266523  0.692438   1.06077
-0.0295493 -0.922923 -0.383849   1.89279
        0         0         0         1

 0.727831 -0.283272  0.624515   1.57396
-0.683789 -0.230849    0.6922   1.03534
-0.051912 -0.930841 -0.361717   1.87639
        0         0         0         1

 0.719019  -0.28952  0.631815   1.58262
-0.691806 -0.211224  0.690499   1.02265
-0.066459 -0.933575 -0.352166   1.87292
        0         0         0         1

 0.709332 -0.296386  0.639533   1.59111
-0.700287 -0.192972  0.687285   1.00957
-0.0802894  -0.93537 -0.344437   1.86608
        0         0         0         1

 0.707455 -0.301629  0.639161    1.5913
-0.700899 -0.183216  0.689327   1.00198
-0.0908169 -0.935656 -0.341029   1.85835
        0         0         0         1

 0.695603 -0.314001  0.646173   1.60017
-0.709964 -0.162804  0.685161  0.988667
-0.109942  -0.93536 -0.336177   1.85006
        0         0         0         1

  0.68893  -0.32201  0.649373    1.6051
-0.714077 -0.147792  0.684289  0.980254
-0.124376 -0.935129 -0.331759   1.84202
        0         0         0         1

 0.678954 -0.333208  0.654212   1.61518
 -0.71745 -0.111975  0.687551  0.959147
-0.155842 -0.936181 -0.315086   1.82597
        0         0         0         1

 0.674152 -0.338697  0.656356   1.61801
-0.718891  -0.09702  0.688318  0.952025
-0.169452  -0.93588 -0.308893   1.81583
        0         0         0         1

 0.676596 -0.334553  0.655966   1.61753
-0.713807 -0.079234  0.695846  0.943246
-0.180823  -0.93904 -0.292416   1.80688
        0         0         0         1

  0.671296   -0.33852   0.659368     1.6238
 -0.714481 -0.0588884   0.697172   0.934329
 -0.197177  -0.939115  -0.281398     1.7999
         0          0          0          1

  0.665024  -0.341709   0.664062    1.63206
 -0.712383 -0.0233457   0.701402   0.917673
 -0.224173  -0.939516  -0.258953    1.77719
         0          0          0          1

   0.663809   -0.340978    0.665651     1.63304
  -0.709884 -0.00710161    0.704282    0.910306
  -0.235417   -0.940045   -0.246769     1.77087
          0           0           0           1

 0.654517 -0.347439  0.671486   1.64046
-0.712837 0.0123628   0.70122  0.900965
-0.251933 -0.937621 -0.239576   1.75956
        0         0         0         1

 0.650478 -0.348597  0.674803   1.64283
-0.712046 0.0293119  0.701521  0.894521
-0.264328 -0.936814  -0.22915   1.75157
        0         0         0         1

 0.647607 -0.350463  0.676595    1.6436
-0.710168 0.0442117  0.702643  0.888487
-0.276164 -0.935532 -0.220256   1.73996
        0         0         0         1

 0.640252 -0.352071  0.682732   1.64846
-0.711521 0.0631622  0.699821  0.881387
-0.289509  -0.93384 -0.210066   1.73293
        0         0         0         1

 0.630157 -0.355714  0.690195   1.65288
-0.710404 0.0946695  0.697398  0.869005
-0.313415 -0.929788 -0.193044   1.71225
        0         0         0         1

 0.627532 -0.355908  0.692483    1.6548
-0.707567   0.11044  0.697963  0.864168
-0.324888 -0.927972 -0.182524   1.70475
        0         0         0         1

 0.622396 -0.355148  0.697491     1.658
-0.706176  0.129511  0.696091  0.857457
-0.337548 -0.925795 -0.170189   1.69374
        0         0         0         1

 0.622246 -0.352814  0.698808   1.65931
-0.702713  0.141638  0.697233  0.854438
-0.344971 -0.924911 -0.159793   1.68418
        0         0         0         1

 0.625017 -0.336402  0.704406   1.66143
-0.692799  0.176759  0.699133   0.84575
  -0.3597 -0.924981 -0.122581   1.66615
        0         0         0         1

 0.626019 -0.331112   0.70602   1.66221
-0.688689  0.189947  0.699734  0.842815
-0.365797 -0.924275 -0.109123   1.65819
        0         0         0         1

  0.624571  -0.325677   0.709821    1.66481
 -0.684436   0.209459   0.698337   0.837606
 -0.376111  -0.921988 -0.0920828     1.6508
         0          0          0          1

  0.622938   -0.32416   0.711947    1.66658
  -0.68343     0.2173   0.696925   0.835246
 -0.380621  -0.920707 -0.0861763    1.64158
         0          0          0          1

  0.620103  -0.319851   0.716357     1.6698
 -0.682837   0.229538   0.693575   0.831104
 -0.386272  -0.919243 -0.0760697    1.63345
         0          0          0          1

   0.61884   -0.32063   0.717101    1.67037
 -0.680747     0.2366   0.693256   0.828468
 -0.391945  -0.917179 -0.0718505    1.62629
         0          0          0          1

  0.608792  -0.320368   0.725766    1.67662
 -0.684101   0.251249   0.684748   0.821895
 -0.401719  -0.913367 -0.0662051    1.60995
         0          0          0          1

   0.60738  -0.321936   0.726255    1.67781
 -0.682218   0.257022   0.684484   0.820341
 -0.407023  -0.911207 -0.0635204    1.60418
         0          0          0          1

  0.601959  -0.318915   0.732078    1.68199
 -0.683357   0.268565   0.678893   0.816468
  -0.41312  -0.908937 -0.0562681     1.5986
         0          0          0          1

  0.600073  -0.320076    0.73312     1.6824
  -0.68304   0.272011    0.67784   0.815593
 -0.416377  -0.907503 -0.0553979    1.59069
         0          0          0          1

  0.601446  -0.314484   0.734413    1.68235
 -0.678189   0.284919   0.677407   0.812809
 -0.422282  -0.905495 -0.0419167    1.57868
         0          0          0          1

  0.598068  -0.310984    0.73865    1.68634
 -0.678368   0.294347   0.673184   0.809276
 -0.426769  -0.903686 -0.0349226    1.57479
         0          0          0          1

  0.595356  -0.305655   0.743052    1.68948
 -0.679562   0.301837   0.668648   0.807739
 -0.428656  -0.903033 -0.0280111    1.56753
         0          0          0          1

  0.597697  -0.299816   0.743551       1.69
 -0.675904   0.310349   0.668459   0.805823
 -0.431175  -0.902105 -0.0171523    1.56457
         0          0          0          1

   0.598557   -0.291526    0.746151     1.69178
  -0.675372    0.317276     0.66574    0.804561
  -0.430816   -0.902413 -0.00698056     1.55864
          0           0           0           1

  0.601961  -0.284514    0.74612    1.69133
 -0.673416   0.321261   0.665809   0.804859
 -0.429131   -0.90324 0.00179047    1.55503
         0          0          0          1

 0.596868 -0.270097  0.755511   1.69658
-0.678232  0.333232  0.654948  0.802221
 -0.42866 -0.903329 0.0157073   1.54349
        0         0         0         1

 0.592761 -0.265214  0.760458   1.69926
-0.681439   0.33812  0.649089  0.800531
-0.429274  -0.90296 0.0196971   1.53854
        0         0         0         1

 0.590252 -0.256812  0.765278   1.70075
-0.684645  0.342956   0.64315  0.799553
-0.427625 -0.903565 0.0266058   1.53394
        0         0         0         1

 0.590286 -0.251296  0.767081   1.70105
-0.685591  0.345516  0.640768   0.79935
-0.426061  -0.90414 0.0316666   1.53026
        0         0         0         1

 0.588517 -0.244013  0.770783   1.70295
-0.687187  0.351292    0.6359  0.798508
-0.425937 -0.903909 0.0390591   1.52757
        0         0         0         1

 0.586156 -0.241444  0.773386    1.7032
-0.688712  0.354281  0.632583  0.798205
-0.426729 -0.903432 0.0413782   1.52358
        0         0         0         1

 0.585166 -0.238047  0.775186   1.70637
-0.688506  0.359188  0.630035  0.797136
-0.428415 -0.902396 0.0462876   1.51603
        0         0         0         1

 0.584931 -0.237618  0.775495   1.70782
-0.688323  0.360323  0.629586  0.796572
 -0.42903 -0.902056 0.0472061   1.51343
        0         0         0         1

 0.589445 -0.236116  0.772531    1.7083
-0.685871  0.358956  0.633034  0.797086
-0.426774 -0.902995 0.0496398   1.50942
        0         0         0         1

 0.593282 -0.232247  0.770764   1.70931
-0.683355  0.360786  0.634713  0.797093
-0.425491 -0.903269 0.0553407   1.50775
        0         0         0         1

 0.594805 -0.229932  0.770284   1.71268
-0.684244  0.358118  0.635265  0.796146
-0.421921 -0.904921 0.0556805   1.50144
        0         0         0         1

  0.59736 -0.227876  0.768917   1.71262
-0.682958  0.358043  0.636689  0.795997
-0.420392 -0.905471 0.0582504   1.50139
        0         0         0         1

 0.594744 -0.229483  0.770466   1.71744
-0.685526  0.355839  0.635163  0.794392
-0.419921 -0.905934  0.054317   1.49784
        0         0         0         1

 0.597862 -0.231719  0.767377   1.71496
-0.683313  0.353187  0.639017  0.795967
  -0.4191 -0.906402   0.05282   1.49668
        0         0         0         1

  0.59883 -0.233803  0.765989   1.71688
-0.682403  0.351668  0.640825  0.795345
  -0.4192 -0.906458  0.051042   1.49558
        0         0         0         1

 0.600617 -0.235288  0.764132   1.71637
-0.681278   0.34961  0.643143  0.795804
-0.418472  -0.90687 0.0496847   1.49362
        0         0         0         1

 0.600061 -0.236773  0.764111   1.72136
-0.683137  0.345336   0.64348  0.795265
-0.416234  -0.90812 0.0454739   1.48725
        0         0         0         1

 0.600334 -0.237315  0.763728   1.72193
-0.683396   0.34381  0.644022  0.795688
-0.415414 -0.908557 0.0442207   1.48536
        0         0         0         1

 0.601277 -0.236371  0.763279   1.72165
-0.683457  0.342731  0.644532   0.79609
-0.413948 -0.909211  0.044527   1.48539
        0         0         0         1

 0.601464 -0.236473    0.7631   1.72166
-0.684662  0.339641   0.64489   0.79699
-0.411679 -0.910343 0.0423773   1.48333
        0         0         0         1

 0.597944 -0.235032  0.766305   1.72339
-0.690011   0.33554  0.641325  0.796603
-0.407858 -0.912235 0.0384595     1.482
        0         0         0         1

 0.595199 -0.237381  0.767717   1.72283
-0.693399  0.331123  0.639965  0.797736
-0.406124 -0.913241 0.0324842   1.48026
        0         0         0         1

 0.589966 -0.240085  0.770908   1.72311
-0.698598  0.326945  0.636449  0.797949
-0.404847 -0.914038 0.0251631   1.47921
        0         0         0         1

 0.585948 -0.240551  0.773821    1.7238
-0.702463   0.32529  0.633035  0.797528
-0.403994 -0.914506 0.0216248     1.479
        0         0         0         1

 0.584847 -0.241571  0.774337   1.72235
-0.704305  0.322319  0.632507  0.798071
-0.402379 -0.915289 0.0183677    1.4789
        0         0         0         1

 0.579395 -0.241385  0.778482   1.72418
-0.709621  0.320436  0.627502  0.797396
-0.400923 -0.915999 0.0143674   1.47809
        0         0         0         1

   0.5737 -0.237622  0.783839   1.72721
-0.715472   0.32046   0.62081  0.796035
-0.398708 -0.916974 0.0138361   1.47736
        0         0         0         1

 0.572082 -0.234702  0.785899   1.72887
-0.717118  0.321915  0.618152  0.795368
-0.398075 -0.917216 0.0158528   1.47778
        0         0         0         1

 0.573165 -0.234128  0.785281   1.72847
-0.716812  0.321107  0.618927  0.795273
-0.397067 -0.917646 0.0162214   1.47766
        0         0         0         1

 0.572769 -0.233707  0.785695   1.72905
-0.717136   0.32141  0.618394  0.795104
-0.397053 -0.917647  0.016494   1.47777
        0         0         0         1

  0.57355 -0.233599  0.785157   1.72939
 -0.71683   0.32078  0.619076  0.795029
-0.396478 -0.917895 0.0165323   1.47794
        0         0         0         1

 0.575189 -0.233315  0.784042    1.7287
 -0.71537  0.321388  0.620448  0.795091
-0.396741 -0.917755 0.0179523   1.47869
        0         0         0         1

 0.574934 -0.233024  0.784315   1.72931
-0.715645  0.321448    0.6201  0.794922
-0.396615 -0.917808 0.0180498   1.47939
        0         0         0         1

 0.575075 -0.233297  0.784131   1.72965
-0.715368  0.321614  0.620333  0.794668
-0.396909  -0.91768 0.0180593   1.48023
        0         0         0         1

 0.575914 -0.234532  0.783146   1.72932
-0.714851  0.320293  0.621611   0.79479
-0.396623 -0.917828 0.0168061   1.48084
        0         0         0         1

 0.576161 -0.235546   0.78266    1.7294
-0.714821  0.319104  0.622257  0.794747
 -0.39632 -0.917982 0.0154821   1.48143
        0         0         0         1

 0.573923 -0.238173  0.783509    1.7313
-0.716394  0.317491  0.621272  0.794257
-0.396727 -0.917863 0.0115903   1.48522
        0         0         0         1

  0.572207  -0.241018   0.783894    1.73042
   -0.7188    0.31281   0.620868    0.79483
  -0.39485  -0.918728 0.00574854    1.48523
         0          0          0          1

   0.571031   -0.244291    0.783738     1.72989
  -0.720088    0.309386    0.621091     0.79531
  -0.394204   -0.919022 0.000758047     1.48759
          0           0           0           1

  0.569467  -0.245646   0.784452    1.72913
 -0.721805   0.307195   0.620184   0.795762
 -0.393326  -0.919396 -0.0023708    1.48955
         0          0          0          1

  0.566568  -0.251526   0.784688     1.7286
  -0.72569   0.298806   0.619749    0.79696
 -0.390353   -0.92057 -0.0132356    1.49382
         0          0          0          1

  0.562487  -0.252679    0.78725    1.73036
 -0.729077   0.297481   0.616403    0.79689
 -0.389943  -0.920684 -0.0168933    1.49518
         0          0          0          1

 0.562217 -0.252678  0.787443   1.72991
 -0.72976  0.296366  0.616131  0.797419
-0.389054 -0.921044 -0.017772   1.49853
        0         0         0         1

  0.563923  -0.251876   0.786479    1.72808
 -0.730533    0.29197   0.617313   0.799184
 -0.385115  -0.922666 -0.0193548    1.49967
         0          0          0          1

  0.565429  -0.250946   0.785695    1.72618
   -0.7312   0.288242   0.618274   0.800538
 -0.381624   -0.92409 -0.0205114    1.50199
         0          0          0          1

  0.564752  -0.251874   0.785885    1.72607
 -0.732148   0.286507   0.617959   0.801384
 -0.380809  -0.924377 -0.0226036    1.50532
         0          0          0          1

  0.568566  -0.251903    0.78312    1.72332
 -0.731675   0.280271   0.621369   0.803445
  -0.37601  -0.926279 -0.0249584     1.5137
         0          0          0          1

  0.571718   -0.25292   0.780494    1.72175
 -0.731023   0.274856   0.624548   0.805618
 -0.372484  -0.927624 -0.0277501    1.51617
         0          0          0          1

   0.57457   -0.25191   0.778724    1.72136
 -0.731889   0.267735   0.626623   0.807557
 -0.366344  -0.929978 -0.0305376    1.51979
         0          0          0          1

 0.574422 -0.252168   0.77875   1.72256
 -0.73393   0.26262  0.626401  0.808308
-0.362474 -0.931366 -0.034219   1.52261
        0         0         0         1

   0.57805  -0.250568   0.776578    1.71988
 -0.735881   0.251175     0.6288   0.811755
 -0.352614  -0.934948 -0.0391968    1.53232
         0          0          0          1

  0.577521  -0.251804   0.776572    1.72024
 -0.738993   0.242996   0.628365   0.813158
 -0.346929  -0.936775 -0.0457456    1.53413
         0          0          0          1

  0.579825  -0.247964   0.776091    1.71856
 -0.739618   0.239319    0.62904   0.814679
 -0.341712  -0.938744 -0.0446353     1.5417
         0          0          0          1

  0.582698  -0.244959   0.774892    1.71762
 -0.740119   0.233897   0.630489   0.816211
 -0.335689  -0.940897 -0.0450068    1.54709
         0          0          0          1

  0.582658  -0.241233   0.776091    1.71686
 -0.743521   0.227358   0.628876   0.818359
 -0.328156  -0.943459 -0.0468896    1.55295
         0          0          0          1

  0.586634  -0.239827   0.773527    1.71467
 -0.743531   0.219057   0.631803   0.821023
  -0.32097  -0.945778 -0.0498129    1.55793
         0          0          0          1

  0.590968  -0.231994   0.772616    1.71068
  -0.74734   0.203133    0.63263   0.825991
  -0.30371  -0.951271 -0.0533331    1.57026
         0          0          0          1

   0.59052  -0.227117   0.774406    1.71112
 -0.750107    0.19951   0.630503   0.826916
   -0.2977  -0.953212 -0.0525476    1.57857
         0          0          0          1

  0.595079  -0.223854   0.771861    1.70703
 -0.750688   0.188108   0.633311   0.831073
 -0.286963  -0.956297 -0.0561054     1.5849
         0          0          0          1

  0.594031  -0.220137   0.773736    1.70732
 -0.753994   0.182886   0.630908   0.832955
 -0.280391  -0.958171 -0.0573417    1.59164
         0          0          0          1

   0.59795  -0.212461   0.772862    1.70404
 -0.757786   0.164349   0.631466   0.838152
 -0.261181   -0.96325 -0.0627276    1.60727
         0          0          0          1

  0.598385  -0.209551    0.77332    1.70362
 -0.759657   0.158407   0.630737   0.840277
 -0.254671  -0.964881 -0.0643988    1.61608
         0          0          0          1

  0.605034  -0.205036   0.769347    1.69968
 -0.758218   0.146507   0.635327   0.844627
 -0.242979  -0.967727 -0.0668202    1.62619
         0          0          0          1

  0.607281  -0.201831   0.768423    1.69779
 -0.759226   0.137516   0.636133   0.847239
 -0.234062  -0.969718 -0.0697243    1.63359
         0          0          0          1

  0.609715  -0.199238   0.767171    1.69654
 -0.760471   0.125819   0.637066   0.850863
 -0.223453   -0.97184 -0.0748009    1.64244
         0          0          0          1

    0.6159  -0.195303   0.763232    1.69283
 -0.758339   0.115591    0.64153   0.854897
 -0.213515  -0.973907 -0.0769131    1.65222
         0          0          0          1

  0.622476  -0.191844   0.758762    1.69023
 -0.759453  0.0861694    0.64483    0.86375
 -0.189089  -0.977635 -0.0920579    1.66933
         0          0          0          1

  0.628953  -0.189166   0.754078    1.68572
 -0.756745  0.0733598   0.649581   0.867452
 -0.178198  -0.979201 -0.0970106    1.67843
         0          0          0          1

 0.630409 -0.186157  0.753611   1.68419
-0.758198 0.0605595  0.649205  0.871565
-0.166492 -0.980652 -0.102967   1.69107
        0         0         0         1

 0.634198 -0.185172  0.750669   1.68022
-0.757017 0.0487107  0.651577  0.876669
-0.157219 -0.981498 -0.109286   1.70095
        0         0         0         1

 0.639505 -0.183129  0.746657   1.67397
 -0.75744 0.0161631  0.652705  0.887592
-0.131597 -0.982956 -0.128373   1.72272
        0         0         0         1

  0.642164  -0.180192   0.745088    1.67121
 -0.757122 0.00302066   0.653267   0.892271
 -0.119964  -0.983627  -0.134488    1.73386
         0          0          0          1

  0.643804  -0.178298   0.744128    1.66689
 -0.757691 -0.0127248   0.652489   0.897902
 -0.106869  -0.983894  -0.143287    1.74754
         0          0          0          1

  0.648567  -0.176854   0.740327    1.66224
 -0.755218 -0.0282503   0.654864   0.904512
-0.0949009  -0.983832  -0.151885    1.75823
         0          0          0          1

 0.648811 -0.175762  0.740373    1.6616
-0.756489 -0.043788  0.652539  0.910493
-0.0822719 -0.983458 -0.161372   1.77149
        0         0         0         1

  0.654562  -0.171352   0.736333    1.65444
 -0.752833 -0.0585659   0.655601   0.917286
-0.0692147  -0.983468  -0.167335    1.78149
         0          0          0          1

 0.664838 -0.168082  0.727832   1.64425
-0.746078 -0.101336  0.658103  0.935813
-0.0368593 -0.980551 -0.192774   1.80114
        0         0         0         1

 0.663758 -0.169033  0.728596   1.64515
-0.747425 -0.113505  0.654578  0.940579
-0.0279454 -0.979053 -0.201679   1.81391
        0         0         0         1

 0.666898 -0.168038  0.725955   1.63844
-0.745016 -0.131948  0.653866   0.94996
-0.0140858  -0.97691 -0.213186   1.82809
        0         0         0         1

 0.669887 -0.166359  0.723586   1.63393
-0.742456 -0.154341  0.651872  0.958273
0.00323411 -0.973912 -0.226905   1.83634
        0         0         0         1

 0.678412 -0.158217  0.717443   1.61725
-0.733841 -0.192613  0.651442  0.977257
0.0351201 -0.968436 -0.246777   1.86631
        0         0         0         1

 0.677892 -0.158727  0.717822   1.61399
-0.733639 -0.208873  0.646642  0.985014
0.0472941 -0.964975 -0.258042   1.87872
        0         0         0         1

 0.680002 -0.159014   0.71576    1.6085
 -0.73038 -0.232597  0.642218  0.996347
0.0643617 -0.959486 -0.274307   1.88883
        0         0         0         1

 0.682184 -0.165494  0.712206   1.60541
-0.727496 -0.251289  0.638438   1.00568
 0.073312 -0.953659 -0.291821   1.89594
        0         0         0         1

 0.684888  -0.16356  0.710054   1.60013
-0.722996 -0.273685  0.634329   1.01547
0.0905803 -0.947811 -0.305697   1.90803
        0         0         0         1

 0.685995 -0.163347  0.709034   1.59759
-0.720464 -0.288696  0.630544   1.02396
 0.101698 -0.943383  -0.31573   1.91932
        0         0         0         1

 0.693579 -0.158212  0.702792     1.581
-0.707382 -0.334066  0.622904   1.04957
 0.136228 -0.929176 -0.343618   1.93729
        0         0         0         1

 0.693771 -0.156102  0.703075   1.57573
-0.704517 -0.349689  0.617554     1.059
 0.149456 -0.923769 -0.352581   1.94871
        0         0         0         1

 0.698214 -0.154142  0.699098   1.56643
-0.697046 -0.368958  0.614815   1.06953
 0.163169 -0.916575 -0.365055   1.96195
        0         0         0         1

  0.70174 -0.152167  0.695993   1.55757
-0.690257 -0.387066   0.61133   1.08105
 0.176371 -0.909409 -0.376654   1.96811
        0         0         0         1

 0.703552 -0.147768  0.695111   1.55085
-0.680503 -0.421935  0.599072   1.10309
 0.204768 -0.894503  -0.39741   1.98801
        0         0         0         1

 0.712103 -0.135087  0.688956   1.53492
-0.666106 -0.440066  0.602199   1.11628
 0.221837 -0.887746 -0.403354   1.99577
        0         0         0         1

 0.716283 -0.132722  0.685072   1.52735
-0.657234 -0.458207  0.598406   1.12987
 0.234483 -0.878881 -0.415436   2.00311
        0         0         0         1

  0.71339 -0.129005   0.68879   1.52639
-0.656735 -0.465997  0.592913   1.13772
 0.244485 -0.875331  -0.41716   2.01302
        0         0         0         1

 0.714707 -0.126741  0.687845   1.52054
 -0.65156   -0.4782  0.588893    1.1497
  0.25429 -0.869058 -0.424352   2.02171
        0         0         0         1

 0.716348 -0.118994  0.687522   1.51451
-0.645286 -0.487818  0.587911   1.15969
 0.265427 -0.864797 -0.426233   2.03113
        0         0         0         1

 0.720549 -0.104329   0.68551   1.49501
-0.629873  -0.51187  0.584166   1.18512
 0.289946 -0.852705 -0.434541   2.04723
        0         0         0         1

  0.719821 -0.0952772    0.68759    1.48783
   -0.6226  -0.526639    0.57881    1.19803
  0.306964  -0.844733  -0.438405    2.04834
         0          0          0          1

