0.0117607 -0.902973  0.429535  0.415211
-0.974673 -0.106291 -0.196759   1.07536
 0.223324 -0.416343 -0.881354   2.11398
        0         0         0         1

0.0117607 -0.902973  0.429535  0.415211
-0.974673 -0.106291 -0.196759   1.07536
 0.223324 -0.416343 -0.881354   2.11398
        0         0         0         1

0.0163962 -0.889458  0.456723  0.423626
-0.979126 -0.106836 -0.172911   1.04709
 0.202592 -0.444354 -0.872643   2.10335
        0         0         0         1

0.0163962 -0.889458  0.456723  0.423626
-0.979126 -0.106836 -0.172911   1.04709
 0.202592 -0.444354 -0.872643   2.10335
        0         0         0         1

0.0325381 -0.884484  0.465435  0.420537
-0.983883 -0.110269 -0.140767   1.01512
 0.175829 -0.453353 -0.873816   2.09538
        0         0         0         1

0.0325381 -0.884484  0.465435  0.420537
-0.983883 -0.110269 -0.140767   1.01512
 0.175829 -0.453353 -0.873816   2.09538
        0         0         0         1

 0.0434758  -0.891189   0.451544   0.432404
 -0.991037  -0.095616 -0.0932929   0.972665
  0.126316  -0.443441  -0.887358    2.08722
         0          0          0          1

 0.0434758  -0.891189   0.451544   0.432404
 -0.991037  -0.095616 -0.0932929   0.972665
  0.126316  -0.443441  -0.887358    2.08722
         0          0          0          1

 0.0498911  -0.891777   0.449716   0.436972
 -0.993155 -0.0919096  -0.072075   0.945744
  0.105608  -0.443042  -0.890259    2.07198
         0          0          0          1

 0.0498911  -0.891777   0.449716   0.436972
 -0.993155 -0.0919096  -0.072075   0.945744
  0.105608  -0.443042  -0.890259    2.07198
         0          0          0          1

 0.0543787  -0.884486   0.463387   0.444658
 -0.995964 -0.0812331 -0.0381762   0.909103
 0.0714086   -0.45944  -0.885333    2.04505
         0          0          0          1

 0.0543787  -0.884486   0.463387   0.444658
 -0.995964 -0.0812331 -0.0381762   0.909103
 0.0714086   -0.45944  -0.885333    2.04505
         0          0          0          1

   0.059957   -0.876855    0.477001    0.448027
  -0.997343  -0.0724354 -0.00779383    0.879877
  0.0413859   -0.475266   -0.878868     2.03521
          0           0           0           1

   0.059957   -0.876855    0.477001    0.448027
  -0.997343  -0.0724354 -0.00779383    0.879877
  0.0413859   -0.475266   -0.878868     2.03521
          0           0           0           1

 0.0631498  -0.866729   0.494766   0.452058
  -0.99785 -0.0635564  0.0160234   0.856703
 0.0175576  -0.494714  -0.868878    2.01864
         0          0          0          1

 0.0631498  -0.866729   0.494766   0.452058
  -0.99785 -0.0635564  0.0160234   0.856703
 0.0175576  -0.494714  -0.868878    2.01864
         0          0          0          1

 0.0700638   -0.85201   0.518816   0.452194
 -0.997124 -0.0447457  0.0611749   0.818267
-0.0289069   -0.52161  -0.852694    1.99314
         0          0          0          1

 0.0700638   -0.85201   0.518816   0.452194
 -0.997124 -0.0447457  0.0611749   0.818267
-0.0289069   -0.52161  -0.852694    1.99314
         0          0          0          1

 0.0707765  -0.836323   0.543649   0.455224
 -0.996217 -0.0317118  0.0809113   0.796083
-0.0504279  -0.547319  -0.835403    1.97219
         0          0          0          1

 0.0707765  -0.836323   0.543649   0.455224
 -0.996217 -0.0317118  0.0809113   0.796083
-0.0504279  -0.547319  -0.835403    1.97219
         0          0          0          1

  0.0732723   -0.823881    0.562006    0.457782
  -0.992921 -0.00744093    0.118545    0.759562
 -0.0934854   -0.566713   -0.818594     1.94965
          0           0           0           1

  0.0732723   -0.823881    0.562006    0.457782
  -0.992921 -0.00744093    0.118545    0.759562
 -0.0934854   -0.566713   -0.818594     1.94965
          0           0           0           1

0.0677982 -0.818375  0.570671  0.460989
-0.990973 0.0110693  0.133606  0.740351
-0.115657 -0.574577 -0.810237   1.92787
        0         0         0         1

0.0677982 -0.818375  0.570671  0.460989
-0.990973 0.0110693  0.133606  0.740351
-0.115657 -0.574577 -0.810237   1.92787
        0         0         0         1

0.0633539 -0.812716  0.579206  0.461302
-0.988035 0.0306976  0.151145  0.720068
-0.140619 -0.581851 -0.801047   1.90394
        0         0         0         1

0.0633539 -0.812716  0.579206  0.461302
-0.988035 0.0306976  0.151145  0.720068
-0.140619 -0.581851 -0.801047   1.90394
        0         0         0         1

0.0516272 -0.808007  0.586907  0.464486
-0.980969 0.0691183  0.181447  0.691325
-0.187177 -0.585105 -0.789061   1.87306
        0         0         0         1

0.0516272 -0.808007  0.586907  0.464486
-0.980969 0.0691183  0.181447  0.691325
-0.187177 -0.585105 -0.789061   1.87306
        0         0         0         1

0.0485607 -0.793645   0.60644   0.46078
-0.974039 0.0967795  0.204651  0.670464
-0.221111 -0.600634 -0.768341   1.84963
        0         0         0         1

0.0485607 -0.793645   0.60644   0.46078
-0.974039 0.0967795  0.204651  0.670464
-0.221111 -0.600634 -0.768341   1.84963
        0         0         0         1

0.0310675 -0.769909  0.637397  0.461745
-0.964695  0.143764  0.220672  0.649486
-0.261532 -0.621749 -0.738261   1.80876
        0         0         0         1

0.0310675 -0.769909  0.637397  0.461745
-0.964695  0.143764  0.220672  0.649486
-0.261532 -0.621749 -0.738261   1.80876
        0         0         0         1

0.0216728 -0.755166  0.655175  0.462103
-0.956813  0.174354  0.232614  0.635148
-0.289895 -0.631922 -0.718774   1.78436
        0         0         0         1

0.0216728 -0.755166  0.655175  0.462103
-0.956813  0.174354  0.232614  0.635148
-0.289895 -0.631922 -0.718774   1.78436
        0         0         0         1

0.0250544 -0.745485  0.666051  0.457826
-0.947868  0.194006    0.2528  0.618835
-0.317677 -0.637662 -0.701761   1.75956
        0         0         0         1

0.0250544 -0.745485  0.666051  0.457826
-0.947868  0.194006    0.2528  0.618835
-0.317677 -0.637662 -0.701761   1.75956
        0         0         0         1

0.0332178 -0.727062  0.685768  0.459231
-0.930919  0.227189  0.285962  0.602679
-0.363711 -0.647893  -0.66929   1.72353
        0         0         0         1

0.0332178 -0.727062  0.685768  0.459231
-0.930919  0.227189  0.285962  0.602679
-0.363711 -0.647893  -0.66929   1.72353
        0         0         0         1

0.0421814 -0.713843  0.699034  0.457158
-0.923882  0.238481  0.299282  0.593698
-0.380347 -0.658449 -0.649447   1.69896
        0         0         0         1

0.0421814 -0.713843  0.699034  0.457158
-0.923882  0.238481  0.299282  0.593698
-0.380347 -0.658449 -0.649447   1.69896
        0         0         0         1

0.0445594  -0.69605  0.716609   0.46249
  -0.9187  0.253231  0.303092  0.586493
-0.392435 -0.671854 -0.628177   1.66833
        0         0         0         1

0.0445594  -0.69605  0.716609   0.46249
  -0.9187  0.253231  0.303092  0.586493
-0.392435 -0.671854 -0.628177   1.66833
        0         0         0         1

0.0551819 -0.683668  0.727704  0.465213
-0.917822   0.25223  0.306566  0.582562
-0.393138 -0.684819 -0.613567   1.64863
        0         0         0         1

0.0551819 -0.683668  0.727704  0.465213
-0.917822   0.25223  0.306566  0.582562
-0.393138 -0.684819 -0.613567   1.64863
        0         0         0         1

0.0709062 -0.669043  0.739833  0.468158
-0.915579   0.25068  0.314444  0.579008
-0.395839 -0.699671 -0.594787   1.63169
        0         0         0         1

0.0709062 -0.669043  0.739833  0.468158
-0.915579   0.25068  0.314444  0.579008
-0.395839 -0.699671 -0.594787   1.63169
        0         0         0         1

0.0884675 -0.652234  0.752837   0.47292
-0.913146  0.248823  0.322878  0.574663
-0.397916 -0.716015 -0.573573   1.61041
        0         0         0         1

0.0884675 -0.652234  0.752837   0.47292
-0.913146  0.248823  0.322878  0.574663
-0.397916 -0.716015 -0.573573   1.61041
        0         0         0         1

0.0909538 -0.648733  0.755561  0.476888
-0.914633  0.245696   0.32106  0.573209
 -0.39392 -0.720263 -0.571006   1.59912
        0         0         0         1

0.0909538 -0.648733  0.755561  0.476888
-0.914633  0.245696   0.32106  0.573209
 -0.39392 -0.720263 -0.571006   1.59912
        0         0         0         1

0.0962766 -0.649409   0.75432  0.480424
-0.911909  0.246195  0.328344  0.567977
-0.398939 -0.719484 -0.568499   1.58927
        0         0         0         1

0.0962766 -0.649409   0.75432  0.480424
-0.911909  0.246195  0.328344  0.567977
-0.398939 -0.719484 -0.568499   1.58927
        0         0         0         1

 0.098412  -0.64255  0.759898  0.484842
 -0.91475   0.24227  0.323324  0.568639
-0.391852 -0.726935  -0.56393   1.57885
        0         0         0         1

 0.098412  -0.64255  0.759898  0.484842
 -0.91475   0.24227  0.323324  0.568639
-0.391852 -0.726935  -0.56393   1.57885
        0         0         0         1

0.0996438 -0.639195  0.762562  0.487298
-0.916433  0.239567   0.32056  0.566772
-0.387585 -0.730779 -0.561908   1.57599
        0         0         0         1

0.0996438 -0.639195  0.762562  0.487298
-0.916433  0.239567   0.32056  0.566772
-0.387585 -0.730779 -0.561908   1.57599
        0         0         0         1

  0.10538 -0.624287  0.774055  0.488586
-0.921351  0.231591  0.312215  0.565608
-0.374176 -0.746077 -0.550783   1.56817
        0         0         0         1

  0.10538 -0.624287  0.774055  0.488586
-0.921351  0.231591  0.312215  0.565608
-0.374176 -0.746077 -0.550783   1.56817
        0         0         0         1

  0.11538 -0.609218  0.784564  0.485773
-0.923145  0.225841  0.311127  0.562493
 -0.36673 -0.760164 -0.536338   1.56712
        0         0         0         1

  0.11538 -0.609218  0.784564  0.485773
-0.923145  0.225841  0.311127  0.562493
 -0.36673 -0.760164 -0.536338   1.56712
        0         0         0         1

 0.128845 -0.581468  0.803302  0.482974
 -0.92493  0.221675  0.308812  0.560037
-0.357637 -0.782787 -0.509256   1.56617
        0         0         0         1

 0.128845 -0.581468  0.803302  0.482974
 -0.92493  0.221675  0.308812  0.560037
-0.357637 -0.782787 -0.509256   1.56617
        0         0         0         1

 0.135324 -0.573865  0.807692  0.481941
-0.927276  0.213844  0.307296  0.559158
-0.349066 -0.790538 -0.503193   1.56554
        0         0         0         1

 0.135324 -0.573865  0.807692  0.481941
-0.927276  0.213844  0.307296  0.559158
-0.349066 -0.790538 -0.503193   1.56554
        0         0         0         1

 0.142787 -0.567898  0.810619   0.48088
-0.928058  0.207817  0.309064  0.557948
-0.343977 -0.796432 -0.497369   1.56737
        0         0         0         1

 0.142787 -0.567898  0.810619   0.48088
-0.928058  0.207817  0.309064  0.557948
-0.343977 -0.796432 -0.497369   1.56737
        0         0         0         1

 0.147119 -0.576444  0.803784  0.481445
-0.928257  0.200189   0.31347  0.556015
-0.341607 -0.792235 -0.505637   1.57249
        0         0         0         1

 0.147119 -0.576444  0.803784  0.481445
-0.928257  0.200189   0.31347  0.556015
-0.341607 -0.792235 -0.505637   1.57249
        0         0         0         1

 0.153602 -0.583902   0.79716  0.481642
-0.927595  0.192828  0.319977  0.554294
 -0.34055 -0.788591 -0.512006   1.57645
        0         0         0         1

 0.153602 -0.583902   0.79716  0.481642
-0.927595  0.192828  0.319977  0.554294
 -0.34055 -0.788591 -0.512006   1.57645
        0         0         0         1

  0.16187 -0.591975  0.789534  0.484916
-0.927547  0.181822  0.326491  0.555179
-0.336829 -0.785179 -0.519653   1.58313
        0         0         0         1

  0.16187 -0.591975  0.789534  0.484916
-0.927547  0.181822  0.326491  0.555179
-0.336829 -0.785179 -0.519653   1.58313
        0         0         0         1

 0.179013 -0.590771   0.78673   0.48396
-0.927048  0.166482  0.335956  0.555952
-0.329449 -0.789477 -0.517871   1.58744
        0         0         0         1

 0.179013 -0.590771   0.78673   0.48396
-0.927048  0.166482  0.335956  0.555952
-0.329449 -0.789477 -0.517871   1.58744
        0         0         0         1

 0.198926 -0.592781   0.78041  0.485855
 -0.92615  0.146659  0.347473  0.559841
 -0.32043 -0.791898 -0.519829   1.59508
        0         0         0         1

 0.198926 -0.592781   0.78041  0.485855
 -0.92615  0.146659  0.347473  0.559841
 -0.32043 -0.791898 -0.519829   1.59508
        0         0         0         1

 0.235928 -0.602994  0.762061  0.487181
 -0.92247  0.107637   0.37076  0.566479
-0.305592 -0.790451 -0.530849   1.61227
        0         0         0         1

 0.235928 -0.602994  0.762061  0.487181
 -0.92247  0.107637   0.37076  0.566479
-0.305592 -0.790451 -0.530849   1.61227
        0         0         0         1

 0.262049 -0.603551  0.753031  0.486717
-0.922476 0.0725628  0.379174  0.574279
-0.283493 -0.794015 -0.537747   1.62145
        0         0         0         1

 0.262049 -0.603551  0.753031  0.486717
-0.922476 0.0725628  0.379174  0.574279
-0.283493 -0.794015 -0.537747   1.62145
        0         0         0         1

 0.295302 -0.594603  0.747826  0.484818
-0.924435 0.0198492  0.380823  0.588532
-0.241282 -0.803774  -0.54381   1.64064
        0         0         0         1

 0.295302 -0.594603  0.747826  0.484818
-0.924435 0.0198492  0.380823  0.588532
-0.241282 -0.803774  -0.54381   1.64064
        0         0         0         1

 0.309015 -0.590774  0.745316  0.483265
-0.926509 -0.010094  0.376138  0.600599
-0.214689 -0.806774 -0.550477   1.65485
        0         0         0         1

 0.309015 -0.590774  0.745316  0.483265
-0.926509 -0.010094  0.376138  0.600599
-0.214689 -0.806774 -0.550477   1.65485
        0         0         0         1

  0.320745  -0.586714   0.743565   0.482492
 -0.927719 -0.0363408   0.371507    0.61488
 -0.190947  -0.808978  -0.555962    1.67172
         0          0          0          1

  0.320745  -0.586714   0.743565   0.482492
 -0.927719 -0.0363408   0.371507    0.61488
 -0.190947  -0.808978  -0.555962    1.67172
         0          0          0          1

 0.353811 -0.565005  0.745377  0.474382
-0.923913 -0.087059  0.372566  0.637844
 -0.14561 -0.820482 -0.552818   1.69167
        0         0         0         1

 0.353811 -0.565005  0.745377  0.474382
-0.923913 -0.087059  0.372566  0.637844
 -0.14561 -0.820482 -0.552818   1.69167
        0         0         0         1

 0.370915 -0.552765  0.746239  0.473421
-0.921292 -0.117958  0.370549  0.658457
-0.116801 -0.824946 -0.553011   1.70834
        0         0         0         1

 0.370915 -0.552765  0.746239  0.473421
-0.921292 -0.117958  0.370549  0.658457
-0.116801 -0.824946 -0.553011   1.70834
        0         0         0         1

 0.392926 -0.539155   0.74493  0.468016
-0.915307 -0.151392  0.373221  0.678444
-0.0884474 -0.828488 -0.552978   1.72531
        0         0         0         1

 0.392926 -0.539155   0.74493  0.468016
-0.915307 -0.151392  0.373221  0.678444
-0.0884474 -0.828488 -0.552978   1.72531
        0         0         0         1

 0.413618 -0.516223  0.749956   0.46063
-0.909335 -0.193467  0.368348  0.713649
-0.0450577 -0.834317 -0.549441   1.74749
        0         0         0         1

 0.413618 -0.516223  0.749956   0.46063
-0.909335 -0.193467  0.368348  0.713649
-0.0450577 -0.834317 -0.549441   1.74749
        0         0         0         1

 0.423459  -0.50202  0.754094  0.453884
-0.905631 -0.213743   0.36626  0.737105
-0.0226873 -0.838027 -0.545157   1.76598
        0         0         0         1

 0.423459  -0.50202  0.754094  0.453884
-0.905631 -0.213743   0.36626  0.737105
-0.0226873 -0.838027 -0.545157   1.76598
        0         0         0         1

 0.425992  -0.47236  0.771626  0.443585
-0.904303 -0.248415  0.347169  0.778823
0.0276953 -0.845675 -0.532979   1.78536
        0         0         0         1

 0.425992  -0.47236  0.771626  0.443585
-0.904303 -0.248415  0.347169  0.778823
0.0276953 -0.845675 -0.532979   1.78536
        0         0         0         1

 0.431664 -0.456527  0.777978  0.440151
-0.899724 -0.279601  0.335142  0.807967
0.0645224 -0.844634 -0.531442   1.80343
        0         0         0         1

 0.431664 -0.456527  0.777978  0.440151
-0.899724 -0.279601  0.335142  0.807967
0.0645224 -0.844634 -0.531442   1.80343
        0         0         0         1

  0.44107 -0.460403  0.770381   0.43343
-0.893537 -0.305582  0.328956  0.835754
0.0839627 -0.833456  -0.54617   1.82402
        0         0         0         1

  0.44107 -0.460403  0.770381   0.43343
-0.893537 -0.305582  0.328956  0.835754
0.0839627 -0.833456  -0.54617   1.82402
        0         0         0         1

 0.442316 -0.462641  0.768323  0.421785
-0.887455  -0.34951  0.300444  0.883634
 0.129539 -0.814743 -0.565166   1.84448
        0         0         0         1

 0.442316 -0.462641  0.768323  0.421785
-0.887455  -0.34951  0.300444  0.883634
 0.129539 -0.814743 -0.565166   1.84448
        0         0         0         1

 0.441054 -0.450219  0.776385  0.411313
 -0.88138 -0.380411  0.280103  0.916158
 0.169238 -0.807831 -0.564596   1.85067
        0         0         0         1

 0.441054 -0.450219  0.776385  0.411313
 -0.88138 -0.380411  0.280103  0.916158
 0.169238 -0.807831 -0.564596   1.85067
        0         0         0         1

 0.418493 -0.454869  0.786103  0.405671
 -0.88033 -0.416009  0.227938  0.969968
 0.223344  -0.78742 -0.574532    1.8734
        0         0         0         1

 0.418493 -0.454869  0.786103  0.405671
 -0.88033 -0.416009  0.227938  0.969968
 0.223344  -0.78742 -0.574532    1.8734
        0         0         0         1

 0.400664 -0.449461  0.798407  0.396574
-0.878356 -0.436363  0.195135  0.999696
 0.260689 -0.779469 -0.569622   1.89134
        0         0         0         1

 0.400664 -0.449461  0.798407  0.396574
-0.878356 -0.436363  0.195135  0.999696
 0.260689 -0.779469 -0.569622   1.89134
        0         0         0         1

 0.383699 -0.428308  0.818124  0.378128
-0.869014 -0.467171  0.162991   1.02926
 0.312393 -0.773501 -0.551458   1.90306
        0         0         0         1

 0.383699 -0.428308  0.818124  0.378128
-0.869014 -0.467171  0.162991   1.02926
 0.312393 -0.773501 -0.551458   1.90306
        0         0         0         1

  0.32683 -0.425656  0.843801  0.381402
-0.858652 -0.506749 0.0769529   1.09628
  0.39484 -0.749682 -0.531111   1.90748
        0         0         0         1

  0.32683 -0.425656  0.843801  0.381402
-0.858652 -0.506749 0.0769529   1.09628
  0.39484 -0.749682 -0.531111   1.90748
        0         0         0         1

 0.304727 -0.434112  0.847754  0.373477
-0.851963 -0.522157 0.0388573   1.12991
 0.425793 -0.734097 -0.528964   1.92273
        0         0         0         1

 0.304727 -0.434112  0.847754  0.373477
-0.851963 -0.522157 0.0388573   1.12991
 0.425793 -0.734097 -0.528964   1.92273
        0         0         0         1

   0.276447   -0.438489    0.855163    0.355408
  -0.838466    -0.54489 -0.00834481     1.17886
   0.469629   -0.714719   -0.518292      1.9353
          0           0           0           1

   0.276447   -0.438489    0.855163    0.355408
  -0.838466    -0.54489 -0.00834481     1.17886
   0.469629   -0.714719   -0.518292      1.9353
          0           0           0           1

