  0.0716778   -0.614348    0.785773    0.670957
  -0.992455   -0.122494 -0.00523917     1.07963
  0.0994711   -0.779469   -0.618493     2.26575
          0           0           0           1

0.0745968 -0.610583  0.788431   0.67063
-0.994872 -0.099718 0.0169047   1.04628
 0.068299 -0.785649 -0.614891   2.24082
        0         0         0         1

0.0727838 -0.613145   0.78661    0.6743
-0.995946 -0.086481 0.0247432   1.03029
0.0528556 -0.785222 -0.616954   2.23305
        0         0         0         1

 0.0789717  -0.608928   0.789285   0.670301
 -0.996458 -0.0711688  0.0447941     1.0061
 0.0288961  -0.790027  -0.612391    2.22361
         0          0          0          1

 0.0806387  -0.606485   0.790995   0.669629
 -0.996631 -0.0609685  0.0548557   0.991383
 0.0149567  -0.792754  -0.609358    2.21356
         0          0          0          1

 0.0763182  -0.606816    0.79117   0.667352
 -0.997073 -0.0501129  0.0577442    0.97529
0.00460774  -0.793261  -0.608864    2.19711
         0          0          0          1

   0.07942  -0.608257   0.789757   0.667831
 -0.996714 -0.0357891  0.0726679   0.960104
-0.0159361  -0.792933    -0.6091     2.1901
         0          0          0          1

0.0988638 -0.600668  0.793362  0.660913
-0.993479 -0.014071  0.113148  0.923329
-0.0568008 -0.799375 -0.598142   2.16372
        0         0         0         1

 0.0916943  -0.605102    0.79085   0.668735
 -0.993073 0.00303195   0.117461   0.910598
-0.0734734  -0.796142  -0.600632    2.15429
         0          0          0          1

0.0872215  -0.60473   0.79164  0.667539
-0.992535 0.0152476  0.121003  0.893745
-0.085245 -0.796284 -0.598886   2.13755
        0         0         0         1

 0.078833 -0.604601  0.792618  0.668831
-0.992172 0.0296613  0.121306  0.880922
-0.0968517 -0.795976  -0.59753   2.12501
        0         0         0         1

0.0660878 -0.610371  0.789354  0.673265
-0.988733  0.066424  0.134143  0.847531
-0.134309 -0.789325 -0.599105   2.10255
        0         0         0         1

0.0722414 -0.607889  0.790729   0.66942
 -0.98568  0.077602   0.14971  0.832526
-0.152369 -0.790221 -0.593578   2.08964
        0         0         0         1

0.0704304 -0.604946  0.793145  0.667549
 -0.98398 0.0884114  0.154809  0.818566
-0.163774 -0.791343 -0.589028   2.07058
        0         0         0         1

 0.070313 -0.606134  0.792249  0.666505
-0.980816  0.102748  0.165659  0.804017
-0.181814 -0.788698 -0.587281   2.06022
        0         0         0         1

0.0628068 -0.610412   0.78959  0.671848
-0.976469   0.12596  0.175048  0.787994
-0.206308 -0.782004 -0.588138    2.0487
        0         0         0         1

0.0622399 -0.609632  0.790237  0.671098
 -0.97271  0.140268  0.184822  0.774767
-0.223518 -0.780175 -0.584265    2.0359
        0         0         0         1

0.0568759 -0.610144  0.790247  0.672085
-0.963992  0.172392  0.202483  0.746389
-0.259776 -0.773308 -0.578369   2.00572
        0         0         0         1

0.0499997 -0.611636  0.789558  0.674847
-0.961182  0.185312  0.204421  0.737164
-0.271345  -0.76913 -0.578628   1.99164
        0         0         0         1

0.0443345 -0.615067  0.787227  0.677281
-0.956819  0.200459  0.210506  0.724846
-0.287282 -0.762567 -0.579621   1.97495
        0         0         0         1

0.0413839 -0.618885  0.784391  0.678625
-0.950701  0.217094  0.221446  0.713108
-0.307336 -0.754885  -0.57939   1.96445
        0         0         0         1

0.0370195 -0.622648  0.781626  0.678061
 -0.94014  0.243456  0.238466  0.689856
-0.338772 -0.743665 -0.576364    1.9313
        0         0         0         1

0.0306938  -0.62539  0.779708  0.681015
-0.935531  0.256669  0.242697  0.681086
-0.351907 -0.736891 -0.577194   1.91939
        0         0         0         1

0.0264887 -0.627639  0.778053  0.683523
-0.928672  0.272596  0.251514  0.670491
-0.369954 -0.729219 -0.575651   1.90363
        0         0         0         1

 0.025659 -0.628618  0.777291  0.683533
-0.922326  0.285003  0.260937  0.660852
 -0.38556 -0.723611 -0.572478   1.89197
        0         0         0         1

0.0245485 -0.626565  0.778983  0.684044
-0.918001  0.294393  0.265721  0.652733
-0.395818  -0.72163  -0.56796   1.87223
        0         0         0         1

0.0174551  -0.62766  0.778292  0.689459
-0.911919  0.309202  0.269811  0.645749
-0.409999 -0.714448 -0.566978   1.86107
        0         0         0         1

0.0168643 -0.622105  0.782752  0.691207
-0.899795  0.331923  0.283187  0.628985
-0.435986 -0.709092  -0.55417   1.83048
        0         0         0         1

0.0170815 -0.619733  0.784627  0.693367
-0.893541  0.342669  0.290108  0.622462
-0.448657 -0.706052 -0.547903   1.81887
        0         0         0         1

0.0184374 -0.616392  0.787224  0.695649
-0.886194  0.354493  0.298321  0.614631
-0.462948 -0.703133 -0.539706   1.80431
        0         0         0         1

0.0199641 -0.612825  0.789966  0.697077
-0.882528  0.360501  0.301966  0.609739
-0.469836 -0.703196 -0.533639   1.79058
        0         0         0         1

0.0202998 -0.607916  0.793742   0.70144
-0.871897  0.377749  0.311612  0.597974
-0.489269 -0.698386 -0.522372   1.76394
        0         0         0         1

 0.019868 -0.605409  0.795666  0.704148
-0.868301  0.384071  0.313915  0.594151
 -0.49564 -0.697114 -0.518047   1.75252
        0         0         0         1

0.0190815 -0.604604  0.796297   0.70783
-0.861619  0.394083  0.319862  0.588607
-0.507197 -0.692208 -0.513419   1.74152
        0         0         0         1

 0.020418 -0.602966  0.797505  0.710518
-0.857677  0.399353  0.323896  0.584411
-0.513784 -0.690615 -0.508996   1.73145
        0         0         0         1

0.0223993  -0.60093  0.798987   0.71332
-0.854271  0.403653  0.327543  0.580501
-0.519344 -0.689889 -0.504316   1.71896
        0         0         0         1

 0.024843 -0.599768  0.799788  0.715603
-0.850551  0.407711  0.332166  0.577137
-0.525305 -0.688512 -0.500005   1.71014
        0         0         0         1

0.0261406 -0.596422  0.802246  0.723303
-0.843918  0.416999  0.337512  0.570937
-0.535835 -0.685852  -0.49243   1.69034
        0         0         0         1

0.0302455 -0.593768  0.804068  0.724825
-0.842056  0.418284  0.340558  0.568354
-0.538541 -0.687371 -0.487335    1.6814
        0         0         0         1

0.0339589 -0.593331  0.804242  0.727423
-0.837724  0.421948  0.346666  0.564345
-0.545036 -0.685505 -0.482719   1.67317
        0         0         0         1

  0.03536 -0.591415  0.805592  0.730824
-0.837284  0.422568  0.346974  0.562758
-0.545623 -0.686778  -0.48024    1.6644
        0         0         0         1

0.0404533 -0.591525  0.805272  0.737006
-0.832256  0.426028  0.354754    0.5575
-0.552914 -0.684543 -0.475066   1.64947
        0         0         0         1

0.0421333 -0.591025  0.805552  0.739484
-0.832641  0.424852   0.35526  0.556327
-0.552208 -0.685704 -0.474211   1.64192
        0         0         0         1

0.0425207 -0.592219  0.804654  0.743533
-0.832339  0.424486  0.356403  0.555034
-0.552633 -0.684899 -0.474878   1.63402
        0         0         0         1

0.0428448 -0.593468  0.803716   0.74649
-0.831602  0.424665  0.357907  0.553628
-0.553717 -0.683707 -0.475335   1.62865
        0         0         0         1

0.0467793 -0.594472  0.802754  0.747454
-0.832002  0.421545  0.360655  0.551565
-0.552796 -0.684765 -0.474883    1.6207
        0         0         0         1

0.0495009 -0.595911  0.801523  0.749099
-0.831593  0.419881  0.363528  0.549967
-0.553174 -0.684537 -0.474771   1.61589
        0         0         0         1

0.0543969 -0.597019  0.800381  0.754191
-0.830909  0.417456   0.36786  0.545905
-0.553743 -0.685054  -0.47336     1.605
        0         0         0         1

0.0561921 -0.597995  0.799528  0.756324
-0.830093  0.416991  0.370222  0.544521
-0.554787 -0.684486  -0.47296   1.60178
        0         0         0         1

0.0593286 -0.598066  0.799248  0.758245
-0.830283  0.414923  0.372113  0.542544
-0.554175 -0.685679 -0.471947   1.59584
        0         0         0         1

0.0628798  -0.59884  0.798397  0.759274
-0.829605  0.413345  0.375368  0.540727
-0.554799 -0.685957 -0.470809    1.5927
        0         0         0         1

0.0673709 -0.597874  0.798754  0.762985
-0.832654  0.407369  0.375149    0.5381
 -0.54968  -0.69036 -0.470377   1.58231
        0         0         0         1

0.0671475 -0.597328  0.799181  0.766055
-0.833627  0.406533  0.373894  0.537414
-0.548231 -0.691325 -0.470651   1.57906
        0         0         0         1

0.0700637   -0.5972  0.799027  0.766229
-0.834182  0.404164  0.375222  0.535027
 -0.54702 -0.692823 -0.469856   1.57578
        0         0         0         1

0.0720504 -0.597398  0.798702  0.767376
-0.834528  0.402447  0.376297  0.533298
-0.546235 -0.693651 -0.469549   1.57323
        0         0         0         1

0.0754776   -0.5972  0.798533  0.768263
-0.834847  0.400075  0.378114   0.53087
-0.545283 -0.695192 -0.468374   1.57091
        0         0         0         1

0.0774099 -0.597079  0.798439  0.769168
-0.835226  0.398479  0.378962  0.529187
-0.544431 -0.696212 -0.467849   1.56903
        0         0         0         1

0.0810521 -0.596213  0.798724  0.772185
-0.837919  0.393197  0.378534  0.526034
-0.539743 -0.699947 -0.467709   1.56349
        0         0         0         1

 0.082968 -0.595636  0.798958  0.772695
-0.838202  0.391923  0.379228  0.524196
-0.539011 -0.701153 -0.466746   1.56212
        0         0         0         1

0.0841484 -0.595438  0.798982  0.773952
-0.839269  0.389894  0.378958  0.522366
-0.537165  -0.70245 -0.466924    1.5602
        0         0         0         1

0.0845223 -0.594352  0.799751  0.775226
-0.841009  0.387891  0.377153  0.521342
-0.534378 -0.704476  -0.46707   1.55825
        0         0         0         1

 0.086622 -0.589858  0.802848  0.775472
-0.842487  0.386735  0.375036  0.517646
-0.531707 -0.708875 -0.463448   1.55584
        0         0         0         1

0.0869373 -0.587526  0.804522  0.775991
-0.843525  0.386236  0.373212  0.516173
-0.530007  -0.71108 -0.462015   1.55469
        0         0         0         1

0.0901174 -0.584502  0.806372  0.775305
-0.843567  0.385598  0.373777  0.513834
-0.529409 -0.713913 -0.458318   1.55399
        0         0         0         1

0.0929672 -0.580402  0.809006  0.775356
-0.845111  0.383612   0.37233  0.512591
-0.526445 -0.718314 -0.454841   1.55228
        0         0         0         1

0.0943648 -0.576391  0.811707  0.775856
-0.847295  0.381569  0.369453  0.511569
-0.522672 -0.722619 -0.452367   1.55058
        0         0         0         1

 0.095285  -0.57499  0.812593  0.776336
-0.847573  0.381243  0.369154  0.510339
-0.522055 -0.723906 -0.451019   1.55082
        0         0         0         1

0.0982287 -0.573808  0.813078   0.77715
-0.850354  0.376029  0.368105  0.508045
-0.516962 -0.727562 -0.451003   1.54992
        0         0         0         1

 0.100333 -0.575212  0.811828  0.776658
-0.851264  0.372761  0.369323  0.506549
-0.515057 -0.728135 -0.452257   1.55007
        0         0         0         1

 0.102943 -0.575519  0.811284  0.775878
-0.853977   0.36707  0.368757  0.505377
-0.510025 -0.730779 -0.453693   1.54896
        0         0         0         1

 0.103494 -0.576485  0.810527   0.77623
-0.855091  0.364673  0.368556  0.504543
-0.508044 -0.731218 -0.455205   1.54882
        0         0         0         1

 0.104461 -0.577705  0.809534  0.776403
-0.856475  0.361484  0.368483  0.503365
-0.505508 -0.731838 -0.457029   1.54909
        0         0         0         1

 0.105635 -0.578632  0.808719  0.776377
-0.856468  0.360296  0.369661  0.502151
-0.505276 -0.731691  -0.45752   1.55021
        0         0         0         1

 0.107451 -0.578034  0.808907  0.777251
-0.859644  0.354724  0.367672  0.500972
-0.499466 -0.734879 -0.458789   1.54994
        0         0         0         1

 0.109934  -0.57812  0.808512  0.777032
-0.860096  0.352352  0.368894  0.500325
-0.498146 -0.735952 -0.458503   1.55024
        0         0         0         1

 0.113012 -0.577926  0.808226  0.776611
-0.861092  0.348878   0.36987  0.499627
 -0.49573 -0.737757 -0.458221   1.55042
        0         0         0         1

 0.113124 -0.577372  0.808607  0.777231
-0.862624  0.346767  0.368284  0.499464
-0.493035 -0.739185 -0.458827   1.55043
        0         0         0         1

 0.117829 -0.580354  0.805795  0.776152
-0.863702  0.340535  0.371558  0.497864
-0.490036 -0.739747 -0.461128   1.55164
        0         0         0         1

  0.11791 -0.581929  0.804646  0.776424
-0.863744  0.339688  0.372236  0.497307
-0.489943 -0.738898 -0.462585   1.55259
        0         0         0         1

 0.118646 -0.583027  0.803743  0.776244
-0.864001  0.338276  0.372923  0.496549
-0.489311  -0.73868 -0.463601   1.55379
        0         0         0         1

 0.120161 -0.582316  0.804033  0.775632
-0.863726  0.337959  0.373846  0.495677
-0.489427 -0.739386 -0.462352   1.55455
        0         0         0         1

 0.120523  -0.58092  0.804988  0.776025
-0.863965  0.337991  0.373264  0.495543
-0.488915 -0.740469 -0.461159   1.55525
        0         0         0         1

 0.122132 -0.579595    0.8057  0.775821
-0.863773  0.337765  0.373913  0.495191
-0.488856 -0.741609 -0.459387    1.5557
        0         0         0         1

 0.125395 -0.574369  0.808935  0.775608
-0.864116   0.33736  0.373485  0.494924
-0.487421 -0.745847 -0.454018   1.55678
        0         0         0         1

 0.128212 -0.570445  0.811267  0.775176
-0.864036    0.3373  0.373725   0.49469
 -0.48683  -0.74888 -0.449639   1.55729
        0         0         0         1

 0.129077 -0.566239  0.814071  0.775468
-0.864376  0.338093  0.372219  0.495002
-0.485997 -0.751709 -0.445804   1.55789
        0         0         0         1

 0.129868 -0.563132  0.816098  0.775355
-0.864591  0.338619  0.371242   0.49504
-0.485404 -0.753804 -0.442903   1.55917
        0         0         0         1

 0.136445 -0.542694  0.828774  0.775073
-0.866039  0.340856  0.365779  0.495805
-0.480999 -0.767659 -0.423486   1.56178
        0         0         0         1

 0.137083 -0.537184  0.832251  0.775228
 -0.86689  0.341463  0.363188  0.496319
-0.479282 -0.771256 -0.418871   1.56394
        0         0         0         1

 0.139772 -0.531123  0.835687  0.774204
-0.868996  0.338781  0.360656  0.496994
-0.474667 -0.776618 -0.414192   1.56552
        0         0         0         1

 0.140063 -0.530118  0.836275  0.774645
-0.869904  0.337519   0.35965  0.497399
-0.472916 -0.777853 -0.413878   1.56838
        0         0         0         1

  0.14133 -0.533277  0.834051  0.774656
-0.871318  0.332924   0.36051  0.498334
-0.469927 -0.777674 -0.417602   1.57144
        0         0         0         1

 0.143171 -0.537962  0.830722  0.773851
-0.871849  0.328681  0.363109  0.498574
-0.468382 -0.776251 -0.421964   1.57462
        0         0         0         1

  0.14377 -0.542258  0.827821  0.774519
-0.874868   0.32133  0.362426  0.501169
-0.462532  -0.77634 -0.428206   1.58057
        0         0         0         1

 0.142721 -0.543194  0.827388  0.775663
-0.876381  0.319147  0.360697  0.502764
-0.459987 -0.776586 -0.430495   1.58327
        0         0         0         1

 0.143981 -0.543882  0.826717  0.774949
-0.877329  0.316309   0.36089  0.503618
 -0.45778 -0.777265 -0.431621   1.58785
        0         0         0         1

 0.144674 -0.543807  0.826646  0.774767
-0.878007  0.314674  0.360671  0.504475
-0.456259 -0.777981 -0.431941   1.59172
        0         0         0         1

 0.145999 -0.543566  0.826572  0.773989
-0.881026  0.308595  0.358554  0.507225
-0.449974  -0.78058 -0.433841   1.60012
        0         0         0         1

 0.146103 -0.543631   0.82651  0.774147
-0.882667  0.305631  0.357057  0.508594
-0.446714   -0.7817 -0.435191    1.6039
        0         0         0         1

 0.146858  -0.54435  0.825903   0.77364
-0.885207  0.300271  0.355311  0.510657
-0.441408 -0.783275 -0.437766    1.6088
        0         0         0         1

 0.148078 -0.546892  0.824003  0.773128
-0.886226  0.296425  0.355998  0.511557
-0.438948 -0.782969 -0.440776   1.61384
        0         0         0         1

 0.148397 -0.549038  0.822518  0.772788
-0.888825  0.290587  0.354329  0.513396
-0.433553 -0.783656 -0.444876   1.61877
        0         0         0         1

 0.148793 -0.551466  0.820821  0.772653
-0.890669  0.285883  0.353524  0.514913
-0.429614 -0.783682 -0.448636   1.62362
        0         0         0         1

 0.148495 -0.557806  0.816579  0.772859
-0.894701  0.275967  0.351215  0.518922
-0.421259 -0.782748 -0.458091   1.63596
        0         0         0         1

 0.149405 -0.560437  0.814609  0.772635
-0.896545  0.270659  0.350642  0.520436
-0.416995 -0.782722  -0.46202   1.64142
        0         0         0         1

 0.150018 -0.564647  0.811584  0.772624
-0.898296  0.265047  0.350449  0.522364
-0.412988 -0.781617 -0.467458   1.64909
        0         0         0         1

 0.153045 -0.566723  0.809569  0.770914
-0.900232  0.257964  0.350767  0.523611
-0.407627 -0.782483 -0.470702   1.65468
        0         0         0         1

 0.152934  -0.56936  0.807738  0.770816
-0.905806  0.246042  0.344932  0.528672
-0.395128 -0.784406 -0.478102   1.66986
        0         0         0         1

 0.155624 -0.569431  0.807174  0.769753
-0.908083  0.239151  0.343792  0.530449
-0.388802 -0.786483 -0.479873   1.67637
        0         0         0         1

 0.156343 -0.568607  0.807615  0.769497
-0.911702  0.231457  0.339452  0.533465
-0.379943 -0.789375 -0.482214   1.68409
        0         0         0         1

 0.157089 -0.567743  0.808078  0.769396
-0.913671  0.227041  0.337131  0.535692
-0.374871 -0.791277 -0.483065   1.69209
        0         0         0         1

 0.159214 -0.566292  0.808681  0.768778
-0.916932  0.218773  0.333726  0.538789
-0.365904  -0.79464 -0.484419   1.70069
        0         0         0         1

 0.160335 -0.565521  0.808999  0.768329
-0.918742   0.21412  0.331763  0.541055
-0.360842 -0.796454 -0.485237   1.70954
        0         0         0         1

 0.162895 -0.561847  0.811044  0.767699
-0.924932  0.199196  0.323761  0.547724
-0.343461   -0.8029 -0.487223   1.72834
        0         0         0         1

 0.164538  -0.56152  0.810939  0.767408
-0.926541   0.19399  0.322319  0.550226
-0.338303 -0.804402 -0.488353   1.73813
        0         0         0         1

 0.164238  -0.55875  0.812911  0.767737
-0.930592  0.185547  0.315549  0.555251
-0.327146 -0.808314 -0.489494   1.74794
        0         0         0         1

 0.167668 -0.555668  0.814322  0.766375
-0.932813  0.177844   0.31342  0.558429
 -0.31898  -0.81216 -0.488515   1.75628
        0         0         0         1

  0.17109 -0.550188  0.817326  0.765329
-0.938465  0.161606  0.305234  0.567133
-0.300021 -0.819254 -0.488682   1.77734
        0         0         0         1

 0.170867 -0.549704  0.817698  0.765929
-0.940737   0.15573  0.301268  0.571358
-0.292948 -0.820716 -0.490517   1.78697
        0         0         0         1

 0.173131 -0.547315  0.818823  0.765533
 -0.94293  0.147995  0.298295  0.575838
-0.284443 -0.823737 -0.490458   1.79959
        0         0         0         1

  0.17574 -0.546181  0.819025  0.764304
-0.944446  0.141181    0.2968  0.579056
-0.277737 -0.825684 -0.491027   1.81066
        0         0         0         1

 0.178642 -0.544682  0.819395  0.763455
-0.946735  0.131611  0.293891   0.58429
-0.267919 -0.828251 -0.492158   1.82268
        0         0         0         1

 0.180435 -0.544584  0.819068  0.762933
-0.949127  0.122092  0.290262  0.589552
-0.258074 -0.829772 -0.494849   1.83266
        0         0         0         1

 0.182518 -0.542845   0.81976   0.76226
-0.953817  0.104558  0.281604  0.601248
 -0.23858 -0.833299 -0.498691   1.85712
        0         0         0         1

 0.184063 -0.541714  0.820163  0.760951
-0.956365 0.0939235  0.276666  0.607332
-0.226906 -0.835299 -0.500788   1.86673
        0         0         0         1

 0.184833 -0.540204  0.820985  0.760374
-0.958467 0.0855449  0.272073  0.613948
-0.217206 -0.837175 -0.501956   1.87996
        0         0         0         1

 0.188076 -0.538828  0.821153  0.758495
-0.959784 0.0765966   0.27009  0.619315
-0.208429 -0.838926 -0.502752   1.89143
        0         0         0         1

 0.191367 -0.535842  0.822345  0.756791
-0.963244 0.0583946  0.262205  0.633088
-0.188521 -0.842296 -0.504972   1.91729
        0         0         0         1

 0.192008  -0.53656  0.821728  0.756932
-0.964641 0.0508611  0.258612  0.639571
-0.180555 -0.842328 -0.507822   1.92979
        0         0         0         1

  0.19408 -0.536577  0.821229  0.757421
-0.966291 0.0397891   0.25436  0.647744
 -0.16916 -0.842913 -0.510767   1.94395
        0         0         0         1

 0.192622 -0.538506   0.82031  0.759459
-0.968232 0.0315314  0.248056  0.655504
-0.159445 -0.842031 -0.515326   1.95636
        0         0         0         1

 0.194321 -0.535903  0.821612  0.758585
-0.969962  0.019974  0.242435   0.66437
-0.146333 -0.844043 -0.515924   1.96961
        0         0         0         1

 0.198475 -0.536614  0.820154  0.755983
-0.970305 0.0104679   0.24166  0.670166
-0.138263 -0.843763 -0.518602   1.98277
        0         0         0         1

   0.20117   -0.53718   0.819126    0.75475
 -0.973211 -0.0145802    0.22945   0.689965
 -0.111313  -0.843342  -0.525723    2.00926
         0          0          0          1

  0.202939  -0.538549    0.81779   0.752352
  -0.97396 -0.0248004   0.225361   0.697215
 -0.101086  -0.842229  -0.529558    2.02154
         0          0          0          1

  0.200124  -0.545062   0.814161   0.754668
 -0.975564 -0.0339331   0.217081   0.707526
-0.0906954  -0.837709  -0.538534    2.03736
         0          0          0          1

  0.200667  -0.547987   0.812061   0.754222
 -0.975941 -0.0396644   0.214397    0.71379
-0.0852768  -0.835546  -0.542763    2.05196
         0          0          0          1

   0.20171  -0.553697   0.807919   0.752188
   -0.9779 -0.0675346   0.197865   0.737407
-0.0549945  -0.829975  -0.555083    2.07565
         0          0          0          1

 0.202595 -0.555685  0.806331  0.750184
-0.978038 -0.073661  0.194974   0.74495
-0.0489489 -0.828123 -0.558405   2.08997
        0         0         0         1

 0.204041 -0.557212  0.804911  0.746198
-0.978299 -0.085801  0.188597  0.756308
-0.0360267 -0.825925 -0.562627   2.10272
        0         0         0         1

 0.202412 -0.561995  0.801992  0.746164
-0.979002 -0.095913  0.179876  0.766802
-0.0241678 -0.821561 -0.569608   2.11491
        0         0         0         1

 0.201447 -0.565566  0.799721  0.744721
 -0.97943 -0.106599  0.171327  0.779168
-0.0116476 -0.817785 -0.575407   2.13027
        0         0         0         1

 0.198708 -0.568661  0.798211  0.743983
-0.980053 -0.118014  0.159901  0.791387
0.00327031 -0.814062 -0.580768   2.13791
        0         0         0         1

 0.195944 -0.577552   0.79249  0.744227
-0.980447 -0.130355  0.147416   0.81473
0.0181643 -0.805879 -0.591801   2.16877
        0         0         0         1

 0.194029 -0.578729  0.792102  0.742429
-0.980597  -0.13745  0.139778  0.824684
0.0279808 -0.803854 -0.594169   2.17996
        0         0         0         1

 0.188574 -0.586789  0.787476  0.746485
-0.981338 -0.143308  0.128211  0.838047
0.0376191 -0.796958 -0.602863    2.1957
        0         0         0         1

 0.189638 -0.584682  0.788786  0.740923
-0.980511 -0.154772  0.121008  0.849447
0.0513306 -0.796362 -0.602638   2.20297
        0         0         0         1

 0.192564 -0.582435  0.789739  0.730287
-0.978672 -0.172675  0.111283  0.873296
 0.071553 -0.794325 -0.603264   2.22944
        0         0         0         1

 0.188444 -0.585823  0.788226  0.733734
-0.978837 -0.177248  0.102281  0.885186
0.0797933 -0.790819 -0.606827   2.24013
        0         0         0         1

  0.19088 -0.579664  0.792184  0.724598
-0.977679 -0.184445  0.100613   0.89599
0.0877927 -0.793707 -0.601932   2.25247
        0         0         0         1

 0.184774 -0.585028  0.789684  0.730868
 -0.97757 -0.192044 0.0864635  0.912568
  0.10107 -0.787948  -0.60739   2.25932
        0         0         0         1

 0.178472  -0.58962  0.787715  0.734291
-0.977379 -0.198568 0.0728122  0.930037
 0.113483 -0.782891 -0.611721    2.2697
        0         0         0         1

 0.181171 -0.586412  0.789492  0.727718
-0.976271 -0.204074 0.0724518  0.937634
 0.118629 -0.783884 -0.609469   2.28179
        0         0         0         1

 0.178223 -0.586509  0.790091   0.72514
 -0.97428 -0.217706 0.0581607  0.966867
 0.137896 -0.780135 -0.610224    2.3022
        0         0         0         1

 0.174817 -0.588261  0.789549  0.725922
-0.973644 -0.222584 0.0497402  0.978987
 0.146481 -0.777435 -0.611669   2.31406
        0         0         0         1

 0.171955 -0.586289  0.791642  0.722371
 -0.97066 -0.237951 0.0346141  0.999344
 0.168078 -0.774367 -0.610004   2.31832
        0         0         0         1

 0.165608 -0.582427  0.795834  0.722735
-0.970611 -0.239138 0.0269664   1.01251
 0.174608 -0.776912 -0.604913   2.32497
        0         0         0         1

 0.162341 -0.581981  0.796833   0.72192
-0.970284 -0.240997 0.0216626   1.03429
 0.179427 -0.776671 -0.603811   2.35387
        0         0         0         1

 0.165147 -0.575431  0.801003  0.709622
-0.967917 -0.250505 0.0196009   1.04485
 0.189376 -0.778541  -0.59834   2.36027
        0         0         0         1

  0.157817  -0.582839   0.797115   0.719371
  -0.96645  -0.256829 0.00355292    1.06588
  0.202651  -0.770933  -0.603817    2.36518
         0          0          0          1

   0.151979   -0.580696    0.799809    0.722189
  -0.964848   -0.262703 -0.00739448     1.08291
   0.214407   -0.770571   -0.600209     2.36776
          0           0           0           1

   0.153019   -0.571413     0.80627     0.71225
  -0.963863   -0.266333 -0.00582493      1.0908
   0.218065   -0.776243   -0.591519     2.38372
          0           0           0           1

  0.149514  -0.573383   0.805529   0.716378
 -0.962963   -0.26932 -0.0129696     1.1051
  0.224382  -0.773756  -0.592414    2.39343
         0          0          0          1

  0.149023  -0.563815   0.812345   0.709806
  -0.95764  -0.287004 -0.0235213    1.13923
  0.246408  -0.774429  -0.582702    2.40242
         0          0          0          1

  0.146294  -0.564427   0.812416   0.711989
 -0.957984  -0.285646 -0.0259462    1.15059
  0.246708  -0.774486    -0.5825     2.4148
         0          0          0          1

  0.141362  -0.560318   0.816125   0.704177
 -0.954481  -0.295867 -0.0378035    1.16858
  0.262647  -0.773632  -0.576637    2.41341
         0          0          0          1

  0.148222  -0.553736   0.819394   0.691007
 -0.953892  -0.298714 -0.0293159    1.17475
  0.260998  -0.777269   -0.57248    2.42383
         0          0          0          1

