 0.563083 -0.278737  0.777974   1.00641
-0.808266 0.0103805  0.588727   1.08964
-0.172176 -0.960311 -0.219448   1.63658
        0         0         0         1

 0.557794 -0.283027  0.780232   1.00796
-0.807087 0.0342993  0.589435   1.08299
-0.193588 -0.958498 -0.209296   1.62423
        0         0         0         1

 0.550866 -0.283917  0.784817   1.01239
-0.808613 0.0512399  0.586106   1.07887
-0.206619 -0.957479 -0.201353   1.61529
        0         0         0         1

 0.540744 -0.286174  0.791012   1.01741
-0.805078 0.0964897  0.585268   1.06882
-0.243813 -0.953307 -0.178216   1.59576
        0         0         0         1

 0.539055 -0.284592  0.792734   1.01762
-0.802784  0.111198  0.585809   1.06498
-0.254867 -0.952178 -0.168524   1.58632
        0         0         0         1

 0.530302 -0.288509  0.797209   1.02145
-0.801327  0.136508  0.582444   1.06035
-0.276866 -0.947696   -0.1588    1.5778
        0         0         0         1

 0.524083 -0.288634  0.801266   1.02401
-0.802051  0.149165  0.578329    1.0569
-0.286447 -0.945748 -0.153324   1.56837
        0         0         0         1

 0.519412 -0.292095  0.803051   1.02333
-0.799637  0.165231  0.577303   1.05329
-0.301317 -0.942008 -0.147747   1.55696
        0         0         0         1

 0.518959  -0.29726  0.801448   1.01937
-0.795046  0.176536  0.580291   1.04935
-0.313981 -0.938335  -0.14472   1.55028
        0         0         0         1

 0.504137 -0.307914  0.806867   1.02313
-0.788868  0.216043  0.575337   1.04066
-0.351472 -0.926561 -0.133988   1.53827
        0         0         0         1

 0.500984 -0.310563  0.807815   1.02535
-0.784342  0.231611  0.575469   1.03826
-0.365818 -0.921904 -0.127555   1.53362
        0         0         0         1

 0.497377 -0.311418  0.809713   1.02795
-0.778312  0.252097  0.575045   1.03475
-0.383206 -0.916224 -0.116993   1.52479
        0         0         0         1

 0.499624  -0.31025  0.808777    1.0277
-0.770439  0.267645   0.57861   1.03298
 -0.39598 -0.912201 -0.105307   1.51954
        0         0         0         1

  0.504597  -0.301653   0.808942    1.03002
 -0.754837   0.300638   0.582956    1.02992
  -0.41905  -0.904777 -0.0759979    1.50315
         0          0          0          1

  0.503144  -0.297065   0.811541    1.03351
 -0.749057   0.318425   0.580965    1.02791
 -0.430999  -0.900199 -0.0623046    1.49959
         0          0          0          1

  0.505182  -0.291436   0.812315     1.0348
 -0.743225   0.331492   0.581145    1.02745
 -0.438643  -0.897317 -0.0491388     1.4908
         0          0          0          1

  0.505503  -0.291922   0.811941    1.03378
 -0.739058   0.339125   0.582055    1.02633
 -0.445264  -0.894302 -0.0443191     1.4838
         0          0          0          1

   0.50147   -0.29295   0.814069    1.03677
 -0.733921   0.354212   0.579564    1.02457
 -0.458136  -0.888096 -0.0373759    1.47892
         0          0          0          1

  0.496443  -0.292969   0.817137     1.0403
 -0.733805   0.361266   0.575341    1.02404
 -0.463761  -0.885243 -0.0356338    1.47322
         0          0          0          1

 0.493604 -0.300316  0.816189   1.04103
-0.721242  0.383057  0.577129   1.02199
-0.485969 -0.873543 -0.027522   1.46644
        0         0         0         1

  0.489704  -0.299078   0.818989    1.04477
 -0.719372   0.392149   0.573344    1.02142
  -0.49264  -0.869926 -0.0231111    1.46321
         0          0          0          1

  0.486565  -0.299352   0.820758     1.0467
 -0.717169   0.399651   0.570918    1.02143
 -0.498922  -0.866411 -0.0202294    1.45703
         0          0          0          1

  0.486054   -0.29926   0.821094    1.04691
 -0.715181   0.403766   0.570517    1.02149
 -0.502262  -0.864533 -0.0177724    1.45119
         0          0          0          1

   0.484331   -0.299277    0.822105      1.0439
   -0.70559    0.421955    0.569295     1.01977
  -0.517268   -0.855796 -0.00680178     1.44439
          0           0           0           1

   0.481617   -0.298281    0.824059     1.04536
  -0.705474    0.425921    0.566479     1.02069
  -0.519954   -0.854178 -0.00529834     1.43998
          0           0           0           1

 0.478504 -0.296932  0.826357   1.04743
-0.703144  0.434114  0.563146    1.0204
-0.525949 -0.850516 -0.001061   1.43608
        0         0         0         1

   0.47612  -0.298199   0.827277    1.04738
  -0.69954   0.441626   0.561792    1.01974
 -0.532873  -0.846194 0.00166476    1.43464
         0          0          0          1

  0.472919  -0.299984   0.828467    1.04914
 -0.697219   0.447492   0.560033    1.01975
 -0.538733  -0.842473 0.00247254    1.42967
         0          0          0          1

  0.470165  -0.299156   0.830331    1.05067
 -0.694666   0.454891   0.557237    1.02021
 -0.544411  -0.838796 0.00606083    1.42827
         0          0          0          1

 0.470787  -0.29855  0.830197   1.04917
-0.689242  0.462949  0.557337   1.02046
-0.550732 -0.834593 0.0121766   1.41648
        0         0         0         1

 0.468869 -0.296014  0.832188   1.05151
-0.687015  0.469932  0.554233   1.02081
-0.555132 -0.831589 0.0169706   1.41479
        0         0         0         1

 0.468999 -0.295174  0.832414    1.0503
-0.680258  0.480377  0.553613    1.0207
-0.563284   -0.8259 0.0245019     1.414
        0         0         0         1

 0.466533 -0.292106  0.834878   1.05243
-0.680454  0.484507  0.549759    1.0211
-0.565092 -0.824577 0.0272733   1.41088
        0         0         0         1

 0.467057 -0.293229  0.834191   1.04921
-0.674985  0.491183  0.550576   1.02157
-0.571185 -0.820217 0.0314856   1.40408
        0         0         0         1

 0.465504 -0.294654  0.834557   1.04968
-0.672796  0.494835  0.549985   1.02216
-0.575023 -0.817507 0.0321055   1.40194
        0         0         0         1

 0.461186 -0.294858  0.836879   1.05269
-0.669624  0.503157  0.546293   1.02298
-0.582161 -0.812337 0.0346053   1.40229
        0         0         0         1

 0.461237 -0.295512   0.83662   1.05129
-0.668157  0.504727  0.546642   1.02244
-0.583803 -0.811125 0.0353506   1.40022
        0         0         0         1

 0.459466 -0.295504  0.837597   1.05124
-0.668969  0.505209  0.545202   1.02336
-0.584271 -0.810828 0.0344431   1.39589
        0         0         0         1

 0.457153 -0.295266  0.838945   1.05293
-0.668742  0.507754   0.54311   1.02391
 -0.58634 -0.809323 0.0346643   1.39407
        0         0         0         1

 0.459351 -0.295628  0.837616   1.05046
 -0.66459  0.511267   0.54491   1.02405
-0.589336 -0.806976 0.0383794   1.38975
        0         0         0         1

 0.454615 -0.293745  0.840856   1.05363
-0.667402  0.512825  0.539986   1.02472
 -0.58983 -0.806675 0.0370926   1.38717
        0         0         0         1

 0.455242 -0.293138  0.840729   1.05268
 -0.66312   0.51849  0.539852   1.02469
 -0.59416 -0.803267 0.0416531   1.38848
        0         0         0         1

 0.456636 -0.290007  0.841058   1.05279
-0.661916  0.520917  0.538993   1.02485
-0.594433 -0.802833  0.045909    1.3886
        0         0         0         1

 0.455935 -0.285936  0.842831   1.05432
-0.661792  0.524287  0.535869   1.02536
-0.595109   -0.8021 0.0498108   1.38874
        0         0         0         1

 0.455375 -0.284676   0.84356   1.05493
 -0.66398   0.52261  0.534798   1.02521
-0.593097 -0.803641 0.0489639    1.3866
        0         0         0         1

 0.452571 -0.283373  0.845506   1.05659
-0.668741  0.519364  0.532021   1.02515
-0.589886 -0.806201 0.0455458   1.38413
        0         0         0         1

  0.45013 -0.282485  0.847104    1.0594
-0.670939  0.519008  0.529595   1.02527
-0.589257 -0.806742 0.0440908   1.38308
        0         0         0         1

  0.45133 -0.283129   0.84625   1.05764
 -0.66991  0.518985  0.530918   1.02465
 -0.58951 -0.806531 0.0445627   1.38373
        0         0         0         1

 0.452366 -0.283515  0.845568    1.0566
 -0.66995  0.517797  0.532028   1.02442
 -0.58867 -0.807159 0.0442928   1.38341
        0         0         0         1

 0.452241 -0.281026  0.846464   1.05944
 -0.67093  0.518122  0.530475   1.02375
-0.587649 -0.807821 0.0457674   1.38351
        0         0         0         1

 0.453409 -0.281977  0.845523   1.05819
-0.669477  0.518512  0.531926   1.02341
-0.588405 -0.807239 0.0463207    1.3842
        0         0         0         1

 0.453989 -0.283224  0.844795   1.05754
-0.669453  0.517258  0.533176   1.02299
-0.587985 -0.807606 0.0452247   1.38379
        0         0         0         1

 0.453435  -0.28357  0.844976   1.05869
-0.668835  0.518367  0.532875   1.02271
-0.589115 -0.806774 0.0453845   1.38466
        0         0         0         1

 0.453736 -0.285878  0.844037   1.05895
-0.667362  0.518662  0.534432   1.02221
-0.590552 -0.805769 0.0445514   1.38543
        0         0         0         1

 0.453358 -0.286787  0.843931   1.05943
-0.667434  0.518314   0.53468   1.02221
-0.590761  -0.80567 0.0435704   1.38502
        0         0         0         1

 0.453154 -0.288038  0.843615   1.05969
 -0.66651  0.518956   0.53521   1.02208
-0.591959  -0.80481 0.0431865    1.3855
        0         0         0         1

 0.453592 -0.291203  0.842291   1.05919
-0.664683  0.519042  0.537394   1.02178
-0.593675 -0.803614 0.0418753   1.38591
        0         0         0         1

 0.452892 -0.292861  0.842093    1.0594
-0.665176  0.517921  0.537865   1.02179
-0.593657 -0.803735 0.0397583   1.38537
        0         0         0         1

 0.454933  -0.29561   0.84003   1.05833
-0.661704  0.519079  0.541023   1.02162
-0.595973  -0.80198 0.0405397    1.3857
        0         0         0         1

 0.456031 -0.299244  0.838146   1.05682
 -0.66138  0.516208  0.544156   1.02142
-0.595493 -0.802485 0.0374923   1.38433
        0         0         0         1

 0.455964 -0.300267  0.837817   1.05635
-0.659989  0.517473  0.544643   1.02137
-0.597086 -0.801287 0.0377758   1.38462
        0         0         0         1

  0.45413 -0.300808  0.838618   1.05663
-0.660329  0.518261   0.54348   1.02143
-0.598106 -0.800575 0.0367259   1.38447
        0         0         0         1

 0.454491 -0.301923  0.838021   1.05611
 -0.65912  0.518841  0.544394   1.02117
-0.599165 -0.799779  0.036805   1.38455
        0         0         0         1

  0.45529 -0.306256  0.836013   1.05493
-0.657217  0.517855  0.547624   1.02111
-0.600647  -0.79877 0.0344979   1.38364
        0         0         0         1

 0.455644 -0.307587  0.835331    1.0546
-0.657026  0.516927  0.548729    1.0209
-0.600587  -0.79886 0.0334419   1.38305
        0         0         0         1

 0.454434 -0.311323  0.834606   1.05463
-0.655626  0.517381  0.549973   1.02116
-0.603029 -0.797116 0.0310037   1.38328
        0         0         0         1

 0.455139 -0.313341  0.833466   1.05405
 -0.65341  0.518356   0.55169   1.02106
  -0.6049 -0.795691 0.0311838   1.38417
        0         0         0         1

 0.457769 -0.317643  0.830392   1.05271
-0.651059  0.516279  0.556397   1.02103
 -0.60545 -0.795336 0.0295322   1.38441
        0         0         0         1

 0.456759 -0.319942  0.830065   1.05307
-0.652919  0.513181  0.557083   1.02132
-0.604208 -0.796418 0.0255036   1.38333
        0         0         0         1

 0.457933 -0.325334  0.827318   1.05338
-0.647463  0.515652  0.561155   1.02137
-0.609171 -0.792629 0.0254928   1.38515
        0         0         0         1

 0.457376 -0.328445  0.826397    1.0539
-0.648799  0.512291  0.562688   1.02166
-0.608168 -0.793525 0.0212151   1.38456
        0         0         0         1

  0.45851 -0.333255  0.823838   1.05382
-0.645075   0.51283  0.566466   1.02193
-0.611267 -0.791168 0.0201633    1.3855
        0         0         0         1

 0.459557  -0.33713  0.821675   1.05384
-0.644306  0.510214  0.569695   1.02227
-0.611291 -0.791217 0.0172577   1.38516
        0         0         0         1

 0.464823 -0.343586   0.81602   1.05326
-0.637556  0.509636  0.577749   1.02303
-0.614379  -0.78881 0.0178353   1.38503
        0         0         0         1

 0.469182 -0.343809  0.813427   1.05186
-0.633172  0.511122  0.581246   1.02355
-0.615599 -0.787749 0.0221186   1.38634
        0         0         0         1

 0.471292 -0.341828  0.813042   1.05248
  -0.6296  0.515172  0.581551   1.02453
-0.617647 -0.785972 0.0275817   1.38812
        0         0         0         1

 0.474048 -0.342769  0.811041   1.05184
-0.626668  0.515708  0.584236   1.02489
-0.618519  -0.78521 0.0296684    1.3893
        0         0         0         1

  0.48041 -0.343263  0.807079   1.04919
-0.620781  0.516963  0.589389   1.02595
-0.619546 -0.784168  0.035263   1.39333
        0         0         0         1

 0.481674 -0.343638  0.806166   1.04942
-0.619072  0.517682  0.590555   1.02721
-0.620275  -0.78353 0.0366176   1.39627
        0         0         0         1

 0.479845 -0.346668  0.805959   1.05144
-0.624928  0.509722  0.591312   1.03052
-0.615804 -0.787404 0.0279448    1.3973
        0         0         0         1

  0.48169  -0.34882  0.803928   1.04854
-0.627011  0.503716  0.594246   1.03189
-0.612236 -0.790313 0.0239207   1.39804
        0         0         0         1

 0.481932 -0.351299  0.802702   1.04717
-0.632889  0.493994  0.596173   1.03337
-0.605964 -0.795336 0.0157379   1.39816
        0         0         0         1

 0.481833 -0.354201  0.801485   1.04524
-0.633057  0.491709   0.59788   1.03414
-0.605868 -0.795464 0.0126919   1.40425
        0         0         0         1

   0.479812   -0.355359    0.802185     1.04311
  -0.648893    0.471653     0.59706     1.03775
  -0.590523   -0.807009 -0.00428545      1.4118
          0           0           0           1

   0.477624   -0.353571    0.804278     1.04404
  -0.654101    0.468055    0.594203     1.03824
  -0.586539   -0.809884 -0.00771698     1.41831
          0           0           0           1

  0.478489  -0.347567   0.806378    1.04233
 -0.667069   0.453308   0.591211     1.0406
 -0.571024  -0.820798 -0.0149483    1.42197
         0          0          0          1

  0.480393   -0.34556   0.806109    1.03996
 -0.673868   0.442852   0.591425    1.04205
 -0.561359  -0.827328 -0.0201188    1.42693
         0          0          0          1

  0.478458  -0.339314   0.809904     1.0419
 -0.689095   0.426585   0.585809     1.0447
 -0.544266  -0.838386 -0.0297168    1.43143
         0          0          0          1

  0.486232  -0.337045   0.806213    1.03387
 -0.689023   0.419551   0.590952    1.04601
 -0.537425  -0.842839 -0.0282325    1.44099
         0          0          0          1

  0.488432  -0.323548   0.810402    1.03216
  -0.71292   0.387565   0.584412    1.04983
 -0.503169  -0.863198 -0.0413644    1.45595
         0          0          0          1

  0.488354   -0.31935   0.812112    1.03157
 -0.718629    0.38078   0.581875    1.05171
 -0.495058  -0.867769 -0.0435389    1.46859
         0          0          0          1

  0.498023  -0.308782   0.810325    1.02376
 -0.728579   0.357757   0.584108    1.05471
 -0.470261  -0.881285 -0.0468008    1.47789
         0          0          0          1

  0.493886  -0.302268   0.815298    1.02906
 -0.740734   0.344814   0.576555    1.05723
 -0.455401  -0.888672 -0.0536011    1.48493
         0          0          0          1

  0.492213  -0.289754   0.820834    1.03144
 -0.754662   0.327922   0.568289    1.06019
 -0.433834  -0.899172 -0.0572583    1.49815
         0          0          0          1

  0.499907  -0.283435   0.818387    1.02545
 -0.762856   0.303286   0.571024    1.06306
 -0.410054   -0.90977 -0.0646049    1.50414
         0          0          0          1

  0.498324  -0.261416   0.826641    1.02685
 -0.789214   0.257926   0.557328    1.07138
 -0.358907  -0.930127 -0.0777821    1.53256
         0          0          0          1

  0.504236  -0.253395   0.825553    1.01995
  -0.79564    0.23532   0.558195    1.07395
 -0.335713  -0.938305 -0.0829548    1.54246
         0          0          0          1

  0.505548  -0.243711   0.827663     1.0191
 -0.805933   0.209107   0.553847    1.07843
 -0.308049  -0.947037 -0.0907012    1.56185
         0          0          0          1

 0.505197  -0.23863  0.829356   1.01809
-0.815144  0.183641  0.549378   1.08216
-0.283402 -0.953589 -0.101743   1.57162
        0         0         0         1

 0.513559 -0.224103  0.828272   1.00895
-0.828238  0.122784   0.54676   1.09239
-0.224229   -0.9668 -0.122554   1.60624
        0         0         0         1

 0.508435 -0.219752  0.832588   1.01332
-0.837357 0.0993097  0.537559   1.09693
-0.200814 -0.970488 -0.133518   1.61648
        0         0         0         1

 0.508048 -0.213891  0.834349   1.01212
-0.844474 0.0670016  0.531389   1.10282
-0.169562 -0.974557 -0.146586   1.63472
        0         0         0         1

 0.510254 -0.210778  0.833794    1.0096
-0.847898 0.0389369  0.528728    1.1092
 -0.14391 -0.976758 -0.158851   1.64649
        0         0         0         1

  0.513392  -0.204984   0.833313     1.0064
 -0.850429 0.00847691   0.526022    1.11644
  -0.11489  -0.978729  -0.169973    1.66809
         0          0          0          1

  0.518625  -0.197314   0.831923    1.00011
 -0.850378 -0.0179856   0.525864    1.12229
-0.0887977  -0.980175  -0.177119    1.68115
         0          0          0          1

  0.521519  -0.190268   0.831755   0.997043
 -0.852802 -0.0850252   0.515266     1.1414
-0.0273185  -0.978043  -0.206603    1.71275
         0          0          0          1

 0.523765 -0.190332  0.830328  0.994638
 -0.85179 -0.104287  0.513398   1.14788
-0.0111237 -0.976165 -0.216745   1.72885
        0         0         0         1

 0.530051  -0.18545  0.827438  0.987314
-0.847832 -0.133234  0.513254   1.15728
0.0150601 -0.973579 -0.227852   1.75218
        0         0         0         1

 0.531948 -0.189323  0.825341  0.985298
-0.846171 -0.155712  0.509655   1.16582
0.0320258  -0.96949 -0.243031   1.76699
        0         0         0         1

 0.535945 -0.193969  0.821669  0.985039
-0.840724 -0.211519  0.498441    1.1883
0.0771163 -0.957933 -0.276436    1.8005
        0         0         0         1

