  0.142878  -0.793822   0.591128   0.657302
 -0.979027 -0.0257169     0.2021    1.06733
  -0.14523  -0.607606  -0.780848    2.38451
         0          0          0          1

  0.147744  -0.793475   0.590398    0.66568
 -0.976397 -0.0219272   0.214868    1.05399
 -0.157547  -0.608208  -0.777986    2.36411
         0          0          0          1

     0.1693   -0.787669    0.592381    0.677392
  -0.963841 -0.00682124    0.266391     1.00619
  -0.205787   -0.616061   -0.760342     2.33742
          0           0           0           1

   0.180512   -0.782436    0.595995     0.67985
  -0.959697 -0.00741139    0.280939    0.991058
  -0.215399   -0.622687   -0.752239     2.31921
          0           0           0           1

   0.193929   -0.775762    0.600488    0.679158
  -0.951325 0.000739508    0.308188    0.966732
  -0.239525   -0.631026   -0.737858      2.2995
          0           0           0           1

  0.199973  -0.774339   0.600341   0.686659
 -0.946908 0.00469447   0.321469   0.952638
 -0.251745  -0.632753   -0.73229    2.28302
         0          0          0          1

 0.208847 -0.768184  0.605208  0.690151
-0.939142 0.0150618    0.3432  0.931139
-0.272756 -0.640052 -0.718288   2.26418
        0         0         0         1

 0.211951 -0.766372  0.606425  0.699818
 -0.93603 0.0191867  0.351398  0.918706
-0.280937 -0.642111  -0.71328   2.24263
        0         0         0         1

 0.222503 -0.763341  0.606467  0.714239
-0.919741 0.0419775  0.390274  0.879469
 -0.32337  -0.64463 -0.692736   2.20867
        0         0         0         1

 0.226873 -0.762558  0.605834  0.720814
-0.913777 0.0485519  0.403303  0.865379
-0.336957 -0.645096 -0.685793   2.19219
        0         0         0         1

 0.236271  -0.75935   0.60627  0.723999
-0.905577 0.0541315  0.420715  0.847127
-0.352288 -0.648427  -0.67486   2.16767
        0         0         0         1

 0.236292 -0.760454  0.604877  0.730868
-0.899014 0.0651106  0.433053  0.832449
  -0.3687 -0.646119 -0.668274   2.15324
        0         0         0         1

 0.237701 -0.759035  0.606106  0.739596
-0.891056 0.0780057   0.44714  0.814892
-0.386674  -0.64636 -0.657801   2.13024
        0         0         0         1

 0.244403  -0.75468  0.608872  0.740495
-0.883934 0.0847551  0.459866  0.800803
-0.398657 -0.650596 -0.646373   2.11305
        0         0         0         1

 0.248795   -0.7534  0.608678  0.753465
 -0.86538  0.109328  0.489044  0.766983
-0.434992  -0.64841 -0.624777   2.07451
        0         0         0         1

 0.252145  -0.75227  0.608697  0.757169
-0.857276  0.118138   0.50112  0.753275
-0.448888 -0.648176 -0.615116   2.05715
        0         0         0         1

 0.251882 -0.751983  0.609161  0.765383
-0.847607  0.132347  0.513855  0.737498
-0.467031  -0.64576  -0.60405   2.03485
        0         0         0         1

 0.251016 -0.752613   0.60874  0.770763
-0.840607   0.14234  0.522608  0.726056
-0.479969 -0.642894 -0.596923   2.01912
        0         0         0         1

 0.250129 -0.750465   0.61175  0.782847
-0.821569  0.169809  0.544233  0.697679
-0.512308 -0.638724 -0.574084   1.97664
        0         0         0         1

 0.249537 -0.751767  0.610392  0.786643
-0.813671  0.178989  0.553085  0.685897
-0.525044 -0.634673 -0.567026   1.95981
        0         0         0         1

 0.243882 -0.753607  0.610408  0.794784
-0.805256  0.193399    0.5605   0.67212
-0.540449  -0.62823  -0.55968   1.93942
        0         0         0         1

 0.240417 -0.753441  0.611985  0.800583
-0.799655  0.203654  0.564869  0.663122
-0.550228 -0.625181 -0.553532   1.92178
        0         0         0         1

 0.238034 -0.754789  0.611256  0.805434
-0.790579  0.215015   0.57337  0.649585
-0.564203 -0.619727 -0.545539   1.90135
        0         0         0         1

  0.23344 -0.756441  0.610985  0.810668
-0.783885  0.225394  0.578552  0.640237
-0.575353 -0.613999 -0.540347    1.8856
        0         0         0         1

    0.218 -0.759684  0.612663  0.821802
-0.769801  0.252028  0.586421   0.61865
-0.599902 -0.599468 -0.529863    1.8474
        0         0         0         1

 0.210453 -0.759562  0.615447  0.826293
-0.765631  0.263397  0.586883  0.611031
-0.607881 -0.594717 -0.526111   1.83141
        0         0         0         1

 0.200522 -0.758029  0.620631  0.831575
-0.759115   0.28024  0.587545  0.600703
-0.619302 -0.588946 -0.519237   1.81094
        0         0         0         1

 0.194372 -0.757025  0.623805  0.834293
-0.752543  0.292831  0.589855  0.592473
-0.629204 -0.584091 -0.512776   1.79676
        0         0         0         1

 0.174091 -0.751872   0.63591  0.844437
-0.739447  0.326652  0.588656  0.575656
-0.650315 -0.572702 -0.499102    1.7623
        0         0         0         1

 0.165816 -0.749401  0.641017  0.847948
-0.733496  0.340754  0.588107  0.569226
-0.659158 -0.567701 -0.493181   1.74909
        0         0         0         1

 0.154936 -0.746989  0.646531  0.852744
 -0.72486    0.3587  0.588143  0.561007
-0.671247 -0.559769 -0.485887   1.73223
        0         0         0         1

 0.151922 -0.744695  0.649884  0.853567
-0.718979  0.367917  0.589666  0.554761
-0.678225 -0.556836 -0.479525   1.71899
        0         0         0         1

  0.14162 -0.742793  0.654371  0.858167
-0.711018  0.383607  0.589321  0.547967
-0.688765 -0.548729 -0.473813   1.70322
        0         0         0         1

 0.135309 -0.741237  0.657465   0.86111
-0.706203  0.393282  0.588733  0.543285
 -0.69496 -0.543964 -0.470249   1.69058
        0         0         0         1

 0.121878 -0.735854  0.666082  0.868019
-0.692198  0.417941  0.588377  0.532279
-0.711343  -0.53277 -0.458418   1.66284
        0         0         0         1

 0.117927 -0.733508  0.669373    0.8705
-0.686991  0.426469  0.588361  0.528358
-0.717034 -0.529236 -0.453621   1.65198
        0         0         0         1

 0.111989 -0.731137  0.672977  0.873513
-0.680566  0.437044  0.588066  0.523804
-0.724077 -0.523862 -0.448643   1.63892
        0         0         0         1

 0.107526 -0.728854  0.676173   0.87615
-0.675453  0.445498  0.587618  0.520638
-0.729521 -0.519907 -0.444405   1.62939
        0         0         0         1

 0.102474 -0.725231  0.680837  0.879812
-0.664057  0.459722  0.589647  0.512951
-0.740626 -0.512538 -0.434485   1.60783
        0         0         0         1

0.0987567 -0.724313  0.682362   0.88205
-0.660592  0.465112  0.589312  0.510498
-0.744221 -0.508962 -0.432542   1.59965
        0         0         0         1

0.0941935 -0.723964  0.683376  0.885037
-0.655238  0.471712  0.590044  0.507442
-0.749527 -0.503352 -0.429937   1.59022
        0         0         0         1

0.0934547 -0.723666  0.683794  0.886544
-0.652727  0.474078  0.590929  0.505396
-0.751807 -0.501556 -0.428051   1.58231
        0         0         0         1

0.0896624  -0.72375  0.684212  0.889643
-0.648066  0.479259   0.59188  0.502975
-0.756288 -0.496484 -0.426066   1.57391
        0         0         0         1

0.0892039 -0.724024  0.683983  0.891137
 -0.64408  0.481885  0.594094  0.501051
-0.759739 -0.493535 -0.423343   1.56813
        0         0         0         1

0.0875318  -0.72464  0.683546  0.894599
-0.636259   0.48731  0.598083  0.497145
-0.766493 -0.487264 -0.418404   1.55401
        0         0         0         1

0.0883572 -0.724936  0.683126  0.895647
-0.633458  0.488367   0.60019  0.495756
-0.768716 -0.485763 -0.416066   1.54885
        0         0         0         1

0.0872318  -0.72518  0.683011   0.89801
-0.629982  0.490961  0.601731  0.494402
-0.771695 -0.482775 -0.414023   1.54234
        0         0         0         1

0.0878886 -0.725527  0.682559  0.899106
-0.627725  0.491701  0.603483  0.493458
-0.773458 -0.481498 -0.412216    1.5377
        0         0         0         1

0.0901649 -0.726203  0.681542  0.902012
-0.619992  0.494626   0.60906  0.491018
 -0.77941 -0.477467 -0.405642   1.52852
        0         0         0         1

0.0901935  -0.72609  0.681659  0.903849
-0.619155  0.495224  0.609426  0.490603
-0.780072 -0.477019 -0.404896   1.52442
        0         0         0         1

0.0923331 -0.726706  0.680715  0.904868
-0.616617   0.49505  0.612135  0.489769
 -0.78183 -0.476261 -0.402389   1.52014
        0         0         0         1

0.0940215  -0.72678  0.680404  0.905904
-0.615435  0.494776  0.613544  0.489198
 -0.78256 -0.476431 -0.400767   1.51683
        0         0         0         1

0.0953381 -0.727389   0.67957  0.907928
  -0.6133  0.494801  0.615659  0.488645
-0.784075 -0.475476 -0.398934   1.51334
        0         0         0         1

0.0973252 -0.727919   0.67872  0.908737
-0.611921  0.494061  0.617621  0.488201
-0.784908 -0.475433 -0.397345   1.51074
        0         0         0         1

   0.1045 -0.729644  0.675796  0.909886
-0.607958  0.490898  0.624024  0.487066
-0.787062 -0.476066 -0.392294   1.50607
        0         0         0         1

 0.109333 -0.730714  0.673872  0.910318
-0.606134  0.488296  0.627828  0.486842
-0.787812 -0.477099 -0.389524   1.50436
        0         0         0         1

 0.112356 -0.729754  0.674415  0.911988
-0.606542  0.487232  0.628261  0.487205
-0.787073  -0.47965 -0.387882   1.50189
        0         0         0         1

 0.115572   -0.7308  0.672737  0.912454
-0.606924  0.484187  0.630243  0.487088
-0.786312 -0.481139 -0.387582   1.50088
        0         0         0         1

 0.117298  -0.73452  0.668373  0.915241
 -0.61148  0.476891  0.631401   0.48751
-0.782517 -0.482759 -0.393206   1.49941
        0         0         0         1

 0.118184 -0.736263  0.666295  0.914949
 -0.61387  0.473245  0.631825  0.487227
 -0.78051  -0.48369  -0.39604   1.49896
        0         0         0         1

 0.117291 -0.737284  0.665323  0.916758
-0.616858  0.470947  0.630631  0.487536
-0.778286 -0.484377 -0.399562   1.49863
        0         0         0         1

 0.118735 -0.739062  0.663091  0.916351
-0.617438  0.468041  0.632225  0.487116
-0.777607 -0.484485 -0.400752   1.49896
        0         0         0         1

 0.120312  -0.74133  0.660269   0.91659
-0.619505   0.46364  0.633445  0.486923
-0.775718 -0.485251 -0.403476   1.49851
        0         0         0         1

 0.120129 -0.742879  0.658559  0.917497
-0.620721    0.4615  0.633816  0.487081
-0.774774 -0.484922 -0.405681   1.49867
        0         0         0         1

 0.122637    -0.748   0.65227  0.917829
-0.622495  0.453899  0.637554  0.486724
-0.772955 -0.484222 -0.409962    1.4992
        0         0         0         1

 0.124224 -0.751002  0.648509  0.917877
-0.623642  0.449256  0.639718  0.486668
-0.771777 -0.483906 -0.412548   1.49905
        0         0         0         1

 0.123446 -0.756006  0.642819  0.918529
-0.624239  0.444397  0.642524  0.486665
-0.771419 -0.480589  -0.41707   1.49943
        0         0         0         1

 0.123764 -0.760896  0.636961  0.918606
-0.625251  0.438647  0.645484  0.486719
-0.770547 -0.478149 -0.421462   1.49979
        0         0         0         1

  0.11971 -0.772069  0.624163  0.919705
-0.629109  0.427364  0.649294  0.487107
-0.768044 -0.470393 -0.434555   1.50014
        0         0         0         1

 0.116229 -0.776097   0.61981  0.920326
-0.630163  0.424731  0.649999  0.487358
-0.767715  -0.46613 -0.439701    1.5004
        0         0         0         1

 0.111916 -0.781315  0.614021   0.92119
-0.633245  0.420118  0.650001  0.488014
-0.765817 -0.461572 -0.447745    1.5005
        0         0         0         1

 0.109003 -0.786132  0.608371  0.921367
-0.634875  0.415873   0.65114  0.488314
-0.764887 -0.457215 -0.453764   1.50074
        0         0         0         1

 0.104356  -0.79209  0.601418  0.921518
-0.636856  0.411253   0.65214  0.488652
-0.763888 -0.451071  -0.46153   1.50112
        0         0         0         1

 0.100585 -0.796448  0.596282  0.921515
-0.639139  0.407579  0.652213  0.489034
-0.762486  -0.44671 -0.468045   1.50127
        0         0         0         1

0.0893809 -0.806234  0.584805  0.921533
-0.643044   0.40167   0.65204  0.489966
-0.760596 -0.434335 -0.482542   1.50203
        0         0         0         1

0.0873894 -0.809975  0.579916  0.920868
-0.644387  0.397984  0.652973  0.490232
 -0.75969 -0.430754 -0.487158   1.50221
        0         0         0         1

0.0827317  -0.81524  0.573184  0.920462
-0.644925  0.394683  0.654444  0.490588
-0.759754 -0.423804 -0.493116   1.50298
        0         0         0         1

 0.079069 -0.819067  0.568223  0.920515
-0.645017  0.392568  0.655624  0.490919
-0.760066 -0.418353 -0.497272   1.50411
        0         0         0         1

0.0722392 -0.828551  0.555235  0.919882
-0.647309  0.384574  0.658099  0.492102
-0.758797 -0.406949 -0.508547   1.50745
        0         0         0         1

0.0696531 -0.831646   0.55092  0.919712
-0.647701  0.382321  0.659025  0.492525
-0.758704 -0.402734 -0.512028   1.50929
        0         0         0         1

0.0663668 -0.835127  0.546038  0.919541
-0.648966  0.379555  0.659379  0.493387
-0.757917 -0.398121  -0.51678   1.51145
        0         0         0         1

0.0647323 -0.837283  0.542925  0.918877
-0.651017  0.376908  0.658876  0.494166
-0.756298 -0.396104 -0.520687   1.51267
        0         0         0         1

0.0627374 -0.839659  0.539478   0.91788
-0.653341   0.37407  0.658193   0.49496
 -0.75446 -0.393756 -0.525115   1.51509
        0         0         0         1

0.0588083 -0.840215  0.539054  0.918201
-0.655193  0.374922  0.655863  0.495899
-0.753169 -0.391755 -0.528454   1.51785
        0         0         0         1

0.0551128 -0.841724  0.537088  0.915678
-0.660832   0.37249  0.651577  0.497494
-0.748507 -0.390835  -0.53571   1.52486
        0         0         0         1

0.0538477   -0.8425  0.535998  0.913751
-0.662718  0.371365  0.650302   0.49792
 -0.74693 -0.390233 -0.538343   1.52924
        0         0         0         1

 0.053554 -0.843416  0.534585   0.91133
-0.666319  0.368553  0.648219  0.498482
-0.743741 -0.390918 -0.542247   1.53488
        0         0         0         1

0.0534041 -0.843143   0.53503   0.91011
-0.671553  0.366209  0.644133  0.499558
-0.739029   -0.3937 -0.546659   1.53893
        0         0         0         1

0.0522275 -0.843738  0.534208   0.90657
-0.682506  0.360351  0.635871  0.501755
-0.729011  -0.39781 -0.557036    1.5528
        0         0         0         1

0.0532175 -0.842678  0.535781  0.904567
-0.688053  0.357906  0.631258   0.50276
-0.723707  -0.40224  -0.56076   1.55907
        0         0         0         1

0.0549256 -0.841178  0.537962  0.901829
  -0.6954  0.354401  0.625155  0.504115
 -0.71652 -0.408436  -0.56549   1.56808
        0         0         0         1

0.0568706 -0.839691  0.540078  0.899525
-0.702671  0.350623  0.619126   0.50539
-0.709238 -0.414708 -0.570087   1.57507
        0         0         0         1

 0.061364 -0.837072  0.543641  0.895567
-0.712301  0.344816  0.611334  0.506938
-0.699186  -0.42475 -0.575088   1.58451
        0         0         0         1

0.0634828 -0.834769  0.546928  0.893125
-0.718601  0.342055  0.605484  0.508164
-0.692518 -0.431461 -0.578152     1.594
        0         0         0         1

0.0745934 -0.828369  0.555194  0.884585
-0.736954  0.329283  0.590315  0.511344
-0.671814 -0.453187 -0.585908   1.61803
        0         0         0         1

0.0787673 -0.824906  0.559755  0.881937
-0.744828  0.324506  0.583032  0.513332
-0.662591 -0.462845 -0.588853   1.62913
        0         0         0         1

0.0867527 -0.820213  0.565442  0.876728
 -0.75564  0.315702  0.573882  0.515805
-0.649217 -0.477056 -0.592398   1.64378
        0         0         0         1

0.0948746 -0.816449  0.569569  0.871916
-0.763373  0.307565  0.568036  0.517526
-0.638952 -0.488686 -0.594076   1.65617
        0         0         0         1

 0.113352  -0.80452  0.583008  0.862086
-0.785239  0.286973  0.548677  0.524443
-0.608729 -0.519994 -0.599212   1.68712
        0         0         0         1

 0.120994 -0.799875  0.587844  0.857743
-0.794676  0.276825  0.540239   0.52791
-0.594854 -0.532511 -0.602147   1.70079
        0         0         0         1

 0.133063 -0.793381  0.594003  0.851157
-0.806153  0.262007  0.530537  0.532106
-0.576551 -0.549453 -0.604724   1.72002
        0         0         0         1

 0.140741 -0.789169  0.597833  0.846947
-0.814501  0.250986  0.523062  0.535871
-0.562832 -0.560552 -0.607455   1.73629
        0         0         0         1

 0.150712 -0.783909  0.602306  0.840323
-0.825752  0.235151  0.512677   0.54112
-0.543525 -0.574622 -0.611874   1.75829
        0         0         0         1

 0.158215 -0.779042  0.606681  0.834257
-0.836566   0.22063  0.501477  0.546106
-0.524524  -0.58687 -0.616813   1.77405
        0         0         0         1

 0.172464 -0.769802  0.614542  0.820081
-0.860197  0.186266  0.474728  0.558669
-0.479915   -0.6105 -0.630057   1.81741
        0         0         0         1

 0.176239 -0.766887  0.617109  0.815747
-0.869409  0.172712  0.462924  0.565256
-0.461592 -0.618106   -0.6363    1.8357
        0         0         0         1

 0.181296 -0.762494  0.621075  0.808088
-0.881416   0.15411  0.446492  0.574328
-0.436162 -0.628373 -0.644135    1.8599
        0         0         0         1

 0.182129 -0.760411  0.623381   0.80437
-0.890853  0.140733  0.431943  0.582067
-0.416184  -0.63401 -0.651783   1.87887
        0         0         0         1

 0.192365 -0.754308  0.627707  0.788458
-0.909886  0.102489     0.402  0.600782
-0.367564 -0.648472 -0.666618   1.92736
        0         0         0         1

 0.195534 -0.749966  0.631915   0.78187
-0.918588 0.0856031  0.385834  0.610765
-0.343456 -0.655914 -0.672172   1.94448
        0         0         0         1

  0.19697 -0.747026  0.634945  0.775688
-0.927154  0.068615  0.368345  0.623567
 -0.31873 -0.661244 -0.679093   1.97059
        0         0         0         1

 0.202254 -0.742473  0.638614   0.76659
 -0.93252  0.053191  0.357179  0.631832
-0.299164 -0.667761 -0.681613   1.99082
        0         0         0         1

 0.204953 -0.739425  0.641284  0.758004
 -0.93993  0.034052  0.339664  0.645081
-0.272993 -0.672377 -0.688029   2.01678
        0         0         0         1

 0.206452 -0.736209  0.644496  0.750945
-0.944762 0.0213804  0.327059  0.655113
-0.254563 -0.676417 -0.691128   2.03808
        0         0         0         1

  0.203693  -0.731111   0.651142   0.736491
 -0.958438 -0.0132067   0.284994   0.686738
 -0.199763  -0.682131  -0.703415    2.08346
         0          0          0          1

  0.201571  -0.729518   0.653585   0.729348
 -0.962928 -0.0254629   0.268554   0.698193
 -0.179273  -0.683488  -0.707606    2.10338
         0          0          0          1

  0.197432  -0.725886   0.658871   0.721539
 -0.968036 -0.0383095   0.247869   0.714619
 -0.154683  -0.686748  -0.710247    2.12919
         0          0          0          1

  0.196205  -0.724242   0.661042   0.713585
 -0.971156 -0.0503676   0.233067   0.726187
 -0.135502  -0.687703  -0.713234    2.14917
         0          0          0          1

  0.181088  -0.723253   0.666418   0.699508
 -0.979862 -0.0747224   0.185167   0.762392
-0.0841262  -0.686529  -0.722219     2.1939
         0          0          0          1

   0.17728  -0.720149   0.670788   0.692081
 -0.982006 -0.0843667   0.168956   0.776901
-0.0650815  -0.688671  -0.722148    2.21216
         0          0          0          1

  0.167038  -0.719716   0.673875    0.68452
 -0.985422 -0.0994978   0.137997    0.80059
-0.0322699  -0.687102  -0.725844    2.23004
         0          0          0          1

 0.161516 -0.720125  0.674783  0.677121
-0.986813 -0.110529  0.118248  0.816723
-0.0105697 -0.684984 -0.728481   2.24553
        0         0         0         1

  0.15671 -0.721385  0.674571  0.666869
-0.987593 -0.121426  0.099576  0.834312
0.0100776 -0.681806 -0.731464   2.27256
        0         0         0         1

 0.149162 -0.720435  0.677292  0.660015
-0.988069 -0.135167 0.0738281  0.853243
 0.038359 -0.680223    -0.732   2.28253
        0         0         0         1

 0.120828 -0.733001   0.66941  0.652545
-0.989494 -0.142864 0.0221677  0.894122
0.0793854 -0.665056 -0.742562   2.32575
        0         0         0         1

  0.110174  -0.732083   0.672247   0.647168
 -0.989121  -0.147088 0.00192525   0.912573
 0.0974703  -0.665146  -0.740324    2.33942
         0          0          0          1

 0.0953021  -0.735716   0.670552   0.642969
 -0.987116  -0.156822 -0.0317679   0.940344
  0.128529  -0.658885  -0.741182    2.35151
         0          0          0          1

 0.0883945  -0.737641   0.669382   0.633669
 -0.985972  -0.160313 -0.0464586   0.955429
   0.14158  -0.655886  -0.741464    2.36485
         0          0          0          1

 0.0723469  -0.744983   0.663149   0.614271
 -0.981173  -0.172534 -0.0867828    0.99658
  0.179067  -0.644385   -0.74344    2.39867
         0          0          0          1

0.0623678 -0.749501  0.659059  0.608646
-0.978456 -0.176131 -0.107709   1.01615
 0.196809 -0.638143 -0.744339   2.40646
        0         0         0         1

0.0479067 -0.756442  0.652304  0.607574
-0.972448 -0.184484 -0.142518   1.04782
 0.228146 -0.627504 -0.744438   2.41553
        0         0         0         1

0.0357459 -0.764831  0.643239  0.607143
-0.972883 -0.173812 -0.152603   1.05845
 0.228519 -0.620341 -0.750304   2.43862
        0         0         0         1

0.0113271 -0.779109  0.626786  0.617126
-0.968754 -0.163866 -0.186182   1.08758
 0.247765 -0.605093 -0.756621   2.45262
        0         0         0         1

-0.00515314  -0.78752  0.616268    0.6154
-0.963578 -0.160871 -0.213632    1.1103
 0.267379 -0.594923 -0.758007   2.45844
        0         0         0         1

-0.0243294 -0.798112  0.602017  0.591505
-0.955952 -0.157629 -0.247606   1.14836
 0.292513 -0.581524 -0.759122   2.48469
        0         0         0         1

-0.0406009 -0.802145  0.595747  0.586862
-0.948693 -0.156175 -0.274937   1.17186
 0.313581 -0.576344 -0.754649   2.48537
        0         0         0         1

-0.0644263 -0.814706  0.576284  0.591157
-0.937595 -0.148323 -0.314508    1.2071
 0.341708 -0.560584 -0.754309   2.48591
        0         0         0         1

