 0.281817 -0.149326  0.947777  0.374368
-0.854032 -0.489232  0.176863   1.07124
 0.437273 -0.859275 -0.265404   2.32146
        0         0         0         1

  0.28058 -0.151667  0.947772  0.377509
-0.854483 -0.489232  0.174673   1.06596
 0.437188 -0.858865 -0.266865   2.32494
        0         0         0         1

 0.287128 -0.160345  0.944376  0.380009
-0.854196 -0.489013   0.17668   1.03238
 0.433483 -0.857412 -0.277376     2.353
        0         0         0         1

 0.287845 -0.159541  0.944295  0.376353
-0.853946  -0.48909  0.177671    1.0237
 0.433499 -0.857518 -0.277021   2.35786
        0         0         0         1

 0.293632 -0.157786  0.942806  0.368298
 -0.85069 -0.492995  0.182436   1.00592
 0.436013 -0.855605 -0.278986   2.36683
        0         0         0         1

 0.293474 -0.160425   0.94241  0.376276
-0.849352 -0.496175  0.180032   1.00517
 0.438718 -0.853273 -0.281872   2.36988
        0         0         0         1

 0.294661 -0.167224  0.940857  0.385429
-0.845658 -0.504136  0.175243  0.990247
 0.445014  -0.84728 -0.289963   2.38405
        0         0         0         1

 0.295215 -0.167332  0.940664  0.381987
-0.843811  -0.50746  0.174549  0.981262
 0.448142 -0.845272 -0.291006   2.39033
        0         0         0         1

 0.299087 -0.165962  0.939683  0.371907
-0.842386  -0.50852  0.178306  0.953837
 0.448255 -0.844905 -0.291896   2.41355
        0         0         0         1

 0.298708 -0.166425  0.939721  0.373972
-0.841699 -0.510035  0.177222  0.947932
 0.449796   -0.8439 -0.292431   2.41877
        0         0         0         1

 0.300703 -0.161774  0.939897  0.363527
 -0.83812 -0.515113  0.179481  0.929132
 0.455118 -0.841717 -0.290482   2.42558
        0         0         0         1

 0.301373 -0.161739  0.939689  0.364899
-0.837165 -0.516632   0.17957  0.920605
  0.45643 -0.840792 -0.291101   2.43616
        0         0         0         1

 0.294359 -0.165918  0.941182  0.375234
-0.832645 -0.527917  0.167349  0.902645
   0.4691 -0.832931 -0.293548   2.45852
        0         0         0         1

 0.296182 -0.166748  0.940463  0.371674
-0.829566 -0.532925  0.166767  0.894404
 0.473388  -0.82957 -0.296171   2.46582
        0         0         0         1

 0.293923 -0.174213  0.939819  0.377424
 -0.82709 -0.539194  0.158718  0.880266
 0.479094 -0.823966 -0.302571   2.48259
        0         0         0         1

 0.296416 -0.180437  0.937859  0.380542
-0.825406 -0.542408   0.15652  0.872897
  0.48046  -0.82051 -0.309712   2.49093
        0         0         0         1

 0.291981 -0.181858  0.938975  0.373994
 -0.82166 -0.550173  0.148945  0.841079
 0.489513 -0.815007 -0.310065   2.51796
        0         0         0         1

 0.293509 -0.184628  0.937958  0.374215
-0.820347 -0.552389  0.147973  0.832218
 0.490798 -0.812883 -0.313591   2.52604
        0         0         0         1

 0.293019 -0.191013  0.936832  0.378771
-0.820678 -0.552963  0.143943  0.814167
 0.490539 -0.811015 -0.318789   2.54589
        0         0         0         1

 0.292852 -0.188781  0.937336  0.371251
-0.818721 -0.555884  0.143837   0.80576
 0.493897  -0.80954 -0.317351   2.54933
        0         0         0         1

 0.289344 -0.187894  0.938603  0.365984
-0.816744 -0.559831  0.139709  0.792503
 0.499209 -0.807022 -0.315445   2.55553
        0         0         0         1

 0.289811 -0.191096  0.937812  0.367845
 -0.81553 -0.562149  0.137474   0.78503
 0.500919 -0.804656 -0.318762   2.56299
        0         0         0         1

 0.288754 -0.209662  0.934164  0.377903
-0.813432 -0.568314  0.123884  0.763819
 0.504925 -0.795652 -0.334648   2.58551
        0         0         0         1

 0.287423 -0.216523  0.933009  0.383391
-0.815779 -0.565775   0.12001  0.754995
 0.501889 -0.795623 -0.339252   2.59533
        0         0         0         1

 0.286346 -0.221383  0.932199  0.377775
-0.817403 -0.564031  0.117135  0.733865
 0.499858 -0.795524 -0.342468    2.6068
        0         0         0         1

 0.286044 -0.220219  0.932568  0.372218
 -0.81923 -0.561025  0.118798  0.721534
 0.497032 -0.797969 -0.340887   2.61359
        0         0         0         1

 0.276265 -0.227597  0.933744  0.379572
-0.818722 -0.564579  0.104619  0.707775
 0.503361 -0.793379 -0.342312   2.62318
        0         0         0         1

 0.271477 -0.228884  0.934833  0.380099
-0.817795 -0.566988 0.0986675  0.702051
 0.507456 -0.791288 -0.341104    2.6259
        0         0         0         1

  0.26645 -0.229322  0.936171  0.377324
-0.819479 -0.565217 0.0947834  0.674798
 0.507404 -0.792427 -0.338527   2.64011
        0         0         0         1

 0.264565 -0.232046  0.936034  0.379433
-0.819295 -0.566067 0.0912391  0.670777
 0.508686 -0.791027 -0.339876   2.64191
        0         0         0         1

 0.261211 -0.233597   0.93659  0.377282
-0.821476 -0.563317 0.0886078  0.650847
 0.506899 -0.792531 -0.339039   2.65018
        0         0         0         1

 0.261154 -0.236009  0.936001  0.379841
-0.821877 -0.562925 0.0873726  0.642199
 0.506278 -0.792095 -0.340981   2.65465
        0         0         0         1

 0.250801 -0.239018  0.938067  0.379883
  -0.8229 -0.563005 0.0765574  0.622821
 0.509838 -0.791136  -0.33789     2.657
        0         0         0         1

 0.246258 -0.238346   0.93944  0.377247
-0.822854 -0.563582 0.0727099  0.618917
 0.512121 -0.790928 -0.334911   2.65407
        0         0         0         1

 0.239543 -0.236081  0.941746  0.374129
-0.823131  -0.56376 0.0680466  0.606865
 0.514854  -0.79148  -0.32937   2.65179
        0         0         0         1

 0.239883 -0.235909  0.941702  0.373402
-0.824371 -0.561797 0.0692571  0.594448
 0.512707 -0.792926 -0.329242   2.65502
        0         0         0         1

 0.239568 -0.229396   0.94339  0.365143
-0.825239 -0.559994 0.0733952  0.570763
 0.511456 -0.796106 -0.323463   2.64518
        0         0         0         1

 0.238739 -0.228852  0.943732  0.367215
-0.825503 -0.559642 0.0731189  0.567651
 0.511418  -0.79651 -0.322526   2.64183
        0         0         0         1

 0.239125 -0.222139  0.945237  0.361273
-0.826773 -0.557068   0.07824  0.553631
 0.509182 -0.800206 -0.316867    2.6349
        0         0         0         1

 0.240342 -0.217555  0.945994  0.359274
-0.826036 -0.557677  0.081614  0.549926
 0.509804 -0.801041 -0.313741   2.62856
        0         0         0         1

 0.242221 -0.208221  0.947614  0.355916
-0.823673 -0.560285 0.0874275  0.543076
  0.51273 -0.801701 -0.307219    2.6145
        0         0         0         1

 0.242892 -0.203279  0.948515  0.357062
-0.822854 -0.561002 0.0904831  0.539922
 0.513726 -0.802467 -0.303532   2.60793
        0         0         0         1

 0.256715 -0.180367  0.949508  0.354643
-0.821311 -0.558574  0.115949  0.518627
 0.509457 -0.809607 -0.291532   2.58599
        0         0         0         1

 0.266453 -0.174177   0.94798  0.351804
-0.820496 -0.557076  0.128266    0.5092
 0.505756  -0.81199 -0.291346   2.58119
        0         0         0         1

 0.278725 -0.149761  0.948622  0.339321
-0.813355  -0.56203  0.150252  0.499983
 0.510652 -0.813446 -0.278461   2.55706
        0         0         0         1

 0.282738 -0.141069  0.948767  0.336913
 -0.81092 -0.563456  0.157881  0.497571
 0.512316 -0.814013 -0.273706   2.54492
        0         0         0         1

 0.308035 -0.119794  0.943803  0.335623
-0.809536 -0.554132   0.19388  0.478569
 0.499766 -0.823764  -0.26767   2.51312
        0         0         0         1

 0.310832 -0.116775  0.943264  0.337943
-0.808266 -0.554641  0.197682  0.479411
 0.500089 -0.823855 -0.266786   2.50128
        0         0         0         1

  0.325691 -0.0974316   0.940443   0.330903
 -0.805586  -0.549283   0.222081   0.469644
  0.494932  -0.829937  -0.257386    2.47718
         0          0          0          1

   0.33031 -0.0890833   0.939659   0.327914
 -0.802798  -0.550084    0.23005   0.468299
  0.496398  -0.830344  -0.253214     2.4622
         0          0          0          1

  0.342957 -0.0757107   0.936295   0.323767
 -0.801891  -0.542724   0.249841   0.460443
  0.489234  -0.836492  -0.246843    2.43833
         0          0          0          1

  0.345765 -0.0727925   0.935493   0.325493
 -0.800435  -0.543138   0.253584   0.460945
  0.489643  -0.836482  -0.246064    2.42548
         0          0          0          1

  0.351995 -0.0543818   0.934421   0.321631
 -0.802976   -0.53053   0.271604   0.455447
  0.480968   -0.84592  -0.230411    2.37703
         0          0          0          1

   0.35921 -0.0491903    0.93196   0.318148
 -0.803597  -0.524087   0.282072    0.44848
  0.474552  -0.850243  -0.227786    2.36465
         0          0          0          1

  0.365519 -0.0470933   0.929612   0.318547
 -0.802356  -0.522195   0.289029    0.44912
  0.471827  -0.851525  -0.228658    2.33491
         0          0          0          1

  0.369706 -0.0427234   0.928166   0.315971
 -0.804073  -0.515286   0.296559   0.445376
  0.465601  -0.855953  -0.224857    2.32225
         0          0          0          1

  0.388536 -0.0399414   0.920568   0.310608
 -0.807456  -0.496064   0.319273   0.437739
  0.443909  -0.867367   -0.22499    2.27063
         0          0          0          1

  0.394322 -0.0430602   0.917963   0.311513
 -0.809496  -0.489111   0.324786   0.436294
     0.435  -0.871158  -0.227725    2.25715
         0          0          0          1

  0.40705 -0.043509  0.912369  0.308143
-0.812441 -0.473734  0.339876    0.4314
 0.417433 -0.879593 -0.228182   2.22772
        0         0         0         1

  0.414543 -0.0444122   0.908946   0.305816
 -0.815159   -0.46215   0.349188   0.427258
  0.404561  -0.885689  -0.227784    2.21453
         0          0          0          1

  0.418909 -0.0470324   0.906809    0.30541
 -0.820732  -0.446863   0.355968   0.429029
  0.388477  -0.893365  -0.225796    2.18142
         0          0          0          1

  0.423118 -0.0465423   0.904878   0.303726
 -0.822311  -0.439107   0.361925   0.428044
  0.380494  -0.897228  -0.224066    2.16521
         0          0          0          1

  0.434357 -0.0500818   0.899347   0.298335
 -0.831196  -0.406991   0.378778   0.425216
  0.347056  -0.912058  -0.218407    2.10826
         0          0          0          1

  0.438626 -0.0519178   0.897169   0.296529
 -0.834441  -0.394171   0.385148   0.421951
  0.333642   -0.91757  -0.216216    2.09474
         0          0          0          1

  0.440532 -0.0585294   0.895827   0.296419
 -0.839834  -0.379441   0.388206   0.424403
  0.317192  -0.923363  -0.216311    2.06019
         0          0          0          1

  0.441291 -0.0623607   0.895195   0.296442
 -0.843681  -0.368695   0.390213   0.424367
   0.30572  -0.927456  -0.215314    2.04549
         0          0          0          1

  0.445912 -0.0651957   0.892699    0.29276
 -0.849425   -0.34527   0.399081   0.422078
  0.282204  -0.936236  -0.209339    2.01334
         0          0          0          1

 0.446546 -0.069025  0.892094  0.291959
-0.852254 -0.336463   0.40057  0.423542
 0.272507 -0.939164 -0.209073   1.99698
        0         0         0         1

  0.456133 -0.0811505   0.886204   0.286224
 -0.859961  -0.296374   0.415486   0.420086
  0.228931  -0.951618  -0.204972     1.9437
         0          0          0          1

  0.459414 -0.0855092   0.884097   0.285368
 -0.861418  -0.285571   0.420009   0.420169
  0.216558  -0.954535  -0.204855    1.92876
         0          0          0          1

  0.460466 -0.0965387   0.882412   0.286584
 -0.866114  -0.266637    0.42279   0.424842
  0.194468   -0.95895  -0.206391    1.89691
         0          0          0          1

 0.465978 -0.100316  0.879091   0.28482
-0.866242  -0.25413  0.430167  0.423614
 0.180251 -0.961954 -0.205317   1.88318
        0         0         0         1

 0.469565 -0.115001  0.875376  0.284735
-0.871907 -0.216359   0.43928  0.428209
 0.138878 -0.969517 -0.201865    1.8315
        0         0         0         1

 0.471166 -0.118896  0.873995  0.284125
-0.872394 -0.208989  0.441873  0.430012
 0.130118 -0.970663 -0.202192   1.81646
        0         0         0         1

 0.477773 -0.132663  0.868409  0.282738
-0.872313 -0.188606  0.451108  0.430669
 0.103942 -0.973051 -0.205835   1.79019
        0         0         0         1

 0.479444 -0.136136  0.866949  0.282072
-0.872544 -0.179554  0.454343  0.432204
0.0938114 -0.974283 -0.204871   1.77636
        0         0         0         1

 0.481372 -0.147205  0.864067  0.282039
 -0.87353 -0.161877  0.459066  0.436044
0.0722953  -0.97577 -0.206511   1.74957
        0         0         0         1

 0.483195 -0.150683  0.862449  0.281123
-0.873242 -0.153845  0.462363  0.437235
0.0630133 -0.976538  -0.20592   1.73638
        0         0         0         1

 0.483329 -0.168707  0.859029  0.282561
-0.875073 -0.121473  0.468499  0.444214
0.0253098 -0.978152 -0.206343   1.69345
        0         0         0         1

  0.48433 -0.175391  0.857125  0.283137
-0.874799 -0.110831  0.471638  0.445737
0.0122753  -0.97824 -0.207111   1.68329
        0         0         0         1

  0.483787  -0.180827   0.856301   0.283283
  -0.87514 -0.0899773    0.47543   0.449021
-0.00892267  -0.979391  -0.201778     1.6605
         0          0          0          1

  0.482293  -0.185502   0.856144   0.283834
 -0.875801 -0.0807903   0.475862   0.451482
-0.0191051  -0.979317  -0.201427     1.6503
         0          0          0          1

  0.483121  -0.194444   0.853689   0.282853
 -0.874116 -0.0512786   0.483002   0.455939
-0.0501409  -0.979572   -0.19474    1.61327
         0          0          0          1

  0.482666  -0.197541   0.853235   0.283242
 -0.873796 -0.0426835   0.484415   0.457713
-0.0592729  -0.979365  -0.193213    1.60442
         0          0          0          1

  0.483113  -0.206947    0.85075   0.283625
 -0.872141 -0.0279799   0.488454   0.460538
  -0.07728  -0.977952  -0.194004    1.58704
         0          0          0          1

  0.481717   -0.20811   0.851257   0.283976
 -0.872313 -0.0210107   0.488496   0.463022
-0.0837754   -0.97788  -0.191658    1.57748
         0          0          0          1

   0.481114   -0.214197    0.850088    0.283556
  -0.871125 -0.00803566    0.490995    0.465703
 -0.0983385   -0.976758   -0.190458     1.56049
          0           0           0           1

   0.478706   -0.215785    0.851045    0.284388
  -0.871803 -0.00208766    0.489853    0.468308
  -0.103926   -0.976439   -0.189122     1.55172
          0           0           0           1

 0.475633 -0.226157  0.850074  0.285196
-0.870639 0.0168857  0.491632  0.474393
 -0.12554 -0.973944  -0.18887   1.52484
        0         0         0         1

 0.476508 -0.230318  0.848466  0.284484
-0.869069 0.0224737  0.494179   0.47486
-0.132886 -0.972856 -0.189453   1.51897
        0         0         0         1

 0.478788   -0.2393  0.844688  0.284575
-0.865488 0.0327575  0.499858  0.476386
-0.147286 -0.970393 -0.191428   1.50689
        0         0         0         1

 0.478032 -0.243144  0.844018  0.285264
-0.864867 0.0373745  0.500608  0.478498
-0.153265  -0.96927 -0.192421   1.50122
        0         0         0         1

 0.476514 -0.254469  0.841534  0.286913
-0.861981 0.0531059   0.50415  0.484913
-0.172981 -0.965622 -0.194042   1.48108
        0         0         0         1

 0.477375 -0.256503  0.840428  0.286266
-0.860506 0.0571571  0.506224  0.485444
-0.177884 -0.964852 -0.193437   1.47605
        0         0         0         1

 0.477984 -0.261357  0.838585  0.286373
-0.857671 0.0671591  0.509794  0.487986
-0.189557 -0.962903 -0.192057   1.46709
        0         0         0         1

 0.477026 -0.262965  0.838627  0.287268
-0.857408 0.0704338  0.509795  0.489897
-0.193126 -0.962231 -0.191869   1.46236
        0         0         0         1

 0.480707 -0.266845  0.835293  0.287128
-0.853418 0.0765157  0.515581  0.491225
-0.201493 -0.960697 -0.190948   1.45292
        0         0         0         1

 0.480606 -0.267305  0.835204  0.287814
-0.853063 0.0782123  0.515914  0.493754
-0.203229 -0.960433 -0.190438   1.44769
        0         0         0         1

 0.482316 -0.272544  0.832521  0.289034
-0.849558 0.0861974  0.520405   0.49833
-0.213594 -0.958274 -0.189967    1.4325
        0         0         0         1

 0.484301 -0.276366  0.830105  0.288577
-0.847032 0.0894562   0.52396   0.49864
-0.219063  -0.95688 -0.190767   1.43041
        0         0         0         1

 0.485124 -0.281922  0.827753  0.289128
-0.844045 0.0964617  0.527526  0.500776
-0.228567 -0.954576 -0.191159     1.426
        0         0         0         1

 0.487079 -0.281704  0.826678  0.288141
-0.842802 0.0965746  0.529489   0.50085
-0.228995 -0.954629 -0.190381   1.42129
        0         0         0         1

 0.489609 -0.283225  0.824662  0.288266
-0.839888  0.100891    0.5333  0.504089
-0.234245 -0.953732  -0.18848    1.4095
        0         0         0         1

 0.487495 -0.284694  0.825408  0.290051
-0.840367  0.103528  0.532039  0.506454
-0.236921 -0.953012 -0.188778   1.40761
        0         0         0         1

 0.489309 -0.287097    0.8235  0.289669
-0.838093  0.106358  0.535059  0.507696
-0.241199 -0.951979 -0.188572    1.4027
        0         0         0         1

 0.490776 -0.289413  0.821815  0.288614
-0.836206   0.10849  0.537577  0.507045
 -0.24474 -0.951036 -0.188764   1.40172
        0         0         0         1

 0.490955 -0.294239  0.819992  0.288617
-0.834814  0.110228  0.539384   0.50821
-0.249094 -0.949354 -0.191518   1.39831
        0         0         0         1

 0.488664 -0.296201  0.820654  0.290471
-0.836003  0.110141  0.537557   0.51071
-0.249613 -0.948754 -0.193803   1.39614
        0         0         0         1

 0.487862 -0.307586  0.816934  0.292502
-0.835374  0.107012  0.539165  0.514471
-0.253262 -0.945484 -0.204742   1.39122
        0         0         0         1

   0.4884  -0.31313  0.814503  0.292561
 -0.83418  0.106445  0.541122   0.51482
-0.256142 -0.943726 -0.209219   1.39051
        0         0         0         1

 0.489614 -0.324736  0.809212  0.293266
-0.831711  0.104707  0.545246  0.515895
-0.261791 -0.939991  -0.21882    1.3895
        0         0         0         1

 0.492016 -0.329201  0.805945  0.292335
-0.829651  0.103231  0.548655  0.515091
-0.263816   -0.9386 -0.222331   1.38858
        0         0         0         1

 0.490359 -0.338157  0.803242  0.294908
-0.830598 0.0977772  0.548222  0.518822
-0.263924 -0.935997 -0.232926   1.38387
        0         0         0         1

 0.489544 -0.340534  0.802735  0.296126
-0.830913 0.0970073  0.547881  0.520021
-0.264443 -0.935215 -0.235465   1.38271
        0         0         0         1

 0.489113 -0.347598  0.799965  0.297227
-0.829778 0.0971785  0.549567  0.521144
-0.268768 -0.932594 -0.240898   1.38248
        0         0         0         1

 0.490314 -0.350914  0.797779  0.297164
-0.828588 0.0961492  0.551541  0.521294
-0.270249 -0.931458  -0.24362   1.38217
        0         0         0         1

 0.490731 -0.357817   0.79445  0.297419
-0.827464 0.0942174  0.553559  0.521689
-0.272924 -0.929026 -0.249845   1.38124
        0         0         0         1

 0.491747 -0.359971  0.792846  0.297362
-0.826959 0.0920162  0.554682   0.52155
-0.272624 -0.928415 -0.252432   1.38009
        0         0         0         1

 0.491452 -0.375192  0.785942  0.299327
-0.826196 0.0845771  0.556998  0.523379
-0.275454 -0.923081 -0.268416   1.37744
        0         0         0         1

  0.49027 -0.381331  0.783723   0.30086
-0.826307 0.0826471  0.557122  0.524749
 -0.27722 -0.920737 -0.274577   1.37726
        0         0         0         1

 0.489997 -0.392746  0.778237  0.302272
-0.824852 0.0799091  0.559674   0.52592
-0.281998 -0.916169 -0.284802   1.37702
        0         0         0         1

 0.490898 -0.395628  0.776207  0.302023
-0.823458 0.0802343  0.561676  0.526109
-0.284493   -0.9149 -0.286396   1.37662
        0         0         0         1

 0.490632 -0.400206  0.774025  0.301789
-0.820358 0.0873114  0.565146  0.526676
-0.293756 -0.912256 -0.285475   1.37647
        0         0         0         1

 0.488863 -0.399666  0.775423   0.30216
 -0.82147 0.0882553  0.563381  0.527813
-0.293599 -0.912403 -0.285169   1.37557
        0         0         0         1

 0.486797  -0.39932  0.776899  0.301865
-0.822617 0.0895928  0.561493  0.528845
 -0.29382 -0.912423 -0.284874    1.3741
        0         0         0         1

 0.486801 -0.401266  0.775893  0.301322
-0.822096 0.0897883  0.562225  0.528469
-0.295268  -0.91155  -0.28617   1.37468
        0         0         0         1

 0.486146 -0.405073  0.774324  0.300223
-0.822139 0.0883561  0.562388  0.528303
-0.296224 -0.910005 -0.290072   1.37466
        0         0         0         1

 0.484553 -0.408931  0.773294  0.300635
-0.823052 0.0863043  0.561371  0.529226
  -0.2963 -0.908475 -0.294752   1.37509
        0         0         0         1

 0.480333 -0.437629  0.760106  0.301622
-0.824416 0.0705198  0.561574  0.530943
-0.299364 -0.896386 -0.326915   1.37902
        0         0         0         1

  0.47862 -0.447449  0.755455  0.302536
-0.825559 0.0636245  0.560718  0.532037
-0.298958 -0.892043 -0.338943   1.38014
        0         0         0         1

 0.473777 -0.469069  0.745325  0.305676
-0.829598 0.0462358  0.556444  0.535159
-0.295471 -0.881951 -0.367233   1.38214
        0         0         0         1

 0.473071 -0.481865   0.73757  0.306636
-0.829946 0.0371711  0.556605  0.536189
-0.295625 -0.875457 -0.382337   1.38425
        0         0         0         1

  0.469554  -0.527653   0.707885   0.311178
 -0.832854 0.00139831   0.553491    0.54001
 -0.293041  -0.849459  -0.438801    1.38992
         0          0          0          1

   0.470276   -0.542325    0.696222    0.311305
  -0.832063 -0.00954052      0.5546    0.539775
  -0.294131   -0.840115   -0.455735     1.39248
          0           0           0           1

  0.468192  -0.573638   0.672113   0.312652
 -0.831395 -0.0283425   0.554958   0.540628
 -0.299296  -0.818618   -0.49019     1.3986
         0          0          0          1

  0.467206  -0.584509   0.663376   0.314205
 -0.831678 -0.0359127   0.554095    0.54157
  -0.30005  -0.810592  -0.502902    1.39997
         0          0          0          1

   0.46507  -0.606131   0.645225   0.316532
 -0.830817 -0.0471537   0.554545   0.542868
 -0.305702  -0.793965  -0.525514     1.4042
         0          0          0          1

  0.464269  -0.613809   0.638508   0.317073
 -0.829827 -0.0494692   0.555824   0.543375
 -0.309583  -0.787903  -0.532323    1.40656
         0          0          0          1

  0.467288  -0.624789   0.625525   0.317853
 -0.823428 -0.0499706   0.565216   0.544085
 -0.321883  -0.779193  -0.537819      1.411
         0          0          0          1

  0.467519  -0.627058   0.623076   0.318373
 -0.821798 -0.0486163   0.567701   0.544731
  -0.32569  -0.777454  -0.538044    1.41329
         0          0          0          1

  0.466295  -0.630971   0.620036   0.319306
 -0.821247 -0.0482332    0.56853    0.54592
  -0.32882  -0.774306  -0.540674    1.41755
         0          0          0          1

 0.466775 -0.630366   0.62029  0.318689
-0.822061 -0.050645  0.567143   0.54594
-0.326093 -0.774645 -0.541839    1.4178
        0         0         0         1

    0.4585  -0.639393   0.617215    0.32087
 -0.827368 -0.0535906   0.559097   0.549912
 -0.324406   -0.76701  -0.553585    1.42499
         0          0          0          1

  0.455192  -0.643436    0.61546   0.321998
 -0.829494 -0.0552003   0.555781    0.55131
 -0.323636  -0.763507  -0.558853    1.42686
         0          0          0          1

  0.449275  -0.656327   0.606124   0.323093
 -0.831902 -0.0599881   0.551671   0.553367
 -0.325716  -0.752088  -0.572951    1.43379
         0          0          0          1

  0.447592  -0.663652   0.599356   0.323683
 -0.832052 -0.0635036    0.55105   0.553918
 -0.327644  -0.745341  -0.580617    1.43734
         0          0          0          1

  0.441374   -0.67897   0.586676   0.326584
 -0.834753 -0.0708169   0.546052    0.55742
 -0.329206  -0.730742  -0.598029    1.44358
         0          0          0          1

  0.440782  -0.686926   0.577792   0.326567
 -0.834639 -0.0768015   0.545417   0.558134
 -0.330286  -0.722658  -0.607188    1.44727
         0          0          0          1

  0.431869  -0.710744   0.555277   0.330318
 -0.838656 -0.0899061   0.537191   0.563787
 -0.331882  -0.697682  -0.634897    1.45886
         0          0          0          1

  0.430884  -0.715702   0.549645   0.329805
  -0.83932 -0.0941082    0.53543   0.564831
 -0.331482  -0.692037  -0.641253    1.46268
         0          0          0          1

   0.42787  -0.723945   0.541139   0.331203
 -0.841028 -0.0995976   0.531744   0.568254
 -0.331057  -0.682631  -0.651473    1.47175
         0          0          0          1

 0.427391 -0.726168  0.538532  0.330864
-0.841981 -0.102776  0.529628  0.569534
 -0.32925 -0.679792 -0.655345   1.47532
        0         0         0         1

  0.42338 -0.729089  0.537753  0.331259
-0.847409 -0.108793  0.519674  0.576315
-0.320385 -0.675717 -0.663897   1.48967
        0         0         0         1

 0.420644  -0.72869  0.540434  0.332712
-0.850013  -0.10836  0.515496  0.579838
-0.317075 -0.676216 -0.664977    1.4935
        0         0         0         1

 0.419675 -0.726447  0.544195  0.331983
-0.852198 -0.108963  0.511748  0.583597
-0.312461  -0.67853 -0.664805    1.5026
        0         0         0         1

  0.41921 -0.724767  0.546787  0.332156
-0.853683 -0.109687  0.509111  0.586061
-0.309012 -0.680207 -0.664703   1.50687
        0         0         0         1

 0.422314 -0.718956  0.552044  0.327404
-0.853875 -0.111137  0.508475  0.587745
-0.304219 -0.686112 -0.660833   1.51792
        0         0         0         1

 0.422675 -0.715238  0.556579   0.32757
-0.855352 -0.111856  0.505827  0.590901
 -0.29953 -0.689871  -0.65906   1.52121
        0         0         0         1

 0.424351 -0.706292  0.566636    0.3245
-0.858787 -0.115531  0.499137  0.599266
-0.287072 -0.698429 -0.655581    1.5413
        0         0         0         1

 0.426208 -0.703514  0.568695  0.323214
-0.859005 -0.117623  0.498272  0.601399
 -0.28365  -0.70088 -0.654454   1.54732
        0         0         0         1

 0.430337 -0.696863  0.573752  0.321528
-0.860553 -0.124836  0.493827  0.608214
-0.272505 -0.706256 -0.653409    1.5581
        0         0         0         1

 0.432986 -0.693807  0.575461  0.320938
-0.860967 -0.129259  0.491964  0.611511
-0.266945 -0.708466 -0.653312   1.56295
        0         0         0         1

 0.440211 -0.687467  0.577584  0.319969
-0.863584 -0.148043  0.481981  0.627192
-0.245838 -0.710966 -0.658856   1.58267
        0         0         0         1

 0.440917 -0.687563  0.576931  0.321167
-0.864417 -0.152265  0.479165  0.633006
-0.241609 -0.709981 -0.661477   1.58936
        0         0         0         1

 0.451619 -0.684428  0.572362  0.317775
-0.861369 -0.167255  0.479656  0.640487
 -0.23256 -0.709637  -0.66508   1.60176
        0         0         0         1

 0.455999 -0.683262  0.570279  0.318174
-0.860166  -0.17389  0.479455  0.645781
-0.228427 -0.709166 -0.667012   1.60785
        0         0         0         1

 0.463018 -0.685079  0.562389  0.317918
-0.857601 -0.185985   0.47951  0.656496
-0.223906 -0.704327 -0.673639   1.62367
        0         0         0         1

 0.469813 -0.681245   0.56141  0.316095
-0.855792 -0.195473  0.478968  0.662212
-0.216554 -0.705476  -0.67484   1.62785
        0         0         0         1

 0.485981 -0.672458  0.558232  0.315845
  -0.8516 -0.220768  0.475436  0.685759
-0.196472 -0.706443 -0.679954   1.64964
        0         0         0         1

 0.489782 -0.669676  0.558253  0.315775
-0.850759  -0.22714  0.473937   0.69347
-0.190583 -0.707065 -0.680982   1.65614
        0         0         0         1

 0.501481 -0.665456  0.552889  0.313396
-0.845177 -0.240223   0.47746  0.705341
-0.184912 -0.706726 -0.682895   1.67235
        0         0         0         1

  0.50689 -0.660251  0.554195  0.311458
 -0.84371 -0.248231  0.475957  0.713061
-0.176683 -0.708837 -0.682886   1.67791
        0         0         0         1

 0.521039 -0.646681  0.557065  0.307755
-0.838721 -0.266858  0.474693  0.742269
-0.158318 -0.714556 -0.681429   1.70173
        0         0         0         1

 0.525317 -0.641609   0.55891  0.307172
-0.836885 -0.270828  0.475684   0.75114
-0.153835 -0.717628 -0.679223    1.7084
        0         0         0         1

 0.536489 -0.626894  0.564963  0.301766
-0.831459 -0.278087  0.480982   0.76736
-0.144415 -0.727785 -0.670427   1.72134
        0         0         0         1

 0.537502 -0.620067  0.571497  0.301757
-0.831716 -0.278057  0.480554  0.777597
-0.139066 -0.733622 -0.665176   1.72783
        0         0         0         1

 0.542906 -0.603672  0.583809  0.298158
 -0.82947 -0.276796  0.485143  0.794462
-0.131271 -0.747639 -0.651002   1.74238
        0         0         0         1

 0.543034 -0.593661  0.593869   0.29727
-0.830586 -0.275765  0.483819  0.805393
-0.123456 -0.755989 -0.642837   1.74718
        0         0         0         1

 0.536074 -0.556663  0.634627  0.290969
-0.838926 -0.267624    0.4739  0.842934
-0.0939614  -0.78645 -0.610465    1.7651
        0         0         0         1

 0.531431 -0.545952  0.647702  0.287605
-0.842647 -0.262389  0.470212  0.852844
-0.0867636 -0.795669 -0.599486   1.77167
        0         0         0         1

 0.515082 -0.523378  0.678797  0.283832
  -0.8543 -0.249047  0.456231  0.874173
-0.0697288 -0.814893 -0.575402   1.78247
        0         0         0         1

 0.508123 -0.512854  0.691948  0.278765
-0.859495 -0.250166  0.445742  0.882171
-0.0554983 -0.821217  -0.56791   1.79211
        0         0         0         1

 0.481166 -0.453282  0.750343  0.266791
-0.876448 -0.266148  0.401253  0.918245
0.0178213 -0.850706  -0.52534   1.81432
        0         0         0         1

  0.47286  -0.43309  0.767357  0.264015
-0.879799 -0.280057  0.384087  0.930425
  0.04856 -0.856739  -0.51346   1.81619
        0         0         0         1

 0.448811 -0.390918  0.803587  0.259633
-0.887476 -0.300305  0.349576   0.95595
 0.104665 -0.870057 -0.481711   1.82473
        0         0         0         1

 0.438699 -0.361233  0.822833  0.254551
-0.888043 -0.314434  0.335426  0.967096
  0.13756 -0.877862 -0.458733   1.82492
        0         0         0         1

 0.410098  -0.31163   0.85715  0.250376
-0.890342 -0.340577  0.302156  0.993512
 0.197765 -0.887071 -0.417127   1.82788
        0         0         0         1

  0.39633 -0.293138  0.870053  0.251943
-0.891366  -0.34991  0.288148   1.00847
 0.219973 -0.889738 -0.399973   1.82882
        0         0         0         1

 0.362081 -0.252158  0.897393  0.249896
-0.890225 -0.379008  0.252691   1.05759
 0.276401 -0.890376 -0.361709   1.83225
        0         0         0         1

   0.3545 -0.251808  0.900512  0.249395
-0.890158 -0.385721  0.242565   1.07154
 0.286267 -0.887588 -0.360887   1.83399
        0         0         0         1

 0.340704 -0.252642   0.90559  0.246946
-0.888976 -0.400079  0.222839   1.09859
 0.306009  -0.88097 -0.360902   1.83583
        0         0         0         1

 0.338939 -0.255023  0.905585  0.243321
-0.887148 -0.407067  0.217404   1.10811
  0.31319 -0.877075 -0.364214   1.84032
        0         0         0         1

 0.325967 -0.243986  0.913354  0.232258
-0.878937 -0.434013  0.197746    1.1496
  0.34816 -0.867239 -0.355922   1.84334
        0         0         0         1

 0.322104 -0.239746  0.915844  0.231887
 -0.87551 -0.443493  0.191823   1.16321
 0.360182 -0.863618 -0.352751   1.84288
        0         0         0         1

 0.308898 -0.240668  0.920142  0.239851
-0.870827 -0.460562   0.17188   1.19524
 0.382416 -0.854378 -0.351847   1.84302
        0         0         0         1

