 -0.394596  -0.826945    0.40057   0.553021
 -0.909593   0.413288 -0.0428248    1.06622
 -0.130137  -0.381254  -0.915265     2.2092
         0          0          0          1

 -0.394596  -0.826945    0.40057   0.553021
 -0.909593   0.413288 -0.0428248    1.06622
 -0.130137  -0.381254  -0.915265     2.2092
         0          0          0          1

  -0.403478   -0.827755    0.389907    0.528598
  -0.899551    0.436802 -0.00354979     1.01319
  -0.167374   -0.352173   -0.920847     2.17322
          0           0           0           1

  -0.403478   -0.827755    0.389907    0.528598
  -0.899551    0.436802 -0.00354979     1.01319
  -0.167374   -0.352173   -0.920847     2.17322
          0           0           0           1

-0.417086 -0.832061  0.365668  0.523872
-0.889063  0.457051 0.0259214  0.978876
-0.188697 -0.314291 -0.930384   2.15609
        0         0         0         1

-0.417086 -0.832061  0.365668  0.523872
-0.889063  0.457051 0.0259214  0.978876
-0.188697 -0.314291 -0.930384   2.15609
        0         0         0         1

-0.429397 -0.826555  0.363902  0.501403
-0.876415  0.478631 0.0529955  0.932143
-0.217979 -0.296174 -0.929928   2.11684
        0         0         0         1

-0.429397 -0.826555  0.363902  0.501403
-0.876415  0.478631 0.0529955  0.932143
-0.217979 -0.296174 -0.929928   2.11684
        0         0         0         1

-0.445424 -0.824801  0.348283  0.498095
-0.865397  0.496356 0.0686969  0.905476
-0.229534 -0.270804 -0.934869   2.08563
        0         0         0         1

-0.445424 -0.824801  0.348283  0.498095
-0.865397  0.496356 0.0686969  0.905476
-0.229534 -0.270804 -0.934869   2.08563
        0         0         0         1

 -0.44478 -0.831753  0.332202  0.486534
-0.858683  0.501457  0.105851  0.875278
-0.254627 -0.238175  -0.93725    2.0615
        0         0         0         1

 -0.44478 -0.831753  0.332202  0.486534
-0.858683  0.501457  0.105851  0.875278
-0.254627 -0.238175  -0.93725    2.0615
        0         0         0         1

-0.455014 -0.840587  0.293899  0.478439
-0.842771  0.513089   0.16272  0.833865
-0.287577 -0.173649 -0.941884   2.02596
        0         0         0         1

-0.455014 -0.840587  0.293899  0.478439
-0.842771  0.513089   0.16272  0.833865
-0.287577 -0.173649 -0.941884   2.02596
        0         0         0         1

-0.460745 -0.843341  0.276568  0.470601
-0.832115  0.518854  0.195895  0.808565
-0.308705 -0.139878 -0.940816   1.99825
        0         0         0         1

-0.460745 -0.843341  0.276568  0.470601
-0.832115  0.518854  0.195895  0.808565
-0.308705 -0.139878 -0.940816   1.99825
        0         0         0         1

 -0.473682    -0.8439   0.251909    0.46219
  -0.81301   0.528974   0.243314   0.775503
 -0.338586 -0.0895511  -0.936664    1.95811
         0          0          0          1

 -0.473682    -0.8439   0.251909    0.46219
  -0.81301   0.528974   0.243314   0.775503
 -0.338586 -0.0895511  -0.936664    1.95811
         0          0          0          1

 -0.474025  -0.847213   0.239856   0.451761
 -0.802181   0.527842   0.279085   0.752197
 -0.363051 -0.0601142  -0.929828    1.93165
         0          0          0          1

 -0.474025  -0.847213   0.239856   0.451761
 -0.802181   0.527842   0.279085   0.752197
 -0.363051 -0.0601142  -0.929828    1.93165
         0          0          0          1

 -0.487447  -0.842377   0.229776   0.446439
 -0.787997   0.537756   0.299799   0.736261
 -0.376107 -0.0349272  -0.925918    1.90359
         0          0          0          1

 -0.487447  -0.842377   0.229776   0.446439
 -0.787997   0.537756   0.299799   0.736261
 -0.376107 -0.0349272  -0.925918    1.90359
         0          0          0          1

   -0.503071     -0.83572     0.220209     0.439518
   -0.765857     0.549156     0.334501     0.712966
   -0.400478 -0.000370676    -0.916306      1.86303
           0            0            0            1

   -0.503071     -0.83572     0.220209     0.439518
   -0.765857     0.549156     0.334501     0.712966
   -0.400478 -0.000370676    -0.916306      1.86303
           0            0            0            1

-0.516372 -0.827986  0.218629  0.436496
-0.748392  0.560407   0.35476  0.699589
-0.416257 0.0195682 -0.909036   1.83866
        0         0         0         1

-0.516372 -0.827986  0.218629  0.436496
-0.748392  0.560407   0.35476  0.699589
-0.416257 0.0195682 -0.909036   1.83866
        0         0         0         1

 -0.52456  -0.82097   0.22549  0.426808
-0.726247  0.569703  0.384713  0.680298
  -0.4443 0.0380432  -0.89507   1.80258
        0         0         0         1

 -0.52456  -0.82097   0.22549  0.426808
-0.726247  0.569703  0.384713  0.680298
  -0.4443 0.0380432  -0.89507   1.80258
        0         0         0         1

-0.528947 -0.817521  0.227761  0.419877
-0.713564   0.57371  0.402097  0.667587
-0.459392 0.0501658 -0.886816   1.78207
        0         0         0         1

-0.528947 -0.817521  0.227761  0.419877
-0.713564   0.57371  0.402097  0.667587
-0.459392 0.0501658 -0.886816   1.78207
        0         0         0         1

-0.532495 -0.814509   0.23027  0.414285
-0.701922  0.576961  0.417638  0.656562
-0.473026  0.060759 -0.878951   1.76177
        0         0         0         1

-0.532495 -0.814509   0.23027  0.414285
-0.701922  0.576961  0.417638  0.656562
-0.473026  0.060759 -0.878951   1.76177
        0         0         0         1

-0.544005 -0.808163   0.22568  0.411376
-0.688221  0.583618  0.430977  0.645274
-0.480011 0.0791357 -0.873686   1.73336
        0         0         0         1

-0.544005 -0.808163   0.22568  0.411376
-0.688221  0.583618  0.430977  0.645274
-0.480011 0.0791357 -0.873686   1.73336
        0         0         0         1

-0.551384 -0.805176  0.218329  0.409028
-0.679774  0.585337  0.441914  0.637733
-0.483614 0.0952502 -0.870083    1.7183
        0         0         0         1

-0.551384 -0.805176  0.218329  0.409028
-0.679774  0.585337  0.441914  0.637733
-0.483614 0.0952502 -0.870083    1.7183
        0         0         0         1

-0.561146 -0.801096  0.208231  0.406098
-0.669909  0.587312  0.454188  0.629053
-0.486145   0.11537 -0.866229   1.69451
        0         0         0         1

-0.561146 -0.801096  0.208231  0.406098
-0.669909  0.587312  0.454188  0.629053
-0.486145   0.11537 -0.866229   1.69451
        0         0         0         1

-0.564285 -0.801271  0.198866  0.402247
-0.664479  0.583752  0.466585  0.621636
-0.489949  0.131145  -0.86183   1.68289
        0         0         0         1

-0.564285 -0.801271  0.198866  0.402247
-0.664479  0.583752  0.466585  0.621636
-0.489949  0.131145  -0.86183   1.68289
        0         0         0         1

-0.566859 -0.800723  0.193686  0.399025
-0.661044  0.582412  0.473093  0.616445
-0.491622  0.140142 -0.859458   1.66732
        0         0         0         1

-0.566859 -0.800723  0.193686  0.399025
-0.661044  0.582412  0.473093  0.616445
-0.491622  0.140142 -0.859458   1.66732
        0         0         0         1

-0.571751 -0.799098  0.185861   0.39535
 -0.65138  0.579874  0.489337  0.608918
-0.498804  0.158712 -0.852059   1.65369
        0         0         0         1

-0.571751 -0.799098  0.185861   0.39535
 -0.65138  0.579874  0.489337  0.608918
-0.498804  0.158712 -0.852059   1.65369
        0         0         0         1

-0.569905 -0.799574  0.189445  0.393229
-0.648619  0.579281  0.493687   0.60614
-0.504481  0.158477 -0.848754   1.64129
        0         0         0         1

-0.569905 -0.799574  0.189445  0.393229
-0.648619  0.579281  0.493687   0.60614
-0.504481  0.158477 -0.848754   1.64129
        0         0         0         1

-0.570203 -0.797174  0.198447  0.389806
-0.641539  0.582988  0.498551  0.602865
-0.513124  0.156964  -0.84384   1.62973
        0         0         0         1

-0.570203 -0.797174  0.198447  0.389806
-0.641539  0.582988  0.498551  0.602865
-0.513124  0.156964  -0.84384   1.62973
        0         0         0         1

-0.571088 -0.795114  0.204089  0.388939
-0.637247  0.586133  0.500365  0.602016
-0.517471  0.155697 -0.841417    1.6224
        0         0         0         1

-0.571088 -0.795114  0.204089  0.388939
-0.637247  0.586133  0.500365  0.602016
-0.517471  0.155697 -0.841417    1.6224
        0         0         0         1

-0.574372 -0.791461  0.209012   0.39086
-0.633298  0.591412  0.499165  0.604092
-0.518682  0.154339 -0.840921   1.61447
        0         0         0         1

-0.574372 -0.791461  0.209012   0.39086
-0.633298  0.591412  0.499165  0.604092
-0.518682  0.154339 -0.840921   1.61447
        0         0         0         1

-0.575442 -0.791521   0.20582  0.389136
 -0.63132  0.589889  0.503454  0.601775
-0.519905   0.15977  -0.83915   1.60817
        0         0         0         1

-0.575442 -0.791521   0.20582  0.389136
 -0.63132  0.589889  0.503454  0.601775
-0.519905   0.15977  -0.83915   1.60817
        0         0         0         1

-0.578519 -0.790844  0.199704  0.388981
-0.631489  0.589223  0.504022  0.601552
-0.516273  0.165475 -0.840286   1.60782
        0         0         0         1

-0.578519 -0.790844  0.199704  0.388981
-0.631489  0.589223  0.504022  0.601552
-0.516273  0.165475 -0.840286   1.60782
        0         0         0         1

-0.579249 -0.791383  0.195409   0.38807
-0.637956   0.58934  0.495671   0.60099
-0.507428  0.162454 -0.846242   1.60403
        0         0         0         1

-0.579249 -0.791383  0.195409   0.38807
-0.637956   0.58934  0.495671   0.60099
-0.507428  0.162454 -0.846242   1.60403
        0         0         0         1

-0.580479 -0.790905  0.193684  0.389605
-0.642848  0.591115  0.487165  0.602127
 -0.49979   0.15828 -0.851562   1.60522
        0         0         0         1

-0.580479 -0.790905  0.193684  0.389605
-0.642848  0.591115  0.487165  0.602127
 -0.49979   0.15828 -0.851562   1.60522
        0         0         0         1

-0.576825 -0.793113  0.195563  0.390336
-0.649475  0.590486   0.47907  0.603036
-0.495434  0.149326 -0.855714   1.60557
        0         0         0         1

-0.576825 -0.793113  0.195563  0.390336
-0.649475  0.590486   0.47907  0.603036
-0.495434  0.149326 -0.855714   1.60557
        0         0         0         1

-0.568231  -0.79763  0.202239  0.389342
-0.654669  0.587111   0.47614   0.60355
-0.498521  0.138158 -0.855798   1.61013
        0         0         0         1

-0.568231  -0.79763  0.202239  0.389342
-0.654669  0.587111   0.47614   0.60355
-0.498521  0.138158 -0.855798   1.61013
        0         0         0         1

-0.561092 -0.800171  0.211901   0.38884
-0.659905  0.586951  0.469056  0.605872
-0.499701  0.123349  -0.85737    1.6121
        0         0         0         1

-0.561092 -0.800171  0.211901   0.38884
-0.659905  0.586951  0.469056  0.605872
-0.499701  0.123349  -0.85737    1.6121
        0         0         0         1

-0.553207 -0.802383  0.223928  0.388815
-0.667007   0.58768  0.457967  0.611371
-0.499063  0.103989 -0.860304   1.62134
        0         0         0         1

-0.553207 -0.802383  0.223928  0.388815
-0.667007   0.58768  0.457967  0.611371
-0.499063  0.103989 -0.860304   1.62134
        0         0         0         1

-0.547294 -0.805585  0.226942  0.386749
-0.672519  0.584703  0.453696  0.613113
-0.498185 0.0956827 -0.861776   1.63109
        0         0         0         1

-0.547294 -0.805585  0.226942  0.386749
-0.672519  0.584703  0.453696  0.613113
-0.498185 0.0956827 -0.861776   1.63109
        0         0         0         1

-0.546981 -0.804601  0.231146  0.390063
-0.678179  0.587768  0.441137  0.620087
  -0.4908 0.0845351 -0.867162   1.63895
        0         0         0         1

-0.546981 -0.804601  0.231146  0.390063
-0.678179  0.587768  0.441137  0.620087
  -0.4908 0.0845351 -0.867162   1.63895
        0         0         0         1

-0.536288 -0.810359  0.236038  0.389557
-0.693162  0.582416   0.42464  0.627246
-0.481583 0.0641169 -0.874052   1.65558
        0         0         0         1

-0.536288 -0.810359  0.236038  0.389557
-0.693162  0.582416   0.42464  0.627246
-0.481583 0.0641169 -0.874052   1.65558
        0         0         0         1

-0.532944 -0.812589  0.235946  0.392151
-0.704084  0.580529  0.408964  0.634085
-0.469294 0.0518288  -0.88152   1.66907
        0         0         0         1

-0.532944 -0.812589  0.235946  0.392151
-0.704084  0.580529  0.408964  0.634085
-0.469294 0.0518288  -0.88152   1.66907
        0         0         0         1

-0.517052 -0.823311  0.234131  0.390569
-0.728546  0.566888  0.384524  0.641447
-0.449308 0.0282435  -0.89293    1.6913
        0         0         0         1

-0.517052 -0.823311  0.234131  0.390569
-0.728546  0.566888  0.384524  0.641447
-0.449308 0.0282435  -0.89293    1.6913
        0         0         0         1

-0.512663 -0.827466   0.22908  0.392361
 -0.74387    0.5613  0.362767  0.650534
 -0.42876 0.0155715 -0.903284   1.70879
        0         0         0         1

-0.512663 -0.827466   0.22908  0.392361
 -0.74387    0.5613  0.362767  0.650534
 -0.42876 0.0155715 -0.903284   1.70879
        0         0         0         1

 -0.503174  -0.834839   0.223292   0.392395
 -0.761904   0.550491   0.341266   0.658885
 -0.407822 0.00158889   -0.91306    1.72636
         0          0          0          1

 -0.503174  -0.834839   0.223292   0.392395
 -0.761904   0.550491   0.341266   0.658885
 -0.407822 0.00158889   -0.91306    1.72636
         0          0          0          1

 -0.495443  -0.841425   0.215731   0.399102
   -0.7837   0.540103    0.30676   0.677773
 -0.374633 -0.0170863  -0.927016    1.75731
         0          0          0          1

 -0.495443  -0.841425   0.215731   0.399102
   -0.7837   0.540103    0.30676   0.677773
 -0.374633 -0.0170863  -0.927016    1.75731
         0          0          0          1

 -0.485068  -0.847707   0.214713   0.401719
 -0.800924   0.529233   0.280058   0.691466
 -0.351041 -0.0361218  -0.935663    1.77628
         0          0          0          1

 -0.485068  -0.847707   0.214713   0.401719
 -0.800924   0.529233   0.280058   0.691466
 -0.351041 -0.0361218  -0.935663    1.77628
         0          0          0          1

 -0.476897  -0.850789   0.220743   0.404663
 -0.815014   0.522069    0.25139   0.708018
 -0.329123 -0.0600218  -0.942378    1.79524
         0          0          0          1

 -0.476897  -0.850789   0.220743   0.404663
 -0.815014   0.522069    0.25139   0.708018
 -0.329123 -0.0600218  -0.942378    1.79524
         0          0          0          1

 -0.459301   -0.86054   0.220258   0.405826
 -0.836789   0.502361   0.217758   0.727581
 -0.298038 -0.0842928  -0.950825    1.83418
         0          0          0          1

 -0.459301   -0.86054   0.220258   0.405826
 -0.836789   0.502361   0.217758   0.727581
 -0.298038 -0.0842928  -0.950825    1.83418
         0          0          0          1

-0.455892 -0.862757   0.21866  0.413383
-0.849445  0.495112  0.182505  0.749992
-0.265719 -0.102537 -0.958582   1.85782
        0         0         0         1

-0.455892 -0.862757   0.21866  0.413383
-0.849445  0.495112  0.182505  0.749992
-0.265719 -0.102537 -0.958582   1.85782
        0         0         0         1

 -0.44027  -0.87101  0.217952  0.417119
-0.870187  0.473743  0.135431  0.779303
-0.221215 -0.130033 -0.966517    1.8926
        0         0         0         1

 -0.44027  -0.87101  0.217952  0.417119
-0.870187  0.473743  0.135431  0.779303
-0.221215 -0.130033 -0.966517    1.8926
        0         0         0         1

-0.437596 -0.871951  0.219569  0.422395
-0.877396  0.467487  0.107854  0.801506
-0.196689 -0.145453 -0.969617   1.91884
        0         0         0         1

-0.437596 -0.871951  0.219569  0.422395
-0.877396  0.467487  0.107854  0.801506
-0.196689 -0.145453 -0.969617   1.91884
        0         0         0         1

-0.432435 -0.876742  0.210533  0.431146
-0.886502  0.456051 0.0783025  0.825588
-0.164665 -0.152778 -0.974446   1.94961
        0         0         0         1

-0.432435 -0.876742  0.210533  0.431146
-0.886502  0.456051 0.0783025  0.825588
-0.164665 -0.152778 -0.974446   1.94961
        0         0         0         1

-0.428668 -0.876617    0.2186  0.445091
-0.895605  0.444155  0.024871  0.868634
-0.118895 -0.185118 -0.975497   1.98348
        0         0         0         1

-0.428668 -0.876617    0.2186  0.445091
-0.895605  0.444155  0.024871  0.868634
-0.118895 -0.185118 -0.975497   1.98348
        0         0         0         1

  -0.417361   -0.879082    0.230272    0.443428
  -0.903985    0.427517 -0.00636435    0.892865
 -0.0928506   -0.210819   -0.973105     2.00802
          0           0           0           1

  -0.417361   -0.879082    0.230272    0.443428
  -0.903985    0.427517 -0.00636435    0.892865
 -0.0928506   -0.210819   -0.973105     2.00802
          0           0           0           1

  -0.41372  -0.880655   0.230831   0.460836
 -0.908975   0.413776 -0.0505415    0.93507
-0.0510025  -0.230729   -0.97168    2.05678
         0          0          0          1

  -0.41372  -0.880655   0.230831   0.460836
 -0.908975   0.413776 -0.0505415    0.93507
-0.0510025  -0.230729   -0.97168    2.05678
         0          0          0          1

 -0.410169   -0.87962   0.240896   0.467866
 -0.911801   0.401156 -0.0877053   0.966399
-0.0194894  -0.255623   -0.96658    2.08028
         0          0          0          1

 -0.410169   -0.87962   0.240896   0.467866
 -0.911801   0.401156 -0.0877053   0.966399
-0.0194894  -0.255623   -0.96658    2.08028
         0          0          0          1

-0.407623  -0.87755  0.252488  0.470555
-0.913128  0.389766 -0.119502   0.99488
0.0064582 -0.279266 -0.960192   2.10825
        0         0         0         1

-0.407623  -0.87755  0.252488  0.470555
-0.913128  0.389766 -0.119502   0.99488
0.0064582 -0.279266 -0.960192   2.10825
        0         0         0         1

 -0.40796 -0.873647  0.265158  0.486505
-0.911528  0.373267 -0.172592   1.04395
  0.05181 -0.312109 -0.948632   2.14851
        0         0         0         1

 -0.40796 -0.873647  0.265158  0.486505
-0.911528  0.373267 -0.172592   1.04395
  0.05181 -0.312109 -0.948632   2.14851
        0         0         0         1

 -0.40715 -0.870281  0.277201  0.495355
-0.909661  0.359081 -0.208754    1.0782
0.0821374 -0.337154  -0.93786   2.17273
        0         0         0         1

 -0.40715 -0.870281  0.277201  0.495355
-0.909661  0.359081 -0.208754    1.0782
0.0821374 -0.337154  -0.93786   2.17273
        0         0         0         1

-0.406423 -0.867049  0.288179  0.510779
-0.905483   0.34005 -0.253901   1.12712
 0.122149 -0.364133 -0.923302   2.21775
        0         0         0         1

-0.406423 -0.867049  0.288179  0.510779
-0.905483   0.34005 -0.253901   1.12712
 0.122149 -0.364133 -0.923302   2.21775
        0         0         0         1

-0.416854 -0.859973  0.294413  0.525361
 -0.89463  0.330847 -0.300294   1.16968
 0.160839  -0.38857 -0.907273   2.23269
        0         0         0         1

-0.416854 -0.859973  0.294413  0.525361
 -0.89463  0.330847 -0.300294   1.16968
 0.160839  -0.38857 -0.907273   2.23269
        0         0         0         1

 -0.40912 -0.860459  0.303696  0.518162
-0.894499  0.312446 -0.319763   1.19164
 0.180254 -0.402478 -0.897508   2.25998
        0         0         0         1

