-0.281276  0.578357  0.765759  0.741576
 0.846689 -0.226011  0.481702   1.06891
 0.451665  0.783851 -0.426117   2.01475
        0         0         0         1

-0.283586  0.576382  0.766395  0.748851
  0.83832 -0.239043  0.489977   1.05241
 0.465616  0.781436 -0.415404   2.01185
        0         0         0         1

-0.289405  0.571947  0.767542  0.751055
  0.83314 -0.244298  0.496182   1.03955
 0.471299  0.783068 -0.405811   2.00105
        0         0         0         1

-0.293424  0.572355   0.76571  0.764838
 0.813829 -0.270697  0.514204   1.00781
 0.501583  0.774037  -0.38637   1.99466
        0         0         0         1

-0.299634  0.571033  0.764291  0.770588
 0.808156 -0.273846  0.521433  0.997234
 0.507054  0.773905  -0.37943    1.9822
        0         0         0         1

-0.302858  0.571012  0.763035  0.777629
 0.798309 -0.285317  0.530374  0.983782
 0.520557  0.769766 -0.369433   1.97633
        0         0         0         1

-0.302909  0.573398  0.761223    0.7886
 0.785392 -0.302243  0.540194  0.967357
  0.53982  0.761488  -0.35879   1.96926
        0         0         0         1

 -0.31924  0.575844  0.752655  0.792501
 0.759101 -0.320068  0.566853  0.940629
  0.56732  0.752303 -0.334945   1.95674
        0         0         0         1

-0.326863  0.578034  0.747688  0.795561
 0.747299 -0.326225  0.578896  0.928466
 0.578537  0.747966 -0.325334   1.94505
        0         0         0         1

-0.326451  0.580993  0.745571  0.803391
 0.733865 -0.341332  0.587311  0.914196
 0.595711  0.738877 -0.314943   1.94121
        0         0         0         1

-0.323687   0.58492  0.743704  0.810849
  0.72365  -0.35334  0.592859  0.901596
 0.609555  0.730082 -0.308905   1.93408
        0         0         0         1

-0.329139  0.589282  0.737844  0.811433
 0.706434 -0.364834  0.606504  0.885745
 0.626592  0.720863 -0.296208   1.92959
        0         0         0         1

-0.320543   0.60089  0.732245  0.825369
 0.686146 -0.385647  0.616831  0.858162
 0.653036  0.700148 -0.288682   1.91073
        0         0         0         1

 -0.31658  0.603687  0.731668  0.830281
 0.681095 -0.392199  0.618295  0.850624
 0.660217  0.694076 -0.287006   1.90414
        0         0         0         1

-0.313069  0.609375  0.728457   0.83268
 0.669452 -0.402466  0.624384  0.836727
 0.673663  0.683143 -0.281947   1.89706
        0         0         0         1

-0.313836   0.61223  0.725728   0.83513
 0.661521 -0.407306  0.629676  0.826094
   0.6811    0.6777 -0.277176   1.88665
        0         0         0         1

-0.310653  0.617116  0.722955  0.839438
 0.651269 -0.415809  0.634785  0.814664
 0.692347  0.668035 -0.272736   1.87903
        0         0         0         1

-0.307886  0.622857  0.719205  0.844521
 0.630183 -0.432824  0.644618  0.790444
 0.712794    0.6517 -0.259253   1.86222
        0         0         0         1

-0.305105  0.625768  0.717861  0.850542
 0.618654  -0.44284  0.648969  0.776507
 0.724002  0.642111 -0.252021    1.8493
        0         0         0         1

-0.301875  0.627624  0.717607  0.854712
 0.611004 -0.450437  0.650985  0.769324
  0.73181  0.634977 -0.247505   1.84389
        0         0         0         1

 -0.30376  0.629734  0.714958  0.856897
 0.596792 -0.459194  0.658013  0.757396
 0.742677  0.626559 -0.236335   1.83638
        0         0         0         1

 -0.30389  0.631246  0.713568   0.86114
 0.587235 -0.465678  0.662042  0.747376
 0.750204   0.62022 -0.229174   1.82632
        0         0         0         1

-0.300993  0.633153  0.713106  0.865086
 0.578181 -0.473502  0.664456  0.737146
  0.75836  0.612301 -0.223557   1.81643
        0         0         0         1

-0.295623  0.637877   0.71114  0.870236
 0.561336 -0.486354  0.669598  0.716695
 0.772987  0.597137 -0.214286   1.79947
        0         0         0         1

-0.289722  0.642215  0.709663  0.873626
 0.552043 -0.493574  0.672037  0.703599
 0.781863  0.586468 -0.211531   1.78657
        0         0         0         1

-0.286567  0.643509  0.709772  0.876081
 0.546289 -0.498851  0.672841  0.697138
  0.78705  0.580555 -0.208587    1.7811
        0         0         0         1

-0.283214  0.646119  0.708745  0.877948
 0.536274 -0.505982  0.675568   0.68467
  0.79511  0.571412 -0.203196   1.77126
        0         0         0         1

 -0.27982  0.648138   0.70825  0.880695
 0.526808 -0.513076  0.677663  0.668466
 0.802605  0.562735 -0.197875   1.75392
        0         0         0         1

-0.275321  0.648754  0.709448  0.883692
 0.522312 -0.518604  0.676934  0.659396
 0.807086  0.556928  -0.19607    1.7443
        0         0         0         1

-0.272654   0.64846  0.710746  0.886532
 0.518194 -0.523452  0.676368  0.651051
 0.810639  0.552718 -0.193307   1.73515
        0         0         0         1

-0.268132  0.647381  0.713444  0.890484
 0.511903 -0.531622  0.674784   0.64092
 0.816125  0.546145 -0.188851   1.72282
        0         0         0         1

-0.269454  0.647289   0.71303   0.89024
  0.50639 -0.534549  0.676629   0.63431
 0.819124  0.543392 -0.183744   1.71593
        0         0         0         1

-0.268498   0.64498  0.715478  0.893428
 0.500299 -0.541347  0.675754  0.624299
  0.82317  0.539392 -0.177332   1.70105
        0         0         0         1

-0.266527  0.642595  0.718356  0.896622
 0.487928 -0.552798   0.67553  0.611408
 0.831198  0.530553 -0.166204   1.68628
        0         0         0         1

-0.267492  0.640779  0.719618  0.896887
   0.4801 -0.558894  0.676123  0.601901
 0.835435  0.526347 -0.158138   1.67385
        0         0         0         1

-0.267227  0.640749  0.719743  0.897244
 0.472397 -0.563893  0.677397  0.595976
 0.839899  0.521023    -0.152   1.66788
        0         0         0         1

-0.258494  0.639999  0.723589  0.900755
 0.461499 -0.576225  0.674525  0.584374
 0.848646  0.508296 -0.146408   1.65154
        0         0         0         1

-0.256197  0.639862  0.724527  0.900918
 0.453971  -0.58209  0.674597  0.576806
 0.853389  0.501744 -0.141349    1.6404
        0         0         0         1

-0.248674  0.639565  0.727405  0.903228
 0.448625 -0.589529  0.671708  0.571095
 0.858427  0.493368 -0.140324   1.63151
        0         0         0         1

-0.245053  0.639482  0.728705  0.903795
 0.443293 -0.594547  0.670824  0.565622
  0.86223  0.487418 -0.137783   1.62235
        0         0         0         1

-0.241033  0.639421  0.730098   0.90446
 0.439804 -0.598637  0.669483  0.560706
 0.865145  0.482467 -0.136929   1.61272
        0         0         0         1

-0.234806  0.641844  0.730002  0.904329
 0.434596 -0.602438  0.669474  0.555295
 0.869478  0.474452 -0.137487   1.60475
        0         0         0         1

-0.227524  0.642834  0.731435  0.905036
 0.429171 -0.608052  0.667896  0.548483
 0.874097  0.465873 -0.137539   1.59321
        0         0         0         1

-0.219398  0.646177  0.730972  0.906064
 0.421723 -0.612805  0.668296  0.541483
 0.879781   0.45489 -0.138059   1.58102
        0         0         0         1

-0.215922  0.649508  0.729053  0.905782
  0.41573 -0.614451  0.670536  0.536993
 0.883485  0.447873 -0.137346   1.57256
        0         0         0         1

-0.213425  0.651591  0.727928   0.90586
 0.412249 -0.615444  0.671773  0.533721
  0.88572  0.443461 -0.137267   1.56524
        0         0         0         1

-0.209923  0.653859  0.726912  0.906877
  0.40493 -0.618575  0.673348  0.528963
 0.889924  0.435699 -0.134914   1.55405
        0         0         0         1

-0.209822  0.656314  0.724725  0.906507
 0.398071 -0.619669  0.676424  0.524392
 0.893036  0.430421  -0.13124   1.54208
        0         0         0         1

-0.209511 0.658394 0.722926 0.906332
0.392959 -0.62031 0.678821 0.521599
0.895371 0.426301 -0.12876  1.53412
       0        0        0        1

-0.210922  0.659629  0.721388  0.906076
 0.389407 -0.620203  0.680963  0.519484
  0.89659  0.424544  -0.12605   1.52746
        0         0         0         1

 -0.21472  0.661609  0.718448  0.905142
 0.384952 -0.618728  0.684827  0.516344
 0.897612  0.423614 -0.121834   1.51623
        0         0         0         1

-0.215813   0.66191  0.717844  0.905064
 0.384025 -0.618387  0.685655  0.515569
 0.897747  0.423643 -0.120734    1.5129
        0         0         0         1

-0.218582  0.662225  0.716714  0.905507
 0.380596 -0.618451  0.687506  0.513903
 0.898537  0.423055 -0.116858   1.50552
        0         0         0         1

-0.226942   0.66458  0.711921  0.904554
 0.377836  -0.61366  0.693298  0.511699
 0.897629  0.426327 -0.111837    1.4932
        0         0         0         1

-0.234435  0.666019  0.708138  0.905228
 0.375365 -0.609927  0.697918   0.51086
 0.896739  0.429427 -0.107012   1.48365
        0         0         0         1

-0.238157   0.66625  0.706677  0.905183
 0.374469 -0.608364  0.699761  0.510581
 0.896133  0.431282 -0.104604   1.48024
        0         0         0         1

 -0.250612   0.665878   0.702709   0.905784
  0.373806  -0.603018   0.704726    0.51076
  0.893008   0.439289 -0.0977862    1.46915
         0          0          0          1

 -0.263774   0.665219   0.698504   0.906114
  0.370565  -0.598696   0.710102   0.510723
  0.890564   0.446147 -0.0885869    1.46065
         0          0          0          1

 -0.274431   0.665263   0.694343   0.905153
  0.368356   -0.59426    0.71496   0.510741
  0.888257   0.451973 -0.0819704     1.4544
         0          0          0          1

 -0.283587   0.664903   0.691001   0.905219
  0.364366  -0.591827   0.719012    0.51062
  0.887026    0.45568 -0.0744339    1.44874
         0          0          0          1

 -0.304872   0.664822   0.681956   0.903946
  0.353846  -0.585721   0.729194    0.51034
   0.88422   0.463619 -0.0566748    1.43827
         0          0          0          1

 -0.304872   0.664822   0.681956   0.903946
  0.353846  -0.585721   0.729194    0.51034
   0.88422   0.463619 -0.0566748    1.43827
         0          0          0          1

-0.317113  0.663604  0.677547  0.904558
 0.350081 -0.582058  0.733929  0.510622
 0.881409  0.469935 -0.047737   1.43051
        0         0         0         1

 -0.329728   0.662208   0.672875   0.904982
  0.343949  -0.579487   0.738846   0.510554
  0.879192   0.475053 -0.0366921    1.42299
         0          0          0          1

 -0.348917   0.657261   0.668031   0.905082
  0.339317  -0.575862   0.743805   0.510394
  0.873568   0.486201 -0.0220917    1.41346
         0          0          0          1

 -0.348917   0.657261   0.668031   0.905082
  0.339317  -0.575862   0.743805   0.510394
  0.873568   0.486201 -0.0220917    1.41346
         0          0          0          1

 -0.361753   0.653739   0.664651   0.904454
  0.335285  -0.574002   0.747065   0.509674
  0.869896     0.4931 -0.0115416    1.40944
         0          0          0          1

-0.388936  0.643936  0.658844   0.90312
 0.329088 -0.570859  0.752211  0.508092
 0.860483  0.509379  0.010116   1.40186
        0         0         0         1

-0.416543   0.63166  0.653833  0.903541
   0.3228  -0.56957  0.755903  0.506722
 0.849878  0.525924 0.0333507   1.39587
        0         0         0         1

-0.417807  0.631109  0.653558  0.903533
 0.322593 -0.569429  0.756098  0.506663
 0.849336  0.526736 0.0343199   1.39558
        0         0         0         1

-0.431316  0.623562  0.652026  0.904708
 0.321189 -0.569229  0.756846  0.506118
 0.843092  0.535863 0.0452363   1.39262
        0         0         0         1

-0.444247   0.61692  0.649657  0.905402
 0.317301 -0.569796  0.758059  0.505291
 0.837833  0.542903 0.0573809   1.39078
        0         0         0         1

-0.464414  0.605817  0.645992  0.907064
 0.315522 -0.568377  0.759864  0.504239
 0.827506  0.556716 0.0728135   1.38752
        0         0         0         1

-0.474469  0.599693  0.644396  0.908944
  0.31734 -0.566291  0.760664  0.503942
 0.821081  0.565405 0.0783809   1.38548
        0         0         0         1

-0.483305  0.594401  0.642732  0.910621
 0.318068  -0.56478  0.761483  0.503415
 0.815628  0.572461 0.0839008   1.38442
        0         0         0         1

 -0.49379  0.587086  0.641484  0.911818
 0.319016 -0.563955  0.761698  0.503062
  0.80895  0.580762 0.0911855   1.38328
        0         0         0         1

-0.505231  0.577547  0.641234  0.913172
 0.317874 -0.566254  0.760469   0.50269
 0.802308  0.588044  0.102502   1.38229
        0         0         0         1

-0.533847  0.550995  0.641414  0.914805
 0.314084 -0.575068  0.755412   0.50225
 0.785085  0.604732   0.13394   1.37964
        0         0         0         1

-0.549843  0.533355   0.64281   0.91569
 0.313597 -0.581467  0.750701  0.502168
 0.774163  0.614351  0.152457   1.37749
        0         0         0         1

-0.560638  0.520098  0.644347  0.916578
 0.313256 -0.587098  0.746449  0.502258
 0.766522  0.620333  0.166226   1.37575
        0         0         0         1

-0.571481   0.50765  0.644749  0.917647
 0.311239 -0.592901  0.742697  0.502005
 0.759302  0.625108  0.180831   1.37405
        0         0         0         1

-0.578931  0.498941    0.6449  0.918363
 0.309216 -0.597497  0.739853  0.501697
 0.754469  0.627737  0.191629   1.37257
        0         0         0         1

-0.583333  0.493142  0.645394  0.919322
 0.307785 -0.601127  0.737506  0.501502
 0.751659  0.628854  0.198876   1.37114
        0         0         0         1

-0.584427  0.488707  0.647773  0.922033
 0.306227 -0.606434    0.7338  0.500938
 0.751445  0.627219  0.204761   1.36932
        0         0         0         1

-0.582894  0.489273  0.648727  0.923346
 0.306087 -0.607356  0.733096  0.500828
 0.752692  0.625884  0.204264    1.3685
        0         0         0         1

-0.582348   0.48993  0.648721  0.923805
 0.306348 -0.606909  0.733357  0.500528
 0.753009  0.625803  0.203343   1.36742
        0         0         0         1

-0.582469  0.489707   0.64878  0.925376
 0.307263 -0.606285   0.73349  0.500415
 0.752542  0.626582  0.202673   1.36632
        0         0         0         1

-0.582552  0.489838  0.648607  0.926017
 0.307345 -0.605991  0.733698  0.500439
 0.752444  0.626764  0.202472   1.36616
        0         0         0         1

-0.583304  0.488564  0.648893  0.927775
 0.307782 -0.606359  0.733212  0.500429
 0.751683  0.627402   0.20332   1.36658
        0         0         0         1

-0.583659  0.487097  0.649676  0.930283
 0.311872 -0.604252  0.733222  0.500471
 0.749718  0.630568  0.200766   1.36632
        0         0         0         1

-0.582451  0.486368  0.651304  0.931403
 0.316087 -0.602669   0.73272  0.500549
 0.748893  0.632642  0.197291   1.36632
        0         0         0         1

-0.581234  0.484536  0.653752  0.933074
 0.320655 -0.602012  0.731274  0.500886
 0.747895   0.63467  0.194541   1.36709
        0         0         0         1

-0.581373 0.480298 0.656749  0.93462
0.326441 -0.60167 0.728992 0.501174
 0.74528 0.638206 0.193006   1.3676
       0        0        0        1

 -0.58597  0.466929  0.662281  0.935934
 0.337782 -0.602157  0.723402  0.501276
 0.736575  0.647598  0.195126   1.36962
        0         0         0         1

-0.587844  0.460168  0.665345   0.93679
 0.342335 -0.603684  0.719981  0.501473
 0.732971  0.651007  0.197341   1.37147
        0         0         0         1

-0.587772  0.452676  0.670529  0.938322
  0.34938 -0.605513  0.715044   0.50195
 0.729697  0.654552  0.197748   1.37396
        0         0         0         1

-0.590642  0.442931  0.674503  0.938572
 0.358652 -0.604684  0.711144  0.502636
 0.722849  0.661943  0.198294   1.37723
        0         0         0         1

-0.591672  0.436505  0.677781  0.939545
 0.364391 -0.605148  0.707824  0.503334
 0.719127  0.665778  0.198991   1.37928
        0         0         0         1

-0.595338  0.425633  0.681476  0.940031
 0.373297 -0.604539  0.703692  0.504538
 0.711493  0.673327  0.201018   1.38179
        0         0         0         1

-0.603444  0.400848   0.68933  0.940801
 0.389816 -0.605838  0.693545  0.507428
 0.695628  0.687227  0.209332   1.38835
        0         0         0         1

-0.607155  0.388799  0.692963  0.940422
 0.398115 -0.605894  0.688765  0.508883
 0.687654  0.694066  0.213084   1.39207
        0         0         0         1

-0.610256  0.377596  0.696426  0.939433
 0.406747 -0.605034  0.684464  0.510566
 0.679812  0.700967  0.215639   1.39586
        0         0         0         1

-0.615417  0.358762   0.70182  0.936467
 0.423842 -0.600087   0.67842   0.51446
 0.664545  0.714972  0.217245   1.40466
        0         0         0         1

-0.616671 0.353653 0.703311  0.93487
0.429708 -0.59735 0.677144 0.515987
0.659597 0.719794 0.216401  1.40935
       0        0        0        1

-0.616906  0.348801  0.705524  0.933358
 0.438096 -0.592528  0.676005  0.518168
 0.653834  0.726119  0.212726   1.41514
        0         0         0         1

-0.618132 0.346018 0.705822 0.931071
0.445895 -0.58513 0.677348 0.520219
0.647372 0.733413   0.2074  1.41906
       0        0        0        1

-0.618115  0.345528  0.706077  0.928527
 0.453495 -0.576934   0.67933  0.522248
 0.642087  0.740106  0.199916    1.4247
        0         0         0         1

-0.617931  0.346621  0.705702  0.922847
 0.467815 -0.559303  0.684345  0.526639
  0.63191  0.753016  0.183457   1.43813
        0         0         0         1

-0.616574  0.348704  0.705863  0.918268
 0.482604 -0.540968  0.688801  0.530472
 0.622037  0.765349  0.165261   1.44898
        0         0         0         1

-0.615878 0.349635  0.70601 0.916968
 0.48661 -0.53595 0.689904 0.531538
0.619601 0.768449 0.159944  1.45243
       0        0        0        1

-0.613752  0.352568  0.706403  0.912339
 0.500713 -0.517952  0.693551  0.535725
 0.610406  0.779373  0.141358   1.46432
        0         0         0         1

-0.612332  0.353544  0.707147  0.910958
 0.506638 -0.511177  0.694274  0.537451
 0.606933  0.783393  0.133892   1.46881
        0         0         0         1

-0.611227  0.355954  0.706893  0.907112
 0.516233 -0.497706  0.696988  0.540408
 0.599921   0.79094  0.120456    1.4774
        0         0         0         1

-0.607589  0.359212   0.70838  0.900187
 0.538991 -0.468606  0.699927  0.547613
 0.583373  0.807078 0.0911082   1.49434
        0         0         0         1

-0.605151  0.359808  0.710162  0.897676
 0.550838 -0.454797  0.699812  0.551824
 0.574777  0.814677 0.0770251   1.50324
        0         0         0         1

-0.606538  0.360876  0.708435  0.891952
 0.559266 -0.439667  0.702791  0.555173
 0.565096  0.822472 0.0648494   1.51254
        0         0         0         1

-0.606806   0.36166  0.707805  0.887514
 0.568475 -0.424916  0.704473  0.559401
 0.555537  0.829849 0.0522466   1.52234
        0         0         0         1

-0.606889  0.360873  0.708136  0.878379
 0.588143 -0.395362  0.705532  0.568586
 0.534578  0.844665  0.027696   1.54149
        0         0         0         1

-0.607468  0.360336  0.707912  0.873301
 0.597194 -0.380464  0.706121  0.573585
 0.523776  0.851707 0.0159289   1.55145
        0         0         0         1

 -0.606981   0.358489   0.709267   0.869205
  0.607932  -0.365366    0.70493   0.579342
  0.511852   0.859065 0.00383292    1.56146
         0          0          0          1

  -0.605904    0.356061    0.711408    0.864264
   0.618673   -0.351284     0.70274    0.586186
   0.500125    0.865921 -0.00744116     1.57483
          0           0           0           1

 -0.606648   0.353502    0.71205   0.860194
  0.626042  -0.339588   0.701962   0.591393
  0.489949   0.871617 -0.0152974    1.58318
         0          0          0          1

 -0.606284   0.350301   0.713939   0.855895
  0.635945  -0.325468   0.699746   0.598058
  0.477486   0.878271 -0.0254465    1.59375
         0          0          0          1

 -0.606766   0.340858   0.718088   0.845901
  0.654694  -0.298023   0.694664   0.612603
  0.450789   0.891627 -0.0423278    1.61524
         0          0          0          1

 -0.609065   0.336892   0.718014   0.838614
  0.660355  -0.286016   0.694353   0.619422
  0.439285    0.89705 -0.0482655    1.62694
         0          0          0          1

 -0.608119   0.332284   0.720957   0.833285
  0.669333  -0.273689   0.690715   0.627543
  0.426831   0.902597 -0.0559734    1.63852
         0          0          0          1

 -0.604482   0.326429   0.726668   0.826831
  0.682712  -0.257769    0.68371   0.638738
  0.410495   0.909395 -0.0670402    1.65446
         0          0          0          1

 -0.600219   0.319593    0.73321   0.817124
  0.697294  -0.239976    0.67542    0.65243
  0.391813   0.916663 -0.0788123    1.67501
         0          0          0          1

 -0.594676   0.312645   0.740685   0.804446
  0.715533  -0.214244   0.664915   0.671018
   0.36657   0.925393 -0.0963016    1.69844
         0          0          0          1

 -0.594676   0.312645   0.740685   0.804446
  0.715533  -0.214244   0.664915   0.671018
   0.36657   0.925393 -0.0963016    1.69844
         0          0          0          1

-0.585493  0.308423  0.749716  0.792172
 0.734691 -0.189046   0.65153  0.691463
 0.342678  0.932275 -0.115911   1.72224
        0         0         0         1

-0.585493  0.308423  0.749716  0.792172
 0.734691 -0.189046   0.65153  0.691463
 0.342678  0.932275 -0.115911   1.72224
        0         0         0         1

-0.580277  0.306707   0.75446  0.785656
 0.744013 -0.177143  0.644255  0.701868
 0.331245  0.935174 -0.125402   1.73512
        0         0         0         1

-0.572084  0.300584  0.763131  0.773238
 0.761328 -0.151521  0.630414  0.724657
 0.305123  0.941643  -0.14216   1.75721
        0         0         0         1

-0.565596  0.295169   0.77005  0.756039
 0.775173 -0.128377  0.618568  0.746654
 0.281438  0.946781 -0.156198   1.78134
        0         0         0         1

-0.565596  0.295169   0.77005  0.756039
 0.775173 -0.128377  0.618568  0.746654
 0.281438  0.946781 -0.156198   1.78134
        0         0         0         1

-0.554335  0.294286  0.778529  0.746696
 0.788933 -0.112188  0.604151  0.766207
 0.265134   0.94911 -0.169982   1.79981
        0         0         0         1

   -0.5459   0.291303    0.78558   0.735004
  0.800365 -0.0960085   0.591775   0.783655
  0.247808   0.951801  -0.180738    1.81568
         0          0          0          1

 -0.539062   0.289927   0.790793   0.728097
  0.809242 -0.0820449   0.581718   0.797509
  0.233536   0.953525  -0.190394    1.82507
         0          0          0          1

 -0.529108   0.288818    0.79789   0.724031
  0.818984 -0.0722505   0.569249   0.810851
  0.222058   0.954654  -0.198309    1.83803
         0          0          0          1

 -0.514761   0.286738   0.807962    0.70881
  0.834847 -0.0467793   0.548491   0.838881
  0.195069   0.956866  -0.215302    1.85656
         0          0          0          1

 -0.514761   0.286738   0.807962    0.70881
  0.834847 -0.0467793   0.548491   0.838881
  0.195069   0.956866  -0.215302    1.85656
         0          0          0          1

-0.502761  0.280391  0.817687  0.691234
 0.848173 -0.022554  0.529239  0.865069
 0.166836  0.959621  -0.22648   1.87406
        0         0         0         1

-0.497127  0.279879  0.821299  0.680664
 0.853528 -0.012507  0.520897   0.87897
  0.15606  0.959954 -0.232667   1.88738
        0         0         0         1

 -0.481261   0.282034   0.829967   0.674452
   0.86542 0.00228217   0.501042   0.900527
  0.139417   0.959402  -0.245176    1.90134
         0          0          0          1

 -0.476186    0.28348   0.832398    0.66985
  0.868399 0.00270623   0.495859   0.907375
  0.138314   0.958974  -0.247463    1.91159
         0          0          0          1

-0.467851  0.279583   0.83842  0.660991
 0.875097 0.0136866  0.483753  0.921341
 0.123774  0.960024 -0.251066   1.91883
        0         0         0         1

-0.450303  0.280846  0.847557  0.649132
 0.887846 0.0402298  0.458378  0.953265
 0.094637  0.958909 -0.267464   1.93344
        0         0         0         1

-0.440197  0.271994  0.855714  0.632933
 0.895581  0.064532  0.440193  0.979183
0.0645089  0.960133 -0.271999   1.93943
        0         0         0         1

-0.437115   0.26971  0.858013  0.629586
 0.897558 0.0697009  0.435352  0.986257
0.0576143  0.960416 -0.272547   1.94164
        0         0         0         1

-0.422833  0.274909  0.863503  0.628705
 0.904792 0.0748246   0.41923    1.0016
0.0506386  0.958554 -0.280373   1.95395
        0         0         0         1

-0.422017 0.274249 0.864112 0.615852
 0.90548 0.080385 0.416707  1.01294
0.0448197 0.958293 -0.28225  1.96593
       0        0        0        1

-0.405522  0.272836  0.872417  0.608119
 0.913857 0.0996827   0.39361    1.0388
 0.020426  0.956882 -0.289756   1.97299
        0         0         0         1

-0.390682    0.2761  0.878144  0.601905
 0.920446  0.104647    0.3766   1.05983
0.0120843  0.955415 -0.295019   1.99021
        0         0         0         1

-0.376534  0.278634  0.883507  0.600629
 0.926359  0.122496  0.356165   1.08065
-0.00898671  0.952553 -0.304239   1.98948
        0         0         0         1

-0.358285  0.284627  0.889168  0.604445
 0.933369  0.130957  0.334175   1.10173
-0.0213275  0.949651 -0.312582   1.99542
        0         0         0         1

-0.357251  0.281717  0.890509  0.592147
 0.933612  0.135473  0.331686    1.1146
-0.0271981  0.949886 -0.311412   2.00514
        0         0         0         1

-0.355078  0.273858  0.893824  0.570359
 0.933348  0.157792  0.322433   1.14546
-0.0527372  0.948738 -0.311633   2.00935
        0         0         0         1

-0.349147  0.268866  0.897668  0.555221
 0.935144  0.161327  0.315403   1.16345
-0.0600164  0.949571 -0.307755   2.01819
        0         0         0         1

-0.346336  0.269306  0.898625  0.549461
 0.936305  0.158637  0.313317   1.16965
-0.0581769  0.949899 -0.307094    2.0258
        0         0         0         1

-0.337426   0.26791  0.902423  0.547813
 0.938532  0.169889  0.300491   1.18929
-0.0728068  0.948347 -0.308767   2.02398
        0         0         0         1

-0.327884  0.269217  0.905547   0.54879
   0.9418  0.168429  0.290937   1.20619
-0.074195  0.948237 -0.308773   2.03054
        0         0         0         1

