 0.471354  -0.67448  0.568245   1.04138
-0.875671 -0.281198  0.392592    1.0633
-0.105005 -0.682646 -0.723166   2.09871
        0         0         0         1

 0.471744  -0.66741  0.576213   1.05352
-0.870808 -0.250086  0.423261   1.00606
-0.138386 -0.701442 -0.699162   2.07231
        0         0         0         1

 0.471744  -0.66741  0.576213   1.05352
-0.870808 -0.250086  0.423261   1.00606
-0.138386 -0.701442 -0.699162   2.07231
        0         0         0         1

 0.463902  -0.67115  0.578233   1.06676
 -0.86942 -0.219658  0.442559  0.964243
 -0.17001 -0.708031 -0.685411   2.05979
        0         0         0         1

 0.463902  -0.67115  0.578233   1.06676
 -0.86942 -0.219658  0.442559  0.964243
 -0.17001 -0.708031 -0.685411   2.05979
        0         0         0         1

  0.45396 -0.674968  0.581668   1.07991
 -0.86992  -0.19451  0.453216  0.928294
-0.192766 -0.711747 -0.675468   2.03689
        0         0         0         1

  0.45396 -0.674968  0.581668   1.07991
 -0.86992  -0.19451  0.453216  0.928294
-0.192766 -0.711747 -0.675468   2.03689
        0         0         0         1

 0.450329 -0.674519  0.585002    1.0951
-0.862987  -0.16075  0.478971  0.875662
-0.229036 -0.720544 -0.654492   2.00393
        0         0         0         1

 0.450329 -0.674519  0.585002    1.0951
-0.862987  -0.16075  0.478971  0.875662
-0.229036 -0.720544 -0.654492   2.00393
        0         0         0         1

 0.448559 -0.672498  0.588678    1.1055
-0.856296 -0.134684  0.498616   0.84207
-0.256032 -0.727741 -0.636271   1.98111
        0         0         0         1

 0.448559 -0.672498  0.588678    1.1055
-0.856296 -0.134684  0.498616   0.84207
-0.256032 -0.727741 -0.636271   1.98111
        0         0         0         1

  0.438852  -0.678901   0.588644    1.12586
 -0.847344 -0.0946656   0.522539   0.795217
 -0.299028  -0.728101  -0.616807    1.94496
         0          0          0          1

  0.438852  -0.678901   0.588644    1.12586
 -0.847344 -0.0946656   0.522539   0.795217
 -0.299028  -0.728101  -0.616807    1.94496
         0          0          0          1

  0.429583  -0.685756   0.587536    1.13883
 -0.840465 -0.0656642   0.537873   0.764962
 -0.330269  -0.724864  -0.604562    1.92023
         0          0          0          1

  0.429583  -0.685756   0.587536    1.13883
 -0.840465 -0.0656642   0.537873   0.764962
 -0.330269  -0.724864  -0.604562    1.92023
         0          0          0          1

    0.4198  -0.692131   0.587131     1.1496
 -0.832669 -0.0362898   0.552581   0.736892
 -0.361152  -0.720859  -0.591551    1.89432
         0          0          0          1

    0.4198  -0.692131   0.587131     1.1496
 -0.832669 -0.0362898   0.552581   0.736892
 -0.361152  -0.720859  -0.591551    1.89432
         0          0          0          1

  0.409477  -0.692964   0.593405    1.16278
 -0.822112 0.00173753   0.569323    0.70049
 -0.395552   -0.72097  -0.568982     1.8491
         0          0          0          1

  0.409477  -0.692964   0.593405    1.16278
 -0.822112 0.00173753   0.569323    0.70049
 -0.395552   -0.72097  -0.568982     1.8491
         0          0          0          1

 0.402006 -0.691488  0.600196   1.17218
-0.815808 0.0271377  0.577686  0.678002
-0.415751 -0.721878 -0.553212   1.82023
        0         0         0         1

 0.402006 -0.691488  0.600196   1.17218
-0.815808 0.0271377  0.577686  0.678002
-0.415751 -0.721878 -0.553212   1.82023
        0         0         0         1

 0.387425 -0.692739  0.608288   1.18778
-0.809646 0.0598729  0.583857  0.647463
 -0.44088 -0.718699 -0.537676   1.78031
        0         0         0         1

 0.387425 -0.692739  0.608288   1.18778
-0.809646 0.0598729  0.583857  0.647463
 -0.44088 -0.718699 -0.537676   1.78031
        0         0         0         1

 0.378567 -0.693768  0.612677   1.19689
-0.805261 0.0794866  0.587569  0.628477
-0.456336 -0.715799 -0.528573   1.75462
        0         0         0         1

 0.378567 -0.693768  0.612677   1.19689
-0.805261 0.0794866  0.587569  0.628477
-0.456336 -0.715799 -0.528573   1.75462
        0         0         0         1

 0.371113 -0.693454  0.617573   1.20436
-0.801692 0.0963335  0.589924  0.611745
-0.468578 -0.714032 -0.520186   1.72727
        0         0         0         1

 0.371113 -0.693454  0.617573   1.20436
-0.801692 0.0963335  0.589924  0.611745
-0.468578 -0.714032 -0.520186   1.72727
        0         0         0         1

 0.352962 -0.700095  0.620713   1.21737
 -0.79718  0.122282  0.591228  0.588744
-0.489818 -0.703501 -0.514941   1.68846
        0         0         0         1

 0.352962 -0.700095  0.620713   1.21737
 -0.79718  0.122282  0.591228  0.588744
-0.489818 -0.703501 -0.514941   1.68846
        0         0         0         1

 0.339837 -0.709527  0.617319   1.22388
-0.794305  0.134924  0.592346   0.57417
-0.503577 -0.691641 -0.517729   1.66571
        0         0         0         1

 0.339837 -0.709527  0.617319   1.22388
-0.794305  0.134924  0.592346   0.57417
-0.503577 -0.691641 -0.517729   1.66571
        0         0         0         1

 0.315059 -0.726657  0.610498   1.23402
-0.789621  0.156173  0.593388  0.554451
-0.526533 -0.669014 -0.524579   1.63269
        0         0         0         1

 0.315059 -0.726657  0.610498   1.23402
-0.789621  0.156173  0.593388  0.554451
-0.526533 -0.669014 -0.524579   1.63269
        0         0         0         1

 0.304497 -0.733732  0.607387   1.23892
-0.782942  0.170367  0.598312  0.542536
-0.542479 -0.657733 -0.522593   1.61141
        0         0         0         1

 0.304497 -0.733732  0.607387   1.23892
-0.782942  0.170367  0.598312  0.542536
-0.542479 -0.657733 -0.522593   1.61141
        0         0         0         1

 0.298175 -0.737881  0.605494   1.24285
-0.774736  0.183455  0.605085  0.531631
-0.557562  -0.64952 -0.516961   1.59116
        0         0         0         1

 0.298175 -0.737881  0.605494   1.24285
-0.774736  0.183455  0.605085  0.531631
-0.557562  -0.64952 -0.516961   1.59116
        0         0         0         1

 0.284274 -0.742844  0.606112    1.2497
-0.765139  0.205163  0.610304  0.516669
-0.577712 -0.637253 -0.510056   1.56293
        0         0         0         1

 0.284274 -0.742844  0.606112    1.2497
-0.765139  0.205163  0.610304  0.516669
-0.577712 -0.637253 -0.510056   1.56293
        0         0         0         1

 0.275337 -0.747582  0.604409   1.25281
-0.760336  0.215388  0.612778  0.508092
-0.588284 -0.628275 -0.509109   1.54539
        0         0         0         1

 0.275337 -0.747582  0.604409   1.25281
-0.760336  0.215388  0.612778  0.508092
-0.588284 -0.628275 -0.509109   1.54539
        0         0         0         1

 0.259281 -0.757274  0.599424   1.25752
-0.755174  0.227941  0.614618  0.497166
-0.602067 -0.612028 -0.512773   1.52059
        0         0         0         1

 0.259281 -0.757274  0.599424   1.25752
-0.755174  0.227941  0.614618  0.497166
-0.602067 -0.612028 -0.512773   1.52059
        0         0         0         1

 0.251965 -0.761119  0.597671    1.2595
-0.749939  0.236772  0.617682  0.491039
-0.611641 -0.603851 -0.511135   1.50643
        0         0         0         1

 0.251965 -0.761119  0.597671    1.2595
-0.749939  0.236772  0.617682  0.491039
-0.611641 -0.603851 -0.511135   1.50643
        0         0         0         1

  0.24446 -0.762809  0.598633     1.262
-0.746794  0.245675  0.618015  0.485945
-0.618497 -0.598135 -0.509604   1.49259
        0         0         0         1

  0.24446 -0.762809  0.598633     1.262
-0.746794  0.245675  0.618015  0.485945
-0.618497 -0.598135 -0.509604   1.49259
        0         0         0         1

 0.235213 -0.761613  0.603838   1.26591
-0.742314  0.260276  0.617436  0.479754
-0.627412 -0.593466 -0.504136   1.47513
        0         0         0         1

 0.235213 -0.761613  0.603838   1.26591
-0.742314  0.260276  0.617436  0.479754
-0.627412 -0.593466 -0.504136   1.47513
        0         0         0         1

 0.229892 -0.759545  0.608475   1.26814
-0.740598  0.269093  0.615713  0.476653
-0.631398 -0.592183 -0.500655   1.46415
        0         0         0         1

 0.229892 -0.759545  0.608475   1.26814
-0.740598  0.269093  0.615713  0.476653
-0.631398 -0.592183 -0.500655   1.46415
        0         0         0         1

  0.22042 -0.760248  0.611096   1.27141
-0.738841  0.278893  0.613459   0.47324
-0.636811 -0.586722 -0.500229   1.44987
        0         0         0         1

  0.22042 -0.760248  0.611096   1.27141
-0.738841  0.278893  0.613459   0.47324
-0.636811 -0.586722 -0.500229   1.44987
        0         0         0         1

 0.212975 -0.766257  0.606211   1.27325
-0.739431  0.279153   0.61263   0.47151
-0.638658 -0.578726 -0.507141   1.44197
        0         0         0         1

 0.212975 -0.766257  0.606211   1.27325
-0.739431  0.279153   0.61263   0.47151
-0.638658 -0.578726 -0.507141   1.44197
        0         0         0         1

 0.201808 -0.775808  0.597826   1.27587
-0.741524  0.277737   0.61074  0.470197
-0.639856 -0.566555 -0.519231    1.4345
        0         0         0         1

 0.201808 -0.775808  0.597826   1.27587
-0.741524  0.277737   0.61074  0.470197
-0.639856 -0.566555 -0.519231    1.4345
        0         0         0         1

 0.194166 -0.783442  0.590355   1.27752
-0.742547  0.275883  0.610338  0.469176
-0.641033 -0.556873 -0.528176   1.42415
        0         0         0         1

 0.194166 -0.783442  0.590355   1.27752
-0.742547  0.275883  0.610338  0.469176
-0.641033 -0.556873 -0.528176   1.42415
        0         0         0         1

 0.189183 -0.786572  0.587804   1.27797
-0.742431  0.277198  0.609883  0.468732
-0.642655 -0.551784 -0.531535   1.41815
        0         0         0         1

 0.189183 -0.786572  0.587804   1.27797
-0.742431  0.277198  0.609883  0.468732
-0.642655 -0.551784 -0.531535   1.41815
        0         0         0         1

 0.179963  -0.78885  0.587647   1.27778
-0.741531  0.283733  0.607969  0.468598
-0.646331 -0.545171 -0.533895   1.40906
        0         0         0         1

 0.179963  -0.78885  0.587647   1.27778
-0.741531  0.283733  0.607969  0.468598
-0.646331 -0.545171 -0.533895   1.40906
        0         0         0         1

 0.170506 -0.790962  0.587627   1.27842
-0.741393  0.289838  0.605252   0.46852
-0.649048 -0.538862 -0.536995   1.40357
        0         0         0         1

 0.170506 -0.790962  0.587627   1.27842
-0.741393  0.289838  0.605252   0.46852
-0.649048 -0.538862 -0.536995   1.40357
        0         0         0         1

 0.164816 -0.795424  0.583212   1.27702
-0.742669  0.289027  0.604074  0.468788
-0.649059 -0.532694 -0.543101   1.39859
        0         0         0         1

 0.164816 -0.795424  0.583212   1.27702
-0.742669  0.289027  0.604074  0.468788
-0.649059 -0.532694 -0.543101   1.39859
        0         0         0         1

  0.15385 -0.808239    0.5684   1.27591
 -0.74815   0.28048  0.601334   0.46872
-0.645447 -0.517764 -0.561532    1.3931
        0         0         0         1

  0.15385 -0.808239    0.5684   1.27591
 -0.74815   0.28048  0.601334   0.46872
-0.645447 -0.517764 -0.561532    1.3931
        0         0         0         1

 0.152776 -0.810509  0.565451   1.27477
 -0.75117  0.276565  0.599379  0.468529
-0.642186 -0.516321 -0.566578   1.38974
        0         0         0         1

 0.152776 -0.810509  0.565451   1.27477
 -0.75117  0.276565  0.599379  0.468529
-0.642186 -0.516321 -0.566578   1.38974
        0         0         0         1

 0.157605 -0.796279  0.584038    1.2741
-0.749176  0.288895  0.596049  0.467701
-0.643347 -0.531488 -0.551022   1.38804
        0         0         0         1

 0.157605 -0.796279  0.584038    1.2741
-0.749176  0.288895  0.596049  0.467701
-0.643347 -0.531488 -0.551022   1.38804
        0         0         0         1

 0.157549 -0.794379  0.586634   1.27343
 -0.75185  0.288651  0.592791     0.467
-0.640234 -0.534455 -0.551778   1.38685
        0         0         0         1

 0.157549 -0.794379  0.586634   1.27343
 -0.75185  0.288651  0.592791     0.467
-0.640234 -0.534455 -0.551778   1.38685
        0         0         0         1

 0.159921   -0.7927  0.588261   1.27262
-0.753461  0.286986  0.591553  0.466085
-0.637747 -0.537834 -0.551374    1.3865
        0         0         0         1

 0.159921   -0.7927  0.588261   1.27262
-0.753461  0.286986  0.591553  0.466085
-0.637747 -0.537834 -0.551374    1.3865
        0         0         0         1

 0.162435 -0.792558  0.587764   1.27242
-0.754242  0.284329  0.591841  0.464586
-0.636187 -0.539452 -0.551596   1.38663
        0         0         0         1

 0.162435 -0.792558  0.587764   1.27242
-0.754242  0.284329  0.591841  0.464586
-0.636187 -0.539452 -0.551596   1.38663
        0         0         0         1

 0.163698 -0.795641  0.583231   1.27262
-0.754621  0.279805  0.593512  0.463704
-0.635413 -0.537275 -0.554604   1.38675
        0         0         0         1

 0.163698 -0.795641  0.583231   1.27262
-0.754621  0.279805  0.593512  0.463704
-0.635413 -0.537275 -0.554604   1.38675
        0         0         0         1

 0.165375 -0.800693  0.575796   1.27234
-0.755393  0.272517  0.595916  0.463265
 -0.63406 -0.533502 -0.559771   1.38655
        0         0         0         1

 0.165375 -0.800693  0.575796   1.27234
-0.755393  0.272517  0.595916  0.463265
 -0.63406 -0.533502 -0.559771   1.38655
        0         0         0         1

 0.168492 -0.805634  0.567947    1.2712
-0.756204  0.263939  0.598741  0.463008
 -0.63227 -0.530367 -0.564752   1.38626
        0         0         0         1

 0.168492 -0.805634  0.567947    1.2712
-0.756204  0.263939  0.598741  0.463008
 -0.63227 -0.530367 -0.564752   1.38626
        0         0         0         1

 0.168904 -0.804028  0.570097   1.26994
-0.756205  0.265264  0.598154  0.463125
-0.632159 -0.532141 -0.563206   1.38646
        0         0         0         1

 0.168904 -0.804028  0.570097   1.26994
-0.756205  0.265264  0.598154  0.463125
-0.632159 -0.532141 -0.563206   1.38646
        0         0         0         1

 0.167669 -0.801856   0.57351   1.26853
-0.757181  0.267797  0.595787  0.464033
-0.631319 -0.534146 -0.562249   1.38766
        0         0         0         1

 0.167669 -0.801856   0.57351   1.26853
-0.757181  0.267797  0.595787  0.464033
-0.631319 -0.534146 -0.562249   1.38766
        0         0         0         1

 0.165678 -0.803012  0.572471   1.26788
-0.759539   0.26635  0.593429  0.465609
-0.629008 -0.533132 -0.565791   1.38873
        0         0         0         1

 0.165678 -0.803012  0.572471   1.26788
-0.759539   0.26635  0.593429  0.465609
-0.629008 -0.533132 -0.565791   1.38873
        0         0         0         1

 0.162879 -0.803771  0.572209   1.26667
-0.761804    0.2661  0.590632  0.467907
-0.626998 -0.532112 -0.568974   1.39164
        0         0         0         1

 0.162879 -0.803771  0.572209   1.26667
-0.761804    0.2661  0.590632  0.467907
-0.626998 -0.532112 -0.568974   1.39164
        0         0         0         1

 0.160588 -0.803025    0.5739   1.26431
-0.766369  0.264974  0.585207  0.471647
-0.622005 -0.533797 -0.572862   1.39859
        0         0         0         1

 0.160588 -0.803025    0.5739   1.26431
-0.766369  0.264974  0.585207  0.471647
-0.622005 -0.533797 -0.572862   1.39859
        0         0         0         1

 0.161509 -0.801065  0.576377   1.26239
-0.769629  0.263339  0.581656  0.474504
-0.617727 -0.537539 -0.573991   1.40479
        0         0         0         1

 0.161509 -0.801065  0.576377   1.26239
-0.769629  0.263339  0.581656  0.474504
-0.617727 -0.537539 -0.573991   1.40479
        0         0         0         1

 0.164956 -0.796361  0.581892    1.2597
-0.777919  0.257636  0.573119  0.479358
-0.606326 -0.547205 -0.577006   1.41578
        0         0         0         1

 0.164956 -0.796361  0.581892    1.2597
-0.777919  0.257636  0.573119  0.479358
-0.606326 -0.547205 -0.577006   1.41578
        0         0         0         1

 0.170818 -0.791827  0.586371   1.25679
  -0.7828  0.252349  0.568809  0.482737
-0.598369 -0.556174 -0.576737   1.42543
        0         0         0         1

 0.170818 -0.791827  0.586371   1.25679
  -0.7828  0.252349  0.568809  0.482737
-0.598369 -0.556174 -0.576737   1.42543
        0         0         0         1

 0.176279 -0.787309  0.590821   1.25429
-0.788389  0.246459  0.563649  0.486244
-0.589379 -0.565157 -0.577261   1.43669
        0         0         0         1

 0.176279 -0.787309  0.590821   1.25429
-0.788389  0.246459  0.563649  0.486244
-0.589379 -0.565157 -0.577261   1.43669
        0         0         0         1

 0.184505 -0.782281  0.594974   1.25101
-0.798765  0.233368  0.554539  0.491967
-0.572653  -0.57756 -0.581801   1.45544
        0         0         0         1

 0.184505 -0.782281  0.594974   1.25101
-0.798765  0.233368  0.554539  0.491967
-0.572653  -0.57756 -0.581801   1.45544
        0         0         0         1

 0.192009 -0.780667   0.59472   1.24846
-0.805337  0.220987  0.550089  0.496171
-0.560861 -0.584572 -0.586268   1.46992
        0         0         0         1

 0.192009 -0.780667   0.59472   1.24846
-0.805337  0.220987  0.550089  0.496171
-0.560861 -0.584572 -0.586268   1.46992
        0         0         0         1

  0.20492 -0.782432  0.588054   1.24364
-0.813283  0.198171  0.547082  0.502581
 -0.54459 -0.590362  -0.59573   1.49505
        0         0         0         1

  0.20492 -0.782432  0.588054   1.24364
-0.813283  0.198171  0.547082  0.502581
 -0.54459 -0.590362  -0.59573   1.49505
        0         0         0         1

 0.216373 -0.784226  0.581526   1.23953
-0.816725  0.180958  0.547918  0.507471
-0.534923 -0.593502 -0.601342   1.51407
        0         0         0         1

 0.216373 -0.784226  0.581526   1.23953
-0.816725  0.180958  0.547918  0.507471
-0.534923 -0.593502 -0.601342   1.51407
        0         0         0         1

 0.225515 -0.785352  0.576511   1.23662
  -0.8215  0.164816  0.545869  0.513348
-0.523717 -0.596706 -0.607999   1.53383
        0         0         0         1

 0.225515 -0.785352  0.576511   1.23662
  -0.8215  0.164816  0.545869  0.513348
-0.523717 -0.596706 -0.607999   1.53383
        0         0         0         1

 0.240404  -0.78451  0.571621   1.23086
-0.830628  0.138447  0.539342  0.524275
-0.502258 -0.604464 -0.618352   1.56548
        0         0         0         1

 0.240404  -0.78451  0.571621   1.23086
-0.830628  0.138447  0.539342  0.524275
-0.502258 -0.604464 -0.618352   1.56548
        0         0         0         1

 0.251912 -0.781409  0.570912   1.22649
-0.834949  0.122773  0.536457  0.532187
-0.489285 -0.611823 -0.621509   1.58858
        0         0         0         1

 0.251912 -0.781409  0.570912   1.22649
-0.834949  0.122773  0.536457  0.532187
-0.489285 -0.611823 -0.621509   1.58858
        0         0         0         1

 0.273877 -0.776279  0.567787   1.21858
-0.839082 0.0956618  0.535528  0.546966
-0.470035 -0.623089 -0.625162   1.62461
        0         0         0         1

 0.273877 -0.776279  0.567787   1.21858
-0.839082 0.0956618  0.535528  0.546966
-0.470035 -0.623089 -0.625162   1.62461
        0         0         0         1

 0.285709 -0.773915  0.565178   1.21487
-0.841894 0.0790383  0.533824  0.558706
-0.457805 -0.628338 -0.628973   1.64974
        0         0         0         1

 0.285709 -0.773915  0.565178   1.21487
-0.841894 0.0790383  0.533824  0.558706
-0.457805 -0.628338 -0.628973   1.64974
        0         0         0         1

  0.30316 -0.771972  0.558707   1.20779
-0.848295  0.048495  0.527299  0.579884
-0.434154 -0.633805 -0.640158   1.68777
        0         0         0         1

  0.30316 -0.771972  0.558707   1.20779
-0.848295  0.048495  0.527299  0.579884
-0.434154 -0.633805 -0.640158   1.68777
        0         0         0         1

 0.316812 -0.769088  0.555098   1.20121
-0.851971 0.0264688   0.52292  0.595601
-0.416864 -0.638594 -0.646855   1.71462
        0         0         0         1

 0.316812 -0.769088  0.555098   1.20121
-0.851971 0.0264688   0.52292  0.595601
-0.416864 -0.638594 -0.646855   1.71462
        0         0         0         1

  0.327229  -0.768521   0.549816    1.19578
 -0.855711 0.00582137   0.517422   0.612828
  -0.40085  -0.639798  -0.655726    1.74128
         0          0          0          1

  0.327229  -0.768521   0.549816    1.19578
 -0.855711 0.00582137   0.517422   0.612828
  -0.40085  -0.639798  -0.655726    1.74128
         0          0          0          1

  0.346188  -0.766816   0.540506    1.18587
 -0.858798 -0.0271058   0.511596   0.641589
 -0.377649  -0.641294  -0.667924    1.78229
         0          0          0          1

  0.346188  -0.766816   0.540506    1.18587
 -0.858798 -0.0271058   0.511596   0.641589
 -0.377649  -0.641294  -0.667924    1.78229
         0          0          0          1

  0.353925  -0.768517   0.533027     1.1811
 -0.862684 -0.0481096    0.50345   0.663307
 -0.361266  -0.638018  -0.680014    1.80948
         0          0          0          1

  0.353925  -0.768517   0.533027     1.1811
 -0.862684 -0.0481096    0.50345   0.663307
 -0.361266  -0.638018  -0.680014    1.80948
         0          0          0          1

  0.366483  -0.770069   0.522192    1.17007
 -0.869377 -0.0834733   0.487047   0.698965
 -0.331471  -0.632477  -0.700072    1.84987
         0          0          0          1

  0.366483  -0.770069   0.522192    1.17007
 -0.869377 -0.0834733   0.487047   0.698965
 -0.331471  -0.632477  -0.700072    1.84987
         0          0          0          1

 0.373448 -0.771807  0.514636   1.16266
-0.872549   -0.1039   0.47735  0.723756
-0.314951 -0.627311 -0.712241   1.87739
        0         0         0         1

 0.373448 -0.771807  0.514636   1.16266
-0.872549   -0.1039   0.47735  0.723756
-0.314951 -0.627311 -0.712241   1.87739
        0         0         0         1

 0.375062 -0.777194  0.505271   1.15935
-0.876055 -0.118965  0.467305  0.749792
-0.303077 -0.617913 -0.725484   1.90481
        0         0         0         1

 0.375062 -0.777194  0.505271   1.15935
-0.876055 -0.118965  0.467305  0.749792
-0.303077 -0.617913 -0.725484   1.90481
        0         0         0         1

 0.382959 -0.782761  0.490539   1.14839
-0.878399   -0.1442  0.455655  0.792203
-0.285933 -0.605386 -0.742799   1.94283
        0         0         0         1

 0.382959 -0.782761  0.490539   1.14839
-0.878399   -0.1442  0.455655  0.792203
-0.285933 -0.605386 -0.742799   1.94283
        0         0         0         1

 0.385446  -0.78722  0.481369   1.14252
-0.881527 -0.160006  0.444193  0.822347
-0.272656 -0.595552  -0.75563   1.96685
        0         0         0         1

 0.385446  -0.78722  0.481369   1.14252
-0.881527 -0.160006  0.444193  0.822347
-0.272656 -0.595552  -0.75563   1.96685
        0         0         0         1

 0.387951 -0.789939  0.474858   1.13536
-0.884651 -0.174571  0.432341  0.854157
-0.258627  -0.58781 -0.766545    1.9886
        0         0         0         1

 0.387951 -0.789939  0.474858   1.13536
-0.884651 -0.174571  0.432341  0.854157
-0.258627  -0.58781 -0.766545    1.9886
        0         0         0         1

 0.392129 -0.790052  0.471225   1.12102
-0.886987 -0.188903  0.421391  0.902031
-0.243905  -0.58321 -0.774839   2.02324
        0         0         0         1

 0.392129 -0.790052  0.471225   1.12102
-0.886987 -0.188903  0.421391  0.902031
-0.243905  -0.58321 -0.774839   2.02324
        0         0         0         1

  0.38994 -0.793801  0.466718   1.11718
-0.889651 -0.193964    0.4134  0.935575
-0.237631 -0.576418  -0.78184   2.04305
        0         0         0         1

  0.38994 -0.793801  0.466718   1.11718
-0.889651 -0.193964    0.4134  0.935575
-0.237631 -0.576418  -0.78184   2.04305
        0         0         0         1

 0.391683 -0.794204  0.464569   1.10642
-0.893543 -0.207898  0.397945  0.990038
-0.219466  -0.57098 -0.791085   2.06558
        0         0         0         1

 0.391683 -0.794204  0.464569   1.10642
-0.893543 -0.207898  0.397945  0.990038
-0.219466  -0.57098 -0.791085   2.06558
        0         0         0         1

 0.392005 -0.793172  0.466058   1.09574
-0.896031 -0.214385  0.388803   1.02632
-0.208472 -0.570016 -0.794746   2.07931
        0         0         0         1

 0.392005 -0.793172  0.466058   1.09574
-0.896031 -0.214385  0.388803   1.02632
-0.208472 -0.570016 -0.794746   2.07931
        0         0         0         1

 0.392074 -0.792765  0.466693   1.08674
-0.896614 -0.215806  0.386668   1.05921
-0.205821 -0.570046 -0.795415   2.10061
        0         0         0         1

 0.392074 -0.792765  0.466693   1.08674
-0.896614 -0.215806  0.386668   1.05921
-0.205821 -0.570046 -0.795415   2.10061
        0         0         0         1

 0.387114 -0.795149  0.466777   1.07877
-0.902462 -0.223008  0.368551   1.11647
-0.188958  -0.56392 -0.803921   2.11535
        0         0         0         1

 0.387114 -0.795149  0.466777   1.07877
-0.902462 -0.223008  0.368551   1.11647
-0.188958  -0.56392 -0.803921   2.11535
        0         0         0         1

 0.386583 -0.795291  0.466975   1.07025
-0.905446 -0.231059   0.35606   1.15743
-0.175273 -0.560468 -0.809417   2.12578
        0         0         0         1

 0.386583 -0.795291  0.466975   1.07025
-0.905446 -0.231059   0.35606   1.15743
-0.175273 -0.560468 -0.809417   2.12578
        0         0         0         1

 0.389929 -0.790425  0.472424   1.04955
  -0.9066 -0.239636  0.347348   1.21372
-0.161343 -0.563741  -0.81004    2.1365
        0         0         0         1

