-0.451809 -0.627023  0.634596  0.281589
-0.860876  0.493027 -0.125769   1.06293
-0.234013 -0.603131 -0.762542   2.19016
        0         0         0         1

-0.432181 -0.623442  0.651568  0.268241
-0.864136  0.492907 -0.101547   1.03364
-0.257853  -0.60693 -0.751763   2.16471
        0         0         0         1

 -0.430768  -0.626557   0.649512   0.274382
 -0.860306   0.502501 -0.0858287    1.01596
 -0.272603  -0.595751  -0.755492    2.16105
         0          0          0          1

 -0.416124  -0.630961   0.654774     0.2677
 -0.860088   0.506812 -0.0582246   0.989754
  -0.29511  -0.587392  -0.753579     2.1438
         0          0          0          1

 -0.411966  -0.630336   0.657998   0.272574
  -0.85646    0.51438 -0.0434649   0.974413
 -0.311064  -0.581455  -0.751764    2.12983
         0          0          0          1

 -0.381261  -0.629457    0.67707   0.266165
 -0.853854   0.520504 0.00309264   0.932561
 -0.354364   -0.57694  -0.735912    2.08702
         0          0          0          1

-0.369732 -0.631682  0.681378  0.264271
-0.852082  0.522928 0.0224281  0.913287
-0.370479 -0.572298 -0.731588   2.07504
        0         0         0         1

-0.366093 -0.631122  0.683857  0.271323
-0.845887  0.531997 0.0381402  0.895283
-0.387881 -0.564503 -0.728618   2.05758
        0         0         0         1

-0.357656 -0.627941   0.69121  0.273092
-0.843803  0.534421 0.0488911  0.883327
-0.400098 -0.565759 -0.720998   2.03751
        0         0         0         1

-0.336682 -0.631204  0.698733  0.276652
-0.833258  0.545325 0.0911196  0.845107
-0.438551 -0.551546 -0.709556   2.00597
        0         0         0         1

-0.327972 -0.632044  0.702107  0.277149
-0.829263  0.548616    0.1065  0.830827
  -0.4525 -0.547303 -0.704062   1.98964
        0         0         0         1

-0.326561 -0.628382  0.706041  0.287161
-0.821326  0.558325   0.11703  0.818882
 -0.46774 -0.541673 -0.698434   1.96652
        0         0         0         1

-0.319273 -0.628654  0.709125  0.289759
-0.817044  0.561705  0.130101  0.805813
-0.480108 -0.537849 -0.692975   1.95221
        0         0         0         1

-0.312039  -0.63274  0.708712  0.292111
-0.807317  0.569854  0.153314   0.78521
 -0.50087 -0.524315 -0.688638   1.94042
        0         0         0         1

-0.307318 -0.626357  0.716403  0.296858
-0.802221  0.575465  0.159002  0.776508
-0.511857 -0.525849 -0.679327    1.9208
        0         0         0         1

-0.291203 -0.624165  0.724995  0.302733
-0.787261  0.586915  0.189076  0.746681
-0.543526 -0.515701 -0.662293   1.88516
        0         0         0         1

-0.289541 -0.618632  0.730384  0.309291
-0.782732  0.592224  0.191317   0.73931
-0.550906   -0.5163 -0.655696    1.8669
        0         0         0         1

-0.284132 -0.615042  0.735521   0.31528
-0.772833   0.60094  0.203961  0.727186
-0.567449 -0.510484 -0.646071      1.85
        0         0         0         1

-0.278822 -0.608901  0.742629  0.319141
-0.766033   0.60739  0.210407  0.718135
-0.579183 -0.510212 -0.635792   1.83474
        0         0         0         1

-0.272041 -0.601449  0.751167   0.33375
-0.748994  0.622435  0.227121  0.699451
-0.604154 -0.500833 -0.619809   1.80159
        0         0         0         1

-0.261208 -0.601567  0.754909  0.332864
-0.745043  0.622892  0.238572  0.687553
-0.613744 -0.500123 -0.610897   1.78653
        0         0         0         1

-0.258305 -0.597042  0.759486  0.340082
-0.733601  0.632748   0.24791   0.67726
-0.628576 -0.493123 -0.601433   1.77214
        0         0         0         1

-0.254188 -0.590824  0.765713  0.345351
-0.727426  0.638544  0.251223  0.670904
 -0.63737 -0.493141  -0.59209   1.75714
        0         0         0         1

-0.248431 -0.585383  0.771757  0.350502
-0.719174  0.645201  0.257885    0.6619
  -0.6489 -0.490961  -0.58128   1.73958
        0         0         0         1

-0.239999 -0.582772  0.776388   0.35187
-0.714087  0.647764  0.265484     0.654
-0.657632 -0.490693 -0.571612   1.72562
        0         0         0         1

 -0.23624  -0.57313  0.784674  0.366352
-0.696464  0.662986  0.274566  0.640989
 -0.67759 -0.481634 -0.555788   1.69979
        0         0         0         1

 -0.23368 -0.570808  0.787129  0.372393
-0.691659  0.666561  0.278037   0.63705
-0.683375 -0.479453 -0.550567   1.68809
        0         0         0         1

-0.228457 -0.570666  0.788764  0.377316
 -0.68337  0.671051   0.28757  0.628744
-0.693407  -0.47332 -0.543281   1.67531
        0         0         0         1

-0.225179 -0.570359  0.789928   0.38274
 -0.67802  0.673968  0.293353  0.624069
-0.699703 -0.469529 -0.538478   1.66447
        0         0         0         1

-0.215511 -0.572835  0.790832  0.394876
-0.668015  0.677197  0.308482  0.613984
-0.712258 -0.461806 -0.528606   1.63952
        0         0         0         1

-0.211304 -0.577406   0.78864  0.398773
-0.662603  0.677779  0.318704   0.60885
-0.718546 -0.455212 -0.525808   1.63194
        0         0         0         1

-0.205048 -0.577807  0.789996  0.404633
-0.658645  0.678502  0.325304  0.604447
-0.723977 -0.453624 -0.519695   1.61883
        0         0         0         1

-0.202787 -0.581186  0.788099  0.409835
 -0.65459  0.679027  0.332317  0.601525
-0.728278 -0.448492 -0.518136   1.61094
        0         0         0         1

-0.200281 -0.583862  0.786761  0.416229
 -0.65102  0.679417  0.338476  0.598467
-0.732162 -0.444407  -0.51618   1.60082
        0         0         0         1

-0.195706 -0.590993  0.782577  0.419008
-0.647445  0.677234  0.349527  0.593297
-0.736556  -0.43827 -0.515174   1.59456
        0         0         0         1

-0.192541 -0.599184  0.777114  0.431098
-0.640705  0.676592  0.362934  0.589017
-0.743253 -0.428021 -0.514172   1.57923
        0         0         0         1

-0.193278  -0.60329  0.773747   0.43593
-0.637496  0.676685  0.368368  0.587165
-0.745816 -0.422063 -0.515384   1.57436
        0         0         0         1

-0.188492 -0.610413  0.769329  0.439721
-0.636049  0.672753  0.377949  0.583478
-0.748273 -0.418091 -0.515061   1.56733
        0         0         0         1

-0.186108 -0.614495  0.766655  0.443857
-0.632932  0.671798  0.384818  0.581269
-0.751506 -0.413623  -0.51396   1.56298
        0         0         0         1

-0.179467  -0.62603  0.758866  0.453188
 -0.62989  0.665658  0.400173  0.577618
-0.755665 -0.406185 -0.513794    1.5509
        0         0         0         1

-0.176487 -0.634938  0.752134  0.456027
-0.628036  0.661013  0.410649  0.575011
-0.757907 -0.399893 -0.515424   1.54828
        0         0         0         1

-0.175978 -0.644274  0.744273  0.461864
-0.629304  0.655029  0.418226  0.574327
-0.756973 -0.394776 -0.520715   1.54264
        0         0         0         1

-0.169537 -0.652676  0.738425  0.462965
-0.630204  0.647855  0.427933  0.572182
-0.757694 -0.392809 -0.521154   1.53774
        0         0         0         1

-0.167685 -0.662835  0.729747  0.466767
-0.630108  0.641352  0.437756  0.570751
-0.758185 -0.386415 -0.525203   1.53439
        0         0         0         1

-0.163955 -0.666773  0.727003  0.469433
-0.630307  0.637724  0.442742  0.569728
-0.758836 -0.385645 -0.524829   1.53107
        0         0         0         1

-0.159492 -0.675525  0.719881  0.474808
-0.632924  0.629594  0.450575  0.567236
-0.757608 -0.383767 -0.527971   1.52496
        0         0         0         1

-0.156593 -0.675484  0.720555  0.476797
 -0.63341  0.628451  0.451487  0.566788
-0.757806 -0.385707 -0.526269   1.52161
        0         0         0         1

-0.152458 -0.679023  0.718112  0.476886
-0.632128  0.625541  0.457288  0.564096
-0.759718 -0.384222 -0.524598   1.51977
        0         0         0         1

-0.151293 -0.678299  0.719042  0.478771
-0.631827  0.625779  0.457378  0.563849
  -0.7602 -0.385112 -0.523244   1.51709
        0         0         0         1

-0.146067 -0.675078  0.723142  0.480855
-0.632829  0.625618  0.456211  0.563026
-0.760389 -0.390988 -0.518592   1.51034
        0         0         0         1

-0.144954 -0.674978  0.723459  0.481518
-0.632355  0.625564  0.456943  0.562378
-0.760996 -0.391248 -0.517504   1.50967
        0         0         0         1

-0.145311 -0.673786  0.724498  0.483326
-0.630832  0.627214  0.456786  0.562072
-0.762191 -0.390661 -0.516187    1.5089
        0         0         0         1

-0.143692 -0.671888   0.72658  0.483574
-0.630486  0.628062  0.456098  0.561474
-0.762785 -0.392561 -0.513863    1.5068
        0         0         0         1

-0.143703 -0.667575  0.730543  0.484731
-0.628366  0.631851  0.453785  0.561594
 -0.76453 -0.393838  -0.51028   1.50573
        0         0         0         1

-0.142299 -0.662915  0.735047  0.484656
-0.628277  0.634323  0.450446  0.561661
-0.764865 -0.397715 -0.506758   1.50308
        0         0         0         1

-0.135934 -0.648403  0.749063  0.481879
-0.625683  0.642405  0.442534  0.559952
-0.768142  -0.40852  -0.49302   1.49896
        0         0         0         1

 -0.13396 -0.640974  0.755783  0.481718
 -0.62563  0.646158  0.437111  0.560316
-0.768532 -0.414285 -0.487572   1.49657
        0         0         0         1

-0.133736 -0.631729  0.763566  0.482165
-0.623686  0.652421  0.430538  0.560901
 -0.77015 -0.418647 -0.481253   1.49521
        0         0         0         1

-0.134321 -0.626645  0.767641  0.481636
-0.622844  0.655903  0.426446  0.560839
-0.770729  -0.42084 -0.478404   1.49533
        0         0         0         1

-0.130797 -0.615665  0.777077   0.48055
-0.624531  0.659907  0.417712   0.56107
-0.769969 -0.430673 -0.470816   1.49299
        0         0         0         1

-0.129244 -0.607877  0.783442  0.479707
-0.625527  0.663018  0.411246  0.561163
-0.769423 -0.436913 -0.465934   1.49217
        0         0         0         1

  -0.1271 -0.584224  0.801578  0.479097
-0.623871  0.675351  0.393302   0.56249
-0.771123 -0.450092 -0.450317   1.49314
        0         0         0         1

-0.124018 -0.576069  0.807938  0.478405
-0.622725  0.679107  0.388622  0.562605
 -0.77255 -0.454927 -0.442954   1.49382
        0         0         0         1

-0.116841 -0.567432  0.815088  0.475448
-0.624073  0.680386  0.384198  0.561742
-0.772581 -0.463784 -0.433616   1.49341
        0         0         0         1

-0.117147 -0.559527  0.820491  0.474634
-0.623281  0.684632  0.377889  0.562329
-0.773174 -0.467128 -0.428945   1.49356
        0         0         0         1

-0.116485 -0.539496  0.833892  0.472147
-0.622262  0.694032  0.362089   0.56431
-0.774094 -0.476722 -0.416552   1.49309
        0         0         0         1

-0.115793 -0.532333  0.838578  0.471428
-0.620115  0.698255  0.357628  0.565629
-0.775918 -0.478604 -0.410961   1.49383
        0         0         0         1

-0.112534 -0.525426  0.843364  0.469405
-0.617914  0.701687  0.354708  0.566719
-0.778151  -0.48121 -0.403632   1.49521
        0         0         0         1

-0.112114  -0.52019   0.84666  0.468509
-0.620535  0.702128  0.349218   0.56901
-0.776123  -0.48623 -0.401514   1.49488
        0         0         0         1

-0.113401 -0.518226  0.847692  0.466686
-0.622062  0.702306  0.346129  0.571798
-0.774712 -0.488066 -0.402011   1.49618
        0         0         0         1

-0.114562 -0.516831  0.848387  0.465852
-0.623906  0.702006  0.343408  0.574441
-0.773057 -0.489972 -0.402877   1.49772
        0         0         0         1

-0.116785 -0.515011  0.849191  0.463855
-0.626586  0.701601  0.339331  0.580458
-0.770552 -0.492463 -0.404635   1.50479
        0         0         0         1

-0.113538 -0.513627  0.850468  0.462464
-0.630178  0.699009  0.338026  0.582866
-0.768105 -0.497567 -0.403041   1.50668
        0         0         0         1

-0.109516 -0.512412  0.851728  0.460507
-0.633856  0.696052  0.337253  0.586011
-0.765659 -0.502938 -0.401024   1.51166
        0         0         0         1

 -0.10497  -0.51019  0.853632  0.458825
-0.638426  0.692711  0.335506   0.58846
-0.762492 -0.509763 -0.398432   1.51396
        0         0         0         1

-0.0927405 -0.507031  0.856924  0.454073
-0.652307  0.681161  0.332439  0.594175
 -0.75226 -0.528147 -0.393911   1.52259
        0         0         0         1

-0.0882649 -0.506455  0.857737  0.452481
-0.657085  0.676774  0.331988  0.596781
-0.748631 -0.534303 -0.392519   1.52807
        0         0         0         1

-0.0839654  -0.50577  0.858572  0.450693
-0.664895  0.670196  0.329776  0.600572
-0.742203  -0.54317 -0.392557   1.53429
        0         0         0         1

-0.081049 -0.505024  0.859291  0.449164
 -0.67334  0.663392   0.32638  0.603999
-0.734877 -0.552143  -0.39382   1.53942
        0         0         0         1

-0.0803762 -0.504311  0.859773  0.448771
-0.679984  0.658427   0.32264  0.609174
-0.728808 -0.558699 -0.395845    1.5489
        0         0         0         1

-0.0752186 -0.502455  0.861325  0.446662
-0.688591  0.650928  0.319586  0.612465
-0.721238 -0.569062 -0.394948   1.55404
        0         0         0         1

-0.0662463 -0.503902  0.861217  0.440548
-0.708333  0.631648  0.315094  0.620985
-0.702763 -0.589154 -0.398775   1.57174
        0         0         0         1

-0.0650682 -0.500826  0.863099  0.439935
-0.717928  0.624226  0.308093  0.626861
 -0.69307 -0.599596 -0.400174   1.57809
        0         0         0         1

-0.0576122 -0.500439  0.863853  0.435637
-0.729798  0.611554  0.305608  0.632136
-0.681231 -0.612832 -0.400452   1.58679
        0         0         0         1

-0.0503969 -0.501437  0.863725  0.430936
-0.738622  0.600816  0.305707  0.635164
-0.672233  -0.62256 -0.400651   1.59432
        0         0         0         1

-0.0430819 -0.506318   0.86127  0.425135
-0.758716  0.577443  0.301511  0.646095
-0.649995  -0.64047 -0.409029   1.61796
        0         0         0         1

-0.0434549 -0.507888  0.860326  0.425056
-0.765356  0.570418  0.298084  0.651774
-0.642139 -0.645503 -0.413502   1.62939
        0         0         0         1

-0.0379886 -0.513021  0.857535  0.418231
-0.775327  0.556518  0.298591   0.65724
-0.630417 -0.653527   -0.4189   1.64487
        0         0         0         1

-0.0392843  -0.51718  0.854974  0.418714
  -0.7829   0.54761  0.295281  0.663285
-0.620906 -0.657759 -0.426413   1.65738
        0         0         0         1

-0.0318017 -0.523373   0.85151  0.412316
-0.792745  0.532067  0.297423  0.668784
-0.608723 -0.665572 -0.431822   1.67288
        0         0         0         1

-0.027322 -0.528419  0.848544  0.408102
-0.798361  0.522366   0.29959  0.672785
-0.601559 -0.669259 -0.436141   1.68621
        0         0         0         1

-0.019148  -0.52955  0.848063  0.400274
-0.823285  0.489638  0.287152  0.691596
-0.567305 -0.692699 -0.445346    1.7086
        0         0         0         1

-0.0193383  -0.53366  0.845478  0.398512
-0.830597  0.479291  0.283527  0.699608
-0.556537 -0.696769 -0.452525   1.72172
        0         0         0         1

-0.0210044  -0.53498  0.844603  0.397899
-0.841923  0.465067   0.27364  0.712347
-0.539189 -0.705343 -0.460181   1.73845
        0         0         0         1

-0.021155 -0.539022  0.842026  0.396803
-0.850653   0.45222  0.268116  0.721188
-0.525302   -0.7106 -0.468087   1.75028
        0         0         0         1

-0.0183638 -0.545666  0.837801  0.387858
-0.868878  0.423298  0.256652  0.740973
-0.494686 -0.723234 -0.481891    1.7836
        0         0         0         1

-0.0150567 -0.551693  0.833912  0.382696
 -0.87419  0.412095  0.256847  0.747087
-0.485351  -0.72513 -0.488489   1.80127
        0         0         0         1

-0.0203911 -0.557563  0.829884  0.383639
-0.884542  0.396959  0.244966   0.76157
-0.466014 -0.729073 -0.501283   1.81895
        0         0         0         1

-0.016625 -0.560666  0.827875  0.378273
-0.891689  0.382901  0.241408  0.770385
-0.452344 -0.734193 -0.506305   1.83204
        0         0         0         1

-0.0223213 -0.562279  0.826646  0.377748
-0.900824  0.369933  0.227302  0.785474
-0.433611 -0.739589 -0.514772   1.85116
        0         0         0         1

-0.0208853 -0.566518  0.823785  0.372523
-0.905821  0.359455  0.224233  0.793763
-0.423146 -0.741518 -0.520671   1.86781
        0         0         0         1

-0.0307374 -0.575111  0.817498  0.371805
-0.920068  0.335855  0.201681  0.822734
 -0.39055 -0.745955 -0.539464   1.90468
        0         0         0         1

-0.0317124  -0.57644  0.816524  0.368172
-0.926913  0.322595  0.191742  0.834371
-0.373934 -0.750766  -0.54454   1.91785
        0         0         0         1

-0.0387793 -0.579605  0.813974   0.36991
-0.933672  0.311249  0.177148  0.852363
-0.356024 -0.753115 -0.553231   1.93682
        0         0         0         1

-0.0363928 -0.582714  0.811862  0.362579
-0.939646  0.296521  0.170707  0.862663
-0.340207  -0.75665 -0.558337   1.95128
        0         0         0         1

-0.0460541 -0.589597  0.806383  0.357667
-0.948989  0.277891  0.148985  0.891467
-0.311928 -0.758387 -0.572319   1.99181
        0         0         0         1

-0.0467741 -0.587546  0.807838  0.351885
-0.955088  0.263204   0.13613  0.905354
-0.292609 -0.765189 -0.573469    2.0006
        0         0         0         1

-0.0500684 -0.589369  0.806311  0.347932
 -0.96002  0.251029  0.123875  0.921848
-0.275416 -0.767873 -0.578375   2.01926
        0         0         0         1

-0.0564869 -0.589608  0.805712  0.347751
-0.965268  0.238433  0.106808  0.938655
-0.255083 -0.771695 -0.582598   2.03003
        0         0         0         1

-0.0592661 -0.589755  0.805405  0.342721
-0.968924  0.228089 0.0957186  0.953933
-0.240154 -0.774703 -0.584945    2.0512
        0         0         0         1

-0.0698648 -0.595324  0.800442  0.348457
-0.972215  0.220349 0.0790256  0.970664
-0.223423 -0.772681 -0.594178   2.06784
        0         0         0         1

-0.0821399 -0.597217  0.797862  0.342585
 -0.97969  0.195323 0.0453443   1.00668
-0.182921 -0.777933 -0.601132   2.09959
        0         0         0         1

-0.0932616 -0.598203  0.795899  0.342783
-0.980873  0.192375 0.0296542   1.02209
 -0.17085  -0.77791 -0.604703   2.11564
        0         0         0         1

-0.105643 -0.600713  0.792454   0.34394
-0.982992   0.18347 0.0080337   1.04449
-0.150218 -0.778128 -0.609878   2.13244
        0         0         0         1

 -0.10723 -0.602596  0.790809   0.33711
-0.984206   0.17702 0.0014358   1.05518
-0.140854 -0.778165 -0.612061   2.15019
        0         0         0         1

 -0.136165  -0.605039   0.784466   0.345034
 -0.986041   0.159364 -0.0482395    1.10518
 -0.095829  -0.780084  -0.618293     2.1752
         0          0          0          1

 -0.147348  -0.615695   0.774086   0.352137
 -0.985376   0.159088 -0.0610312    1.11986
-0.0855712  -0.771758  -0.630132    2.19816
         0          0          0          1

 -0.166384  -0.616645   0.769458   0.355338
 -0.983829   0.156294 -0.0874839    1.14399
-0.0663151   -0.77157  -0.632678    2.21381
         0          0          0          1

-0.183125 -0.624646  0.759133  0.369584
-0.981896  0.154259 -0.109931   1.16747
-0.0484346 -0.765521 -0.641585   2.22776
        0         0         0         1

-0.185719 -0.627972  0.755751  0.356799
-0.981982  0.145952 -0.120039   1.18252
-0.0349221 -0.764427 -0.643764   2.24834
        0         0         0         1

-0.199693 -0.634577  0.746616  0.366651
-0.979844  0.133431 -0.148665   1.20745
-0.00528277 -0.761254 -0.648432   2.25014
        0         0         0         1

