  0.362372  -0.214766   0.906952   0.891555
 -0.930371 -0.0252585   0.365747    1.06941
-0.0556419  -0.976339  -0.208965     1.8697
         0          0          0          1

   0.359608    -0.21098    0.908938    0.885885
  -0.930151 -0.00361853    0.367161     1.05462
 -0.0741747   -0.977484   -0.197545     1.87058
          0           0           0           1

  0.351841  -0.206827   0.912924   0.883964
 -0.932492 0.00762703    0.36111    1.04105
-0.0816503  -0.978348  -0.190181    1.85955
         0          0          0          1

 0.352135 -0.195699  0.915261    0.8788
-0.931737 0.0193789  0.362617    1.0302
-0.0887004 -0.980473 -0.175516   1.85292
        0         0         0         1

  0.34134 -0.185569   0.92144  0.873131
-0.933635 0.0464157  0.355205    1.0051
-0.108684 -0.981534  -0.15741   1.83789
        0         0         0         1

 0.334257 -0.182835  0.924578  0.873124
-0.934856 0.0602262  0.349882  0.994253
-0.119654 -0.981297 -0.150793   1.83185
        0         0         0         1

 0.330938 -0.181432  0.926047  0.867047
-0.935399 0.0664406  0.347297  0.982257
-0.124538 -0.981156 -0.147724   1.81982
        0         0         0         1

 0.323872 -0.184623  0.927912  0.865364
-0.936075 0.0798772  0.342613  0.971787
-0.137373 -0.979558 -0.146951    1.8148
        0         0         0         1

 0.316666  -0.18617  0.930088   0.86366
-0.936368 0.0952057  0.337861  0.959955
-0.151449 -0.977894 -0.144176   1.80847
        0         0         0         1

 0.310723  -0.18811    0.9317  0.862096
-0.936836     0.105  0.333635  0.950533
-0.160589 -0.976519 -0.143603   1.80151
        0         0         0         1

 0.308363 -0.189084  0.932287  0.854239
-0.932727  0.132456  0.335373  0.928857
-0.186901 -0.972986 -0.135519   1.78468
        0         0         0         1

 0.306068 -0.189684  0.932921  0.852502
-0.930575  0.147166  0.335221  0.920383
 -0.20088 -0.970753 -0.131472   1.77979
        0         0         0         1

 0.302081 -0.185572  0.935045  0.853735
 -0.92938  0.160942  0.332192  0.910835
-0.212134 -0.969361  -0.12385   1.77007
        0         0         0         1

 0.301808 -0.180405  0.936144   0.85188
 -0.92645  0.176189  0.332636  0.902346
-0.224948 -0.967684 -0.113961   1.76386
        0         0         0         1

  0.294918  -0.167576   0.940713   0.849191
 -0.924089   0.200423   0.325409   0.886194
 -0.243072  -0.965271 -0.0957471    1.74604
         0          0          0          1

  0.290607  -0.164744   0.942553   0.850007
 -0.922437   0.213543   0.321729   0.880023
 -0.254278  -0.962943 -0.0899086    1.74061
         0          0          0          1

  0.283279  -0.160593   0.945496   0.851667
 -0.921855   0.226261   0.314626    0.87257
 -0.264456  -0.960737 -0.0839484     1.7315
         0          0          0          1

  0.281298  -0.158213   0.946488   0.849188
 -0.919639   0.237288   0.312983   0.865341
 -0.274108  -0.958469 -0.0787503    1.72532
         0          0          0          1

  0.272515  -0.149556   0.950457     0.8464
 -0.915637   0.263122   0.303934   0.851025
 -0.295541    -0.9531 -0.0652342    1.70932
         0          0          0          1

  0.272193  -0.146906   0.950962   0.844065
 -0.913115   0.272311   0.303427   0.845512
 -0.303533  -0.950929 -0.0600209    1.70275
         0          0          0          1

 0.269334 -0.142976  0.952374  0.843434
 -0.91068  0.283845  0.300155  0.839228
-0.313242 -0.948151 -0.053756   1.69516
        0         0         0         1

  0.269275  -0.137216   0.953238   0.841275
 -0.908326   0.292755   0.298729   0.833597
 -0.320056  -0.946291 -0.0458052    1.68913
         0          0          0          1

  0.266028  -0.131966    0.95489   0.841778
 -0.905897   0.304388   0.294446   0.827169
 -0.329513  -0.943363 -0.0385716    1.68219
         0          0          0          1

  0.267023    -0.1242   0.955653   0.840002
 -0.904765   0.309132    0.29298   0.823014
 -0.331812  -0.942874 -0.0298265    1.67359
         0          0          0          1

  0.262777  -0.107434   0.958857   0.840362
 -0.902799   0.323274   0.283635   0.813669
 -0.340446  -0.940187 -0.0120423    1.65741
         0          0          0          1

   0.260418   -0.102439    0.960046    0.841876
  -0.901292    0.330757    0.279773    0.809816
  -0.346202    -0.93814 -0.00619186     1.65211
          0           0           0           1

  0.259258 -0.0940835   0.961215   0.841229
 -0.900859   0.335248   0.275793   0.805299
 -0.348193   -0.93742 0.00215992    1.64314
         0          0          0          1

   0.25678 -0.0898301   0.962286    0.84285
  -0.89972   0.341388   0.271953   0.801599
 -0.352942   -0.93562 0.00683958    1.63867
         0          0          0          1

  0.253633 -0.0775377   0.964188   0.844995
 -0.897763   0.352235   0.264486   0.793747
 -0.360129  -0.932694  0.0197281    1.62649
         0          0          0          1

  0.258654 -0.0725967   0.963238   0.842395
 -0.895616   0.355564   0.267294   0.789577
 -0.361897  -0.931828  0.0269493    1.62172
         0          0          0          1

  0.261919 -0.0662178   0.962816   0.841656
 -0.893306    0.36093   0.267833   0.784964
 -0.365244  -0.930239  0.0353815    1.61624
         0          0          0          1

   0.26225 -0.0602322   0.963118   0.842694
 -0.891972   0.365736    0.26575   0.781427
 -0.368254  -0.928768  0.0421888    1.61277
         0          0          0          1

  0.265672 -0.0540487   0.962547   0.842398
 -0.890527   0.368702   0.266497   0.777686
 -0.369297  -0.927975  0.0498219    1.60681
         0          0          0          1

  0.269774 -0.0474837   0.961752   0.842518
  -0.89012    0.36868   0.267883   0.775251
 -0.367299  -0.928343  0.0571941    1.60094
         0          0          0          1

 0.275643 -0.040359  0.960413  0.844843
-0.886841  0.374785  0.270277  0.768737
-0.370857 -0.926233 0.0675148   1.59241
        0         0         0         1

  0.27554 -0.040293  0.960445  0.846172
-0.886011  0.376942      0.27   0.76627
-0.372911  -0.92536 0.0681625   1.58954
        0         0         0         1

  0.276857 -0.0409401   0.960038   0.847476
 -0.885492   0.377124   0.271442   0.763654
 -0.373167  -0.925257  0.0681575    1.58429
         0          0          0          1

  0.275905 -0.0399138   0.960356   0.850005
 -0.885425   0.378244   0.270099   0.762058
 -0.374029  -0.924845  0.0690189    1.58089
         0          0          0          1

  0.277954 -0.0426455   0.959647    0.85132
 -0.882844   0.382388   0.272701   0.756675
 -0.378587  -0.923017   0.068637    1.57529
         0          0          0          1

  0.278552 -0.0417978   0.959511   0.852072
 -0.883124    0.38153   0.272996   0.755075
 -0.377493  -0.923411  0.0693631    1.57064
         0          0          0          1

  0.279449 -0.0391604   0.959362    0.85219
 -0.882935   0.382119   0.272784   0.752903
 -0.377273  -0.923283  0.0722066    1.56742
         0          0          0          1

 0.280895 -0.037142  0.959019  0.851688
-0.882877  0.381827  0.273381  0.750693
-0.376333 -0.923487 0.0744616   1.56437
        0         0         0         1

  0.280233 -0.0341281   0.959325   0.853416
 -0.882599   0.383824   0.271475    0.74846
 -0.377477  -0.922775  0.0774386    1.56391
         0          0          0          1

  0.278413 -0.0297446   0.960001   0.854677
 -0.883077   0.385138   0.268037   0.746617
 -0.377706  -0.922379  0.0809607    1.56323
         0          0          0          1

  0.271881 -0.0242329   0.962026   0.854779
 -0.886517   0.382616   0.260179     0.7434
 -0.374391   -0.92359  0.0825432    1.55839
         0          0          0          1

   0.26646 -0.0253209   0.963513   0.855101
 -0.888529   0.380942   0.255734   0.742766
 -0.373518  -0.924252  0.0790075    1.55723
         0          0          0          1

 0.258963 -0.028136  0.965477  0.855855
-0.890519  0.380142  0.249935   0.74134
-0.374051   -0.9245  0.073387   1.55641
        0         0         0         1

  0.251314 -0.0303883   0.967429   0.856583
 -0.892713   0.378973   0.243809    0.74057
 -0.374038  -0.924909  0.0681131    1.55527
         0          0          0          1

  0.237549 -0.0394537   0.970574   0.854612
 -0.895177   0.379033   0.234503   0.737613
 -0.377132  -0.924542  0.0547209    1.55498
         0          0          0          1

  0.229784 -0.0442498   0.972235   0.855701
 -0.896714   0.378663   0.229169   0.736953
  -0.37829  -0.924476  0.0473312    1.55413
         0          0          0          1

  0.226838 -0.0497305   0.972662   0.854954
 -0.897188   0.377907   0.228558   0.736288
 -0.378942  -0.924507  0.0411061    1.55287
         0          0          0          1

  0.224374 -0.0542331   0.972993   0.855357
 -0.896823   0.379146   0.227942   0.735686
 -0.381268  -0.923746  0.0364329    1.55281
         0          0          0          1

  0.221283 -0.0619936   0.973237   0.856538
 -0.896947   0.378777   0.228064    0.73487
 -0.382779  -0.923409  0.0282119    1.55276
         0          0          0          1

  0.223788 -0.0687178   0.972212   0.855164
  -0.89599   0.378061   0.232965   0.733818
 -0.383564  -0.923227   0.023035     1.5523
         0          0          0          1

  0.225094 -0.0847118   0.970648    0.85489
 -0.894609   0.376713   0.240338    0.73207
 -0.386015  -0.922448 0.00901199    1.55152
         0          0          0          1

  0.225084 -0.0938037   0.969813   0.854799
 -0.893324   0.377508   0.243845   0.731259
 -0.388986  -0.921243 0.00117389    1.55213
         0          0          0          1

   0.22825  -0.101848   0.968261   0.854468
 -0.891412   0.378067   0.249901   0.730262
 -0.391519  -0.920159 -0.0044948    1.55247
         0          0          0          1

   0.229311   -0.107727    0.967373    0.854287
  -0.890526    0.377968    0.253186    0.729658
  -0.392911    -0.91953 -0.00926159     1.55294
          0           0           0           1

  0.229163  -0.114977   0.966574   0.854272
 -0.889276   0.379063   0.255928    0.72881
 -0.395819    -0.9182 -0.0153791    1.55402
         0          0          0          1

  0.231289  -0.117996   0.965703     0.8536
 -0.888625   0.378455    0.25907   0.727976
 -0.396044  -0.918068 -0.0173219    1.55436
         0          0          0          1

  0.231793  -0.125283   0.964664   0.853172
 -0.886506   0.381052   0.262501   0.726769
 -0.400474  -0.916026 -0.0227391    1.55662
         0          0          0          1

  0.231182  -0.127094   0.964574   0.853392
 -0.886998   0.379813   0.262634   0.726614
 -0.399737  -0.916291 -0.0249263     1.5562
         0          0          0          1

  0.235257  -0.131277   0.963027   0.851723
 -0.884907   0.380875   0.268093   0.726161
 -0.401987   -0.91526 -0.0265647    1.55706
         0          0          0          1

  0.233111  -0.132081   0.963439   0.852461
 -0.885464   0.380739   0.266441   0.726234
  -0.40201  -0.915201 -0.0281988    1.55758
         0          0          0          1

  0.233227  -0.133085   0.963272   0.851556
 -0.887033   0.376797   0.266826    0.72643
 -0.398469  -0.916686 -0.0301719    1.55795
         0          0          0          1

   0.23286  -0.134936   0.963103   0.850816
 -0.887686   0.375014   0.267168   0.726546
 -0.397228  -0.917146 -0.0324552     1.5588
         0          0          0          1

  0.233463  -0.137333   0.962619   0.848817
  -0.88813   0.372932   0.268602   0.726596
 -0.395879  -0.917639 -0.0349036    1.56086
         0          0          0          1

 0.230946 -0.138885  0.963003  0.849387
-0.889617  0.370672  0.266805  0.727237
-0.394013 -0.918321 -0.037949   1.56184
        0         0         0         1

  0.232398  -0.140941   0.962355   0.847394
 -0.890345    0.36745   0.268823   0.727321
 -0.391505  -0.919302 -0.0400914    1.56338
         0          0          0          1

  0.231849  -0.143534   0.962104   0.846912
 -0.890601   0.366484   0.269293   0.727345
 -0.391249  -0.919286 -0.0428625    1.56625
         0          0          0          1

  0.232393  -0.147681   0.961345   0.846154
 -0.892206   0.361166   0.271162   0.728085
  -0.38725  -0.920733 -0.0478293    1.57192
         0          0          0          1

  0.235518    -0.1496   0.960287   0.844312
  -0.89207   0.358829   0.274688   0.728038
 -0.385672  -0.921337 -0.0489431    1.57479
         0          0          0          1

  0.234421  -0.151622   0.960238    0.84575
 -0.893479   0.355622   0.274276   0.729163
 -0.383068  -0.922249 -0.0521059     1.5787
         0          0          0          1

  0.235083  -0.151893   0.960034   0.845799
 -0.895065   0.351244   0.274747   0.730271
 -0.378938  -0.923881 -0.0533827    1.58103
         0          0          0          1

  0.238525  -0.150878   0.959344   0.845411
 -0.899473   0.338114   0.276815   0.732218
 -0.366133  -0.928932 -0.0550624    1.58735
         0          0          0          1

  0.237923   -0.15032   0.959582     0.8462
 -0.902123   0.331931   0.275673   0.733882
 -0.359954   -0.93125 -0.0566331    1.59084
         0          0          0          1

  0.237658  -0.148731   0.959895   0.846626
 -0.904959   0.325164    0.27444   0.735043
 -0.352941  -0.933888 -0.0573174    1.59571
         0          0          0          1

  0.238419  -0.148253    0.95978   0.845352
 -0.907018   0.319221   0.274621   0.735761
 -0.347095  -0.936012 -0.0583592    1.59966
         0          0          0          1

  0.23969 -0.143597  0.960171    0.8434
-0.913664  0.301053  0.273104  0.737781
-0.328279 -0.942734  -0.05904   1.61147
        0         0         0         1

   0.23847  -0.141972   0.960717   0.843268
 -0.916262   0.294972   0.271025   0.738476
 -0.321862    -0.9449 -0.0597415    1.61791
         0          0          0          1

  0.236931  -0.140181    0.96136    0.84261
 -0.920532   0.283986   0.268278   0.740439
 -0.310621  -0.948526 -0.0617564    1.62492
         0          0          0          1

  0.235031  -0.137499   0.962213   0.842799
 -0.924628   0.273616   0.264949    0.74211
 -0.299707   -0.95196 -0.0628269    1.62982
         0          0          0          1

  0.236238  -0.133597   0.962467   0.841239
 -0.928503   0.260993   0.264129   0.744167
 -0.286484  -0.956052 -0.0623892    1.63613
         0          0          0          1

  0.239115  -0.130771   0.962145   0.839075
  -0.93052   0.252233   0.265539   0.745447
  -0.27741   -0.95879 -0.0613727     1.6435
         0          0          0          1

  0.238429  -0.125021   0.963079   0.838915
 -0.937517   0.229127   0.261845    0.75058
 -0.253404  -0.965334 -0.0625786    1.65965
         0          0          0          1

  0.237212  -0.124406   0.963459   0.839546
 -0.940546   0.218785   0.259821   0.753086
 -0.243114   -0.96781 -0.0651108    1.66792
         0          0          0          1

  0.240536  -0.121276   0.963034   0.838034
 -0.943484   0.203834   0.261323   0.756692
 -0.227991  -0.971465 -0.0653926    1.67659
         0          0          0          1

  0.243224  -0.121267    0.96236   0.836954
 -0.945129    0.19347   0.263248   0.758832
 -0.218111  -0.973583 -0.0675563    1.68553
         0          0          0          1

  0.246287  -0.121089   0.961603   0.835274
 -0.947156   0.180317   0.265293   0.762578
 -0.205518  -0.976127 -0.0702808     1.6967
         0          0          0          1

   0.24998  -0.120752   0.960692   0.834725
 -0.948963     0.1665   0.267856   0.766014
 -0.192299   -0.97862 -0.0729678    1.70476
         0          0          0          1

  0.254275   -0.12176   0.959437    0.83372
 -0.953076    0.13697   0.269972   0.775393
 -0.164286  -0.983063 -0.0812186    1.72626
         0          0          0          1

  0.258585  -0.121376   0.958333   0.831495
 -0.954117   0.122966   0.273021   0.779607
 -0.150981  -0.984961 -0.0840096    1.73566
         0          0          0          1

  0.263708  -0.121157   0.956963   0.829088
 -0.955775   0.101086   0.276179   0.785792
 -0.130197  -0.987473 -0.0891413    1.74425
         0          0          0          1

  0.266012  -0.122115   0.956204   0.829176
 -0.956648  0.0885867   0.277449   0.790556
 -0.118588  -0.988555 -0.0932563    1.75493
         0          0          0          1

 0.273707 -0.123847  0.953806   0.82672
-0.957948 0.0537075   0.28187  0.803625
-0.0861352 -0.990847 -0.103939    1.7782
        0         0         0         1

 0.277297 -0.126928  0.952363   0.82583
-0.957633 0.0437042  0.284656  0.808708
-0.0777531 -0.990949 -0.109432   1.79153
        0         0         0         1

 0.279422 -0.127106  0.951718   0.82697
-0.958325 0.0244789   0.28463  0.817134
-0.0594753 -0.991587 -0.114969    1.8032
        0         0         0         1

  0.28675 -0.125668  0.949727  0.823578
-0.956872 0.0106449  0.290316  0.823809
-0.0465931 -0.992015 -0.117196   1.81473
        0         0         0         1

  0.292719  -0.123112    0.94824   0.821669
 -0.955854 -0.0110627   0.293633   0.833933
-0.0256597  -0.992331  -0.120915    1.82511
         0          0          0          1

  0.293389  -0.125451   0.947726   0.823758
 -0.955933 -0.0273289   0.292312   0.842647
-0.0107704  -0.991723   -0.12794    1.83428
         0          0          0          1

  0.303632  -0.126933   0.944297   0.822751
 -0.952493 -0.0651589   0.297508   0.863181
 0.0237658  -0.989769  -0.140687    1.85773
         0          0          0          1

  0.309278  -0.126808   0.942479   0.821204
 -0.950034 -0.0851914   0.300295   0.873266
 0.0422112  -0.988262   -0.14682    1.86608
         0          0          0          1

 0.315239 -0.129672  0.940111  0.822614
-0.947235 -0.103597  0.303339  0.884551
0.0580584  -0.98613 -0.155488   1.87956
        0         0         0         1

  0.31966 -0.131608  0.938348  0.822093
-0.945148 -0.114497  0.305918  0.893371
0.0671765 -0.984667 -0.160989   1.89249
        0         0         0         1

 0.333953 -0.133353  0.933109  0.821179
-0.937397 -0.150753  0.313943  0.918389
0.0988038 -0.979536  -0.17535   1.91498
        0         0         0         1

 0.340232 -0.134238  0.930711  0.819958
-0.933477 -0.167587  0.317072  0.930481
 0.113412 -0.976675 -0.182326   1.92262
        0         0         0         1

 0.350149 -0.131547  0.927411  0.815896
-0.927956  -0.18364  0.324306  0.943253
 0.127648 -0.974152 -0.186371    1.9353
        0         0         0         1

  0.35356 -0.133072  0.925898  0.817158
-0.924905 -0.197674   0.32477  0.955689
 0.139809 -0.971193 -0.192968   1.94476
        0         0         0         1

 0.356092 -0.138598  0.924115  0.823534
-0.922799 -0.207844  0.324412  0.969977
 0.147109 -0.968293  -0.20191   1.95974
        0         0         0         1

 0.364312 -0.138419  0.920933  0.821155
-0.917506 -0.222779  0.329473  0.982185
 0.159559 -0.964992 -0.208161   1.96828
        0         0         0         1

 0.372201 -0.143094  0.917055  0.825289
-0.909254 -0.254578  0.329312    1.0123
  0.18634 -0.956407 -0.224863   1.99037
        0         0         0         1

 0.375844 -0.143915   0.91544  0.825251
-0.903919 -0.274548  0.327953   1.02833
 0.204135 -0.950743 -0.233275   1.99069
        0         0         0         1

 0.379608 -0.145174  0.913686  0.826188
-0.899631 -0.288276  0.327965   1.04528
 0.215782 -0.946478 -0.240035   2.00143
        0         0         0         1

 0.382579 -0.149577  0.911735  0.827471
-0.896352 -0.299362  0.327011   1.05903
 0.224025 -0.942342 -0.248603   2.00881
        0         0         0         1

 0.393394 -0.154634  0.906272  0.822921
-0.885966 -0.327065  0.328774   1.08969
 0.245571 -0.932264 -0.265666   2.02545
        0         0         0         1

 0.399355 -0.154136  0.903746  0.820681
-0.879539 -0.342575  0.330231   1.10514
 0.258701  -0.92676 -0.272378   2.02827
        0         0         0         1

 0.405122  -0.15516     0.901     0.823
-0.875104 -0.351139  0.333009   1.12151
 0.264706 -0.923378 -0.278035   2.03959
        0         0         0         1

 0.402898 -0.165186  0.900215  0.832261
-0.873119 -0.364337  0.323917    1.1388
 0.274475   -0.9165 -0.291017   2.04252
        0         0         0         1

 0.405834 -0.165373  0.898861  0.831812
-0.869889 -0.371569  0.324392   1.15534
 0.280344 -0.913558 -0.294651   2.05218
        0         0         0         1

 0.412387 -0.163862  0.896151  0.833138
-0.862515  -0.38689  0.326166   1.17232
 0.293266  -0.90745 -0.300882   2.05091
        0         0         0         1

 0.425809 -0.165995  0.889456   0.83236
-0.852099 -0.404198  0.332492    1.2054
 0.304324 -0.899483 -0.313555   2.06465
        0         0         0         1

