 0.533573 -0.645966   0.54592   0.70993
-0.716814 -0.687973  -0.11345   1.08429
 0.448863 -0.330789 -0.830121   2.32482
        0         0         0         1

 0.534328 -0.644673  0.546708   0.71328
 -0.71972 -0.686171 -0.105704   1.07399
  0.44328 -0.336996 -0.830624    2.3224
        0         0         0         1

 0.535296 -0.647927  0.541894  0.725518
-0.723791 -0.682566 -0.101147   1.06168
 0.435414 -0.338074 -0.834338   2.32072
        0         0         0         1

  0.537596  -0.646071   0.541833   0.726249
 -0.728023  -0.679843 -0.0883005    1.04551
   0.42541  -0.346997  -0.835835    2.32492
         0          0          0          1

  0.535858  -0.650962   0.537685   0.742372
  -0.73872  -0.669853 -0.0747658    1.01584
   0.40884  -0.357135  -0.839824    2.32298
         0          0          0          1

  0.539883  -0.653732   0.530246   0.749235
 -0.745023  -0.664295 -0.0604345   0.999424
  0.391748  -0.362418  -0.845687    2.33134
         0          0          0          1

   0.54247  -0.654929   0.526112   0.753862
 -0.748005  -0.661624 -0.0523584   0.982343
   0.38238  -0.365132  -0.848802    2.33004
         0          0          0          1

  0.543751   -0.65957   0.518944    0.75705
 -0.751468  -0.657957 -0.0488635   0.969017
  0.373672    -0.3634  -0.853411    2.32969
         0          0          0          1

  0.544624  -0.662473   0.514309   0.757112
 -0.754702  -0.654591 -0.0439819   0.949085
  0.365799  -0.364197  -0.856476    2.32856
         0          0          0          1

  0.542858  -0.673411   0.501819   0.769238
 -0.759917  -0.648256 -0.0478587   0.939745
  0.357536   -0.35536  -0.863648    2.32823
         0          0          0          1

   0.53738  -0.696652   0.475289   0.791707
  -0.77314  -0.632074 -0.0523163   0.910369
  0.336864  -0.339351  -0.878273    2.32753
         0          0          0          1

  0.535365  -0.706259   0.463231   0.799846
 -0.777801  -0.626048 -0.0555755   0.898325
  0.329256  -0.330549  -0.884493    2.32468
         0          0          0          1

  0.532848  -0.717906   0.447978   0.807074
 -0.784007  -0.618045 -0.0579092   0.881728
  0.318444  -0.320361  -0.892167    2.32219
         0          0          0          1

  0.530872  -0.727378   0.434851   0.815638
 -0.789449  -0.611039 -0.0583196   0.869464
  0.308132  -0.312333  -0.898612    2.31974
         0          0          0          1

  0.528591  -0.737629   0.420114   0.819345
 -0.799151  -0.599309 -0.0467583   0.833272
  0.286268  -0.311018  -0.906266      2.317
         0          0          0          1

  0.525042  -0.746221    0.40925   0.827435
 -0.805496  -0.590955 -0.0441377   0.819874
  0.274785  -0.306475  -0.911354    2.31467
         0          0          0          1

  0.519401  -0.756324    0.39774   0.839573
 -0.815333  -0.577974 -0.0343228   0.799613
  0.255843  -0.306463  -0.916856    2.31643
         0          0          0          1

   0.51725  -0.756515   0.400173   0.838745
 -0.816054  -0.576869 -0.0357494   0.789968
  0.257892  -0.308071  -0.915742    2.30623
         0          0          0          1

  0.515096  -0.760133   0.396074   0.842381
 -0.820486  -0.570946 -0.0286973   0.772129
  0.247951  -0.310191   -0.91777    2.29941
         0          0          0          1

  0.507923   -0.76745   0.391195   0.849867
 -0.827715  -0.560589 -0.0250735   0.760123
  0.238542  -0.311063  -0.919966    2.29424
         0          0          0          1

  0.501581  -0.777072   0.380232   0.858524
 -0.837162  -0.546797 -0.0131412   0.728199
  0.218121  -0.311724  -0.924798    2.28173
         0          0          0          1

   0.495621   -0.782131    0.377665    0.862961
  -0.842521   -0.538576 -0.00970432     0.71599
   0.210991   -0.313381   -0.925891      2.2762
          0           0           0           1

   0.489446    -0.78949    0.370334    0.869837
  -0.849399   -0.527745 -0.00246788    0.699021
    0.19739   -0.313354   -0.928895     2.26929
          0           0           0           1

  0.486889  -0.792595   0.367058   0.872617
 -0.852581   -0.52259 0.00248041   0.685791
  0.189855  -0.314154  -0.930195    2.26395
         0          0          0          1

  0.476445  -0.805387   0.352636   0.883449
 -0.862246  -0.506422 0.00835686   0.655088
  0.171852   -0.30804  -0.935723    2.24755
         0          0          0          1

 0.472442 -0.809178  0.349328  0.885922
-0.865727 -0.500378 0.0117694  0.643098
 0.165273 -0.307983 -0.936927   2.24063
        0         0         0         1

 0.465077 -0.816829  0.341311  0.894383
-0.871702 -0.489788 0.0156319  0.627294
 0.154402 -0.304792  -0.93982   2.23249
        0         0         0         1

 0.460193 -0.818823   0.34315  0.894145
-0.874323 -0.485114 0.0149625  0.616529
 0.154215 -0.306909 -0.939162   2.22275
        0         0         0         1

 0.454257 -0.823656  0.339472  0.899003
-0.878583 -0.477263  0.017679  0.601799
 0.147456 -0.306285  -0.94045   2.21095
        0         0         0         1

 0.449384 -0.826118  0.339976  0.901502
-0.881983 -0.470775 0.0218651  0.589763
 0.141989 -0.309679  -0.94018   2.20401
        0         0         0         1

 0.436254 -0.833153  0.339909  0.909802
-0.890355 -0.454337  0.029089  0.562319
 0.130198  -0.31533 -0.940008   2.18241
        0         0         0         1

 0.431507 -0.834172  0.343452  0.911614
-0.893235 -0.448357 0.0332811  0.551174
 0.126227 -0.321144 -0.938581   2.17374
        0         0         0         1

 0.425037 -0.835754  0.347647  0.913525
-0.897466 -0.439117 0.0416004  0.534579
  0.11789 -0.329684 -0.936702   2.16389
        0         0         0         1

 0.419122 -0.837502  0.350609  0.915866
-0.900488 -0.432784  0.042659  0.525331
 0.116011 -0.333598  -0.93555   2.15366
        0         0         0         1

 0.401068 -0.842523  0.359583  0.922858
-0.909912 -0.411764 0.0501016  0.500209
 0.105851 -0.347283 -0.931767   2.12998
        0         0         0         1

 0.394579    -0.843  0.365592   0.92455
 -0.91327 -0.403627  0.054978  0.489998
 0.101217 -0.355578  -0.92915   2.12055
        0         0         0         1

  0.38439 -0.845376  0.370924  0.928756
-0.918423 -0.390884 0.0608971  0.476026
0.0935073 -0.364073 -0.926665   2.10869
        0         0         0         1

  0.37757 -0.844989  0.378729  0.929163
 -0.92152 -0.382985 0.0642153   0.46707
0.0907862 -0.373252 -0.923277    2.0979
        0         0         0         1

 0.368354 -0.845143  0.387362  0.929785
-0.925795 -0.371536 0.0697509  0.454027
0.0849694 -0.384311 -0.919285   2.08352
        0         0         0         1

 0.361247 -0.845516  0.393197   0.93067
-0.929266 -0.361362 0.0766971  0.444207
0.0772379 -0.393091  -0.91625   2.07428
        0         0         0         1

 0.340388  -0.84658  0.409193  0.933319
-0.938227  -0.33457 0.0882733  0.423356
0.0621734 -0.413963 -0.908168   2.04647
        0         0         0         1

 0.330725  -0.84704  0.416105  0.934264
-0.942071 -0.322431 0.0924151  0.415629
0.0558859 -0.422564 -0.904608   2.03507
        0         0         0         1

 0.317597 -0.848435  0.423427  0.937192
-0.947287 -0.303757  0.101876  0.404544
0.0421839 -0.433463 -0.900184   2.02096
        0         0         0         1

 0.308447 -0.847081  0.432798  0.937437
-0.950585 -0.291385  0.107159  0.396778
0.0353383 -0.444464   -0.8951   2.00938
        0         0         0         1

 0.286006 -0.841844  0.457711  0.938553
-0.958132    -0.258  0.124174  0.377242
0.0135537 -0.474062 -0.880387   1.98182
        0         0         0         1

 0.276663 -0.839641  0.467398  0.939622
-0.960952   -0.2444  0.129766  0.370259
0.00527486 -0.485048 -0.874471    1.9706
        0         0         0         1

 0.264181 -0.836129  0.480726   0.94011
-0.964435 -0.224552  0.139436  0.360954
-0.00863836 -0.500465 -0.865714   1.95458
        0         0         0         1

 0.255139 -0.833581  0.489946  0.940855
-0.966711 -0.209791  0.146482  0.354305
-0.019318 -0.511009 -0.859358   1.94343
        0         0         0         1

 0.243243 -0.828034  0.505165  0.940822
-0.969435 -0.190317  0.154839  0.345569
-0.0320705 -0.527388 -0.849019   1.92761
        0         0         0         1

 0.235409 -0.824757  0.514159  0.941159
-0.970846 -0.174968  0.163841  0.338645
-0.0451674 -0.537739 -0.841901   1.91711
        0         0         0         1

 0.215384 -0.814899  0.538098  0.941633
-0.973981 -0.139481  0.178622  0.323722
-0.0705045  -0.56257 -0.823738   1.88857
        0         0         0         1

 0.207872 -0.811869   0.54558  0.942489
-0.974772 -0.125579  0.184526   0.31837
-0.0812976 -0.570174 -0.817491   1.87775
        0         0         0         1

 0.197933 -0.807752    0.5553  0.943492
-0.975679 -0.107911  0.190804  0.311402
-0.0941992 -0.579561 -0.809466   1.86329
        0         0         0         1

  0.191423  -0.803732   0.563357   0.943707
 -0.976142 -0.0959622   0.194776   0.306487
 -0.102487  -0.587202  -0.802926     1.8529
         0          0          0          1

  0.176498  -0.794695   0.580782    0.94446
 -0.976992 -0.0696707   0.201574   0.295143
 -0.119726  -0.602997  -0.788708    1.82746
         0          0          0          1

  0.172064  -0.792869   0.584596   0.945119
 -0.977051 -0.0617166   0.203871   0.290925
 -0.125564  -0.606259  -0.785292    1.81842
         0          0          0          1

   0.16755  -0.790795   0.588702   0.945893
  -0.97664 -0.0516463   0.208585   0.284962
 -0.134544  -0.609898  -0.780976    1.80688
         0          0          0          1

  0.165054  -0.789501   0.591139   0.946264
 -0.976285 -0.0456505   0.211623   0.280592
 -0.140091  -0.612049  -0.778312    1.79908
         0          0          0          1

  0.162558  -0.787752   0.594156   0.946616
 -0.975855 -0.0393256   0.214849    0.27499
 -0.145882  -0.614736  -0.775125    1.78831
         0          0          0          1

   0.16066  -0.786926   0.595765   0.947156
 -0.975507 -0.0347127   0.217214   0.270954
 -0.150251   -0.61607  -0.773229    1.78111
         0          0          0          1

  0.156697  -0.781812   0.603503   0.947898
 -0.975479 -0.0268918   0.218443   0.261438
 -0.154552  -0.622934  -0.766856    1.76281
         0          0          0          1

  0.15461 -0.779932  0.606467  0.948505
 -0.97574 -0.024231  0.217589   0.25811
-0.155009 -0.625395 -0.764757   1.75572
        0         0         0         1

 0.153084 -0.776599  0.611113  0.948824
-0.975662 -0.020526  0.218319  0.253315
-0.157002  -0.62966  -0.76084    1.7465
        0         0         0         1

  0.151972  -0.774582   0.613944   0.949387
 -0.975457 -0.0174019   0.219503   0.250048
 -0.159339  -0.632234  -0.758215    1.73996
         0          0          0          1

  0.152769  -0.772973   0.615771   0.949949
 -0.973754 -0.0113611    0.22732   0.245374
 -0.168717  -0.634337  -0.754421    1.73127
         0          0          0          1

   0.153708   -0.772761    0.615804    0.950508
  -0.971915 -0.00584453    0.235261    0.242127
  -0.178201    -0.63467   -0.751956     1.72483
          0           0           0           1

  0.153884  -0.771845   0.616908   0.952141
  -0.96852 0.00581469   0.248867   0.234571
 -0.195674  -0.635784  -0.746653    1.70886
         0          0          0          1

 0.153003 -0.770831  0.618393  0.952787
-0.967461 0.0107675  0.252791  0.231616
-0.201518 -0.636949 -0.744101   1.70322
        0         0         0         1

 0.152335  -0.76672  0.623646  0.953371
-0.966748 0.0155471  0.255257  0.228029
-0.205407 -0.641793 -0.738857   1.69494
        0         0         0         1

 0.151244 -0.763569  0.627764  0.953941
-0.966604 0.0186747  0.255594   0.22559
-0.206887 -0.645456 -0.735244   1.68909
        0         0         0         1

 0.147349 -0.753872  0.640285  0.955379
-0.966628 0.0274016  0.254713  0.219792
-0.209566  -0.65645 -0.724677   1.67463
        0         0         0         1

 0.147094  -0.74947  0.645491  0.956005
-0.966009 0.0314027  0.256594  0.217604
 -0.21258 -0.661293 -0.719376   1.66907
        0         0         0         1

 0.147851 -0.743708   0.65195  0.957024
 -0.96455  0.037269  0.261257  0.214579
-0.218596 -0.667465 -0.711833   1.66169
        0         0         0         1

 0.149082 -0.740118  0.655743  0.957866
-0.962872 0.0422796  0.266627  0.212503
 -0.22506 -0.671146 -0.706336   1.65621
        0         0         0         1

 0.150458 -0.735808  0.660264  0.959243
-0.960239 0.0501004  0.274648  0.209716
-0.235167 -0.675335 -0.699013   1.64896
        0         0         0         1

 0.151177 -0.731503  0.664868  0.960147
-0.958943 0.0547365  0.278266  0.207734
-0.239945 -0.679638 -0.693195   1.64383
        0         0         0         1

 0.149344 -0.718046  0.679784  0.962761
-0.959036 0.0621807  0.276374  0.203581
-0.240719 -0.693213 -0.679346   1.63059
        0         0         0         1

 0.148456 -0.713636  0.684606  0.963999
-0.959231 0.0644395   0.27518  0.202028
-0.240494 -0.697547 -0.674975   1.62582
        0         0         0         1

 0.147661   -0.7082  0.690398  0.965831
-0.959357 0.0671671  0.274085   0.19999
-0.240479  -0.70281 -0.669499   1.61929
        0         0         0         1

 0.148017 -0.703954  0.694651  0.967018
 -0.95925 0.0687502  0.274069  0.198495
-0.240689  -0.70691 -0.665091   1.61462
        0         0         0         1

 0.148573 -0.692311  0.706139  0.969823
-0.959401 0.0722026  0.272649  0.195077
-0.239743 -0.717978 -0.653476   1.60281
        0         0         0         1

 0.149181 -0.688626  0.709605  0.970905
 -0.95898 0.0741802  0.273595  0.193792
-0.241043 -0.721312 -0.649313   1.59858
        0         0         0         1

 0.150629 -0.683466  0.714272  0.972496
-0.958533 0.0758361  0.274706  0.192302
 -0.24192 -0.726032 -0.643702   1.59231
        0         0         0         1

 0.152655 -0.679457  0.717659  0.973461
-0.957831 0.0771458  0.276782  0.191039
-0.243426 -0.729649 -0.639028   1.58805
        0         0         0         1

 0.154174 -0.673361   0.72306  0.975047
-0.957512 0.0786923  0.277448   0.18968
-0.243722 -0.735114 -0.632619   1.58191
        0         0         0         1

 0.155036 -0.669692  0.726276    0.9762
-0.957228 0.0799588  0.278065  0.188735
 -0.24429 -0.738322 -0.628651   1.57757
        0         0         0         1

 0.156235 -0.660845  0.734081  0.979476
-0.956752 0.0833891  0.278696  0.186672
-0.245389 -0.745875 -0.619237   1.56665
        0         0         0         1

 0.156552 -0.657798  0.736745  0.980523
-0.956527 0.0848625  0.279023  0.185861
-0.246063 -0.748399 -0.615916    1.5625
        0         0         0         1

 0.156374 -0.654477  0.739734  0.982194
-0.955914 0.0881845  0.280094  0.184798
-0.248548 -0.750922 -0.611834   1.55701
        0         0         0         1

 0.157137 -0.652338   0.74146  0.983368
-0.954995 0.0908889  0.282355  0.183947
-0.251581 -0.752459 -0.608697    1.5531
        0         0         0         1

 0.160897 -0.644236  0.747711  0.986194
-0.952715 0.0964816  0.288141  0.181953
-0.257771 -0.758717  -0.59825   1.54305
        0         0         0         1

 0.161607 -0.641087  0.750261  0.987283
-0.951924 0.0992135  0.289822  0.181237
-0.260237 -0.761029 -0.594232   1.53925
        0         0         0         1

  0.16206 -0.637005  0.753632  0.988732
-0.950733  0.103746  0.292136  0.180233
-0.264278 -0.763847 -0.588808   1.53441
        0         0         0         1

 0.162158 -0.633366  0.756672  0.989911
-0.950071  0.106955  0.293131  0.179587
-0.266589 -0.766426 -0.584399   1.53081
        0         0         0         1

 0.165636 -0.624667  0.763123  0.992869
-0.947309  0.114348  0.299216  0.177924
-0.274172 -0.772474 -0.572812     1.522
        0         0         0         1

 0.167072 -0.623057  0.764125  0.994283
-0.945707  0.117879  0.302891  0.177318
-0.278793 -0.773243 -0.569535   1.51886
        0         0         0         1

 0.167775  -0.62165  0.765116  0.996287
-0.943853  0.122761  0.306711  0.176563
-0.284594 -0.773615  -0.56615   1.51483
        0         0         0         1

 0.167006 -0.620361  0.766329  0.997797
-0.943162  0.125984  0.307529  0.176194
-0.287324 -0.774132 -0.564061   1.51207
        0         0         0         1

 0.165989 -0.617632  0.768751  0.999705
-0.942623   0.12962  0.307671  0.175789
-0.289673 -0.775712 -0.560679   1.50833
        0         0         0         1

 0.165401 -0.614717  0.771211   1.00109
-0.942446  0.131886  0.307249  0.175595
-0.290583 -0.777644 -0.557523   1.50571
        0         0         0         1

 0.168152 -0.602487  0.780215   1.00417
 -0.94109  0.137448  0.308962  0.175361
-0.293384 -0.786205 -0.543882   1.49918
        0         0         0         1

 0.170363 -0.596899   0.78402   1.00541
  -0.9404  0.139164  0.310293  0.175525
-0.294322 -0.790155 -0.537615   1.49667
        0         0         0         1

 0.173414 -0.590034  0.788535   1.00704
-0.939085  0.142166  0.312902  0.175749
-0.296725 -0.794763 -0.529439   1.49366
        0         0         0         1

   0.1763 -0.584064   0.79233   1.00801
-0.938246  0.143715  0.314706  0.176049
-0.297679 -0.798884 -0.522659   1.49138
        0         0         0         1

 0.181052 -0.570799   0.80088   1.01075
-0.936995  0.147268  0.316784  0.177294
-0.298764 -0.807775 -0.508173   1.48603
        0         0         0         1

 0.182657 -0.566927  0.803262   1.01189
-0.936625  0.148085  0.317499  0.177947
 -0.29895 -0.810349 -0.503949   1.48411
        0         0         0         1

 0.184707 -0.562685  0.805772   1.01362
 -0.93616  0.148824  0.318522   0.17892
-0.299145 -0.813165 -0.499275   1.48156
        0         0         0         1

 0.186769 -0.562008  0.805769   1.01473
-0.935575  0.148461  0.320405  0.179642
-0.299696 -0.813699 -0.498073   1.47982
        0         0         0         1

 0.187576 -0.564994   0.80349   1.01652
 -0.93471  0.148732  0.322794  0.180674
-0.301882 -0.811579 -0.500207   1.47786
        0         0         0         1

 0.187947 -0.568462  0.800954   1.01777
-0.934032  0.148747  0.324745  0.181536
-0.303744 -0.809151 -0.503005   1.47649
        0         0         0         1

 0.189524 -0.572644  0.797596   1.02001
-0.932229   0.15009  0.329274  0.184014
-0.308268 -0.805948  -0.50539   1.47291
        0         0         0         1

 0.190415 -0.571926  0.797899    1.0206
-0.931503  0.151318  0.330763  0.185082
-0.309909 -0.806228 -0.503938   1.47161
        0         0         0         1

 0.192047 -0.569958  0.798915   1.02115
-0.930472  0.153052  0.332861  0.186619
-0.311992 -0.807294 -0.500937   1.46993
        0         0         0         1

 0.193823 -0.567983  0.799892    1.0213
 -0.92958  0.154266  0.334789  0.187731
-0.313551 -0.808453 -0.498085   1.46886
        0         0         0         1

 0.196292 -0.564825  0.801525   1.02158
-0.928417  0.155918  0.337241  0.189385
-0.315454 -0.810347 -0.493787   1.46759
        0         0         0         1

 0.198325 -0.562355   0.80276   1.02178
-0.927539  0.157012  0.339144  0.190612
-0.316763 -0.811852 -0.490467   1.46702
        0         0         0         1

 0.200985 -0.558228  0.804976   1.02232
 -0.92691  0.157486  0.340641  0.193903
-0.316928 -0.814604 -0.485775   1.46639
        0         0         0         1

 0.201139 -0.557127    0.8057   1.02233
-0.927219  0.156987  0.340029  0.195137
-0.315924 -0.815453 -0.485003   1.46658
        0         0         0         1

 0.201849 -0.554903  0.807056   1.02213
-0.927561  0.156264  0.339429   0.19663
-0.314464 -0.817107 -0.483165   1.46722
        0         0         0         1

 0.201982 -0.553701  0.807848   1.02219
-0.928084  0.155259  0.338459  0.197737
-0.312831 -0.818113 -0.482522   1.46782
        0         0         0         1

 0.202259  -0.55511  0.806812   1.02211
-0.929041  0.151851  0.337378  0.200363
-0.309797 -0.817799 -0.485007   1.47053
        0         0         0         1

 0.202502 -0.557857  0.804853   1.02211
-0.929265   0.14984  0.337661  0.201483
-0.308966 -0.816299 -0.488054   1.47194
        0         0         0         1

 0.203093 -0.562622   0.80138   1.02221
-0.929235  0.147256  0.338878  0.203122
-0.308668 -0.813494 -0.492901   1.47438
        0         0         0         1

 0.204413 -0.566305  0.798444   1.02193
-0.929097  0.144577  0.340405  0.204404
 -0.30821 -0.811416 -0.496599   1.47622
        0         0         0         1

 0.206827 -0.573609  0.792588   1.02166
-0.928754  0.139613    0.3434  0.206273
-0.307633 -0.807144 -0.503866   1.47921
        0         0         0         1

 0.208534 -0.579254  0.788022   1.02136
-0.928779  0.135139   0.34512  0.207775
-0.306405 -0.803867 -0.509817   1.48137
        0         0         0         1

 0.212827 -0.588901   0.77968   1.02028
-0.928908  0.125538  0.348382  0.211719
-0.303041 -0.798396 -0.520317   1.48742
        0         0         0         1

 0.214822 -0.590393  0.778002   1.01959
-0.929157  0.121851  0.349026  0.213382
-0.300863 -0.797865 -0.522392   1.49007
        0         0         0         1

 0.217418 -0.591878   0.77615   1.01833
-0.929669  0.116708  0.349421  0.215636
-0.297398 -0.797533 -0.524877   1.49386
        0         0         0         1

 0.218598 -0.592793   0.77512   1.01739
-0.930265  0.113259   0.34897  0.217313
-0.294657 -0.797351 -0.526696   1.49699
        0         0         0         1

 0.221286 -0.592789   0.77436   1.01455
-0.933055  0.102237    0.3449  0.221875
-0.283621 -0.798842 -0.530481   1.50506
        0         0         0         1

 0.222482 -0.592023  0.774603   1.01313
-0.934418 0.0971864  0.342663  0.223676
-0.278145  -0.80004 -0.531575    1.5086
        0         0         0         1

 0.223444 -0.591244  0.774921   1.01132
-0.936731  0.089529  0.338408  0.226195
 -0.26946 -0.801508 -0.533832   1.51356
        0         0         0         1

 0.223954 -0.590785  0.775124   1.00994
-0.938495  0.083743  0.334984  0.228094
-0.262815 -0.802471 -0.535694   1.51741
        0         0         0         1

 0.225761  -0.59013  0.775099   1.00772
-0.940383  0.075748  0.331575  0.230479
-0.254384 -0.803747 -0.537847   1.52308
        0         0         0         1

  0.22658 -0.589925  0.775016    1.0062
-0.942025  0.069457  0.328276  0.232432
-0.247488 -0.804465 -0.539987    1.5273
        0         0         0         1

  0.22871 -0.592389  0.772507    1.0023
-0.945645 0.0532591  0.320811   0.23731
-0.231188  -0.80389 -0.548009   1.53925
        0         0         0         1

 0.229218  -0.59444  0.770779     1.001
-0.947003 0.0468865  0.317784   0.23932
-0.225043 -0.802772 -0.552189   1.54431
        0         0         0         1

 0.230222  -0.59797  0.767743  0.999126
-0.948593 0.0381779  0.314189  0.242088
-0.217186 -0.800609  -0.55844   1.55156
        0         0         0         1

  0.23147 -0.600731  0.765208  0.997553
-0.949386  0.032196  0.312458  0.244088
 -0.21234 -0.798803 -0.562873   1.55716
        0         0         0         1

 0.236002 -0.606549  0.759211  0.993278
-0.951164 0.0157875  0.308283   0.24953
-0.198975  -0.79489 -0.573201   1.57153
        0         0         0         1

   0.23817  -0.608147   0.757253   0.991396
  -0.95185 0.00879533   0.306437   0.251869
 -0.193019  -0.793775   -0.57677    1.57729
         0          0          0          1

   0.239944   -0.610994    0.754396    0.989128
  -0.952821 0.000586774    0.303531    0.255134
  -0.185898   -0.791635   -0.582027     1.58561
          0           0           0           1

   0.241619   -0.612348    0.752762    0.987195
  -0.953532 -0.00593758    0.301232    0.257649
  -0.179989   -0.790566   -0.585328     1.59166
          0           0           0           1

  0.243812  -0.613835   0.750841   0.984422
  -0.95439 -0.0142965    0.29822   0.261168
 -0.172324  -0.789305  -0.589324    1.60024
         0          0          0          1

   0.24537  -0.614791    0.74955   0.982436
 -0.954975 -0.0202688   0.295993   0.263761
 -0.166781   -0.78843  -0.592083     1.6067
         0          0          0          1

   0.24943  -0.615786   0.747391   0.976967
 -0.956618 -0.0366935   0.289024   0.271072
 -0.150553  -0.787059  -0.598224    1.62356
         0          0          0          1

   0.25074  -0.615431   0.747244   0.974621
 -0.957315 -0.0429789   0.285833   0.274097
 -0.143795  -0.787018  -0.599938    1.63028
         0          0          0          1

  0.252758  -0.614797   0.747086   0.971451
 -0.958211 -0.0521511    0.28127   0.278435
 -0.133963  -0.786959  -0.602287    1.63965
         0          0          0          1

  0.254749  -0.614243   0.746866   0.968909
 -0.958603 -0.0588044   0.278608   0.281662
 -0.127214  -0.786923  -0.603796    1.64669
         0          0          0          1

  0.259247   -0.61218   0.747012   0.962205
 -0.959929 -0.0780876   0.269145   0.290741
 -0.106433  -0.786854  -0.607893    1.66465
         0          0          0          1

  0.259584  -0.612577   0.746569   0.960166
 -0.960625 -0.0844834   0.264691    0.29459
-0.0990709  -0.785883  -0.610387     1.6724
         0          0          0          1

  0.260738  -0.612134   0.746531   0.956751
 -0.961411 -0.0943321   0.258439   0.299979
-0.0877772  -0.785107  -0.613108    1.68298
         0          0          0          1

 0.261381 -0.611405  0.746903  0.954111
-0.961999 -0.101696  0.253408  0.304182
-0.078978 -0.784756 -0.614752   1.69069
        0         0         0         1

 0.262883 -0.609309  0.748088  0.950056
-0.962481 -0.111562  0.247356  0.309903
-0.0672577 -0.785046 -0.615776   1.70155
        0         0         0         1

 0.263253 -0.607626  0.749326  0.947047
-0.963068 -0.119986  0.241048  0.314652
-0.0565582 -0.785108 -0.616771   1.70914
        0         0         0         1

 0.264919 -0.604245  0.751469  0.939467
-0.963721 -0.139593    0.2275  0.326784
-0.0325654 -0.784475 -0.619304   1.72979
        0         0         0         1

 0.265457  -0.60299  0.752287  0.936522
-0.963849 -0.147396  0.221966  0.331952
-0.0229592 -0.784014 -0.620319   1.73787
        0         0         0         1

 0.266497 -0.601955  0.752748  0.932842
 -0.96378 -0.158056  0.214815   0.33926
-0.0103324 -0.782731 -0.622274   1.74885
        0         0         0         1

 0.268165 -0.600695  0.753162  0.929629
-0.963372 -0.165948  0.210656  0.344727
-0.00155428 -0.782066 -0.623194   1.75714
        0         0         0         1

 0.272963    -0.598  0.753583  0.921834
-0.961784 -0.187153  0.199864  0.359481
0.0215168 -0.779339 -0.626233   1.77816
        0         0         0         1

  0.27592 -0.596879  0.753395  0.918375
-0.960718 -0.195576  0.196904  0.365359
0.0298184  -0.77813 -0.627395   1.78676
        0         0         0         1

 0.277842 -0.597855  0.751913  0.915123
-0.959745 -0.206291  0.190615  0.374262
0.0411526 -0.774605 -0.631105    1.7985
        0         0         0         1

  0.28071  -0.59705  0.751487  0.912099
-0.958525 -0.214609  0.187542  0.380763
 0.049304 -0.772965  -0.63253   1.80726
        0         0         0         1

 0.285159 -0.596565  0.750196  0.907443
 -0.95665  -0.22549  0.184322  0.389481
0.0592014 -0.770236 -0.635005   1.81959
        0         0         0         1

 0.288182 -0.595682  0.749743   0.90443
-0.955174 -0.234241  0.181037  0.396655
0.0677803 -0.768306 -0.636484   1.82791
        0         0         0         1

 0.296913 -0.593656  0.747941  0.896071
-0.950767 -0.256622  0.173745  0.415684
0.0887935 -0.762705 -0.640623   1.85034
        0         0         0         1

 0.300014 -0.591239  0.748618  0.892345
-0.948874 -0.265692  0.170431   0.42363
0.0981365 -0.761475 -0.640722   1.85826
        0         0         0         1

 0.302871 -0.591328  0.747396  0.889485
-0.946755 -0.276539  0.164865  0.435267
 0.109195 -0.757534 -0.643598   1.86991
        0         0         0         1

 0.307129 -0.588521  0.747873  0.885506
-0.944476 -0.284927  0.163652  0.443157
 0.116776 -0.756611 -0.643353   1.87862
        0         0         0         1

 0.315657 -0.585479  0.746709  0.877921
-0.938924 -0.306386  0.156681  0.465496
 0.137048 -0.750561 -0.646434   1.90108
        0         0         0         1

 0.319228 -0.583245   0.74694  0.874411
-0.936212 -0.316326  0.153117  0.475279
 0.146972 -0.748173 -0.647021   1.90929
        0         0         0         1

 0.322632 -0.581148  0.747111  0.870359
-0.932905 -0.328658  0.147215  0.488931
  0.15999  -0.74448 -0.648192   1.92032
        0         0         0         1

 0.325001 -0.578717  0.747972  0.867259
-0.930434 -0.337267  0.143334  0.498957
 0.169316 -0.742522 -0.648069   1.92855
        0         0         0         1

  0.33034 -0.573687  0.749506  0.861707
-0.926408 -0.349076  0.141118  0.512232
 0.180677 -0.740965 -0.646782   1.94054
        0         0         0         1

 0.332368 -0.571711  0.750119  0.858858
-0.924007 -0.356809   0.13747  0.522583
 0.189056 -0.738806 -0.646857   1.94873
        0         0         0         1

 0.342791 -0.565088  0.750446  0.848834
-0.915131  -0.38132   0.13088  0.550326
 0.212202 -0.731621 -0.647843   1.96836
        0         0         0         1

 0.346567  -0.56293  0.750334  0.845479
-0.911826 -0.389906  0.128634  0.561672
 0.220148 -0.728755 -0.648422   1.97625
        0         0         0         1

 0.352209 -0.562034  0.748376   0.84211
-0.907358 -0.401091   0.12581  0.577742
 0.229458 -0.723356 -0.651233   1.98695
        0         0         0         1

 0.357973 -0.560031  0.747141  0.838211
-0.904132 -0.407774  0.127538  0.588188
 0.233239  -0.72117 -0.652314   1.99566
        0         0         0         1

 0.370629 -0.554266  0.745267  0.827677
-0.894548 -0.428872  0.125909  0.618566
 0.249837 -0.713343  -0.65477   2.01489
        0         0         0         1

  0.37478 -0.552364  0.744603  0.823808
-0.890266 -0.438591  0.122739  0.631333
  0.25878 -0.708894 -0.656126   2.02117
        0         0         0         1

 0.381272 -0.550873  0.742409  0.819661
-0.885141 -0.449254  0.121223   0.64934
 0.266752 -0.703356 -0.658888   2.03112
        0         0         0         1

  0.38625 -0.548194  0.741819  0.814898
-0.880393 -0.459022  0.119192  0.662476
 0.275171  -0.69913 -0.659923     2.036
        0         0         0         1

 0.392419 -0.545397  0.740641  0.809632
-0.874554 -0.470655  0.116787  0.680525
 0.284891  -0.69356 -0.661674   2.04507
        0         0         0         1

 0.394231 -0.545425  0.739658  0.808153
-0.870767 -0.479033  0.110872    0.6957
 0.293848 -0.687779 -0.663787   2.05027
        0         0         0         1

 0.407108 -0.539158  0.737273  0.795954
-0.859344 -0.499613  0.109153  0.729187
   0.3095 -0.678008 -0.666719   2.06623
        0         0         0         1

 0.410688 -0.536339  0.737344  0.792522
-0.855218 -0.506983  0.107567  0.742155
 0.316128 -0.674766 -0.666898   2.07298
        0         0         0         1

 0.414123  -0.53574  0.735857  0.790839
-0.850089 -0.516609  0.102293  0.762786
 0.325348 -0.667906 -0.669366   2.08026
        0         0         0         1

 0.418589 -0.526421  0.740044  0.781847
-0.844674  -0.52502  0.104304  0.775429
  0.33363 -0.668756 -0.664422   2.08453
        0         0         0         1

 0.432233 -0.514582  0.740527  0.768511
 -0.83343 -0.541535  0.110154  0.809835
 0.344338  -0.66479 -0.662937    2.0987
        0         0         0         1

  0.43664 -0.510393   0.74084  0.764304
-0.829075 -0.547986  0.111115  0.824738
 0.349257 -0.662729 -0.662427   2.10179
        0         0         0         1

 0.442242 -0.501923    0.7433  0.756872
-0.822852 -0.556786  0.113596  0.844069
 0.356842 -0.661863 -0.659243   2.10765
        0         0         0         1

 0.442497 -0.498189  0.745657  0.754868
-0.820346 -0.560759  0.112165  0.858996
 0.362254 -0.661329 -0.656822   2.10931
        0         0         0         1

 0.445001 -0.487774  0.751033  0.750474
 -0.81529 -0.567639  0.114409  0.879379
  0.37051 -0.663222 -0.650276   2.11371
        0         0         0         1

 0.447037 -0.479601  0.755076  0.744307
-0.812785 -0.570286  0.118975  0.892062
 0.373548 -0.666901 -0.644752   2.11934
        0         0         0         1

 0.446298 -0.453365  0.771543  0.730882
-0.802473 -0.584326  0.120835  0.929569
  0.39605 -0.673071 -0.624596   2.12373
        0         0         0         1

 0.436948 -0.442025  0.783384  0.729655
 -0.80109 -0.587306  0.115436  0.947076
 0.409061 -0.678001 -0.610724   2.12158
        0         0         0         1

 0.422852 -0.425256  0.800221   0.72551
-0.804493 -0.582627  0.115487  0.967515
 0.417119 -0.692606  -0.58848   2.12401
        0         0         0         1

 0.402506 -0.404134   0.82138  0.714829
-0.810472 -0.574477  0.114508  0.982431
 0.425587 -0.711795  -0.55877   2.12234
        0         0         0         1

 0.389183 -0.380564  0.838873  0.707176
-0.813175 -0.569769   0.11878   0.99904
 0.432761 -0.728378  -0.53121   2.13125
        0         0         0         1

 0.380515 -0.343903  0.858451   0.70257
-0.800329 -0.587557  0.119372   1.02052
 0.463337 -0.732466 -0.498811   2.11791
        0         0         0         1

 0.398394 -0.343694  0.850386  0.694481
-0.788426 -0.602081  0.126028   1.05566
 0.468686 -0.720675 -0.510843   2.12661
        0         0         0         1

 0.400503 -0.349489  0.847027  0.689199
-0.781513 -0.612888  0.116644    1.0719
 0.478367 -0.708679 -0.518594   2.12069
        0         0         0         1

 0.403672 -0.363375  0.839647  0.690846
-0.782983 -0.611951  0.111595   1.08702
 0.473272 -0.702477 -0.531544   2.13412
        0         0         0         1

 0.397289 -0.364338   0.84227  0.689861
-0.779306 -0.618614 0.0999979   1.10399
 0.484607 -0.696114 -0.529699   2.12903
        0         0         0         1

  0.38839 -0.349098  0.852809  0.669633
-0.767563 -0.634656 0.0897706   1.13669
 0.509902 -0.689451 -0.514449   2.12729
        0         0         0         1

 0.386313 -0.347887  0.854247  0.669415
-0.762799 -0.641177 0.0838425   1.15089
 0.518556 -0.684008 -0.513063   2.12918
        0         0         0         1

  0.37684 -0.345067  0.859605  0.667234
-0.757627 -0.648736  0.071715   1.17033
  0.53291 -0.678285 -0.505902   2.12977
        0         0         0         1

 0.370113 -0.338988   0.86493  0.660078
-0.752852 -0.654926 0.0654719   1.18382
  0.54427 -0.675396 -0.497604   2.12947
        0         0         0         1

