 0.604577 -0.209318  0.768552   1.16069
 -0.78288  0.021818   0.62179   1.08119
 -0.14692 -0.977604  -0.15068    1.7875
        0         0         0         1

 0.599726 -0.214975  0.770788   1.16178
-0.780651 0.0544647   0.62259   1.06972
-0.175822   -0.9751 -0.135157   1.77097
        0         0         0         1

 0.598147 -0.220781  0.770374   1.16343
-0.778758 0.0666945   0.62377   1.06571
-0.189096  -0.97304 -0.132042   1.76376
        0         0         0         1

 0.593962 -0.228006  0.771506   1.16485
-0.778576 0.0785419  0.622616    1.0606
-0.202556 -0.970487 -0.130869   1.75402
        0         0         0         1

 0.591223 -0.237171  0.770847   1.16661
 -0.77645 0.0911238  0.623556   1.05568
-0.218132 -0.967185 -0.130277   1.74759
        0         0         0         1

 0.593579 -0.247573  0.765749    1.1631
-0.770765 0.0988048  0.629412     1.052
-0.231485 -0.963818 -0.132172   1.73927
        0         0         0         1

 0.594436 -0.253348  0.763192    1.1653
-0.765665  0.111751  0.633458   1.04759
-0.245773 -0.960899 -0.127551   1.73494
        0         0         0         1

 0.591316 -0.270903  0.759577   1.16309
-0.755476   0.14344  0.639282   1.03765
-0.282137 -0.951859 -0.119843   1.72334
        0         0         0         1

 0.587362 -0.279229  0.759629   1.16433
-0.753582  0.153613  0.639153   1.03554
-0.295159 -0.947858 -0.120196   1.71679
        0         0         0         1

 0.585739  -0.28858  0.757385   1.16432
-0.749976  0.161346  0.641485   1.03263
-0.307321 -0.943763 -0.121922   1.70653
        0         0         0         1

 0.586635 -0.295039  0.754196   1.16308
-0.744403  0.170317  0.645645   1.02962
-0.318943 -0.940183 -0.119714   1.70094
        0         0         0         1

 0.589956 -0.310435  0.745374   1.16651
-0.730031  0.189329  0.656665   1.02426
-0.344973  -0.93155 -0.114931   1.69008
        0         0         0         1

 0.585152 -0.320094  0.745075   1.17348
-0.729377  0.193806  0.656086   1.02261
-0.354409 -0.927351 -0.120064   1.68092
        0         0         0         1

 0.587494 -0.328331  0.739628   1.17404
-0.722422  0.199044  0.662185   1.02141
-0.364634 -0.923353 -0.120257    1.6743
        0         0         0         1

  0.58855 -0.334914  0.735827   1.17459
-0.718231  0.201236  0.666069   1.01987
-0.371151 -0.920509 -0.122108   1.66696
        0         0         0         1

 0.590411 -0.344335  0.729964   1.17407
-0.709556  0.209572  0.672763   1.01727
-0.384636 -0.915157 -0.120592   1.66326
        0         0         0         1

 0.591584 -0.348639  0.726966   1.17441
-0.705192  0.213314  0.676167   1.01638
 -0.39081  -0.91266 -0.119664   1.65824
        0         0         0         1

 0.597776   -0.3594  0.716586   1.17356
-0.690445  0.223412  0.688021   1.01393
-0.407369 -0.906045 -0.114596   1.64718
        0         0         0         1

 0.600686 -0.360935  0.713374    1.1743
-0.685723  0.226167  0.691833   1.01319
-0.411048 -0.904751 -0.111646    1.6418
        0         0         0         1

 0.603752 -0.362601  0.709933   1.17811
-0.678531  0.233695  0.696407   1.01192
-0.418425 -0.902168 -0.104942   1.63865
        0         0         0         1

 0.604701 -0.363912  0.708452   1.18098
-0.675242  0.237457  0.698329    1.0111
-0.422357 -0.900657 -0.102138   1.63408
        0         0         0         1

 0.612957 -0.371026  0.697584   1.18173
 -0.66224  0.240305  0.709712   1.01007
-0.430955 -0.896991 -0.098412   1.62306
        0         0         0         1

  0.610237   -0.37529   0.697687    1.18591
 -0.659946   0.246391   0.709762    1.00924
 -0.438271  -0.893559 -0.0973142    1.62075
         0          0          0          1

  0.611206  -0.378911   0.694877    1.18737
 -0.656257   0.248166   0.712559     1.0084
 -0.442442  -0.891538 -0.0969826    1.61605
         0          0          0          1

  0.613054  -0.383554   0.690688    1.18569
 -0.650121    0.25182   0.716888     1.0079
 -0.448895  -0.888523 -0.0949773    1.61484
         0          0          0          1

     0.609  -0.388106   0.691732    1.18865
 -0.648539    0.25843   0.715969    1.00707
 -0.456636   -0.88464 -0.0943184    1.61252
         0          0          0          1

  0.607421  -0.392441   0.690674    1.18951
 -0.646661   0.260702   0.716844    1.00724
 -0.461378  -0.882057 -0.0954203    1.60887
         0          0          0          1

  0.610361   -0.39632    0.68585    1.18765
 -0.638372   0.266516   0.722115     1.0071
 -0.468979  -0.878578 -0.0903283    1.60137
         0          0          0          1

  0.606115  -0.396724   0.689373    1.19286
 -0.639758   0.271803   0.718911     1.0068
 -0.472583  -0.876774 -0.0890636     1.5991
         0          0          0          1

  0.605479  -0.394699   0.691092    1.19524
 -0.639066   0.276416   0.717766    1.00722
  -0.47433  -0.876246 -0.0848745    1.59491
         0          0          0          1

  0.607392  -0.392184   0.690845    1.19531
 -0.637878    0.27755   0.718385    1.00763
 -0.473484  -0.877016 -0.0815842     1.5907
         0          0          0          1

   0.60881  -0.390365   0.690627    1.19682
 -0.636578   0.279117   0.718931    1.00793
 -0.473411   -0.87733 -0.0785687    1.58152
         0          0          0          1

  0.611485  -0.389681   0.688647    1.19466
 -0.633537    0.28029   0.721157    1.00735
 -0.474042   -0.87726 -0.0754843    1.58087
         0          0          0          1

  0.612358  -0.390246    0.68755    1.19532
 -0.630819   0.283022   0.722472     1.0077
 -0.476534  -0.876132 -0.0728641     1.5805
         0          0          0          1

  0.611233   -0.38994   0.688724    1.19848
 -0.629621     0.2877   0.721669     1.0076
 -0.479554  -0.874743 -0.0696629    1.58151
         0          0          0          1

 0.610153 -0.390331   0.68946   1.20039
-0.630542  0.287671  0.720876   1.00856
-0.479718 -0.874578 -0.070597   1.57685
        0         0         0         1

  0.608842  -0.391793    0.68979     1.2029
 -0.629283   0.290918   0.720673    1.00801
 -0.483027  -0.872849 -0.0694252    1.57688
         0          0          0          1

  0.605619  -0.396583   0.689889    1.20684
 -0.630663   0.289491   0.720041    1.00944
 -0.485273  -0.871158 -0.0747889    1.56732
         0          0          0          1

  0.605561  -0.398132   0.689048    1.20824
 -0.629859   0.289423   0.720772    1.00999
 -0.486388  -0.870474 -0.0755037    1.56614
         0          0          0          1

  0.605816  -0.401307   0.686979    1.20847
 -0.628371   0.288272    0.72253    1.01032
 -0.487993  -0.869397 -0.0775296    1.56371
         0          0          0          1

  0.607309  -0.403955   0.684102    1.20609
 -0.625989   0.286908   0.725136    1.01031
 -0.489197  -0.868622 -0.0786295    1.56196
         0          0          0          1

  0.605012  -0.407732   0.683897    1.21018
 -0.626242   0.286765   0.724973    1.01165
 -0.491713  -0.866903 -0.0818431      1.561
         0          0          0          1

  0.604807  -0.408352   0.683708    1.21049
 -0.626011   0.286899   0.725121    1.01142
  -0.49226  -0.866567 -0.0821143    1.56128
         0          0          0          1

  0.604259  -0.408918   0.683855    1.21074
 -0.627021   0.285542   0.724783     1.0119
 -0.491646  -0.866748 -0.0838585    1.56011
         0          0          0          1

  0.603559  -0.408315   0.684832    1.21065
 -0.628212   0.285385   0.723812    1.01194
 -0.490985  -0.867084 -0.0842618    1.55898
         0          0          0          1

  0.603993  -0.407432   0.684976    1.20964
 -0.628147   0.285623   0.723775    1.01175
 -0.490534  -0.867421 -0.0834128    1.55954
         0          0          0          1

  0.601657  -0.407204   0.687164    1.21238
 -0.630391   0.286247   0.721574    1.01157
 -0.490526  -0.867322 -0.0844754    1.55927
         0          0          0          1

   0.59757  -0.408997    0.68966    1.21614
 -0.634353   0.284925    0.71862    1.01188
 -0.490415  -0.866913 -0.0891859    1.55655
         0          0          0          1

  0.59368 -0.409557  0.692682   1.22007
-0.638666  0.283852  0.715216   1.01215
 -0.48954 -0.867001 -0.093053   1.55401
        0         0         0         1

  0.591705  -0.411277   0.693351    1.22185
 -0.638661   0.285682   0.714491    1.01139
 -0.491932  -0.865585 -0.0936277    1.55511
         0          0          0          1

  0.594358   -0.41263   0.690272    1.21868
 -0.635631   0.284783   0.717546    1.01134
 -0.492659  -0.865237 -0.0930176    1.55537
         0          0          0          1

  0.594887  -0.415239   0.688249    1.21918
 -0.636685   0.279237    0.71879    1.01162
 -0.490654  -0.865796 -0.0982618    1.55246
         0          0          0          1

 0.594622 -0.416972  0.687429   1.21933
-0.637248   0.27692  0.719187   1.01183
-0.490244 -0.865708 -0.101052   1.55144
        0         0         0         1

 0.595563 -0.419004  0.685376   1.21836
 -0.63717  0.273182  0.720684   1.01187
-0.489202 -0.865914 -0.104279   1.55001
        0         0         0         1

 0.595239 -0.420532  0.684721    1.2184
-0.636742  0.272934  0.721156    1.0114
-0.490153 -0.865251  -0.10531   1.55103
        0         0         0         1

 0.595058 -0.421599  0.684223   1.21816
-0.636396  0.272757  0.721529   1.01112
-0.490822 -0.864788 -0.105997   1.55209
        0         0         0         1

 0.595743 -0.422858  0.682848   1.21708
-0.636131  0.270618  0.722567   1.01127
-0.490335 -0.864845 -0.107774   1.55208
        0         0         0         1

 0.592694 -0.424333  0.684584   1.21891
-0.639004  0.269668  0.720384   1.01093
-0.490292  -0.86442  -0.11132   1.55203
        0         0         0         1

 0.590892 -0.424985  0.685737   1.21987
-0.640403  0.269855  0.719071   1.01063
-0.490644 -0.864041 -0.112706   1.55178
        0         0         0         1

 0.591726 -0.425637  0.684612   1.21902
-0.639343  0.269493  0.720149   1.01044
-0.491021 -0.863832 -0.112662   1.55242
        0         0         0         1

  0.59216 -0.426847  0.683482   1.21807
-0.637902  0.269945  0.721256   1.01005
-0.492368 -0.863094 -0.112436   1.55359
        0         0         0         1

 0.593507 -0.426303  0.682653   1.21679
-0.637497  0.268734  0.722067   1.00979
-0.491271 -0.863741 -0.112271   1.55389
        0         0         0         1

 0.592328 -0.426828  0.683348   1.21782
-0.638336  0.268893  0.721265   1.00962
-0.491604 -0.863432 -0.113187   1.55432
        0         0         0         1

 0.592021 -0.426826  0.683616   1.21791
-0.640026   0.26649  0.720659   1.00933
-0.489773 -0.864177 -0.115412   1.55504
        0         0         0         1

 0.592678 -0.426649  0.683157   1.21757
-0.641331   0.26314   0.72073   1.00928
-0.487264 -0.865291 -0.117666   1.55494
        0         0         0         1

 0.593628 -0.426485  0.682434   1.21729
-0.641984  0.260364  0.721156   1.00942
-0.485244  -0.86621 -0.119237   1.55587
        0         0         0         1

 0.595799 -0.425239  0.681318   1.21399
-0.641608  0.258243  0.722254   1.00894
-0.483076 -0.867457 -0.118976   1.55853
        0         0         0         1

 0.597487 -0.420207  0.682961   1.21142
-0.646374  0.251667  0.720323   1.00904
-0.474563 -0.871831 -0.121243   1.56559
        0         0         0         1

 0.598176 -0.419214  0.682968   1.21137
 -0.64697  0.250279  0.720271   1.00878
 -0.47288 -0.872709 -0.121508   1.57089
        0         0         0         1

 0.599286 -0.417629  0.682966   1.20949
-0.650964  0.242332   0.71939   1.00969
-0.465942 -0.875706 -0.126635    1.5724
        0         0         0         1

  0.60156 -0.414292  0.682999   1.20834
 -0.65489  0.233831  0.718639   1.00994
-0.457433 -0.879594 -0.130652    1.5735
        0         0         0         1

 0.603942 -0.412691  0.681865   1.20696
-0.658472  0.223674  0.718599   1.01042
-0.449075 -0.882981  -0.13666   1.57647
        0         0         0         1

 0.599641 -0.411374  0.686441   1.21192
-0.666366  0.218326  0.712944   1.01121
-0.443155 -0.884932 -0.143209   1.57909
        0         0         0         1

  0.60705   -0.4085  0.681629   1.20946
-0.671228  0.195563  0.714988   1.01291
-0.425374 -0.891562  -0.15548   1.58753
        0         0         0         1

 0.610302  -0.40656  0.679883   1.20801
-0.672567  0.187537   0.71588   1.01331
-0.418551 -0.894169 -0.158984   1.59306
        0         0         0         1

 0.611708 -0.404164  0.680048   1.20907
-0.678325  0.174348  0.713777   1.01434
-0.407048 -0.897917 -0.167505   1.59817
        0         0         0         1

  0.61679 -0.398373  0.678873    1.2069
-0.680074  0.164546  0.714439   1.01575
-0.396319 -0.902343 -0.169433   1.60454
        0         0         0         1

 0.627792  -0.38669  0.675535   1.20266
 -0.68805  0.130114  0.713903   1.01937
-0.363956 -0.912985 -0.184377   1.61425
        0         0         0         1

 0.629112 -0.383974  0.675857   1.20324
-0.692194  0.118874  0.711854   1.02106
-0.353676  -0.91566    -0.191   1.62164
        0         0         0         1

 0.634665 -0.379111  0.673406   1.20164
-0.694557  0.102208   0.71214   1.02283
-0.338808 -0.919689 -0.198446   1.63226
        0         0         0         1

 0.636058 -0.374894  0.674452   1.20338
-0.699449 0.0890241  0.709116   1.02394
-0.325886 -0.922783 -0.205595   1.64027
        0         0         0         1

 0.640584 -0.370322  0.672691   1.20222
-0.702665 0.0706228  0.708007   1.02685
-0.309698 -0.926215 -0.214973   1.65038
        0         0         0         1

 0.644959 -0.365255   0.67128   1.20098
-0.706022 0.0514257  0.706321   1.02949
-0.292508 -0.929486 -0.224711   1.65631
        0         0         0         1

 0.652741 -0.352184  0.670743    1.1983
-0.712465 0.0155998  0.701534   1.03499
-0.257532 -0.935801 -0.240736   1.68055
        0         0         0         1

   0.652542   -0.349524    0.672326     1.19934
  -0.718048 -0.00178575    0.695991     1.03725
  -0.242065   -0.936926   -0.252141     1.68928
          0           0           0           1

  0.657129   -0.34378   0.670818    1.19527
 -0.721509 -0.0292676   0.691787    1.04345
 -0.218189  -0.938594  -0.267273     1.6972
         0          0          0          1

  0.661546  -0.337132   0.669849     1.1929
  -0.72272 -0.0483024   0.689451    1.04755
 -0.200081  -0.940217  -0.275606    1.70722
         0          0          0          1

  0.664906   -0.32286   0.673544    1.19096
 -0.731436 -0.0987477   0.674722    1.05952
  -0.15133  -0.941281  -0.301809    1.72494
         0          0          0          1

 0.673697 -0.312579  0.669646   1.18284
-0.727141 -0.118647  0.676157   1.06447
-0.131901 -0.942453 -0.307222    1.7349
        0         0         0         1

 0.673842 -0.305754  0.672645   1.18325
-0.729941 -0.134326  0.670181   1.07026
-0.114557 -0.942587 -0.313697   1.75202
        0         0         0         1

 0.674571 -0.298828  0.675023   1.18048
-0.732253  -0.15494  0.663173   1.07567
-0.0935866 -0.941645 -0.323335   1.76101
        0         0         0         1

 0.676588 -0.290796  0.676511   1.17706
-0.733322 -0.182686  0.654878   1.08418
-0.0668475 -0.939182  -0.33685   1.76938
        0         0         0         1

 0.677811 -0.283811   0.67825    1.1725
-0.733536 -0.198357  0.650061   1.08929
-0.0499591 -0.938139 -0.342635   1.78313
        0         0         0         1

 0.682062 -0.263528  0.682161   1.16162
 -0.73129 -0.248773   0.63508   1.10631
0.00234178 -0.932022 -0.362394     1.803
        0         0         0         1

 0.680986 -0.259265  0.684865   1.15863
-0.732036 -0.265943  0.627214   1.11356
0.0195201  -0.92847 -0.370895   1.81528
        0         0         0         1

 0.679762 -0.254873  0.687723   1.15638
-0.732232  -0.28946  0.616481   1.12379
0.0419446 -0.922634  -0.38339   1.82808
        0         0         0         1

 0.674101 -0.252858   0.69401   1.15878
-0.736288 -0.304945  0.604061   1.13186
 0.058893 -0.918189  -0.39174   1.83775
        0         0         0         1

 0.672601 -0.242785  0.699045   1.15034
-0.733245 -0.346054   0.58532   1.15211
0.0998004 -0.906257 -0.410777   1.86006
        0         0         0         1

 0.673463 -0.236246  0.700454   1.14432
-0.728961 -0.369566  0.576226   1.16222
 0.122733 -0.898671 -0.421103   1.86419
        0         0         0         1

 0.673807 -0.227546  0.702999   1.13634
-0.725121 -0.386549  0.569893   1.17369
 0.142067 -0.893758 -0.425458   1.87827
        0         0         0         1

 0.672804 -0.227407  0.704003   1.13526
-0.722914 -0.404353  0.560263   1.18375
 0.157258 -0.885881 -0.436446   1.88476
        0         0         0         1

  0.67293 -0.225161  0.704605   1.13527
-0.720591  -0.41469   0.55568   1.19469
 0.167075 -0.881666 -0.441306   1.90099
        0         0         0         1

