 -0.245358 -0.0992374    0.96434   0.616399
  0.957321  -0.181555   0.224888    1.06153
  0.152764   0.978361   0.139548    1.97626
         0          0          0          1

 -0.244915 -0.0991025   0.964466    0.61643
  0.957375  -0.181834    0.22443    1.06085
  0.153131   0.978323   0.139412    1.97638
         0          0          0          1

-0.248097 -0.101289  0.963425  0.607418
 0.955976  -0.18648  0.226573   1.04859
  0.15671  0.977223  0.143095   1.97528
        0         0         0         1

 -0.240488 -0.0955208   0.965941   0.609735
  0.956718   -0.19134   0.219271    1.03303
  0.163878   0.976865   0.137401    1.97163
         0          0          0          1

 -0.237418 -0.0950787   0.966743   0.607162
   0.95625  -0.197994   0.215369    1.02195
  0.170932   0.975581   0.137926    1.97336
         0          0          0          1

 -0.236129 -0.0978696   0.966781   0.600588
  0.956426  -0.199241    0.21343    1.01296
  0.171734   0.975051   0.140652    1.96878
         0          0          0          1

 -0.231148 -0.0993181   0.967836   0.600671
  0.957612   -0.19899   0.208286    1.00725
  0.171903   0.974956   0.141104    1.96312
         0          0          0          1

-0.231559 -0.099805  0.967688  0.592013
 0.957155 -0.201168  0.208291  0.996545
 0.173879  0.974459  0.142111   1.95944
        0         0         0         1

 -0.230242 -0.0991329   0.968071   0.588176
  0.955906  -0.209398   0.205905   0.983418
    0.1823   0.972792   0.142974    1.96426
         0          0          0          1

-0.216039 -0.096291  0.971625   0.58986
 0.957982   -0.2132  0.191877  0.970366
 0.188675  0.972252  0.138305   1.95822
        0         0         0         1

  -0.20892 -0.0961402   0.973196    0.58774
  0.958782  -0.216114   0.184476   0.957676
  0.192585   0.971623   0.137328    1.95197
         0          0          0          1

 -0.203495 -0.0945252   0.974502   0.590542
  0.959811  -0.215739     0.1795   0.955003
  0.193271   0.971865   0.134628    1.95054
         0          0          0          1

 -0.202056 -0.0952151   0.974735   0.586402
  0.959019  -0.221092   0.177201   0.945594
  0.198634   0.970594   0.135986    1.94788
         0          0          0          1

 -0.203189 -0.0939946   0.974618   0.577724
  0.957171  -0.228735   0.177492   0.933067
  0.206246    0.96894   0.136445     1.9482
         0          0          0          1

 -0.196018 -0.0898305   0.976477   0.568171
  0.955197  -0.242682   0.169421   0.904899
  0.221754   0.965938   0.133376    1.94042
         0          0          0          1

 -0.196018 -0.0898305   0.976477   0.568171
  0.955197  -0.242682   0.169421   0.904899
  0.221754   0.965938   0.133376    1.94042
         0          0          0          1

 -0.194592 -0.0928083   0.976484   0.559977
  0.955168  -0.244391   0.167117    0.89107
  0.223134   0.965225   0.136204    1.92797
         0          0          0          1

-0.193831  -0.09222  0.976691  0.559691
 0.955058 -0.245326  0.166374  0.889137
 0.224264  0.965044  0.135627   1.92706
        0         0         0         1

  -0.18993 -0.0854129   0.978075   0.557925
  0.954099  -0.251019   0.163354   0.873283
  0.231563   0.964206   0.129169    1.92051
         0          0          0          1

 -0.189844 -0.0773576   0.978762   0.554893
  0.952157  -0.257677   0.164317   0.862433
  0.239494   0.963129   0.122575    1.91886
         0          0          0          1

-0.204234 -0.070293  0.976395  0.543987
 0.945956 -0.270834  0.178369  0.843111
 0.251903  0.960056  0.121808   1.90797
        0         0         0         1

-0.204234 -0.070293  0.976395  0.543987
 0.945956 -0.270834  0.178369  0.843111
 0.251903  0.960056  0.121808   1.90797
        0         0         0         1

 -0.220615 -0.0610065   0.973451   0.543046
  0.938433  -0.285303   0.194798   0.829183
  0.265844   0.956494   0.120193    1.89495
         0          0          0          1

 -0.220615 -0.0610065   0.973451   0.543046
  0.938433  -0.285303   0.194798   0.829183
  0.265844   0.956494   0.120193    1.89495
         0          0          0          1

 -0.235783 -0.0592616   0.969997   0.537078
  0.931976  -0.296616   0.208419    0.81964
  0.275366   0.953156   0.125168    1.88888
         0          0          0          1

 -0.259445 -0.0588802   0.963961   0.532717
  0.919777  -0.319384   0.228045   0.804073
  0.294446   0.945794   0.137019    1.87636
         0          0          0          1

 -0.266407 -0.0573168   0.962155   0.534617
  0.915897  -0.326028   0.234177    0.79865
  0.300267   0.943621   0.139352    1.86864
         0          0          0          1

 -0.276492 -0.0548906   0.959447   0.532595
  0.909481   -0.33749   0.242785   0.789871
  0.310477   0.939727   0.143235    1.86426
         0          0          0          1

  -0.28559 -0.0539973   0.956829   0.531334
  0.904636  -0.344755   0.250556   0.781165
  0.316343   0.937138   0.147307    1.85652
         0          0          0          1

 -0.300837 -0.0533387   0.952183   0.530103
  0.893482  -0.364861   0.261852   0.766508
  0.333448   0.929533   0.157421    1.84574
         0          0          0          1

 -0.326579 -0.0669007   0.942799   0.520037
  0.880562  -0.383996   0.277772   0.749584
  0.343448   0.920908   0.184315     1.8287
         0          0          0          1

 -0.326579 -0.0669007   0.942799   0.520037
  0.880562  -0.383996   0.277772   0.749584
  0.343448   0.920908   0.184315     1.8287
         0          0          0          1

 -0.335045 -0.0596257   0.940314   0.522466
  0.873504   -0.39375   0.286272   0.743339
  0.353179   0.917282   0.184007     1.8194
         0          0          0          1

 -0.344103 -0.0590914   0.937071   0.519861
  0.868696  -0.398774   0.293848   0.737362
  0.356316   0.915143   0.188552    1.81137
         0          0          0          1

-0.361392 -0.054548  0.930817  0.520443
 0.852176 -0.424464  0.305985  0.719175
 0.378407    0.9038  0.199882   1.78881
        0         0         0         1

-0.361392 -0.054548  0.930817  0.520443
 0.852176 -0.424464  0.305985  0.719175
 0.378407    0.9038  0.199882   1.78881
        0         0         0         1

 -0.368726 -0.0524794   0.928055   0.519608
  0.846068  -0.432451   0.311698    0.71223
  0.384981   0.900129   0.203857    1.77997
         0          0          0          1

 -0.376108 -0.0510879   0.925166   0.517899
  0.839085  -0.442316   0.316689   0.704525
  0.393037   0.895403   0.209226    1.77294
         0          0          0          1

-0.388475 -0.049155  0.920147  0.515108
 0.829701 -0.453059  0.326087  0.694645
 0.400852  0.890124  0.216786   1.75821
        0         0         0         1

 -0.401095 -0.0451558   0.914923   0.511706
  0.818761  -0.465577    0.33596   0.684923
  0.410797   0.883855   0.223712    1.74583
         0          0          0          1

 -0.414477 -0.0455887   0.908917   0.509446
  0.807715  -0.478578   0.344324   0.673641
  0.419291   0.876861   0.235182    1.72643
         0          0          0          1

 -0.414477 -0.0455887   0.908917   0.509446
  0.807715  -0.478578   0.344324   0.673641
  0.419291   0.876861   0.235182    1.72643
         0          0          0          1

 -0.425976 -0.0373084   0.903965   0.507522
  0.793065   -0.49626   0.353234   0.661579
  0.435423   0.867372   0.240983    1.70917
         0          0          0          1

 -0.425976 -0.0373084   0.903965   0.507522
  0.793065   -0.49626   0.353234   0.661579
  0.435423   0.867372   0.240983    1.70917
         0          0          0          1

 -0.435249 -0.0246046   0.899974   0.508194
  0.774848  -0.519252   0.360539   0.645887
  0.458443   0.854267   0.245069    1.68401
         0          0          0          1

 -0.435249 -0.0246046   0.899974   0.508194
  0.774848  -0.519252   0.360539   0.645887
  0.458443   0.854267   0.245069    1.68401
         0          0          0          1

 -0.441524 -0.0212191   0.896999   0.505777
  0.767788  -0.526241   0.365475   0.639534
  0.464282   0.850071    0.24864    1.67103
         0          0          0          1

 -0.442818 -0.0174716   0.896441   0.505675
  0.763619  -0.531324   0.366852   0.635668
  0.469891   0.846989   0.248621    1.66422
         0          0          0          1

   -0.45119 -0.00843029    0.892388    0.503068
   0.753332     -0.5397    0.375785     0.62841
   0.478454    0.841815    0.249858     1.65386
          0           0           0           1

  -0.455686 -0.00551199    0.890123    0.503862
   0.745961   -0.547984    0.378491    0.622217
   0.485687     0.83647    0.253821      1.6367
          0           0           0           1

    -0.4614 -0.00174389    0.887191     0.50225
   0.735147   -0.560558    0.381225    0.612707
   0.496657    0.828113    0.259924     1.61971
          0           0           0           1

    -0.4614 -0.00174389    0.887191     0.50225
   0.735147   -0.560558    0.381225    0.612707
   0.496657    0.828113    0.259924     1.61971
          0           0           0           1

 -0.461485 0.00400043   0.887139   0.504775
  0.725496  -0.573817   0.379987    0.60558
  0.510576   0.818974   0.261906    1.60482
         0          0          0          1

 -0.461485 0.00400043   0.887139   0.504775
  0.725496  -0.573817   0.379987    0.60558
  0.510576   0.818974   0.261906    1.60482
         0          0          0          1

 -0.466999 0.00944339   0.884207   0.503725
  0.713604   -0.58648   0.383158   0.597836
  0.522188   0.809909   0.267147    1.59064
         0          0          0          1

-0.468032 0.0109562  0.883644   0.50397
 0.710076 -0.590576  0.383422  0.594491
  0.52606  0.806908  0.268628   1.58119
        0         0         0         1

-0.473154 0.0153025  0.880847  0.501709
 0.700604 -0.599646  0.386753  0.586986
 0.534115  0.800119  0.273004   1.56474
        0         0         0         1

-0.473154 0.0153025  0.880847  0.501709
 0.700604 -0.599646  0.386753  0.586986
 0.534115  0.800119  0.273004   1.56474
        0         0         0         1

-0.474145 0.0178591  0.880266  0.502208
 0.693342 -0.608629  0.385808  0.582611
 0.542646  0.793254  0.276196   1.55421
        0         0         0         1

-0.474556 0.0216442  0.879959  0.502488
 0.687024 -0.615847  0.385656  0.578401
 0.550267  0.787568  0.277384   1.54404
        0         0         0         1

-0.473511 0.0246011  0.880444  0.505035
 0.680827 -0.623967   0.38359  0.574149
 0.558804  0.781064  0.278706   1.52982
        0         0         0         1

-0.473511 0.0246011  0.880444  0.505035
 0.680827 -0.623967   0.38359  0.574149
 0.558804  0.781064  0.278706   1.52982
        0         0         0         1

-0.475062  0.032643  0.879346   0.50371
 0.671086 -0.632938  0.386047  0.567782
 0.569174  0.773514  0.278779    1.5172
        0         0         0         1

-0.475062  0.032643  0.879346   0.50371
 0.671086 -0.632938  0.386047  0.567782
 0.569174  0.773514  0.278779    1.5172
        0         0         0         1

-0.474822 0.0359677  0.879346   0.50436
 0.666929 -0.637232  0.386188  0.565351
 0.574238  0.769832  0.278584   1.51134
        0         0         0         1

-0.476089 0.0401718  0.878479  0.503543
 0.661597 -0.641736  0.387896  0.560461
 0.579335  0.765872  0.278946   1.49705
        0         0         0         1

-0.477404 0.0454383  0.877509  0.503175
 0.653839 -0.648791  0.389313  0.554685
 0.587009  0.759609  0.280026   1.48464
        0         0         0         1

-0.477404 0.0454383  0.877509  0.503175
 0.653839 -0.648791  0.389313  0.554685
 0.587009  0.759609  0.280026   1.48464
        0         0         0         1

-0.478735 0.0485563  0.876616  0.502044
 0.649273 -0.652518  0.390723   0.55166
 0.590979  0.756216  0.280857    1.4798
        0         0         0         1

-0.479995 0.0518422  0.875738  0.503323
 0.643264 -0.657965  0.391526  0.547818
 0.596503  0.751262  0.282472   1.46898
        0         0         0         1

 -0.48119 0.0519481  0.875076  0.503792
 0.640202  -0.66109  0.391282  0.546401
  0.59883  0.748506  0.284852   1.46389
        0         0         0         1

-0.481865 0.0526793   0.87466    0.5042
 0.637454  -0.66381  0.391164   0.54499
 0.601214  0.746044  0.286286   1.45875
        0         0         0         1

-0.485235 0.0539632  0.872717   0.50312
 0.633183 -0.666645  0.393274  0.542001
 0.603014   0.74342  0.289311   1.45416
        0         0         0         1

-0.487828  0.052456  0.871362  0.502618
 0.631094 -0.668456  0.393556  0.540039
 0.603112  0.741899  0.292987   1.44848
        0         0         0         1

-0.487833 0.0524842  0.871358  0.503034
 0.626571 -0.673965  0.391383  0.535345
 0.607806  0.736897  0.295898   1.43387
        0         0         0         1

-0.487833 0.0524842  0.871358  0.503034
 0.626571 -0.673965  0.391383  0.535345
 0.607806  0.736897  0.295898   1.43387
        0         0         0         1

-0.490405 0.0535593  0.869847  0.501327
 0.623197  -0.67616  0.392981   0.53269
 0.609203  0.734806  0.298214   1.42954
        0         0         0         1

-0.487656 0.0520749  0.871481  0.503609
 0.623051 -0.678486  0.389184  0.532585
 0.611555  0.732765  0.298423   1.42596
        0         0         0         1

-0.488548 0.0496495  0.871123  0.503895
 0.622732 -0.679473   0.38797  0.531669
 0.611167  0.732019  0.301037   1.42108
        0         0         0         1

-0.493317 0.0493825  0.868447  0.501562
 0.617311 -0.683517  0.389527  0.527256
 0.612834  0.728262  0.306706   1.41406
        0         0         0         1

-0.496224  0.046825  0.866931  0.500896
 0.614699 -0.686215  0.388913  0.525123
 0.613112   0.72589  0.311733   1.40874
        0         0         0         1

-0.498561 0.0453439  0.865668  0.499812
 0.613754 -0.686757   0.38945  0.523844
 0.612163  0.725471   0.31456   1.40537
        0         0         0         1

-0.502528  0.041224  0.863577  0.499225
 0.610774 -0.690024  0.388358  0.521202
 0.611899  0.722612  0.321578   1.39873
        0         0         0         1

-0.502528  0.041224  0.863577  0.499225
 0.610774 -0.690024  0.388358  0.521202
 0.611899  0.722612  0.321578   1.39873
        0         0         0         1

-0.505869 0.0380134  0.861772  0.499358
 0.607267 -0.693828  0.387077  0.519311
 0.612636  0.719136  0.327902   1.39418
        0         0         0         1

-0.507936 0.0329098  0.860766  0.500541
 0.606355 -0.696098  0.384423  0.518529
 0.611829  0.717192  0.333618   1.38825
        0         0         0         1

-0.510435 0.0331632  0.859276  0.499372
 0.602848 -0.698776  0.385078  0.516672
 0.613212  0.714571  0.336688   1.38562
        0         0         0         1

-0.511231 0.0331754  0.858803  0.499448
 0.600082 -0.701569   0.38432  0.515511
  0.61526  0.711829  0.338756   1.38426
        0         0         0         1

-0.513715 0.0287062  0.857481  0.498832
 0.598573 -0.704027  0.382173   0.51423
 0.614661  0.709593  0.344486   1.37789
        0         0         0         1

-0.516614 0.0259534  0.855825  0.498138
   0.5968 -0.705809  0.381659  0.513009
 0.613954  0.707927  0.349142   1.37375
        0         0         0         1

-0.519964 0.0222632  0.853898  0.497184
 0.593921 -0.709048  0.380143  0.510958
 0.613918  0.704809  0.355457   1.36672
        0         0         0         1

-0.519964 0.0222632  0.853898  0.497184
 0.593921 -0.709048  0.380143  0.510958
 0.613918  0.704809  0.355457   1.36672
        0         0         0         1

-0.521281 0.0214975  0.853114  0.496249
 0.591127 -0.711915  0.379138  0.509951
 0.615495  0.701937    0.3584   1.36393
        0         0         0         1

-0.521055 0.0181227  0.853331    0.4971
 0.591192 -0.713449  0.376142  0.509701
 0.615625  0.700472  0.361033   1.36034
        0         0         0         1

-0.521074 0.0186493  0.853308  0.496209
 0.587238  -0.71768  0.374283  0.508094
 0.619382  0.696124  0.363013   1.35742
        0         0         0         1

-0.520083 0.0168134   0.85395  0.497753
   0.5866 -0.719681  0.371428  0.508772
 0.620817  0.694101  0.364431   1.35329
        0         0         0         1

-0.519977 0.0174799  0.854002  0.496978
 0.583779 -0.722584  0.370236  0.507762
 0.623559  0.691063  0.365522   1.35032
        0         0         0         1

 -0.52003 0.0172478  0.853974  0.496548
 0.582832 -0.723706  0.369535  0.507398
   0.6244  0.689893  0.366297   1.34779
        0         0         0         1

-0.520627  0.021005  0.853526  0.493802
 0.580686 -0.724156  0.372024  0.505547
   0.6259  0.689316  0.364818   1.34507
        0         0         0         1

-0.517313 0.0252261  0.855425  0.493742
 0.580749 -0.723836   0.37255  0.505735
 0.628585  0.689511  0.359799   1.34113
        0         0         0         1

-0.514285 0.0331157   0.85698  0.494066
 0.579088 -0.723651  0.375481  0.505514
 0.632589  0.689371  0.352986   1.34023
        0         0         0         1

-0.514285 0.0331157   0.85698  0.494066
 0.579088 -0.723651  0.375481  0.505514
 0.632589  0.689371  0.352986   1.34023
        0         0         0         1

-0.514906 0.0381168  0.856399  0.492276
 0.576988 -0.723436  0.379111  0.503866
    0.634  0.689338  0.350509   1.33904
        0         0         0         1

-0.514357 0.0409359  0.856599  0.493046
 0.577037 -0.722397  0.381013  0.503978
 0.634402  0.690265  0.347949   1.33732
        0         0         0         1

-0.512176 0.0430398  0.857801  0.494646
 0.578169 -0.721285  0.381403  0.505259
 0.635135    0.6913  0.344541   1.33585
        0         0         0         1

-0.510121 0.0545842  0.858369  0.493703
 0.574959 -0.720592  0.387516  0.504346
 0.639686  0.691207  0.336206   1.33497
        0         0         0         1

-0.506358 0.0640652   0.85994  0.494063
 0.573641 -0.719553  0.391383  0.504604
 0.643846  0.691476  0.327601   1.33345
        0         0         0         1

 -0.50423 0.0671064  0.860958  0.494178
 0.573224 -0.719654  0.391808  0.504844
 0.645884  0.691083  0.324404   1.33313
        0         0         0         1

 -0.50385 0.0736175  0.860648  0.493133
 0.568475 -0.721916  0.394554  0.504145
 0.650362  0.688053  0.321888    1.3336
        0         0         0         1

-0.503342 0.0719997  0.861082  0.493925
 0.569819  -0.72148  0.393412  0.505103
 0.649579  0.688682  0.322125   1.33205
        0         0         0         1

-0.500453 0.0742463  0.862574  0.494358
 0.569049 -0.722661  0.392357  0.505571
  0.65248  0.687203  0.319408   1.33265
        0         0         0         1

-0.499426 0.0756486  0.863048  0.494271
 0.568467 -0.723126  0.392343   0.50588
 0.653772  0.686561  0.318144   1.33289
        0         0         0         1

-0.498458 0.0757171  0.863601  0.494812
 0.568558 -0.723461  0.391594  0.506527
 0.654432  0.686201  0.317566   1.33299
        0         0         0         1

-0.499225 0.0762362  0.863112   0.49477
 0.567697 -0.723764  0.392284  0.506608
 0.654596  0.685824  0.318042   1.33281
        0         0         0         1

-0.502164 0.0768139  0.861354  0.493923
 0.565768 -0.724116  0.394415  0.505922
 0.654016  0.685388  0.320166   1.33215
        0         0         0         1

-0.501858 0.0797462  0.861266  0.493764
 0.563366 -0.725428  0.395441  0.505534
 0.656321  0.683663  0.319135   1.33261
        0         0         0         1

-0.502049 0.0811942   0.86102   0.49362
  0.56183 -0.726268  0.396082  0.505327
 0.657491  0.682599  0.319005   1.33267
        0         0         0         1

-0.500489 0.0823535  0.861817  0.494006
 0.560585 -0.727766  0.395096  0.505526
 0.659739  0.680863  0.318073   1.33301
        0         0         0         1

-0.498479 0.0876945  0.862455  0.494045
 0.557188 -0.729748  0.396243  0.505485
 0.664123  0.678069  0.314902    1.3335
        0         0         0         1

-0.497094 0.0917212  0.862835  0.493842
 0.554415 -0.731364  0.397153  0.505312
 0.667474  0.675791  0.312705     1.334
        0         0         0         1

 -0.49404 0.0973621  0.863971  0.493961
 0.552484 -0.732131  0.398429  0.505525
 0.671332   0.67417  0.307911   1.33499
        0         0         0         1

 -0.48985  0.103541  0.865636  0.494224
 0.548111 -0.735561  0.398151  0.505956
 0.677953  0.669499  0.303562   1.33779
        0         0         0         1

-0.491035  0.106915  0.864554  0.493393
 0.546488 -0.735064  0.401287  0.505311
 0.678406  0.669514  0.302515   1.33813
        0         0         0         1

-0.488693   0.10956  0.865549  0.493637
 0.544864 -0.736503  0.400858  0.505794
 0.681397  0.667503  0.300229     1.339
        0         0         0         1

-0.485634  0.112404  0.866906  0.494214
 0.544102 -0.737313  0.400403  0.506474
 0.684188  0.666134  0.296905   1.33963
        0         0         0         1

-0.479502  0.122292  0.868978   0.49424
 0.539624 -0.739798  0.401877  0.506907
 0.692014  0.661622  0.288742   1.34245
        0         0         0         1

-0.474382  0.126982  0.871113  0.495072
 0.539176 -0.740311  0.401534  0.507682
 0.695882  0.660164  0.282724   1.34433
        0         0         0         1

-0.470528  0.131524  0.872528    0.4952
 0.537374 -0.741596  0.401578  0.507842
  0.69988  0.657827  0.278264   1.34652
        0         0         0         1

-0.460016  0.138471  0.877047  0.496612
 0.538292 -0.742055  0.399495  0.509497
 0.706135  0.655882  0.266819   1.34937
        0         0         0         1

-0.455114 0.144069 0.878701 0.496267
0.538847 -0.74106 0.400592 0.509584
0.708883   0.6558 0.259636  1.35043
       0        0        0        1

-0.445844  0.153464  0.881857  0.495762
 0.539478 -0.740088  0.401539  0.509126
 0.714273  0.654766  0.247173   1.35232
        0         0         0         1

-0.428593  0.168682  0.887612  0.495808
 0.540214 -0.739622  0.401406  0.509987
 0.724207  0.651541  0.225873   1.35622
        0         0         0         1

-0.417028  0.178879  0.891117    0.4958
 0.539749 -0.740098  0.401157  0.509736
 0.731272  0.648273  0.212092   1.35904
        0         0         0         1

-0.406109  0.188699   0.89413  0.495704
 0.542441 -0.737643  0.402047    0.5099
 0.735414  0.648287  0.197205   1.36072
        0         0         0         1

-0.391161  0.199772  0.898379  0.497455
 0.543344 -0.737749  0.400629   0.51091
 0.742813  0.644839  0.180034   1.36457
        0         0         0         1

-0.368352 0.218201 0.903717 0.500086
0.545308 -0.73658 0.400112 0.512436
0.752964 0.640187 0.152334  1.37095
       0        0        0        1

-0.360246  0.226097  0.905043  0.500425
 0.545956 -0.735576  0.401074  0.512414
 0.756409  0.638599  0.141549    1.3736
        0         0         0         1

-0.352609  0.233239  0.906237  0.500793
 0.546298 -0.734969  0.401719  0.512903
 0.759753  0.636726  0.131739   1.37651
        0         0         0         1

 -0.34745  0.237479  0.907128  0.500899
 0.547809 -0.733739   0.40191  0.513182
 0.761041  0.636577  0.124845   1.37841
        0         0         0         1

-0.339912  0.239557  0.909435  0.502599
 0.550153 -0.733641  0.398877  0.514694
 0.762753  0.635911   0.11758   1.37975
        0         0         0         1

-0.332117  0.242541  0.911522  0.503903
 0.552041 -0.733599  0.396337  0.516099
  0.76482  0.634828  0.109749   1.38151
        0         0         0         1

-0.319781  0.248698   0.91427  0.504232
 0.552192  -0.73521  0.393129  0.516255
 0.769951  0.630567 0.0977769   1.38683
        0         0         0         1

-0.309443  0.249351  0.917643  0.506509
 0.553788 -0.737221   0.38707  0.518211
 0.773023  0.627956 0.0900402   1.38973
        0         0         0         1

-0.302037  0.250488  0.919799   0.50764
 0.554872 -0.738381  0.383288  0.519339
 0.775171  0.626138 0.0840298   1.39237
        0         0         0         1

 -0.29572  0.252177  0.921388  0.507046
 0.556244 -0.738688  0.380701  0.519766
 0.776622  0.625098 0.0781725   1.39527
        0         0         0         1

-0.282772  0.253263  0.925147  0.509472
  0.55918 -0.740131  0.373528  0.522451
 0.779332  0.622947 0.0676686    1.3995
        0         0         0         1

-0.278951  0.256048  0.925541   0.50779
 0.560423 -0.739247  0.373417  0.522281
 0.779816  0.622859 0.0627189   1.40189
        0         0         0         1

-0.275605   0.25835  0.925903   0.50756
  0.56252 -0.737721  0.373282  0.522644
 0.779495  0.623718 0.0579928   1.40239
        0         0         0         1

-0.263056  0.259582  0.929203  0.509096
 0.562618 -0.741129  0.366318  0.524488
 0.783749  0.619149 0.0489134   1.40745
        0         0         0         1

-0.258357    0.2594  0.930572  0.509739
 0.562339 -0.742872  0.363202  0.525111
  0.78551  0.617133 0.0460557   1.40966
        0         0         0         1

  -0.2538   0.25643  0.932646  0.510131
 0.565951 -0.742567   0.35818  0.526861
 0.784401  0.618739 0.0433366   1.41028
        0         0         0         1

-0.242045  0.251784  0.937027  0.511749
 0.568925  -0.74547  0.347272  0.529543
 0.785963  0.617154 0.0371912   1.41574
        0         0         0         1

-0.237135  0.251652  0.938317  0.511817
 0.567433 -0.748102  0.344041  0.530305
 0.788535  0.614016 0.0346051   1.42041
        0         0         0         1

-0.234573  0.247275  0.940123  0.512073
 0.570499 -0.748027  0.339096  0.531564
 0.787087  0.615882 0.0343966   1.42082
        0         0         0         1

 -0.22862  0.245543  0.942041  0.511355
 0.571296 -0.749687  0.334051  0.532074
  0.78826  0.614555 0.0311158   1.42416
        0         0         0         1

-0.220549  0.239483  0.945519  0.510567
 0.575057 -0.751063  0.324367  0.533589
 0.787824  0.615266 0.0279293   1.42662
        0         0         0         1

-0.212969  0.237087  0.947858  0.510468
 0.576751 -0.752559  0.317824  0.535155
 0.788671  0.614365  0.023531   1.42987
        0         0         0         1

-0.208278  0.236466  0.949054  0.509878
   0.5768 -0.753944  0.314436  0.535397
 0.789888  0.612904 0.0206361   1.43223
        0         0         0         1

-0.199682  0.231839  0.952039  0.509704
 0.578079 -0.756633  0.305501  0.536524
 0.791171  0.611356 0.0170647   1.43526
        0         0         0         1

-0.194645  0.231118  0.953256  0.510359
  0.57852 -0.757761  0.301848  0.537134
 0.792103  0.610231 0.0137881    1.4368
        0         0         0         1

 -0.185892   0.229259    0.95545   0.509529
  0.578157  -0.760722    0.29502   0.538265
  0.794468   0.607242 0.00886445    1.44076
         0          0          0          1

  -0.169533    0.220941    0.960439    0.509331
   0.582221   -0.763847    0.278488    0.541148
   0.795158    0.606401 0.000861084     1.44534
          0           0           0           1

  -0.159443    0.216361    0.963206      0.5089
   0.585308   -0.764985    0.268724    0.542813
   0.794979    0.606619 -0.00466654     1.44875
          0           0           0           1

 -0.154023   0.208715   0.965772   0.507496
  0.592003  -0.763075   0.259323   0.544859
  0.791081   0.611682 -0.0060284     1.4495
         0          0          0          1

-0.145784  0.203302  0.968202  0.507395
 0.598177 -0.761389  0.249944  0.547387
 0.787992  0.615594 -0.010612   1.45284
        0         0         0         1

 -0.135611   0.198359   0.970702   0.503527
  0.605534  -0.758873   0.239668   0.549698
   0.78418   0.620295 -0.0172014     1.4618
         0          0          0          1

 -0.127947   0.190939   0.973227   0.504425
  0.611701  -0.757225    0.22898    0.55382
  0.780674   0.624622 -0.0199128    1.46739
         0          0          0          1

 -0.124555   0.187317   0.974371   0.504516
  0.615678  -0.755506   0.223945    0.55644
  0.778092   0.627792 -0.0212247    1.47142
         0          0          0          1

 -0.121694   0.185367   0.975105   0.502473
  0.623983  -0.749714   0.220394   0.560352
  0.771904    0.63527 -0.0244305    1.47693
         0          0          0          1

  -0.11872   0.185076   0.975527   0.502326
  0.627727  -0.747239   0.218158   0.563131
  0.769327   0.638264 -0.0274651    1.48113
         0          0          0          1

 -0.112472   0.191633   0.975001   0.500768
  0.643676   -0.73347   0.218412   0.575376
  0.756989   0.652149 -0.0408548    1.49911
         0          0          0          1

 -0.112472   0.191633   0.975001   0.500768
  0.643676   -0.73347   0.218412   0.575376
  0.756989   0.652149 -0.0408548    1.49911
         0          0          0          1

 -0.110877   0.194608   0.974594   0.499583
  0.651653  -0.726172    0.21914   0.580228
   0.75037   0.659395 -0.0463011    1.50381
         0          0          0          1

 -0.109451   0.199552   0.973755   0.497533
  0.656727  -0.720853   0.221542   0.584174
  0.746144   0.663739 -0.0521529    1.51046
         0          0          0          1

-0.106374  0.205321  0.972897  0.495732
 0.664112 -0.713539  0.223198  0.588713
 0.740027  0.669854 -0.060454   1.51753
        0         0         0         1

-0.0943428    0.20697   0.973788   0.497372
  0.682602  -0.698569   0.214607   0.603067
  0.724675   0.684956 -0.0753733    1.53133
         0          0          0          1

-0.0922842    0.21008   0.973319   0.495233
  0.692732  -0.688617   0.214311   0.609389
  0.715266   0.694027 -0.0819808    1.53777
         0          0          0          1

  -0.08431   0.210959   0.973852   0.497615
  0.702762  -0.680277   0.208205   0.617975
  0.706412    0.70194 -0.0908999    1.54543
         0          0          0          1

-0.0823433   0.212885   0.973601    0.49642
  0.714126  -0.668822   0.206641    0.62688
  0.695157    0.71229 -0.0969535    1.55396
         0          0          0          1

-0.0831016   0.212343   0.973655   0.495924
  0.723057  -0.659501   0.205543   0.633388
  0.685772   0.721089 -0.0987308    1.55864
         0          0          0          1

-0.0860371  0.212799  0.973301  0.495242
 0.730816 -0.650487  0.206822  0.641106
 0.677131  0.729098 -0.099551   1.56558
        0         0         0         1

-0.0923247  0.210815  0.973156   0.49501
 0.752121 -0.625705  0.206901  0.659043
 0.652526  0.751033  -0.10079   1.57731
        0         0         0         1

-0.0946225   0.206312     0.9739   0.496094
  0.763247  -0.613048   0.204025   0.669344
  0.639141   0.762632 -0.0994591    1.58308
         0          0          0          1

-0.0962439  0.207848  0.973415  0.496392
 0.772383 -0.601251  0.204749  0.678604
 0.627823  0.771554 -0.102672   1.59195
        0         0         0         1

-0.0979541  0.203236  0.974218  0.496445
 0.782859 -0.588662  0.201517  0.688727
 0.614441  0.782414 -0.101443   1.59883
        0         0         0         1

-0.103387  0.198587  0.974615  0.495236
 0.803879 -0.560354  0.199453  0.708424
 0.585738  0.804094 -0.101707   1.61327
        0         0         0         1

-0.103573  0.195697   0.97518  0.498361
  0.81237 -0.549051  0.196463    0.7204
  0.57387  0.812555 -0.102112   1.62155
        0         0         0         1

 -0.10721   0.19548   0.97483  0.498555
  0.82099 -0.535622  0.197697   0.73123
 0.560786  0.821521 -0.103063   1.63027
        0         0         0         1

-0.110856  0.193134   0.97489  0.499464
 0.832924 -0.517078   0.19715  0.743882
 0.542171  0.833864 -0.103544   1.63429
        0         0         0         1

-0.113198  0.196095  0.974029  0.500147
 0.841095 -0.502948  0.199004  0.754747
 0.528909  0.841778 -0.108002   1.64288
        0         0         0         1

-0.120677   0.19248  0.973852  0.505422
 0.868675 -0.454335  0.197442   0.79403
 0.480459  0.869788 -0.112375    1.6632
        0         0         0         1

-0.120677   0.19248  0.973852  0.505422
 0.868675 -0.454335  0.197442   0.79403
 0.480459  0.869788 -0.112375    1.6632
        0         0         0         1

-0.126323  0.190028  0.973618  0.505162
 0.876047 -0.439086  0.199363  0.805749
 0.465387  0.878119 -0.111007   1.67184
        0         0         0         1

-0.128798   0.19374  0.972562  0.507178
 0.881498 -0.426903   0.20178  0.817662
 0.454283    0.8833 -0.115797   1.68437
        0         0         0         1

-0.130178  0.191819  0.972759  0.510746
 0.890733 -0.408301  0.199714  0.833208
 0.435487  0.892466 -0.117707   1.68948
        0         0         0         1

-0.139347  0.186754  0.972474  0.510783
 0.905658  -0.37311  0.201425    0.8585
 0.400457  0.908797 -0.117143   1.70383
        0         0         0         1

-0.146158  0.180133  0.972723  0.507933
 0.913849 -0.351962   0.20249  0.873468
 0.378837  0.918517 -0.113173   1.70624
        0         0         0         1

-0.143157  0.178082  0.973547  0.514654
 0.921168 -0.335701  0.196861  0.890563
 0.361878  0.924982 -0.115986   1.71342
        0         0         0         1

-0.149438  0.176663  0.972861  0.512882
 0.926144 -0.319591  0.200297  0.904955
 0.346303  0.930941 -0.115856   1.72409
        0         0         0         1

-0.148205  0.166971  0.974759  0.516025
 0.933685 -0.301273  0.193566  0.920254
 0.325988  0.938805 -0.111248   1.72391
        0         0         0         1

-0.149581  0.172634  0.973562  0.517479
  0.93678 -0.290279  0.195402   0.93375
 0.316337  0.941242   -0.1183   1.73575
        0         0         0         1

-0.145935  0.170815  0.974436  0.526437
 0.947746 -0.258314   0.18722  0.966651
  0.28369   0.95084 -0.124192   1.74757
        0         0         0         1

-0.146479  0.167983  0.974847  0.528436
 0.952128 -0.243367  0.185001  0.982908
 0.268322  0.955277 -0.124293   1.75424
        0         0         0         1

-0.148193   0.16813  0.974562  0.532071
 0.957256 -0.223126  0.184054  0.998953
 0.248395  0.960181 -0.127878   1.75753
        0         0         0         1

 -0.15676  0.166508    0.9735  0.528209
 0.960249 -0.204821  0.189659   1.01411
 0.230973  0.964533 -0.127781   1.76178
        0         0         0         1

-0.158628  0.169711  0.972643  0.540671
 0.967172 -0.171377  0.187638     1.049
 0.198533  0.970478 -0.136955   1.77244
        0         0         0         1

-0.166881   0.16546  0.971995  0.534415
 0.969322 -0.152896  0.192449   1.06377
 0.180457  0.974293 -0.134869    1.7763
        0         0         0         1

 -0.16634    0.1652  0.972132  0.536929
 0.972556 -0.135167  0.189382   1.08051
 0.162686  0.976954 -0.138182   1.77838
        0         0         0         1

-0.171255  0.165572  0.971214  0.535815
 0.972285  -0.13085  0.193751   1.09048
 0.159163  0.977479 -0.138575   1.79167
        0         0         0         1

-0.165438  0.159561  0.973227  0.537353
 0.977007 -0.108059  0.183797   1.10967
 0.134493  0.981256 -0.138016   1.79119
        0         0         0         1

 -0.153221   0.163791   0.974524   0.544982
  0.980483 -0.0977401   0.170585      1.128
   0.12319   0.981641  -0.145618     1.7976
         0          0          0          1

 -0.144199   0.153292   0.977603   0.541463
  0.985667 -0.0651717   0.155608    1.16083
 0.0875655   0.986029  -0.141697     1.7974
         0          0          0          1

 -0.132058   0.148152   0.980108   0.547204
   0.98946 -0.0395613   0.139299    1.18454
 0.0594117   0.988173  -0.141366    1.79244
         0          0          0          1

 -0.126801   0.147276   0.980934   0.548654
  0.991044 -0.0229313   0.131551    1.20193
 0.0418684    0.98883   -0.14305    1.78949
         0          0          0          1

