   0.106675   -0.445785    0.888761    0.623005
  -0.969721    -0.24414 -0.00606372     1.07479
   0.219685   -0.861204    -0.45833     2.38989
          0           0           0           1

   0.107882   -0.447397    0.887805    0.625983
  -0.970719     -0.2402 -0.00308835     1.06287
   0.214632   -0.861476   -0.460209      2.3824
          0           0           0           1

    0.106515    -0.448778     0.887273     0.628829
   -0.972875     -0.23133 -0.000214127      1.04794
    0.205349    -0.863183    -0.461245      2.37752
           0            0            0            1

  0.107497  -0.444482   0.889314    0.62471
 -0.973724  -0.227698 0.00389588    1.03687
  0.200764  -0.866365   -0.45728    2.36808
         0          0          0          1

 0.113657 -0.434509  0.893468  0.612563
-0.973313 -0.229149 0.0123748   1.02189
  0.19936  -0.87103 -0.448957   2.35136
        0         0         0         1

  0.11194  -0.43773  0.892111  0.619678
 -0.97522  -0.22079  0.014034   1.01183
 0.190826 -0.871576 -0.451599   2.34641
        0         0         0         1

 0.117514 -0.430953   0.89469   0.61511
-0.978505 -0.203992 0.0302644  0.979709
 0.169467 -0.879014 -0.445662   2.33362
        0         0         0         1

 0.122754 -0.430907  0.894008   0.61219
 -0.98051 -0.191894   0.04214  0.961429
 0.153397 -0.881757 -0.446065   2.33064
        0         0         0         1

 0.126569 -0.432086  0.892907   0.61584
-0.982595 -0.177997 0.0531476  0.942098
 0.135971 -0.884092 -0.447094   2.32782
        0         0         0         1

 0.125793 -0.429652   0.89419  0.619865
-0.982835 -0.176587 0.0534147  0.937062
 0.134952  -0.88556 -0.444491   2.31473
        0         0         0         1

 0.127379 -0.430797  0.893414  0.622093
-0.985481  -0.15692 0.0648401  0.908285
 0.112261 -0.888701  -0.44453   2.29966
        0         0         0         1

 0.125318 -0.430843  0.893683  0.623271
-0.985842 -0.155226  0.063407  0.900982
 0.111405 -0.888976 -0.444196   2.28584
        0         0         0         1

 0.127186 -0.431492  0.893106  0.620919
-0.986488 -0.148777 0.0686049  0.886781
 0.103271 -0.889764 -0.444584   2.27605
        0         0         0         1

 0.125322 -0.431649  0.893294  0.620626
-0.987527 -0.140771 0.0705202   0.87581
0.0953102  -0.89099 -0.443907   2.26649
        0         0         0         1

 0.127438 -0.428487  0.894516   0.61721
-0.988839 -0.125067 0.0809672  0.858622
0.0771812 -0.894851 -0.439643   2.25896
        0         0         0         1

 0.131109 -0.426842  0.894771  0.614479
-0.989153 -0.116618 0.0893071  0.844516
0.0662267 -0.896775 -0.437502    2.2527
        0         0         0         1

   0.13103  -0.426622   0.894888   0.616584
 -0.990323 -0.0979706  0.0982984   0.818721
 0.0457365  -0.899108   -0.43533    2.23429
         0          0          0          1

 0.126981 -0.432083   0.89285  0.622273
-0.990862 -0.096527 0.0942073  0.813088
0.0454787 -0.896653 -0.440392   2.22139
        0         0         0         1

  0.128017  -0.436003   0.890793   0.621545
  -0.99127 -0.0848117   0.100946   0.797379
 0.0315371   -0.89594  -0.443054     2.2142
         0          0          0          1

  0.128075  -0.435551   0.891006   0.620522
 -0.991453 -0.0787427   0.104022   0.788098
 0.0248534  -0.896713  -0.441914    2.20369
         0          0          0          1

 0.123499   -0.4462  0.886371  0.626596
-0.992342 -0.057721  0.109207  0.765293
0.00243391  -0.89307 -0.449911    2.1854
        0         0         0         1

  0.120983   -0.44763   0.885997   0.626054
 -0.992638 -0.0494651   0.110554   0.755469
-0.00566119   -0.89285  -0.450319    2.17529
         0          0          0          1

  0.118478  -0.448747    0.88577   0.627424
 -0.992911 -0.0449612   0.110031   0.748262
-0.0095508  -0.892527  -0.450893    2.15719
         0          0          0          1

  0.118047   -0.45452    0.88288   0.628882
 -0.992597 -0.0284188   0.118086   0.735539
-0.0285821  -0.890283  -0.454509    2.15479
         0          0          0          1

  0.119972  -0.454663   0.882547   0.627261
 -0.991687 -0.0132234   0.127996   0.720724
-0.0465247  -0.890566  -0.452469    2.14665
         0          0          0          1

    0.11684   -0.455534    0.882518    0.629663
  -0.991954 -0.00991939    0.126209    0.715156
 -0.0487384   -0.890163   -0.453028     2.13325
          0           0           0           1

 0.113054 -0.457508   0.88199  0.629547
-0.991064 0.0113207  0.132907  0.693791
-0.0707907 -0.889134 -0.452139   2.11155
        0         0         0         1

 0.113615 -0.458059  0.881631  0.629279
-0.990331  0.018886  0.137435  0.686217
-0.079604 -0.888721 -0.451484   2.10216
        0         0         0         1

 0.109891  -0.46205  0.880019  0.633412
 -0.98988 0.0291053  0.138892  0.677419
-0.0897882 -0.886376 -0.454176   2.08988
        0         0         0         1

 0.110288  -0.45979  0.881152  0.631543
-0.989056 0.0366491  0.142917  0.668762
-0.0980054 -0.887271 -0.450716   2.07987
        0         0         0         1

 0.100521 -0.462803  0.880743  0.638487
-0.987542 0.0613039  0.144923  0.652786
-0.121064 -0.884339 -0.450875   2.05925
        0         0         0         1

 0.101777 -0.461942  0.881051   0.63837
-0.985793 0.0721233  0.151691  0.643882
-0.133617 -0.883973 -0.448039   2.05049
        0         0         0         1

 0.102447 -0.461238  0.881342  0.637959
 -0.98403 0.0826636  0.157645  0.634894
-0.145567 -0.883417 -0.445404   2.03958
        0         0         0         1

0.0992999 -0.461152  0.881747  0.640864
-0.983583 0.0886955  0.157156   0.62979
 -0.15068 -0.882877 -0.444774   2.02837
        0         0         0         1

0.0974544  -0.46056  0.882263  0.642583
-0.982372 0.0975742  0.159448  0.622776
-0.159522 -0.882249 -0.442932   2.01598
        0         0         0         1

0.0968606 -0.460418  0.882402   0.64369
  -0.9802  0.109709   0.16484  0.614613
-0.172703 -0.880897 -0.440675   2.00964
        0         0         0         1

0.0925541 -0.461746   0.88217  0.648227
-0.976803  0.129718   0.17038  0.602048
-0.193106 -0.877476 -0.439029   1.98834
        0         0         0         1

 0.093276 -0.461399  0.882276  0.648133
-0.974694  0.138494  0.175474  0.595372
-0.203153 -0.876317 -0.436805   1.97926
        0         0         0         1

0.0929933 -0.458425  0.883854  0.649009
-0.972644  0.147967   0.17908  0.588987
-0.212876 -0.876329 -0.432124    1.9666
        0         0         0         1

0.0910174 -0.460992  0.882724  0.652343
-0.970554  0.157451    0.1823  0.583892
-0.223025 -0.873324 -0.433087   1.95933
        0         0         0         1

0.0907263 -0.461729  0.882369   0.65397
-0.966034   0.17447  0.190626  0.571595
-0.241964 -0.869694 -0.430217   1.93741
        0         0         0         1

0.0849315  -0.46245  0.882568  0.659008
-0.964855  0.182899  0.188686  0.569309
-0.248678 -0.867576 -0.430664   1.92849
        0         0         0         1

0.0879564 -0.460029  0.883537  0.658577
-0.962035  0.190825  0.195127   0.56316
-0.258365 -0.867156 -0.425779   1.91661
        0         0         0         1

  0.08674 -0.460576  0.883372  0.661318
-0.959875  0.198722  0.197862  0.559628
-0.266676 -0.865089 -0.424858   1.90793
        0         0         0         1

0.0864979 -0.461745  0.882785  0.663556
-0.956313  0.209899  0.203491   0.55447
-0.279257  -0.86182 -0.423417   1.89821
        0         0         0         1

0.0864979 -0.461745  0.882785  0.663556
-0.956313  0.209899  0.203491   0.55447
-0.279257  -0.86182 -0.423417   1.89821
        0         0         0         1

0.0852603 -0.459702  0.883971   0.67154
-0.945632  0.242143  0.217132  0.540447
-0.313863 -0.854424 -0.414064   1.85753
        0         0         0         1

0.0848084  -0.45973     0.884  0.673042
-0.943048  0.249377  0.220163  0.537314
-0.321665 -0.852326 -0.412398   1.84968
        0         0         0         1

0.0847325 -0.459734  0.884005  0.673295
-0.942607   0.25059  0.220671  0.536788
-0.322973 -0.851968 -0.412115   1.84836
        0         0         0         1

0.0850018 -0.458568  0.884585  0.674691
  -0.9397  0.258273  0.224187  0.533618
-0.331269   -0.8503 -0.408963   1.83952
        0         0         0         1

0.0858733 -0.458844  0.884358  0.675477
-0.935923  0.267167  0.229498  0.529501
-0.341575 -0.847399   -0.4065   1.82948
        0         0         0         1

0.0816372 -0.458882  0.884739  0.679496
-0.933422  0.275972  0.229266  0.527989
 -0.34937 -0.844551 -0.405801   1.82186
        0         0         0         1

 0.084082 -0.455118  0.886453  0.680091
-0.926746  0.291176  0.237398  0.521277
-0.366158 -0.841477 -0.397296     1.802
        0         0         0         1

0.0832238 -0.454147  0.887031  0.681657
-0.924228  0.297691  0.239127  0.519487
 -0.37266  -0.83972 -0.394961   1.79348
        0         0         0         1

0.0802074 -0.453364  0.887709  0.685153
 -0.92133  0.306167  0.239608  0.518197
-0.380417 -0.837092 -0.393141    1.7833
        0         0         0         1

0.0801538 -0.452241  0.888287  0.685763
-0.918002  0.313741  0.242566  0.515733
-0.388391 -0.834892  -0.39001   1.77643
        0         0         0         1

0.0795954 -0.451698  0.888613  0.689262
-0.910449  0.330036  0.249315  0.511278
 -0.40589 -0.828882 -0.384979   1.75977
        0         0         0         1

0.0800976 -0.449752  0.889555  0.690099
-0.908158  0.334945  0.251118  0.509948
-0.410893 -0.827971 -0.381617   1.75182
        0         0         0         1

0.0780131 -0.449911   0.88966   0.69287
-0.905425  0.341533  0.252113  0.509292
-0.417276 -0.825188 -0.380717   1.74252
        0         0         0         1

 0.077076 -0.450018  0.889687  0.694378
-0.902852  0.347071  0.253771  0.507893
-0.422986 -0.822816 -0.379549   1.73595
        0         0         0         1

 0.078771 -0.449015  0.890045  0.694649
-0.900456   0.35105  0.256792  0.506471
-0.427754 -0.821675 -0.376666   1.72734
        0         0         0         1

0.0768729 -0.448415  0.890514  0.697134
-0.898678  0.355664  0.256671  0.506377
-0.431819 -0.820017  -0.37564   1.72035
        0         0         0         1

0.0771864 -0.448565  0.890411  0.699241
-0.893103  0.365871  0.261736  0.503524
-0.443181 -0.815431 -0.372375   1.70678
        0         0         0         1

 0.076953 -0.448273  0.890578  0.701209
-0.890704  0.370467  0.263439  0.502877
-0.448022 -0.813514  -0.37077   1.70123
        0         0         0         1

0.0779285  -0.44696  0.891153   0.70185
 -0.88818   0.37489  0.265696  0.501482
 -0.45284 -0.812209 -0.367766   1.69454
        0         0         0         1

0.0777441 -0.445006  0.892146  0.703369
-0.886724  0.378173  0.265906  0.501364
-0.455715  -0.81176 -0.365197   1.68869
        0         0         0         1

0.0777989 -0.441644  0.893811  0.706104
-0.882709  0.386232  0.267675  0.500787
-0.463435   -0.8098 -0.359795   1.67665
        0         0         0         1

0.0801858  -0.43905  0.894877  0.706074
-0.881831  0.387292  0.269032  0.500435
-0.464697 -0.810703 -0.356113   1.67046
        0         0         0         1

0.0794692 -0.437992  0.895459  0.707746
-0.879421  0.392165  0.269864  0.500087
-0.469366 -0.808931 -0.354014   1.66568
        0         0         0         1

  0.07895 -0.436722  0.896126  0.709207
-0.878703   0.39405  0.269453  0.500208
-0.470794 -0.808702 -0.352639   1.66067
        0         0         0         1

0.0824281 -0.433937  0.897164  0.708629
-0.876232  0.397321   0.27268  0.499088
-0.474788   -0.8086 -0.347479   1.65511
        0         0         0         1

0.0807978 -0.432803   0.89786  0.710382
-0.875335  0.400029    0.2716   0.49958
-0.476719 -0.807873 -0.346526   1.65117
        0         0         0         1

 0.081904 -0.430102  0.899057   0.71251
-0.871253   0.40714  0.274144  0.499053
-0.483952  -0.80576 -0.341382   1.64352
        0         0         0         1

0.0828538  -0.42763  0.900149  0.713313
-0.870814  0.408143  0.274048  0.499613
 -0.48458 -0.806568  -0.33857   1.63941
        0         0         0         1

0.0823423 -0.426722  0.900626  0.714768
-0.869365  0.411081  0.274257  0.499791
-0.487262 -0.805556 -0.337128    1.6361
        0         0         0         1

0.0842288  -0.42442  0.901539    0.7151
-0.868448  0.412347  0.275259  0.499706
-0.488572 -0.806125 -0.333856   1.63265
        0         0         0         1

0.0887019 -0.422022  0.902236  0.715515
-0.867266  0.412769  0.278337  0.499688
-0.489879 -0.807167 -0.329392    1.6247
        0         0         0         1

0.0886781 -0.421104  0.902667  0.716451
-0.866792  0.413843  0.278217  0.500004
-0.490721 -0.807096 -0.328311   1.62183
        0         0         0         1

0.0896776 -0.420452  0.902872  0.717282
-0.866445  0.414109  0.278903   0.50055
-0.491153   -0.8073 -0.327162   1.61843
        0         0         0         1

0.0892685 -0.420622  0.902833  0.718927
-0.866119  0.414799   0.27889  0.501244
-0.491802 -0.806857  -0.32728   1.61599
        0         0         0         1

0.0934391 -0.422136  0.901704  0.718592
-0.863692  0.416165   0.28433  0.500318
-0.495284 -0.805362 -0.325709   1.61117
        0         0         0         1

0.0949265 -0.423454   0.90093  0.718691
-0.862673  0.416637  0.286723  0.500169
-0.496775 -0.804426 -0.325752   1.60911
        0         0         0         1

0.0955253 -0.423464  0.900863   0.71954
-0.861994  0.417423  0.287619  0.500627
-0.497837 -0.804013 -0.325149   1.60658
        0         0         0         1

0.0980735 -0.423219  0.900704  0.718981
-0.861078   0.41766  0.290007  0.500332
-0.498925 -0.804018 -0.323464   1.60473
        0         0         0         1

0.0985187 -0.422741   0.90088  0.719338
-0.860894   0.41788  0.290237  0.500614
-0.499155 -0.804156 -0.322766   1.60197
        0         0         0         1

0.0986347 -0.423562  0.900481  0.719989
-0.859651  0.419551  0.291508  0.500429
 -0.50127 -0.802852 -0.322733   1.60146
        0         0         0         1

 0.100352 -0.421021  0.901483  0.720121
-0.859186  0.420228  0.291903  0.500941
-0.501726 -0.803834 -0.319565   1.59665
        0         0         0         1

0.0991352 -0.420546  0.901839  0.721355
-0.859217  0.420961  0.290753  0.501729
-0.501914 -0.803699 -0.319608   1.59472
        0         0         0         1

 0.099468  -0.42135  0.901427  0.721028
-0.858156  0.422225  0.292052  0.501337
-0.503661 -0.802614 -0.319586   1.59423
        0         0         0         1

0.0995374 -0.420079  0.902012  0.721223
-0.858058  0.422757  0.291571  0.501966
-0.503815 -0.803001 -0.318372   1.59192
        0         0         0         1

 0.100429 -0.418197  0.902787  0.720782
-0.857409  0.423939  0.291762   0.50235
-0.504741  -0.80336 -0.315991   1.58772
        0         0         0         1

 0.102156 -0.417475  0.902928  0.719752
-0.856795  0.424261  0.293097  0.502036
-0.505438 -0.803565  -0.31435   1.58633
        0         0         0         1

 0.103469 -0.416071  0.903426  0.719376
-0.856152   0.42506  0.293815  0.502302
-0.506258 -0.803871  -0.31224   1.58406
        0         0         0         1

  0.10287 -0.416216  0.903428  0.720159
-0.855621  0.426164  0.293764  0.502693
-0.507277 -0.803211 -0.312284   1.58292
        0         0         0         1

 0.103592 -0.415116  0.903851  0.719372
 -0.85475  0.427527  0.294317   0.50247
-0.508597 -0.803056 -0.310532    1.5814
        0         0         0         1

 0.102144 -0.413599  0.904711  0.720382
-0.854887  0.428546  0.292434  0.503439
-0.508661 -0.803296 -0.309807   1.57949
        0         0         0         1

 0.101428 -0.412003   0.90552  0.720254
-0.853752  0.431213  0.291827  0.504197
-0.510705 -0.802689 -0.308011   1.57643
        0         0         0         1

 0.101774 -0.411388  0.905761  0.719959
-0.853722  0.431283  0.291811  0.504769
-0.510687 -0.802966 -0.307317   1.57435
        0         0         0         1

 0.101351 -0.411546  0.905736  0.720331
-0.852903  0.432732  0.292062  0.505042
-0.512138 -0.802105 -0.307151   1.57341
        0         0         0         1

 0.101931 -0.411142  0.905855  0.719594
-0.852391   0.43337  0.292609  0.505249
-0.512875 -0.801968  -0.30628   1.57171
        0         0         0         1

 0.102543 -0.410092  0.906261  0.719584
-0.852013  0.433991   0.29279  0.505932
 -0.51338  -0.80217 -0.304901   1.56901
        0         0         0         1

 0.102156 -0.410514  0.906114  0.719787
-0.850625  0.436211  0.293525  0.506178
-0.515752 -0.800749 -0.304632   1.56843
        0         0         0         1

 0.101117 -0.408314  0.907224  0.720176
-0.850396  0.437798  0.291823   0.50817
-0.516336 -0.801007  -0.30296   1.56411
        0         0         0         1

 0.100311 -0.408033   0.90744  0.720296
-0.849727  0.439324  0.291475  0.508773
-0.517592 -0.800314 -0.302648   1.56292
        0         0         0         1

0.0987399 -0.408607  0.907354  0.720991
-0.848691  0.441516  0.291183  0.509504
-0.519591 -0.798814 -0.303186   1.56195
        0         0         0         1

  0.10035 -0.405204  0.908702  0.719711
-0.849068   0.44123  0.290515  0.510016
-0.518665 -0.800703 -0.299768   1.55952
        0         0         0         1

0.0997626 -0.406601  0.908143  0.719359
-0.848413  0.442082  0.291134   0.51081
-0.519849 -0.799524 -0.300863   1.55725
        0         0         0         1

 0.100198 -0.405488  0.908592  0.719011
-0.847818  0.443139   0.29126  0.511147
-0.520735 -0.799504 -0.299379   1.55645
        0         0         0         1

  0.10108 -0.403533  0.909364  0.718642
-0.847801  0.443356  0.290978  0.511915
-0.520592 -0.800373 -0.297301   1.55446
        0         0         0         1

 0.101098 -0.402823  0.909677  0.719221
-0.847237  0.444442  0.290966  0.512295
-0.521506 -0.800128 -0.296354   1.55425
        0         0         0         1

 0.101798 -0.401983  0.909971  0.719005
-0.847172  0.444466  0.291118  0.513248
-0.521475 -0.800537 -0.295303   1.55237
        0         0         0         1

 0.101526 -0.401275  0.910314  0.720051
-0.847537  0.444265  0.290361  0.514268
-0.520935 -0.801004 -0.294991   1.55076
        0         0         0         1

 0.101673 -0.401331  0.910272  0.720455
-0.847176   0.44473  0.290703  0.515236
-0.521494 -0.800717 -0.294781   1.54898
        0         0         0         1

 0.102494 -0.401648   0.91004  0.719945
-0.847054  0.444413  0.291543  0.515614
-0.521531 -0.800734 -0.294668   1.54812
        0         0         0         1

 0.101838 -0.402152  0.909891  0.721282
-0.847352  0.444115  0.291128  0.516829
-0.521174 -0.800647 -0.295537   1.54666
        0         0         0         1

 0.103292 -0.403131  0.909294  0.719269
-0.846898  0.443782  0.292953  0.515888
-0.521627 -0.800339 -0.295572   1.54648
        0         0         0         1

 0.103442 -0.405019  0.908438  0.720658
-0.846573  0.443595  0.294171  0.517098
-0.522124 -0.799489 -0.296992   1.54502
        0         0         0         1

 0.104456 -0.406764  0.907542  0.720172
-0.846106   0.44324  0.296046  0.517061
-0.522679   -0.7988 -0.297867   1.54469
        0         0         0         1

 0.104078 -0.408225  0.906929  0.720823
-0.846165  0.442861  0.296444  0.517871
-0.522659 -0.798265 -0.299334   1.54405
        0         0         0         1

 0.103485 -0.409788  0.906292  0.721416
-0.846299   0.44244  0.296688  0.518515
-0.522559 -0.797697 -0.301017   1.54353
        0         0         0         1

 0.101602 -0.410867  0.906016  0.722863
-0.846144  0.443263  0.295902  0.519413
 -0.52318 -0.796684 -0.302617   1.54325
        0         0         0         1

 0.102116 -0.412204  0.905351  0.722668
-0.845795    0.4431  0.297141  0.519612
-0.523644 -0.796084 -0.303392   1.54304
        0         0         0         1

 0.101726 -0.414538  0.904329  0.723513
-0.846187  0.441932  0.297764  0.520952
-0.523086 -0.795522 -0.305821   1.54174
        0         0         0         1

  0.10199 -0.415017  0.904079  0.723661
-0.845883  0.442103  0.298373  0.521256
-0.523526 -0.795176 -0.305966   1.54159
        0         0         0         1

 0.103718 -0.416336  0.903275  0.722829
-0.845691  0.441089  0.300412  0.521193
-0.523497  -0.79505 -0.306343   1.54119
        0         0         0         1

 0.102766 -0.417333  0.902924  0.723844
-0.845856  0.440988  0.300096  0.521964
-0.523418 -0.794584 -0.307685     1.541
        0         0         0         1

 0.103119 -0.418916  0.902151  0.723827
-0.845859  0.440277  0.301129  0.522723
-0.523344 -0.794144 -0.308943   1.54083
        0         0         0         1

 0.102068 -0.419394  0.902048  0.724352
-0.846384  0.439853  0.300273  0.523516
-0.522701 -0.794127 -0.310074   1.54069
        0         0         0         1

 0.100168 -0.420681  0.901662  0.725698
-0.846458  0.440271  0.299449   0.52469
-0.522948 -0.793214 -0.311989   1.54087
        0         0         0         1

 0.100722 -0.420848  0.901522  0.725481
-0.846994  0.439122  0.299621  0.525302
-0.521973 -0.793762 -0.312227   1.54038
        0         0         0         1

 0.101001 -0.421466  0.901202  0.725039
-0.846786  0.439092  0.300253  0.525605
-0.522257 -0.793451 -0.312543   1.54078
        0         0         0         1

 0.100045 -0.421467  0.901308  0.725759
-0.847119  0.439068  0.299346  0.526338
  -0.5219 -0.793464 -0.313106   1.54065
        0         0         0         1

0.0992125 -0.420353   0.90192  0.725806
-0.846676   0.44053  0.298451  0.527763
-0.522778 -0.793244 -0.312197   1.54118
        0         0         0         1

0.0991912 -0.419131  0.902491  0.725736
-0.846683  0.440934  0.297834  0.528739
-0.522771 -0.793666 -0.311134   1.54111
        0         0         0         1

0.0986571 -0.418051   0.90305  0.726216
-0.846578  0.441716  0.296972  0.530051
-0.523042 -0.793801 -0.310334   1.54149
        0         0         0         1

  0.09849 -0.416973  0.903567  0.726255
-0.846765   0.44187   0.29621  0.531232
-0.522771 -0.794282 -0.309558   1.54117
        0         0         0         1

0.0967426 -0.416187  0.904118  0.727572
-0.847031   0.44259  0.294369  0.533895
-0.522666 -0.794294 -0.309706   1.54189
        0         0         0         1

 0.095621 -0.416993  0.903866  0.728418
-0.847111  0.442759  0.293881  0.535164
-0.522742 -0.793776 -0.310903    1.5424
        0         0         0         1

0.0950181 -0.418685  0.903147  0.728043
-0.847115    0.4425   0.29426  0.535782
-0.522845  -0.79303 -0.312629   1.54354
        0         0         0         1

0.0941652 -0.420854  0.902228  0.728196
 -0.84669  0.442858  0.294945   0.53607
-0.523687 -0.791681 -0.314631    1.5451
        0         0         0         1

0.0924995 -0.424184   0.90084  0.727873
-0.846449  0.442954  0.295491  0.537083
-0.524373 -0.789848 -0.318077   1.54608
        0         0         0         1

0.0906745 -0.424945  0.900666   0.72794
 -0.84693  0.442881  0.294221  0.538068
-0.523916  -0.78948 -0.319741   1.54634
        0         0         0         1

0.0868309 -0.424593  0.901211  0.727728
-0.847138  0.444563   0.29107  0.540534
-0.524231 -0.788724 -0.321087   1.54868
        0         0         0         1

0.0844362 -0.425218  0.901144  0.728164
 -0.84732  0.445246  0.289489  0.541841
-0.524327 -0.788001 -0.322701   1.55047
        0         0         0         1

0.0842485 -0.424381  0.901556  0.727013
-0.847919  0.444705  0.288568  0.543041
-0.523389 -0.788758 -0.322375   1.55108
        0         0         0         1

0.0826684 -0.424881  0.901467  0.727485
-0.848368  0.444628  0.287362   0.54438
-0.522912 -0.788532 -0.323699   1.55297
        0         0         0         1

0.0799028 -0.427447  0.900502  0.727195
 -0.85016  0.442434  0.285449   0.54753
-0.520427 -0.788379 -0.328047   1.55649
        0         0         0         1

0.0785943 -0.429724  0.899533  0.727011
-0.851217  0.440737  0.284921  0.548426
-0.518895 -0.788092 -0.331149   1.55814
        0         0         0         1

0.0756547 -0.432539  0.898436  0.727785
-0.852787  0.438873    0.2831  0.550699
 -0.51675 -0.787592 -0.335661   1.56027
        0         0         0         1

0.0747882 -0.434821  0.897406  0.726766
-0.853814  0.437002  0.282896  0.551468
-0.515178 -0.787375 -0.338574   1.56275
        0         0         0         1

0.0736242 -0.437945  0.895982  0.725682
-0.855093  0.434622  0.282702  0.552597
-0.513221 -0.786961 -0.342485   1.56626
        0         0         0         1

0.0709033 -0.440049   0.89517  0.724965
-0.856991  0.432356  0.280418  0.553772
 -0.51043 -0.787035 -0.346463   1.56884
        0         0         0         1

0.0608886 -0.440066  0.895899  0.725372
-0.861936  0.429445  0.269524  0.557911
-0.503348 -0.788618  -0.35316   1.57581
        0         0         0         1

0.0598253 -0.438749  0.896616  0.723557
-0.864397  0.426462   0.26636  0.558994
-0.499238 -0.790967  -0.35374   1.57866
        0         0         0         1

0.0567733 -0.436558  0.897883  0.723174
-0.867173  0.424112  0.261038  0.561162
-0.494761  -0.79344 -0.354493   1.58273
        0         0         0         1

0.0539444 -0.433147  0.899708  0.723213
-0.870422  0.421152  0.254944  0.563215
-0.489342 -0.796878 -0.354302   1.58524
        0         0         0         1

0.0515856 -0.428378  0.902126  0.720403
-0.875327  0.415479  0.247345   0.56602
-0.480771 -0.802415 -0.353538   1.59553
        0         0         0         1

0.0498935 -0.425255  0.903697  0.719862
-0.878996  0.410916  0.241895  0.567833
-0.474211 -0.806416 -0.353295   1.59935
        0         0         0         1

0.0469102 -0.423822   0.90453  0.719633
-0.882164   0.40722  0.236555  0.570068
  -0.4686 -0.809041 -0.354777   1.60636
        0         0         0         1

0.0474765 -0.421948  0.905376  0.718391
-0.885342  0.401916  0.233738  0.571574
 -0.46251 -0.812665 -0.354486    1.6112
        0         0         0         1

0.0478505 -0.420699  0.905938  0.717293
-0.889216  0.395186  0.230483  0.573849
-0.454978 -0.816603 -0.355182   1.61765
        0         0         0         1

0.0474218 -0.416835  0.907745   0.71725
-0.894197  0.387282  0.224553  0.576809
-0.445155 -0.822351 -0.354367    1.6218
        0         0         0         1

0.0471537 -0.414649  0.908759  0.715943
-0.903159  0.370942  0.216117  0.581856
 -0.42671 -0.830944 -0.357002   1.63588
        0         0         0         1

0.0500925 -0.414145  0.908831  0.713601
-0.906731  0.362649  0.215232  0.583226
-0.418724 -0.834847 -0.357352   1.64288
        0         0         0         1

0.0490055 -0.411443  0.910117  0.713607
-0.911928  0.353255  0.208802  0.586518
-0.407414 -0.840193 -0.357895   1.65053
        0         0         0         1

 0.051052 -0.412917  0.909337  0.712755
-0.914563  0.346457  0.208667  0.587902
-0.401208 -0.842299 -0.359952   1.65919
        0         0         0         1

0.0577936 -0.409768  0.910357  0.710157
 -0.92387  0.323606  0.204312   0.59329
-0.378317  -0.85286  -0.35987   1.67683
        0         0         0         1

0.0578446 -0.409466   0.91049  0.710563
-0.928585  0.312823  0.199677  0.596679
-0.366583 -0.857018 -0.362129   1.68509
        0         0         0         1

0.0611983 -0.408039  0.910911  0.709366
-0.932614  0.301806  0.197849  0.599514
-0.355649 -0.861636 -0.362073   1.69612
        0         0         0         1

 0.063777  -0.40649  0.911427  0.708283
-0.937653  0.288273   0.19418  0.602825
-0.341672 -0.866986 -0.362761   1.70418
        0         0         0         1

0.0660467 -0.405327  0.911783  0.707808
 -0.94256   0.27452  0.190313  0.606706
-0.327442  -0.87198 -0.363914   1.71594
        0         0         0         1

0.0723729  -0.40508  0.911412  0.705459
-0.945179  0.263895  0.192343  0.608435
-0.318432 -0.875368 -0.363774   1.72676
        0         0         0         1

0.0801169 -0.402543  0.911889  0.703874
-0.953595   0.23542  0.187705  0.615988
-0.290236 -0.884611 -0.365002   1.75078
        0         0         0         1

0.0850914 -0.403232  0.911133  0.702867
-0.956535  0.222934  0.187993  0.619488
-0.278927 -0.887527 -0.366735   1.76219
        0         0         0         1

0.0917627 -0.404961  0.909718  0.702137
-0.959881  0.207121  0.189022  0.623438
-0.264968 -0.890566 -0.369708   1.77682
        0         0         0         1

 0.098502  -0.40359  0.909622  0.699249
 -0.96275  0.192651  0.189733  0.626825
-0.251814 -0.894427  -0.36958   1.78768
        0         0         0         1

  0.10866 -0.410551   0.90534  0.699015
-0.968949  0.159742  0.188733  0.637385
-0.222105 -0.897736 -0.380446   1.81606
        0         0         0         1

 0.114111  -0.41524  0.902527  0.698215
 -0.97112  0.144984  0.189489  0.641577
-0.209536 -0.898084 -0.386703    1.8294
        0         0         0         1

 0.121932 -0.418782  0.899863  0.696673
-0.973516   0.12619  0.190639  0.647747
 -0.19339 -0.899276 -0.392305   1.84358
        0         0         0         1

 0.126776 -0.420955  0.898179  0.696299
-0.975976  0.108819  0.188758  0.653814
-0.177198 -0.900531 -0.397046   1.85482
        0         0         0         1

 0.133465 -0.425222  0.895195  0.695581
-0.977096 0.0946035  0.190613  0.658959
-0.165741 -0.900131 -0.402857   1.87312
        0         0         0         1

 0.142127 -0.427733  0.892661  0.693161
-0.977667 0.0803865  0.194179  0.663109
-0.154815 -0.900323 -0.406755   1.88783
        0         0         0         1

 0.156035   -0.4356  0.886513  0.692689
-0.979218 0.0495052  0.196677  0.676542
-0.129559 -0.898778 -0.418822   1.92186
        0         0         0         1

 0.162248 -0.435247  0.885571  0.690461
-0.979903 0.0344724  0.196473  0.682886
-0.116042 -0.899651 -0.420906   1.93532
        0         0         0         1

 0.170545 -0.435389  0.883941  0.688508
-0.980303 0.0157068  0.196874  0.691725
-0.0996003 -0.900106 -0.424134   1.95128
        0         0         0         1

  0.174838  -0.439777   0.880925   0.689223
 -0.980592 0.00284715   0.196041     0.6987
-0.0887223  -0.898103  -0.430743    1.96834
         0          0          0          1

  0.181011   -0.44038   0.879375    0.68832
 -0.981126 -0.0190191   0.192431   0.709906
-0.0680177   -0.89761  -0.435511    1.98221
         0          0          0          1

  0.187507  -0.440743   0.877831    0.68618
  -0.98072 -0.0339291   0.192449   0.717332
-0.0550367  -0.896992  -0.438607    1.99685
         0          0          0          1

 0.198486 -0.444656  0.873433  0.684072
-0.979771 -0.066814  0.188637  0.735025
-0.0255212 -0.893206 -0.448923   2.03323
        0         0         0         1

  0.203701  -0.447355    0.87085   0.681848
 -0.978935 -0.0805013    0.18763   0.743145
-0.0138329  -0.890726   -0.45433    2.04843
         0          0          0          1

  0.209278  -0.452254   0.866988   0.680782
 -0.977852 -0.0941074   0.186949     0.7525
-0.00295835   -0.88691  -0.461932    2.06962
         0          0          0          1

 0.220187 -0.454693  0.863002  0.674525
-0.975448 -0.106582  0.192721  0.757744
0.0043511 -0.884248 -0.466997   2.08741
        0         0         0         1

 0.222646 -0.467279  0.855616  0.678093
-0.974159 -0.140834  0.176579  0.784116
0.0379884 -0.872821  -0.48656   2.11908
        0         0         0         1

 0.227559 -0.468634   0.85358  0.674022
 -0.97232 -0.157081  0.172974  0.794937
  0.05302 -0.869315 -0.491407   2.13175
        0         0         0         1

 0.233127 -0.474564  0.848788  0.672265
-0.970162 -0.173299   0.16957   0.80677
0.0666221 -0.862993 -0.500804   2.15114
        0         0         0         1

 0.234909   -0.4815  0.844379  0.674994
-0.968793 -0.186674  0.163073  0.818721
0.0791037 -0.856336 -0.510325   2.16522
        0         0         0         1

 0.236104 -0.491141  0.838472  0.677331
-0.967632 -0.197967  0.156513  0.831952
0.0891204 -0.848286 -0.521984   2.18438
        0         0         0         1

 0.246814 -0.490273  0.835892  0.670532
-0.963965 -0.212571  0.159952  0.839863
0.0992658 -0.845249 -0.525072   2.20057
        0         0         0         1

 0.259654 -0.499086  0.826736  0.665182
-0.958511 -0.237474  0.157682  0.860885
 0.117632 -0.833378  -0.54004   2.23854
        0         0         0         1

 0.261152 -0.504177  0.823168  0.665906
-0.955757 -0.254651  0.147247   0.87576
 0.135382 -0.825202 -0.548373   2.24775
        0         0         0         1

 0.262371 -0.513137  0.817222  0.671262
-0.953563 -0.267686  0.138062  0.891798
 0.147914 -0.815497 -0.559542   2.26711
        0         0         0         1

 0.264648 -0.519395  0.812521  0.672911
-0.950781 -0.281356  0.129827  0.905814
 0.161176 -0.806888 -0.568291   2.27915
        0         0         0         1

 0.264301 -0.526741  0.807892  0.674065
-0.943711 -0.313993  0.104012  0.941592
 0.198885 -0.789907 -0.580079   2.30219
        0         0         0         1

 0.272302 -0.522926  0.807713  0.665303
-0.941382 -0.318502  0.111162  0.946275
 0.199129 -0.790636 -0.579002    2.3234
        0         0         0         1

 0.272712 -0.527527  0.804577  0.667039
-0.937746   -0.3327 0.0997125  0.963013
 0.215081 -0.781682 -0.585418    2.3374
        0         0         0         1

 0.274188 -0.524982  0.805739  0.663497
-0.934757 -0.342341  0.095039  0.975404
 0.225944 -0.779228 -0.584596    2.3495
        0         0         0         1

 0.280149 -0.526822  0.802481  0.659485
-0.930578  -0.35427 0.0922922  0.986828
 0.235673 -0.772626 -0.589497   2.36799
        0         0         0         1

 0.278843 -0.529961  0.800867  0.660889
-0.925832 -0.369887 0.0775861   1.00613
 0.255113 -0.763103 -0.593795   2.37307
        0         0         0         1

 0.284066 -0.526109  0.801571  0.649065
-0.916309 -0.395094 0.0654082   1.03568
 0.282284 -0.753067 -0.594312   2.40048
        0         0         0         1

 0.283404  -0.52967  0.799457  0.649605
 -0.91366 -0.402424 0.0572672   1.04939
 0.291388 -0.746662 -0.597987   2.41087
        0         0         0         1

 0.284269 -0.528655  0.799822  0.644224
 -0.90758 -0.417266   0.04677   1.06714
 0.309013 -0.739198 -0.598413   2.42306
        0         0         0         1

 0.279104 -0.537009  0.796067   0.65048
 -0.90497 -0.424343 0.0310334   1.08502
  0.32114 -0.729078 -0.604413   2.42695
        0         0         0         1

  0.274832  -0.553226    0.78639   0.658506
  -0.89923  -0.437428 0.00653735    1.11609
  0.340372  -0.708941  -0.617696    2.45699
         0          0          0          1

  0.265594  -0.558111   0.786112   0.661948
 -0.894337  -0.447133 -0.0152887    1.13985
  0.360029  -0.698988  -0.617895    2.45094
         0          0          0          1

  0.263723  -0.558741   0.786294   0.658214
 -0.894793   -0.44616 -0.0169276    1.14695
  0.360271  -0.699106  -0.617621    2.47322
         0          0          0          1

   0.26189  -0.552366   0.791394   0.644275
 -0.889245  -0.456772 -0.0245399    1.15755
  0.375042  -0.697317  -0.610813    2.47568
         0          0          0          1

