0.0765112 -0.883566  0.462014  0.926417
-0.974816 -0.163639 -0.151513   1.07378
 0.209475 -0.438787 -0.873834   2.32109
        0         0         0         1

0.0804076 -0.886961   0.45479  0.933148
   -0.981 -0.151239 -0.121513    1.0362
 0.176559 -0.436379  -0.88227    2.2919
        0         0         0         1

0.0804076 -0.886961   0.45479  0.933148
   -0.981 -0.151239 -0.121513    1.0362
 0.176559 -0.436379  -0.88227    2.2919
        0         0         0         1

 0.0941228  -0.891676   0.442781   0.929548
 -0.988797  -0.135485 -0.0626501   0.974477
  0.115854  -0.431924  -0.894438    2.25547
         0          0          0          1

 0.0941228  -0.891676   0.442781   0.929548
 -0.988797  -0.135485 -0.0626501   0.974477
  0.115854  -0.431924  -0.894438    2.25547
         0          0          0          1

 0.0913546  -0.891303   0.444109   0.938292
 -0.992217  -0.119366 -0.0354581   0.939094
 0.0846153  -0.437413  -0.895271    2.22444
         0          0          0          1

 0.0913546  -0.891303   0.444109   0.938292
 -0.992217  -0.119366 -0.0354581   0.939094
 0.0846153  -0.437413  -0.895271    2.22444
         0          0          0          1

 0.0732632  -0.893416   0.443216   0.944751
 -0.995633 -0.0912987 -0.0194585   0.901379
 0.0578496  -0.439856  -0.896203    2.20184
         0          0          0          1

 0.0732632  -0.893416   0.443216   0.944751
 -0.995633 -0.0912987 -0.0194585   0.901379
 0.0578496  -0.439856  -0.896203    2.20184
         0          0          0          1

 0.0611739  -0.908825   0.412667   0.954348
 -0.998066 -0.0602563  0.0152501   0.847655
 0.0110061  -0.412802  -0.910754     2.1617
         0          0          0          1

 0.0611739  -0.908825   0.412667   0.954348
 -0.998066 -0.0602563  0.0152501   0.847655
 0.0110061  -0.412802  -0.910754     2.1617
         0          0          0          1

 0.0666012  -0.919066   0.388435   0.957519
 -0.997441 -0.0511779  0.0499308   0.815427
-0.0260105  -0.390767  -0.920122    2.12958
         0          0          0          1

 0.0666012  -0.919066   0.388435   0.957519
 -0.997441 -0.0511779  0.0499308   0.815427
-0.0260105  -0.390767  -0.920122    2.12958
         0          0          0          1

 0.0619884  -0.934722   0.349931   0.971034
 -0.994483 -0.0281163   0.101064   0.768905
-0.0846281  -0.354265  -0.931308    2.08258
         0          0          0          1

 0.0619884  -0.934722   0.349931   0.971034
 -0.994483 -0.0281163   0.101064   0.768905
-0.0846281  -0.354265  -0.931308    2.08258
         0          0          0          1

0.0553193 -0.945691  0.320326  0.980182
-0.991364 -0.013818  0.130411  0.739878
-0.118902 -0.324774 -0.938288   2.05097
        0         0         0         1

0.0553193 -0.945691  0.320326  0.980182
-0.991364 -0.013818  0.130411  0.739878
-0.118902 -0.324774 -0.938288   2.05097
        0         0         0         1

  0.0500679   -0.956419    0.287674    0.987369
  -0.986275 -0.00197104    0.165102    0.710434
  -0.157339   -0.291992    -0.94339     2.02296
          0           0           0           1

  0.0500679   -0.956419    0.287674    0.987369
  -0.986275 -0.00197104    0.165102    0.710434
  -0.157339   -0.291992    -0.94339     2.02296
          0           0           0           1

0.0414952 -0.969391   0.24199  0.997443
-0.977317 0.0109621  0.211498   0.67127
-0.207677 -0.245277 -0.946947   1.97818
        0         0         0         1

0.0414952 -0.969391   0.24199  0.997443
-0.977317 0.0109621  0.211498   0.67127
-0.207677 -0.245277 -0.946947   1.97818
        0         0         0         1

0.0356836 -0.975016  0.219252   1.00604
-0.969736 0.0192425  0.243398  0.648498
-0.241535 -0.221302 -0.944821   1.94709
        0         0         0         1

0.0356836 -0.975016  0.219252   1.00604
-0.969736 0.0192425  0.243398  0.648498
-0.241535 -0.221302 -0.944821   1.94709
        0         0         0         1

0.0262106 -0.981805  0.188074   1.01831
-0.956758 0.0298849  0.289345  0.616103
-0.289701 -0.187525 -0.938567   1.90298
        0         0         0         1

0.0262106 -0.981805  0.188074   1.01831
-0.956758 0.0298849  0.289345  0.616103
-0.289701 -0.187525 -0.938567   1.90298
        0         0         0         1

 0.017256 -0.985758  0.167281   1.02835
-0.945814 0.0381636  0.322458  0.595051
-0.324249 -0.163781 -0.931686   1.87589
        0         0         0         1

 0.017256 -0.985758  0.167281   1.02835
-0.945814 0.0381636  0.322458  0.595051
-0.324249 -0.163781 -0.931686   1.87589
        0         0         0         1

0.0104917 -0.989996  0.140705   1.03442
-0.936112 0.0397453  0.349448  0.576185
-0.351544 -0.135382 -0.926331   1.84877
        0         0         0         1

0.0104917 -0.989996  0.140705   1.03442
-0.936112 0.0397453  0.349448  0.576185
-0.351544 -0.135382 -0.926331   1.84877
        0         0         0         1

-0.0044291  -0.996664  0.0814939    1.04323
 -0.925057  0.0350359    0.37821   0.550793
 -0.379804 -0.0737113  -0.922126    1.81018
         0          0          0          1

-0.0044291  -0.996664  0.0814939    1.04323
 -0.925057  0.0350359    0.37821   0.550793
 -0.379804 -0.0737113  -0.922126    1.81018
         0          0          0          1

-0.0236891  -0.998749  0.0440287    1.05016
 -0.918169  0.0391579    0.39425   0.534892
 -0.395481 -0.0310863  -0.917948    1.78785
         0          0          0          1

-0.0236891  -0.998749  0.0440287    1.05016
 -0.918169  0.0391579    0.39425   0.534892
 -0.395481 -0.0310863  -0.917948    1.78785
         0          0          0          1

-0.0538198  -0.998545 0.00342239    1.05674
 -0.910467  0.0504795    0.41049   0.514031
 -0.410065  0.0189765  -0.911859    1.75607
         0          0          0          1

-0.0538198  -0.998545 0.00342239    1.05674
 -0.910467  0.0504795    0.41049   0.514031
 -0.410065  0.0189765  -0.911859    1.75607
         0          0          0          1

-0.0742408  -0.997142 -0.0140399    1.05957
  -0.90537  0.0614924   0.420147   0.502053
 -0.418082  0.0439033  -0.907348    1.73603
         0          0          0          1

-0.0742408  -0.997142 -0.0140399    1.05957
  -0.90537  0.0614924   0.420147   0.502053
 -0.418082  0.0439033  -0.907348    1.73603
         0          0          0          1

-0.0957199  -0.995014 -0.0280105    1.06266
 -0.900002  0.0744898   0.429473   0.491732
 -0.425245  0.0663186  -0.902645    1.71784
         0          0          0          1

-0.0957199  -0.995014 -0.0280105    1.06266
 -0.900002  0.0744898   0.429473   0.491732
 -0.425245  0.0663186  -0.902645    1.71784
         0          0          0          1

 -0.123081  -0.991413 -0.0441753    1.06457
 -0.890103  0.0906016   0.446663   0.478156
 -0.438825  0.0942964  -0.893611    1.69447
         0          0          0          1

 -0.123081  -0.991413 -0.0441753    1.06457
 -0.890103  0.0906016   0.446663   0.478156
 -0.438825  0.0942964  -0.893611    1.69447
         0          0          0          1

 -0.139068  -0.989143 -0.0474912    1.06515
 -0.882139   0.101947   0.459824   0.470791
  -0.44999   0.105841  -0.886739     1.6809
         0          0          0          1

 -0.139068  -0.989143 -0.0474912    1.06515
 -0.882139   0.101947   0.459824   0.470791
  -0.44999   0.105841  -0.886739     1.6809
         0          0          0          1

 -0.158323  -0.986182 -0.0487683    1.06516
 -0.872934   0.116718   0.473669    0.46285
 -0.461432   0.117564  -0.879352    1.66124
         0          0          0          1

 -0.158323  -0.986182 -0.0487683    1.06516
 -0.872934   0.116718   0.473669    0.46285
 -0.461432   0.117564  -0.879352    1.66124
         0          0          0          1

 -0.169361  -0.984616 -0.0429973    1.06533
 -0.868313   0.128434   0.479101   0.458875
 -0.466208   0.118476  -0.876706    1.65068
         0          0          0          1

 -0.169361  -0.984616 -0.0429973    1.06533
 -0.868313   0.128434   0.479101   0.458875
 -0.466208   0.118476  -0.876706    1.65068
         0          0          0          1

  -0.17989   -0.98288 -0.0398324    1.06573
  -0.86563   0.138936   0.481022   0.456063
 -0.467252   0.121011  -0.875803    1.64189
         0          0          0          1

  -0.17989   -0.98288 -0.0398324    1.06573
  -0.86563   0.138936   0.481022   0.456063
 -0.467252   0.121011  -0.875803    1.64189
         0          0          0          1

 -0.191041  -0.980804 -0.0390678    1.06647
 -0.866408   0.149785   0.476342    0.45354
 -0.461347    0.12485  -0.878392     1.6305
         0          0          0          1

 -0.191041  -0.980804 -0.0390678    1.06647
 -0.866408   0.149785   0.476342    0.45354
 -0.461347    0.12485  -0.878392     1.6305
         0          0          0          1

 -0.195198  -0.979941 -0.0401606     1.0666
 -0.867965   0.153537   0.472295   0.452376
 -0.456655   0.127049  -0.880525    1.62551
         0          0          0          1

 -0.195198  -0.979941 -0.0401606     1.0666
 -0.867965   0.153537   0.472295   0.452376
 -0.456655   0.127049  -0.880525    1.62551
         0          0          0          1

 -0.199437  -0.979028 -0.0415754    1.06767
 -0.870097   0.157412   0.467067   0.451831
 -0.450728   0.129325  -0.883244    1.61963
         0          0          0          1

 -0.199437  -0.979028 -0.0415754    1.06767
 -0.870097   0.157412   0.467067   0.451831
 -0.450728   0.129325  -0.883244    1.61963
         0          0          0          1

-0.199389 -0.978965 -0.043258   1.06771
-0.871666   0.15702  0.464266  0.452132
-0.447708  0.130276 -0.884639   1.61647
        0         0         0         1

-0.199389 -0.978965 -0.043258   1.06771
-0.871666   0.15702  0.464266  0.452132
-0.447708  0.130276 -0.884639   1.61647
        0         0         0         1

 -0.200976   -0.97868 -0.0423658    1.06897
 -0.871589   0.158909   0.463767    0.45259
 -0.447147   0.130132  -0.884944    1.61471
         0          0          0          1

 -0.200976   -0.97868 -0.0423658    1.06897
 -0.871589   0.158909   0.463767    0.45259
 -0.447147   0.130132  -0.884944    1.61471
         0          0          0          1

 -0.198519   -0.97955 -0.0327329    1.06893
 -0.871283   0.161086   0.463591   0.453841
 -0.448838   0.120551  -0.885444    1.61278
         0          0          0          1

 -0.198519   -0.97955 -0.0327329    1.06893
 -0.871283   0.161086   0.463591   0.453841
 -0.448838   0.120551  -0.885444    1.61278
         0          0          0          1

 -0.19523  -0.98047 -0.023752   1.06858
-0.872251  0.162507  0.461269  0.455207
-0.448401  0.110771 -0.886942   1.61211
        0         0         0         1

 -0.19523  -0.98047 -0.023752   1.06858
-0.872251  0.162507  0.461269  0.455207
-0.448401  0.110771 -0.886942   1.61211
        0         0         0         1

-0.192826 -0.981157 -0.012191   1.06842
-0.872237  0.165703  0.460158  0.457434
-0.449467 0.0993639 -0.887753   1.61328
        0         0         0         1

-0.192826 -0.981157 -0.012191   1.06842
-0.872237  0.165703  0.460158  0.457434
-0.449467 0.0993639 -0.887753   1.61328
        0         0         0         1

  -0.189756   -0.981831 -0.00095464     1.06764
  -0.871416    0.167968    0.460891    0.459611
  -0.452356   0.0882887   -0.887456     1.61413
          0           0           0           1

  -0.189756   -0.981831 -0.00095464     1.06764
  -0.871416    0.167968    0.460891    0.459611
  -0.452356   0.0882887   -0.887456     1.61413
          0           0           0           1

 -0.186923   -0.98233 0.00936295    1.06653
 -0.870149   0.169985   0.462542   0.462698
 -0.455961  0.0783124  -0.886548    1.61647
         0          0          0          1

 -0.186923   -0.98233 0.00936295    1.06653
 -0.870149   0.169985   0.462542   0.462698
 -0.455961  0.0783124  -0.886548    1.61647
         0          0          0          1

-0.181792 -0.982978  0.026567   1.06402
-0.869472  0.173302  0.462585  0.468648
-0.459315 0.0609948 -0.886177   1.62342
        0         0         0         1

-0.181792 -0.982978  0.026567   1.06402
-0.869472  0.173302  0.462585  0.468648
-0.459315 0.0609948 -0.886177   1.62342
        0         0         0         1

-0.178482 -0.983274 0.0362716   1.06268
-0.871218   0.17506   0.45862  0.473476
-0.457299 0.0502551 -0.887892   1.62905
        0         0         0         1

-0.178482 -0.983274 0.0362716   1.06268
-0.871218   0.17506   0.45862  0.473476
-0.457299 0.0502551 -0.887892   1.62905
        0         0         0         1

-0.174126 -0.983259 0.0536813   1.06076
-0.875037  0.179504  0.449543  0.481674
-0.451653  0.031304 -0.891644   1.63937
        0         0         0         1

-0.174126 -0.983259 0.0536813   1.06076
-0.875037  0.179504  0.449543  0.481674
-0.451653  0.031304 -0.891644   1.63937
        0         0         0         1

-0.169902 -0.983201  0.066707   1.05904
-0.877575   0.18175  0.443653  0.487711
-0.448324 0.0168372 -0.893712   1.64867
        0         0         0         1

-0.169902 -0.983201  0.066707   1.05904
-0.877575   0.18175  0.443653  0.487711
-0.448324 0.0168372 -0.893712   1.64867
        0         0         0         1

 -0.162319  -0.983689  0.0775107    1.05633
 -0.881345   0.179857     0.4369   0.494063
 -0.443715 0.00260345  -0.896164    1.65925
         0          0          0          1

 -0.162319  -0.983689  0.0775107    1.05633
 -0.881345   0.179857     0.4369   0.494063
 -0.443715 0.00260345  -0.896164    1.65925
         0          0          0          1

 -0.150263  -0.984388  0.0916546    1.05219
 -0.888344   0.175124   0.424473   0.505174
 -0.433897 -0.0176381   -0.90079    1.67811
         0          0          0          1

 -0.150263  -0.984388  0.0916546    1.05219
 -0.888344   0.175124   0.424473   0.505174
 -0.433897 -0.0176381   -0.90079    1.67811
         0          0          0          1

 -0.142763  -0.984602   0.100883    1.04973
 -0.894443   0.171985   0.412786   0.513961
 -0.423781 -0.0313034  -0.905224    1.69222
         0          0          0          1

 -0.142763  -0.984602   0.100883    1.04973
 -0.894443   0.171985   0.412786   0.513961
 -0.423781 -0.0313034  -0.905224    1.69222
         0          0          0          1

 -0.130679  -0.985424   0.108916    1.04598
 -0.905402   0.163378   0.391861   0.529238
 -0.403944 -0.0474046  -0.913555    1.71772
         0          0          0          1

 -0.130679  -0.985424   0.108916    1.04598
 -0.905402   0.163378   0.391861   0.529238
 -0.403944 -0.0474046  -0.913555    1.71772
         0          0          0          1

 -0.119708  -0.986297   0.113528    1.04137
 -0.913777   0.154165   0.375824   0.540591
 -0.388176 -0.0587507  -0.919711      1.736
         0          0          0          1

 -0.119708  -0.986297   0.113528    1.04137
 -0.913777   0.154165   0.375824   0.540591
 -0.388176 -0.0587507  -0.919711      1.736
         0          0          0          1

 -0.110637  -0.986875   0.117632    1.03769
 -0.922365   0.146036   0.357653   0.553346
 -0.370138 -0.0689301  -0.926416     1.7554
         0          0          0          1

 -0.110637  -0.986875   0.117632    1.03769
 -0.922365   0.146036   0.357653   0.553346
 -0.370138 -0.0689301  -0.926416     1.7554
         0          0          0          1

-0.0994675  -0.987374   0.123281    1.03294
 -0.935918   0.134907   0.325356   0.575839
  -0.33788 -0.0830188  -0.937521     1.7863
         0          0          0          1

-0.0994675  -0.987374   0.123281    1.03294
 -0.935918   0.134907   0.325356   0.575839
  -0.33788 -0.0830188  -0.937521     1.7863
         0          0          0          1

-0.0894263  -0.987076   0.132978    1.02809
 -0.943621    0.12669   0.305825   0.591496
  -0.31872 -0.0981316  -0.942756    1.80972
         0          0          0          1

-0.0894263  -0.987076   0.132978    1.02809
 -0.943621    0.12669   0.305825   0.591496
  -0.31872 -0.0981316  -0.942756    1.80972
         0          0          0          1

-0.0717183 -0.986342  0.148278   1.02023
-0.956308  0.110241  0.270779  0.618715
-0.283427  -0.12238 -0.951153   1.84618
        0         0         0         1

-0.0717183 -0.986342  0.148278   1.02023
-0.956308  0.110241  0.270779  0.618715
-0.283427  -0.12238 -0.951153   1.84618
        0         0         0         1

-0.0617945 -0.985133  0.160292   1.01564
-0.963229  0.100936  0.249003  0.638123
 -0.26148 -0.139011 -0.955146   1.87311
        0         0         0         1

-0.0617945 -0.985133  0.160292   1.01564
-0.963229  0.100936  0.249003  0.638123
 -0.26148 -0.139011 -0.955146   1.87311
        0         0         0         1

-0.050232 -0.983694  0.172695   1.00906
-0.971511 0.0882258  0.219961  0.660345
-0.231611 -0.156726 -0.960101   1.89967
        0         0         0         1

-0.050232 -0.983694  0.172695   1.00906
-0.971511 0.0882258  0.219961  0.660345
-0.231611 -0.156726 -0.960101   1.89967
        0         0         0         1

-0.0379825 -0.980959  0.190463   1.00296
-0.982191 0.0717453  0.173647  0.697367
-0.184005 -0.180475 -0.966215   1.94051
        0         0         0         1

-0.0379825 -0.980959  0.190463   1.00296
-0.982191 0.0717453  0.173647  0.697367
-0.184005 -0.180475 -0.966215   1.94051
        0         0         0         1

-0.0295679 -0.979352   0.19999  0.998197
-0.987443 0.0596806  0.146266  0.722743
-0.155181 -0.193154 -0.968819   1.97196
        0         0         0         1

-0.0295679 -0.979352   0.19999  0.998197
-0.987443 0.0596806  0.146266  0.722743
-0.155181 -0.193154 -0.968819   1.97196
        0         0         0         1

-0.0175863  -0.97485  0.222165  0.986362
-0.993852 0.0413375  0.102715  0.763807
-0.109316 -0.218993 -0.969584   2.01751
        0         0         0         1

-0.0175863  -0.97485  0.222165  0.986362
-0.993852 0.0413375  0.102715  0.763807
-0.109316 -0.218993 -0.969584   2.01751
        0         0         0         1

-0.0127459 -0.970272  0.241679  0.978758
-0.997139 0.0303434  0.069232  0.796039
-0.0745073 -0.240105 -0.967883   2.04477
        0         0         0         1

-0.0127459 -0.970272  0.241679  0.978758
-0.997139 0.0303434  0.069232  0.796039
-0.0745073 -0.240105 -0.967883   2.04477
        0         0         0         1

-0.0120459 -0.965155  0.261403  0.973263
-0.999044 0.0226016 0.0374121  0.828237
-0.0420166 -0.260703 -0.964504   2.07305
        0         0         0         1

-0.0120459 -0.965155  0.261403  0.973263
-0.999044 0.0226016 0.0374121  0.828237
-0.0420166 -0.260703 -0.964504   2.07305
        0         0         0         1

 -0.0116674    -0.96051       0.278    0.965947
  -0.999925   0.0101463 -0.00690987    0.876452
 0.00381634    -0.27806   -0.960556      2.1187
          0           0           0           1

 -0.0116674    -0.96051       0.278    0.965947
  -0.999925   0.0101463 -0.00690987    0.876452
 0.00381634    -0.27806   -0.960556      2.1187
          0           0           0           1

 -0.0122657   -0.956314    0.292086    0.956893
   -0.99923 0.000836325  -0.0392229    0.910585
  0.0372651   -0.292342   -0.955588     2.14669
          0           0           0           1

 -0.0122657   -0.956314    0.292086    0.956893
   -0.99923 0.000836325  -0.0392229    0.910585
  0.0372651   -0.292342   -0.955588     2.14669
          0           0           0           1

-0.0284744  -0.952247   0.303998   0.955985
 -0.994166 -0.0046747  -0.107763    0.97035
  0.104038  -0.305292  -0.946558    2.17954
         0          0          0          1

-0.0284744  -0.952247   0.303998   0.955985
 -0.994166 -0.0046747  -0.107763    0.97035
  0.104038  -0.305292  -0.946558    2.17954
         0          0          0          1

 -0.0334264   -0.946641    0.320553    0.945957
  -0.991224 -0.00964376   -0.131842     1.00331
   0.127898   -0.322147    -0.93801     2.21136
          0           0           0           1

 -0.0334264   -0.946641    0.320553    0.945957
  -0.991224 -0.00964376   -0.131842     1.00331
   0.127898   -0.322147    -0.93801     2.21136
          0           0           0           1

-0.0359083  -0.939812     0.3398   0.932656
 -0.987202 -0.0195085  -0.158278    1.03714
  0.155381  -0.341135  -0.927083    2.23911
         0          0          0          1

-0.0359083  -0.939812     0.3398   0.932656
 -0.987202 -0.0195085  -0.158278    1.03714
  0.155381  -0.341135  -0.927083    2.23911
         0          0          0          1

-0.0450803  -0.929403   0.366303   0.923321
 -0.979984 -0.0300295  -0.196798    1.09188
  0.193904  -0.367843  -0.909447    2.27724
         0          0          0          1

-0.0450803  -0.929403   0.366303   0.923321
 -0.979984 -0.0300295  -0.196798    1.09188
  0.193904  -0.367843  -0.909447    2.27724
         0          0          0          1

-0.0552665   -0.92069   0.386362   0.911501
  -0.97154 -0.0396795  -0.233527    1.13246
  0.230337  -0.388273  -0.892294    2.29244
         0          0          0          1

-0.0552665   -0.92069   0.386362   0.911501
  -0.97154 -0.0396795  -0.233527    1.13246
  0.230337  -0.388273  -0.892294    2.29244
         0          0          0          1

-0.0639655  -0.916477   0.394941   0.907545
 -0.962758 -0.0475011  -0.266158    1.17161
  0.262688  -0.397258  -0.879307    2.31412
         0          0          0          1

-0.0639655  -0.916477   0.394941   0.907545
 -0.962758 -0.0475011  -0.266158    1.17161
  0.262688  -0.397258  -0.879307    2.31412
         0          0          0          1

 -0.084995  -0.911079   0.403374   0.909094
 -0.939237 -0.0618696  -0.337648    1.24794
  0.332581  -0.407562   -0.85046    2.32012
         0          0          0          1

