 0.252833 -0.292358  0.922281   0.27705
-0.886296 -0.452282 0.0995977   1.05539
 0.388013 -0.842596 -0.373468   2.30279
        0         0         0         1

 0.251216 -0.286338  0.924608  0.278543
-0.886706  -0.45112  0.101213   1.04911
 0.388128 -0.845282 -0.367226   2.29341
        0         0         0         1

 0.248218 -0.282143  0.926706  0.284248
-0.889603 -0.445017  0.102792    1.0352
 0.383398 -0.849915 -0.361456   2.28167
        0         0         0         1

 0.248743 -0.281256  0.926835  0.287665
-0.891774  -0.43993  0.105833   1.02909
 0.377977 -0.852852 -0.360246   2.27654
        0         0         0         1

 0.243522 -0.276938  0.929517  0.299163
-0.900086 -0.421542  0.110218   1.00997
 0.361307 -0.863486 -0.351922   2.25115
        0         0         0         1

 0.243251 -0.281334  0.928267  0.305733
-0.901742 -0.418158  0.109568   1.00798
 0.357337  -0.86371 -0.355408    2.2429
        0         0         0         1

 0.249369 -0.277656  0.927751  0.301089
-0.906833 -0.403113  0.123103  0.988442
 0.339809 -0.872013 -0.352312   2.23303
        0         0         0         1

 0.249856 -0.283689  0.925793  0.308358
-0.910303 -0.394705  0.124726  0.983611
 0.330031 -0.873916 -0.356863    2.2315
        0         0         0         1

 0.258229 -0.282576  0.923833   0.30421
-0.915116 -0.378045  0.140159  0.964696
 0.309645 -0.881608 -0.356213    2.2212
        0         0         0         1

 0.260212 -0.281311  0.923663  0.303657
-0.916884 -0.371868  0.145046  0.957652
 0.302678 -0.884634 -0.354694   2.21327
        0         0         0         1

 0.261975 -0.298018  0.917908  0.316884
-0.927574 -0.340316  0.154243  0.934034
 0.266411 -0.891835 -0.365588   2.19598
        0         0         0         1

 0.262512 -0.303289  0.916026  0.320034
-0.929489 -0.334396  0.155655  0.927862
 0.259107 -0.892297 -0.369687   2.18885
        0         0         0         1

 0.271941 -0.311538   0.91049  0.316645
-0.931968 -0.320991  0.168524  0.909022
 0.239758 -0.894376 -0.377634   2.17768
        0         0         0         1

 0.272499 -0.309622  0.910977  0.314018
-0.933325 -0.315103  0.172087  0.900961
 0.233769 -0.897131 -0.374844   2.16947
        0         0         0         1

 0.266508   -0.3231  0.908064  0.325488
-0.937694 -0.304841  0.166738  0.889496
 0.222942 -0.895923 -0.384211   2.13568
        0         0         0         1

 0.270125 -0.325484  0.906142  0.323129
-0.938897 -0.297559  0.173006  0.879523
  0.21332 -0.897507 -0.385974   2.13223
        0         0         0         1

  0.27135 -0.336372  0.901789  0.327892
-0.942608 -0.282288  0.178337  0.863387
 0.194577 -0.898425 -0.393665   2.12616
        0         0         0         1

 0.271111 -0.340104   0.90046  0.328615
-0.944164 -0.275927  0.180052   0.85487
 0.187225 -0.898996 -0.395921   2.11908
        0         0         0         1

 0.279413 -0.347738   0.89499  0.323252
-0.948271 -0.246237  0.200375   0.81855
 0.150702  -0.90468 -0.398552    2.1024
        0         0         0         1

 0.277208 -0.344384   0.89697   0.32179
 -0.94885 -0.244961  0.199191  0.813667
 0.151125 -0.906308 -0.394674   2.09086
        0         0         0         1

 0.270508 -0.346805  0.898082  0.328488
-0.952008 -0.235118  0.195957  0.803431
 0.143197  -0.90799 -0.393763   2.07551
        0         0         0         1

  0.27197 -0.347564  0.897347  0.327815
-0.952625 -0.229178  0.199957  0.794196
 0.136154 -0.909218 -0.393427   2.06979
        0         0         0         1

 0.271393  -0.35265  0.895536  0.328757
-0.954205 -0.220252   0.20244  0.779499
 0.125853 -0.909465 -0.396275    2.0569
        0         0         0         1

 0.271869 -0.350692   0.89616  0.327292
-0.954587   -0.2162   0.20499  0.772913
 0.121861 -0.911193 -0.393544   2.04746
        0         0         0         1

  0.27233 -0.351285  0.895787  0.325042
-0.957383 -0.192004  0.215761  0.742842
0.0962011  -0.91637 -0.388603   2.02599
        0         0         0         1

 0.275016 -0.352783  0.894377  0.323944
-0.957601 -0.183554  0.222055  0.733473
0.0858294 -0.917525 -0.388306   2.02051
        0         0         0         1

 0.273264 -0.354533  0.894222  0.325679
-0.958997  -0.17306  0.224445   0.72078
0.0751811 -0.918889 -0.387287    2.0042
        0         0         0         1

 0.270258  -0.35368  0.895473  0.326113
-0.960083 -0.168675  0.223137  0.714513
0.0721247 -0.920032 -0.385148   1.99544
        0         0         0         1

 0.260456 -0.351692  0.899152  0.327885
-0.963833 -0.149184  0.220841  0.692106
0.0564713 -0.924152 -0.377828   1.96563
        0         0         0         1

 0.261496 -0.352399  0.898574  0.327064
 -0.96396 -0.142605  0.224598   0.68404
0.0489925 -0.924921  -0.37699   1.95909
        0         0         0         1

 0.262703 -0.352613  0.898138  0.325942
-0.964326 -0.127386  0.232051  0.667302
0.0325864 -0.927058 -0.373498   1.94565
        0         0         0         1

 0.261619 -0.352361  0.898553   0.32556
-0.964835 -0.120041  0.233844  0.659383
0.0254659 -0.928134 -0.371375   1.93892
        0         0         0         1

 0.257781 -0.355309  0.898501   0.32721
-0.966138 -0.105637  0.235412  0.646021
0.0112706 -0.928761 -0.370508    1.9233
        0         0         0         1

  0.257867  -0.354981   0.898606    0.32657
 -0.966173 -0.0984023   0.238383   0.639045
0.00380327   -0.92968  -0.368348    1.91575
         0          0          0          1

  0.25817 -0.352508  0.899492  0.322694
-0.965797 -0.070859  0.249431  0.612196
-0.0241894 -0.933122 -0.358745    1.8868
        0         0         0         1

  0.258338  -0.353903   0.898896   0.322577
 -0.965546 -0.0644032   0.252136   0.605382
  -0.03134  -0.933062  -0.358347    1.87918
         0          0          0          1

  0.25213 -0.357135   0.89938  0.325302
 -0.96669 -0.050644  0.250889  0.595632
-0.0440531 -0.932679 -0.358008   1.86142
        0         0         0         1

  0.253046  -0.360557   0.897757   0.324051
 -0.965954 -0.0424939   0.255202   0.587554
-0.0538655  -0.931769  -0.359034    1.85473
         0          0          0          1

  0.246993  -0.370783   0.895273   0.324845
 -0.965182 -0.0120207   0.261301   0.565828
-0.0861242  -0.928642  -0.360843    1.82843
         0          0          0          1

   0.242477    -0.37117    0.896347    0.325279
  -0.965996 -0.00688717    0.258467    0.562376
 -0.0897619   -0.928539   -0.360219     1.81801
          0           0           0           1

 0.240689 -0.374483   0.89545  0.323578
-0.964852 0.0079643  0.262674    0.5499
-0.105499   -0.9272 -0.359403   1.80042
        0         0         0         1

 0.237173  -0.37735  0.895185  0.324746
-0.964795 0.0163188  0.262495  0.545401
-0.113661 -0.925927 -0.360195   1.79277
        0         0         0         1

 0.233488 -0.382194  0.894098  0.324295
-0.963578 0.0323523  0.265462  0.533605
-0.130384 -0.923516  -0.36072   1.77656
        0         0         0         1

 0.229374 -0.383331  0.894676  0.324977
-0.963679 0.0397331  0.264089  0.530084
-0.136782 -0.922756 -0.360295   1.76746
        0         0         0         1

 0.222836 -0.383228  0.896371  0.323609
-0.961111 0.0674933  0.267786  0.514172
-0.163122 -0.921185 -0.353284   1.73547
        0         0         0         1

 0.221144 -0.383762  0.896561   0.32366
 -0.96017 0.0753195  0.269074  0.510017
-0.170789 -0.920355  -0.35182   1.72645
        0         0         0         1

 0.214369 -0.384693  0.897807   0.32453
-0.959061 0.0912526  0.268094  0.503086
-0.185061 -0.918523 -0.349383    1.7091
        0         0         0         1

 0.212305 -0.386678  0.897445  0.325151
-0.957877 0.0993989  0.269429  0.500026
-0.193387 -0.916842 -0.349287   1.70054
        0         0         0         1

 0.209614 -0.385799  0.898455  0.323814
-0.955039  0.116255  0.272735  0.491773
-0.209671 -0.915229 -0.344085   1.68319
        0         0         0         1

 0.207966  -0.38638  0.898588  0.324491
-0.953999  0.122701   0.27355  0.489425
-0.215952 -0.914142 -0.343089   1.67384
        0         0         0         1

 0.205463 -0.392666  0.896436  0.325415
-0.946221   0.15419  0.284414  0.478553
-0.249901 -0.906664 -0.339868   1.64667
        0         0         0         1

  0.20484 -0.392789  0.896525  0.325794
-0.944235  0.161947  0.286694  0.475879
  -0.2578 -0.905257 -0.337712    1.6389
        0         0         0         1

 0.202945 -0.391403  0.897562  0.325564
-0.940628   0.17678  0.289771  0.470384
-0.272088  -0.90308 -0.332288   1.62237
        0         0         0         1

 0.200364 -0.389395  0.899014  0.326221
-0.939647  0.183384   0.28885  0.468995
-0.277341 -0.902631  -0.32915   1.61447
        0         0         0         1

 0.194051 -0.383017  0.903129  0.328474
-0.934934  0.206571  0.288491   0.46399
-0.297057 -0.900348  -0.31801   1.58776
        0         0         0         1

 0.193579 -0.381412  0.903909  0.328566
-0.933238  0.212629   0.28958  0.462399
-0.302646 -0.899619 -0.314788   1.58041
        0         0         0         1

 0.192498 -0.377859  0.905631  0.329163
-0.929914  0.224482  0.291321  0.459525
-0.313376 -0.898237 -0.308164   1.56556
        0         0         0         1

 0.192854 -0.374965  0.906757  0.329542
-0.927864  0.230911   0.29283  0.457947
-0.319181  -0.89782 -0.303385   1.55859
        0         0         0         1

 0.192075 -0.371205  0.908468  0.330678
-0.923859  0.243873  0.294977  0.455696
-0.331047 -0.895954 -0.296099   1.54628
        0         0         0         1

 0.192861 -0.367805  0.909684  0.329861
-0.922797  0.247152   0.29557  0.454336
-0.333542 -0.896457 -0.291743   1.53866
        0         0         0         1

 0.193508 -0.355576  0.914396  0.329274
-0.918017  0.263181  0.296616  0.449675
-0.346121 -0.896829 -0.275497   1.51602
        0         0         0         1

 0.189644 -0.353788  0.915898  0.331107
-0.917762  0.267629  0.293408  0.450342
-0.348925 -0.896219 -0.273939   1.51079
        0         0         0         1

 0.188876 -0.350127  0.917462  0.330758
-0.915671  0.274749  0.293358  0.448609
-0.354785 -0.895502 -0.268708   1.49957
        0         0         0         1

 0.187677 -0.349449  0.917967  0.331523
-0.914833  0.278033  0.292878  0.448462
-0.357571 -0.894753 -0.267507   1.49475
        0         0         0         1

  0.18636 -0.347851  0.918841  0.333645
-0.912473  0.285429  0.293125  0.447856
-0.364228 -0.893045 -0.264212   1.47627
        0         0         0         1

 0.187321 -0.348371  0.918449  0.333435
-0.911313  0.287346  0.294857  0.446639
-0.366633 -0.892227 -0.263649   1.47195
        0         0         0         1

 0.187778 -0.350033  0.917723  0.333856
-0.908717  0.292711   0.29758  0.444679
-0.372791  -0.88983 -0.263116   1.46498
        0         0         0         1

 0.187556 -0.349996  0.917783  0.334587
-0.907485  0.295822  0.298263  0.444314
-0.375891 -0.888815 -0.262133   1.46135
        0         0         0         1

 0.189178 -0.348862  0.917882  0.335043
-0.905463  0.299701  0.300527  0.443376
-0.379932 -0.887961 -0.259185   1.45269
        0         0         0         1

 0.189462 -0.349808  0.917463  0.335031
-0.904412   0.30162  0.301768  0.442651
-0.382286 -0.886938 -0.259225   1.44961
        0         0         0         1

 0.190675 -0.352136   0.91632  0.336307
-0.901483  0.306657  0.305434  0.441358
 -0.38855 -0.884286 -0.258973    1.4381
        0         0         0         1

 0.191187 -0.353932  0.915521   0.33702
 -0.90094  0.306901  0.306787  0.441559
-0.389556 -0.883484 -0.260196   1.43505
        0         0         0         1

 0.194635 -0.357193  0.913527  0.337507
-0.899782  0.305783  0.311269  0.440213
-0.390524 -0.882559 -0.261879   1.42833
        0         0         0         1

 0.196484  -0.35953  0.912213   0.33748
-0.899169  0.304938   0.31386  0.439537
 -0.39101 -0.881902 -0.263362   1.42585
        0         0         0         1

 0.200779 -0.365645  0.908841  0.338817
-0.897596  0.302983  0.320191  0.437482
 -0.39244  -0.88006 -0.267369   1.41898
        0         0         0         1

 0.201608 -0.367875  0.907757  0.339304
-0.897231  0.302356  0.321802  0.437225
-0.392849 -0.879346 -0.269112   1.41751
        0         0         0         1

  0.20324 -0.368814  0.907011  0.340628
-0.897042  0.301146   0.32346  0.437615
 -0.39244 -0.879367 -0.269637   1.41345
        0         0         0         1

 0.204814 -0.368906   0.90662  0.341283
-0.897022  0.299896  0.324675  0.437507
-0.391666 -0.879756 -0.269494    1.4108
        0         0         0         1

  0.21009  -0.36971  0.905084  0.340834
-0.896202  0.297165  0.329415  0.435821
-0.390747 -0.880345 -0.268904   1.40643
        0         0         0         1

 0.210811 -0.370675  0.904521  0.341927
 -0.89596  0.296768  0.330432  0.436179
-0.390916 -0.880073 -0.269548   1.40554
        0         0         0         1

 0.215817 -0.374985  0.901559  0.344606
-0.895595  0.291833  0.335771  0.436016
-0.389014 -0.879898 -0.272852   1.40097
        0         0         0         1

 0.215947 -0.375666  0.901245  0.345934
-0.896204   0.29009  0.335658  0.436638
-0.387537 -0.880184 -0.274029   1.39925
        0         0         0         1

 0.219161  -0.37982  0.898724  0.346949
-0.895387  0.287646  0.339913   0.43614
 -0.38762 -0.879202 -0.277045   1.39711
        0         0         0         1

  0.21908 -0.381524  0.898022  0.348862
-0.895721  0.286313  0.340159  0.437067
-0.386894   -0.8789 -0.279013   1.39573
        0         0         0         1

 0.224803 -0.390799  0.892603  0.351775
-0.895621  0.277974  0.347265  0.437034
-0.383831   -0.8775 -0.287518   1.39077
        0         0         0         1

 0.226168 -0.394141  0.890787  0.352678
-0.895454   0.27583  0.349398  0.436797
-0.383418 -0.876682 -0.290552   1.38952
        0         0         0         1

 0.229233   -0.4009  0.886979  0.353481
-0.895186  0.270997   0.35384  0.436274
-0.382223 -0.875123 -0.296758   1.38741
        0         0         0         1

 0.229339 -0.405482  0.884866  0.354753
-0.894688  0.270203  0.355703  0.436553
-0.383324 -0.873255 -0.300812   1.38728
        0         0         0         1

 0.230361 -0.411147  0.881982  0.357173
 -0.89472    0.2669  0.358106  0.437523
-0.382635 -0.871621 -0.306378   1.38488
        0         0         0         1

 0.231427  -0.41293  0.880869  0.358081
-0.894328  0.266077  0.359694  0.437667
-0.382908 -0.871029 -0.307717   1.38328
        0         0         0         1

 0.233074 -0.424402  0.874963  0.361322
-0.892371  0.264221  0.365871  0.437506
 -0.38646 -0.866066 -0.317141   1.38099
        0         0         0         1

 0.233129 -0.426657  0.873851  0.361662
-0.892458  0.263029  0.366516  0.437634
-0.386224 -0.865321 -0.319454    1.3794
        0         0         0         1

 0.230292 -0.431362  0.872291  0.364449
-0.892058    0.2646  0.366359  0.439148
-0.388842 -0.862504 -0.323865     1.378
        0         0         0         1

 0.230382 -0.431948  0.871978  0.365407
-0.891486  0.265536  0.367073  0.439652
-0.390098 -0.861923 -0.323901   1.37636
        0         0         0         1

 0.232588 -0.436952  0.868894  0.367119
-0.887665  0.269705  0.373243  0.439643
-0.397434 -0.858098 -0.325136   1.37157
        0         0         0         1

 0.230696 -0.442371  0.866653   0.36834
-0.887229  0.270061  0.374022  0.440661
-0.399505 -0.855205 -0.330182   1.37116
        0         0         0         1

 0.228051 -0.453451  0.861612  0.370847
-0.886117  0.270048  0.376658  0.442033
-0.403473 -0.849386 -0.340226   1.36936
        0         0         0         1

  0.22839 -0.458789  0.858691  0.371636
-0.885828  0.267997  0.378795  0.442526
-0.403914 -0.847166   -0.3452   1.36848
        0         0         0         1

  0.22697 -0.468347  0.853894  0.373808
-0.885701  0.265338  0.380958  0.444016
-0.404991 -0.842761 -0.354592   1.36825
        0         0         0         1

 0.227409 -0.470898  0.852373  0.374299
-0.886763  0.261573  0.381091  0.444375
-0.402413 -0.842517 -0.358091   1.36704
        0         0         0         1

 0.221968 -0.500625  0.836723  0.378988
-0.890578  0.245294  0.383018  0.447098
-0.396991 -0.830184 -0.391398   1.36772
        0         0         0         1

 0.220487 -0.514232  0.828825  0.380526
-0.891044  0.239467  0.385613  0.447649
 -0.39677 -0.823542 -0.405403   1.36888
        0         0         0         1

 0.219348 -0.542255  0.811077  0.382313
-0.892137  0.225042  0.391724  0.447707
-0.394941 -0.809515 -0.434404   1.37049
        0         0         0         1

 0.217575 -0.558325  0.800584  0.383992
-0.892652  0.217914  0.394569  0.448102
-0.394757 -0.800491 -0.450977   1.37162
        0         0         0         1

 0.213692 -0.613028  0.760613  0.390192
-0.893439  0.192257  0.405961  0.450198
-0.395099 -0.766312 -0.506619   1.37279
        0         0         0         1

 0.210951 -0.626269  0.750525  0.392514
-0.893812  0.187253  0.407476   0.45137
-0.395728 -0.756785 -0.520265   1.37269
        0         0         0         1

 0.206058 -0.652045  0.729642  0.396544
-0.893434  0.178782  0.412083  0.453358
-0.399144   -0.7368  -0.54572   1.37407
        0         0         0         1

 0.204687 -0.661435  0.721531  0.397657
-0.893298  0.175119  0.413948  0.453701
-0.400153 -0.729272 -0.555014   1.37409
        0         0         0         1

 0.205706 -0.673115  0.710353  0.398727
-0.891529  0.170437  0.419675  0.453821
 -0.40356  -0.71963 -0.565042   1.37399
        0         0         0         1

  0.20613 -0.673607  0.709764  0.399769
-0.890777  0.171039  0.421026  0.454495
-0.405003 -0.719027 -0.564777   1.37372
        0         0         0         1

 0.207089 -0.673796  0.709305  0.401855
-0.887283  0.176062    0.4263   0.45532
-0.412121 -0.717635 -0.561387   1.37384
        0         0         0         1

 0.206409 -0.675419  0.707958  0.402251
-0.886523  0.177113  0.427443  0.455105
-0.414092 -0.715849 -0.562217     1.375
        0         0         0         1

 0.205687 -0.678593  0.705128   0.40252
-0.886759  0.175541  0.427604  0.454898
-0.413947  -0.71323 -0.565641   1.37432
        0         0         0         1

 0.204009 -0.682711  0.701631  0.403773
-0.886807  0.174704  0.427845  0.455415
-0.414673 -0.709495 -0.569792   1.37437
        0         0         0         1

 0.196771 -0.705875  0.680457  0.407649
-0.886531  0.168317  0.430967  0.456751
-0.418741 -0.688048 -0.592661   1.37675
        0         0         0         1

 0.193588 -0.712806  0.674115  0.409662
-0.886956  0.166522   0.43079  0.457944
-0.419325 -0.681306 -0.599991   1.37681
        0         0         0         1

 0.190455 -0.729716   0.65669  0.411811
-0.885988  0.160325  0.435111   0.45839
-0.422791 -0.664688 -0.615984   1.37835
        0         0         0         1

 0.189608 -0.737922  0.647703  0.412236
-0.885151  0.157021   0.43801  0.457953
 -0.42492 -0.656365   -0.6234   1.37872
        0         0         0         1

 0.184204 -0.752059  0.632832  0.414335
-0.884018  0.154666  0.441124  0.458716
-0.429629 -0.640692 -0.636343   1.37909
        0         0         0         1

 0.182531 -0.758801  0.625222  0.414593
-0.882783  0.153485  0.444001  0.458458
-0.432871  -0.63298 -0.641841    1.3794
        0         0         0         1

 0.170356 -0.776596  0.606529  0.416203
-0.879366  0.157924  0.449193  0.459323
-0.444628 -0.609884 -0.656009   1.37989
        0         0         0         1

 0.168401 -0.777135  0.606384  0.416092
-0.878541  0.160632  0.449847  0.459623
-0.446997 -0.608489 -0.655695   1.38046
        0         0         0         1

 0.165629 -0.774244  0.610831   0.41528
-0.876742  0.167994  0.450668  0.459557
-0.451543 -0.610184 -0.650987   1.38135
        0         0         0         1

 0.163459 -0.769766  0.617043  0.415106
-0.876116  0.174275  0.449499  0.459967
-0.453544 -0.614075 -0.645917   1.38204
        0         0         0         1

 0.161272  -0.74699  0.644978  0.412249
-0.873283  0.196433   0.44586  0.460266
-0.459748 -0.635153 -0.620654   1.38456
        0         0         0         1

 0.162087 -0.740804  0.651872  0.410496
-0.872088  0.201565  0.445908  0.459786
-0.461726 -0.640765 -0.613375   1.38609
        0         0         0         1

 0.162064 -0.728103  0.666034  0.407685
-0.871227  0.211358  0.443048  0.460097
-0.463356 -0.652069 -0.600089   1.38834
        0         0         0         1

 0.161232 -0.724349  0.670316  0.406878
-0.870663  0.215416  0.442202   0.46054
-0.464705 -0.654916 -0.595932   1.39055
        0         0         0         1

 0.159349 -0.720132  0.675291  0.405448
-0.870584  0.220035  0.440078  0.461171
-0.465502 -0.658023 -0.591873   1.39541
        0         0         0         1

 0.159349 -0.720132  0.675291  0.405448
-0.870584  0.220035  0.440078  0.461171
-0.465502 -0.658023 -0.591873   1.39541
        0         0         0         1

 0.157663 -0.719242  0.676633  0.405296
-0.871442  0.220947  0.437916  0.462402
-0.464468  -0.65869 -0.591943     1.398
        0         0         0         1

 0.153335 -0.722913   0.67371  0.404922
-0.873881  0.219081  0.433976  0.465829
-0.461324 -0.655286 -0.598147    1.4074
        0         0         0         1

 0.153578 -0.727402  0.668805  0.403813
-0.874678  0.214824  0.434499  0.467364
-0.459731 -0.651718  -0.60325   1.41471
        0         0         0         1

  0.15407 -0.729356  0.666561  0.403653
 -0.87489  0.212798  0.435068  0.468227
-0.459163 -0.650198  -0.60532   1.41823
        0         0         0         1

 0.154735 -0.732766  0.662654  0.403774
 -0.87574  0.208744  0.435322  0.470956
-0.457314 -0.647672 -0.609413   1.42625
        0         0         0         1

 0.155563 -0.734124  0.660955  0.402879
-0.876391  0.206155  0.435246  0.471811
-0.455784 -0.646963  -0.61131   1.42967
        0         0         0         1

 0.160313 -0.737377  0.656182  0.401589
-0.880414  0.193749  0.432819  0.477081
-0.446286 -0.647098 -0.618136   1.44244
        0         0         0         1

 0.161688 -0.738125  0.655002  0.401083
-0.881815  0.189897  0.431673  0.478508
-0.443012 -0.647387 -0.620186   1.44738
        0         0         0         1

 0.165609 -0.738039  0.654119  0.400335
-0.885878  0.180127  0.427521  0.482419
-0.433352 -0.650271 -0.623982    1.4545
        0         0         0         1

 0.167012 -0.737704  0.654141  0.400233
-0.887969  0.175806  0.424976  0.484862
-0.428508 -0.651832 -0.625696   1.45845
        0         0         0         1

 0.177215 -0.741808  0.646773  0.397253
-0.891851  0.156851  0.424264  0.490797
-0.416169 -0.652011 -0.633786    1.4767
        0         0         0         1

 0.179515 -0.742553  0.645282  0.396837
-0.893008  0.152165  0.423535  0.493518
-0.412687 -0.652273  -0.63579   1.48097
        0         0         0         1

   0.1808 -0.745242  0.641814  0.398277
-0.896268  0.143867  0.419531  0.500823
-0.404988 -0.651088 -0.641925   1.49061
        0         0         0         1

   0.1829 -0.746586  0.639653  0.397972
-0.898034  0.137914   0.41775  0.503894
-0.400103 -0.650837 -0.645235   1.49488
        0         0         0         1

 0.194853 -0.752829  0.628714  0.394904
-0.901868  0.114466  0.416572  0.513576
-0.385574 -0.648187 -0.656648   1.51122
        0         0         0         1

 0.196106    -0.756  0.624505  0.395278
 -0.90323  0.108662  0.415173  0.517395
-0.381731 -0.645489 -0.661532   1.51611
        0         0         0         1

 0.200493 -0.761918   0.61586  0.396112
-0.904809 0.0970385  0.414612  0.525604
-0.375663 -0.640363 -0.669935   1.52695
        0         0         0         1

  0.20274   -0.7651  0.611162  0.396325
-0.906118 0.0900579  0.413327  0.529806
-0.371276 -0.637583 -0.675013   1.53179
        0         0         0         1

 0.207644 -0.772059  0.600674  0.397204
-0.907938 0.0764156  0.412078  0.539151
 -0.36405 -0.630941 -0.685114   1.54298
        0         0         0         1

 0.212071 -0.776292   0.59363  0.396331
-0.908076 0.0679463  0.413258  0.542468
-0.361144 -0.626701 -0.690522   1.54924
        0         0         0         1

 0.230197 -0.786409  0.573211  0.393655
 -0.90772 0.0388105  0.417778  0.556832
-0.350791 -0.616486 -0.704905   1.57082
        0         0         0         1

 0.234179 -0.787096  0.570649   0.39335
-0.908939 0.0310083  0.415774  0.562628
-0.344949 -0.616051  -0.70816   1.57507
        0         0         0         1

 0.246199 -0.787102  0.565559  0.391613
-0.909314 0.0143839  0.415861  0.572897
 -0.33546 -0.616655 -0.712182   1.58445
        0         0         0         1

  0.250979  -0.787169    0.56336    0.39062
 -0.909399 0.00766714   0.415854   0.578368
 -0.331667  -0.616689  -0.713927    1.59024
         0          0          0          1

   0.26152  -0.786492   0.559497   0.392737
 -0.911309 -0.0102216   0.411595   0.603023
 -0.317997  -0.617515  -0.719411    1.61025
         0          0          0          1

  0.270505  -0.784444     0.5581   0.389463
 -0.910095 -0.0193254    0.41395   0.607928
 -0.313935  -0.619899  -0.719145    1.61533
         0          0          0          1

  0.283815  -0.781656   0.555395    0.38408
 -0.908428 -0.0337845   0.416673   0.619419
 -0.306931  -0.622795  -0.719667    1.62769
         0          0          0          1

   0.28879  -0.778511   0.557245   0.383092
 -0.909007 -0.0402694   0.414831   0.626344
  -0.30051  -0.626338  -0.719301    1.63277
         0          0          0          1

  0.300256  -0.773353   0.558365   0.382047
  -0.90876 -0.0540602   0.413803   0.640977
  -0.28983  -0.631667  -0.719024    1.64482
         0          0          0          1

  0.306616  -0.769781   0.559843   0.379677
 -0.908293 -0.0607709   0.413897   0.648155
 -0.284588  -0.635408   -0.71782    1.65099
         0          0          0          1

  0.328995  -0.758444   0.562605   0.376989
 -0.906657 -0.0870896   0.412781   0.678426
 -0.264074  -0.645893  -0.716301    1.67515
         0          0          0          1

  0.338037  -0.752559   0.565142   0.373943
 -0.905378 -0.0960891   0.413592   0.686747
 -0.256949  -0.651477  -0.713832    1.67993
         0          0          0          1

 0.351251 -0.742159  0.570809  0.371578
-0.904802 -0.112307  0.410756  0.707431
 -0.24074 -0.660748 -0.710955   1.68881
        0         0         0         1

 0.359779  -0.73782  0.571122  0.369425
-0.902917 -0.121046  0.412418  0.715313
-0.235158 -0.664056  -0.70974   1.69556
        0         0         0         1

 0.376832 -0.720076  0.582657  0.365276
-0.903008 -0.145463  0.404249   0.75178
-0.206335 -0.678478 -0.705049   1.71716
        0         0         0         1

  0.38316 -0.710857  0.589805  0.361437
-0.902689 -0.152812  0.402246  0.761374
 -0.19581 -0.686535 -0.700234   1.72104
        0         0         0         1

 0.390699 -0.694586  0.604074  0.357368
-0.903814 -0.165004  0.394835  0.783773
-0.174572 -0.700232 -0.692243   1.73196
        0         0         0         1

 0.397763 -0.684576  0.610852  0.351993
-0.902728 -0.173068  0.393865  0.792924
-0.163912 -0.708098 -0.686826   1.73737
        0         0         0         1

 0.403486 -0.666897  0.626457  0.347856
-0.904081 -0.185193   0.38515  0.815406
 -0.14084  -0.72177 -0.677652   1.74772
        0         0         0         1

  0.40237 -0.661362  0.633008  0.347197
-0.905896 -0.187864  0.379551   0.82719
-0.132101  -0.72616 -0.674716   1.75453
        0         0         0         1

 0.403404 -0.632535  0.661185  0.338662
-0.910617 -0.206702  0.357843  0.869509
-0.0896793 -0.746441 -0.659381   1.77258
        0         0         0         1

 0.406933 -0.622558  0.668451  0.332898
-0.910523 -0.217837  0.351419  0.880058
-0.0731657 -0.751644 -0.655499   1.77528
        0         0         0         1

 0.403426 -0.604912  0.686534  0.326315
-0.914118 -0.233281  0.331614  0.904235
-0.040442 -0.761355 -0.647073   1.78231
        0         0         0         1

 0.397322 -0.595121  0.698546  0.325633
-0.917442 -0.240269  0.317131  0.918096
-0.0208923 -0.766878 -0.641453   1.78373
        0         0         0         1

 0.382077 -0.551863  0.741258  0.313771
 -0.92294 -0.268578  0.275768  0.961427
0.0468997 -0.789501 -0.611954   1.79345
        0         0         0         1

 0.374906 -0.541855  0.752222  0.313352
-0.924792 -0.275343  0.262574  0.975685
 0.064842  -0.79409 -0.604331   1.79782
        0         0         0         1

 0.361782 -0.512129  0.778998   0.30452
-0.925406  -0.29844  0.233576   1.00414
 0.112863 -0.805393 -0.581898   1.79511
        0         0         0         1

 0.354783 -0.509067  0.784206  0.306115
-0.927059 -0.300279  0.224484   1.01625
 0.121203 -0.806649  -0.57847    1.8045
        0         0         0         1

 0.337006 -0.492796  0.802234  0.303786
-0.928424 -0.315472  0.196228   1.04433
 0.156382 -0.810943  -0.56384   1.80884
        0         0         0         1

  0.32726 -0.484817  0.811081  0.303035
-0.928781 -0.323069  0.181639   1.05802
 0.173974  -0.81276 -0.556017   1.81052
        0         0         0         1

 0.298075 -0.443409  0.845304    0.2885
-0.922646 -0.360847  0.136064   1.10326
 0.244694 -0.820474  -0.51667   1.80588
        0         0         0         1

 0.291295 -0.430093  0.854498  0.282816
-0.920024 -0.370695  0.127051   1.11471
 0.262114 -0.823168 -0.503677   1.80603
        0         0         0         1

 0.269387 -0.412306  0.870307  0.281225
-0.918047 -0.382925  0.102754   1.14129
 0.290896 -0.826663 -0.481671   1.81392
        0         0         0         1

 0.261481 -0.399224  0.878776  0.275594
-0.914803 -0.392878 0.0937175   1.15291
 0.307838 -0.828412 -0.467942   1.81157
        0         0         0         1

 0.243673 -0.377964  0.893178  0.268599
-0.906091 -0.417139 0.0706758   1.17983
 0.345866 -0.826522 -0.444115   1.79984
        0         0         0         1

