   0.721091 -0.00717876    0.692803     1.65957
  -0.660432    -0.30937    0.684193     1.07233
   0.209421   -0.950915   -0.227825     2.06303
          0           0           0           1

   0.722671 -0.00985967    0.691122     1.66675
  -0.661516   -0.299711    0.687437     1.06075
   0.200359   -0.953979   -0.223114     2.05585
          0           0           0           1

  0.721459 -0.0329094   0.691675    1.69511
  -0.67392  -0.262945   0.690429    1.02696
  0.159151   -0.96425  -0.211882    2.04657
         0          0          0          1

  0.721482 -0.0478329   0.690779    1.70682
 -0.678682  -0.246679   0.691766    1.01387
  0.137312  -0.967916  -0.210438    2.04094
         0          0          0          1

  0.718914 -0.0668364   0.691879    1.72711
 -0.685694  -0.231382   0.690135   0.996394
  0.113962  -0.970564  -0.212173     2.0298
         0          0          0          1

  0.722011 -0.0788307   0.687376    1.73507
 -0.684869  -0.222524   0.693857    0.98771
 0.0982608  -0.971735  -0.214654    2.01935
         0          0          0          1

 0.724241  -0.10744  0.681125   1.75921
-0.687427 -0.189893  0.700988  0.961384
0.0540263 -0.975908 -0.211385   1.99536
        0         0         0         1

 0.726594 -0.119179  0.676652   1.76834
-0.686204 -0.175231  0.705988  0.951453
0.0344315 -0.977287 -0.209102   1.98714
        0         0         0         1

  0.72527 -0.135719  0.674954   1.78453
-0.688446  -0.15015  0.709576  0.934778
0.00504153 -0.979304 -0.202334   1.97602
        0         0         0         1

 0.726792 -0.142826  0.671844   1.79136
-0.686823 -0.141352  0.712947  0.927285
-0.00686137 -0.979602  -0.20083   1.96628
        0         0         0         1

 0.732572 -0.146291  0.664783   1.79632
-0.680433 -0.130566  0.721085  0.917845
-0.0186901 -0.980587 -0.195191   1.95227
        0         0         0         1

 0.723593 -0.162593  0.670803   1.81072
-0.689143 -0.115752   0.71532  0.905432
-0.0386593  -0.97988 -0.195807   1.94309
        0         0         0         1

 0.713516 -0.186947  0.675238   1.82558
-0.698079 -0.107376  0.707924  0.888239
 -0.05984 -0.976484 -0.207119   1.91235
        0         0         0         1

 0.703856 -0.201587  0.681138    1.8371
-0.706603 -0.100433  0.700446  0.879388
-0.0727924 -0.974308 -0.213133   1.89964
        0         0         0         1

  0.692289  -0.218772   0.687658    1.85058
 -0.716046 -0.0900474    0.69222    0.86858
-0.0895169  -0.971612   -0.21899    1.88244
         0          0          0          1

  0.690446  -0.221628   0.688597    1.85385
 -0.716869 -0.0821643   0.692349   0.863567
-0.0968657  -0.971664  -0.215608    1.87181
         0          0          0          1

  0.686102  -0.231429   0.689713    1.87135
 -0.715958 -0.0465476    0.69659   0.845644
 -0.129107  -0.971738   -0.19763    1.84266
         0          0          0          1

  0.689936  -0.234488   0.684839    1.87583
 -0.710164 -0.0360241   0.703115   0.841105
 -0.140201  -0.971451  -0.191379    1.83031
         0          0          0          1

 0.695262 -0.240564  0.677304   1.88251
-0.700682 -0.016852  0.713275  0.833519
-0.160174 -0.970487 -0.180275    1.8149
        0         0         0         1

   0.695586   -0.252334    0.672671     1.89025
  -0.695902 -0.00395136    0.718126     0.82805
   -0.17855   -0.967632   -0.178349     1.79925
          0           0           0           1

 0.702233 -0.257156  0.663882    1.8944
-0.684531 0.0124007  0.728878  0.822015
-0.195668  -0.96629 -0.167323   1.78498
        0         0         0         1

 0.703491  -0.26891  0.657866   1.90164
-0.678827 0.0198765   0.73403  0.817929
-0.210464  -0.96296 -0.168561   1.77049
        0         0         0         1

 0.703989 -0.297586  0.644858   1.91628
-0.666102 0.0383413  0.744874   0.80773
-0.246389 -0.953925 -0.171231   1.73557
        0         0         0         1

 0.706399  -0.30674  0.637896   1.91988
-0.658304 0.0464162   0.75132  0.804381
-0.260068 -0.950661  -0.16914   1.72384
        0         0         0         1

 0.703291 -0.326904  0.631281    1.9283
-0.652699 0.0549738   0.75562  0.799274
-0.281719 -0.943457 -0.174707   1.70143
        0         0         0         1

 0.705859 -0.333692   0.62483   1.93016
-0.644763 0.0626082  0.761814   0.79724
 -0.29333 -0.940601  -0.17096   1.69005
        0         0         0         1

 0.710813 -0.340937  0.615229   1.93275
-0.632181 0.0738034  0.771298  0.793898
 -0.30837 -0.937185 -0.163074   1.67654
        0         0         0         1

 0.710109 -0.350885   0.61043   1.93596
-0.625908 0.0824783  0.775524   0.79077
-0.322467 -0.932779 -0.161053   1.66418
        0         0         0         1

 0.712716 -0.367478  0.597491    1.9414
-0.608737 0.0992042  0.787145  0.785758
-0.348532 -0.924726 -0.152993   1.63612
        0         0         0         1

 0.708675 -0.379469  0.594796   1.94745
-0.606055    0.1042  0.788568  0.782968
-0.361215 -0.919318 -0.156135   1.62125
        0         0         0         1

 0.708653 -0.389185  0.588511   1.95094
-0.597694  0.112107  0.793847  0.780627
 -0.37493 -0.914312 -0.153168   1.60627
        0         0         0         1

 0.704011 -0.399434  0.587214   1.95569
-0.595788  0.117842  0.794449  0.777583
-0.386529 -0.909156 -0.155016   1.59338
        0         0         0         1

 0.701238  -0.41509  0.579626    1.9607
-0.585961  0.127542  0.800239  0.774698
-0.406098 -0.900796 -0.153789   1.56363
        0         0         0         1

 0.697644 -0.420124  0.580335   1.96413
-0.584112  0.135508  0.800282   0.77317
-0.414858 -0.897292 -0.150863   1.55389
        0         0         0         1

 0.698018 -0.426779  0.575006   1.96396
-0.577889   0.13846  0.804285  0.774471
-0.422867 -0.893694 -0.149983   1.53866
        0         0         0         1

 0.693832 -0.432665  0.575672   1.96738
-0.576551  0.145237  0.804049  0.772484
-0.431493 -0.889779 -0.148684   1.52854
        0         0         0         1

 0.690788 -0.434731  0.577773   1.97094
-0.573413  0.157398  0.804005  0.770015
-0.440466 -0.886699 -0.140552   1.51723
        0         0         0         1

 0.689078 -0.440651  0.575325   1.97235
-0.569833  0.161023   0.80583  0.769656
 -0.44773 -0.883118  -0.14014   1.50504
        0         0         0         1

 0.685655 -0.445376  0.575776   1.97855
-0.561454   0.17986  0.807725  0.767498
  -0.4633 -0.877092 -0.126736   1.48255
        0         0         0         1

 0.681499 -0.450195  0.576961   1.98134
-0.561129   0.18464  0.806872  0.766689
-0.469779 -0.873632 -0.126785   1.47174
        0         0         0         1

 0.681154 -0.451684  0.576204   1.98447
-0.556703  0.191619  0.808309  0.765569
-0.475512 -0.871358 -0.120932   1.46281
        0         0         0         1

 0.679146  -0.45539  0.575657   1.98686
-0.555387  0.193947  0.808659  0.765607
-0.479902  -0.86891 -0.121199   1.45474
        0         0         0         1

 0.676565 -0.458661  0.576099   1.99075
-0.549706  0.205984  0.809564  0.765726
-0.489983 -0.864407 -0.112768   1.43558
        0         0         0         1

 0.677871 -0.459578  0.573829   1.99151
-0.545021  0.209688  0.811778   0.76677
-0.493401 -0.863029 -0.108338   1.42936
        0         0         0         1

 0.676388  -0.45798  0.576848   1.99459
-0.544249  0.216929  0.810392  0.765968
-0.496278 -0.862088 -0.102527   1.42034
        0         0         0         1

 0.673089 -0.458071  0.580622   1.99946
-0.545723  0.222235  0.807959  0.763974
-0.499137 -0.860687 -0.100396   1.41239
        0         0         0         1

 0.670058 -0.456082  0.585672   2.00157
-0.546317  0.231165  0.805047  0.763823
-0.502554 -0.859391 -0.094271   1.40303
        0         0         0         1

  0.670964  -0.452417   0.587475    2.00302
 -0.544741   0.236762   0.804488   0.764415
 -0.503055  -0.859804 -0.0875916    1.39761
         0          0          0          1

  0.668139  -0.445015   0.596281    2.00891
 -0.548784   0.246415   0.798822   0.764292
  -0.50242  -0.860954 -0.0795778    1.37873
         0          0          0          1

  0.665507  -0.442218   0.601286     2.0109
  -0.55144   0.251593   0.795371   0.762929
 -0.503006  -0.860898 -0.0764196    1.37398
         0          0          0          1

  0.665553  -0.440451    0.60253    2.01046
 -0.551384   0.253917   0.794671   0.765233
 -0.503006  -0.861121 -0.0738624    1.36792
         0          0          0          1

  0.662481  -0.437823   0.607807     2.0141
 -0.554215     0.2594   0.790922   0.763029
 -0.503949  -0.860827 -0.0708004    1.36639
         0          0          0          1

  0.654437   -0.43735   0.616796    2.02195
 -0.562086   0.264221   0.783739   0.760978
 -0.505739    -0.8596 -0.0729122    1.35301
         0          0          0          1

  0.653403  -0.439322    0.61649    2.02147
 -0.562071   0.263969   0.783835   0.763238
  -0.50709  -0.858671 -0.0744522    1.34745
         0          0          0          1

  0.654189   -0.43571   0.618218    2.02226
 -0.561551   0.267744   0.782926   0.763519
 -0.506653  -0.859343 -0.0695183    1.34653
         0          0          0          1

  0.651983  -0.435098   0.620974     2.0248
 -0.563983   0.269112   0.780706   0.762893
 -0.506795  -0.859226 -0.0699312    1.34056
         0          0          0          1

  0.647152  -0.428005   0.630877    2.03013
 -0.571275   0.275712   0.773064   0.762407
 -0.504815  -0.860694 -0.0660807      1.331
         0          0          0          1

  0.645699  -0.423541   0.635363    2.03108
 -0.574306   0.278997   0.769632   0.762524
 -0.503235  -0.861843 -0.0630942    1.32993
         0          0          0          1

  0.644817  -0.422241   0.637122    2.03047
 -0.576736   0.278227   0.768092   0.764852
 -0.501584   -0.86273 -0.0641159    1.32697
         0          0          0          1

  0.640311  -0.420714   0.642652    2.03375
 -0.584893   0.275273   0.762971   0.762869
 -0.497897  -0.864422 -0.0698123    1.32288
         0          0          0          1

    0.6327  -0.418702   0.651444    2.04055
 -0.595387   0.274904   0.754945     0.7592
 -0.495181  -0.865515 -0.0753581    1.31944
         0          0          0          1

  0.633298   -0.41851   0.650987    2.03795
 -0.597742   0.269775   0.754934   0.761563
 -0.491567   -0.86722 -0.0793131     1.3164
         0          0          0          1

  0.632819  -0.406264   0.659158    2.03929
 -0.607039   0.268161    0.74806    0.76184
  -0.48067  -0.873521 -0.0769206    1.31356
         0          0          0          1

  0.632155  -0.401248   0.662857    2.03965
 -0.611036    0.26789   0.744896   0.762132
 -0.476461  -0.875919 -0.0758287    1.31158
         0          0          0          1

  0.632453  -0.398068   0.664489    2.03877
 -0.613577   0.266145   0.743431   0.763304
 -0.472786    -0.8779 -0.0759212    1.30906
         0          0          0          1

 0.629138 -0.397294  0.668089   2.04104
-0.616914  0.267661  0.740118  0.761819
-0.472866  -0.87779   -0.0767   1.30781
        0         0         0         1

  0.627912  -0.396729   0.669576    2.04263
 -0.618596    0.26768   0.738706   0.760527
 -0.472298   -0.87804 -0.0773359    1.30682
         0          0          0          1

  0.628618  -0.398612   0.667793    2.04188
 -0.617677   0.265855   0.740133   0.760809
 -0.472562  -0.877741 -0.0790925    1.30663
         0          0          0          1

  0.626807  -0.400678   0.668259     2.0428
 -0.619576   0.263766   0.739293   0.759362
 -0.472482  -0.877431 -0.0829202    1.30641
         0          0          0          1

  0.627119  -0.404656   0.665564     2.0432
 -0.619167   0.259466   0.741155   0.759004
 -0.472604  -0.876887 -0.0878335    1.30585
         0          0          0          1

  0.626747  -0.410439   0.662365    2.04378
 -0.617762   0.256367   0.743402   0.757999
 -0.474929  -0.875109 -0.0928764     1.3051
         0          0          0          1

  0.626145  -0.412847   0.661437    2.04498
 -0.618369    0.25379   0.743782   0.756949
 -0.474934  -0.874727 -0.0963824    1.30437
         0          0          0          1

 0.629076 -0.418709   0.65494   2.04318
-0.615812  0.245734  0.748592  0.757291
-0.474383 -0.874241 -0.103261   1.30356
        0         0         0         1

  0.63034 -0.421428  0.651974   2.04288
-0.614892  0.241637  0.750679  0.757622
-0.473899 -0.874076 -0.106819   1.30328
        0         0         0         1

 0.629934 -0.421514   0.65231   2.04348
-0.615535  0.241212  0.750289  0.756485
-0.473603 -0.874152 -0.107509   1.30474
        0         0         0         1

 0.629643 -0.423688  0.651182   2.04305
-0.615698  0.239026  0.750855  0.756146
-0.473778 -0.873702 -0.110363   1.30418
        0         0         0         1

 0.629508 -0.424391  0.650855   2.04273
-0.615645  0.238601  0.751033   0.75579
-0.474026 -0.873477 -0.111073    1.3044
        0         0         0         1

 0.629818 -0.422737  0.651631   2.04265
-0.615276  0.240528  0.750721  0.755412
-0.474093  -0.87375 -0.108611   1.30578
        0         0         0         1

 0.629539 -0.423852  0.651175   2.04184
-0.614865  0.240591  0.751037  0.754825
-0.474996 -0.873192  -0.10915   1.30606
        0         0         0         1

 0.628995 -0.421997  0.652905   2.04277
 -0.61556  0.242601   0.74982  0.753618
-0.474817 -0.873535 -0.107169   1.30711
        0         0         0         1

 0.631019 -0.420875  0.651675    2.0421
-0.614193  0.242121  0.751095  0.753292
-0.473901 -0.874209 -0.105716   1.30813
        0         0         0         1

 0.631405 -0.422526   0.65023   2.04131
-0.613109   0.24139  0.752216  0.753506
 -0.47479 -0.873615  -0.10664   1.30796
        0         0         0         1

  0.63076 -0.427301  0.647731    2.0405
-0.612786  0.237818  0.753615  0.753026
-0.476063 -0.872271 -0.111838   1.30738
        0         0         0         1

 0.630202 -0.428563  0.647441    2.0404
-0.612988  0.237167  0.753656  0.752606
-0.476541 -0.871829 -0.113241   1.30786
        0         0         0         1

  0.62961 -0.429561  0.647355   2.03977
-0.613096  0.237067  0.753599  0.752038
-0.477183 -0.871365 -0.114102   1.30925
        0         0         0         1

 0.629122 -0.429248  0.648037   2.03971
-0.612921  0.238787  0.753199     0.751
-0.478052 -0.871049 -0.112869   1.31225
        0         0         0         1

 0.630397 -0.430098  0.646231   2.03771
-0.610924  0.238725  0.754839  0.751387
-0.478927 -0.870647 -0.112266   1.31431
        0         0         0         1

 0.629359 -0.430292  0.647113   2.03777
 -0.61164    0.2394  0.754046  0.750358
-0.479379 -0.870366 -0.112515   1.31421
        0         0         0         1

 0.630003 -0.431824  0.645465   2.03469
-0.610075  0.239084  0.755412  0.750868
-0.480525 -0.869693 -0.112821   1.31483
        0         0         0         1

 0.630244  -0.43093  0.645827   2.03447
-0.609948   0.23985  0.755272  0.750472
 -0.48037 -0.869926 -0.111681   1.31647
        0         0         0         1

 0.631378 -0.429615  0.645595   2.03257
-0.609633  0.239554   0.75562  0.750689
-0.479281 -0.870658 -0.110659   1.31971
        0         0         0         1

 0.632059 -0.429057  0.645299   2.03112
-0.609909  0.238252  0.755809  0.751327
-0.478029  -0.87129 -0.111097   1.32042
        0         0         0         1

  0.63329 -0.424925  0.646825   2.02898
-0.612401  0.235871   0.75454  0.751339
 -0.47319 -0.873959 -0.110849    1.3274
        0         0         0         1

 0.636366 -0.420644  0.646605    2.0259
 -0.61277   0.23351  0.754974  0.752772
-0.468564 -0.876659  -0.10916   1.33198
        0         0         0         1

  0.63682 -0.413374  0.650832   2.02788
-0.617274   0.23245  0.751625  0.750935
-0.461988 -0.880391 -0.107137   1.33652
        0         0         0         1

 0.638119 -0.408297  0.652762   2.02799
 -0.61833  0.233414  0.750457  0.750291
-0.458773 -0.882503 -0.103517   1.34119
        0         0         0         1

 0.639895 -0.405498  0.652768   2.02592
-0.619799  0.229836   0.75035  0.751277
-0.454295  -0.88473 -0.104256   1.34416
        0         0         0         1

 0.643526 -0.401036  0.651954   2.02444
 -0.62011  0.226159   0.75121  0.752278
-0.448707 -0.887706 -0.103147   1.34831
        0         0         0         1

 0.646169 -0.389625  0.656245   2.02369
-0.626996  0.219241  0.747536  0.751972
-0.435134 -0.894498 -0.102627   1.35921
        0         0         0         1

 0.650297 -0.384753  0.655042    2.0215
-0.627297    0.2144  0.748686  0.753497
  -0.4285 -0.897774  -0.10193   1.36492
        0         0         0         1

  0.654077  -0.376802   0.655899    2.01999
 -0.629131   0.210432   0.748273   0.753831
 -0.419973  -0.902075 -0.0994191    1.37412
         0          0          0          1

 0.654971 -0.374065  0.656574   2.01948
-0.631752  0.205674  0.747387  0.753967
-0.414611 -0.904308 -0.101606   1.37859
        0         0         0         1

 0.659097 -0.365706  0.657154   2.01886
-0.638128  0.190454  0.746002  0.753781
-0.397975 -0.911036  -0.10784   1.39364
        0         0         0         1

 0.661334 -0.361842  0.657045   2.01808
 -0.63993  0.184804   0.74588  0.754039
-0.391316 -0.913738 -0.109336   1.40127
        0         0         0         1

 0.667262 -0.360129  0.651973   2.01354
-0.640181  0.170106  0.749155  0.756758
-0.380697 -0.917263 -0.117042   1.40857
        0         0         0         1

 0.668885 -0.356537  0.652284   2.01382
 -0.64262  0.163753  0.748481  0.756231
-0.373675 -0.919819 -0.119585   1.41696
        0         0         0         1

 0.671283 -0.354235  0.651073   2.01275
-0.645509  0.152305  0.748412  0.756977
-0.364276  -0.92267 -0.126422   1.42644
        0         0         0         1

 0.671566 -0.351412   0.65231   2.01334
-0.648917  0.145992  0.746721  0.756564
-0.357638 -0.924768 -0.129994   1.43398
        0         0         0         1

 0.686066 -0.341417  0.642454   2.00274
 -0.64599  0.120348  0.753799  0.763615
-0.334678 -0.932175 -0.137986   1.45534
        0         0         0         1

 0.686106 -0.336551  0.644975   2.00423
 -0.65059  0.112898   0.75099   0.76324
-0.325562 -0.934873 -0.141497   1.46422
        0         0         0         1

  0.68878 -0.329679  0.645673   2.00439
-0.654041  0.101634  0.749601    0.7637
 -0.31275 -0.938607  -0.14562   1.47707
        0         0         0         1

 0.693327 -0.324668  0.643342   2.00082
-0.653743 0.0922186  0.751076  0.766342
-0.303178 -0.941322 -0.148312   1.48612
        0         0         0         1

 0.702873 -0.313449  0.638529   1.99355
-0.654601  0.066214  0.753069   0.77091
-0.278328 -0.947294 -0.158644   1.51149
        0         0         0         1

 0.704804 -0.311204  0.637498   1.99348
-0.656686 0.0537314  0.752248  0.772587
-0.268356 -0.948823 -0.166493   1.52004
        0         0         0         1

 0.709051 -0.306586  0.635021   1.99047
-0.658104 0.0357368  0.752079   0.77535
 -0.25327 -0.951172 -0.176426   1.53217
        0         0         0         1

 0.712272  -0.30105  0.634065    1.9885
-0.658674 0.0254448  0.751998  0.776905
-0.242523 -0.953269  -0.18017   1.54368
        0         0         0         1

 0.718446  -0.29605  0.629436   1.98374
-0.656403 0.0108563  0.754332   0.78137
-0.230153 -0.955111 -0.186528   1.55927
        0         0         0         1

   0.723274   -0.289601    0.626902     1.97958
  -0.655278 -0.00135344    0.755387    0.784116
  -0.217912   -0.957147   -0.190748     1.57156
          0           0           0           1

  0.735639  -0.279127    0.61719    1.97032
 -0.650475 -0.0368833   0.758632   0.792533
  -0.18899  -0.959546  -0.208698    1.60013
         0          0          0          1

  0.738042  -0.276852   0.615343    1.96966
 -0.650132 -0.0476583   0.758326   0.793959
 -0.180618   -0.95973  -0.215164    1.61176
         0          0          0          1

 0.744049 -0.267916  0.612055   1.96486
-0.648275 -0.067857  0.758377  0.799332
-0.161649  -0.96105 -0.224172   1.62687
        0         0         0         1

  0.752103  -0.261183   0.605082    1.95764
 -0.642267 -0.0846268   0.761795   0.806512
 -0.147762  -0.961573  -0.231397    1.63715
         0          0          0          1

 0.759899 -0.249508  0.600249   1.95207
-0.638967 -0.116991  0.760285  0.815189
-0.119474  -0.96128 -0.248329   1.66696
        0         0         0         1

 0.767969 -0.239017  0.594218   1.94416
-0.632062 -0.132827  0.763449  0.822422
-0.103549 -0.961888 -0.253081    1.6804
        0         0         0         1

 0.777143 -0.226765  0.587048   1.93405
-0.623772 -0.153923  0.766301  0.831173
-0.0834102 -0.961709  -0.26107   1.69658
        0         0         0         1

 0.781149 -0.221684  0.583663   1.93039
-0.620211  -0.16813  0.766205  0.835705
-0.0717243 -0.960515 -0.268825   1.70711
        0         0         0         1

 0.787407 -0.209656  0.579685   1.92368
-0.614213 -0.187095   0.76664  0.842495
-0.0522744 -0.959708 -0.276093   1.72371
        0         0         0         1

 0.789659 -0.200175  0.579974   1.91949
-0.612367 -0.198544  0.765237  0.847025
-0.0380309 -0.959432 -0.279362   1.73744
        0         0         0         1

 0.795977  -0.18621  0.575974   1.90848
-0.605292 -0.234756  0.760599  0.861433
-0.00641812 -0.954052 -0.299572   1.76708
        0         0         0         1

 0.802196 -0.180395  0.569156   1.90145
-0.597027 -0.252458  0.761461  0.869257
0.0063245 -0.950643 -0.310222   1.77853
        0         0         0         1

  0.80928 -0.171291  0.561894    1.8929
-0.586946 -0.274309  0.761741  0.879802
0.0236536 -0.946263 -0.322531   1.79441
        0         0         0         1

 0.813744 -0.165026  0.557303   1.88584
-0.580073 -0.290875   0.76086  0.887005
0.0365435 -0.942421 -0.332425   1.80483
        0         0         0         1

 0.826422 -0.143022  0.544584   1.86255
-0.558409 -0.332136  0.760175  0.909123
0.0721536 -0.932325 -0.354349   1.83619
        0         0         0         1

 0.826975 -0.143609  0.543589   1.86014
-0.556336 -0.348732  0.754238  0.916269
0.0812516 -0.926154 -0.368288   1.84401
        0         0         0         1

 0.828888 -0.135106  0.542855   1.85193
-0.551042 -0.364455  0.750683   0.92667
0.0964245 -0.921368 -0.376541   1.86206
        0         0         0         1

 0.833212 -0.129677  0.537534   1.84315
-0.542418 -0.380548  0.748977  0.935249
 0.107433 -0.915624 -0.387416   1.87195
        0         0         0         1

 0.836844 -0.119036  0.534343   1.83167
-0.533834 -0.393708  0.748341  0.945333
 0.121295 -0.911496 -0.393018   1.89031
        0         0         0         1

 0.836845 -0.116858  0.534823   1.82768
-0.531751  -0.40573  0.743387  0.952856
 0.130123 -0.906492 -0.401673   1.90053
        0         0         0         1

  0.84187 -0.102116  0.529932   1.80567
-0.516543 -0.436904  0.736409  0.976515
  0.15633 -0.893693 -0.420563   1.93049
        0         0         0         1

  0.844011 -0.0957573   0.527708    1.79705
 -0.509098  -0.452563   0.732124    0.98599
  0.168715  -0.886576  -0.430718    1.94041
         0          0          0          1

  0.847347 -0.0907806   0.523223    1.78172
 -0.498159    -0.4772    0.72396    1.00253
  0.183961  -0.874093  -0.449577    1.94616
         0          0          0          1

  0.844266 -0.0893811   0.528418    1.77751
 -0.500947  -0.481984   0.718848    1.00853
  0.190438  -0.871609  -0.451698    1.96134
         0          0          0          1

 0.842648 -0.078989   0.53264   1.75572
-0.493566 -0.508746  0.705386   1.03084
 0.215261 -0.857285  -0.46768   1.99228
        0         0         0         1

  0.844788 -0.0760448   0.529671    1.74636
 -0.485507  -0.525109   0.698959    1.04164
  0.224982  -0.847631  -0.480526    1.99607
         0          0          0          1

  0.843395 -0.0758631   0.531911    1.73964
 -0.482682  -0.541843   0.688058    1.05397
  0.236014  -0.837049  -0.493606    2.00581
         0          0          0          1

  0.845287 -0.0664619   0.530162    1.72428
 -0.473983  -0.551282   0.686606    1.06567
  0.246636  -0.831667  -0.497494    2.01701
         0          0          0          1

 0.847549 -0.057596  0.527583   1.70909
-0.462213  -0.56863  0.680456   1.08218
 0.260808 -0.820575 -0.508563   2.02792
        0         0         0         1

   0.84496 -0.0616005    0.53127    1.70781
 -0.463386  -0.580317   0.669706     1.0903
  0.267051  -0.812058  -0.518889    2.03556
         0          0          0          1

  0.846202 -0.0519631   0.530323    1.68096
 -0.449876  -0.603044   0.658748    1.11698
  0.285578  -0.796014  -0.533674    2.06088
         0          0          0          1

  0.846487 -0.0470091   0.530331    1.67227
 -0.443733  -0.612741   0.653949    1.12648
  0.294214  -0.788884  -0.539537    2.06676
         0          0          0          1

  0.848577 -0.0403045   0.527535    1.65719
 -0.433609  -0.624303   0.649792    1.14154
  0.303152  -0.780142  -0.547245    2.07662
         0          0          0          1

  0.851502 -0.0387531   0.522917    1.64924
 -0.425048  -0.634989   0.645076    1.15287
  0.307048  -0.771549  -0.557166    2.07915
         0          0          0          1

  0.851899 -0.0333225   0.522645     1.6338
  -0.41584  -0.649685   0.636386     1.1777
  0.318349  -0.759473  -0.567322    2.09524
         0          0          0          1

