-0.0510434 -0.643077  0.764099  0.955417
-0.995694 0.0920551 0.0109604    1.0761
-0.0773876 -0.760249 -0.645006   2.29832
        0         0         0         1

-0.0510112 -0.643346  0.763874  0.953891
-0.994549  0.102369 0.0198015   1.06063
-0.0909366 -0.758701 -0.645061   2.29057
        0         0         0         1

-0.0528099 -0.650836   0.75738  0.959606
-0.992312  0.119208 0.0332473   1.04163
-0.111924 -0.749802 -0.652128   2.28257
        0         0         0         1

-0.0510262 -0.647134  0.760667  0.956156
-0.990817  0.128296 0.0426821   1.02631
-0.125211 -0.751504 -0.647738   2.27247
        0         0         0         1

-0.0475117 -0.644256  0.763333  0.948959
-0.989055  0.137215 0.0542486   1.00739
 -0.13969 -0.752401 -0.643724   2.25844
        0         0         0         1

-0.0520852 -0.645271  0.762176  0.953905
-0.987589  0.146523 0.0565598  0.996526
-0.148173 -0.749771 -0.644894   2.24361
        0         0         0         1

-0.0521283 -0.641356   0.76547  0.954241
-0.982606  0.169749 0.0753102  0.965438
-0.178238 -0.748229 -0.639049   2.21476
        0         0         0         1

-0.0569525 -0.645228  0.761864  0.956707
-0.980387  0.180355 0.0794557  0.953261
-0.188673 -0.742397 -0.642845   2.20282
        0         0         0         1

-0.0577117 -0.646336  0.760867  0.960216
-0.975015  0.200252 0.0961536  0.934181
-0.214512 -0.736307 -0.641744   2.19127
        0         0         0         1

-0.0462875 -0.642165  0.765168    0.9549
-0.971491  0.207234  0.115152  0.918544
-0.232516 -0.738023  -0.63345   2.18125
        0         0         0         1

-0.045734 -0.631733  0.773836   0.96299
-0.963159  0.233394  0.133612  0.890683
-0.265015 -0.739216 -0.619133   2.15003
        0         0         0         1

-0.056379 -0.632978  0.772114  0.966864
-0.959432  0.248322  0.133517  0.878522
-0.276247 -0.733263 -0.621299   2.13782
        0         0         0         1

-0.0678957 -0.628255   0.77504  0.965483
 -0.95496  0.265839  0.131835  0.862192
-0.288862 -0.731181 -0.618008   2.12554
        0         0         0         1

-0.072926 -0.625731  0.776623  0.962992
-0.950697   0.27896  0.135489  0.850286
-0.301426 -0.728452 -0.615223   2.11252
        0         0         0         1

-0.0796716  -0.62543  0.776202  0.961992
-0.946895  0.290828  0.137145  0.838212
-0.311516 -0.724055 -0.615387   2.09379
        0         0         0         1

-0.0814572  -0.62676  0.774943  0.963732
-0.942019  0.302361  0.145525  0.826737
-0.325521 -0.718157  -0.61505   2.07998
        0         0         0         1

-0.088332 -0.631937   0.76997  0.970298
-0.929054   0.33105   0.16512  0.801003
-0.359244 -0.700758 -0.616346   2.05037
        0         0         0         1

-0.0889225 -0.633191   0.76887  0.970479
 -0.92451  0.339715  0.172845  0.791481
-0.370641 -0.695458   -0.6156   2.03534
        0         0         0         1

-0.0932543 -0.632791  0.768686    0.9734
-0.918307  0.352995  0.179184  0.779956
-0.384729  -0.68918 -0.614015   2.01843
        0         0         0         1

-0.0904571 -0.632928  0.768908  0.972019
-0.910981  0.364553  0.192911   0.76808
-0.402407 -0.683011 -0.609562    2.0085
        0         0         0         1

-0.0949826 -0.631427  0.769596  0.974571
-0.898153  0.387752  0.207288  0.748072
  -0.4293 -0.671527 -0.603948   1.97561
        0         0         0         1

-0.0949724 -0.632677   0.76857  0.974987
-0.892746  0.395718  0.215434  0.739322
-0.440437 -0.665678 -0.602402   1.96224
        0         0         0         1

-0.0940388 -0.632505  0.768827  0.974719
-0.885272  0.406425  0.226079  0.728508
-0.455466 -0.659361 -0.598159   1.94689
        0         0         0         1

-0.0985625 -0.632402  0.768344  0.979042
-0.878659  0.417771  0.231142  0.720375
-0.467167  -0.65233 -0.596842   1.93434
        0         0         0         1

-0.0986036 -0.632102  0.768586  0.979725
-0.870753  0.428692  0.240856  0.710397
-0.481732 -0.645499 -0.592676   1.91999
        0         0         0         1

-0.101443 -0.632048  0.768261  0.982143
-0.865219   0.43721  0.245447  0.703278
-0.491026 -0.639815 -0.591211   1.90711
        0         0         0         1

-0.107774 -0.632789  0.766787  0.987093
 -0.85119  0.457239  0.257699  0.686928
-0.513674 -0.624908 -0.587902   1.87912
        0         0         0         1

-0.110257 -0.632929  0.766318  0.989767
-0.846107  0.464313  0.261756  0.680854
-0.521485 -0.619527  -0.58672   1.86672
        0         0         0         1

-0.110442 -0.631187  0.767727   0.99066
-0.839926  0.472239  0.267423  0.673172
-0.531344 -0.615299 -0.582306   1.85241
        0         0         0         1

-0.111211 -0.630021  0.768574  0.992057
-0.834218   0.47949  0.272342  0.666756
-0.540104  -0.61087 -0.578899   1.84171
        0         0         0         1

-0.107812 -0.624561  0.773498  0.993405
-0.823415  0.492083  0.282564  0.653068
-0.557104 -0.606446 -0.567325   1.81599
        0         0         0         1

-0.107695 -0.622063  0.775526  0.995605
 -0.82001  0.496637  0.284489  0.647749
-0.562125 -0.605301 -0.563583   1.80488
        0         0         0         1

  -0.1095 -0.620854  0.776241  0.999325
-0.813996  0.504195   0.28844  0.641476
-0.570456 -0.600273 -0.560582   1.79297
        0         0         0         1

-0.108026 -0.619992  0.777136   1.00037
-0.809741  0.508384  0.293026  0.636029
-0.576757 -0.597624 -0.556953   1.78337
        0         0         0         1

-0.109162 -0.619878  0.777068   1.00342
-0.805456  0.513274  0.296295  0.629924
-0.582515  -0.59355 -0.555314   1.77214
        0         0         0         1

-0.109889 -0.619867  0.776974   1.00594
-0.801978  0.517079  0.299098  0.625216
-0.587158 -0.590249 -0.553941    1.7633
        0         0         0         1

-0.108332 -0.619892  0.777173    1.0103
-0.795834  0.522574  0.305884  0.614972
-0.595745 -0.585364 -0.549943   1.74241
        0         0         0         1

-0.104324 -0.620139  0.777525   1.01103
-0.794034  0.522683  0.310343  0.610461
-0.598855 -0.585004 -0.546939   1.73387
        0         0         0         1

-0.102705 -0.619479  0.778266   1.01356
-0.791134  0.525136  0.313591  0.605273
-0.602958 -0.583505 -0.544025    1.7246
        0         0         0         1

-0.0994356 -0.618824  0.779211   1.01475
-0.789431  0.525767  0.316808  0.601067
-0.605732 -0.583631 -0.540799   1.71649
        0         0         0         1

-0.0947901  -0.61673  0.781447   1.01936
-0.784398  0.529619  0.322835  0.591393
-0.612972 -0.582364 -0.533964    1.7006
        0         0         0         1

-0.0914861 -0.615872  0.782516   1.02091
-0.782363  0.530604  0.326139  0.587143
-0.616067 -0.582375 -0.530379   1.69427
        0         0         0         1

-0.089073 -0.615194  0.783327   1.02382
-0.781536  0.530717  0.327935  0.582917
-0.617469 -0.582988 -0.528069   1.68591
        0         0         0         1

-0.0868775 -0.614457  0.784153   1.02626
-0.780708  0.530938  0.329544  0.579467
-0.618827 -0.583564 -0.525838   1.67901
        0         0         0         1

-0.0854202 -0.614202  0.784512   1.02955
-0.777993  0.533018  0.332595  0.575116
-0.622439 -0.581934 -0.523375   1.67267
        0         0         0         1

-0.0822093 -0.615438  0.783886   1.03098
-0.776698   0.53242  0.336554  0.571557
-0.624485 -0.581175  -0.52178   1.66687
        0         0         0         1

-0.0759964 -0.616896  0.783367     1.034
-0.775757  0.530163  0.342241  0.564142
-0.626439 -0.581693 -0.518852    1.6535
        0         0         0         1

-0.0731392 -0.616058  0.784298   1.03572
-0.775042  0.530031  0.344058  0.561292
-0.627662   -0.5827 -0.516237   1.64834
        0         0         0         1

-0.0707718 -0.614813  0.785491   1.03846
-0.773602  0.530949  0.345879  0.557761
-0.629707 -0.583179 -0.513197    1.6423
        0         0         0         1

-0.068887  -0.61275  0.787268   1.04082
-0.773933   0.53078  0.345399  0.555375
-0.629509   -0.5855 -0.510792   1.63732
        0         0         0         1

-0.063562 -0.609132  0.790517   1.04497
-0.774729  0.529442  0.345668  0.550016
-0.629091 -0.590465 -0.505565   1.62627
        0         0         0         1

-0.0615461 -0.607606  0.791851     1.047
 -0.77468  0.529327  0.345954  0.547883
-0.629352 -0.592139 -0.503278   1.62186
        0         0         0         1

-0.0571764 -0.606541  0.792993   1.04822
-0.775302  0.527403  0.347497  0.545414
-0.628998  -0.59494 -0.500408   1.61638
        0         0         0         1

-0.0544376 -0.606346  0.793335   1.04979
-0.776232  0.525468  0.348351  0.543668
-0.628093 -0.596849  -0.49927   1.61185
        0         0         0         1

-0.0504498 -0.606503  0.793479   1.05051
-0.775015  0.524882  0.351923  0.540788
-0.629926 -0.597204 -0.496529   1.60826
        0         0         0         1

-0.0484564 -0.605239  0.794568    1.0521
-0.774209  0.525369   0.35297   0.53899
-0.631072 -0.598058 -0.494039   1.60522
        0         0         0         1

-0.0443577 -0.602223  0.797095   1.05621
-0.773294  0.525849  0.354257  0.535505
-0.632494 -0.600675 -0.489021   1.59715
        0         0         0         1

-0.0407327 -0.599905  0.799034   1.05711
-0.773288  0.525352  0.355008  0.534276
-0.632745 -0.603423 -0.485298   1.59376
        0         0         0         1

-0.0374564 -0.597098  0.801294   1.05892
-0.773499  0.525006   0.35506  0.533029
-0.632689 -0.606501 -0.481519   1.58941
        0         0         0         1

-0.0354874 -0.595942  0.802243   1.06049
-0.773433  0.524745  0.355591  0.531903
-0.632884 -0.607862 -0.479542   1.58648
        0         0         0         1

-0.030136  -0.59209  0.805308   1.06242
 -0.77264  0.524932  0.357034  0.529302
-0.634128 -0.611454 -0.473292   1.58041
        0         0         0         1

-0.0287387 -0.591315  0.805929   1.06321
-0.772826  0.524499   0.35727  0.528412
-0.633967 -0.612575 -0.472057   1.57798
        0         0         0         1

-0.0259519  -0.59117  0.806129   1.06378
-0.773692  0.522526  0.358284  0.527338
 -0.63303 -0.614398 -0.470944    1.5751
        0         0         0         1

-0.0239298 -0.591195  0.806174   1.06451
-0.774015  0.521327  0.359331  0.526489
-0.632715 -0.615392 -0.470069   1.57338
        0         0         0         1

-0.0233628  -0.59138  0.806055    1.0663
-0.774536  0.520491  0.359421  0.525546
-0.632098 -0.615921 -0.470205    1.5716
        0         0         0         1

-0.0209836 -0.590956  0.806431   1.06726
-0.775115  0.519079  0.360215  0.524691
-0.631472 -0.617518 -0.468951   1.57003
        0         0         0         1

-0.0143586  -0.59073  0.806741   1.06981
-0.778901  0.512526   0.36143  0.523374
-0.626983 -0.623182 -0.467479    1.5664
        0         0         0         1

-0.0116545 -0.589822  0.807449    1.0709
-0.779364  0.511264  0.362217  0.522338
-0.626463 -0.625075 -0.465645   1.56597
        0         0         0         1

-0.00587113 -0.588359  0.808578    1.0708
-0.781434  0.507237  0.363416  0.521454
 -0.62396 -0.629717 -0.462742   1.56467
        0         0         0         1

-0.00337495  -0.58837  0.808585   1.07166
-0.782991   0.50452  0.363848  0.520792
-0.622024 -0.631887 -0.462391   1.56374
        0         0         0         1

0.00289102 -0.585945  0.810345   1.07295
-0.784423  0.501267  0.365255  0.519009
-0.620219  -0.63671  -0.45818   1.56354
        0         0         0         1

0.00506875  -0.58372  0.811939   1.07378
-0.785711  0.499932  0.364317  0.518499
-0.618573 -0.639796 -0.456101   1.56284
        0         0         0         1

0.00701179 -0.582654   0.81269   1.07478
-0.786847  0.498328  0.364062  0.517916
-0.617108 -0.642015 -0.454965   1.56232
        0         0         0         1

0.00939758 -0.581044  0.813818   1.07522
-0.787735  0.497007  0.363947  0.517287
-0.615943 -0.644493 -0.453038   1.56188
        0         0         0         1

0.0121279 -0.577908  0.816012   1.07566
 -0.78853  0.496293  0.363199  0.516812
-0.614876 -0.647855 -0.449679   1.56158
        0         0         0         1

0.0140389 -0.575638  0.817584   1.07614
-0.788166   0.49679   0.36331  0.516406
-0.615303 -0.649492 -0.446724   1.56194
        0         0         0         1

0.0155205 -0.573518  0.819046   1.07732
-0.789282  0.495853  0.362166  0.515536
-0.613835 -0.652079 -0.444971   1.56246
        0         0         0         1

0.0163151 -0.573328  0.819164    1.0773
-0.790336  0.494441  0.361797  0.515248
-0.612456 -0.653318 -0.445055   1.56218
        0         0         0         1

0.0157475 -0.573071  0.819354   1.07757
-0.790013  0.495166  0.361512  0.514906
-0.612888 -0.652993 -0.444936   1.56268
        0         0         0         1

0.0153488 -0.571985   0.82012   1.07777
-0.789977   0.49587  0.360624  0.514616
-0.612944 -0.653411 -0.444244    1.5631
        0         0         0         1

0.0138361 -0.570523  0.821165   1.07832
-0.789981  0.497213   0.35876  0.514499
-0.612975 -0.653669 -0.443823   1.56347
        0         0         0         1

0.0133944 -0.569712  0.821735    1.0784
-0.790368   0.49736  0.357704  0.514425
-0.612487 -0.654264  -0.44362   1.56324
        0         0         0         1

0.0127609 -0.567479  0.823289   1.07806
-0.790669  0.498299  0.355724  0.514451
 -0.61211 -0.655489 -0.442329   1.56387
        0         0         0         1

0.0113228 -0.566953  0.823672   1.07839
-0.790446  0.499429  0.354634  0.514605
-0.612427 -0.655084 -0.442491   1.56432
        0         0         0         1

0.0116739 -0.566204  0.824182    1.0777
-0.790766  0.499247  0.354178  0.514804
-0.612008  -0.65587 -0.441907   1.56465
        0         0         0         1

0.0113616 -0.565147  0.824912   1.07755
-0.790619  0.500002   0.35344  0.514975
-0.612203 -0.656207 -0.441135   1.56538
        0         0         0         1

0.0100986 -0.562563  0.826692   1.07697
-0.790173  0.502159  0.351371  0.515809
  -0.6128 -0.656779 -0.439452   1.56807
        0         0         0         1

 0.010238 -0.561284   0.82756   1.07625
-0.790677  0.502098  0.350325  0.516494
-0.612148 -0.657919 -0.438654   1.56926
        0         0         0         1

0.00901601 -0.560144  0.828346    1.0765
-0.791448  0.502304  0.348283  0.517477
 -0.61117 -0.658733 -0.438796   1.57073
        0         0         0         1

0.00754653 -0.558617  0.829391   1.07685
-0.792118  0.502885  0.345914  0.518332
-0.610322 -0.659586 -0.438696   1.57243
        0         0         0         1

0.00825444 -0.557434   0.83018   1.07657
-0.793531  0.501526  0.344646  0.519526
-0.608474 -0.661618 -0.438202   1.57421
        0         0         0         1

0.00865129 -0.556994  0.830471   1.07593
-0.794367  0.500618  0.344038  0.520539
-0.607377 -0.662675 -0.438127   1.57643
        0         0         0         1

0.00835368 -0.557288  0.830277   1.07575
-0.795827  0.499035  0.342963  0.522944
-0.605466 -0.663622 -0.439336   1.58249
        0         0         0         1

0.0082237 -0.557887  0.829876    1.0756
-0.796986  0.497574  0.342393   0.52404
-0.603941 -0.664216 -0.440536   1.58494
        0         0         0         1

0.00707888 -0.558055  0.829774   1.07638
  -0.7984  0.496466  0.340704  0.525837
-0.602086 -0.664903 -0.442037   1.58844
        0         0         0         1

0.00805593 -0.558767  0.829286    1.0753
-0.799372  0.494654   0.34106  0.527157
-0.600782 -0.665655 -0.442678   1.59165
        0         0         0         1

0.00729316 -0.560514  0.828113   1.07575
-0.802497  0.490808  0.339274  0.530791
-0.596612 -0.667032 -0.446231   1.59981
        0         0         0         1

0.00657233 -0.561081  0.827735   1.07587
-0.803963  0.489263  0.338031   0.53257
-0.594643  -0.66769 -0.447873   1.60404
        0         0         0         1

0.00710363 -0.561994  0.827111   1.07517
-0.806353  0.485952  0.337113  0.534916
-0.591391 -0.669338 -0.449714   1.60913
        0         0         0         1

0.00749681 -0.562348  0.826867    1.0749
-0.808041   0.48371  0.336295  0.536914
-0.589078 -0.670664 -0.450774   1.61336
        0         0         0         1

0.00715814 -0.561978  0.827121   1.07475
-0.811197  0.480404  0.333425  0.539881
 -0.58473 -0.673345 -0.452436   1.61831
        0         0         0         1

0.00843657 -0.562126  0.827009   1.07403
-0.812347  0.478421  0.333474  0.541947
-0.583113 -0.674632 -0.452605   1.62388
        0         0         0         1

0.00825032 -0.561403  0.827501   1.07349
-0.815728  0.474862  0.330294   0.54714
-0.578377 -0.677741 -0.454034   1.63725
        0         0         0         1

0.00928083 -0.561114  0.827687   1.07302
-0.818157  0.471634  0.328909  0.549766
 -0.57492  -0.68023 -0.454702   1.64306
        0         0         0         1

0.0108211 -0.561088  0.827685   1.07263
-0.821118  0.467393  0.327581  0.553118
-0.570656 -0.683172 -0.455662   1.65072
        0         0         0         1

 0.011834 -0.560757  0.827896   1.07191
-0.824441  0.463037  0.325413  0.556076
-0.565824 -0.686402 -0.456832   1.65647
        0         0         0         1

0.0137687 -0.561813   0.82715   1.07111
-0.830805   0.45388  0.322111  0.563215
-0.556393 -0.691636 -0.460508   1.67284
        0         0         0         1

0.0154624 -0.562765  0.826472   1.07042
-0.834238  0.448389  0.320927  0.566625
-0.551188 -0.694437 -0.462547    1.6798
        0         0         0         1

0.0167341 -0.563698  0.825811   1.06948
-0.838915  0.441456  0.318337  0.570991
-0.544005 -0.698113 -0.465508   1.68847
        0         0         0         1

0.0175073 -0.564925  0.824957   1.06957
-0.840943  0.437987  0.317777  0.574137
-0.540841 -0.699305 -0.467402   1.69745
        0         0         0         1

0.0201032 -0.566123  0.824076   1.06818
-0.844696  0.431334  0.316924   0.57855
-0.534869 -0.702464  -0.46953   1.70785
        0         0         0         1

0.0222243 -0.567424  0.823126   1.06711
-0.848722  0.424423  0.315493    0.5827
-0.528372 -0.705616 -0.472153   1.71546
        0         0         0         1

0.0254161 -0.570346  0.821012   1.06618
-0.855984  0.411809  0.312577  0.592315
-0.516377 -0.710717  -0.47774   1.73712
        0         0         0         1

0.0287165 -0.571215  0.820298     1.065
-0.860183  0.403899  0.311368  0.596789
-0.509176 -0.714548 -0.479751    1.7461
        0         0         0         1

0.0304045 -0.573116   0.81891    1.0644
-0.865518  0.394701  0.308367  0.602854
-0.499955 -0.718157 -0.484041   1.75721
        0         0         0         1

0.0307027 -0.574632  0.817836   1.06428
-0.870067  0.387371   0.30484  0.608279
-0.491976 -0.720931 -0.488075   1.76622
        0         0         0         1

0.0364221 -0.578463  0.814895   1.06182
-0.878853   0.36962  0.301659  0.620409
  -0.4757  -0.72716 -0.494921   1.79037
        0         0         0         1

0.0377726  -0.58062  0.813298   1.06093
-0.884135  0.359877  0.297982  0.626459
-0.465702 -0.730321 -0.499753   1.79953
        0         0         0         1

0.0414587 -0.583746  0.810877   1.05907
-0.888286  0.350012  0.297389  0.633073
-0.457416  -0.73262 -0.504022   1.81309
        0         0         0         1

 0.043457 -0.585263  0.809678   1.05754
-0.892494  0.341459   0.29472   0.63886
-0.448961 -0.735441 -0.507505   1.82409
        0         0         0         1

0.0456676 -0.589834  0.806232   1.05653
-0.901469  0.323416  0.287671  0.653799
-0.430427 -0.739931 -0.516948   1.85073
        0         0         0         1

0.0512669 -0.590796  0.805191   1.05339
-0.906537  0.310735  0.285717  0.660761
-0.419001 -0.744583 -0.519648   1.86024
        0         0         0         1

0.0515006 -0.593705  0.803033    1.0535
-0.912057  0.299594  0.279991  0.669816
-0.406816 -0.746831 -0.526064   1.87352
        0         0         0         1

  0.05685 -0.593692  0.802682   1.05028
-0.915053  0.290572  0.279726  0.676331
-0.399307 -0.750399  -0.52674   1.88652
        0         0         0         1

0.0597279 -0.595484  0.801143   1.04879
-0.919549  0.279463  0.276278  0.685502
-0.388409 -0.753193 -0.530886    1.9002
        0         0         0         1

 0.059846 -0.597445  0.799674   1.04828
-0.924139  0.269673  0.270636  0.693724
 -0.37734 -0.755206 -0.535983   1.91099
        0         0         0         1

0.0636637 -0.600654   0.79697   1.04514
-0.933393  0.246768  0.260543  0.713509
-0.353163 -0.760474 -0.544936    1.9372
        0         0         0         1

0.0641786 -0.603612  0.794691   1.04447
-0.935746  0.240328  0.258112  0.721312
-0.346786 -0.760194 -0.549404   1.95099
        0         0         0         1

 0.067538 -0.605231   0.79318   1.04163
-0.940655  0.226375   0.25283  0.732227
-0.332577 -0.763184 -0.554024   1.96458
        0         0         0         1

0.0708777  -0.60496  0.793095   1.03823
-0.944293  0.215479  0.248754  0.740719
-0.321382 -0.766546 -0.555987   1.97642
        0         0         0         1

0.0702195 -0.606042  0.792327   1.03752
-0.947898  0.206887  0.242253  0.750869
-0.310738 -0.768056 -0.559939    1.9917
        0         0         0         1

0.0691944 -0.607345  0.791419   1.03746
-0.951888  0.197205  0.234562  0.761884
-0.298532 -0.769573 -0.564479   2.00254
        0         0         0         1

0.0742433 -0.608068  0.790406   1.02955
 -0.95991  0.171255  0.221913   0.78573
-0.270299 -0.775194 -0.570975   2.02696
        0         0         0         1

0.0763286 -0.607393  0.790726   1.02694
-0.962337  0.162652  0.217834  0.794855
-0.260924 -0.777572 -0.572102   2.04096
        0         0         0         1

0.0751299 -0.609681  0.789078   1.02703
-0.965252  0.154154  0.211011  0.807932
-0.250289 -0.777512 -0.576915   2.05542
        0         0         0         1

0.0737997 -0.611415  0.787861   1.02723
-0.967715  0.147009  0.204733  0.817204
-0.240999 -0.777534 -0.580826   2.06832
        0         0         0         1

0.0776062  -0.61261  0.786566   1.02013
 -0.97316  0.124896   0.19329  0.842228
 -0.21665 -0.780455 -0.586475   2.09666
        0         0         0         1

0.0766739 -0.612438  0.786791   1.01841
-0.975784  0.116041  0.185418  0.853735
-0.204857 -0.781955  -0.58871   2.10745
        0         0         0         1

0.0769715  -0.61224  0.786917    1.0154
-0.979819 0.0995825  0.173318  0.870017
-0.184475 -0.784376 -0.592219   2.11796
        0         0         0         1

 0.079262 -0.610896  0.787733   1.01112
-0.981694 0.0894544  0.168151  0.881635
-0.173189 -0.786641 -0.592623   2.12899
        0         0         0         1

0.0795151 -0.610349  0.788132   1.00736
-0.984487 0.0759699  0.158159  0.897035
-0.156406 -0.788481  -0.59484   2.14116
        0         0         0         1

0.0803875 -0.606572  0.790954   1.00132
-0.986398 0.0657287  0.150658  0.908971
-0.143373 -0.792307 -0.593038   2.15227
        0         0         0         1

0.0706005 -0.610068  0.789198    1.0063
-0.990707 0.0493199  0.126753  0.938561
-0.116251 -0.790813 -0.600917   2.17663
        0         0         0         1

0.0707969 -0.608558  0.790345   1.00273
-0.991538 0.0434972  0.122312  0.949781
-0.108812 -0.792316 -0.600329   2.19006
        0         0         0         1

0.0733087  -0.60755  0.790891  0.998283
-0.992333 0.0346873  0.118627  0.962351
-0.0995055 -0.793524 -0.600349   2.20668
        0         0         0         1

0.0714356 -0.606687  0.791725   0.99616
-0.993734 0.0251221  0.108913  0.975148
-0.085966 -0.794544 -0.601091   2.21566
        0         0         0         1

 0.0594492  -0.611346   0.789128    1.00376
 -0.996678 0.00773139  0.0810747    1.00783
-0.0556657  -0.791326  -0.608855    2.23792
         0          0          0          1

   0.0642038    -0.609758     0.789983     0.997451
   -0.996755 -0.000675981    0.0804869      1.01954
  -0.0485435    -0.792587    -0.607823      2.24821
           0            0            0            1

 0.0656933  -0.605989   0.792756   0.989751
 -0.997557 -0.0209625  0.0666407    1.04092
-0.0237654  -0.795197  -0.605885    2.25299
         0          0          0          1

 0.0653335  -0.602404   0.795513   0.985093
 -0.997814 -0.0315116  0.0580857    1.05472
-0.00992312  -0.797569  -0.603146    2.26321
         0          0          0          1

 0.0608902  -0.607419   0.792045   0.985175
 -0.998078 -0.0461805  0.0413137    1.07432
 0.0114823  -0.793038  -0.609063    2.26691
         0          0          0          1

 0.0596176  -0.604481   0.794386   0.979621
 -0.998113 -0.0478053  0.0385301    1.08407
 0.0146851  -0.795184  -0.606191    2.28406
         0          0          0          1

 0.0553837  -0.600379   0.797795   0.969376
 -0.997946 -0.0590479  0.0248421     1.1121
 0.0321934  -0.797532  -0.602417    2.30936
         0          0          0          1

 0.0526731   -0.60432   0.794998   0.971381
 -0.997644 -0.0668901  0.0152527    1.12776
   0.04396  -0.793929   -0.60642    2.31528
         0          0          0          1

  0.055651  -0.596097   0.800981   0.960104
 -0.996801 -0.0792658   0.010266    1.14699
 0.0573709   -0.79899  -0.598601    2.32032
         0          0          0          1

 0.0485889  -0.596707   0.800987   0.962687
 -0.995413 -0.0950935 -0.0104582    1.16853
 0.0824091  -0.796805  -0.598591     2.3204
         0          0          0          1

