 0.0450483  -0.956327   0.288805   0.977961
 -0.993935 -0.0719371 -0.0831715    1.08787
  0.100315  -0.283307  -0.953768    2.25785
         0          0          0          1

 0.0424614  -0.958852   0.280713   0.983099
 -0.998014 -0.0537925 -0.0327807    1.04079
 0.0465321  -0.278764  -0.959232    2.23577
         0          0          0          1

 0.0424614  -0.958852   0.280713   0.983099
 -0.998014 -0.0537925 -0.0327807    1.04079
 0.0465321  -0.278764  -0.959232    2.23577
         0          0          0          1

 0.0453106  -0.960004   0.276296   0.985732
 -0.998455 -0.0524233 -0.0184075    1.02739
 0.0321556  -0.275035  -0.960896    2.22817
         0          0          0          1

 0.0465963  -0.963466   0.263747   0.994881
 -0.998851 -0.0419701  0.0231513   0.982001
 -0.011236  -0.264522  -0.964314    2.19027
         0          0          0          1

 0.0431023  -0.967764   0.248142    1.00053
  -0.99727 -0.0267714  0.0688162   0.936279
-0.0599547  -0.250431  -0.966276    2.17054
         0          0          0          1

 0.0431023  -0.967764   0.248142    1.00053
  -0.99727 -0.0267714  0.0688162   0.936279
-0.0599547  -0.250431  -0.966276    2.17054
         0          0          0          1

 0.0334134  -0.974158   0.223384    1.00802
 -0.996104 -0.0142073  0.0870388   0.900817
-0.0816158  -0.225422  -0.970837    2.13967
         0          0          0          1

 0.0334134  -0.974158   0.223384    1.00802
 -0.996104 -0.0142073  0.0870388   0.900817
-0.0816158  -0.225422  -0.970837    2.13967
         0          0          0          1

 0.0177023   -0.97823   0.206769    1.01737
  -0.99122 0.00993122   0.131847   0.843322
  -0.13103  -0.207287  -0.969465    2.09868
         0          0          0          1

 0.0177023   -0.97823   0.206769    1.01737
  -0.99122 0.00993122   0.131847   0.843322
  -0.13103  -0.207287  -0.969465    2.09868
         0          0          0          1

0.00267347 -0.982385  0.186847   1.02631
-0.989647 0.0242132  0.141465  0.810575
-0.143498 -0.185291  -0.97215    2.0678
        0         0         0         1

0.00267347 -0.982385  0.186847   1.02631
-0.989647 0.0242132  0.141465  0.810575
-0.143498 -0.185291  -0.97215    2.0678
        0         0         0         1

-0.00358109 -0.989357  0.145465   1.03945
-0.981512 0.0313151  0.188822  0.761747
-0.191368 -0.142099 -0.971178   2.02428
        0         0         0         1

-0.00358109 -0.989357  0.145465   1.03945
-0.981512 0.0313151  0.188822  0.761747
-0.191368 -0.142099 -0.971178   2.02428
        0         0         0         1

-0.00290481 -0.990451  0.137835   1.04097
-0.979666 0.0304703  0.198306  0.752217
-0.200612 -0.134457   -0.9704    2.0142
        0         0         0         1

-0.0049903 -0.992756  0.120042   1.04725
 -0.97473 0.0316387  0.221132  0.731694
-0.223328 -0.115906 -0.967828   1.99473
        0         0         0         1

-0.00296973  -0.995259  0.0972105    1.05249
 -0.967388  0.0274812   0.251804   0.703206
 -0.253282 -0.0932925  -0.962884    1.96523
         0          0          0          1

-0.00296973  -0.995259  0.0972105    1.05249
 -0.967388  0.0274812   0.251804   0.703206
 -0.253282 -0.0932925  -0.962884    1.96523
         0          0          0          1

-0.00919295  -0.998166  0.0598411    1.06635
 -0.956494  0.0262291    0.29057    0.66522
 -0.291606 -0.0545665  -0.954981    1.92217
         0          0          0          1

-0.00919295  -0.998166  0.0598411    1.06635
 -0.956494  0.0262291    0.29057    0.66522
 -0.291606 -0.0545665  -0.954981    1.92217
         0          0          0          1

-0.0139061  -0.998989  0.0427541    1.07416
 -0.947909  0.0267794   0.317412   0.641734
 -0.318236 -0.0361131  -0.947323    1.89374
         0          0          0          1

-0.0139061  -0.998989  0.0427541    1.07416
 -0.947909  0.0267794   0.317412   0.641734
 -0.318236 -0.0361131  -0.947323    1.89374
         0          0          0          1

-0.0130846    -0.9991  0.0403367    1.07466
 -0.945139  0.0255262    0.32567   0.634425
 -0.326407 -0.0338625  -0.944623    1.88485
         0          0          0          1

-0.0177131  -0.999367  0.0308389    1.08247
 -0.933873  0.0275546   0.356541   0.609506
 -0.357166 -0.0224842   -0.93377    1.85323
         0          0          0          1

-0.0180804  -0.999413  0.0291109    1.08362
 -0.930668  0.0274635   0.364832   0.603077
 -0.365417 -0.0204963  -0.930618    1.84525
         0          0          0          1

-0.0223039  -0.999404  0.0263388    1.08736
 -0.924661  0.0306389   0.379557    0.59025
 -0.380138 -0.0158888  -0.924793    1.82806
         0          0          0          1

 -0.0330593   -0.999187    0.023082     1.09518
  -0.916559   0.0395183    0.397943    0.573473
  -0.398531 -0.00800026    -0.91712     1.80368
          0           0           0           1

 -0.0330593   -0.999187    0.023082     1.09518
  -0.916559   0.0395183    0.397943    0.573473
  -0.398531 -0.00800026    -0.91712     1.80368
          0           0           0           1

 -0.0453124   -0.998684   0.0240386     1.10382
  -0.905418   0.0512244     0.42142    0.551353
  -0.422097 -0.00266944   -0.906547     1.76888
          0           0           0           1

 -0.0453124   -0.998684   0.0240386     1.10382
  -0.905418   0.0512244     0.42142    0.551353
  -0.422097 -0.00266944   -0.906547     1.76888
          0           0           0           1

 -0.0476825   -0.998558    0.024662     1.10502
  -0.903235   0.0536464    0.425779    0.547169
  -0.426488 -0.00197342   -0.904491     1.76172
          0           0           0           1

 -0.0541237    -0.99814   0.0280505     1.10878
  -0.897178   0.0609424    0.437444    0.538167
   -0.43834 -0.00149021   -0.898808     1.74823
          0           0           0           1

 -0.0616529   -0.997502   0.0344808     1.11283
   -0.89128   0.0705713    0.447929    0.527054
  -0.449243 -0.00311593   -0.893404     1.72762
          0           0           0           1

 -0.0616529   -0.997502   0.0344808     1.11283
   -0.89128   0.0705713    0.447929    0.527054
  -0.449243 -0.00311593   -0.893404     1.72762
          0           0           0           1

  -0.064143   -0.997331    0.034885     1.11384
  -0.890185   0.0729823    0.449716    0.523814
  -0.451062 -0.00220801    -0.89249     1.72154
          0           0           0           1

-0.0787612  -0.996439  0.0300957    1.11949
 -0.887222  0.0838305   0.453662   0.512655
 -0.454569 0.00902935  -0.890666    1.70041
         0          0          0          1

-0.0896747 -0.995675 0.0242871   1.12271
-0.883701   0.09079  0.459161  0.503652
-0.459381 0.0197126 -0.888021   1.68493
        0         0         0         1

-0.0896747 -0.995675 0.0242871   1.12271
-0.883701   0.09079  0.459161  0.503652
-0.459381 0.0197126 -0.888021   1.68493
        0         0         0         1

-0.104517 -0.994386 0.0165346   1.12809
 -0.87673 0.0999734  0.470479  0.491728
-0.469491 0.0346766 -0.882256   1.66358
        0         0         0         1

-0.104517 -0.994386 0.0165346   1.12809
 -0.87673 0.0999734  0.470479  0.491728
-0.469491 0.0346766 -0.882256   1.66358
        0         0         0         1

-0.113021 -0.993486  0.014526   1.13114
-0.873056  0.106278  0.475898  0.485163
-0.474342 0.0411043 -0.879381   1.65002
        0         0         0         1

-0.113021 -0.993486  0.014526   1.13114
-0.873056  0.106278  0.475898  0.485163
-0.474342 0.0411043 -0.879381   1.65002
        0         0         0         1

-0.113021 -0.993486  0.014526   1.13114
-0.873056  0.106278  0.475898  0.485163
-0.474342 0.0411043 -0.879381   1.65002
        0         0         0         1

-0.122814 -0.992344 0.0130599   1.13452
-0.867744   0.11376  0.483817  0.476816
-0.481599 0.0480867 -0.875072   1.63189
        0         0         0         1

-0.124605 -0.992109 0.0138795   1.13521
-0.866802  0.115653  0.485056   0.47548
-0.482834 0.0484096 -0.874373   1.62878
        0         0         0         1

-0.128643 -0.991544 0.0170678   1.13675
-0.865098  0.120618  0.486885  0.472461
-0.484827 0.0478688 -0.873299    1.6214
        0         0         0         1

-0.129866 -0.991359 0.0184854   1.13705
-0.864013   0.12229  0.488392   0.47102
-0.486432 0.0474537 -0.872429   1.61899
        0         0         0         1

 -0.13408 -0.990718 0.0223665   1.13815
-0.862221  0.127755  0.490156  0.468508
-0.488464 0.0464353 -0.871347   1.61356
        0         0         0         1

-0.142857 -0.989214 0.0323621   1.13905
 -0.86076  0.140314   0.48929  0.465158
-0.488553 0.0420426 -0.871521   1.60238
        0         0         0         1

-0.142857 -0.989214 0.0323621   1.13905
 -0.86076  0.140314   0.48929  0.465158
-0.488553 0.0420426 -0.871521   1.60238
        0         0         0         1

-0.151778 -0.987758 0.0360169   1.13953
 -0.85985  0.149919  0.488039  0.463978
-0.487464 0.0431044 -0.872079   1.59585
        0         0         0         1

-0.151778 -0.987758 0.0360169   1.13953
 -0.85985  0.149919  0.488039  0.463978
-0.487464 0.0431044 -0.872079   1.59585
        0         0         0         1

-0.161111 -0.985881 0.0456196   1.14031
-0.858806  0.162821  0.485739  0.463747
-0.486308 0.0390796 -0.872913   1.59076
        0         0         0         1

-0.161111 -0.985881 0.0456196   1.14031
-0.858806  0.162821  0.485739  0.463747
-0.486308 0.0390796 -0.872913   1.59076
        0         0         0         1

-0.162094 -0.984563 0.0660343   1.13955
-0.857922  0.173675  0.483535   0.46473
-0.487539 0.0217259 -0.872831    1.5864
        0         0         0         1

-0.162094 -0.984563 0.0660343   1.13955
-0.857922  0.173675  0.483535   0.46473
-0.487539 0.0217259 -0.872831    1.5864
        0         0         0         1

 -0.160562  -0.983893   0.078577    1.14012
 -0.859083   0.178504   0.479701   0.466524
 -0.486001 0.00951751  -0.873906     1.5848
         0          0          0          1

 -0.160562  -0.983893   0.078577    1.14012
 -0.859083   0.178504   0.479701   0.466524
 -0.486001 0.00951751  -0.873906     1.5848
         0          0          0          1

  -0.15638   -0.98266  0.0996226    1.13938
 -0.859143   0.185091    0.47709    0.47041
 -0.487256 -0.0109829   -0.87319    1.58407
         0          0          0          1

  -0.15638   -0.98266  0.0996226    1.13938
 -0.859143   0.185091    0.47709    0.47041
 -0.487256 -0.0109829   -0.87319    1.58407
         0          0          0          1

 -0.152986  -0.980936   0.119832    1.13827
 -0.856485   0.192103   0.479092   0.474024
 -0.492979 -0.0293405  -0.869546    1.58451
         0          0          0          1

 -0.152986  -0.980936   0.119832    1.13827
 -0.856485   0.192103   0.479092   0.474024
 -0.492979 -0.0293405  -0.869546    1.58451
         0          0          0          1

 -0.145858  -0.978738   0.144214    1.13531
 -0.853022   0.198255   0.482751   0.481833
 -0.501078 -0.0526046  -0.863802    1.58912
         0          0          0          1

 -0.145858  -0.978738   0.144214    1.13531
 -0.853022   0.198255   0.482751   0.481833
 -0.501078 -0.0526046  -0.863802    1.58912
         0          0          0          1

 -0.142252  -0.977019   0.158738    1.13354
 -0.853885   0.202239   0.479562   0.489301
 -0.500645 -0.0673255  -0.863031      1.594
         0          0          0          1

 -0.142252  -0.977019   0.158738    1.13354
 -0.853885   0.202239   0.479562   0.489301
 -0.500645 -0.0673255  -0.863031      1.594
         0          0          0          1

 -0.138019  -0.975495   0.171346    1.13119
 -0.855712   0.204558   0.475303   0.496603
 -0.498706 -0.0810223  -0.862976    1.60132
         0          0          0          1

 -0.138019  -0.975495   0.171346    1.13119
 -0.855712   0.204558   0.475303   0.496603
 -0.498706 -0.0810223  -0.862976    1.60132
         0          0          0          1

 -0.136776  -0.974941   0.175447    1.13043
 -0.856253   0.205416   0.473957   0.499197
  -0.49812 -0.0854015  -0.862892    1.60441
         0          0          0          1

-0.129991 -0.973255   0.18941   1.12617
-0.860677  0.205605  0.465791  0.509288
-0.492277 -0.102473 -0.864386   1.61616
        0         0         0         1

 -0.12381 -0.971409  0.202574   1.12249
-0.864183  0.205888  0.459126  0.518571
-0.487707 -0.118217 -0.864966   1.62858
        0         0         0         1

 -0.12381 -0.971409  0.202574   1.12249
-0.864183  0.205888  0.459126  0.518571
-0.487707 -0.118217 -0.864966   1.62858
        0         0         0         1

-0.116203 -0.970536  0.211083   1.11819
-0.868313  0.202448  0.452821  0.528642
-0.482212 -0.130667 -0.866255   1.64424
        0         0         0         1

-0.116203 -0.970536  0.211083   1.11819
-0.868313  0.202448  0.452821  0.528642
-0.482212 -0.130667 -0.866255   1.64424
        0         0         0         1

-0.113473 -0.970236  0.213931   1.11674
-0.870715  0.200817  0.448918  0.532502
-0.478518 -0.135333 -0.867586   1.64891
        0         0         0         1

 -0.10149 -0.970302  0.219574   1.11101
-0.879039  0.190812    0.4369  0.546806
-0.465822 -0.148673 -0.872299   1.66933
        0         0         0         1

-0.0946437 -0.971188  0.218715   1.10859
-0.886976  0.182021  0.424432  0.560035
-0.452014 -0.153825 -0.878647   1.68969
        0         0         0         1

-0.0946437 -0.971188  0.218715   1.10859
-0.886976  0.182021  0.424432  0.560035
-0.452014 -0.153825 -0.878647   1.68969
        0         0         0         1

-0.0763825 -0.973075  0.217465   1.10055
-0.902268   0.16028  0.400278  0.582384
-0.424356 -0.165637 -0.890217    1.7243
        0         0         0         1

-0.0763825 -0.973075  0.217465   1.10055
-0.902268   0.16028  0.400278  0.582384
-0.424356 -0.165637 -0.890217    1.7243
        0         0         0         1

-0.0634218 -0.974507  0.215206   1.09526
-0.913456  0.143539  0.380781  0.598968
-0.401964 -0.172432 -0.899273   1.74962
        0         0         0         1

-0.0634218 -0.974507  0.215206   1.09526
-0.913456  0.143539  0.380781  0.598968
-0.401964 -0.172432 -0.899273   1.74962
        0         0         0         1

-0.0536361 -0.975938  0.211348   1.09172
 -0.92434  0.128598  0.359245   0.61768
 -0.37778 -0.176089 -0.908997    1.7771
        0         0         0         1

-0.0536361 -0.975938  0.211348   1.09172
 -0.92434  0.128598  0.359245   0.61768
 -0.37778 -0.176089 -0.908997    1.7771
        0         0         0         1

-0.0364707 -0.977781  0.206433    1.0834
-0.939059  0.104188  0.327588  0.647353
-0.341817 -0.181905 -0.921993     1.822
        0         0         0         1

-0.0364707 -0.977781  0.206433    1.0834
-0.939059  0.104188  0.327588  0.647353
-0.341817 -0.181905 -0.921993     1.822
        0         0         0         1

-0.0329767 -0.978169  0.205179   1.08129
-0.942325 0.0988429   0.31977  0.654362
 -0.33307 -0.182801 -0.925013   1.83215
        0         0         0         1

-0.0284882 -0.978962  0.202045    1.0786
-0.949366 0.0897651  0.301076  0.670098
-0.312878 -0.183238  -0.93195   1.85229
        0         0         0         1

-0.0252672 -0.979259  0.201031   1.07656
-0.952481 0.0846438    0.2926  0.677944
-0.303548 -0.184085 -0.934864   1.86239
        0         0         0         1

-0.0159353 -0.979997  0.198374   1.06977
-0.962814 0.0685541  0.261324  0.706848
-0.269696 -0.186833 -0.944647   1.90116
        0         0         0         1

-0.00774431 -0.979943  0.199126    1.0628
-0.971474 0.0545723   0.23078  0.734288
-0.237018 -0.191659 -0.952412   1.93372
        0         0         0         1

-0.00774431 -0.979943  0.199126    1.0628
-0.971474 0.0545723   0.23078  0.734288
-0.237018 -0.191659 -0.952412   1.93372
        0         0         0         1

-0.00658938 -0.979971  0.199033   1.06106
-0.973573 0.0517242   0.22244  0.742999
 -0.22828 -0.192307 -0.954414   1.94579
        0         0         0         1

0.000459932 -0.979361  0.202118   1.05417
-0.977937 0.0417821   0.20468  0.761721
-0.208901 -0.197753 -0.957734   1.97038
        0         0         0         1

0.00313646 -0.977916  0.208973   1.04422
-0.987152 0.0303568  0.156875  0.807251
-0.159754  -0.20678 -0.965257   2.02235
        0         0         0         1

0.00313646 -0.977916  0.208973   1.04422
-0.987152 0.0303568  0.156875  0.807251
-0.159754  -0.20678 -0.965257   2.02235
        0         0         0         1

0.00229052 -0.976209  0.216818     1.037
-0.991992 0.0251621   0.12377  0.838279
-0.126281 -0.215365 -0.968334   2.05713
        0         0         0         1

0.00229052 -0.976209  0.216818     1.037
-0.991992 0.0251621   0.12377  0.838279
-0.126281 -0.215365 -0.968334   2.05713
        0         0         0         1

0.00230938 -0.973041  0.230622   1.02678
-0.997235 0.0148905 0.0728118  0.888119
-0.0742829 -0.230153 -0.970315   2.11157
        0         0         0         1

0.00230938 -0.973041  0.230622   1.02678
-0.997235 0.0148905 0.0728118  0.888119
-0.0742829 -0.230153 -0.970315   2.11157
        0         0         0         1

0.00236205  -0.969875   0.243592    1.01612
  -0.99944 0.00584459  0.0329619    0.92576
-0.0333926  -0.243533  -0.969318    2.14033
         0          0          0          1

0.00236205  -0.969875   0.243592    1.01612
  -0.99944 0.00584459  0.0329619    0.92576
-0.0333926  -0.243533  -0.969318    2.14033
         0          0          0          1

-0.00312706     -0.9667    0.255894     1.01086
  -0.999992  0.00233988 -0.00338059     0.96203
 0.00266925   -0.255902   -0.966699      2.1733
          0           0           0           1

-0.00312706     -0.9667    0.255894     1.01086
  -0.999992  0.00233988 -0.00338059     0.96203
 0.00266925   -0.255902   -0.966699      2.1733
          0           0           0           1

-0.00639784  -0.965458   0.260481     1.0102
 -0.999895 0.00279292 -0.0142072   0.974193
  0.012989  -0.260545  -0.965374    2.18435
         0          0          0          1

 -0.0119461    -0.96164    0.274055     1.00191
  -0.998587 -0.00271801  -0.0530659     1.01714
  0.0517751   -0.274302   -0.960249     2.22067
          0           0           0           1

-0.0169505  -0.956092   0.292577   0.996184
 -0.995429 -0.0113694 -0.0948238    1.05886
 0.0939866  -0.292847  -0.951529    2.24827
         0          0          0          1

-0.0169505  -0.956092   0.292577   0.996184
 -0.995429 -0.0113694 -0.0948238    1.05886
 0.0939866  -0.292847  -0.951529    2.24827
         0          0          0          1

-0.0143442  -0.953471   0.301144   0.986813
 -0.995101 -0.0158511 -0.0975861    1.06707
  0.097819  -0.301068  -0.948572    2.26285
         0          0          0          1

-0.0300235  -0.950644   0.308829   0.989481
 -0.988515 -0.0175438  -0.150104    1.11666
  0.148114  -0.309789  -0.939198    2.28973
         0          0          0          1

 -0.032675  -0.948472    0.31517    0.98356
 -0.986255 -0.0205031  -0.163951    1.12993
  0.161965  -0.316196  -0.934766    2.29642
         0          0          0          1

-0.0314181  -0.941945   0.334293   0.967831
 -0.982209 -0.0328568  -0.184893    1.15468
  0.185143  -0.334155  -0.924155    2.31314
         0          0          0          1

-0.050289 -0.941002  0.334643  0.981814
-0.975808 -0.025087 -0.217185   1.19386
 0.212767 -0.337469 -0.916976   2.34306
        0         0         0         1

