  -0.100252   -0.697319    0.709715    0.814814
  -0.989422 -0.00530088   -0.144971     1.08232
   0.104853   -0.716741   -0.689411     2.47547
          0           0           0           1

 -0.101014  -0.700545   0.706422    0.81197
  -0.99052 0.00437547  -0.137299    1.06347
  0.093093  -0.713594  -0.694346    2.46872
         0          0          0          1

 -0.10264 -0.699315  0.707406  0.811794
-0.992044 0.0198532 -0.124313   1.04569
  0.07289 -0.714538 -0.695789   2.46917
        0         0         0         1

-0.0996286 -0.692898  0.714119  0.798852
-0.992988 0.0233373 -0.115891   1.03221
0.0636348 -0.720657 -0.690365   2.45566
        0         0         0         1

-0.101024 -0.692659  0.714155  0.798732
-0.993295 0.0296705 -0.111733   1.02411
0.0562036 -0.720655 -0.691012   2.44661
        0         0         0         1

 -0.101217  -0.687637   0.718965   0.789549
 -0.994217  0.0438395 -0.0980381   0.994553
 0.0358956   -0.72473  -0.688097    2.42539
         0          0          0          1

 -0.105089  -0.687318   0.718714   0.794061
 -0.993977  0.0500105 -0.0975116   0.985989
 0.0310783  -0.724633  -0.688434    2.41516
         0          0          0          1

-0.111153 -0.690794  0.714457  0.802128
-0.993626 0.0636705 -0.093023  0.970525
0.0187699 -0.720243 -0.693468   2.41023
        0         0         0         1

 -0.109196  -0.690442   0.715099   0.797077
 -0.994019  0.0745105 -0.0798461   0.953569
0.00184675   -0.71954  -0.694448    2.40627
         0          0          0          1

 -0.111136  -0.691671   0.713611    0.79849
 -0.993458  0.0963139 -0.0613654   0.925294
-0.0262859  -0.715762   -0.69785    2.38555
         0          0          0          1

 -0.105768  -0.686089   0.719789   0.787094
 -0.993676   0.100368 -0.0503448    0.91091
-0.0377026  -0.720561  -0.692365     2.3758
         0          0          0          1

-0.105632  -0.68895   0.71707  0.788699
 -0.99321  0.108437 -0.042126  0.897089
-0.048734 -0.716651 -0.695727    2.3664
        0         0         0         1

-0.0992233  -0.686354   0.720467   0.785308
 -0.992972   0.115238 -0.0269716   0.882628
-0.0645128   -0.71808  -0.692965    2.36065
         0          0          0          1

-0.0921819  -0.680583   0.726849   0.779805
 -0.992455   0.122065 -0.0115716     0.8667
-0.0808477  -0.722431    -0.6867    2.34699
         0          0          0          1

-0.0952626  -0.680936   0.726121   0.786182
 -0.991886   0.126621 -0.0113875   0.861254
-0.0841881  -0.721314  -0.687473    2.33333
         0          0          0          1

-0.0998508  -0.684207    0.72242   0.792447
 -0.988028   0.153997 0.00928929   0.830204
 -0.117606  -0.712843  -0.691393    2.32044
         0          0          0          1

-0.103496 -0.684204   0.72191   0.79239
-0.986291  0.164387 0.0144015  0.816975
-0.128526 -0.710522 -0.691837   2.31188
        0         0         0         1

 -0.10263 -0.679446  0.726513  0.784537
-0.985351  0.169447 0.0192757  0.805268
-0.136202 -0.713892 -0.686883   2.29486
        0         0         0         1

-0.108322 -0.682394  0.722914  0.790773
 -0.98383  0.177924 0.0205333  0.797269
-0.142636 -0.709001 -0.690633   2.28426
        0         0         0         1

-0.104441 -0.683582  0.722363  0.788895
-0.979752  0.195472 0.0433224  0.770309
-0.170816 -0.703212 -0.690156    2.2619
        0         0         0         1

-0.104722 -0.686205  0.719831  0.793211
-0.977534   0.20416 0.0524093  0.760861
-0.182924  -0.69817 -0.692168   2.25272
        0         0         0         1

-0.0971335 -0.680835  0.725968  0.787273
-0.974819  0.212192 0.0685709   0.74615
 -0.20073 -0.701027 -0.684302   2.23971
        0         0         0         1

-0.0978162 -0.680593  0.726102  0.788609
-0.973304  0.217641 0.0728822  0.739232
-0.207633 -0.699589 -0.683713   2.22635
        0         0         0         1

-0.0971779 -0.680137  0.726616  0.790939
-0.969741   0.22899 0.0846484  0.726699
 -0.22396 -0.696403 -0.681809   2.21355
        0         0         0         1

-0.101877 -0.680781  0.725367  0.796416
-0.967373  0.237827 0.0873422  0.719907
-0.231973 -0.692802 -0.682798   2.20025
        0         0         0         1

-0.0930828 -0.680346  0.726956  0.796372
 -0.96082  0.252827  0.113589  0.697856
-0.261074 -0.687901 -0.677224   2.17455
        0         0         0         1

 -0.08996  -0.67744  0.730057   0.79544
-0.957733  0.259944  0.123195  0.689332
-0.273231 -0.688116 -0.672191   2.16276
        0         0         0         1

-0.0865861  -0.67335  0.734236  0.795432
-0.955926  0.263699  0.129103  0.682845
-0.280549 -0.690697 -0.666505   2.14285
        0         0         0         1

-0.0803306 -0.670393  0.737645  0.794266
-0.952017  0.270854  0.142484   0.67359
-0.295314 -0.690805 -0.659984   2.13115
        0         0         0         1

  -0.0727 -0.665675  0.742692  0.795196
  -0.9437  0.286863  0.164739  0.655194
-0.322714 -0.688903 -0.649052   2.10382
        0         0         0         1

-0.0750214 -0.665891  0.742268  0.799418
 -0.94036  0.294926  0.169536  0.649754
-0.331806  -0.68528 -0.648303   2.09097
        0         0         0         1

-0.072527 -0.664205  0.744024  0.801567
-0.934985  0.304966  0.181107  0.640468
-0.347194 -0.682516  -0.64314   2.07693
        0         0         0         1

-0.0708023 -0.662347  0.745844  0.803313
-0.931163  0.311992   0.18867  0.634113
-0.357662 -0.681145 -0.638843   2.06451
        0         0         0         1

-0.0696789 -0.661242   0.74693  0.805544
-0.925723  0.321869  0.198586  0.625841
-0.371727 -0.677613 -0.634555   2.05027
        0         0         0         1

-0.0710987 -0.661678  0.746409  0.807953
-0.921666  0.329717  0.204495  0.620382
-0.381414 -0.673401 -0.633289   2.03822
        0         0         0         1

-0.0677777 -0.656522  0.751256  0.809441
-0.913494  0.343606  0.217863  0.609087
-0.401168 -0.671501 -0.623018   2.00749
        0         0         0         1

-0.0645955 -0.655699  0.752254   0.80978
-0.909426  0.349015  0.226126  0.603554
-0.410819 -0.669512 -0.618855   1.99536
        0         0         0         1

-0.0639478 -0.652678  0.754932  0.811145
-0.903742  0.358729  0.233587  0.597107
-0.423273 -0.667327 -0.612792   1.98064
        0         0         0         1

-0.0621228 -0.650213  0.757208  0.812474
-0.899755  0.364829   0.23946  0.593071
-0.431951 -0.666426 -0.607696   1.96806
        0         0         0         1

-0.058888 -0.644222  0.762568  0.817278
-0.887701  0.383224  0.255198  0.583133
-0.456638 -0.661905 -0.594444   1.94152
        0         0         0         1

-0.0567273 -0.643519  0.763325  0.818955
-0.883103  0.388998  0.262315  0.579119
-0.465736 -0.659215  -0.59036   1.93008
        0         0         0         1

-0.0583563 -0.642214  0.764301  0.822979
 -0.87875  0.396333  0.265929  0.575815
-0.473701 -0.656111 -0.587474   1.91524
        0         0         0         1

-0.0587995 -0.642014  0.764434  0.824988
-0.873193  0.404205  0.272308  0.571935
-0.483814 -0.651488  -0.58437   1.90538
        0         0         0         1

-0.0569528 -0.638935  0.767149  0.826098
-0.869945   0.40877  0.275867  0.569208
-0.489849 -0.651667 -0.579119   1.88962
        0         0         0         1

-0.0552458 -0.639502  0.766801  0.826958
-0.865002  0.414242  0.283152  0.565783
-0.498717 -0.647642 -0.576056   1.87996
        0         0         0         1

-0.0533219 -0.638442  0.767821  0.830765
-0.854843  0.426618  0.295367  0.559582
 -0.51614 -0.640617 -0.568515   1.85493
        0         0         0         1

-0.0512546 -0.637837  0.768464   0.83175
-0.850845  0.430785   0.30081   0.55715
-0.522911 -0.638426 -0.564781   1.84425
        0         0         0         1

-0.0517713 -0.638957  0.767498  0.834666
-0.844401  0.438341  0.307969  0.554047
-0.533205 -0.632132 -0.562229   1.83303
        0         0         0         1

-0.0515749 -0.638051  0.768264  0.837109
-0.840118  0.443647  0.312055  0.552171
-0.539946 -0.629339  -0.55892   1.82354
        0         0         0         1

-0.0503627 -0.637336  0.768938  0.842289
-0.831626  0.453103  0.321086  0.549407
-0.553048 -0.623298 -0.552845   1.80069
        0         0         0         1

-0.0481607 -0.639154  0.767569  0.843031
-0.827105  0.456342  0.328099  0.547288
 -0.55998 -0.619059 -0.550626   1.79183
        0         0         0         1

-0.0462505 -0.639592  0.767322  0.844816
-0.823023  0.459728  0.333593  0.546021
-0.566123 -0.616095 -0.547661   1.78021
        0         0         0         1

-0.045395 -0.641972  0.765383  0.846723
-0.818923  0.462698  0.339522  0.544514
-0.572105 -0.611377  -0.54673    1.7725
        0         0         0         1

-0.0436861 -0.640884  0.766394  0.848863
-0.814936  0.466607  0.343739    0.5436
-0.577902 -0.609546 -0.542664   1.76169
        0         0         0         1

-0.0439776 -0.640975  0.766301  0.851575
-0.812232  0.469541  0.346136  0.543145
-0.581675 -0.607192  -0.54127    1.7537
        0         0         0         1

-0.0389355 -0.641415  0.766206  0.855478
-0.805521  0.473883  0.355768   0.54136
-0.591287 -0.603343 -0.535124   1.73531
        0         0         0         1

-0.0367132 -0.641566  0.766189  0.857571
-0.802958  0.475362  0.359568   0.54092
-0.594904 -0.602017 -0.532603   1.72743
        0         0         0         1

-0.0365797 -0.643247  0.764784   0.86063
 -0.80078  0.476699  0.362643  0.541153
-0.597841 -0.599158 -0.532537   1.71825
        0         0         0         1

-0.0356264 -0.644484  0.763787  0.862373
-0.797771  0.478653  0.366677  0.540583
-0.601907 -0.596264 -0.531204   1.71206
        0         0         0         1

-0.0322069 -0.649176  0.759956  0.866136
-0.794157  0.478286  0.374909  0.540416
-0.606858  -0.59145 -0.530952   1.69598
        0         0         0         1

-0.0315832 -0.651559   0.75794  0.867669
-0.793797  0.477156  0.377107  0.540544
-0.607363  -0.58974 -0.532275   1.68911
        0         0         0         1

-0.0318436 -0.654405  0.755473  0.869653
-0.790287  0.479235  0.381812  0.539915
-0.611909 -0.584882 -0.532429   1.68318
        0         0         0         1

-0.0308785 -0.655628  0.754453  0.870755
-0.788859  0.479509  0.384412  0.539681
-0.613798 -0.583287 -0.532004   1.67751
        0         0         0         1

-0.0313088 -0.656818  0.753399  0.873004
 -0.78648  0.481358  0.386967  0.539483
-0.616821 -0.580418 -0.531645   1.67144
        0         0         0         1

-0.0314091 -0.655893    0.7542  0.874543
 -0.78558  0.482727  0.387089   0.53953
-0.617962 -0.580327 -0.530418   1.66622
        0         0         0         1

-0.031115 -0.651896   0.75767   0.87841
-0.783613  0.486476  0.386382  0.539866
-0.620469 -0.581698 -0.525971   1.65573
        0         0         0         1

-0.031357 -0.650356  0.758982  0.880192
-0.781747  0.489123  0.386821  0.539584
-0.622807 -0.581202 -0.523751   1.65218
        0         0         0         1

-0.0288871 -0.647357  0.761639  0.880835
-0.781083  0.490095  0.386932   0.53953
-0.623759 -0.583726 -0.519797   1.64693
        0         0         0         1

-0.0254638 -0.645388  0.763431  0.880655
-0.781128  0.489422  0.387692  0.539315
-0.623852 -0.586465 -0.516593   1.64241
        0         0         0         1

-0.0224391 -0.643941  0.764746  0.881343
-0.780221  0.489564  0.389335  0.538894
-0.625101 -0.587935 -0.513401   1.63903
        0         0         0         1

-0.0199889 -0.642627  0.765918  0.882263
-0.779651  0.489595  0.390437  0.538659
-0.625896 -0.589344 -0.510811   1.63582
        0         0         0         1

-0.0173469 -0.637181  0.770519  0.885334
-0.777357  0.493258  0.390399  0.537754
 -0.62882 -0.592196 -0.503874   1.63017
        0         0         0         1

-0.0170431 -0.633332  0.773693  0.886535
-0.777636  0.494791  0.387898  0.537765
-0.628484  -0.59504 -0.500934   1.62726
        0         0         0         1

-0.0149848 -0.627949   0.77811  0.886732
-0.777668  0.496469  0.385683  0.537386
-0.628497 -0.599332 -0.495775   1.62414
        0         0         0         1

-0.0135838 -0.622554  0.782459    0.8875
-0.778536  0.497632  0.382419  0.537329
-0.627453 -0.603978 -0.491441   1.62087
        0         0         0         1

-0.00987998 -0.612002  0.790794  0.887745
-0.778116  0.501407  0.378321  0.536649
-0.628043 -0.611592 -0.481163   1.61563
        0         0         0         1

-0.00997349 -0.607546  0.794222  0.888336
-0.776891  0.504764  0.376368  0.536162
-0.629556  -0.61327 -0.477032   1.61409
        0         0         0         1

-0.00845152 -0.602098  0.798378  0.888226
-0.777121  0.506405   0.37368  0.536021
-0.629294 -0.617278 -0.472183    1.6111
        0         0         0         1

-0.00717464 -0.598868  0.800815   0.88822
-0.777338  0.507112  0.372266   0.53569
-0.629042 -0.619834 -0.469162   1.60892
        0         0         0         1

-0.0051484 -0.595721  0.803175  0.887466
-0.777532  0.507452  0.371397  0.534929
-0.628822 -0.622583 -0.465805   1.60677
        0         0         0         1

-0.00731884 -0.591907  0.805973  0.889075
-0.776647  0.511069  0.368277  0.534751
-0.629894 -0.623261 -0.463443   1.60585
        0         0         0         1

-0.00718605 -0.582519  0.812785  0.890195
-0.775682  0.516209  0.363107  0.534214
-0.631084 -0.627853 -0.455559   1.60299
        0         0         0         1

-0.00541841 -0.577204  0.816582   0.88996
 -0.77606  0.517408  0.360582  0.534106
-0.630635 -0.631763 -0.450748   1.60114
        0         0         0         1

-0.00363018 -0.571764   0.82041  0.889252
-0.776207   0.51886  0.358172  0.533652
-0.630468 -0.635508  -0.44569   1.59971
        0         0         0         1

-0.0013709 -0.567426  0.823423  0.888876
-0.775792  0.520174  0.357164  0.533378
-0.630987 -0.638315 -0.440918    1.5985
        0         0         0         1

0.00309311 -0.555101  0.831777  0.888916
-0.774399  0.524933  0.353203  0.532728
 -0.63269  -0.64522 -0.428246   1.59666
        0         0         0         1

0.00620225 -0.550559  0.834773   0.88809
-0.775233  0.524653  0.351785  0.532713
-0.631645 -0.649326 -0.423557    1.5951
        0         0         0         1

0.00604507 -0.546667  0.837328  0.888504
-0.776281   0.52527  0.348538  0.532918
-0.630357 -0.652109 -0.421193   1.59376
        0         0         0         1

0.00652377 -0.544116  0.838985  0.888644
 -0.77514  0.527304  0.348005  0.532437
-0.631755 -0.652601 -0.418326     1.594
        0         0         0         1

0.00733361 -0.540968  0.841011  0.888941
-0.776022  0.527344  0.345973  0.532578
-0.630663  -0.65518 -0.415936   1.59313
        0         0         0         1

0.00634098 -0.539657  0.841861  0.889594
-0.776624   0.52768  0.344107  0.532626
-0.629933 -0.655992 -0.415764   1.59281
        0         0         0         1

0.0109588 -0.537661   0.84309  0.889012
-0.777641  0.525459  0.345207  0.532355
-0.628614 -0.659404 -0.412348   1.59196
        0         0         0         1

 0.012724 -0.537284  0.843305  0.888983
-0.777147  0.525372  0.346449  0.532053
-0.629191  -0.65978 -0.410864   1.59182
        0         0         0         1

0.0128443 -0.536152  0.844023  0.889926
-0.777876  0.525018  0.345347   0.53237
-0.628287 -0.660981 -0.410317    1.5914
        0         0         0         1

0.0155164 -0.535767  0.844223  0.889822
-0.778022  0.523869  0.346761   0.53226
-0.628045 -0.662205  -0.40871   1.59139
        0         0         0         1

0.0198469 -0.534128  0.845171  0.890021
-0.778907  0.521723  0.348008  0.532196
-0.626826 -0.665216 -0.405681   1.59135
        0         0         0         1

0.0229224 -0.533204  0.845676  0.890058
-0.779376  0.520256   0.34915   0.53225
-0.626137 -0.667103 -0.403641   1.59149
        0         0         0         1

0.0244723 -0.531924  0.846438  0.890751
 -0.78001  0.519425  0.348972  0.532456
-0.625288 -0.668771 -0.402195   1.59177
        0         0         0         1

0.0275567 -0.530631  0.847155  0.890853
-0.780562  0.518003  0.349851  0.532509
-0.624471 -0.670897 -0.399916   1.59218
        0         0         0         1

 0.029248 -0.529607  0.847738  0.891223
-0.781561  0.516597  0.349699  0.532594
-0.623142 -0.672788 -0.398811   1.59266
        0         0         0         1

0.0308781  -0.52889  0.848128  0.891385
-0.781594  0.516131  0.350313  0.532768
-0.623023 -0.673709  -0.39744   1.59373
        0         0         0         1

0.0360777 -0.525639  0.849942  0.891551
-0.783811  0.512726  0.350361   0.53315
-0.619951 -0.678834 -0.393504   1.59619
        0         0         0         1

0.0354234 -0.523814  0.851096  0.892125
 -0.78436  0.513168  0.348479  0.533623
-0.619293  -0.67991 -0.392681   1.59761
        0         0         0         1

0.0345875 -0.520679  0.853052  0.893363
-0.785914  0.513107  0.345052  0.534451
-0.617368 -0.682359 -0.391461   1.59889
        0         0         0         1

0.0351014 -0.519763  0.853589  0.893077
-0.785849  0.513319  0.344883  0.534607
-0.617421 -0.682898 -0.390437   1.60159
        0         0         0         1

0.0371528 -0.515233  0.856244  0.893394
-0.789003  0.510707  0.341546   0.53591
-0.613265 -0.688269 -0.387546   1.60614
        0         0         0         1

0.0384488  -0.51459  0.856574  0.893387
 -0.79087  0.508278  0.340849   0.53642
-0.610775 -0.690544 -0.387431   1.60857
        0         0         0         1

0.0392443 -0.514268  0.856731  0.893473
-0.792541  0.506152  0.340131  0.536846
-0.608555 -0.692342 -0.387715   1.61194
        0         0         0         1

0.0403397 -0.512889  0.857507  0.893594
-0.795222  0.503136  0.338344  0.537788
-0.604975 -0.695557 -0.387564   1.61386
        0         0         0         1

0.0405321 -0.512302  0.857848  0.894014
-0.798016  0.500051  0.336333  0.539015
-0.601271 -0.698209 -0.388557   1.61708
        0         0         0         1

0.0416029  -0.51378  0.856913  0.893426
-0.798682  0.498207  0.337486  0.539476
-0.600313 -0.698441  -0.38962   1.62068
        0         0         0         1

0.0392983 -0.513686  0.857078  0.894529
-0.801353  0.496178  0.334126  0.541547
-0.596899 -0.699953 -0.392145   1.62871
        0         0         0         1

 0.040539 -0.513794  0.856955  0.893892
-0.802262    0.4945  0.334433   0.54239
-0.595594  -0.70106 -0.392151   1.63235
        0         0         0         1

0.0400864  -0.51404  0.856829  0.893854
-0.803736  0.492873  0.333294  0.543893
-0.593635 -0.702024 -0.393395   1.63715
        0         0         0         1

0.0399558 -0.514432    0.8566  0.893825
-0.806466  0.489538   0.33161   0.54553
-0.589929 -0.704068 -0.395313   1.64042
        0         0         0         1

0.0383794 -0.516761  0.855269  0.893173
-0.810484  0.484546  0.329136  0.548444
-0.584502 -0.705814 -0.400229   1.65086
        0         0         0         1

0.0382773 -0.517755  0.854672  0.892887
-0.812628  0.481614  0.328153  0.549916
-0.581525 -0.707091 -0.402307   1.65521
        0         0         0         1

0.0385053 -0.520438  0.853031  0.892153
-0.815308  0.477204  0.327947   0.55174
-0.577746  -0.70811 -0.405942   1.66115
        0         0         0         1

0.0376623 -0.522333   0.85191  0.892643
-0.817057  0.474726  0.327191  0.553421
-0.575326 -0.708381 -0.408896   1.66653
        0         0         0         1

0.0367941 -0.525671  0.849892  0.893069
-0.820634  0.469429  0.325877  0.555797
-0.570268 -0.709441 -0.414112   1.67295
        0         0         0         1

0.0379353 -0.528542  0.848059  0.892581
-0.822559  0.465377  0.326835  0.557256
-0.567413 -0.709977 -0.417103   1.67856
        0         0         0         1

0.0362148 -0.535307  0.843881  0.893613
-0.828226   0.45646  0.325093   0.56197
-0.559223 -0.710698 -0.426825   1.69341
        0         0         0         1

0.0371499 -0.537342  0.842546  0.893612
-0.831658  0.450828   0.32419  0.564358
-0.554044 -0.712754 -0.430137   1.69944
        0         0         0         1

0.0390429 -0.539604  0.841013  0.893558
-0.834416  0.445447  0.324541  0.566667
-0.549751 -0.714426 -0.432863   1.70845
        0         0         0         1

0.0383454 -0.541389  0.839897  0.894543
-0.837813  0.440671  0.322302  0.569143
-0.544609 -0.716036 -0.436685   1.71553
        0         0         0         1

0.0419143 -0.547216  0.835942  0.894449
-0.845544  0.426292  0.321451  0.574888
-0.532258 -0.720299 -0.444827   1.73337
        0         0         0         1

0.0419007 -0.548911   0.83483  0.895756
-0.849894  0.419713  0.318623  0.578021
-0.525285 -0.722868  -0.44893   1.73991
        0         0         0         1

0.0432612 -0.551698  0.832921   0.89635
-0.854832  0.411068  0.316677  0.581622
-0.517098 -0.725708 -0.453826   1.74997
        0         0         0         1

0.0449229 -0.555225  0.830486  0.896519
-0.856632  0.406297  0.317969  0.583678
-0.513968 -0.725705 -0.457372   1.76019
        0         0         0         1

0.0462144 -0.557639  0.828796  0.897367
  -0.8623  0.396573  0.314909  0.587933
-0.504284 -0.729224 -0.462525   1.77004
        0         0         0         1

0.0487392  -0.56033  0.826834  0.897161
-0.866112  0.388593  0.314397  0.591122
-0.497467 -0.731455 -0.466369   1.77886
        0         0         0         1

 0.050394  -0.56586   0.82296  0.899383
-0.874322  0.373277  0.310201  0.599029
-0.482723 -0.735165 -0.475933    1.8019
        0         0         0         1

0.0512701 -0.566913   0.82218  0.900196
-0.880654  0.362585  0.304928  0.603955
-0.470978  -0.73969 -0.480665   1.80924
        0         0         0         1

0.0551297 -0.570681  0.819319   0.90014
-0.884777  0.352368  0.304969  0.607862
-0.462742 -0.741728 -0.485499   1.82255
        0         0         0         1

  0.05586 -0.573349  0.817405  0.901729
-0.888825  0.344388  0.302303  0.612108
-0.454829 -0.743417 -0.490369   1.83337
        0         0         0         1

0.0583573 -0.580745  0.811991  0.904747
-0.899071  0.322949  0.295592  0.623025
-0.433895 -0.747288 -0.503284   1.85718
        0         0         0         1

0.0631223 -0.581997  0.810737  0.903724
 -0.90333  0.312035   0.29433   0.62738
-0.424277 -0.750942 -0.506039   1.86703
        0         0         0         1

0.0616749 -0.585692  0.808184   0.90768
-0.908897  0.301638  0.287958  0.634147
-0.412434 -0.752316 -0.513731   1.88046
        0         0         0         1

0.0648837 -0.588381  0.805976  0.908396
-0.912067  0.292732  0.287126  0.638588
-0.404874 -0.753734  -0.51765   1.89338
        0         0         0         1

0.0698946 -0.589651  0.804628  0.906931
-0.917227  0.279125  0.284225  0.644624
-0.392185 -0.757892 -0.521335   1.90638
        0         0         0         1

0.0715084 -0.590556  0.803823  0.909014
-0.922706  0.266898   0.27817  0.652089
-0.378813 -0.761584 -0.525824   1.91577
        0         0         0         1

0.0773289  -0.59409  0.800673  0.909373
-0.931272  0.243732  0.270789  0.665238
-0.356023 -0.766584 -0.534412   1.94249
        0         0         0         1

0.0790992 -0.596311  0.798847  0.910952
 -0.93485  0.233865  0.267137  0.671254
-0.346119 -0.767933 -0.538963   1.95532
        0         0         0         1

0.0814048 -0.597702  0.797574  0.912436
-0.940707  0.218323  0.259625  0.680341
-0.329307 -0.771419 -0.544491   1.96771
        0         0         0         1

0.0805225 -0.602023  0.794408  0.915519
-0.943638  0.210655  0.255288   0.68691
-0.321036  -0.77019 -0.551129   1.98117
        0         0         0         1

0.0857596  -0.60218  0.793741  0.915816
-0.952074  0.185236  0.243398  0.703562
-0.293599 -0.776574 -0.557434   2.00796
        0         0         0         1

0.0887159 -0.605348  0.791001  0.916421
-0.953106  0.179093  0.243956   0.70877
-0.289341 -0.775551 -0.561073   2.02411
        0         0         0         1

0.0883967 -0.607314  0.789529  0.919251
-0.958038  0.165139   0.23429  0.719566
-0.272669  -0.77711 -0.567232   2.03654
        0         0         0         1

0.0932984 -0.604811  0.790885  0.916042
-0.962135  0.149562  0.227874  0.728439
-0.256107 -0.782199 -0.567956    2.0457
        0         0         0         1

0.0978742 -0.604969  0.790211   0.91495
-0.965172  0.135873  0.223566   0.73829
-0.242619  -0.78457 -0.570601   2.06016
        0         0         0         1

0.0926183 -0.609848  0.787088  0.920632
-0.968288  0.129048  0.213929   0.74647
-0.232037 -0.781941 -0.578556   2.07328
        0         0         0         1

0.0957087 -0.612397  0.784736  0.922385
-0.973988  0.105055  0.200774  0.766122
-0.205393 -0.783539 -0.586413   2.10099
        0         0         0         1

0.0983081 -0.612243  0.784535  0.922236
-0.975962 0.0947721  0.196255  0.774735
-0.194507  -0.78497 -0.588209   2.11235
        0         0         0         1

0.0987272 -0.614065  0.783056  0.924245
-0.979293  0.079808  0.186053  0.787099
-0.176743  -0.78521 -0.593471   2.12505
        0         0         0         1

 0.103073 -0.613074  0.783273  0.922146
-0.981015 0.0673966  0.181846  0.796726
-0.164275 -0.787146 -0.594487   2.13556
        0         0         0         1

 0.100903 -0.613988  0.782839  0.926605
-0.985945 0.0436055  0.161282  0.821582
-0.133162  -0.78811 -0.600959   2.16135
        0         0         0         1

0.0992893 -0.614453  0.782681  0.928654
-0.987676 0.0347781  0.152598  0.833152
-0.120984 -0.788186 -0.603428   2.17152
        0         0         0         1

 0.103254  -0.61261  0.783612    0.9273
-0.988358 0.0253148  0.150024  0.842682
-0.111743  -0.78998 -0.602864   2.18813
        0         0         0         1

 0.105308 -0.610585  0.784918  0.925688
-0.989686 0.0127371  0.142689  0.853564
-0.0971213 -0.791848 -0.602946   2.19711
        0         0         0         1

   0.106595   -0.611421    0.784093    0.927505
  -0.990785 0.000962138    0.135444    0.865887
 -0.0835677   -0.791305   -0.605684     2.21215
          0           0           0           1

   0.101979   -0.612227    0.784078    0.932288
  -0.992399 -0.00803697    0.122798    0.879322
 -0.0688786   -0.790641   -0.608393     2.22102
          0           0           0           1

   0.10625  -0.608124     0.7867   0.932118
 -0.993426 -0.0310261   0.110187   0.904036
-0.0425992  -0.793236  -0.607423    2.24702
         0          0          0          1

  0.107861  -0.605805   0.788268   0.930952
 -0.993673 -0.0407365    0.10466   0.914258
-0.0312922   -0.79457  -0.606366    2.25901
         0          0          0          1

   0.10628  -0.604401   0.789559   0.930814
 -0.994271 -0.0555134  0.0913406   0.930987
-0.0113753  -0.794744  -0.606839     2.2663
         0          0          0          1

 0.107649 -0.597085  0.794922   0.92638
-0.994189 -0.063906 0.0866325  0.940753
-0.000926698 -0.799628 -0.600495   2.27729
        0         0         0         1

  0.100937  -0.605867   0.789137   0.934846
 -0.994742 -0.0752661    0.06945   0.965149
 0.0173178  -0.791998  -0.610278    2.30507
         0          0          0          1

  0.102311  -0.602988   0.791162   0.932964
 -0.994398 -0.0832307  0.0651579   0.975465
 0.0265595  -0.793396  -0.608126    2.31581
         0          0          0          1

 0.100959 -0.601368  0.792568  0.933053
-0.993606 -0.101415 0.0496186  0.995587
 0.050539  -0.79251 -0.607761   2.32089
        0         0         0         1

 0.092492 -0.608735  0.787963  0.944577
-0.993446 -0.109787  0.031797   1.01203
0.0671519  -0.78574   -0.6149   2.32697
        0         0         0         1

0.0903317 -0.607151  0.789435  0.945453
-0.992996 -0.115518 0.0247804   1.02426
0.0761482 -0.786145 -0.613333   2.34355
        0         0         0         1

 0.091935 -0.604678  0.791147  0.940441
-0.991727 -0.127078 0.0181173   1.03766
0.0895819 -0.786267 -0.611358   2.35123
        0         0         0         1

 0.0917808  -0.595857   0.797828   0.933169
 -0.988081  -0.153931 -0.0012964    1.06996
  0.123583    -0.7882  -0.602883    2.36338
         0          0          0          1

  0.085287  -0.595583   0.798754   0.936683
 -0.986649  -0.162118 -0.0155324    1.08419
  0.138743  -0.786765  -0.601458    2.37016
         0          0          0          1

 0.0808687   -0.59962   0.796189   0.940178
  -0.98508  -0.169832 -0.0278481    1.10189
  0.151916  -0.782057  -0.604407    2.37678
         0          0          0          1

0.0869294  -0.59462  0.799294  0.932811
-0.985313 -0.169688 -0.019076   1.10545
 0.146974 -0.785896 -0.600638   2.39477
        0         0         0         1

 0.0871383   -0.59186   0.801317   0.928005
 -0.980988  -0.190994 -0.0343935    1.13605
  0.173403  -0.783086  -0.597251    2.41143
         0          0          0          1

0.0784378 -0.594657  0.800144  0.937463
 -0.97966  -0.19468 -0.048648   1.15268
 0.184701 -0.780053 -0.597832   2.41561
        0         0         0         1

 0.0763467  -0.590471   0.803439   0.932649
 -0.976394  -0.207564 -0.0597628    1.17108
  0.202053  -0.779911   -0.59238     2.4202
         0          0          0          1

  0.069024  -0.595295   0.800537   0.942422
 -0.973988   -0.21382 -0.0750218    1.18739
  0.215831  -0.774535  -0.594569    2.42399
         0          0          0          1

