 0.226233 -0.840342   0.49259  0.754236
-0.973997 -0.201475   0.10362   1.07434
0.0121689 -0.503223 -0.864071    2.1915
        0         0         0         1

 0.246971 -0.814169  0.525485  0.756266
 -0.96888 -0.198155  0.148345   1.01138
-0.0166506 -0.545769  -0.83777   2.16726
        0         0         0         1

 0.246971 -0.814169  0.525485  0.756266
 -0.96888 -0.198155  0.148345   1.01138
-0.0166506 -0.545769  -0.83777   2.16726
        0         0         0         1

 0.256802 -0.802838  0.538056  0.758911
-0.965824 -0.192925  0.173101  0.968516
-0.0351674  -0.56412 -0.824943   2.14789
        0         0         0         1

 0.256802 -0.802838  0.538056  0.758911
-0.965824 -0.192925  0.173101  0.968516
-0.0351674  -0.56412 -0.824943   2.14789
        0         0         0         1

  0.25342 -0.801399  0.541792  0.775076
-0.965291 -0.172918  0.195735   0.92872
-0.0631761  -0.57259 -0.817404   2.13031
        0         0         0         1

  0.25342 -0.801399  0.541792  0.775076
-0.965291 -0.172918  0.195735   0.92872
-0.0631761  -0.57259 -0.817404   2.13031
        0         0         0         1

 0.258939 -0.787027  0.559946  0.791374
-0.961028 -0.151813  0.231035  0.872795
-0.0968235 -0.597948 -0.795666   2.09735
        0         0         0         1

 0.258939 -0.787027  0.559946  0.791374
-0.961028 -0.151813  0.231035  0.872795
-0.0968235 -0.597948 -0.795666   2.09735
        0         0         0         1

 0.267675 -0.773572  0.574402  0.796243
-0.956347 -0.140755  0.256103  0.836114
-0.117264 -0.617879 -0.777479   2.07428
        0         0         0         1

 0.267675 -0.773572  0.574402  0.796243
-0.956347 -0.140755  0.256103  0.836114
-0.117264 -0.617879 -0.777479   2.07428
        0         0         0         1

 0.273258 -0.766183  0.581631  0.809752
-0.949129 -0.116395  0.292586  0.783493
-0.156475 -0.631994 -0.759012   2.04162
        0         0         0         1

 0.273258 -0.766183  0.581631  0.809752
-0.949129 -0.116395  0.292586  0.783493
-0.156475 -0.631994 -0.759012   2.04162
        0         0         0         1

   0.27362  -0.765297   0.582626   0.823915
 -0.944266 -0.0984725    0.31411   0.753232
 -0.183015    -0.6361  -0.749588    2.01501
         0          0          0          1

   0.27362  -0.765297   0.582626   0.823915
 -0.944266 -0.0984725    0.31411   0.753232
 -0.183015    -0.6361  -0.749588    2.01501
         0          0          0          1

  0.278543  -0.761254   0.585582   0.836186
 -0.936642 -0.0804701    0.34092   0.724089
 -0.212405  -0.643442  -0.735436    1.98923
         0          0          0          1

  0.278543  -0.761254   0.585582   0.836186
 -0.936642 -0.0804701    0.34092   0.724089
 -0.212405  -0.643442  -0.735436    1.98923
         0          0          0          1

  0.290948  -0.750097   0.593889   0.851278
 -0.923726 -0.0585806   0.378548   0.683715
 -0.249157  -0.658729  -0.709928    1.94762
         0          0          0          1

  0.290948  -0.750097   0.593889   0.851278
 -0.923726 -0.0585806   0.378548   0.683715
 -0.249157  -0.658729  -0.709928    1.94762
         0          0          0          1

  0.295837  -0.746974   0.595408   0.862196
 -0.915885 -0.0447425   0.398939   0.659603
 -0.271357  -0.663346  -0.697379    1.91973
         0          0          0          1

  0.295837  -0.746974   0.595408   0.862196
 -0.915885 -0.0447425   0.398939   0.659603
 -0.271357  -0.663346  -0.697379    1.91973
         0          0          0          1

  0.297704  -0.752626   0.587305    0.87999
 -0.902616 -0.0215593   0.429906   0.625865
 -0.310897  -0.658095   -0.68575    1.87979
         0          0          0          1

  0.297704  -0.752626   0.587305    0.87999
 -0.902616 -0.0215593   0.429906   0.625865
 -0.310897  -0.658095   -0.68575    1.87979
         0          0          0          1

   0.294846   -0.760544     0.57848    0.892665
  -0.893456 -0.00476181    0.449126    0.606141
  -0.338825   -0.649269   -0.680916     1.85303
          0           0           0           1

   0.294846   -0.760544     0.57848    0.892665
  -0.893456 -0.00476181    0.449126    0.606141
  -0.338825   -0.649269   -0.680916     1.85303
          0           0           0           1

 0.296962 -0.764558  0.572071  0.903224
-0.881895 0.0101351  0.471337  0.587744
-0.366162 -0.644476  -0.67125   1.82544
        0         0         0         1

 0.296962 -0.764558  0.572071  0.903224
-0.881895 0.0101351  0.471337  0.587744
-0.366162 -0.644476  -0.67125   1.82544
        0         0         0         1

  0.30324 -0.764547  0.568783  0.917071
-0.864349  0.030607  0.501959  0.563679
 -0.40118 -0.643841 -0.651554   1.78292
        0         0         0         1

  0.30324 -0.764547  0.568783  0.917071
-0.864349  0.030607  0.501959  0.563679
 -0.40118 -0.643841 -0.651554   1.78292
        0         0         0         1

 0.304193 -0.766661  0.565418  0.926891
-0.854671 0.0424934  0.517428  0.550669
-0.420718 -0.640645 -0.642317   1.75552
        0         0         0         1

 0.304193 -0.766661  0.565418  0.926891
-0.854671 0.0424934  0.517428  0.550669
-0.420718 -0.640645 -0.642317   1.75552
        0         0         0         1

  0.30149 -0.777026  0.552571  0.941119
-0.837938   0.06059  0.542391  0.532694
-0.454932 -0.626546 -0.632832   1.71827
        0         0         0         1

  0.30149 -0.777026  0.552571  0.941119
-0.837938   0.06059  0.542391  0.532694
-0.454932 -0.626546 -0.632832   1.71827
        0         0         0         1

 0.300134 -0.784439  0.542748  0.948541
-0.825703 0.0712524  0.559587  0.522437
-0.477634   -0.6161 -0.626328   1.69431
        0         0         0         1

 0.300134 -0.784439  0.542748  0.948541
-0.825703 0.0712524  0.559587  0.522437
-0.477634   -0.6161 -0.626328   1.69431
        0         0         0         1

 0.295114 -0.791022  0.535902  0.957175
-0.815413 0.0838322  0.572778  0.514843
-0.498006 -0.606017 -0.620269    1.6687
        0         0         0         1

 0.295114 -0.791022  0.535902  0.957175
-0.815413 0.0838322  0.572778  0.514843
-0.498006 -0.606017 -0.620269    1.6687
        0         0         0         1

 0.289472  -0.80015  0.525324  0.967382
-0.795455   0.10417  0.596992   0.50432
-0.532406 -0.590684  -0.60633   1.63382
        0         0         0         1

 0.289472  -0.80015  0.525324  0.967382
-0.795455   0.10417  0.596992   0.50432
-0.532406 -0.590684  -0.60633   1.63382
        0         0         0         1

 0.285363 -0.807659     0.516  0.972187
-0.781918  0.115147  0.612655  0.498551
-0.554231 -0.578298 -0.598664   1.61234
        0         0         0         1

 0.285363 -0.807659     0.516  0.972187
-0.781918  0.115147  0.612655  0.498551
-0.554231 -0.578298 -0.598664   1.61234
        0         0         0         1

 0.272035 -0.819305  0.504714   0.98072
-0.766131  0.132965   0.62878  0.493353
-0.582272 -0.557727 -0.591524   1.58024
        0         0         0         1

 0.272035 -0.819305  0.504714   0.98072
-0.766131  0.132965   0.62878  0.493353
-0.582272 -0.557727 -0.591524   1.58024
        0         0         0         1

 0.264388  -0.82383  0.501402   0.98477
-0.755734  0.146007  0.638394  0.491098
-0.599136  -0.54771 -0.583994   1.55981
        0         0         0         1

 0.264388  -0.82383  0.501402   0.98477
-0.755734  0.146007  0.638394  0.491098
-0.599136  -0.54771 -0.583994   1.55981
        0         0         0         1

 0.256343 -0.825431  0.502942  0.988349
-0.746048  0.161873  0.645917  0.489615
-0.614573 -0.540796 -0.574317   1.54021
        0         0         0         1

 0.256343 -0.825431  0.502942  0.988349
-0.746048  0.161873  0.645917  0.489615
-0.614573 -0.540796 -0.574317   1.54021
        0         0         0         1

 0.246014 -0.823704   0.51087  0.992463
-0.733602  0.186242  0.653561  0.489158
-0.633487 -0.535561 -0.558452   1.51318
        0         0         0         1

 0.246014 -0.823704   0.51087  0.992463
-0.733602  0.186242  0.653561  0.489158
-0.633487 -0.535561 -0.558452   1.51318
        0         0         0         1

 0.239086 -0.821508   0.51765    0.9949
-0.726161  0.202642  0.656983  0.490043
-0.644615 -0.532973 -0.548098   1.49697
        0         0         0         1

 0.239086 -0.821508   0.51765    0.9949
-0.726161  0.202642  0.656983  0.490043
-0.644615 -0.532973 -0.548098   1.49697
        0         0         0         1

  0.23338 -0.815239  0.530018  0.996475
-0.718114  0.223012  0.659225  0.492539
-0.655626 -0.534464 -0.533388   1.47399
        0         0         0         1

  0.23338 -0.815239  0.530018  0.996475
-0.718114  0.223012  0.659225  0.492539
-0.655626 -0.534464 -0.533388   1.47399
        0         0         0         1

 0.229977 -0.810036  0.539399  0.997476
-0.714721  0.235599  0.658534  0.494611
-0.660518 -0.536968 -0.524768   1.46013
        0         0         0         1

 0.229977 -0.810036  0.539399  0.997476
-0.714721  0.235599  0.658534  0.494611
-0.660518 -0.536968 -0.524768   1.46013
        0         0         0         1

 0.228312 -0.804465   0.54837  0.998509
-0.710761  0.247199  0.658567  0.496677
-0.665351 -0.540119 -0.515344   1.44838
        0         0         0         1

 0.228312 -0.804465   0.54837  0.998509
-0.710761  0.247199  0.658567  0.496677
-0.665351 -0.540119 -0.515344   1.44838
        0         0         0         1

 0.225514 -0.798739  0.557816   1.00101
-0.710017  0.257311   0.65549  0.500712
-0.667098 -0.543881 -0.509091     1.431
        0         0         0         1

 0.225514 -0.798739  0.557816   1.00101
-0.710017  0.257311   0.65549  0.500712
-0.667098 -0.543881 -0.509091     1.431
        0         0         0         1

 0.225414 -0.797568  0.559531   1.00168
-0.710711  0.258213  0.654382  0.503167
-0.666392 -0.545172 -0.508635   1.42097
        0         0         0         1

 0.225414 -0.797568  0.559531   1.00168
-0.710711  0.258213  0.654382  0.503167
-0.666392 -0.545172 -0.508635   1.42097
        0         0         0         1

 0.226248 -0.795531  0.562087   1.00261
 -0.71347  0.257516  0.651649   0.50623
-0.663153 -0.548467 -0.509325   1.40851
        0         0         0         1

 0.226248 -0.795531  0.562087   1.00261
 -0.71347  0.257516  0.651649   0.50623
-0.663153 -0.548467 -0.509325   1.40851
        0         0         0         1

 0.224881  -0.79702  0.560525   1.00335
-0.715399  0.255505  0.650324   0.50764
-0.661538 -0.547244 -0.512729   1.40291
        0         0         0         1

 0.224881  -0.79702  0.560525   1.00335
-0.715399  0.255505  0.650324   0.50764
-0.661538 -0.547244 -0.512729   1.40291
        0         0         0         1

 0.221485 -0.799396  0.558489   1.00536
-0.718751  0.253235   0.64751  0.509125
-0.659045 -0.544829 -0.518479   1.39814
        0         0         0         1

 0.221485 -0.799396  0.558489   1.00536
-0.718751  0.253235   0.64751  0.509125
-0.659045 -0.544829 -0.518479   1.39814
        0         0         0         1

 0.219451 -0.803814  0.552924   1.00622
 -0.72264  0.246837   0.64565  0.510325
-0.655464 -0.541253 -0.526699   1.39318
        0         0         0         1

 0.219451 -0.803814  0.552924   1.00622
 -0.72264  0.246837   0.64565  0.510325
-0.655464 -0.541253 -0.526699   1.39318
        0         0         0         1

 0.219754 -0.806692  0.548594    1.0058
-0.726898  0.239648  0.643574  0.510753
-0.650636   -0.5402 -0.533719   1.38947
        0         0         0         1

 0.219754 -0.806692  0.548594    1.0058
-0.726898  0.239648  0.643574  0.510753
-0.650636   -0.5402 -0.533719   1.38947
        0         0         0         1

 0.222309 -0.806496  0.547853   1.00593
-0.729816  0.234942  0.642005  0.510982
-0.646489 -0.542555 -0.536364   1.38686
        0         0         0         1

 0.222309 -0.806496  0.547853   1.00593
-0.729816  0.234942  0.642005  0.510982
-0.646489 -0.542555 -0.536364   1.38686
        0         0         0         1

 0.225301 -0.805712  0.547784   1.00503
-0.731209  0.231732  0.641587  0.510783
-0.643873 -0.545095 -0.536935   1.38509
        0         0         0         1

 0.225301 -0.805712  0.547784   1.00503
-0.731209  0.231732  0.641587  0.510783
-0.643873 -0.545095 -0.536935   1.38509
        0         0         0         1

 0.230011  -0.80537  0.546329     1.004
-0.732534  0.226305  0.642012   0.51065
-0.640694 -0.547874 -0.537908   1.38351
        0         0         0         1

 0.230011  -0.80537  0.546329     1.004
-0.732534  0.226305  0.642012   0.51065
-0.640694 -0.547874 -0.537908   1.38351
        0         0         0         1

 0.234501 -0.807775  0.540841   1.00405
-0.734481  0.217239  0.642919  0.510491
-0.636826 -0.548002 -0.542353   1.38214
        0         0         0         1

 0.234501 -0.807775  0.540841   1.00405
-0.734481  0.217239  0.642919  0.510491
-0.636826 -0.548002 -0.542353   1.38214
        0         0         0         1

   0.2371 -0.810126  0.536171   1.00435
-0.733831  0.212314  0.645302  0.510209
-0.636612 -0.546461 -0.544156   1.38204
        0         0         0         1

   0.2371 -0.810126  0.536171   1.00435
-0.733831  0.212314  0.645302  0.510209
-0.636612 -0.546461 -0.544156   1.38204
        0         0         0         1

 0.237839 -0.814565  0.529072    1.0046
-0.732919  0.206937  0.648079  0.510377
-0.637387 -0.541905 -0.547793   1.38239
        0         0         0         1

 0.237839 -0.814565  0.529072    1.0046
-0.732919  0.206937  0.648079  0.510377
-0.637387 -0.541905 -0.547793   1.38239
        0         0         0         1

 0.236115 -0.815798  0.527943   1.00496
-0.733147  0.207025  0.647793  0.510885
-0.637766 -0.540013 -0.549218   1.38264
        0         0         0         1

 0.236115 -0.815798  0.527943   1.00496
-0.733147  0.207025  0.647793  0.510885
-0.637766 -0.540013 -0.549218   1.38264
        0         0         0         1

 0.236348 -0.816866  0.526184   1.00415
-0.733333  0.205312  0.648128  0.511285
-0.637466 -0.539052  -0.55051   1.38344
        0         0         0         1

 0.236348 -0.816866  0.526184   1.00415
-0.733333  0.205312  0.648128  0.511285
-0.637466 -0.539052  -0.55051   1.38344
        0         0         0         1

 0.233404 -0.818245  0.525355   1.00352
 -0.73478  0.205452  0.646442  0.512601
-0.636883 -0.536903 -0.553277   1.38698
        0         0         0         1

 0.233404 -0.818245  0.525355   1.00352
 -0.73478  0.205452  0.646442  0.512601
-0.636883 -0.536903 -0.553277   1.38698
        0         0         0         1

 0.230184 -0.818472   0.52642   1.00312
-0.737477   0.20623  0.643115  0.514189
-0.634936 -0.536258 -0.556133   1.39152
        0         0         0         1

 0.230184 -0.818472   0.52642   1.00312
-0.737477   0.20623  0.643115  0.514189
-0.634936 -0.536258 -0.556133   1.39152
        0         0         0         1

 0.228203 -0.817503  0.528784   1.00147
-0.740902  0.206545  0.639065    0.5158
-0.631655 -0.537613 -0.558556   1.39714
        0         0         0         1

 0.228203 -0.817503  0.528784   1.00147
-0.740902  0.206545  0.639065    0.5158
-0.631655 -0.537613 -0.558556   1.39714
        0         0         0         1

  0.22772 -0.811826  0.537663   0.99889
-0.749164  0.206651  0.629324  0.519027
 -0.62201 -0.546107 -0.561133   1.40678
        0         0         0         1

  0.22772 -0.811826  0.537663   0.99889
-0.749164  0.206651  0.629324  0.519027
 -0.62201 -0.546107 -0.561133   1.40678
        0         0         0         1

 0.228615 -0.805638  0.546519  0.997339
-0.755479  0.207245  0.621531  0.521573
-0.613992 -0.554975 -0.561263   1.41554
        0         0         0         1

 0.228615 -0.805638  0.546519  0.997339
-0.755479  0.207245  0.621531  0.521573
-0.613992 -0.554975 -0.561263   1.41554
        0         0         0         1

 0.226917 -0.795726  0.561542  0.995534
-0.768253  0.208125  0.605368  0.525676
-0.598578 -0.568775 -0.564092   1.43184
        0         0         0         1

 0.226917 -0.795726  0.561542  0.995534
-0.768253  0.208125  0.605368  0.525676
-0.598578 -0.568775 -0.564092   1.43184
        0         0         0         1

 0.229928 -0.789978   0.56839  0.992147
-0.776167  0.203484  0.596791  0.528035
 -0.58711 -0.578385 -0.566368   1.44574
        0         0         0         1

 0.229928 -0.789978   0.56839  0.992147
-0.776167  0.203484  0.596791  0.528035
 -0.58711 -0.578385 -0.566368   1.44574
        0         0         0         1

 0.231181 -0.785351  0.574264  0.989248
-0.783639  0.199506  0.588309  0.530834
-0.576598 -0.586022  -0.56931   1.46125
        0         0         0         1

 0.231181 -0.785351  0.574264  0.989248
-0.783639  0.199506  0.588309  0.530834
-0.576598 -0.586022  -0.56931   1.46125
        0         0         0         1

 0.232778 -0.777277  0.584512  0.984859
 -0.79633  0.192678  0.573354  0.535438
-0.558277 -0.598928 -0.574118   1.48761
        0         0         0         1

 0.232778 -0.777277  0.584512  0.984859
 -0.79633  0.192678  0.573354  0.535438
-0.558277 -0.598928 -0.574118   1.48761
        0         0         0         1

  0.23487 -0.773681  0.588434  0.980633
-0.805222   0.18423  0.563629   0.53855
-0.544476 -0.606199 -0.579714    1.5073
        0         0         0         1

  0.23487 -0.773681  0.588434  0.980633
-0.805222   0.18423  0.563629   0.53855
-0.544476 -0.606199 -0.579714    1.5073
        0         0         0         1

 0.238199 -0.770762  0.590921  0.973759
-0.817055  0.169898  0.550959   0.54321
-0.525054 -0.614053 -0.589285   1.54117
        0         0         0         1

 0.238199 -0.770762  0.590921  0.973759
-0.817055  0.169898  0.550959   0.54321
-0.525054 -0.614053 -0.589285   1.54117
        0         0         0         1

 0.238878 -0.768827  0.593163  0.969317
-0.825298  0.161136   0.54122  0.547367
-0.511684 -0.618822  -0.59602   1.56539
        0         0         0         1

 0.238878 -0.768827  0.593163  0.969317
-0.825298  0.161136   0.54122  0.547367
-0.511684 -0.618822  -0.59602   1.56539
        0         0         0         1

 0.240686 -0.767048  0.594733  0.964235
-0.833258  0.150935  0.531883  0.552137
-0.497746 -0.623583 -0.602821   1.59102
        0         0         0         1

 0.240686 -0.767048  0.594733  0.964235
-0.833258  0.150935  0.531883  0.552137
-0.497746 -0.623583 -0.602821   1.59102
        0         0         0         1

 0.238196 -0.764408  0.599119  0.957991
-0.846856  0.138546  0.513459  0.561496
-0.475498 -0.629671 -0.614342   1.63148
        0         0         0         1

 0.238196 -0.764408  0.599119  0.957991
-0.846856  0.138546  0.513459  0.561496
-0.475498 -0.629671 -0.614342   1.63148
        0         0         0         1

  0.24255  -0.76182  0.600667   0.94977
-0.854455   0.12546  0.504149   0.56827
 -0.45943 -0.635524  -0.62051   1.66036
        0         0         0         1

  0.24255  -0.76182  0.600667   0.94977
-0.854455   0.12546  0.504149   0.56827
 -0.45943 -0.635524  -0.62051   1.66036
        0         0         0         1

 0.247174 -0.758273  0.603264  0.938635
 -0.86631  0.105961  0.488139  0.581742
-0.434065 -0.643269 -0.630709   1.70533
        0         0         0         1

 0.247174 -0.758273  0.603264  0.938635
 -0.86631  0.105961  0.488139  0.581742
-0.434065 -0.643269 -0.630709   1.70533
        0         0         0         1

 0.245685 -0.758726  0.603303  0.932646
-0.875064 0.0941517  0.474762  0.592663
-0.417016  -0.64457 -0.640802   1.73634
        0         0         0         1

 0.245685 -0.758726  0.603303  0.932646
-0.875064 0.0941517  0.474762  0.592663
-0.417016  -0.64457 -0.640802   1.73634
        0         0         0         1

 0.245431 -0.760487  0.601185  0.921761
-0.888104 0.0722281  0.453931  0.611887
-0.388631 -0.645323 -0.657665   1.78416
        0         0         0         1

 0.245431 -0.760487  0.601185  0.921761
-0.888104 0.0722281  0.453931  0.611887
-0.388631 -0.645323 -0.657665   1.78416
        0         0         0         1

 0.243753 -0.763334  0.598253  0.914642
-0.896124 0.0586214  0.439915  0.626748
-0.370873 -0.643339 -0.669753   1.81797
        0         0         0         1

 0.243753 -0.763334  0.598253  0.914642
-0.896124 0.0586214  0.439915  0.626748
-0.370873 -0.643339 -0.669753   1.81797
        0         0         0         1

 0.244349 -0.764931  0.595965  0.905239
-0.904655 0.0414557  0.424123  0.643687
-0.349131 -0.642777 -0.681869   1.84972
        0         0         0         1

 0.244349 -0.764931  0.595965  0.905239
-0.904655 0.0414557  0.424123  0.643687
-0.349131 -0.642777 -0.681869   1.84972
        0         0         0         1

 0.239611 -0.770244  0.591026  0.895424
-0.915394  0.023597  0.401867  0.670444
-0.323482 -0.637313 -0.699422   1.90093
        0         0         0         1

 0.239611 -0.770244  0.591026  0.895424
-0.915394  0.023597  0.401867  0.670444
-0.323482 -0.637313 -0.699422   1.90093
        0         0         0         1

  0.237015  -0.773401    0.58794   0.886857
 -0.922965 0.00964652   0.384763   0.691881
 -0.303248  -0.633843  -0.711536    1.93209
         0          0          0          1

  0.237015  -0.773401    0.58794   0.886857
 -0.922965 0.00964652   0.384763   0.691881
 -0.303248  -0.633843  -0.711536    1.93209
         0          0          0          1

 0.234072 -0.780918  0.579117   0.87289
-0.931933 -0.010529  0.362478  0.725349
-0.276969 -0.624544 -0.730228   1.97991
        0         0         0         1

 0.234072 -0.780918  0.579117   0.87289
-0.931933 -0.010529  0.362478  0.725349
-0.276969 -0.624544 -0.730228   1.97991
        0         0         0         1

  0.229659  -0.787051   0.572544   0.864749
 -0.937759 -0.0214838   0.346621   0.749487
 -0.260508  -0.616513  -0.742999    2.01207
         0          0          0          1

  0.229659  -0.787051   0.572544   0.864749
 -0.937759 -0.0214838   0.346621   0.749487
 -0.260508  -0.616513  -0.742999    2.01207
         0          0          0          1

  0.224544  -0.792743   0.566691   0.856528
 -0.943581 -0.0316353   0.329628   0.774765
 -0.243383  -0.608734  -0.755121    2.04366
         0          0          0          1

  0.224544  -0.792743   0.566691   0.856528
 -0.943581 -0.0316353   0.329628   0.774765
 -0.243383  -0.608734  -0.755121    2.04366
         0          0          0          1

  0.215009  -0.800179   0.559898   0.845363
 -0.952505 -0.0452215   0.301147    0.81682
 -0.215652  -0.598054  -0.771897    2.08441
         0          0          0          1

  0.215009  -0.800179   0.559898   0.845363
 -0.952505 -0.0452215   0.301147    0.81682
 -0.215652  -0.598054  -0.771897    2.08441
         0          0          0          1

  0.215777  -0.803524   0.554787    0.83028
 -0.956117 -0.0585447   0.287076   0.845684
 -0.198193  -0.592386  -0.780896    2.11078
         0          0          0          1

  0.215777  -0.803524   0.554787    0.83028
 -0.956117 -0.0585447   0.287076   0.845684
 -0.198193  -0.592386  -0.780896    2.11078
         0          0          0          1

  0.209332  -0.810889   0.546479   0.823596
 -0.960799 -0.0666725   0.269109   0.876814
 -0.181782   -0.58139  -0.793058    2.13567
         0          0          0          1

  0.209332  -0.810889   0.546479   0.823596
 -0.960799 -0.0666725   0.269109   0.876814
 -0.181782   -0.58139  -0.793058    2.13567
         0          0          0          1

 0.204522 -0.819043   0.53604  0.808146
-0.965387 -0.078222  0.248816  0.922925
-0.161861 -0.568375 -0.806692   2.17032
        0         0         0         1

 0.204522 -0.819043   0.53604  0.808146
-0.965387 -0.078222  0.248816  0.922925
-0.161861 -0.568375 -0.806692   2.17032
        0         0         0         1

  0.199678  -0.826648   0.526101   0.802376
 -0.968992 -0.0868353   0.231332   0.957103
 -0.145546  -0.555979  -0.818354    2.18841
         0          0          0          1

  0.199678  -0.826648   0.526101   0.802376
 -0.968992 -0.0868353   0.231332   0.957103
 -0.145546  -0.555979  -0.818354    2.18841
         0          0          0          1

   0.19454   -0.83639   0.512451    0.78828
 -0.972849 -0.0977464   0.209785    1.00896
 -0.125372  -0.539349  -0.832697    2.21176
         0          0          0          1

   0.19454   -0.83639   0.512451    0.78828
 -0.972849 -0.0977464   0.209785    1.00896
 -0.125372  -0.539349  -0.832697    2.21176
         0          0          0          1

  0.186602  -0.845499   0.500312   0.784893
 -0.975301 -0.0981657   0.197865     1.0434
 -0.118181  -0.524877  -0.842934     2.2298
         0          0          0          1

  0.186602  -0.845499   0.500312   0.784893
 -0.975301 -0.0981657   0.197865     1.0434
 -0.118181  -0.524877  -0.842934     2.2298
         0          0          0          1

 0.178611  -0.85328  0.489909  0.778164
-0.978373 -0.101226  0.180389   1.08276
-0.104331 -0.511533 -0.852906   2.23927
        0         0         0         1

 0.178611  -0.85328  0.489909  0.778164
-0.978373 -0.101226  0.180389   1.08276
-0.104331 -0.511533 -0.852906   2.23927
        0         0         0         1

 0.171701 -0.858767   0.48274  0.760445
-0.980562 -0.101743  0.167772   1.13166
-0.0949621 -0.502163 -0.859543   2.25782
        0         0         0         1

 0.171701 -0.858767   0.48274  0.760445
-0.980562 -0.101743  0.167772   1.13166
-0.0949621 -0.502163 -0.859543   2.25782
        0         0         0         1

  0.159075   -0.86741   0.471481   0.761825
 -0.982882 -0.0941828   0.158346    1.16574
-0.0929459  -0.488599  -0.867544    2.27233
         0          0          0          1

  0.159075   -0.86741   0.471481   0.761825
 -0.982882 -0.0941828   0.158346    1.16574
-0.0929459  -0.488599  -0.867544    2.27233
         0          0          0          1

  0.146386  -0.874904   0.461642   0.746484
 -0.985966 -0.0911793   0.139846    1.22445
-0.0802598  -0.475635  -0.875974    2.27844
         0          0          0          1

