 0.453154 -0.509736  0.731314   1.06401
-0.875549 -0.408678  0.257674   1.08074
 0.167526 -0.757068 -0.631493   2.00395
        0         0         0         1

 0.453154 -0.509736  0.731314   1.06401
-0.875549 -0.408678  0.257674   1.08074
 0.167526 -0.757068 -0.631493   2.00395
        0         0         0         1

 0.449264 -0.532445  0.717401    1.0843
-0.882045 -0.391963  0.261461    1.0645
 0.141981 -0.750245 -0.645735   1.99575
        0         0         0         1

 0.449264 -0.532445  0.717401    1.0843
-0.882045 -0.391963  0.261461    1.0645
 0.141981 -0.750245 -0.645735   1.99575
        0         0         0         1

  0.44972  -0.55205  0.702135   1.09952
-0.886968 -0.368507   0.27837   1.03625
 0.105068  -0.74796 -0.655375   1.99013
        0         0         0         1

  0.44972  -0.55205  0.702135   1.09952
-0.886968 -0.368507   0.27837   1.03625
 0.105068  -0.74796 -0.655375   1.99013
        0         0         0         1

 0.452578 -0.565178  0.689744    1.1051
-0.887643 -0.359453  0.287894   1.02149
0.0852194 -0.742541 -0.664357   1.97789
        0         0         0         1

 0.452578 -0.565178  0.689744    1.1051
-0.887643 -0.359453  0.287894   1.02149
0.0852194 -0.742541 -0.664357   1.97789
        0         0         0         1

 0.446551 -0.578415  0.682663   1.11896
-0.892691 -0.339834  0.295999   1.00665
0.0607817 -0.741586 -0.668099   1.96667
        0         0         0         1

 0.446551 -0.578415  0.682663   1.11896
-0.892691 -0.339834  0.295999   1.00665
0.0607817 -0.741586 -0.668099   1.96667
        0         0         0         1

 0.435764 -0.593363  0.676779   1.13293
-0.899681 -0.308993  0.308379  0.983277
0.0261391 -0.743266 -0.668486   1.94898
        0         0         0         1

 0.435764 -0.593363  0.676779   1.13293
-0.899681 -0.308993  0.308379  0.983277
0.0261391 -0.743266 -0.668486   1.94898
        0         0         0         1

  0.42809 -0.602058  0.673992   1.14001
-0.903734 -0.286984  0.317656   0.96663
0.00217749 -0.745094 -0.666955   1.93794
        0         0         0         1

  0.42809 -0.602058  0.673992   1.14001
-0.903734 -0.286984  0.317656   0.96663
0.00217749 -0.745094 -0.666955   1.93794
        0         0         0         1

   0.4235 -0.611627  0.668252   1.14373
-0.905595 -0.266801  0.329721  0.951315
-0.0233762 -0.744802 -0.666876   1.92787
        0         0         0         1

   0.4235 -0.611627  0.668252   1.14373
-0.905595 -0.266801  0.329721  0.951315
-0.0233762 -0.744802 -0.666876   1.92787
        0         0         0         1

 0.405349  -0.62893   0.66343   1.15556
-0.912208 -0.230856  0.338499  0.929952
-0.0597358 -0.742396 -0.667293   1.91111
        0         0         0         1

 0.405349  -0.62893   0.66343   1.15556
-0.912208 -0.230856  0.338499  0.929952
-0.0597358 -0.742396 -0.667293   1.91111
        0         0         0         1

 0.395202 -0.643756  0.655281   1.16155
-0.914771 -0.210791  0.344617  0.916139
-0.0837217 -0.735625 -0.672195   1.89723
        0         0         0         1

 0.395202 -0.643756  0.655281   1.16155
-0.914771 -0.210791  0.344617  0.916139
-0.0837217 -0.735625 -0.672195   1.89723
        0         0         0         1

 0.374516 -0.664215  0.646959   1.16921
-0.919658 -0.177163  0.350489  0.894918
-0.118183 -0.726245 -0.677201   1.88121
        0         0         0         1

 0.374516 -0.664215  0.646959   1.16921
-0.919658 -0.177163  0.350489  0.894918
-0.118183 -0.726245 -0.677201   1.88121
        0         0         0         1

 0.361522 -0.680341  0.637525   1.17201
-0.921534 -0.156822  0.355221  0.881297
-0.141694 -0.715921 -0.683652   1.87153
        0         0         0         1

 0.361522 -0.680341  0.637525   1.17201
-0.921534 -0.156822  0.355221  0.881297
-0.141694 -0.715921 -0.683652   1.87153
        0         0         0         1

 0.344798 -0.699003  0.626505    1.1759
-0.924282 -0.136384  0.356513  0.867924
-0.163758 -0.701993 -0.693101   1.86022
        0         0         0         1

 0.344798 -0.699003  0.626505    1.1759
-0.924282 -0.136384  0.356513  0.867924
-0.163758 -0.701993 -0.693101   1.86022
        0         0         0         1

 0.323981 -0.722118  0.611214   1.17936
-0.926194 -0.110384  0.360528  0.850783
-0.192875 -0.682907 -0.704583   1.84099
        0         0         0         1

 0.323981 -0.722118  0.611214   1.17936
-0.926194 -0.110384  0.360528  0.850783
-0.192875 -0.682907 -0.704583   1.84099
        0         0         0         1

  0.306238  -0.737216   0.602271    1.18364
 -0.926804 -0.0864244   0.365465   0.838558
 -0.217375  -0.670107  -0.709722     1.8295
         0          0          0          1

  0.306238  -0.737216   0.602271    1.18364
 -0.926804 -0.0864244   0.365465   0.838558
 -0.217375  -0.670107  -0.709722     1.8295
         0          0          0          1

  0.292024  -0.740903   0.604801    1.18267
 -0.925373 -0.0590897   0.374423   0.822709
 -0.241674  -0.669007  -0.702867    1.80828
         0          0          0          1

  0.292024  -0.740903   0.604801    1.18267
 -0.925373 -0.0590897   0.374423   0.822709
 -0.241674  -0.669007  -0.702867    1.80828
         0          0          0          1

  0.280004  -0.752752   0.595787    1.18716
 -0.922162 -0.0383838   0.384896   0.812527
 -0.266862  -0.657184  -0.704907    1.79521
         0          0          0          1

  0.280004  -0.752752   0.595787    1.18716
 -0.922162 -0.0383838   0.384896   0.812527
 -0.266862  -0.657184  -0.704907    1.79521
         0          0          0          1

  0.272375  -0.759672   0.590517    1.18742
 -0.917988 -0.0212876   0.396035   0.803279
 -0.288286  -0.649958  -0.703169    1.78056
         0          0          0          1

  0.272375  -0.759672   0.590517    1.18742
 -0.917988 -0.0212876   0.396035   0.803279
 -0.288286  -0.649958  -0.703169    1.78056
         0          0          0          1

 0.264324 -0.746106  0.611113    1.1871
-0.912919 0.0107587  0.407999  0.789258
-0.310985  -0.66574  -0.67829   1.76325
        0         0         0         1

 0.264324 -0.746106  0.611113    1.1871
-0.912919 0.0107587  0.407999  0.789258
-0.310985  -0.66574  -0.67829   1.76325
        0         0         0         1

 0.261683 -0.736654  0.623589   1.18704
-0.909504 0.0280084  0.414751  0.780979
-0.322994 -0.675689  -0.66266   1.75047
        0         0         0         1

 0.261683 -0.736654  0.623589   1.18704
-0.909504 0.0280084  0.414751  0.780979
-0.322994 -0.675689  -0.66266   1.75047
        0         0         0         1

 0.257049 -0.730143  0.633101   1.18811
-0.904363 0.0491934   0.42392  0.770609
-0.340667 -0.681521 -0.647669   1.73098
        0         0         0         1

 0.257049 -0.730143  0.633101   1.18811
-0.904363 0.0491934   0.42392  0.770609
-0.340667 -0.681521 -0.647669   1.73098
        0         0         0         1

  0.25183  -0.71543  0.651722   1.18754
-0.905415 0.0636495   0.41973  0.764166
-0.341769 -0.695779 -0.631732   1.71968
        0         0         0         1

  0.25183  -0.71543  0.651722   1.18754
-0.905415 0.0636495   0.41973  0.764166
-0.341769 -0.695779 -0.631732   1.71968
        0         0         0         1

 0.249404 -0.691369   0.67809   1.18622
-0.907041 0.0785074  0.413658  0.758528
-0.339226 -0.718223  -0.60752   1.70747
        0         0         0         1

 0.249404 -0.691369   0.67809   1.18622
-0.907041 0.0785074  0.413658  0.758528
-0.339226 -0.718223  -0.60752   1.70747
        0         0         0         1

 0.252352 -0.671501   0.69671   1.18526
  -0.9035 0.0942536  0.418096  0.749716
-0.346419 -0.734985 -0.582916   1.69341
        0         0         0         1

 0.252352 -0.671501   0.69671   1.18526
  -0.9035 0.0942536  0.418096  0.749716
-0.346419 -0.734985 -0.582916   1.69341
        0         0         0         1

 0.255742 -0.665394  0.701317   1.18523
-0.897901   0.10537  0.427401  0.744429
-0.358288 -0.739018  -0.57051   1.68507
        0         0         0         1

 0.255742 -0.665394  0.701317   1.18523
-0.897901   0.10537  0.427401  0.744429
-0.358288 -0.739018  -0.57051   1.68507
        0         0         0         1

 0.254291 -0.654276  0.712221   1.18585
-0.899538  0.110463  0.422646  0.740567
-0.355201 -0.748145 -0.560457   1.66614
        0         0         0         1

 0.254291 -0.654276  0.712221   1.18585
-0.899538  0.110463  0.422646  0.740567
-0.355201 -0.748145 -0.560457   1.66614
        0         0         0         1

  0.25325 -0.643038  0.722749    1.1851
-0.899807  0.117787  0.420087  0.736852
-0.355262 -0.756722 -0.548781   1.65751
        0         0         0         1

  0.25325 -0.643038  0.722749    1.1851
-0.899807  0.117787  0.420087  0.736852
-0.355262 -0.756722 -0.548781   1.65751
        0         0         0         1

 0.249235  -0.63592  0.730402   1.18344
-0.900138   0.12611  0.416951  0.733325
-0.357258 -0.761382 -0.540984   1.64873
        0         0         0         1

 0.249235  -0.63592  0.730402   1.18344
-0.900138   0.12611  0.416951  0.733325
-0.357258 -0.761382 -0.540984   1.64873
        0         0         0         1

 0.247163 -0.617519  0.746713   1.17832
-0.901326  0.136368  0.411114  0.729234
-0.355699 -0.774644 -0.522881   1.63408
        0         0         0         1

 0.247163 -0.617519  0.746713   1.17832
-0.901326  0.136368  0.411114  0.729234
-0.355699 -0.774644 -0.522881   1.63408
        0         0         0         1

 0.247199 -0.611175  0.751903   1.17733
-0.901711  0.138958    0.4094  0.726163
-0.354698 -0.779202 -0.516753   1.62495
        0         0         0         1

 0.247199 -0.611175  0.751903   1.17733
-0.901711  0.138958    0.4094  0.726163
-0.354698 -0.779202 -0.516753   1.62495
        0         0         0         1

 0.251248 -0.619451  0.743744   1.17686
-0.898812  0.135827   0.41676  0.721259
-0.359182 -0.773196 -0.522643   1.61581
        0         0         0         1

 0.251248 -0.619451  0.743744   1.17686
-0.898812  0.135827   0.41676  0.721259
-0.359182 -0.773196 -0.522643   1.61581
        0         0         0         1

 0.251282 -0.623268  0.740536    1.1772
-0.897624  0.136176  0.419198  0.718536
-0.362116  -0.77006 -0.525242   1.61015
        0         0         0         1

 0.251282 -0.623268  0.740536    1.1772
-0.897624  0.136176  0.419198  0.718536
-0.362116  -0.77006 -0.525242   1.61015
        0         0         0         1

 0.250451 -0.620441  0.743187   1.17498
-0.896863  0.140386  0.419438  0.714993
 -0.36457 -0.771586 -0.521291   1.60692
        0         0         0         1

 0.250451 -0.620441  0.743187   1.17498
-0.896863  0.140386  0.419438  0.714993
 -0.36457 -0.771586 -0.521291   1.60692
        0         0         0         1

 0.247738 -0.607373  0.754801   1.16951
  -0.8976  0.149311  0.414754  0.711281
 -0.36461 -0.780259 -0.508188   1.59854
        0         0         0         1

 0.247738 -0.607373  0.754801   1.16951
  -0.8976  0.149311  0.414754  0.711281
 -0.36461 -0.780259 -0.508188   1.59854
        0         0         0         1

 0.242607 -0.590775  0.769498   1.16854
-0.897879  0.163627  0.408706   0.70866
-0.367364  -0.79007 -0.490747    1.5952
        0         0         0         1

 0.242607 -0.590775  0.769498   1.16854
-0.897879  0.163627  0.408706   0.70866
-0.367364  -0.79007 -0.490747    1.5952
        0         0         0         1

 0.238801 -0.582266  0.777136   1.16337
-0.898019  0.172108  0.404897  0.705349
-0.369509 -0.794573 -0.481786   1.59064
        0         0         0         1

 0.238801 -0.582266  0.777136   1.16337
-0.898019  0.172108  0.404897  0.705349
-0.369509 -0.794573 -0.481786   1.59064
        0         0         0         1

 0.237295 -0.575511  0.782609   1.16187
-0.898893  0.175392  0.401532  0.703367
 -0.36835 -0.798764 -0.475704   1.58945
        0         0         0         1

 0.237295 -0.575511  0.782609   1.16187
-0.898893  0.175392  0.401532  0.703367
 -0.36835 -0.798764 -0.475704   1.58945
        0         0         0         1

 0.239175 -0.574188  0.783009   1.15938
-0.899437  0.172787  0.401445  0.702064
-0.365799 -0.800283 -0.475119   1.58879
        0         0         0         1

 0.239175 -0.574188  0.783009   1.15938
-0.899437  0.172787  0.401445  0.702064
-0.365799 -0.800283 -0.475119   1.58879
        0         0         0         1

 0.239949 -0.578279  0.779755   1.15759
-0.900089  0.168384  0.401854  0.701065
-0.363682 -0.798273 -0.480099   1.58739
        0         0         0         1

 0.239949 -0.578279  0.779755   1.15759
-0.900089  0.168384  0.401854  0.701065
-0.363682 -0.798273 -0.480099   1.58739
        0         0         0         1

 0.243263 -0.578157  0.778818   1.15463
-0.899753  0.165417  0.403835  0.700634
 -0.36231 -0.798981 -0.479959   1.58694
        0         0         0         1

 0.243263 -0.578157  0.778818   1.15463
-0.899753  0.165417  0.403835  0.700634
 -0.36231 -0.798981 -0.479959   1.58694
        0         0         0         1

 0.250075   -0.5731  0.780397   1.15194
-0.899367  0.161034  0.406457  0.700487
-0.358611 -0.803508 -0.475157   1.58974
        0         0         0         1

 0.250075   -0.5731  0.780397   1.15194
-0.899367  0.161034  0.406457  0.700487
-0.358611 -0.803508 -0.475157   1.58974
        0         0         0         1

 0.260362 -0.569345  0.779781   1.14917
 -0.90062  0.147874  0.408678  0.701464
-0.347988  -0.80869 -0.474262   1.59237
        0         0         0         1

 0.260362 -0.569345  0.779781   1.14917
 -0.90062  0.147874  0.408678  0.701464
-0.347988  -0.80869 -0.474262   1.59237
        0         0         0         1

 0.273184 -0.568019  0.776354    1.1458
-0.902489  0.128032  0.411244  0.703455
-0.332993 -0.812996 -0.477654   1.59575
        0         0         0         1

 0.273184 -0.568019  0.776354    1.1458
-0.902489  0.128032  0.411244  0.703455
-0.332993 -0.812996 -0.477654   1.59575
        0         0         0         1

 0.301425 -0.562912  0.769593   1.13992
-0.900953 0.0960755  0.423148  0.707798
-0.312134 -0.820914 -0.478197   1.60415
        0         0         0         1

 0.301425 -0.562912  0.769593   1.13992
-0.900953 0.0960755  0.423148  0.707798
-0.312134 -0.820914 -0.478197   1.60415
        0         0         0         1

 0.321467 -0.554895    0.7673    1.1371
-0.898264 0.0777076  0.432532  0.710551
-0.299635 -0.828283 -0.473462   1.61279
        0         0         0         1

 0.321467 -0.554895    0.7673    1.1371
-0.898264 0.0777076  0.432532  0.710551
-0.299635 -0.828283 -0.473462   1.61279
        0         0         0         1

 0.348801 -0.546189  0.761588   1.12841
-0.896781 0.0415533  0.440519  0.718736
-0.272253 -0.836631 -0.475318   1.62427
        0         0         0         1

 0.348801 -0.546189  0.761588   1.12841
-0.896781 0.0415533  0.440519  0.718736
-0.272253 -0.836631 -0.475318   1.62427
        0         0         0         1

 0.365215 -0.536803  0.760566    1.1209
-0.897363 0.0143887  0.441058  0.726301
-0.247705 -0.843585 -0.476452    1.6319
        0         0         0         1

 0.365215 -0.536803  0.760566    1.1209
-0.897363 0.0143887  0.441058  0.726301
-0.247705 -0.843585 -0.476452    1.6319
        0         0         0         1

   0.37286  -0.526854   0.763807    1.11656
 -0.901469 -0.0106531   0.432713   0.735109
  -0.21984  -0.849889  -0.478915    1.64059
         0          0          0          1

   0.37286  -0.526854   0.763807    1.11656
 -0.901469 -0.0106531   0.432713   0.735109
  -0.21984  -0.849889  -0.478915    1.64059
         0          0          0          1

  0.390882  -0.505061   0.769497    1.10423
 -0.903615 -0.0514437   0.425245   0.750238
 -0.175189  -0.861549  -0.476489    1.66015
         0          0          0          1

  0.390882  -0.505061   0.769497    1.10423
 -0.903615 -0.0514437   0.425245   0.750238
 -0.175189  -0.861549  -0.476489    1.66015
         0          0          0          1

 0.410613  -0.49389  0.766465   1.09613
 -0.90078 -0.089374  0.424979  0.763565
-0.141391 -0.864919 -0.481585   1.67131
        0         0         0         1

 0.410613  -0.49389  0.766465   1.09613
 -0.90078 -0.089374  0.424979  0.763565
-0.141391 -0.864919 -0.481585   1.67131
        0         0         0         1

 0.429872 -0.487431  0.760014   1.08838
-0.896426 -0.129869  0.423738  0.779205
-0.107841 -0.863449 -0.492773   1.68273
        0         0         0         1

 0.429872 -0.487431  0.760014   1.08838
-0.896426 -0.129869  0.423738  0.779205
-0.107841 -0.863449 -0.492773   1.68273
        0         0         0         1

 0.461856 -0.472171  0.750828   1.07211
-0.885067 -0.190145  0.424855  0.806199
-0.057838 -0.860755 -0.505723   1.70345
        0         0         0         1

 0.461856 -0.472171  0.750828   1.07211
-0.885067 -0.190145  0.424855  0.806199
-0.057838 -0.860755 -0.505723   1.70345
        0         0         0         1

 0.474505 -0.462127  0.749188   1.06266
-0.879976 -0.227715  0.416878  0.827165
-0.0220494 -0.857079 -0.514713   1.71713
        0         0         0         1

 0.474505 -0.462127  0.749188   1.06266
-0.879976 -0.227715  0.416878  0.827165
-0.0220494 -0.857079 -0.514713   1.71713
        0         0         0         1

  0.49279 -0.451861  0.743626   1.04551
  -0.8698 -0.279972   0.40628  0.860811
0.0246122 -0.847017 -0.530996   1.74035
        0         0         0         1

  0.49279 -0.451861  0.743626   1.04551
  -0.8698 -0.279972   0.40628  0.860811
0.0246122 -0.847017 -0.530996   1.74035
        0         0         0         1

 0.505566 -0.442935  0.740413   1.02934
-0.860668  -0.31902  0.396832  0.886799
0.0604356 -0.837875 -0.542506   1.75376
        0         0         0         1

 0.505566 -0.442935  0.740413   1.02934
-0.860668  -0.31902  0.396832  0.886799
0.0604356 -0.837875 -0.542506   1.75376
        0         0         0         1

 0.512156  -0.43854  0.738498   1.01857
-0.853182 -0.358743   0.37866  0.916893
0.0988735 -0.824006 -0.557887   1.76254
        0         0         0         1

 0.512156  -0.43854  0.738498   1.01857
-0.853182 -0.358743   0.37866  0.916893
0.0988735 -0.824006 -0.557887   1.76254
        0         0         0         1

 0.521579 -0.430283  0.736758   1.00063
-0.840851 -0.405637  0.358369  0.961671
 0.144656 -0.806422 -0.573375   1.77894
        0         0         0         1

 0.521579 -0.430283  0.736758   1.00063
-0.840851 -0.405637  0.358369  0.961671
 0.144656 -0.806422 -0.573375   1.77894
        0         0         0         1

 0.522239 -0.426029  0.738759  0.986844
-0.835929 -0.427188  0.344578   0.99115
 0.168789 -0.797502 -0.579224   1.79551
        0         0         0         1

 0.522239 -0.426029  0.738759  0.986844
-0.835929 -0.427188  0.344578   0.99115
 0.168789 -0.797502 -0.579224   1.79551
        0         0         0         1

 0.520035 -0.426786  0.739876  0.966604
-0.828326 -0.463355  0.314925   1.04016
  0.20842 -0.776631 -0.594479   1.80974
        0         0         0         1

 0.520035 -0.426786  0.739876  0.966604
-0.828326 -0.463355  0.314925   1.04016
  0.20842 -0.776631 -0.594479   1.80974
        0         0         0         1

 0.509269 -0.431543  0.744591  0.954679
-0.825584 -0.489284   0.28109   1.07498
 0.243014 -0.757873 -0.605452   1.81349
        0         0         0         1

 0.509269 -0.431543  0.744591  0.954679
-0.825584 -0.489284   0.28109   1.07498
 0.243014 -0.757873 -0.605452   1.81349
        0         0         0         1

 0.483627 -0.436444  0.758697   0.93445
-0.825613 -0.515296  0.229855   1.12374
 0.290635 -0.737554 -0.609545   1.82214
        0         0         0         1

 0.483627 -0.436444  0.758697   0.93445
-0.825613 -0.515296  0.229855   1.12374
 0.290635 -0.737554 -0.609545   1.82214
        0         0         0         1

  0.45945 -0.434463  0.774692  0.921654
-0.825552 -0.530657   0.19201   1.15616
 0.327675 -0.727767 -0.602482   1.82563
        0         0         0         1

  0.45945 -0.434463  0.774692  0.921654
-0.825552 -0.530657   0.19201   1.15616
 0.327675 -0.727767 -0.602482   1.82563
        0         0         0         1

 0.442969 -0.409413  0.797596  0.897763
-0.818964 -0.546774  0.174173    1.1863
 0.364796 -0.730356 -0.577498   1.82873
        0         0         0         1

 0.442969 -0.409413  0.797596  0.897763
-0.818964 -0.546774  0.174173    1.1863
 0.364796 -0.730356 -0.577498   1.82873
        0         0         0         1

