 0.476745 -0.704123  0.526237  0.773011
-0.816755 -0.133485  0.561332   1.05979
-0.325002 -0.697419 -0.638734   1.88957
        0         0         0         1

 0.473517 -0.696884   0.53864  0.773031
-0.813623 -0.111861  0.570531   1.01078
-0.337341 -0.708406 -0.619969   1.86968
        0         0         0         1

 0.473517 -0.696884   0.53864  0.773031
-0.813623 -0.111861  0.570531   1.01078
-0.337341 -0.708406 -0.619969   1.86968
        0         0         0         1

  0.472354  -0.693599   0.543877   0.769819
 -0.809348 -0.0969528   0.579272   0.976578
 -0.349052  -0.713807  -0.607159    1.86175
         0          0          0          1

  0.472354  -0.693599   0.543877   0.769819
 -0.809348 -0.0969528   0.579272   0.976578
 -0.349052  -0.713807  -0.607159    1.86175
         0          0          0          1

   0.46077  -0.695572   0.551245   0.778063
 -0.804264 -0.0645959   0.590752   0.930301
 -0.375302  -0.715547  -0.589187    1.84683
         0          0          0          1

   0.46077  -0.695572   0.551245   0.778063
 -0.804264 -0.0645959   0.590752   0.930301
 -0.375302  -0.715547  -0.589187    1.84683
         0          0          0          1

  0.456143  -0.695278   0.555448   0.777733
 -0.799065 -0.0452714   0.599538   0.899571
 -0.391699  -0.717314  -0.576222    1.83415
         0          0          0          1

  0.456143  -0.695278   0.555448   0.777733
 -0.799065 -0.0452714   0.599538   0.899571
 -0.391699  -0.717314  -0.576222    1.83415
         0          0          0          1

  0.448751  -0.693802    0.56326   0.779528
 -0.801221 -0.0331952   0.597447   0.873099
 -0.395812    -0.7194  -0.570785    1.81449
         0          0          0          1

  0.448751  -0.693802    0.56326   0.779528
 -0.801221 -0.0331952   0.597447   0.873099
 -0.395812    -0.7194  -0.570785    1.81449
         0          0          0          1

  0.441089   -0.69735   0.564927   0.780442
 -0.791716 -0.0059165    0.61086   0.828448
 -0.422641  -0.716706  -0.554713    1.79763
         0          0          0          1

  0.441089   -0.69735   0.564927   0.780442
 -0.791716 -0.0059165    0.61086   0.828448
 -0.422641  -0.716706  -0.554713    1.79763
         0          0          0          1

 0.435267 -0.698097  0.568509  0.782152
-0.786704 0.0121232  0.617211  0.802379
-0.437765   -0.7159 -0.543919   1.78309
        0         0         0         1

 0.435267 -0.698097  0.568509  0.782152
-0.786704 0.0121232  0.617211  0.802379
-0.437765   -0.7159 -0.543919   1.78309
        0         0         0         1

 0.426244 -0.697705  0.575781  0.785231
-0.779875 0.0391018  0.624713  0.766742
 -0.45838 -0.715318 -0.527455   1.75952
        0         0         0         1

 0.426244 -0.697705  0.575781  0.785231
-0.779875 0.0391018  0.624713  0.766742
 -0.45838 -0.715318 -0.527455   1.75952
        0         0         0         1

 0.424577 -0.691919  0.583938   0.78374
-0.776453 0.0534632  0.627903  0.743771
-0.465677 -0.719993 -0.514543   1.74272
        0         0         0         1

 0.424577 -0.691919  0.583938   0.78374
-0.776453 0.0534632  0.627903  0.743771
-0.465677 -0.719993 -0.514543   1.74272
        0         0         0         1

 0.416399 -0.694336   0.58695  0.784108
-0.772607 0.0700759  0.631005  0.721282
-0.479261 -0.716231 -0.507269      1.73
        0         0         0         1

 0.416399 -0.694336   0.58695  0.784108
-0.772607 0.0700759  0.631005  0.721282
-0.479261 -0.716231 -0.507269      1.73
        0         0         0         1

 0.399871  -0.69366  0.599115  0.787939
-0.774734 0.0934966  0.625336  0.692658
-0.489786 -0.714209 -0.500015   1.70678
        0         0         0         1

 0.399871  -0.69366  0.599115  0.787939
-0.774734 0.0934966  0.625336  0.692658
-0.489786 -0.714209 -0.500015   1.70678
        0         0         0         1

 0.392466 -0.691964  0.605935  0.786624
-0.774037  0.107377  0.623968  0.674052
-0.496827 -0.713902 -0.493464   1.69244
        0         0         0         1

 0.392466 -0.691964  0.605935  0.786624
-0.774037  0.107377  0.623968  0.674052
-0.496827 -0.713902 -0.493464   1.69244
        0         0         0         1

 0.382426 -0.690527   0.61394  0.783774
-0.769173  0.130254  0.625625  0.647842
-0.511979 -0.711482 -0.481323   1.67147
        0         0         0         1

 0.382426 -0.690527   0.61394  0.783774
-0.769173  0.130254  0.625625  0.647842
-0.511979 -0.711482 -0.481323   1.67147
        0         0         0         1

 0.372092 -0.691391  0.619295  0.784486
-0.767572  0.145952  0.624124  0.632563
-0.521901 -0.707585 -0.476385   1.65619
        0         0         0         1

 0.372092 -0.691391  0.619295  0.784486
-0.767572  0.145952  0.624124  0.632563
-0.521901 -0.707585 -0.476385   1.65619
        0         0         0         1

 0.361692 -0.693613  0.622961  0.784571
-0.766471  0.159176  0.622242  0.618796
-0.530755 -0.702541 -0.474062   1.64202
        0         0         0         1

 0.361692 -0.693613  0.622961  0.784571
-0.766471  0.159176  0.622242  0.618796
-0.530755 -0.702541 -0.474062   1.64202
        0         0         0         1

 0.343442 -0.697178  0.629278  0.785592
-0.767719  0.177543  0.615699  0.601119
-0.540976 -0.694565 -0.474261   1.61927
        0         0         0         1

 0.343442 -0.697178  0.629278  0.785592
-0.767719  0.177543  0.615699  0.601119
-0.540976 -0.694565 -0.474261   1.61927
        0         0         0         1

 0.334291 -0.700069  0.630994  0.784572
-0.763967  0.190784  0.616406  0.588612
 -0.55191 -0.688117 -0.471052   1.60637
        0         0         0         1

 0.334291 -0.700069  0.630994  0.784572
-0.763967  0.190784  0.616406  0.588612
 -0.55191 -0.688117 -0.471052   1.60637
        0         0         0         1

 0.321567 -0.700833  0.636732  0.782979
 -0.75991  0.210177  0.615111  0.572843
-0.564917 -0.681659 -0.464984   1.58543
        0         0         0         1

 0.321567 -0.700833  0.636732  0.782979
 -0.75991  0.210177  0.615111  0.572843
-0.564917 -0.681659 -0.464984   1.58543
        0         0         0         1

 0.312085  -0.69992  0.642429  0.783113
 -0.75836  0.223786  0.612217  0.564534
-0.572269 -0.678256 -0.460951   1.57052
        0         0         0         1

 0.312085  -0.69992  0.642429  0.783113
 -0.75836  0.223786  0.612217  0.564534
-0.572269 -0.678256 -0.460951   1.57052
        0         0         0         1

 0.302229 -0.699052  0.648062  0.783477
-0.756097  0.238213  0.609567  0.557095
-0.580496 -0.674226 -0.456556   1.55715
        0         0         0         1

 0.302229 -0.699052  0.648062  0.783477
-0.756097  0.238213  0.609567  0.557095
-0.580496 -0.674226 -0.456556   1.55715
        0         0         0         1

 0.290543 -0.699585  0.652813  0.781646
-0.752313  0.254569  0.607634  0.546953
-0.591278 -0.667664 -0.452344   1.53657
        0         0         0         1

 0.290543 -0.699585  0.652813  0.781646
-0.752313  0.254569  0.607634  0.546953
-0.591278 -0.667664 -0.452344   1.53657
        0         0         0         1

 0.282266 -0.701812  0.654053    0.7814
-0.748619  0.265205  0.607648  0.541636
-0.599912 -0.661155 -0.450532   1.52363
        0         0         0         1

 0.282266 -0.701812  0.654053    0.7814
-0.748619  0.265205  0.607648  0.541636
-0.599912 -0.661155 -0.450532   1.52363
        0         0         0         1

 0.269889 -0.706019   0.65475   0.78192
-0.743414  0.279375  0.607688  0.535816
 -0.61196 -0.650758 -0.449464   1.50492
        0         0         0         1

 0.269889 -0.706019   0.65475   0.78192
-0.743414  0.279375  0.607688  0.535816
 -0.61196 -0.650758 -0.449464   1.50492
        0         0         0         1

    0.266 -0.707573  0.654663  0.780877
-0.738053  0.287376  0.610485  0.532162
-0.620098 -0.645565 -0.445784   1.49323
        0         0         0         1

    0.266 -0.707573  0.654663  0.780877
-0.738053  0.287376  0.610485  0.532162
-0.620098 -0.645565 -0.445784   1.49323
        0         0         0         1

 0.262296   -0.7088   0.65483   0.77987
-0.732726  0.295287  0.613122  0.528737
-0.627944 -0.640631 -0.441904   1.48296
        0         0         0         1

 0.262296   -0.7088   0.65483   0.77987
-0.732726  0.295287  0.613122  0.528737
-0.627944 -0.640631 -0.441904   1.48296
        0         0         0         1

 0.254936  -0.70784  0.658764  0.779953
-0.727794  0.308092  0.612695  0.525496
 -0.63665 -0.635643 -0.436618   1.46782
        0         0         0         1

 0.254936  -0.70784  0.658764  0.779953
-0.727794  0.308092  0.612695  0.525496
 -0.63665 -0.635643 -0.436618   1.46782
        0         0         0         1

 0.250777 -0.706496  0.661797  0.779865
-0.725531  0.315418   0.61165  0.524229
-0.640871 -0.633542 -0.433485   1.45833
        0         0         0         1

 0.250777 -0.706496  0.661797  0.779865
-0.725531  0.315418   0.61165  0.524229
-0.640871 -0.633542 -0.433485   1.45833
        0         0         0         1

 0.245823 -0.706368  0.663788  0.778858
-0.722597  0.322903  0.611218  0.522465
-0.646084 -0.629903 -0.431043   1.44543
        0         0         0         1

 0.245823 -0.706368  0.663788  0.778858
-0.722597  0.322903  0.611218  0.522465
-0.646084 -0.629903 -0.431043   1.44543
        0         0         0         1

  0.24253 -0.707415  0.663885  0.778075
-0.720532  0.326883   0.61154  0.521595
-0.649625 -0.626667 -0.430436   1.43789
        0         0         0         1

  0.24253 -0.707415  0.663885  0.778075
-0.720532  0.326883   0.61154  0.521595
-0.649625 -0.626667 -0.430436   1.43789
        0         0         0         1

 0.238477 -0.708307  0.664402   0.77781
-0.719121  0.330997  0.610987  0.520723
-0.652682 -0.623492 -0.430423   1.43118
        0         0         0         1

 0.238477 -0.708307  0.664402   0.77781
-0.719121  0.330997  0.610987  0.520723
-0.652682 -0.623492 -0.430423   1.43118
        0         0         0         1

 0.233642 -0.708831   0.66556  0.777594
-0.718603   0.33523  0.609287  0.520222
-0.654997 -0.620628 -0.431045   1.42159
        0         0         0         1

 0.233642 -0.708831   0.66556  0.777594
-0.718603   0.33523  0.609287  0.520222
-0.654997 -0.620628 -0.431045   1.42159
        0         0         0         1

  0.23098 -0.709413   0.66587  0.777441
-0.717785  0.337772  0.608848  0.519985
-0.656836 -0.618582 -0.431187    1.4167
        0         0         0         1

  0.23098 -0.709413   0.66587  0.777441
-0.717785  0.337772  0.608848  0.519985
-0.656836 -0.618582 -0.431187    1.4167
        0         0         0         1

 0.228852 -0.709673  0.666326  0.775534
-0.716359  0.340697  0.608897  0.518942
-0.659133 -0.616676 -0.430411   1.41003
        0         0         0         1

 0.228852 -0.709673  0.666326  0.775534
-0.716359  0.340697  0.608897  0.518942
-0.659133 -0.616676 -0.430411   1.41003
        0         0         0         1

 0.226998 -0.709926  0.666691  0.775712
-0.715567  0.342786  0.608655  0.518606
-0.660632 -0.615226 -0.430189   1.40699
        0         0         0         1

 0.226998 -0.709926  0.666691  0.775712
-0.715567  0.342786  0.608655  0.518606
-0.660632 -0.615226 -0.430189   1.40699
        0         0         0         1

 0.224676 -0.709691  0.667727  0.775559
-0.716239  0.344343  0.606984  0.518751
-0.660698 -0.614627 -0.430943   1.40305
        0         0         0         1

 0.224676 -0.709691  0.667727  0.775559
-0.716239  0.344343  0.606984  0.518751
-0.660698 -0.614627 -0.430943   1.40305
        0         0         0         1

 0.222036 -0.708365  0.670014  0.775829
-0.717375  0.346711  0.604288   0.51913
-0.660358 -0.614825 -0.431181   1.39767
        0         0         0         1

 0.222036 -0.708365  0.670014  0.775829
-0.717375  0.346711  0.604288   0.51913
-0.660358 -0.614825 -0.431181   1.39767
        0         0         0         1

 0.221474 -0.707558  0.671052  0.775584
-0.718188  0.347153  0.603068   0.51905
-0.659663 -0.615505 -0.431274   1.39506
        0         0         0         1

 0.221474 -0.707558  0.671052  0.775584
-0.718188  0.347153  0.603068   0.51905
-0.659663 -0.615505 -0.431274   1.39506
        0         0         0         1

 0.219964 -0.707463  0.671648  0.775155
-0.718604  0.348113  0.602018  0.518937
-0.659715 -0.615072 -0.431813   1.39306
        0         0         0         1

 0.219964 -0.707463  0.671648  0.775155
-0.718604  0.348113  0.602018  0.518937
-0.659715 -0.615072 -0.431813   1.39306
        0         0         0         1

 0.216655 -0.708059  0.672096  0.775573
-0.719317  0.349672   0.60026  0.518927
-0.660033   -0.6135  -0.43356   1.39002
        0         0         0         1

 0.216655 -0.708059  0.672096  0.775573
-0.719317  0.349672   0.60026  0.518927
-0.660033   -0.6135  -0.43356   1.39002
        0         0         0         1

 0.214071 -0.707604  0.673402  0.776175
-0.719905   0.35167  0.598386  0.519244
-0.660236 -0.612882 -0.434125   1.38756
        0         0         0         1

 0.214071 -0.707604  0.673402  0.776175
-0.719905   0.35167  0.598386  0.519244
-0.660236 -0.612882 -0.434125   1.38756
        0         0         0         1

 0.214041 -0.704823  0.676322  0.776554
-0.719883  0.354178  0.596931  0.519127
-0.660268  -0.61464 -0.431582   1.38387
        0         0         0         1

 0.214041 -0.704823  0.676322  0.776554
-0.719883  0.354178  0.596931  0.519127
-0.660268  -0.61464 -0.431582   1.38387
        0         0         0         1

 0.210022 -0.705582  0.676791  0.777999
-0.720318  0.356394  0.595084  0.519138
-0.661084 -0.612485 -0.433393   1.38318
        0         0         0         1

 0.210022 -0.705582  0.676791  0.777999
-0.720318  0.356394  0.595084  0.519138
-0.661084 -0.612485 -0.433393   1.38318
        0         0         0         1

 0.208235  -0.70579  0.677125  0.777941
-0.719971  0.357984   0.59455  0.518648
-0.662027 -0.611317 -0.433604   1.38281
        0         0         0         1

 0.208235  -0.70579  0.677125  0.777941
-0.719971  0.357984   0.59455  0.518648
-0.662027 -0.611317 -0.433604   1.38281
        0         0         0         1

 0.206082 -0.706405  0.677143  0.779148
-0.724027  0.355434  0.591144  0.518946
-0.658266 -0.612094 -0.438208   1.37916
        0         0         0         1

 0.206082 -0.706405  0.677143  0.779148
-0.724027  0.355434  0.591144  0.518946
-0.658266 -0.612094 -0.438208   1.37916
        0         0         0         1

 0.205237 -0.702303  0.681651  0.780012
 -0.72492  0.358844  0.587982  0.518716
-0.657548 -0.614818 -0.435465   1.37922
        0         0         0         1

 0.205237 -0.702303  0.681651  0.780012
 -0.72492  0.358844  0.587982  0.518716
-0.657548 -0.614818 -0.435465   1.37922
        0         0         0         1

 0.202569 -0.693456  0.691437  0.781291
-0.728067  0.365544  0.579911  0.518524
-0.654893 -0.620884 -0.430834   1.37877
        0         0         0         1

 0.202569 -0.693456  0.691437  0.781291
-0.728067  0.365544  0.579911  0.518524
-0.654893 -0.620884 -0.430834   1.37877
        0         0         0         1

  0.20024 -0.691765  0.693805  0.781953
 -0.72915  0.367773  0.577133  0.518296
-0.654403 -0.621453 -0.430758    1.3793
        0         0         0         1

  0.20024 -0.691765  0.693805  0.781953
 -0.72915  0.367773  0.577133  0.518296
-0.654403 -0.621453 -0.430758    1.3793
        0         0         0         1

 0.198695 -0.689238  0.696757  0.782691
-0.729458   0.37079  0.574809  0.518558
-0.654531 -0.622467 -0.429096   1.37961
        0         0         0         1

 0.198695 -0.689238  0.696757  0.782691
-0.729458   0.37079  0.574809  0.518558
-0.654531 -0.622467 -0.429096   1.37961
        0         0         0         1

  0.19623 -0.685652  0.700982  0.783356
 -0.72826  0.376794  0.572419   0.51872
-0.656606 -0.622823 -0.425395   1.38028
        0         0         0         1

  0.19623 -0.685652  0.700982  0.783356
 -0.72826  0.376794  0.572419   0.51872
-0.656606 -0.622823 -0.425395   1.38028
        0         0         0         1

 0.189863 -0.686697  0.701712  0.785043
-0.728016  0.381068  0.569894  0.519107
-0.658745 -0.619059 -0.427575   1.38187
        0         0         0         1

 0.189863 -0.686697  0.701712  0.785043
-0.728016  0.381068  0.569894  0.519107
-0.658745 -0.619059 -0.427575   1.38187
        0         0         0         1

  0.18327 -0.689876  0.700345  0.786025
-0.726134  0.385234  0.569495  0.519246
-0.662678 -0.612915  -0.43034   1.38529
        0         0         0         1

  0.18327 -0.689876  0.700345  0.786025
-0.726134  0.385234  0.569495  0.519246
-0.662678 -0.612915  -0.43034   1.38529
        0         0         0         1

 0.177866 -0.694954  0.696709  0.786361
-0.725085  0.386104  0.570242  0.519885
-0.665294   -0.6066 -0.435225   1.38766
        0         0         0         1

 0.177866 -0.694954  0.696709  0.786361
-0.725085  0.386104  0.570242  0.519885
-0.665294   -0.6066 -0.435225   1.38766
        0         0         0         1

 0.170488 -0.701577  0.691899  0.788167
-0.721235  0.389585  0.572751  0.521296
-0.671382 -0.596669 -0.439583   1.39123
        0         0         0         1

 0.170488 -0.701577  0.691899  0.788167
-0.721235  0.389585  0.572751  0.521296
-0.671382 -0.596669 -0.439583   1.39123
        0         0         0         1

 0.168171 -0.707187  0.686735  0.788871
-0.710316  0.396108   0.58185  0.523665
-0.683498 -0.585649 -0.435712   1.39845
        0         0         0         1

 0.168171 -0.707187  0.686735  0.788871
-0.710316  0.396108   0.58185  0.523665
-0.683498 -0.585649 -0.435712   1.39845
        0         0         0         1

 0.168181  -0.70997  0.683855  0.789343
-0.703594  0.399429  0.587718  0.526235
-0.690413 -0.579999 -0.432354   1.40592
        0         0         0         1

 0.168181  -0.70997  0.683855  0.789343
-0.703594  0.399429  0.587718  0.526235
-0.690413 -0.579999 -0.432354   1.40592
        0         0         0         1

 0.168723 -0.710095  0.683592  0.790423
-0.705679  0.397172  0.586746  0.531922
-0.688149 -0.581394 -0.434087   1.41888
        0         0         0         1

 0.168723 -0.710095  0.683592  0.790423
-0.705679  0.397172  0.586746  0.531922
-0.688149 -0.581394 -0.434087   1.41888
        0         0         0         1

 0.171419 -0.707451  0.685659  0.789568
-0.713595  0.390685  0.581505  0.535933
-0.679263 -0.588964 -0.437863   1.42908
        0         0         0         1

 0.171419 -0.707451  0.685659  0.789568
-0.713595  0.390685  0.581505  0.535933
-0.679263 -0.588964 -0.437863   1.42908
        0         0         0         1

 0.172698  -0.70482  0.688044  0.789115
-0.721989  0.384583  0.575177  0.540156
-0.670006 -0.596092 -0.442455   1.44319
        0         0         0         1

 0.172698  -0.70482  0.688044  0.789115
-0.721989  0.384583  0.575177  0.540156
-0.670006 -0.596092 -0.442455   1.44319
        0         0         0         1

 0.174433 -0.699132  0.693389   0.78901
-0.742285  0.369325  0.559118  0.547547
-0.646983 -0.612221 -0.454532   1.46544
        0         0         0         1

 0.174433 -0.699132  0.693389   0.78901
-0.742285  0.369325  0.559118  0.547547
-0.646983 -0.612221 -0.454532   1.46544
        0         0         0         1

 0.174122 -0.698762  0.693839  0.789788
-0.752504  0.360052  0.551452   0.55361
-0.635152 -0.618137 -0.463129   1.48306
        0         0         0         1

 0.174122 -0.698762  0.693839  0.789788
-0.752504  0.360052  0.551452   0.55361
-0.635152 -0.618137 -0.463129   1.48306
        0         0         0         1

 0.181585 -0.700556  0.690108  0.789073
-0.765328  0.339992  0.546516  0.563728
-0.617496 -0.627397 -0.474417   1.50954
        0         0         0         1

 0.181585 -0.700556  0.690108  0.789073
-0.765328  0.339992  0.546516  0.563728
-0.617496 -0.627397 -0.474417   1.50954
        0         0         0         1

 0.188705 -0.701931  0.686792   0.78797
-0.771781  0.326446  0.545699   0.57119
-0.607244 -0.633029 -0.480135   1.52976
        0         0         0         1

 0.188705 -0.701931  0.686792   0.78797
-0.771781  0.326446  0.545699   0.57119
-0.607244 -0.633029 -0.480135   1.52976
        0         0         0         1

 0.196677 -0.703275   0.68317   0.78546
-0.779652  0.310327  0.543912  0.578858
-0.594526  -0.63961 -0.487276   1.55124
        0         0         0         1

 0.196677 -0.703275   0.68317   0.78546
-0.779652  0.310327  0.543912  0.578858
-0.594526  -0.63961 -0.487276   1.55124
        0         0         0         1

 0.204045 -0.698231  0.686177  0.784346
-0.798032  0.287343  0.529697  0.594887
-0.567019 -0.655673  -0.49858   1.58558
        0         0         0         1

 0.204045 -0.698231  0.686177  0.784346
-0.798032  0.287343  0.529697  0.594887
-0.567019 -0.655673  -0.49858   1.58558
        0         0         0         1

 0.214336 -0.689222  0.692123  0.780792
-0.812123   0.26795  0.518324  0.606171
-0.542694 -0.673184 -0.502301   1.60993
        0         0         0         1

 0.214336 -0.689222  0.692123  0.780792
-0.812123   0.26795  0.518324  0.606171
-0.542694 -0.673184 -0.502301   1.60993
        0         0         0         1

 0.228939 -0.668209  0.707872  0.775356
-0.833865  0.240576  0.496783  0.625128
-0.502252 -0.704003 -0.502119   1.64843
        0         0         0         1

 0.228939 -0.668209  0.707872  0.775356
-0.833865  0.240576  0.496783  0.625128
-0.502252 -0.704003 -0.502119   1.64843
        0         0         0         1

 0.239618 -0.655424  0.716241  0.772904
-0.843779  0.224323  0.487562  0.638965
 -0.48023 -0.721178 -0.499281   1.67828
        0         0         0         1

 0.239618 -0.655424  0.716241  0.772904
-0.843779  0.224323  0.487562  0.638965
 -0.48023 -0.721178 -0.499281   1.67828
        0         0         0         1

 0.254267 -0.642947  0.722473  0.769551
-0.851594  0.205236  0.482354   0.65458
-0.458406   -0.7379 -0.495345   1.70842
        0         0         0         1

 0.254267 -0.642947  0.722473  0.769551
-0.851594  0.205236  0.482354   0.65458
-0.458406   -0.7379 -0.495345   1.70842
        0         0         0         1

 0.282297 -0.627958  0.725242  0.762341
-0.861521  0.166612  0.479606  0.682706
-0.422007 -0.760203 -0.493965   1.75094
        0         0         0         1

 0.282297 -0.627958  0.725242  0.762341
-0.861521  0.166612  0.479606  0.682706
-0.422007 -0.760203 -0.493965   1.75094
        0         0         0         1

 0.302496 -0.623277  0.721126  0.758098
-0.863586  0.140967  0.484094  0.703381
 -0.40338 -0.769191 -0.495611   1.78298
        0         0         0         1

 0.302496 -0.623277  0.721126  0.758098
-0.863586  0.140967  0.484094  0.703381
 -0.40338 -0.769191 -0.495611   1.78298
        0         0         0         1

 0.333257 -0.612218  0.717028  0.750834
-0.871101 0.0910332  0.482593   0.73739
-0.360726 -0.785431 -0.502966   1.82916
        0         0         0         1

 0.333257 -0.612218  0.717028  0.750834
-0.871101 0.0910332  0.482593   0.73739
-0.360726 -0.785431 -0.502966   1.82916
        0         0         0         1

 0.348872 -0.610637  0.710922   0.75128
-0.875716 0.0577664  0.479359  0.764383
-0.333782 -0.789801 -0.514591   1.86038
        0         0         0         1

 0.348872 -0.610637  0.710922   0.75128
-0.875716 0.0577664  0.479359  0.764383
-0.333782 -0.789801 -0.514591   1.86038
        0         0         0         1

  0.37161 -0.603571  0.705414  0.747206
-0.877408 0.0200006  0.479328  0.792499
-0.303417 -0.797059 -0.522145   1.88971
        0         0         0         1

  0.37161 -0.603571  0.705414  0.747206
-0.877408 0.0200006  0.479328  0.792499
-0.303417 -0.797059 -0.522145   1.88971
        0         0         0         1

  0.406086  -0.591803   0.696321   0.742716
   -0.8775 -0.0397994   0.477922   0.839792
 -0.255123  -0.805099  -0.535469    1.93001
         0          0          0          1

  0.406086  -0.591803   0.696321   0.742716
   -0.8775 -0.0397994   0.477922   0.839792
 -0.255123  -0.805099  -0.535469    1.93001
         0          0          0          1

 0.424235 -0.593607  0.683853  0.741925
-0.875447 -0.075745  0.477343  0.870192
-0.231555 -0.801183 -0.551805   1.95989
        0         0         0         1

 0.424235 -0.593607  0.683853  0.741925
-0.875447 -0.075745  0.477343  0.870192
-0.231555 -0.801183 -0.551805   1.95989
        0         0         0         1

 0.439556 -0.600187  0.668256  0.741279
-0.879338 -0.135812  0.456421  0.922813
-0.183181 -0.788245 -0.587464    1.9961
        0         0         0         1

 0.439556 -0.600187  0.668256  0.741279
-0.879338 -0.135812  0.456421  0.922813
-0.183181 -0.788245 -0.587464    1.9961
        0         0         0         1

 0.446914 -0.603992  0.659895  0.738593
 -0.88255 -0.177134  0.435578  0.961624
-0.146196 -0.777057 -0.612217   2.01466
        0         0         0         1

 0.446914 -0.603992  0.659895  0.738593
 -0.88255 -0.177134  0.435578  0.961624
-0.146196 -0.777057 -0.612217   2.01466
        0         0         0         1

 0.459568 -0.604855  0.650345  0.728916
-0.879663 -0.209044  0.427194  0.994949
 -0.12244 -0.768408 -0.628138   2.03862
        0         0         0         1

 0.459568 -0.604855  0.650345  0.728916
-0.879663 -0.209044  0.427194  0.994949
 -0.12244 -0.768408 -0.628138   2.03862
        0         0         0         1

 0.468042 -0.613316  0.636223  0.728831
-0.878726 -0.246672  0.408649   1.04844
-0.0936931 -0.750331 -0.654389   2.07072
        0         0         0         1

 0.468042 -0.613316  0.636223  0.728831
-0.878726 -0.246672  0.408649   1.04844
-0.0936931 -0.750331 -0.654389   2.07072
        0         0         0         1

 0.470857 -0.618058  0.629522  0.727317
-0.879329 -0.271178  0.391463   1.08813
-0.071234  -0.73788 -0.671162   2.08328
        0         0         0         1

 0.470857 -0.618058  0.629522  0.727317
-0.879329 -0.271178  0.391463   1.08813
-0.071234  -0.73788 -0.671162   2.08328
        0         0         0         1

 0.465205 -0.638637  0.612966  0.729435
-0.884277 -0.303604  0.354795   1.14895
-0.0404866 -0.707084  -0.70597   2.09743
        0         0         0         1

 0.465205 -0.638637  0.612966  0.729435
-0.884277 -0.303604  0.354795   1.14895
-0.0404866 -0.707084  -0.70597   2.09743
        0         0         0         1

 0.465214 -0.648607  0.602399  0.722896
-0.884894 -0.322938  0.335668    1.1868
-0.0231796 -0.689217 -0.724184   2.10542
        0         0         0         1

 0.465214 -0.648607  0.602399  0.722896
-0.884894 -0.322938  0.335668    1.1868
-0.0231796 -0.689217 -0.724184   2.10542
        0         0         0         1

 0.460112  -0.65921   0.59476  0.724572
-0.887772 -0.332108  0.318692   1.21997
-0.0125602 -0.674645 -0.738035   2.11247
        0         0         0         1

