-0.140295  0.511717  0.847622  0.560234
 0.777007 -0.473692  0.414579   1.07247
 0.613659  0.716771 -0.331151   1.83458
        0         0         0         1

-0.145832  0.51427 0.845138 0.559535
0.768528 -0.47905 0.424117  1.05778
0.622974 0.711363 -0.32537  1.82853
       0        0        0        1

-0.152768  0.517437  0.841975   0.56174
 0.750467 -0.493594  0.439504   1.03985
 0.643009  0.699016 -0.312914   1.83432
        0         0         0         1

-0.156852  0.514958  0.842743  0.568612
 0.727358    -0.517  0.451289   1.01415
 0.668093  0.683761 -0.293466   1.82724
        0         0         0         1

 -0.16925  0.515367   0.84009  0.563918
  0.71199 -0.525458  0.465793   0.99734
 0.681487  0.676971 -0.278003   1.82494
        0         0         0         1

-0.180561  0.513201   0.83906  0.563014
 0.693811  -0.53821  0.478494  0.982461
 0.697154  0.668547 -0.258885   1.82289
        0         0         0         1

-0.187999  0.510111  0.839311  0.566934
 0.676334 -0.552421   0.48724  0.967238
   0.7122  0.659255 -0.241151   1.81703
        0         0         0         1

-0.187753  0.510497  0.839132   0.57219
 0.660806 -0.566423  0.492443  0.957651
 0.726694  0.646961 -0.230992   1.81735
        0         0         0         1

 -0.20664  0.508204  0.836079  0.565851
 0.641018 -0.575265    0.5081  0.943808
 0.739185  0.640936 -0.206895    1.8102
        0         0         0         1

-0.209365  0.507228  0.835994  0.570764
 0.607946   -0.6021  0.517569  0.918512
 0.765877    0.6166 -0.182308   1.80412
        0         0         0         1

-0.209269  0.507111  0.836089  0.569971
 0.600258 -0.608355  0.519226  0.905971
 0.771944  0.610527 -0.177088   1.79829
        0         0         0         1

  -0.2094  0.506253  0.836576  0.568779
 0.595429 -0.612622  0.519767  0.893288
 0.775639  0.606961 -0.173155   1.79173
        0         0         0         1

-0.200119  0.506337  0.838794  0.573367
 0.589957  -0.62124  0.515763  0.881644
 0.782242  0.598066 -0.174395   1.79033
        0         0         0         1

-0.201049  0.502584  0.840826  0.572957
 0.585992 -0.626129   0.51437  0.869273
  0.78498   0.59613 -0.168628   1.78547
        0         0         0         1

-0.203648  0.500763  0.841287  0.572893
 0.581674 -0.629308   0.51539  0.858097
 0.787517  0.594313 -0.163123   1.77905
        0         0         0         1

-0.196929  0.498606  0.844163  0.578977
  0.57258 -0.640439   0.51185  0.838058
 0.795846  0.584149 -0.159371   1.76787
        0         0         0         1

-0.194464  0.499785  0.844037  0.577809
 0.565581 -0.645899  0.512769  0.823933
 0.801437  0.577087 -0.157065   1.75937
        0         0         0         1

-0.189378  0.502171  0.843778  0.580446
 0.560643 -0.650179  0.512783  0.817517
 0.806111  0.570168 -0.158409   1.75668
        0         0         0         1

-0.185306  0.506785  0.841921  0.581386
 0.550302 -0.656302  0.516174   0.80435
 0.814143  0.558961 -0.157269   1.74936
        0         0         0         1

-0.177425  0.512951  0.839882  0.583045
 0.538425 -0.663774  0.519137  0.787456
 0.823783  0.544321 -0.158415   1.73842
        0         0         0         1

 -0.16445  0.516529   0.84033  0.587505
 0.529593 -0.672489  0.517001  0.773027
 0.832159  0.530053 -0.162959   1.73189
        0         0         0         1

-0.161976  0.516152  0.841042  0.588954
 0.528653 -0.674283  0.515624  0.769821
 0.833241  0.528138 -0.163648   1.72955
        0         0         0         1

-0.159903  0.518229  0.840161  0.589043
 0.524298 -0.676551  0.517098  0.760979
 0.836387   0.52318 -0.163523   1.72318
        0         0         0         1

-0.155659  0.518987   0.84049  0.592428
 0.519269 -0.680824  0.516565  0.752209
 0.840316  0.516848 -0.163517   1.71853
        0         0         0         1

-0.160075  0.519402  0.839403  0.589944
 0.516205 -0.680776  0.519689  0.743128
 0.841373  0.516493 -0.159142   1.70941
        0         0         0         1

 -0.15893  0.518658   0.84008  0.594157
 0.502551 -0.689913  0.521021  0.725989
 0.849814  0.504989 -0.151004   1.69868
        0         0         0         1

-0.161805  0.516041  0.841143  0.595606
 0.497611 -0.693406  0.521126  0.718714
 0.852175  0.502883  -0.14459   1.69126
        0         0         0         1

-0.167034  0.513015  0.841971  0.597481
 0.492791 -0.696211  0.521965  0.712118
 0.853965  0.502101 -0.136519   1.68308
        0         0         0         1

-0.171771   0.51403  0.840397  0.599305
 0.479885 -0.701359  0.527072  0.699867
 0.860352   0.49383 -0.126202   1.67453
        0         0         0         1

-0.169279    0.5132   0.84141  0.603142
 0.472055 -0.707214  0.526321  0.690554
 0.865164  0.486286 -0.122543   1.66615
        0         0         0         1

-0.167038  0.510117  0.843729  0.607442
  0.47005 -0.711038  0.522951  0.685725
  0.86669  0.483947  -0.12101   1.65801
        0         0         0         1

-0.165939  0.511929  0.842848  0.607328
 0.466014 -0.712533  0.524526  0.678407
 0.869077  0.479818 -0.120329   1.65122
        0         0         0         1

-0.165868  0.513809  0.841718  0.606513
 0.460313  -0.71451  0.526866  0.671113
 0.872124  0.474843 -0.117999   1.64461
        0         0         0         1

-0.165592   0.51322  0.842131   0.60754
 0.459125 -0.715618  0.526398   0.66568
 0.872802  0.473811 -0.117131     1.635
        0         0         0         1

 -0.16243  0.511905  0.843546  0.610445
 0.455657 -0.719372   0.52429  0.660591
  0.87521  0.469528 -0.116405   1.62862
        0         0         0         1

-0.159285  0.512564  0.843745  0.613418
  0.44438 -0.725953  0.524898   0.65027
 0.881564  0.458553  -0.11214   1.61476
        0         0         0         1

-0.156043  0.512238  0.844549  0.616351
 0.436584 -0.731201  0.524156  0.642889
 0.886027  0.450508 -0.109536   1.60117
        0         0         0         1

-0.155657   0.51192  0.844813  0.616733
 0.435339 -0.732152  0.523864  0.641789
 0.886708  0.449323 -0.108895   1.59934
        0         0         0         1

-0.154837   0.51146  0.845242   0.61828
  0.42798 -0.736387  0.523991  0.637551
 0.890426   0.44288 -0.104875   1.59316
        0         0         0         1

  -0.15725   0.509195   0.846163   0.621087
   0.41723  -0.742343   0.524257   0.630392
  0.895093   0.435485 -0.0957185    1.57959
         0          0          0          1

 -0.162491   0.505775   0.847224   0.622392
  0.409612  -0.746578   0.524252    0.62401
  0.897672   0.432219 -0.0858594    1.56444
         0          0          0          1

 -0.162491   0.505775   0.847224   0.622392
  0.409612  -0.746578   0.524252    0.62401
  0.897672   0.432219 -0.0858594    1.56444
         0          0          0          1

 -0.165275    0.50451    0.84744   0.623321
  0.399909  -0.751166   0.525188   0.619843
   0.90153     0.4257 -0.0776093    1.55798
         0          0          0          1

 -0.170335   0.501096   0.848462   0.624228
  0.399229  -0.752117   0.524344   0.618464
   0.90089   0.428045 -0.0719408     1.5513
         0          0          0          1

-0.174344  0.499492  0.848594  0.624021
 0.391498 -0.755588  0.525181  0.614629
 0.903512  0.423785 -0.063818    1.5456
        0         0         0         1

 -0.181694    0.49361   0.850492   0.625768
  0.381314   -0.76185   0.523626   0.610605
  0.906414   0.419444 -0.0497966    1.53394
         0          0          0          1

 -0.186897   0.490204   0.851334   0.626325
  0.376114  -0.764868   0.522986   0.607864
  0.907528   0.417943 -0.0414212    1.52653
         0          0          0          1

 -0.190699   0.488732   0.851337   0.626172
  0.372577  -0.766325   0.523385   0.606054
  0.908196   0.416998 -0.0359522     1.5203
         0          0          0          1

 -0.192647   0.488383   0.851099    0.62681
  0.361383  -0.771072   0.524261   0.602593
  0.912299    0.40857 -0.0279485    1.51578
         0          0          0          1

 -0.197391   0.485622   0.851591   0.627986
  0.349454  -0.776761    0.52395    0.59881
  0.915925   0.401015 -0.0163764    1.50656
         0          0          0          1

-0.198326  0.485483  0.851454  0.627919
 0.343211  -0.77931  0.524291  0.596362
 0.918081  0.396209 -0.012066   1.50166
        0         0         0         1

  -0.200375    0.485823    0.850779     0.62709
   0.335864   -0.781706    0.525482    0.593665
   0.920351     0.39104 -0.00653579     1.49825
          0           0           0           1

  -0.204241    0.486284    0.849596    0.626081
   0.331794   -0.782131    0.527432    0.591638
   0.920977    0.389614 -0.00160306     1.49227
          0           0           0           1

 -0.205376   0.484885   0.850122   0.627331
  0.327376  -0.784563    0.52658   0.590257
  0.922305   0.386456 0.00239126    1.48694
         0          0          0          1

 -0.20845   0.48699  0.848168  0.626391
 0.315544 -0.787357  0.529624  0.586138
 0.925733  0.378034 0.0104577   1.48266
        0         0         0         1

-0.212295  0.486511  0.847489   0.62714
 0.307767 -0.789835  0.530509  0.583683
 0.927475  0.373454 0.0179464   1.47648
        0         0         0         1

-0.215734  0.489397  0.844955  0.626156
 0.298063 -0.791026  0.534263  0.580729
 0.929848  0.367108 0.0247804   1.47421
        0         0         0         1

-0.222543  0.491636  0.841884  0.624228
 0.291723 -0.790393  0.538681  0.577799
 0.930254  0.365476 0.0324751   1.46986
        0         0         0         1

-0.225707  0.491127  0.841339  0.625361
 0.286602  -0.79193  0.539172  0.575967
 0.931083  0.362824 0.0379858   1.46622
        0         0         0         1

-0.233053  0.497125  0.835795  0.623171
  0.27367 -0.791198  0.546909  0.569875
 0.933162  0.356191 0.0483432   1.46035
        0         0         0         1

-0.235265  0.498144  0.834567  0.624023
 0.269491 -0.791568  0.548448  0.567445
 0.933823  0.353939 0.0519826   1.45699
        0         0         0         1

-0.235576  0.499777  0.833503  0.624175
  0.26623 -0.791647  0.549925  0.565572
  0.93468  0.351452 0.0534375   1.45541
        0         0         0         1

-0.236597  0.501595   0.83212  0.624873
 0.264226 -0.790942  0.551901  0.562628
  0.93499  0.350446 0.0546002   1.45209
        0         0         0         1

-0.238257  0.502407  0.831156  0.625193
 0.263333 -0.790324  0.553212  0.561234
  0.93482  0.350678 0.0560001   1.44986
        0         0         0         1

-0.238296   0.50501  0.829566  0.625469
 0.261749  -0.78917  0.555606  0.558184
 0.935255  0.349537 0.0558697   1.44757
        0         0         0         1

-0.242142  0.505582  0.828103  0.626099
 0.261888 -0.787765  0.557532  0.554436
 0.934228  0.351872 0.0583452   1.44161
        0         0         0         1

-0.246099  0.506397  0.826437  0.625987
 0.261692 -0.786279  0.559717  0.551893
 0.933249  0.354017 0.0609823    1.4384
        0         0         0         1

-0.247942  0.507324  0.825316  0.626169
 0.260134 -0.785766  0.561162  0.549789
 0.933196  0.353829 0.0628518   1.43685
        0         0         0         1

-0.251276  0.507729  0.824058   0.62686
 0.258302 -0.785323  0.562626  0.546733
 0.932813  0.354231 0.0661854   1.43456
        0         0         0         1

-0.254704  0.506836  0.823555  0.628199
 0.257096 -0.785501   0.56293  0.543587
 0.932216  0.355113 0.0697651   1.43229
        0         0         0         1

-0.262295   0.50501  0.822293  0.628847
 0.257495 -0.784603  0.563998    0.5414
 0.929999   0.35967 0.0757603   1.42932
        0         0         0         1

-0.265495  0.502758  0.822646  0.629626
 0.258431 -0.784932  0.563113  0.541029
  0.92883  0.362101 0.0784671   1.42786
        0         0         0         1

-0.274708  0.497812  0.822629  0.630024
 0.261385 -0.784662  0.562124  0.539405
 0.925318  0.369442 0.0854322   1.42457
        0         0         0         1

-0.282817  0.493685  0.822368  0.629918
  0.26395 -0.784212  0.561553  0.538311
 0.922142  0.375881 0.0914804   1.42209
        0         0         0         1

-0.291225  0.486253   0.82386  0.630962
 0.267649 -0.785384  0.558155  0.537638
 0.918451  0.383054  0.098578   1.41979
        0         0         0         1

-0.313412  0.474695  0.822458  0.629283
 0.272865 -0.784552  0.556797  0.534642
  0.90957  0.398927  0.116361   1.41488
        0         0         0         1

-0.323663  0.464262  0.824441  0.630341
 0.278691 -0.785911  0.551974  0.534449
 0.904198  0.408418  0.124985   1.41249
        0         0         0         1

-0.33205 0.457437 0.824921   0.6306
 0.28339 -0.78576 0.549792 0.534051
0.899685 0.416333 0.131279  1.41045
       0        0        0        1

-0.341072  0.448685  0.826046  0.630403
 0.291167 -0.785098  0.546666  0.533157
 0.893808  0.426969  0.137133   1.40855
        0         0         0         1

-0.349752  0.440197  0.826983   0.63086
 0.301876 -0.782697  0.544295  0.533171
 0.886874  0.440014  0.140865   1.40619
        0         0         0         1

-0.358602   0.43403  0.826452  0.631446
 0.311261 -0.779074  0.544207  0.532809
 0.880069  0.452396  0.144281   1.40457
        0         0         0         1

-0.361688  0.432958  0.825669  0.630895
 0.313557 -0.777543  0.545077  0.532486
 0.877989  0.456042   0.14547   1.40416
        0         0         0         1

-0.369676  0.426435  0.825526   0.63205
 0.320768 -0.775271  0.544117   0.53298
 0.872037  0.465949  0.149812   1.40246
        0         0         0         1

-0.373539  0.422767  0.825673  0.633128
 0.324355 -0.774388  0.543247  0.533236
 0.869058  0.470735  0.152137   1.40216
        0         0         0         1

-0.379512  0.421875  0.823403  0.632274
 0.326253 -0.771789  0.545802  0.532421
 0.865754  0.475776  0.155265    1.4021
        0         0         0         1

 -0.39443  0.414654  0.820053  0.633059
 0.335696 -0.765706  0.548637  0.532777
 0.855414  0.491688   0.16282   1.40055
        0         0         0         1

-0.410176 0.402029 0.818614 0.635169
0.346887 -0.76136 0.547723 0.533821
 0.84346  0.50863 0.172833  1.39994
       0        0        0        1

-0.411004   0.40126  0.818576  0.635308
 0.347655 -0.761076   0.54763  0.533903
 0.842741   0.50966  0.173306   1.39987
        0         0         0         1

-0.418739  0.391018  0.819611  0.637099
  0.35861 -0.757993  0.544835  0.535022
   0.8343  0.522065  0.177178   1.40029
        0         0         0         1

-0.426763  0.377348  0.821877  0.639012
 0.375237 -0.752987  0.540562  0.536481
 0.822843  0.539091  0.179753   1.40127
        0         0         0         1

 -0.43163  0.365467    0.8247  0.640024
 0.392089 -0.747355  0.536402  0.537819
  0.81238  0.554883  0.179286   1.40236
        0         0         0         1

-0.432736  0.359241  0.826853    0.6407
 0.400329 -0.745214  0.533285  0.538719
  0.80776  0.561785  0.178666   1.40292
        0         0         0         1

-0.431665  0.352168  0.830447  0.641096
 0.411743 -0.742206   0.52877   0.53982
 0.802579  0.570182  0.175382   1.40478
        0         0         0         1

-0.430482 0.345567 0.833828 0.641403
0.423178 -0.73871 0.524622 0.541383
0.797248 0.578698 0.171765  1.40694
       0        0        0        1

-0.426444  0.337323  0.839261  0.642563
 0.436881 -0.735637  0.517661  0.544114
  0.79201  0.587411  0.166338    1.4112
        0         0         0         1

-0.426155  0.332044   0.84151  0.641064
 0.450222 -0.728981  0.515642   0.54689
 0.784661   0.59861  0.161165   1.41605
        0         0         0         1

-0.424708  0.327755  0.843919  0.641651
 0.460922 -0.724031  0.513156  0.549917
 0.779213  0.606923  0.156433   1.41824
        0         0         0         1

-0.425279  0.327695  0.843655  0.640036
 0.466365 -0.719527  0.514572   0.55198
 0.775655  0.612288  0.153174   1.42245
        0         0         0         1

-0.425437  0.326824  0.843913  0.638679
 0.475123 -0.712999  0.515646  0.554319
 0.770234  0.620338  0.148054   1.42524
        0         0         0         1

-0.425282  0.32915 0.843087 0.636216
0.493093 -0.69687 0.520799 0.559915
0.758943 0.637206 0.134065  1.43257
       0        0        0        1

-0.424709  0.333381  0.841712  0.634671
 0.504311 -0.685003  0.525777  0.563494
 0.751859  0.647787  0.122799   1.43828
        0         0         0         1

-0.42461 0.335343 0.840982 0.634139
0.513301   -0.676 0.528721 0.566158
0.745807 0.656178 0.114904  1.44178
       0        0        0        1

-0.422065  0.339382  0.840643  0.634727
 0.523063 -0.666208  0.531576  0.570152
  0.74045  0.664068  0.103665   1.44857
        0         0         0         1

-0.421691  0.344702  0.838664  0.633527
 0.532838 -0.654171  0.536791  0.573728
 0.733662  0.673232 0.0921875   1.45555
        0         0         0         1

-0.422486  0.348563  0.836666  0.632597
  0.54539 -0.639509  0.541828  0.577577
 0.723917  0.685224 0.0800811   1.46077
        0         0         0         1

-0.424218  0.353577   0.83368  0.632206
 0.569636 -0.611473  0.549195  0.587132
 0.703956  0.707872 0.0579877   1.47439
        0         0         0         1

-0.426174  0.356279   0.83153  0.631067
  0.58333 -0.594335  0.553617  0.592611
 0.691449  0.720993 0.0454617   1.48168
        0         0         0         1

-0.429102  0.358584  0.829029   0.62913
 0.594318 -0.579074  0.558086  0.597041
  0.68019  0.732182 0.0353689     1.488
        0         0         0         1

 -0.436026   0.364202   0.822945   0.623801
  0.627841  -0.532038   0.568112   0.613234
  0.644745    0.76439 0.00332171    1.51415
         0          0          0          1

 -0.436026   0.364202   0.822945   0.623801
  0.627841  -0.532038   0.568112   0.613234
  0.644745    0.76439 0.00332171    1.51415
         0          0          0          1

  -0.435702    0.364746    0.822875    0.623855
   0.641593   -0.515337    0.568143    0.621659
   0.631286    0.775492 -0.00948472     1.52578
          0           0           0           1

 -0.436841    0.36499   0.822163   0.622842
  0.649819  -0.503962   0.568997   0.627133
  0.622017   0.782818 -0.0170261    1.53415
         0          0          0          1

-0.439469  0.363286  0.821517  0.620643
 0.674335  -0.47076   0.56891  0.643414
 0.593414  0.803996 -0.038092   1.55188
        0         0         0         1

-0.439469  0.363286  0.821517  0.620643
 0.674335  -0.47076   0.56891  0.643414
 0.593414  0.803996 -0.038092   1.55188
        0         0         0         1

 -0.445732     0.3641   0.817774   0.613608
  0.704191  -0.421392   0.571441    0.66843
  0.552665   0.830578 -0.0685684     1.5809
         0          0          0          1

 -0.445732     0.3641   0.817774   0.613608
  0.704191  -0.421392   0.571441    0.66843
  0.552665   0.830578 -0.0685684     1.5809
         0          0          0          1

 -0.446579   0.366199   0.816373   0.609527
  0.714095  -0.403877   0.571797   0.677477
  0.539106   0.838321 -0.0811377     1.5927
         0          0          0          1

 -0.448455   0.366441   0.815236   0.606357
  0.722572  -0.388229   0.571986   0.685927
  0.526097   0.845576 -0.0906771    1.60138
         0          0          0          1

  -0.4456  0.368401  0.815917   0.60682
 0.731418 -0.375712  0.569093  0.696419
 0.516205  0.850365 -0.102038   1.61312
        0         0         0         1

-0.446527  0.368718  0.815267  0.601342
 0.748574 -0.345184  0.566114  0.716846
 0.490154  0.863073 -0.121879   1.63578
        0         0         0         1

-0.439427  0.371064  0.818056   0.60055
 0.763196 -0.326072  0.557862  0.733227
 0.473748  0.869476  -0.13991   1.65093
        0         0         0         1

-0.438918  0.371226  0.818256  0.598114
 0.768992 -0.315841  0.555783   0.74037
  0.46476  0.873175 -0.146842   1.65747
        0         0         0         1

-0.438437  0.371881  0.818216  0.592935
  0.77717 -0.300388  0.552969  0.751414
  0.45142  0.878335 -0.157313   1.66974
        0         0         0         1

 -0.43442   0.37312  0.819793  0.591018
 0.786392 -0.286657  0.547189  0.763334
 0.439166  0.882389 -0.168888   1.68065
        0         0         0         1

-0.425559  0.375619  0.823292  0.582361
 0.809596 -0.248429  0.531824  0.794262
 0.404293  0.892857 -0.198379   1.70813
        0         0         0         1

-0.423191  0.375387  0.824618  0.581318
  0.81455 -0.240922  0.527698  0.800309
 0.396759  0.895009 -0.203816   1.71246
        0         0         0         1

-0.416969  0.378085  0.826552  0.577975
 0.823136 -0.228583  0.519805   0.81297
 0.385467  0.897107 -0.215904   1.72507
        0         0         0         1

  -0.4134  0.378029  0.828368  0.573987
 0.832247 -0.212214  0.512181  0.825679
 0.369411  0.901143 -0.226884   1.73421
        0         0         0         1

-0.402285  0.379096  0.833339  0.575214
 0.843121 -0.201349  0.498603  0.840921
  0.35681  0.903186 -0.238624   1.74674
        0         0         0         1

-0.388882  0.378022  0.840161  0.570756
 0.860514 -0.176691  0.477803  0.868231
 0.329069  0.908779 -0.256581   1.77091
        0         0         0         1

-0.384039  0.374665  0.843884  0.567125
 0.868867 -0.162577  0.467589  0.880765
 0.312385  0.912795 -0.263098   1.77991
        0         0         0         1

-0.381946  0.376446  0.844041  0.561299
  0.87435  -0.14866  0.461965  0.892887
 0.299381  0.914433 -0.272366   1.79192
        0         0         0         1

-0.374827  0.369081  0.850461  0.557549
 0.885786 -0.128208  0.446034  0.909888
 0.273658  0.920512 -0.278871   1.79482
        0         0         0         1

-0.374545  0.368108  0.851007  0.549426
  0.88872 -0.119172  0.442691  0.921596
 0.264374  0.922114  -0.28251    1.8086
        0         0         0         1

-0.354965   0.36922  0.858881  0.557852
 0.902342 -0.104958  0.418047  0.941885
 0.244497  0.923396 -0.295907   1.81375
        0         0         0         1

-0.342746  0.366126  0.865146  0.550598
 0.914195 -0.082019  0.396888  0.969998
 0.216269  0.926944 -0.306599    1.8343
        0         0         0         1

 -0.332745   0.364849   0.869578    0.54879
  0.922524 -0.0652545   0.380384   0.986185
  0.195526   0.928777  -0.314869    1.83854
         0          0          0          1

 -0.324729   0.361652   0.873933   0.545613
  0.928779 -0.0526112    0.36688    1.00207
  0.178661   0.930828   -0.31881    1.84366
         0          0          0          1

 -0.323875    0.35436   0.877231   0.534664
  0.933122 -0.0334094   0.358006    1.02134
  0.156171   0.934512   -0.31984    1.85249
         0          0          0          1

 -0.310876   0.350578   0.883431   0.535634
  0.941653 -0.0125673   0.336351     1.0495
   0.12902   0.936449  -0.326216    1.85884
         0          0          0          1

  -0.309357    0.346425      0.8856    0.527932
   0.943307 -0.00601578    0.331868     1.06674
   0.120295    0.938058   -0.324924     1.87293
          0           0           0           1

 -0.303983   0.347845   0.886904   0.527078
  0.946051 0.00060516   0.324018    1.07742
  0.112171   0.937552  -0.329263    1.87527
         0          0          0          1

 -0.292218   0.342646   0.892862   0.529826
  0.951141 0.00679618   0.308683    1.09537
  0.099701    0.93944   -0.32789    1.87958
         0          0          0          1

-0.287487   0.34642  0.892941  0.527306
 0.953204 0.0124152  0.302073   1.10848
 0.093558  0.937997 -0.333778   1.88952
        0         0         0         1

-0.284153    0.3379  0.897263  0.516427
 0.955362 0.0208525  0.294699   1.11978
0.0808686  0.940951 -0.328742   1.89566
        0         0         0         1

-0.257374  0.336398  0.905867  0.521215
 0.965197 0.0444693  0.257717    1.1601
 0.046412  0.940669 -0.336136   1.89686
        0         0         0         1

  -0.2529  0.332452   0.90858  0.515435
 0.966948 0.0553413  0.248897   1.17427
0.0324642  0.941495 -0.335459   1.90135
        0         0         0         1

-0.232978  0.335204  0.912885   0.52117
 0.972278 0.0610464   0.22572   1.19284
 0.019934  0.940166 -0.340134   1.90804
        0         0         0         1

