0.0986643  -0.56476  0.819336  0.582099
-0.993525 -0.102519 0.0489746    1.0688
0.0563387 -0.818862 -0.571218   2.36203
        0         0         0         1

 0.0945035  -0.565017   0.819649   0.585215
 -0.994804 -0.0849086  0.0561675    1.05435
 0.0378597  -0.820699  -0.570106    2.35576
         0          0          0          1

  0.090576  -0.566801   0.818861   0.584861
 -0.995553 -0.0729172  0.0596483     1.0375
 0.0259004  -0.820622  -0.570884    2.34579
         0          0          0          1

 0.0951588  -0.568913   0.816874   0.585242
 -0.995406 -0.0631105  0.0720028      1.022
   0.01059  -0.819973  -0.572305    2.33998
         0          0          0          1

  0.101152  -0.566067    0.81813   0.573981
 -0.994566 -0.0371866  0.0972373   0.983498
-0.0246194   -0.82352  -0.566752    2.32188
         0          0          0          1

 0.0978327  -0.575986   0.811584   0.576445
 -0.994405 -0.0239333   0.102885   0.968022
-0.0398366  -0.817109  -0.575105    2.31744
         0          0          0          1

  0.0939494   -0.580746    0.808645    0.577455
  -0.993894 -0.00750776     0.11008    0.952976
 -0.0578574    -0.81405   -0.577906       2.305
          0           0           0           1

 0.0898632   -0.58462   0.806315   0.585222
 -0.993204 0.00751756   0.116143   0.941615
-0.0739608  -0.811272  -0.579972    2.29633
         0          0          0          1

 0.090287 -0.586576  0.804846  0.590672
-0.991269 0.0250495  0.129456  0.924475
-0.0960967 -0.809507 -0.579192   2.29233
        0         0         0         1

0.0901107 -0.585036  0.805985  0.591373
-0.989904 0.0362908  0.137015  0.912636
-0.109409 -0.810195  -0.57586    2.2794
        0         0         0         1

0.0808438 -0.581065  0.809832  0.586707
-0.987484 0.0637021  0.144286  0.883903
-0.135427  -0.81136 -0.568642   2.25204
        0         0         0         1

0.0747429 -0.582292  0.809537   0.58814
 -0.98589 0.0787848  0.147694  0.872844
 -0.14978 -0.809153 -0.568187   2.24187
        0         0         0         1

0.0698618  -0.58581  0.807432  0.589629
-0.982594 0.0992547  0.157029  0.855912
-0.172131 -0.804347 -0.568679   2.23181
        0         0         0         1

0.0678333 -0.585953  0.807501  0.587776
-0.980629   0.10991  0.162132  0.843845
-0.183754 -0.802857 -0.567147   2.21937
        0         0         0         1

 0.055831 -0.591656  0.804255  0.592059
-0.974531  0.142931    0.1728  0.817485
-0.217191 -0.793419 -0.568608   2.19427
        0         0         0         1

0.0553462 -0.592327  0.803794  0.589413
-0.971349  0.154406  0.180668  0.805582
-0.231125 -0.790764  -0.56681   2.18318
        0         0         0         1

0.0482443 -0.598323  0.799802  0.592364
-0.967269  0.171728  0.186814  0.792483
-0.249123 -0.782636 -0.570454   2.17268
        0         0         0         1

 0.038535 -0.598728  0.800025   0.59574
-0.966769  0.180154  0.181391  0.788361
-0.252732 -0.780429 -0.571889   2.15421
        0         0         0         1

0.0307675 -0.602772   0.79732  0.597102
-0.961869   0.19904  0.187591  0.772891
-0.271773  -0.77269 -0.573664   2.14444
        0         0         0         1

0.0299648 -0.604324  0.796175  0.593979
-0.958171  0.209448   0.19504  0.763318
-0.284625 -0.768716  -0.57277   2.13094
        0         0         0         1

0.0223725 -0.609634  0.792367  0.593455
-0.946924  0.241301  0.212389  0.736913
-0.320678 -0.755063 -0.571878   2.10638
        0         0         0         1

0.0137533 -0.612938  0.790011  0.598111
-0.943609  0.253409  0.213037  0.729965
-0.330775 -0.748392 -0.574889    2.0948
        0         0         0         1

0.00945634 -0.615184  0.788327  0.598573
-0.936446  0.271031  0.222737  0.718357
-0.350685 -0.740332 -0.573523   2.08288
        0         0         0         1

0.00635418 -0.615096  0.788426  0.596513
-0.931315  0.283484  0.228667  0.707119
-0.364159 -0.735727 -0.571047   2.07233
        0         0         0         1

-0.00837609 -0.614536  0.788844  0.600059
-0.922323  0.309523  0.231336  0.691902
 -0.38633 -0.725631 -0.569393   2.04166
        0         0         0         1

-0.0130906 -0.613831  0.789329  0.600285
-0.916668  0.322707  0.235754  0.683277
-0.399435 -0.720466 -0.566903   2.03081
        0         0         0         1

-0.0208486 -0.612861  0.789916  0.601789
-0.911332  0.336559  0.237068  0.675384
-0.411143 -0.714934 -0.565537   2.01593
        0         0         0         1

-0.0271651 -0.611314  0.790922  0.601597
-0.905772  0.349776  0.239237  0.667526
-0.422895 -0.709895 -0.563213     2.005
        0         0         0         1

-0.0319106 -0.607912  0.793363  0.601577
-0.900552  0.361821  0.241022  0.660068
-0.433575 -0.706773 -0.559002   1.98943
        0         0         0         1

-0.0375161  -0.60671  0.794038  0.602468
-0.895511  0.373028  0.242713  0.653718
-0.443455 -0.701964  -0.55731    1.9779
        0         0         0         1

-0.0529224 -0.603436  0.795653  0.607694
 -0.88225  0.401504  0.245825  0.640153
-0.467798 -0.688955  -0.55363   1.95428
        0         0         0         1

-0.0577421 -0.600529  0.797515   0.60915
-0.877188  0.411936  0.246677  0.634782
-0.476662 -0.685328 -0.550563   1.94271
        0         0         0         1

-0.0635528 -0.596634  0.799993  0.611378
-0.871556  0.423683  0.246745  0.629996
 -0.48616 -0.681557 -0.546926   1.92858
        0         0         0         1

-0.066061 -0.592903  0.802559  0.611651
 -0.86697  0.432278  0.247989   0.62523
-0.493962 -0.679413 -0.542586   1.91601
        0         0         0         1

-0.0741979 -0.582627  0.809346  0.614191
-0.854274  0.455848  0.249837  0.615199
-0.514501 -0.672865 -0.531546   1.89065
        0         0         0         1

-0.0774644  -0.58095  0.810245   0.61574
-0.847643  0.466226  0.253247  0.610328
-0.524881 -0.667181 -0.528554   1.88179
        0         0         0         1

-0.0788473  -0.57705  0.812894  0.616077
-0.841227  0.476053  0.256341  0.604492
-0.534902 -0.663617 -0.522966   1.86963
        0         0         0         1

-0.0794501 -0.575599  0.813863  0.616785
-0.835817  0.483388   0.26028  0.600254
-0.543229 -0.659561 -0.519501   1.85994
        0         0         0         1

-0.0862433 -0.574972  0.813615  0.621132
-0.830812  0.492209  0.259772  0.598153
 -0.54983 -0.653558 -0.520143   1.84657
        0         0         0         1

-0.085856 -0.574438  0.814033  0.621283
-0.823984  0.500241  0.266099  0.593127
 -0.56007 -0.647904 -0.516277   1.83888
        0         0         0         1

-0.0882094 -0.570685  0.816417   0.62554
-0.813704  0.514032  0.271398  0.587905
-0.574548 -0.640382 -0.509711   1.81538
        0         0         0         1

-0.0883264 -0.568933  0.817627  0.626252
-0.810332  0.518396   0.27318  0.585776
-0.579276  -0.63842 -0.506813   1.80438
        0         0         0         1

-0.089759 -0.566803  0.818949  0.627581
-0.804479   0.52602  0.275891   0.58299
 -0.58716 -0.634064 -0.503196   1.79368
        0         0         0         1

-0.0917252 -0.562542  0.821665  0.630803
-0.800307   0.53264  0.275324  0.582276
-0.592533  -0.63233 -0.499062   1.78397
        0         0         0         1

-0.0856843 -0.557545  0.825713  0.633057
-0.788063  0.545005  0.286226   0.57757
-0.609602 -0.626189 -0.486079   1.76442
        0         0         0         1

-0.0864802 -0.556718  0.826188  0.635577
-0.784019  0.549701  0.288344  0.576322
-0.614683 -0.622811 -0.484016   1.75637
        0         0         0         1

-0.0829016  -0.55488  0.827789  0.636709
-0.778055  0.555072  0.294153  0.574324
-0.622702  -0.61968 -0.477744   1.74674
        0         0         0         1

-0.0817347 -0.551334  0.830271  0.638812
-0.776917  0.557049  0.293421  0.574581
-0.624275 -0.621069 -0.473871   1.73675
        0         0         0         1

  -0.0824 -0.549219  0.831606  0.642197
-0.773213  0.561695  0.294347  0.574619
 -0.62877 -0.618755 -0.470947   1.72691
        0         0         0         1

-0.0813868 -0.549771  0.831341  0.644367
-0.769499  0.564777  0.298158  0.573722
-0.633442 -0.615449 -0.469014   1.72067
        0         0         0         1

-0.0784547 -0.551221  0.830663  0.648481
-0.763445  0.569048  0.305509  0.572628
 -0.64109 -0.610197 -0.465471   1.70452
        0         0         0         1

-0.0798234 -0.552739  0.829522  0.651597
-0.760684  0.571579  0.307663  0.572784
-0.644195 -0.606446 -0.466086   1.69804
        0         0         0         1

-0.0779728 -0.555545  0.827822  0.654147
-0.757566  0.572797  0.313044  0.572108
-0.648084 -0.602721 -0.465525   1.69055
        0         0         0         1

-0.0735994 -0.557866  0.826661  0.654411
-0.756004  0.571811  0.318574  0.570676
-0.650416 -0.601513 -0.463834   1.68449
        0         0         0         1

-0.072493 -0.559091  0.825931  0.657458
 -0.75413  0.572669  0.321461  0.571082
-0.652711 -0.599556 -0.463142   1.67662
        0         0         0         1

-0.0706311 -0.559924  0.825528  0.659612
-0.753154  0.572572  0.323915  0.571067
-0.654042 -0.598871  -0.46215   1.67037
        0         0         0         1

-0.0645814 -0.563162  0.823819  0.662964
-0.749422  0.572488  0.332603  0.569486
-0.658936 -0.595908 -0.459018   1.65857
        0         0         0         1

-0.0621582 -0.564648  0.822988  0.664566
-0.748319  0.571992  0.335922  0.569189
 -0.66042 -0.594977 -0.458091   1.65408
        0         0         0         1

-0.0608504 -0.565133  0.822753  0.666702
-0.748383  0.571254  0.337034  0.568942
 -0.66047 -0.595225 -0.457697   1.64778
        0         0         0         1

-0.0607832 -0.566547  0.821785  0.668169
-0.746903  0.571978  0.339083  0.568113
 -0.66215 -0.593182 -0.457922   1.64417
        0         0         0         1

-0.058014 -0.565797  0.822501  0.671965
-0.746977  0.571195  0.340237   0.56706
-0.662314 -0.594651 -0.455775   1.63407
        0         0         0         1

-0.0597342 -0.563945  0.823649  0.675173
-0.747056  0.572524  0.337822    0.5676
-0.662072 -0.595133 -0.455498   1.63055
        0         0         0         1

-0.0584241 -0.564161  0.823595  0.675575
 -0.74713  0.571885   0.33874  0.566229
-0.662106 -0.595542 -0.454913   1.62707
        0         0         0         1

-0.0565994 -0.564538  0.823464  0.675854
-0.746168  0.571917    0.3408  0.564823
-0.663348 -0.595153  -0.45361    1.6248
        0         0         0         1

-0.0548783 -0.563099  0.824565   0.67673
-0.747045  0.571083  0.340276  0.563925
-0.662504 -0.597314 -0.452001    1.6201
        0         0         0         1

-0.0537479 -0.562043   0.82536  0.677734
-0.747628  0.570572  0.339854  0.563314
-0.661939 -0.598796 -0.450866   1.61713
        0         0         0         1

-0.0492766 -0.558195  0.828245  0.678762
 -0.74911  0.569134  0.338999   0.56116
 -0.66061 -0.603743 -0.446194   1.61061
        0         0         0         1

-0.0471036 -0.556013  0.829838  0.679637
-0.749856  0.568529  0.338365  0.560506
-0.659922 -0.606321 -0.443709   1.60835
        0         0         0         1

-0.0437668 -0.553452   0.83173  0.680516
  -0.7517  0.566615  0.337483  0.559271
-0.658052 -0.610441 -0.440829   1.60506
        0         0         0         1

-0.0406634 -0.552581  0.832467   0.68046
-0.752041  0.565481  0.338624  0.557786
-0.657861 -0.612279 -0.438557   1.60389
        0         0         0         1

-0.0356653 -0.552015  0.833071  0.682563
-0.755071  0.560968  0.339386  0.555815
-0.654673 -0.616923 -0.436817   1.59995
        0         0         0         1

-0.0343779 -0.552791  0.832611  0.682591
-0.755008  0.560215  0.340767  0.554361
-0.654814 -0.616913  -0.43662   1.59989
        0         0         0         1

-0.0333535 -0.551963  0.833201  0.683951
-0.756411  0.558832  0.339925  0.553951
-0.653245 -0.618905  -0.43615     1.598
        0         0         0         1

-0.0306324 -0.551605  0.833543  0.683521
-0.758005  0.556407  0.340351  0.552591
-0.651529 -0.621404 -0.435163   1.59632
        0         0         0         1

-0.0268892 -0.551236  0.833916  0.683075
-0.759447  0.553714  0.341528  0.550866
-0.650013 -0.624132 -0.433523   1.59524
        0         0         0         1

-0.023322 -0.549158  0.835393  0.682962
-0.761229  0.551437  0.341244  0.549796
-0.648063 -0.627967 -0.430896   1.59387
        0         0         0         1

-0.0214171  -0.54648  0.837198   0.68424
-0.763668  0.549395  0.339081  0.548063
-0.645254  -0.63208 -0.429096   1.59287
        0         0         0         1

-0.0204121 -0.545114  0.838113  0.685131
-0.765173  0.548069  0.337832  0.547731
-0.643501 -0.634406 -0.428294   1.59191
        0         0         0         1

-0.0182631  -0.54382  0.839003  0.685757
-0.766597  0.546326  0.337427  0.546834
-0.641869 -0.637015 -0.426868   1.59072
        0         0         0         1

-0.0178015 -0.545272   0.83807  0.686043
-0.765736  0.546409  0.339244  0.545722
-0.642909 -0.635701 -0.427261   1.59158
        0         0         0         1

-0.0137222  -0.54712  0.836942  0.686229
-0.767734  0.542029  0.341744  0.543953
-0.640621  -0.63786 -0.427481   1.58979
        0         0         0         1

-0.0129879 -0.548958  0.835749  0.686802
-0.767918  0.540793  0.343284  0.543209
-0.640416 -0.637329 -0.428579    1.5891
        0         0         0         1

-0.0126445 -0.552448  0.833451  0.687633
-0.767514  0.539613  0.346035  0.542236
-0.640907  -0.63531 -0.430835   1.58924
        0         0         0         1

-0.0135157 -0.554002  0.832406  0.688861
-0.767329  0.539509  0.346608   0.54192
-0.641112 -0.634044 -0.432393   1.58922
        0         0         0         1

-0.0137209 -0.556637  0.830643  0.689718
-0.766786  0.539027  0.348551  0.540959
-0.641756 -0.632143 -0.434218    1.5895
        0         0         0         1

-0.0112118 -0.558209  0.829624  0.689316
-0.766904  0.537207  0.351093   0.53984
-0.641663 -0.632306 -0.434116   1.58877
        0         0         0         1

-0.00789042 -0.560085  0.828398  0.690863
-0.767372  0.534555  0.354107  0.538612
-0.641154 -0.632895 -0.434011   1.58763
        0         0         0         1

-0.0045463  -0.56221  0.826982  0.690566
-0.767946  0.531654  0.357214  0.537786
-0.640498 -0.633454 -0.434164   1.58751
        0         0         0         1

-0.00342786 -0.563988  0.825776  0.691711
-0.768903  0.529457  0.358417  0.537482
-0.639356 -0.633713 -0.435467   1.58687
        0         0         0         1

-0.00174221  -0.56606  0.824363  0.692286
-0.770897  0.525846   0.35945  0.537537
-0.636958 -0.634872  -0.43729   1.58577
        0         0         0         1

-1.08578e-06 -0.573075  0.819503  0.693159
-0.770962  0.521926   0.36498  0.536403
-0.636881 -0.631805  -0.44182   1.58681
        0         0         0         1

0.000119098 -0.572263   0.82007  0.693803
-0.771523  0.521677   0.36415  0.536345
-0.636202 -0.632746 -0.441452   1.58673
        0         0         0         1

0.00192067 -0.570784  0.821098  0.694315
-0.771945  0.521116  0.364058  0.536066
-0.635686 -0.634542 -0.439613   1.58729
        0         0         0         1

0.00458925 -0.568961  0.822352  0.694477
-0.772492  0.520194  0.364218  0.535763
-0.635008 -0.636932 -0.437131   1.58762
        0         0         0         1

0.00893248 -0.566425  0.824065   0.69432
 -0.77361  0.518254   0.36461  0.535388
-0.633599 -0.640762 -0.433563   1.58797
        0         0         0         1

0.00988297 -0.564154  0.825611  0.695109
-0.774887  0.517534  0.362916  0.535647
-0.632022 -0.643342 -0.432041   1.58831
        0         0         0         1

0.0152803 -0.555066  0.831666  0.695975
-0.780004  0.513784  0.357238    0.5365
-0.625588 -0.654162 -0.425103   1.58867
        0         0         0         1

0.0169835 -0.551385  0.834078  0.696725
-0.781816  0.512689  0.354843  0.537013
-0.623278 -0.658122 -0.422374   1.58957
        0         0         0         1

0.0204608  -0.54764  0.836464   0.69681
 -0.78268  0.511798  0.354224  0.537279
-0.622088 -0.661931 -0.418155   1.59129
        0         0         0         1

0.0232453 -0.543533  0.839066  0.696521
-0.784791  0.510014   0.35212  0.537594
-0.619324 -0.666677 -0.414704   1.59275
        0         0         0         1

0.0295708 -0.534625  0.844572  0.696894
-0.789304  0.505931  0.347897  0.539178
 -0.61329 -0.676912 -0.407021   1.59624
        0         0         0         1

0.0285968 -0.535173  0.844258  0.698182
-0.791367  0.503866  0.346204  0.540494
-0.610672 -0.678018  -0.40911   1.59908
        0         0         0         1

 0.027703 -0.537466   0.84283  0.699764
 -0.79281  0.501728  0.346007  0.541702
-0.608838  -0.67779 -0.412209    1.6029
        0         0         0         1

0.0320113 -0.538016  0.842326  0.698347
-0.794241  0.497921  0.348219  0.541788
-0.606759 -0.680157 -0.411375   1.60518
        0         0         0         1

0.0367704 -0.535658  0.843634  0.697238
-0.796724  0.493875  0.348308  0.542576
-0.603224 -0.684951 -0.408612    1.6073
        0         0         0         1

0.0365546 -0.534995  0.844064  0.698573
-0.798717  0.491978  0.346422  0.544212
-0.600595 -0.686832 -0.409325   1.61013
        0         0         0         1

0.0430939 -0.533727  0.844558  0.697936
-0.801283  0.486448  0.348301  0.545351
-0.596731  -0.69174 -0.406703   1.61962
        0         0         0         1

0.0471235 -0.532055  0.845398  0.697849
 -0.80421  0.481783   0.34804  0.546602
-0.592474 -0.696278  -0.40518   1.62173
        0         0         0         1

0.0491039 -0.533232  0.844543  0.698462
-0.805864  0.478385    0.3489  0.547689
-0.590062 -0.697719 -0.406222   1.62772
        0         0         0         1

0.0514298  -0.53261  0.844797  0.698725
-0.808621  0.474221  0.348205  0.549021
-0.586078 -0.701028  -0.40629   1.63149
        0         0         0         1

0.0582768 -0.531819  0.844851  0.699586
-0.815448  0.462839  0.347598  0.551936
-0.575889 -0.709189 -0.406698   1.64118
        0         0         0         1

0.0620909 -0.534186  0.843083  0.699172
-0.817014  0.457977   0.35035  0.552633
-0.573265 -0.710565 -0.408002   1.64729
        0         0         0         1

0.0687112 -0.533734  0.842857  0.698211
-0.822334  0.448038  0.350755  0.554536
-0.564841  -0.71721 -0.408122   1.65172
        0         0         0         1

0.0705255 -0.534083  0.842485   0.69928
-0.826069  0.442151  0.349447  0.556456
-0.559139 -0.720596 -0.410006   1.65637
        0         0         0         1

0.0750108 -0.534458   0.84186  0.699509
-0.829201   0.43551  0.350368  0.558129
-0.553895 -0.724352 -0.410505   1.66311
        0         0         0         1

0.0800737 -0.535058  0.841012  0.698414
-0.831985   0.42881  0.352027  0.559025
-0.548989 -0.727897 -0.410824   1.66903
        0         0         0         1

0.0898286 -0.538562  0.837784  0.697751
-0.839667  0.411433  0.354517  0.562328
-0.535621 -0.735305 -0.415255   1.68288
        0         0         0         1

0.0920455 -0.541377  0.835726  0.698216
  -0.8424   0.40517  0.355247  0.563876
-0.530934 -0.736714 -0.418762   1.69074
        0         0         0         1

 0.096137 -0.541172  0.835399  0.699295
-0.848266  0.394565  0.353217  0.567045
-0.520771 -0.742598 -0.421125   1.69739
        0         0         0         1

0.0990765 -0.542928  0.833914  0.699815
-0.851387  0.387553  0.353473  0.569059
-0.515097 -0.745004 -0.423844   1.70493
        0         0         0         1

 0.113148 -0.545218  0.830623   0.69769
-0.860545  0.364102  0.356219  0.573103
-0.496648 -0.755094 -0.427987   1.72079
        0         0         0         1

  0.11622 -0.546598  0.829291   0.69788
-0.864655  0.355177  0.355278  0.575579
-0.488739 -0.758341 -0.431339   1.72893
        0         0         0         1

 0.122901 -0.547178  0.827944   0.69743
-0.869471  0.342839  0.355643  0.578284
-0.478451 -0.763582  -0.43362   1.73758
        0         0         0         1

 0.128775 -0.548354  0.826272  0.696276
-0.872917  0.332692  0.356836  0.580279
-0.470567 -0.767218 -0.435825   1.74558
        0         0         0         1

 0.132181 -0.549785  0.824781  0.698251
-0.876766  0.323308  0.356024  0.583153
-0.462395   -0.7702 -0.439298   1.75668
        0         0         0         1

 0.137332 -0.550102  0.823728  0.698008
-0.880914  0.312419  0.355506  0.586123
-0.452913 -0.774456 -0.441687   1.76513
        0         0         0         1

 0.149559 -0.547854  0.823097   0.69793
-0.889384  0.289176   0.35408  0.593027
-0.432004 -0.785005 -0.444004   1.78422
        0         0         0         1

  0.15435 -0.547294  0.822584  0.698012
-0.893553  0.277933  0.352585  0.596776
-0.421591 -0.789444 -0.446137    1.7923
        0         0         0         1

 0.161714  -0.54604  0.822003  0.697491
-0.898044  0.263886  0.351967  0.600773
-0.409103 -0.795113 -0.447694   1.80292
        0         0         0         1

 0.166311 -0.545537  0.821419  0.697531
-0.901775  0.252862  0.350516   0.60435
-0.398926 -0.799031 -0.449898   1.81199
        0         0         0         1

  0.18007 -0.544464  0.819228  0.695275
-0.907058  0.230298  0.352432  0.610844
-0.380553  -0.80655 -0.452391   1.83643
        0         0         0         1

  0.18469 -0.543543   0.81881  0.695074
-0.911409  0.217007  0.349631  0.615851
-0.367727 -0.810844 -0.455311   1.84392
        0         0         0         1

 0.187825 -0.545499  0.816794  0.696916
-0.914938  0.205279   0.34749  0.621457
-0.357226 -0.812583 -0.460541   1.85648
        0         0         0         1

 0.193567 -0.544119  0.816374  0.696084
  -0.9175    0.1943  0.347047  0.625799
-0.347456   -0.8162 -0.461619   1.86594
        0         0         0         1

 0.197678  -0.54419  0.815341  0.697101
 -0.92202   0.17922   0.34316  0.632911
-0.332869 -0.819596 -0.466326   1.87753
        0         0         0         1

 0.204105 -0.544132  0.813794  0.696116
-0.923244  0.169427  0.344841  0.636805
-0.325518 -0.821714 -0.467786   1.88829
        0         0         0         1

 0.216497 -0.542696  0.811548  0.694817
-0.928769  0.141679  0.342512  0.649092
-0.300859 -0.827894 -0.473366   1.91118
        0         0         0         1

 0.218864 -0.545476  0.809045  0.696949
 -0.93042  0.133133  0.341459  0.655091
-0.293969 -0.827485 -0.478384   1.92283
        0         0         0         1

 0.226527 -0.543974  0.807947  0.694093
-0.931742  0.120675  0.342484  0.660603
-0.283801  -0.83038 -0.479507   1.93596
        0         0         0         1

 0.231316 -0.545347  0.805661  0.694005
-0.932627  0.111441  0.343203  0.665457
-0.276948 -0.830769 -0.482827   1.94838
        0         0         0         1

 0.237358 -0.544314  0.804601   0.69694
-0.939377 0.0823763  0.332845  0.683606
-0.247452 -0.834827 -0.491763   1.96834
        0         0         0         1

 0.242337 -0.544525  0.802973  0.695736
 -0.94043 0.0715839  0.332365  0.689864
-0.238461 -0.835684 -0.494741   1.98032
        0         0         0         1

 0.244086 -0.544951  0.802154  0.697948
-0.942873 0.0600454  0.327698  0.699542
-0.226745 -0.836315 -0.499163   1.99221
        0         0         0         1

 0.246168 -0.545682   0.80102  0.699829
-0.943638 0.0537177  0.326592  0.705978
-0.221244 -0.836269 -0.501702    2.0051
        0         0         0         1

 0.251926 -0.543118  0.800972  0.697623
-0.945406 0.0386917   0.32359  0.714683
-0.206738 -0.838764  -0.50372   2.01663
        0         0         0         1

 0.256803 -0.541585  0.800461  0.695838
-0.946701  0.025672  0.321089   0.72271
-0.194446 -0.840254 -0.506126   2.02591
        0         0         0         1

  0.267465  -0.539242   0.798549   0.692841
 -0.947837 0.00189849   0.318749   0.739762
 -0.173399  -0.842149  -0.510606    2.04957
         0          0          0          1

   0.269098   -0.539379    0.797907    0.693272
  -0.949271 -0.00858616    0.314342    0.748907
  -0.162699   -0.842019   -0.514327      2.0589
          0           0           0           1

  0.271163  -0.539176   0.797345   0.694094
 -0.950175 -0.0176269   0.311218    0.75852
 -0.153747  -0.842009  -0.517091    2.07123
         0          0          0          1

  0.273891  -0.540184   0.795729   0.693942
 -0.950609 -0.0264206   0.309265   0.766535
 -0.146037  -0.841132   -0.52074    2.08141
         0          0          0          1

  0.274675  -0.537465   0.797299   0.695126
 -0.953892 -0.0479597   0.296292   0.789467
 -0.121008  -0.841921  -0.525857    2.10211
         0          0          0          1

  0.276476  -0.539846   0.795064   0.695365
 -0.953934 -0.0538793   0.295138   0.797793
 -0.116491  -0.840037  -0.529874    2.11495
         0          0          0          1

 0.277739 -0.544024   0.79177  0.697942
-0.954521 -0.063282  0.291349  0.808623
-0.108396  -0.83668 -0.536858   2.12765
        0         0         0         1

  0.283667   -0.53943   0.792811    0.69384
 -0.953789 -0.0732828   0.291403   0.815802
-0.0990921  -0.838836   -0.53529     2.1371
         0          0          0          1

  0.280775  -0.542196   0.791953   0.699077
 -0.955777 -0.0827314   0.282216   0.829293
-0.0874968   -0.83617  -0.541447    2.14796
         0          0          0          1

  0.282972   -0.53939   0.793086   0.695458
 -0.955945 -0.0912947   0.278988   0.838455
-0.0780788  -0.837093  -0.541461    2.15671
         0          0          0          1

  0.28833  -0.53819  0.791971  0.691715
-0.955292  -0.10515  0.276334  0.858018
-0.0654443 -0.836239 -0.544446   2.18167
        0         0         0         1

 0.287035 -0.539642  0.791453  0.692519
-0.956081  -0.11022  0.271588  0.866049
-0.0593264 -0.834649 -0.547578   2.19227
        0         0         0         1

 0.289026 -0.538447  0.791542  0.692869
-0.956067 -0.120039  0.267445  0.879451
-0.0489885 -0.834066 -0.549486   2.20227
        0         0         0         1

 0.287969  -0.53944  0.791251  0.694701
-0.956695 -0.125352  0.262721  0.889282
-0.0425379 -0.832641 -0.552177   2.21349
        0         0         0         1

 0.289374 -0.536691  0.792607  0.693075
 -0.95698 -0.143819  0.252002  0.913422
-0.0212555 -0.831432  -0.55522   2.23395
        0         0         0         1

 0.289258 -0.538212  0.791617  0.693117
-0.957115 -0.148694  0.248636  0.923178
-0.0161102 -0.829589 -0.558142   2.24579
        0         0         0         1

 0.291896 -0.536204  0.792011  0.689037
-0.956441 -0.159963  0.244199  0.936107
-0.0042481 -0.828792  -0.55954   2.25327
        0         0         0         1

 0.287239 -0.537315  0.792961  0.691908
-0.957857 -0.162943   0.23656  0.947584
0.0021004 -0.827492 -0.561474   2.26419
        0         0         0         1

 0.287846 -0.537001  0.792953  0.688963
-0.957602 -0.171742  0.231308  0.960239
0.0119705 -0.825915 -0.563668   2.27342
        0         0         0         1

 0.281289 -0.535748  0.796147  0.690303
-0.959372 -0.175978  0.220539  0.971708
0.0219515 -0.825837 -0.563482   2.28096
        0         0         0         1

 0.275446  -0.54024  0.795154  0.695281
-0.960464 -0.189478  0.203977   1.00012
0.0404676 -0.819902 -0.571073   2.29968
        0         0         0         1

 0.272738 -0.540156  0.796144  0.694848
-0.960854 -0.194833  0.196976   1.01234
0.0487173 -0.818701 -0.572149   2.30709
        0         0         0         1

 0.273686 -0.538754  0.796768  0.690017
-0.960352 -0.198801  0.195452   1.02039
0.0530976 -0.818671 -0.571803   2.32479
        0         0         0         1

 0.275259 -0.536279  0.797895  0.688468
-0.959135 -0.209751  0.189906   1.03387
0.0655164 -0.817563   -0.5721   2.32788
        0         0         0         1

 0.271241 -0.531772  0.802276  0.680854
-0.958713 -0.223242  0.176159   1.06048
0.0854253 -0.816934  -0.57037   2.34519
        0         0         0         1

 0.266745 -0.538188    0.7995  0.688665
-0.959013 -0.230518   0.16479   1.07701
0.0956109 -0.810688 -0.577619   2.35004
        0         0         0         1

 0.262087 -0.535233  0.803017  0.687088
 -0.95951 -0.233513  0.157521   1.09099
 0.103204 -0.811787 -0.574762   2.35761
        0         0         0         1

 0.256099 -0.542143  0.800309  0.692525
-0.960776 -0.233895  0.149005   1.10152
 0.106406 -0.807078 -0.580778   2.37091
        0         0         0         1

 0.253313 -0.538245  0.803819   0.68357
-0.959906 -0.242971  0.139807   1.11742
 0.120054 -0.807005 -0.578212   2.37362
        0         0         0         1

 0.250747 -0.540416  0.803167  0.682268
-0.959871 -0.246438  0.133852   1.12758
 0.125595 -0.804499 -0.580523   2.38556
        0         0         0         1

 0.235217 -0.540884  0.807538  0.685252
-0.959483  -0.26183  0.104103   1.16095
  0.15513 -0.799306 -0.580556   2.39452
        0         0         0         1

 0.233274 -0.549641  0.802171  0.691285
-0.959537 -0.263898 0.0982153   1.17405
 0.157708 -0.792624 -0.588962   2.40454
        0         0         0         1

 0.230601 -0.550786  0.802158   0.69159
-0.959344 -0.266559 0.0927611   1.18671
 0.162731 -0.790937 -0.589862   2.41508
        0         0         0         1

