  0.458929  -0.502597   0.732653   0.939157
 -0.855821 -0.0285694   0.516483    1.08822
 -0.238651  -0.864049  -0.443244    1.85015
         0          0          0          1

 0.447791 -0.496641  0.743526  0.940088
-0.852945  0.012231  0.521858   1.06901
 -0.26827  -0.86787  -0.41813   1.82521
        0         0         0         1

 0.444665 -0.496189  0.745701  0.938746
-0.850502  0.027214  0.525267   1.06203
-0.280925 -0.867788 -0.409909   1.81583
        0         0         0         1

 0.441661 -0.490973   0.75092  0.936973
-0.847255 0.0470679  0.529096   1.05322
-0.295116 -0.869902 -0.395192   1.80328
        0         0         0         1

 0.435127 -0.490252  0.755194  0.940971
-0.846261 0.0636952  0.528947   1.04713
-0.307419  -0.86925 -0.387166   1.79237
        0         0         0         1

 0.430212 -0.490082  0.758114  0.943251
-0.840305 0.0894562  0.534683    1.0372
-0.329857 -0.867074 -0.373333    1.7819
        0         0         0         1

  0.42648 -0.490557  0.759913  0.944813
-0.838302  0.101115  0.535748   1.03268
-0.339654 -0.865522 -0.368111   1.77158
        0         0         0         1

 0.423137 -0.494818  0.759019  0.945202
-0.825607  0.134543  0.547969   1.02004
-0.373265 -0.858518 -0.351595   1.74886
        0         0         0         1

 0.423704 -0.496288  0.757742  0.943332
-0.820309  0.144537  0.553355   1.01515
-0.384145 -0.856042 -0.345868   1.73851
        0         0         0         1

 0.424618 -0.499358  0.755209  0.942023
 -0.81072  0.161606  0.562686    1.0079
-0.403028 -0.851191 -0.336218   1.72936
        0         0         0         1

  0.42423 -0.502395  0.753411  0.941902
-0.807587  0.166495  0.565759   1.00582
-0.409674 -0.848456 -0.335096   1.71669
        0         0         0         1

 0.428964 -0.512956   0.74355  0.947075
-0.790709  0.184773  0.583642  0.997564
-0.436771 -0.838293 -0.326338   1.69046
        0         0         0         1

 0.437964 -0.512352  0.738703  0.946578
-0.779328  0.193238  0.596076  0.995054
-0.448147 -0.836752 -0.314659   1.68106
        0         0         0         1

 0.440325 -0.519375  0.732368  0.947427
-0.762946  0.213567  0.610166  0.990671
-0.473315 -0.827429 -0.302216   1.67065
        0         0         0         1

 0.436865 -0.526804  0.729128  0.949639
-0.755088  0.225756   0.61553   0.98829
-0.488868 -0.819459 -0.299158   1.66317
        0         0         0         1

 0.430414 -0.537371  0.725242  0.953635
-0.745343  0.241604  0.621362  0.985892
-0.509123 -0.807997 -0.296536   1.65167
        0         0         0         1

 0.432665 -0.543505  0.719307  0.952198
-0.735391  0.248786  0.630321  0.984191
-0.521537 -0.801691 -0.292048   1.64201
        0         0         0         1

 0.439296 -0.551977   0.70876  0.957537
-0.712485  0.266464  0.649124  0.981344
 -0.54716 -0.790138 -0.276219   1.61929
        0         0         0         1

 0.446708 -0.554107  0.702436   0.95698
-0.702585  0.268831  0.658866  0.980646
-0.553919 -0.787842 -0.269218   1.60826
        0         0         0         1

 0.456487 -0.553246  0.696806  0.959986
-0.688693  0.276131  0.670413  0.979812
-0.563313  -0.78592 -0.254966   1.59534
        0         0         0         1

 0.464181 -0.551839  0.692827  0.958598
-0.675893  0.284857  0.679725  0.978505
-0.572456 -0.783792 -0.240759   1.58901
        0         0         0         1

 0.470259 -0.545469  0.693772  0.963892
-0.659561  0.305096  0.686947  0.977728
-0.586375 -0.780628 -0.216296   1.56723
        0         0         0         1

 0.469388 -0.544118  0.695421  0.965934
-0.653419  0.315679  0.688034  0.977294
-0.593902 -0.777356 -0.207361   1.56191
        0         0         0         1

 0.474098 -0.540921   0.69472  0.964825
 -0.64391  0.325135   0.69258  0.976116
-0.600509 -0.775688 -0.194158   1.55254
        0         0         0         1

 0.476783 -0.537371  0.695637  0.966919
-0.635542  0.335976  0.695131  0.976267
 -0.60726 -0.773533 -0.181334   1.54771
        0         0         0         1

 0.481903 -0.532188  0.696093  0.967491
-0.624248   0.34896  0.698957  0.975868
-0.614885 -0.771364 -0.164052   1.53984
        0         0         0         1

 0.487287 -0.527202  0.696139  0.966374
-0.621077  0.351154  0.700681  0.976846
-0.613853 -0.773789  -0.15632   1.52925
        0         0         0         1

 0.493734 -0.519612  0.697302  0.967876
-0.606743  0.368589  0.704276  0.978271
-0.622969 -0.770808 -0.133286     1.511
        0         0         0         1

 0.497201 -0.515284   0.69805  0.970001
-0.602827  0.373474  0.705065  0.978845
-0.624012 -0.771362 -0.124935   1.50336
        0         0         0         1

 0.499348 -0.512959  0.698229  0.970885
-0.591074  0.387538  0.707422  0.979086
-0.633469 -0.765955 -0.109681   1.49801
        0         0         0         1

 0.501455 -0.511553  0.697751  0.972803
-0.584192  0.394669  0.709194   0.97933
-0.638171  -0.76325 -0.100937   1.49219
        0         0         0         1

  0.511937  -0.506808   0.693589    0.97422
 -0.562859   0.412043   0.716527   0.979969
  -0.64893   -0.75721 -0.0743213    1.47952
         0          0          0          1

 0.513927 -0.503325  0.694653  0.977929
-0.557865  0.419057  0.716364    0.9809
-0.651663 -0.755682 -0.065423   1.47313
        0         0         0         1

  0.517658  -0.500326   0.694049   0.980287
 -0.549244   0.427656   0.717943   0.982877
  -0.65602  -0.752851 -0.0534212    1.46611
         0          0          0          1

 0.524486 -0.497933  0.690636  0.978766
-0.544175   0.42781  0.721701  0.983807
 -0.65482 -0.754348 -0.046582   1.45885
        0         0         0         1

  0.530129  -0.494303   0.688933    0.97908
    -0.538   0.431915   0.723882    0.98482
 -0.655377  -0.754396 -0.0369642    1.44952
         0          0          0          1

  0.534614  -0.492004    0.68711   0.979607
 -0.531727   0.436115   0.725996   0.985886
 -0.656852  -0.753483 -0.0284585    1.44549
         0          0          0          1

   0.540919   -0.482714    0.688763    0.983433
  -0.517502    0.454535    0.724976    0.986091
  -0.663022   -0.748589 -0.00393892     1.43789
          0           0           0           1

  0.546471  -0.475841   0.689162    0.98262
 -0.515013   0.457966   0.724589   0.987117
 -0.660402  -0.750894 0.00520121    1.43341
         0          0          0          1

 0.548492 -0.469135  0.692147  0.984507
-0.514254  0.463442   0.72164  0.988934
-0.659317 -0.751754 0.0129393   1.42782
        0         0         0         1

 0.549655 -0.466208  0.693203  0.986158
-0.511596  0.468138  0.720497  0.989455
-0.660416 -0.750665 0.0188041   1.42714
        0         0         0         1

 0.556029 -0.458968   0.69295   0.98696
-0.506501  0.473921  0.720316  0.990375
-0.659006 -0.751496 0.0310458   1.41976
        0         0         0         1

 0.559123 -0.455612  0.692676  0.988664
-0.508994  0.470859  0.720567  0.991253
-0.654451 -0.755454 0.0313642   1.41192
        0         0         0         1

 0.563501 -0.450905  0.692208  0.990704
-0.508281  0.471303   0.72078  0.992175
-0.651243 -0.757996 0.0363932   1.40685
        0         0         0         1

 0.565844 -0.449329  0.691321  0.991327
-0.505369  0.473492  0.721393  0.991831
-0.651477 -0.757568 0.0408459   1.40549
        0         0         0         1

 0.571475 -0.449542  0.686534  0.987246
-0.500235   0.47236    0.7257  0.992258
-0.650524 -0.758148 0.0450644   1.40073
        0         0         0         1

 0.570021 -0.446378  0.689799  0.991516
-0.499963  0.477785  0.722329  0.992693
-0.652007 -0.756616 0.0491746   1.40017
        0         0         0         1

 0.571682 -0.434628  0.695901  0.999365
-0.500961  0.486811  0.715579  0.993819
-0.649783 -0.757703  0.060569   1.39802
        0         0         0         1

  0.57373 -0.430046  0.697061   1.00069
-0.502781  0.486921  0.714226  0.993951
-0.646564 -0.760242  0.063142   1.39425
        0         0         0         1

 0.578625 -0.424096  0.696661  0.999807
 -0.50217  0.487814  0.714046  0.994202
-0.642665 -0.763007 0.0692932    1.3912
        0         0         0         1

 0.581424  -0.41936  0.697196   1.00062
-0.502531  0.488818  0.713106  0.994716
 -0.63985  -0.76498 0.0734691   1.38939
        0         0         0         1

 0.587157 -0.411118  0.697301   1.00098
 -0.50155  0.491379  0.712036  0.995338
 -0.63537 -0.767808   0.08232   1.38603
        0         0         0         1

 0.590101 -0.407591  0.696887   1.00023
-0.501977  0.490816  0.712123  0.994939
-0.632297 -0.770045 0.0850292   1.38416
        0         0         0         1

 0.590778 -0.404249  0.698258   1.00067
-0.507724  0.486328  0.711126  0.995431
-0.627055  -0.77464 0.0820647   1.37832
        0         0         0         1

 0.590977 -0.401386   0.69974   1.00248
-0.508636  0.487859  0.709424  0.995158
-0.626127 -0.775166 0.0841538   1.37799
        0         0         0         1

 0.590887 -0.397732  0.701899   1.00491
 -0.51075  0.489042  0.707087  0.994793
-0.624489 -0.776303 0.0858271   1.37774
        0         0         0         1

 0.589553  -0.39528  0.704401   1.00721
-0.511988  0.491628  0.704393  0.994885
-0.624736 -0.775922 0.0874619   1.37823
        0         0         0         1

 0.588759 -0.385664  0.710371   1.01108
-0.519387  0.492893  0.698064  0.995242
-0.619354 -0.779949 0.0898863   1.37547
        0         0         0         1

 0.591703 -0.384423  0.708595   1.00884
-0.517911  0.492318  0.699565  0.994876
-0.617783 -0.780924 0.0922093   1.37496
        0         0         0         1

 0.591186 -0.381189   0.71077   1.00986
-0.518786  0.495037  0.696993  0.994651
-0.617544  -0.78079 0.0949035   1.37548
        0         0         0         1

 0.590136 -0.379586  0.712499    1.0107
-0.521322  0.494695  0.695342  0.994502
-0.616412 -0.781787 0.0940502   1.37388
        0         0         0         1

 0.589507 -0.377168  0.714301   1.01065
-0.527602  0.489814  0.694059  0.993988
-0.611651  -0.78602 0.0897543   1.36945
        0         0         0         1

 0.587915 -0.376762  0.715826   1.01199
-0.529394  0.489888  0.692641  0.993646
-0.611636 -0.786168 0.0885567   1.36907
        0         0         0         1

 0.585848 -0.375439  0.718211   1.01348
-0.532502   0.48973  0.690367  0.993197
 -0.61092 -0.786899 0.0869851   1.36874
        0         0         0         1

 0.583736 -0.374835  0.720244   1.01438
-0.533125   0.49211   0.68819  0.992964
-0.612397 -0.785701 0.0874281   1.37028
        0         0         0         1

 0.581828 -0.375023  0.721688   1.01465
-0.534242  0.492831  0.686806  0.992691
-0.613239 -0.785159 0.0863896   1.37128
        0         0         0         1

 0.581597 -0.374098  0.722354   1.01455
-0.535454  0.492439  0.686144  0.992422
  -0.6124 -0.785847  0.086089   1.37125
        0         0         0         1

 0.580887 -0.372476  0.723763    1.0149
-0.539426  0.489727  0.684972  0.992182
-0.609582 -0.788308 0.0835527   1.37025
        0         0         0         1

 0.581153 -0.372219  0.723681   1.01507
-0.539978  0.488931  0.685106  0.992268
 -0.60884 -0.788923 0.0831535    1.3702
        0         0         0         1

 0.581582 -0.371823   0.72354   1.01518
-0.542079  0.486046  0.685499   0.99216
-0.606558  -0.79089 0.0811177   1.36953
        0         0         0         1

 0.581688 -0.372681  0.723013   1.01486
-0.542489  0.484567  0.686222  0.992169
 -0.60609 -0.791394 0.0796915   1.36954
        0         0         0         1

 0.583339 -0.373702  0.721153   1.01401
-0.540157  0.484587  0.688045  0.991771
-0.606585   -0.7909 0.0808207   1.37147
        0         0         0         1

 0.582555 -0.371596  0.722873   1.01512
-0.541874  0.485324  0.686173   0.99175
-0.605807  -0.79144 0.0813699   1.37232
        0         0         0         1

 0.582271 -0.370083  0.723878   1.01674
-0.543231  0.485335  0.685091  0.991744
-0.604864 -0.792142  0.081556   1.37363
        0         0         0         1

 0.582549 -0.368679   0.72437   1.01759
-0.544005  0.485304  0.684499  0.992001
  -0.6039 -0.792815 0.0821496   1.37519
        0         0         0         1

 0.585803 -0.364253  0.723985   1.01714
-0.547574  0.480691  0.684908  0.992671
-0.597493 -0.797657 0.0821349   1.37399
        0         0         0         1

 0.587113 -0.361405  0.724351   1.01703
-0.548278  0.480783   0.68428  0.993001
-0.595557 -0.798896 0.0841237   1.37546
        0         0         0         1

  0.59148  -0.35264  0.725118   1.01523
-0.554772  0.474621  0.683347  0.993067
-0.585132 -0.806461 0.0850942   1.37918
        0         0         0         1

  0.59187 -0.348508  0.726796   1.01542
-0.559608  0.471289  0.681708  0.993439
-0.580111 -0.810203 0.0839139   1.38159
        0         0         0         1

 0.589013 -0.343361  0.731551    1.0176
-0.567532  0.468687  0.676934  0.993526
-0.575301 -0.813902 0.0811942    1.3856
        0         0         0         1

 0.589188 -0.340551  0.732722   1.01774
 -0.57061  0.466678  0.675733  0.993441
-0.572068 -0.816233 0.0806391    1.3903
        0         0         0         1

 0.588368 -0.334016   0.73638   1.01825
-0.583227  0.455476  0.672598  0.993743
-0.560062 -0.825212 0.0731803   1.40165
        0         0         0         1

 0.589135 -0.329967  0.737591   1.01871
-0.591593  0.445638  0.671882  0.994311
-0.550397 -0.832183 0.0673346    1.4034
        0         0         0         1

 0.592145 -0.326061  0.736918   1.01674
-0.599064  0.433518   0.67319   0.99443
-0.538968 -0.840087 0.0613738   1.40698
        0         0         0         1

 0.592745 -0.323059  0.737758   1.01626
-0.603984  0.427665  0.672537  0.993905
-0.532782 -0.844237 0.0583737   1.41225
        0         0         0         1

 0.593704 -0.319725  0.738439   1.01481
-0.609835  0.419935  0.672128  0.993614
-0.524992 -0.849371 0.0543372   1.42171
        0         0         0         1

 0.594073 -0.317488  0.739106   1.01505
-0.617949  0.408115  0.671998  0.994196
-0.514992 -0.855946 0.0462583   1.42485
        0         0         0         1

 0.590264 -0.312271  0.744362   1.01935
-0.637992  0.384459  0.667201  0.994556
-0.494524 -0.868722 0.0277056   1.44131
        0         0         0         1

 0.591108 -0.313486  0.743181   1.01833
-0.642421  0.374173  0.668798  0.994145
-0.487737 -0.872767 0.0197868   1.44886
        0         0         0         1

  0.590849  -0.312257   0.743904    1.02031
 -0.651913   0.358427   0.668236   0.994967
 -0.475296  -0.879787 0.00821183    1.45844
         0          0          0          1

   0.589204   -0.310973    0.745744     1.02255
  -0.658846    0.349367    0.666232    0.994902
  -0.467719   -0.883877 0.000965106     1.46723
          0           0           0           1

  0.597124  -0.305899   0.741531    1.01957
 -0.674458   0.308953   0.670563   0.996343
 -0.434223  -0.900541 -0.0218329    1.48372
         0          0          0          1

  0.603077   -0.30395   0.737505    1.01634
 -0.677741   0.292339   0.674689   0.996835
 -0.420673  -0.906726 -0.0296965    1.49151
         0          0          0          1

  0.603912  -0.301278   0.737917    1.01811
 -0.686944   0.272786   0.673569   0.998084
 -0.404225  -0.913684 -0.0422221     1.5037
         0          0          0          1

  0.605753  -0.298986    0.73734    1.01717
 -0.692793   0.257533   0.673583   0.999774
 -0.391282  -0.918849 -0.0511345    1.51258
         0          0          0          1

 0.605321 -0.296221   0.73881   1.02029
-0.700954  0.241423  0.671102   1.00076
 -0.37716 -0.924104 -0.061499   1.52867
        0         0         0         1

  0.601453  -0.294803   0.742526    1.02464
  -0.71259   0.222255   0.665446    1.00321
 -0.361206  -0.929351 -0.0763974    1.53496
         0          0          0          1

 0.603405 -0.291852  0.742108   1.02523
-0.726652  0.182069   0.66244   1.00778
-0.328449 -0.938975 -0.102213   1.56394
        0         0         0         1

 0.603139 -0.290501  0.742854   1.02673
-0.734011  0.162347  0.659447   1.01044
 -0.31217 -0.943002 -0.115313   1.57237
        0         0         0         1

 0.606297 -0.288378  0.741109   1.02338
 -0.73954   0.13817  0.658778   1.01297
-0.292376 -0.947495 -0.129495   1.58769
        0         0         0         1

 0.608765 -0.284882  0.740437   1.02157
-0.745928  0.112308  0.656489    1.0173
-0.270179 -0.951961 -0.144132   1.59403
        0         0         0         1

 0.608965 -0.278721  0.742614   1.02292
-0.759413 0.0654581  0.647308   1.02577
-0.229029 -0.958139 -0.171803   1.62298
        0         0         0         1

  0.60688 -0.279406  0.744062   1.02451
 -0.76554 0.0461545  0.641731   1.02937
-0.213645 -0.959063 -0.185887   1.63281
        0         0         0         1

 0.608889  -0.27387  0.744479   1.02369
-0.770201 0.0205087  0.637471   1.03407
-0.189852 -0.961548 -0.198448   1.64834
        0         0         0         1

  0.610649  -0.270429   0.744295    1.02162
 -0.772707 0.00220104   0.634759    1.03872
 -0.173295  -0.962737  -0.207618    1.66045
         0          0          0          1

  0.610079  -0.265215   0.746635     1.0228
 -0.778511 -0.0253522   0.627119    1.04618
 -0.147392  -0.963856  -0.221939    1.67292
         0          0          0          1

  0.610005  -0.264103    0.74709    1.02351
 -0.780792 -0.0395669   0.623537    1.05029
 -0.135118  -0.963683  -0.230345    1.68741
         0          0          0          1

  0.610162  -0.256868   0.749481     1.0231
 -0.786939 -0.0868682   0.610885      1.065
-0.0918107  -0.962535  -0.255143    1.71536
         0          0          0          1

 0.609537 -0.253609  0.751097   1.02249
-0.789225 -0.104783  0.605099   1.07004
-0.074756 -0.961615 -0.264024   1.72493
        0         0         0         1

 0.609461 -0.250864  0.752081   1.02027
-0.791217 -0.132227  0.597069   1.08003
-0.0503374 -0.958949 -0.279075   1.73761
        0         0         0         1

  0.60535 -0.250854  0.755396   1.02279
-0.795188 -0.148832  0.587814   1.08684
-0.0350286 -0.956515 -0.289571   1.74761
        0         0         0         1

 0.604838 -0.248928  0.756443   1.02321
-0.796349 -0.188429  0.574738   1.10367
-0.000532595 -0.950016 -0.312202   1.77543
        0         0         0         1

  0.60181 -0.253035  0.757494    1.0268
-0.798633 -0.194311  0.569586   1.10951
0.00306456 -0.947743  -0.31902   1.79215
        0         0         0         1

 0.603786  -0.24983  0.756986   1.02575
-0.796617 -0.223719  0.561562   1.12303
0.0290569 -0.942091 -0.334097   1.80088
        0         0         0         1

 0.606098 -0.250351  0.754963   1.02673
-0.794247 -0.241365  0.557598   1.13185
0.0426265 -0.937586 -0.345131   1.80809
        0         0         0         1

 0.609281 -0.248592   0.75298   1.02488
-0.790444 -0.265908  0.551807   1.14503
0.0630486 -0.931394 -0.358511   1.81817
        0         0         0         1

 0.612208 -0.245671  0.751563   1.02421
-0.787551 -0.274162  0.551905   1.15223
0.0704637 -0.929775 -0.361322   1.83024
        0         0         0         1

 0.618734 -0.240324  0.747939    1.0187
 -0.77896 -0.311205  0.544401   1.17564
 0.101929 -0.919454 -0.379756   1.84904
        0         0         0         1

 0.621842  -0.24028  0.745371   1.01747
-0.775009 -0.325628  0.541597    1.1864
 0.112578 -0.914457 -0.388709   1.85574
        0         0         0         1

