  0.507656 -0.0781448   0.858008   0.834048
  -0.85173  -0.195525   0.486134    1.07493
  0.129773   -0.97758  -0.165818    1.94877
         0          0          0          1

  0.505409 -0.0762501   0.859505   0.832792
 -0.855272  -0.176254   0.487283    1.05724
  0.114336  -0.981387  -0.154295    1.94269
         0          0          0          1

   0.50397 -0.0721744     0.8607   0.830962
 -0.856886  -0.166903    0.48774    1.04782
  0.108451  -0.983328  -0.145959    1.93651
         0          0          0          1

 0.507286 -0.067347  0.859142  0.825937
-0.857114 -0.143006  0.494879   1.03067
0.0895342 -0.987428 -0.130269   1.93396
        0         0         0         1

  0.502131 -0.0629656   0.862496   0.828155
  -0.86066  -0.133759   0.491297    1.02149
 0.0844316  -0.989012  -0.121356    1.92677
         0          0          0          1

  0.500017 -0.0557468    0.86422   0.822547
 -0.864127  -0.097988   0.493642   0.993487
 0.0571641  -0.993625 -0.0971679    1.91526
         0          0          0          1

  0.491784 -0.0568206   0.868861   0.828243
 -0.869271 -0.0895384    0.48616   0.985836
 0.0501726  -0.994361  -0.093426    1.90675
         0          0          0          1

  0.492321 -0.0511393    0.86891   0.821419
 -0.869281 -0.0797907   0.487836   0.973059
 0.0443834  -0.995499 -0.0837371    1.89319
         0          0          0          1

  0.489265  -0.050809   0.870654   0.820608
 -0.871626 -0.0625874   0.486159   0.961226
 0.0297907  -0.996745 -0.0749083     1.8906
         0          0          0          1

  0.481437 -0.0477314    0.87518    0.81953
  -0.87648 -0.0278107   0.480635   0.935873
0.00139803  -0.998473 -0.0552247    1.87592
         0          0          0          1

   0.47648 -0.0462582   0.877968   0.820969
 -0.879169 -0.0190269   0.476129   0.927391
-0.0053199  -0.998748 -0.0497347     1.8672
         0          0          0          1

   0.476293  -0.0415987    0.878302    0.820408
  -0.879084 -0.00112058    0.476665    0.914485
 -0.0188444   -0.999134  -0.0371025     1.85968
          0           0           0           1

  0.480333 -0.0345171   0.876407   0.815872
 -0.876747 0.00887832    0.48087   0.905478
-0.0243792  -0.999365 -0.0259982    1.85098
         0          0          0          1

  0.480167 -0.0271862   0.876756   0.816683
 -0.876535  0.0233537   0.480771   0.894337
-0.0335458  -0.999358  -0.012616    1.83972
         0          0          0          1

   0.479062  -0.0214238     0.87752    0.817234
  -0.876898   0.0331538    0.479532    0.885923
 -0.0393665   -0.999221 -0.00290376     1.83191
          0           0           0           1

  0.478463 -0.0113431   0.878034     0.8138
 -0.876017  0.0627907   0.478175   0.864683
-0.0605564  -0.997962  0.0201063    1.81414
         0          0          0          1

   0.475503 -0.00901421    0.879668    0.813686
  -0.876928   0.0746595    0.474788    0.857011
 -0.0699554   -0.997168   0.0275961     1.80797
          0           0           0           1

   0.473124 -0.00481147    0.880983    0.811745
  -0.877353   0.0882692    0.471656    0.846421
  -0.080033   -0.996085   0.0375409     1.79626
          0           0           0           1

   0.472053 -0.00623756    0.881548    0.811451
  -0.876971   0.0986894    0.470301    0.839108
 -0.0899329   -0.995099   0.0411165     1.78956
          0           0           0           1

   0.464308 -0.00470629    0.885661    0.811708
  -0.878424     0.12524    0.461179    0.821894
  -0.113091   -0.992115   0.0540159      1.7703
          0           0           0           1

   0.465487 -0.00065296    0.885054    0.809089
  -0.877153    0.132983     0.46143    0.815876
  -0.117999   -0.991118   0.0613292     1.76042
          0           0           0           1

 0.463026 0.0027406   0.88634  0.809106
 -0.87658  0.149444  0.457465  0.806328
-0.131205 -0.988766  0.071599   1.75151
        0         0         0         1

  0.461985 0.00636492   0.886865   0.809241
 -0.875815   0.160794   0.455075   0.799907
 -0.139706  -0.986967  0.0798591    1.74436
         0          0          0          1

   0.4623 0.0120788  0.886641   0.80747
-0.873933  0.175427  0.453284  0.790724
-0.150066 -0.984418 0.0916561   1.73421
        0         0         0         1

 0.459699 0.0147671  0.887952   0.80936
 -0.87417  0.183766  0.449508  0.785923
-0.156538 -0.982859 0.0973862   1.72588
        0         0         0         1

 0.460252 0.0286324  0.887326     0.806
 -0.87109  0.207502  0.445135  0.770382
-0.171377 -0.977815  0.120445   1.70728
        0         0         0         1

 0.457361 0.0288493  0.888813  0.807608
-0.870643  0.218081  0.440933  0.765417
-0.181113 -0.975504  0.124859   1.70174
        0         0         0         1

 0.453643 0.0339171  0.890538  0.809317
-0.870999  0.228343  0.434993  0.758916
-0.188595  -0.97299  0.133128   1.69103
        0         0         0         1

 0.454628 0.0382307   0.88986  0.807533
-0.869459  0.235841  0.434073  0.753353
 -0.19327 -0.971039   0.14046   1.68357
        0         0         0         1

 0.458395 0.0438537  0.887666  0.804452
-0.863991  0.256091  0.433517   0.74068
-0.208312 -0.965657   0.15528   1.66399
        0         0         0         1

 0.458693 0.0457376  0.887417   0.80374
-0.861969   0.26554  0.431853  0.735614
-0.215893 -0.963014  0.161226   1.65746
        0         0         0         1

 0.456757 0.0426321   0.88857   0.80517
-0.859141  0.280244  0.428183  0.729418
-0.230762 -0.958982   0.16463   1.65154
        0         0         0         1

 0.453279 0.0426779  0.890347  0.806707
 -0.85935  0.286234  0.423778  0.726089
-0.236762 -0.957209  0.166419   1.64371
        0         0         0         1

 0.452722 0.0416882  0.890676  0.805158
-0.857032  0.295986  0.421768  0.720578
-0.246045 -0.954282  0.169727   1.63445
        0         0         0         1

 0.451634 0.0401672  0.891299  0.804961
-0.855718   0.30226  0.419983  0.717127
-0.252534 -0.952379  0.170883   1.62751
        0         0         0         1

 0.451946 0.0317641  0.891479  0.802239
-0.849474  0.320365  0.419236  0.707633
-0.272283 -0.946761  0.171771   1.61163
        0         0         0         1

 0.453584 0.0292364  0.890734  0.800349
-0.846485  0.326786  0.420325  0.704198
-0.278791 -0.944646  0.172973   1.60578
        0         0         0         1

 0.450356 0.0240322  0.892525  0.801712
-0.844894  0.334674   0.41731  0.700299
-0.288676 -0.942028  0.171027   1.59691
        0         0         0         1

 0.451976 0.0194943  0.891817  0.800499
-0.841691  0.340421   0.41913  0.697252
-0.295423 -0.940071   0.17027   1.59124
        0         0         0         1

  0.450268 0.00799965   0.892857   0.800266
 -0.834911   0.358241   0.417836   0.690239
 -0.316516  -0.933595   0.167984    1.57881
         0          0          0          1

 0.451029 0.0028522  0.892505  0.799294
-0.831769  0.363942  0.419173  0.687265
-0.323624 -0.931417  0.166521   1.57311
        0         0         0         1

   0.450346 -0.00351777    0.892847    0.799208
  -0.828976    0.369791    0.419586    0.684582
  -0.331643   -0.929108    0.163618     1.56572
          0           0           0           1

   0.448195 -0.00844421    0.893896    0.800241
   -0.82705    0.375597    0.418227    0.682591
  -0.339277   -0.926744    0.161357     1.56203
          0           0           0           1

  0.447477 -0.0151234   0.894167   0.800125
 -0.824212   0.381032   0.418913   0.679878
 -0.347042  -0.924438   0.158038     1.5558
         0          0          0          1

  0.448602 -0.0189017   0.893532   0.799211
 -0.820715    0.38708   0.420232   0.677456
 -0.353812  -0.921852   0.158132    1.55221
         0          0          0          1

   0.44591 -0.0265553   0.894684   0.802135
 -0.816284   0.398013   0.418649    0.67392
 -0.367213  -0.916995   0.155801    1.54193
         0          0          0          1

  0.447849 -0.0294292   0.893625   0.801461
 -0.813465     0.4014   0.420895   0.672147
 -0.371088   -0.91543   0.155827    1.53809
         0          0          0          1

  0.448546 -0.0334436   0.893134   0.801942
 -0.810521   0.405902   0.422255   0.669986
 -0.376647  -0.913304   0.154959    1.53247
         0          0          0          1

  0.449365 -0.0370381    0.89258   0.801023
  -0.80718   0.411293   0.423437   0.667837
 -0.382795   -0.91075   0.154924    1.52911
         0          0          0          1

  0.446419 -0.0469611   0.893591   0.802107
 -0.802551   0.420649   0.423044   0.664509
 -0.395755  -0.906007   0.150097    1.52019
         0          0          0          1

  0.443697 -0.0510402   0.894722   0.803903
 -0.802426   0.421939   0.421996   0.663713
 -0.399057  -0.905187   0.146257    1.51651
         0          0          0          1

  0.442303 -0.0603667   0.894832   0.803931
 -0.798789   0.427152   0.423647   0.661419
 -0.407803  -0.902163    0.14071    1.51339
         0          0          0          1

  0.440423 -0.0668619   0.895297   0.805018
 -0.796592   0.430846   0.424043   0.660386
 -0.414087  -0.899945   0.136493    1.51159
         0          0          0          1

  0.443015 -0.0735841   0.893489   0.803438
 -0.793192   0.432319    0.42889   0.658582
 -0.417832  -0.898713   0.133158    1.50648
         0          0          0          1

  0.441829 -0.0779691   0.893705   0.804419
 -0.791527   0.434993   0.429264    0.65762
 -0.422224  -0.897052   0.130478    1.50353
         0          0          0          1

  0.442547 -0.0902122   0.892196   0.804336
 -0.784862    0.44228   0.434027   0.653999
 -0.433755  -0.892329   0.124925    1.49818
         0          0          0          1

  0.440151 -0.0936485   0.893027   0.805897
   -0.7835   0.445771   0.432915   0.653354
 -0.438627  -0.890235   0.122833    1.49611
         0          0          0          1

  0.438574 -0.0981426    0.89332   0.806296
 -0.781055   0.450054   0.432902   0.652121
 -0.444528  -0.887592   0.120727    1.49396
         0          0          0          1

  0.438423 -0.0997157    0.89322   0.805876
 -0.780119   0.451302   0.433291   0.651199
 -0.446317  -0.886783   0.120071    1.49071
         0          0          0          1

 0.437933 -0.107256  0.892587  0.805745
-0.775256  0.457647  0.435359  0.648856
-0.455184 -0.882641  0.117268   1.48484
        0         0         0         1

 0.435081 -0.109645  0.893691  0.806777
-0.774112  0.461362  0.433469  0.648335
-0.459843  -0.88041  0.115852   1.48347
        0         0         0         1

 0.434853 -0.114094  0.893244  0.806311
-0.771638  0.464121  0.434934  0.647216
-0.464196 -0.878393  0.113785   1.48025
        0         0         0         1

  0.43424 -0.116055   0.89329  0.806616
-0.771202  0.464553  0.435245   0.64705
-0.465493 -0.877908  0.112226   1.47747
        0         0         0         1

 0.434253 -0.119673  0.892806  0.806532
-0.767364   0.46995  0.436232  0.645692
 -0.47178 -0.874543  0.112244   1.47621
        0         0         0         1

 0.434504 -0.121803  0.892396  0.806754
-0.765981  0.471238  0.437272  0.645073
-0.473792 -0.873555  0.111456   1.47437
        0         0         0         1

 0.434902 -0.125148  0.891739  0.807931
-0.762774  0.475113  0.438684  0.644087
-0.478577  -0.87098  0.111168   1.46993
        0         0         0         1

 0.434283 -0.125511   0.89199  0.808538
-0.762087  0.476735  0.438118  0.644024
-0.480231 -0.870041  0.111388   1.46849
        0         0         0         1

 0.431861 -0.125432  0.893176  0.810768
-0.762913  0.477423  0.435924  0.644225
-0.481102 -0.869674  0.110486   1.46561
        0         0         0         1

 0.430684 -0.126181  0.893638  0.811595
-0.763186  0.477602   0.43525  0.644528
-0.481724 -0.869468  0.109396   1.46396
        0         0         0         1

 0.431872 -0.127414   0.89289  0.811021
-0.762128  0.477862  0.436816  0.644071
-0.482335 -0.869145  0.109269   1.45882
        0         0         0         1

 0.430765 -0.128612  0.893253  0.811935
-0.761345  0.479656  0.436215  0.644046
-0.484556  -0.86798  0.108701   1.45795
        0         0         0         1

 0.431681 -0.130004  0.892609  0.811173
-0.759032  0.482304  0.437326  0.643225
-0.487363 -0.866304  0.109524   1.45694
        0         0         0         1

  0.43116 -0.131685  0.892614  0.811296
 -0.75804  0.483692  0.437514  0.643196
-0.489364 -0.865275  0.108726   1.45609
        0         0         0         1

  0.43074 -0.135214  0.892289  0.811721
-0.754284  0.488907  0.438207  0.642391
-0.495498 -0.861793  0.108603   1.45637
        0         0         0         1

 0.429594 -0.135298  0.892829  0.812802
-0.753835   0.49062  0.437063  0.642477
-0.497174 -0.860806  0.108775   1.45564
        0         0         0         1

 0.429582 -0.136594  0.892637  0.814509
-0.754299   0.48919  0.437865  0.643115
-0.496479 -0.861415  0.107114   1.45098
        0         0         0         1

 0.429012  -0.13795  0.892703  0.815075
 -0.75367    0.4901  0.437931  0.643148
-0.497927 -0.860681   0.10629   1.45062
        0         0         0         1

 0.429395 -0.139132  0.892335  0.815626
-0.753581  0.489347  0.438924  0.643354
 -0.49773 -0.860919  0.105276   1.44877
        0         0         0         1

 0.429903 -0.139742  0.891995   0.81569
-0.753009  0.489603  0.439621  0.643173
-0.498157 -0.860675  0.105255   1.44768
        0         0         0         1

 0.429807 -0.140548  0.891915  0.816995
-0.751911   0.49118  0.439741  0.642782
-0.499895 -0.859645  0.105433   1.44611
        0         0         0         1

 0.429622 -0.140144  0.892068  0.818081
-0.751837  0.491663  0.439327  0.642709
-0.500166 -0.859434  0.105864   1.44494
        0         0         0         1

  0.42918 -0.139824  0.892331  0.818413
-0.751958  0.491987  0.438758  0.642889
-0.500364 -0.859301  0.106009   1.44362
        0         0         0         1

 0.428222 -0.139967  0.892769  0.819496
-0.751871  0.492873  0.437911  0.642712
-0.501314  -0.85877  0.105822   1.44348
        0         0         0         1

  0.42771 -0.140396  0.892946  0.820069
-0.751908  0.493028  0.437673  0.642853
-0.501695 -0.858611  0.105308    1.4423
        0         0         0         1

 0.427137 -0.141322  0.893075  0.820629
-0.751989  0.492917  0.437659   0.64295
-0.502062 -0.858523  0.104271   1.44144
        0         0         0         1

  0.42683 -0.144853  0.892656  0.820923
-0.751377  0.492486  0.439193  0.642814
-0.503239 -0.858181  0.101369   1.43979
        0         0         0         1

 0.427954 -0.146034  0.891925  0.820819
-0.750561  0.492349  0.440738  0.642416
-0.503501  -0.85806  0.101095   1.43896
        0         0         0         1

 0.428813 -0.146966  0.891359  0.821651
-0.749481  0.493003  0.441844  0.642662
-0.504379 -0.857525  0.101258   1.43869
        0         0         0         1

 0.430357 -0.147274  0.890563  0.821667
-0.748085  0.493919  0.443186  0.642457
-0.505136 -0.856945  0.102388   1.43838
        0         0         0         1

 0.432548   -0.1462  0.889679  0.822835
-0.747339  0.493866  0.444501  0.642717
-0.504368 -0.857159   0.10436   1.43645
        0         0         0         1

 0.433265 -0.144515  0.889605  0.824012
-0.747242  0.494264  0.444222   0.64307
-0.503896 -0.857216  0.106159   1.43579
        0         0         0         1

  0.43201 -0.140846  0.890803  0.826965
-0.748398  0.495182  0.441242   0.64426
-0.503257 -0.857296  0.108515   1.43538
        0         0         0         1

 0.431272 -0.139731  0.891336  0.827091
-0.749713  0.494112  0.440208  0.644272
-0.501931 -0.858096  0.108338    1.4342
        0         0         0         1

 0.430051 -0.138262  0.892154  0.827231
-0.751587  0.492656  0.438642  0.644493
-0.500173  -0.85917  0.107952   1.43279
        0         0         0         1

 0.428509 -0.137299  0.893045  0.827769
-0.753208  0.491641  0.436998  0.644924
-0.499057 -0.859906  0.107258    1.4322
        0         0         0         1

 0.423893  -0.13392  0.895757  0.828832
-0.757048  0.490519  0.431588  0.644908
-0.497184 -0.861079  0.106544   1.43201
        0         0         0         1

 0.422283 -0.132577  0.896717  0.829237
 -0.75829  0.490354  0.429592  0.644962
-0.496663  -0.86138  0.106536    1.4322
        0         0         0         1

 0.420127 -0.131776  0.897847  0.830385
-0.760046  0.489476  0.427486  0.645112
-0.495807 -0.862003  0.105486   1.43135
        0         0         0         1

 0.418768 -0.132363  0.898395  0.830807
-0.759904  0.490563   0.42649  0.645238
-0.497171 -0.861294  0.104849   1.43183
        0         0         0         1

 0.418708 -0.134899  0.898045  0.830211
-0.759487  0.490128  0.427731  0.644911
-0.497858 -0.861148  0.102766   1.43189
        0         0         0         1

  0.41742  -0.13611  0.898462   0.83087
-0.759988  0.489746  0.427278  0.645132
-0.498175 -0.861175  0.100988   1.43158
        0         0         0         1

 0.415809 -0.142046   0.89829  0.831679
 -0.75928  0.489461  0.428861  0.645483
-0.500596 -0.860378 0.0956697   1.43137
        0         0         0         1

 0.414455 -0.145024   0.89844   0.83243
-0.759157   0.48936  0.429194  0.645606
-0.501904 -0.859939 0.0927214   1.43098
        0         0         0         1

 0.413432 -0.150867  0.897949  0.832504
-0.758327  0.488816  0.431275  0.645614
-0.503997 -0.859243  0.087686   1.43053
        0         0         0         1

 0.413472 -0.155859  0.897078  0.832291
-0.755917  0.490468  0.433624  0.645565
-0.507573 -0.857408 0.0849782   1.43106
        0         0         0         1

 0.409148 -0.166665  0.897118  0.833062
-0.752942  0.493714  0.435115  0.645446
-0.515438 -0.853504 0.0765128   1.43218
        0         0         0         1

 0.408677 -0.169667   0.89677  0.833375
-0.752691   0.49305    0.4363  0.645537
-0.516179 -0.853296 0.0737917   1.43233
        0         0         0         1

 0.407921 -0.174177  0.896249  0.833952
-0.751116  0.494052  0.437878  0.645635
-0.519062 -0.851807 0.0707069   1.43298
        0         0         0         1

 0.406362 -0.178683   0.89607  0.834333
-0.751005  0.493278   0.43894  0.645715
-0.520443 -0.851322 0.0662573   1.43321
        0         0         0         1

  0.40484 -0.186983  0.895065  0.834153
-0.749794  0.492391  0.441996  0.645685
-0.523368 -0.850052 0.0591409   1.43403
        0         0         0         1

 0.403003 -0.191787  0.894878  0.834281
-0.749459  0.492029  0.442965  0.645889
-0.525261 -0.849191 0.0545526   1.43491
        0         0         0         1

 0.396238 -0.202928  0.895442  0.835957
-0.750153  0.490786   0.44317  0.647059
-0.529401 -0.847319 0.0422409   1.43637
        0         0         0         1

 0.394871 -0.207636  0.894966  0.836457
-0.749249  0.490976  0.444487  0.647507
-0.531699 -0.846067 0.0383012   1.43713
        0         0         0         1

  0.39472 -0.213313  0.893697  0.836439
-0.747083  0.491698  0.447326  0.647874
-0.534849 -0.844234 0.0347203   1.43801
        0         0         0         1

 0.395664 -0.217129  0.892359  0.836517
-0.743629  0.494458   0.45003  0.647706
-0.538949 -0.841645 0.0341757   1.43966
        0         0         0         1

 0.398755 -0.227134  0.888484  0.836883
-0.737189   0.49689  0.457879  0.648869
-0.545479 -0.837562 0.0306974   1.44101
        0         0         0         1

 0.398934 -0.230997  0.887408  0.837907
-0.735376  0.497527  0.460097  0.649577
 -0.54779 -0.836126 0.0286109   1.44157
        0         0         0         1

  0.39937 -0.236954  0.885639  0.838364
 -0.73267  0.498191  0.463682  0.650413
-0.551088 -0.834062 0.0253539   1.44299
        0         0         0         1

 0.400968 -0.239629  0.884196  0.838342
-0.732542  0.495706  0.466539  0.651051
-0.550097 -0.834778 0.0232237   1.44264
        0         0         0         1

  0.40013 -0.246617  0.882653  0.839288
-0.732157  0.493259  0.469725  0.651933
-0.551218 -0.834192 0.0168047    1.4433
        0         0         0         1

 0.399443 -0.252241  0.881374  0.839572
-0.731469   0.49185  0.472268  0.652628
-0.552629 -0.833341 0.0119596   1.44463
        0         0         0         1

    0.399184    -0.264993     0.877742     0.840262
   -0.731816     0.484641     0.479133     0.655009
   -0.552357    -0.833608 -0.000465468      1.44712
           0            0            0            1

   0.397005   -0.267689    0.877912     0.84229
  -0.731654    0.485203    0.478811    0.656266
  -0.554138   -0.832419 -0.00322799     1.44968
          0           0           0           1

   0.398402   -0.269475    0.876732    0.842309
  -0.730297    0.485117    0.480966    0.657092
  -0.554926   -0.831892 -0.00352588     1.45271
          0           0           0           1

   0.398322   -0.268525     0.87706    0.843097
  -0.731201    0.484345    0.480369    0.658627
  -0.553791   -0.832649 -0.00342022     1.45428
          0           0           0           1

  0.399809  -0.259475   0.879105   0.843784
  -0.73556   0.481435   0.476626   0.662442
 -0.546904  -0.837194 0.00162229    1.45726
         0          0          0          1

  0.401327   -0.25484   0.879769   0.843125
 -0.736021   0.481976   0.475366   0.663998
  -0.54517  -0.838305 0.00586309    1.45961
         0          0          0          1

 0.402002 -0.248692  0.881219  0.844159
-0.736622  0.483801  0.472573  0.666021
-0.543859   -0.8391 0.0112972   1.46391
        0         0         0         1

 0.404859 -0.243214   0.88144  0.842947
-0.737159  0.483533  0.472009  0.667319
-0.541005 -0.840858 0.0164758   1.46532
        0         0         0         1

 0.407522 -0.237244   0.88184  0.842281
-0.737732  0.483611  0.471033  0.669782
-0.538217 -0.842518 0.0220593   1.46909
        0         0         0         1

 0.407803 -0.231887  0.883134  0.843428
-0.739733  0.483083  0.468429  0.672067
 -0.53525  -0.84431 0.0254679   1.47139
        0         0         0         1

 0.407255 -0.220211  0.886369  0.845147
-0.744711   0.48176  0.461858  0.678001
-0.528723 -0.848183 0.0322056   1.48068
        0         0         0         1

 0.408661 -0.216891  0.886541  0.844934
-0.747195  0.478299  0.461443  0.680387
-0.524114 -0.850993 0.0334028   1.48306
        0         0         0         1

  0.40966  -0.21114  0.887468  0.845086
-0.751528  0.473335  0.459522  0.683909
-0.517093 -0.855204 0.0352283   1.48722
        0         0         0         1

 0.411029 -0.207274  0.887746  0.844406
-0.755278  0.467898  0.458942  0.686626
-0.510501 -0.859133 0.0357696   1.49024
        0         0         0         1

 0.411614 -0.198233  0.889538  0.843653
-0.766677  0.452388  0.455578  0.693831
-0.492727  -0.86951 0.0342287   1.49915
        0         0         0         1

 0.411616 -0.193726  0.890529  0.843148
-0.771621  0.445873  0.453651  0.696436
-0.484947 -0.873881 0.0340455   1.50325
        0         0         0         1

 0.411957 -0.190763  0.891011  0.841208
-0.777238  0.436813  0.452875  0.700171
-0.475597 -0.879093 0.0316795   1.50973
        0         0         0         1

 0.409473 -0.187753  0.892794  0.841956
-0.782863  0.430183  0.449521  0.703498
-0.468463 -0.883001 0.0291637   1.51485
        0         0         0         1

 0.411237 -0.181762  0.893223  0.840416
-0.788511  0.420689  0.448634  0.706817
-0.457313  -0.88881 0.0296811   1.52224
        0         0         0         1

 0.410345 -0.176978  0.894592  0.840773
-0.793726  0.413705  0.445922  0.709699
-0.449016 -0.893044 0.0292893   1.52789
        0         0         0         1

  0.41086 -0.164797  0.896681  0.839958
-0.807637  0.390521  0.441832  0.718588
-0.422985 -0.905724 0.0273537   1.54171
        0         0         0         1

 0.411766  -0.15904  0.897304  0.839584
-0.813208  0.380248  0.440571  0.722503
-0.411267 -0.911108 0.0272404    1.5472
        0         0         0         1

 0.411439 -0.150408  0.898941  0.839423
-0.821671  0.365612  0.437247  0.727713
-0.394429 -0.918534 0.0268409     1.556
        0         0         0         1

 0.412415   -0.1438  0.899575  0.838227
-0.826078  0.357275  0.435831  0.730592
-0.384068 -0.922863 0.0285557   1.56484
        0         0         0         1

 0.414781 -0.125515  0.901223    0.8362
-0.841289  0.324463  0.432385  0.740894
-0.346685 -0.937534 0.0289864    1.5825
        0         0         0         1

 0.414168 -0.119612  0.902307  0.835877
-0.846536  0.313616  0.430142  0.744467
-0.334428 -0.941986 0.0286338   1.59137
        0         0         0         1

 0.412486 -0.108462  0.904484  0.835996
-0.854718  0.297399  0.425454  0.750613
-0.315139 -0.948572 0.0299682   1.60426
        0         0         0         1

 0.413178  -0.10197  0.904923   0.83644
-0.859629  0.284274   0.42453  0.755298
-0.300536 -0.953305 0.0297997   1.61307
        0         0         0         1

  0.413179 -0.0906344   0.906129   0.835663
 -0.867914   0.262052   0.421965    0.76257
 -0.275698  -0.960788  0.0296116    1.62395
         0          0          0          1

   0.41641 -0.0839051   0.905297   0.833559
 -0.871065   0.248455   0.423692   0.767271
 -0.260476  -0.965003  0.0303724    1.63342
         0          0          0          1

   0.41764 -0.0663625   0.906186    0.83591
 -0.882034   0.209848   0.421877   0.783545
 -0.218158  -0.975479  0.0291068    1.65772
         0          0          0          1

  0.422749 -0.0592416   0.904308   0.833173
 -0.883505     0.1952   0.425812    0.78905
 -0.201747  -0.978973  0.0301805    1.66817
         0          0          0          1

  0.427034 -0.0490346   0.902905   0.832121
 -0.886277   0.175319   0.428691   0.797812
 -0.179317   -0.98329  0.0314089    1.68284
         0          0          0          1

  0.428892 -0.0442492   0.902272   0.832515
 -0.888906   0.157258   0.430251   0.805358
 -0.160928  -0.986566  0.0281135    1.69211
         0          0          0          1

  0.436642 -0.0325924   0.899045   0.833342
 -0.891219    0.12071   0.437217   0.823956
 -0.122774  -0.992153    0.02366    1.72182
         0          0          0          1

  0.436788 -0.0326954    0.89897   0.836303
 -0.893048    0.10431   0.437705   0.833084
 -0.108083  -0.994007  0.0163629    1.73312
         0          0          0          1

  0.445718 -0.0255581   0.894808   0.832333
 -0.891231  0.0810401   0.446251   0.844308
-0.0839207  -0.996383  0.0133429    1.74736
         0          0          0          1

  0.450052 -0.0224564    0.89272   0.834208
 -0.890266   0.066915   0.450498   0.852757
-0.0698529  -0.997506  0.0101231    1.75954
         0          0          0          1

   0.45726 -0.0174574   0.889162   0.834153
 -0.888204  0.0414078   0.457581   0.866805
-0.0448064   -0.99899 0.00342839    1.77151
         0          0          0          1

   0.463404  -0.0123033    0.886062    0.835974
  -0.885705   0.0251666    0.463567    0.877172
 -0.0280025   -0.999608 0.000765234     1.78117
          0           0           0           1

    0.482807 -0.000895018     0.875726     0.837195
   -0.875604   -0.0172176     0.482722     0.904804
   0.0146459    -0.999851  -0.00909648      1.80667
           0            0            0            1

  0.490791 0.00113121   0.871276   0.837518
 -0.870774 -0.0333412   0.490552   0.916103
 0.0296044  -0.999443 -0.0153786    1.81619
         0          0          0          1

  0.504206 0.00289495   0.863579   0.837108
 -0.862483 -0.0487689    0.50373    0.92989
 0.0435741  -0.998806 -0.0220927    1.83281
         0          0          0          1

     0.50877 -0.000541124     0.860902     0.840237
   -0.858989    -0.066956     0.507597     0.942225
   0.0573679    -0.997756     -0.03453      1.84088
           0            0            0            1

   0.526672 -0.00777023    0.850033    0.842143
  -0.845498   -0.108341    0.522872    0.974442
  0.0880303   -0.994083  -0.0636297     1.86626
          0           0           0           1

  0.534684   -0.01127   0.844977    0.84174
 -0.839146  -0.125092   0.529326   0.986672
 0.0997347  -0.992081 -0.0763421    1.87581
         0          0          0          1

   0.54576 -0.0175573   0.837757   0.841026
 -0.829307  -0.154474   0.537018    1.00629
  0.119983  -0.987841 -0.0988664    1.88351
         0          0          0          1

  0.551296 -0.0253945   0.833923   0.843095
 -0.824704  -0.167826    0.54009     1.0193
  0.126239   -0.98549  -0.113465    1.89587
         0          0          0          1

  0.561397 -0.0347561   0.826816   0.843887
 -0.815315  -0.194374   0.545417    1.03833
  0.141755  -0.980312  -0.137458    1.90449
         0          0          0          1

 0.564895 -0.044159   0.82398  0.846104
-0.811225  -0.21248  0.544763   1.05314
 0.151023 -0.976167 -0.155852   1.91256
        0         0         0         1

  0.583114 -0.0608717   0.810107   0.841365
 -0.793911  -0.254177   0.552358    1.08832
  0.172287   -0.96524  -0.196541     1.9304
         0          0          0          1

  0.587577 -0.0693517   0.806191   0.843508
 -0.790102  -0.264182   0.553124    1.10171
  0.174621  -0.961976  -0.210022    1.94151
         0          0          0          1

  0.592765 -0.0810144    0.80129   0.847658
  -0.78364    -0.2876   0.550631    1.12369
  0.185842  -0.954318  -0.233965    1.94735
         0          0          0          1

   0.60027 -0.0886503   0.794869   0.849192
 -0.776455  -0.302949   0.552576    1.13937
  0.191818  -0.948875  -0.250684    1.95263
         0          0          0          1

 0.619861 -0.105521  0.777584  0.852596
-0.756694 -0.342798   0.55669   1.17906
 0.207812 -0.933464 -0.292335    1.9613
        0         0         0         1

