 0.410245 -0.421898  0.808518   0.95638
-0.911662 -0.212957  0.351456   1.06212
0.0239011 -0.881278 -0.471993   1.96958
        0         0         0         1

 0.401733  -0.42151  0.812982  0.966862
 -0.91571 -0.193859  0.351985   1.03787
0.00923896  -0.88586  -0.46386   1.95541
        0         0         0         1

 0.401733  -0.42151  0.812982  0.966862
 -0.91571 -0.193859  0.351985   1.03787
0.00923896  -0.88586  -0.46386   1.95541
        0         0         0         1

 0.403603 -0.415643  0.815074  0.963588
-0.914907 -0.190254  0.356019   1.02977
0.00709444 -0.889407 -0.457062   1.95137
        0         0         0         1

 0.401443 -0.412793  0.817585  0.964588
 -0.91584 -0.172213  0.362738   1.01098
-0.00893693 -0.894396 -0.447187   1.94704
        0         0         0         1

 0.399872 -0.411487  0.819012  0.965575
-0.916458  -0.16547  0.364313    1.0038
-0.0143881 -0.896269 -0.443278   1.94222
        0         0         0         1

 0.393789 -0.411173  0.822111  0.969369
 -0.91824 -0.135086  0.372272  0.974407
-0.0420124 -0.901492 -0.430751    1.9282
        0         0         0         1

 0.394054  -0.40946  0.822839  0.969314
-0.917738 -0.126811  0.376397  0.966724
-0.0497748 -0.903472 -0.425748   1.92526
        0         0         0         1

 0.393823 -0.402873  0.826194  0.966581
-0.917322 -0.115047  0.381161  0.951916
-0.0585086 -0.907996 -0.414873   1.91446
        0         0         0         1

  0.392611  -0.392654   0.831672   0.967661
 -0.915599 -0.0815211   0.393743   0.919013
-0.0868058  -0.916066   -0.39152    1.89225
         0          0          0          1

  0.392611  -0.392654   0.831672   0.967661
 -0.915599 -0.0815211   0.393743   0.919013
-0.0868058  -0.916066   -0.39152    1.89225
         0          0          0          1

 0.386549 -0.387089  0.837103  0.972734
-0.916755  -0.06217  0.394582  0.901719
-0.100696 -0.919944 -0.378898   1.87386
        0         0         0         1

 0.386549 -0.387089  0.837103  0.972734
-0.916755  -0.06217  0.394582  0.901719
-0.100696 -0.919944 -0.378898   1.87386
        0         0         0         1

  0.384096   -0.38428   0.839523   0.975363
 -0.914811 -0.0354272   0.402325    0.88253
 -0.124864  -0.922537  -0.365151    1.86228
         0          0          0          1

  0.384096   -0.38428   0.839523   0.975363
 -0.914811 -0.0354272   0.402325    0.88253
 -0.124864  -0.922537  -0.365151    1.86228
         0          0          0          1

  0.380281  -0.377025   0.844534    0.97831
 -0.911807 0.00010439   0.410619   0.857243
 -0.154902  -0.926203  -0.343735    1.84082
         0          0          0          1

  0.380281  -0.377025   0.844534    0.97831
 -0.911807 0.00010439   0.410619   0.857243
 -0.154902  -0.926203  -0.343735    1.84082
         0          0          0          1

 0.377666 -0.366243  0.850432  0.980319
-0.910071 0.0224985   0.41384  0.842993
  -0.1707 -0.930247 -0.324811   1.82289
        0         0         0         1

 0.377666 -0.366243  0.850432  0.980319
-0.910071 0.0224985   0.41384  0.842993
  -0.1707 -0.930247 -0.324811   1.82289
        0         0         0         1

   0.3738 -0.351819  0.858194  0.984879
-0.906253  0.058417  0.418681  0.822953
-0.197433 -0.934244    -0.297   1.79713
        0         0         0         1

   0.3738 -0.351819  0.858194  0.984879
-0.906253  0.058417  0.418681  0.822953
-0.197433 -0.934244    -0.297   1.79713
        0         0         0         1

 0.369391 -0.346785  0.862143  0.988572
-0.904417 0.0789882  0.419275  0.811562
-0.213497 -0.934613 -0.284461   1.77841
        0         0         0         1

 0.369391 -0.346785  0.862143  0.988572
-0.904417 0.0789882  0.419275  0.811562
-0.213497 -0.934613 -0.284461   1.77841
        0         0         0         1

 0.368093 -0.344758   0.86351  0.989764
-0.899954   0.10127   0.42406  0.799025
-0.233646 -0.933213  -0.27299   1.76283
        0         0         0         1

 0.368093 -0.344758   0.86351  0.989764
-0.899954   0.10127   0.42406  0.799025
-0.233646 -0.933213  -0.27299   1.76283
        0         0         0         1

 0.365566 -0.342044   0.86566  0.991789
-0.894603  0.127673  0.428235  0.783727
-0.256997  -0.93097 -0.259321   1.73675
        0         0         0         1

 0.365566 -0.342044   0.86566  0.991789
-0.894603  0.127673  0.428235  0.783727
-0.256997  -0.93097 -0.259321   1.73675
        0         0         0         1

 0.359919 -0.336126  0.870332  0.996941
-0.891704  0.150477  0.426872   0.77475
-0.274448 -0.929718 -0.245565   1.71938
        0         0         0         1

 0.359919 -0.336126  0.870332  0.996941
-0.891704  0.150477  0.426872   0.77475
-0.274448 -0.929718 -0.245565   1.71938
        0         0         0         1

 0.358845 -0.327464   0.87407  0.998959
  -0.8875  0.170332  0.428172  0.766322
-0.289093 -0.929384 -0.229501   1.70185
        0         0         0         1

 0.358845 -0.327464   0.87407  0.998959
  -0.8875  0.170332  0.428172  0.766322
-0.289093 -0.929384 -0.229501   1.70185
        0         0         0         1

 0.356174 -0.322352  0.877057   1.00245
-0.879817  0.200463  0.430972  0.754312
-0.314743 -0.925151 -0.212211   1.67819
        0         0         0         1

 0.356174 -0.322352  0.877057   1.00245
-0.879817  0.200463  0.430972  0.754312
-0.314743 -0.925151 -0.212211   1.67819
        0         0         0         1

 0.355212 -0.317752  0.879123   1.00291
-0.875399  0.216789  0.432064  0.746975
-0.327874 -0.923058 -0.201154   1.66139
        0         0         0         1

 0.355212 -0.317752  0.879123   1.00291
-0.875399  0.216789  0.432064  0.746975
-0.327874 -0.923058 -0.201154   1.66139
        0         0         0         1

 0.353642 -0.313023   0.88145   1.00558
-0.868322  0.240513  0.433786  0.738105
-0.347785 -0.918787 -0.186749   1.63793
        0         0         0         1

 0.353642 -0.313023   0.88145   1.00558
-0.868322  0.240513  0.433786  0.738105
-0.347785 -0.918787 -0.186749   1.63793
        0         0         0         1

 0.348035 -0.309777  0.884822   1.00851
-0.865171  0.257352  0.430405  0.732684
-0.361041 -0.915318 -0.178443    1.6219
        0         0         0         1

 0.348035 -0.309777  0.884822   1.00851
-0.865171  0.257352  0.430405  0.732684
-0.361041 -0.915318 -0.178443    1.6219
        0         0         0         1

  0.34503 -0.302308  0.888574   1.00991
 -0.85956  0.278463  0.428502  0.726103
-0.376975 -0.911629 -0.163774   1.60909
        0         0         0         1

  0.34503 -0.302308  0.888574   1.00991
 -0.85956  0.278463  0.428502  0.726103
-0.376975 -0.911629 -0.163774   1.60909
        0         0         0         1

 0.339767 -0.290823  0.894416   1.01412
-0.853809   0.30344  0.423006  0.719686
-0.394422 -0.907384 -0.145208   1.58833
        0         0         0         1

 0.339767 -0.290823  0.894416   1.01412
-0.853809   0.30344  0.423006  0.719686
-0.394422 -0.907384 -0.145208   1.58833
        0         0         0         1

  0.33768 -0.285073  0.897054   1.01652
-0.849363  0.318442  0.420924  0.715629
-0.405654 -0.904062 -0.134599   1.57388
        0         0         0         1

  0.33768 -0.285073  0.897054   1.01652
-0.849363  0.318442  0.420924  0.715629
-0.405654 -0.904062 -0.134599   1.57388
        0         0         0         1

 0.338031 -0.283109  0.897543    1.0168
-0.847566  0.322984  0.421086  0.714155
-0.409105 -0.903068 -0.130775   1.57024
        0         0         0         1

 0.334785 -0.277344  0.900555   1.01985
-0.843005  0.338862   0.41775  0.709461
-0.421025 -0.899029 -0.120356   1.55575
        0         0         0         1

  0.33339 -0.273067  0.902378   1.02133
 -0.83882  0.351021   0.41613  0.706042
-0.430385 -0.895666 -0.112027   1.54433
        0         0         0         1

  0.33339 -0.273067  0.902378   1.02133
 -0.83882  0.351021   0.41613  0.706042
-0.430385 -0.895666 -0.112027   1.54433
        0         0         0         1

  0.33562 -0.268151  0.903025   1.02035
-0.834105  0.360885   0.41717  0.702984
-0.437752 -0.893229 -0.102546   1.53346
        0         0         0         1

  0.33562 -0.268151  0.903025   1.02035
-0.834105  0.360885   0.41717  0.702984
-0.437752 -0.893229 -0.102546   1.53346
        0         0         0         1

 0.332817 -0.261068  0.906133   1.02391
-0.829907  0.375177  0.412912  0.699416
-0.447758  -0.88943 -0.091797   1.51825
        0         0         0         1

 0.332817 -0.261068  0.906133   1.02391
-0.829907  0.375177  0.412912  0.699416
-0.447758  -0.88943 -0.091797   1.51825
        0         0         0         1

  0.330871  -0.257771   0.907787    1.02593
  -0.82696   0.384212    0.41051   0.696985
 -0.454601   -0.88653 -0.0860418    1.50993
         0          0          0          1

  0.330871  -0.257771   0.907787    1.02593
  -0.82696   0.384212    0.41051   0.696985
 -0.454601   -0.88653 -0.0860418    1.50993
         0          0          0          1

  0.331552  -0.256153   0.907997    1.02578
 -0.825517   0.387152   0.410653   0.696001
 -0.456723   -0.88572 -0.0830981    1.50755
         0          0          0          1

  0.329706  -0.252803   0.909607    1.02781
 -0.822352   0.396338   0.408231   0.693646
 -0.463714  -0.882614 -0.0772184      1.498
         0          0          0          1

  0.329787  -0.251631   0.909902    1.02811
 -0.821456   0.398497   0.407934   0.693251
 -0.465242  -0.881976 -0.0752848    1.49585
         0          0          0          1

  0.332639  -0.250342   0.909219     1.0274
 -0.818745   0.401775   0.410163   0.691756
 -0.467983  -0.880855 -0.0713201    1.49109
         0          0          0          1

  0.331091  -0.249022   0.910147    1.02862
 -0.818952   0.403289   0.408259   0.691403
 -0.468718  -0.880537 -0.0704117    1.48899
         0          0          0          1

  0.331639  -0.247708   0.910306    1.02893
 -0.816958   0.407149   0.408422   0.689881
   -0.4718   -0.87913 -0.0673404    1.48468
         0          0          0          1

  0.331753  -0.247375   0.910355    1.02885
 -0.816656   0.407766   0.408411   0.689502
 -0.472242  -0.878938 -0.0667432    1.48253
         0          0          0          1

  0.332152  -0.246167   0.910536     1.0287
  -0.81551   0.410103   0.408361   0.688456
 -0.473939   -0.87819 -0.0645351    1.47504
         0          0          0          1

  0.329451  -0.246178   0.911514    1.03064
  -0.81379   0.415488   0.406344   0.687119
 -0.478756  -0.875652 -0.0634546    1.47165
         0          0          0          1

  0.329451  -0.246178   0.911514    1.03064
  -0.81379   0.415488   0.406344   0.687119
 -0.478756  -0.875652 -0.0634546    1.47165
         0          0          0          1

   0.32979  -0.246938   0.911186     1.0302
 -0.812343   0.417512   0.407164   0.686344
 -0.480976  -0.874474 -0.0629067    1.47106
         0          0          0          1

   0.32983  -0.247775   0.910944    1.03026
 -0.809435   0.422358   0.407957   0.684642
 -0.485826  -0.871907 -0.0612509    1.46735
         0          0          0          1

  0.329598  -0.247633   0.911067     1.0308
 -0.809045   0.423307   0.407747   0.684531
 -0.486632  -0.871487 -0.0608253    1.46617
         0          0          0          1

  0.329295  -0.247847   0.911118    1.03166
 -0.807343   0.426489   0.407805   0.684098
 -0.489655  -0.869873 -0.0596569     1.4646
         0          0          0          1

  0.328635  -0.247441   0.911467    1.03236
 -0.807762   0.426451   0.407014   0.683906
 -0.489408  -0.870007 -0.0597268    1.46296
         0          0          0          1

  0.327968  -0.247528   0.911683    1.03313
 -0.807202   0.427933   0.406569   0.683438
 -0.490777  -0.869254 -0.0594567    1.46088
         0          0          0          1

  0.328105   -0.24788   0.911539      1.033
 -0.806786   0.428405   0.406898   0.683161
  -0.49137  -0.868922 -0.0594241    1.45983
         0          0          0          1

  0.327166  -0.249482   0.911439    1.03318
 -0.805074   0.431441   0.407081   0.681936
 -0.494791  -0.866959 -0.0596986    1.45789
         0          0          0          1

 0.328172 -0.250557  0.910782   1.03243
-0.803826  0.432355  0.408575   0.68162
-0.496152 -0.866193 -0.059518   1.45784
        0         0         0         1

  0.327711  -0.252795    0.91033    1.03308
 -0.802545   0.433939   0.409413   0.681102
 -0.498525   -0.86475 -0.0606734    1.45718
         0          0          0          1

  0.328654  -0.253959   0.909665    1.03238
 -0.801693   0.434154   0.410851   0.680643
 -0.499275    -0.8643 -0.0609104    1.45639
         0          0          0          1

  0.328158  -0.256716    0.90907     1.0329
 -0.798968    0.43798   0.412096   0.680013
 -0.503947  -0.861551 -0.0613813    1.45519
         0          0          0          1

  0.328386  -0.254694   0.909557    1.03345
 -0.797841   0.440642   0.411441   0.679783
 -0.505581  -0.860793 -0.0585044    1.45288
         0          0          0          1

  0.328386  -0.254694   0.909557    1.03345
 -0.797841   0.440642   0.411441   0.679783
 -0.505581  -0.860793 -0.0585044    1.45288
         0          0          0          1

  0.328149  -0.251772   0.910456    1.03397
 -0.797015   0.443547   0.409918   0.679606
 -0.507036  -0.860161 -0.0551163    1.45117
         0          0          0          1

  0.328149  -0.251772   0.910456    1.03397
 -0.797015   0.443547   0.409918   0.679606
 -0.507036  -0.860161 -0.0551163    1.45117
         0          0          0          1

  0.328307  -0.250522   0.910743     1.0338
 -0.796759   0.444423   0.409467   0.679363
 -0.507335  -0.860074 -0.0536988    1.45053
         0          0          0          1

  0.325219  -0.245594    0.91319    1.03495
 -0.797251   0.448123   0.404447   0.679263
 -0.508551  -0.859575 -0.0500619    1.44874
         0          0          0          1

  0.324598  -0.242866    0.91414    1.03391
 -0.798243   0.448112   0.402497   0.679324
  -0.50739  -0.860356 -0.0484093    1.44655
         0          0          0          1

  0.324598  -0.242866    0.91414    1.03391
 -0.798243   0.448112   0.402497   0.679324
  -0.50739  -0.860356 -0.0484093    1.44655
         0          0          0          1

  0.324376  -0.242976    0.91419    1.03351
  -0.79836   0.448031   0.402356   0.679419
 -0.507348  -0.860367 -0.0486521    1.44598
         0          0          0          1

  0.320914  -0.242449   0.915551     1.0343
 -0.798159   0.451165    0.39924   0.679731
  -0.50986  -0.858877 -0.0487277    1.44499
         0          0          0          1

  0.319942  -0.239931   0.916553    1.03474
 -0.797782   0.453603   0.397225   0.680064
 -0.511058  -0.858299 -0.0462857    1.44286
         0          0          0          1

  0.319942  -0.239931   0.916553    1.03474
 -0.797782   0.453603   0.397225   0.680064
 -0.511058  -0.858299 -0.0462857    1.44286
         0          0          0          1

  0.318824  -0.235587   0.918069    1.03514
  -0.79632   0.458732   0.394259   0.680573
 -0.514029  -0.856775 -0.0413478    1.44209
         0          0          0          1

  0.318824  -0.235587   0.918069    1.03514
  -0.79632   0.458732   0.394259   0.680573
 -0.514029  -0.856775 -0.0413478    1.44209
         0          0          0          1

  0.315992  -0.232301   0.919884    1.03527
 -0.795749   0.463091   0.390295   0.681153
 -0.516655  -0.855327 -0.0385202    1.44027
         0          0          0          1

  0.315992  -0.232301   0.919884    1.03527
 -0.795749   0.463091   0.390295   0.681153
 -0.516655  -0.855327 -0.0385202    1.44027
         0          0          0          1

  0.315744  -0.232069   0.920027    1.03506
 -0.796007   0.462935   0.389953    0.68159
 -0.516409  -0.855474 -0.0385591    1.43921
         0          0          0          1

 0.314312 -0.231105   0.92076   1.03535
-0.796673  0.463243  0.388225  0.682415
-0.516256 -0.855568 -0.038512   1.43716
        0         0         0         1

  0.314153  -0.231804   0.920638    1.03513
 -0.796389    0.46353   0.388465   0.682314
 -0.516791  -0.855223 -0.0389864    1.43681
         0          0          0          1

   0.31134  -0.230733   0.921862    1.03656
 -0.796496   0.465753   0.385574   0.683286
 -0.518325  -0.854304 -0.0387707    1.43539
         0          0          0          1

  0.311148  -0.230162   0.922069    1.03633
 -0.796605   0.465944   0.385118   0.683456
 -0.518273  -0.854354 -0.0383708    1.43483
         0          0          0          1

  0.310232  -0.231104   0.922143    1.03643
 -0.796324   0.466645   0.384852   0.683651
 -0.519254  -0.853718 -0.0392659    1.43479
         0          0          0          1

  0.310291  -0.231765   0.921957    1.03629
 -0.796097   0.466701   0.385253   0.683697
 -0.519566  -0.853508 -0.0396939    1.43486
         0          0          0          1

  0.310204  -0.232486   0.921805    1.03613
 -0.796073   0.466499   0.385547   0.684047
 -0.519655  -0.853422 -0.0403658    1.43437
         0          0          0          1

  0.309766  -0.232385   0.921977    1.03632
  -0.79611   0.466781   0.385129   0.684182
  -0.51986  -0.853295 -0.0404107    1.43404
         0          0          0          1

  0.310227  -0.231608   0.922018    1.03589
 -0.795443   0.467883    0.38517   0.684659
 -0.520605  -0.852903 -0.0390813    1.43338
         0          0          0          1

 0.308843 -0.230352  0.922797   1.03741
-0.795471  0.469304  0.383379  0.685426
-0.521384 -0.852462 -0.038297   1.43216
        0         0         0         1

 0.308843 -0.230352  0.922797   1.03741
-0.795471  0.469304  0.383379  0.685426
-0.521384 -0.852462 -0.038297   1.43216
        0         0         0         1

  0.308414  -0.232926   0.922294    1.03952
 -0.792634   0.473133   0.384546   0.686205
 -0.525939  -0.849641 -0.0387038    1.43281
         0          0          0          1

  0.308414  -0.232926   0.922294    1.03952
 -0.792634   0.473133   0.384546   0.686205
 -0.525939  -0.849641 -0.0387038    1.43281
         0          0          0          1

  0.309015  -0.233504   0.921947    1.03957
 -0.792528   0.472658   0.385349   0.686457
 -0.525746  -0.849747 -0.0389996    1.43238
         0          0          0          1

  0.310426  -0.234753   0.921155    1.03949
 -0.791926   0.472153   0.387202   0.686842
 -0.525823  -0.849684 -0.0393384    1.43183
         0          0          0          1

  0.312534  -0.236524   0.919989    1.04014
 -0.791223   0.471103   0.389908   0.687484
 -0.525632  -0.849775 -0.0399073    1.43137
         0          0          0          1

  0.312534  -0.236524   0.919989    1.04014
 -0.791223   0.471103   0.389908   0.687484
 -0.525632  -0.849775 -0.0399073    1.43137
         0          0          0          1

  0.313427  -0.237785    0.91936    1.04022
 -0.791017   0.470287   0.391308   0.687671
  -0.52541  -0.849875 -0.0406909    1.43126
         0          0          0          1

  0.314476  -0.243426   0.917523    1.04181
 -0.790295   0.468312   0.395117     0.6885
 -0.525869  -0.849369 -0.0451056    1.43096
         0          0          0          1

  0.312684  -0.246681   0.917266    1.04438
 -0.791379   0.466406   0.395202   0.689817
 -0.525307  -0.849478 -0.0493803    1.42941
         0          0          0          1

  0.312684  -0.246681   0.917266    1.04438
 -0.791379   0.466406   0.395202   0.689817
 -0.525307  -0.849478 -0.0493803    1.42941
         0          0          0          1

  0.313473  -0.250616   0.915929    1.04528
 -0.787167   0.470914   0.398256   0.690246
 -0.531133  -0.845832 -0.0496575    1.43146
         0          0          0          1

  0.313473  -0.250616   0.915929    1.04528
 -0.787167   0.470914   0.398256   0.690246
 -0.531133  -0.845832 -0.0496575    1.43146
         0          0          0          1

    0.3135  -0.250249    0.91602    1.04606
 -0.786998   0.471324   0.398105   0.690527
 -0.531368  -0.845712 -0.0491858    1.43105
         0          0          0          1

  0.314208  -0.249177    0.91607    1.04673
 -0.786516   0.472067   0.398177    0.69135
 -0.531663  -0.845614 -0.0476546    1.43038
         0          0          0          1

   0.31627  -0.246353   0.916124     1.0474
 -0.786289   0.472229   0.398434   0.692589
 -0.530776  -0.846351 -0.0443529    1.42838
         0          0          0          1

   0.31627  -0.246353   0.916124     1.0474
 -0.786289   0.472229   0.398434   0.692589
 -0.530776  -0.846351 -0.0443529    1.42838
         0          0          0          1

  0.316906  -0.244096   0.916509    1.04902
 -0.783989   0.476425   0.397971   0.694372
 -0.533791  -0.844652 -0.0403862    1.42716
         0          0          0          1

  0.316906  -0.244096   0.916509    1.04902
 -0.783989   0.476425   0.397971   0.694372
 -0.533791  -0.844652 -0.0403862    1.42716
         0          0          0          1

  0.316327  -0.244255   0.916666    1.04929
 -0.783621   0.477335   0.397606   0.694546
 -0.534674  -0.844092 -0.0404092     1.4268
         0          0          0          1

  0.316769  -0.244672   0.916402    1.04849
 -0.780946   0.481054   0.398384   0.694626
 -0.538313  -0.841857 -0.0386928    1.42725
         0          0          0          1

    0.3157   -0.24287    0.91725    1.05089
 -0.775615   0.490802   0.396907   0.696103
 -0.546585  -0.836736 -0.0334268    1.42736
         0          0          0          1

    0.3157   -0.24287    0.91725    1.05089
 -0.775615   0.490802   0.396907   0.696103
 -0.546585  -0.836736 -0.0334268    1.42736
         0          0          0          1

  0.317032  -0.243309   0.916674    1.05111
 -0.774942   0.490758   0.398273   0.696831
 -0.546769  -0.836634 -0.0329643    1.42691
         0          0          0          1

  0.317032  -0.243309   0.916674    1.05111
 -0.774942   0.490758   0.398273   0.696831
 -0.546769  -0.836634 -0.0329643    1.42691
         0          0          0          1

  0.316461  -0.243582   0.916799    1.05122
 -0.775483   0.490191   0.397918   0.696947
 -0.546332  -0.836888 -0.0337673    1.42673
         0          0          0          1

  0.314727   -0.24531   0.916935    1.05158
 -0.776435   0.489134   0.397361   0.697479
 -0.545981  -0.837001 -0.0365232    1.42684
         0          0          0          1

  0.313317  -0.246565   0.917082    1.05217
 -0.776772    0.48901   0.396855   0.697631
 -0.546313  -0.836705 -0.0383096    1.42734
         0          0          0          1

  0.308822  -0.253383   0.916747    1.05362
 -0.777082   0.488557   0.396807   0.698001
 -0.548428   -0.83493 -0.0460224    1.42985
         0          0          0          1

  0.307549  -0.259735   0.915397    1.05361
 -0.777222   0.486425   0.399144    0.69796
 -0.548944  -0.834223 -0.0522723    1.43139
         0          0          0          1

  0.307549  -0.259735   0.915397    1.05361
 -0.777222   0.486425   0.399144    0.69796
 -0.548944  -0.834223 -0.0522723    1.43139
         0          0          0          1

  0.304095  -0.270891   0.913315    1.05697
 -0.776463   0.484975   0.402373   0.698146
 -0.551935  -0.831515 -0.0628581    1.43577
         0          0          0          1

  0.304095  -0.270891   0.913315    1.05697
 -0.776463   0.484975   0.402373   0.698146
 -0.551935  -0.831515 -0.0628581    1.43577
         0          0          0          1

  0.296436  -0.283597   0.911975    1.06051
 -0.777493   0.482894   0.402888   0.698532
 -0.554645  -0.828485 -0.0773474    1.43941
         0          0          0          1

  0.296436  -0.283597   0.911975    1.06051
 -0.777493   0.482894   0.402888   0.698532
 -0.554645  -0.828485 -0.0773474    1.43941
         0          0          0          1

  0.290324  -0.299487   0.908856    1.06149
 -0.778497   0.478381   0.406318   0.698686
 -0.556467  -0.825505 -0.0942641    1.44206
         0          0          0          1

  0.290324  -0.299487   0.908856    1.06149
 -0.778497   0.478381   0.406318   0.698686
 -0.556467  -0.825505 -0.0942641    1.44206
         0          0          0          1

 0.288393 -0.310996    0.9056   1.06274
-0.775993  0.478166  0.411329  0.699792
-0.560949 -0.821364 -0.103431   1.44825
        0         0         0         1

 0.288393 -0.310996    0.9056   1.06274
-0.775993  0.478166  0.411329  0.699792
-0.560949 -0.821364 -0.103431   1.44825
        0         0         0         1

 0.287752 -0.312121  0.905417   1.06405
-0.774903  0.479673  0.411629  0.701333
-0.562783 -0.820057 -0.103837   1.45232
        0         0         0         1

 0.287752 -0.312121  0.905417   1.06405
-0.774903  0.479673  0.411629  0.701333
-0.562783 -0.820057 -0.103837   1.45232
        0         0         0         1

 0.285043 -0.308455  0.907527   1.06634
-0.776881  0.480227  0.407231  0.704422
-0.561432 -0.821119 -0.102748   1.45871
        0         0         0         1

 0.285043 -0.308455  0.907527   1.06634
-0.776881  0.480227  0.407231  0.704422
-0.561432 -0.821119 -0.102748   1.45871
        0         0         0         1

 0.283852 -0.307178  0.908334    1.0669
-0.777935  0.480038   0.40544    0.7052
-0.560576 -0.821709 -0.102705   1.46064
        0         0         0         1

 0.282607 -0.304474  0.909631   1.06631
-0.779835  0.479261    0.4027  0.706938
-0.558562 -0.823168 -0.101997    1.4656
        0         0         0         1

 0.277075 -0.300221  0.912741   1.06709
-0.785885  0.475735  0.395046  0.709904
-0.552824 -0.826767 -0.104125   1.47247
        0         0         0         1

 0.277075 -0.300221  0.912741   1.06709
-0.785885  0.475735  0.395046  0.709904
-0.552824 -0.826767 -0.104125   1.47247
        0         0         0         1

 0.267297 -0.291761  0.918383   1.06741
-0.800935   0.46264   0.38009  0.715136
-0.535776 -0.837162 -0.110019   1.48502
        0         0         0         1

 0.267297 -0.291761  0.918383   1.06741
-0.800935   0.46264   0.38009  0.715136
-0.535776 -0.837162 -0.110019   1.48502
        0         0         0         1

 0.265629 -0.289309  0.919642   1.06756
-0.804502  0.459122  0.376807  0.716315
-0.531242 -0.839945 -0.110793   1.48756
        0         0         0         1

 0.262476 -0.284434  0.922065   1.06805
-0.811085  0.452621  0.370507  0.719175
 -0.52273 -0.845122 -0.111898   1.49319
        0         0         0         1

  0.269582  -0.262447   0.926524    1.06889
  -0.82211   0.438302   0.363355   0.725664
 -0.501459  -0.859659 -0.0976025    1.50778
         0          0          0          1

  0.269582  -0.262447   0.926524    1.06889
  -0.82211   0.438302   0.363355   0.725664
 -0.501459  -0.859659 -0.0976025    1.50778
         0          0          0          1

  0.273123   -0.25561   0.927398    1.06859
 -0.823506    0.43618   0.362746   0.727167
 -0.497234  -0.862792 -0.0913649    1.51229
         0          0          0          1

  0.283357  -0.238856   0.928793    1.06736
  -0.82783   0.428017   0.362628   0.730489
 -0.484155  -0.871636 -0.0764509    1.51991
         0          0          0          1

  0.294002  -0.212991   0.931771    1.06785
 -0.837556   0.412272   0.358514   0.736051
 -0.460503  -0.885814 -0.0571826    1.53223
         0          0          0          1

  0.294002  -0.212991   0.931771    1.06785
 -0.837556   0.412272   0.358514   0.736051
 -0.460503  -0.885814 -0.0571826    1.53223
         0          0          0          1

 0.299992 -0.182789  0.936265   1.06994
-0.853303  0.387361  0.349035  0.744787
-0.426472 -0.903626 -0.039769   1.55472
        0         0         0         1

 0.299992 -0.182789  0.936265   1.06994
-0.853303  0.387361  0.349035  0.744787
-0.426472 -0.903626 -0.039769   1.55472
        0         0         0         1

  0.300055  -0.178488   0.937075     1.0707
 -0.857013   0.380963   0.346982   0.747132
 -0.418923  -0.907199 -0.0386563     1.5596
         0          0          0          1

  0.303234  -0.170108    0.93761    1.07063
 -0.863241   0.367665   0.345887   0.751783
 -0.403565  -0.914268 -0.0353559    1.57125
         0          0          0          1

   0.30355  -0.167728   0.937936     1.0708
  -0.86571   0.362635   0.345024   0.753817
 -0.397999  -0.916713 -0.0351257    1.57746
         0          0          0          1

  0.307558  -0.163113   0.937444    1.07065
 -0.869945   0.350929   0.346474   0.758302
 -0.385491  -0.922086 -0.0339688    1.59102
         0          0          0          1

  0.320604  -0.153198   0.934742    1.07125
 -0.878808     0.3201   0.353882   0.771166
 -0.353425  -0.934915 -0.0320061    1.62082
         0          0          0          1

  0.320604  -0.153198   0.934742    1.07125
 -0.878808     0.3201   0.353882   0.771166
 -0.353425  -0.934915 -0.0320061    1.62082
         0          0          0          1

 0.324218 -0.152318  0.933639   1.07173
-0.880762  0.311512  0.356677  0.774266
-0.345168 -0.937955 -0.033158   1.62703
        0         0         0         1

   0.33052  -0.150952   0.931649    1.07288
 -0.885235   0.292726   0.361483   0.780911
 -0.327284  -0.944206 -0.0368761    1.64049
         0          0          0          1

 0.334395 -0.151934  0.930105   1.07297
-0.886175  0.285187  0.365187  0.784015
-0.320739 -0.946353 -0.039275    1.6481
        0         0         0         1

  0.347802   -0.15504    0.92466    1.07227
 -0.891446   0.250835   0.377367   0.797111
 -0.290444  -0.955534 -0.0509686    1.67301
         0          0          0          1

  0.349205  -0.158206   0.923594    1.07349
 -0.892609   0.243767   0.379245   0.800436
 -0.285141  -0.956843 -0.0560913    1.68043
         0          0          0          1

  0.356341  -0.164333   0.919791    1.07304
  -0.89315    0.22921   0.386971   0.807921
 -0.274418  -0.959405 -0.0650974     1.6974
         0          0          0          1

  0.364018  -0.176189   0.914575    1.07469
 -0.896215   0.201054   0.395443   0.821096
 -0.253552  -0.963605 -0.0847155    1.72134
         0          0          0          1

  0.364018  -0.176189   0.914575    1.07469
 -0.896215   0.201054   0.395443   0.821096
 -0.253552  -0.963605 -0.0847155    1.72134
         0          0          0          1

  0.368972  -0.180313   0.911782    1.07368
 -0.895631   0.193209   0.400645   0.825063
 -0.248406  -0.964447 -0.0902055    1.72994
         0          0          0          1

 0.382026 -0.197948  0.902703   1.07613
-0.896331  0.158503  0.414086  0.843556
-0.225049 -0.967312 -0.116875   1.75854
        0         0         0         1

 0.391948 -0.216388  0.894177   1.07887
  -0.8972  0.125079  0.423542  0.860533
-0.203492 -0.968262 -0.145119   1.78241
        0         0         0         1

 0.391948 -0.216388  0.894177   1.07887
  -0.8972  0.125079  0.423542  0.860533
-0.203492 -0.968262 -0.145119   1.78241
        0         0         0         1

 0.406926 -0.234008  0.882979   1.08128
 -0.89742 0.0779413  0.434237  0.886518
-0.170435 -0.969106 -0.178287   1.82175
        0         0         0         1

 0.406926 -0.234008  0.882979   1.08128
 -0.89742 0.0779413  0.434237  0.886518
-0.170435 -0.969106 -0.178287   1.82175
        0         0         0         1

 0.422125 -0.244644  0.872903   1.08026
-0.894244 0.0456681  0.445245  0.904476
 -0.14879 -0.968537 -0.199494   1.84954
        0         0         0         1

 0.422125 -0.244644  0.872903   1.08026
-0.894244 0.0456681  0.445245  0.904476
 -0.14879 -0.968537 -0.199494   1.84954
        0         0         0         1

 0.424942 -0.248431  0.870463   1.08073
-0.894414 0.0329155  0.446028  0.911803
-0.139459  -0.96809 -0.208213   1.85591
        0         0         0         1

  0.434535  -0.256952   0.863224    1.07828
  -0.89217 0.00844851   0.451621   0.926026
 -0.123338  -0.966387  -0.225574    1.87282
         0          0          0          1

   0.435962    -0.26221     0.86092     1.08067
  -0.892423 -0.00236499    0.451194    0.933138
  -0.116272   -0.965008   -0.235033      1.8815
          0           0           0           1

  0.444634  -0.274858   0.852498    1.08613
 -0.891436 -0.0428967   0.451112   0.959742
-0.0874224  -0.960527  -0.264092      1.908
         0          0          0          1

  0.460861  -0.281324   0.841703    1.08551
 -0.884977 -0.0746111   0.459617   0.981151
-0.0665009  -0.956708   -0.28335    1.93396
         0          0          0          1

  0.460861  -0.281324   0.841703    1.08551
 -0.884977 -0.0746111   0.459617   0.981151
-0.0665009  -0.956708   -0.28335    1.93396
         0          0          0          1

  0.48198 -0.280777  0.829976   1.08533
-0.875795 -0.126232  0.465885   1.01794
 -0.02604 -0.951436 -0.306744   1.96584
        0         0         0         1

  0.48198 -0.280777  0.829976   1.08533
-0.875795 -0.126232  0.465885   1.01794
 -0.02604 -0.951436 -0.306744   1.96584
        0         0         0         1

  0.48557 -0.280132  0.828099   1.08541
-0.874066 -0.139111  0.465465   1.02708
-0.0151944 -0.949828 -0.312402   1.97177
        0         0         0         1

 0.492774 -0.278476  0.824393   1.08588
-0.870141  -0.15185  0.468825   1.04018
-0.00537218 -0.948363 -0.317142   1.99246
        0         0         0         1

 0.493139 -0.280715  0.823416    1.0889
-0.869922  -0.16681  0.464123   1.05045
0.00706755 -0.945185  -0.32646   1.99622
        0         0         0         1

 0.502028 -0.277787  0.819025   1.08659
 -0.86434 -0.193717  0.464101   1.06857
 0.029738 -0.940908 -0.337354   2.00541
        0         0         0         1

 0.504808 -0.277172  0.817523   1.08603
-0.862351  -0.20468  0.463095   1.07701
0.0389735 -0.938766 -0.342343   2.01204
        0         0         0         1

 0.508017 -0.277083  0.815564   1.08965
-0.858423 -0.240822  0.452896   1.10854
 0.070916 -0.930177 -0.360196    2.0353
        0         0         0         1

 0.513223 -0.274092  0.813312   1.08692
-0.854335 -0.253626  0.453636   1.11835
0.0819394 -0.927657 -0.364333   2.03786
        0         0         0         1

 0.518865 -0.276662  0.808849   1.09062
-0.849386 -0.273714  0.451247   1.13683
0.0965499 -0.921162 -0.377014    2.0478
        0         0         0         1

  0.52133 -0.274179  0.808109   1.09113
-0.847226 -0.279588  0.451706   1.14434
  0.10209 -0.920139  -0.37805   2.05491
        0         0         0         1

 0.536394 -0.261961  0.802283   1.09042
-0.833974 -0.310377  0.456238   1.17651
 0.129494 -0.913807 -0.384953   2.07076
        0         0         0         1

 0.539235  -0.26185  0.800413   1.09357
-0.830295 -0.324246  0.453292   1.18847
 0.140836  -0.90901 -0.392258   2.06981
        0         0         0         1

 0.543026 -0.269202  0.795395   1.10192
-0.825533 -0.344502  0.447004   1.21145
 0.153681  -0.89936 -0.409309   2.07564
        0         0         0         1

