0.0956314 -0.571951  0.814694  0.801319
-0.927984 -0.347338 -0.134917   1.05551
  0.36014 -0.743121 -0.563977    2.4917
        0         0         0         1

 0.102239 -0.560943  0.821517  0.792262
-0.932776  -0.34102 -0.116768   1.03478
 0.345654 -0.754353 -0.558099   2.48853
        0         0         0         1

  0.11293 -0.566314  0.816416  0.795508
-0.936509 -0.335185 -0.102962   1.01746
  0.33196 -0.752954 -0.568211   2.48138
        0         0         0         1

 0.116969 -0.561845  0.818931  0.796935
-0.944597 -0.317576 -0.082962  0.996091
 0.306685 -0.763856 -0.567863   2.48489
        0         0         0         1

  0.117722  -0.558343   0.821215   0.796586
 -0.949284  -0.306063 -0.0720112   0.978237
   0.29155  -0.771089  -0.566057    2.47454
         0          0          0          1

  0.117274  -0.560123   0.820067   0.802182
 -0.950348  -0.302973 -0.0710317   0.971013
  0.288244  -0.771019  -0.567843    2.46172
         0          0          0          1

  0.128444  -0.552014   0.823883   0.806469
 -0.953395  -0.297443 -0.0506567   0.943518
  0.273021  -0.778979  -0.564492    2.43936
         0          0          0          1

 0.136142 -0.547936  0.825368  0.803402
-0.956306 -0.290269  -0.03496  0.931044
 0.258734 -0.784545 -0.563512   2.42822
        0         0         0         1

  0.139602  -0.549303    0.82388   0.811336
 -0.961142  -0.275279 -0.0206755   0.914158
  0.238154  -0.788979  -0.566388    2.42224
         0          0          0          1

  0.142246  -0.540242     0.8294   0.802873
 -0.961931  -0.272992 -0.0128421   0.902558
  0.233357  -0.795999  -0.558508     2.4077
         0          0          0          1

  0.141308  -0.538019   0.831004   0.807133
  -0.96882  -0.247725 0.00435708   0.872135
  0.203517  -0.805709  -0.556249    2.38971
         0          0          0          1

 0.142423 -0.534478  0.833096  0.807432
-0.970634 -0.240274  0.011787  0.860349
 0.193871  -0.81031 -0.553003   2.37561
        0         0         0         1

 0.153146 -0.529962  0.834078  0.804564
-0.974315 -0.221988 0.0378475  0.837732
 0.165097 -0.818451 -0.550346   2.37179
        0         0         0         1

 0.153245 -0.532254  0.832599  0.810262
-0.976257 -0.212076 0.0441124  0.825891
 0.153095 -0.819591 -0.552116   2.36107
        0         0         0         1

 0.152006 -0.528536  0.835191  0.814814
-0.977533 -0.205237 0.0480314  0.816042
 0.146026 -0.823728 -0.547858     2.344
        0         0         0         1

 0.156945 -0.527502  0.834931  0.814618
-0.978659 -0.196618 0.0597407  0.802931
 0.132649 -0.826489 -0.547102   2.33398
        0         0         0         1

 0.155817 -0.526566  0.835733  0.822402
-0.982163 -0.172735 0.0742835  0.778103
 0.105245 -0.832401 -0.544089   2.30679
        0         0         0         1

 0.156903 -0.522773  0.837908    0.8213
-0.983155 -0.163207  0.082276  0.766818
0.0937408 -0.836703 -0.539575   2.29547
        0         0         0         1

 0.156395 -0.521256  0.838948  0.824216
-0.984811  -0.14715 0.0921596  0.752037
 0.075412 -0.840618 -0.536352   2.28257
        0         0         0         1

 0.157835 -0.520042  0.839431  0.825773
-0.985517 -0.136331  0.100844  0.740575
0.0619977  -0.84319 -0.534029   2.27099
        0         0         0         1

 0.160701 -0.517272  0.840598  0.825918
-0.986169 -0.119153  0.115208   0.72442
0.0405657 -0.847486 -0.529266   2.25955
        0         0         0         1

 0.158455 -0.517831   0.84068  0.829818
 -0.98703 -0.105293  0.121182  0.714012
0.0257662 -0.848979 -0.527799   2.24811
        0         0         0         1

  0.154425  -0.514577   0.843424   0.834992
 -0.987993 -0.0763495   0.134313   0.690015
-0.00471941  -0.854038  -0.520189    2.22002
         0          0          0          1

  0.155985  -0.510991   0.845315    0.83375
 -0.987612 -0.0658921   0.142411   0.679763
-0.0170711  -0.857057  -0.514939    2.20689
         0          0          0          1

  0.152063  -0.510149   0.846537   0.837907
  -0.98793 -0.0528743   0.145598   0.669893
-0.0295167  -0.858459  -0.512032     2.1896
         0          0          0          1

  0.152991  -0.511313   0.845667   0.839083
 -0.987034 -0.0370255    0.15618   0.657437
-0.0485457  -0.858596  -0.510349    2.18094
         0          0          0          1

  0.149102  -0.509958   0.847179   0.841666
 -0.985566 -0.0071776   0.169137   0.636762
-0.0801723  -0.860169  -0.503668    2.14954
         0          0          0          1

  0.146754  -0.509238   0.848021   0.843134
 -0.984801 0.00530037   0.173607   0.627711
-0.0929021  -0.860609   -0.50072    2.13657
         0          0          0          1

 0.143971 -0.510839  0.847535  0.846393
-0.983002 0.0247723  0.181914  0.615801
-0.113924 -0.859319  -0.49859   2.12365
        0         0         0         1

 0.140276  -0.51146   0.84778  0.848762
-0.982088 0.0369156   0.18477  0.608875
-0.125799 -0.858514 -0.497121   2.11016
        0         0         0         1

  0.13584 -0.513037   0.84755  0.852932
-0.980305 0.0541784  0.189912  0.599606
-0.143351 -0.856655 -0.495573   2.09427
        0         0         0         1

 0.133903  -0.51224   0.84834  0.853967
-0.978543 0.0669325   0.19487  0.591772
-0.156602  -0.85623 -0.492286   2.08118
        0         0         0         1

 0.127819 -0.509989  0.850632  0.857289
-0.974174 0.0964065  0.204182  0.575425
-0.186137 -0.854762 -0.484495   2.05077
        0         0         0         1

 0.124922 -0.509877  0.851129  0.859089
-0.971796  0.110062  0.208566  0.568667
 -0.20002 -0.853178 -0.481747   2.03785
        0         0         0         1

 0.122643  -0.50924  0.851841  0.860735
-0.968554  0.125804  0.214654  0.560739
-0.216475  -0.85138 -0.477797   2.02157
        0         0         0         1

 0.119314  -0.50961  0.852092  0.862612
-0.965916   0.13899  0.218377  0.554757
-0.229719 -0.849105 -0.475657   2.00839
        0         0         0         1

 0.110486 -0.510527  0.852734  0.867957
-0.958311  0.172749   0.22759  0.541348
  -0.2635  -0.84233 -0.470158   1.97855
        0         0         0         1

 0.105952 -0.511793   0.85255  0.871092
-0.955949  0.183605  0.229022  0.537348
-0.273744  -0.83926 -0.469795   1.96485
        0         0         0         1

 0.102499 -0.513342  0.852041  0.873004
-0.950804  0.201175  0.235585  0.530997
-0.292345 -0.834271 -0.467467   1.94992
        0         0         0         1

0.0995641 -0.515126  0.851312   0.87403
-0.946752  0.214224  0.240352  0.526006
-0.306183 -0.829912 -0.466367   1.93785
        0         0         0         1

0.0879766 -0.519171   0.85013  0.879769
 -0.93899  0.241652  0.244748  0.518858
-0.332502 -0.819796 -0.466237    1.9069
        0         0         0         1

 0.085986 -0.518565  0.850704  0.880209
-0.934763   0.25344  0.248972  0.515012
-0.344711 -0.816614 -0.462943   1.89454
        0         0         0         1

0.0820546 -0.518688  0.851017  0.882274
-0.929248  0.268822  0.253443  0.510747
 -0.36023 -0.811602 -0.459931    1.8799
        0         0         0         1

0.0791581 -0.519828  0.850595  0.883654
-0.924767  0.280303  0.257363  0.507958
-0.372209 -0.806975 -0.458532   1.86742
        0         0         0         1

0.0740832 -0.522503  0.849413  0.886683
-0.918165  0.296688  0.262582  0.504396
 -0.38921 -0.799354 -0.457765   1.85411
        0         0         0         1

 0.071743 -0.521846  0.850017  0.888398
-0.914317  0.306156  0.265127  0.502627
-0.398593 -0.796207 -0.455168   1.84173
        0         0         0         1

0.0628182 -0.522838  0.850114  0.893292
-0.903384  0.332264  0.271104  0.498716
-0.424206  -0.78501 -0.451452   1.81543
        0         0         0         1

0.0610784 -0.522887  0.850211  0.894037
-0.898829   0.34158  0.274645  0.497372
-0.434023 -0.780969 -0.449122   1.80442
        0         0         0         1

 0.057288 -0.522474  0.850728  0.895701
-0.893792  0.352816   0.27687  0.496233
-0.444808 -0.776235 -0.446771   1.79064
        0         0         0         1

  0.05304 -0.522855   0.85077   0.89782
-0.888543  0.364093  0.279155  0.495037
-0.455717 -0.770752 -0.445268   1.78046
        0         0         0         1

0.0466963 -0.520763  0.852423   0.90079
-0.876477  0.387991  0.285046  0.493209
-0.479174  -0.76044 -0.438319   1.75686
        0         0         0         1

0.0447258 -0.519621  0.853225  0.902058
-0.870642  0.398541  0.288354  0.492507
-0.489881  -0.75575 -0.434579   1.74739
        0         0         0         1

0.0402473 -0.518336   0.85423  0.904318
 -0.86494  0.409956  0.289508  0.492599
-0.500259 -0.750509  -0.43183   1.73528
        0         0         0         1

0.0378727 -0.516434  0.855489  0.905475
-0.860196  0.418841  0.290923  0.492945
-0.508556 -0.746906 -0.428371   1.72569
        0         0         0         1

0.0369774 -0.512997  0.857594  0.905292
-0.853893  0.429596  0.293794  0.492691
-0.519134 -0.743157 -0.422159   1.71438
        0         0         0         1

0.0327476  -0.50924  0.860001   0.90733
-0.849813  0.438717  0.292141  0.493671
-0.526067 -0.740407 -0.418392   1.70455
        0         0         0         1

0.0251011 -0.502808  0.864033     0.911
 -0.83973  0.458362   0.29113  0.495496
-0.542423 -0.732863 -0.410718   1.68404
        0         0         0         1

0.0245084 -0.499813  0.865786  0.911191
-0.835141  0.465791  0.292539  0.496044
 -0.54949 -0.730223 -0.405999   1.67565
        0         0         0         1

0.0215366  -0.49614  0.867975  0.912689
-0.830833  0.474027  0.291572  0.497597
-0.556104 -0.727422 -0.402001   1.66528
        0         0         0         1

0.0203746 -0.494813  0.868761  0.912946
-0.825683  0.481654  0.293696  0.497955
-0.563767 -0.723305 -0.398745   1.65799
        0         0         0         1

0.0159026 -0.489993  0.871581  0.915829
-0.815424  0.498109  0.294909  0.500163
-0.578646 -0.715398 -0.391631    1.6419
        0         0         0         1

0.0146009 -0.488038    0.8727   0.91691
-0.812062  0.503444  0.295126   0.50148
-0.583389 -0.712996 -0.388967   1.63462
        0         0         0         1

0.0123792 -0.485948    0.8739  0.918414
-0.807945  0.510057  0.295072  0.502994
-0.589128 -0.709716 -0.386305   1.62648
        0         0         0         1

0.0111005 -0.484216  0.874878  0.919386
-0.805222  0.514424  0.294933  0.504536
 -0.59287 -0.707745 -0.384191   1.61989
        0         0         0         1

0.0081053  -0.48249  0.875864  0.921144
-0.801477  0.520641  0.294224  0.506144
-0.597971 -0.704369 -0.382484   1.61217
        0         0         0         1

0.00707147 -0.480697  0.876858  0.921786
-0.798692  0.524915  0.294202  0.507336
-0.601698  -0.70242 -0.380217   1.60608
        0         0         0         1

0.00748333 -0.476325  0.879237  0.922488
-0.791782  0.534209  0.296146  0.509611
-0.610758  -0.69838 -0.373148   1.59359
        0         0         0         1

0.00482312 -0.474469  0.880259  0.924119
-0.788856  0.539178  0.294945  0.510729
-0.614559  -0.69582 -0.371688   1.58891
        0         0         0         1

0.00438506 -0.470759  0.882251  0.924805
-0.785802  0.544028  0.294192  0.512042
-0.618463 -0.694565 -0.367538    1.5829
        0         0         0         1

0.00498029 -0.468041  0.883693   0.92465
-0.783198  0.547626   0.29446  0.512929
-0.621753 -0.693572 -0.363842    1.5787
        0         0         0         1

0.00325511   -0.4643  0.885672  0.925832
-0.779888  0.553178  0.292862  0.514086
 -0.62591 -0.691678 -0.360302   1.57419
        0         0         0         1

0.00391657 -0.461665  0.887046  0.925721
-0.777648  0.556277  0.292949   0.51497
-0.628687 -0.690957 -0.356834   1.57022
        0         0         0         1

0.00393848  -0.45814  0.888871  0.926096
-0.774861  0.560483  0.292317  0.517315
 -0.63212 -0.689903 -0.352788   1.56146
        0         0         0         1

0.00719441 -0.448568   0.89372  0.925667
-0.774143  0.563229  0.288922   0.51798
 -0.63297 -0.693946 -0.343203   1.55792
        0         0         0         1

0.00645103 -0.448954  0.893531  0.926022
 -0.77459  0.562877  0.288409  0.519083
-0.632431 -0.693981 -0.344124   1.55454
        0         0         0         1

0.00535137 -0.451028  0.892494   0.92682
-0.773115  0.564208  0.289762  0.519058
-0.634243 -0.691551 -0.345677   1.55416
        0         0         0         1

0.00870038 -0.452967  0.891485   0.92695
-0.772871  0.562647  0.293426  0.518579
-0.634504 -0.691556 -0.345189   1.55197
        0         0         0         1

0.0099426 -0.454321  0.890783   0.92703
-0.772855   0.56177  0.295143  0.517983
-0.634505  -0.69138 -0.345539   1.55228
        0         0         0         1

0.0113781 -0.455352  0.890239  0.927852
-0.773667  0.560022  0.296336  0.517434
 -0.63349  -0.69212 -0.345919   1.55202
        0         0         0         1

0.0148348 -0.454767  0.890487  0.927244
-0.774875   0.55763  0.297687  0.517018
-0.631941 -0.694432 -0.344115   1.55174
        0         0         0         1

0.0169341 -0.453783  0.890951  0.927774
-0.776366  0.555542  0.297707  0.516723
-0.630055 -0.696745 -0.342894   1.55174
        0         0         0         1

0.0183911 -0.452888  0.891378  0.927962
-0.777817  0.553691  0.297366  0.516566
-0.628222 -0.698798 -0.342081   1.55144
        0         0         0         1

0.0217591 -0.449237  0.893148  0.928214
-0.780802  0.550309  0.295817  0.515874
-0.624399 -0.703809 -0.338791   1.55106
        0         0         0         1

0.0213652 -0.447225  0.894166   0.92878
-0.782301  0.549425  0.293492  0.515986
-0.622534 -0.705778 -0.338126   1.55066
        0         0         0         1

0.0205583 -0.444869  0.895359  0.929504
-0.783023  0.549674  0.291091  0.516003
-0.621653 -0.707071 -0.337043   1.55094
        0         0         0         1

 0.020709 -0.443036  0.896264  0.929338
-0.783608  0.549546  0.289755  0.515929
 -0.62091  -0.70832 -0.335786   1.55119
        0         0         0         1

0.0202526 -0.438564  0.898472  0.928625
-0.784743   0.54985  0.286083  0.515733
 -0.61949 -0.710864 -0.333024   1.55124
        0         0         0         1

0.0205209 -0.436535  0.899453  0.927803
-0.784823  0.550305  0.284987  0.515711
-0.619381 -0.711759  -0.33131   1.55132
        0         0         0         1

0.0199899 -0.432603  0.901363  0.927217
-0.785872  0.550526   0.28165  0.515938
-0.618066 -0.713986 -0.328966     1.551
        0         0         0         1

0.0175693 -0.430152  0.902585  0.927395
-0.785263  0.552858  0.278765  0.516196
-0.618913 -0.713665 -0.328069   1.55117
        0         0         0         1

0.0177648 -0.428383  0.903423  0.926757
-0.785114  0.553505  0.277898  0.516355
-0.619096 -0.714227 -0.326496   1.55108
        0         0         0         1

0.0174132 -0.428025  0.903599  0.926341
-0.784491  0.554458  0.277758  0.516557
-0.619896 -0.713702 -0.326127   1.55139
        0         0         0         1

0.0139025 -0.428254  0.903551  0.926324
-0.783309   0.55698  0.276043  0.517128
-0.621477 -0.711598 -0.327712    1.5521
        0         0         0         1

0.0138767  -0.42898  0.903207  0.925913
-0.782799  0.557351  0.276741  0.517599
 -0.62212  -0.71087 -0.328071   1.55273
        0         0         0         1

0.0140616 -0.429899  0.902768  0.925058
-0.781919  0.558008  0.277903  0.518115
-0.623221 -0.709799 -0.328299   1.55399
        0         0         0         1

0.0142863 -0.430371  0.902539  0.924539
-0.781629  0.558114  0.278506  0.518539
-0.623581 -0.709429 -0.328417   1.55475
        0         0         0         1

0.0137501 -0.429668  0.902882  0.923499
-0.782326  0.557724  0.277327  0.520361
-0.622718 -0.710161 -0.328472   1.55567
        0         0         0         1

0.0133615 -0.429248  0.903088  0.922978
-0.782875  0.557363  0.276504  0.521363
-0.622036 -0.710699   -0.3286   1.55568
        0         0         0         1

0.0124681 -0.428847  0.903291  0.922517
-0.782845  0.557831  0.275642  0.522099
-0.622092 -0.710574 -0.328765   1.55675
        0         0         0         1

0.0114972 -0.428465  0.903485  0.922386
 -0.78279  0.558348  0.274749  0.522962
-0.622179 -0.710399 -0.328979   1.55764
        0         0         0         1

0.00991213 -0.428666  0.903409  0.922161
-0.782967  0.558634  0.273661  0.524028
-0.621984 -0.710052 -0.330094   1.55813
        0         0         0         1

0.00942947 -0.429496   0.90302  0.921264
-0.783074  0.558427  0.273777  0.524656
-0.621857 -0.709713 -0.331061   1.55885
        0         0         0         1

0.00695452 -0.433045  0.901345  0.920525
-0.781842  0.559606  0.274891  0.526233
-0.623438 -0.706621 -0.334681   1.56176
        0         0         0         1

0.00498114 -0.436132  0.899869  0.920721
-0.781138  0.560139  0.275802  0.527348
-0.624338 -0.704296 -0.337889   1.56275
        0         0         0         1

0.00518123 -0.441713  0.897141  0.919122
-0.780793  0.558734  0.279605  0.528136
-0.624769  -0.70193 -0.341992   1.56362
        0         0         0         1

0.00447549 -0.446468  0.894788  0.918562
 -0.78017  0.558188  0.282419  0.528942
-0.625551 -0.699351 -0.345823    1.5649
        0         0         0         1

0.0028392 -0.454133   0.89093  0.918572
-0.779374  0.557214  0.286512  0.531459
-0.626553  -0.69518 -0.352357   1.56824
        0         0         0         1

0.00123904 -0.456233   0.88986  0.918965
-0.779636  0.556818  0.286567   0.53273
-0.626231 -0.694122 -0.355006   1.56953
        0         0         0         1

0.000197731 -0.456552  0.889697  0.919031
-0.779089  0.557692  0.286355  0.534103
-0.626913  -0.69321 -0.355584   1.57201
        0         0         0         1

-0.00101389 -0.455261  0.890357  0.919307
 -0.77989  0.557649  0.284251  0.535874
-0.625916 -0.694093 -0.355619   1.57319
        0         0         0         1

-0.000184219 -0.454091  0.890955  0.918504
-0.781021  0.556472  0.283454  0.537698
-0.624505 -0.695802 -0.354757   1.57439
        0         0         0         1

0.000265381 -0.453772  0.891118  0.917893
-0.781122  0.556301   0.28351  0.539028
-0.624378 -0.696147 -0.354304    1.5769
        0         0         0         1

0.000190931 -0.452386  0.891822  0.918162
-0.784173  0.553345  0.280858  0.542828
-0.620542 -0.699397 -0.354643   1.58152
        0         0         0         1

0.000734701 -0.452472  0.891778  0.917558
-0.785397  0.551743  0.280591  0.544248
-0.618992 -0.700606 -0.354965   1.58419
        0         0         0         1

0.000801867  -0.45307  0.891474  0.917466
-0.787257  0.549419  0.279937  0.546308
-0.616624 -0.702044 -0.356242   1.58723
        0         0         0         1

0.000527219 -0.453797  0.891105  0.917463
 -0.78906  0.547231  0.279146  0.548194
-0.614316 -0.703282 -0.357785   1.59029
        0         0         0         1

0.000295188  -0.45121  0.892418  0.916974
-0.793849  0.542587  0.274596  0.552704
-0.608115 -0.708526 -0.358032   1.59798
        0         0         0         1

2.04998e-05 -0.450898  0.892576  0.916763
 -0.79545  0.540911  0.273267  0.554446
 -0.60602 -0.710005 -0.358655   1.60218
        0         0         0         1

-0.000816089 -0.449207  0.893427   0.91688
-0.798635  0.537971  0.269758  0.557233
-0.601815 -0.713302 -0.359192    1.6071
        0         0         0         1

0.00180654 -0.447332  0.894366  0.915696
-0.801506   0.53417  0.268793  0.559002
-0.597983 -0.717326 -0.357575   1.61113
        0         0         0         1

0.00438402  -0.44479  0.895624  0.914278
-0.804511  0.530372  0.267335  0.561342
-0.593922 -0.721711 -0.355513   1.61717
        0         0         0         1

0.00478548 -0.443435  0.896294  0.913806
-0.808694  0.525505  0.264308  0.563858
-0.588211 -0.726092 -0.356089   1.62134
        0         0         0         1

0.00869236 -0.441504  0.897217  0.911797
-0.818177   0.51271  0.260222  0.569249
-0.574901 -0.736344 -0.356772   1.63329
        0         0         0         1

0.0102673 -0.440499  0.897694  0.910642
-0.822676  0.506598  0.257997  0.571727
-0.568417 -0.741161 -0.357187   1.63909
        0         0         0         1

 0.010769 -0.438872  0.898485  0.910141
-0.828045  0.499797  0.254055  0.574906
-0.560558 -0.746722 -0.358024   1.64611
        0         0         0         1

0.00985528 -0.435954  0.899915  0.910778
-0.833113  0.494135  0.248502  0.578289
-0.553015  -0.75218 -0.358329   1.65229
        0         0         0         1

0.0154474  -0.43083  0.902301  0.907835
-0.844549  0.477455  0.242434  0.584143
-0.535256 -0.765782 -0.356482   1.66887
        0         0         0         1

0.0185519 -0.426954  0.904083  0.906822
-0.849595  0.469982  0.239384  0.586839
-0.527109 -0.772546 -0.354019   1.67688
        0         0         0         1

0.0233957 -0.422691  0.905972  0.904568
-0.856559  0.458826   0.23619   0.58997
-0.515519 -0.781544 -0.351325   1.68676
        0         0         0         1

0.0255367 -0.418624  0.907801   0.90384
-0.862447   0.44997   0.23176  0.593233
-0.505504 -0.788848  -0.34955   1.69571
        0         0         0         1

0.0289045 -0.413517  0.910037  0.902578
-0.870673  0.436798  0.226133  0.597331
-0.491012 -0.798881 -0.347413   1.70582
        0         0         0         1

0.0317409 -0.409495   0.91176  0.901869
-0.876764  0.426562  0.222103  0.601003
-0.479872 -0.806448 -0.345491   1.71515
        0         0         0         1

0.0402759 -0.400214  0.915536  0.898101
-0.891549  0.399303   0.21377  0.608882
 -0.45113 -0.824855 -0.340728    1.7389
        0         0         0         1

0.0434832 -0.397198  0.916702  0.897189
-0.899324  0.384064   0.20907  0.613416
-0.435115 -0.833504 -0.340509   1.74809
        0         0         0         1

0.0492461 -0.394087  0.917753  0.895222
-0.907121  0.366887  0.206218  0.618425
 -0.41798 -0.842668 -0.339416   1.76122
        0         0         0         1

0.0545629  -0.39347  0.917717  0.893417
-0.912347  0.353844  0.205954  0.621895
-0.405765 -0.848514 -0.339675   1.77379
        0         0         0         1

0.0656021 -0.391564  0.917809  0.890325
-0.926106  0.318563  0.202103  0.632378
-0.371516 -0.863247 -0.341731   1.80206
        0         0         0         1

0.0722504 -0.391063  0.917524  0.887931
-0.931933  0.301293  0.201801  0.636967
 -0.35536 -0.869651 -0.342676   1.81507
        0         0         0         1

0.0803717 -0.392899  0.916063  0.884869
-0.938251   0.28043  0.202595   0.64283
-0.336491 -0.875779 -0.346099   1.83141
        0         0         0         1

0.0833918 -0.395249  0.914781  0.885197
-0.944083  0.262511  0.199486  0.649183
-0.318987 -0.880265 -0.351257   1.84483
        0         0         0         1

0.0894342  -0.39846  0.912815  0.884516
-0.950405  0.239958  0.197863  0.656777
-0.297878  -0.88524 -0.357238   1.86172
        0         0         0         1

0.0953796 -0.401573  0.910847  0.883186
-0.954873   0.22165  0.197711  0.663089
-0.281285   -0.8886  -0.36231   1.87699
        0         0         0         1

 0.107318  -0.41195  0.904864  0.881304
-0.965104  0.175497  0.194359  0.679312
-0.238867 -0.894146 -0.378741   1.91099
        0         0         0         1

 0.113825 -0.416732  0.901875  0.878709
-0.967559  0.159591  0.195858  0.685503
-0.225552  -0.89491 -0.385048   1.92842
        0         0         0         1

 0.120457 -0.421301  0.898886  0.877228
-0.971862  0.134585  0.193316  0.695376
-0.202421 -0.896879 -0.393235   1.94675
        0         0         0         1

 0.123903 -0.428421  0.895044  0.876451
-0.974551  0.117272  0.191043  0.703382
-0.186811 -0.895937 -0.402987   1.96348
        0         0         0         1

 0.136153 -0.440739   0.88725  0.872844
-0.979042 0.0770588  0.188517  0.723036
-0.151457 -0.894322  -0.42101   2.00283
        0         0         0         1

 0.139199 -0.446325  0.883978  0.872173
 -0.98156 0.0559097  0.182795  0.733959
-0.131009 -0.893123 -0.430312   2.01666
        0         0         0         1

 0.142005 -0.456237  0.878454  0.874393
-0.983365 0.0365217  0.177932  0.746025
-0.113262 -0.889108 -0.443462   2.03832
        0         0         0         1

 0.146926 -0.461947  0.874653  0.872652
-0.984461 0.0176793  0.174709  0.756179
-0.0961695 -0.886731 -0.452171   2.05367
        0         0         0         1

    0.15052   -0.468279    0.870666    0.871271
  -0.986186 -0.00953235    0.165364     0.77127
 -0.0691371   -0.883529   -0.463245     2.06961
          0           0           0           1

  0.153516  -0.475115   0.866429    0.87199
 -0.986572 -0.0242172   0.161524   0.781812
-0.0557599   -0.87959  -0.472453    2.08718
         0          0          0          1

   0.16184  -0.491342   0.855799   0.870626
 -0.986585 -0.0617369   0.151128   0.807683
 -0.021421  -0.868776  -0.494742    2.12483
         0          0          0          1

  0.169739  -0.492225   0.853758   0.864624
 -0.985472 -0.0797331   0.149957   0.818294
-0.00573969  -0.866809  -0.498608    2.14019
         0          0          0          1

   0.17351  -0.499292   0.848883   0.863263
 -0.984755 -0.0987605   0.143193   0.831613
 0.0123409  -0.860787  -0.508816    2.15996
         0          0          0          1

 0.173627 -0.505652  0.845086  0.864572
-0.984512 -0.110269  0.136294  0.843004
0.0242695 -0.855662 -0.516966   2.17872
        0         0         0         1

 0.168972 -0.514789    0.8405  0.870107
-0.984621 -0.126557  0.120432  0.861818
0.0443745 -0.847924 -0.528257   2.19517
        0         0         0         1

 0.173493 -0.517453  0.837939  0.866577
-0.982808  -0.14553  0.113619     0.876
0.0631527 -0.843246 -0.533805   2.20645
        0         0         0         1

 0.174277 -0.527715  0.831351  0.867942
-0.979013 -0.183441 0.0887893  0.910855
 0.105649 -0.829377 -0.548609   2.23593
        0         0         0         1

 0.175485 -0.535806  0.825904  0.870439
-0.977837 -0.192175 0.0830938  0.923198
 0.114196 -0.822181 -0.557654   2.25477
        0         0         0         1

 0.173219 -0.536906  0.825668  0.869848
-0.976028  -0.20575 0.0709709  0.939011
 0.131777 -0.818168 -0.559675   2.27136
        0         0         0         1

 0.172799 -0.539825   0.82385   0.87175
-0.974935 -0.212758 0.0650799  0.950855
 0.140149 -0.814446 -0.563059   2.28791
        0         0         0         1

 0.181816 -0.538787  0.822588  0.861819
-0.969028 -0.240338 0.0567644  0.979504
 0.167115 -0.807432 -0.565797   2.31823
        0         0         0         1

 0.178155 -0.548268  0.817106  0.868721
-0.965949  -0.25578 0.0389816  0.999152
 0.187627 -0.796228 -0.575167   2.32674
        0         0         0         1

 0.176824 -0.550786  0.815701     0.872
-0.963234 -0.267158 0.0284121    1.0174
 0.202272 -0.790735 -0.577775   2.34281
        0         0         0         1

 0.179318  -0.55375  0.813146  0.872566
-0.959491 -0.281011 0.0202232   1.03326
 0.217305 -0.783833 -0.581709   2.35465
        0         0         0         1

   0.174419   -0.564234     0.80698    0.877367
  -0.952357   -0.304896 -0.00733971     1.07189
   0.250186   -0.767254   -0.590533     2.37874
          0           0           0           1

  0.171825  -0.564972   0.807021   0.876517
 -0.948806  -0.315303 -0.0187217    1.08794
  0.265034  -0.762489  -0.590226    2.38629
         0          0          0          1

   0.17169  -0.566017   0.806318   0.874317
 -0.944029  -0.328532 -0.0296092    1.10748
   0.28166  -0.756103  -0.590741     2.3974
         0          0          0          1

  0.172497  -0.571441   0.802309   0.874796
 -0.942502  -0.332451 -0.0341472    1.11815
  0.286241  -0.750288  -0.595931    2.41504
         0          0          0          1

  0.173125  -0.567774   0.804774    0.86826
 -0.936327  -0.348322 -0.0443186    1.13846
  0.305483  -0.745859  -0.591925    2.41959
         0          0          0          1

  0.172826  -0.568624   0.804237   0.866748
   -0.9333  -0.355488 -0.0507821    1.15188
  0.314773  -0.741818  -0.592135    2.43256
         0          0          0          1

  0.166442  -0.582719   0.795447   0.877914
 -0.927316  -0.366761 -0.0746426    1.18498
  0.335234  -0.725207  -0.601409    2.45553
         0          0          0          1

