-0.155789 -0.532826  0.831761 0.0918487
-0.823362 -0.395148 -0.407348   1.03864
 0.545714 -0.748301 -0.377149   2.09765
        0         0         0         1

-0.141702 -0.503926  0.852044 0.0516704
-0.838388 -0.396554 -0.373966   1.00073
 0.526333 -0.767335 -0.366293   2.09663
        0         0         0         1

 -0.12088 -0.487093  0.864944 0.0214244
-0.857608  -0.38755 -0.338103  0.957835
 0.499897 -0.782653 -0.370888   2.11195
        0         0         0         1

-0.115305 -0.472489  0.873762 0.0057222
-0.865918 -0.383192 -0.321481  0.935735
 0.486715 -0.793674 -0.364953   2.10959
        0         0         0         1

 -0.102522  -0.446959    0.88866 -0.0267657
 -0.871921  -0.389626  -0.296557   0.904928
  0.478793  -0.805245  -0.349767    2.09325
         0          0          0          1

-0.0985198  -0.432167   0.896396 -0.0418958
 -0.878468  -0.385434  -0.282374   0.880749
  0.467534  -0.815274  -0.341672    2.08933
         0          0          0          1

-0.060477 -0.386699  0.920221 -0.106868
-0.905713 -0.366241 -0.213427  0.798533
 0.419555 -0.846364 -0.328089   2.10164
        0         0         0         1

-0.0457387 -0.385689  0.921494 -0.121162
-0.914511  -0.35502 -0.193985  0.768194
 0.401967 -0.851589 -0.336479   2.11448
        0         0         0         1

-0.0465593 -0.373681  0.926388  -0.13682
-0.915746 -0.354511 -0.189025  0.745145
  0.39905 -0.857137 -0.325691   2.09602
        0         0         0         1

-0.0389517 -0.373832  0.926678 -0.149594
-0.919554 -0.349498 -0.179643  0.723285
 0.391029 -0.859128 -0.330145   2.09294
        0         0         0         1

-0.027805 -0.371845  0.927878 -0.168749
-0.930655  -0.32916 -0.159798  0.686084
 0.364841 -0.867978 -0.336907   2.10046
        0         0         0         1

-0.0362622 -0.378302  0.924972 -0.170389
-0.932583 -0.319812  -0.16736  0.672866
  0.35913 -0.868682 -0.341201   2.09114
        0         0         0         1

-0.0233672 -0.381348  0.924136 -0.201615
-0.943627 -0.296889 -0.146372  0.616079
 0.330185  -0.87546 -0.352912   2.08286
        0         0         0         1

-0.0269198 -0.380244  0.924494 -0.209076
-0.945335 -0.290983 -0.147208  0.600712
 0.324986  -0.87792 -0.351625   2.06785
        0         0         0         1

-0.0241543  -0.38377  0.923113 -0.223887
 -0.94846 -0.283053 -0.142492    0.5732
 0.315974 -0.878978 -0.357154   2.06284
        0         0         0         1

-0.0216106 -0.383016  0.923489 -0.237674
-0.953001 -0.271313 -0.134828  0.545416
 0.302196 -0.882999 -0.359151   2.05863
        0         0         0         1

-0.0303347 -0.374513  0.926725 -0.261253
-0.960333 -0.246207 -0.130933  0.499862
 0.277202 -0.893937 -0.352188   2.04448
        0         0         0         1

-0.0248451 -0.358292  0.933279  -0.27553
-0.959828 -0.252451 -0.122469  0.473197
 0.279487  -0.89883 -0.337626   2.04087
        0         0         0         1

-0.0294398  -0.31586  0.948349 -0.296314
   -0.965 -0.238365 -0.109348  0.444273
 0.260592 -0.918376 -0.297788   2.02409
        0         0         0         1

-0.0349905 -0.299021  0.953605 -0.299421
-0.968087 -0.226795 -0.106638  0.432868
  0.24816 -0.926904 -0.281542   2.00861
        0         0         0         1

-0.0420326 -0.285757   0.95738 -0.305081
-0.973266  -0.20485 -0.103873  0.421456
 0.225802 -0.936152 -0.269507   1.99133
        0         0         0         1

-0.0374044  -0.292898   0.955412  -0.309468
 -0.977723   -0.18688 -0.0955692   0.408508
  0.206539  -0.937703  -0.279383     1.9808
         0          0          0          1

-0.0100364  -0.345994   0.938183  -0.322382
  -0.98967  -0.130749 -0.0588064   0.359289
  0.143013  -0.929082  -0.341107    1.98584
         0          0          0          1

  0.002694  -0.371048    0.92861  -0.323352
 -0.992668  -0.113212 -0.0423567    0.34477
  0.120846  -0.921687  -0.368632    1.98178
         0          0          0          1

 0.0235839  -0.389137   0.920878  -0.333403
 -0.996162 -0.0868118 -0.0111723   0.322748
 0.0842906   -0.91708  -0.389691    1.97451
         0          0          0          1

 0.0353094  -0.399383   0.916104  -0.336954
 -0.997721  -0.066824 0.00932268   0.308202
 0.0574944  -0.914345  -0.400833    1.97139
         0          0          0          1

 0.0524158   -0.41005   0.910556  -0.355235
 -0.998583 -0.0299317   0.044004   0.269377
0.00921065  -0.911572  -0.411038    1.95073
         0          0          0          1

 0.0416658  -0.414019   0.909314  -0.351973
 -0.999132 -0.0173811  0.0378676   0.266499
0.000126984  -0.910102  -0.414384    1.93823
         0          0          0          1

 0.0392351  -0.419887   0.906728   -0.35691
 -0.999043 0.00104832  0.0437152   0.253201
 -0.019306  -0.907576  -0.419444    1.92875
         0          0          0          1

0.0478005 -0.424665  0.904088 -0.365488
 -0.99826 0.0109749 0.0579346  0.233872
-0.0345251 -0.905284 -0.423402   1.92069
        0         0         0         1

0.0436301 -0.427919  0.902763 -0.366667
-0.997388 0.0334049 0.0640375  0.224303
-0.0575596   -0.9032 -0.425344   1.91085
        0         0         0         1

 0.032712 -0.437721  0.898516 -0.360127
-0.997357 0.0440601 0.0577748  0.227795
-0.0648779 -0.898031 -0.435123   1.90141
        0         0         0         1

0.0529772 -0.457444  0.887659 -0.373411
-0.992493 0.0740076 0.0973727  0.195906
-0.110236 -0.886153 -0.450089   1.88848
        0         0         0         1

0.0654534 -0.473243  0.878497 -0.380884
-0.989778 0.0810003  0.117379  0.177679
-0.126707   -0.8772 -0.463104    1.8829
        0         0         0         1

0.0721904 -0.483828  0.872181 -0.384632
-0.986931 0.0916575  0.132534  0.168045
-0.144065  -0.87035 -0.470888   1.86923
        0         0         0         1

0.0805689  -0.49512  0.865081 -0.388621
-0.983339  0.102405  0.150193  0.157068
-0.162952 -0.862768  -0.47862   1.86364
        0         0         0         1

 0.074409  -0.51195  0.855786 -0.383424
-0.978535  0.127898  0.161593  0.154371
-0.192181  -0.84944 -0.491444   1.84554
        0         0         0         1

0.0808908 -0.518337  0.851342 -0.385454
 -0.97467  0.137546  0.176353  0.147325
-0.208509 -0.844043 -0.494081   1.83877
        0         0         0         1

0.0852608 -0.530057  0.843665  -0.38711
-0.971615  0.143302  0.188225  0.140029
-0.220668 -0.835766 -0.502793   1.83257
        0         0         0         1

0.0848735 -0.530818  0.843225 -0.387421
-0.968999    0.1531  0.193911  0.138485
-0.232029 -0.833542 -0.501368   1.82227
        0         0         0         1

0.0964122 -0.538714  0.836954 -0.394883
-0.962298  0.164417   0.21668  0.121418
-0.254338 -0.826289 -0.502552    1.8056
        0         0         0         1

0.0913524 -0.543577  0.834373 -0.393092
-0.961019  0.171441  0.216909  0.119384
-0.260953 -0.821664 -0.506726   1.80098
        0         0         0         1

0.0933268 -0.538223  0.837619 -0.397565
-0.959901  0.174728  0.219225  0.113691
-0.264348 -0.824491 -0.500334   1.78596
        0         0         0         1

0.0922929 -0.535394  0.839545 -0.397583
 -0.95772  0.183008  0.221992  0.111933
-0.272497 -0.824537 -0.495867   1.78087
        0         0         0         1

0.0920986  -0.53488  0.839894 -0.397996
-0.955656   0.18946  0.225448  0.106606
-0.279714 -0.823413 -0.493712   1.77865
        0         0         0         1

0.0938199 -0.521242  0.848236 -0.401383
-0.954842  0.194143  0.224912  0.107006
-0.281913 -0.831032 -0.479489   1.76484
        0         0         0         1

0.0953318 -0.490756  0.866066 -0.406067
 -0.95557  0.198665  0.217757  0.108332
-0.278923 -0.848346 -0.450012   1.74385
        0         0         0         1

0.0964118 -0.484573  0.869421 -0.407029
-0.956047  0.197926  0.216332  0.102896
 -0.27691 -0.852065 -0.444192   1.74288
        0         0         0         1

0.0976609 -0.476024  0.873993 -0.408989
-0.956929  0.196339  0.213865  0.099883
-0.273404 -0.857235 -0.436347   1.73642
        0         0         0         1

0.0979121 -0.471044  0.876659 -0.408815
-0.956935  0.197341  0.212913 0.0989214
-0.273292 -0.859752 -0.431436   1.73488
        0         0         0         1

  0.10652 -0.447934  0.887698 -0.410226
-0.958623  0.190778  0.211297 0.0985874
   -0.264 -0.873475 -0.409078    1.7131
        0         0         0         1

 0.117864 -0.444351  0.888065 -0.416304
 -0.95642  0.189792    0.2219 0.0899238
-0.267149 -0.875518 -0.402617   1.71176
        0         0         0         1

 0.121285 -0.440728  0.889409 -0.414676
-0.955877  0.189666  0.224334 0.0924541
-0.267561 -0.877374 -0.398278   1.70893
        0         0         0         1

 0.127842 -0.434608    0.8915 -0.416121
-0.955363  0.187427   0.22837 0.0916239
-0.266343 -0.880901 -0.391248   1.70176
        0         0         0         1

 0.132393 -0.432839  0.891696 -0.415542
-0.954282  0.187566  0.232732 0.0915898
-0.267988 -0.881742 -0.388219   1.69832
        0         0         0         1

 0.138422 -0.431886  0.891243 -0.418026
-0.952884  0.187175  0.238698 0.0884178
-0.269909 -0.882293 -0.385628   1.69481
        0         0         0         1

 0.134013 -0.432223  0.891753 -0.415115
 -0.95207  0.193526  0.236877  0.091152
-0.274961 -0.880756 -0.385572   1.69353
        0         0         0         1

 0.138623 -0.430571  0.891847 -0.416683
-0.951007  0.193417  0.241197 0.0889876
-0.276351 -0.881588 -0.382664     1.692
        0         0         0         1

   0.1451 -0.425562  0.893221 -0.420357
-0.950054   0.19218  0.245894 0.0850793
-0.276302 -0.884287 -0.376421   1.68561
        0         0         0         1

 0.152414 -0.422148  0.893623 -0.424275
-0.949565   0.18816  0.250842 0.0809029
-0.274036 -0.886785 -0.372179   1.67883
        0         0         0         1

 0.150671 -0.415362  0.897091 -0.421926
-0.949993  0.190236  0.247637 0.0857446
-0.273518 -0.889542 -0.365928   1.67222
        0         0         0         1

 0.149766 -0.413388  0.898154 -0.418908
-0.950977   0.18837  0.245274 0.0901293
-0.270578 -0.890857 -0.364911   1.66881
        0         0         0         1

 0.161962 -0.408893  0.898095  -0.42268
-0.947385   0.19021  0.257452 0.0823654
-0.276097 -0.892539 -0.356573   1.66261
        0         0         0         1

 0.164053 -0.408455  0.897915 -0.420445
 -0.94602  0.192784  0.260539 0.0837866
-0.279522 -0.892188 -0.354779   1.66088
        0         0         0         1

  0.17355 -0.408954    0.8959 -0.421718
-0.943194   0.19268  0.270665 0.0809303
-0.283312 -0.891981 -0.352283   1.65828
        0         0         0         1

 0.171289 -0.407049  0.897202 -0.417704
-0.943623  0.194043  0.268186 0.0861009
-0.283261 -0.892557 -0.350864   1.65382
        0         0         0         1

 0.188058 -0.411584  0.891758 -0.415662
-0.938704  0.191763  0.286464 0.0829981
 -0.28891 -0.890969 -0.350293   1.64608
        0         0         0         1

 0.194809 -0.414684  0.888868 -0.414544
 -0.93624   0.19155  0.294556 0.0814129
 -0.29241 -0.889576 -0.350928   1.64471
        0         0         0         1

 0.207844 -0.413308  0.886554 -0.415629
-0.932516  0.189916  0.307157 0.0779085
-0.295321 -0.890567 -0.345943   1.63945
        0         0         0         1

 0.207008 -0.408697  0.888884 -0.410379
-0.932592  0.192149  0.305535 0.0832949
-0.295669 -0.892214 -0.341371   1.63542
        0         0         0         1

 0.215899 -0.402833  0.889445 -0.407521
 -0.92972   0.19352  0.313321 0.0828811
-0.298342 -0.894581 -0.332741   1.63179
        0         0         0         1

 0.222309 -0.399856   0.88921  -0.40429
-0.927606  0.194084  0.319184 0.0833759
-0.300209 -0.895794 -0.327762   1.63245
        0         0         0         1

 0.247555 -0.386705  0.888356 -0.396146
-0.920192  0.193144  0.340503 0.0860446
-0.303255 -0.901751 -0.308029   1.63356
        0         0         0         1

 0.263349 -0.376718  0.888105 -0.393046
-0.917175  0.187618  0.351554 0.0860629
-0.299061 -0.907129 -0.296107   1.63285
        0         0         0         1

 0.280053 -0.366693   0.88719 -0.387315
-0.914129  0.180351    0.3631 0.0884463
-0.293152 -0.912693 -0.284697   1.63061
        0         0         0         1

 0.300185 -0.358969  0.883759  -0.38455
-0.907558  0.177732  0.380461   0.08684
-0.293646 -0.916271 -0.272432   1.63143
        0         0         0         1

 0.348929 -0.331148  0.876693 -0.377871
-0.894762  0.160443  0.416724 0.0820003
-0.278656 -0.929838 -0.240316   1.63077
        0         0         0         1

 0.361842 -0.319454  0.875796 -0.372042
-0.893001  0.150916  0.423998 0.0841892
 -0.26762 -0.935507 -0.230665   1.63089
        0         0         0         1

 0.370841  -0.31258  0.874512 -0.362473
-0.893029  0.138438  0.428176 0.0909771
-0.254905 -0.939749 -0.227805    1.6344
        0         0         0         1

 0.382642 -0.311721  0.869721 -0.354159
-0.890125  0.127806  0.437427 0.0933265
-0.247511 -0.941539 -0.228567   1.63941
        0         0         0         1

 0.389776 -0.307451  0.868072 -0.338128
-0.889412  0.118742  0.441414  0.103793
-0.238789 -0.944126 -0.227168    1.6491
        0         0         0         1

 0.412337 -0.300073  0.860195 -0.334609
-0.881059  0.108853  0.460311  0.101496
-0.231762 -0.947685 -0.219497    1.6544
        0         0         0         1

 0.451052 -0.264487  0.852408  -0.31612
 -0.86902 0.0874716  0.486983  0.109652
-0.203362 -0.960414  -0.19039   1.66226
        0         0         0         1

 0.464084 -0.247503  0.850511 -0.305633
-0.865505 0.0776098  0.494851  0.115828
-0.188485 -0.965774 -0.178198   1.66657
        0         0         0         1

  0.48263 -0.237924  0.842888  -0.29596
-0.858038 0.0645218  0.509517  0.120194
-0.175611 -0.969138 -0.173007   1.67773
        0         0         0         1

 0.492542 -0.233063  0.838501 -0.283424
-0.854066 0.0557201  0.517172   0.12731
-0.167255 -0.970864 -0.171607   1.68875
        0         0         0         1

 0.519859 -0.204796   0.82934 -0.262985
-0.844353 0.0241819  0.535241  0.139382
 -0.12967 -0.978506 -0.160349   1.69855
        0         0         0         1

 0.527017 -0.199092  0.826206  -0.25005
 -0.84089 0.0186779  0.540884  0.145893
-0.123117 -0.979803  -0.15757   1.71256
        0         0         0         1

   0.53749  -0.190302   0.821517  -0.235616
 -0.835975 0.00761478   0.548714    0.15244
 -0.110677  -0.981696  -0.154995    1.72678
         0          0          0          1

   0.544355   -0.174939    0.820411   -0.223996
  -0.833713 -0.00470841    0.552177    0.160399
 -0.0927348   -0.984568   -0.148412     1.73204
          0           0           0           1

  0.551184  -0.159393   0.819018  -0.208164
 -0.831453 -0.0227213    0.55513   0.172512
-0.0698745  -0.986954  -0.145051    1.73739
         0          0          0          1

  0.557019   -0.14558    0.81764  -0.194738
 -0.828598 -0.0308252   0.558995   0.180367
-0.0561746  -0.988866  -0.137798    1.74783
         0          0          0          1

  0.584101  -0.111534   0.803982  -0.171495
 -0.811377 -0.0531235   0.582104    0.19006
-0.0222139   -0.99234  -0.121525     1.7653
         0          0          0          1

  0.592356  -0.104665   0.798849  -0.157865
 -0.805566 -0.0605121   0.589408   0.196494
-0.0133505  -0.992665  -0.120159    1.77721
         0          0          0          1

  0.603046 -0.0905345   0.792552  -0.142735
 -0.797699 -0.0727011   0.598657   0.204684
0.00342032  -0.993236  -0.116061    1.78687
         0          0          0          1

  0.610418 -0.0786582   0.788164  -0.127371
 -0.791974 -0.0768703   0.605697   0.211756
 0.0129434  -0.993934  -0.109218     1.7964
         0          0          0          1

  0.620464 -0.0504487   0.782611 -0.0909445
 -0.783505 -0.0829218   0.615828   0.228912
 0.0338278  -0.995278 -0.0909768    1.82048
         0          0          0          1

  0.621093 -0.0436282   0.782522 -0.0745853
 -0.782378 -0.0932784   0.615779   0.237843
 0.0461271  -0.994684 -0.0920683    1.82687
         0          0          0          1

  0.623833 -0.0247626   0.781165 -0.0594664
 -0.778976  -0.100863   0.618888   0.243895
 0.0634652  -0.994592 -0.0822111    1.83286
         0          0          0          1

  0.625785 -0.0121694   0.779901 -0.0462227
 -0.776403  -0.105572   0.621331   0.248603
 0.0747744  -0.994337 -0.0755136    1.84061
         0          0          0          1

  0.621655 0.00697964    0.78326  -0.029677
 -0.778152  -0.108849   0.618572   0.255233
 0.0895742  -0.994034 -0.0622352    1.84972
         0          0          0          1

  0.615598  0.0185149   0.787843 -0.0126372
 -0.781532  -0.114072   0.613347   0.263421
  0.101227    -0.9933 -0.0557522    1.85625
         0          0          0          1

   0.60441  0.0504221   0.795076  0.0246053
 -0.785497  -0.128866     0.6053   0.276903
  0.132979  -0.990379 -0.0382814    1.87266
         0          0          0          1

   0.60369  0.0561818   0.795237  0.0425829
 -0.784078  -0.138527   0.605006   0.282788
  0.144152  -0.988764 -0.0395767    1.87951
         0          0          0          1

  0.606212  0.0635901   0.792756  0.0646941
 -0.779325  -0.151308   0.608078   0.291315
  0.158618  -0.986439 -0.0421675     1.8852
         0          0          0          1

 0.615396 0.0657401  0.785472 0.0844946
-0.770176  -0.16184  0.616957  0.297956
 0.167679 -0.984625 -0.048964   1.89028
        0         0         0         1

  0.640652  0.0663909   0.764956    0.13729
 -0.747049  -0.176327   0.640958   0.316254
  0.177436   -0.98209 -0.0633666    1.90588
         0          0          0          1

  0.651697  0.0709587   0.755153   0.156717
  -0.73664  -0.177985   0.652444   0.321173
  0.180703  -0.981471 -0.0637214    1.91367
         0          0          0          1

  0.661896  0.0770547   0.745624   0.179643
 -0.726419  -0.179495   0.663398   0.325696
  0.184954  -0.980737 -0.0628329    1.92067
         0          0          0          1

  0.668283  0.0863744   0.738875   0.197236
 -0.718229  -0.183792   0.671095   0.331098
  0.193765  -0.979163 -0.0607885    1.92276
         0          0          0          1

  0.671926   0.095671   0.734413   0.222908
  -0.71212  -0.188973   0.676147   0.338375
  0.203472  -0.977311 -0.0588463     1.9279
         0          0          0          1

  0.676739   0.100305   0.729358   0.243714
 -0.705626  -0.194261   0.681435    0.34338
  0.210037  -0.975808 -0.0606857    1.93251
         0          0          0          1

  0.680506   0.105741   0.725073   0.295023
 -0.698118  -0.207025   0.685399   0.356481
  0.222583  -0.972604 -0.0670622     1.9382
         0          0          0          1

 0.681883  0.113133  0.722659   0.31429
-0.694116 -0.211566  0.688072  0.360733
 0.230733 -0.970794 -0.065736   1.93909
        0         0         0         1

  0.682502   0.111876    0.72227   0.344484
 -0.694111  -0.210294   0.688467   0.365731
  0.228912  -0.971216 -0.0658717    1.94771
         0          0          0          1

  0.686613   0.114619   0.717931   0.362979
 -0.689752  -0.209423   0.693098   0.368208
  0.229794  -0.971084 -0.0647334    1.95121
         0          0          0          1

  0.694905   0.121893   0.708695   0.410738
 -0.678338  -0.215989   0.702287   0.377623
  0.238674  -0.968757 -0.0674073    1.95189
         0          0          0          1

   0.69989    0.11869    0.70432   0.433558
  -0.67369  -0.217871   0.706168   0.381974
  0.237266  -0.968734 -0.0725253    1.95279
         0          0          0          1

  0.704024   0.120331   0.699908   0.460302
 -0.668165  -0.221708   0.710212   0.388304
  0.240636   -0.96766 -0.0756863    1.95034
         0          0          0          1

   0.70745   0.115698   0.697229   0.484369
 -0.666613  -0.218535   0.712649   0.390128
  0.234821  -0.968946 -0.0774774     1.9554
         0          0          0          1

  0.710712   0.113348   0.694291   0.510194
 -0.662956  -0.222227   0.714916   0.395494
  0.235325  -0.968384 -0.0827949    1.95252
         0          0          0          1

  0.710105   0.113107   0.694952   0.534641
 -0.662912  -0.225215   0.714021      0.401
  0.237274  -0.967722 -0.0849461    1.94797
         0          0          0          1

  0.710484   0.107931   0.695387   0.586943
 -0.664125  -0.223926   0.713299   0.407213
  0.232702  -0.968611 -0.0874164    1.94838
         0          0          0          1

  0.709718   0.104187   0.696739   0.611433
 -0.665835  -0.223881   0.711717   0.410654
  0.230138  -0.969032 -0.0895215    1.94774
         0          0          0          1

  0.709524    0.10176   0.697295   0.638703
 -0.666939  -0.222518    0.71111    0.41403
  0.227523  -0.969603 -0.0900147    1.94566
         0          0          0          1

  0.710203   0.100883   0.696731    0.65874
  -0.66666   -0.22165   0.711643   0.416469
  0.226224  -0.969894 -0.0901615    1.94321
         0          0          0          1

   0.70909  0.0988656   0.698153   0.714037
 -0.668289  -0.221579   0.710136   0.424226
  0.224904  -0.970118 -0.0910487    1.93428
         0          0          0          1

 0.707686 0.0961925  0.699948  0.740123
-0.670557  -0.22063  0.708291  0.427562
 0.222561 -0.970603 -0.091634   1.93269
        0         0         0         1

 0.705319 0.0949529  0.702502  0.768982
-0.672956 -0.221828  0.705637  0.431553
 0.222837 -0.970452  -0.09256   1.92567
        0         0         0         1

  0.702353  0.0914991   0.705923   0.793541
 -0.676667  -0.222012   0.702021    0.43393
  0.220958  -0.970741 -0.0940163      1.922
         0          0          0          1

  0.700141  0.0895606   0.708365   0.818616
 -0.679417   -0.22147    0.69953   0.435898
  0.219532  -0.971046 -0.0942114    1.91854
         0          0          0          1

  0.696761  0.0854622   0.712194   0.843786
 -0.683503  -0.222089   0.695342   0.438007
  0.217596  -0.971274 -0.0963291    1.91418
         0          0          0          1

 0.687566 0.0721818  0.722526   0.90078
-0.694537 -0.224905    0.6834  0.443202
 0.211829 -0.971703 -0.104504   1.90207
        0         0         0         1

 0.683218  0.069226  0.726926  0.921861
-0.698497 -0.228252  0.678235  0.445855
 0.212874 -0.971138 -0.107592    1.8954
        0         0         0         1

 0.675365 0.0630437  0.734784  0.949933
-0.706915 -0.228541  0.669358  0.447271
 0.210127 -0.971491 -0.109782    1.8903
        0         0         0         1

 0.666272 0.0586262  0.743401  0.973236
 -0.71623 -0.227215  0.659839  0.448334
 0.207596 -0.972078 -0.109397   1.88566
        0         0         0         1

  0.64304 0.0459256  0.764454   1.02482
-0.737542 -0.231668   0.63432    0.4513
 0.206231  -0.97171   -0.1151   1.86992
        0         0         0         1

  0.62999 0.0388647   0.77563   1.05052
 -0.74989 -0.229254  0.620571  0.451443
 0.201935  -0.97259 -0.115284   1.86587
        0         0         0         1

 0.615676 0.0283523  0.787489   1.07931
-0.762794 -0.229293  0.604624  0.451989
 0.197708 -0.972944 -0.119543   1.85664
        0         0         0         1

 0.607432 0.0227385  0.794046   1.09966
 -0.76939 -0.231869  0.595211  0.453429
 0.197649 -0.972481  -0.12335   1.84796
        0         0         0         1

 0.597731 0.0110956   0.80162   1.12583
-0.778442 -0.231052  0.583646  0.453208
 0.191692 -0.972878  -0.12947   1.83894
        0         0         0         1

   0.589394 0.000213258    0.807846     1.14904
  -0.785717   -0.232302     0.57331    0.453912
   0.187786   -0.972644    -0.13675     1.82932
          0           0           0           1

  0.571261 -0.0199758   0.820525    1.20068
 -0.802056  -0.225838   0.552904   0.452972
  0.174261   -0.97396  -0.145034    1.81051
         0          0          0          1

 0.561152 -0.029226  0.827197   1.22297
-0.809872 -0.225761  0.541423  0.452242
 0.170925 -0.973744 -0.150356    1.8006
        0         0         0         1

 0.543376 -0.040737    0.8385   1.25184
-0.822707 -0.224559  0.522232  0.450076
 0.167019 -0.973609 -0.155535   1.78985
        0         0         0         1

  0.526989 -0.0482304   0.848502    1.27499
 -0.833669  -0.223364    0.50508   0.448272
  0.165164  -0.973541  -0.157918    1.77992
         0          0          0          1

  0.495374 -0.0606694   0.866559    1.32381
 -0.852801   -0.22383   0.471838   0.444849
  0.165336  -0.972738  -0.162618    1.75429
         0          0          0          1

  0.479793 -0.0675118   0.874781    1.34467
 -0.862682  -0.218045   0.456329   0.441532
  0.159934  -0.973601  -0.162857    1.74587
         0          0          0          1

  0.466952 -0.0771335   0.880912     1.3679
 -0.870533   -0.21509   0.442616   0.438681
  0.155335  -0.973543  -0.167584    1.73262
         0          0          0          1

  0.460594 -0.0830348   0.883718    1.38452
 -0.874839  -0.210759   0.436163   0.437839
  0.150035  -0.974005  -0.169717    1.72164
         0          0          0          1

  0.447441 -0.0947798   0.889277    1.40751
 -0.882195   -0.20992   0.421504   0.435086
  0.146727  -0.973114  -0.177541    1.70616
         0          0          0          1

 0.436214 -0.102513  0.893985   1.42671
-0.889371 -0.200248     0.411  0.430424
 0.136886 -0.974367 -0.178523   1.69824
        0         0         0         1

 0.418173 -0.119426  0.900482   1.46622
-0.900811 -0.182119  0.394172  0.422248
  0.11692 -0.975997 -0.183737   1.67483
        0         0         0         1

 0.410152 -0.125971  0.903276   1.48281
-0.905401 -0.175323  0.386666   0.41873
 0.109656 -0.976419 -0.185963   1.66424
        0         0         0         1

 0.399265 -0.134452  0.906923   1.50466
-0.911275 -0.166972  0.376427  0.414087
  0.10082 -0.976751 -0.189189   1.65099
        0         0         0         1

 0.393763 -0.138892  0.908658   1.51837
-0.914127    -0.163  0.371218   0.41165
0.0965522 -0.976801 -0.191148    1.6385
        0         0         0         1

 0.372456 -0.149813  0.915878    1.5562
-0.924416 -0.147134  0.351861  0.402924
 0.082044 -0.977705  -0.19329   1.61457
        0         0         0         1

 0.364589 -0.152381  0.918616   1.57015
-0.928114 -0.139309   0.34525  0.398892
 0.075362 -0.978454 -0.192218   1.60588
        0         0         0         1

 0.353032 -0.155538  0.922592   1.58787
-0.932933 -0.133076  0.334554  0.395326
0.0707394 -0.978825 -0.192087   1.59309
        0         0         0         1

 0.339548 -0.157559  0.927298   1.60454
-0.937998 -0.129845  0.321404  0.391064
0.0697647 -0.978936 -0.191879   1.58176
        0         0         0         1

 0.333096 -0.158328  0.929505   1.61921
-0.940948 -0.119108  0.316908  0.386637
0.0605358 -0.980176 -0.188652    1.5721
        0         0         0         1

 0.328584 -0.162963  0.930309   1.63204
-0.942997 -0.111694  0.313499  0.382853
0.0528216 -0.980289 -0.190375   1.56417
        0         0         0         1

 0.312253 -0.180347  0.932723   1.66491
-0.949066  -0.10272  0.297862  0.373332
0.0420903 -0.978225 -0.203236   1.54318
        0         0         0         1

 0.312233 -0.187333  0.931352   1.67563
-0.949196 -0.101973  0.297704  0.370968
0.0392028 -0.976989 -0.209655   1.53456
        0         0         0         1

  0.30406 -0.192856  0.932928    1.6918
-0.951903  -0.10035    0.2895  0.365965
0.0377875 -0.976082 -0.214092   1.52706
        0         0         0         1

 0.301288 -0.198013  0.932747   1.70206
 -0.95282 -0.100354  0.286468  0.362889
0.0368811 -0.975049 -0.218906   1.51942
        0         0         0         1

  0.293265   -0.20397   0.934019    1.72489
 -0.955738 -0.0867355   0.281143   0.355863
 0.0236679  -0.975127  -0.220379    1.51158
         0          0          0          1

  0.289547  -0.211365   0.933535    1.73658
 -0.956792 -0.0911058   0.276133   0.352821
 0.0266856  -0.973152  -0.228612    1.50068
         0          0          0          1

  0.285542  -0.219143   0.932975     1.7509
 -0.958113 -0.0876658   0.272644   0.347095
 0.0220419  -0.971746  -0.234996     1.4937
         0          0          0          1

 0.286832 -0.223791  0.931474   1.75906
 -0.95781 -0.085349  0.274436  0.344738
0.0180839 -0.970893 -0.238831   1.48944
        0         0         0         1

   0.28207  -0.233777   0.930476    1.77288
 -0.959306 -0.0818217   0.270253   0.339263
 0.0129542  -0.968841  -0.247343    1.48174
         0          0          0          1

  0.279975  -0.239616   0.929623    1.78172
 -0.959904 -0.0840551   0.267429   0.337415
 0.0140592  -0.967222  -0.253542    1.47374
         0          0          0          1

  0.280324  -0.244021   0.928371    1.80088
 -0.959852 -0.0814381   0.268424   0.330361
 0.0101038  -0.966345  -0.257053    1.46542
         0          0          0          1

  0.279367  -0.246455   0.928016    1.80978
 -0.960143 -0.0806361   0.267624   0.327289
 0.0088743  -0.965794  -0.259159    1.46038
         0          0          0          1

  0.278035  -0.251839    0.92697    1.82154
 -0.960543 -0.0802646   0.266299   0.322751
0.00733855  -0.964435  -0.264218    1.45253
         0          0          0          1

  0.278603  -0.253752   0.926278      1.829
 -0.960396 -0.0780718   0.267478   0.320305
0.00444322  -0.964113  -0.265453    1.44872
         0          0          0          1

  0.286713  -0.265013   0.920632    1.84585
 -0.957997 -0.0731373   0.277296   0.314138
-0.0061543  -0.961467  -0.274851    1.43677
         0          0          0          1

  0.289013  -0.268793   0.918815    1.85293
 -0.957306 -0.0750122   0.279176    0.31232
-0.00611822  -0.960273  -0.278997    1.43102
         0          0          0          1

  0.283289  -0.262609   0.922379    1.86437
 -0.959031 -0.0748737   0.273229   0.307464
-0.00269049  -0.961993  -0.273061    1.42482
         0          0          0          1

  0.282199  -0.260761   0.923237    1.87117
 -0.959326 -0.0691501     0.2737   0.305026
-0.00752815  -0.962924  -0.269669    1.42273
         0          0          0          1

  0.284314  -0.270199   0.919868    1.87977
 -0.958588 -0.0635631   0.277611   0.302126
-0.0165407  -0.960704  -0.277082    1.41449
         0          0          0          1

  0.286423  -0.277738   0.916964    1.88609
  -0.95781 -0.0593114   0.281217   0.299237
-0.0237183  -0.958824  -0.283008    1.40909
         0          0          0          1

  0.294813   -0.29351   0.909361    1.90339
 -0.954667 -0.0494605   0.293537   0.292382
-0.0411789  -0.954675  -0.294786    1.39966
         0          0          0          1

  0.298847  -0.297306   0.906807    1.90917
 -0.953207 -0.0475046   0.298563   0.289502
-0.0456872    -0.9536  -0.297591    1.39561
         0          0          0          1

  0.301385  -0.304935   0.903428    1.91463
 -0.952154 -0.0458768   0.302155   0.288094
-0.0506914  -0.951267  -0.304172    1.39057
         0          0          0          1

   0.29646  -0.309215   0.903603    1.92013
  -0.95358 -0.0434369   0.297992   0.285158
-0.0528939      -0.95  -0.307738    1.38641
         0          0          0          1

  0.283402  -0.308543   0.908011    1.92687
 -0.957518 -0.0383916   0.285808   0.281114
-0.0533241  -0.950435  -0.306315    1.38347
         0          0          0          1

  0.274685  -0.314671   0.908587    1.93136
 -0.959837 -0.0336233   0.278535   0.279468
-0.0570971  -0.948605  -0.311269    1.37912
         0          0          0          1

 0.258415 -0.335814  0.905787   1.94139
-0.963465 -0.021253  0.266991  0.275111
-0.0704085 -0.941689 -0.329037    1.3686
        0         0         0         1

  0.250735  -0.343277   0.905148    1.94785
 -0.965142 -0.0161531   0.261228   0.270282
-0.0750528  -0.939095  -0.335362     1.3652
         0          0          0          1

  0.253564  -0.347943   0.902574    1.94777
   -0.9639 -0.0125148   0.265969   0.272447
-0.0812464  -0.937432  -0.338556    1.36235
         0          0          0          1

   0.246617   -0.353934     0.90217      1.9534
  -0.965327 -0.00750988    0.260936    0.268676
 -0.0855788    -0.93524   -0.343514     1.35839
          0           0           0           1

  0.239076  -0.366568    0.89915    1.96104
 -0.965646 0.00736027   0.259757    0.26452
 -0.101837  -0.930362  -0.352215    1.35179
         0          0          0          1

 0.237071 -0.373985  0.896623   1.96331
 -0.96552 0.0114817  0.260076  0.264041
-0.107559 -0.927364 -0.358368   1.34585
        0         0         0         1

 0.232891 -0.384438  0.893291   1.96722
-0.965422 0.0192464   0.25998  0.261376
-0.117139  -0.92295 -0.366663    1.3399
        0         0         0         1

 0.231756 -0.385868   0.89297   1.96883
-0.964774 0.0263127  0.261762  0.260567
-0.124502 -0.922179 -0.366177   1.33667
        0         0         0         1

 0.230382 -0.393165  0.890138   1.97289
 -0.96357 0.0355407  0.265085  0.258876
-0.135858 -0.918781 -0.370654   1.33204
        0         0         0         1

 0.230189 -0.402976  0.885789   1.97531
-0.961857 0.0440279  0.269987  0.257575
-0.147798 -0.914151 -0.377471   1.32789
        0         0         0         1

 0.238241 -0.404039  0.883173   1.97888
-0.956931 0.0576845  0.284528  0.256941
-0.165906 -0.912921 -0.372894   1.31937
        0         0         0         1

 0.240715 -0.408222  0.880574   1.98134
-0.955301 0.0607805   0.28932  0.256226
-0.171629 -0.910857 -0.375344   1.31572
        0         0         0         1

 0.246307 -0.411495  0.877499   1.98275
-0.952997  0.061994   0.29657  0.255605
-0.176437 -0.909301 -0.376884     1.312
        0         0         0         1

 0.256497 -0.408684  0.875892   1.98376
-0.949505 0.0628701  0.307389  0.256501
-0.180692 -0.910508 -0.371921   1.31348
        0         0         0         1

  0.26154 -0.426496  0.865851   1.98737
-0.947563 0.0572155  0.314404  0.255679
-0.183632 -0.902678 -0.389167    1.3096
        0         0         0         1

 0.261782 -0.433018  0.862535   1.98913
-0.947154  0.056406  0.315781  0.255268
-0.185391 -0.899619 -0.395369    1.3083
        0         0         0         1

 0.266537 -0.434789  0.860184   1.99005
-0.945313 0.0561469  0.321296  0.256128
-0.187993  -0.89878 -0.396047   1.30891
        0         0         0         1

 0.271966  -0.43634  0.857696   1.98936
-0.943685 0.0535628  0.326481   0.25781
-0.188397 -0.898186   -0.3972   1.30821
        0         0         0         1

 0.276301 -0.438802   0.85505   1.99055
-0.942274 0.0514152  0.330873  0.257971
 -0.18915 -0.897111 -0.399266   1.30782
        0         0         0         1

 0.277664 -0.441298  0.853322   1.99177
-0.941504 0.0515801  0.333032   0.25754
-0.190981 -0.895877 -0.401162   1.30815
        0         0         0         1

  0.28386  -0.45134     0.846   1.99197
-0.938961  0.047999  0.340659  0.258392
 -0.19436  -0.89106 -0.410165   1.30758
        0         0         0         1

 0.283348 -0.458315  0.842414   1.99238
-0.938938 0.0462319  0.340966  0.258454
-0.195216 -0.887587  -0.41723   1.30637
        0         0         0         1

 0.283208 -0.461803  0.840554   1.99231
-0.938829 0.0455662  0.341355  0.258651
 -0.19594 -0.885811  -0.42065    1.3067
        0         0         0         1

 0.279939 -0.462286  0.841383   1.99276
-0.940093  0.045628  0.337851  0.258258
-0.194575 -0.885556 -0.421819   1.30728
        0         0         0         1

 0.266605 -0.463508  0.845034   1.99372
-0.944502 0.0489514  0.324837  0.257733
 -0.19193  -0.88474 -0.424733   1.30876
        0         0         0         1

 0.263249 -0.464859  0.845344   1.99235
-0.945994 0.0474607  0.320691  0.258786
-0.189197 -0.884112  -0.42726   1.30872
        0         0         0         1

 0.255739 -0.464984  0.847577   1.99167
 -0.94837 0.0494627  0.313286  0.259479
-0.187597 -0.883936 -0.428327   1.30982
        0         0         0         1

 0.250398 -0.465095   0.84911    1.9911
-0.950275 0.0496514  0.307428  0.259848
-0.185143 -0.883867 -0.429536   1.31054
        0         0         0         1

 0.246121 -0.464016  0.850949   1.98955
 -0.95173 0.0504246  0.302767  0.261062
-0.183397 -0.884391 -0.429207   1.31268
        0         0         0         1

 0.239789 -0.465194  0.852112   1.98942
-0.953704 0.0512368   0.29635  0.260851
 -0.18152 -0.883725 -0.431371   1.31346
        0         0         0         1

  0.23152 -0.469815  0.851864   1.98719
-0.955441 0.0550134  0.290011  0.262451
-0.183116 -0.881049 -0.436144   1.31684
        0         0         0         1

  0.22601 -0.470976  0.852702   1.98781
-0.957035 0.0558895  0.284534  0.261464
-0.181666 -0.880374 -0.438109   1.31752
        0         0         0         1

 0.219486 -0.473908  0.852782   1.98803
-0.958963 0.0560161  0.277943  0.260757
-0.179489 -0.878791 -0.442165    1.3172
        0         0         0         1

 0.219602 -0.475898  0.851643   1.98676
-0.958609 0.0569048  0.278983  0.261691
 -0.18123 -0.877658 -0.443704   1.31825
        0         0         0         1

 0.216104 -0.476452  0.852228   1.98553
-0.959215 0.0593023  0.276388  0.263102
-0.182224 -0.877198 -0.444204   1.32226
        0         0         0         1

 0.220262 -0.474742  0.852117   1.98275
-0.958258 0.0579328  0.279975  0.265229
-0.182281 -0.878216 -0.442165   1.32562
        0         0         0         1

 0.221069 -0.476924  0.850689    1.9821
-0.958467 0.0549193  0.279867   0.26639
-0.180195 -0.877227 -0.444975   1.32574
        0         0         0         1

 0.223647 -0.478139  0.849332   1.98072
 -0.95751 0.0550133  0.283103  0.268226
-0.182087  -0.87656 -0.445519   1.32944
        0         0         0         1

 0.220817   -0.4799   0.84908   1.98145
-0.958488 0.0542412  0.279927  0.267517
-0.180392 -0.875645 -0.448001   1.33108
        0         0         0         1

 0.222551 -0.481503  0.847718   1.97854
-0.958239 0.0521327  0.281177   0.27014
-0.179582 -0.874892 -0.449793   1.33323
        0         0         0         1

 0.217865 -0.483544  0.847773   1.97722
-0.960183 0.0494548   0.27496  0.272281
-0.174882 -0.873922 -0.453517   1.33785
        0         0         0         1

 0.217118 -0.482779  0.848401   1.97447
-0.960802 0.0478002  0.273084  0.275099
-0.172393 -0.874437 -0.453476   1.34252
        0         0         0         1

 0.212939 -0.483187  0.849227   1.97277
-0.962751 0.0444738  0.266708  0.276998
-0.166638 -0.874387 -0.455718   1.34595
        0         0         0         1

 0.209431 -0.486501  0.848207   1.96988
-0.964626 0.0392458  0.260686  0.280319
-0.160113 -0.872798 -0.461072   1.34661
        0         0         0         1

 0.198532 -0.484653  0.851879   1.96442
-0.969266 0.0317574  0.243956  0.286663
-0.145288  -0.87413 -0.463452   1.35661
        0         0         0         1

 0.195779  -0.48205   0.85399   1.96217
-0.971077 0.0260722  0.237338  0.289463
-0.136674 -0.875756 -0.463003   1.36194
        0         0         0         1

 0.192966 -0.476808  0.857565   1.95861
-0.973498 0.0163007  0.228116  0.293428
-0.122746 -0.878856 -0.461026   1.36705
        0         0         0         1

  0.189356   -0.47358   0.860155    1.95676
 -0.975577 0.00858182    0.21949   0.296418
 -0.111328  -0.880709  -0.460389    1.37093
         0          0          0          1

   0.190184   -0.465484    0.864381     1.94979
  -0.976828 -0.00168223    0.214019    0.303258
 -0.0981683   -0.885055   -0.455018     1.37885
          0           0           0           1

  0.184201   -0.46513   0.865866    1.94858
 -0.979434 -0.0130659   0.201342   0.306676
-0.0823368  -0.885146  -0.457971    1.38138
         0          0          0          1

  0.173688  -0.452425   0.874725    1.94133
 -0.983624 -0.0362839   0.176544   0.317028
-0.0481345  -0.891064  -0.451318    1.39426
         0          0          0          1

  0.176228  -0.444297   0.878376    1.93599
