-0.237185 -0.324846  0.915543  0.485286
-0.797417 -0.473178 -0.374472   1.08609
  0.55486 -0.818888 -0.146807   1.89207
        0         0         0         1

-0.223812 -0.310687  0.923787  0.471919
-0.816276 -0.458146 -0.351847   1.06188
 0.532543 -0.832812 -0.151067    1.9072
        0         0         0         1

-0.190074  -0.28929  0.938181  0.440301
-0.841153 -0.444814 -0.307575   1.01566
 0.506294 -0.847616 -0.158789   1.91369
        0         0         0         1

-0.161209 -0.276817  0.947304  0.414065
 -0.85817 -0.434714 -0.273071  0.985956
 0.487397 -0.856969 -0.167476   1.92788
        0         0         0         1

-0.145645 -0.274911  0.950374  0.404112
-0.870549 -0.420777 -0.255129  0.959465
 0.470034 -0.864506 -0.178039   1.93779
        0         0         0         1

-0.126271 -0.265149  0.955904  0.384244
-0.882224 -0.410589 -0.230428  0.935735
 0.453581 -0.872418 -0.182075   1.94574
        0         0         0         1

-0.109322 -0.245497  0.963213  0.356823
-0.889066 -0.409211 -0.205204   0.89336
 0.444534 -0.878793 -0.173527   1.93018
        0         0         0         1

-0.0948015 -0.235611  0.967213  0.340553
-0.897124 -0.400904 -0.185591   0.87132
 0.431487 -0.885304 -0.173366   1.93357
        0         0         0         1

-0.0946231 -0.234484  0.967504  0.336525
-0.905478 -0.383611 -0.181529  0.849486
 0.413711  -0.89323 -0.176022   1.94107
        0         0         0         1

-0.104185 -0.235957  0.966162  0.341769
-0.905843  -0.37855 -0.190131  0.837306
 0.410603    -0.895   -0.1743   1.93293
        0         0         0         1

-0.0997229 -0.233364  0.967262  0.329137
-0.912317 -0.366567 -0.182497  0.814962
 0.397155  -0.90065 -0.176347   1.93483
        0         0         0         1

-0.0936616 -0.224056  0.970065  0.312388
-0.920008 -0.352942 -0.170347  0.791396
 0.380544 -0.908422 -0.173076   1.93651
        0         0         0         1

-0.0877769 -0.208762  0.974019  0.280762
-0.935405 -0.318926 -0.152653  0.741256
 0.342508 -0.924502 -0.167283    1.9387
        0         0         0         1

-0.0802625 -0.208356  0.974754  0.274197
-0.943273 -0.300198 -0.141838   0.72015
 0.322172 -0.930843 -0.172442   1.94611
        0         0         0         1

-0.101335  -0.17574  0.979207  0.273137
-0.941489 -0.301091 -0.151469  0.708771
  0.32145 -0.937262 -0.134946   1.93032
        0         0         0         1

-0.109183 -0.150778   0.98252  0.263649
-0.944045 -0.293741 -0.149985   0.69372
 0.311221 -0.943918  -0.11027   1.91819
        0         0         0         1

-0.121078 -0.144683  0.982042  0.252181
-0.953961 -0.256528  -0.15541  0.658459
 0.274407 -0.955646 -0.106962   1.91046
        0         0         0         1

-0.117599 -0.148244  0.981934  0.254379
-0.959249 -0.238868 -0.150944  0.646582
 0.256929  -0.95967 -0.114113   1.90703
        0         0         0         1

-0.0906065 -0.141814  0.985738   0.24173
-0.968949 -0.216106 -0.120154  0.621849
 0.230063 -0.966016  -0.11783   1.90403
        0         0         0         1

-0.0655427  -0.134814   0.988701   0.239439
 -0.975804  -0.198464 -0.0917492    0.60694
  0.208591  -0.970792  -0.118544    1.90151
         0          0          0          1

-0.0260409  -0.120358   0.992389   0.230262
 -0.983729  -0.173445 -0.0468493   0.586423
  0.177763  -0.977461  -0.113883    1.89751
         0          0          0          1

0.00362023   -0.10756   0.994192   0.223506
  -0.98777  -0.155355 -0.0132107   0.570619
  0.155873  -0.981986  -0.106807    1.89076
         0          0          0          1

 0.0396735 -0.0968157   0.994511    0.22458
 -0.993261  -0.112295  0.0286917   0.546899
  0.108901  -0.988947  -0.100618    1.87801
         0          0          0          1

 0.0523828 -0.0892168   0.994634   0.218787
  -0.99511 -0.0881834   0.044498   0.532787
 0.0837402  -0.992101 -0.0933998    1.87415
         0          0          0          1

 0.0597959 -0.0847808   0.994604   0.216443
 -0.996456 -0.0641225  0.0544415   0.519065
 0.0591609  -0.994334 -0.0883145    1.86648
         0          0          0          1

  0.070327 -0.0854592   0.993857   0.210585
 -0.996868 -0.0421415  0.0669165   0.504659
  0.036164   -0.99545 -0.0881553    1.86433
         0          0          0          1

   0.075608  -0.0763989    0.994207    0.206166
  -0.997135 -0.00816958   0.0752029    0.482111
 0.00237684   -0.997044  -0.0767976     1.84512
          0           0           0           1

 0.0836332 -0.0784376   0.993405   0.199683
 -0.996372 0.00919939  0.0846093   0.467865
-0.0157753  -0.996877 -0.0773836    1.84254
         0          0          0          1

  0.084899 -0.0725652   0.993744   0.196453
 -0.996026   0.020749  0.0866091   0.457648
 -0.026904  -0.997148 -0.0705152    1.83033
         0          0          0          1

 0.0820794 -0.0737403   0.993894   0.197967
 -0.995892  0.0321847  0.0846324   0.450556
 -0.038229  -0.996758 -0.0707957    1.82466
         0          0          0          1

 0.0860256 -0.0722964   0.993666   0.195319
 -0.994803  0.0482979   0.089638   0.438052
-0.0544725  -0.996213 -0.0677658    1.81736
         0          0          0          1

 0.0884531 -0.0748067   0.993267    0.19191
 -0.993449  0.0658075  0.0934255   0.427297
-0.0723532  -0.995024 -0.0684957    1.81673
         0          0          0          1

 0.0963113 -0.0680343   0.993023   0.187892
 -0.990998  0.0866558   0.102052   0.409748
-0.0929943  -0.993913 -0.0590759    1.79509
         0          0          0          1

  0.102936 -0.0712876    0.99213   0.185253
 -0.988967  0.0994903   0.109757   0.401409
 -0.106532  -0.992482 -0.0602599     1.7908
         0          0          0          1

  0.114566  -0.069822   0.990959       0.18
  -0.98545   0.118086   0.122249   0.388688
 -0.125554  -0.990546 -0.0552774      1.787
         0          0          0          1

  0.109331 -0.0714928   0.991431   0.184697
 -0.985017   0.126038   0.117712   0.385843
 -0.133373  -0.989446 -0.0566418     1.7804
         0          0          0          1

  0.118482 -0.0642404   0.990876   0.176297
 -0.981873   0.141104   0.126554   0.369336
 -0.147947  -0.987908 -0.0463575     1.7587
         0          0          0          1

   0.12815 -0.0663189   0.989535   0.169029
 -0.978908   0.151616   0.136935   0.358671
 -0.159111  -0.986212 -0.0454905      1.756
         0          0          0          1

  0.126438 -0.0657557   0.989793   0.168589
 -0.977949   0.158936   0.135484   0.351952
 -0.166222  -0.985097 -0.0442102    1.74825
         0          0          0          1

  0.125526 -0.0691638   0.989677    0.16751
 -0.976756   0.166096   0.135495   0.346011
 -0.173753  -0.983681 -0.0467068    1.74395
         0          0          0          1

   0.12694 -0.0712568   0.989348   0.165238
 -0.975335    0.17261   0.137574   0.339164
 -0.180575  -0.982409 -0.0475882    1.73742
         0          0          0          1

  0.123035 -0.0688186   0.990013   0.167723
  -0.97501   0.177568   0.133514   0.336781
 -0.184983  -0.981699 -0.0452517    1.73088
         0          0          0          1

  0.121804 -0.0748182    0.98973    0.16521
 -0.971784   0.193934   0.134256   0.324007
 -0.201988  -0.978157 -0.0490852    1.72437
         0          0          0          1

  0.124395 -0.0784295   0.989128   0.161596
 -0.970623   0.197296   0.137712   0.316905
 -0.205952  -0.977202 -0.0515827    1.71752
         0          0          0          1

  0.124602 -0.0817247   0.988835   0.161012
 -0.970129   0.199033   0.138695   0.312529
 -0.208146  -0.976579 -0.0544834    1.70919
         0          0          0          1

  0.126214 -0.0812437   0.988671   0.160499
 -0.968832   0.204056    0.14045   0.309039
 -0.213155  -0.975582 -0.0529566    1.70486
         0          0          0          1

  0.135496 -0.0805025   0.987502   0.157889
 -0.965398   0.213418   0.149862   0.299557
 -0.222815  -0.973639 -0.0487996    1.69463
         0          0          0          1

  0.132453 -0.0784994   0.988076   0.160274
 -0.965672   0.214517   0.146493   0.299369
 -0.223459  -0.973561 -0.0473912    1.68904
         0          0          0          1

  0.139545   -0.07984   0.986992   0.154543
 -0.964384   0.215224   0.153759   0.292033
 -0.224701  -0.973296 -0.0469629    1.68349
         0          0          0          1

  0.139274 -0.0794335   0.987063   0.155347
 -0.964291   0.215871   0.153433   0.290123
 -0.225266  -0.973185 -0.0465318     1.6792
         0          0          0          1

   0.13746  -0.080043   0.987268   0.157401
 -0.964201   0.217374   0.151872    0.28797
 -0.226762  -0.972801 -0.0472972    1.67541
         0          0          0          1

   0.13633 -0.0774405   0.987632   0.158567
  -0.96451   0.217186   0.150168   0.286753
 -0.226129  -0.973054 -0.0450833    1.67003
         0          0          0          1

  0.134584  -0.076654   0.987933   0.157088
 -0.964582   0.218129   0.148328   0.281349
 -0.226866  -0.972905 -0.0445824    1.66198
         0          0          0          1

  0.132103 -0.0782864    0.98814   0.159323
 -0.964836   0.218381   0.146289    0.28083
 -0.227243  -0.972718 -0.0466848    1.66052
         0          0          0          1

  0.132528 -0.0787759   0.988044   0.159644
 -0.964733   0.218483   0.146821   0.278154
 -0.227436  -0.972656 -0.0470427    1.65736
         0          0          0          1

  0.133869 -0.0782759   0.987903   0.159046
 -0.964579   0.218357    0.14801   0.275385
 -0.227301  -0.972725 -0.0462719    1.65317
         0          0          0          1

  0.136311 -0.0760506   0.987743   0.160053
 -0.964173   0.218854   0.149909    0.27168
 -0.227573  -0.972789 -0.0434936    1.64515
         0          0          0          1

  0.137554 -0.0768599   0.987508   0.160331
 -0.964027   0.218546   0.151293   0.270358
 -0.227444  -0.972795 -0.0440332    1.64266
         0          0          0          1

  0.135345 -0.0768503   0.987814   0.164429
 -0.964481    0.21804   0.149112     0.2708
 -0.226842  -0.972909   -0.04461    1.63962
         0          0          0          1

  0.136003 -0.0764274   0.987756   0.163321
 -0.964225   0.218775   0.149691   0.268129
 -0.227537  -0.972778 -0.0439391    1.63809
         0          0          0          1

  0.136091 -0.0744054   0.987898   0.162633
 -0.964257   0.218888    0.14932   0.265867
  -0.22735  -0.972909 -0.0419572    1.63476
         0          0          0          1

  0.135399 -0.0736157   0.988053   0.163307
 -0.964322   0.219175   0.148476   0.264395
 -0.227486  -0.972904 -0.0413133    1.63359
         0          0          0          1

  0.134485 -0.0645136   0.988813   0.164271
 -0.965405   0.216439   0.145423    0.26267
   -0.2234  -0.974162 -0.0331738    1.62552
         0          0          0          1

  0.136251 -0.0602096   0.988843   0.162808
 -0.965209    0.21679   0.146195   0.260119
 -0.223173   -0.97436  -0.028577    1.62326
         0          0          0          1

  0.138344 -0.0558419   0.988809    0.16253
 -0.964513   0.219116   0.147319   0.257478
 -0.224891  -0.974099 -0.0235469    1.62143
         0          0          0          1

   0.13829 -0.0499557   0.989131   0.163633
 -0.965359   0.216327   0.145892   0.258099
 -0.221264  -0.975042 -0.0183092    1.61576
         0          0          0          1

    0.14572  -0.0414151    0.988459     0.16239
  -0.965213    0.213293    0.151229    0.253896
  -0.217095    -0.97611 -0.00889337      1.6073
          0           0           0           1

  0.145591 -0.0435844   0.988384   0.164011
 -0.964292   0.217146   0.151618    0.25273
 -0.221232  -0.975166 -0.0104136    1.61007
         0          0          0          1

   0.14491 -0.0437072   0.988479   0.165425
 -0.964569   0.216365   0.150972   0.251897
 -0.220471  -0.975334 -0.0108052    1.60766
         0          0          0          1

  0.147363 -0.0437427   0.988115   0.164815
 -0.964072   0.216886   0.153379   0.250058
 -0.221018  -0.975216 -0.0102101    1.60595
         0          0          0          1

   0.147909  -0.0423289    0.988095      0.1651
    -0.9646    0.214386    0.153576    0.249645
  -0.218334   -0.975831 -0.00912084      1.6022
          0           0           0           1

   0.148533   -0.041274    0.988046    0.165674
  -0.964775    0.213329    0.153946    0.248949
  -0.217133   -0.976108 -0.00813383      1.6001
          0           0           0           1

   0.154015  -0.0366772    0.987387    0.165102
  -0.964347    0.212078    0.158299    0.245529
  -0.215209   -0.976564 -0.00270628     1.59496
          0           0           0           1

  0.158071 -0.0329603   0.986877   0.164364
 -0.963825   0.212067   0.161461   0.243535
 -0.214606  -0.976699 0.00175379     1.5928
         0          0          0          1

  0.161087 -0.0306777   0.986463    0.16511
 -0.963269    0.21271   0.163914   0.242487
 -0.214859  -0.976634 0.00471392     1.5926
         0          0          0          1

  0.162754 -0.0258297   0.986329   0.166761
 -0.963224   0.212457   0.164505   0.242667
 -0.213801  -0.976829 0.00969842    1.59054
         0          0          0          1

  0.171909 -0.0150821   0.984997   0.166332
 -0.962612   0.209914   0.171216   0.240105
 -0.209347  -0.977603  0.0215679    1.58424
         0          0          0          1

   0.17466 -0.0126036   0.984548   0.166535
 -0.962136    0.21032   0.173376   0.239561
 -0.209255  -0.977551   0.024608    1.58191
         0          0          0          1

   0.177054 -0.00918118    0.984158     0.16637
  -0.961557    0.211651    0.174963    0.237704
  -0.209905   -0.977302   0.0286456     1.58009
          0           0           0           1

  0.175105 -0.0101318   0.984498   0.167256
 -0.961721   0.212324   0.173239   0.236931
 -0.210788  -0.977147  0.0274349    1.58006
         0          0          0          1

  0.178183 -0.0104757   0.983942    0.16497
 -0.960744   0.214249   0.176263   0.234299
 -0.212655  -0.976723   0.028111    1.57867
         0          0          0          1

   0.177625 -0.00936324    0.984054    0.165145
  -0.960877    0.214293     0.17548    0.233627
  -0.212519   -0.976725   0.0290668     1.57652
          0           0           0           1

  0.178295 -0.0132533   0.983888   0.166695
 -0.960444   0.215032   0.176943   0.232973
 -0.213912  -0.976517  0.0256101    1.57412
         0          0          0          1

  0.180047 -0.0138853    0.98356    0.16738
 -0.960144   0.214839   0.178794   0.232484
  -0.21379  -0.976551  0.0253493    1.57361
         0          0          0          1

   0.18281 -0.0155264   0.983026   0.167467
 -0.959718   0.214169   0.181858   0.231361
 -0.213357  -0.976673  0.0242512    1.57257
         0          0          0          1

  0.181827 -0.0167243   0.983188   0.169648
 -0.959799   0.214408   0.181149   0.232506
 -0.213833  -0.976601  0.0229334    1.57219
         0          0          0          1

  0.185262 -0.0234212    0.98241   0.170729
 -0.958629    0.21556   0.185916   0.231603
 -0.216123   -0.97621  0.0174827    1.57269
         0          0          0          1

  0.187036 -0.0269337   0.981984   0.171138
 -0.958091    0.21579   0.188404   0.231324
 -0.216977  -0.976068  0.0145556    1.57242
         0          0          0          1

  0.191294 -0.0328547   0.980983   0.171085
 -0.957091   0.215406    0.19385   0.230211
 -0.217679  -0.975972 0.00976109    1.57208
         0          0          0          1

  0.190903 -0.0370089   0.980911   0.173128
 -0.957037   0.215172   0.194375   0.231356
 -0.218258  -0.975875 0.00565813    1.57248
         0          0          0          1

  0.194347 -0.0394789   0.980138   0.174589
  -0.95617   0.215469   0.198274   0.231843
 -0.219017  -0.975712  0.0041273    1.57274
         0          0          0          1

   0.19897 -0.0419197   0.979109   0.175567
 -0.955291   0.214661   0.203321    0.23212
 -0.218699  -0.975789 0.00266557    1.57324
         0          0          0          1

  0.209095 -0.0361053   0.977229   0.180154
 -0.954967   0.207592   0.212001   0.234998
 -0.210519  -0.977549 0.00892703    1.57236
         0          0          0          1

  0.212597 -0.0381492   0.976395   0.183572
 -0.954437    0.20604   0.215866   0.236717
 -0.209411    -0.9778 0.00739239    1.57567
         0          0          0          1

  0.225305 -0.0400113   0.973466   0.183864
 -0.952841   0.199443   0.228729   0.237296
 -0.203303  -0.979092 0.00681117    1.57687
         0          0          0          1

  0.231203 -0.0428885    0.97196   0.186899
 -0.952539   0.193363   0.235116   0.239209
 -0.198025  -0.980189 0.00385319    1.57892
         0          0          0          1

  0.256591 -0.0468217   0.965385   0.191069
 -0.948392   0.180348   0.260821   0.243195
 -0.186318  -0.982488 0.00187043    1.58484
         0          0          0          1

  0.266916 -0.0461854   0.962613   0.193273
 -0.946552   0.175131   0.270865   0.245112
 -0.181093  -0.983461  0.0030283    1.58868
         0          0          0          1

  0.279103 -0.0424122   0.959324   0.197233
 -0.944623   0.167434   0.282229   0.248703
 -0.172594  -0.984971 0.00666793    1.59233
         0          0          0          1

  0.294414 -0.0371497   0.954956   0.198589
 -0.941685   0.159089   0.296512   0.250735
 -0.162938  -0.986565  0.0118546    1.59347
         0          0          0          1

  0.306424 -0.0332959   0.951313   0.204229
 -0.939502    0.15016   0.307875    0.25591
   -0.1531  -0.988101   0.014731    1.59829
         0          0          0          1

  0.321344 -0.0296152   0.946499   0.205513
 -0.935775   0.143257   0.322185   0.257328
 -0.145134  -0.989242  0.0183215    1.60138
         0          0          0          1

  0.342459 -0.0249183   0.939202   0.212861
 -0.931332   0.122789   0.342847   0.266158
 -0.123867   -0.99212  0.0188429    1.60698
         0          0          0          1

  0.343481 -0.0262583   0.938793   0.218572
 -0.931877   0.114713   0.344159    0.27168
 -0.116729  -0.993052  0.0149323    1.61173
         0          0          0          1

   0.35236 -0.0265033   0.935489   0.220259
 -0.929281   0.108455   0.353094   0.274031
 -0.110817  -0.993748  0.0135862    1.61876
         0          0          0          1

  0.352526 -0.0233544    0.93551   0.224856
 -0.930171   0.100756    0.35303    0.27897
 -0.102503  -0.994637  0.0137954    1.62273
         0          0          0          1

  0.355759 -0.0135208    0.93448   0.234021
 -0.931076   0.081356    0.35564   0.289534
-0.0808341  -0.996593  0.0163542    1.63103
         0          0          0          1

  0.360603 -0.0107632   0.932657    0.23794
 -0.929809  0.0747894   0.360365   0.293418
-0.0736316  -0.997141  0.0169616      1.637
         0          0          0          1

   0.363317 -0.00665727    0.931642    0.245011
  -0.929401   0.0670897    0.362923    0.299841
 -0.0649196   -0.997725   0.0181876      1.6443
          0           0           0           1

   0.368738 -0.00436739    0.929523    0.249632
  -0.927694   0.0611528      0.3683    0.304331
 -0.0584514   -0.998119   0.0184977     1.65021
          0           0           0           1

    0.377229 -0.000352593      0.92612      0.25345
   -0.924809    0.0530358     0.376716     0.308749
  -0.0492504    -0.998593    0.0196806      1.65594
           0            0            0            1

   0.380824 0.000317985    0.924648    0.259323
  -0.923649   0.0465903    0.380396    0.314147
 -0.0429586   -0.998914   0.0180364     1.66149
          0           0           0           1

  0.391096 0.00596854    0.92033   0.272708
 -0.919892  0.0340593   0.390689   0.325981
 -0.029014  -0.999402  0.0188109    1.67451
         0          0          0          1

  0.394125 0.00670042   0.919032   0.279321
 -0.918813  0.0259128   0.393842   0.331591
-0.0211758  -0.999642  0.0163693    1.67832
         0          0          0          1

  0.397552 0.00666542   0.917555   0.286777
 -0.917399  0.0227414   0.397319   0.336652
-0.0182182  -0.999719  0.0151557    1.68733
         0          0          0          1

  0.400477 0.00665262   0.916283   0.292237
  -0.91623  0.0158332   0.400339   0.341169
-0.0118444  -0.999853  0.0124362    1.69212
         0          0          0          1

   0.406726   0.0154528    0.913419    0.304181
   -0.91353 0.000223457    0.406771    0.351294
 0.00608165   -0.999881   0.0142075     1.70387
          0           0           0           1

  0.406052  0.0180598   0.913672   0.313194
 -0.913697 -0.0102865   0.406266   0.357449
 0.0167356  -0.999784  0.0123243    1.70689
         0          0          0          1

  0.409029  0.0272014   0.912116   0.319779
 -0.912133 -0.0169716   0.409543    0.36142
 0.0266202  -0.999486  0.0178695    1.71348
         0          0          0          1

  0.408729  0.0316387   0.912107   0.328489
 -0.912093 -0.0209344   0.409449   0.365638
 0.0320489   -0.99928  0.0203009    1.72066
         0          0          0          1

  0.408369  0.0352391   0.912136   0.339709
 -0.911829 -0.0307201   0.409418   0.371598
 0.0424484  -0.998907  0.0195869    1.72616
         0          0          0          1

  0.410521  0.0331805   0.911247   0.349339
 -0.910725 -0.0347293    0.41155    0.37572
 0.0453025  -0.998846  0.0159612    1.73239
         0          0          0          1

  0.410266  0.0402672   0.911076   0.372903
 -0.909965 -0.0480644    0.41189   0.385953
  0.060376  -0.998032  0.0169226    1.74277
         0          0          0          1

  0.411047  0.0450563     0.9105   0.382866
 -0.909461 -0.0483453    0.41297   0.388313
 0.0626253  -0.997814  0.0211047     1.7503
         0          0          0          1

   0.41433  0.0570231   0.908339   0.392309
  -0.90715 -0.0547782   0.417227   0.391595
 0.0735487  -0.996869  0.0290323    1.75201
         0          0          0          1

  0.416142  0.0614358   0.907222   0.402283
 -0.905721 -0.0604169   0.419546   0.394933
 0.0805866  -0.996281  0.0305017    1.75423
         0          0          0          1

   0.41921  0.0696279   0.905215   0.426666
 -0.903341 -0.0676888   0.423549   0.400261
 0.0907638  -0.995274  0.0345219    1.76356
         0          0          0          1

 0.421148  0.076013  0.903801  0.436391
-0.901767 -0.071714  0.426232  0.402503
0.0972144 -0.994525 0.0383437   1.76629
        0         0         0         1

  0.418947  0.0837651   0.904139   0.450659
 -0.901848 -0.0774267   0.425059   0.405312
   0.10561  -0.993473  0.0431057    1.76824
         0          0          0          1

  0.416737  0.0881945   0.904739   0.460293
 -0.902352 -0.0802624   0.423462   0.406448
  0.109963  -0.992864  0.0461341    1.77096
         0          0          0          1

  0.412294  0.0933301   0.906258   0.472719
 -0.903563 -0.0853843   0.419861   0.407345
  0.116566  -0.991967  0.0491263    1.77379
         0          0          0          1

  0.409454  0.0953832   0.907331   0.483877
 -0.904524 -0.0873778   0.417374   0.407301
  0.119091  -0.991598  0.0504992    1.77781
         0          0          0          1

  0.414708   0.101812   0.904241   0.513443
 -0.901039 -0.0928189    0.42369   0.408256
  0.127067  -0.990464  0.0532441    1.78309
         0          0          0          1

  0.421751   0.107883   0.900271     0.5235
 -0.897131 -0.0943082   0.431581   0.407168
  0.131463   -0.98968  0.0570105    1.78345
         0          0          0          1

  0.426776   0.110089   0.897632   0.540718
 -0.894362 -0.0957839   0.436969   0.407131
  0.134084  -0.989296  0.0575812    1.78621
         0          0          0          1

  0.430296   0.111045   0.895832   0.555944
 -0.892029 -0.0997513   0.440834   0.407499
  0.138313  -0.988797   0.056133    1.78596
         0          0          0          1

  0.433749   0.111124   0.894155   0.572826
 -0.890308 -0.0998068   0.444287   0.405762
  0.138614  -0.988782  0.0556431    1.78861
         0          0          0          1

 0.436118  0.112411  0.892841  0.585662
-0.888815 -0.101369  0.446914  0.404786
 0.140745 -0.988478 0.0557033   1.78887
        0         0         0         1

 0.441175  0.116533  0.889823  0.615354
-0.885788 -0.102591  0.452609  0.399838
 0.144032 -0.987874 0.0579627   1.78899
        0         0         0         1

 0.443626  0.117248  0.888509  0.628493
-0.884567 -0.102015   0.45512  0.396855
 0.144003 -0.987849 0.0584575    1.7893
        0         0         0         1

 0.446616  0.117558  0.886969  0.644234
-0.882915 -0.102631  0.458178  0.393616
 0.144893 -0.987748 0.0579572    1.7891
        0         0         0         1

 0.449831  0.117654   0.88533  0.657589
-0.881166 -0.103134  0.461421  0.390439
 0.145596 -0.987685   0.05728   1.78753
        0         0         0         1

 0.457927  0.113936  0.881658  0.690949
-0.877178 -0.103219  0.468939  0.382929
 0.144433 -0.988112 0.0526752   1.78538
        0         0         0         1

 0.460975  0.114463      0.88  0.704262
-0.875266 -0.104869  0.472136   0.37971
 0.146327 -0.987877 0.0518439   1.78035
        0         0         0         1

 0.463837  0.113665  0.878599   0.71784
 -0.87427 -0.101577  0.474693  0.373635
 0.143201 -0.988313 0.0522583     1.779
        0         0         0         1

  0.464698   0.112823   0.878252    0.73088
 -0.874276 -0.0987463    0.47528   0.368939
  0.140347  -0.988696  0.0527515    1.77732
         0          0          0          1

  0.464376   0.113904   0.878283    0.74694
  -0.87498 -0.0943884    0.47487   0.362754
  0.136989  -0.988998  0.0558319    1.77584
         0          0          0          1

  0.463267   0.113245   0.878954   0.760871
 -0.875997 -0.0916918   0.473522   0.357936
  0.134217  -0.989327  0.0567248    1.77253
         0          0          0          1

   0.46125   0.113185   0.880021   0.792222
 -0.878291 -0.0825057   0.470955    0.34607
  0.125912  -0.990142  0.0613537    1.76675
         0          0          0          1

  0.461664   0.112785   0.879856   0.806135
 -0.878806 -0.0768016   0.470958   0.340823
  0.120692  -0.990647  0.0636599    1.76446
         0          0          0          1

 0.463378  0.112194   0.87903   0.82057
-0.878556 -0.071513  0.472255  0.334671
 0.115846  -0.99111 0.0654313   1.76003
        0         0         0         1

   0.46545   0.108446   0.878405   0.832407
 -0.878266 -0.0662749   0.473558   0.328674
  0.109571  -0.991891  0.0643964    1.75799
         0          0          0          1

  0.464695  0.0969172   0.880151   0.861203
 -0.880082 -0.0589402   0.471149   0.315225
 0.0975387  -0.993546  0.0579059    1.75146
         0          0          0          1

  0.462389  0.0896817    0.88213   0.873221
 -0.881974 -0.0558109   0.467981   0.309284
 0.0912018  -0.994406  0.0532907    1.74904
         0          0          0          1

  0.459758  0.0830195   0.884155   0.887096
 -0.883593 -0.0567909   0.464798   0.303225
 0.0887993  -0.994928  0.0472454    1.74333
         0          0          0          1

  0.455203  0.0780869   0.886957    0.89829
 -0.886353 -0.0549824   0.459733   0.297253
 0.0846662  -0.995429  0.0441844    1.74057
         0          0          0          1

 0.452459 0.0703166  0.889008  0.910449
 -0.88844  -0.05072  0.456182   0.28957
0.0771676 -0.996234 0.0395234   1.73814
        0         0         0         1

  0.447104  0.0652909   0.892096   0.921755
 -0.891334 -0.0510794    0.45046   0.283839
 0.0749786  -0.996558  0.0353582     1.7343
         0          0          0          1

  0.436497  0.0566025   0.897924   0.944761
 -0.897278 -0.0458789   0.439075   0.269454
 0.0660485  -0.997342  0.0307622    1.72772
         0          0          0          1

  0.432274  0.0490473   0.900407   0.954743
 -0.899764 -0.0426479   0.434288   0.263083
 0.0597012  -0.997886  0.0256954    1.72517
         0          0          0          1

  0.425648  0.0397263   0.904016   0.967161
 -0.903344 -0.0396877   0.427076   0.255421
 0.0528445  -0.998422  0.0189935    1.72157
         0          0          0          1

  0.421172  0.0319312   0.906418   0.976403
 -0.905797 -0.0362296    0.42216   0.249089
 0.0463193  -0.998833  0.0136643    1.71876
         0          0          0          1

  0.405718  0.0154369   0.913868   0.998594
 -0.913345 -0.0309483   0.406008   0.235007
 0.0345502  -0.999402 0.00154296    1.71051
         0          0          0          1

    0.396937    0.0119882     0.917768      1.00745
   -0.917349   -0.0277216     0.397118     0.228567
   0.0302027    -0.999544 -6.32962e-06      1.70726
           0            0            0            1

    0.385397   0.00907918     0.922706      1.01766
   -0.922399   -0.0238355     0.385503     0.221155
   0.0254932    -0.999675 -0.000811505      1.70287
           0            0            0            1

   0.376597  0.00657394    0.926354     1.02529
  -0.926162  -0.0188683    0.376653     0.21514
  0.0199548     -0.9998 -0.00101723     1.69953
          0           0           0           1

   0.351901  0.00192061    0.936035     1.04408
  -0.935997 -0.00855979    0.351904    0.201232
 0.00868813   -0.999962 -0.00121451     1.69105
          0           0           0           1

   0.340246  0.00201406    0.940334     1.05257
  -0.940323 -0.00467604    0.340252    0.195531
 0.00508233   -0.999987 0.000302866     1.68668
          0           0           0           1

   0.333147 -0.00192709    0.942873     1.06058
  -0.942863  0.00443638    0.333152    0.187975
-0.00482496   -0.999988 -0.00033902      1.6828
          0           0           0           1

   0.327195 -0.00769324    0.944926     1.06788
  -0.944891  0.00912362    0.327257    0.182086
 -0.0111388   -0.999929 -0.00428407     1.67879
          0           0           0           1

   0.323085  -0.0155107    0.946243     1.07561
  -0.946183   0.0145709    0.323303    0.174686
 -0.0188023   -0.999774 -0.00996831     1.67457
          0           0           0           1

  0.320892 -0.0226822   0.946844    1.08277
 -0.946828  0.0169627   0.321293   0.169082
-0.0233487  -0.999599 -0.0160329    1.67001
         0          0          0          1

  0.315685 -0.0318803   0.948328    1.09852
 -0.948127   0.028794   0.316586   0.155646
-0.0373991  -0.999077 -0.0211367    1.66047
         0          0          0          1

  0.314122  -0.037232   0.948652    1.10493
 -0.948338  0.0345576   0.315374   0.150126
-0.0445252  -0.998709 -0.0244532    1.65617
         0          0          0          1

  0.310121 -0.0387526   0.949907    1.11029
 -0.949219  0.0430691   0.311654   0.143767
 -0.052989   -0.99832 -0.0234281    1.65099
         0          0          0          1

  0.297942 -0.0385482   0.953805    1.11631
  -0.95268  0.0510684   0.299654   0.138582
-0.0602604  -0.997951 -0.0215087    1.64648
         0          0          0          1

  0.287917 -0.0408218   0.956785    1.12181
 -0.955016  0.0618909   0.290025   0.132331
-0.0710556  -0.997248 -0.0211661    1.64148
         0          0          0          1

  0.272842 -0.0415778    0.96116    1.12648
 -0.958797  0.0704544   0.275219   0.127686
-0.0791609  -0.996648 -0.0206418      1.637
         0          0          0          1

  0.250932 -0.0402592   0.967167    1.13758
 -0.963418  0.0867597   0.253571   0.116792
-0.0941197  -0.995415 -0.0170157    1.62636
         0          0          0          1

  0.245965 -0.0473667   0.968121    1.14188
 -0.963998  0.0921575   0.249427   0.112081
 -0.101034  -0.994617 -0.0229939    1.62208
         0          0          0          1

  0.240736 -0.0557924   0.968986    1.14804
 -0.964992  0.0933189   0.245117   0.107059
   -0.1041  -0.994072 -0.0313739    1.61576
         0          0          0          1

  0.246673 -0.0613372   0.967156    1.15173
  -0.96319  0.0945241   0.251656   0.102789
 -0.106855  -0.993631 -0.0357628    1.61093
         0          0          0          1

  0.245758 -0.0751713   0.966412    1.16335
 -0.963127  0.0936809    0.25221  0.0942495
 -0.109493   -0.99276 -0.0493767    1.59766
         0          0          0          1

  0.246604 -0.0783219   0.965946    1.16588
 -0.962099  0.0999409   0.253725  0.0901344
  -0.11641  -0.991906 -0.0507077    1.59488
         0          0          0          1

  0.24436 -0.087354  0.965742   1.16969
-0.961619   0.10636  0.252937  0.085755
-0.124812 -0.990483 -0.058011   1.58975
        0         0         0         1

  0.238749 -0.0954415    0.96638    1.17347
 -0.962171   0.111249   0.248697  0.0823522
 -0.131245  -0.989199 -0.0652703    1.58532
         0          0          0          1

  0.235142  -0.100706    0.96673     1.1767
 -0.962355   0.115364   0.246096   0.078616
 -0.136309  -0.988205 -0.0697885     1.5797
         0          0          0          1

  0.232558  -0.100383   0.967388    1.17918
 -0.962675   0.117853   0.243655  0.0757289
 -0.138468  -0.987944 -0.0692287    1.57549
         0          0          0          1

   0.20789 -0.0979492   0.973236    1.18495
 -0.967668   0.124693    0.21925   0.070218
 -0.142831  -0.987349 -0.0688599    1.56516
         0          0          0          1

  0.201495  -0.101223   0.974245    1.18695
  -0.96773   0.133089   0.213976  0.0675245
 -0.151321  -0.985921 -0.0711398    1.56197
         0          0          0          1

  0.198664  -0.109838   0.973893    1.18845
 -0.966712   0.141526   0.213161  0.0645844
 -0.161245  -0.983822 -0.0780656    1.55765
         0          0          0          1

  0.196106  -0.116305   0.973661    1.19073
 -0.966438   0.145122   0.211986  0.0622691
 -0.165954  -0.982554 -0.0839424    1.55377
         0          0          0          1

  0.198652  -0.115667   0.973221    1.19523
 -0.965341   0.148419   0.214683  0.0573568
 -0.169276  -0.982137 -0.0821741    1.54456
         0          0          0          1

  0.199432   -0.11643    0.97297    1.19789
 -0.965013   0.149152   0.215649  0.0553964
 -0.170228  -0.981936 -0.0826109    1.54048
         0          0          0          1

  0.202779  -0.118722   0.972001    1.20002
 -0.963773    0.15144    0.21956  0.0529338
 -0.173267  -0.981311 -0.0837126    1.53639
         0          0          0          1

  0.205339  -0.121263   0.971149    1.20196
 -0.962958   0.152172   0.222609  0.0511339
 -0.174776  -0.980887 -0.0855246    1.53239
         0          0          0          1

  0.207841  -0.122887   0.970413    1.20425
 -0.961992   0.153964   0.225534  0.0487974
 -0.177124  -0.980405 -0.0862164    1.52831
         0          0          0          1

  0.209513  -0.122814   0.970062    1.20565
 -0.961349   0.155374   0.227302  0.0470973
 -0.178638  -0.980192 -0.0855144    1.52507
         0          0          0          1

  0.204307  -0.120469   0.971466    1.20706
 -0.961767   0.160194   0.222132  0.0441761
 -0.182383  -0.979707 -0.0831341    1.51836
         0          0          0          1

  0.195995   -0.11956   0.973289    1.20863
 -0.963603    0.16054   0.213765  0.0435613
  -0.18181  -0.979761 -0.0837433    1.51375
         0          0          0          1

   0.18754  -0.108096   0.976291    1.20884
 -0.964883   0.165841    0.20371  0.0419593
 -0.183929   -0.98021 -0.0731984    1.51298
         0          0          0          1

  0.177995  -0.101106   0.978823    1.20818
 -0.966929   0.166675   0.193048  0.0413667
 -0.182664  -0.980815 -0.0680949    1.51156
         0          0          0          1

  0.154117 -0.0999827   0.982981    1.20952
 -0.972403   0.161019   0.168836  0.0392732
 -0.175159  -0.981874 -0.0724078    1.50959
         0          0          0          1

  0.151607  -0.101281   0.983238    1.21002
 -0.973464   0.157208   0.166294  0.0382604
 -0.171415  -0.982358 -0.0747594    1.50952
         0          0          0          1

 0.153245 -0.107887  0.982281    1.2107
-0.973945  0.151674  0.168603 0.0371516
-0.167177 -0.982525 -0.081833   1.50902
        0         0         0         1

  0.155853   -0.11496   0.981068    1.21237
 -0.974007   0.147397   0.172003  0.0360359
  -0.16438  -0.982374 -0.0889993    1.50837
         0          0          0          1

 0.162896 -0.119721  0.979353   1.21344
-0.973476  0.142123  0.179293 0.0349935
-0.160654 -0.982582 -0.093394   1.50704
        0         0         0         1

  0.168834  -0.120534   0.978247    1.21467
 -0.972725   0.139789   0.185106  0.0339003
  -0.15906  -0.982818 -0.0936453    1.50685
         0          0          0          1

  0.182565  -0.123234    0.97544     1.2157
 -0.970942   0.133536   0.198594  0.0326498
  -0.15473  -0.983352 -0.0952743     1.5051
         0          0          0          1

   0.18553  -0.124357   0.974738    1.21594
 -0.970452    0.13255   0.201626  0.0322361
 -0.154275  -0.983344 -0.0960906    1.50512
         0          0          0          1

  0.186645  -0.125209   0.974416    1.21701
 -0.970602   0.129925   0.202609  0.0321862
 -0.151969  -0.983586 -0.0972786    1.50375
         0          0          0          1

  0.187962  -0.125221   0.974161    1.21705
  -0.97043   0.129257   0.203857  0.0321477
 -0.151444  -0.983673 -0.0972228    1.50364
         0          0          0          1

  0.190688  -0.127437   0.973344     1.2175
 -0.970109   0.127138     0.2067  0.0325972
  -0.15009  -0.983664 -0.0993845    1.50253
         0          0          0          1

   0.19356   -0.12665   0.972879    1.21791
 -0.969557   0.126897   0.209419  0.0326204
 -0.149978  -0.983797 -0.0982325     1.5026
         0          0          0          1

  0.201127  -0.124632   0.971604    1.21826
 -0.968242   0.125084   0.216476  0.0328074
 -0.148512  -0.984287 -0.0955166    1.50228
         0          0          0          1

  0.208211  -0.124367   0.970145    1.21829
 -0.966998   0.122741    0.22327  0.0329517
 -0.146844  -0.984615 -0.0947061    1.50228
         0          0          0          1

   0.21199  -0.126134   0.969098    1.21835
  -0.96651   0.119699   0.227004  0.0332713
 -0.144633  -0.984765 -0.0965345    1.50257
         0          0          0          1

 0.214028 -0.129071  0.968263   1.21859
-0.966534  0.115543  0.229047 0.0336156
 -0.14144 -0.984881 -0.100022   1.50243
        0         0         0         1

 0.220777 -0.141797  0.964962   1.21831
-0.965179  0.110569  0.237074 0.0342309
-0.140311 -0.983701 -0.112448    1.5034
        0         0         0         1

 0.223409 -0.147733  0.963464   1.21782
-0.964767  0.107417  0.240181 0.0346218
-0.138975 -0.983177  -0.11853   1.50392
        0         0         0         1

  0.22616 -0.153757  0.961879   1.21687
-0.964243  0.104716  0.243454 0.0350792
-0.138157 -0.982544 -0.124577   1.50483
        0         0         0         1

 0.226473 -0.159995  0.960787   1.21574
-0.964206  0.102829  0.244402 0.0355565
  -0.1379 -0.981747  -0.13098   1.50593
        0         0         0         1

 0.228044 -0.176211  0.957573   1.21214
-0.964145 0.0962215  0.247316 0.0371643
-0.135719 -0.979638  -0.14795   1.50844
        0         0         0         1

 0.230901 -0.183885  0.955443   1.21018
-0.963453 0.0938491  0.250899 0.0378321
-0.135804 -0.978457 -0.155495   1.50985
        0         0         0         1

 0.234739 -0.194485  0.952404   1.20832
-0.962668 0.0893505  0.255514 0.0387713
-0.134791 -0.976828  -0.16625    1.5112
        0         0         0         1

 0.239392 -0.204426  0.949158   1.20693
-0.961391 0.0867355  0.261158 0.0393256
-0.135713 -0.975032 -0.175769   1.51301
        0         0         0         1

 0.247028 -0.217328  0.944323   1.20499
-0.959408 0.0819819  0.269842 0.0402919
-0.136061  -0.97265 -0.188254   1.51495
        0         0         0         1

 0.252936 -0.228216  0.940181   1.20382
-0.957814 0.0779749  0.276607 0.0411834
-0.136437 -0.970483 -0.198866   1.51662
