0.0883047 -0.636018  0.766605   1.41036
-0.751714 -0.547503 -0.367649   1.02531
 0.653551 -0.543803 -0.526451   2.01097
        0         0         0         1

 0.107229 -0.619914  0.777308   1.39527
-0.757278 -0.557514 -0.340159   1.00565
  0.64423 -0.552163 -0.529229   2.02298
        0         0         0         1

 0.118097 -0.613637  0.780707   1.39369
 -0.76612 -0.556495 -0.321516  0.985135
 0.631753 -0.560145  -0.53584   2.03944
        0         0         0         1

 0.134404 -0.602885  0.786426   1.38855
-0.774457 -0.559009 -0.296185   0.96269
 0.618184 -0.569245 -0.542041   2.05355
        0         0         0         1

 0.147065 -0.601638  0.785114   1.39089
-0.774861 -0.563423  -0.28661  0.947879
 0.614786 -0.566204 -0.549046    2.0555
        0         0         0         1

 0.173271 -0.594933  0.784877    1.3916
-0.796302 -0.553584 -0.243821  0.901536
 0.579553 -0.582752 -0.569666   2.08766
        0         0         0         1

 0.181552 -0.587388  0.788679   1.38714
-0.802825  -0.55169 -0.226076  0.883255
   0.5679 -0.592127  -0.57173   2.09782
        0         0         0         1

 0.190334 -0.590302  0.784421   1.39719
-0.798866 -0.557547 -0.225733   0.86552
 0.570602 -0.583682 -0.577692   2.09051
        0         0         0         1

 0.194876 -0.591817  0.782161   1.40554
-0.802571  -0.55463 -0.219695  0.849327
 0.563829 -0.584926 -0.583059    2.0918
        0         0         0         1

 0.205655 -0.585508  0.784147   1.40795
 -0.81039  -0.55108 -0.198944  0.806269
 0.548611 -0.594551 -0.587822   2.09959
        0         0         0         1

 0.214032 -0.571635  0.792101   1.39843
-0.815221 -0.551263  -0.17755  0.789398
  0.53815 -0.607736 -0.583997   2.11085
        0         0         0         1

 0.210564 -0.570334  0.793966   1.40585
-0.822567 -0.542236 -0.171358  0.764565
 0.528248 -0.617009 -0.583313   2.11548
        0         0         0         1

 0.213013 -0.567568  0.795293   1.40982
-0.827846 -0.537167 -0.161623  0.745902
 0.518938 -0.623953 -0.584283   2.11978
        0         0         0         1

 0.216913 -0.556688  0.801902   1.40503
-0.835949 -0.530144 -0.141908  0.721507
 0.504122 -0.639568 -0.580357   2.12957
        0         0         0         1

 0.225417  -0.54331  0.808704   1.39356
-0.839407 -0.529663 -0.121868  0.706646
 0.494553 -0.651361 -0.575453   2.13268
        0         0         0         1

 0.229168 -0.542707  0.808054   1.40009
-0.851896 -0.513435 -0.103233  0.664928
 0.470908  -0.66472 -0.579993    2.1348
        0         0         0         1

  0.231199  -0.540417    0.80901    1.39792
 -0.857751  -0.505648 -0.0926441   0.648709
  0.459141   -0.67251  -0.580448    2.13786
         0          0          0          1

  0.232426  -0.535672   0.811809    1.39175
 -0.865105  -0.495308 -0.0791429   0.627234
   0.44449  -0.683905  -0.578535     2.1404
         0          0          0          1

  0.224724  -0.540622   0.810695    1.39457
 -0.870989  -0.484473 -0.0816393   0.608818
  0.436896   -0.68776  -0.579748     2.1406
         0          0          0          1

 0.181675 -0.514457   0.83805    1.3838
 -0.87465 -0.474034 -0.101387  0.571792
 0.449423 -0.714581  -0.53609    2.1457
        0         0         0         1

 0.179657 -0.517086  0.836867   1.38284
-0.873603 -0.474969 -0.105932  0.558351
 0.452262 -0.712058 -0.537059   2.13907
        0         0         0         1

  0.186612  -0.519985   0.833541    1.37931
 -0.879694  -0.466183 -0.0938731   0.536338
  0.437395  -0.715744  -0.544423    2.14558
         0          0          0          1

  0.198957  -0.529743   0.824493    1.37575
 -0.886447  -0.456022 -0.0790908   0.520396
  0.417885  -0.715134  -0.560317    2.14515
         0          0          0          1

  0.217535  -0.546889    0.80845     1.3712
 -0.896773  -0.438978 -0.0556533   0.501701
  0.385328  -0.712889  -0.585928    2.14534
         0          0          0          1

  0.228614  -0.563075   0.794155    1.37414
 -0.905989  -0.421583 -0.0381046   0.485039
  0.356258  -0.710785  -0.606519    2.14372
         0          0          0          1

  0.234859  -0.585662   0.775784    1.37594
 -0.927239  -0.374464 -0.0019844   0.449489
  0.291666  -0.718872  -0.630995    2.13752
         0          0          0          1

  0.227383  -0.586237   0.777575    1.37628
 -0.935229  -0.353983 0.00660699    0.43398
  0.271375  -0.728713  -0.628755    2.13841
         0          0          0          1

  0.214502  -0.581136   0.785029    1.37063
 -0.942137  -0.335098 0.00936559   0.417539
  0.257619  -0.741613  -0.619389     2.1337
         0          0          0          1

 0.201474 -0.575258  0.792772   1.36743
-0.948267 -0.317293 0.0107551  0.402507
 0.245354 -0.753926 -0.609424   2.13391
        0         0         0         1

  0.18389  -0.56628  0.803438   1.36086
-0.958396 -0.284837  0.018598  0.371755
 0.218317 -0.773431 -0.595099   2.12413
        0         0         0         1

 0.185898 -0.563344  0.805038   1.35416
-0.960941 -0.275197 0.0293229  0.360606
 0.205025 -0.779045 -0.592498   2.11942
        0         0         0         1

 0.187343 -0.566848  0.802238   1.34954
-0.965159 -0.258104 0.0430168  0.342516
 0.182677 -0.782346 -0.595453   2.11684
        0         0         0         1

 0.188802 -0.574517   0.79642   1.34671
-0.967893 -0.245914 0.0520569  0.330289
 0.165943 -0.780677   -0.6025   2.11038
        0         0         0         1

  0.19138 -0.581822  0.790479   1.34214
-0.970529  -0.23234 0.0639606  0.314709
 0.146446 -0.779424 -0.609141   2.10435
        0         0         0         1

 0.190708 -0.583898  0.789109   1.33938
-0.972556 -0.221535 0.0711189  0.300803
 0.133289 -0.781015 -0.610122   2.09991
        0         0         0         1

 0.177081 -0.588418  0.788927   1.33519
-0.977821 -0.196276 0.0730885  0.271548
 0.111841 -0.784372 -0.610125   2.08323
        0         0         0         1

 0.165069 -0.583705   0.79501   1.33081
-0.980186 -0.186571 0.0665346   0.25951
  0.10949  -0.79024 -0.602936   2.07729
        0         0         0         1

 0.153621  -0.57821  0.801295   1.32466
-0.982042 -0.179218 0.0589501  0.246055
 0.109521 -0.795961 -0.595358   2.06833
        0         0         0         1

 0.145996 -0.573458  0.806121   1.32192
-0.983598 -0.171388 0.0562172  0.233772
 0.105921 -0.801107 -0.589075   2.06177
        0         0         0         1

 0.141976 -0.569718  0.809484   1.31652
-0.985152 -0.161073 0.0594222  0.218411
0.0965323 -0.805901 -0.584127   2.05297
        0         0         0         1

 0.141286 -0.570165  0.809289   1.31262
-0.986135 -0.152933 0.0644151  0.206886
0.0870398  -0.80717 -0.583867   2.04455
        0         0         0         1

 0.138711 -0.577606  0.804444   1.30506
-0.988721 -0.127095 0.0792298  0.177756
0.0564775 -0.806361  -0.58872   2.02711
        0         0         0         1

 0.136138 -0.579505  0.803517   1.30124
-0.989603  -0.11752 0.0829096  0.166275
 0.046383 -0.806451 -0.589479   2.01901
        0         0         0         1

 0.131761  -0.58242  0.802138    1.2969
-0.990659 -0.106035 0.0857378  0.152076
0.0351191 -0.805942 -0.590951   2.00756
        0         0         0         1

 0.128084 -0.584528    0.8012   1.29393
-0.991501 -0.094039 0.0898992  0.140688
0.0227954 -0.805905 -0.591605   1.99946
        0         0         0         1

  0.119028  -0.587894   0.800133    1.28775
 -0.992891 -0.0697955  0.0964203   0.113119
-0.00083931  -0.805921  -0.592022    1.97919
         0          0          0          1

  0.116393  -0.590924   0.798286    1.28554
 -0.993141 -0.0602616   0.100195   0.101847
-0.0111016  -0.804473  -0.593885     1.9706
         0          0          0          1

  0.116154  -0.594336   0.795784    1.28097
 -0.992986 -0.0516731   0.106345  0.0890476
-0.0220842  -0.802555  -0.596169    1.95868
         0          0          0          1

  0.113719  -0.599618   0.792166    1.27857
 -0.992946 -0.0416723   0.110999  0.0777054
-0.0335457  -0.799201  -0.600127    1.95107
         0          0          0          1

  0.109588  -0.610383   0.784489    1.27716
 -0.992994 -0.0321306   0.113715  0.0651257
-0.0442039  -0.791454  -0.609628    1.93824
         0          0          0          1

   0.10582  -0.618023   0.779005    1.27491
 -0.993021 -0.0246534   0.115333  0.0548886
 -0.052073  -0.785773  -0.616319    1.92912
         0          0          0          1

  0.0991444   -0.632189    0.768445     1.26712
  -0.992605 -0.00847765    0.121091   0.0319261
 -0.0700377   -0.774768   -0.628354     1.90754
          0           0           0           1

  0.0974955   -0.637813    0.763995     1.26392
  -0.991878 0.000736567    0.127191    0.022107
 -0.0816869   -0.770191   -0.632561     1.89942
          0           0           0           1

 0.0946696  -0.644869   0.758407     1.2604
  -0.99132 0.00874288   0.131177  0.0107198
-0.0912229  -0.764243  -0.638444    1.88752
         0          0          0          1

 0.0919901  -0.648766   0.755407    1.25697
 -0.990884  0.0153388   0.133839 0.00223214
-0.0984171  -0.760833  -0.641441    1.87868
         0          0          0          1

 0.0873552  -0.656849   0.748945    1.24863
 -0.989881  0.0271572   0.139275 -0.0168197
 -0.111822  -0.753533   -0.64783    1.85705
         0          0          0          1

 0.0856905  -0.659388   0.746904    1.24564
  -0.98917  0.0333568   0.142933 -0.0244651
 -0.119163  -0.751063  -0.649388    1.84848
         0          0          0          1

 0.0841152  -0.663733   0.743225    1.24229
 -0.987841  0.0423211   0.149594 -0.0340015
 -0.130745  -0.746771  -0.652103    1.83734
         0          0          0          1

 0.0837743  -0.666798   0.740515    1.23978
 -0.986649  0.0486502   0.155427 -0.0410261
 -0.139664  -0.743649   -0.65382    1.82856
         0          0          0          1

0.0850674 -0.670616  0.736911   1.23608
-0.984853 0.0555585   0.16425  -0.04949
 -0.15109 -0.739721 -0.655732   1.81739
        0         0         0         1

  0.084039  -0.673161   0.734705     1.2337
 -0.983715  0.0615112   0.168881 -0.0560746
 -0.158876  -0.736933   -0.65703    1.80915
         0          0          0          1

 0.0833609  -0.678554   0.729805    1.22761
 -0.981654  0.0701085   0.177313 -0.0699826
 -0.171482  -0.731197  -0.660261    1.78928
         0          0          0          1

 0.0832172  -0.680799   0.727728    1.22556
 -0.980821  0.0732019    0.18064 -0.0753715
 -0.176251  -0.728803  -0.661651    1.78121
         0          0          0          1

0.0832682 -0.682438  0.726185    1.2231
-0.979431 0.0783581  0.185944 -0.082168
-0.183798 -0.726731 -0.661876   1.77142
        0         0         0         1

 0.0836482  -0.683297   0.725333    1.22097
 -0.978578  0.0810826   0.189237 -0.0869711
 -0.188117  -0.725624  -0.661877    1.76353
         0          0          0          1

 0.0838192  -0.683198   0.725406    1.21664
 -0.977193  0.0861807   0.194079 -0.0977537
  -0.19511   -0.72513  -0.660393    1.74489
         0          0          0          1

0.0849676 -0.683012  0.725448   1.21478
 -0.97675 0.0867288  0.196056 -0.101703
-0.196826  -0.72524 -0.659762   1.73696
        0         0         0         1

0.0860751 -0.681957   0.72631   1.21272
 -0.97628 0.0876365  0.197984 -0.106643
-0.198668 -0.726123 -0.658237   1.72728
        0         0         0         1

0.0867711 -0.681482  0.726673    1.2114
-0.975956 0.0882514  0.199301 -0.110301
 -0.19995 -0.726494 -0.657439   1.71985
        0         0         0         1

 0.087505 -0.680584  0.727425   1.20965
-0.975999 0.0876086  0.199374 -0.114449
 -0.19942 -0.727413 -0.656584      1.71
        0         0         0         1

0.0886912 -0.679658  0.728148   1.20834
-0.975756 0.0875639  0.200583 -0.117634
-0.200088 -0.728284 -0.655414   1.70262
        0         0         0         1

0.0918304 -0.678065  0.729243   1.20528
-0.975312 0.0864569  0.203206  -0.12446
-0.200835   -0.7299 -0.653385   1.68457
        0         0         0         1

0.0926201 -0.676747  0.730367   1.20436
  -0.9752 0.0864282  0.203751 -0.127095
-0.201012 -0.731125 -0.651959   1.67692
        0         0         0         1

0.0942299 -0.674794  0.731966   1.20252
-0.975327 0.0848689  0.203799 -0.129718
-0.199644  -0.73311 -0.650148   1.66681
        0         0         0         1

0.0949248 -0.672846  0.733667    1.2012
-0.975438 0.0842899  0.203508 -0.131567
-0.198771 -0.734965 -0.648319    1.6587
        0         0         0         1

0.0976775 -0.665129  0.740312   1.19802
 -0.97487 0.0857062  0.205627 -0.135842
-0.200218 -0.741794 -0.640043   1.63944
        0         0         0         1

0.0959273 -0.662075  0.743273   1.19719
-0.975043 0.0877028  0.203961 -0.137366
-0.200225 -0.744288 -0.637138   1.63123
        0         0         0         1

0.0949622 -0.654727  0.749877   1.19526
-0.975131 0.0903531  0.202376 -0.138893
-0.200255 -0.750446 -0.629864   1.62075
        0         0         0         1

 0.093431 -0.648813   0.75519   1.19394
 -0.97552   0.09201  0.199739 -0.139888
-0.199079 -0.755364 -0.624334    1.6122
        0         0         0         1

 0.092311 -0.640438  0.762442   1.19241
-0.975321 0.0960806  0.198791 -0.141232
-0.200569 -0.761976 -0.615763   1.60169
        0         0         0         1

0.0921716 -0.631869  0.769576   1.19103
-0.974861  0.100187  0.199018 -0.142122
-0.202855 -0.768573  -0.60675   1.59325
        0         0         0         1

0.0927106 -0.604551  0.791153   1.18752
-0.973808  0.110624  0.198647 -0.143936
-0.207613 -0.788847 -0.578461   1.57371
        0         0         0         1

0.0921006 -0.590903  0.801468   1.18603
-0.973822  0.114534   0.19635 -0.144564
-0.207819 -0.798571 -0.564886   1.56584
        0         0         0         1

0.0906402 -0.572733  0.814716   1.18427
-0.974087  0.119235  0.192191 -0.145296
-0.207216 -0.811024 -0.547084   1.55617
        0         0         0         1

0.0889369 -0.558579   0.82467   1.18303
-0.974479  0.122529  0.188087 -0.145774
-0.206107 -0.820351 -0.533426   1.54869
        0         0         0         1

0.0850454 -0.527483  0.845298   1.18055
-0.974913  0.131088  0.179888  -0.14701
-0.205697 -0.839391 -0.503102   1.53156
        0         0         0         1

0.0842559 -0.514364  0.853423   1.17991
-0.974683  0.135473  0.177878 -0.147658
 -0.20711 -0.846804 -0.489928   1.52471
        0         0         0         1

0.0853235 -0.498443  0.862714   1.17871
-0.974066  0.140387  0.177447 -0.148425
-0.209561  -0.85548 -0.473538   1.51644
        0         0         0         1

0.0853822 -0.486913  0.869268   1.17821
-0.973508  0.144966  0.176823 -0.149099
-0.212112 -0.861337 -0.461636   1.51022
        0         0         0         1

0.0858922  -0.46916  0.878926   1.17743
-0.973071    0.1499  0.175107 -0.149975
-0.213904 -0.870298 -0.443651    1.5025
        0         0         0         1

0.0868003 -0.456148  0.885661   1.17663
-0.972626  0.153557  0.174411 -0.150646
-0.215556 -0.876555 -0.430332   1.49729
        0         0         0         1

0.0821516 -0.435644  0.896362    1.1763
-0.972249  0.162649  0.168156 -0.152616
-0.219049 -0.885302 -0.410193   1.48516
        0         0         0         1

0.0823161  -0.42948  0.899317   1.17652
-0.971714  0.165833  0.168138 -0.153557
-0.221348  -0.88772 -0.403682   1.48027
        0         0         0         1

0.0841972 -0.421998  0.902679   1.17719
-0.970578  0.170354   0.17017 -0.154878
-0.225587 -0.890448 -0.395238   1.47448
        0         0         0         1

0.0857297 -0.417514  0.904617   1.17806
-0.969827  0.173014  0.171762 -0.155902
-0.228225 -0.892047 -0.390084   1.47003
        0         0         0         1

0.0886924 -0.406384  0.909388   1.18052
-0.968929  0.176435  0.173344 -0.157815
-0.230892 -0.896506 -0.378109      1.46
        0         0         0         1

0.0885201 -0.400412  0.912049   1.18186
-0.969182  0.176705  0.171643 -0.158435
-0.229892 -0.899136 -0.372431   1.45596
        0         0         0         1

0.0880444 -0.391163    0.9161   1.18363
-0.969514  0.177472  0.168956 -0.159148
-0.228671 -0.903048 -0.363613   1.45137
        0         0         0         1

0.0878132 -0.382694  0.919692   1.18493
-0.969914    0.1776   0.16651 -0.159579
 -0.22706 -0.906644 -0.355585   1.44793
        0         0         0         1

0.0861132 -0.370587  0.924797   1.18691
-0.970457   0.17879   0.16201 -0.160165
-0.225383 -0.911427 -0.344242   1.44401
        0         0         0         1

0.0848012 -0.360159  0.929029   1.18863
 -0.97099  0.179346  0.158159 -0.160599
-0.223579 -0.915489 -0.334502   1.44091
        0         0         0         1

0.0831103 -0.330228  0.940235    1.1936
-0.972131   0.18068  0.149388 -0.161807
-0.219213 -0.926447 -0.306008    1.4347
        0         0         0         1

0.0854414 -0.316398  0.944771   1.19604
-0.972941  0.177815  0.147538 -0.162324
-0.214675 -0.931812 -0.292644   1.43271
        0         0         0         1

0.0897804 -0.306125  0.947748    1.1997
-0.973924  0.172087  0.147845 -0.163007
-0.208354 -0.936308 -0.282693   1.43119
        0         0         0         1

0.0921858 -0.304274  0.948114   1.20357
-0.975333    0.1642  0.147528 -0.163548
-0.200569 -0.938326 -0.281631      1.43
        0         0         0         1

 0.105364 -0.302324  0.947364   1.21384
-0.977423  0.143969  0.154651 -0.164881
-0.183146  -0.94227 -0.280329   1.42835
        0         0         0         1

 0.113845  -0.29937  0.947321   1.21844
-0.977579  0.136255   0.16054 -0.165347
-0.177138 -0.944358 -0.277146   1.42791
        0         0         0         1

 0.127699 -0.292744  0.947626   1.22453
-0.977436  0.124947  0.170315 -0.165714
-0.168262 -0.947992 -0.270182   1.42721
        0         0         0         1

 0.141118 -0.286897   0.94751   1.22971
-0.977098  0.113607  0.179924 -0.165734
-0.159263 -0.951201 -0.264295   1.42677
        0         0         0         1

 0.156878 -0.281025  0.946792   1.23713
-0.977036 0.0958008  0.190324  -0.16532
-0.144189 -0.954907 -0.259542    1.4259
        0         0         0         1

   0.1687 -0.276451  0.946105   1.24389
-0.976866  0.081095  0.197881 -0.164727
-0.131429   -0.9576 -0.256375   1.42546
        0         0         0         1

 0.204561 -0.262568  0.942981   1.26272
-0.974016  0.041061  0.222727 -0.162378
-0.0972008 -0.964039 -0.247346   1.42464
        0         0         0         1

  0.22201 -0.257847  0.940333   1.27186
-0.971599 0.0224983  0.235561 -0.160986
-0.0818946 -0.965924  -0.24553   1.42453
        0         0         0         1

   0.243911    -0.25327    0.936142     1.28454
  -0.967852 -0.00244902     0.25151   -0.158998
 -0.0614074   -0.967393   -0.245725     1.42457
          0           0           0           1

  0.261224  -0.251461   0.931949    1.29547
 -0.964261 -0.0236656   0.263895  -0.157242
-0.0443043  -0.967578  -0.248656     1.4247
         0          0          0          1

  0.303113  -0.255348   0.918107    1.32437
 -0.952954 -0.0804911   0.292231  -0.152134
-0.000721173  -0.963493  -0.267733    1.42482
         0          0          0          1

 0.319455 -0.259607  0.911347   1.33793
-0.947438 -0.105374  0.302089 -0.149813
0.0176081 -0.959948 -0.279624   1.42462
        0         0         0         1

 0.340977 -0.264569  0.902074   1.35544
-0.939197 -0.137248  0.314756  -0.14652
0.0405328  -0.95455 -0.295281   1.42426
        0         0         0         1

 0.357261 -0.269443  0.894296   1.37006
-0.932148 -0.163207  0.323209 -0.143617
0.0588686 -0.949086 -0.309468   1.42339
        0         0         0         1

 0.377538 -0.275275  0.884132   1.38918
-0.922452 -0.195229  0.333117 -0.139694
0.0809093 -0.941334 -0.327634    1.4219
        0         0         0         1

 0.392979 -0.279458  0.876054   1.40478
-0.914473 -0.218714  0.340444 -0.136509
0.0964656 -0.934916 -0.341507    1.4205
        0         0         0         1

 0.424863 -0.287941  0.858243    1.4443
-0.896159 -0.267858  0.353766 -0.129138
 0.128024 -0.919425 -0.371844   1.41524
        0         0         0         1

  0.43644 -0.290371   0.85159    1.4615
 -0.88905 -0.284607  0.358594  -0.12636
 0.138243  -0.91361 -0.382368   1.41204
        0         0         0         1

 0.451991 -0.291848  0.842929   1.48319
 -0.87963 -0.302795  0.366833 -0.122786
 0.148175  -0.90727 -0.393579   1.40769
        0         0         0         1

   0.4627 -0.293506  0.836518   1.50103
-0.873004 -0.314967   0.37237  -0.12055
 0.154183  -0.90258 -0.401967    1.4036
        0         0         0         1

  0.49063 -0.297973  0.818837   1.54337
-0.856272 -0.339028  0.389689  -0.11537
 0.161492 -0.892341 -0.421484   1.39219
        0         0         0         1

 0.501684 -0.302111  0.810581   1.56138
-0.849845  -0.34705  0.396636 -0.113747
 0.161483 -0.887854 -0.430857    1.3865
        0         0         0         1

  0.51642 -0.306152  0.799739   1.58334
 -0.84112 -0.356618  0.406622 -0.111443
 0.160713 -0.882663 -0.441675   1.37888
        0         0         0         1

 0.526558 -0.310813  0.791285   1.60087
-0.835155 -0.363102  0.413127 -0.110163
 0.158912 -0.878381 -0.450771   1.37249
        0         0         0         1

 0.538995 -0.316271  0.780678   1.62226
-0.827697 -0.370761  0.421253 -0.108464
 0.156215 -0.873217 -0.461615   1.36406
        0         0         0         1

 0.547966 -0.320356  0.772726   1.63859
-0.822343  -0.37554   0.42746 -0.107289
  0.15325 -0.869679 -0.469226    1.3574
        0         0         0         1

 0.562779 -0.332109  0.756957   1.67679
-0.813398 -0.385554  0.435582 -0.105868
 0.147187 -0.860843 -0.487118   1.34051
        0         0         0         1

 0.565381 -0.338174  0.752318   1.69247
 -0.81201  -0.38838  0.435661   -0.1061
 0.144856 -0.857204 -0.494183   1.33333
        0         0         0         1

 0.568645 -0.344184  0.747114   1.71089
-0.810149 -0.391654  0.436194 -0.105881
 0.142479 -0.853314 -0.501553   1.32444
        0         0         0         1

 0.570471  -0.34902   0.74347   1.72442
-0.809036 -0.394754  0.435465  -0.10559
 0.141501 -0.849914 -0.507566   1.31708
        0         0         0         1

 0.569522 -0.357752   0.74004   1.75561
-0.809608 -0.399743  0.429815 -0.106331
 0.142058 -0.843931   -0.5173     1.301
        0         0         0         1

 0.566545 -0.362269  0.740127   1.76782
-0.811646 -0.400464  0.425275 -0.107474
  0.14233 -0.841659 -0.520916    1.2942
        0         0         0         1

 0.566762 -0.365016  0.738609   1.78062
 -0.81151 -0.402107  0.423983 -0.106803
 0.142239 -0.839686 -0.524113   1.28614
        0         0         0         1

 0.564176 -0.367818  0.739199   1.79138
 -0.81339 -0.401338  0.421099 -0.107941
 0.141781 -0.838831 -0.525604   1.28088
        0         0         0         1

 0.562344 -0.370888  0.739061   1.80283
-0.814743 -0.401232  0.418577 -0.108289
  0.14129 -0.837529 -0.527809   1.27414
        0         0         0         1

 0.558914 -0.374889  0.739644   1.81225
  -0.8172 -0.400377  0.414588 -0.109659
 0.140712 -0.836156 -0.530136   1.26901
        0         0         0         1

 0.552495 -0.382318  0.740664   1.83012
-0.821686 -0.399003  0.406975 -0.110108
 0.139933 -0.833445 -0.534592   1.25853
        0         0         0         1

 0.549235 -0.387437  0.740428   1.83606
-0.823935 -0.399016   0.40239 -0.110009
 0.139541 -0.831071 -0.538376   1.25415
        0         0         0         1

 0.544071 -0.394321  0.740606   1.84342
-0.827555 -0.397736   0.39618 -0.110309
 0.138344 -0.828443 -0.542719   1.24986
        0         0         0         1

 0.540313 -0.399374   0.74065    1.8485
-0.830224 -0.396401  0.391911 -0.110316
 0.137075  -0.82666 -0.545751   1.24682
        0         0         0         1

 0.530121 -0.415036  0.739403   1.85913
-0.837256 -0.394093  0.379069 -0.110897
 0.134066 -0.820022 -0.556408   1.23852
        0         0         0         1

 0.529036 -0.416405   0.73941   1.86157
-0.838167 -0.392611  0.378593 -0.109679
 0.132653 -0.820039 -0.556723   1.23703
        0         0         0         1

 0.522369 -0.422202  0.740862   1.86593
-0.842794 -0.387805  0.373237 -0.110237
 0.129728 -0.819361 -0.558407   1.23419
        0         0         0         1

 0.516793 -0.427202  0.741905   1.86872
-0.846507 -0.384426  0.368296 -0.110898
 0.127871 -0.818361 -0.560298   1.23133
        0         0         0         1

 0.508066 -0.432569  0.744818   1.87259
-0.852034 -0.379033   0.36107 -0.112113
 0.126123 -0.818057 -0.561137   1.22806
        0         0         0         1

 0.503925 -0.437053  0.745013   1.87407
-0.854779  -0.37631  0.357412 -0.111949
 0.124148  -0.81693 -0.563216   1.22471
        0         0         0         1

 0.488626 -0.446776  0.749424   1.87691
-0.864156  -0.36628  0.345071  -0.11233
 0.120329 -0.816229 -0.565058   1.21872
        0         0         0         1

 0.483635 -0.450951   0.75016   1.87732
-0.867235  -0.36275  0.341051 -0.111518
 0.118323 -0.815509 -0.566519   1.21632
        0         0         0         1

 0.474941 -0.458715  0.751007   1.87816
-0.872419 -0.357332  0.333465  -0.11187
 0.115393 -0.813569 -0.569904   1.21288
        0         0         0         1

 0.468007  -0.46589  0.750944   1.87873
-0.876593 -0.352475  0.327637 -0.112241
 0.112046 -0.811609 -0.573356   1.21031
        0         0         0         1

 0.455374 -0.473991  0.753636   1.87953
-0.883523 -0.344842  0.316972 -0.112857
 0.109643 -0.810195 -0.575814   1.20384
        0         0         0         1

 0.449231  -0.46859  0.760667   1.88075
 -0.88555 -0.346275  0.309669 -0.113175
 0.118292 -0.812722 -0.570517   1.20484
        0         0         0         1

 0.438713 -0.480463  0.759399   1.88142
-0.889905 -0.349745  0.292828 -0.112486
 0.124903  -0.80426 -0.581003   1.20417
        0         0         0         1

 0.431232 -0.495139  0.754239   1.88216
-0.893446 -0.350787   0.28054 -0.112059
 0.125671 -0.794849 -0.593651   1.20358
        0         0         0         1

 0.429448 -0.507965   0.74669   1.88285
-0.895096 -0.349194  0.277249  -0.11114
 0.119907 -0.787423 -0.604638   1.20507
        0         0         0         1

 0.429596 -0.517588  0.739966   1.88438
-0.895762 -0.347947  0.276665 -0.111566
  0.11427 -0.781688 -0.613113    1.2053
        0         0         0         1

 0.434761 -0.539137  0.721328   1.88601
-0.895057 -0.346994  0.280121 -0.109797
0.0992728 -0.767416 -0.633418   1.20435
        0         0         0         1

 0.434379 -0.549998  0.713314   1.88687
-0.895904  -0.34569  0.279026 -0.109228
0.0931221 -0.760264 -0.642905   1.20401
        0         0         0         1

 0.434378 -0.559674  0.705748   1.88745
-0.896536 -0.344175  0.278867 -0.108009
0.0868262 -0.753863  -0.65127   1.20447
        0         0         0         1

  0.43229 -0.568317    0.7001   1.88782
-0.897967 -0.342212  0.276671 -0.107234
0.0823457 -0.748269 -0.658265   1.20436
        0         0         0         1

 0.421968 -0.589539  0.688757   1.88848
-0.903711 -0.334224  0.267582 -0.105448
0.0724491 -0.735349 -0.673805    1.2032
        0         0         0         1

 0.419579 -0.592909  0.687322   1.88805
-0.905245 -0.329181  0.268648 -0.104083
0.0669692 -0.734914 -0.674846   1.20391
        0         0         0         1

 0.414071 -0.599362  0.685062   1.88741
-0.908345 -0.320676   0.26847 -0.102922
0.0587728 -0.733438  -0.67721   1.20411
        0         0         0         1

 0.411716 -0.601922  0.684237   1.88617
 -0.90979 -0.314863  0.270451 -0.101486
0.0526509  -0.73386 -0.677257    1.2048
        0         0         0         1

  0.406638  -0.609738   0.680342    1.88487
 -0.912555  -0.306512   0.270728 -0.0996864
 0.0434595  -0.730938  -0.681059    1.20609
         0          0          0          1

  0.401887  -0.618603   0.675142    1.88318
 -0.915022  -0.299434   0.270321 -0.0975265
 0.0349395  -0.726409  -0.686374    1.20826
         0          0          0          1

  0.393053  -0.645726   0.654636    1.87889
 -0.919506  -0.279328   0.276559 -0.0925792
0.00427707  -0.710643  -0.703539    1.21026
         0          0          0          1

  0.390971  -0.648743   0.652896    1.87728
 -0.920367   -0.26935   0.283503 -0.0904257
-0.00806306  -0.711746   -0.70239    1.21311
         0          0          0          1

  0.386005  -0.652667    0.65194    1.87456
 -0.922276  -0.257592   0.288188 -0.0870042
-0.0201565  -0.712511  -0.701371    1.21612
         0          0          0          1

  0.381632   -0.65411   0.653067    1.87191
  -0.92392  -0.249331   0.290181 -0.0836821
-0.0269801  -0.714124  -0.699499    1.21902
         0          0          0          1

  0.373354  -0.655029    0.65692    1.86867
   -0.9271  -0.238225   0.289368 -0.0792314
-0.0330495  -0.717068  -0.696219    1.22266
         0          0          0          1

  0.367997  -0.651791   0.663134    1.86523
 -0.929175  -0.231068   0.288518 -0.0742597
-0.0348242  -0.722341   -0.69066    1.22678
         0          0          0          1

  0.353568  -0.640016    0.68218    1.85667
 -0.934756   -0.21451   0.283224 -0.0615128
-0.0349331  -0.737811  -0.674103    1.23817
         0          0          0          1

  0.348597   -0.63218   0.691974    1.85302
 -0.936652  -0.208109   0.281733 -0.0555442
-0.0341003  -0.746351  -0.664679    1.24429
         0          0          0          1

  0.342097  -0.619067   0.706912    1.84833
 -0.939167  -0.200791   0.278654 -0.0479696
 -0.030564  -0.759236  -0.650098    1.25227
         0          0          0          1

  0.336334  -0.604837   0.721839    1.84527
 -0.941337  -0.193426   0.276533 -0.0419624
-0.0276353  -0.772501  -0.634412    1.26036
         0          0          0          1

  0.332814  -0.575149   0.747288    1.83521
 -0.942831  -0.188269      0.275 -0.0241634
-0.0174746  -0.796089  -0.604927    1.27945
         0          0          0          1

  0.336701  -0.565406    0.75296    1.83023
 -0.941481  -0.188827    0.27921 -0.0155632
 -0.015688  -0.802907  -0.595897    1.28952
         0          0          0          1

  0.342248  -0.557531   0.756324    1.82606
 -0.939498  -0.190647     0.2846 -0.0057258
-0.0144823  -0.807969  -0.589048    1.30217
         0          0          0          1

  0.350376  -0.552987   0.755938    1.82146
 -0.936517  -0.195531   0.291038 0.00317766
-0.0131307  -0.809922  -0.586391    1.31164
         0          0          0          1

 0.362079 -0.547776  0.754215   1.81691
-0.932077 -0.202828  0.300155 0.0145063
-0.0114414 -0.811666  -0.58401   1.32498
        0         0         0         1

 0.373646 -0.541626  0.753014   1.81215
-0.927517 -0.209407  0.309613 0.0248413
-0.0100083 -0.814119 -0.580612   1.33767
        0         0         0         1

 0.400799 -0.530521  0.746932    1.8031
-0.916165 -0.230592  0.327826 0.0488189
-0.00168211 -0.815705 -0.578466   1.36568
        0         0         0         1

 0.417743 -0.522236  0.743479   1.79757
-0.908553  -0.24434  0.338865 0.0608411
0.00469399 -0.817048  -0.57655   1.37834
        0         0         0         1

 0.439577 -0.510546  0.738996   1.79155
-0.898089 -0.263038  0.352486 0.0757515
0.0144239 -0.818629 -0.574141   1.39457
        0         0         0         1

 0.457741 -0.500276  0.734981   1.78704
-0.888797 -0.278542  0.363943 0.0877035
0.0226513  -0.81984 -0.572144    1.4083
        0         0         0         1

 0.501441 -0.470779  0.725896   1.77498
-0.863989 -0.316703  0.391437  0.118767
0.0456127 -0.823448 -0.565555   1.44436
        0         0         0         1

 0.517202 -0.462376  0.720216    1.7717
-0.854119 -0.332553  0.399862  0.131042
0.0546235 -0.821959 -0.566921   1.45817
        0         0         0         1

 0.542292 -0.447921  0.710835   1.76507
-0.837631 -0.354207  0.415826  0.149325
0.0655251 -0.820917 -0.567276   1.47629
        0         0         0         1

  0.56015 -0.433082  0.706167    1.7604
-0.824907 -0.369716  0.427596  0.163661
0.0758973  -0.82204 -0.564349   1.49214
        0         0         0         1

 0.584055 -0.412881  0.698863   1.75429
-0.807115 -0.386918  0.445937  0.182088
 0.086284 -0.824515 -0.559223   1.51371
        0         0         0         1

 0.603562 -0.394799   0.69271   1.74961
-0.791455 -0.401814  0.460591  0.197296
0.0964999 -0.826244 -0.554985   1.52919
        0         0         0         1

 0.647942 -0.344453  0.679355   1.73878
-0.751803 -0.432447  0.497777  0.234348
 0.122325 -0.833272 -0.539161   1.56823
        0         0         0         1

 0.663919 -0.323653  0.674137   1.73395
-0.735791 -0.443676  0.511629  0.250284
 0.133508 -0.835704 -0.532706   1.58479
        0         0         0         1

 0.684339  -0.29524  0.666719   1.72631
-0.713713 -0.458454   0.52956  0.271939
 0.149312 -0.838244 -0.524454   1.60567
        0         0         0         1

 0.697505 -0.275506  0.661501   1.72242
-0.698518 -0.467371  0.541883  0.287643
 0.159874 -0.840036  -0.51844   1.62365
        0         0         0         1

 0.727671 -0.233176  0.645077   1.71022
-0.659433  -0.49666  0.564337  0.330264
 0.188794 -0.836037 -0.515169   1.65895
        0         0         0         1

 0.736969 -0.218429  0.639661    1.7066
-0.646293 -0.504852  0.572215  0.346641
 0.197946 -0.835113 -0.513229   1.67636
        0         0         0         1

 0.748695 -0.200737  0.631791   1.70037
-0.628596 -0.517647  0.580438  0.369069
  0.21053 -0.831713 -0.513742    1.6974
        0         0         0         1

 0.756947 -0.183747  0.627111   1.69324
-0.615035 -0.524608  0.588657  0.387458
 0.220824 -0.831278 -0.510112   1.71701
        0         0         0         1

 0.766288 -0.168816  0.619923   1.68702
 -0.59849 -0.538497  0.593153  0.410496
 0.233693 -0.825543 -0.513679   1.73701
        0         0         0         1

 0.772376 -0.162693  0.613976   1.68384
-0.587932 -0.548917   0.59416  0.428196
 0.240356 -0.819891 -0.519623    1.7521
        0         0         0         1

 0.783844 -0.148449  0.602953   1.67443
-0.563718 -0.577316  0.590701  0.471272
 0.260405 -0.802913 -0.536209   1.78811
        0         0         0         1

 0.788805 -0.145437   0.59719   1.67135
-0.553904  -0.58934  0.588105  0.489234
 0.266416 -0.794686 -0.545432    1.8025
        0         0         0         1

 0.795847 -0.136716  0.589861   1.66361
-0.538812 -0.604342    0.5869  0.513105
 0.276239 -0.784907 -0.554628   1.82327
        0         0         0         1

 0.799952 -0.137319   0.58414   1.65958
-0.529022 -0.620841  0.578525  0.532246
 0.283216 -0.771816 -0.569288   1.83442
        0         0         0         1

 0.808221 -0.130752   0.57418   1.64432
-0.506719 -0.651181  0.564976  0.577249
 0.300023 -0.747574 -0.592553   1.86975
        0         0         0         1

  0.80985 -0.128387  0.572415   1.63855
-0.499306 -0.663077  0.557694   0.59451
 0.307955 -0.737459 -0.601098   1.88602
        0         0         0         1

 0.811538 -0.135983  0.568256   1.63561
-0.494434 -0.678055  0.543853  0.616253
 0.311354 -0.722322 -0.617502   1.90282
        0         0         0         1

 0.813547 -0.131151  0.566517   1.62795
-0.483853 -0.693043  0.534395   0.63556
 0.322534 -0.708866  -0.62728   1.91704
        0         0         0         1

 0.813167 -0.144983  0.563684   1.62895
-0.484629 -0.705002   0.51779  0.654526
 0.322328 -0.694227 -0.643547   1.93215
        0         0         0         1

 0.814525 -0.142457  0.562365     1.621
-0.477496 -0.715156   0.51044  0.671848
 0.329463 -0.684293 -0.650536   1.94819
        0         0         0         1

 0.814116 -0.155127  0.559598   1.61199
-0.469993 -0.741996  0.478067  0.710635
 0.341059  -0.65221 -0.676979   1.98017
        0         0         0         1

 0.817684 -0.164732  0.551594   1.60891
-0.463172  -0.75727   0.46045  0.730414
 0.341855 -0.631986 -0.695506   1.98478
        0         0         0         1

 0.816637 -0.168602  0.551976   1.59924
 -0.45927 -0.769042  0.444574  0.752048
 0.349536 -0.616562 -0.705462   2.00261
        0         0         0         1

 0.816351 -0.181869  0.548173   1.60065
-0.461119 -0.776738  0.429008  0.766982
 0.347763 -0.602994 -0.717954   2.01239
        0         0         0         1

 0.813373 -0.203198  0.545101   1.59293
-0.465162 -0.789877  0.399648  0.802394
 0.349355 -0.578623 -0.736985   2.04441
        0         0         0         1

 0.811767  -0.20844  0.545516   1.58223
-0.465127 -0.795615  0.388141  0.817365
 0.353116 -0.568814 -0.742805   2.05765
        0         0         0         1

 0.811402 -0.217992  0.542316   1.57309
-0.461172 -0.808814  0.364883  0.842419
 0.359091 -0.546167 -0.756805   2.06397
        0         0         0         1

 0.805123 -0.229289  0.546995   1.57312
-0.468819 -0.810936   0.35013  0.853391
 0.363297 -0.538339 -0.760399   2.07967
        0         0         0         1

 0.801317 -0.241403  0.547372   1.56447
-0.472044 -0.817227  0.330628  0.873646
 0.367512 -0.523321 -0.768811   2.09348
        0         0         0         1

 0.792501  -0.26157  0.550929   1.57005
-0.485396 -0.817441   0.31013  0.883914
 0.369231 -0.513197 -0.774788   2.10447
        0         0         0         1

 0.778161 -0.287308  0.558498   1.55851
-0.498554 -0.823387  0.271067  0.921695
  0.38198 -0.489375 -0.783966   2.12125
        0         0         0         1

 0.772267 -0.303742  0.557983   1.55961
-0.505634 -0.825616  0.250384  0.934404
 0.384627 -0.475499 -0.791178   2.12628
        0         0         0         1

 0.766742  -0.31505  0.559331   1.55047
 -0.50917 -0.829091  0.230984  0.953177
 0.390965 -0.461899 -0.796113   2.13419
        0         0         0         1

 0.756409 -0.320096  0.570424   1.53745
-0.516742 -0.827101  0.221092  0.966728
 0.401028 -0.461998 -0.791034   2.14876
        0         0         0         1

 0.731328 -0.332142  0.595685   1.50905
 -0.52258 -0.834124  0.176486   1.00507
 0.438257 -0.440363 -0.783589   2.16088
        0         0         0         1

 0.713772 -0.352853  0.604999   1.51099
 -0.53747 -0.829811  0.150132   1.02042
  0.44906 -0.432329 -0.781944   2.16225
        0         0         0         1

 0.689476 -0.381568  0.615653   1.51754
-0.552496   -0.8267  0.106376   1.03959
  0.46837  -0.41349 -0.780804   2.15425
        0         0         0         1

 0.670327 -0.388259  0.632389   1.50919
-0.559452 -0.824291 0.0869356   1.05111
 0.487519 -0.412066 -0.769757   2.16101
        0         0         0         1

 0.630995 -0.424538  0.649317   1.52064
 -0.58459 -0.810428 0.0382199   1.06314
 0.509999 -0.403701 -0.759557   2.16299
        0         0         0         1

 0.593362  -0.43578   0.67677   1.52103
-0.599902      -0.8 0.0108384   1.07238
 0.536693 -0.412427 -0.736115   2.17363
        0         0         0         1

  0.508197  -0.430392   0.745988    1.47528
 -0.597936  -0.799719 -0.0540539    1.11238
  0.619846  -0.418583  -0.663762    2.17875
         0          0          0          1

  0.454989  -0.440564   0.773879     1.4717
 -0.601873  -0.792632 -0.0973788    1.12768
  0.656303  -0.421471  -0.625803    2.17776
         0          0          0          1

 0.379142 -0.451103  0.807934   1.47255
-0.614619 -0.775467 -0.144551   1.13914
 0.691733 -0.441766 -0.571269   2.18372
        0         0         0         1

 0.333831 -0.444856  0.831059   1.45806
 -0.58561 -0.788736 -0.186965    1.1623
 0.738659 -0.424262 -0.523817   2.15459
        0         0         0         1

