 0.382751 -0.748185   0.54196   1.08138
-0.746641    -0.596 -0.295485     1.042
 0.544086 -0.291552 -0.786745   2.43214
        0         0         0         1

 0.382684 -0.752177  0.536453   1.10056
-0.755845 -0.588798 -0.286383   1.01593
 0.531274 -0.295881 -0.793853   2.44456
        0         0         0         1

 0.392541 -0.739598  0.546723   1.08975
-0.753707  -0.59935 -0.269639  0.996279
 0.527103 -0.306225 -0.792709   2.44955
        0         0         0         1

 0.402521 -0.731141  0.550827   1.08302
-0.749268 -0.608836 -0.260606  0.977724
 0.525903 -0.307818  -0.79289   2.45067
        0         0         0         1

 0.404787 -0.728497  0.552666   1.08728
-0.750047 -0.610237 -0.255031  0.957744
 0.523046 -0.311292 -0.793423   2.45246
        0         0         0         1

 0.411334 -0.726393  0.550597   1.09949
-0.758277 -0.607905 -0.235513  0.910518
 0.505786 -0.320631  -0.80086   2.46488
        0         0         0         1

 0.415253 -0.725217  0.549204   1.10352
-0.761074 -0.607663 -0.226963  0.892451
 0.498328 -0.323737 -0.804278   2.46628
        0         0         0         1

 0.416744  -0.72224  0.551991   1.10371
 -0.75813 -0.611196  -0.22733  0.879888
 0.501562 -0.323742 -0.802264   2.45881
        0         0         0         1

  0.41792  -0.71773  0.556961   1.10104
-0.762569 -0.610363 -0.214347  0.855642
 0.493792 -0.335142 -0.802402   2.46614
        0         0         0         1

 0.423026   -0.7122  0.560197   1.09255
-0.756805 -0.617687 -0.213796  0.844866
 0.498292 -0.333519 -0.800294    2.4512
        0         0         0         1

 0.427485   -0.7008  0.571084   1.07762
-0.758451 -0.621786  -0.19528  0.824347
 0.491944  -0.34966 -0.797326   2.46199
        0         0         0         1

 0.428795 -0.700905  0.569971   1.08865
-0.764509 -0.617671 -0.184415  0.789695
 0.481311 -0.356672 -0.800702   2.45434
        0         0         0         1

 0.427452 -0.696876  0.575889   1.08717
-0.768557  -0.61555 -0.174411  0.770902
 0.476031 -0.368051 -0.798707   2.45396
        0         0         0         1

 0.424944 -0.693455  0.581844   1.08603
  -0.7742 -0.611495 -0.163365  0.748129
 0.469081 -0.381043 -0.796724   2.45319
        0         0         0         1

 0.418479 -0.700244  0.578388   1.10269
-0.782409 -0.601342 -0.161941    0.7311
 0.461207 -0.384767 -0.799526   2.45014
        0         0         0         1

 0.417377 -0.688938  0.592589   1.08754
-0.790476 -0.596923 -0.137223  0.697542
 0.448268 -0.411153 -0.793731   2.44407
        0         0         0         1

 0.416747 -0.694509  0.586497   1.09672
-0.794635 -0.591662 -0.135982  0.684958
 0.441449 -0.409381 -0.798455   2.43444
        0         0         0         1

 0.413788 -0.697229  0.585364   1.10324
-0.800611 -0.584781 -0.130591   0.66683
 0.433361 -0.414612 -0.800184   2.42735
        0         0         0         1

 0.412309   -0.6905  0.594316   1.09701
-0.802822 -0.583756 -0.121269  0.651104
 0.430672  -0.42713 -0.795036   2.42376
        0         0         0         1

 0.400035 -0.693083  0.599674   1.10669
 -0.81675 -0.566442  -0.10983  0.613218
 0.415801 -0.445848 -0.792672   2.41472
        0         0         0         1

 0.394753 -0.693478  0.602709   1.10772
-0.816727 -0.565336  -0.11555  0.605616
 0.420864 -0.446635 -0.789551   2.39935
        0         0         0         1

 0.389526 -0.690702  0.609262   1.10648
-0.820027 -0.561258 -0.112004  0.585052
 0.419314 -0.455983 -0.785019   2.39547
        0         0         0         1

  0.38456 -0.687169   0.61637   1.10625
-0.823119 -0.557506 -0.107991   0.57082
 0.417838 -0.465817 -0.780017   2.38597
        0         0         0         1

 0.376987 -0.684707  0.623744   1.11247
-0.829715 -0.548949 -0.101128  0.551301
 0.411647 -0.479406 -0.775059   2.37876
        0         0         0         1

  0.373775  -0.675653   0.635441    1.10625
 -0.832799  -0.546082 -0.0907758   0.542333
  0.408336  -0.495265  -0.766795    2.36669
         0          0          0          1

  0.367479   -0.65535   0.659906    1.10637
 -0.849708  -0.525042 -0.0482442   0.509841
  0.378095  -0.542998  -0.749798    2.35019
         0          0          0          1

  0.363167   -0.64639   0.671036     1.1086
 -0.857943  -0.512884 -0.0297238   0.498306
  0.363377  -0.564916  -0.740828    2.33875
         0          0          0          1

   0.359965   -0.633239    0.685152     1.11312
   -0.86634   -0.499413 -0.00641567    0.483413
   0.346237   -0.591265   -0.728372     2.32637
          0           0           0           1

  0.357138  -0.619018   0.699478    1.11355
 -0.870729  -0.491672 0.00945982   0.474106
  0.338058  -0.612434  -0.714592    2.31366
         0          0          0          1

 0.348835 -0.593649  0.725186   1.12116
-0.882816 -0.467869 0.0416546  0.451299
 0.314563 -0.654736 -0.687292   2.28655
        0         0         0         1

 0.349556 -0.585245  0.731641    1.1231
-0.885859 -0.460718 0.0547057  0.440897
 0.305063 -0.667253 -0.679492     2.275
        0         0         0         1

 0.349787  -0.57706  0.738005   1.12437
-0.891953 -0.446033 0.0739914  0.427133
 0.286477 -0.684147 -0.670727   2.26561
        0         0         0         1

 0.351411 -0.572777  0.740565   1.12398
-0.894771 -0.438235 0.0856394  0.418188
  0.27549 -0.692731 -0.666505    2.2538
        0         0         0         1

 0.352233 -0.571921  0.740836   1.12381
-0.899316 -0.426014 0.0987026  0.406119
 0.259157 -0.701012 -0.664394   2.24187
        0         0         0         1

 0.354062 -0.571105  0.740594   1.12083
-0.901595 -0.418877  0.108019  0.398739
 0.248528 -0.705961 -0.663214   2.22901
        0         0         0         1

 0.349324 -0.579732  0.736127    1.1232
-0.909444 -0.398906  0.117415  0.377396
 0.225576 -0.710482 -0.666581   2.20208
        0         0         0         1

 0.344546 -0.583425  0.735461   1.12452
-0.913516 -0.388859  0.119488   0.36701
 0.216278 -0.713024 -0.666948   2.19296
        0         0         0         1

 0.340598 -0.586849  0.734576   1.12468
-0.917037 -0.379739  0.121828  0.356341
 0.207452 -0.715127   -0.6675   2.17762
        0         0         0         1

  0.33536 -0.591705  0.733089   1.12694
-0.921657 -0.367252  0.125198  0.345661
 0.195148 -0.717643  -0.66851    2.1679
        0         0         0         1

 0.325953 -0.599407  0.731072   1.12617
-0.929975 -0.342357  0.133936  0.322092
 0.170005 -0.723535 -0.669025   2.14282
        0         0         0         1

 0.323742 -0.597363  0.733722   1.12238
-0.931652 -0.336482  0.137127  0.314789
 0.164969 -0.727968 -0.665468   2.12821
        0         0         0         1

 0.318042 -0.599865  0.734174   1.12227
  -0.9355 -0.324278  0.140301  0.304522
 0.153915 -0.731441 -0.664308   2.11254
        0         0         0         1

 0.313191 -0.598005  0.737768   1.12149
-0.938662 -0.312968  0.144794  0.295545
  0.14431 -0.737862 -0.659343   2.09958
        0         0         0         1

  0.30923 -0.588142  0.747305   1.11689
-0.941333 -0.300993  0.152631  0.284951
 0.135165 -0.750661 -0.646714   2.08382
        0         0         0         1

 0.302088 -0.582974  0.754244   1.11602
-0.945434 -0.284524  0.158747  0.274913
 0.122055 -0.761044 -0.637114   2.07185
        0         0         0         1

 0.288981 -0.564363  0.773295   1.11459
-0.952669 -0.249179  0.174159  0.253397
0.0943999 -0.787022 -0.609659   2.04182
        0         0         0         1

 0.283196 -0.555233  0.781995   1.11262
-0.955675 -0.231841  0.181481  0.243554
0.0805349 -0.798728 -0.596278    2.0294
        0         0         0         1

 0.273808 -0.545849  0.791882    1.1113
-0.959356  -0.21347  0.184569  0.233147
0.0682964 -0.810234 -0.582114   2.01254
        0         0         0         1

 0.267982 -0.534754  0.801388   1.10818
-0.961749 -0.197511   0.18981  0.223835
0.0567816   -0.8216 -0.567229   2.00088
        0         0         0         1

 0.254894 -0.523135   0.81324   1.10286
 -0.96658 -0.161686  0.198947   0.20324
0.0274136 -0.836772 -0.546865   1.97088
        0         0         0         1

 0.250532 -0.523148  0.814585   1.10024
-0.968022 -0.146592  0.203578  0.194596
0.0129099  -0.83954 -0.543145   1.95738
        0         0         0         1

 0.243854  -0.52656  0.814414   1.09876
-0.969801 -0.128335  0.207405  0.184259
-0.00469307 -0.840396 -0.541953    1.9411
        0         0         0         1

 0.239063 -0.531734   0.81247   1.09663
-0.970723 -0.110733  0.213157  0.174741
-0.0233759 -0.839641 -0.542638   1.92906
        0         0         0         1

  0.234224  -0.537903   0.809814    1.09285
 -0.971033 -0.0889446   0.221773   0.163362
-0.0472641  -0.838301  -0.543155    1.91465
         0          0          0          1

  0.224231   -0.54208   0.809858    1.09231
 -0.972726 -0.0738715   0.219879    0.15545
-0.0593667  -0.837074   -0.54386     1.9001
         0          0          0          1

  0.199043  -0.533709    0.82191    1.08646
 -0.976485 -0.0371351   0.212363   0.135933
-0.0828185  -0.844852  -0.528551    1.87114
         0          0          0          1

  0.189783  -0.528399   0.827513    1.08308
 -0.977358 -0.0213528   0.210514   0.127662
-0.0935655  -0.848728  -0.520487    1.85865
         0          0          0          1

   0.181931   -0.523322    0.832487     1.07889
  -0.977375 -0.00335629    0.211485      0.1183
  -0.107881   -0.852128   -0.512093     1.84284
          0           0           0           1

 0.174938 -0.523086  0.834133   1.07606
-0.977215 0.0111798  0.211957  0.110657
-0.120197 -0.852207 -0.509212   1.83008
        0         0         0         1

 0.166539 -0.524406  0.835023   1.07184
-0.976627 0.0289743  0.212977  0.101479
-0.135881 -0.850975 -0.507324    1.8151
        0         0         0         1

 0.158688 -0.526334  0.835338   1.06902
 -0.97613 0.0434301  0.212799 0.0943753
-0.148282 -0.849168 -0.506879   1.80262
        0         0         0         1

 0.137666 -0.533216  0.834703   1.06449
-0.974094  0.079762  0.211608 0.0783657
-0.179411 -0.842211 -0.508422   1.77426
        0         0         0         1

 0.131205   -0.5345  0.834922   1.06153
-0.972107 0.0957895  0.214086 0.0717046
-0.194406 -0.839722 -0.507024   1.76225
        0         0         0         1

 0.121825 -0.537204  0.834608   1.05873
-0.969997  0.113803  0.214838 0.0640934
-0.210393  -0.83574 -0.507222   1.74784
        0         0         0         1

 0.113692 -0.538214  0.835105   1.05624
-0.968313  0.128097  0.214384 0.0582162
-0.222359 -0.833017 -0.506596   1.73623
        0         0         0         1

0.0958748 -0.541324   0.83533   1.04987
-0.964653  0.156418  0.212082 0.0461445
-0.245465 -0.826137 -0.507193   1.71001
        0         0         0         1

0.0895268 -0.542981  0.834959   1.04707
-0.962383  0.168755  0.212932 0.0410401
-0.256521 -0.822614 -0.507448   1.69974
        0         0         0         1

0.0805406 -0.544532  0.834864   1.04436
-0.960378  0.181809  0.211232  0.035419
-0.266809 -0.818798 -0.508314   1.68754
        0         0         0         1

 0.074725 -0.544657  0.835323    1.0421
-0.958486   0.19192  0.210881 0.0307661
-0.275173 -0.816404 -0.507705   1.67787
        0         0         0         1

0.0674219 -0.543073  0.836974   1.03898
-0.957153  0.201583    0.2079 0.0256631
-0.281625 -0.815129 -0.506213   1.66648
        0         0         0         1

0.0610767 -0.539386   0.83984   1.03685
-0.956075  0.210058   0.20444 0.0213889
-0.286688 -0.815437 -0.502864   1.65819
        0         0         0         1

0.0505537 -0.528723  0.847288    1.0326
-0.954683  0.223563  0.196469 0.0128168
  -0.2933 -0.818823 -0.493461    1.6387
        0         0         0         1

 0.0494657  -0.522901   0.850957    1.03078
 -0.953802   0.228057   0.195582 0.00916054
 -0.296337  -0.821319  -0.487463     1.6305
         0          0          0          1

 0.0481162  -0.515922   0.855283    1.02865
 -0.952635   0.233722   0.194578 0.00485021
 -0.300285  -0.824135   -0.48024    1.62132
         0          0          0          1

 0.0476223  -0.509754   0.859001    1.02667
 -0.951792   0.237733   0.193843 0.00130858
 -0.303025  -0.826822  -0.473858    1.61429
         0          0          0          1

   0.046696   -0.495514    0.867344     1.02219
  -0.951405    0.242517    0.189772 -0.00593108
  -0.304381   -0.834057    -0.46011     1.59816
          0           0           0           1

  0.0468794   -0.488779    0.871147     1.02077
  -0.950876    0.245323    0.188815 -0.00905966
  -0.306002   -0.837205   -0.453268      1.5915
          0           0           0           1

 0.0497883  -0.481371   0.875102    1.01885
 -0.949708   0.248394   0.190668 -0.0128044
 -0.309152  -0.840585  -0.444795    1.58419
         0          0          0          1

 0.0536536  -0.476631   0.877464    1.01745
 -0.948273   0.251021   0.194336 -0.0158781
 -0.312889  -0.842503  -0.438509    1.57826
         0          0          0          1

  0.058696  -0.473677    0.87874    1.01638
 -0.946414   0.253629   0.199933 -0.0194409
 -0.317578  -0.843387  -0.433408    1.57139
         0          0          0          1

 0.0629692  -0.472372   0.879147     1.0154
 -0.944988   0.255097    0.20475 -0.0223041
 -0.320986  -0.843677  -0.430323    1.56612
         0          0          0          1

 0.0744699  -0.471168   0.878894    1.01393
 -0.942574   0.254497     0.2163 -0.0283369
  -0.32559   -0.84453  -0.425158    1.55431
         0          0          0          1

 0.0823818  -0.471316   0.878108    1.01375
 -0.941057   0.253253   0.224219 -0.0308736
 -0.328062  -0.844822  -0.422672    1.54923
         0          0          0          1

 0.0939794  -0.471823    0.87667    1.01344
 -0.938191   0.252663   0.236558 -0.0338947
 -0.333116  -0.844715  -0.418915     1.5441
         0          0          0          1

  0.103478  -0.472091   0.875456    1.01293
 -0.936047   0.251395   0.246205 -0.0361661
 -0.336317  -0.844944  -0.415885    1.53984
         0          0          0          1

  0.122359  -0.470509   0.873871    1.01276
 -0.932369    0.24729   0.263696 -0.0406143
  -0.34017  -0.847036   -0.40843    1.53053
         0          0          0          1

  0.130616  -0.468458   0.873777    1.01229
 -0.930861   0.245388   0.270708 -0.0422145
  -0.34123  -0.848724  -0.404018    1.52655
         0          0          0          1

  0.137037  -0.465815   0.874206    1.01237
  -0.92963   0.244281   0.275889 -0.0439752
 -0.342066  -0.850496   -0.39956    1.52211
         0          0          0          1

  0.140716  -0.462673    0.87529    1.01222
 -0.929363    0.24304   0.277878 -0.0452522
 -0.341297  -0.852564  -0.395792    1.51847
         0          0          0          1

  0.144977  -0.458207   0.876942    1.01132
 -0.929239   0.241372   0.279741 -0.0465262
 -0.339848  -0.855445   -0.39079    1.51441
         0          0          0          1

  0.146396  -0.454504   0.878632    1.01058
 -0.929841   0.239885   0.279017 -0.0473711
 -0.337585  -0.857835  -0.387499    1.51093
         0          0          0          1

  0.143597  -0.446815   0.883027     1.0095
 -0.931893   0.239277   0.272619 -0.0492696
 -0.333099  -0.862034  -0.382024    1.50411
         0          0          0          1

  0.141679  -0.443682   0.884914    1.00873
 -0.933038   0.238788   0.269109 -0.0500375
 -0.330706  -0.863786  -0.380141    1.50156
         0          0          0          1

  0.140481  -0.439927   0.886978    1.00756
 -0.934121   0.238029   0.266006 -0.0510528
  -0.32815  -0.865914  -0.377507    1.49848
         0          0          0          1

  0.138579  -0.436035   0.889196    1.00693
 -0.935291   0.237586   0.262268 -0.0518489
 -0.325618  -0.868001  -0.374895    1.49601
         0          0          0          1

  0.136536  -0.422097    0.89621    1.00483
 -0.937828   0.236355   0.254195 -0.0536889
 -0.319118  -0.875198  -0.363583    1.49093
         0          0          0          1

  0.137301  -0.415642   0.899105    1.00406
 -0.938669   0.235258   0.252099 -0.0545572
 -0.316305  -0.878575   -0.35785    1.48874
         0          0          0          1

  0.141254   -0.40903   0.901522     1.0028
 -0.938557   0.234331   0.253375 -0.0557773
 -0.314893   -0.88192  -0.350798     1.4864
         0          0          0          1

  0.145835  -0.403893   0.903107    1.00182
 -0.938073   0.233512   0.255914 -0.0568494
 -0.314248  -0.884501  -0.344827    1.48464
         0          0          0          1

  0.151887  -0.397711   0.904852    1.00056
 -0.937476   0.232088   0.259374 -0.0581472
 -0.313161  -0.887672  -0.337593    1.48261
         0          0          0          1

  0.156203  -0.392665   0.906319   0.999579
 -0.937303   0.230499   0.261407 -0.0592018
 -0.311551  -0.890328  -0.332042    1.48093
         0          0          0          1

  0.164878  -0.381485   0.909552   0.996991
 -0.937354   0.226328   0.264845 -0.0615967
 -0.306891  -0.896239   -0.32027    1.47774
         0          0          0          1

  0.165945  -0.377194   0.911146   0.996059
 -0.937751   0.225503   0.264143 -0.0625822
   -0.3051  -0.898261  -0.316293    1.47667
         0          0          0          1

  0.167529  -0.370787   0.913483   0.994751
  -0.93829   0.224402   0.263164 -0.0637256
 -0.302566    -0.9012  -0.310312     1.4753
         0          0          0          1

  0.168815  -0.364616   0.915728   0.993649
 -0.938498   0.224449   0.262382 -0.0647186
 -0.301203  -0.903702    -0.3043    1.47425
         0          0          0          1

 0.170021 -0.349209  0.921491  0.991097
-0.938353   0.22823  0.259623 -0.066946
-0.300975 -0.908826 -0.288877     1.472
        0         0         0         1

  0.169166  -0.343392   0.923832   0.989916
 -0.938093    0.23137   0.257779 -0.0678421
 -0.302266  -0.910247  -0.282993    1.47115
         0          0          0          1

  0.167433  -0.336424   0.926707   0.988482
 -0.937838   0.235509   0.254941 -0.0688342
 -0.304016  -0.911786   -0.27608    1.47005
         0          0          0          1

  0.165409  -0.331223   0.928941   0.987272
  -0.93747   0.239685    0.25239 -0.0696269
 -0.306251  -0.912602  -0.270866    1.46915
         0          0          0          1

  0.162996  -0.325279   0.931465   0.985884
 -0.937112   0.244284   0.249291 -0.0705233
 -0.308631   -0.91352  -0.265005     1.4679
         0          0          0          1

  0.162115  -0.321106   0.933065   0.984669
 -0.936704   0.247294   0.247851 -0.0711836
 -0.310328  -0.914186  -0.260691     1.4671
         0          0          0          1

 0.164846  -0.31643  0.934183  0.982378
-0.936338  0.247475  0.249052 -0.072425
-0.309995 -0.915766  -0.25549   1.46502
        0         0         0         1

  0.166863  -0.317946    0.93331   0.982155
 -0.936149   0.246032   0.251185 -0.0727954
 -0.309487   -0.91563  -0.256591    1.46417
         0          0          0          1

  0.170157  -0.322235   0.931242   0.982502
 -0.935828   0.243168   0.255138 -0.0730636
 -0.308663  -0.914895   -0.26018    1.46344
         0          0          0          1

  0.174919  -0.326972   0.928705   0.982803
 -0.935455   0.239041   0.260351 -0.0730615
 -0.307126  -0.914302  -0.264055    1.46283
         0          0          0          1

  0.188475  -0.335784    0.92289   0.984449
  -0.93437   0.228025   0.273784 -0.0725002
 -0.302374  -0.913922  -0.270769    1.46242
         0          0          0          1

  0.195044  -0.337645   0.920844   0.984924
 -0.934043    0.22247   0.279413 -0.0719195
 -0.299203  -0.914605  -0.271984    1.46271
         0          0          0          1

  0.203284  -0.338594   0.918711   0.985133
 -0.934163   0.213985   0.285568 -0.0709332
 -0.293282  -0.916277  -0.272802    1.46341
         0          0          0          1

 0.209599 -0.339451  0.916974  0.984876
-0.934888  0.205162  0.289642 -0.069819
-0.286447 -0.917977 -0.274347   1.46419
        0         0         0         1

 0.216077  -0.34066   0.91502  0.984016
-0.936398  0.193121  0.293024 -0.068117
-0.276531 -0.920139 -0.277264   1.46518
        0         0         0         1

  0.221407  -0.340326   0.913869   0.982792
 -0.937277   0.184471   0.295775 -0.0664743
 -0.269242  -0.922035  -0.278137    1.46624
         0          0          0          1

  0.236263  -0.325595   0.915515   0.977283
  -0.93917   0.165193   0.301117 -0.0604789
 -0.249279  -0.930967   -0.26676    1.46909
         0          0          0          1

  0.246117  -0.314544   0.916781   0.973943
 -0.940043   0.152947   0.304837 -0.0572683
 -0.236104   -0.93684  -0.258043    1.47029
         0          0          0          1

  0.257835  -0.302513   0.917609   0.970171
 -0.941292   0.135561   0.309181 -0.0532875
 -0.217923  -0.943456    -0.2498    1.47187
         0          0          0          1

  0.267065  -0.294076   0.917712   0.966918
 -0.942334   0.119627   0.312564 -0.0495786
 -0.201701  -0.948266   -0.24517    1.47367
         0          0          0          1

  0.289745  -0.276193   0.916387   0.957695
 -0.943476  0.0785765   0.321993 -0.0398161
 -0.160939  -0.957885  -0.237814    1.47911
         0          0          0          1

  0.297027  -0.270452   0.915768   0.953237
 -0.944143  0.0601576   0.323997 -0.0350309
 -0.142716  -0.960852  -0.237477    1.48232
         0          0          0          1

  0.304541  -0.264953   0.914907   0.947032
 -0.944875  0.0372586   0.325306 -0.0287715
 -0.120279  -0.963541  -0.239001    1.48662
         0          0          0          1

  0.308212    -0.2613   0.914728   0.941586
 -0.945897  0.0183247   0.323949 -0.0231832
  -0.10141  -0.965084  -0.241515    1.49058
         0          0          0          1

   0.312349    -0.25764    0.914363    0.934364
  -0.946621 -0.00369297    0.322328  -0.0161604
 -0.0796678   -0.966234   -0.245041     1.49551
          0           0           0           1

   0.315793   -0.255177    0.913871    0.927512
  -0.946784  -0.0215524    0.321148 -0.00997853
 -0.0622535   -0.966654   -0.248404     1.50015
          0           0           0           1

  0.325127  -0.250362   0.911927   0.910553
 -0.945332 -0.0602671   0.320491 0.00547463
-0.0252796  -0.966275   -0.25627    1.51037
         0          0          0          1

  0.329598  -0.248966   0.910704   0.902952
 -0.944046 -0.0746939   0.321245  0.0126579
-0.0119552  -0.965628  -0.259654    1.51503
         0          0          0          1

  0.336219  -0.247073   0.908797   0.892949
 -0.941778 -0.0917059   0.323489   0.021688
0.00341659  -0.964647  -0.263521    1.52021
         0          0          0          1

 0.341263 -0.246288  0.907128  0.884599
-0.939859 -0.104098  0.325314 0.0294218
0.0143092  -0.96359 -0.267001   1.52483
        0         0         0         1

 0.353573 -0.245598  0.902589  0.864613
-0.934789 -0.127846  0.331399 0.0477872
0.0340011 -0.960904 -0.274785   1.53479
        0         0         0         1

 0.357929 -0.245252  0.900965  0.855894
-0.932781 -0.137842  0.333046  0.056289
0.0425105  -0.95961 -0.278104   1.53842
        0         0         0         1

  0.36503 -0.245632  0.898008  0.844137
-0.929694 -0.147168  0.337655 0.0661393
0.0492194 -0.958127 -0.282083   1.54343
        0         0         0         1

 0.368909 -0.246932  0.896064  0.835019
-0.927912 -0.153567  0.339702 0.0747497
0.0537224 -0.956787 -0.285783    1.5472
        0         0         0         1

 0.374211 -0.246147  0.894079  0.823622
-0.925442 -0.160842  0.343057 0.0849901
0.0593633 -0.955794 -0.287983   1.55117
        0         0         0         1

 0.378205 -0.246733  0.892235  0.813828
-0.923715 -0.164008  0.346196 0.0935105
0.0609158 -0.955104  -0.28994    1.5548
        0         0         0         1

 0.390267 -0.249176  0.886343   0.78913
 -0.91861 -0.170235  0.356617  0.112709
 0.062026 -0.953379 -0.295332   1.56193
        0         0         0         1

 0.393136 -0.251561  0.884399  0.779144
-0.917423  -0.17162     0.359  0.121324
0.0614701 -0.952504 -0.298258   1.56397
        0         0         0         1

 0.399055  -0.25404  0.881033  0.766061
-0.915052  -0.17174  0.364944  0.131237
0.0585984 -0.951824 -0.300994    1.5665
        0         0         0         1

  0.40326 -0.257184  0.878201  0.755624
-0.913444 -0.170596  0.369483  0.139472
0.0547923 -0.951185 -0.303718   1.56811
        0         0         0         1

 0.412188 -0.264414  0.871887  0.731536
-0.910058 -0.165212   0.38013  0.157964
0.0435346 -0.950153  -0.30873   1.57062
        0         0         0         1

 0.415925 -0.267898  0.869044   0.72184
-0.908668 -0.160728  0.385342  0.165931
0.0364476 -0.949946 -0.310281   1.57111
        0         0         0         1

 0.420851 -0.271892  0.865425  0.710152
-0.906768 -0.153048  0.392872  0.175066
0.0256328  -0.95008 -0.310953   1.57169
        0         0         0         1

 0.427654 -0.273681  0.861516  0.699032
-0.903826 -0.144771  0.402666   0.18209
0.0145202 -0.950863 -0.309272   1.57129
        0         0         0         1

 0.434992 -0.274355   0.85762  0.686692
-0.900434 -0.132051  0.414464  0.190659
-0.000460223 -0.952519 -0.304479   1.57072
        0         0         0         1

 0.438031 -0.274673  0.855969  0.677299
 -0.89883 -0.117624   0.42222   0.19756
-0.0152896 -0.954316 -0.298407   1.57085
        0         0         0         1

  0.440861  -0.272191   0.855309   0.655624
 -0.896272 -0.0821739   0.435825   0.212919
-0.0483435  -0.958728  -0.280185      1.568
         0          0          0          1

  0.446169  -0.257692   0.857046    0.64437
  -0.89325 -0.0692572   0.444193   0.218712
-0.0551082  -0.963742  -0.261084    1.56515
         0          0          0          1

  0.451291  -0.238579   0.859893    0.63243
  -0.88997 -0.0495999   0.453314   0.224986
-0.0655004  -0.969856  -0.234712    1.56376
         0          0          0          1

  0.452311  -0.227578   0.862336   0.623014
 -0.889095 -0.0389744   0.456061   0.230885
-0.0701803   -0.97298  -0.219967    1.56031
         0          0          0          1

  0.446733  -0.216983   0.867956   0.604121
 -0.890717 -0.0168037   0.454247   0.244047
-0.0839789  -0.976031  -0.200777    1.55372
         0          0          0          1

   0.443514   -0.221405     0.86849    0.596332
  -0.891505 -0.00921625    0.452918     0.24859
 -0.0922738   -0.975138   -0.201471      1.5511
          0           0           0           1

   0.441129    -0.23057    0.867319    0.585934
  -0.891594 -0.00243204    0.452829    0.253489
  -0.102299   -0.973053   -0.206648     1.54741
          0           0           0           1

  0.438581  -0.238872   0.866364   0.578173
    -0.892 0.00171214   0.452031   0.257742
 -0.109461   -0.97105  -0.212323    1.54311
         0          0          0          1

  0.435558  -0.251485   0.864318   0.569027
 -0.892133 0.00734574   0.451712   0.261462
 -0.119948  -0.967833  -0.221159    1.53936
         0          0          0          1

  0.43068 -0.263728  0.863112  0.562611
-0.893234  0.012164  0.449428  0.264695
-0.129026  -0.96452 -0.230332   1.53685
        0         0         0         1

 0.418772 -0.289638  0.860663  0.547367
-0.895622 0.0247872  0.444124  0.270096
-0.149969 -0.956815 -0.249026   1.53108
        0         0         0         1

 0.412481 -0.298638  0.860624  0.540192
-0.896961 0.0318756  0.440958  0.271261
 -0.15912 -0.953834 -0.254719   1.52848
        0         0         0         1

 0.404835 -0.308486  0.860782  0.532065
-0.899049 0.0374283  0.436246  0.272618
-0.166793 -0.950492 -0.262191   1.52427
        0         0         0         1

 0.399893 -0.314253  0.861005  0.526114
-0.900082 0.0426933  0.433624  0.273567
-0.173027 -0.948379 -0.265781     1.522
        0         0         0         1

 0.389224 -0.323382  0.862513  0.514516
-0.902253 0.0548146   0.42771  0.276074
-0.185592 -0.944679 -0.270437   1.51346
        0         0         0         1

 0.384959 -0.326929   0.86309  0.511664
-0.903245  0.058677  0.425096  0.277551
 -0.18962 -0.943226 -0.272708   1.50926
        0         0         0         1

 0.383074  -0.33564  0.860581  0.507121
-0.901639 0.0666092  0.427329  0.277531
-0.200751 -0.939632  -0.27711   1.50787
        0         0         0         1

 0.381344 -0.339983  0.859645  0.504808
-0.901617 0.0685416  0.427071  0.278678
-0.204118 -0.937931 -0.280396   1.50305
        0         0         0         1

 0.380686 -0.346914  0.857163  0.501785
 -0.89959 0.0756305  0.430138   0.27898
-0.214049 -0.934842 -0.283289   1.50005
        0         0         0         1

 0.378209 -0.352594  0.855941  0.499866
-0.899274 0.0794905  0.430101  0.279358
 -0.21969 -0.932394 -0.287015   1.49682
        0         0         0         1

 0.372922 -0.354675    0.8574  0.494702
-0.899547 0.0883405  0.427797  0.279831
-0.227472 -0.930807 -0.286103   1.48828
        0         0         0         1

 0.371215 -0.352501  0.859036  0.492172
-0.899377  0.093569  0.427043  0.279367
-0.230912 -0.931122 -0.282297   1.48462
        0         0         0         1

 0.367108 -0.351803  0.861084  0.490896
-0.900287 0.0984086  0.424027  0.279645
-0.233912 -0.930887 -0.280597   1.48039
        0         0         0         1

 0.363914 -0.353418  0.861779  0.490154
-0.900421  0.103272  0.422584  0.279762
-0.238346 -0.929748 -0.280642   1.47842
        0         0         0         1

 0.356799 -0.359566   0.86221   0.48936
-0.900113  0.114657  0.420298  0.279388
-0.249983 -0.926049 -0.282741   1.46974
        0         0         0         1

 0.358598  -0.36219  0.860364  0.487527
-0.897818  0.118541  0.424112  0.278717
-0.255598 -0.924536 -0.282672    1.4676
        0         0         0         1

 0.353622 -0.361328  0.862782  0.485486
-0.899189  0.122807  0.419974  0.278456
-0.257704 -0.924316 -0.281475   1.46417
        0         0         0         1

 0.343202 -0.363303  0.866154  0.488327
-0.902766  0.126968  0.410966  0.280031
-0.259279 -0.922979 -0.284402   1.46252
        0         0         0         1

 0.339543 -0.366438  0.866276   0.48757
-0.903748  0.128143  0.408435  0.279604
-0.260674 -0.921576 -0.287657   1.45959
        0         0         0         1

 0.337077 -0.368881  0.866202  0.486907
-0.904188  0.129531  0.407021  0.279089
-0.262343 -0.920407 -0.289876    1.4582
        0         0         0         1

 0.327056 -0.380342  0.865086  0.487994
-0.906655  0.131849   0.40074  0.278925
-0.266479 -0.915399 -0.301717   1.45684
        0         0         0         1

 0.323703 -0.384037  0.864715  0.488341
-0.907829  0.131428  0.398212  0.278945
-0.266576 -0.913916 -0.306097   1.45551
        0         0         0         1

 0.317065 -0.388214  0.865309  0.490729
-0.910331  0.131344  0.392488   0.27967
-0.266022 -0.912162 -0.311758   1.45333
        0         0         0         1

 0.314113 -0.393933    0.8638  0.491584
-0.910172  0.133841  0.392013  0.279944
-0.270039 -0.909342 -0.316506   1.45352
        0         0         0         1

 0.309136 -0.398641  0.863435  0.493787
-0.909999  0.139775   0.39034  0.280341
-0.276292 -0.906393 -0.319554   1.45162
        0         0         0         1

 0.306203 -0.398405  0.864589  0.494902
-0.909978  0.144259  0.388753  0.280856
-0.279605 -0.905794 -0.318367   1.45123
        0         0         0         1

 0.306206 -0.396745  0.865351  0.493983
-0.909274  0.147272   0.38927  0.280666
-0.281883 -0.906038 -0.315654   1.44958
        0         0         0         1

 0.303222 -0.394435  0.867455  0.493561
-0.909569  0.151643  0.386895  0.280718
-0.284148 -0.906325 -0.312784   1.44902
        0         0         0         1

 0.297443 -0.389436  0.871704  0.494175
-0.910724  0.158296  0.381477  0.281593
-0.286548 -0.907349 -0.307585   1.44927
        0         0         0         1

 0.294198 -0.385462  0.874567  0.493456
-0.911076  0.163371  0.378484  0.281813
 -0.28877 -0.908146 -0.303121   1.45021
        0         0         0         1

 0.283148 -0.378251  0.881336  0.493165
-0.913424  0.173787  0.368042  0.282443
-0.292377 -0.909244 -0.296296   1.45326
        0         0         0         1

 0.278205 -0.372931  0.885169  0.493706
-0.914329  0.179524  0.363006  0.283042
-0.294285 -0.910326 -0.291037   1.45466
        0         0         0         1

 0.274045 -0.366238  0.889252  0.493915
-0.915373  0.184243  0.357976  0.283665
-0.294943 -0.912099 -0.284753   1.45624
        0         0         0         1

 0.272343 -0.362747  0.891203  0.493264
-0.915301  0.187973  0.356218  0.283729
-0.296739 -0.912732  -0.28083   1.45854
        0         0         0         1

 0.263095 -0.359356  0.895346  0.493923
-0.917176  0.194725  0.347664  0.285233
-0.299281 -0.912659 -0.278361   1.46332
        0         0         0         1

 0.259294 -0.355502  0.897989  0.494226
-0.918382  0.196996  0.343171  0.286363
-0.298899  -0.91368 -0.275406   1.46604
        0         0         0         1

 0.251147 -0.351518  0.901865  0.492748
-0.919485  0.204485  0.335756  0.287679
-0.302443 -0.913576  -0.27186   1.47479
        0         0         0         1

 0.246802 -0.352624  0.902632   0.49232
-0.919142   0.20993  0.333328  0.288506
-0.307029 -0.911913   -0.2723   1.48074
        0         0         0         1

 0.238262 -0.351786   0.90525  0.494013
-0.921206  0.213344  0.325368  0.290863
-0.307589 -0.911445 -0.273235   1.48473
        0         0         0         1

 0.235363 -0.350464  0.906521  0.492125
-0.921607  0.215697  0.322669  0.292192
-0.308617   -0.9114 -0.272223   1.48866
        0         0         0         1

 0.226982 -0.351543  0.908238  0.488014
-0.921836  0.223281  0.316803  0.295084
-0.314162 -0.909155 -0.273385   1.50312
        0         0         0         1

 0.220369 -0.350492  0.910271  0.488374
-0.924269  0.223194  0.309696  0.298272
-0.311713 -0.909582 -0.274763   1.50758
        0         0         0         1

 0.211006 -0.350814  0.912363  0.489687
 -0.92689  0.224591  0.300723   0.30276
-0.310406 -0.909114 -0.277776   1.51576
        0         0         0         1

 0.207993 -0.352893  0.912253  0.487261
-0.928285  0.222714  0.297802  0.305263
-0.308264 -0.908771 -0.281262   1.52234
        0         0         0         1

 0.202982 -0.356581  0.911948  0.486726
-0.930149  0.220809  0.293372  0.309072
-0.305977 -0.907796 -0.286853   1.53149
        0         0         0         1

 0.199274 -0.361213  0.910942  0.486163
-0.931599  0.218545  0.290452  0.312705
-0.303997 -0.906512 -0.292955   1.54061
        0         0         0         1

  0.19895 -0.371066  0.907044  0.482228
-0.934481  0.206998   0.28965  0.322197
-0.295236 -0.905241 -0.305572   1.55948
        0         0         0         1

 0.197571 -0.376865  0.904952  0.484191
-0.936261  0.201008  0.288115  0.328011
-0.290484 -0.904195  -0.31313    1.5698
        0         0         0         1

 0.198241 -0.383742   0.90191  0.484414
-0.938127  0.192272  0.288009   0.33392
-0.283934 -0.903202 -0.321882   1.58288
        0         0         0         1

 0.201906 -0.387229  0.899604  0.484155
-0.940015  0.181256  0.288996   0.34056
-0.274966 -0.903991 -0.327404   1.59264
        0         0         0         1

 0.207197 -0.398269  0.893561  0.487157
-0.946074  0.150929  0.286645   0.35777
-0.249026 -0.904766  -0.34552   1.61804
        0         0         0         1

 0.212071 -0.402807  0.890378  0.488582
-0.948001   0.13646   0.28753  0.366192
 -0.23732 -0.905055 -0.352922    1.6303
        0         0         0         1

 0.217619 -0.407027  0.887114   0.48944
-0.950321  0.118887  0.287673  0.376418
-0.222556 -0.905646 -0.360934   1.64574
        0         0         0         1

 0.223108 -0.409746  0.884495  0.490567
-0.951978  0.103579  0.288114  0.385558
-0.209669   -0.9063  -0.36696   1.65794
        0         0         0         1

 0.228362  -0.41255  0.881847   0.49338
-0.953964 0.0860761  0.287306  0.398097
-0.194434 -0.906859 -0.373901   1.67504
        0         0         0         1

 0.239444 -0.413478  0.878466  0.490552
 -0.95385 0.0686872  0.292321  0.406698
-0.181208 -0.907919  -0.37795   1.68876
        0         0         0         1

 0.250393 -0.411835  0.876182  0.492951
-0.956943 0.0319872  0.288507  0.433453
-0.146844 -0.910697 -0.386093   1.71819
        0         0         0         1

 0.251259 -0.411004  0.876325   0.49487
-0.958223 0.0222084  0.285157   0.44498
-0.136662 -0.911363 -0.388253   1.73555
        0         0         0         1

    0.25098   -0.403497    0.879886    0.495294
  -0.961556 0.000727346    0.274609    0.461841
  -0.111444   -0.914981   -0.387802     1.74844
          0           0           0           1

  0.243294  -0.400474   0.883419   0.501103
 -0.965252 -0.0104109   0.261112   0.476729
-0.0953713  -0.916249  -0.389091    1.76384
         0          0          0          1

  0.231382  -0.383881   0.893923   0.505135
 -0.971651 -0.0453379   0.232031   0.510746
-0.0485438  -0.922269  -0.383488    1.79194
         0          0          0          1

  0.226442  -0.377208   0.898019   0.507783
 -0.973455 -0.0561167   0.221893   0.526565
-0.0333058  -0.924427  -0.379902    1.80787
         0          0          0          1

  0.218794  -0.367978   0.903726   0.510428
 -0.975716 -0.0726736   0.206632   0.545421
 -0.010359   -0.92699  -0.374943    1.82337
         0          0          0          1

  0.207414  -0.361809   0.908886   0.514548
 -0.978215 -0.0849644   0.189413   0.562453
0.00869169  -0.928372   -0.37155    1.83594
         0          0          0          1

 0.198807 -0.354672   0.91361  0.513855
-0.979528 -0.101988  0.173559  0.581702
0.0316212 -0.929412 -0.367687   1.85155
        0         0         0         1

 0.183742 -0.353016  0.917398  0.515856
-0.981412 -0.118492  0.150967  0.597905
0.0554105 -0.928084 -0.368226   1.86325
        0         0         0         1

 0.142655  -0.34496  0.927713  0.514318
-0.982102 -0.165796 0.0893686  0.638237
 0.122983 -0.923858 -0.362438   1.88617
        0         0         0         1

  0.11882 -0.341626  0.932295  0.515898
-0.981166 -0.184421 0.0574702  0.656415
 0.152302 -0.921564 -0.357104   1.90215
        0         0         0         1

0.0869059 -0.333447  0.938755   0.51694
-0.977231 -0.211625 0.0152983  0.679066
 0.193563  -0.91871 -0.344246   1.91436
        0         0         0         1

 0.0620095  -0.319082   0.945696   0.512243
 -0.969749  -0.243399 -0.0185374     0.7001
  0.236097  -0.915938  -0.324523    1.91685
         0          0          0          1

-0.00458263  -0.295191   0.955427   0.518724
 -0.947348  -0.304627 -0.0986621   0.747046
  0.320173  -0.905574  -0.278252    1.92992
         0          0          0          1

-0.0311956 -0.293333  0.955501  0.523051
-0.932888 -0.334635 -0.133188  0.770928
 0.358813 -0.895531 -0.263208   1.93187
        0         0         0         1

-0.0669871  -0.30106   0.95125  0.537834
-0.915154 -0.361287 -0.178788  0.799058
   0.3975 -0.882516 -0.251315   1.93543
        0         0         0         1

-0.0817743 -0.318867  0.944265  0.546495
-0.901268 -0.380807 -0.206645  0.821924
 0.425475 -0.867934 -0.256245   1.93887
        0         0         0         1

-0.101581 -0.339285  0.935183    0.5619
-0.886721 -0.395293 -0.239729  0.849526
 0.451007 -0.853598 -0.260697   1.94558
        0         0         0         1

 -0.12485 -0.347023  0.929509  0.575635
-0.874208  -0.40458 -0.268468   0.87402
 0.469226 -0.846103 -0.252859   1.94328
        0         0         0         1

-0.165493 -0.359329   0.91842  0.591242
-0.849749 -0.420694 -0.317714  0.927118
 0.500538 -0.833006 -0.235718   1.94456
        0         0         0         1

-0.171443 -0.369734  0.913183  0.596068
 -0.84402 -0.422984 -0.329718  0.947851
  0.50817 -0.827273 -0.239545   1.95156
        0         0         0         1

