-0.697071 -0.573952 -0.429734   1.15854
-0.640201  0.768105 0.0125894   0.82024
 0.322855  0.283892 -0.902868   2.57615
        0         0         0         1

-0.681997 -0.608999  -0.40497   1.14393
-0.671354  0.740957 0.0163455  0.779631
 0.290111  0.283026 -0.914184   2.57974
        0         0         0         1

 -0.658564  -0.654675  -0.371072    1.11065
 -0.706057   0.708145 0.00371697   0.746889
  0.260339   0.264446  -0.928597    2.56417
         0          0          0          1

  -0.63563  -0.692971  -0.340244    1.08435
 -0.739307   0.673297 0.00984503   0.708221
  0.222263   0.257802  -0.940286    2.57101
         0          0          0          1

 -0.593882  -0.754744  -0.278686    1.04854
 -0.786112   0.618083 0.00130318    0.64415
  0.171268   0.219853  -0.960381    2.54913
         0          0          0          1

   -0.579203     -0.77169    -0.262713      1.04753
   -0.799645     0.600472 -0.000842628     0.618348
    0.158402      0.20959    -0.964874      2.53687
           0            0            0            1

 -0.558953  -0.797832   -0.22591    1.03079
 -0.819709   0.572754 0.00538793   0.584318
  0.125092   0.188192  -0.974133    2.52242
         0          0          0          1

-0.535645  -0.81982 -0.202433   1.01644
-0.838846  0.544135 0.0159577   0.54911
0.0970687  0.178358 -0.979166   2.52108
        0         0         0         1

  -0.51692  -0.837587  -0.176753    1.00365
 -0.851808   0.523774 0.00911143   0.529878
 0.0849472    0.15527  -0.984213    2.49898
         0          0          0          1

-0.501918 -0.850517 -0.157159  0.999283
 -0.86232  0.506147 0.0148111  0.500665
0.0669486  0.142956 -0.987462    2.4879
        0         0         0         1

 -0.454035   -0.88609 -0.0932614   0.963965
 -0.890968   0.452153  0.0416301   0.435729
0.00528035   0.101994  -0.994771    2.46216
         0          0          0          1

 -0.444973  -0.891779 -0.0820255   0.964602
 -0.895531   0.442612  0.0460233   0.414723
-0.00473713  0.0939355  -0.995567    2.44861
         0          0          0          1

 -0.421555  -0.905086 -0.0557702   0.950753
  -0.90644    0.41885  0.0541375   0.389362
-0.0256397  0.0733743  -0.996975    2.42503
         0          0          0          1

 -0.405447  -0.913233 -0.0402347   0.943104
 -0.913264   0.402772  0.0610283    0.36564
-0.0395276  0.0614886  -0.997325    2.41022
         0          0          0          1

 -0.385634  -0.922476 -0.0180224   0.933904
 -0.920334   0.383209  0.0783337   0.334362
-0.0653546  0.0467948  -0.996764    2.39473
         0          0          0          1

  -0.377023   -0.926196 -0.00393931    0.930722
  -0.922495     0.37513   0.0909949    0.309892
 -0.0828013   0.0379412   -0.995844     2.37894
          0           0           0           1

-0.349935  -0.93637 0.0275077  0.918507
-0.929407  0.350708  0.114922  0.261526
-0.117257 0.0146495 -0.992994   2.34128
        0         0         0         1

    -0.3326   -0.941667   0.0513891    0.908529
  -0.932327    0.336524    0.132354    0.236764
  -0.141927 -0.00389053   -0.989869     2.32405
          0           0           0           1

 -0.320803  -0.944789  0.0667774   0.903253
 -0.933942   0.327275   0.143676   0.214132
 -0.157598 -0.0162745  -0.987369    2.30043
         0          0          0          1

   -0.3096  -0.946852   0.087283   0.897637
 -0.934926   0.319862   0.153628   0.193595
 -0.173382 -0.0340398  -0.984266    2.28072
         0          0          0          1

 -0.294245  -0.948832   0.114619   0.889201
 -0.934506   0.310768   0.173556   0.152902
 -0.200295 -0.0560442  -0.978131    2.23341
         0          0          0          1

 -0.285259  -0.950064   0.126517   0.884642
 -0.933959   0.305187   0.185962   0.133719
 -0.215287 -0.0651143  -0.974378    2.21313
         0          0          0          1

 -0.276755  -0.949141   0.150127   0.882873
 -0.930789   0.303608   0.203603   0.112466
 -0.238828 -0.0833883  -0.967475    2.18658
         0          0          0          1

-0.260357  -0.94869  0.179446   0.87677
-0.928656  0.296916   0.22235 0.0927504
-0.264222 -0.108753 -0.958311   2.16341
        0         0         0         1

-0.237788 -0.940396  0.243128    0.8678
-0.921973  0.297289  0.248162 0.0545925
 -0.30565 -0.165148 -0.937712   2.10913
        0         0         0         1

-0.232993  -0.93547  0.265727  0.865167
-0.919376  0.300947  0.253337 0.0395302
-0.316958 -0.185277 -0.930167   2.08411
        0         0         0         1

-0.225414 -0.930728  0.287982   0.86177
-0.914972   0.30378  0.265602 0.0196758
-0.334687 -0.203624 -0.920066   2.05834
        0         0         0         1

 -0.217401  -0.927378   0.304479   0.859218
 -0.911021   0.304766   0.277774 0.00416756
 -0.350396  -0.216999  -0.911117    2.03444
         0          0          0          1

 -0.211774  -0.923554   0.319688   0.857972
 -0.906268   0.308016   0.289488 -0.0123791
 -0.365827  -0.228417  -0.902217    2.00594
         0          0          0          1

 -0.207357  -0.920334   0.331646   0.856768
 -0.902027   0.311083   0.299291 -0.0265067
 -0.378617  -0.237093  -0.894671    1.98125
         0          0          0          1

 -0.196466  -0.913148   0.357157   0.853265
  -0.88975   0.319089   0.326383 -0.0591705
 -0.412001  -0.253657  -0.875165    1.92819
         0          0          0          1

 -0.194249  -0.909948   0.366417   0.852308
 -0.883079   0.324855   0.338587 -0.0727958
 -0.427129  -0.257805  -0.866658    1.90407
         0          0          0          1

-0.189732 -0.906435  0.377329  0.849947
-0.876813  0.329361  0.350316 -0.087629
-0.441816 -0.264381 -0.857264   1.87534
        0         0         0         1

-0.190098 -0.903293  0.384609  0.849491
-0.870015  0.336514  0.360323 -0.100065
-0.454904 -0.266119 -0.849849   1.85132
        0         0         0         1

-0.192489 -0.895859  0.400479  0.848549
-0.853825  0.354052  0.381614 -0.126563
-0.483663 -0.268483 -0.833059   1.79979
        0         0         0         1

 -0.19258 -0.892802  0.407207  0.848061
-0.847196  0.360667    0.3901 -0.137572
-0.495148 -0.269859 -0.825836   1.77695
        0         0         0         1

-0.196119 -0.889569  0.412559  0.848826
-0.838574  0.370227  0.399656  -0.14979
-0.508262 -0.267582 -0.818578   1.75119
        0         0         0         1

-0.197594 -0.886825  0.417729  0.848912
-0.830764  0.377697  0.408872 -0.159945
-0.520373 -0.266243 -0.811373   1.72968
        0         0         0         1

-0.201402 -0.882591  0.424817  0.849604
-0.823783  0.387261  0.414017 -0.170445
-0.529923 -0.266573 -0.805059   1.70464
        0         0         0         1

-0.205611 -0.878421  0.431394  0.850248
-0.816906  0.396786  0.418599 -0.179341
-0.538877  -0.26634 -0.799171   1.68425
        0         0         0         1

 -0.21976 -0.867685  0.445902  0.852392
-0.800869  0.421459  0.425419 -0.196651
-0.557059 -0.263619 -0.787521   1.64098
        0         0         0         1

-0.226055  -0.86183  0.454035  0.853086
-0.794436  0.432835  0.426057 -0.203507
-0.563711  -0.26439 -0.782514   1.62177
        0         0         0         1

-0.231754 -0.854701  0.464517    0.8539
-0.785546  0.446085  0.428866 -0.210905
-0.573767 -0.265508 -0.774789   1.60083
        0         0         0         1

-0.231754 -0.854701  0.464517    0.8539
-0.785546  0.446085  0.428866 -0.210905
-0.573767 -0.265508 -0.774789   1.60083
        0         0         0         1

-0.249161 -0.829724  0.499477  0.857661
-0.759911  0.487222   0.43029  -0.22697
-0.600378 -0.272347 -0.751913   1.54503
        0         0         0         1

-0.252916 -0.820301  0.512972  0.859115
-0.752184  0.500184  0.428994 -0.230836
-0.608484 -0.277349 -0.743522   1.52908
        0         0         0         1

-0.255785 -0.808148  0.530538  0.861241
-0.743158  0.515368  0.426746 -0.234796
-0.618296 -0.285118 -0.732406   1.51098
        0         0         0         1

-0.256695  -0.79732   0.54625  0.863308
-0.734863  0.528116  0.425522 -0.237754
-0.627761  -0.29219 -0.721486   1.49604
        0         0         0         1

-0.255954 -0.785122  0.563978  0.866208
-0.726592  0.541058  0.423461 -0.240813
-0.637614 -0.301396  -0.70895   1.47908
        0         0         0         1

-0.255153 -0.775999  0.576822  0.869249
-0.719772  0.550779  0.422577   -0.2432
 -0.64562 -0.307358 -0.699075   1.46516
        0         0         0         1

-0.252438 -0.761482  0.597009    0.8771
-0.706524  0.566625  0.423982 -0.248228
-0.661135 -0.314772 -0.681043   1.43718
        0         0         0         1

-0.251357 -0.757526  0.602474  0.880643
-0.702192  0.571121  0.425144 -0.250577
-0.666143 -0.316189 -0.675483   1.42598
        0         0         0         1

-0.252121 -0.753939  0.606639  0.884545
 -0.69874  0.575533  0.424882 -0.253296
-0.669476 -0.316761 -0.671911   1.41408
        0         0         0         1

-0.252752 -0.750997  0.610016  0.887834
 -0.69618  0.579005  0.424367 -0.255642
-0.671901 -0.317422 -0.669173   1.40457
        0         0         0         1

-0.251347 -0.748197  0.614024  0.891443
-0.693874  0.581577  0.424626 -0.258448
-0.674806 -0.319327 -0.665332   1.39415
        0         0         0         1

-0.249567 -0.746096  0.617299  0.894368
-0.692472  0.583109  0.424813  -0.26098
-0.676904 -0.321443 -0.662175    1.3857
        0         0         0         1

-0.243918  -0.73952  0.627386  0.901038
-0.691608   0.58615  0.422027  -0.26688
 -0.67984 -0.330965 -0.654431   1.36874
        0         0         0         1

-0.240695 -0.736251  0.632456  0.904195
-0.691418  0.587373  0.420635 -0.269529
-0.681181 -0.336046 -0.650435   1.36184
        0         0         0         1

-0.236499 -0.733152  0.637618  0.907882
-0.691135  0.588186  0.419964 -0.272487
-0.682935 -0.341359 -0.645812   1.35461
        0         0         0         1

-0.232373 -0.731579  0.640933  0.911144
-0.691951  0.587445  0.419657 -0.275166
-0.683525 -0.345977 -0.642723   1.34873
        0         0         0         1

-0.224497 -0.729175  0.646455  0.918049
-0.694826  0.584904  0.418454 -0.280711
-0.683241 -0.355232  -0.63796   1.33712
        0         0         0         1

-0.220316 -0.728402  0.648761  0.920894
-0.695661  0.583556  0.418949 -0.282808
-0.683752 -0.359016 -0.635288   1.33261
        0         0         0         1

-0.215642 -0.727045  0.651847   0.92436
-0.696632  0.582326  0.419047 -0.285082
-0.684253 -0.363733 -0.632056   1.32756
        0         0         0         1

 -0.21109 -0.726063  0.654426  0.927137
-0.697644  0.580853  0.419407 -0.286973
-0.684642 -0.368023 -0.629146   1.32337
        0         0         0         1

-0.205937 -0.724853  0.657402  0.930069
-0.698725  0.579259  0.419811 -0.288978
-0.685108 -0.372889 -0.625764   1.31893
        0         0         0         1

 -0.20191 -0.723692  0.659926  0.932154
-0.699692  0.578066  0.419846 -0.290609
 -0.68532 -0.376974 -0.623079   1.31517
        0         0         0         1

-0.195271 -0.719967  0.665971  0.935713
-0.701063  0.577327  0.418575 -0.293783
-0.685842 -0.385152 -0.617477   1.30778
        0         0         0         1

-0.192444 -0.718064  0.668842  0.936775
-0.701994  0.576993  0.417474 -0.295172
 -0.68569 -0.389183 -0.615115   1.30477
        0         0         0         1

-0.188805 -0.716418  0.671638  0.937709
-0.702891  0.576213   0.41704 -0.296787
-0.685782 -0.393349 -0.612356   1.30158
        0         0         0         1

-0.186003 -0.715044  0.673881  0.938281
-0.703732   0.57558  0.416496 -0.298135
-0.685685 -0.396762 -0.610259    1.2991
        0         0         0         1

-0.179429  -0.71202  0.678847  0.939266
-0.706159  0.573656   0.41504 -0.300766
-0.684941 -0.404903  -0.60573   1.29405
        0         0         0         1

-0.175509 -0.711174  0.680755  0.939632
-0.707074  0.572207  0.415482 -0.301699
-0.685013 -0.408424  -0.60328    1.2921
        0         0         0         1

-0.171126  -0.71012  0.682968  0.940308
 -0.70842  0.570442  0.415616 -0.302613
-0.684731 -0.412706 -0.600681   1.29005
        0         0         0         1

-0.165694 -0.708743  0.685732  0.940752
-0.709576  0.568576  0.416201 -0.303161
 -0.68487 -0.417617 -0.597117    1.2884
        0         0         0         1

-0.161206 -0.706008  0.689613  0.940995
 -0.71093  0.567732  0.415041 -0.303546
-0.684538 -0.423359 -0.593444   1.28666
        0         0         0         1

-0.157023 -0.704001  0.692622  0.941076
-0.711751  0.566865  0.414818 -0.303613
-0.684656 -0.427839 -0.590085   1.28546
        0         0         0         1

-0.144422 -0.698775  0.700611  0.941598
   -0.713  0.564438  0.415983 -0.302796
 -0.68613 -0.439458 -0.579744   1.28318
        0         0         0         1

-0.138151 -0.695153  0.705462  0.941901
-0.713183  0.564071  0.416165 -0.301687
-0.687229  -0.44563 -0.573698    1.2822
        0         0         0         1

-0.131243 -0.689656  0.712144  0.941895
-0.712684  0.564976  0.415792 -0.299755
-0.689098 -0.452964 -0.565656   1.28102
        0         0         0         1

-0.126428 -0.683436  0.718979  0.941445
-0.711888  0.567263  0.414039 -0.297407
-0.690819 -0.459487 -0.558248   1.27989
        0         0         0         1

-0.115025 -0.672307  0.731282  0.938418
 -0.71083  0.569944  0.412171 -0.289852
-0.693895 -0.472407 -0.543454   1.27774
        0         0         0         1

-0.110388 -0.668279  0.735675   0.93628
-0.710391  0.570725  0.411847 -0.285575
-0.695097 -0.477154  -0.53774   1.27715
        0         0         0         1

 -0.10611 -0.662398  0.741599  0.933647
-0.709992   0.57263  0.409887 -0.280278
 -0.69617 -0.483036 -0.531059   1.27673
        0         0         0         1

-0.101756 -0.657183  0.746831  0.930865
-0.709963  0.573846  0.408231 -0.275264
-0.696849 -0.488683 -0.524968   1.27657
        0         0         0         1

-0.0962224 -0.650447  0.753432  0.927402
-0.709824  0.575481  0.406167  -0.26902
-0.697776 -0.495721 -0.517077   1.27668
        0         0         0         1

-0.0900101 -0.643878  0.759815  0.924037
 -0.71012  0.576407  0.404332 -0.263111
-0.698304 -0.503166 -0.509113   1.27709
        0         0         0         1

-0.072696 -0.626605  0.775939    0.9157
 -0.71207  0.577352  0.399526 -0.248547
-0.698335 -0.523479 -0.488158   1.27943
        0         0         0         1

-0.0637214 -0.617326  0.784122  0.911545
-0.713103  0.577838  0.396972 -0.241075
-0.698157 -0.533865 -0.477038   1.28118
        0         0         0         1

-0.0540378 -0.605739  0.793826   0.90635
-0.715003  0.578414  0.392694 -0.231942
 -0.69703 -0.546368 -0.464361   1.28347
        0         0         0         1

-0.0440818  -0.59552   0.80213  0.900887
-0.717017  0.577956  0.389684 -0.223427
 -0.69566 -0.557963 -0.452476   1.28575
        0         0         0         1

-0.0274355 -0.572039  0.819767   0.88718
-0.720811   0.57951  0.380263 -0.202078
-0.692589 -0.580464 -0.428231    1.2923
        0         0         0         1

-0.0208777 -0.563144  0.826095  0.879542
-0.722811   0.57936  0.376678 -0.191572
-0.690731 -0.589246 -0.419142   1.29553
        0         0         0         1

-0.0153425  -0.55353  0.832688  0.869805
-0.724836  0.579806  0.372071 -0.178638
 -0.68875 -0.597854 -0.410114   1.29938
        0         0         0         1

-0.0121631 -0.545379  0.838101  0.860542
-0.726455   0.58077  0.367382 -0.166565
-0.687106 -0.604374 -0.403257   1.30275
        0         0         0         1

-0.009104 -0.537527  0.843197  0.848452
-0.728282  0.581386  0.362762 -0.152144
-0.685217 -0.610783 -0.396764   1.30652
        0         0         0         1

-0.00755051 -0.531924  0.846758  0.836963
-0.728129  0.583325  0.359945 -0.138815
-0.685399 -0.613831 -0.391714   1.31013
        0         0         0         1

-0.0101494  -0.52185  0.852977  0.808875
-0.727861  0.588759  0.351541 -0.107451
 -0.68565  -0.61728  -0.38581   1.31809
        0         0         0         1

-0.0135995  -0.518091   0.855218    0.79525
 -0.728007   0.591435   0.346715 -0.0928147
 -0.685435  -0.617889  -0.385217    1.32117
         0          0          0          1

-0.0180337  -0.51369  0.857786  0.778701
-0.726919  0.595786  0.341507 -0.075506
-0.686486 -0.617383 -0.384155   1.32467
        0         0         0         1

-0.0235901  -0.510638   0.859472   0.763279
  -0.72503   0.600653   0.336966 -0.0602329
 -0.688313  -0.615194  -0.384398    1.32816
         0          0          0          1

 -0.038862  -0.498343   0.866108   0.728164
 -0.718691   0.616139   0.322268 -0.0250983
 -0.694243   -0.60994  -0.382099    1.33401
         0          0          0          1

 -0.0483599   -0.491149    0.869732    0.711092
  -0.713291    0.626521    0.314144 -0.00865389
  -0.699197    -0.60518   -0.380631     1.33691
          0           0           0           1

-0.0593296 -0.482241  0.874027  0.690634
-0.707015  0.638408  0.304246 0.0102155
-0.704706 -0.599899 -0.378828   1.33872
        0         0         0         1

-0.0698553 -0.476878  0.876189  0.672112
-0.700343  0.648924   0.29735 0.0267615
 -0.71038 -0.592862 -0.379309   1.34088
        0         0         0         1

-0.0852447 -0.470111  0.878481  0.651752
-0.693351  0.661178  0.286543 0.0463845
 -0.71554 -0.584669 -0.382314    1.3427
        0         0         0         1

-0.0984032 -0.466433  0.879066  0.633034
-0.686267  0.671511  0.279483 0.0630732
-0.720663 -0.575772 -0.386176   1.34433
        0         0         0         1

-0.127647 -0.466946  0.875024  0.588183
-0.668878   0.69195  0.271675 0.0985538
-0.732331 -0.550606 -0.400655   1.34887
        0         0         0         1

-0.147105 -0.464651   0.87319  0.569514
-0.660756  0.703086  0.262817  0.115052
-0.736045 -0.538303 -0.410448   1.35046
        0         0         0         1

-0.166613 -0.461119  0.871556  0.548524
-0.647543  0.717756  0.255958  0.134491
-0.743591 -0.521724 -0.418182   1.35331
        0         0         0         1

-0.184308 -0.455462  0.870968  0.530282
-0.637543  0.729833  0.246745  0.151597
-0.748044 -0.509803 -0.424891   1.35435
        0         0         0         1

-0.216514 -0.438077  0.872474  0.489676
 -0.61076  0.757973  0.229018  0.187525
-0.761639 -0.483287 -0.431671   1.35623
        0         0         0         1

-0.230266 -0.427102  0.874392  0.472525
-0.599144  0.770261  0.218458  0.203609
-0.766814 -0.473583 -0.433261   1.35593
        0         0         0         1

-0.246155 -0.413646   0.87653  0.452147
-0.583505   0.78535  0.206752  0.221944
-0.773905 -0.460567 -0.434682   1.35696
        0         0         0         1

-0.260135 -0.403691  0.877133  0.432901
-0.571077  0.796818  0.197361  0.236843
-0.778589  -0.44957 -0.437819   1.35786
        0         0         0         1

-0.276128 -0.390438  0.878244  0.411302
-0.558626  0.808772  0.183916  0.252721
-0.782107 -0.439825 -0.441433   1.35759
        0         0         0         1

-0.291902 -0.379278  0.878033  0.394633
-0.546971  0.819279  0.172058  0.267921
-0.784612 -0.430035 -0.446603   1.35795
        0         0         0         1

-0.332688 -0.355201  0.873585  0.358792
-0.518775  0.842523  0.145005  0.300523
-0.787522 -0.404953 -0.464567   1.35995
        0         0         0         1

-0.347255 -0.344854  0.872061  0.343395
-0.508448  0.850617   0.13391  0.314453
-0.787968 -0.396897 -0.470721   1.35822
        0         0         0         1

-0.367983 -0.330986  0.868929  0.329164
-0.492825  0.861871  0.119592  0.331896
-0.788488 -0.384222 -0.480272   1.35791
        0         0         0         1

-0.383186 -0.318714  0.866943  0.316363
-0.479444  0.870871  0.108246  0.346885
-0.789495 -0.374172 -0.486511   1.35764
        0         0         0         1

-0.405883 -0.301496  0.862762  0.282829
-0.455114  0.885322 0.0952728  0.371782
-0.792546 -0.353986 -0.496553    1.3551
        0         0         0         1

-0.415293 -0.292975  0.861219  0.270252
-0.443086  0.891973 0.0897748  0.383169
-0.794485 -0.344311 -0.500243   1.35462
        0         0         0         1

-0.425729 -0.282575  0.859596  0.257455
-0.432207  0.898113 0.0811796  0.395545
-0.794954 -0.336963 -0.504484   1.35137
        0         0         0         1

-0.438415 -0.263251  0.859355  0.253397
-0.418866  0.905805 0.0637882  0.410487
  -0.7952 -0.331989 -0.507385   1.34863
        0         0         0         1

-0.443593 -0.255876  0.858926  0.240026
-0.408179  0.910892 0.0605523  0.421394
-0.797882 -0.323735 -0.508508   1.34622
        0         0         0         1

-0.453508  -0.24657  0.856466  0.232195
-0.395867  0.916702  0.054296   0.43124
-0.798511 -0.314423  -0.51334   1.34684
        0         0         0         1

-0.463188 -0.234026  0.854803   0.21266
-0.381874  0.923079 0.0457945  0.448572
-0.799768 -0.305216 -0.516928   1.33785
        0         0         0         1

-0.471154 -0.227438  0.852224  0.206086
-0.371258  0.927566 0.0422935  0.457075
-0.800113 -0.296468 -0.521465   1.33807
        0         0         0         1

-0.475728 -0.220546  0.851495   0.19847
-0.364116  0.930594 0.0376029  0.464691
-0.800689 -0.292154 -0.523013   1.33296
        0         0         0         1

-0.479275 -0.207997  0.852662  0.198434
-0.356625  0.933847 0.0273451  0.474066
-0.801944 -0.290975 -0.521747    1.3278
        0         0         0         1

-0.479127 -0.207196   0.85294  0.182095
-0.352813  0.935244 0.0290018  0.481389
-0.803717 -0.287033 -0.521202   1.31548
        0         0         0         1

-0.479817 -0.198552  0.854607  0.180662
-0.348334  0.937109 0.0221486  0.487076
-0.805257 -0.287061 -0.518803   1.31032
        0         0         0         1

-0.480734 -0.189791  0.856081  0.179539
-0.343198  0.939135 0.0154802  0.492719
-0.806914 -0.286363 -0.516611   1.30562
        0         0         0         1

-0.478046 -0.183745    0.8589  0.176031
-0.341956  0.939655  0.010695   0.49538
-0.809035 -0.288593 -0.512031   1.29888
        0         0         0         1

  -0.477257   -0.166095    0.862924    0.179356
  -0.337455    0.941326 -0.00545008    0.502859
  -0.811388   -0.293799   -0.505304      1.2913
          0           0           0           1

 -0.478078  -0.159491   0.863715   0.176569
 -0.335669   0.941905 -0.0118683   0.504792
 -0.811645  -0.295596   -0.50384    1.28883
         0          0          0          1

 -0.481029  -0.124096   0.867878   0.179184
 -0.323713   0.945119 -0.0442799   0.514121
 -0.814752  -0.302243  -0.494801    1.28084
         0          0          0          1

 -0.478077  -0.112296    0.87111   0.177697
 -0.326696   0.943367 -0.0576847   0.514864
 -0.815299  -0.312166  -0.487688    1.27306
         0          0          0          1

 -0.478187 -0.0958302   0.873014   0.178518
 -0.325115   0.942728 -0.0745971   0.517704
 -0.815866  -0.319502  -0.481956    1.26795
         0          0          0          1

 -0.476072 -0.0882025   0.874972   0.175571
 -0.323756   0.942656 -0.0811299   0.517803
 -0.817642  -0.321901  -0.477328      1.265
         0          0          0          1

 -0.480164 -0.0677649   0.874557    0.17771
  -0.31654   0.943218  -0.100707   0.523106
 -0.818074  -0.325188   -0.47435    1.25991
         0          0          0          1

 -0.479139 -0.0565451   0.875916    0.17955
 -0.314464   0.942739  -0.111157   0.524724
 -0.819475  -0.328704  -0.469484    1.25645
         0          0          0          1

-0.476243 -0.035841  0.878583  0.186202
-0.315795   0.93948 -0.132854  0.529185
-0.820649 -0.340723  -0.45874   1.24647
        0         0         0         1

 -0.479714 -0.0337829   0.876774   0.186085
 -0.313327    0.93997  -0.135214   0.530663
 -0.819573  -0.339581  -0.461502    1.24803
         0          0          0          1

 -0.480796 -0.0319733    0.87625   0.182445
 -0.310643   0.940729  -0.136123    0.53022
 -0.819961  -0.337648  -0.462231    1.24949
         0          0          0          1

 -0.479585 -0.0189553   0.877291    0.18554
 -0.313218   0.937605  -0.150967   0.531765
  -0.81969  -0.347185  -0.455598    1.24462
         0          0          0          1

  -0.47623 -0.0172699   0.879151   0.183614
 -0.314605   0.936971  -0.152014    0.53083
 -0.821114  -0.348979  -0.451648    1.24491
         0          0          0          1

-0.472612 -0.008565  0.881229  0.185704
-0.321516  0.932705 -0.163367  0.530878
-0.820527 -0.360538 -0.443562   1.23892
        0         0         0         1

  -0.471801 -0.00634626    0.881682    0.187837
  -0.326392    0.930192   -0.167962    0.530572
  -0.819068   -0.367019   -0.440937      1.2356
          0           0           0           1

  -0.474673 -0.00919352    0.880114    0.188867
  -0.325082    0.931074   -0.165601    0.531403
  -0.817929   -0.364715   -0.444944     1.23889
          0           0           0           1

 -0.473872 -0.0202052   0.880362    0.18693
 -0.331393   0.930334  -0.157027   0.527958
 -0.815858  -0.366156  -0.447555     1.2401
         0          0          0          1

 -0.475005 -0.0195582   0.879766   0.189155
 -0.331187    0.93022  -0.158135   0.529499
 -0.815283  -0.366482  -0.448336    1.24032
         0          0          0          1

 -0.473375 -0.0216892   0.880594   0.190234
  -0.33226   0.930248  -0.155699   0.529893
 -0.815794   -0.36629  -0.447563    1.24092
         0          0          0          1

 -0.474529 -0.0241484   0.879909   0.189511
 -0.331379   0.930983  -0.153161   0.530123
 -0.815481  -0.364263  -0.449781    1.24341
         0          0          0          1

 -0.475694 -0.0202192   0.879378   0.191755
 -0.331265   0.930248  -0.157807   0.531297
 -0.814849  -0.366375  -0.449211     1.2438
         0          0          0          1

 -0.476075 -0.0233767   0.879094   0.190608
 -0.328959   0.931807   -0.15337   0.531878
  -0.81556  -0.362201    -0.4513    1.24726
         0          0          0          1

 -0.479662 -0.0183121   0.877262    0.19191
 -0.330797   0.929787  -0.161462   0.533593
  -0.81271  -0.367643  -0.452041    1.24765
         0          0          0          1

 -0.479871 -0.0224636   0.877052   0.190573
 -0.332085   0.929943  -0.157879   0.533542
 -0.812061  -0.367018  -0.453712    1.24915
         0          0          0          1

 -0.482193 -0.0187718   0.875864   0.193144
 -0.329521   0.930238  -0.161475   0.536374
  -0.81173  -0.366477   -0.45474    1.25214
         0          0          0          1

-0.482476 -0.019815  0.875685  0.193546
-0.330102  0.930144 -0.160829  0.537079
-0.811326 -0.366661 -0.455313    1.2546
        0         0         0         1

 -0.485338 -0.0219632   0.874051   0.193999
  -0.32922   0.930698  -0.159421   0.540685
 -0.809976  -0.365128  -0.458934    1.26447
         0          0          0          1

 -0.485647 -0.0216238   0.873888   0.194722
 -0.329156    0.93064  -0.159894   0.543144
 -0.809817  -0.365297   -0.45908    1.26963
         0          0          0          1

 -0.486471 -0.0211484   0.873441   0.197954
 -0.327776   0.931106  -0.160013   0.547752
 -0.809882  -0.364134  -0.459888    1.28061
         0          0          0          1

 -0.487448 -0.0215445   0.872886   0.198822
 -0.328533   0.930757   -0.16049   0.550592
 -0.808987  -0.365002  -0.460774     1.2875
         0          0          0          1

 -0.487183 -0.0254417   0.872929   0.193303
  -0.33119   0.930288  -0.157724   0.550359
 -0.808063  -0.365946  -0.461647    1.29515
         0          0          0          1

 -0.488809 -0.0250258   0.872032   0.199338
 -0.334485   0.928573  -0.160844   0.554896
  -0.80572  -0.370304  -0.462266    1.29897
         0          0          0          1

   -0.4925 -0.0410026   0.869346   0.196878
 -0.351678   0.923083  -0.155695   0.557056
 -0.796094   -0.38241  -0.469038    1.32411
         0          0          0          1

  -0.49778 -0.0500261   0.865859   0.199292
 -0.359493   0.920437  -0.153492   0.560369
 -0.789291  -0.387676  -0.476159    1.34174
         0          0          0          1

 -0.500457 -0.0624153   0.863508   0.197847
  -0.37438   0.914924  -0.150845   0.561767
 -0.780629  -0.398772  -0.481247    1.35493
         0          0          0          1

-0.503404 -0.076196  0.860685  0.197724
-0.393377  0.907095 -0.149777  0.561385
-0.769311 -0.413972 -0.486609   1.36657
        0         0         0         1

 -0.517612 -0.0973974   0.850054   0.205347
 -0.418869   0.895151  -0.152492   0.571282
 -0.746074  -0.434993  -0.504137    1.40902
         0          0          0          1

-0.518312 -0.121147  0.846567  0.199178
-0.435605  0.889272 -0.139442  0.568646
-0.735935 -0.441043 -0.513693   1.43183
        0         0         0         1

-0.531486 -0.127496  0.837417  0.209018
-0.449189   0.88058 -0.151021   0.57756
-0.718159 -0.456424 -0.525286   1.45339
        0         0         0         1

-0.529079 -0.148546   0.83547  0.203603
 -0.47318  0.868925 -0.145157  0.576405
-0.704398 -0.472127 -0.530019   1.46909
        0         0         0         1

 -0.53641  -0.17238  0.826165   0.20241
-0.492753  0.858708 -0.140763  0.578417
 -0.68517 -0.482602 -0.545561   1.50389
        0         0         0         1

 -0.54684 -0.181181  0.817398  0.209169
-0.503804  0.850972 -0.148422  0.585951
-0.668691 -0.492971 -0.556625   1.53268
        0         0         0         1

-0.553262 -0.223302  0.802519  0.204242
-0.545891  0.824893 -0.146813  0.590317
-0.629209 -0.519314 -0.578281   1.59275
        0         0         0         1

-0.568328  -0.23099  0.789713   0.21347
-0.558887  0.812769 -0.164478  0.601795
-0.603861 -0.534837 -0.591016   1.61954
        0         0         0         1

-0.579284 -0.246985  0.776807  0.219273
-0.578117  0.796318 -0.177928  0.611894
 -0.57464 -0.552156 -0.604081   1.64805
        0         0         0         1

-0.586511 -0.273108  0.762507  0.218313
-0.592328  0.786721  -0.17383  0.614513
-0.552406 -0.553608  -0.62319   1.68859
        0         0         0         1

-0.610983 -0.309567  0.728607  0.228951
-0.621921  0.757155 -0.199824  0.638149
 -0.48981 -0.575225 -0.655135   1.75619
        0         0         0         1

-0.629116 -0.318462  0.709081  0.240666
-0.627435  0.746531 -0.221396  0.653904
-0.458845 -0.584186 -0.669469   1.78704
        0         0         0         1

-0.641368 -0.346172  0.684698  0.244687
-0.636668  0.738133 -0.223189  0.662726
-0.428137 -0.579072 -0.693812   1.83734
        0         0         0         1

-0.661482 -0.352197  0.662117  0.259455
-0.637913  0.728465 -0.249812  0.681993
-0.394347 -0.587619 -0.706537   1.86652
        0         0         0         1

-0.682488 -0.371056  0.629705  0.275812
 -0.63761  0.723429 -0.264772  0.698346
-0.357301  -0.58221  -0.73032   1.91386
        0         0         0         1

-0.700533 -0.384436  0.601217  0.290029
-0.634059  0.721893 -0.277201  0.714737
-0.327448 -0.575396 -0.749465   1.95585
        0         0         0         1

-0.735588 -0.419334  0.532042  0.320928
-0.631499  0.708728 -0.314505  0.754351
 -0.24519 -0.567331 -0.786141   2.03369
        0         0         0         1

 -0.74789 -0.430392  0.505394  0.337297
-0.629068  0.702626 -0.332551  0.776629
-0.211975 -0.566639 -0.796233    2.0661
        0         0         0         1

-0.761728 -0.450981  0.465173   0.35525
 -0.62462  0.701887 -0.342352  0.794393
-0.172105 -0.551336 -0.816339   2.11453
        0         0         0         1

-0.764385 -0.466535  0.445041  0.356246
-0.628357  0.693725 -0.352013  0.810585
-0.144509 -0.548718 -0.823423   2.13958
        0         0         0         1

-0.769734 -0.480528  0.420241  0.361812
-0.627683  0.689645 -0.361114  0.828195
-0.116292  -0.54174 -0.832463   2.17082
        0         0         0         1

 -0.78824 -0.488585  0.374115  0.390802
-0.611084  0.693093 -0.382359  0.852229
-0.0724815 -0.530006  -0.84489   2.20619
        0         0         0         1

-0.821963 -0.492297  0.286392  0.449208
-0.569533  0.707845 -0.417837  0.905673
0.00297848 -0.506556 -0.862202   2.27432
        0         0         0         1

-0.828087 -0.502504  0.248517  0.468849
-0.559331   0.71079 -0.426528  0.926951
0.0376888 -0.492206 -0.869662   2.30921
        0         0         0         1

-0.839601 -0.501927  0.207701  0.495963
-0.538282  0.717419 -0.442224   0.95321
0.0729555 -0.483093 -0.872524   2.34037
        0         0         0         1

-0.859646 -0.490199  0.143923  0.552349
 -0.49425  0.726652 -0.477173  0.995717
 0.129328 -0.481334 -0.866944   2.35809
        0         0         0         1

-0.861446 -0.498833 0.0952736  0.570119
 -0.47681  0.729852 -0.489865   1.03665
 0.174825 -0.467419 -0.866577    2.4152
        0         0         0         1

