-0.384616  0.910794  0.150083  0.952124
-0.406205 -0.313001  0.858503  0.804897
 0.828896   0.26923  0.490354   2.49239
        0         0         0         1

-0.378982 0.918283 0.114583 0.943544
-0.424852 -0.28265 0.860006 0.779426
0.822115 0.277246 0.497253  2.48862
       0        0        0        1

-0.377701  0.923093 0.0723953  0.926793
-0.446122 -0.249937  0.859364  0.755687
 0.811367  0.292286  0.506213   2.48527
        0         0         0         1

-0.375559  0.926373 0.0280673  0.911249
-0.468677 -0.215958  0.856566  0.725247
 0.799561  0.308537  0.515274   2.48259
        0         0         0         1

 -0.374448   0.927017 -0.0207053   0.888897
 -0.498959  -0.182622   0.847165   0.693347
  0.781555    0.32755   0.530926    2.48482
         0          0          0          1

-0.363329  0.925789 -0.104437   0.86389
-0.551935 -0.123578  0.824679   0.63352
 0.750573  0.357272  0.555875   2.47532
        0         0         0         1

-0.353216  0.927862 -0.119624  0.869301
-0.568482 -0.111319  0.815129  0.608164
 0.743012  0.355921  0.566793   2.47094
        0         0         0         1

 -0.347668   0.923744  -0.160695   0.855337
 -0.598964 -0.0869519   0.796041   0.574015
  0.721366   0.373009    0.58352    2.46647
         0          0          0          1

 -0.339733   0.920367  -0.193664   0.844601
 -0.622728 -0.0658086   0.779666   0.545875
  0.704834   0.385479   0.595495    2.46145
         0          0          0          1

 -0.322114   0.912558  -0.251954   0.834763
 -0.658268 -0.0246252    0.75238   0.500339
  0.680386   0.408206    0.60864    2.43586
         0          0          0          1

 -0.314554   0.908301  -0.275763   0.834368
 -0.678297 -0.0118463   0.734692   0.474291
  0.664055    0.41815   0.619824    2.43036
         0          0          0          1

 -0.304332   0.901998  -0.306237   0.831305
 -0.701171 0.00548712   0.712972   0.444511
   0.64478   0.431704   0.630785    2.42033
         0          0          0          1

 -0.29251  0.896264 -0.333388  0.828081
-0.717447 0.0248083  0.696171  0.424047
 0.632224  0.442826  0.635766   2.40743
        0         0         0         1

-0.283881  0.884691 -0.369774    0.8209
-0.735096  0.046813  0.676345  0.401569
 0.615666  0.463821  0.637044   2.39005
        0         0         0         1

-0.276118  0.880211 -0.385989  0.828785
-0.749752 0.0540138  0.659511  0.381104
 0.601357  0.471499  0.645026   2.38041
        0         0         0         1

-0.260603 0.863236 -0.43233 0.839929
-0.781895 0.073967 0.619006 0.335656
0.566327 0.499352 0.655684  2.35555
       0        0        0        1

-0.254058  0.850348 -0.460828  0.836099
-0.794044 0.0886579   0.60136  0.317566
 0.552221  0.518699   0.65269   2.33977
        0         0         0         1

-0.248865  0.838928 -0.484011  0.841223
-0.805894 0.0978225  0.583923  0.298623
 0.537216  0.535379  0.651742   2.32449
        0         0         0         1

-0.242543  0.829308 -0.503409  0.845351
-0.817927  0.104239    0.5658  0.280116
 0.521698  0.548983  0.653031   2.31182
        0         0         0         1

-0.229276  0.807787 -0.543059  0.853692
-0.838266  0.119699   0.53196  0.246579
 0.494714  0.577194  0.649696   2.27856
        0         0         0         1

-0.225763  0.800838 -0.554697  0.861077
-0.845351  0.121939  0.520109  0.232613
 0.484162  0.586335   0.64946   2.26397
        0         0         0         1

-0.219017  0.792273 -0.569504  0.867958
-0.854245  0.126343  0.504285  0.216607
 0.471484  0.596943  0.649124    2.2471
        0         0         0         1

-0.211665  0.788618 -0.577304  0.877186
-0.860845  0.129247   0.49218  0.204731
 0.462756  0.601147  0.651521   2.23247
        0         0         0         1

-0.202608  0.779783 -0.592359  0.884118
-0.868514  0.136343  0.476545  0.191434
 0.452365  0.611023  0.649628   2.21278
        0         0         0         1

-0.195156   0.77406 -0.602283   0.89227
-0.874511  0.140672  0.464157  0.180674
  0.44401  0.617286  0.649471   2.19681
        0         0         0         1

-0.184119  0.755239 -0.629058  0.910159
-0.887005  0.148061  0.437378  0.158904
 0.423464  0.638507   0.64264   2.16193
        0         0         0         1

-0.178224  0.744375 -0.643539  0.917338
-0.892611  0.152931  0.424097  0.150387
 0.414104  0.650014  0.637181   2.14471
        0         0         0         1

-0.173711 0.732546 -0.65818 0.926953
-0.898828 0.155162 0.409918  0.14047
0.402409 0.662797  0.63148  2.12574
       0        0        0        1

-0.171556  0.721226 -0.671119  0.934634
-0.903785  0.155908   0.39858  0.132561
 0.392099  0.674926  0.625086   2.10904
        0         0         0         1

-0.165935  0.697607 -0.697001  0.952033
-0.913542  0.157421  0.375045  0.117124
 0.371357  0.698973  0.611172   2.07064
        0         0         0         1

-0.163055  0.690163 -0.705045  0.961273
 -0.91831  0.155107  0.364209  0.110228
 0.360721  0.706836  0.608492   2.05427
        0         0         0         1

-0.160884  0.683008 -0.712472  0.973196
 -0.92278  0.151995  0.354083  0.103832
 0.350133  0.714421  0.605813    2.0347
        0         0         0         1

-0.157664  0.676542 -0.719328  0.982592
-0.927528  0.148515  0.342979 0.0981595
 0.338871  0.721273  0.604096   2.01779
        0         0         0         1

-0.152801  0.670133 -0.726343  0.993987
-0.931849  0.147057   0.33171 0.0931863
 0.329103  0.727527  0.601993   1.99721
        0         0         0         1

-0.149116  0.665135 -0.731683   1.00478
-0.935673  0.144411  0.321965 0.0889886
 0.319813  0.732626  0.600815   1.97971
        0         0         0         1

-0.139264  0.648681  -0.74821   1.02616
-0.943698  0.142015  0.298774 0.0823224
 0.300066  0.747693  0.592381   1.94008
        0         0         0         1

-0.137089   0.64202 -0.754332   1.03566
-0.946666   0.13926  0.290569 0.0798543
 0.291599  0.753934  0.588688   1.92276
        0         0         0         1

-0.136239  0.634663 -0.760685   1.04846
-0.949422  0.135629  0.283201 0.0774952
 0.282908  0.760794  0.584085   1.90189
        0         0         0         1

-0.134785  0.628813 -0.765785   1.05828
-0.952554  0.130621  0.274916 0.0755637
 0.272898  0.766507  0.581373   1.88513
        0         0         0         1

-0.133468  0.619254 -0.773764    1.0824
-0.958121   0.11897  0.260481 0.0720615
 0.253358  0.776126  0.577441   1.84673
        0         0         0         1

-0.130154  0.615184 -0.777566   1.09256
-0.960457  0.116456  0.252903 0.0713761
 0.246134  0.779735    0.5757   1.82899
        0         0         0         1

-0.123384  0.608587 -0.783835   1.10358
-0.964205  0.113289  0.239737 0.0706217
 0.234701  0.785358  0.572825   1.80941
        0         0         0         1

-0.120358  0.606321 -0.786059   1.11549
-0.965998  0.110984  0.233516 0.0710783
 0.228825  0.787437  0.572347   1.79205
        0         0         0         1

-0.115864  0.602104 -0.789966   1.12873
-0.968213  0.109034  0.225112  0.071957
 0.221674  0.790937  0.570332   1.77175
        0         0         0         1

-0.112297  0.598304 -0.793361   1.13973
-0.970099  0.106875  0.217912 0.0723719
 0.215168   0.79411  0.568412   1.75442
        0         0         0         1

-0.105067   0.58878 -0.801435   1.16246
 -0.97444 0.0999587  0.201183 0.0743887
 0.198563  0.802089  0.563229   1.71769
        0         0         0         1

-0.101438  0.585954  -0.80397   1.17206
-0.976119  0.097427  0.194166 0.0756215
   0.1921  0.804466  0.562078   1.70165
        0         0         0         1

-0.0984209   0.58371 -0.805975   1.18332
-0.977926 0.0932803  0.186975 0.0767764
 0.184321  0.806586  0.561644   1.68318
        0         0         0         1

-0.0980297  0.583904 -0.805882   1.19431
-0.979369 0.0871864  0.182304 0.0777529
  0.17671  0.807127  0.563311    1.6684
        0         0         0         1

-0.0912423  0.582807 -0.807472   1.21655
  -0.9821  0.081515   0.16981 0.0813663
 0.164787  0.808512  0.564937   1.63426
        0         0         0         1

-0.0847828  0.579986 -0.810202    1.2256
-0.983776 0.0803002  0.160429 0.0832823
 0.158106  0.810659  0.563768   1.62007
        0         0         0         1

-0.080985  0.576069 -0.813379   1.23745
-0.985364 0.0765366  0.152315 0.0851416
 0.149997   0.81381  0.561439   1.60352
        0         0         0         1

-0.0751402  0.571658 -0.817044   1.24681
-0.986938   0.07446  0.142862 0.0870434
 0.142505  0.817106  0.558596   1.59008
        0         0         0         1

-0.0728133  0.568265 -0.819617   1.25867
-0.988186 0.0700156  0.136333 0.0890541
 0.134859  0.819861  0.556454   1.57342
        0         0         0         1

-0.0705945  0.563759 -0.822917   1.26861
-0.989205 0.0666337  0.130509 0.0910552
 0.128409  0.823247  0.552969    1.5599
        0         0         0         1

-0.0688291  0.558301 -0.826779   1.29123
-0.991112 0.0563038   0.12053 0.0945435
 0.113843  0.827726  0.549463   1.53003
        0         0         0         1

-0.0679009  0.555544  -0.82871    1.3001
-0.991927 0.0515748  0.115848 0.0959622
 0.107099  0.829886  0.547557   1.51773
        0         0         0         1

-0.0677348  0.554665 -0.829313   1.31108
-0.992782  0.044987  0.111175 0.0970156
0.0989729  0.830857  0.547614   1.50438
        0         0         0         1

-0.0662861  0.553008 -0.830535   1.31993
-0.993468 0.0409067  0.106528 0.0985931
 0.092885  0.832171  0.546684   1.49336
        0         0         0         1

-0.0571043  0.551019 -0.832536   1.33825
-0.994997  0.037063 0.0927779   0.10213
0.0819787  0.833669  0.546146   1.46834
        0         0         0         1

-0.0493812  0.549298 -0.834166   1.34759
-0.996057 0.0345437  0.081712  0.103398
0.0736995  0.834912  0.545427   1.45893
        0         0         0         1

-0.0366562   0.54649 -0.836663   1.35861
-0.996967 0.0375189 0.0681861   0.10505
0.0686537  0.836625  0.543458   1.44693
        0         0         0         1

-0.0296613  0.545254 -0.837746   1.36908
-0.997576 0.0366284 0.0591601  0.105535
0.0629426  0.837471  0.542846   1.43821
        0         0         0         1

-0.0211598  0.546041 -0.837491   1.37953
-0.997985 0.0385771 0.0503669   0.10679
0.0598103   0.83687  0.544124   1.42745
        0         0         0         1

-0.0158743  0.544788 -0.838424   1.38778
-0.998264 0.0389355    0.0442  0.107478
0.0567241   0.83767  0.543224   1.41889
        0         0         0         1

-0.0123956  0.538576 -0.842486   1.40667
-0.998901 0.0314171  0.034781  0.107475
0.0452006  0.841991  0.537594   1.40081
        0         0         0         1

-0.0101899  0.535697 -0.844349   1.41474
-0.999155 0.0281654 0.0299277  0.107548
0.0398136  0.843941  0.534957   1.39323
        0         0         0         1

-0.00358719  0.531497 -0.847053   1.42125
-0.999416 0.0268795 0.0210984  0.108255
0.0339821  0.846634   0.53109   1.38469
        0         0         0         1

0.000326646  0.529815 -0.848113   1.42769
 -0.99959 0.0244607 0.0148956  0.108206
0.0286373   0.84776  0.529606   1.37782
        0         0         0         1

0.00484135    0.52563    -0.8507    1.44271
 -0.999845  0.0169541 0.00478545   0.107159
 0.0169382   0.850544    0.52563    1.36445
         0          0          0          1

 0.00876317    0.525248   -0.850904     1.44832
  -0.999841   0.0178267 0.000707104     0.10662
  0.0155403    0.850763     0.52532     1.35804
          0           0           0           1

 0.00768591    0.523625   -0.851914     1.45613
  -0.999883   0.0153093 0.000388917     0.10582
  0.0132459    0.851812    0.523681     1.35156
          0           0           0           1

  0.0101473    0.520538   -0.853778     1.46108
  -0.999897   0.0139894 -0.00335479    0.104956
  0.0101976    0.853724    0.520626     1.34678
          0           0           0           1

  0.0107994    0.515203      -0.857     1.46605
  -0.999919   0.0113807 -0.00575859    0.103511
 0.00678646    0.856993    0.515284     1.34208
          0           0           0           1

 0.00734771    0.511821   -0.859061     1.47083
  -0.999954  0.00905997 -0.00315495    0.101723
 0.00616829    0.859045    0.511864     1.33723
          0           0           0           1

 0.00102721     0.50208    -0.86482     1.47866
  -0.999998  0.00221377 9.74613e-05   0.0986328
 0.00196345    0.864818    0.502081     1.33095
          0           0           0           1

-0.00161735     0.50093   -0.865486     1.48129
  -0.999997 0.000596898  0.00221419   0.0973158
 0.00162576    0.865488    0.500928     1.32716
          0           0           0           1

-0.00139788    0.500631    -0.86566     1.48298
  -0.999997 0.000970839  0.00217627   0.0964389
 0.00192992     0.86566    0.500628     1.32385
          0           0           0           1

-0.00228058   0.501596  -0.865099    1.48448
 -0.999992 0.00181327 0.00368754   0.095373
0.00341831     0.8651   0.501587    1.32166
         0          0          0          1

-0.00599109   0.502976   -0.86428     1.4881
 -0.999956 0.00327723 0.00883879  0.0915323
0.00727814   0.864294   0.502934    1.31815
         0          0          0          1

-0.00783278   0.501048  -0.865384    1.48872
 -0.999935 0.00323643  0.0109245  0.0899108
0.00827445   0.865413   0.500991      1.318
         0          0          0          1

-0.0105172   0.498509  -0.866821    1.48902
 -0.999889 0.00393115  0.0143926  0.0880896
 0.0105824   0.866876   0.498412    1.31715
         0          0          0          1

-0.0149341   0.494034  -0.869314    1.48947
 -0.999811 0.00343984  0.0191308  0.0863021
 0.0124416   0.869436    0.49389    1.31748
         0          0          0          1

-0.0157179   0.489826  -0.871678    1.48965
 -0.999754 0.00594952  0.0213706  0.0850201
 0.0156539     0.8718   0.489612    1.31685
         0          0          0          1

-0.0156456   0.487531  -0.872965    1.48939
 -0.999745 0.00657661  0.0215906  0.0839175
 0.0162673   0.873081   0.487304     1.3172
         0          0          0          1

-0.0135117  0.488022 -0.872726   1.49069
-0.999677 0.0121835 0.0222901 0.0809663
0.0215109  0.872746    0.4877   1.31666
        0         0         0         1

-0.00796952  0.487259 -0.873221   1.48961
-0.999727 0.0152899 0.0176559 0.0810044
0.0219545  0.873124  0.487004   1.31807
        0         0         0         1

-0.00472108  0.486591 -0.873617   1.49012
-0.999719 0.0179901 0.0154228  0.079122
0.0232211  0.873445  0.486369   1.31981
        0         0         0         1

-0.00283288  0.487112 -0.873335     1.491
-0.999693 0.0201331 0.0144722 0.0777048
0.0246325  0.873107  0.486905   1.32085
        0         0         0         1

0.00453664  0.489744 -0.871855   1.49083
-0.999431 0.0313566 0.0124134 0.0755737
0.0334178  0.871302  0.489607   1.32178
        0         0         0         1

0.00878791  0.489924 -0.871721   1.49136
-0.999306 0.0358619  0.010081 0.0743239
0.0362005  0.871027  0.489899   1.32401
        0         0         0         1

 0.0152409    0.48975   -0.87173    1.49151
 -0.999043  0.0432014 0.00680436  0.0730342
 0.0409924   0.870792    0.48994    1.32642
         0          0          0          1

  0.0242949    0.487503   -0.872783     1.49109
  -0.998738   0.0502167 0.000248133   0.0725119
  0.0439492    0.871676    0.488108     1.32891
          0           0           0           1

  0.0290376     0.48763   -0.872567     1.49032
  -0.998345   0.0574953 -0.00109229   0.0706768
  0.0496359    0.871155    0.488492     1.33238
          0           0           0           1

   0.037531    0.487171     -0.8725     1.48888
  -0.997646    0.068407 -0.00471838   0.0696451
  0.0573864    0.870623    0.488592     1.33506
          0           0           0           1

  0.0439655    0.485429    -0.87317      1.4855
  -0.996496   0.0835522 -0.00372523   0.0640554
   0.071147    0.870274    0.487402     1.34335
          0           0           0           1

  0.0494138    0.482683     -0.8744     1.48258
  -0.995976    0.089351 -0.00696106   0.0620689
  0.0747685    0.871225    0.485156     1.34839
          0           0           0           1

 0.0548537   0.480422  -0.875321    1.47838
 -0.995085  0.0986834 -0.0081964  0.0599357
 0.0824419   0.871468   0.483473    1.35373
         0          0          0          1

  0.0576509    0.478406   -0.876244     1.47482
  -0.994537    0.104023 -0.00863992   0.0572331
  0.0870162    0.871956     0.48179     1.35889
          0           0           0           1

 0.0662244   0.474828  -0.877583    1.46573
 -0.992731   0.119939 -0.0100192  0.0508166
  0.100499   0.871868   0.479319    1.37034
         0          0          0          1

 0.0692532   0.471988  -0.878881    1.46142
 -0.991897   0.126638 -0.0101498  0.0476539
  0.106509   0.872462   0.476934    1.37617
         0          0          0          1

  0.073747   0.469223  -0.879995    1.45659
 -0.990818   0.134742 -0.0111883   0.043063
  0.113323    0.87274   0.474851    1.38294
         0          0          0          1

  0.078655   0.467607   -0.88043    1.45133
 -0.989619   0.143186 -0.0123617  0.0393563
  0.120285   0.872262   0.474015    1.38773
         0          0          0          1

 0.0823621   0.466927  -0.880452    1.44616
 -0.988414   0.151286 -0.0122306  0.0343515
  0.127489   0.871259   0.473978    1.39354
         0          0          0          1

 0.0854294   0.464592  -0.881394    1.44156
 -0.987737    0.15552 -0.0137604  0.0296409
  0.130681   0.871761   0.472181    1.39999
         0          0          0          1

 0.0932174    0.46225  -0.881837    1.42984
 -0.985377   0.169706 -0.0152046  0.0188716
  0.142624   0.870359    0.47131    1.41212
         0          0          0          1

 0.0937639   0.461711  -0.882061     1.4251
 -0.984414   0.175398 -0.0128328  0.0131057
  0.148787   0.869516    0.47096    1.41744
         0          0          0          1

 0.0964279    0.46133  -0.881973    1.41884
  -0.98358   0.179973 -0.0133992 0.00636829
   0.15255   0.868783    0.47111    1.42415
         0          0          0          1

  0.0977129    0.461169   -0.881916     1.41316
  -0.982726    0.184656  -0.0123222 0.000269347
   0.157169    0.867885    0.471246      1.4298
          0           0           0           1

    0.10137    0.461026   -0.881578     1.40606
  -0.981699    0.189955  -0.0135444 -0.00667182
   0.161216    0.866817    0.471845     1.43692
          0           0           0           1

   0.10227   0.463095  -0.880389    1.40008
 -0.980792   0.194717 -0.0115092 -0.0132041
  0.166097   0.864655   0.474113    1.44216
         0          0          0          1

  0.107037   0.467204  -0.877646    1.38539
 -0.979066   0.203232 -0.0112181 -0.0285676
  0.173125   0.860475   0.479177    1.45401
         0          0          0          1

   0.108133    0.469947   -0.876046     1.37872
  -0.978239    0.207258 -0.00956501  -0.0355612
   0.177073    0.858017    0.482133     1.45867
          0           0           0           1

   0.108123    0.472647   -0.874594     1.37144
  -0.977638     0.21017 -0.00728252  -0.0444488
   0.180371    0.855823    0.484802     1.46423
          0           0           0           1

  0.110064   0.473818  -0.873717    1.36401
 -0.977144    0.21243 -0.0078921 -0.0519449
  0.181865   0.854617    0.48637    1.46888
         0          0          0          1

   0.110445    0.479149   -0.870757     1.34901
  -0.977108    0.212632 -0.00692979  -0.0698655
    0.18183    0.851589    0.491664     1.47822
          0           0           0           1

   0.112062    0.480958   -0.869552     1.34188
  -0.977181    0.212235 -0.00854375  -0.0778131
    0.18044    0.850668    0.493767     1.48227
          0           0           0           1

   0.112666    0.484278    -0.86763     1.33385
  -0.977371    0.211341 -0.00895451  -0.0872185
   0.179029    0.849005     0.49713     1.48622
          0           0           0           1

   0.111812    0.487757   -0.865789     1.32774
  -0.977723    0.209744 -0.00810498  -0.0957328
   0.177641    0.847408    0.500343     1.48923
          0           0           0           1

    0.11165    0.491416   -0.863739      1.3202
   -0.97813    0.207834 -0.00819174   -0.105546
   0.175489    0.845763    0.503873     1.49259
          0           0           0           1

   0.111859    0.496052   -0.861057      1.3135
  -0.978308    0.207009 -0.00783345   -0.113489
   0.174361    0.843255    0.508447     1.49417
          0           0           0           1

   0.108028    0.500387   -0.859036     1.29969
  -0.979939    0.199166 -0.00721855   -0.132443
   0.167479    0.842583    0.511864     1.49976
          0           0           0           1

  0.106256   0.500205  -0.859363    1.29361
 -0.980871   0.194492 -0.0080723   -0.14055
  0.163101   0.843782   0.511303    1.50175
         0          0          0          1

   0.10394   0.498196  -0.860812    1.28668
 -0.981785   0.189797 -0.0087016  -0.149677
  0.159044   0.846036   0.508849    1.50285
         0          0          0          1

    0.10097    0.495801   -0.862546     1.28154
  -0.982858    0.184134 -0.00921147   -0.157612
   0.154257    0.848691    0.505894     1.50392
          0           0           0           1

 0.0915073   0.486396  -0.868934    1.26935
 -0.986135   0.165566 -0.0111722  -0.175266
  0.138432   0.857908   0.494803    1.50445
         0          0          0          1

 0.0860955   0.482488  -0.871661    1.26375
  -0.98779   0.155362 -0.0115689  -0.182907
  0.129841   0.862014   0.489972    1.50404
         0          0          0          1

0.0808361  0.479855 -0.873616   1.25723
-0.989504  0.143967 -0.012482 -0.191464
 0.119782  0.865455  0.486456   1.50344
        0         0         0         1

 0.0751629   0.479437  -0.874351    1.25187
 -0.990678   0.135804 -0.0106966  -0.198637
  0.113612   0.867005   0.485175    1.50244
         0          0          0          1

  0.0700889    0.479144   -0.874933     1.24574
  -0.991824    0.127237 -0.00977347   -0.206798
   0.106641    0.868465    0.484145     1.50157
          0           0           0           1

  0.0648221    0.479707   -0.875031     1.24046
  -0.992774    0.119742 -0.00789998   -0.213691
   0.100988     0.86922    0.484002      1.5007
          0           0           0           1

  0.0539779    0.482006   -0.874504     1.22896
  -0.994542    0.104259 -0.00392206   -0.228476
  0.0892845    0.869943    0.485003     1.49837
          0           0           0           1

  0.0496656    0.482425   -0.874528     1.22408
  -0.995227   0.0975486 -0.00270848   -0.234737
  0.0840023    0.870488    0.484968     1.49714
          0           0           0           1

  0.0450523    0.483297   -0.874297     1.21857
  -0.995943   0.0899668 -0.00158853   -0.241799
  0.0778899    0.870822    0.485389     1.49512
          0           0           0           1

  0.0404607    0.483978   -0.874144     1.21431
   -0.99648   0.0838254 0.000287598   -0.247634
  0.0734147    0.871056    0.485666      1.4931
          0           0           0           1

 0.0317293    0.48407  -0.874454    1.20539
 -0.997701  0.0677592 0.00130809  -0.260184
 0.0598855   0.872402   0.485107    1.48775
         0          0          0          1

  0.0284189    0.483342    -0.87497     1.20165
  -0.998193   0.0600861 0.000771002   -0.265456
  0.0529462    0.873367    0.484176     1.48517
          0           0           0           1

 0.0235251   0.483451  -0.875055    1.19773
 -0.998676  0.0514167 0.00155821  -0.271345
 0.0457458    0.87386    0.48402    1.48162
         0          0          0          1

 0.0189337   0.483143  -0.875337    1.19445
 -0.999042  0.0436809 0.00250026   -0.27614
 0.0394434   0.874451   0.483508    1.47852
         0          0          0          1

 0.0132645   0.483346  -0.875329    1.19069
 -0.999434  0.0334809 0.00334256  -0.281646
 0.0309224   0.874789   0.483516    1.47461
         0          0          0          1

0.00887064   0.483508  -0.875295     1.1874
 -0.999658  0.0258382 0.00414186  -0.286039
 0.0246186   0.874959   0.483571    1.47095
         0          0          0          1

-0.00080789   0.483923   -0.87511    1.18037
 -0.999961 0.00727619 0.00494677  -0.295308
0.00876133    0.87508   0.483898    1.46252
         0          0          0          1

 -0.00477005     0.484718    -0.874657      1.17746
   -0.999986 -0.000389609   0.00523764    -0.299054
    0.002198      0.87467     0.484713      1.45851
           0            0            0            1

-0.00936328    0.485456   -0.874211      1.1742
   -0.99994 -0.00952945  0.00541814    -0.30321
-0.00570048    0.874209    0.485516     1.45379
          0           0           0           1

-0.0126927    0.48651  -0.873583    1.17168
 -0.999839 -0.0172728 0.00490763  -0.306542
-0.0127016   0.873504   0.486651    1.44971
         0          0          0          1

 -0.021321   0.489613  -0.871679    1.16689
 -0.999414 -0.0337767 0.00547333  -0.313324
-0.0267626   0.871285   0.490047    1.44065
         0          0          0          1

 -0.024489   0.491033  -0.870796    1.16501
 -0.999175 -0.0402449 0.00540568  -0.315909
-0.0323907   0.870211   0.491614    1.43679
         0          0          0          1

-0.0276693   0.491836  -0.870248      1.163
 -0.998871 -0.0472445 0.00505775   -0.31867
-0.0386269   0.869405   0.492588    1.43237
         0          0          0          1

-0.0302629   0.492026  -0.870054    1.16165
 -0.998598 -0.0527108 0.00492548  -0.320786
-0.0434378   0.868983   0.492931    1.42871
         0          0          0          1

-0.0348705   0.491744  -0.870041     1.1594
 -0.997881   -0.06498 0.00326774  -0.324891
-0.0549284   0.868312   0.492968     1.4206
         0          0          0          1

-0.0365057   0.491547  -0.870086    1.15865
 -0.997612 -0.0690143 0.00286719  -0.326324
 -0.058639   0.868112   0.492892    1.41712
         0          0          0          1

-0.0390927   0.491561  -0.869965    1.15804
 -0.997257 -0.0739558 0.00302504  -0.327926
 -0.062852   0.867697   0.493104    1.41316
         0          0          0          1

-0.0415691   0.491746  -0.869746    1.15747
 -0.996914 -0.0784297 0.00330368  -0.329102
-0.0665893   0.867199   0.493489    1.41007
         0          0          0          1

-0.0438402   0.491361  -0.869852    1.15677
 -0.996547 -0.0829568 0.00336498  -0.330343
-0.0705068   0.866996   0.493301    1.40654
         0          0          0          1

-0.0463751   0.491137  -0.869847    1.15636
 -0.996229 -0.0866671 0.00417863  -0.331209
-0.0733348    0.86676   0.493304    1.40376
         0          0          0          1

-0.0521632   0.489752    -0.8703    1.15574
 -0.995591 -0.0935346  0.0070371  -0.332747
-0.0779567    0.86683   0.492472    1.39774
         0          0          0          1

-0.0535868   0.488902  -0.870691    1.15559
  -0.99531  -0.096481 0.00708135  -0.333194
 -0.080543   0.866987   0.491779    1.39529
         0          0          0          1

-0.0558233   0.487869   -0.87113     1.1557
 -0.994972 -0.0998431 0.00784302  -0.333729
  -0.08315   0.867188    0.49099    1.39257
         0          0          0          1

-0.0565721   0.487196  -0.871458    1.15594
 -0.994786   -0.10169 0.00772746   -0.33397
 -0.084854   0.867352   0.490408    1.39029
         0          0          0          1

-0.0574944     0.4867  -0.871675     1.1564
 -0.994607   -0.10342 0.00785805  -0.334188
-0.0863245   0.867426   0.490021    1.38775
         0          0          0          1

-0.0578782   0.486783  -0.871604    1.15685
 -0.994492  -0.104531 0.00765894  -0.334279
-0.0873812   0.867246   0.490152    1.38561
         0          0          0          1

 -0.057686   0.488643  -0.870575     1.1579
 -0.994308  -0.106365 0.00618337  -0.334275
-0.0895773   0.865976   0.491997    1.38133
         0          0          0          1

-0.0574558    0.48975  -0.869967    1.15831
 -0.994319   -0.10628 0.00583769  -0.334212
-0.0896013   0.865361   0.493075    1.37952
         0          0          0          1

-0.0576449    0.49094  -0.869284    1.15873
 -0.994304  -0.106421 0.00583242  -0.334097
-0.0896471   0.864669   0.494278    1.37756
         0          0          0          1

-0.0582593   0.492011  -0.868637    1.15907
 -0.994298  -0.106449 0.00639264  -0.334005
-0.0893205   0.864056   0.495407    1.37602
         0          0          0          1

-0.0592552   0.494575  -0.867112    1.15962
 -0.994285  -0.106516 0.00719232  -0.333627
-0.0888039   0.862583    0.49806    1.37288
         0          0          0          1

-0.0595265   0.495474  -0.866581    1.15974
 -0.994328  -0.106086 0.00764612  -0.333456
-0.0881437    0.86212   0.498978    1.37164
         0          0          0          1

-0.0597429  0.496045 -0.866239   1.15999
-0.994339 -0.105963  0.007899 -0.333226
-0.0878707  0.861807  0.499568   1.37047
        0         0         0         1

-0.0604386   0.496181  -0.866113    1.16026
 -0.994312  -0.106162 0.00856584  -0.333102
-0.0876985   0.861704   0.499775    1.36934
         0          0          0          1

-0.0610172   0.496005  -0.866173    1.16045
 -0.994282    -0.1064 0.00911268  -0.332893
-0.0876413   0.861776   0.499661    1.36811
         0          0          0          1

-0.0616413   0.495521  -0.866406    1.16054
 -0.994185  -0.107272 0.00938065  -0.332648
-0.0882925   0.861946   0.499252    1.36731
         0          0          0          1

-0.0632142  0.495294 -0.866422   1.16046
-0.994034 -0.108569 0.0104606 -0.332132
-0.0888857  0.861914  0.499202   1.36469
        0         0         0         1

-0.064467  0.496171 -0.865828   1.16036
-0.993943 -0.109306 0.0113673 -0.331888
   -0.089  0.861317  0.500212   1.36361
        0         0         0         1

-0.0657958  0.497372 -0.865039   1.16014
-0.993827 -0.110271 0.0121891 -0.331662
-0.089326  0.860501  0.501557   1.36248
        0         0         0         1

-0.0662322  0.498405 -0.864411   1.15988
-0.993781  -0.11067 0.0123341 -0.331363
-0.0895171  0.859851  0.502635   1.36143
        0         0         0         1

-0.0678102  0.500665 -0.862981   1.15933
 -0.99365 -0.111731 0.0132565 -0.330767
-0.0897843    0.8584  0.505062   1.35908
        0         0         0         1

-0.0686462  0.501058 -0.862687   1.15908
-0.993492 -0.113113 0.0133576 -0.330494
-0.090888   0.85799  0.505562   1.35814
        0         0         0         1

-0.0694826  0.501712 -0.862239   1.15872
-0.993372 -0.114132 0.0136394 -0.330215
-0.0915665  0.857472  0.506317   1.35686
        0         0         0         1

-0.0705718  0.503001   -0.8614   1.15854
-0.993239 -0.115228 0.0140873 -0.329965
-0.0921716   0.85657  0.507732   1.35571
        0         0         0         1

-0.0710104  0.504355 -0.860571   1.15829
-0.993165 -0.115872 0.0140423 -0.329664
-0.0926338  0.855686  0.509136   1.35461
        0         0         0         1

-0.0718447  0.505323 -0.859934   1.15822
-0.993106 -0.116306 0.0146261 -0.329449
-0.0926242  0.855057  0.510195   1.35378
        0         0         0         1

-0.072608  0.509162 -0.857603   1.15812
-0.993079 -0.116499  0.014912 -0.329124
-0.0923173   0.85275  0.514097   1.35225
        0         0         0         1

-0.0723042  0.510695 -0.856716   1.15815
-0.993115 -0.116237  0.014526 -0.328998
-0.092164  0.851868  0.515583   1.35184
        0         0         0         1

-0.0724879  0.512831 -0.855424    1.1583
-0.993208 -0.115383 0.0149909  -0.32898
-0.0910135    0.8507  0.517712   1.35141
        0         0         0         1

-0.0730664  0.514348 -0.854463   1.15828
-0.993185 -0.115525 0.0153878 -0.328945
-0.0907973  0.849764  0.519284   1.35118
        0         0         0         1

-0.0740321  0.517691 -0.852359   1.15809
-0.993088 -0.116334 0.0155984 -0.328986
-0.091083  0.847622  0.522725   1.35047
        0         0         0         1

-0.0751624   0.52005 -0.850823   1.15793
-0.992937 -0.117581 0.0158478 -0.329015
-0.0917988  0.846004  0.525214   1.34995
        0         0         0         1

-0.0775388  0.523136 -0.848715   1.15772
-0.992603 -0.120269 0.0165526 -0.328995
-0.0934144  0.843721  0.528592   1.34917
        0         0         0         1

-0.078511  0.526185 -0.846738   1.15755
-0.992385  -0.12211 0.0161335  -0.32895
-0.0949058  0.841557  0.531766   1.34844
        0         0         0         1

-0.0794141  0.530414 -0.844011   1.15748
  -0.9921 -0.124541 0.0150808  -0.32899
-0.0971149  0.838541  0.536114   1.34769
        0         0         0         1

-0.0797729  0.535297 -0.840888   1.15738
-0.991951 -0.125847 0.0139914 -0.329004
-0.0983337  0.835236  0.541028   1.34701
        0         0         0         1

-0.0799441  0.545902 -0.834026   1.15777
-0.991667 -0.128351 0.0110442 -0.329241
-0.101019   0.82796  0.551614   1.34625
        0         0         0         1

-0.0793952   0.549717  -0.831569    1.15806
 -0.991672  -0.128419 0.00978841  -0.329362
 -0.101408   0.825421   0.555335    1.34618
         0          0          0          1

-0.0787574   0.553818  -0.828904    1.15844
 -0.991625  -0.128894 0.00809961  -0.329584
 -0.102355     0.8226   0.559332    1.34645
         0          0          0          1

-0.0798181   0.556614  -0.826928    1.15865
 -0.991637  -0.128739 0.00906051  -0.329844
 -0.101415   0.820736   0.562235      1.347
         0          0          0          1

-0.084415  0.561031  -0.82348   1.15868
-0.991075 -0.132845 0.0110892  -0.33009
-0.103173  0.817066  0.567238   1.34831
        0         0         0         1

-0.0868256  0.564508 -0.820849   1.15847
-0.990834 -0.134527   0.01229 -0.330068
-0.103488  0.814391  0.571014   1.34925
        0         0         0         1

-0.0906469  0.568074  -0.81797   1.15816
-0.990414 -0.137385 0.0143444 -0.329938
-0.104228  0.811429  0.575082   1.35066
        0         0         0         1

-0.0934813  0.569687 -0.816528   1.15782
-0.990123 -0.139259 0.0161952  -0.32966
-0.104483  0.809978  0.577078   1.35185
        0         0         0         1

-0.0966086   0.57004 -0.815918   1.15753
-0.989696 -0.142055 0.0179387 -0.329159
-0.105679  0.809244   0.57789   1.35324
        0         0         0         1

-0.0986899  0.570021 -0.815681   1.15739
-0.989384 -0.144077  0.019021 -0.328569
-0.106679  0.808899  0.578189   1.35435
        0         0         0         1

-0.102054  0.566988  -0.81738   1.15718
-0.988628 -0.149041 0.0200505 -0.326589
-0.110455  0.810131   0.57575    1.3573
        0         0         0         1

-0.103404  0.564389 -0.819007   1.15719
-0.988269 -0.151343 0.0204817 -0.325492
-0.112391  0.811517  0.573418   1.35876
        0         0         0         1

-0.105719  0.561116 -0.820958   1.15731
-0.987773 -0.154383 0.0216821 -0.324016
-0.114576  0.813213  0.570576   1.36065
        0         0         0         1

-0.107097  0.558768  -0.82238   1.15715
-0.987471  -0.15619 0.0224724 -0.322517
-0.115891  0.814483  0.568495   1.36253
        0         0         0         1

-0.110826  0.553218 -0.825632    1.1567
-0.986934 -0.159024 0.0259231 -0.318733
-0.116954  0.817717  0.563614   1.36761
        0         0         0         1

-0.113015  0.550604 -0.827081    1.1563
-0.986811 -0.159297  0.028793 -0.316822
-0.115898  0.819426  0.561345   1.37043
        0         0         0         1

-0.115496  0.547085 -0.829071   1.15554
-0.986724 -0.159131 0.0324518 -0.314628
-0.114177  0.821812  0.558201   1.37448
        0         0         0         1

-0.117721  0.543379 -0.831193   1.15473
-0.986783 -0.157871  0.036552 -0.312591
-0.111359   0.82451  0.554782   1.37842
        0         0         0         1

 -0.12183  0.537916 -0.834148   1.15361
-0.986653 -0.157117 0.0427837 -0.310205
-0.108045  0.828227  0.549878    1.3838
        0         0         0         1

 -0.12377  0.533303 -0.836821   1.15227
-0.986821 -0.154734 0.0473438 -0.308017
-0.104236  0.831652  0.545426   1.38879
        0         0         0         1

-0.129757  0.523952 -0.841806   1.14855
 -0.98689 -0.150421 0.0584956 -0.302857
-0.0959766   0.83836  0.536601   1.40126
        0         0         0         1

-0.131698  0.520861 -0.843421   1.14664
-0.987018 -0.147803  0.062843 -0.300381
-0.0919275  0.840748  0.533565   1.40753
        0         0         0         1

-0.134265  0.517335 -0.845185   1.14423
-0.987153 -0.144377 0.0684455 -0.297568
-0.0866161  0.843516  0.530073   1.41527
        0         0         0         1

-0.134974  0.513935 -0.847144   1.14178
-0.987435  -0.14068 0.0719806 -0.295061
-0.0821826  0.846215  0.526466    1.4224
        0         0         0         1

-0.133832  0.507873 -0.850972   1.13576
 -0.98858  -0.12844 0.0788184 -0.289155
-0.0692695  0.851803  0.519263   1.43997
        0         0         0         1

-0.131889   0.50619 -0.852277   1.13278
-0.989244 -0.122078 0.0805784 -0.286529
-0.0632566  0.853738  0.516846   1.44878
        0         0         0         1

-0.130117  0.505032 -0.853236   1.12918
-0.989938 -0.114442 0.0832258 -0.283532
-0.0556143   0.85548  0.514841   1.45962
        0         0         0         1

 -0.12867  0.504749 -0.853623   1.12601
-0.990561 -0.106435 0.0863758 -0.280934
-0.047257  0.856679   0.51368   1.46938
        0         0         0         1

 -0.126385   0.505624  -0.853447    1.12188
 -0.991342 -0.0952546  0.0903725  -0.277704
-0.0356002    0.85748   0.513285    1.48138
         0          0          0          1

 -0.124601    0.50686  -0.852976    1.11799
 -0.991866 -0.0861693   0.093686  -0.275084
-0.0260146   0.857711   0.513474    1.49253
         0          0          0          1

  -0.12155   0.510431  -0.851285    1.10806
 -0.992583 -0.0643182   0.103159  -0.268663
-0.00209731    0.85751   0.514463    1.51905
         0          0          0          1

 -0.121161   0.513049  -0.849765     1.1032
 -0.992582 -0.0539819   0.108933  -0.265468
 0.0100158    0.85666   0.515784    1.53156
         0          0          0          1

 -0.119643   0.515356  -0.848583    1.09718
  -0.99254 -0.0419075   0.114488  -0.261625
 0.0234402   0.855951   0.516526    1.54673
         0          0          0          1

 -0.118685   0.517707  -0.847286    1.09199
 -0.992273 -0.0307655   0.120196   -0.25794
  0.036159   0.855005   0.517358    1.56005
         0          0          0          1

  -0.114244    0.521364   -0.845652     1.08078
  -0.991343 -0.00438509    0.131223   -0.248572
  0.0647066    0.853323    0.517352     1.59133
          0           0           0           1

 -0.110387   0.522367  -0.845546    1.07584
 -0.990853 0.00860592   0.134674  -0.244167
 0.0776259   0.852678   0.516638    1.60565
         0          0          0          1

-0.106171    0.5237 -0.845261   1.07014
 -0.98999 0.0238288  0.139114 -0.238735
0.0929954   0.85157  0.515928    1.6228
        0         0         0         1

-0.102377  0.525899 -0.844363   1.06522
-0.988988 0.0373855  0.143198 -0.233734
 0.106874  0.849725   0.51628   1.63784
        0         0         0         1

-0.0984947  0.527825 -0.843623   1.05874
-0.987504 0.0529582  0.148427 -0.227735
  0.12302  0.847701  0.516013   1.65567
        0         0         0         1

-0.0960738  0.530037 -0.842515   1.05307
-0.985943 0.0655669  0.153678 -0.222307
 0.136696  0.845436  0.516287   1.67132
        0         0         0         1

-0.0929429  0.534502 -0.840041   1.03927
-0.981262 0.0938468  0.168281 -0.208857
 0.168781  0.839941  0.515764     1.707
        0         0         0         1

-0.0921094  0.536133 -0.839093   1.03283
-0.979066  0.104845  0.174464 -0.202611
 0.181511  0.837597  0.515252    1.7235
        0         0         0         1

-0.091475  0.539445 -0.837037   1.02571
