-0.209677  0.947547 -0.241228   0.91127
-0.601254 0.0696041   0.79602  0.847022
 0.771057  0.311946  0.555122   2.56115
        0         0         0         1

-0.175607  0.946358 -0.271235  0.933825
-0.631035  0.103265  0.768851  0.814189
 0.755617  0.306175  0.579051   2.56461
        0         0         0         1

-0.145979  0.935962 -0.320415  0.929748
-0.658595  0.149738  0.737449  0.785808
 0.738202  0.318676  0.594561   2.56692
        0         0         0         1

-0.0953942  0.925962 -0.365368  0.965963
-0.689382  0.203323  0.695279  0.732895
 0.718089  0.318203  0.618946   2.56955
        0         0         0         1

-0.0696813  0.917684 -0.391152  0.972884
-0.700435  0.234185  0.674202  0.712416
 0.710307  0.320956   0.62646   2.56236
        0         0         0         1

-0.0315115  0.907311 -0.419279  0.981969
  -0.7115  0.274255  0.646956  0.690081
  0.70198  0.318703  0.636909   2.55871
        0         0         0         1

-0.00325165  0.901043 -0.433719   0.99884
-0.723205  0.297422   0.62331  0.667093
 0.690626  0.315694  0.650671   2.55662
        0         0         0         1

 0.060514  0.870577 -0.488296   1.01885
-0.740271  0.367297  0.563109  0.626545
  0.66958  0.327395   0.66669   2.54807
        0         0         0         1

0.0862814  0.858558 -0.505405   1.03465
 -0.74569   0.39207  0.538727  0.608321
 0.660682  0.330393  0.674047   2.54055
        0         0         0         1

 0.122805  0.844685 -0.520986     1.057
-0.746516  0.424531  0.512335  0.594077
 0.653936  0.326007  0.682705   2.53065
        0         0         0         1

0.137171 0.832343 -0.53702  1.07673
-0.750928 0.440936 0.491611 0.577074
0.645981 0.335829 0.685513  2.52439
       0        0        0        1

 0.159941  0.813475 -0.559176   1.09338
-0.755852  0.465269  0.460665  0.558512
 0.634907  0.348975  0.689282   2.51685
        0         0         0         1

 0.173564  0.797077 -0.578398   1.10518
-0.760776  0.481469   0.43521  0.539551
 0.625376  0.364495  0.689963   2.51107
        0         0         0         1

 0.211603  0.753506 -0.622457   1.12436
-0.764404  0.524454  0.375012  0.507051
 0.609024  0.396455  0.686959   2.49795
        0         0         0         1

 0.228245  0.745716 -0.625949   1.14829
-0.759016   0.53894  0.365293  0.501702
 0.609754  0.391729   0.68902   2.48074
        0         0         0         1

 0.246813  0.733368 -0.633446   1.17081
 -0.75498  0.555319   0.34875  0.492531
 0.607527  0.392163  0.690738   2.46355
        0         0         0         1

 0.262857    0.7195 -0.642827   1.18416
 -0.75642  0.567271  0.325626  0.478061
 0.598945  0.400654  0.693355   2.45483
        0         0         0         1

 0.289631  0.700539 -0.652195   1.22288
 -0.76401  0.579661  0.283341  0.443584
 0.576543  0.416219  0.703107   2.43257
        0         0         0         1

0.300432 0.691403 -0.65704  1.23715
-0.76809 0.583789 0.263111 0.428368
0.565489 0.425619 0.706449  2.42231
       0        0        0        1

0.312725 0.681795 -0.66133   1.2543
-0.768078 0.591129 0.246218 0.418036
0.558802 0.430955 0.708533  2.40296
       0        0        0        1

 0.319461  0.677457 -0.662568   1.27172
-0.772977  0.590754  0.231335  0.402782
 0.548134  0.438248  0.712382   2.39117
        0         0         0         1

  0.32938  0.670135 -0.665153    1.2874
-0.777154  0.592495  0.212091  0.386603
 0.536229  0.447067  0.715954   2.37596
        0         0         0         1

 0.335191  0.659818 -0.672523   1.29696
-0.779289  0.595331   0.19568   0.37422
 0.529487    0.4585  0.713738   2.36212
        0         0         0         1

 0.354833  0.646907 -0.674985    1.3228
-0.783847  0.599352   0.16236  0.350071
 0.509586  0.471474  0.719746   2.32653
        0         0         0         1

 0.354833  0.646907 -0.674985    1.3228
-0.783847  0.599352   0.16236  0.350071
 0.509586  0.471474  0.719746   2.32653
        0         0         0         1

  0.37325  0.649445 -0.662499   1.36854
-0.793966  0.593009  0.134006  0.310772
 0.479897  0.475984  0.736978   2.27181
        0         0         0         1

 0.374801  0.650308 -0.660775   1.38197
-0.801641  0.585354  0.121379  0.295636
  0.46572  0.484211  0.740705   2.25911
        0         0         0         1

 0.381092  0.649436 -0.658028   1.39404
-0.804406  0.583757  0.110268  0.284469
  0.45574    0.4873  0.744876   2.23523
        0         0         0         1

  0.38381  0.644783 -0.661018   1.40061
-0.808703  0.580257 0.0964443  0.272974
 0.445746  0.497551  0.744147   2.22084
        0         0         0         1

 0.384915  0.647136  -0.65807   1.41352
-0.815452  0.572411 0.0859299  0.258883
 0.432295  0.503548  0.748038   2.20137
        0         0         0         1

 0.383687  0.648702 -0.657244   1.42392
-0.821275  0.565129 0.0783388  0.248322
 0.422246   0.50972  0.749596   2.18263
        0         0         0         1

 0.380547  0.647164 -0.660577   1.43365
 -0.82935  0.554842 0.0658023  0.233839
 0.409101  0.522809  0.747869   2.16344
        0         0         0         1

 0.378081  0.649774  -0.65943    1.4441
-0.835749  0.545955 0.0587878  0.223145
 0.398218  0.528892  0.749464   2.14314
        0         0         0         1

 0.373543  0.652866 -0.658963   1.46311
-0.850325  0.524884 0.0380093  0.199886
 0.370694  0.546134  0.751215     2.099
        0         0         0         1

 0.373193  0.657199  -0.65484   1.47182
-0.856908  0.514698 0.0282009  0.189718
 0.355579  0.550613  0.755241    2.0785
        0         0         0         1

 0.367562  0.665469 -0.649653   1.48579
 -0.86617  0.499292 0.0213837  0.175992
 0.338596   0.55485   0.75993   2.05528
        0         0         0         1

 0.365682  0.667164 -0.648976   1.49317
-0.871503  0.490221 0.0128905  0.167048
 0.326742   0.56087    0.7607   2.03643
        0         0         0         1

  0.356926   0.678546  -0.642012     1.5122
 -0.884362   0.466798 0.00170062   0.147428
  0.300844   0.567165   0.766693    1.99125
         0          0          0          1

   0.350766    0.681894    -0.64186     1.51925
  -0.889687    0.456569 -0.00115298    0.140147
   0.292267    0.571459    0.766821     1.97109
          0           0           0           1

   0.343874    0.683736   -0.643627     1.52667
  -0.896986    0.441951 -0.00974605    0.131391
   0.277787    0.580676    0.765278     1.94863
          0           0           0           1

  0.334534   0.688564  -0.643403    1.53618
 -0.904588   0.426045 -0.0143865   0.122774
  0.264212   0.586827   0.765393    1.92811
         0          0          0          1

  0.324938    0.69131  -0.645372    1.54453
 -0.911996   0.409697 -0.0203205   0.115068
  0.250359    0.59518   0.763598    1.90169
         0          0          0          1

  0.315413   0.693897  -0.647318    1.55284
 -0.919249   0.392756 -0.0268966   0.108162
  0.235575    0.60353   0.761745    1.88021
         0          0          0          1

  0.292423    0.69476  -0.657113    1.56746
 -0.934651    0.35299 -0.0427169  0.0939079
  0.202276   0.626663   0.752581    1.83124
         0          0          0          1

  0.280167   0.697883   -0.65914    1.57447
 -0.941734   0.332952 -0.0477614  0.0869304
   0.18613   0.634115   0.750502    1.80954
         0          0          0          1

  0.271622   0.698957  -0.661574    1.58073
 -0.947161   0.316005 -0.0550142  0.0822271
  0.170608    0.64156   0.747859    1.78478
         0          0          0          1

  0.264342   0.701291  -0.662053    1.58619
 -0.951297   0.302499 -0.0594023  0.0784007
  0.158612   0.645512   0.747099    1.76348
         0          0          0          1

   0.24898   0.709727  -0.659011    1.60119
 -0.959154   0.275038 -0.0661716  0.0713827
  0.134289   0.648569   0.749216    1.71706
         0          0          0          1

    0.2423   0.713993   -0.65689    1.60717
 -0.962021   0.264548 -0.0673055   0.068666
  0.125723    0.64825   0.750976    1.69656
         0          0          0          1

  0.234267   0.717383  -0.656111    1.61434
 -0.965226   0.252167 -0.0689223  0.0652748
  0.116006   0.649441   0.751511    1.67471
         0          0          0          1

  0.228069   0.721089  -0.654228    1.62021
 -0.967502   0.243208 -0.0692152  0.0631183
  0.109203   0.648753   0.753123    1.65568
         0          0          0          1

  0.217553   0.725659  -0.652755    1.62685
 -0.970892   0.229544 -0.0684026  0.0593259
  0.100199   0.648636   0.754475    1.63507
         0          0          0          1

  0.211903   0.728224  -0.651756     1.6315
 -0.972897   0.220355 -0.0701058   0.058045
 0.0925648   0.648948   0.755181    1.61783
         0          0          0          1

  0.198638   0.730653  -0.653215     1.6412
 -0.976974   0.200575 -0.0727382  0.0549438
 0.0778724   0.652622   0.753671    1.58035
         0          0          0          1

   0.19047   0.731506  -0.654691    1.64663
 -0.979259   0.188505 -0.0742749  0.0529004
 0.0690801    0.65526   0.752238    1.56438
         0          0          0          1

 0.185837   0.73219 -0.655257   1.65149
-0.980735  0.179078 -0.078042 0.0524279
0.0602007  0.657137  0.751364   1.54458
        0         0         0         1

  0.181672   0.731192  -0.657536    1.65562
 -0.982095   0.168806 -0.0836307  0.0514895
 0.0498457   0.660956   0.748767    1.52983
         0          0          0          1

  0.173269   0.733353  -0.657398    1.66681
 -0.984442   0.148739 -0.0935429  0.0498424
 0.0291806   0.663378   0.747715    1.49583
         0          0          0          1

 0.170805   0.73449 -0.656773   1.67096
-0.985004  0.143751 -0.095406 0.0501977
 0.024337   0.66322  0.748029   1.48018
        0         0         0         1

  0.168915   0.735195  -0.656472    1.67602
 -0.985471   0.137966 -0.0990581  0.0504874
 0.0177436   0.663667   0.747818    1.46429
         0          0          0          1

 0.165941   0.73346 -0.659167   1.68021
-0.986079  0.130581  -0.10294    0.0502
 0.010572  0.667073  0.744918   1.45261
        0         0         0         1

 0.160534  0.733429 -0.660538   1.68546
 -0.98702  0.122393 -0.103982 0.0496184
0.00458224  0.668656  0.743557   1.43763
        0         0         0         1

 0.159784  0.729762 -0.664768    1.6888
-0.987151  0.117217 -0.108594 0.0503147
-0.00132581  0.673578  0.739115    1.4263
        0         0         0         1

 0.160441  0.720901 -0.674211   1.69715
-0.986922  0.106381 -0.121108  0.051947
-0.0155838  0.684825  0.728541   1.40132
        0         0         0         1

  0.16131  0.715715 -0.679508   1.70164
-0.986665  0.101812 -0.126989 0.0525072
-0.0217058  0.690932  0.722594   1.39049
        0         0         0         1

 0.162048  0.710885 -0.684385   1.70676
-0.986364 0.0964778 -0.133336 0.0529427
-0.0287587   0.69666  0.716825   1.37843
        0         0         0         1

 0.162939   0.70565 -0.689572   1.71163
-0.985996 0.0912898 -0.139562 0.0529475
-0.0355313  0.702655  0.710643   1.36954
        0         0         0         1

 0.169321  0.696251 -0.697542   1.72093
-0.984382 0.0848664  -0.15424 0.0547775
-0.0481917  0.712764  0.699747   1.35032
        0         0         0         1

 0.172693  0.693897  -0.69906   1.72485
-0.983649 0.0846776 -0.158945 0.0557405
-0.0510966  0.715078  0.697175   1.34206
        0         0         0         1

 0.173528  0.691482 -0.701242   1.73022
-0.983256 0.0814197 -0.163028 0.0551975
-0.0556363   0.71779  0.694033   1.33284
        0         0         0         1

 0.172125  0.690268 -0.702782   1.73486
-0.983404 0.0788649 -0.163393 0.0547105
-0.0573605  0.719243  0.692387   1.32406
        0         0         0         1

 0.175686  0.686797 -0.705298   1.73961
-0.982642 0.0789831  -0.16786 0.0553569
-0.0595792  0.722546  0.688751   1.31599
        0         0         0         1

 0.176083  0.683433 -0.708459   1.74385
-0.982391 0.0763302 -0.170534 0.0543325
-0.0624715  0.726011  0.684839   1.31025
        0         0         0         1

 0.186785  0.674212 -0.714527   1.74956
-0.980323 0.0806423 -0.180175 0.0571647
-0.0638549  0.734122  0.676009   1.29678
        0         0         0         1

 0.187256  0.669982 -0.718373   1.75237
-0.980231 0.0798815 -0.181013 0.0564766
-0.0638908  0.738067  0.671695   1.29227
        0         0         0         1

 0.184527  0.666454  -0.72235    1.7559
-0.980806 0.0777563 -0.178812 0.0550636
-0.0630025   0.74148   0.66801   1.28716
        0         0         0         1

 0.180882  0.661746  -0.72758   1.75931
-0.981358 0.0725933 -0.177949  0.052994
-0.0649396  0.746205  0.662541   1.28518
        0         0         0         1

 0.179139  0.651836 -0.736898   1.76385
-0.981993  0.072801 -0.174324 0.0514576
-0.0599837  0.754857   0.65314   1.27568
        0         0         0         1

 0.181028  0.646275 -0.741321    1.7657
-0.981692 0.0733369 -0.175792  0.050816
-0.0592435  0.759572  0.647719   1.27359
        0         0         0         1

 0.179937  0.639699 -0.747267   1.76917
 -0.98195 0.0717961 -0.174986 0.0492586
-0.0582876  0.765265  0.641071   1.27215
        0         0         0         1

 0.182486  0.636546 -0.749339   1.77064
-0.981742 0.0763626 -0.174215 0.0491268
-0.0536745  0.767449  0.638859   1.26874
        0         0         0         1

 0.181207  0.631494  -0.75391   1.77373
-0.982138 0.0766958 -0.171821 0.0469001
-0.0506822  0.771578  0.634112    1.2676
        0         0         0         1

 0.184581  0.626934  -0.75689   1.77497
 -0.98172 0.0812371 -0.172121 0.0468137
-0.0464212  0.774825  0.630469   1.26561
        0         0         0         1

 0.184582  0.616065 -0.765764   1.77949
-0.981968 0.0832135  -0.16975 0.0437942
-0.0408551  0.783288  0.620315   1.26472
        0         0         0         1

 0.185431  0.614232  -0.76703   1.78016
-0.981954 0.0863007  -0.16828 0.0433584
-0.0371677  0.784392   0.61915   1.26323
        0         0         0         1

 0.188084  0.612132 -0.768062   1.77992
-0.981593 0.0907555 -0.168044 0.0430292
-0.0331592   0.78553  0.617934   1.26212
        0         0         0         1

 0.189785  0.611105 -0.768461   1.78021
-0.981361   0.09399  -0.16762 0.0429867
-0.0302061  0.785949  0.617553   1.26131
        0         0         0         1

 0.194177   0.60905 -0.768995   1.78194
-0.980665  0.101092 -0.167559  0.041938
-0.0243124  0.786663  0.616904   1.26175
        0         0         0         1

 0.196992  0.607733 -0.769321   1.78247
-0.980195   0.10586 -0.167364 0.0413185
-0.0202726  0.787054  0.616551   1.26212
        0         0         0         1

 0.201067  0.605025   -0.7704   1.78331
-0.979466  0.112301 -0.167437 0.0412792
-0.0147866  0.788247  0.615181   1.26377
        0         0         0         1

 0.203249  0.604351 -0.770357   1.78369
-0.979078  0.117585 -0.166071  0.040651
-0.00978245  0.787994  0.615606   1.26457
        0         0         0         1

 0.205859   0.60196 -0.771535   1.78393
-0.978571  0.122915   -0.1652 0.0402139
-0.00461044   0.78901  0.614363   1.26551
        0         0         0         1

  0.20738  0.598421 -0.773877   1.78354
 -0.97826  0.127806 -0.163321 0.0394271
0.00117154  0.790922  0.611916    1.2661
        0         0         0         1

 0.206045  0.585975 -0.783696    1.7824
-0.978511  0.129771 -0.160234 0.0375853
0.00780847  0.799871  0.600122    1.2697
        0         0         0         1

 0.208843  0.580677 -0.786892   1.78149
-0.977908  0.131366 -0.162599 0.0378244
0.00895285  0.803465  0.595284   1.27148
        0         0         0         1

 0.207327  0.575776 -0.790884   1.78003
-0.978195  0.132152 -0.160221 0.0366835
0.0122653  0.806857   0.59062   1.27426
        0         0         0         1

 0.208967  0.573069 -0.792417   1.77865
-0.977799  0.135328 -0.159985 0.0357703
0.0155532  0.808257  0.588625   1.27718
        0         0         0         1

 0.212866  0.569507 -0.793946   1.77505
-0.976663  0.147804 -0.155834 0.0333908
0.0285997  0.808589  0.587679   1.28525
        0         0         0         1

 0.218819  0.566647 -0.794373   1.77279
 -0.97519   0.15496 -0.158089 0.0334338
0.0335151  0.809258  0.586497   1.29068
        0         0         0         1

  0.22421  0.564058 -0.794712   1.77073
-0.973622  0.165046 -0.157542 0.0324939
0.0423018  0.809072  0.586185   1.29591
        0         0         0         1

 0.229235  0.562418 -0.794442   1.76892
-0.972163  0.172946  -0.15808 0.0313325
0.0484886  0.808564  0.586407   1.30067
        0         0         0         1

 0.237153  0.560509 -0.793466    1.7667
-0.969646  0.186627 -0.157975 0.0309834
0.0595359  0.806845  0.587755   1.30527
        0         0         0         1

 0.239091  0.557495 -0.795006   1.76593
-0.968762  0.192479 -0.156372 0.0282941
0.0658451  0.807559    0.5861   1.31112
        0         0         0         1

 0.250656  0.548362 -0.797791   1.76032
-0.964974  0.207444 -0.160597 0.0250981
0.0774314  0.810102  0.581153   1.32638
        0         0         0         1

 0.256121  0.545901 -0.797743   1.75771
-0.963155  0.214182 -0.162661 0.0228734
0.0820659  0.810011  0.580644   1.33221
        0         0         0         1

 0.263226  0.542761 -0.797573   1.75479
-0.960515  0.224678 -0.164106 0.0204777
0.0901266  0.809277  0.580472   1.33876
        0         0         0         1

 0.268849  0.540696   -0.7971   1.75272
-0.958498  0.231707 -0.166113 0.0179134
0.0948765  0.808678   0.58055   1.34504
        0         0         0         1

  0.276736    0.53737  -0.796649    1.74791
 -0.954981   0.246024  -0.165784 0.00948622
  0.106908   0.806663   0.581262    1.35999
         0          0          0          1

  0.281977   0.535274  -0.796223    1.74494
 -0.952747   0.253945   -0.16669 0.00607722
  0.112972   0.805601   0.581588    1.36696
         0          0          0          1

  0.28685  0.533125 -0.795924   1.74204
-0.950476  0.262141 -0.166964 0.0016948
 0.119631    0.8044  0.581918   1.37609
        0         0         0         1

   0.290073      0.5336   -0.794436     1.73987
   -0.94861    0.270028   -0.164997 -0.00324618
   0.126478    0.801471    0.584506     1.38204
          0           0           0           1

   0.292729    0.533228   -0.793711     1.73747
  -0.946861    0.277349   -0.162886 -0.00889353
   0.133279    0.799215    0.586081     1.39008
          0           0           0           1

 0.294537  0.533443 -0.792897   1.73526
-0.945533  0.283027 -0.160822 -0.014234
 0.138622  0.797078   0.58775   1.39677
        0         0         0         1

  0.30431  0.527329 -0.793297   1.72761
-0.940812  0.296842 -0.163577 -0.024098
 0.149225  0.796122  0.586449   1.41316
        0         0         0         1

  0.305691   0.526508  -0.793311    1.72516
 -0.939725   0.300899  -0.162408 -0.0302592
  0.153197   0.795141   0.586755    1.42021
         0          0          0          1

  0.305357   0.526407  -0.793507    1.72203
 -0.939108   0.304379  -0.159464 -0.0377132
  0.157584   0.793882   0.587297     1.4274
         0          0          0          1

  0.305745   0.527009  -0.792958    1.71907
 -0.938581   0.306747  -0.158026 -0.0445285
  0.159956   0.792571   0.588427    1.43311
         0          0          0          1

  0.306477   0.525241  -0.793847     1.7122
 -0.937627   0.310352  -0.156644 -0.0600926
  0.164096    0.79234   0.587596    1.44829
         0          0          0          1

  0.309096   0.526375  -0.792079    1.70856
 -0.936443   0.313772  -0.156914 -0.0660294
  0.165936   0.790238   0.589906    1.45377
         0          0          0          1

  0.311745   0.528994  -0.789291    1.70443
 -0.934905   0.319054  -0.155424 -0.0732954
  0.169608   0.786365   0.594023    1.45989
         0          0          0          1

  0.312662   0.531848  -0.787007    1.70218
 -0.934126   0.322366  -0.153259 -0.0811502
  0.172194   0.783082   0.597605    1.46606
         0          0          0          1

  0.313754   0.536716  -0.783259     1.6988
 -0.933082   0.327046  -0.149666 -0.0896988
  0.175834   0.777803   0.603411    1.47242
         0          0          0          1

   0.31558      0.542  -0.778874     1.6961
 -0.931923   0.331597  -0.146842 -0.0966997
  0.178684   0.772192   0.609748    1.47721
         0          0          0          1

 0.318359  0.549163 -0.772701   1.68865
-0.930188  0.338106  -0.14295  -0.11274
 0.182752  0.764267  0.618464     1.489
        0         0         0         1

  0.31762   0.55335 -0.770014   1.68565
-0.930296  0.338989 -0.140128 -0.120698
 0.183486  0.760848  0.622449   1.49349
        0         0         0         1

 0.315763  0.557185 -0.768009   1.68186
-0.930862  0.338722 -0.136978 -0.130129
  0.18382  0.758163  0.625619   1.49871
        0         0         0         1

 0.314128  0.560015  -0.76662   1.67904
-0.931516   0.33772 -0.134992 -0.138308
 0.183305  0.756524   0.62775    1.5029
        0         0         0         1

 0.313029  0.563424 -0.764569   1.67482
-0.932136  0.336553 -0.133623 -0.146883
 0.182032  0.754511  0.630538   1.50631
        0         0         0         1

 0.312927  0.563411  -0.76462   1.67119
-0.932504  0.335093  -0.13472 -0.153897
 0.180316  0.755169  0.630243   1.50993
        0         0         0         1

 0.306661  0.565651 -0.765505   1.66423
-0.935749  0.326328 -0.133728 -0.172156
 0.174162   0.75733   0.62938   1.51567
        0         0         0         1

 0.302783  0.567158 -0.765934   1.66154
-0.937614  0.321363 -0.132687 -0.180376
 0.170888  0.758325  0.629079   1.51684
        0         0         0         1

 0.299209  0.567221  -0.76729    1.6574
-0.939325  0.316469 -0.132345 -0.188904
 0.167755  0.760334  0.627495   1.51832
        0         0         0         1

 0.292556  0.567896 -0.769353   1.65438
-0.942002  0.309516  -0.12974 -0.197484
 0.164449  0.762688   0.62551   1.51991
        0         0         0         1

 0.272633  0.570838 -0.774477   1.64476
 -0.94915  0.291297 -0.119418 -0.215456
 0.157434  0.767652  0.621228   1.52094
        0         0         0         1

 0.263042  0.573019 -0.776182   1.64019
-0.952391  0.282761 -0.114009 -0.223145
 0.154145  0.769217  0.620116   1.52108
        0         0         0         1

 0.252611  0.575491 -0.777816   1.63463
-0.955707  0.273892 -0.107737 -0.231657
 0.151036   0.77058  0.619189   1.52096
        0         0         0         1

  0.24386  0.576373 -0.779953   1.63039
-0.958439  0.266028 -0.103075 -0.239195
  0.14808  0.772673  0.617292   1.52115
        0         0         0         1

  0.23409  0.577066  -0.78243   1.62556
-0.961564  0.256227 -0.098709 -0.247797
 0.143518  0.775463  0.614866   1.52089
        0         0         0         1

 0.226723  0.577327 -0.784405   1.62152
-0.963954  0.248158 -0.095974 -0.254745
 0.139248  0.777889  0.612779   1.52016
        0         0         0         1

  0.210076   0.580639  -0.786592    1.61353
 -0.969148   0.229761 -0.0892292  -0.269744
  0.128918   0.781069   0.610992    1.51591
         0          0          0          1

  0.203385   0.581816   -0.78748       1.61
  -0.97113   0.222279 -0.0865903  -0.275681
   0.12466   0.782357   0.610228    1.51353
         0          0          0          1

  0.197114    0.58256  -0.788524    1.60583
  -0.97301   0.214687 -0.0846219  -0.282207
  0.119988   0.783922   0.609155    1.51057
         0          0          0          1

  0.190309   0.583609  -0.789419    1.60247
 -0.974943   0.206704 -0.0822199  -0.287858
  0.115192   0.785286   0.608323    1.50806
         0          0          0          1

  0.172513   0.589346  -0.789247    1.59497
 -0.979241   0.189184 -0.0727742  -0.300289
  0.106424   0.785417   0.609749    1.50092
         0          0          0          1

 0.164783  0.591923  -0.78897   1.59145
-0.980928  0.181953 -0.068365 -0.305249
 0.103089  0.785188  0.610617   1.49751
        0         0         0         1

 0.156294  0.594859 -0.788489   1.58741
-0.982636   0.17446  -0.06316 -0.310463
0.0999888  0.784669  0.611797   1.49329
        0         0         0         1

  0.149199   0.596898  -0.788322    1.58432
 -0.984078   0.167517 -0.0594084  -0.314814
 0.0965963   0.784634   0.612387    1.48955
         0          0          0          1

  0.141878   0.597012  -0.789587     1.5806
 -0.985696   0.158502 -0.0572715  -0.319572
 0.0909591   0.786419    0.61096     1.4853
         0          0          0          1

  0.136458   0.596566  -0.790878    1.57764
 -0.986787   0.152256 -0.0554119  -0.323003
 0.0873591    0.78799    0.60946     1.4811
         0          0          0          1

  0.121356   0.594008  -0.795253    1.57125
 -0.989545     0.1353 -0.0499441  -0.330637
 0.0779303   0.792999   0.604218    1.47114
         0          0          0          1

  0.113458   0.592041  -0.797882    1.56876
  -0.99083   0.126726 -0.0468619   -0.33391
 0.0733684   0.795882    0.60099     1.4668
         0          0          0          1

  0.106087   0.588327  -0.801634    1.56562
 -0.992026   0.117789 -0.0448368  -0.336939
 0.0680448   0.799998   0.596132     1.4617
         0          0          0          1

 0.0984626   0.586514  -0.803932    1.56296
  -0.99303   0.110497 -0.0410092  -0.339457
 0.0647793   0.802366   0.593306    1.45696
         0          0          0          1

 0.0843698    0.58084  -0.809634    1.55742
 -0.994827  0.0952382 -0.0353434  -0.343884
 0.0565792   0.808427    0.58587    1.44698
         0          0          0          1

 0.0781356   0.579007   -0.81157    1.55526
 -0.995504  0.0890338 -0.0323239  -0.345677
 0.0535414   0.810447    0.58336    1.44228
         0          0          0          1

 0.0713106   0.576786  -0.813777    1.55278
 -0.996184  0.0823503 -0.0289268    -0.3475
 0.0503302   0.812734   0.580457    1.43693
         0          0          0          1

 0.0662857   0.574513  -0.815807    1.55086
  -0.99665  0.0773683 -0.0264947  -0.348958
 0.0478961   0.814831   0.577717    1.43267
         0          0          0          1

 0.0611422   0.572372  -0.817711    1.54854
 -0.997098  0.0722482 -0.0239839  -0.350212
 0.0453505   0.816805   0.575128    1.42748
         0          0          0          1

 0.0574398   0.570586  -0.819227    1.54674
 -0.997424   0.068112 -0.0224945  -0.351111
 0.0429641   0.818409   0.573028    1.42318
         0          0          0          1

 0.0490626   0.566566  -0.822555    1.54302
 -0.998088  0.0587992 -0.0190324  -0.352859
 0.0375825   0.821916   0.568367     1.4137
         0          0          0          1

 0.0451633   0.566121  -0.823084     1.5417
 -0.998339  0.0550894 -0.0168889  -0.353634
  0.035782   0.822479   0.567669    1.40934
         0          0          0          1

 0.0420502    0.56591  -0.823394    1.53999
 -0.998541  0.0517409 -0.0154339  -0.354149
 0.0338689   0.822842    0.56726    1.40462
         0          0          0          1

  0.040194   0.566696  -0.822946    1.53875
 -0.998679  0.0491663 -0.0149202  -0.354449
  0.032006   0.822459   0.567924    1.40076
         0          0          0          1

  0.035002   0.569581   -0.82119    1.53608
 -0.998953   0.044174 -0.0119396   -0.35518
 0.0294747   0.820747    0.57053    1.39249
         0          0          0          1

 0.0327533   0.570543  -0.820615    1.53506
 -0.999056  0.0421388 -0.0105779   -0.35545
 0.0285446   0.820186   0.571384    1.38887
         0          0          0          1

 0.0310774   0.569997  -0.821059    1.53402
  -0.99918  0.0390336 -0.0107215   -0.35566
 0.0259377   0.820719   0.570743    1.38499
         0          0          0          1

 0.0303569    0.56936  -0.821527    1.53312
 -0.999246  0.0371896 -0.0111496  -0.355643
 0.0242041   0.821246    0.57006    1.38176
         0          0          0          1

 0.0295617   0.568644  -0.822053    1.53208
 -0.999328  0.0346609 -0.0119604  -0.355468
 0.0216918   0.821853   0.569286    1.37815
         0          0          0          1

 0.0278075   0.568547   -0.82218    1.53149
 -0.999403  0.0326771 -0.0112048  -0.355684
  0.020496   0.822001   0.569117     1.3752
         0          0          0          1

0.0254745  0.568994 -0.821947   1.53013
-0.999524 0.0288076 -0.011036 -0.356042
0.0173988  0.821837  0.569457   1.36951
        0         0         0         1

  0.0240896    0.569662   -0.821526     1.52972
  -0.999557   0.0280865 -0.00983429   -0.356227
  0.0174716    0.821399    0.570086      1.3671
          0           0           0           1

 0.0239509   0.569987  -0.821304     1.5292
 -0.999574  0.0273459 -0.0101715    -0.3562
 0.0166617   0.821198     0.5704    1.36476
         0          0          0          1

  0.0234592    0.570963   -0.820641     1.52885
  -0.999586   0.0270605 -0.00974712   -0.356298
  0.0166417     0.82053    0.571362     1.36261
          0           0           0           1

  0.0231679    0.572506   -0.819573     1.52819
  -0.999607   0.0261834 -0.00996696   -0.356537
  0.0157531    0.819482    0.572888     1.35862
          0           0           0           1

 0.0231278   0.572303  -0.819716    1.52797
 -0.999627  0.0251719 -0.0106296  -0.356696
 0.0145505   0.819656   0.572671    1.35753
         0          0          0          1

  0.023118    0.57314  -0.819131    1.52772
 -0.999635  0.0246832 -0.0109416    -0.3569
 0.0139477   0.819086   0.573502    1.35571
         0          0          0          1

 0.0238197   0.573684   -0.81873    1.52743
 -0.999627  0.0246323 -0.0118228  -0.356852
 0.0133846   0.818706   0.574056    1.35447
         0          0          0          1

 0.0245553   0.574538   -0.81811    1.52721
  -0.99961   0.024994 -0.0124503  -0.356857
 0.0132947   0.818096   0.574927    1.35289
         0          0          0          1

  0.024891   0.575479  -0.817438     1.5273
 -0.999605  0.0249698 -0.0128592  -0.357067
 0.0130111   0.817435   0.575873    1.35203
         0          0          0          1

 0.0271874   0.578441  -0.815271    1.52757
 -0.999523  0.0276722 -0.0136981  -0.357283
 0.0146368   0.815254   0.578918    1.35021
         0          0          0          1

 0.0280685   0.579587  -0.814427    1.52805
 -0.999484  0.0290157 -0.0137973  -0.357522
 0.0156344   0.814394   0.580102    1.35004
         0          0          0          1

  0.029425   0.580597  -0.813659    1.52844
 -0.999424   0.030843 -0.0141346  -0.357628
 0.0168891   0.813607    0.58117    1.34981
         0          0          0          1

 0.0294112   0.581333  -0.813134    1.52879
  -0.99941  0.0315466 -0.0135953  -0.357986
 0.0177482   0.813054   0.581917    1.34948
         0          0          0          1

0.0291481   0.58257 -0.812258   1.52911
-0.999401 0.0321599 -0.012798 -0.358342
0.0186664  0.812144  0.583158   1.34918
        0         0         0         1

 0.0285557   0.583323  -0.811738    1.52901
 -0.999414  0.0320117 -0.0121539  -0.358456
 0.0188955   0.811609   0.583895    1.34905
         0          0          0          1

 0.0274141   0.584549  -0.810895    1.52905
 -0.999434  0.0318525 -0.0108266  -0.358668
 0.0195003   0.810733   0.585091    1.34881
         0          0          0          1

  0.0269651     0.58642   -0.809559     1.52893
  -0.999432   0.0321806 -0.00997888   -0.358582
  0.0202003    0.809368    0.586954     1.34864
          0           0           0           1

  0.0258927    0.588911   -0.807783     1.52888
  -0.999441   0.0323277 -0.00846769   -0.358441
  0.0211271    0.807551    0.589419     1.34837
          0           0           0           1

  0.0250382    0.589784   -0.807173     1.52896
  -0.999467    0.031692 -0.00784641   -0.358384
  0.0209532    0.806939    0.590263     1.34837
          0           0           0           1

   0.023295    0.593292    -0.80465     1.52917
  -0.999517   0.0303893 -0.00652961   -0.357928
  0.0205788    0.804414    0.593713     1.34774
          0           0           0           1

  0.0224798    0.595472   -0.803062     1.52917
  -0.999532   0.0300439 -0.00570191    -0.35756
  0.0207318    0.802814    0.595869     1.34739
          0           0           0           1

  0.0214674    0.597195   -0.801809      1.5292
  -0.999558   0.0293072 -0.00493353   -0.357047
  0.0205525    0.801561     0.59756      1.3471
          0           0           0           1

  0.0197764    0.598424   -0.800935     1.52913
  -0.999586     0.02856 -0.00334266   -0.356588
  0.0208744     0.80067    0.598742     1.34695
          0           0           0           1

   0.0159777     0.599028    -0.800568      1.52861
   -0.999658    0.0261447 -0.000388269    -0.355413
   0.0206981     0.800301     0.599241      1.34671
           0            0            0            1

 0.0134973   0.598775  -0.800803    1.52843
 -0.999705  0.0242346 0.00127085  -0.354945
 0.0201681    0.80055   0.598926    1.34665
         0          0          0          1

0.00965186   0.598009  -0.801432    1.52797
 -0.999748  0.0220037 0.00437841  -0.354495
 0.0202528   0.801188   0.598071    1.34642
         0          0          0          1

0.00771889   0.596773  -0.802373    1.52735
 -0.999777   0.020359 0.00552428  -0.353609
 0.0196323   0.802152   0.596797    1.34641
         0          0          0          1

0.00334959  0.594876  -0.80381   1.52659
-0.999825 0.0167919 0.0082608 -0.353118
0.0184117  0.803642  0.594828   1.34651
        0         0         0         1

-0.000477861  0.593932 -0.804515   1.52573
-0.999848 0.0137155 0.0107193 -0.352514
0.0174008  0.804398  0.593836   1.34638
        0         0         0         1

-0.00982028   0.591919  -0.805938    1.52327
 -0.999865 0.00478655  0.0156987  -0.351014
   0.01315   0.805983   0.591792    1.34628
         0          0          0          1

-0.0139184    0.5921 -0.805744   1.52233
-0.999833 0.0013229 0.0182432 -0.350458
0.0118677  0.805863  0.591982   1.34642
        0         0         0         1

 -0.0171966    0.593834   -0.804404     1.52155
  -0.999806 -0.00249685   0.0195307   -0.349518
 0.00958953    0.804584    0.593762      1.3465
          0           0           0           1

 -0.0188932    0.596736   -0.802215     1.52079
  -0.999779 -0.00383682   0.0206921   -0.348484
 0.00926975    0.802428    0.596676     1.34669
          0           0           0           1

 -0.0228932    0.601914   -0.798233      1.5197
  -0.999697 -0.00657096   0.0237163   -0.346425
 0.00903001    0.798534    0.601882     1.34886
          0           0           0           1

 -0.0240274    0.602468   -0.797781     1.51923
  -0.999668 -0.00702043    0.024806   -0.345293
 0.00934408    0.798112    0.602436     1.35019
          0           0           0           1

  -0.026122    0.601713   -0.798285     1.51873
  -0.999616 -0.00837699   0.0263959    -0.34397
 0.00919552    0.798669    0.601701      1.3521
          0           0           0           1

-0.0290296  0.599989 -0.799481   1.51849
-0.999545 -0.010845 0.0281551 -0.342956
0.00822242  0.799935  0.600031   1.35348
        0         0         0         1

-0.0327845   0.596809  -0.801714    1.51786
 -0.999445 -0.0148368  0.0298255  -0.341533
0.00590525   0.802246   0.596964    1.35511
         0          0          0          1

-0.0374074   0.593632  -0.803867    1.51724
 -0.999295 -0.0196552  0.0319867  -0.340246
0.00318816   0.804497   0.593949    1.35615
         0          0          0          1

-0.0475197  0.588268 -0.807269   1.51527
-0.998867 -0.030196 0.0367938 -0.336514
-0.00273171  0.808102  0.589036   1.35882
        0         0         0         1

-0.0517782   0.586681  -0.808161    1.51474
  -0.99865 -0.0337215  0.0395027  -0.334894
-0.00407699   0.809116   0.587635    1.36068
         0          0          0          1

-0.0548818   0.583728  -0.810093      1.514
 -0.998476 -0.0367577  0.0411578  -0.332341
-0.00575223   0.811117   0.584856    1.36365
         0          0          0          1

-0.0568421   0.580758  -0.812089    1.51359
 -0.998368 -0.0376149  0.0429807  -0.330157
-0.00558524   0.813207   0.581948    1.36637
         0          0          0          1

-0.0616559   0.569739  -0.819509    1.51287
 -0.998087 -0.0389725  0.0479967  -0.325092
-0.00459273   0.820901   0.571052    1.37393
         0          0          0          1

-0.0636053   0.563424  -0.823716    1.51216
 -0.997964 -0.0397414  0.0498771  -0.322576
-0.00463367   0.825212   0.564805     1.3778
         0          0          0          1

-0.0657698   0.556372  -0.828326    1.51104
 -0.997827 -0.0399552  0.0523911  -0.319483
-0.00394696   0.829972   0.557791    1.38304
         0          0          0          1

-0.0680856   0.551312  -0.831517    1.50984
 -0.997676 -0.0399092  0.0552303  -0.316658
-0.0027361   0.833344   0.552747     1.3879
         0          0          0          1

-0.0697124   0.546353  -0.834649    1.50826
 -0.997567 -0.0384112  0.0581762  -0.312922
-0.000275108   0.836674   0.547702    1.39398
         0          0          0          1

-0.0720332   0.543761  -0.836143    1.50652
 -0.997399 -0.0371081  0.0617931  -0.309648
0.00257295    0.83842   0.545019    1.39979
         0          0          0          1

-0.0731589   0.540712   -0.83802    1.50298
 -0.997259 -0.0303143  0.0675008  -0.301463
 0.0110945   0.840661   0.541448    1.41523
         0          0          0          1

-0.0706625   0.540677  -0.838257    1.50119
 -0.997361 -0.0242556  0.0684295  -0.297063
 0.0166659    0.84088   0.540964    1.42311
         0          0          0          1

-0.0677336   0.541243  -0.838134    1.49933
 -0.997433 -0.0171649  0.0695227  -0.291852
 0.0232421   0.840691   0.541016    1.43297
         0          0          0          1

 -0.0645113    0.541893   -0.837968     1.49795
  -0.997469 -0.00985849   0.0704153   -0.287202
  0.0298964     0.84039    0.541157     1.44196
          0           0           0           1

-0.054167  0.542099 -0.838567   1.49497
-0.997338 0.0116852 0.0719768 -0.275368
0.0488174  0.840233  0.540023   1.46516
        0         0         0         1

-0.0478346  0.540451 -0.840014   1.49365
-0.997125 0.0236403  0.071991  -0.26948
0.0587658  0.841043  0.537767   1.47686
        0         0         0         1

-0.0412936  0.537605 -0.842185   1.49195
-0.996656 0.0373167 0.0726885 -0.262233
0.0705053   0.84237  0.534267   1.49116
        0         0         0         1

-0.0359337  0.535397 -0.843836   1.49047
-0.995996 0.0499788 0.0741238 -0.255798
0.0818595  0.843121  0.531457    1.5037
        0         0         0         1

-0.0298996  0.531876 -0.846294    1.4883
-0.994958 0.0652544 0.0761626  -0.24784
0.0957335  0.844305  0.527243   1.51871
        0         0         0         1

-0.0231271  0.527714 -0.849107   1.48604
-0.994061 0.0782016 0.0756769 -0.240325
 0.106337  0.845814  0.522772   1.53235
        0         0         0         1

-0.00920365   0.51894 -0.854761   1.48042
-0.991533   0.10599 0.0750244  -0.22299
 0.129529  0.848214  0.513571   1.56441
        0         0         0         1

-0.00283184  0.516325 -0.856388   1.47752
-0.990192  0.118178 0.0745249 -0.214677
 0.139685    0.8482  0.510926   1.57926
        0         0         0         1

0.00588307  0.514248 -0.857621   1.47364
-0.988083  0.134907 0.0741151 -0.203928
 0.153813  0.846965  0.508913    1.5966
        0         0         0         1

0.0120678  0.513617 -0.857935    1.4706
-0.986037  0.148624 0.0751069 -0.194831
 0.166086  0.845049  0.508239   1.61203
        0         0         0         1

0.0273794  0.512966 -0.857972   1.46293
-0.980838  0.179405 0.0759625 -0.172785
  0.19289  0.839452  0.508049   1.64839
        0         0         0         1

0.0360445  0.513058 -0.857597   1.45908
 -0.97783  0.195237 0.0757027 -0.161683
 0.206274  0.835855  0.508721   1.66494
        0         0         0         1

0.0449141  0.514647 -0.856225   1.45473
