-0.128486  -0.59554  0.792984   0.90384
-0.892111 -0.279847 -0.354716   1.09764
 0.433162 -0.753005 -0.495332   2.02771
        0         0         0         1

-0.0925125 -0.564543  0.820203  0.888012
-0.902788 -0.299917 -0.308259   1.04619
 0.420018 -0.768987 -0.481917   2.04247
        0         0         0         1

-0.0925125 -0.564543  0.820203  0.888012
-0.902788 -0.299917 -0.308259   1.04619
 0.420018 -0.768987 -0.481917   2.04247
        0         0         0         1

-0.0738506 -0.550859  0.831324  0.879153
  -0.9054 -0.312437 -0.287461   1.01655
 0.418087  -0.77391 -0.475675   2.03769
        0         0         0         1

-0.0738506 -0.550859  0.831324  0.879153
  -0.9054 -0.312437 -0.287461   1.01655
 0.418087  -0.77391 -0.475675   2.03769
        0         0         0         1

-0.0458365 -0.536574  0.842608  0.878598
-0.914936 -0.316036 -0.251023  0.968111
 0.400987 -0.782438 -0.476445   2.04125
        0         0         0         1

-0.0458365 -0.536574  0.842608  0.878598
-0.914936 -0.316036 -0.251023  0.968111
 0.400987 -0.782438 -0.476445   2.04125
        0         0         0         1

-0.0360413 -0.532538  0.845638  0.890016
-0.918918 -0.314938 -0.237496  0.939175
   0.3928 -0.785632 -0.478008   2.03924
        0         0         0         1

-0.0360413 -0.532538  0.845638  0.890016
-0.918918 -0.314938 -0.237496  0.939175
   0.3928 -0.785632 -0.478008   2.03924
        0         0         0         1

-0.0258743  -0.52691  0.849527  0.892372
-0.926015 -0.307511 -0.218934  0.905778
 0.376598  -0.79234  -0.47997    2.0409
        0         0         0         1

-0.0258743  -0.52691  0.849527  0.892372
-0.926015 -0.307511 -0.218934  0.905778
 0.376598  -0.79234  -0.47997    2.0409
        0         0         0         1

-0.0234338 -0.511559  0.858929  0.882999
-0.933584 -0.296116 -0.201831  0.863665
 0.357591 -0.806612 -0.470644   2.03314
        0         0         0         1

-0.0234338 -0.511559  0.858929  0.882999
-0.933584 -0.296116 -0.201831  0.863665
 0.357591 -0.806612 -0.470644   2.03314
        0         0         0         1

-0.0300378  -0.51548  0.856375  0.888137
-0.940099 -0.276496 -0.199407    0.8347
 0.339575 -0.811067 -0.476297   2.03134
        0         0         0         1

-0.0300378  -0.51548  0.856375  0.888137
-0.940099 -0.276496 -0.199407    0.8347
 0.339575 -0.811067 -0.476297   2.03134
        0         0         0         1

-0.033238  -0.52284  0.851783  0.889517
-0.946193 -0.258023 -0.195301   0.79948
  0.32189 -0.812442 -0.486132   2.01264
        0         0         0         1

-0.033238  -0.52284  0.851783  0.889517
-0.946193 -0.258023 -0.195301   0.79948
  0.32189 -0.812442 -0.486132   2.01264
        0         0         0         1

 -0.03461 -0.536063  0.843468  0.896226
-0.953402 -0.235389 -0.188722  0.773809
  0.29971 -0.810696 -0.502937   2.00413
        0         0         0         1

 -0.03461 -0.536063  0.843468  0.896226
-0.953402 -0.235389 -0.188722  0.773809
  0.29971 -0.810696 -0.502937   2.00413
        0         0         0         1

-0.0335645 -0.542918  0.839115  0.892941
-0.960553 -0.214388 -0.177134  0.749854
 0.276065 -0.811959 -0.514305   1.99579
        0         0         0         1

-0.0335645 -0.542918  0.839115  0.892941
-0.960553 -0.214388 -0.177134  0.749854
 0.276065 -0.811959 -0.514305   1.99579
        0         0         0         1

-0.0169384 -0.535647  0.844272  0.896657
-0.971626 -0.190415 -0.140302   0.71695
 0.235914 -0.822693 -0.517224   1.97755
        0         0         0         1

-0.0169384 -0.535647  0.844272  0.896657
-0.971626 -0.190415 -0.140302   0.71695
 0.235914 -0.822693 -0.517224   1.97755
        0         0         0         1

-0.0301775 -0.527543  0.848992  0.897106
-0.979728 -0.152681 -0.129697  0.695046
 0.198045 -0.835695 -0.512241   1.96474
        0         0         0         1

-0.0301775 -0.527543  0.848992  0.897106
-0.979728 -0.152681 -0.129697  0.695046
 0.198045 -0.835695 -0.512241   1.96474
        0         0         0         1

-0.0235296 -0.526294  0.849977  0.910418
-0.988017 -0.117484 -0.100096  0.668949
 0.152539 -0.842147 -0.517223   1.93125
        0         0         0         1

-0.0235296 -0.526294  0.849977  0.910418
-0.988017 -0.117484 -0.100096  0.668949
 0.152539 -0.842147 -0.517223   1.93125
        0         0         0         1

0.00830596   -0.52799    0.84921   0.903101
 -0.994697 -0.0914266 -0.0471148    0.64947
  0.102516  -0.844315  -0.525949    1.91612
         0          0          0          1

0.00830596   -0.52799    0.84921   0.903101
 -0.994697 -0.0914266 -0.0471148    0.64947
  0.102516  -0.844315  -0.525949    1.91612
         0          0          0          1

 0.0286242  -0.547342    0.83642   0.903545
 -0.998756 -0.0498348 0.00156851   0.629803
 0.0408243  -0.835424  -0.548087    1.90468
         0          0          0          1

 0.0286242  -0.547342    0.83642   0.903545
 -0.998756 -0.0498348 0.00156851   0.629803
 0.0408243  -0.835424  -0.548087    1.90468
         0          0          0          1

 0.0405491  -0.569414    0.82105   0.919775
 -0.998656 0.00346317  0.0517223   0.608886
-0.0322948  -0.822044  -0.568508     1.8682
         0          0          0          1

 0.0405491  -0.569414    0.82105   0.919775
 -0.998656 0.00346317  0.0517223   0.608886
-0.0322948  -0.822044  -0.568508     1.8682
         0          0          0          1

0.0520233 -0.571966  0.818626  0.925916
-0.995317 0.0371818 0.0892304  0.595535
-0.0814747 -0.819434 -0.567353    1.8443
        0         0         0         1

0.0520233 -0.571966  0.818626  0.925916
-0.995317 0.0371818 0.0892304  0.595535
-0.0814747 -0.819434 -0.567353    1.8443
        0         0         0         1

0.0654312  -0.54848    0.8336  0.936683
-0.986867 0.0880764  0.135413  0.577078
-0.147692 -0.831512 -0.535514   1.80671
        0         0         0         1

0.0654312  -0.54848    0.8336  0.936683
-0.986867 0.0880764  0.135413  0.577078
-0.147692 -0.831512 -0.535514   1.80671
        0         0         0         1

0.0739926 -0.538475  0.839387  0.942296
-0.979464  0.119055  0.162715  0.566138
-0.187551 -0.834189 -0.518607   1.78338
        0         0         0         1

0.0739926 -0.538475  0.839387  0.942296
-0.979464  0.119055  0.162715  0.566138
-0.187551 -0.834189 -0.518607   1.78338
        0         0         0         1

0.0786262 -0.533717     0.842  0.947768
-0.972495  0.144693  0.182528  0.557543
 -0.21925 -0.833193  -0.50766   1.75522
        0         0         0         1

0.0786262 -0.533717     0.842  0.947768
-0.972495  0.144693  0.182528  0.557543
 -0.21925 -0.833193  -0.50766   1.75522
        0         0         0         1

0.0761574 -0.535734  0.840945  0.952551
-0.960003  0.188504  0.207028  0.542967
-0.269433 -0.823077 -0.499951   1.72108
        0         0         0         1

0.0761574 -0.535734  0.840945  0.952551
-0.960003  0.188504  0.207028  0.542967
-0.269433 -0.823077 -0.499951   1.72108
        0         0         0         1

0.0695555 -0.528901  0.845828  0.957295
-0.954384  0.211516  0.210744  0.535353
-0.290369 -0.821903 -0.490063   1.69708
        0         0         0         1

0.0695555 -0.528901  0.845828  0.957295
-0.954384  0.211516  0.210744  0.535353
-0.290369 -0.821903 -0.490063   1.69708
        0         0         0         1

0.0639263 -0.502791  0.862041  0.965939
-0.941816  0.255241  0.218713  0.524338
-0.329995 -0.825865  -0.45722   1.66602
        0         0         0         1

0.0639263 -0.502791  0.862041  0.965939
-0.941816  0.255241  0.218713  0.524338
-0.329995 -0.825865  -0.45722   1.66602
        0         0         0         1

0.0601162 -0.482515  0.873822  0.971119
-0.934619  0.280206  0.219026  0.518372
-0.350534 -0.829858 -0.434122   1.64102
        0         0         0         1

0.0601162 -0.482515  0.873822  0.971119
-0.934619  0.280206  0.219026  0.518372
-0.350534 -0.829858 -0.434122   1.64102
        0         0         0         1

 0.058723 -0.459692  0.886135  0.973793
  -0.9242   0.31052  0.222331  0.512667
-0.377367 -0.832022 -0.406612   1.62276
        0         0         0         1

 0.058723 -0.459692  0.886135  0.973793
  -0.9242   0.31052  0.222331  0.512667
-0.377367 -0.832022 -0.406612   1.62276
        0         0         0         1

0.0594089 -0.416941   0.90699   0.97924
-0.909793  0.351284  0.221077  0.506214
-0.410788 -0.838308  -0.35846   1.58997
        0         0         0         1

0.0594089 -0.416941   0.90699   0.97924
-0.909793  0.351284  0.221077  0.506214
-0.410788 -0.838308  -0.35846   1.58997
        0         0         0         1

0.0522225  -0.40146  0.914387  0.982745
-0.897803  0.382072  0.219023  0.502304
-0.437291 -0.832377 -0.340479   1.57309
        0         0         0         1

0.0522225  -0.40146  0.914387  0.982745
-0.897803  0.382072  0.219023  0.502304
-0.437291 -0.832377 -0.340479   1.57309
        0         0         0         1

0.0489363 -0.369009  0.928137  0.988911
-0.881741  0.420556  0.213695  0.495954
-0.469188 -0.828834  -0.30479   1.54977
        0         0         0         1

0.0489363 -0.369009  0.928137  0.988911
-0.881741  0.420556  0.213695  0.495954
-0.469188 -0.828834  -0.30479   1.54977
        0         0         0         1

0.0395224 -0.349676  0.936037  0.991503
-0.878037  0.434996  0.199575  0.493116
-0.476959 -0.829762 -0.289837   1.53293
        0         0         0         1

0.0395224 -0.349676  0.936037  0.991503
-0.878037  0.434996  0.199575  0.493116
-0.476959 -0.829762 -0.289837   1.53293
        0         0         0         1

0.0329435 -0.323483   0.94566  0.996036
-0.873979  0.449673  0.184266  0.489854
-0.484845 -0.832558 -0.267903   1.52048
        0         0         0         1

0.0329435 -0.323483   0.94566  0.996036
-0.873979  0.449673  0.184266  0.489854
-0.484845 -0.832558 -0.267903   1.52048
        0         0         0         1

 0.040496  -0.27643   0.96018   1.00208
-0.865204  0.470967  0.172079  0.484798
-0.499781 -0.837721 -0.220096   1.50441
        0         0         0         1

 0.040496  -0.27643   0.96018   1.00208
-0.865204  0.470967  0.172079  0.484798
-0.499781 -0.837721 -0.220096   1.50441
        0         0         0         1

0.0461959 -0.251783   0.96668   1.00299
-0.863072  0.477185  0.165533  0.481783
-0.502964 -0.841962 -0.195263   1.49611
        0         0         0         1

0.0461959 -0.251783   0.96668   1.00299
-0.863072  0.477185  0.165533  0.481783
-0.502964 -0.841962 -0.195263   1.49611
        0         0         0         1

0.0494913 -0.230185  0.971888   1.00862
-0.860683  0.483864  0.158428  0.477964
 -0.50673 -0.844328 -0.174169   1.48499
        0         0         0         1

0.0494913 -0.230185  0.971888   1.00862
-0.860683  0.483864  0.158428  0.477964
 -0.50673 -0.844328 -0.174169   1.48499
        0         0         0         1

0.0418189 -0.223307  0.973851   1.01561
 -0.86014  0.487868  0.148806  0.475339
 -0.50834 -0.843871 -0.171673   1.47826
        0         0         0         1

0.0418189 -0.223307  0.973851   1.01561
 -0.86014  0.487868  0.148806  0.475339
 -0.50834 -0.843871 -0.171673   1.47826
        0         0         0         1

0.0397018 -0.217962  0.975149   1.01535
-0.861797  0.486439  0.143814  0.473064
-0.505696 -0.846091 -0.168527   1.47225
        0         0         0         1

0.0397018 -0.217962  0.975149   1.01535
-0.861797  0.486439  0.143814  0.473064
-0.505696 -0.846091 -0.168527   1.47225
        0         0         0         1

 0.044378  -0.18074  0.982529   1.02297
-0.863505  0.487641  0.128706  0.468349
-0.502383 -0.854131  -0.13443   1.46563
        0         0         0         1

 0.044378  -0.18074  0.982529   1.02297
-0.863505  0.487641  0.128706  0.468349
-0.502383 -0.854131  -0.13443   1.46563
        0         0         0         1

 0.0625697  -0.149582   0.986768    1.02297
 -0.863934   0.486911   0.128591     0.4649
 -0.499703  -0.860548 -0.0987629    1.46037
         0          0          0          1

 0.0625697  -0.149582   0.986768    1.02297
 -0.863934   0.486911   0.128591     0.4649
 -0.499703  -0.860548 -0.0987629    1.46037
         0          0          0          1

 0.0659071  -0.116339    0.99102    1.02772
  -0.86944   0.480647   0.114246   0.461814
 -0.489622  -0.869163 -0.0694714    1.45338
         0          0          0          1

 0.0659071  -0.116339    0.99102    1.02772
  -0.86944   0.480647   0.114246   0.461814
 -0.489622  -0.869163 -0.0694714    1.45338
         0          0          0          1

 0.0502323 -0.0849354   0.995119    1.02926
 -0.875114   0.476422  0.0848382   0.457173
 -0.481303  -0.875104 -0.0503963    1.44865
         0          0          0          1

 0.0502323 -0.0849354   0.995119    1.02926
 -0.875114   0.476422  0.0848382   0.457173
 -0.481303  -0.875104 -0.0503963    1.44865
         0          0          0          1

 0.0514442 -0.0557122   0.997121    1.03042
 -0.876806   0.475453  0.0718019   0.453524
 -0.478084  -0.877975 -0.0243895     1.4446
         0          0          0          1

 0.0514442 -0.0557122   0.997121    1.03042
 -0.876806   0.475453  0.0718019   0.453524
 -0.478084  -0.877975 -0.0243895     1.4446
         0          0          0          1

   0.056227 -0.00137532    0.998417     1.03546
  -0.879129    0.473936   0.0501621    0.447854
  -0.473255   -0.880558    0.025439     1.43755
          0           0           0           1

   0.056227 -0.00137532    0.998417     1.03546
  -0.879129    0.473936   0.0501621    0.447854
  -0.473255   -0.880558    0.025439     1.43755
          0           0           0           1

 0.039682 0.0176119  0.999057   1.03338
-0.880612  0.473089 0.0266375  0.444734
-0.472173 -0.880839 0.0342824   1.43512
        0         0         0         1

 0.039682 0.0176119  0.999057   1.03338
-0.880612  0.473089 0.0266375  0.444734
-0.472173 -0.880839 0.0342824   1.43512
        0         0         0         1

0.0317396   0.02252  0.999242     1.032
-0.883941  0.467269 0.0175464  0.441053
 -0.46652 -0.883828 0.0347373   1.43041
        0         0         0         1

0.0317396   0.02252  0.999242     1.032
-0.883941  0.467269 0.0175464  0.441053
 -0.46652 -0.883828 0.0347373   1.43041
        0         0         0         1

0.0301489 0.0224695  0.999293   1.03886
-0.884513  0.466234 0.0162025  0.436141
 -0.46554 -0.884376  0.033931   1.42595
        0         0         0         1

0.0301489 0.0224695  0.999293   1.03886
-0.884513  0.466234 0.0162025  0.436141
 -0.46554 -0.884376  0.033931   1.42595
        0         0         0         1

 0.036346 0.0235161  0.999063   1.03567
-0.882951  0.468992 0.0210827  0.432867
-0.468057 -0.882889 0.0378095   1.42479
        0         0         0         1

 0.036346 0.0235161  0.999063   1.03567
-0.882951  0.468992 0.0210827  0.432867
-0.468057 -0.882889 0.0378095   1.42479
        0         0         0         1

 0.0222188  0.0405705    0.99893    1.03488
 -0.884026   0.467438 0.00067852   0.429417
  -0.46691  -0.883095  0.0462513    1.42002
         0          0          0          1

 0.0222188  0.0405705    0.99893    1.03488
 -0.884026   0.467438 0.00067852   0.429417
  -0.46691  -0.883095  0.0462513    1.42002
         0          0          0          1

  0.0288101   0.0596713    0.997802     1.03143
  -0.887233    0.461317 -0.00197049     0.42675
  -0.460421   -0.885226   0.0662329     1.41522
          0           0           0           1

  0.0288101   0.0596713    0.997802     1.03143
  -0.887233    0.461317 -0.00197049     0.42675
  -0.460421   -0.885226   0.0662329     1.41522
          0           0           0           1

  0.0318806   0.0805882    0.996238     1.02931
  -0.888658    0.458489 -0.00865043    0.423565
  -0.457461   -0.885039   0.0862322     1.41032
          0           0           0           1

  0.0318806   0.0805882    0.996238     1.02931
  -0.888658    0.458489 -0.00865043    0.423565
  -0.457461   -0.885039   0.0862322     1.41032
          0           0           0           1

   0.033419   0.0818389    0.996085     1.02682
  -0.888879    0.458075 -0.00781352     0.42184
  -0.456921   -0.885138   0.0880533     1.40767
          0           0           0           1

   0.033419   0.0818389    0.996085     1.02682
  -0.888879    0.458075 -0.00781352     0.42184
  -0.456921   -0.885138   0.0880533     1.40767
          0           0           0           1

 0.0254797  0.0812611   0.996367    1.02483
 -0.889699   0.456319 -0.0144642   0.420654
 -0.455836  -0.886098  0.0839248    1.40387
         0          0          0          1

 0.0254797  0.0812611   0.996367    1.02483
 -0.889699   0.456319 -0.0144642   0.420654
 -0.455836  -0.886098  0.0839248    1.40387
         0          0          0          1

  0.016719  0.0709461    0.99734    1.02376
 -0.888273   0.458972 -0.0177585   0.418612
 -0.459011  -0.885613  0.0706931    1.40374
         0          0          0          1

  0.016719  0.0709461    0.99734    1.02376
 -0.888273   0.458972 -0.0177585   0.418612
 -0.459011  -0.885613  0.0706931    1.40374
         0          0          0          1

  0.0240055   0.0661458    0.997521     1.02341
  -0.890279    0.455332 -0.00876842    0.416943
  -0.454783   -0.887861   0.0698187     1.40198
          0           0           0           1

  0.0240055   0.0661458    0.997521     1.02341
  -0.890279    0.455332 -0.00876842    0.416943
  -0.454783   -0.887861   0.0698187     1.40198
          0           0           0           1

  0.0266836   0.0585924    0.997925     1.02716
  -0.893931    0.448199 -0.00241275    0.414324
   -0.44741   -0.892012   0.0643371     1.40259
          0           0           0           1

  0.0266836   0.0585924    0.997925     1.02716
  -0.893931    0.448199 -0.00241275    0.414324
   -0.44741   -0.892012   0.0643371     1.40259
          0           0           0           1

  0.0313495   0.0750988    0.996683     1.02701
  -0.896635     0.44274 -0.00515725    0.413381
  -0.441659     -0.8935   0.0812159     1.40314
          0           0           0           1

  0.0313495   0.0750988    0.996683     1.02701
  -0.896635     0.44274 -0.00515725    0.413381
  -0.441659     -0.8935   0.0812159     1.40314
          0           0           0           1

0.0314666 0.0914743   0.99531   1.02696
-0.899601  0.436556 -0.011681   0.41332
-0.435577 -0.895015 0.0960273   1.40364
        0         0         0         1

0.0314666 0.0914743   0.99531   1.02696
-0.899601  0.436556 -0.011681   0.41332
-0.435577 -0.895015 0.0960273   1.40364
        0         0         0         1

 0.0457197   0.126201   0.990951    1.02714
 -0.904645   0.425983 -0.0125127   0.414639
 -0.423707  -0.895886   0.133643    1.40414
         0          0          0          1

 0.0457197   0.126201   0.990951    1.02714
 -0.904645   0.425983 -0.0125127   0.414639
 -0.423707  -0.895886   0.133643    1.40414
         0          0          0          1

  0.0627738    0.152454    0.986315     1.02877
  -0.908341    0.418174 -0.00682572    0.415874
  -0.413492   -0.895482    0.164731     1.40399
          0           0           0           1

  0.0627738    0.152454    0.986315     1.02877
  -0.908341    0.418174 -0.00682572    0.415874
  -0.413492   -0.895482    0.164731     1.40399
          0           0           0           1

0.0856711  0.161756  0.983105   1.02957
-0.911407  0.411338 0.0117433  0.419228
-0.402489 -0.897015  0.182665   1.40695
        0         0         0         1

0.0856711  0.161756  0.983105   1.02957
-0.911407  0.411338 0.0117433  0.419228
-0.402489 -0.897015  0.182665   1.40695
        0         0         0         1

0.0925969  0.153276  0.983835   1.02932
-0.913295  0.406672 0.0226004  0.422677
-0.396634 -0.900624  0.177643    1.4108
        0         0         0         1

0.0925969  0.153276  0.983835   1.02932
-0.913295  0.406672 0.0226004  0.422677
-0.396634 -0.900624  0.177643    1.4108
        0         0         0         1

0.0961026   0.14285  0.985068   1.02608
-0.913386  0.405969 0.0302376  0.426834
-0.395588 -0.902653  0.169492   1.41729
        0         0         0         1

0.0961026   0.14285  0.985068   1.02608
-0.913386  0.405969 0.0302376  0.426834
-0.395588 -0.902653  0.169492   1.41729
        0         0         0         1

0.0952606  0.140253  0.985522   1.02419
-0.917849  0.395605 0.0324194    0.4342
 -0.38533 -0.907649  0.166417   1.42344
        0         0         0         1

0.0952606  0.140253  0.985522   1.02419
-0.917849  0.395605 0.0324194    0.4342
 -0.38533 -0.907649  0.166417   1.42344
        0         0         0         1

0.0915828  0.138756  0.986083   1.02482
-0.921673  0.386713 0.0311847  0.439968
-0.377004 -0.911702  0.163304   1.43081
        0         0         0         1

0.0915828  0.138756  0.986083   1.02482
-0.921673  0.386713 0.0311847  0.439968
-0.377004 -0.911702  0.163304   1.43081
        0         0         0         1

0.0883364  0.138436  0.986424   1.02375
-0.926777  0.374375 0.0304547  0.446043
-0.365077 -0.916885   0.16137   1.43939
        0         0         0         1

0.0883364  0.138436  0.986424   1.02375
-0.926777  0.374375 0.0304547  0.446043
-0.365077 -0.916885   0.16137   1.43939
        0         0         0         1

0.0874989  0.127647  0.987953   1.01884
-0.935604  0.351054 0.0375052  0.457075
-0.342037 -0.927614  0.150144    1.4517
        0         0         0         1

0.0874989  0.127647  0.987953   1.01884
-0.935604  0.351054 0.0375052  0.457075
-0.342037 -0.927614  0.150144    1.4517
        0         0         0         1

0.0893626  0.115668   0.98926   1.01529
-0.938304  0.342915 0.0446648  0.464071
-0.334066 -0.932218  0.139175   1.46729
        0         0         0         1

0.0893626  0.115668   0.98926   1.01529
-0.938304  0.342915 0.0446648  0.464071
-0.334066 -0.932218  0.139175   1.46729
        0         0         0         1

0.0899038 0.0963864  0.991275   1.00896
 -0.94601  0.319482 0.0547337  0.475342
-0.311419 -0.942678  0.119905   1.48945
        0         0         0         1

0.0899038 0.0963864  0.991275   1.00896
 -0.94601  0.319482 0.0547337  0.475342
-0.311419 -0.942678  0.119905   1.48945
        0         0         0         1

0.0821987 0.0938011  0.992192   1.00587
-0.953829  0.295982 0.0510386  0.483645
-0.288883 -0.950577  0.113799   1.50435
        0         0         0         1

0.0821987 0.0938011  0.992192   1.00587
-0.953829  0.295982 0.0510386  0.483645
-0.288883 -0.950577  0.113799   1.50435
        0         0         0         1

0.0790369 0.0778789  0.993825  0.997085
-0.959188   0.27746 0.0545398  0.491974
-0.271499 -0.957576   0.09663   1.52285
        0         0         0         1

0.0790369 0.0778789  0.993825  0.997085
-0.959188   0.27746 0.0545398  0.491974
-0.271499 -0.957576   0.09663   1.52285
        0         0         0         1

0.0753831 0.0483951   0.99598  0.982305
-0.966607  0.248882 0.0610667  0.503893
-0.244926 -0.967324 0.0655405   1.55366
        0         0         0         1

0.0753831 0.0483951   0.99598  0.982305
-0.966607  0.248882 0.0610667  0.503893
-0.244926 -0.967324 0.0655405   1.55366
        0         0         0         1

0.0631587 0.0290328  0.997581  0.971932
-0.972477  0.226417 0.0549798  0.511805
-0.224274 -0.973598  0.042534   1.57325
        0         0         0         1

0.0631587 0.0290328  0.997581  0.971932
-0.972477  0.226417 0.0549798  0.511805
-0.224274 -0.973598  0.042534   1.57325
        0         0         0         1

 0.0335621 -0.0028025   0.999433   0.952708
 -0.979385   0.199214  0.0334475   0.521414
 -0.199194  -0.979952  0.0039413     1.6092
         0          0          0          1

 0.0335621 -0.0028025   0.999433   0.952708
 -0.979385   0.199214  0.0334475   0.521414
 -0.199194  -0.979952  0.0039413     1.6092
         0          0          0          1

 0.0126274  -0.027797   0.999534   0.929855
 -0.984245    0.17596  0.0173277   0.527587
  -0.17636  -0.984005 -0.0251372    1.63023
         0          0          0          1

 0.0126274  -0.027797   0.999534   0.929855
 -0.984245    0.17596  0.0173277   0.527587
  -0.17636  -0.984005 -0.0251372    1.63023
         0          0          0          1

-0.0285863 -0.0466244   0.998503   0.905975
 -0.987971   0.153191 -0.0211317   0.531727
 -0.151976  -0.987096 -0.0504427    1.65451
         0          0          0          1

-0.0285863 -0.0466244   0.998503   0.905975
 -0.987971   0.153191 -0.0211317   0.531727
 -0.151976  -0.987096 -0.0504427    1.65451
         0          0          0          1

   -0.1155 -0.0340636   0.992723   0.870394
 -0.988788  0.0991686   -0.11164   0.537831
-0.0946441  -0.994487 -0.0451357    1.68426
         0          0          0          1

   -0.1155 -0.0340636   0.992723   0.870394
 -0.988788  0.0991686   -0.11164   0.537831
-0.0946441  -0.994487 -0.0451357    1.68426
         0          0          0          1

 -0.123529 -0.0319875   0.991825   0.844786
 -0.990593  0.0632698  -0.121335   0.539249
-0.0588714  -0.997484 -0.0395023    1.70029
         0          0          0          1

 -0.123529 -0.0319875   0.991825   0.844786
 -0.990593  0.0632698  -0.121335   0.539249
-0.0588714  -0.997484 -0.0395023    1.70029
         0          0          0          1

 -0.116619 -0.0565651   0.991565   0.812595
 -0.992187  0.0511853  -0.113772   0.536881
 -0.044318  -0.997086 -0.0620923    1.73445
         0          0          0          1

 -0.116619 -0.0565651   0.991565   0.812595
 -0.992187  0.0511853  -0.113772   0.536881
 -0.044318  -0.997086 -0.0620923    1.73445
         0          0          0          1

 -0.113193 -0.0651045   0.991438   0.786751
 -0.992981  0.0418508  -0.110621   0.533576
-0.0342906     -0.997 -0.0693847    1.75474
         0          0          0          1

 -0.113193 -0.0651045   0.991438   0.786751
 -0.992981  0.0418508  -0.110621   0.533576
-0.0342906     -0.997 -0.0693847    1.75474
         0          0          0          1

 -0.110668 -0.0658161   0.991676   0.760405
 -0.993671  0.0266392  -0.109122   0.530425
-0.0192355  -0.997476 -0.0683477    1.77125
         0          0          0          1

 -0.110668 -0.0658161   0.991676   0.760405
 -0.993671  0.0266392  -0.109122   0.530425
-0.0192355  -0.997476 -0.0683477    1.77125
         0          0          0          1

 -0.107212 -0.0827752   0.990784   0.731315
 -0.994233   0.011476  -0.106626   0.523476
-0.00254425  -0.996502 -0.0835282    1.79449
         0          0          0          1

 -0.107212 -0.0827752   0.990784   0.731315
 -0.994233   0.011476  -0.106626   0.523476
-0.00254425  -0.996502 -0.0835282    1.79449
         0          0          0          1

 -0.100372  -0.106557   0.989227   0.712491
 -0.994946 0.00803875  -0.100086   0.518348
 0.0027128  -0.994274  -0.106826    1.80808
         0          0          0          1

 -0.100372  -0.106557   0.989227   0.712491
 -0.994946 0.00803875  -0.100086   0.518348
 0.0027128  -0.994274  -0.106826    1.80808
         0          0          0          1

 -0.087016  -0.144992   0.985599   0.672204
 -0.996185 0.00615963 -0.0870444   0.505803
0.00654979  -0.989414  -0.144975    1.82873
         0          0          0          1

 -0.087016  -0.144992   0.985599   0.672204
 -0.996185 0.00615963 -0.0870444   0.505803
0.00654979  -0.989414  -0.144975    1.82873
         0          0          0          1

-0.0804644   -0.15324   0.984908   0.639607
 -0.996756  0.0109395 -0.0797304   0.494369
0.00144346  -0.988128  -0.153623    1.84419
         0          0          0          1

-0.0804644   -0.15324   0.984908   0.639607
 -0.996756  0.0109395 -0.0797304   0.494369
0.00144346  -0.988128  -0.153623    1.84419
         0          0          0          1

-0.0809981  -0.158718   0.983996   0.613278
 -0.996695 0.00675958 -0.0809531   0.485818
0.00619728  -0.987301   -0.15874    1.85066
         0          0          0          1

-0.0809981  -0.158718   0.983996   0.613278
 -0.996695 0.00675958 -0.0809531   0.485818
0.00619728  -0.987301   -0.15874    1.85066
         0          0          0          1

-0.0814269  -0.171049   0.981892   0.574582
 -0.996676  0.0114946 -0.0806505   0.468996
0.00250875  -0.985195  -0.171417    1.86492
         0          0          0          1

-0.0814269  -0.171049   0.981892   0.574582
 -0.996676  0.0114946 -0.0806505   0.468996
0.00250875  -0.985195  -0.171417    1.86492
         0          0          0          1

-0.0724176  -0.184495   0.980162   0.543042
 -0.997361  0.0185287 -0.0702007   0.454089
-0.0052095  -0.982659   -0.18535    1.87357
         0          0          0          1

-0.0724176  -0.184495   0.980162   0.543042
 -0.997361  0.0185287 -0.0702007   0.454089
-0.0052095  -0.982659   -0.18535    1.87357
         0          0          0          1

-0.0681822  -0.203115   0.976778    0.50056
 -0.997607   0.025159 -0.0644045   0.434262
-0.0114933  -0.978832  -0.204344    1.88192
         0          0          0          1

-0.0681822  -0.203115   0.976778    0.50056
 -0.997607   0.025159 -0.0644045   0.434262
-0.0114933  -0.978832  -0.204344    1.88192
         0          0          0          1

-0.0660706  -0.214778   0.974425    0.47516
 -0.997556  0.0364827 -0.0595976   0.419228
-0.0227494  -0.975981  -0.216664    1.89076
         0          0          0          1

-0.0660706  -0.214778   0.974425    0.47516
 -0.997556  0.0364827 -0.0595976   0.419228
-0.0227494  -0.975981  -0.216664    1.89076
         0          0          0          1

-0.0633901  -0.215667   0.974407   0.444746
 -0.997568  0.0420418 -0.0555917   0.404087
-0.0289765  -0.975561  -0.217808     1.8913
         0          0          0          1

-0.0633901  -0.215667   0.974407   0.444746
 -0.997568  0.0420418 -0.0555917   0.404087
-0.0289765  -0.975561  -0.217808     1.8913
         0          0          0          1

-0.0595963   -0.23375   0.970469   0.403771
 -0.997069  0.0606556 -0.0466201   0.379005
-0.0479669  -0.970403   -0.23668    1.90021
         0          0          0          1

-0.0595963   -0.23375   0.970469   0.403771
 -0.997069  0.0606556 -0.0466201   0.379005
-0.0479669  -0.970403   -0.23668    1.90021
         0          0          0          1

-0.0535727  -0.249025   0.967014   0.372885
 -0.996889  0.0694031 -0.0373551   0.360926
-0.0578114  -0.966007  -0.251969    1.90414
         0          0          0          1

-0.0535727  -0.249025   0.967014   0.372885
 -0.996889  0.0694031 -0.0373551   0.360926
-0.0578114  -0.966007  -0.251969    1.90414
         0          0          0          1

-0.0586978  -0.273571   0.960059   0.332646
 -0.995764  0.0842256 -0.0368805   0.335014
-0.0707721  -0.958157  -0.277356    1.90608
         0          0          0          1

-0.0586978  -0.273571   0.960059   0.332646
 -0.995764  0.0842256 -0.0368805   0.335014
-0.0707721  -0.958157  -0.277356    1.90608
         0          0          0          1

-0.0643514  -0.290292   0.954772   0.308868
 -0.994692  0.0956429 -0.0379624   0.317596
 -0.080297  -0.952146  -0.294906    1.90749
         0          0          0          1

-0.0643514  -0.290292   0.954772   0.308868
 -0.994692  0.0956429 -0.0379624   0.317596
 -0.080297  -0.952146  -0.294906    1.90749
         0          0          0          1

-0.0606548  -0.296761   0.953024   0.279369
 -0.994098   0.103995 -0.0308862   0.297947
-0.0899436  -0.949272  -0.301317    1.90641
         0          0          0          1

-0.0606548  -0.296761   0.953024   0.279369
 -0.994098   0.103995 -0.0308862   0.297947
-0.0899436  -0.949272  -0.301317    1.90641
         0          0          0          1

-0.0650601 -0.293275  0.953812  0.238295
-0.992521  0.117955 -0.031432  0.269188
-0.103289 -0.948724 -0.298756   1.90175
        0         0         0         1

-0.0650601 -0.293275  0.953812  0.238295
-0.992521  0.117955 -0.031432  0.269188
-0.103289 -0.948724 -0.298756   1.90175
        0         0         0         1

-0.0708075  -0.287527   0.955152   0.215225
 -0.991177   0.127843 -0.0349938   0.252966
 -0.112048  -0.949202  -0.294042    1.89476
         0          0          0          1

-0.0708075  -0.287527   0.955152   0.215225
 -0.991177   0.127843 -0.0349938   0.252966
 -0.112048  -0.949202  -0.294042    1.89476
         0          0          0          1

-0.0781821  -0.283463   0.955791   0.183167
 -0.989016   0.142687 -0.0385827    0.22842
 -0.125442  -0.948309  -0.291504    1.88518
         0          0          0          1

-0.0781821  -0.283463   0.955791   0.183167
 -0.989016   0.142687 -0.0385827    0.22842
 -0.125442  -0.948309  -0.291504    1.88518
         0          0          0          1

-0.0702986  -0.276723   0.958375   0.154616
 -0.987286   0.156608 -0.0271999   0.204268
 -0.142563  -0.948102  -0.284214    1.87859
         0          0          0          1

-0.0702986  -0.276723   0.958375   0.154616
 -0.987286   0.156608 -0.0271999   0.204268
 -0.142563  -0.948102  -0.284214    1.87859
         0          0          0          1

-0.0694064  -0.272144    0.95975   0.133672
 -0.985995   0.164958 -0.0245291   0.186865
 -0.151643  -0.948012  -0.279782    1.86853
         0          0          0          1

-0.0694064  -0.272144    0.95975   0.133672
 -0.985995   0.164958 -0.0245291   0.186865
 -0.151643  -0.948012  -0.279782    1.86853
         0          0          0          1

-0.0646376  -0.263455   0.962504  0.0966082
 -0.983929   0.177707 -0.0174348   0.155569
  -0.16645  -0.948162  -0.270707    1.85277
         0          0          0          1

-0.0646376  -0.263455   0.962504  0.0966082
 -0.983929   0.177707 -0.0174348   0.155569
  -0.16645  -0.948162  -0.270707    1.85277
         0          0          0          1

-0.0708561  -0.263987    0.96192  0.0770239
 -0.981934   0.188089 -0.0207117    0.13576
 -0.175459  -0.946009  -0.272545    1.84381
         0          0          0          1

-0.0708561  -0.263987    0.96192  0.0770239
 -0.981934   0.188089 -0.0207117    0.13576
 -0.175459  -0.946009  -0.272545    1.84381
         0          0          0          1

-0.0668002 -0.253429  0.965045 0.0493321
-0.980582  0.195411 -0.016559  0.108069
-0.184384 -0.947411 -0.261561   1.82334
        0         0         0         1

-0.0668002 -0.253429  0.965045 0.0493321
-0.980582  0.195411 -0.016559  0.108069
-0.184384 -0.947411 -0.261561   1.82334
        0         0         0         1

 -0.0567555   -0.248584    0.966946   0.0294872
  -0.979406    0.201822 -0.00560228    0.085386
  -0.193758   -0.947351   -0.254919     1.81167
          0           0           0           1

 -0.0567555   -0.248584    0.966946   0.0294872
  -0.979406    0.201822 -0.00560228    0.085386
  -0.193758   -0.947351   -0.254919     1.81167
          0           0           0           1

-0.0412383  -0.233767   0.971418 0.00925744
 -0.978572    0.20575 0.00797083  0.0666842
 -0.201732  -0.950274  -0.237243    1.79182
         0          0          0          1

-0.0412383  -0.233767   0.971418 0.00925744
 -0.978572    0.20575 0.00797083  0.0666842
 -0.201732  -0.950274  -0.237243    1.79182
         0          0          0          1

-0.0146251   -0.21806   0.975826 -0.0169645
 -0.975096   0.219108  0.0343482  0.0348948
 -0.221301  -0.951021  -0.215834    1.77386
         0          0          0          1

-0.0146251   -0.21806   0.975826 -0.0169645
 -0.975096   0.219108  0.0343482  0.0348948
 -0.221301  -0.951021  -0.215834    1.77386
         0          0          0          1

-0.00993367  -0.201323   0.979475 -0.0299012
 -0.973375   0.226273  0.0366367  0.0212382
 -0.229004  -0.953032  -0.198211    1.75484
         0          0          0          1

-0.00993367  -0.201323   0.979475 -0.0299012
 -0.973375   0.226273  0.0366367  0.0212382
 -0.229004  -0.953032  -0.198211    1.75484
         0          0          0          1

  0.0061183    -0.17765    0.984075  -0.0529711
  -0.970295    0.236952   0.0488082 -0.00284427
  -0.241849   -0.955141   -0.170923     1.73006
          0           0           0           1

  0.0061183    -0.17765    0.984075  -0.0529711
  -0.970295    0.236952   0.0488082 -0.00284427
  -0.241849   -0.955141   -0.170923     1.73006
          0           0           0           1

0.00319565  -0.170018   0.985436 -0.0662506
 -0.968268   0.245732  0.0455362 -0.0174143
 -0.249895  -0.954311  -0.163837    1.71421
         0          0          0          1

0.00319565  -0.170018   0.985436 -0.0662506
 -0.968268   0.245732  0.0455362 -0.0174143
 -0.249895  -0.954311  -0.163837    1.71421
         0          0          0          1

0.00129728  -0.167768   0.985826 -0.0790637
 -0.966607   0.252419  0.0442285  -0.031004
 -0.256261  -0.952963  -0.161838    1.69874
         0          0          0          1

0.00129728  -0.167768   0.985826 -0.0790637
 -0.966607   0.252419  0.0442285  -0.031004
 -0.256261  -0.952963  -0.161838    1.69874
         0          0          0          1

 0.0214457  -0.156767   0.987403 -0.0964925
 -0.962287   0.264659  0.0629191 -0.0507498
 -0.271188  -0.951515  -0.145179    1.67329
         0          0          0          1

 0.0214457  -0.156767   0.987403 -0.0964925
 -0.962287   0.264659  0.0629191 -0.0507498
 -0.271188  -0.951515  -0.145179    1.67329
         0          0          0          1

 0.0342475  -0.149402   0.988183  -0.106835
 -0.959507   0.271702   0.074332 -0.0631053
 -0.279597  -0.950714  -0.134047    1.65772
         0          0          0          1

 0.0342475  -0.149402   0.988183  -0.106835
 -0.959507   0.271702   0.074332 -0.0631053
 -0.279597  -0.950714  -0.134047    1.65772
         0          0          0          1

 0.0512415  -0.139368   0.988914  -0.120874
  -0.95721   0.275552  0.0884325 -0.0794337
 -0.284822  -0.951129  -0.119285     1.6344
         0          0          0          1

 0.0512415  -0.139368   0.988914  -0.120874
  -0.95721   0.275552  0.0884325 -0.0794337
 -0.284822  -0.951129  -0.119285     1.6344
         0          0          0          1

 0.0639787  -0.132386   0.989131    -0.1284
 -0.954614   0.280795  0.0993277 -0.0888212
 -0.290892  -0.950594  -0.108412      1.619
         0          0          0          1

 0.0639787  -0.132386   0.989131    -0.1284
 -0.954614   0.280795  0.0993277 -0.0888212
 -0.290892  -0.950594  -0.108412      1.619
         0          0          0          1

 0.0658754  -0.126786    0.98974   -0.13518
 -0.952005   0.289146   0.100404 -0.0963218
 -0.298909  -0.948852  -0.101654    1.60515
         0          0          0          1

 0.0658754  -0.126786    0.98974   -0.13518
 -0.952005   0.289146   0.100404 -0.0963218
 -0.298909  -0.948852  -0.101654    1.60515
         0          0          0          1

0.0589561 -0.130523  0.989691 -0.146376
-0.949116  0.299908 0.0960916 -0.110834
-0.309359 -0.944997   -0.1062   1.58784
        0         0         0         1

0.0589561 -0.130523  0.989691 -0.146376
-0.949116  0.299908 0.0960916 -0.110834
-0.309359 -0.944997   -0.1062   1.58784
        0         0         0         1

 0.0577687  -0.121615   0.990895  -0.152058
 -0.948041   0.304367   0.092626  -0.115686
  -0.31286   -0.94476 -0.0977133    1.56943
         0          0          0          1

 0.0577687  -0.121615   0.990895  -0.152058
 -0.948041   0.304367   0.092626  -0.115686
  -0.31286   -0.94476 -0.0977133    1.56943
         0          0          0          1

 0.0723575  -0.118797   0.990279  -0.160075
 -0.945011    0.30933   0.106158  -0.126499
 -0.318934  -0.943505 -0.0898819    1.55177
         0          0          0          1

 0.0723575  -0.118797   0.990279  -0.160075
 -0.945011    0.30933   0.106158  -0.126499
 -0.318934  -0.943505 -0.0898819    1.55177
         0          0          0          1

0.0929432 -0.112687  0.989274 -0.165641
-0.940598  0.315927  0.124357 -0.133607
-0.326552 -0.942068  -0.07663   1.53777
