-0.193336 -0.637004  0.746222  0.556718
-0.914487 -0.158537 -0.372264   1.09573
 0.355437 -0.754382  -0.55188   1.91522
        0         0         0         1

-0.151992  -0.62437  0.766199  0.535188
-0.937094 -0.155438 -0.312559   1.04899
 0.314249 -0.765507 -0.561468   1.93073
        0         0         0         1

-0.139391 -0.619314  0.772671  0.528159
-0.941737 -0.158297  -0.29677    1.0338
 0.306106  -0.76902 -0.561166   1.92698
        0         0         0         1

-0.122939 -0.622489  0.772912  0.528109
-0.949601   -0.1525 -0.273864   1.01151
 0.288347 -0.767627 -0.572368   1.93208
        0         0         0         1

-0.106637 -0.627073  0.771627  0.522933
-0.959598 -0.138325 -0.245025  0.988815
 0.260384 -0.766581 -0.586988   1.95032
        0         0         0         1

-0.0852813 -0.631063   0.77103   0.51426
-0.968567 -0.128983 -0.212699  0.963906
 0.233677 -0.764933 -0.600227   1.95511
        0         0         0         1

-0.0743691 -0.632459  0.771015  0.506588
-0.969926 -0.133809 -0.203318  0.954201
  0.23176 -0.762948 -0.603488   1.93953
        0         0         0         1

-0.0345465 -0.650918  0.758362  0.496071
-0.981731 -0.119967 -0.147692  0.909924
 0.187114 -0.749609 -0.634882   1.94602
        0         0         0         1

-0.0279437 -0.659486  0.751197  0.498131
-0.984512 -0.111959 -0.134913   0.89579
 0.173077 -0.743333 -0.646143   1.94419
        0         0         0         1

-0.00498808   -0.66877   0.743453   0.484928
 -0.990089  -0.101045 -0.0975373   0.868103
  0.140352  -0.736571  -0.661638    1.95097
         0          0          0          1

 -0.013375  -0.680459   0.732664   0.496568
 -0.990184 -0.0929377  -0.104392   0.860907
  0.139126  -0.726869  -0.672537    1.93561
         0          0          0          1

-0.00462237  -0.691255   0.722596   0.495568
 -0.993988  -0.075874 -0.0789416   0.840279
  0.109395  -0.718616  -0.686749    1.93955
         0          0          0          1

0.00345263  -0.691538   0.722332   0.487682
 -0.995579  -0.070179 -0.0624284   0.825302
 0.0938641  -0.718923  -0.688723    1.93452
         0          0          0          1

 0.0123706  -0.700042   0.713995   0.482138
 -0.998112 -0.0516115 -0.0333097   0.791177
 0.0601686  -0.712235  -0.699358    1.91864
         0          0          0          1

 0.0187427  -0.702143   0.711789   0.479011
 -0.998962 -0.0427106 -0.0158273   0.776514
 0.0415139  -0.710754  -0.702215    1.91336
         0          0          0          1

 0.0268658  -0.700185   0.713456   0.467292
 -0.999457 -0.0324227 0.00581586   0.754565
   0.01906  -0.713225  -0.700676    1.90604
         0          0          0          1

 0.0268658  -0.700185   0.713456   0.467292
 -0.999457 -0.0324227 0.00581586   0.754565
   0.01906  -0.713225  -0.700676    1.90604
         0          0          0          1

  0.0233738   -0.694224     0.71938    0.462649
  -0.999632 -0.00630218   0.0263978    0.714356
 -0.0137923   -0.719732   -0.694115     1.88577
          0           0           0           1

 0.0301996  -0.670029    0.74172   0.447816
 -0.999477 -0.0116566  0.0301643   0.704351
 -0.011565  -0.742243  -0.670031    1.86878
         0          0          0          1

  0.0197148   -0.655815    0.754665    0.447556
  -0.999637 0.000925758    0.026919    0.694289
 -0.0183525   -0.754921   -0.655558     1.85236
          0           0           0           1

0.0225321 -0.652481   0.75747  0.439819
-0.999087 0.0128079 0.0407521  0.682256
-0.0362916 -0.757696 -0.651597    1.8431
        0         0         0         1

0.0234627 -0.655217  0.755077  0.431738
 -0.99776 0.0319772 0.0587519  0.668261
-0.0626404 -0.754764 -0.652999   1.83485
        0         0         0         1

0.0235186 -0.655759  0.754604  0.425361
-0.996557  0.044648 0.0698592  0.658576
-0.0795024 -0.753649 -0.652451    1.8186
        0         0         0         1

0.0206303 -0.659048  0.751818   0.41683
-0.989163 0.0958821  0.111194  0.634198
-0.145368 -0.745964 -0.649927   1.80162
        0         0         0         1

0.0233791 -0.660292  0.750645  0.408675
-0.985578  0.110652  0.128029  0.625639
-0.167597 -0.742813 -0.648182   1.79138
        0         0         0         1

0.0192126 -0.660851  0.750271  0.405034
-0.981127  0.131949  0.141347   0.61664
-0.192406 -0.738827 -0.645844    1.7763
        0         0         0         1

0.0127724 -0.662086  0.749319  0.405204
-0.978855  0.144723   0.14456  0.612669
-0.204154 -0.735321 -0.646238   1.76498
        0         0         0         1

0.000280684 -0.660827  0.750538  0.402509
-0.968699  0.186134  0.164247  0.599211
-0.248239 -0.727091  -0.64009   1.73984
        0         0         0         1

-0.00117375 -0.663324  0.748331   0.40002
-0.962827  0.202885  0.178328  0.592926
-0.270115 -0.720304 -0.638905   1.73282
        0         0         0         1

0.00132117 -0.665066  0.746783  0.392865
-0.956446  0.217151  0.195081  0.585257
-0.291906 -0.714516 -0.635813   1.71896
        0         0         0         1

0.00319724 -0.664557  0.747231  0.389315
 -0.95125   0.22843  0.207227  0.579678
-0.308404 -0.711466  -0.63143   1.71033
        0         0         0         1

0.00130928 -0.664857  0.746969   0.38866
-0.944092   0.24544  0.220114  0.572735
-0.329681 -0.705496 -0.627365   1.70253
        0         0         0         1

0.0107528 -0.663033  0.748513  0.379461
-0.938665  0.251322  0.236106  0.564944
-0.344664 -0.705141 -0.619663   1.69628
        0         0         0         1

0.0143342 -0.655237  0.755287  0.373099
-0.934086  0.260737  0.243926  0.555563
 -0.35676 -0.708999 -0.608311   1.67012
        0         0         0         1

0.0138537 -0.651709  0.758343  0.373963
-0.930994  0.268268  0.247554  0.553036
-0.364772 -0.709442  -0.60302   1.66266
        0         0         0         1

0.0192004 -0.649242  0.760339  0.370576
-0.925208  0.276718  0.259649  0.548108
-0.378974 -0.708457 -0.595371   1.65272
        0         0         0         1

0.0270372 -0.646148  0.762733  0.366802
-0.919749  0.282806  0.272182  0.544055
-0.391575 -0.708882 -0.586648    1.6436
        0         0         0         1

0.0369304 -0.639742  0.767702  0.370081
-0.907295  0.300542  0.294094  0.540048
-0.418871 -0.707393 -0.569336   1.62269
        0         0         0         1

0.0410124 -0.639548  0.767656  0.370284
-0.900597  0.309075  0.305611  0.536733
-0.432716 -0.703883 -0.563299   1.61934
        0         0         0         1

0.0489295 -0.636694  0.769563  0.368627
-0.898134  0.309053  0.312797  0.534139
-0.436991 -0.706476 -0.556714   1.60628
        0         0         0         1

 0.059574 -0.636417  0.769041  0.364859
-0.893553  0.309434   0.32529  0.529293
-0.444987 -0.706558 -0.550238   1.60354
        0         0         0         1

0.0694034 -0.631968  0.771881  0.363031
-0.890149  0.310069  0.333903  0.524509
-0.450352 -0.710263 -0.541026   1.59568
        0         0         0         1

0.0746513 -0.627639  0.774917  0.362918
-0.887503  0.312525  0.338624  0.523045
-0.454715  -0.71302 -0.533701   1.58962
        0         0         0         1

0.0913787 -0.617178    0.7815  0.361186
-0.881411   0.31509  0.351899  0.517044
-0.463427 -0.720978 -0.515195   1.57558
        0         0         0         1

0.0948931 -0.609714  0.786921  0.363997
 -0.88019  0.317885   0.35244  0.516526
-0.465038 -0.726084 -0.506499   1.56786
        0         0         0         1

 0.104092 -0.600843  0.792561   0.36491
-0.877285   0.31995  0.357774  0.515267
-0.468546 -0.732543 -0.493807   1.55902
        0         0         0         1

 0.109309 -0.595748  0.795699  0.367636
-0.872791  0.325565  0.363653  0.513941
-0.475697 -0.734229 -0.484376   1.55562
        0         0         0         1

 0.123798 -0.580735  0.804625  0.369894
-0.862136  0.338534  0.376982  0.509818
-0.491319 -0.740366 -0.458763   1.54876
        0         0         0         1

 0.131416 -0.572836  0.809067  0.370035
-0.859502  0.340821  0.380917  0.508257
 -0.49395 -0.745453 -0.447564    1.5425
        0         0         0         1

 0.138914 -0.562024  0.815372  0.371844
-0.857361  0.343809  0.383051  0.506895
-0.495616 -0.752279 -0.434098   1.53501
        0         0         0         1

 0.149858 -0.559629  0.815082   0.36771
-0.853051  0.343592  0.392746  0.503483
-0.499847 -0.754162 -0.425902   1.53328
        0         0         0         1

 0.156321 -0.552434  0.818768  0.369797
-0.848668  0.348961  0.397478   0.50267
-0.505298 -0.756996 -0.414283   1.53136
        0         0         0         1

 0.167765 -0.549253  0.818643  0.367316
-0.843747  0.349472  0.407382  0.499129
-0.509849 -0.759072 -0.404801    1.5296
        0         0         0         1

 0.179315 -0.541433  0.821399  0.372026
-0.839711  0.350781  0.414533   0.49702
-0.512573  -0.76407 -0.391747   1.52486
        0         0         0         1

 0.183636 -0.540434  0.821102  0.373801
-0.837508  0.351305  0.418527  0.496226
-0.514643 -0.764537 -0.388106   1.52446
        0         0         0         1

 0.186804 -0.536533  0.822944  0.379185
-0.837502  0.350896  0.418882  0.496291
-0.513512 -0.767466 -0.383799   1.52182
        0         0         0         1

 0.193104  -0.53626  0.821667  0.381092
-0.836435  0.347803  0.423568  0.495223
 -0.51292 -0.769063 -0.381385   1.52031
        0         0         0         1

 0.210972 -0.532533  0.819694  0.384318
-0.834017  0.339289  0.435085  0.492103
-0.509811  -0.77543 -0.372561   1.51965
        0         0         0         1

 0.222135 -0.530798  0.817869    0.3841
-0.833404  0.332006  0.441826  0.490859
-0.506058  -0.77976 -0.368619   1.51944
        0         0         0         1

 0.233723 -0.529174  0.815689  0.385614
-0.833391    0.3231  0.448404  0.489165
-0.500833  -0.78459 -0.365493   1.52057
        0         0         0         1

 0.238102 -0.527361  0.815596  0.389885
-0.835172  0.317484  0.449101  0.489051
-0.495777 -0.788095 -0.364844   1.52196
        0         0         0         1

 0.248781 -0.524655  0.814153  0.392837
-0.837171  0.306245  0.453165  0.488434
-0.487085 -0.794324 -0.363038   1.52387
        0         0         0         1

 0.258281 -0.521237   0.81339  0.396936
 -0.83692  0.299832  0.457892  0.487808
 -0.48255 -0.799007 -0.358793   1.52769
        0         0         0         1

 0.284082 -0.510619   0.81152  0.409485
-0.838402  0.278337  0.468626  0.488328
-0.465166 -0.813509 -0.349034   1.53356
        0         0         0         1

 0.298817 -0.508695  0.807426  0.413365
  -0.8369  0.266896  0.477875  0.487783
-0.458591 -0.818533 -0.345974   1.53665
        0         0         0         1

 0.309939 -0.503852   0.80627   0.42359
 -0.83557  0.260244  0.483834  0.489453
-0.453608 -0.823654 -0.340344   1.54471
        0         0         0         1

 0.321278 -0.498033  0.805446  0.430177
 -0.83502  0.252198  0.489016   0.48995
-0.446678 -0.829674 -0.334842   1.54926
        0         0         0         1

 0.353069 -0.482991  0.801288  0.442842
-0.834288   0.22509  0.503287  0.490114
-0.423445   -0.8462 -0.323482   1.56048
        0         0         0         1

 0.367034 -0.476477  0.798909  0.446805
-0.832877  0.214139  0.510354   0.48969
-0.414249  -0.85271 -0.318251   1.56929
        0         0         0         1

  0.37724 -0.465232   0.80078  0.458155
-0.837219  0.198336  0.509634   0.49131
-0.395921 -0.862683 -0.314681   1.57658
        0         0         0         1

 0.388682 -0.456105  0.800559  0.463235
-0.838847  0.184242   0.51224  0.491297
-0.381132 -0.870645 -0.310991   1.58318
        0         0         0         1

 0.404315 -0.443981  0.799631  0.470529
-0.840052  0.165501  0.516645  0.490397
-0.361721 -0.880619 -0.306053    1.5922
        0         0         0         1

 0.414219 -0.435544  0.799202  0.479029
 -0.84152  0.151301  0.518606  0.490347
-0.346796 -0.887361 -0.303847   1.60068
        0         0         0         1

 0.452537 -0.414033  0.789802  0.487831
-0.835681  0.112186  0.537635  0.484607
-0.311204 -0.903322 -0.295231   1.61905
        0         0         0         1

 0.464903 -0.407519  0.785998  0.496273
-0.832083  0.102209  0.545153  0.482552
-0.302496 -0.907459 -0.291573   1.63121
        0         0         0         1

 0.484452 -0.395478  0.780323  0.502553
-0.827865 0.0810447  0.555042  0.479118
-0.282748 -0.914893  -0.28814   1.64154
        0         0         0         1

 0.499097 -0.385319  0.776165  0.508204
-0.824531 0.0643531  0.562145  0.476319
-0.266554 -0.920537 -0.285589   1.64968
        0         0         0         1

 0.530664   -0.3587  0.767939   0.52382
-0.816984 0.0247767  0.576128  0.468874
-0.225684 -0.933124 -0.279904   1.66927
        0         0         0         1

 0.542448 -0.350825  0.763329  0.532168
-0.812855 0.0102963  0.582375  0.464983
-0.212171 -0.936384 -0.279585   1.67923
        0         0         0         1

   0.562873   -0.338054     0.75425    0.537059
  -0.803251 -0.00861842    0.595578    0.457811
  -0.194837   -0.941087   -0.276393     1.69137
          0           0           0           1

  0.575278  -0.330271   0.748316   0.544972
 -0.797508 -0.0231853   0.602863   0.452867
 -0.181758  -0.943601  -0.276732    1.69976
         0          0          0          1

  0.593464  -0.321668   0.737787    0.55333
 -0.786928 -0.0394734   0.615781   0.445194
 -0.168954  -0.946029  -0.276556     1.7124
         0          0          0          1

  0.609291  -0.313344   0.728409   0.558277
 -0.777215 -0.0539177   0.626921    0.43829
 -0.157168  -0.948108  -0.276388    1.72069
         0          0          0          1

  0.643336  -0.296011   0.706043   0.572755
 -0.754327 -0.0875176   0.650639   0.420752
 -0.130805  -0.951167  -0.279593    1.73891
         0          0          0          1

  0.655612  -0.290535   0.696967   0.580794
 -0.745093 -0.0991566   0.659549    0.41278
 -0.122513  -0.951713  -0.281484    1.74785
         0          0          0          1

 0.672675 -0.279975  0.684925  0.587717
-0.731674 -0.113724  0.672101  0.401381
-0.110279 -0.953248 -0.281349   1.75824
        0         0         0         1

 0.682975 -0.274863  0.676754  0.596011
 -0.72334 -0.125614  0.678971   0.39284
-0.101614 -0.953243 -0.284611   1.76558
        0         0         0         1

 0.711171  -0.25814  0.653911  0.611841
-0.698366 -0.152571   0.69929  0.369501
-0.0807465 -0.953984  -0.28878   1.78049
        0         0         0         1

 0.719728 -0.252386  0.646756   0.62112
-0.690514 -0.163649  0.704563  0.360478
-0.0719814 -0.953688 -0.292059     1.785
        0         0         0         1

 0.731363 -0.245512  0.636264  0.632349
-0.678826 -0.172317  0.713794  0.347605
-0.0656061 -0.953955 -0.292687   1.79275
        0         0         0         1

 0.742673 -0.238576  0.625714  0.638568
-0.666956 -0.179735  0.723094  0.336258
-0.0600498 -0.954346 -0.292604   1.79841
        0         0         0         1

 0.753389  -0.22786  0.616834  0.648012
  -0.6558 -0.191486  0.730246  0.322831
-0.0482789  -0.95468 -0.293694   1.80294
        0         0         0         1

 0.759845 -0.223665  0.610418  0.658072
-0.648722  -0.19965   0.73437  0.313004
-0.0423829 -0.953999 -0.296799   1.80614
        0         0         0         1

 0.773498 -0.212171  0.597231  0.680601
-0.633136 -0.215568  0.743417  0.286563
-0.0289872  -0.95316 -0.301074   1.81423
        0         0         0         1

 0.777576 -0.207627  0.593521  0.690975
-0.628333  -0.22062  0.746006  0.275517
-0.0239486 -0.953005 -0.302007   1.81605
        0         0         0         1

 0.783302 -0.198027  0.589257  0.702568
-0.621428 -0.224591  0.750591  0.260608
-0.0162957  -0.95412 -0.298982   1.81799
        0         0         0         1

 0.785878   -0.1927   0.58759  0.712927
-0.618264 -0.226274  0.752695  0.249012
-0.0120884 -0.954812 -0.296963   1.82022
        0         0         0         1

  0.78852 -0.180184  0.588022  0.736447
-0.615009 -0.230194  0.754172  0.220861
-0.000529957 -0.956318 -0.292327   1.82192
        0         0         0         1

 0.788048  -0.17761  0.589437  0.746748
-0.615604 -0.232973  0.752832  0.209609
0.00361182 -0.956127 -0.292931   1.82131
        0         0         0         1

 0.786937 -0.173363  0.592178  0.759802
-0.616984 -0.233226  0.751623  0.195089
0.00780762 -0.956844 -0.290497   1.82054
        0         0         0         1

 0.784849 -0.172314  0.595248  0.770723
-0.619617  -0.23261  0.749645  0.183558
0.0092858 -0.957184 -0.289332   1.81987
        0         0         0         1

  0.78199  -0.16985  0.599702  0.784255
-0.623176 -0.231526  0.747026  0.168983
0.0119644 -0.957887 -0.286897   1.81886
        0         0         0         1

 0.778974 -0.167114  0.604378  0.794404
-0.626871 -0.230975  0.744099  0.158021
0.0152469 -0.958501 -0.284683   1.81687
        0         0         0         1

 0.768936   -0.1633  0.618119   0.82087
-0.638961 -0.228984  0.734367  0.132599
0.0216171 -0.959635 -0.280416   1.81144
        0         0         0         1

 0.763344 -0.161138  0.625572  0.831368
-0.645566 -0.225477  0.729661  0.121489
0.0234756  -0.96083 -0.276142   1.80997
        0         0         0         1

 0.753656 -0.157415   0.63814  0.844915
-0.656657 -0.222196  0.720715  0.108376
0.0283407 -0.962211 -0.270828   1.80634
        0         0         0         1

 0.747132 -0.155129  0.646319  0.854465
-0.663972 -0.218912  0.714996 0.0978242
0.0305704 -0.963334 -0.266558   1.80397
        0         0         0         1

 0.727181 -0.155141  0.668685  0.879482
-0.685568 -0.213383  0.696034 0.0732927
0.0347023 -0.964572 -0.261528    1.7968
        0         0         0         1

 0.720899 -0.158609  0.674646  0.889408
 -0.69218 -0.213257  0.689499 0.0635747
0.0345121 -0.964036 -0.263523   1.79344
        0         0         0         1

 0.715622 -0.165837  0.678515  0.901035
 -0.69766  -0.21696  0.682787 0.0513595
0.0339797 -0.961991 -0.270959   1.78876
        0         0         0         1

  0.71083 -0.175116  0.681216  0.911264
-0.702614  -0.22147  0.676228 0.0423035
0.0324505 -0.959315 -0.280466   1.78451
        0         0         0         1

 0.704502 -0.186647  0.684719  0.923121
-0.709048 -0.226535  0.667782 0.0307765
0.0304738 -0.955952 -0.291936   1.77941
        0         0         0         1

 0.698849 -0.197201  0.687547  0.932618
-0.714722 -0.230099  0.660474 0.0218618
0.0279578 -0.952977 -0.301749   1.77519
        0         0         0         1

  0.682324  -0.224453    0.69574   0.955171
 -0.730803  -0.234158   0.641169 0.00122994
 0.0190008  -0.945934  -0.323803     1.7635
         0          0          0          1

   0.675468   -0.231659    0.700055    0.963407
  -0.737233   -0.231718    0.634661 -0.00723792
  0.0151901   -0.944797   -0.327304     1.75845
          0           0           0           1

  0.665247   -0.23977   0.707076   0.974209
 -0.746544  -0.227436   0.625256 -0.0174269
 0.0108967  -0.943813    -0.3303    1.75156
         0          0          0          1

  0.657052  -0.244664   0.713037   0.982378
 -0.753807  -0.222813   0.618166 -0.0249628
0.00763112   -0.94366   -0.33083    1.74565
         0          0          0          1

 0.636896 -0.253282  0.728157   1.00144
-0.770944 -0.205424  0.602866 -0.042446
-0.00311401  -0.94533 -0.326099   1.73162
        0         0         0         1

  0.626903   -0.25519   0.736118    1.00882
 -0.779075  -0.198117   0.594805 -0.0490051
-0.00595075  -0.946376  -0.323013    1.72527
         0          0          0          1

  0.612815  -0.257951    0.74694     1.0187
 -0.790152  -0.187074   0.583663 -0.0572199
-0.0108236  -0.947874  -0.318462    1.71754
         0          0          0          1

  0.602588  -0.259482    0.75469    1.02566
 -0.797918  -0.178518   0.575724 -0.0634339
-0.0146648  -0.949105  -0.314618    1.71149
         0          0          0          1

  0.589876  -0.260983   0.764156    1.03391
 -0.807279   -0.16877   0.565524 -0.0708504
-0.0186254  -0.950476  -0.310239    1.70337
         0          0          0          1

  0.578533  -0.264117   0.771713    1.04093
 -0.815353   -0.16135   0.556027 -0.0764349
-0.0223401  -0.950899  -0.308695    1.69696
         0          0          0          1

  0.554539  -0.268949   0.787498    1.05489
 -0.831571  -0.143571   0.536542 -0.0890611
-0.0312403  -0.952394  -0.303266    1.68181
         0          0          0          1

  0.544489  -0.271902   0.793474    1.06041
 -0.838001    -0.1359   0.528475 -0.0939633
-0.0358601  -0.952681   -0.30185    1.67539
         0          0          0          1

  0.532192  -0.276016   0.800366    1.06697
 -0.845567  -0.126072   0.518771 -0.0999072
-0.0422854  -0.952849  -0.300484    1.66749
         0          0          0          1

 0.523572 -0.281447  0.804151   1.07187
-0.850607 -0.119095  0.512136 -0.104227
-0.0483689 -0.952157 -0.301756   1.66098
        0         0         0         1

 0.504968 -0.294797  0.811235   1.08265
-0.860793 -0.102762  0.498473 -0.113875
-0.063584 -0.950018 -0.305651   1.64589
        0         0         0         1

  0.496258  -0.299082   0.815032     1.0868
 -0.865505 -0.0968646   0.491445  -0.117599
-0.0680345  -0.949298  -0.306927    1.63979
         0          0          0          1

  0.487286  -0.304568   0.818408    1.09164
 -0.870025 -0.0889542   0.484915  -0.122102
-0.0748888  -0.948328  -0.308328    1.63254
         0          0          0          1

  0.482138  -0.310074   0.819388    1.09542
 -0.872306 -0.0830039   0.481864  -0.125512
-0.0814013  -0.947082  -0.310499    1.62669
         0          0          0          1

  0.474276  -0.317315   0.821203    1.09966
 -0.875665 -0.0736522    0.47727  -0.129626
-0.0909615  -0.945456  -0.312793    1.61973
         0          0          0          1

  0.468629  -0.323671   0.821963    1.10292
 -0.877961 -0.0676028   0.473935  -0.132559
-0.0978321  -0.943752  -0.315851    1.61391
         0          0          0          1

  0.455129  -0.335366   0.824856    1.10937
 -0.883555 -0.0552416   0.465058  -0.139488
 -0.110398  -0.940467  -0.321457    1.60091
         0          0          0          1

 0.449591 -0.341629  0.825323   1.11184
-0.885538 -0.049441  0.461928 -0.142269
-0.117003 -0.938533 -0.324754   1.59573
        0         0         0         1

  0.444212  -0.348667   0.825292    1.11461
 -0.887178 -0.0428082   0.459437  -0.145619
 -0.124862  -0.936268  -0.328346      1.589
         0          0          0          1

  0.439684  -0.353769   0.825546    1.11689
 -0.888695 -0.0383199   0.456896  -0.148193
 -0.130001  -0.934548  -0.331241    1.58375
         0          0          0          1

  0.434848  -0.360935   0.825005     1.1195
 -0.890137 -0.0336689   0.454448  -0.151252
 -0.136249  -0.931983  -0.335922    1.57713
         0          0          0          1

   0.43119  -0.367312    0.82411    1.12138
 -0.891031 -0.0296905   0.452971  -0.153619
 -0.141913  -0.929624  -0.340088    1.57216
         0          0          0          1

  0.421845  -0.381607   0.822449    1.12587
 -0.893733 -0.0223361   0.448043  -0.158732
 -0.152606  -0.924055  -0.350477    1.56021
         0          0          0          1

  0.419023   -0.38652   0.821597    1.12752
 -0.894332 -0.0194176   0.446983  -0.160694
 -0.156815  -0.922077  -0.353813    1.55543
         0          0          0          1

  0.415085  -0.393138   0.820455    1.12965
 -0.895283 -0.0161457   0.445206  -0.163069
  -0.16178  -0.919338  -0.358671    1.54939
         0          0          0          1

  0.411468  -0.397455   0.820197     1.1311
 -0.896306 -0.0132285   0.443239  -0.164794
 -0.165317  -0.917526  -0.361684    1.54489
         0          0          0          1

    0.40228   -0.404712    0.821206     1.13402
  -0.899508 -0.00771466    0.436836   -0.168336
  -0.170457   -0.914412   -0.367145     1.53409
          0           0           0           1

  0.398026  -0.408387    0.82146    1.13541
 -0.900993 -0.0055599   0.433798  -0.169654
  -0.17259  -0.912792  -0.370167    1.52956
         0          0          0          1

   0.394962   -0.412525     0.82087     1.13685
  -0.901658 -0.00277029    0.432441   -0.171292
  -0.176119   -0.910942   -0.373051     1.52422
          0           0           0           1

   0.392507   -0.415292    0.820653     1.13792
  -0.902334 -0.00106313    0.431037   -0.172404
  -0.178134   -0.909688   -0.375149     1.51995
          0           0           0           1

  0.389944  -0.417821   0.820591    1.13918
 -0.902991 0.00109373   0.429658  -0.173672
 -0.180418  -0.908529  -0.376862    1.51443
         0          0          0          1

  0.389035  -0.418425   0.820715    1.13982
 -0.903029 0.00297488    0.42957  -0.174646
 -0.182184  -0.908247  -0.376692    1.51029
         0          0          0          1

  0.387819  -0.420919   0.820014    1.14156
 -0.902529 0.00725293   0.430567  -0.176734
 -0.187181  -0.907069  -0.377079    1.50051
         0          0          0          1

  0.388011  -0.421703   0.819521     1.1421
 -0.901908 0.00934486   0.431826  -0.177521
 -0.189761  -0.906686  -0.376712    1.49667
         0          0          0          1

 0.387232  -0.42208  0.819695    1.1425
-0.901878 0.0112423  0.431845 -0.178226
-0.191489 -0.906489 -0.376312   1.49179
        0         0         0         1

 0.384719 -0.422427  0.820699   1.14283
-0.902695  0.013433  0.430071 -0.178686
-0.192698 -0.906297 -0.376155   1.48816
        0         0         0         1

 0.378809  -0.42492   0.82216   1.14357
-0.904872 0.0163492  0.425369 -0.179137
 -0.19419 -0.905083 -0.378306   1.47905
        0         0         0         1

 0.378187 -0.427311  0.821207   1.14387
-0.904683 0.0174843  0.425727 -0.179077
-0.196276 -0.903936 -0.379968   1.47515
        0         0         0         1

 0.379555  -0.43025  0.819038   1.14383
-0.903215 0.0193913   0.42875 -0.178879
-0.200352 -0.902501 -0.381248   1.47024
        0         0         0         1

 0.381389  -0.42498  0.820935   1.14376
-0.902433  0.021348  0.430302 -0.178459
-0.200395 -0.904951 -0.375374   1.46615
        0         0         0         1

 0.384504 -0.413745   0.82521   1.14266
-0.901208 0.0253845  0.432643 -0.178101
-0.199951 -0.910039  -0.36311   1.46294
        0         0         0         1

 0.382639 -0.410314  0.827786   1.14268
-0.902639 0.0250719  0.429667 -0.177575
-0.197053   -0.9116 -0.360772   1.45995
        0         0         0         1

 0.379991 -0.399517  0.834262     1.141
-0.905005 0.0258917  0.424612 -0.176661
 -0.19124  -0.91636 -0.351726   1.45483
        0         0         0         1

 0.379183 -0.392846   0.83779      1.14
-0.905961 0.0266282  0.422524 -0.176339
-0.188296 -0.919219 -0.345806   1.45303
        0         0         0         1

 0.377464 -0.385256   0.84208   1.13886
-0.907453 0.0273165  0.419265  -0.17605
-0.184527 -0.922405 -0.339291   1.45075
        0         0         0         1

 0.376677 -0.380934  0.844396   1.13795
-0.908198 0.0276789  0.417625 -0.175847
 -0.18246 -0.924188 -0.335538    1.4493
        0         0         0         1

 0.378127 -0.377998  0.845066   1.13608
-0.908244 0.0252248  0.417679 -0.175304
-0.179199 -0.925463 -0.333777   1.44651
        0         0         0         1

  0.37984 -0.377862  0.844359   1.13558
-0.907743 0.0234978  0.418869 -0.175139
-0.178115 -0.925564 -0.334076   1.44559
        0         0         0         1

 0.382289 -0.377267  0.843519   1.13492
-0.906815  0.022279   0.42094 -0.175008
-0.177599 -0.925837 -0.333594   1.44476
        0         0         0         1

 0.384024 -0.378382  0.842231   1.13448
-0.906137 0.0207273  0.422475 -0.174907
-0.177314 -0.925417 -0.334906   1.44414
        0         0         0         1

 0.387153 -0.382049  0.839137   1.13386
-0.904645 0.0184268  0.425767 -0.174727
-0.178126 -0.923958 -0.338485   1.44344
        0         0         0         1

 0.388017 -0.383746  0.837963   1.13372
-0.904189 0.0176551  0.426768 -0.174678
-0.178565  -0.92327 -0.340128   1.44329
        0         0         0         1

 0.388597 -0.385663  0.836813   1.13369
-0.903773 0.0172941  0.427662 -0.174617
-0.179405 -0.922478 -0.341831   1.44335
        0         0         0         1

 0.389025 -0.387062  0.835968   1.13353
-0.903427 0.0172287  0.428395 -0.174568
-0.180218 -0.921893  -0.34298   1.44346
        0         0         0         1

 0.388922 -0.389131  0.835055   1.13359
-0.903191 0.0176388  0.428875 -0.174546
-0.181618 -0.921014   -0.3446   1.44368
        0         0         0         1

 0.388969  -0.39085   0.83423   1.13357
-0.902897   0.01812  0.429475 -0.174453
-0.182977 -0.920276 -0.345849   1.44396
        0         0         0         1

 0.389897 -0.397366  0.830711   1.13347
-0.901188 0.0208098  0.432929 -0.174076
-0.189319 -0.917424 -0.349988   1.44469
        0         0         0         1

 0.390633  -0.40089  0.828669   1.13361
-0.900019 0.0227195  0.435258 -0.173819
-0.193318 -0.915844 -0.351934   1.44506
        0         0         0         1

 0.392364 -0.404158  0.826261   1.13378
-0.898281 0.0248505  0.438719 -0.173323
-0.197845 -0.914351 -0.353297   1.44533
        0         0         0         1

  0.39396 -0.404315  0.825424   1.13397
-0.896733 0.0279552  0.441687 -0.172834
-0.201655 -0.914193 -0.351549   1.44567
        0         0         0         1

  0.40014 -0.406492  0.821372   1.13425
-0.891026 0.0371019  0.452434 -0.170928
-0.214386 -0.912901 -0.347349    1.4471
        0         0         0         1

 0.401444 -0.415279  0.816325   1.13452
-0.889239 0.0366968   0.45597  -0.16974
-0.219311 -0.908954  -0.35455   1.44688
        0         0         0         1

 0.403899 -0.423407  0.810921   1.13468
-0.886319 0.0383626  0.461483 -0.168069
-0.226504 -0.905127 -0.359779   1.44645
        0         0         0         1

 0.406881 -0.421904  0.810213   1.13402
-0.883718 0.0427618  0.466062 -0.166671
-0.231279 -0.905632 -0.355445   1.44655
        0         0         0         1

 0.409099 -0.417231  0.811515   1.13298
-0.881769 0.0480606  0.469226 -0.164617
-0.234777 -0.907529  -0.34824   1.44671
        0         0         0         1

 0.409867 -0.413259  0.813158   1.13184
-0.881184  0.050903  0.470025 -0.162647
-0.235634  -0.90919 -0.343294   1.44681
        0         0         0         1

 0.408111 -0.403676  0.818835   1.12896
-0.881918 0.0574768  0.467887 -0.157509
-0.235939 -0.913095 -0.332552   1.44754
        0         0         0         1

 0.406061  -0.39842  0.822421   1.12744
-0.883076 0.0604917  0.465314 -0.155153
 -0.23514 -0.915206 -0.327272   1.44822
        0         0         0         1

 0.402395 -0.390794  0.827863   1.12516
-0.885233 0.0643812  0.460672  -0.15201
-0.233327 -0.918224 -0.320037   1.44961
        0         0         0         1

 0.397712 -0.383743  0.833407   1.12319
-0.888114  0.067073  0.454703 -0.149377
-0.230388 -0.921001 -0.314132    1.4509
        0         0         0         1

 0.389095 -0.374305  0.841725   1.12072
-0.893329 0.0697341  0.443959 -0.145877
-0.224873  -0.92468 -0.307245   1.45305
        0         0         0         1

 0.381725  -0.36743  0.848105    1.1186
 -0.89784 0.0704803  0.434645 -0.143029
-0.219476 -0.927377 -0.302989   1.45523
        0         0         0         1

 0.369327 -0.355289  0.858701   1.11336
-0.905948 0.0681899  0.417861 -0.135911
-0.207016 -0.932266 -0.296689   1.46176
        0         0         0         1

 0.368225 -0.353157  0.860052   1.11114
-0.907254 0.0657147  0.415418 -0.132775
-0.203226 -0.933253 -0.296205   1.46496
        0         0         0         1

 0.370578  -0.35172  0.859631   1.10808
-0.907316 0.0608338  0.416024  -0.12857
-0.198619 -0.934127 -0.296577   1.46918
        0         0         0         1

 0.374891 -0.350932  0.858082   1.10557
-0.906371 0.0557481  0.418788 -0.125037
-0.194802  -0.93474 -0.297175   1.47299
        0         0         0         1

 0.387445 -0.350732  0.852569   1.09975
-0.903352 0.0401034  0.427021 -0.115757
-0.183961 -0.935617 -0.301296   1.48316
        0         0         0         1

 0.393547 -0.350677  0.849792     1.097
-0.901747 0.0325452  0.431037 -0.111534
-0.178811 -0.935931 -0.303414   1.48811
        0         0         0         1

 0.401359 -0.349958  0.846428   1.09382
-0.899825 0.0218305  0.435705 -0.105881
-0.170957 -0.936511 -0.306139   1.49464
        0         0         0         1

  0.409849  -0.347641   0.843309    1.09106
 -0.897871 0.00920683   0.440162  -0.101035
 -0.160783  -0.937583  -0.308363    1.49994
         0          0          0          1

   0.421172   -0.342905    0.839661     1.08725
  -0.895246 -0.00873212    0.445487  -0.0945306
  -0.145428    -0.93933   -0.310662     1.50725
          0           0           0           1

  0.430294  -0.338028   0.837009    1.08405
 -0.892958 -0.0236115   0.449521 -0.0890061
 -0.132188   -0.94084  -0.312004    1.51342
         0          0          0          1

  0.454435  -0.323674   0.829894    1.07694
 -0.885264 -0.0605779   0.461128 -0.0743991
 -0.098982  -0.944227  -0.314066    1.52878
         0          0          0          1

  0.467304  -0.315175   0.826009    1.07365
 -0.880126 -0.0773973   0.468388 -0.0675056
-0.0836935  -0.945872  -0.313562    1.53536
         0          0          0          1

  0.484511  -0.304168   0.820201    1.06954
 -0.872305 -0.0974428   0.479154 -0.0583034
-0.0658206  -0.947622   -0.31254     1.5443
         0          0          0          1

  0.498122  -0.296019   0.815014    1.06645
 -0.865531  -0.113102   0.487918 -0.0504032
-0.0522527  -0.948462  -0.312552    1.55148
         0          0          0          1

  0.532152  -0.272638    0.80155    1.05807
 -0.846461  -0.151363   0.510484 -0.0293701
 -0.017852  -0.950136  -0.311325    1.56951
         0          0          0          1

  0.545917  -0.260504   0.796312    1.05401
 -0.837838   -0.16832   0.519322 -0.0196724
-0.00125008  -0.950687   -0.31015    1.57676
         0          0          0          1

   0.561528    -0.24444    0.790529     1.04899
   -0.82726   -0.186714    0.529885 -0.00691098
  0.0180775   -0.951518    -0.30706     1.58698
          0           0           0           1

  0.572807   -0.23227   0.786094    1.04513
 -0.819063  -0.199703   0.537824 0.00355598
  0.032065  -0.951929  -0.304634     1.5953
         0          0          0          1

 0.586153 -0.217524  0.780454   1.04038
-0.808619 -0.217229  0.546761 0.0177781
0.0506032 -0.951575 -0.303224    1.6055
        0         0         0         1

 0.596626 -0.206658  0.775454   1.03658
-0.799969 -0.230115  0.554163 0.0293409
 0.063921 -0.950968 -0.302613    1.6137
        0         0         0         1

 0.622633 -0.181244  0.761235   1.02744
-0.777169 -0.256735   0.57454 0.0581278
0.0913039 -0.949335 -0.300709   1.63509
        0         0         0         1

 0.633834 -0.173999  0.753644   1.02428
-0.766919 -0.267913  0.583144 0.0708496
 0.100444 -0.947601 -0.303256   1.64354
        0         0         0         1

  0.64994 -0.163754  0.742134   1.01926
-0.751677 -0.282508  0.595962 0.0875173
 0.112068 -0.945185 -0.306703   1.65474
        0         0         0         1

 0.663736 -0.156175   0.73148   1.01482
-0.738196 -0.294332  0.606989  0.100898
 0.120502 -0.942856 -0.310646   1.66348
        0         0         0         1

 0.696263 -0.141815  0.703638   1.00505
-0.704756 -0.321001  0.632674  0.134074
 0.136145 -0.936401 -0.323446    1.6853
        0         0         0         1

 0.708346 -0.135227  0.692792   1.00106
-0.691097 -0.332585  0.641695  0.148812
 0.143637 -0.933328  -0.32904   1.69406
        0         0         0         1

 0.723232 -0.126894  0.678847  0.995386
-0.673619 -0.346291  0.652931  0.167569
 0.152226 -0.929505 -0.335927   1.70506
        0         0         0         1

 0.733465 -0.121159  0.668842  0.991282
-0.661124 -0.355794   0.66055  0.182544
 0.157938 -0.926678 -0.341063   1.71401
        0         0         0         1

 0.745288 -0.112608  0.657164   0.98522
-0.645632 -0.367943  0.669161  0.201962
 0.166446 -0.923005 -0.346927   1.72535
        0         0         0         1

 0.751778 -0.107265  0.650633  0.981589
-0.636584 -0.375445  0.673648  0.217398
 0.172018 -0.920617 -0.350535   1.73459
        0         0         0         1

  0.768735 -0.0948414   0.632497   0.971163
  -0.61253  -0.393681   0.685436   0.255737
  0.183994  -0.914342  -0.360729    1.75611
         0          0          0          1

  0.773969 -0.0922327   0.626471   0.967734
 -0.605391   -0.39787   0.689349   0.271404
  0.185673  -0.912794  -0.363776    1.76656
         0          0          0          1

  0.781832 -0.0857981   0.617558   0.961285
 -0.593007  -0.408241   0.694033   0.292694
  0.192566  -0.908833  -0.370055    1.77747
         0          0          0          1

 0.785885 -0.084802  0.612531  0.958494
-0.586558 -0.415862  0.694988  0.309411
 0.195792 -0.905465 -0.376561   1.78688
        0         0         0         1

  0.799331 -0.0808882   0.595421   0.945698
 -0.565408  -0.436711   0.699712   0.350342
  0.203429  -0.895958  -0.394812    1.81025
         0          0          0          1

  0.801704 -0.0860882   0.591489   0.943878
 -0.561924  -0.445867   0.696739   0.367809
  0.203744   -0.89095  -0.405828     1.8199
         0          0          0          1

   0.80595 -0.0890377   0.585249   0.938393
 -0.554751  -0.458671    0.69417   0.390152
  0.206629  -0.884134   -0.41906    1.83163
         0          0          0          1

  0.808324 -0.0900997   0.581802   0.934012
  -0.55058  -0.465666   0.692832   0.407174
  0.208501  -0.880362  -0.426016    1.84331
         0          0          0          1

  0.809561 -0.0985539   0.578704   0.931558
 -0.548698  -0.477448   0.686275    0.43016
  0.208666  -0.873116  -0.440599    1.85491
         0          0          0          1

 0.809534 -0.101993  0.578145  0.928579
-0.548083 -0.484206  0.682019  0.447905
  0.21038 -0.868989 -0.447882   1.86498
        0         0         0         1

 0.805982 -0.112725  0.581107  0.923836
-0.551037 -0.501467     0.667  0.492805
 0.216219 -0.857802 -0.466289   1.88867
        0         0         0         1

 0.805284 -0.114287   0.58177  0.918023
-0.550877 -0.507025  0.662918  0.511382
  0.21921 -0.854321 -0.471257    1.8986
        0         0         0         1

 0.802802 -0.116818   0.58469  0.911641
-0.553228  -0.51166  0.657376  0.534456
 0.222369 -0.851209 -0.475389   1.91227
        0         0         0         1

 0.797359 -0.124311  0.590563  0.912442
-0.560604 -0.514921  0.648521  0.552892
 0.223475 -0.848176 -0.480266   1.92261
        0         0         0         1

 0.782349 -0.143628  0.606054  0.910295
-0.578771 -0.527153  0.622201  0.598849
 0.230117 -0.837545 -0.495545   1.94211
        0         0         0         1

 0.775248 -0.152983  0.612851   0.90947
-0.587796 -0.529954  0.611264  0.617595
  0.23127 -0.834113 -0.500769   1.95378
        0         0         0         1

 0.767104 -0.166554  0.619525  0.907685
-0.598523 -0.533413  0.597696  0.640667
 0.230914 -0.829295 -0.508869   1.96822
        0         0         0         1

 0.754428   -0.1838  0.630124  0.912403
-0.613045 -0.540352  0.576364  0.662002
 0.234553 -0.821119 -0.520334   1.97155
        0         0         0         1

 0.742599 -0.199311  0.639391  0.910946
-0.626492 -0.544217  0.557974  0.688014
 0.236757 -0.814925 -0.529002   1.97927
        0         0         0         1

 0.735603  -0.20717  0.644957  0.905745
-0.633395 -0.547952  0.546406  0.707175
 0.240207  -0.81045 -0.534295   1.98656
        0         0         0         1

 0.706905 -0.242024  0.664612   0.91058
-0.662033 -0.557184  0.501257   0.75609
 0.248995 -0.794336 -0.554104   2.00036
        0         0         0         1

 0.695084 -0.254179  0.672497  0.908961
