-0.105589 -0.901177  0.420394  0.406478
-0.840297 -0.145203 -0.522319   1.01294
 0.531744 -0.408407 -0.741925   2.17429
        0         0         0         1

-0.0757453 -0.892751  0.444138  0.370693
-0.850168 -0.174925 -0.496604  0.979869
 0.521035 -0.415207 -0.745739    2.1728
        0         0         0         1

-0.0595113 -0.891719   0.44866  0.358127
-0.856296 -0.185398 -0.482063   0.95424
 0.513045 -0.412874 -0.752542   2.17622
        0         0         0         1

-0.0429105 -0.890448  0.453057  0.345737
  -0.8694 -0.190145 -0.456057   0.91976
 0.492242 -0.413458 -0.765996   2.19166
        0         0         0         1

-0.0290237 -0.887858  0.459202  0.331342
-0.871692 -0.202347 -0.446328  0.902116
 0.489194 -0.413237 -0.768065    2.1844
        0         0         0         1

0.0147768 -0.886881  0.461761  0.304041
-0.895647 -0.217047  -0.38821  0.831347
 0.444521 -0.407838  -0.79754   2.22047
        0         0         0         1

0.0256876 -0.884427  0.465971  0.293217
-0.903491 -0.220031 -0.367818  0.804041
 0.427837 -0.411553 -0.804724   2.22829
        0         0         0         1

0.0502304 -0.873993  0.483335  0.261582
-0.910371 -0.239091 -0.337729  0.766541
 0.410734  -0.42305 -0.807667   2.22932
        0         0         0         1

0.0594624 -0.873115  0.483875  0.255187
-0.911039 -0.245593 -0.331198  0.748842
  0.40801 -0.421135 -0.810045   2.22506
        0         0         0         1

0.0706411 -0.867358  0.492645    0.2436
-0.914856  -0.25317 -0.314552  0.702558
 0.397552 -0.428479 -0.811392   2.22275
        0         0         0         1

0.0756666 -0.857654   0.50863  0.231233
-0.914817 -0.262654 -0.306794  0.680411
 0.396717 -0.442089 -0.804471   2.21631
        0         0         0         1

0.0730902 -0.854996  0.513459  0.232315
-0.917305  -0.25969  -0.30185   0.65648
  0.39142 -0.448936 -0.803272   2.22215
        0         0         0         1

0.0854214 -0.846197   0.52598  0.219068
-0.918393 -0.271572 -0.287754  0.630322
 0.386338 -0.458476 -0.800339   2.21955
        0         0         0         1

0.0954814 -0.814392  0.572406  0.183011
-0.924638 -0.285539 -0.252016  0.578533
 0.368684 -0.505206 -0.780281   2.20009
        0         0         0         1

 0.103333 -0.807341  0.580967  0.174009
-0.933628 -0.280161 -0.223268  0.552729
 0.343018 -0.519336 -0.782706    2.2045
        0         0         0         1

 0.118205  -0.79723   0.59199  0.160695
-0.944165 -0.274876 -0.181649  0.520562
  0.30754 -0.537464 -0.785208   2.20539
        0         0         0         1

 0.123926 -0.783442  0.608983   0.14985
 -0.95035 -0.270248 -0.154275  0.498315
 0.285442 -0.559629 -0.778035    2.1983
        0         0         0         1

 0.132132 -0.768297  0.626307  0.135872
 -0.95552 -0.266799 -0.125699  0.471486
 0.263673  -0.58184 -0.769375   2.18803
        0         0         0         1

 0.133724  -0.76431  0.630831  0.135226
-0.959413 -0.259319 -0.110813   0.45438
 0.248282  -0.59041 -0.767966   2.18525
        0         0         0         1

 0.144931   -0.7471  0.648719  0.120131
-0.965222 -0.250932 -0.073345  0.407826
  0.21758 -0.615528 -0.757485   2.17148
        0         0         0         1

  0.146269  -0.742792   0.653349   0.115456
 -0.967019  -0.246574 -0.0638376   0.390705
  0.208517  -0.622464   -0.75436    2.16418
         0          0          0          1

  0.143387  -0.739298   0.657935   0.114276
 -0.970071  -0.236632 -0.0544826   0.372482
  0.195967  -0.630431  -0.751101    2.15507
         0          0          0          1

 0.148438 -0.731387  0.665612  0.104615
-0.970263 -0.237841 -0.044967  0.355552
 0.191198 -0.639144 -0.744942   2.14209
        0         0         0         1

  0.158783  -0.724115   0.671152  0.0926777
 -0.974908  -0.222411 -0.0093158   0.308279
  0.156018  -0.652833  -0.741261    2.13079
         0          0          0          1

 0.163877 -0.717666  0.676831 0.0842985
-0.976328 -0.216175 0.0071743  0.288298
 0.141166 -0.661985 -0.736104   2.12236
        0         0         0         1

 0.164461 -0.713312  0.681277 0.0799167
-0.978073 -0.207399 0.0189562  0.269261
 0.127774 -0.669456  -0.73178    2.1097
        0         0         0         1

 0.164442 -0.713088  0.681516 0.0795463
-0.980176 -0.195541 0.0319063  0.251231
 0.110512 -0.673252 -0.731108   2.10783
        0         0         0         1

 0.165989 -0.704048  0.690481 0.0729831
-0.981523 -0.185538 0.0467706  0.230475
0.0951818 -0.685487 -0.721837   2.09349
        0         0         0         1

 0.162278 -0.699169  0.696296 0.0709683
-0.983115 -0.175036 0.0533656  0.217838
0.0845655 -0.693199 -0.715768   2.08215
        0         0         0         1

  0.16381 -0.686656  0.708287 0.0623994
-0.985438 -0.147073 0.0853278  0.179002
 0.045579 -0.711951 -0.700749   2.06099
        0         0         0         1

 0.164384 -0.681096  0.713503 0.0583965
-0.985965 -0.134836 0.0984438  0.164925
0.0291565 -0.719671 -0.693702    2.0488
        0         0         0         1

 0.169435 -0.680166  0.713208  0.054495
-0.985539 -0.118688  0.120942  0.144458
0.00238891 -0.723386  -0.69044    2.0381
        0         0         0         1

 0.168699 -0.680773  0.712803 0.0542221
-0.985502  -0.10325  0.134629  0.132544
-0.018055 -0.725181 -0.688322   2.02823
        0         0         0         1

  0.169564  -0.678457   0.714804  0.0455483
 -0.983921 -0.0752582   0.161972   0.096799
-0.0560959  -0.730775   -0.68031    2.00198
         0          0          0          1

  0.167746  -0.675257   0.718254  0.0418012
 -0.983536 -0.0649592   0.168632   0.083247
-0.0672125  -0.734716  -0.675037    1.98935
         0          0          0          1

  0.157123  -0.676874   0.719134  0.0432056
 -0.984275 -0.0478124    0.17005   0.070868
-0.0807192  -0.734544  -0.673743    1.97601
         0          0          0          1

  0.158146  -0.676467   0.719293  0.0380894
 -0.982894 -0.0382151   0.180163  0.0536339
-0.0943864  -0.735481  -0.670939    1.96662
         0          0          0          1

  0.153351  -0.676453   0.720343  0.0349791
 -0.981937 -0.0225555    0.18786  0.0366944
  -0.11083   -0.73614  -0.667693    1.95377
         0          0          0          1

   0.14746  -0.674321   0.723566  0.0317657
 -0.981832 -0.0114679   0.189407  0.0247107
 -0.119423   -0.73835   -0.66376    1.94142
         0          0          0          1

   0.130368   -0.679083    0.722392   0.0301135
  -0.980774    0.018385     0.19428 -0.00169474
  -0.145213   -0.733831   -0.663631     1.91761
          0           0           0           1

  0.125062  -0.677983   0.724361  0.0276256
 -0.979953  0.0297148   0.197002 -0.0129427
 -0.155088  -0.734477  -0.660675    1.90595
         0          0          0          1

  0.12072 -0.673632  0.729141 0.0228484
-0.978464 0.0431437  0.201858 -0.028057
-0.167436 -0.737806 -0.653917   1.89012
        0         0         0         1

  0.115554  -0.675639    0.72812  0.0221222
 -0.976927   0.055247   0.206304 -0.0393469
 -0.179614   -0.73516  -0.653666    1.88234
         0          0          0          1

  0.103559  -0.673044   0.732317  0.0216088
 -0.976451  0.0713019   0.203614 -0.0496103
 -0.189257  -0.736158  -0.649811    1.86918
         0          0          0          1

 0.101153 -0.670252  0.735208 0.0181047
 -0.97487 0.0806585  0.207659  -0.06185
-0.198485 -0.737738  -0.64525     1.859
        0         0         0         1

 0.0816344  -0.659764   0.747026  0.0156696
 -0.973151   0.109076    0.20268 -0.0803294
 -0.215203  -0.743515  -0.633146    1.83155
         0          0          0          1

 0.0773896  -0.657143   0.749782   0.013759
 -0.971028   0.120858   0.206151 -0.0899605
 -0.226088  -0.744014  -0.628751    1.82204
         0          0          0          1

0.0710043 -0.653593  0.753508 0.0125638
 -0.96826  0.136328  0.209492 -0.100403
-0.239646 -0.744467 -0.623168   1.81081
        0         0         0         1

 0.0703546  -0.649989    0.75668 0.00975136
 -0.965837   0.145282   0.214599  -0.109833
 -0.249419  -0.745927  -0.617562    1.80021
         0          0          0          1

 0.0695728  -0.644919   0.761078 0.00804126
 -0.959464   0.165609   0.228041   -0.12578
 -0.273109  -0.746092  -0.607254    1.77677
         0          0          0          1

 0.0759164  -0.642162   0.762801 0.00555241
 -0.955914    0.17076    0.23889  -0.134284
 -0.283662  -0.747308  -0.600888    1.76858
         0          0          0          1

0.0775727 -0.637119  0.766852 0.0052467
-0.953482  0.177326  0.243778 -0.140222
-0.291299  -0.75009 -0.593726    1.7561
        0         0         0         1

 0.0803354  -0.633359   0.769677 0.00484405
 -0.951265   0.181926   0.248993   -0.14678
 -0.297726   -0.75217  -0.587877    1.74846
         0          0          0          1

 0.0829919  -0.625606   0.775712 0.00354224
  -0.94964   0.186363     0.2519  -0.154073
 -0.302154  -0.757553  -0.578634    1.73758
         0          0          0          1

 0.0835447  -0.618565   0.781279 0.00232042
 -0.948129   0.191971   0.253376  -0.160256
 -0.306712  -0.761922  -0.570441    1.72998
         0          0          0          1

 0.0775156  -0.598884   0.797076 0.00121087
 -0.947322   0.204954   0.246119   -0.17142
  -0.31076  -0.774165  -0.551449    1.71185
         0          0          0          1

  0.0723829   -0.589377    0.804609 0.000304097
  -0.947216    0.211996    0.240499   -0.176584
  -0.312319   -0.779546   -0.542922     1.70529
          0           0           0           1

  0.0638811   -0.572344    0.817521 -0.00114375
  -0.948414    0.220088    0.228192   -0.181634
  -0.310531   -0.789926    -0.52876     1.69494
          0           0           0           1

  0.0596488   -0.559095    0.826955 -0.00293894
  -0.949079    0.224958    0.220549   -0.186071
  -0.309338   -0.798002   -0.517207     1.68736
          0           0           0           1

  0.0568813   -0.531527    0.845129 -0.00652301
  -0.947761    0.237374    0.213081    -0.19671
   -0.31387     -0.8131   -0.490258     1.66953
          0           0           0           1

  0.0528296   -0.525028    0.849444 -0.00683433
  -0.948364    0.240031    0.207342   -0.199739
  -0.312753   -0.816536   -0.485237     1.66433
          0           0           0           1

  0.0495402   -0.513797     0.85648 -0.00764549
  -0.950093     0.24021    0.199055   -0.203417
  -0.308009   -0.823597   -0.476255     1.65572
          0           0           0           1

  0.0475291   -0.506322    0.861033 -0.00877049
  -0.952259    0.237281    0.192096   -0.206725
   -0.30157   -0.829057   -0.470872     1.64906
          0           0           0           1

  0.0427566   -0.499476    0.865272 -0.00957662
  -0.953983    0.236869    0.183872   -0.211358
  -0.296795   -0.833317   -0.466364     1.64274
          0           0           0           1

 0.0399986  -0.493424   0.868869 -0.0099993
 -0.954917   0.237125   0.178621  -0.213776
 -0.294166  -0.836842  -0.461694    1.63696
         0          0          0          1

 0.0436789  -0.479091   0.876678 -0.0124396
 -0.954309   0.239644   0.178508  -0.221535
 -0.295612  -0.844419  -0.446734    1.62343
         0          0          0          1

 0.0451726   -0.47584   0.878371 -0.0127753
 -0.953576   0.241526   0.179882  -0.224015
 -0.297745   -0.84572  -0.442839    1.61952
         0          0          0          1

 0.0487081  -0.468988    0.88186 -0.0140861
 -0.952747   0.243225   0.181975  -0.227804
 -0.299835  -0.849053   -0.43498    1.61252
         0          0          0          1

0.0533941 -0.464125  0.884159 -0.015238
 -0.95138  0.245338   0.18624 -0.231314
-0.303356 -0.851115 -0.428459   1.60739
        0         0         0         1

 0.0636221  -0.457479   0.886942 -0.0152111
 -0.949188   0.246738   0.195353  -0.236058
 -0.308212  -0.854303  -0.418535    1.59561
         0          0          0          1

 0.0675799  -0.457408   0.886685 -0.0147746
 -0.948625   0.245875   0.199138   -0.23796
 -0.309101   -0.85459  -0.417292    1.59174
         0          0          0          1

 0.0721823  -0.456342   0.886872 -0.0147425
 -0.948528   0.243497   0.202493  -0.240575
 -0.308357  -0.855839  -0.415277    1.58615
         0          0          0          1

 0.0741267  -0.457385   0.886174 -0.0143049
 -0.948699   0.241544   0.204026  -0.242451
 -0.307368  -0.855836  -0.416016    1.58356
         0          0          0          1

 0.076766 -0.455812  0.886759 -0.014387
-0.949035  0.239266  0.205145 -0.244787
-0.305679 -0.857314 -0.414214   1.57788
        0         0         0         1

 0.0788417  -0.455922   0.886521 -0.0142104
 -0.948886   0.238305   0.206944   -0.24683
 -0.305612  -0.857523   -0.41383    1.57501
         0          0          0          1

 0.0851409  -0.456798   0.885487 -0.0129672
 -0.948086   0.236156   0.212986   -0.25217
 -0.306404  -0.857652  -0.412977    1.56856
         0          0          0          1

 0.0924467  -0.456705   0.884802 -0.0135885
 -0.947114   0.233904   0.219691  -0.255199
 -0.307292  -0.858318  -0.410928    1.56426
         0          0          0          1

 0.0984522   -0.45873   0.883105 -0.0131919
 -0.946343   0.231323   0.225663  -0.258027
 -0.307801  -0.857937  -0.411342    1.56062
         0          0          0          1

  0.100759  -0.460727   0.881804 -0.0116953
 -0.946028   0.230035   0.228287   -0.25835
 -0.308024  -0.857213  -0.412683     1.5578
         0          0          0          1

   0.105314   -0.468191    0.877329 -0.00881457
  -0.945261    0.226876    0.234542   -0.260955
  -0.308855   -0.854005    -0.41867     1.55145
          0           0           0           1

   0.105934   -0.473365    0.874473 -0.00778092
  -0.945221    0.225134    0.236372   -0.262322
  -0.308764    -0.85161   -0.423585     1.54972
          0           0           0           1

   0.107214   -0.480509    0.870412 -0.00656891
  -0.945206    0.222268     0.23913   -0.264668
  -0.308369   -0.848356    -0.43035     1.54684
          0           0           0           1

   0.105433     -0.4856      0.8678 -0.00450975
  -0.945367    0.221772    0.238955   -0.264724
   -0.30849   -0.845583   -0.435688     1.54505
          0           0           0           1

    0.10305   -0.493078     0.86386 -0.00293082
  -0.946034    0.219682    0.238244   -0.265691
  -0.307248   -0.841792    -0.44383     1.54197
          0           0           0           1

   0.100337   -0.500589    0.859851 -0.00188807
   -0.94604    0.219635    0.238262   -0.267702
  -0.308124    -0.83736   -0.451539     1.54136
          0           0           0           1

  0.0910683   -0.510277    0.855175 0.000860095
   -0.94669    0.222103    0.233342   -0.268891
  -0.309006   -0.830835   -0.462848      1.5366
          0           0           0           1

 0.0885753  -0.514337   0.853001 0.00168263
 -0.946558   0.223171   0.232856  -0.270051
 -0.310132  -0.828041  -0.467083    1.53542
         0          0          0          1

 0.086528 -0.519432   0.85012 0.0029217
-0.945738  0.225435  0.234004 -0.271231
-0.313196 -0.824239  -0.47174   1.53393
        0         0         0         1

 0.0842766  -0.523696   0.847726 0.00435184
 -0.945316   0.226992   0.234206  -0.271466
 -0.315079  -0.821107  -0.475928    1.53286
         0          0          0          1

 0.0849747  -0.532907   0.841896 0.00659794
 -0.943311   0.229059   0.240201  -0.273928
 -0.320849  -0.814581  -0.483233    1.52964
         0          0          0          1

 0.0859866  -0.538275   0.838371 0.00787412
  -0.94294   0.227718   0.242918  -0.275162
 -0.321669  -0.811421   -0.48798    1.52931
         0          0          0          1

 0.0888668  -0.544185   0.834246 0.00993234
 -0.942837   0.224122   0.246631  -0.275753
 -0.321186  -0.808475  -0.493161     1.5288
         0          0          0          1

0.0924268 -0.548809  0.830822 0.0117805
-0.942877  0.219967  0.250194  -0.27666
-0.320062 -0.806488 -0.497129   1.52797
        0         0         0         1

0.0931672   -0.5608  0.822693 0.0158889
-0.943838  0.213332  0.252307  -0.27626
   -0.317 -0.799995 -0.509429   1.52823
        0         0         0         1

0.0964726 -0.573064  0.813813  0.019063
-0.944117  0.206219  0.257133 -0.276705
-0.315177 -0.793141 -0.521144   1.52948
        0         0         0         1

 0.111029 -0.600629  0.791781 0.0274996
-0.943884  0.185631  0.273173 -0.278871
-0.311055  -0.77768 -0.546314   1.53299
        0         0         0         1

 0.115402 -0.612918  0.781674 0.0324758
-0.944035  0.177121  0.278254  -0.27828
-0.308998 -0.770039 -0.558176   1.53494
        0         0         0         1

  0.12191  -0.62794  0.768654 0.0389333
-0.943772  0.166432  0.285648 -0.278016
-0.307298 -0.760258 -0.572342   1.53807
        0         0         0         1

 0.127367 -0.636072  0.761046 0.0449454
-0.944229  0.157152   0.28937 -0.276181
 -0.30366 -0.755457 -0.580581   1.53892
        0         0         0         1

 0.150086 -0.653365  0.742017 0.0600917
-0.943246  0.130258  0.305483 -0.273368
-0.296246 -0.745753 -0.596734   1.54293
        0         0         0         1

 0.165255 -0.658628  0.734098 0.0663652
-0.942144   0.11468   0.31498  -0.27302
-0.291641 -0.743679 -0.601571   1.54367
        0         0         0         1

 0.181399 -0.662242     0.727 0.0767794
-0.940978 0.0979256  0.323993 -0.270053
-0.285754 -0.742863 -0.605392    1.5446
        0         0         0         1

  0.19607 -0.664437  0.721165 0.0849706
-0.939287 0.0839368  0.332707  -0.26864
-0.281595 -0.742615  -0.60764   1.54679
        0         0         0         1

 0.213996 -0.665057  0.715475 0.0968608
-0.937194 0.0667536  0.342361 -0.265578
 -0.27545 -0.743803 -0.609003   1.54953
        0         0         0         1

  0.22902 -0.664121  0.711683  0.106406
 -0.93519 0.0527759  0.350193 -0.264057
 -0.27013  -0.74576 -0.608992   1.55189
        0         0         0         1

 0.260729 -0.655621  0.708648  0.132381
 -0.93205 0.0203552  0.361756 -0.257249
  -0.2516 -0.754816 -0.605764   1.55613
        0         0         0         1

  0.274934  -0.651168   0.707384   0.143969
 -0.930264 0.00574393   0.366846  -0.255095
 -0.242942  -0.758912  -0.604179    1.55829
         0          0          0          1

   0.289135   -0.645355    0.707049    0.160454
  -0.928508 -0.00931507    0.371195   -0.250883
  -0.232966   -0.763826    -0.60191     1.56092
          0           0           0           1

  0.302809  -0.640928    0.70535   0.173289
 -0.925959 -0.0226419   0.376944  -0.248446
 -0.225623  -0.767267  -0.600329     1.5635
         0          0          0          1

  0.335133   -0.63091   0.699742   0.207038
 -0.917838 -0.0509193   0.393677  -0.242011
 -0.212744  -0.774183  -0.596138    1.57021
         0          0          0          1

  0.348024  -0.627023   0.696938   0.222216
 -0.914096 -0.0619402   0.400738  -0.238828
 -0.208104  -0.776535  -0.594716    1.57267
         0          0          0          1

  0.363656   -0.62378   0.691848   0.242149
 -0.908929 -0.0749843   0.410154  -0.234851
 -0.203968  -0.777995   -0.59424    1.57658
         0          0          0          1

  0.374683  -0.620588   0.688827   0.258516
 -0.905405 -0.0849376   0.415965  -0.231131
 -0.199636  -0.779523  -0.593708    1.57872
         0          0          0          1

  0.389135  -0.618164    0.68297   0.279608
 -0.900198 -0.0978441   0.424346  -0.227052
 -0.195491  -0.779936  -0.594544    1.58222
         0          0          0          1

 0.399722 -0.615466  0.679282  0.296256
-0.896484 -0.107951  0.429724 -0.223802
-0.191152 -0.780735 -0.594906   1.58435
        0         0         0         1

 0.426061 -0.611267  0.666952  0.337331
-0.886689 -0.135794  0.441976 -0.216313
-0.179597 -0.779687 -0.599861    1.5903
        0         0         0         1

 0.438883 -0.609187   0.66051   0.35476
-0.880944 -0.146943  0.449828 -0.213193
-0.176972 -0.779294 -0.601151   1.59255
        0         0         0         1

 0.455242 -0.606677  0.651688   0.37728
-0.872965 -0.160125  0.460752 -0.209199
-0.175177 -0.778654 -0.602503   1.59518
        0         0         0         1

 0.467014 -0.604362   0.64548  0.395104
-0.867035 -0.169638  0.468481 -0.205721
-0.173634 -0.778441 -0.603226   1.59657
        0         0         0         1

 0.481127 -0.601371  0.637863  0.417373
-0.859586 -0.180757  0.477953 -0.201871
-0.172129 -0.778254 -0.603897   1.59864
        0         0         0         1

 0.491414 -0.598949  0.632276  0.434551
-0.853807 -0.188074   0.48543  -0.19912
-0.171833 -0.778388 -0.603809   1.60008
        0         0         0         1

 0.512776 -0.593053  0.620765  0.476039
-0.841045  -0.20185  0.501896 -0.191568
 -0.17235 -0.779451 -0.602288   1.60222
        0         0         0         1

 0.520939 -0.590438  0.616446  0.492896
-0.835751  -0.20592  0.509035 -0.188439
-0.173615 -0.780372 -0.600731   1.60256
        0         0         0         1

 0.531267 -0.586478  0.611391   0.51349
-0.828614  -0.20935  0.519202   -0.1851
-0.176505 -0.782442 -0.597185   1.60313
        0         0         0         1

 0.538294 -0.583116  0.608453  0.529568
-0.823437 -0.210212  0.527031 -0.182354
-0.179416 -0.784721 -0.593315   1.60333
        0         0         0         1

 0.550367 -0.573906  0.606405  0.567205
-0.814306 -0.208561  0.541672 -0.175165
-0.184397 -0.791918  -0.58212   1.60224
        0         0         0         1

 0.553529 -0.569479  0.607701  0.581712
-0.811662 -0.205407  0.546821  -0.17271
-0.186577 -0.795929 -0.575922   1.60191
        0         0         0         1

 0.554634 -0.562988   0.61272  0.600175
-0.810911  -0.20061  0.549708 -0.168943
-0.186562 -0.801748 -0.567798   1.60049
        0         0         0         1

 0.555004 -0.557654  0.617246  0.613895
-0.810584 -0.195856    0.5519 -0.166356
-0.186878 -0.806636 -0.560727   1.59949
        0         0         0         1

 0.554543 -0.551182  0.623443  0.631192
-0.810757 -0.189057  0.554012 -0.162894
-0.187495 -0.812685 -0.551715   1.59771
        0         0         0         1

 0.554339 -0.546345  0.627866  0.644293
-0.810673 -0.183615  0.555963  -0.16021
-0.188462 -0.817186 -0.544692   1.59618
        0         0         0         1

 0.552693 -0.536259  0.637932  0.675137
-0.810485  -0.16766  0.561252 -0.154008
-0.194021 -0.827234 -0.527294   1.59237
        0         0         0         1

 0.551992 -0.533291   0.64102  0.687125
-0.810414 -0.162132  0.562976   -0.1516
  -0.1963 -0.830249 -0.521682   1.59081
        0         0         0         1

 0.549347 -0.531465  0.644797  0.702113
 -0.81185 -0.156825   0.56241 -0.148531
-0.197782 -0.832436 -0.517621   1.58898
        0         0         0         1

 0.546905 -0.531364  0.646953  0.713229
-0.813399 -0.154321  0.560862 -0.146357
-0.198183 -0.832969  -0.51661   1.58756
        0         0         0         1

 0.541849 -0.533462  0.649475  0.739067
-0.816665 -0.151541   0.55686 -0.140944
-0.198642 -0.832138 -0.517772   1.58391
        0         0         0         1

 0.539998 -0.534999  0.649753   0.74914
 -0.81776 -0.150809  0.555451 -0.138996
-0.199177 -0.831284 -0.518937   1.58274
        0         0         0         1

 0.538013 -0.537932  0.648977  0.761496
-0.818896 -0.150988  0.553726 -0.136443
-0.199879 -0.829356 -0.521744   1.58099
        0         0         0         1

 0.536979 -0.540902  0.647363  0.770767
-0.819331 -0.151674  0.552894 -0.134552
-0.200873 -0.827297 -0.524623   1.57975
        0         0         0         1

 0.534598 -0.549655  0.641938  0.792049
-0.820149 -0.154195  0.550981 -0.130278
-0.203866 -0.821038 -0.533231   1.57678
        0         0         0         1

 0.532686 -0.553448  0.640267  0.800211
-0.821285 -0.155424   0.54894 -0.128568
-0.204297 -0.818253  -0.53733    1.5757
        0         0         0         1

 0.529731 -0.559175  0.637738  0.809986
-0.823069 -0.157348   0.54571 -0.126443
  -0.2048 -0.813981 -0.543592   1.57423
        0         0         0         1

 0.528121 -0.563998  0.634819  0.817069
-0.823743 -0.158693  0.544302 -0.124955
-0.206244 -0.810385 -0.548398   1.57301
        0         0         0         1

 0.527628 -0.569408  0.630383  0.826098
-0.823243  -0.15976  0.544745 -0.123124
-0.209472 -0.806381 -0.553056   1.57115
        0         0         0         1

 0.526995 -0.573072  0.627586  0.832858
-0.822874 -0.159432  0.545399 -0.121751
-0.212496 -0.803847 -0.555586   1.56976
        0         0         0         1

 0.523267 -0.577205  0.626919  0.846594
-0.824099  -0.15549  0.544686 -0.118811
-0.216916 -0.801659 -0.557037    1.5667
        0         0         0         1

 0.520268 -0.577633  0.629016  0.851614
-0.826107 -0.153689  0.542151 -0.117551
-0.216492 -0.801698 -0.557146   1.56516
        0         0         0         1

 0.517043 -0.577874  0.631449  0.857597
-0.828089 -0.150983  0.539882  -0.11613
-0.216646 -0.802038 -0.556596   1.56334
        0         0         0         1

 0.514812 -0.577896   0.63325  0.861735
-0.829513  -0.14923  0.538182 -0.115077
-0.216513 -0.802351 -0.556197   1.56183
        0         0         0         1

 0.507407 -0.578356  0.638783  0.871187
-0.833935 -0.142899  0.533041 -0.112599
-0.217006 -0.803171 -0.554819   1.55848
        0         0         0         1

  0.50351 -0.578183  0.642014  0.874639
-0.836247  -0.13934  0.530354 -0.111585
-0.217184 -0.803921 -0.553663   1.55683
        0         0         0         1

 0.499103 -0.578659   0.64502   0.87875
-0.838671 -0.135301  0.527565 -0.110345
-0.218008 -0.804268 -0.552833   1.55468
        0         0         0         1

 0.497076 -0.580615  0.644827  0.881985
-0.839079 -0.132325  0.527671  -0.10948
-0.221047 -0.803354 -0.552957   1.55314
        0         0         0         1

 0.495618 -0.583523  0.643323  0.885622
-0.838825 -0.129495  0.528776 -0.108446
-0.225246 -0.801706 -0.553654   1.55105
        0         0         0         1

 0.493826 -0.586473  0.642016  0.888489
 -0.83907 -0.127582  0.528851  -0.10755
-0.228247 -0.799857 -0.555096   1.54929
        0         0         0         1

 0.488819 -0.595951  0.637102  0.894839
-0.840238 -0.125196  0.527566 -0.105343
-0.234641 -0.793202 -0.561939   1.54481
        0         0         0         1

 0.487558 -0.600969  0.633343  0.897274
-0.840106 -0.125415  0.527724 -0.104374
-0.237715 -0.789371 -0.566025   1.54277
        0         0         0         1

 0.486224 -0.608791  0.626865  0.900745
-0.839128 -0.125126  0.529347 -0.103175
-0.243824 -0.783401 -0.571692   1.54019
        0         0         0         1

 0.486707 -0.614967  0.620429   0.90292
-0.837264 -0.125778  0.532136 -0.102244
 -0.24921 -0.778457 -0.576107   1.53788
        0         0         0         1

  0.486975  -0.630054   0.604886   0.908028
 -0.833598   -0.12855   0.537205 -0.0998538
  -0.26071  -0.765837  -0.587813    1.53201
         0          0          0          1

 0.486918 -0.635937  0.598745  0.910018
-0.832137 -0.129423  0.539257 -0.098859
-0.265442 -0.760811 -0.592205   1.52933
        0         0         0         1

  0.487668  -0.642981   0.590555   0.912287
 -0.829554  -0.130475    0.54297 -0.0975873
 -0.272067  -0.754687  -0.597016    1.52584
         0          0          0          1

  0.488055  -0.649065   0.583538   0.914093
 -0.827623  -0.131812   0.545587 -0.0963865
 -0.277204  -0.749226  -0.601513    1.52233
         0          0          0          1

   0.48989  -0.656096   0.574061   0.915878
 -0.824137  -0.133822   0.550354 -0.0950158
 -0.284263  -0.742718  -0.606271    1.51818
         0          0          0          1

   0.49127  -0.653256   0.576116   0.916998
 -0.822999  -0.131583   0.552592 -0.0939335
 -0.285177  -0.745615  -0.602272    1.51483
         0          0          0          1

  0.491153  -0.642196   0.588517   0.917809
 -0.825627  -0.127832   0.549544 -0.0918391
 -0.277684  -0.755806     -0.593    1.51003
         0          0          0          1

  0.486919  -0.640259    0.59412   0.918073
  -0.82985  -0.126896   0.543365 -0.0910282
 -0.272503  -0.757606  -0.593107    1.50857
         0          0          0          1

  0.481505  -0.637223   0.601747   0.918293
 -0.834479  -0.123414   0.537042 -0.0903025
 -0.267952  -0.760734  -0.591173    1.50717
         0          0          0          1

  0.477474  -0.634845   0.607445   0.918215
 -0.837725  -0.120396   0.532656 -0.0898577
  -0.26502  -0.763201  -0.589311    1.50618
         0          0          0          1

  0.47242 -0.632429  0.613884   0.91794
-0.841599 -0.116811   0.52732 -0.089422
-0.261784  -0.76576 -0.587435   1.50512
        0         0         0         1

  0.468748  -0.631329   0.617819   0.917683
 -0.844221  -0.114371   0.523651 -0.0891708
 -0.259935  -0.767036  -0.586592    1.50441
         0          0          0          1

  0.460939  -0.633707   0.621249   0.917976
 -0.848795  -0.110506   0.517046 -0.0885881
 -0.259004  -0.765639  -0.588824    1.50287
         0          0          0          1

  0.459116  -0.637186   0.619037   0.917888
 -0.849336   -0.11053    0.51615 -0.0885162
 -0.260462  -0.762743  -0.591931     1.5026
         0          0          0          1

  0.456408  -0.643042    0.61497   0.918402
 -0.849965  -0.110679   0.515081 -0.0883404
 -0.263154  -0.757791  -0.597078    1.50197
         0          0          0          1

  0.454248  -0.648033    0.61132   0.918748
   -0.8501  -0.110077   0.514989 -0.0883495
 -0.266437  -0.753616  -0.600895    1.50211
         0          0          0          1

  0.446472   -0.66178   0.602254    0.91956
 -0.851154   -0.10646   0.514007 -0.0882552
 -0.276044    -0.7421  -0.610808     1.5027
         0          0          0          1

  0.442047  -0.666461   0.600354   0.919902
 -0.852479  -0.103917   0.512329 -0.0880801
  -0.27906  -0.738262   -0.61408    1.50313
         0          0          0          1

  0.435287  -0.672401   0.598666   0.920438
  -0.85457 -0.0993743   0.509739 -0.0878297
 -0.283257  -0.733486  -0.617871    1.50393
         0          0          0          1

  0.429881  -0.676461   0.597999   0.920815
 -0.856128 -0.0950222   0.507952 -0.0875059
 -0.286787  -0.730323  -0.619986    1.50459
         0          0          0          1

  0.424756  -0.679506   0.598209   0.920887
  -0.85684 -0.0884356   0.507942 -0.0871267
 -0.292247   -0.72832  -0.619791    1.50582
         0          0          0          1

  0.420143  -0.682083   0.598534    0.92106
 -0.857806 -0.0833356   0.507172 -0.0866278
 -0.296054  -0.726511  -0.620108    1.50666
         0          0          0          1

  0.410373  -0.689853   0.596403   0.921127
 -0.858484  -0.071668   0.507808 -0.0843623
  -0.30757  -0.720394  -0.621638    1.50924
         0          0          0          1

  0.408489  -0.690343    0.59713   0.920762
 -0.857606  -0.066311   0.510015 -0.0829582
 -0.312489  -0.720437  -0.619129    1.51047
         0          0          0          1

  0.406229  -0.688495   0.600794   0.920194
 -0.856839 -0.0585586   0.512248 -0.0807729
 -0.317499  -0.722873  -0.613717    1.51212
         0          0          0          1

  0.405586  -0.684531   0.605737   0.919047
 -0.856267 -0.0526435   0.513844 -0.0788579
 -0.319854   -0.72708  -0.607493    1.51369
         0          0          0          1

  0.400398  -0.671104    0.62394    0.91634
  -0.85864 -0.0369712   0.511244 -0.0733173
  -0.32003  -0.740441   -0.59104    1.51815
         0          0          0          1

  0.397397  -0.663159   0.634268   0.914614
  -0.86092  -0.030185   0.507844 -0.0706992
 -0.317636   -0.74787  -0.582922    1.52083
         0          0          0          1

  0.392094  -0.651688   0.649281   0.912186
 -0.865693 -0.0226361   0.500063 -0.0669375
 -0.311188  -0.758149  -0.573037    1.52453
         0          0          0          1

  0.385386  -0.643217   0.661627    0.91056
 -0.871486   -0.01804   0.490088 -0.0637381
 -0.303297  -0.765472  -0.567507    1.52794
         0          0          0          1

  0.377243  -0.633865   0.675206   0.907826
 -0.879138 -0.0158482   0.476303 -0.0593519
 -0.291211  -0.773282  -0.563233      1.533
         0          0          0          1

  0.371913   -0.62802   0.683572   0.905547
 -0.885049 -0.0178246   0.465156  -0.055495
 -0.279943  -0.777993  -0.562458    1.53713
         0          0          0          1

   0.36483  -0.618113   0.696301   0.900528
 -0.895407 -0.0279157   0.444372 -0.0454547
 -0.255234  -0.785594  -0.563647    1.54926
         0          0          0          1

  0.366425   -0.61553    0.69775   0.898382
 -0.897075 -0.0346702   0.440516 -0.0407747
  -0.24696   -0.78735  -0.564881    1.55466
         0          0          0          1

   0.37112  -0.612664   0.697791   0.895653
  -0.89772 -0.0445865   0.438305 -0.0345941
 -0.237422  -0.789085  -0.566547    1.56211
         0          0          0          1

   0.37599  -0.610093   0.697436   0.893463
 -0.897945  -0.054088   0.436771 -0.0291932
 -0.228748  -0.790481  -0.568167    1.56792
         0          0          0          1

   0.39132  -0.601157   0.696763   0.887546
 -0.897165 -0.0806756   0.434265 -0.0150595
  -0.20485  -0.795048  -0.570907     1.5836
         0          0          0          1

   0.400045   -0.594483    0.697534    0.885221
  -0.896222  -0.0945516    0.433412 -0.00865235
  -0.191703    -0.79853   -0.570614     1.59084
          0           0           0           1

   0.412005   -0.583723    0.699657    0.881927
  -0.895299   -0.116595    0.429937 0.000413477
  -0.169388   -0.803538   -0.570644     1.59965
          0           0           0           1

  0.42054 -0.574566  0.702154  0.879473
-0.894404 -0.132654  0.427135 0.0080365
-0.152273 -0.807636 -0.569681   1.60717
        0         0         0         1

 0.430671 -0.562746  0.705577   0.87629
-0.892727 -0.150836  0.424602 0.0182387
-0.132517 -0.812752  -0.56734   1.61745
        0         0         0         1

 0.438837 -0.551756  0.709216  0.873212
-0.891101 -0.165697  0.422472 0.0267543
-0.115586  -0.81738 -0.564384   1.62578
        0         0         0         1

 0.455565 -0.518746  0.723438  0.865885
-0.887648 -0.203189  0.413274 0.0494574
-0.0673899 -0.830432  -0.55303   1.64541
        0         0         0         1

 0.462131   -0.5036  0.729947  0.862613
-0.885456 -0.216526  0.411199 0.0592899
-0.0490275 -0.836363 -0.545979   1.65497
        0         0         0         1

 0.469918 -0.484127  0.738104  0.858893
-0.882343 -0.233517  0.408583 0.0725406
-0.025446 -0.843262 -0.536901   1.66709
        0         0         0         1

 0.477204 -0.468255  0.743649  0.855141
-0.878767 -0.247847  0.407848 0.0835784
-0.00666618 -0.848121 -0.529761   1.67657
        0         0         0         1

 0.494994 -0.434523  0.752443  0.847335
-0.868198  -0.28205  0.408264  0.112289
0.0348264 -0.855358 -0.516865   1.69933
        0         0         0         1

 0.502389  -0.42211  0.754604   0.84432
-0.863166   -0.2958  0.409201  0.124964
0.0504841 -0.856928 -0.512959   1.70928
        0         0         0         1

 0.511135 -0.409308  0.755783  0.840746
-0.856704 -0.313495  0.409609  0.142009
0.0692779 -0.856848 -0.510894   1.72175
        0         0         0         1

 0.517908 -0.400003  0.756154  0.837542
-0.851326 -0.327567  0.409811  0.155772
 0.083765 -0.855977 -0.510182   1.73177
        0         0         0         1

 0.526917 -0.388389  0.755984  0.832954
-0.843725 -0.346204  0.410209  0.173859
 0.102404 -0.853989 -0.510114   1.74411
        0         0         0         1

 0.533174 -0.382741  0.754477  0.830193
-0.838247 -0.359504  0.409999  0.188533
 0.114314 -0.851038 -0.512509   1.75461
        0         0         0         1

 0.548556 -0.371646  0.748976  0.824092
-0.824505 -0.389196  0.410753  0.224882
 0.138844 -0.842856  -0.51992   1.78116
        0         0         0         1

 0.554491 -0.370808  0.745011  0.822683
-0.819192 -0.400821  0.410204  0.240921
 0.146509 -0.837761 -0.526015   1.79242
        0         0         0         1

 0.563593 -0.369176  0.738967  0.820401
-0.811077  -0.41688  0.410323  0.261908
 0.156579 -0.830614 -0.534381   1.80545
        0         0         0         1

 0.571197 -0.370103  0.732637  0.818892
 -0.80513 -0.426279  0.412374  0.277865
 0.159687 -0.825415  -0.54147   1.81816
        0         0         0         1

 0.589382 -0.373204  0.716483  0.815568
-0.788886 -0.456944  0.410927  0.320314
 0.174033 -0.807416  -0.56373   1.84353
        0         0         0         1

 0.599578 -0.374882  0.707085  0.812416
-0.780955  -0.46722  0.414506  0.337258
 0.174973  -0.80073 -0.572901   1.85643
        0         0         0         1

 0.609324 -0.379276  0.696329  0.811493
-0.773013 -0.479688   0.41515  0.359687
 0.176565 -0.791232 -0.585471   1.87152
        0         0         0         1

 0.615555 -0.384773  0.687781  0.812405
-0.768132 -0.488098  0.414407  0.377991
 0.176252 -0.783397 -0.596008   1.88402
        0         0         0         1

 0.627484 -0.386516  0.675921  0.809878
-0.756615 -0.507642  0.412108  0.403138
 0.183839 -0.770003 -0.610981     1.894
        0         0         0         1

 0.635498  -0.39553  0.663098  0.810913
-0.751067 -0.515786  0.412145  0.421968
 0.179001 -0.759948  -0.62485   1.90637
        0         0         0         1

 0.651558 -0.411817  0.637087  0.813658
-0.738666 -0.535668  0.409186  0.467796
 0.172757 -0.737202 -0.653213   1.93317
        0         0         0         1

 0.658784 -0.417744  0.625695  0.813905
-0.732744 -0.544819  0.407747  0.487925
 0.170557 -0.727092 -0.665017   1.94254
        0         0         0         1

 0.663631 -0.429182  0.612696  0.818058
-0.728825 -0.555494  0.400301  0.514146
 0.168546   -0.7122 -0.681442   1.95258
        0         0         0         1

 0.667439 -0.432285  0.606346  0.817388
-0.725262 -0.562021  0.397652  0.532233
  0.16888 -0.705168 -0.688634   1.96207
        0         0         0         1

 0.668055 -0.452721  0.590548  0.825025
-0.725255 -0.573681  0.380652  0.581372
 0.166457 -0.682594 -0.711588    1.9858
        0         0         0         1

 0.667978 -0.461235   0.58401  0.827353
-0.724622  -0.58186  0.369271  0.601814
 0.169492 -0.669852 -0.722891   1.99334
        0         0         0         1

 0.669276 -0.467195  0.577753  0.825993
-0.723856 -0.585415  0.365132  0.623649
 0.167637 -0.662584 -0.729986   2.00966
        0         0         0         1

 0.662502  -0.48211  0.573289  0.832222
-0.729221 -0.590082  0.346468    0.6457
 0.171252  -0.64759 -0.742495   2.01525
        0         0         0         1

 0.656381 -0.497263  0.567357   0.83649
-0.733209  -0.59758  0.324504  0.672229
 0.177677 -0.628989 -0.756838   2.02222
        0         0         0         1

 0.649657 -0.506257  0.567141  0.839219
-0.738855  -0.59611  0.314238  0.689168
 0.178994 -0.623182 -0.761318   2.03544
        0         0         0         1

 0.632886 -0.537932  0.556853  0.849083
-0.752647 -0.596146  0.279523  0.734609
 0.181601  -0.59602 -0.782165   2.05656
        0         0         0         1

 0.628116 -0.549286   0.55114   0.84915
-0.757192 -0.594637  0.270309  0.750143
 0.179251 -0.587104 -0.789416   2.06805
        0         0         0         1

 0.618719  -0.56584  0.544988  0.853118
-0.764091 -0.594686  0.250025  0.774669
 0.182623 -0.571116 -0.800297   2.07487
        0         0         0         1

 0.612326 -0.577915   0.53951  0.853365
-0.766829 -0.600231  0.227368  0.795972
 0.192431 -0.552935 -0.810699   2.07255
        0         0         0         1

 0.583084 -0.622768  0.521702  0.876341
-0.790792 -0.582238  0.188804  0.834906
 0.186173 -0.522646 -0.831974   2.09915
        0         0         0         1

 0.568761 -0.636262  0.521231  0.881031
-0.799265 -0.577115   0.16767  0.856034
