-0.230906  0.959725  0.160032   1.13124
-0.564207 -0.266074  0.781585  0.851758
 0.792687 0.0901812  0.602921   2.51695
        0         0         0         1

 -0.21336  0.972975 0.0883001   1.10661
-0.586581 -0.199856  0.784845  0.825304
 0.781282  0.115659  0.613369   2.50151
        0         0         0         1

-0.202462  0.977242 0.0633079   1.12004
-0.599386 -0.174783  0.781145  0.802621
 0.774433  0.120206  0.621131   2.49581
        0         0         0         1

 -0.175104   0.983468  -0.046134    1.11728
 -0.647592 -0.0797542   0.757802   0.744131
  0.741595    0.16257   0.650852    2.48037
         0          0          0          1

 -0.161231   0.983509 -0.0819405    1.11911
 -0.661918 -0.0461796   0.748152   0.722602
  0.732031   0.174864   0.658448    2.47238
         0          0          0          1

-0.140608   0.97956 -0.143848   1.11184
-0.680151 0.0100113  0.733004  0.696045
 0.719461  0.200905   0.66484   2.45759
        0         0         0         1

-0.124954  0.974415 -0.186818   1.10753
-0.692295 0.0492517  0.719932  0.677258
 0.710714  0.219292  0.668428   2.44587
        0         0         0         1

-0.0913266  0.953987 -0.285602   1.10724
-0.727216  0.132039  0.673589  0.623716
 0.680306  0.269211  0.681696    2.4192
        0         0         0         1

-0.0784958  0.946512 -0.312976   1.11658
-0.736544  0.156505  0.658035  0.606685
  0.67182  0.282173  0.684862   2.40818
        0         0         0         1

-0.0575208  0.933501 -0.353931   1.12418
-0.749596   0.19377  0.632897  0.584449
 0.659391   0.30171  0.688603   2.39181
        0         0         0         1

-0.0472972  0.921125 -0.386382   1.12485
-0.758863  0.218395   0.61354  0.567069
 0.649531   0.32223  0.688678   2.38026
        0         0         0         1

-0.0331358   0.91318 -0.406207   1.14746
-0.764301  0.238735   0.59904  0.549653
 0.644007  0.330314  0.690034   2.35863
        0         0         0         1

-0.0293021  0.907203 -0.419671   1.16482
-0.775019  0.244528  0.582711  0.531302
 0.631259  0.342327  0.695934   2.34917
        0         0         0         1

-0.00368356  0.880435 -0.474153   1.18803
-0.789481  0.288461  0.541765  0.499223
 0.613763   0.37633  0.694025   2.31077
        0         0         0         1

0.00470189  0.872458 -0.488667   1.20202
-0.795354  0.299464  0.527005  0.484925
 0.606128  0.386185   0.69532   2.29675
        0         0         0         1

0.0224286  0.857309 -0.514314   1.21668
-0.801901  0.322645  0.502847  0.469882
 0.597036  0.401151  0.694713   2.27267
        0         0         0         1

0.0350876  0.844412 -0.534544    1.2231
-0.808709  0.338241   0.48123  0.458376
 0.587161  0.415405  0.694752   2.25937
        0         0         0         1

0.0542631  0.829125 -0.556424   1.26997
-0.824478  0.351555  0.443447  0.426754
 0.563286  0.434696  0.702672    2.2152
        0         0         0         1

 0.060922  0.820041 -0.569053   1.28226
-0.831845  0.356803  0.425118   0.41484
 0.551654  0.447465  0.703884   2.20009
        0         0         0         1

0.0651938  0.810726 -0.581784   1.30248
-0.840076  0.359241  0.406471  0.399154
 0.538538  0.462243  0.704492   2.17368
        0         0         0         1

0.0712088  0.800634 -0.594907   1.31413
-0.845301   0.36506  0.390124  0.390598
 0.529523  0.475095  0.702773   2.15631
        0         0         0         1

0.0715032   0.79091 -0.607741   1.33613
-0.853517  0.363806  0.373034  0.376178
 0.516136  0.492044  0.701068   2.12816
        0         0         0         1

0.0721817  0.779328 -0.622445   1.34759
-0.859806  0.364909  0.357175  0.366898
 0.505492    0.5094  0.696411   2.11047
        0         0         0         1

0.0687787  0.755334 -0.651721   1.38513
-0.876212   0.35808  0.322538  0.342826
 0.476992  0.548863  0.686461   2.05845
        0         0         0         1

0.0691633 0.743035 -0.66567  1.39547
-0.882748 0.356425 0.306132 0.335149
0.464728 0.566446 0.680564   2.0391
       0        0        0        1

0.0668811  0.731923 -0.678097   1.41474
-0.892151  0.348175  0.287819  0.322611
 0.446758  0.585716  0.676272   2.01103
        0         0         0         1

0.0658638  0.721805 -0.688955   1.42583
-0.899664  0.341597  0.271877  0.313072
 0.431587  0.601921  0.671881   1.99251
        0         0         0         1

0.0626954  0.711595 -0.699787   1.45986
-0.913737  0.322957  0.246543  0.293073
  0.40144  0.623964  0.670458   1.93631
        0         0         0         1

0.0584688  0.709573 -0.702201   1.47245
 -0.92003  0.311311  0.237973  0.283997
 0.387462  0.632132  0.671031   1.91674
        0         0         0         1

0.0564567 0.704334 -0.70762  1.48724
-0.927176 0.299889 0.224523 0.274274
0.370347 0.643413 0.669972  1.88683
       0        0        0        1

0.0516671  0.702997 -0.709314   1.49938
-0.932899  0.287461  0.216948   0.26622
 0.356414  0.650509  0.670677   1.86543
        0         0         0         1

0.0509218  0.696407 -0.715838    1.5133
 -0.94131   0.27295   0.19858  0.256136
 0.333681  0.663713  0.669434   1.83787
        0         0         0         1

0.0443704  0.695277 -0.717371   1.52658
-0.946868  0.258236  0.191718  0.247249
 0.318548  0.670749  0.669793   1.81912
        0         0         0         1

0.0499401  0.686928 -0.725008   1.54957
-0.958149  0.237828  0.159337  0.232652
 0.281881  0.686708  0.670056    1.7664
        0         0         0         1

0.0435153  0.684874 -0.727361   1.56054
-0.962023  0.225103    0.1544  0.225025
 0.269476  0.693019  0.668661   1.74757
        0         0         0         1

0.0395169 0.693627 -0.71925  1.57617
-0.965481 0.211973 0.151376 0.217269
 0.25746  0.68844 0.678059  1.71946
       0        0        0        1

0.0429537  0.698651 -0.714172   1.58614
-0.968786  0.203813  0.141116  0.212215
 0.244148  0.685819  0.685598   1.69882
        0         0         0         1

0.0528008  0.700514 -0.711683   1.61565
-0.979783  0.174059 0.0986359  0.197556
 0.192971  0.692087  0.695542   1.64574
        0         0         0         1

0.0565813  0.699189 -0.712694   1.62605
-0.983774  0.160773 0.0796237  0.191675
 0.170254  0.696625  0.696941   1.62842
        0         0         0         1

0.0651536  0.699394 -0.711761   1.63847
-0.987281   0.14884 0.0558793  0.186053
  0.14502  0.699067  0.700196   1.60303
        0         0         0         1

0.0641811  0.705727 -0.705571   1.64783
-0.988942  0.139703 0.0497759  0.181898
 0.133698  0.694574  0.706889   1.58444
        0         0         0         1

0.0661871  0.712747 -0.698292   1.65886
-0.990639  0.130674 0.0394825  0.176121
  0.11939  0.689141  0.714724   1.56059
        0         0         0         1

0.0672481 0.716692 -0.69414   1.6654
-0.991471 0.125844 0.033879 0.173467
0.111634 0.685941 0.719043  1.54542
       0        0        0        1

0.0662536  0.722188 -0.688516   1.68413
-0.994155  0.106725 0.0162803  0.164113
0.0852394  0.683413  0.725038   1.50918
        0         0         0         1

 0.0684865   0.721045  -0.689495    1.69004
 -0.994605   0.103321 0.00925635   0.161867
 0.0779137   0.685142   0.724231    1.49503
         0          0          0          1

   0.070336    0.716378   -0.694159     1.69919
  -0.995554   0.0941202 -0.00374218    0.158286
  0.0626535    0.691335    0.719812     1.47829
          0           0           0           1

  0.0658755    0.714416   -0.696614     1.70664
  -0.996297    0.085745 -0.00627904    0.154349
  0.0552453    0.694448    0.717419     1.46426
          0           0           0           1

 0.0619122    0.70347  -0.708023    1.72222
 -0.997582  0.0660479 -0.0216091   0.147069
 0.0315621   0.707649   0.705859    1.43533
         0          0          0          1

 0.0618535   0.699838  -0.711618    1.72626
 -0.997774  0.0611684 -0.0265703   0.146121
 0.0249337   0.711678   0.702064    1.42433
         0          0          0          1

 0.0544913   0.694174  -0.717742    1.73438
 -0.998358  0.0506038 -0.0268536    0.14185
 0.0176794   0.718027   0.695791    1.41121
         0          0          0          1

 0.0537635   0.691356  -0.720511    1.73803
 -0.998488  0.0455104 -0.0308369   0.141029
 0.0114714    0.72108   0.692757    1.40198
         0          0          0          1

 0.0509496   0.687075  -0.724798    1.74292
 -0.998693  0.0379227 -0.0342541   0.138937
0.00395121   0.725596   0.688109    1.39065
         0          0          0          1

 0.0481091   0.685133  -0.726827    1.74735
 -0.998839  0.0348586 -0.0332548   0.137173
0.00255221   0.727583   0.686015    1.38229
         0          0          0          1

 0.0431059   0.684139  -0.728077    1.75672
 -0.999068  0.0279972 -0.0328424   0.134406
-0.00208465   0.728814   0.684709    1.36375
         0          0          0          1

 0.0465786   0.684139  -0.727862    1.75897
 -0.998904  0.0284941 -0.0371412   0.134667
-0.00467001   0.728794   0.684717    1.35733
         0          0          0          1

 0.0507662   0.681139  -0.730392    1.76258
 -0.998656  0.0269457 -0.0442834    0.13558
-0.0104823   0.731658   0.681592    1.34985
         0          0          0          1

 0.0502564   0.679605  -0.731855    1.76697
 -0.998617  0.0228828 -0.0473258   0.133979
 -0.015416   0.733221   0.679815    1.34358
         0          0          0          1

 0.0535082   0.672171   -0.73846    1.77602
 -0.998173  0.0152197 -0.0584734   0.132278
 -0.028065   0.740239   0.671758    1.32876
         0          0          0          1

 0.0547818     0.6717  -0.738795    1.77913
 -0.998038    0.01438 -0.0609307   0.132119
-0.0303033   0.740684    0.67117    1.32133
         0          0          0          1

 0.0603128   0.668971  -0.740838    1.78114
 -0.997597  0.0150485 -0.0676273   0.133026
-0.0340923   0.743136   0.668271    1.31343
         0          0          0          1

 0.0592361   0.666092  -0.743513    1.78446
 -0.997585  0.0124402 -0.0683333   0.131782
-0.0362668   0.745766   0.665221     1.3095
         0          0          0          1

 0.0608281   0.662794  -0.746327     1.7857
  -0.99738  0.0110375 -0.0714876   0.131978
-0.0391439   0.748721   0.661729    1.30324
         0          0          0          1

 0.0608957   0.658306  -0.750283    1.78707
 -0.997223 0.00784477 -0.0740551   0.131752
-0.0428652   0.752709   0.656956    1.30066
         0          0          0          1

 0.0596297    0.65035  -0.757291    1.78844
 -0.997018  0.0015698 -0.0771578   0.130976
-0.0489908   0.759633   0.648504     1.2935
         0          0          0          1

   0.0565562      0.64924    -0.758478      1.78979
   -0.997189 -0.000662142   -0.0749225     0.129438
  -0.0491449     0.760584     0.647377      1.28955
           0            0            0            1

 0.0584787   0.648313  -0.759125    1.78916
 -0.997015 -0.0004672 -0.0772034   0.130331
-0.0504066   0.761374   0.646351    1.28377
         0          0          0          1

  0.0587582    0.644659   -0.762209     1.78912
  -0.996851 -0.00283348  -0.0792431    0.130426
 -0.0532444    0.764465    0.642462     1.28188
          0           0           0           1

   0.060343     0.63417   -0.770835      1.7896
  -0.996404 -0.00774317  -0.0843715    0.130347
 -0.0594746    0.773155    0.631423     1.27595
          0           0           0           1

 0.0589844   0.628447  -0.775612    1.79046
 -0.996298 -0.0116169 -0.0851799   0.129456
-0.0625413   0.777765   0.625436    1.27586
         0          0          0          1

 0.0609101    0.62369  -0.779295    1.79133
 -0.996116 -0.0117535 -0.0872635   0.129339
-0.0635849   0.781583   0.620552    1.27417
         0          0          0          1

  0.0625193    0.623412    -0.77939     1.79241
  -0.996093 -0.00982069  -0.0877576    0.129068
 -0.0623633    0.781832    0.620363     1.27334
          0           0           0           1

  0.0619509    0.623558   -0.779319     1.79465
  -0.996237 -0.00878949  -0.0862273    0.127271
 -0.0606176    0.781728    0.620667      1.2727
          0           0           0           1

  0.0701627    0.625702   -0.776901     1.79364
  -0.995858 -0.00121519  -0.0909156    0.129145
 -0.0578301    0.780062    0.623025     1.27058
          0           0           0           1

 0.0887639   0.624763  -0.775752    1.79362
 -0.994297 0.00935215  -0.106238   0.133325
 -0.059119   0.780758    0.62203    1.27048
         0          0          0          1

0.0913615  0.624638 -0.775552   1.79402
-0.994085 0.0112824 -0.108018  0.133851
-0.0587222  0.780833  0.621974   1.27107
        0         0         0         1

0.0923429  0.627631 -0.773015   1.79473
-0.994119 0.0140075 -0.107383  0.133493
-0.0565687  0.778385  0.625234   1.27075
        0         0         0         1

0.0935743  0.628978 -0.771771    1.7951
-0.994164 0.0172306 -0.106496  0.133781
-0.0536855  0.777233  0.626919   1.27172
        0         0         0         1

0.0976623  0.627751 -0.772264   1.79435
-0.993917 0.0218304 -0.107948  0.134989
-0.0509055  0.778108  0.626064   1.27473
        0         0         0         1

0.0988025  0.627509 -0.772315   1.79349
-0.993965 0.0250543 -0.106801  0.135764
-0.047669  0.778206  0.626197   1.27696
        0         0         0         1

 0.107614  0.620963 -0.776418   1.78626
-0.993506 0.0381378 -0.107201   0.14096
-0.0369568  0.782912  0.621034   1.28812
        0         0         0         1

 0.109875  0.617786 -0.778632   1.78323
-0.993414 0.0426517 -0.106343  0.142315
-0.032487  0.785189  0.618403   1.29316
        0         0         0         1

 0.114763   0.61302 -0.781688   1.77664
-0.993047 0.0500321 -0.106558  0.146543
-0.0262125  0.788482  0.614499   1.29979
        0         0         0         1

 0.114184  0.607875  -0.78578   1.77404
-0.993217 0.0523577 -0.103823  0.147158
 -0.02197  0.792305   0.60973   1.30445
        0         0         0         1

 0.116958   0.58688 -0.801182   1.76181
 -0.99305 0.0584162 -0.102177  0.152172
-0.0131636  0.807564  0.589633   1.31932
        0         0         0         1

  0.114623   0.578826  -0.807355    1.75749
 -0.993377   0.060298 -0.0978037   0.153266
-0.0079294   0.813219   0.581904    1.32504
         0          0          0          1

  0.112379   0.567904  -0.815387    1.74908
 -0.993665  0.0637756 -0.0925316   0.156056
-0.000547262    0.82062   0.571474      1.333
         0          0          0          1

  0.112965   0.559951  -0.820788    1.74173
 -0.993596  0.0657183 -0.0919153   0.158447
0.00247273   0.825915   0.563789    1.34051
         0          0          0          1

  0.112153   0.552108  -0.826195    1.73189
 -0.993645  0.0703047 -0.0879026   0.161149
0.00955364   0.830803   0.556485    1.35022
         0          0          0          1

  0.11106  0.544768   -0.8312   1.72385
-0.993743 0.0708298 -0.086356  0.163467
0.0118297   0.83559  0.549226   1.35963
        0         0         0         1

  0.109442   0.532271   -0.83947     1.7021
 -0.993642  0.0810216 -0.0781697   0.168496
 0.0264077   0.842688   0.537754    1.38123
         0          0          0          1

  0.112411   0.528334  -0.841562    1.69145
  -0.99309  0.0884612 -0.0771147   0.171963
 0.0337033   0.844415   0.534627    1.38886
         0          0          0          1

  0.113223   0.523904  -0.844219    1.67722
 -0.992657  0.0960473 -0.0735263   0.175083
 0.0425643   0.846345   0.530932     1.4017
         0          0          0          1

  0.111283    0.52036  -0.846665    1.66743
 -0.992564   0.100478 -0.0687058   0.176276
 0.0493191   0.848015   0.527672     1.4107
         0          0          0          1

  0.103804   0.512483    -0.8524     1.6405
 -0.992427   0.109958 -0.0547462   0.179102
  0.065672   0.851628   0.520017    1.43569
         0          0          0          1

  0.101416   0.512313  -0.852789    1.62918
 -0.992067   0.116089 -0.0482383   0.180817
 0.0742866   0.850916   0.520022    1.44435
         0          0          0          1

 0.0961942   0.509317  -0.855186    1.61286
 -0.992067   0.118917 -0.0407683   0.182045
 0.0809323   0.852323   0.516716     1.4602
         0          0          0          1

 0.0965531   0.506506  -0.856813    1.59921
 -0.991395   0.125392 -0.0375932   0.184154
 0.0883966    0.85307   0.514254    1.47052
         0          0          0          1

0.0928161  0.502934 -0.859327   1.58018
-0.991314  0.127445 -0.032483  0.185324
0.0931799  0.854877  0.510394   1.48577
        0         0         0         1

 0.0940829    0.49916  -0.861387    1.56509
 -0.990471   0.134337 -0.0303359   0.187325
  0.100573   0.856033   0.507042    1.49577
         0          0          0          1

 0.0863408    0.49152  -0.866576    1.52674
 -0.989717   0.141888 -0.0181314   0.188449
  0.114045    0.85923   0.498716    1.52449
         0          0          0          1

  0.0797397     0.49068   -0.867683     1.51256
  -0.989423    0.144775 -0.00905656    0.187788
   0.121175    0.859228    0.497035     1.53421
          0           0           0           1

 0.0715595   0.488324  -0.869723    1.49111
 -0.989007   0.147863 0.00164666    0.18673
  0.129404   0.860044   0.493537    1.54901
         0          0          0          1

 0.0669049   0.486411  -0.871165    1.47461
 -0.988734   0.149491 0.00753362   0.186173
  0.133896   0.860847   0.490933    1.55999
         0          0          0          1

0.0522557 0.484588 -0.87318  1.43007
-0.987644 0.154441 0.026604 0.183393
0.147746 0.861001 0.486671  1.58805
       0        0        0        1

0.0484145  0.482861 -0.874358   1.41197
 -0.98718  0.156425 0.0317237  0.182499
  0.15209  0.861613  0.484244   1.59859
        0         0         0         1

0.0451477   0.48027 -0.875958   1.38464
 -0.98584  0.163173 0.0386535  0.181853
 0.161497  0.861809  0.480836   1.61315
        0         0         0         1

0.0392155  0.480501 -0.876117   1.36584
-0.985192  0.165049 0.0464222  0.179927
 0.166908  0.861323  0.479858   1.62411
        0         0         0         1

0.0296058  0.477812 -0.877963   1.33952
-0.984864  0.164013 0.0560499  0.176551
 0.170779  0.863015  0.475436   1.64076
        0         0         0         1

0.0253988  0.478356 -0.877799   1.31924
-0.983888  0.167407 0.0627599  0.174812
 0.176971  0.862062  0.474901   1.65039
        0         0         0         1

0.0113677  0.477568 -0.878521   1.26704
-0.982777  0.167394 0.0782795  0.167068
 0.184443  0.862501  0.471246   1.67832
        0         0         0         1

0.00432338  0.479081  -0.87776   1.24651
-0.981533  0.169903 0.0878987  0.164351
 0.191245   0.86117  0.470969   1.68779
        0         0         0         1

-0.00208902  0.478549 -0.878058   1.21599
-0.980732  0.170547 0.0952825  0.159936
 0.195347  0.861339  0.468972   1.70255
        0         0         0         1

-0.00821026  0.479648 -0.877422   1.19431
-0.979554  0.172526  0.103479  0.156969
 0.201012  0.860333  0.468425   1.71218
        0         0         0         1

-0.0237996 0.481741 -0.87599  1.13775
-0.977666 0.171807 0.121046 0.147291
0.208814 0.859306 0.466893  1.73597
       0        0        0        1

-0.0313786  0.482206 -0.875496    1.1158
-0.976825  0.170756  0.129059  0.142988
 0.211729  0.859255  0.465673   1.74534
        0         0         0         1

-0.0410154  0.483584 -0.874336   1.08478
-0.975525  0.169819  0.139687  0.137037
 0.216029  0.858666  0.464783   1.75709
        0         0         0         1

-0.0524911  0.487247 -0.871685   1.06445
-0.974114  0.167213  0.152126  0.132704
  0.21988  0.857106  0.465856   1.76482
        0         0         0         1

-0.0627516  0.488716 -0.870183   1.03373
-0.972915  0.164411  0.162497  0.126088
 0.222482  0.856812  0.465162   1.77612
        0         0         0         1

-0.0669159  0.486825 -0.870933   1.00933
-0.972226  0.164393   0.16659  0.121667
 0.224276   0.85789  0.462303   1.78278
        0         0         0         1

-0.0880696  0.487991 -0.868394  0.950897
-0.969372  0.158662   0.18747  0.110054
 0.229265  0.858307  0.459071   1.79886
        0         0         0         1

-0.094642  0.488773 -0.867262    0.9303
-0.969086  0.154156  0.192633  0.105046
 0.227848  0.858683  0.459074   1.80429
        0         0         0         1

-0.107201  0.489959 -0.865129  0.898136
-0.967787  0.147951  0.203713 0.0977811
 0.227808  0.859099  0.458315    1.8114
        0         0         0         1

-0.113641  0.489789 -0.864403  0.875868
-0.967871  0.141849  0.207618 0.0922606
 0.224304  0.860224  0.457932    1.8165
        0         0         0         1

-0.131378  0.490818   -0.8613   0.81729
-0.965813  0.132494  0.222823 0.0799465
 0.223482  0.861129  0.456632   1.82478
        0         0         0         1

-0.139482  0.489634 -0.860699  0.795865
-0.965373  0.126272  0.228278 0.0747768
 0.220455  0.862736  0.455067   1.82726
        0         0         0         1

-0.150704  0.488637 -0.859373  0.766241
-0.964687  0.117272  0.235852 0.0681372
 0.216026   0.86457  0.453708   1.83011
        0         0         0         1

-0.160915  0.487746 -0.858027  0.745824
-0.963375  0.111329  0.243957 0.0642907
 0.214512  0.865858  0.451968   1.83072
        0         0         0         1

-0.172974  0.486574 -0.856344  0.717193
-0.962846 0.0995308   0.25104 0.0577105
 0.207382  0.867951   0.45128   1.83333
        0         0         0         1

-0.183477  0.484912   -0.8551  0.696978
-0.961512 0.0924571   0.25874 0.0539817
 0.204526  0.869662  0.449285   1.83259
        0         0         0         1

-0.205657  0.477836 -0.854036  0.643125
-0.959533 0.0730763  0.271948 0.0436051
 0.192356  0.875404  0.443471   1.83028
        0         0         0         1

-0.214556  0.474061 -0.853951  0.623305
-0.958505 0.0658293   0.27737 0.0399871
 0.187705  0.878028  0.440266   1.82876
        0         0         0         1

-0.230011  0.468201 -0.853161  0.596451
-0.956544 0.0526764  0.286791 0.0354575
 0.179217  0.882051  0.435738   1.82669
        0         0         0         1

-0.239614  0.462463 -0.853647  0.575845
-0.955423 0.0438927  0.291961 0.0318699
  0.17249  0.885551   0.43133   1.82407
        0         0         0         1

-0.265118  0.456528  -0.84929  0.524684
-0.951402 0.0192661   0.30735 0.0244179
 0.156676    0.8895  0.429234   1.81673
        0         0         0         1

-0.275122  0.457321 -0.845674  0.506742
-0.949367 0.0095578  0.314025 0.0230539
 0.151693   0.88925  0.431536   1.81208
        0         0         0         1

  -0.289072    0.460594    -0.83922    0.481523
  -0.946228 -0.00448606     0.32347    0.021281
   0.145223    0.887599    0.437124      1.8061
          0           0           0           1

 -0.292645   0.462809   -0.83676   0.462602
 -0.946279 -0.0143099   0.323033   0.017905
  0.137529   0.886342   0.442135    1.80167
         0          0          0          1

 -0.307006   0.470678   -0.82717   0.440554
 -0.942764 -0.0315312   0.331968   0.017498
  0.130168   0.881742   0.453418    1.79492
         0          0          0          1

-0.314141   0.47427 -0.822426  0.423422
-0.941167 -0.041896  0.335336 0.0170829
 0.124583  0.879382  0.459528   1.78878
        0         0         0         1

 -0.334934   0.483537   -0.80871   0.382575
   -0.9368 -0.0787759   0.340882  0.0140668
  0.101122   0.871772   0.479362    1.77659
         0          0          0          1

 -0.342836   0.483841  -0.805209   0.366484
 -0.934761 -0.0906702   0.343513  0.0141892
 0.0931971   0.870446   0.483361    1.76912
         0          0          0          1

-0.357965  0.483919 -0.798551  0.344992
 -0.92996 -0.107941  0.351459 0.0166062
 0.083882   0.86843  0.488665   1.75861
        0         0         0         1

-0.367152   0.48406 -0.794283  0.329968
-0.927245 -0.122905  0.353711 0.0167707
0.0735956   0.86636  0.493967    1.7521
        0         0         0         1

-0.385757  0.483882 -0.785525  0.290093
-0.921328 -0.157346  0.355523 0.0175949
0.0484321  0.860872  0.506512   1.73343
        0         0         0         1

-0.397459  0.484186 -0.779481  0.277831
-0.916767 -0.172919  0.360051 0.0207446
0.0395443  0.857708  0.512614   1.72743
        0         0         0         1

-0.407854  0.480151 -0.776602  0.258677
-0.912665  -0.18977  0.361981 0.0232996
0.0264303  0.856412  0.515615   1.71559
        0         0         0         1

-0.414966  0.477201 -0.774649  0.245373
-0.909678 -0.201679   0.36306 0.0247202
0.0170224  0.855339  0.517789   1.70812
        0         0         0         1

-0.424863  0.473586 -0.771497  0.227931
-0.905249 -0.218492  0.364398 0.0267669
0.00400777  0.853216  0.521542   1.69833
        0         0         0         1

-0.429397  0.467756 -0.772543  0.214392
 -0.90309 -0.228779  0.363439 0.0279021
-0.00674056  0.853736  0.520663   1.68908
        0         0         0         1

-0.456602  0.458878 -0.762198  0.187461
-0.889276 -0.260922  0.375643 0.0388669
-0.0264993  0.849324  0.527207   1.67007
        0         0         0         1

-0.458318  0.459071 -0.761051  0.174539
-0.888181 -0.268214   0.37309 0.0387462
-0.0328503  0.846945  0.530665   1.66254
        0         0         0         1

 -0.46706  0.456874 -0.757047  0.159822
-0.883149 -0.283267  0.373908 0.0422708
-0.043618  0.843223  0.535791    1.6527
        0         0         0         1

-0.473747  0.455465 -0.753734  0.150117
-0.879254 -0.292986  0.375595 0.0458984
-0.0497629  0.840661  0.539271   1.64592
        0         0         0         1

-0.491881  0.450479 -0.745065  0.129532
-0.868251 -0.317441  0.381276  0.057336
-0.0647569  0.834446  0.547272   1.62756
        0         0         0         1

-0.496281    0.4474 -0.744001  0.121653
-0.865126 -0.326461  0.380761 0.0603444
-0.0725349   0.83262  0.549074   1.62063
        0         0         0         1

-0.506174  0.440534 -0.741429  0.112445
-0.858577 -0.338591  0.384971 0.0669659
-0.081448  0.831436  0.549618   1.60984
        0         0         0         1

-0.508909  0.437892 -0.741122  0.105752
-0.856199 -0.346578  0.383154 0.0692932
-0.0890762  0.829538    0.5513     1.604
        0         0         0         1

-0.513896  0.433409 -0.740316 0.0954123
-0.852368 -0.355399  0.383615 0.0728494
-0.0968456   0.82816  0.552062   1.59449
        0         0         0         1

-0.519315  0.427047 -0.740231 0.0893606
-0.848373 -0.361856  0.386424 0.0772596
-0.102835  0.828668  0.550213   1.58638
        0         0         0         1

-0.532366  0.414179  -0.73827 0.0741872
-0.838384 -0.378555  0.392184 0.0868234
-0.117041  0.827739  0.548771   1.56941
        0         0         0         1

-0.540283   0.40984 -0.734932 0.0706276
 -0.83294 -0.384604  0.397857 0.0919972
  -0.1196   0.82711  0.549167   1.56404
        0         0         0         1

-0.543686  0.402725 -0.736355 0.0624492
-0.829546 -0.391149  0.398567 0.0947559
-0.127512  0.827535  0.546741   1.55577
        0         0         0         1

-0.550937   0.39605 -0.734583 0.0597803
-0.823984  -0.39775  0.403541 0.0997584
-0.132358  0.827611  0.545474   1.55055
        0         0         0         1

-0.561712  0.383944 -0.732848 0.0507539
-0.815138 -0.408358  0.410844  0.109084
-0.141523  0.828149  0.542348   1.53642
        0         0         0         1

-0.568001  0.378715 -0.730719 0.0487126
-0.810232 -0.413254  0.415627  0.113997
-0.144569  0.828128  0.541576   1.53245
        0         0         0         1

-0.570666  0.371172  -0.73251 0.0431499
-0.807851 -0.413828   0.41967  0.115996
-0.147364  0.831251  0.536009   1.52414
        0         0         0         1

-0.573856  0.365254 -0.732993 0.0403462
-0.804837 -0.417005  0.422307  0.118738
-0.151412  0.832284  0.533271   1.51997
        0         0         0         1

 -0.58084  0.356553 -0.731776 0.0368891
-0.799384 -0.419533  0.430089  0.123237
-0.153655  0.834783  0.528704   1.51393
        0         0         0         1

-0.588955  0.350384  -0.72826 0.0368051
-0.793251 -0.422955   0.43802  0.128403
-0.154546  0.835667  0.527044   1.51145
        0         0         0         1

-0.594527  0.336178 -0.730426 0.0291365
-0.787276 -0.428094   0.44377  0.132565
-0.163505   0.83888  0.519179   1.50153
        0         0         0         1

-0.598689  0.330886 -0.729442 0.0274963
-0.784242 -0.427359   0.44981  0.135831
-0.162898  0.841355   0.51535   1.49739
        0         0         0         1

-0.604435  0.323815 -0.727875 0.0255286
-0.779578 -0.428578  0.456705  0.139991
-0.164063  0.843484  0.511486   1.49316
        0         0         0         1

-0.605968  0.319857  -0.72835 0.0231138
-0.778245 -0.427981   0.45953  0.140678
-0.164736  0.845295  0.508269   1.48993
        0         0         0         1

-0.615096  0.308189 -0.725725 0.0210663
-0.770145 -0.432043  0.469272  0.146767
 -0.16892   0.84756  0.503098   1.48401
        0         0         0         1

-0.618582  0.305948 -0.723707 0.0201281
-0.767297 -0.433509  0.472574  0.148669
 -0.16915  0.847623  0.502914    1.4831
        0         0         0         1

-0.623348    0.2987 -0.722644 0.0199826
-0.763028 -0.434401  0.478627  0.152288
-0.170951   0.84975  0.498699   1.47887
        0         0         0         1

-0.624859  0.297521 -0.721826 0.0191506
-0.761604 -0.435712  0.479703  0.153459
-0.171786  0.849492  0.498852   1.47773
        0         0         0         1

-0.630881  0.293597 -0.718186 0.0196763
 -0.75711 -0.435324  0.487112  0.157488
-0.169629  0.851055  0.496922   1.47491
        0         0         0         1

-0.631313  0.291999 -0.718457 0.0187485
 -0.75673 -0.434673  0.488282  0.158224
-0.169716  0.851937  0.495379   1.47294
        0         0         0         1

  -0.6285  0.290578 -0.721493 0.0149096
-0.758887  -0.43245  0.486907  0.155922
-0.170525  0.853552  0.492311   1.46863
        0         0         0         1

-0.631556  0.288489  -0.71966 0.0152262
-0.756215 -0.434036  0.489644  0.158268
-0.171102  0.853456  0.492278   1.46805
        0         0         0         1

-0.632212  0.285736 -0.720183  0.014591
-0.755355 -0.434217   0.49081  0.158935
-0.172474   0.85429  0.490349   1.46556
        0         0         0         1

-0.634438  0.284529 -0.718702 0.0150505
-0.753449 -0.435293  0.492782  0.160682
-0.172636  0.854145  0.490545   1.46539
        0         0         0         1

 -0.63733  0.283186  -0.71667 0.0159687
-0.750793 -0.437658  0.494738  0.164097
-0.173553  0.853382  0.491547   1.46348
        0         0         0         1

-0.639071    0.2828 -0.715271 0.0167199
-0.749656  -0.43705  0.496995  0.165911
-0.172059  0.853822  0.491308    1.4617
        0         0         0         1

-0.639771  0.283618 -0.714321 0.0174147
-0.748887 -0.439015  0.496421  0.167478
-0.172804  0.852541  0.493267   1.46039
        0         0         0         1

-0.638764  0.285848 -0.714333 0.0168279
-0.749741 -0.439799  0.494435  0.166791
-0.172829  0.851392   0.49524   1.46026
        0         0         0         1

-0.640769  0.287079  -0.71204 0.0181952
-0.747936 -0.442689   0.49459   0.16857
-0.173226  0.849478  0.498378   1.46068
        0         0         0         1

-0.641184  0.287373 -0.711547 0.0192253
-0.747757 -0.442356  0.495158  0.169457
-0.172462  0.849552  0.498517   1.45853
        0         0         0         1

-0.639098    0.2894 -0.712602 0.0194613
-0.749141 -0.444059  0.491528  0.169131
-0.174189  0.847974  0.500599   1.45479
        0         0         0         1

-0.638212  0.290632 -0.712894 0.0195941
-0.749437 -0.446418  0.488932  0.168869
-0.176149  0.846312   0.50272   1.45506
        0         0         0         1

-0.638032  0.290739 -0.713012 0.0206817
-0.749083 -0.448771  0.487318  0.169834
-0.178297   0.84503  0.504118   1.45321
        0         0         0         1

-0.635923  0.292831 -0.714039  0.020936
 -0.75033 -0.451074  0.483256  0.168959
-0.180572  0.843079  0.506569   1.45262
        0         0         0         1

 -0.63307  0.293366 -0.716351 0.0216974
 -0.75155 -0.454641  0.477989  0.168497
-0.185457  0.840974  0.508299   1.44926
        0         0         0         1

-0.632227  0.290931 -0.718087 0.0225022
-0.751633 -0.455176  0.477349  0.168778
 -0.18798  0.841531  0.506448   1.44627
        0         0         0         1

 -0.63243  0.288603 -0.718847 0.0238558
-0.750451 -0.458268  0.476249  0.169984
-0.191978  0.840654  0.506405   1.44406
        0         0         0         1

-0.632251  0.287323 -0.719517 0.0247911
-0.750207 -0.459002  0.475926  0.170489
-0.193516  0.840692  0.505756   1.44169
        0         0         0         1

-0.633273  0.285906 -0.719182 0.0267594
-0.748251 -0.463565  0.474582  0.171817
-0.197702  0.838669  0.507493   1.44106
        0         0         0         1

-0.635593   0.28333 -0.718154 0.0289745
-0.745655 -0.466338   0.47595  0.173741
-0.200051  0.838005  0.507668   1.43933
        0         0         0         1

-0.635537  0.279087 -0.719863 0.0299712
-0.743908 -0.470879  0.474208  0.174252
-0.206624  0.836889  0.506876   1.43348
        0         0         0         1

-0.635022   0.27847 -0.720557 0.0308725
-0.743378  -0.47396  0.471965  0.174497
-0.210087  0.835354  0.507983    1.4312
        0         0         0         1

-0.633179  0.278893 -0.722014 0.0318343
-0.743936 -0.476768  0.468242  0.174188
-0.213644  0.833613  0.509358   1.42889
        0         0         0         1

-0.632125  0.279482 -0.722708 0.0324405
-0.744108 -0.479121   0.46556  0.173846
-0.216149  0.832066  0.510829   1.42849
        0         0         0         1

-0.635546  0.279008 -0.719886 0.0373212
-0.741769 -0.479287  0.469108  0.177056
-0.214147  0.832129  0.511569   1.42347
        0         0         0         1

 -0.63789  0.280209 -0.717342 0.0394916
-0.740137 -0.480464   0.47048  0.178664
-0.212824  0.831046  0.513876   1.42321
        0         0         0         1

-0.638866  0.283525 -0.715167 0.0400997
-0.739646 -0.482053  0.469626  0.178328
-0.211598  0.828999  0.517675   1.42458
        0         0         0         1

-0.639914  0.283108 -0.714395 0.0404409
-0.738808 -0.482362  0.470626  0.178034
-0.211359  0.828961  0.517833   1.42432
        0         0         0         1

-0.641388   0.28177 -0.713602 0.0416855
-0.737457 -0.482958  0.472131  0.177947
-0.211608   0.82907  0.517557   1.42466
        0         0         0         1

-0.640175  0.280949 -0.715013  0.040484
  -0.7383 -0.482254  0.471533  0.175851
-0.212341  0.829758  0.516152   1.42371
        0         0         0         1

-0.645164  0.276214 -0.712368 0.0423207
-0.733905 -0.483324  0.477265  0.176834
-0.212477  0.830725  0.514538   1.42444
        0         0         0         1

-0.646974  0.273221 -0.711881 0.0425825
-0.732199 -0.483226  0.479977  0.177147
 -0.21286  0.831771  0.512687   1.42348
        0         0         0         1

-0.650116  0.270173  -0.71018 0.0419596
-0.729286 -0.484226  0.483392  0.177271
-0.213288  0.832185  0.511836   1.42383
        0         0         0         1

-0.656004  0.264802  -0.70678 0.0423498
-0.724457 -0.483585  0.491231  0.179226
-0.211709  0.834282  0.509071   1.42363
        0         0         0         1

-0.664221   0.25689  -0.70201 0.0437538
-0.716758 -0.485556  0.500494  0.182574
-0.212293  0.835609  0.506645   1.42388
        0         0         0         1

  -0.6642  0.255306 -0.702608  0.043427
-0.716395 -0.485912  0.500668   0.18213
-0.213582  0.835888  0.505642    1.4244
        0         0         0         1

-0.666013  0.252205 -0.702011 0.0418225
-0.715253 -0.483074  0.505027  0.180292
-0.211753   0.83847  0.502124   1.42399
        0         0         0         1

-0.669056  0.251052 -0.699526 0.0416673
-0.712075 -0.486114  0.506598   0.18095
-0.212868  0.837058  0.504005   1.42484
        0         0         0         1

-0.676081  0.249481 -0.693306 0.0418832
-0.705509 -0.490595  0.511443  0.183506
-0.212537  0.834911  0.507693   1.42647
        0         0         0         1

-0.681331  0.246434 -0.689245 0.0427555
-0.700391 -0.493106  0.516042  0.185807
  -0.2127  0.834336  0.508568   1.42647
        0         0         0         1

-0.688053  0.254998 -0.679382 0.0437284
-0.694652 -0.502211  0.515018  0.187764
-0.209864  0.826293  0.522682   1.43126
        0         0         0         1

-0.692393   0.25895 -0.673451 0.0460035
-0.691068 -0.506312  0.515822  0.189824
-0.207404  0.822553  0.529519   1.43464
        0         0         0         1

-0.693189  0.267245 -0.669379 0.0461148
 -0.69099 -0.510548  0.511736  0.189339
-0.204991  0.817264   0.53857   1.43914
        0         0         0         1

-0.699803   0.27013 -0.661291 0.0494573
-0.685117 -0.515867  0.514291    0.1932
-0.202213  0.812964  0.546076   1.44347
        0         0         0         1

-0.699928  0.275433 -0.658967 0.0495314
-0.685363 -0.518607  0.511199  0.192928
-0.200944  0.809434  0.551759   1.44654
        0         0         0         1

-0.703538  0.276381 -0.654712 0.0506434
-0.682026 -0.521458   0.51276  0.194704
-0.199688  0.807277  0.555364   1.45001
        0         0         0         1

-0.709764  0.275188 -0.648464 0.0529615
-0.676389 -0.523408  0.518211  0.199296
-0.196806  0.806421  0.557631   1.45497
        0         0         0         1

-0.714104  0.275033 -0.643749 0.0553816
-0.672254 -0.525933  0.521027  0.202836
-0.195269   0.80483  0.560463   1.45897
        0         0         0         1

-0.718065    0.2785 -0.637825 0.0562065
-0.669042 -0.528702  0.522357  0.205064
-0.191742  0.801818  0.565971   1.46445
        0         0         0         1

-0.722648  0.283998 -0.630179 0.0577648
-0.664854 -0.534972  0.521319   0.20754
-0.189075  0.795707  0.575414   1.47293
        0         0         0         1

-0.725836  0.291939 -0.622843  0.058227
-0.662583 -0.539968  0.519054  0.210481
-0.184783  0.789434  0.585363     1.484
        0         0         0         1

-0.729098  0.291597 -0.619182  0.061294
-0.659502 -0.541175  0.521715   0.21433
-0.182955  0.788733  0.586879   1.49025
        0         0         0         1

-0.733572  0.292415 -0.613486 0.0650269
-0.655707 -0.541841  0.525791  0.218983
-0.178663  0.787973  0.589219    1.4998
        0         0         0         1

-0.732849  0.293983 -0.613601 0.0641911
-0.656836 -0.540926  0.525324  0.219253
-0.177476  0.788019  0.589516   1.50551
        0         0         0         1

-0.730144  0.296161 -0.615775 0.0621597
-0.660293 -0.537667  0.524335  0.218708
-0.175795  0.789432  0.588127   1.51274
        0         0         0         1

-0.731499  0.296793 -0.613859 0.0643279
 -0.65927 -0.537598  0.525691  0.221158
-0.173988  0.789242  0.588919   1.52068
        0         0         0         1

-0.735276  0.303483 -0.606025 0.0709715
-0.658111 -0.533467  0.531323  0.228867
-0.162047  0.789501  0.591971   1.53979
        0         0         0         1

-0.735763  0.309131  -0.60257 0.0722197
-0.659084 -0.531476   0.53211  0.230808
 -0.15576  0.788651  0.594784   1.54779
        0         0         0         1

-0.737902     0.324 -0.592051 0.0755222
 -0.65977  -0.53105  0.531686  0.233407
-0.142142   0.78295  0.605628   1.56595
        0         0         0         1

-0.735137  0.330709 -0.591782 0.0746962
-0.664079  -0.52679  0.530558  0.233546
-0.136284  0.783022   0.60688   1.57322
        0         0         0         1

-0.735608  0.354978  -0.57695 0.0818677
-0.668753 -0.516259   0.53502  0.239592
-0.107935  0.779402  0.617157   1.60416
        0         0         0         1

-0.730561  0.364311 -0.577545 0.0814413
-0.675578 -0.508701  0.533683  0.238642
-0.0993709  0.780065  0.617758   1.61579
        0         0         0         1

-0.729744  0.372225 -0.573517 0.0860311
-0.678502 -0.497682  0.540321  0.242789
-0.0843078  0.783429  0.615736    1.6313
        0         0         0         1

