-0.843384 -0.537209 0.0104906   1.38396
-0.510754  0.795483 -0.326095  0.848038
 0.166836 -0.280381 -0.945279   2.00455
        0         0         0         1

-0.825232 -0.563874  0.032233   1.38205
-0.545298   0.78058 -0.305524   0.82243
 0.147117 -0.269705 -0.951639   1.99747
        0         0         0         1

-0.793634  -0.60501 0.0640976   1.38868
-0.597321  0.754839 -0.270973  0.772969
 0.115558  -0.25334 -0.960451   1.98273
        0         0         0         1

-0.776192 -0.624857  0.084139   1.39175
-0.623931  0.742033 -0.245147  0.744899
0.0907482 -0.242778 -0.965828   1.97912
        0         0         0         1

-0.758442 -0.643985  0.100251   1.39884
-0.647482  0.726963 -0.228674  0.717746
0.0743842 -0.238347 -0.968327    1.9685
        0         0         0         1

-0.741618 -0.661513  0.111373   1.40642
-0.668616  0.715463 -0.202646  0.692265
0.0543696 -0.224752 -0.972898    1.9634
        0         0         0         1

-0.724843 -0.677467  0.125066   1.41519
-0.688049  0.702806 -0.180701  0.665547
0.0345218 -0.217031 -0.975554    1.9532
        0         0         0         1

-0.705219 -0.694276   0.14369   1.41846
-0.708943  0.688214 -0.154146  0.642186
0.00812998 -0.210575 -0.977544   1.94617
        0         0         0         1

-0.670612 -0.724595  0.158874   1.43676
-0.741661  0.659189 -0.124132  0.602799
-0.0147826 -0.201075 -0.979464   1.91217
        0         0         0         1

-0.661564 -0.730943  0.167498   1.45012
-0.749443  0.652166 -0.114081   0.58412
-0.0258494 -0.201002  -0.97925   1.89377
        0         0         0         1

 -0.644772  -0.742413   0.181914    1.45969
 -0.762736   0.640482 -0.0895376   0.561895
-0.0500387  -0.196483  -0.979229    1.88049
         0          0          0          1

 -0.632738  -0.750672   0.190092    1.46996
 -0.771621   0.631855 -0.0732165   0.543658
-0.0651491  -0.193006  -0.979032    1.86631
         0          0          0          1

 -0.599687   -0.77089    0.21472    1.48579
 -0.794025   0.606576 -0.0398777   0.508922
 -0.099503  -0.194407  -0.975861    1.83349
         0          0          0          1

 -0.593492  -0.772743   0.225023    1.50217
 -0.795522   0.605647 -0.0183387   0.488633
 -0.122113  -0.189895  -0.974181     1.8201
         0          0          0          1

     -0.577   -0.781821    0.236276      1.5098
  -0.805982    0.591858 -0.00983852    0.475646
   -0.13215   -0.196111   -0.971636     1.79455
          0           0           0           1

   -0.5606  -0.789524   0.249758    1.51608
 -0.813907   0.580918 0.00950058   0.461128
  -0.15259  -0.197954  -0.968262    1.77763
         0          0          0          1

-0.548402  -0.79337  0.264234   1.52604
-0.817847  0.574741 0.0282801  0.444612
-0.174303 -0.200594 -0.964044   1.75947
        0         0         0         1

-0.542089 -0.795479  0.270837   1.53609
-0.819785  0.571438 0.0375554  0.431432
-0.184641  -0.20167 -0.961892   1.73917
        0         0         0         1

-0.520098 -0.802667  0.291931   1.55287
-0.824672  0.560888 0.0729511  0.403693
-0.222296 -0.202805 -0.953653   1.70466
        0         0         0         1

-0.512979 -0.804992  0.298061   1.56065
-0.825599  0.557749 0.0854482  0.392389
-0.235029 -0.202246 -0.950715   1.68614
        0         0         0         1

-0.502283 -0.810955  0.300106   1.56722
-0.828781  0.550488  0.100425  0.380683
-0.246645 -0.198281 -0.948605   1.66604
        0         0         0         1

 -0.49925 -0.809931  0.307835   1.57719
 -0.82462  0.553211  0.118152  0.366525
-0.265993 -0.194859 -0.944075   1.65301
        0         0         0         1

-0.482921 -0.817863  0.312869   1.58721
-0.824045  0.545315   0.15356  0.347037
-0.296203  -0.18366 -0.937301   1.61716
        0         0         0         1

-0.482194 -0.816349  0.317903   1.59529
-0.819546  0.548566  0.165589  0.336059
 -0.30957  -0.18069 -0.933551   1.60206
        0         0         0         1

 -0.47578 -0.818349  0.322394   1.60029
-0.816976  0.546962   0.18271  0.326203
-0.325858 -0.176458 -0.928805   1.58519
        0         0         0         1

-0.470359 -0.818845  0.329022   1.60462
 -0.81425  0.546449  0.195936  0.317959
-0.340234 -0.175746 -0.923772    1.5702
        0         0         0         1

 -0.47528 -0.814534  0.332632   1.61596
-0.806596  0.554392  0.205067  0.306521
-0.351443 -0.170835 -0.920491   1.55191
        0         0         0         1

-0.470289 -0.816013  0.336083   1.62047
-0.805685  0.552403  0.213826  0.299335
-0.360138 -0.170217 -0.917239   1.53489
        0         0         0         1

 -0.46041 -0.815786  0.350023   1.63042
-0.800271  0.552076  0.234047  0.284755
-0.384172 -0.172356 -0.907031   1.50395
        0         0         0         1

-0.457016 -0.814907  0.356459   1.63476
-0.797581  0.552848  0.241297  0.278722
-0.393702 -0.174028 -0.902614   1.48958
        0         0         0         1

-0.452279 -0.814533  0.363291   1.64131
-0.793473  0.553475  0.253111  0.270826
 -0.40724 -0.173785 -0.896635   1.47846
        0         0         0         1

-0.449353   -0.8143  0.367421   1.64469
-0.789485  0.554445  0.263259  0.265101
-0.418086 -0.171777 -0.892018   1.46612
        0         0         0         1

 -0.44451 -0.815034  0.371658   1.65058
-0.787136  0.553441  0.272249  0.258716
-0.427583 -0.171528 -0.887553   1.45529
        0         0         0         1

 -0.44541 -0.814961   0.37074   1.65571
-0.785481  0.554415  0.275033  0.252689
-0.429685 -0.168707 -0.887079   1.44239
        0         0         0         1

-0.442427 -0.814459  0.375386   1.66608
-0.779669  0.556157  0.287758  0.240312
-0.443141 -0.165365 -0.881068   1.42313
        0         0         0         1

-0.437418 -0.818052  0.373438   1.66844
-0.782307  0.550957  0.290589   0.23651
-0.443466 -0.165034 -0.880966   1.41353
        0         0         0         1

-0.428973  -0.82235  0.373795    1.6697
-0.783435   0.54469  0.299237  0.233399
 -0.44968  -0.16448 -0.877915   1.40579
        0         0         0         1

-0.428062 -0.822182  0.375207   1.67683
-0.781599  0.545226  0.303038  0.227011
-0.453725 -0.163542 -0.876007   1.39886
        0         0         0         1

-0.418495 -0.827453  0.374411   1.68378
-0.783588  0.537386  0.311781  0.218581
-0.459187 -0.162906 -0.873275   1.38109
        0         0         0         1

-0.408306 -0.832219  0.375098   1.68458
 -0.78608  0.529449     0.319  0.217099
-0.464074 -0.164607 -0.870368   1.37373
        0         0         0         1

-0.407587 -0.831257     0.378   1.68941
-0.784902  0.530467  0.320208  0.211901
-0.466692 -0.166181 -0.868667   1.36595
        0         0         0         1

-0.402486 -0.831965  0.381889   1.69263
 -0.78451  0.528461  0.324458   0.20893
-0.471751 -0.169006 -0.865383   1.36016
        0         0         0         1

-0.396119 -0.833098  0.386054   1.69553
-0.783291  0.525985  0.331354  0.205126
-0.479109 -0.171137 -0.860911   1.35661
        0         0         0         1

-0.392685 -0.835584  0.384184   1.69643
-0.785099  0.522137  0.333156  0.203777
-0.478976 -0.170797 -0.861052   1.34899
        0         0         0         1

-0.381628 -0.839241  0.387344   1.69991
-0.787682  0.514555  0.338807  0.198762
 -0.48365 -0.175805 -0.857423   1.34032
        0         0         0         1

-0.371594 -0.842554  0.389899   1.70132
-0.789928  0.507592  0.344041  0.198283
-0.487783 -0.180149 -0.854175   1.33803
        0         0         0         1

-0.366004  -0.84538  0.389067   1.70482
-0.792998  0.502112  0.345018  0.195162
-0.487027 -0.182252  -0.85416   1.33348
        0         0         0         1

-0.358706 -0.847138  0.392029   1.70675
-0.796007  0.496963  0.345544  0.192807
-0.487547 -0.188109 -0.852592   1.33124
        0         0         0         1

-0.341607 -0.847899  0.405429   1.70797
-0.799586  0.488905  0.348761  0.190674
-0.493931 -0.205036 -0.844981   1.32968
        0         0         0         1

-0.337747 -0.844335  0.415963   1.71023
-0.798703  0.490915  0.347959  0.188192
-0.497997 -0.214709 -0.840178   1.33038
        0         0         0         1

-0.330243 -0.844397  0.421821   1.70909
  -0.8014  0.486942  0.347341  0.187186
-0.498696  -0.22334 -0.837509   1.33024
        0         0         0         1

-0.324733 -0.843855  0.427149   1.70753
-0.803989  0.484153   0.34525  0.185657
-0.498147 -0.231309 -0.835671   1.33073
        0         0         0         1

-0.315033 -0.840867  0.440109   1.70368
-0.806443  0.481663  0.343002   0.18262
-0.500403 -0.246866 -0.829852   1.33565
        0         0         0         1

-0.306736 -0.844142  0.439701   1.69912
-0.810051  0.474083  0.345055  0.182374
 -0.49973 -0.250339 -0.829217   1.33798
        0         0         0         1

-0.308597  -0.84291  0.440761   1.69456
-0.812049  0.474761   0.33938  0.179878
-0.495323 -0.253188 -0.830994   1.34053
        0         0         0         1

-0.302849 -0.842645  0.445232   1.68904
-0.811993  0.472721  0.342348  0.178335
-0.498948 -0.257846 -0.827385   1.34699
        0         0         0         1

-0.299246 -0.842736   0.44749   1.68059
-0.813775  0.470283  0.341473   0.17724
-0.498218 -0.261972 -0.826528   1.35229
        0         0         0         1

 -0.29446 -0.844512  0.447317   1.67214
-0.815265  0.466207  0.343502  0.176544
-0.498634 -0.263534 -0.825781   1.35878
        0         0         0         1

-0.285803 -0.846452   0.44926   1.65384
-0.817564  0.459941  0.346471  0.174105
-0.499905 -0.268277 -0.823482   1.37325
        0         0         0         1

-0.283479 -0.846897  0.449894   1.64404
-0.818933  0.457895  0.345949  0.171966
-0.498987 -0.270364 -0.823356   1.37899
        0         0         0         1

 -0.27926 -0.847293  0.451784   1.63305
-0.818945   0.45582   0.34865  0.170139
 -0.50134 -0.272623 -0.821179   1.38831
        0         0         0         1

-0.276604 -0.848403  0.451333   1.62156
-0.821497  0.452448  0.347036  0.169164
-0.498631 -0.274777  -0.82211   1.39335
        0         0         0         1

 -0.27468 -0.846853  0.455403   1.59599
-0.820987  0.453102  0.347389  0.164471
-0.500531 -0.278459 -0.819713   1.41004
        0         0         0         1

-0.276053 -0.846618  0.455008   1.58332
-0.820732  0.454004  0.346814  0.162234
-0.500195 -0.277701 -0.820176   1.41764
        0         0         0         1

-0.275912 -0.845591     0.457    1.5668
-0.820268  0.454984  0.346627  0.159788
-0.501032 -0.279224 -0.819147   1.42627
        0         0         0         1

-0.275363 -0.842975  0.462135   1.55157
-0.819784  0.456992  0.345126  0.157353
-0.502124 -0.283816 -0.816896   1.43278
        0         0         0         1

 -0.27528 -0.839149  0.469095   1.53605
-0.819394  0.460003  0.342039  0.154305
-0.502806 -0.290217 -0.814223   1.43904
        0         0         0         1

-0.273817 -0.835104  0.477101   1.51933
-0.817625  0.463341  0.341768  0.152195
-0.506472 -0.296508 -0.809672   1.44575
        0         0         0         1

-0.274737 -0.826362  0.491575    1.4835
-0.811119  0.473726   0.34303  0.146462
-0.516339 -0.304482 -0.800428   1.46045
        0         0         0         1

-0.275738 -0.822613   0.49727   1.46563
-0.807588  0.478821  0.344283  0.143885
-0.521315 -0.306657 -0.796362   1.46676
        0         0         0         1

-0.278447 -0.818743  0.502123   1.44618
 -0.80363  0.484908  0.345027  0.140403
-0.525972 -0.307449 -0.792987    1.4731
        0         0         0         1

-0.277986 -0.817487   0.50442   1.42718
-0.801215  0.486993  0.347694  0.138101
-0.529885 -0.307495  -0.79036   1.47835
        0         0         0         1

-0.281243 -0.815334  0.506096    1.4067
-0.798837  0.491145  0.347325  0.134433
-0.531753 -0.306606  -0.78945    1.4828
        0         0         0         1

-0.281326 -0.813993  0.508203   1.38615
 -0.79542  0.494059  0.351017  0.131147
-0.536808 -0.305484 -0.786458   1.48841
        0         0         0         1

-0.285277 -0.809386  0.513334   1.34373
-0.784997  0.504607  0.359376  0.123462
-0.549906 -0.300444 -0.779318   1.50008
        0         0         0         1

-0.290125 -0.807628  0.513385   1.32355
-0.781084  0.509797  0.360576  0.120038
-0.552933 -0.296385  -0.77873     1.503
        0         0         0         1

-0.295835  -0.80515  0.514019    1.3026
-0.775028   0.51687  0.363561  0.115173
-0.558402 -0.290825 -0.776922   1.50798
        0         0         0         1

 -0.29668 -0.801617  0.519028   1.28112
-0.769414  0.522582  0.367303  0.111656
-0.565671 -0.290376 -0.771815   1.51232
        0         0         0         1

-0.305055 -0.791298  0.529896   1.23648
-0.756108  0.539535  0.370409  0.103722
-0.579002 -0.287663 -0.762894   1.51896
        0         0         0         1

 -0.30889 -0.787464  0.533373   1.21483
-0.750555  0.546266  0.371834  0.100216
 -0.58417  -0.28547 -0.759771   1.52152
        0         0         0         1

-0.314934 -0.781717   0.53827   1.19283
-0.743222  0.555836   0.37238 0.0960944
-0.590286 -0.282779 -0.756041   1.52461
        0         0         0         1

-0.316684 -0.777144  0.543837   1.17161
-0.736764  0.562641  0.374985 0.0924132
-0.597402 -0.281928 -0.750751   1.52726
        0         0         0         1

-0.323309 -0.771593  0.547828   1.14941
-0.730408  0.571551  0.373944 0.0885096
-0.601644 -0.279239 -0.748365   1.52881
        0         0         0         1

-0.326718 -0.765998  0.553627   1.13004
-0.722235  0.580182  0.376518 0.0845022
-0.609616 -0.276833 -0.742786   1.53169
        0         0         0         1

-0.335741 -0.754995  0.563259   1.08982
-0.708819  0.596318  0.376803 0.0765256
-0.620366  -0.27274 -0.735363   1.53432
        0         0         0         1

-0.339491 -0.750698  0.566744    1.0718
-0.703803  0.602467  0.376425 0.0727884
-0.624026 -0.271083 -0.732875   1.53469
        0         0         0         1

-0.342796 -0.746983  0.569656   1.05179
-0.697469  0.608601  0.378342 0.0690658
-0.629308 -0.267623 -0.729623   1.53632
        0         0         0         1

-0.344464 -0.743688  0.572951   1.03446
-0.692417  0.613388  0.379887 0.0655455
-0.633959 -0.265864 -0.726232   1.53654
        0         0         0         1

-0.348038 -0.737694  0.578513  0.999064
-0.682807   0.62231   0.38276 0.0579688
-0.642374 -0.261798  -0.72029   1.53541
        0         0         0         1

-0.350902 -0.734432  0.580928  0.984225
-0.676461  0.627791  0.385071 0.0546923
 -0.64751 -0.257853 -0.717107   1.53577
        0         0         0         1

-0.355124 -0.731109  0.582551  0.968583
-0.672992  0.632465  0.383496 0.0511607
-0.648821 -0.255864 -0.716634   1.53338
        0         0         0         1

-0.354323 -0.729603  0.584923  0.954223
-0.669484  0.634628  0.386055  0.047963
-0.652875 -0.254808 -0.713321   1.53174
        0         0         0         1

-0.355428 -0.727835  0.586454  0.939554
-0.663968  0.638209  0.389661 0.0447181
-0.657889  -0.25089 -0.710096   1.53032
        0         0         0         1

-0.357563  -0.72585  0.587614  0.927076
-0.660526  0.641369  0.390322 0.0422114
-0.660193  -0.24857 -0.708772   1.52764
        0         0         0         1

-0.360248 -0.724079  0.588159  0.902007
-0.651424  0.646566  0.396987 0.0370376
-0.667734 -0.240127 -0.704607   1.52403
        0         0         0         1

-0.360869 -0.723748  0.588186  0.891358
-0.648467  0.647996  0.399489 0.0347586
-0.670272 -0.237256 -0.703168   1.52152
        0         0         0         1

-0.363123 -0.721526  0.589527  0.881005
 -0.64454  0.651422  0.400271 0.0327589
-0.672837 -0.234627 -0.701599   1.51844
        0         0         0         1

-0.363705 -0.719699  0.591398  0.872297
-0.642136  0.653634  0.400529 0.0310555
-0.674818 -0.234083 -0.699875   1.51523
        0         0         0         1

-0.361468 -0.714772    0.5987  0.854602
-0.635764   0.65864  0.402488 0.0272924
-0.682015 -0.235145 -0.692504   1.50917
        0         0         0         1

-0.357248 -0.712665  0.603724  0.846453
-0.632948  0.660049  0.404613  0.025689
-0.686841 -0.237579 -0.686881    1.5063
        0         0         0         1

-0.355969  -0.70777  0.610203  0.839742
-0.629579  0.664181  0.403107 0.0246075
-0.690591 -0.240677 -0.682025   1.50336
        0         0         0         1

-0.353232 -0.703566  0.616621  0.833553
-0.627373  0.667082  0.401752 0.0236993
-0.693996  -0.24494 -0.677033   1.49995
        0         0         0         1

-0.349456 -0.698681   0.62428  0.827174
  -0.6253  0.670108  0.399944 0.0227731
-0.697769 -0.250599 -0.671058   1.49652
        0         0         0         1

-0.349116 -0.692721  0.631075  0.822699
-0.622675  0.674758  0.396204 0.0224102
-0.700282 -0.254633 -0.666909   1.49386
        0         0         0         1

-0.338223 -0.686662  0.643506  0.812653
-0.621177  0.676573   0.39546 0.0207911
-0.706926 -0.265977 -0.655371   1.48751
        0         0         0         1

-0.336311 -0.684495  0.646809  0.809969
-0.620478  0.677722  0.394589 0.0206019
-0.708451 -0.268626 -0.652639   1.48502
        0         0         0         1

-0.334612 -0.684959  0.647199  0.806631
-0.620027  0.677216  0.396163 0.0200623
-0.709648  -0.26872 -0.651298   1.48256
        0         0         0         1

-0.333151 -0.686693  0.646114  0.803448
-0.619824  0.675887  0.398741 0.0194107
-0.710513 -0.267637 -0.650801   1.48106
        0         0         0         1

-0.329002 -0.689585  0.645159  0.797796
-0.619578  0.673214  0.403616   0.01893
-0.712658 -0.266936  -0.64874   1.47841
        0         0         0         1

-0.328195 -0.689597  0.645557   0.79573
-0.619802  0.672934   0.40374 0.0188358
-0.712835 -0.267611 -0.648267   1.47718
        0         0         0         1

-0.325928 -0.689737  0.646556  0.793853
-0.621122  0.671814  0.403576 0.0187196
-0.712726 -0.270053 -0.647373   1.47501
        0         0         0         1

-0.324267 -0.690657  0.646409  0.792726
-0.622467  0.670335  0.403964 0.0187048
 -0.71231 -0.271376 -0.647278    1.4733
        0         0         0         1

-0.321341 -0.692329  0.646081  0.791203
-0.623372  0.668241   0.40603 0.0180739
-0.712844 -0.272275 -0.646312   1.47282
        0         0         0         1

 -0.31989 -0.693798  0.645225  0.790564
 -0.62441  0.666571   0.40718 0.0180096
-0.712588 -0.272632 -0.646444    1.4717
        0         0         0         1

-0.313921 -0.699837  0.641624   0.78976
 -0.62925  0.659409  0.411369 0.0171381
-0.710984 -0.274604 -0.647375   1.47091
        0         0         0         1

-0.310099  -0.70353   0.63944  0.789767
-0.632276  0.654903  0.413918 0.0164143
-0.709975 -0.275947 -0.647911   1.47044
        0         0         0         1

-0.306934 -0.706871  0.637279  0.790252
-0.635787   0.65056  0.415387 0.0159138
-0.708213 -0.277678 -0.649099   1.46997
        0         0         0         1

-0.302307 -0.710843  0.635069  0.790428
-0.638427  0.645726  0.418867 0.0152828
-0.707829 -0.278818 -0.649029   1.46993
        0         0         0         1

 -0.29655 -0.718567  0.629063  0.790956
-0.642842  0.637316   0.42495 0.0146303
-0.706267 -0.278369 -0.650921   1.47001
        0         0         0         1

-0.297007 -0.720043  0.627156  0.791986
-0.644453  0.635805  0.424773 0.0150041
-0.704604 -0.278012 -0.652873   1.46986
        0         0         0         1

-0.294802 -0.723143  0.624625  0.792288
-0.645768  0.632584  0.427576 0.0151637
-0.704326 -0.277312 -0.653469   1.47001
        0         0         0         1

-0.292832  -0.72589  0.622362  0.792488
-0.646409  0.629909  0.430546 0.0154397
 -0.70456 -0.276222 -0.653679   1.47031
        0         0         0         1

-0.291213 -0.728794  0.619721  0.792353
-0.646862  0.627271  0.433707 0.0157884
-0.704816 -0.274572 -0.654099   1.47045
        0         0         0         1

-0.291584 -0.728447  0.619954  0.792838
-0.647214  0.627477  0.432882  0.016586
-0.704339 -0.275021 -0.654424   1.47007
        0         0         0         1

-0.288498 -0.727521  0.622481  0.792911
-0.645415  0.627985  0.434827 0.0186496
-0.707254 -0.276311 -0.650725   1.46989
        0         0         0         1

-0.288223 -0.725953  0.624435  0.793124
  -0.6442  0.629478   0.43447 0.0198387
-0.708473 -0.277037 -0.649089   1.47007
        0         0         0         1

  -0.2868 -0.724708  0.626534  0.793456
-0.643971  0.630045  0.433987 0.0213521
-0.709258 -0.279002 -0.647387   1.47028
        0         0         0         1

-0.285708 -0.722904  0.629111  0.793828
-0.642609  0.631531  0.433847 0.0230461
-0.710932 -0.280319 -0.644978   1.47131
        0         0         0         1

-0.280922  -0.71557  0.639564  0.793846
-0.643037  0.635036  0.428057 0.0270703
-0.712451 -0.291012 -0.638534    1.4716
        0         0         0         1

 -0.27699  -0.71145  0.645845  0.793183
-0.642421  0.636952  0.426132 0.0287531
-0.714543  -0.29687 -0.633479   1.47294
        0         0         0         1

-0.273533 -0.706393  0.652832  0.792673
-0.642798  0.639148  0.422257 0.0307588
-0.715535 -0.304138 -0.628896   1.47439
        0         0         0         1

-0.270239 -0.701984   0.65893  0.791693
 -0.64474  0.640226  0.417638  0.032705
-0.715039 -0.311976 -0.625611    1.4758
        0         0         0         1

-0.270533 -0.696064  0.665061   0.79176
-0.644288  0.644216  0.412163 0.0355293
-0.715335 -0.316988 -0.622748   1.47921
        0         0         0         1

 -0.26758 -0.692145  0.670326  0.790648
-0.646217  0.644945  0.407982 0.0375788
-0.714706 -0.324008  -0.61985   1.48164
        0         0         0         1

-0.263709 -0.682473  0.681681  0.788051
-0.652092  0.646883  0.395371 0.0426472
-0.710797 -0.340256 -0.615624   1.48832
        0         0         0         1

-0.258814 -0.678691  0.687309  0.786037
-0.655508  0.646031  0.391092 0.0450564
-0.709454 -0.349317 -0.612089   1.49225
        0         0         0         1

-0.254457  -0.67457   0.69297  0.783764
-0.659918  0.644918  0.385472 0.0480573
-0.706936 -0.359217 -0.609265   1.49725
        0         0         0         1

-0.250616 -0.670459  0.698339  0.781774
-0.663774  0.644103  0.380177 0.0510233
-0.704695 -0.368261 -0.606456   1.50309
        0         0         0         1

-0.241665 -0.662275  0.709218  0.776352
-0.676662  0.638875  0.366016 0.0576847
-0.695505 -0.391447 -0.602529   1.51663
        0         0         0         1

-0.238226 -0.658993  0.713426  0.773338
-0.684027  0.635319  0.358436 0.0610432
 -0.68946 -0.402614 -0.602119    1.5244
        0         0         0         1

-0.233156  -0.65635  0.717526  0.769137
-0.692356  0.630171  0.351465 0.0646119
-0.682848 -0.414837 -0.601356   1.53419
        0         0         0         1

-0.226896 -0.655826  0.720007  0.764508
-0.703103  0.621865  0.344863 0.0678241
-0.673917 -0.427991 -0.602212   1.54342
        0         0         0         1

-0.227262 -0.653712  0.721812  0.761294
-0.712643  0.616792  0.334225 0.0725066
-0.663695 -0.438438 -0.606037   1.55621
        0         0         0         1

-0.221901 -0.654214  0.723024  0.755781
 -0.72489   0.60662  0.326415 0.0759678
-0.652146 -0.451681 -0.608843   1.56731
        0         0         0         1

-0.217994 -0.660681  0.718317  0.742432
-0.748555  0.585452  0.311306 0.0854687
-0.626215 -0.469837  -0.62218   1.59649
        0         0         0         1

-0.219078 -0.665697  0.713339  0.735735
-0.759319  0.575442   0.30381 0.0908144
-0.612731 -0.475094 -0.631543   1.61166
        0         0         0         1

-0.220578  -0.67182  0.707109  0.727728
-0.770931  0.564194  0.295551 0.0968843
-0.597503  -0.47994 -0.642376   1.62977
        0         0         0         1

-0.220593 -0.678142  0.701044  0.718738
-0.781875  0.552637  0.288555  0.102667
-0.583104 -0.484475  -0.65213   1.64632
        0         0         0         1

-0.229501 -0.690485  0.685974  0.699005
-0.803316  0.532319   0.26706  0.117947
-0.549557 -0.489763 -0.676845   1.68351
        0         0         0         1

-0.232403 -0.696137  0.679251  0.687665
-0.812397  0.522933  0.257975  0.125947
-0.534789 -0.491868 -0.687071   1.70164
        0         0         0         1

-0.240342  -0.70039  0.672078   0.67669
  -0.8214  0.515683  0.243666  0.135832
-0.517241 -0.493482 -0.699241   1.72192
        0         0         0         1

 -0.24704 -0.703704  0.666162  0.665318
-0.829539  0.508905  0.229958  0.146044
-0.500835 -0.495799  -0.70947   1.74047
        0         0         0         1

 -0.26192 -0.707092  0.656825  0.655609
-0.833879  0.508429  0.214817  0.157986
-0.485844 -0.491447 -0.722797   1.76475
        0         0         0         1

-0.267084 -0.710226  0.651341  0.641975
-0.841261  0.501516  0.201895  0.168738
-0.470049 -0.494024 -0.731433   1.78269
        0         0         0         1

-0.286074 -0.713892  0.639156  0.616408
 -0.85305   0.49355  0.169452  0.195549
-0.436426 -0.496756 -0.750177   1.82394
        0         0         0         1

-0.292798 -0.718164  0.631276  0.603421
-0.856086  0.490963   0.16147  0.206317
-0.425895 -0.493148 -0.758563   1.84586
        0         0         0         1

-0.302646 -0.720871  0.623498  0.588338
 -0.86035  0.488124  0.146741  0.220147
-0.410126 -0.492016  -0.76793    1.8686
        0         0         0         1

-0.314483 -0.724268  0.613625  0.575792
-0.862587  0.487896  0.133793   0.23355
-0.396287  -0.48723  -0.77818   1.88967
        0         0         0         1

-0.349546 -0.729009  0.588526  0.551841
-0.864245  0.493448 0.0979308  0.267307
  -0.3618 -0.474399 -0.802525   1.93229
        0         0         0         1

-0.363012 -0.731792  0.576803  0.539263
-0.864131  0.495969 0.0853959  0.281808
-0.348569 -0.467434 -0.812407   1.95408
        0         0         0         1

 -0.38638 -0.733744  0.558865   0.52745
-0.863092  0.501295 0.0614483   0.30158
-0.325244 -0.458609 -0.826979   1.97485
        0         0         0         1

-0.399643 -0.735489  0.547121  0.511235
-0.861865  0.504764 0.0490014  0.317206
-0.312207 -0.451962 -0.835618   1.99471
        0         0         0         1

-0.424623 -0.736126  0.527081  0.501408
-0.855243  0.517158  0.033274   0.33696
-0.297078 -0.436653 -0.849163   2.02113
        0         0         0         1

-0.443938 -0.732503  0.516099  0.488542
-0.850889  0.525172 0.0134636  0.356428
-0.280903 -0.433167 -0.856423   2.03723
        0         0         0         1

 -0.481521  -0.726855   0.489713   0.459595
 -0.839429   0.543128 -0.0192503   0.397336
 -0.251985  -0.420348  -0.871671    2.07555
         0          0          0          1

 -0.481521  -0.726855   0.489713   0.459595
 -0.839429   0.543128 -0.0192503   0.397336
 -0.251985  -0.420348  -0.871671    2.07555
         0          0          0          1

 -0.548079  -0.707559   0.446059   0.424539
 -0.808979   0.583918 -0.0677663    0.46438
 -0.212513  -0.397994  -0.892434    2.12967
         0          0          0          1

 -0.581161  -0.694286   0.424522    0.42426
 -0.790546   0.605443 -0.0920676   0.491638
 -0.193102   -0.38911  -0.900725    2.14694
         0          0          0          1

-0.599116 -0.687939  0.409634  0.409659
-0.780017  0.616927 -0.104756  0.515081
-0.180648 -0.382282 -0.906215   2.16552
        0         0         0         1

-0.628399 -0.671824  0.392131  0.404325
-0.762226  0.632441 -0.137948  0.546476
-0.155323 -0.385579 -0.909508   2.17041
        0         0         0         1

-0.647641 -0.660735   0.37946  0.391031
-0.747484  0.647523 -0.148263  0.569932
-0.147746 -0.379662 -0.913251   2.19305
        0         0         0         1

-0.673356 -0.645364   0.36069  0.388403
-0.727858   0.66424 -0.170317  0.597774
-0.129668 -0.377215 -0.917003   2.20661
        0         0         0         1

-0.704434 -0.622827  0.340382  0.390113
-0.700209  0.688267 -0.189727  0.629629
-0.116107 -0.371988 -0.920947   2.22569
        0         0         0         1

-0.732279 -0.599533  0.322999  0.390449
-0.674676  0.703196 -0.224341  0.670663
-0.0926323   -0.3822 -0.919425   2.22612
        0         0         0         1

  -0.7753 -0.565941  0.280394  0.386175
-0.627712  0.739579   -0.2429  0.720518
-0.0699069 -0.364327 -0.928643   2.26881
        0         0         0         1

-0.801513 -0.534171  0.268773  0.389898
-0.595675   0.75264 -0.280543  0.760858
-0.0524312  -0.38496 -0.921443    2.2587
        0         0         0         1

-0.812053 -0.522443  0.260046  0.378902
-0.581107  0.764898  -0.27793  0.779689
-0.0537063 -0.376808 -0.924733    2.2804
        0         0         0         1

 -0.83465 -0.498874  0.233419    0.3835
-0.549831  0.779559 -0.299955   0.81174
-0.0323245 -0.378699 -0.924955   2.28781
        0         0         0         1

-0.882734 -0.437054  0.172526  0.413541
-0.469594  0.807929 -0.355994  0.901335
0.0161999 -0.395265 -0.918424   2.28884
        0         0         0         1

-0.888604 -0.428339  0.164039  0.408302
-0.458293  0.814544 -0.355648  0.923985
0.0187203 -0.391208 -0.920112   2.30203
        0         0         0         1

-0.907736  -0.39823  0.132016  0.422922
 -0.41864   0.83916 -0.347205  0.948472
0.0274848 -0.370438  -0.92845   2.33305
        0         0         0         1

-0.918927 -0.377289  0.115003  0.422804
-0.391932  0.840693 -0.373663  0.984289
0.0442964 -0.388442 -0.920408    2.3223
        0         0         0         1

-0.935936 -0.344518 0.0730174  0.449473
-0.343487  0.847267  -0.40516   1.03699
0.0777194 -0.404284 -0.911325   2.31463
        0         0         0         1

