-0.534472  0.820491  0.202815  0.290323
-0.477525 -0.491144  0.728524  0.807772
 0.697359  0.292526  0.654308   2.63361
        0         0         0         1

-0.535652 0.830077 0.155078 0.251378
-0.508682 -0.46377 0.725369 0.770415
0.674032  0.30966 0.670664  2.60909
       0        0        0        1

-0.537462   0.83311  0.130624  0.238679
-0.522499 -0.450574  0.723863  0.749732
 0.661913  0.320798  0.677466    2.5879
        0         0         0         1

-0.538303  0.839555 0.0733291  0.196624
-0.555902  -0.41913  0.717846  0.707323
 0.633406  0.345655  0.692329   2.55892
        0         0         0         1

-0.538593  0.841379 0.0447165   0.17618
-0.573287 -0.404838  0.712354  0.683444
 0.617462  0.358033  0.700394   2.54341
        0         0         0         1

  -0.555474    0.831515 -0.00557711    0.158286
  -0.586729    -0.38718    0.711224    0.650157
   0.589235    0.398339    0.702943     2.48324
          0           0           0           1

 -0.559991   0.827616 -0.0382239   0.137455
 -0.606338  -0.377954   0.699647    0.62205
  0.564592   0.414972   0.713466    2.46403
         0          0          0          1

 -0.559049   0.825592 -0.0765565    0.11157
 -0.627763  -0.361148   0.689554   0.592046
  0.541643   0.433554   0.720176    2.43322
         0          0          0          1

-0.560682  0.821496 -0.103825 0.0954976
-0.644007 -0.353818  0.678283  0.572195
 0.520472  0.447165  0.727429   2.41096
        0         0         0         1

-0.555213  0.819302 -0.143115 0.0762489
-0.667016 -0.335843  0.665055  0.541547
 0.496817  0.464708  0.732952   2.37849
        0         0         0         1

-0.552056  0.815443 -0.174033 0.0597964
-0.685248 -0.324788  0.651881  0.518069
 0.475047  0.479131  0.738081   2.35142
        0         0         0         1

-0.548004  0.803479 -0.232621 0.0425726
-0.719389 -0.310805  0.621192  0.472705
 0.426815  0.507761  0.748337   2.29506
        0         0         0         1

-0.541763   0.80041 -0.256586 0.0326807
-0.737254 -0.305907  0.602393  0.449006
  0.40367  0.515524  0.755834   2.27936
        0         0         0         1

-0.540174  0.789861   -0.2904 0.0222539
-0.751884 -0.297976  0.588116  0.425713
 0.377998  0.536032  0.754843   2.24318
        0         0         0         1

-0.538317  0.780085 -0.318875  0.010949
-0.764493 -0.292801  0.574298  0.407752
 0.354634  0.552932   0.75399   2.21921
        0         0         0         1

  -0.534641    0.751394   -0.386737 -0.00976269
  -0.787983   -0.277896    0.549414    0.370024
   0.305354    0.598482    0.740661     2.15094
          0           0           0           1

  -0.539921    0.738358    -0.40412 -0.00944041
   -0.78937   -0.277498    0.547622    0.365195
   0.292198    0.614673    0.732664     2.12353
          0           0           0           1

   -0.5284   0.727208  -0.438134 -0.0199415
 -0.806879  -0.269628   0.525591   0.339272
  0.264081   0.631244   0.729241    2.09587
         0          0          0          1

 -0.532066   0.716226  -0.451582 -0.0173672
 -0.809886  -0.274941   0.518162    0.33054
  0.246963   0.641426   0.726349    2.07611
         0          0          0          1

 -0.534796   0.695691   -0.47959 -0.0187337
 -0.816144  -0.278271   0.506434   0.317657
  0.218866   0.662253   0.716602    2.03972
         0          0          0          1

 -0.532482   0.681188   -0.50244 -0.0230284
  -0.82297  -0.277826   0.495513   0.306132
  0.197946   0.677345   0.708535    2.01458
         0          0          0          1

 -0.534123   0.640688  -0.551572 -0.0253427
  -0.83278  -0.286397   0.473765   0.283335
  0.145567   0.712388   0.686523    1.95292
         0          0          0          1

 -0.535451   0.631086  -0.561268 -0.0221132
 -0.834605  -0.293619   0.466072   0.276346
  0.129333   0.717996   0.683926    1.93702
         0          0          0          1

 -0.532787   0.608028  -0.588592 -0.0258535
 -0.840423  -0.298694   0.452185   0.264342
 0.0991328   0.735584   0.670141    1.90381
         0          0          0          1

 -0.532335   0.595716   -0.60145 -0.0239996
 -0.842593  -0.304393   0.444276   0.258812
  0.081585   0.743282   0.663985    1.88262
         0          0          0          1

 -0.534578   0.557504   -0.63515 -0.0141897
 -0.844308  -0.319389   0.430273   0.250562
 0.0370191   0.766277   0.641443    1.82647
         0          0          0          1

 -0.532702   0.544122  -0.648197 -0.0107934
 -0.846071  -0.324495   0.422926   0.245392
 0.0197866   0.773714   0.633225    1.80775
         0          0          0          1

  -0.529978     0.52831   -0.663334 -0.00472803
  -0.847985   -0.336391    0.409589    0.237474
-0.00674945    0.779571    0.626278      1.7875
          0           0           0           1

   -0.52918    0.510287    -0.67792 -0.00239711
  -0.848269   -0.337192     0.40834    0.235335
 -0.0202185    0.791144    0.611296     1.76424
          0           0           0           1

  -0.525521    0.487485   -0.697271 -0.00053763
  -0.849655   -0.342874    0.400655    0.229994
 -0.0437628    0.802992    0.594382     1.73477
          0           0           0           1

 -0.526429   0.478183  -0.703003 0.00371517
 -0.848557  -0.347177   0.399273   0.228325
-0.0531412   0.806727    0.58853    1.71969
         0          0          0          1

-0.519858   0.44975 -0.726273  0.011577
-0.849596 -0.360856  0.384669  0.219818
-0.0890751  0.817011    0.5697   1.67739
        0         0         0         1

 -0.51726  0.441923 -0.732903 0.0149336
-0.849758 -0.367017   0.37843  0.216518
-0.101751  0.818537  0.565371   1.66657
        0         0         0         1

-0.514319  0.426061 -0.744277 0.0202446
-0.849412 -0.372709  0.373613  0.213513
-0.118217  0.824354  0.553592   1.64661
        0         0         0         1

-0.511909  0.419851  -0.74945 0.0241929
-0.849396 -0.377742  0.368561  0.211756
-0.128358  0.825249  0.549989   1.63635
        0         0         0         1

-0.509825   0.39481 -0.764332 0.0371057
-0.847124 -0.385172  0.366091  0.210251
-0.149863  0.834127  0.530823   1.60121
        0         0         0         1

-0.506061  0.390264 -0.769153 0.0394924
-0.847892 -0.388527   0.36073  0.206823
-0.158057   0.83471   0.52752   1.59189
        0         0         0         1

-0.505612  0.382592 -0.773292 0.0449233
-0.846197 -0.394696  0.358001  0.205512
-0.168247  0.835367  0.523312   1.57925
        0         0         0         1

-0.504099  0.377554 -0.776748 0.0483657
-0.845759 -0.397907  0.355475   0.20455
-0.174863  0.836136  0.519904   1.56929
        0         0         0         1

-0.502703  0.374702  -0.77903 0.0521636
-0.844804 -0.404022  0.350817  0.202157
-0.183294  0.834485  0.519653   1.55923
        0         0         0         1

 -0.49655   0.37541 -0.782627 0.0527211
-0.847484 -0.404586  0.343629  0.197786
-0.187638  0.833893  0.519051   1.55006
        0         0         0         1

-0.491228  0.369222 -0.788904 0.0604052
-0.848032 -0.409486  0.336398  0.195658
 -0.19884  0.834264  0.514263   1.52998
        0         0         0         1

 -0.48809  0.367746 -0.791537 0.0630372
-0.849398  -0.40871  0.333884  0.193221
-0.200725  0.835296   0.51185   1.52167
        0         0         0         1

-0.482789  0.364463 -0.796292 0.0666709
-0.851442 -0.408042  0.329466  0.190919
-0.204842  0.837059  0.507318   1.51077
        0         0         0         1

-0.475998  0.363058 -0.801009 0.0661619
-0.854267 -0.407265  0.323053  0.186345
-0.208936  0.838048  0.504005   1.50463
        0         0         0         1

-0.464835  0.356326 -0.810531 0.0722444
-0.857373 -0.409647   0.31161  0.181001
-0.220997  0.839774  0.495923   1.49131
        0         0         0         1

 -0.46126  0.351119 -0.814834 0.0744442
-0.859037 -0.406535  0.311103  0.179206
-0.222024  0.843472  0.489143     1.483
        0         0         0         1

-0.454332  0.355065 -0.817014 0.0745997
-0.861113 -0.409964  0.300689  0.174028
-0.228182  0.840154  0.492011   1.48211
        0         0         0         1

-0.456776  0.354508 -0.815892 0.0778183
-0.860153 -0.409962  0.303426  0.174256
-0.226917   0.84039  0.492193    1.4775
        0         0         0         1

-0.456496  0.351436 -0.817376 0.0804405
-0.860218 -0.408966  0.304585  0.173911
-0.227237  0.842163  0.489003   1.46845
        0         0         0         1

-0.452743  0.353936 -0.818384  0.079136
-0.861603 -0.409893  0.299381  0.169942
-0.229488  0.840665  0.490529   1.46599
        0         0         0         1

-0.446837  0.357398 -0.820124 0.0783216
 -0.86372 -0.411186  0.291401   0.16136
-0.233077  0.838566  0.492425    1.4589
        0         0         0         1

-0.444651  0.356881 -0.821536 0.0764931
-0.864245 -0.411887  0.288841  0.158271
-0.235299  0.838442  0.491579   1.45546
        0         0         0         1

-0.441286  0.356121 -0.823677 0.0752091
-0.865067 -0.412867  0.284956  0.153955
-0.238591  0.838283  0.490261   1.45031
        0         0         0         1

-0.439889   0.35553 -0.824679 0.0748635
-0.866179 -0.410444  0.285078  0.151586
-0.237131  0.839723  0.488502   1.44279
        0         0         0         1

-0.436276  0.363952 -0.822923 0.0717481
-0.867901 -0.411606  0.278081  0.144376
-0.237512  0.835536  0.495448    1.4378
        0         0         0         1

-0.437213   0.36516  -0.82189 0.0710633
-0.867414 -0.412611   0.27811  0.143161
-0.237566  0.834512  0.497144   1.43424
        0         0         0         1

-0.439678   0.36838 -0.819133 0.0700357
-0.866328 -0.414582  0.278565  0.140899
 -0.23698  0.832116  0.501421   1.43208
        0         0         0         1

-0.439269   0.36952 -0.818839  0.066524
-0.866196 -0.415913  0.276984   0.13784
-0.238214  0.830946  0.502774   1.43047
        0         0         0         1

-0.441084  0.368026 -0.818536 0.0650931
-0.864998 -0.417435  0.278436  0.136268
-0.239214  0.830846  0.502465   1.42654
        0         0         0         1

-0.442162  0.365128 -0.819252 0.0637225
-0.864117 -0.418224  0.279981  0.135683
-0.240403  0.831727  0.500436   1.42287
        0         0         0         1

-0.446642  0.361367 -0.818489  0.062649
-0.861758 -0.419744  0.284935  0.136284
 -0.24059  0.832604  0.498886    1.4173
        0         0         0         1

-0.446936  0.364305 -0.817025 0.0634804
-0.861794 -0.420287  0.284023  0.136715
-0.239914  0.831048  0.501798   1.41733
        0         0         0         1

-0.443682  0.371743 -0.815446 0.0632135
-0.864058  -0.41889  0.279169  0.134762
-0.237803  0.828455  0.507062    1.4169
        0         0         0         1

-0.440283  0.380384 -0.813301 0.0648823
-0.866791 -0.416296  0.274536  0.134421
-0.234145  0.825836  0.513002   1.41686
        0         0         0         1

-0.418736  0.396242   -0.8171 0.0675683
-0.879497 -0.401034  0.256236  0.129188
-0.226153  0.825932  0.516421   1.41605
        0         0         0         1

-0.409364  0.396668  -0.82163 0.0674185
-0.883714 -0.396317  0.248962  0.125918
-0.226871  0.828002  0.512779   1.41653
        0         0         0         1

-0.401764  0.392668 -0.827283 0.0669355
-0.887555 -0.389392  0.246211  0.123309
-0.225458  0.833178  0.504958    1.4152
        0         0         0         1

-0.398695  0.391975 -0.829095 0.0661249
-0.889128  -0.38673  0.244728  0.122215
-0.224709  0.834743  0.502703    1.4158
        0         0         0         1

-0.397786  0.394477 -0.828344 0.0647248
-0.890246  -0.38429  0.244505  0.120837
-0.221873  0.834691  0.504047   1.41917
        0         0         0         1

-0.401017  0.395261  -0.82641 0.0646899
 -0.88977 -0.382675  0.248735  0.121696
-0.217931  0.835062  0.505151   1.42092
        0         0         0         1

-0.400563  0.402488 -0.823136 0.0611213
-0.892448 -0.374895   0.25098  0.119723
-0.207573  0.835139  0.509369   1.42628
        0         0         0         1

-0.397179  0.409728 -0.821202  0.059407
-0.895562 -0.368568  0.249252  0.117666
-0.200543  0.834434  0.513324   1.42983
        0         0         0         1

-0.389827  0.422557 -0.818218 0.0576997
-0.901422 -0.356816  0.245196  0.114844
-0.188344  0.833143  0.519999   1.43493
        0         0         0         1

-0.386543   0.43053 -0.815615 0.0592407
-0.904745 -0.348601  0.244772   0.11479
-0.178943  0.832539  0.524269   1.43753
        0         0         0         1

-0.365165  0.456649  -0.81125 0.0607206
-0.917508 -0.324047   0.23059  0.108577
-0.157584  0.828532   0.53731   1.44562
        0         0         0         1

 -0.35492  0.468413 -0.809087 0.0591266
-0.922327 -0.316875  0.221143  0.103644
-0.152793   0.82473  0.544495   1.45099
        0         0         0         1

-0.344597  0.477609 -0.808172 0.0578226
-0.928298  -0.30148  0.217651 0.0982979
-0.139696  0.825227  0.547253   1.45479
        0         0         0         1

-0.339083  0.487121  -0.80482 0.0571069
-0.931521 -0.293433  0.214862  0.094551
-0.131497  0.822563  0.553262   1.46034
        0         0         0         1

-0.330252  0.496657 -0.802662 0.0554448
-0.936349 -0.279681  0.212202 0.0884654
-0.119098  0.821651  0.557409    1.4668
        0         0         0         1

-0.329483  0.501337 -0.800063 0.0562817
-0.937424 -0.274753  0.213885 0.0863426
-0.112591   0.82047  0.560492   1.47246
        0         0         0         1

-0.321624  0.511064 -0.797102 0.0549695
-0.942721 -0.251529  0.219111 0.0768392
-0.0885142  0.821917  0.562689   1.48314
        0         0         0         1

-0.313489  0.517484   -0.7962 0.0521934
-0.946226 -0.240762  0.216077 0.0702581
-0.0798786  0.821124  0.565133   1.48854
        0         0         0         1

-0.304648  0.525304 -0.794509 0.0497674
-0.950039 -0.227089  0.214141 0.0612841
-0.0679353  0.820052  0.568242   1.49653
        0         0         0         1

-0.297398  0.530187 -0.794013 0.0473237
-0.952729 -0.218931  0.210658 0.0531807
-0.0621454  0.819128  0.570234   1.50308
        0         0         0         1

 -0.28524   0.54078 -0.791325 0.0427401
-0.957431 -0.198936  0.209165 0.0352854
-0.0443104  0.817301  0.574504    1.5195
        0         0         0         1

 -0.27784  0.543184  -0.79231 0.0394427
-0.959896 -0.189159  0.206927 0.0259144
-0.037473  0.818028  0.573957   1.52484
        0         0         0         1

-0.274042  0.546029 -0.791677 0.0366355
-0.961377 -0.177458  0.210389 0.0154411
-0.0256108  0.818756  0.573571   1.53278
        0         0         0         1

 -0.270337   0.547109  -0.792206  0.0341733
 -0.962576  -0.169935   0.211116 0.00765963
-0.0191201    0.81963   0.572573    1.53885
         0          0          0          1

  -0.266037    0.551588   -0.790554   0.0324563
  -0.963911   -0.160753    0.212213 -0.00250527
 -0.0100298     0.81848    0.574448     1.54869
          0           0           0           1

  -0.263438    0.549557   -0.792835   0.0299994
  -0.964667   -0.153722    0.213981 -0.00996869
-0.00428106    0.821192    0.570636     1.55136
          0           0           0           1

 -0.247609   0.553523  -0.795174  0.0228713
 -0.968819  -0.133927   0.208453 -0.0368146
0.00888853   0.821995   0.569425    1.56572
         0          0          0          1

 -0.245041   0.554195  -0.795502  0.0217205
 -0.969414   -0.12836   0.209188 -0.0447377
 0.0138209    0.82243   0.568698    1.57028
         0          0          0          1

 -0.237546   0.557393   -0.79554  0.0189453
 -0.971191  -0.120303   0.205705 -0.0595027
 0.0189525   0.821486   0.569913    1.57794
         0          0          0          1

 -0.232635   0.554449  -0.799041  0.0156804
 -0.972263  -0.112122   0.205266 -0.0696197
 0.0242196    0.82463   0.565154    1.57887
         0          0          0          1

 -0.228237   0.557614  -0.798107   0.012386
 -0.973209  -0.107273   0.203363 -0.0836711
 0.0277829    0.82314   0.567159    1.58645
         0          0          0          1

 -0.226639   0.557068  -0.798943  0.0108045
 -0.973487  -0.103483   0.203998 -0.0922758
 0.0309634   0.823994   0.565752    1.58867
         0          0          0          1

 -0.219502   0.559903  -0.798954 0.00569775
   -0.9749 -0.0945993   0.201546  -0.117743
 0.0372657    0.82314   0.566614    1.59528
         0          0          0          1

 -0.214761   0.563008   -0.79806 0.00390487
 -0.975836 -0.0900067   0.199104  -0.128027
 0.0402666   0.821535   0.568734     1.5971
         0          0          0          1

 -0.214159   0.568201  -0.794534 0.00265751
  -0.97583 -0.0882276   0.199931  -0.138974
 0.0435008   0.818147   0.573362    1.59987
         0          0          0          1

  -0.209816    0.573025   -0.792225 0.000520804
  -0.976757  -0.0865041    0.196119   -0.150053
  0.0438505     0.81496    0.577856     1.60194
          0           0           0           1

 -0.200528   0.583359  -0.787071 -0.0030812
  -0.97861 -0.0815907   0.188854  -0.175835
 0.0459523   0.808106   0.587242    1.60273
         0          0          0          1

  -0.195645    0.589822   -0.783475 -0.00388948
  -0.979645  -0.0809469    0.183693   -0.186473
  0.0449262    0.803466    0.593653      1.6049
          0           0           0           1

   -0.19468    0.595607   -0.779328 -0.00382752
  -0.979859  -0.0820805    0.182044    -0.19759
  0.0444587    0.799072     0.59959     1.60595
          0           0           0           1

  -0.192119    0.596168   -0.779535 -0.00524359
  -0.980415  -0.0815232     0.17928   -0.206772
  0.0433305     0.79871    0.600154     1.60392
          0           0           0           1

  -0.189633    0.600764    -0.77661 -0.00678335
  -0.981037   -0.083659    0.174834   -0.229569
  0.0400632    0.795037    0.605236     1.60398
          0           0           0           1

  -0.188477    0.601467   -0.776346 -0.00712745
  -0.981246  -0.0828037     0.17407   -0.238026
  0.0404131    0.794595    0.605794     1.60369
          0           0           0           1

  -0.186598    0.601655   -0.776654 -0.00699971
  -0.981684  -0.0832536    0.171364   -0.249849
  0.0384429    0.794405     0.60617      1.6033
          0           0           0           1

  -0.187323    0.600774   -0.777162 -0.00604746
  -0.981563  -0.0838783    0.171749   -0.256299
  0.0379954    0.795006     0.60541     1.60208
          0           0           0           1

  -0.184947    0.599971    -0.77835 -0.00611415
  -0.982099  -0.0840565    0.168568   -0.268337
  0.0357104    0.795593    0.604778     1.60156
          0           0           0           1

  -0.185385    0.598747   -0.779189 -0.00456602
  -0.982077  -0.0854284    0.168011   -0.274183
   0.034031    0.796369    0.603852     1.60034
          0           0           0           1

  -0.185193    0.594639   -0.782374 -0.00180233
  -0.982264  -0.0882441    0.165439   -0.289396
  0.0293366    0.799136    0.600435     1.59659
          0           0           0           1

   -0.184428      0.59202    -0.784537 -0.000242596
   -0.982492   -0.0896324     0.163325    -0.295531
   0.0263717     0.800924     0.598185      1.59478
           0            0            0            1

 -0.183002   0.587342  -0.788378 0.00206053
 -0.982856 -0.0909627   0.160377  -0.303427
 0.0224831   0.804211   0.593918    1.59156
         0          0          0          1

 -0.180602   0.579832  -0.794467 0.00247253
 -0.983385 -0.0913793   0.156856   -0.30996
 0.0183523   0.809596   0.586701     1.5866
         0          0          0          1

 -0.184285   0.569503  -0.801065 0.00633715
 -0.982836 -0.0997148   0.155211  -0.322923
  0.008515   0.815919   0.578104     1.5807
         0          0          0          1

 -0.186356   0.567498  -0.802008 0.00673247
 -0.982465  -0.102779   0.155561  -0.328909
0.00585112   0.816935     0.5767    1.57928
         0          0          0          1

 -0.193664   0.561525  -0.804477 0.00872772
 -0.981067  -0.109987   0.159404  -0.333108
0.00102759   0.820117   0.572195    1.57491
         0          0          0          1

 -0.198938   0.556495  -0.806683 0.00977226
 -0.980012  -0.113788   0.163186   -0.33628
-0.000978656   0.823022   0.568008    1.57134
         0          0          0          1

    -0.204   0.549713  -0.810061 0.00998038
 -0.978962  -0.118062   0.166416  -0.342598
-0.00415652   0.826968   0.562233    1.56661
         0          0          0          1

-0.209554  0.545994 -0.811158 0.0112895
-0.977781 -0.121765  0.170638 -0.344875
-0.00560342  0.828893  0.559379   1.56345
        0         0         0         1

-0.221959  0.537252 -0.813692 0.0143214
-0.975007 -0.130645  0.179703 -0.351212
-0.00975863  0.833242  0.552822   1.55457
        0         0         0         1

-0.222977  0.534727 -0.815076 0.0147776
-0.974743 -0.133028  0.179385 -0.355156
-0.0125061  0.834488  0.550884   1.55088
        0         0         0         1

-0.228173  0.531602 -0.815682 0.0171586
-0.973501 -0.137701  0.182576 -0.357528
-0.0152622  0.835726  0.548935   1.54571
        0         0         0         1

 -0.22969  0.531162 -0.815542 0.0189035
-0.973122  -0.13965  0.183117 -0.359464
-0.0166254  0.835682  0.548962   1.54237
        0         0         0         1

-0.230851   0.53074  -0.81549 0.0229102
 -0.97277 -0.143694  0.181855 -0.365986
-0.0206633  0.835265  0.549459   1.53256
        0         0         0         1

-0.233467  0.531097 -0.814512 0.0247343
-0.972139 -0.145553  0.183742 -0.366124
-0.0209695  0.834716  0.550281   1.52831
        0         0         0         1

-0.235263  0.532473 -0.813095 0.0269352
-0.971687 -0.147646  0.184461 -0.367592
-0.0218301   0.83347  0.552133    1.5226
        0         0         0         1

-0.236495  0.532849 -0.812491 0.0288693
-0.971346 -0.149964  0.184384 -0.368267
-0.0235956  0.832816  0.553046   1.51801
        0         0         0         1

-0.236589  0.533428 -0.812084 0.0312198
 -0.97125 -0.152586  0.182732 -0.370025
-0.0264385  0.831969  0.554193   1.51191
        0         0         0         1

-0.236257  0.534221 -0.811659 0.0327949
-0.971269 -0.154433  0.181071 -0.371459
-0.0286157  0.831119  0.555358   1.50852
        0         0         0         1

-0.236154  0.534447 -0.811541 0.0374976
-0.970978 -0.162318  0.175653 -0.373272
-0.0378502  0.829469  0.557268   1.49877
        0         0         0         1

 -0.23514  0.533014 -0.812776 0.0389354
-0.971064 -0.164766  0.172881 -0.374326
-0.0417698  0.829908  0.556334   1.49395
        0         0         0         1

-0.236023  0.531835 -0.813292  0.041092
-0.970651 -0.168772  0.171324 -0.374922
-0.0461452   0.82986  0.556061   1.48838
        0         0         0         1

-0.235908  0.531957 -0.813246 0.0425889
-0.970543 -0.171106  0.169614 -0.375161
-0.0489241  0.829303  0.556653   1.48422
        0         0         0         1

-0.239156  0.533759 -0.811114 0.0466017
-0.969482 -0.177663  0.168938 -0.374296
-0.0539321  0.826763  0.559959   1.47484
        0         0         0         1

-0.236975  0.536194 -0.810147 0.0477483
-0.969939 -0.178062  0.165866 -0.375648
-0.0553202    0.8251  0.562272   1.47204
        0         0         0         1

-0.235093  0.538228 -0.809347 0.0494791
-0.970289 -0.178944  0.162842  -0.37662
-0.0571816  0.823583  0.564306   1.46758
        0         0         0         1

-0.235794  0.539098 -0.808563 0.0515683
-0.970056 -0.180437  0.162585 -0.375455
-0.058246  0.822688  0.565501   1.46435
        0         0         0         1

-0.232409  0.541307 -0.808068 0.0530237
-0.970768 -0.180325  0.158407 -0.376552
-0.0599683  0.821261  0.567392   1.46013
        0         0         0         1

-0.230189  0.543351 -0.807331  0.054615
-0.971245 -0.180107  0.155709 -0.376952
-0.0608007  0.819958  0.569185   1.45771
        0         0         0         1

-0.224314   0.54782 -0.805963 0.0582929
-0.972357 -0.180852  0.147698  -0.37736
-0.0648484  0.816815  0.573244   1.45034
        0         0         0         1

-0.224227  0.549666 -0.804729 0.0603686
-0.972356   -0.1814   0.14703 -0.375921
 -0.06516  0.815451  0.575146    1.4476
        0         0         0         1

-0.221024  0.553588 -0.802925 0.0622747
-0.972964 -0.181727  0.142537 -0.375886
-0.0670059  0.812721  0.578787   1.44393
        0         0         0         1

-0.217825  0.556312 -0.801916 0.0640169
-0.973531 -0.182108  0.138107 -0.376025
-0.0692046  0.810774  0.581255   1.44157
        0         0         0         1

-0.213152  0.560719   -0.8001 0.0660778
-0.974386 -0.182077  0.131981 -0.375715
-0.0716757  0.807739  0.585167   1.43889
        0         0         0         1

-0.212675  0.561339 -0.799793 0.0682449
-0.974393 -0.182974  0.130682 -0.374052
-0.0729845  0.807106  0.585879   1.43584
        0         0         0         1

-0.204576  0.565958 -0.798649 0.0717277
 -0.97573 -0.183003  0.120251 -0.373985
-0.0780984  0.803867   0.58966   1.43029
        0         0         0         1

-0.200974  0.566613 -0.799099 0.0732889
-0.976407 -0.181644  0.116769 -0.373553
-0.0789886  0.803714   0.58975   1.42726
        0         0         0         1

-0.192792  0.574239 -0.795663 0.0755271
-0.978014 -0.178151  0.108403 -0.374194
-0.0794992  0.799069   0.59596   1.42443
        0         0         0         1

 -0.18782  0.586391 -0.787952 0.0782867
-0.979217 -0.174301  0.103697 -0.373017
-0.0765339  0.791053  0.606942   1.42369
        0         0         0         1

-0.168034  0.607634 -0.776238 0.0841171
-0.983031 -0.162069 0.0859319 -0.374639
-0.0735892  0.777506  0.624556     1.422
        0         0         0         1

-0.163402  0.610542 -0.774944 0.0859943
-0.983881 -0.158691 0.0824324 -0.374638
-0.0726481  0.775923  0.626631   1.42157
        0         0         0         1

-0.159845  0.612014 -0.774525 0.0885082
-0.984528 -0.155904 0.0799931 -0.374053
-0.071795  0.775328  0.627465   1.42017
        0         0         0         1

-0.159445  0.613357 -0.773544 0.0896389
-0.984558 -0.156163 0.0791156 -0.373713
-0.0722725  0.774213  0.628785   1.41988
        0         0         0         1

-0.155777  0.616777  -0.77157 0.0903214
-0.985026 -0.155413 0.0746382 -0.375052
-0.0738773  0.771643  0.631751   1.41937
        0         0         0         1

-0.154789  0.621507 -0.767965 0.0910542
 -0.98514 -0.155657 0.0725899 -0.375422
-0.074424  0.767789  0.636365   1.41931
        0         0         0         1

-0.156185  0.632604 -0.758564 0.0925518
 -0.98472 -0.159619 0.0696351 -0.374773
 -0.07703  0.757848  0.647867   1.41773
        0         0         0         1

 -0.15478  0.636562 -0.755534 0.0931189
-0.984822 -0.160212 0.0667687 -0.374744
-0.0785429  0.754401  0.651698   1.41682
        0         0         0         1

-0.154277  0.642974 -0.750189 0.0941091
-0.984783 -0.161552 0.0640575 -0.374452
-0.0800076  0.748656  0.658113   1.41611
        0         0         0         1

-0.152645  0.646312  -0.74765 0.0948679
-0.984979 -0.161287  0.061674 -0.374186
-0.0807253  0.745833  0.661223   1.41524
        0         0         0         1

-0.148372  0.655182 -0.740758 0.0967308
 -0.98536 -0.161546 0.0544823 -0.374057
-0.0839706  0.737997  0.669559   1.41426
        0         0         0         1

-0.147308  0.658019 -0.738452 0.0971309
-0.985411 -0.161979 0.0522366 -0.373939
-0.0852408  0.735374  0.672279   1.41431
        0         0         0         1

-0.146039  0.660935 -0.736096 0.0977018
-0.985371 -0.163253 0.0489103 -0.374014
-0.0878438  0.732471  0.675107   1.41428
        0         0         0         1

-0.146316  0.661081  -0.73591 0.0977231
-0.985275 -0.163912 0.0486498 -0.374105
-0.0884631  0.732191   0.67533   1.41375
        0         0         0         1

-0.146151  0.663151 -0.734078 0.0976369
-0.985133 -0.165289 0.0468156 -0.374458
-0.0902895  0.730007   0.67745   1.41334
        0         0         0         1

-0.146976    0.6647 -0.732511 0.0974944
-0.985009  -0.16597  0.047033 -0.374405
-0.0903118  0.728442  0.679129   1.41334
        0         0         0         1

-0.147964  0.668639 -0.728718 0.0963373
-0.984853 -0.166966   0.04677  -0.37571
-0.0903992    0.7246  0.683215   1.41359
        0         0         0         1

-0.149238   0.66922 -0.727924 0.0960117
-0.984649 -0.167977 0.0474418 -0.375651
-0.0905253  0.723829  0.684015   1.41364
        0         0         0         1

-0.151063  0.672063 -0.724922 0.0955935
-0.984377 -0.169375 0.0481051 -0.375556
-0.0904543  0.720863  0.687149    1.4143
        0         0         0         1

-0.153447  0.674679 -0.721985 0.0951315
-0.984005 -0.171237 0.0491188 -0.375281
-0.0904909  0.717974  0.690163   1.41507
        0         0         0         1

 -0.16283    0.6793 -0.715569 0.0940565
-0.982715 -0.176399 0.0561615 -0.373103
-0.0880755  0.712345  0.696281   1.41967
        0         0         0         1

-0.163792  0.682235  -0.71255  0.093288
-0.982632 -0.176687 0.0567049 -0.373737
-0.0872127  0.709463  0.699326   1.42284
        0         0         0         1

-0.168986  0.682859 -0.710737 0.0924143
-0.981898 -0.179234 0.0612548 -0.372359
-0.0855595  0.708222  0.700786   1.42702
        0         0         0         1

-0.173602  0.683183 -0.709312 0.0916733
-0.981208 -0.181588 0.0652488 -0.371693
-0.0842253   0.70731  0.701868    1.4307
        0         0         0         1

-0.182519  0.682081 -0.708133 0.0906843
-0.979835 -0.185743 0.0736401 -0.369159
-0.0813024  0.707294  0.702229   1.43573
        0         0         0         1

-0.184983  0.681776 -0.707787  0.089115
-0.979504 -0.186322 0.0765224 -0.369916
-0.0797052  0.707435  0.702269   1.43951
        0         0         0         1

-0.196791  0.677745 -0.708474 0.0865159
-0.977518 -0.191425 0.0883995 -0.366941
-0.0757077  0.709943  0.700179   1.45058
        0         0         0         1

-0.200168  0.675974 -0.709219 0.0853737
-0.977009  -0.19194 0.0928057 -0.366335
-0.0733932   0.71149  0.698853   1.45537
        0         0         0         1

-0.207094  0.672165 -0.710849   0.08473
-0.975723 -0.194831  0.100032 -0.363375
-0.0712572  0.714308  0.696195   1.46301
        0         0         0         1

-0.208098   0.66837 -0.714127 0.0837974
-0.975621 -0.193867  0.102853  -0.36265
-0.0697017  0.718121  0.692419   1.46775
        0         0         0         1

-0.210595  0.662233 -0.719095  0.081709
-0.975488 -0.190378  0.110359 -0.359937
-0.063817   0.72471  0.686093   1.48304
        0         0         0         1

-0.210798  0.661492 -0.719717 0.0811892
-0.975748 -0.186824  0.114076 -0.358408
-0.0590003  0.726309  0.684831   1.48929
        0         0         0         1

-0.210867  0.661742 -0.719467 0.0803233
-0.976151 -0.181412  0.119241 -0.356246
-0.0516133  0.727453  0.684214   1.49941
        0         0         0         1

 -0.21069  0.663108  -0.71826  0.079773
-0.976553 -0.176005  0.123965 -0.354237
-0.0442154  0.727537  0.684642    1.5079
        0         0         0         1

-0.211322  0.666402 -0.715019 0.0800227
-0.976899 -0.167798  0.132332 -0.350374
-0.0317925  0.726466  0.686467    1.5214
        0         0         0         1

-0.210073  0.667772 -0.714108 0.0791015
-0.977444 -0.159681  0.138221 -0.348635
-0.0217297  0.727037  0.686254   1.53057
        0         0         0         1

-0.203797  0.672153 -0.711813 0.0775764
-0.978991 -0.134991  0.152822 -0.344032
0.00663177  0.728003  0.685542   1.55809
        0         0         0         1

-0.205069  0.673977 -0.709719  0.076993
-0.978569 -0.127342  0.161823 -0.340495
0.0186874  0.727694  0.685647   1.57055
        0         0         0         1

-0.203856  0.676306 -0.707851 0.0752617
-0.978377 -0.114928  0.171959 -0.337889
 0.034945    0.7276  0.685111    1.5891
        0         0         0         1

-0.202963  0.675998 -0.708402 0.0736214
-0.977988 -0.104164  0.180802 -0.335487
0.0484312  0.729505  0.682259    1.6016
        0         0         0         1

 -0.198948   0.678078  -0.707552  0.0691567
 -0.976698 -0.0778864   0.199985  -0.330419
 0.0804966   0.730851   0.677774    1.63974
         0          0          0          1

 -0.198275   0.677932  -0.707881  0.0677722
 -0.975493 -0.0661968   0.209836  -0.326651
 0.0953951   0.732138   0.674443    1.65431
         0          0          0          1

 -0.194788   0.677938  -0.708843  0.0650886
 -0.973991 -0.0484056   0.221355  -0.322515
  0.115753   0.733524   0.669734    1.67595
         0          0          0          1

 -0.191292   0.679101  -0.708681  0.0633967
 -0.972857 -0.0353948   0.228683  -0.319703
  0.130215   0.733191   0.667439    1.69219
         0          0          0          1

 -0.188109   0.683484  -0.705312  0.0623602
 -0.970159 -0.0174424   0.241842  -0.313604
  0.152992   0.729758   0.666369    1.71716
         0          0          0          1

  -0.184704     0.68702   -0.702772   0.0609812
  -0.968195 -0.00440519    0.250156   -0.309405
   0.168766    0.726626    0.665983     1.73596
          0           0           0           1

-0.178228  0.696077 -0.695494 0.0583985
-0.960744 0.0296251  0.275851 -0.295664
 0.212618  0.717356  0.663471   1.78679
        0         0         0         1

-0.173796  0.698041 -0.694646 0.0564798
-0.957937 0.0437426  0.283626 -0.291221
 0.228368   0.71472  0.661077    1.8068
        0         0         0         1

-0.166778  0.699138 -0.695263 0.0529235
-0.952979 0.0666458  0.295616 -0.284488
 0.253013  0.711873  0.655149   1.83455
        0         0         0         1

-0.161275    0.6992 -0.696498  0.050513
-0.949496 0.0825499  0.302727 -0.279795
 0.269163  0.710145  0.650574   1.85462
        0         0         0         1

-0.155225  0.703481 -0.693555 0.0478244
-0.937191  0.117132  0.328561 -0.259209
 0.312374  0.700995  0.641115   1.90901
        0         0         0         1

-0.152127  0.705374 -0.692318 0.0460531
-0.932619  0.129467  0.336839  -0.25197
  0.32723  0.696911   0.63815   1.93079
        0         0         0         1

-0.146479  0.712615 -0.686093 0.0467167
-0.925025  0.147097  0.350273 -0.239958
 0.350532  0.685961   0.63764   1.96266
        0         0         0         1

-0.139709  0.715252  -0.68476  0.044497
-0.920705  0.160656  0.355658 -0.233327
 0.364396   0.68015  0.636091   1.98422
        0         0         0         1

-0.134732   0.72192 -0.678733 0.0435508
-0.911632  0.178112  0.370409 -0.218791
 0.388296  0.668661  0.634128    2.0143
        0         0         0         1

-0.130535  0.728254  -0.67276 0.0434535
-0.904958   0.18966  0.380893 -0.208605
 0.404983   0.65854  0.634283   2.03659
        0         0         0         1

-0.116462  0.739878 -0.662583 0.0369778
-0.888324  0.220771  0.402667 -0.185076
 0.444204  0.635484   0.63154    2.0915
        0         0         0         1

-0.112075  0.750143 -0.651709 0.0384509
-0.881475  0.227717  0.413699 -0.174183
 0.458739  0.620831  0.635711   2.11742
        0         0         0         1

-0.109666  0.758509 -0.642368 0.0377786
-0.869956  0.239351  0.431147 -0.155252
 0.480781  0.606114  0.633621   2.14724
        0         0         0         1

-0.101662  0.764929 -0.636042  0.037011
-0.864243  0.248738  0.437279  -0.14604
 0.492695  0.594149  0.635797   2.17051
        0         0         0         1

-0.0935738  0.788185 -0.608283 0.0425855
-0.842941    0.2624  0.469677 -0.108403
 0.529806  0.556697   0.63984   2.22955
        0         0         0         1

-0.0881656   0.791878  -0.604282  0.0395446
 -0.838063   0.268927   0.474688 -0.0994654
  0.538402   0.548278   0.639933    2.25052
         0          0          0          1

 -0.083048   0.801765  -0.591841  0.0397871
 -0.826698   0.276209   0.490183 -0.0792424
  0.556483   0.529982   0.639879    2.27915
         0          0          0          1

-0.0773629   0.808186  -0.583824  0.0399722
 -0.822021   0.279658   0.496056 -0.0695027
  0.564177   0.518292   0.642711    2.30124
         0          0          0          1

-0.0752727   0.817584  -0.570869  0.0387267
 -0.810874    0.28301   0.512238 -0.0495057
  0.580359    0.50146   0.641655    2.32932
         0          0          0          1

-0.0746164   0.826649   -0.55775  0.0406151
  -0.80175   0.282858   0.526486 -0.0329328
  0.592983    0.48646    0.64166    2.34991
         0          0          0          1

-0.0694085   0.848615  -0.524438  0.0449575
 -0.784113   0.278591   0.554576 0.00438042
  0.616725   0.449711   0.646073    2.40629
         0          0          0          1

-0.0687494  0.854801 -0.514381 0.0446798
-0.774845  0.279022  0.567241 0.0213797
 0.628402  0.437563  0.643156   2.42324
        0         0         0         1

-0.0659362  0.863394 -0.500203 0.0442763
-0.766851  0.276892  0.579025 0.0400019
 0.638429   0.42176  0.643838   2.45053
        0         0         0         1

-0.0659429   0.87764 -0.474763 0.0573058
-0.756294  0.266412  0.597531  0.064428
   0.6509  0.398464  0.646186   2.47184
        0         0         0         1

-0.0649272  0.894847 -0.441625 0.0583653
-0.740767  0.253307  0.622173  0.101127
 0.668617  0.367537  0.646427   2.52132
        0         0         0         1

-0.0626933  0.903714 -0.423521 0.0637823
-0.733795  0.245892   0.63331  0.117795
 0.676472  0.350482  0.647725   2.54152
        0         0         0         1

-0.0729483  0.912026 -0.403592 0.0634382
-0.717851  0.232913   0.65608  0.151195
 0.692364  0.337579  0.637708   2.55834
        0         0         0         1

-0.0731509  0.922828 -0.378203 0.0750698
 -0.70933  0.218432  0.670178  0.171702
 0.701071  0.317295  0.638611   2.57913
        0         0         0         1

-0.070571  0.927604 -0.366838 0.0701024
-0.709227  0.211942  0.672367  0.179614
 0.701439  0.307621  0.642925   2.60896
        0         0         0         1

-0.0662046  0.934011 -0.351057 0.0725082
-0.701045  0.206821  0.682467   0.19673
 0.710037   0.29129  0.641091   2.62599
        0         0         0         1

-0.0756609   0.95138 -0.298583 0.0903817
-0.681913  0.169104  0.711616  0.248164
 0.727509  0.257449  0.635964    2.6691
        0         0         0         1

-0.0834275  0.956902 -0.278171  0.096156
-0.667218    0.1537  0.728833  0.276399
 0.740176  0.246406  0.625639   2.68042
        0         0         0         1

-0.0860232  0.964088 -0.251265  0.105594
-0.656913  0.134725  0.741832    0.3032
 0.749043  0.228874  0.621732   2.70665
        0         0         0         1

-0.0868504  0.969469 -0.229316  0.114944
-0.653361  0.118337  0.747741  0.317522
 0.752049  0.214768  0.623135   2.72974
        0         0         0         1

-0.097754    0.9769 -0.190028  0.124562
-0.637967 0.0850392  0.765354  0.358525
 0.763834  0.196048  0.614917   2.77414
        0         0         0         1

-0.0970855   0.98083 -0.168957   0.13751
-0.627395 0.0714706  0.775414  0.382966
 0.772625  0.181284  0.608429   2.79214
        0         0         0         1

-0.104209  0.982086 -0.156997  0.136747
-0.616076 0.0601805  0.785385  0.408357
 0.780763  0.178567  0.598768   2.80958
        0         0         0         1

-0.108063  0.982674 -0.150581  0.132688
 -0.61038 0.0539751  0.790267  0.418146
 0.784703   0.17731  0.593972    2.8292
        0         0         0         1

-0.115282  0.987996 -0.102827  0.169057
 -0.58303 0.0165099  0.812283  0.469407
  0.80423  0.153593  0.574129   2.84894
        0         0         0         1

  -0.119364    0.990002  -0.0751596    0.192797
  -0.567556 -0.00592496    0.823314    0.498098
   0.814637    0.140931    0.562588       2.865
          0           0           0           1

  -0.126504    0.991966 -0.00016584    0.247687
  -0.528612  -0.0672716    0.846194    0.570765
   0.839384    0.107134    0.532875     2.90497
          0           0           0           1

 -0.134445   0.990916 0.00306844    0.23855
 -0.523181  -0.073613   0.849036   0.581609
   0.84155   0.112543   0.528326    2.91751
         0          0          0          1

