-0.260608 -0.536957  0.802347  0.973906
-0.761665 -0.396328  -0.51263   1.01682
 0.593253 -0.744716 -0.305695   1.92438
        0         0         0         1

-0.236742  -0.51851  0.821645    0.9499
-0.787667 -0.392671 -0.474752  0.993975
   0.5688 -0.759577 -0.315452   1.94206
        0         0         0         1

-0.213314 -0.498143  0.840447  0.931884
-0.814945 -0.383742 -0.434289  0.967203
 0.538852 -0.777558 -0.324102   1.95972
        0         0         0         1

 -0.19589 -0.491409  0.848613  0.929795
-0.829959 -0.377834 -0.410378  0.949113
 0.522298 -0.784703 -0.333835   1.96739
        0         0         0         1

-0.172728 -0.471115  0.864995  0.913945
-0.846058 -0.378696 -0.375201  0.926018
 0.504333 -0.796643 -0.333179    1.9712
        0         0         0         1

-0.162701  -0.47064  0.867194  0.921342
-0.860039 -0.363124 -0.358432  0.905968
 0.483591 -0.804138 -0.345689   1.98343
        0         0         0         1

-0.121868 -0.449301  0.885029  0.894941
-0.885232 -0.354078  -0.30165  0.864889
 0.448901 -0.820218 -0.354585   1.99273
        0         0         0         1

-0.108785 -0.441909  0.890439  0.887606
-0.894019 -0.348145 -0.282001  0.847278
 0.434621 -0.826747 -0.357202    1.9966
        0         0         0         1

-0.0915046 -0.433587  0.896454  0.873305
-0.909393  -0.33042 -0.252639  0.821361
 0.405748 -0.838347 -0.364066    2.0135
        0         0         0         1

-0.079873 -0.432169  0.898248  0.860176
-0.914558  -0.32666 -0.238487  0.804563
 0.396489 -0.840549 -0.369153   2.01079
        0         0         0         1

-0.0663312 -0.443639  0.893748  0.844658
-0.925143 -0.308196 -0.221644  0.767591
 0.373779 -0.841546 -0.389986   2.00888
        0         0         0         1

-0.0675769 -0.449499  0.890721  0.845503
-0.928175 -0.299138 -0.221377   0.75274
 0.365957 -0.841705 -0.396999    2.0084
        0         0         0         1

-0.0612865 -0.449526  0.891163  0.836682
 -0.93302 -0.291366 -0.211138  0.732373
 0.354567 -0.844412  -0.40156   2.00602
        0         0         0         1

-0.0542743 -0.453253  0.889728  0.831446
-0.938304 -0.281612 -0.200699  0.714817
 0.341526 -0.845728 -0.410005   2.00849
        0         0         0         1

-0.0501448 -0.444755  0.894247  0.821594
-0.945846 -0.266379 -0.185522  0.691793
  0.32072 -0.855123 -0.407312   2.01573
        0         0         0         1

-0.0615645 -0.432421  0.899568  0.822256
-0.944446 -0.266291 -0.192642  0.674953
 0.322849 -0.861453 -0.392004   2.01795
        0         0         0         1

-0.116241 -0.339828  0.933277  0.791675
-0.936236 -0.276211 -0.217184  0.645601
 0.331587 -0.899013 -0.286052   1.99504
        0         0         0         1

-0.132222 -0.346618   0.92864  0.787487
-0.938067 -0.258915 -0.230205  0.630513
 0.320232 -0.901565 -0.290917   1.99232
        0         0         0         1

-0.133976 -0.365792  0.921003   0.79352
-0.944925 -0.232893 -0.229953  0.612229
  0.29861 -0.901087 -0.314443   1.99359
        0         0         0         1

-0.111805  -0.36997  0.922291  0.788854
-0.956037 -0.213147 -0.201399  0.593999
 0.271095 -0.904262 -0.329874    1.9939
        0         0         0         1

-0.0550974 -0.361654  0.930683  0.784645
-0.975821 -0.177946 -0.126918  0.555845
 0.211512 -0.915173 -0.343105   1.98509
        0         0         0         1

-0.0335814   -0.35648   0.933699   0.781507
 -0.982176  -0.161099 -0.0968317   0.539595
  0.184937  -0.920309  -0.344717    1.98363
         0          0          0          1

-0.0126172  -0.350051   0.936646   0.775697
 -0.988395  -0.137447 -0.0646821   0.519642
  0.151381  -0.926592  -0.344254    1.98178
         0          0          0          1

-0.00333412  -0.344786   0.938675   0.771072
 -0.991303  -0.122354 -0.0484632   0.505347
   0.13156  -0.930673  -0.341379    1.97453
         0          0          0          1

-0.00367208  -0.343932   0.938987   0.771652
 -0.994063  -0.100853 -0.0408279   0.487678
  0.108742  -0.933563   -0.34152    1.97149
         0          0          0          1

-0.00354425  -0.336866   0.941546   0.763265
 -0.995669 -0.0862797 -0.0346171   0.472165
 0.0928976  -0.937591  -0.335101    1.96765
         0          0          0          1

-0.0188136   -0.33205   0.943074   0.756447
 -0.997574 -0.0569932 -0.0399678   0.440625
 0.0670201  -0.941538  -0.330172    1.95385
         0          0          0          1

-0.0222979  -0.332442    0.94286   0.752137
 -0.998583 -0.0381823 -0.0370783   0.425346
  0.048327  -0.942351  -0.331119    1.95008
         0          0          0          1

-0.0237262  -0.332723   0.942726   0.746814
 -0.999292 -0.0196594 -0.0320884   0.408655
   0.02921   -0.94282  -0.332021    1.94137
         0          0          0          1

 -0.0196126   -0.334635    0.942144    0.742489
  -0.999751 -0.00345012  -0.0220373    0.394007
   0.010625   -0.942341   -0.334485     1.93608
          0           0           0           1

-0.00383315  -0.331387   0.943487   0.739568
 -0.999428  0.0329734 0.00752102   0.361595
-0.0336023  -0.942919  -0.331324    1.92282
         0          0          0          1

0.0113245 -0.325624  0.945431  0.736957
-0.998569 0.0457286 0.0277108   0.34728
-0.0522566 -0.944393 -0.324641    1.9173
        0         0         0         1

0.0272135 -0.317308  0.947932  0.733067
-0.997161 0.0579848 0.0480364  0.330988
-0.070208 -0.946548 -0.314829   1.90782
        0         0         0         1

0.0335229 -0.313984  0.948836  0.733219
-0.995698 0.0715602 0.0588589  0.317172
-0.0863797 -0.946727 -0.310235   1.90259
        0         0         0         1

0.0405608 -0.309092  0.950167  0.730147
-0.994022 0.0839906 0.0697552  0.300968
-0.101366 -0.947316 -0.303837   1.89386
        0         0         0         1

0.0421001 -0.304554  0.951564  0.727968
-0.993209 0.0906293 0.0729492  0.289296
-0.108457 -0.948173 -0.298671   1.88435
        0         0         0         1

0.0472612 -0.295789  0.954083  0.721959
-0.989596  0.116077 0.0850069  0.258167
-0.135891 -0.948174 -0.287226   1.86986
        0         0         0         1

0.0482592 -0.295237  0.954205  0.720583
-0.988086  0.125664  0.088854  0.245588
-0.146142 -0.947124 -0.285655   1.86258
        0         0         0         1

0.0567041 -0.294517  0.953962  0.716313
-0.985109  0.138833  0.101417  0.229277
-0.162311 -0.945508 -0.282259    1.8545
        0         0         0         1

 0.066152 -0.297963  0.952282   0.71556
-0.982351  0.147895  0.114516  0.216819
-0.174959 -0.943051 -0.282921   1.84731
        0         0         0         1

0.0996609 -0.298947  0.949051  0.712523
 -0.97433  0.164182  0.154032  0.188319
-0.201865  -0.94004  -0.27491   1.82856
        0         0         0         1

  0.11281 -0.301854  0.946656   0.71121
-0.970594  0.170426  0.170005   0.17646
-0.212651 -0.937998 -0.273752   1.82117
        0         0         0         1

 0.122886 -0.306242  0.943989  0.710546
-0.966648  0.178433  0.183722  0.162869
-0.224702 -0.935081 -0.274101    1.8118
        0         0         0         1

 0.128515 -0.307105  0.942958  0.708054
-0.963583  0.186171  0.191958  0.151233
-0.234503 -0.933288 -0.271996   1.80494
        0         0         0         1

 0.129538  -0.30755  0.942673  0.704726
-0.960909  0.195663   0.19588  0.137215
-0.244689 -0.931197 -0.270182   1.79719
        0         0         0         1

 0.125414 -0.306578  0.943547   0.70241
 -0.95985   0.20304  0.193553  0.126429
-0.250917 -0.929938 -0.268805   1.78997
        0         0         0         1

 0.112598 -0.295424  0.948708  0.697562
-0.959771  0.214823  0.180806  0.103262
-0.257219   -0.9309 -0.259351   1.77187
        0         0         0         1

 0.101263 -0.287929  0.952283  0.695346
-0.961145  0.218767   0.16835 0.0933911
-0.256801 -0.932329 -0.254588   1.76527
        0         0         0         1

0.0878087 -0.279815   0.95603  0.692155
-0.962071  0.225022  0.154224 0.0816703
-0.258282 -0.933311 -0.249443   1.75724
        0         0         0         1

0.0764409 -0.276713  0.957907  0.690614
-0.962285  0.231089  0.143545 0.0723477
-0.261083 -0.932753 -0.248612   1.75061
        0         0         0         1

0.0677686 -0.273628  0.959445  0.687737
-0.961894  0.237403  0.135647 0.0606831
-0.264892 -0.932077 -0.247112   1.74308
        0         0         0         1

 0.063764  -0.26826  0.961234  0.685393
-0.962218  0.238961  0.130518 0.0518961
 -0.26471 -0.933239 -0.242887   1.73576
        0         0         0         1

0.0643245 -0.256883    0.9643  0.682019
-0.962599  0.238869  0.127844 0.0318626
-0.263182 -0.936458  -0.23191   1.72078
        0         0         0         1

0.0681993 -0.252938  0.965076  0.680795
-0.962292  0.238642  0.130549 0.0236633
-0.263329 -0.937589 -0.227125   1.71394
        0         0         0         1

0.0713421  -0.24914  0.965836  0.679669
-0.961944  0.238875  0.132673 0.0139605
-0.263768 -0.938546 -0.222616   1.70639
        0         0         0         1

0.0725296 -0.245611  0.966651  0.678235
-0.961735  0.239523   0.13302 0.0061977
-0.264206  -0.93931  -0.21884   1.69993
        0         0         0         1

 0.0747726  -0.234184   0.969313   0.674573
 -0.959963   0.246246   0.133544 -0.0117221
 -0.269963   -0.94049  -0.206395    1.68631
         0          0          0          1

 0.0767746  -0.227386   0.970774   0.673537
 -0.958425   0.251541   0.134717 -0.0191816
 -0.274822  -0.940756   -0.19862    1.68072
         0          0          0          1

 0.0803154  -0.217544    0.97274   0.671963
 -0.956738   0.256965   0.136462 -0.0277213
 -0.279647  -0.941618  -0.187494    1.67336
         0          0          0          1

 0.0823377  -0.209695   0.974294   0.671113
 -0.956352   0.258409   0.136438 -0.0344554
 -0.280377  -0.943002  -0.179266    1.66745
         0          0          0          1

 0.0895785  -0.200286   0.975634   0.670247
 -0.955051   0.260656   0.141198 -0.0427132
 -0.282585  -0.944428  -0.167934    1.66115
         0          0          0          1

  0.100516  -0.191819   0.976269   0.669218
 -0.953867   0.260428   0.149379 -0.0494346
 -0.282902  -0.946247  -0.156793    1.65518
         0          0          0          1

  0.125994   -0.18077   0.975422   0.668892
 -0.950177     0.2606   0.171029 -0.0645707
 -0.285112  -0.948372  -0.138929    1.64428
         0          0          0          1

  0.136234   -0.17877   0.974413   0.668256
 -0.948874   0.259157    0.18021 -0.0711229
 -0.284742  -0.949146  -0.134324     1.6401
         0          0          0          1

  0.145531  -0.176291   0.973521   0.668499
 -0.948196   0.256008   0.188105 -0.0784068
  -0.28239  -0.950464  -0.129901    1.63533
         0          0          0          1

  0.151938  -0.172598   0.973203   0.668079
 -0.947923   0.253412   0.192934 -0.0844399
 -0.279922  -0.951836  -0.125107    1.63157
         0          0          0          1

  0.156867  -0.165023   0.973735    0.66666
 -0.949263   0.246909   0.194769 -0.0978096
 -0.272565  -0.954884  -0.117918     1.6234
         0          0          0          1

 0.156864 -0.160651  0.974466  0.665863
-0.950345  0.243963  0.193201 -0.103218
-0.268772 -0.956385 -0.114405   1.61982
        0         0         0         1

 0.156411 -0.157734  0.975016  0.665024
-0.951207  0.241773  0.191704 -0.109798
-0.265971 -0.957427 -0.112222   1.61644
        0         0         0         1

 0.155791  -0.15488  0.975572  0.664301
-0.952006   0.23988  0.190111 -0.115078
-0.263464 -0.958368 -0.110075   1.61357
        0         0         0         1

 0.155668 -0.152175  0.976018  0.663659
-0.952967  0.236971  0.188939 -0.121295
 -0.26004 -0.959524 -0.108129   1.61045
        0         0         0         1

  0.15804 -0.150156  0.975949  0.662973
-0.953396  0.234059  0.190399 -0.126616
 -0.25702 -0.960557 -0.106168    1.6081
        0         0         0         1

 0.163515 -0.146869  0.975547  0.661974
-0.954702  0.225637  0.193991 -0.138169
-0.248611 -0.963077 -0.103321   1.60317
        0         0         0         1

 0.165186 -0.145538  0.975465  0.661918
 -0.95579  0.220334  0.194728 -0.142696
-0.243269 -0.964506 -0.102708   1.60099
        0         0         0         1

 0.166878 -0.143066  0.975543  0.661625
-0.957202  0.213785  0.195093 -0.148115
-0.236467 -0.966348 -0.101267   1.59873
        0         0         0         1

 0.168339 -0.141723  0.975488  0.661298
-0.958318  0.208222  0.195627 -0.152469
-0.230843 -0.967759 -0.100764   1.59686
        0         0         0         1

  0.172075  -0.139284   0.975187   0.660572
 -0.960031   0.198131   0.197699   -0.16225
 -0.220751  -0.970229 -0.0996234    1.59344
         0          0          0          1

  0.173549  -0.137615   0.975163    0.66034
 -0.960738   0.194001   0.198359  -0.166179
  -0.21648  -0.971301 -0.0985438    1.59208
         0          0          0          1

  0.175539  -0.133843   0.975332   0.660086
 -0.961521   0.189369    0.19904  -0.170723
 -0.211338  -0.972741 -0.0954515    1.59006
         0          0          0          1

 0.177025 -0.130659  0.975495  0.660059
-0.962072  0.186048  0.199508 -0.174188
-0.207556 -0.973814 -0.092768   1.58857
        0         0         0         1

  0.184347   -0.12379   0.975034   0.659122
 -0.961819   0.181457   0.204886  -0.182376
  -0.20229  -0.975576 -0.0856127    1.58544
         0          0          0          1

  0.185488  -0.120018    0.97529   0.659272
 -0.961996    0.18023   0.205139  -0.185239
 -0.200397  -0.976275 -0.0820262    1.58398
         0          0          0          1

  0.187012  -0.114915   0.975613   0.659295
 -0.961983   0.179798   0.205577  -0.188587
 -0.199037  -0.976968 -0.0769223    1.58232
         0          0          0          1

   0.18879  -0.109962   0.975842   0.659053
   -0.9618   0.179894   0.206344  -0.191242
 -0.198238  -0.977521 -0.0717997    1.58101
         0          0          0          1

  0.189884  -0.101731   0.976522    0.65894
  -0.96179    0.18054   0.205828  -0.194069
  -0.19724  -0.978292 -0.0635624    1.57912
         0          0          0          1

  0.190255 -0.0941806   0.977207   0.658917
 -0.961853   0.181428   0.204751  -0.196111
 -0.196576  -0.978884 -0.0560703    1.57758
         0          0          0          1

  0.191816 -0.0737116   0.978659   0.657949
 -0.961643   0.185115   0.202424  -0.200738
 -0.196085  -0.979948 -0.0353762    1.57433
         0          0          0          1

  0.191961 -0.0604638   0.979538   0.657652
 -0.961764   0.187081   0.200025  -0.202371
 -0.195348  -0.980482 -0.0222396    1.57288
         0          0          0          1

   0.193581  -0.0399018    0.980273    0.656524
  -0.962007    0.188361    0.197641     -0.2042
  -0.192532   -0.981289 -0.00192274     1.57059
          0           0           0           1

  0.193011 -0.0274209   0.980813   0.655884
 -0.962513    0.18885    0.19469  -0.205532
 -0.190565  -0.981623  0.0100572    1.56934
         0          0          0          1

   0.191333 -0.00391915    0.981517    0.654565
  -0.963568    0.189656    0.188591   -0.208115
  -0.186889   -0.981843    0.032511     1.56664
          0           0           0           1

 0.191865 0.0057038  0.981405  0.653615
-0.963695  0.190295  0.187297 -0.209202
-0.185688  -0.98171 0.0420077   1.56562
        0         0         0         1

 0.191255 0.0158348  0.981413  0.652772
-0.964124   0.19055  0.184812 -0.210175
-0.184082  -0.98155 0.0517104   1.56458
        0         0         0         1

 0.190977 0.0234755  0.981314   0.65186
 -0.96436  0.190999  0.183108 -0.211009
-0.183132 -0.981309 0.0591152   1.56388
        0         0         0         1

 0.190594 0.0321265  0.981143  0.650519
-0.964725  0.191027  0.181149 -0.211939
-0.181605 -0.981059 0.0674017   1.56308
        0         0         0         1

 0.189814 0.0385344  0.981064  0.649513
-0.965097   0.19096  0.179224  -0.21243
-0.180437 -0.980841 0.0734363   1.56256
        0         0         0         1

 0.189972 0.0524692  0.980387  0.646576
-0.965532  0.190954  0.176874 -0.213355
-0.177928 -0.980196 0.0869366    1.5616
        0         0         0         1

 0.191966 0.0575743  0.979711  0.645075
-0.965246  0.191464   0.17788  -0.21368
-0.177338  -0.97981 0.0923278   1.56138
        0         0         0         1

 0.194209 0.0639412  0.978874  0.643669
-0.965148  0.190897  0.179016 -0.213435
-0.175418 -0.979525 0.0987866   1.56075
        0         0         0         1

 0.196585 0.0686593   0.97808  0.642339
-0.964848  0.191001  0.180518 -0.213222
 -0.17442 -0.979186  0.103794   1.56046
        0         0         0         1

  0.20348 0.0817273  0.975662  0.639374
-0.964359   0.18888  0.185301 -0.211952
-0.169139 -0.978593  0.117248   1.55946
        0         0         0         1

 0.207871 0.0872874  0.974254  0.637794
-0.964129  0.186357  0.189014 -0.211291
-0.165061 -0.978597  0.122895   1.55921
        0         0         0         1

 0.213271 0.0931448  0.972543  0.636298
-0.963994  0.181903  0.193975 -0.210143
-0.158841 -0.978895  0.128586   1.55924
        0         0         0         1

 0.219144 0.0966304  0.970896  0.634725
-0.963738  0.176729  0.199939  -0.20907
-0.152266 -0.979505  0.131856   1.55936
        0         0         0         1

 0.225524 0.0982398  0.969272  0.633275
-0.963511  0.169721  0.206982 -0.207559
-0.144172 -0.980583  0.132931   1.55996
        0         0         0         1

 0.231298 0.0973745  0.967998  0.631765
-0.963155  0.163271  0.213717 -0.206204
-0.137235 -0.981764  0.131551   1.56086
        0         0         0         1

 0.243053 0.0874283  0.966065  0.628493
 -0.96267  0.144051  0.229163 -0.201859
-0.119127 -0.985701  0.119177   1.56366
        0         0         0         1

 0.249761 0.0786169  0.965111  0.626947
-0.961846   0.13509  0.237912 -0.199899
-0.111673  -0.98771  0.109358   1.56527
        0         0         0         1

  0.25941 0.0685654   0.96333  0.625118
-0.960346  0.123851  0.249791 -0.197142
-0.102182 -0.989929 0.0979747   1.56722
        0         0         0         1

 0.268662 0.0659926  0.960971  0.623126
-0.958856  0.113342  0.260287   -0.1945
-0.0917409 -0.991362  0.093728   1.56838
        0         0         0         1

 0.279373 0.0685673  0.957731  0.620208
-0.957056  0.100318  0.271993 -0.191003
-0.0774275  -0.99259 0.0936487   1.56975
        0         0         0         1

 0.287803  0.072697  0.954926  0.617339
-0.955563 0.0882103   0.28128 -0.187797
-0.0637862 -0.993446 0.0948538   1.57107
        0         0         0         1

 0.305273 0.0738236  0.949399  0.610309
-0.951753 0.0563307   0.30165 -0.179492
-0.0312114 -0.995679 0.0874581   1.57521
        0         0         0         1

  0.31177 0.0669714  0.947794  0.607389
-0.949971 0.0417611  0.309535 -0.175443
-0.0188509 -0.996881 0.0766407   1.57771
        0         0         0         1

 0.319155 0.0585736  0.945891  0.604052
-0.947689 0.0251336  0.318205 -0.170183
-0.00513528 -0.997967  0.063531   1.58074
        0         0         0         1

 0.325711 0.0538246  0.943936  0.600799
-0.945454 0.0129105  0.325499 -0.165812
0.00533312 -0.998467 0.0550938   1.58329
        0         0         0         1

  0.336833  0.0488617   0.940296   0.593191
 -0.941069 -0.0149171   0.337885  -0.154612
 0.0305361  -0.998694  0.0409576    1.58822
         0          0          0          1

  0.341398  0.0491938   0.938631   0.589279
 -0.939003 -0.0262099   0.342908   -0.14977
 0.0414704  -0.998445  0.0372452    1.59038
         0          0          0          1

   0.34605  0.0480302   0.936986   0.585298
 -0.936641 -0.0401575   0.347981  -0.143303
 0.0543406  -0.998038  0.0310906     1.5931
         0          0          0          1

  0.350894  0.0456319   0.935303   0.581801
 -0.934294 -0.0501292   0.352961  -0.137987
 0.0629923    -0.9977  0.0250436    1.59606
         0          0          0          1

 0.356592 0.0422743  0.933303  0.577554
-0.931351 -0.062687  0.358685 -0.131201
0.0736691 -0.997138 0.0170186   1.59946
        0         0         0         1

  0.362318  0.0406752   0.931167     0.5738
 -0.928468 -0.0718085   0.364404  -0.125488
 0.0816879  -0.996589  0.0117481    1.60254
         0          0          0          1

    0.377326    0.0377892     0.925309     0.565931
   -0.920598   -0.0932596     0.379213    -0.110846
    0.100624    -0.994924 -0.000400637      1.61003
           0            0            0            1

   0.385376   0.0352184    0.922087    0.562298
  -0.916438   -0.102165    0.386916   -0.104419
   0.107831   -0.994144 -0.00709628     1.61381
          0           0           0           1

   0.39432  0.0330142    0.91838   0.558303
  -0.91155  -0.112716   0.395439 -0.0960351
  0.116572  -0.993079 -0.0143523     1.6183
         0          0          0          1

  0.402491  0.0315996   0.914878   0.554888
 -0.907146  -0.120334   0.403245 -0.0891211
  0.122833   -0.99223 -0.0197679    1.62244
         0          0          0          1

  0.421422  0.0293652   0.906389   0.546332
 -0.896621  -0.136307   0.421297 -0.0729454
  0.135918  -0.990231 -0.0311131    1.63238
         0          0          0          1

  0.429272  0.0276921   0.902751   0.542836
 -0.892047  -0.143424   0.428581 -0.0654683
  0.141344  -0.989274 -0.0368652    1.63665
         0          0          0          1

  0.440333  0.0274574   0.897415   0.537856
  -0.88571  -0.150426   0.439192 -0.0567955
  0.147054   -0.98824 -0.0419182    1.64209
         0          0          0          1

   0.44737  0.0257254   0.893979   0.534745
 -0.881352  -0.157108   0.445573 -0.0487222
  0.151914  -0.987246 -0.0476125    1.64655
         0          0          0          1

  0.456463  0.0250807   0.889389   0.530378
 -0.875564  -0.165081   0.454023  -0.038909
  0.158208  -0.985961 -0.0533935    1.65192
         0          0          0          1

  0.463556  0.0252138   0.885709   0.526585
 -0.870925  -0.171045   0.460688 -0.0308453
  0.163112  -0.984941 -0.0573297    1.65652
         0          0          0          1

  0.480337  0.0283442   0.876626    0.51717
  -0.85932  -0.184927   0.476834 -0.0110483
  0.175627  -0.982343 -0.0644707    1.66678
         0          0          0          1

   0.487322   0.0290916    0.872738    0.512723
  -0.854711    -0.18881     0.48355 -0.00249136
   0.178849   -0.981583  -0.0671462     1.67211
          0           0           0           1

  0.493615  0.0313839   0.869114   0.507678
 -0.849635  -0.195925   0.489626 0.00865924
  0.185647  -0.980117 -0.0700465    1.67707
         0          0          0          1

 0.498219 0.0337305  0.866395  0.503088
-0.845762 -0.201167  0.494185 0.0179521
 0.190959 -0.978976 -0.071697   1.68146
        0         0         0         1

  0.508203  0.0367407   0.860453   0.492799
 -0.838256   -0.20816   0.503981  0.0396696
  0.197628  -0.977405 -0.0749894    1.69209
         0          0          0          1

 0.511405 0.0372929   0.85853   0.48876
-0.835901 -0.210155  0.507054 0.0493118
 0.199334 -0.976957 -0.076301   1.69725
        0         0         0         1

  0.517453  0.0389048   0.854827   0.482591
 -0.831626   -0.21248   0.513079  0.0605407
  0.201595  -0.976391 -0.0775942     1.7028
         0          0          0          1

  0.522358  0.0391701   0.851826    0.47751
 -0.828256  -0.214284   0.517758  0.0702504
  0.202813  -0.975986 -0.0794899    1.70709
         0          0          0          1

  0.527677  0.0391619   0.848542   0.472107
 -0.824735  -0.215571   0.522821  0.0818472
  0.203396  -0.975702 -0.0814538    1.71289
         0          0          0          1

  0.529474   0.035103     0.8476   0.469893
 -0.823806   -0.21721   0.523606   0.092698
  0.202487  -0.975493 -0.0860891    1.71781
         0          0          0          1

   0.53934  0.0347479   0.841371   0.458005
 -0.816809  -0.221386   0.532739   0.115658
  0.204779  -0.974567 -0.0910197    1.72768
         0          0          0          1

   0.54141  0.0315871   0.840165   0.454309
 -0.816013  -0.220917   0.534152   0.125667
  0.202479  -0.974781 -0.0938312    1.73373
         0          0          0          1

  0.542636  0.0281441   0.839496   0.449063
 -0.815617  -0.221249   0.534619   0.137818
  0.200784  -0.974811 -0.0971031    1.74002
         0          0          0          1

 0.541367 0.0239154  0.840446   0.44573
-0.816772  -0.22224  0.532441  0.148189
 0.199514 -0.974699  -0.10078   1.74468
        0         0         0         1

 0.539713  0.018776   0.84164  0.432705
-0.818626 -0.221496  0.529897  0.169455
 0.196369 -0.974981 -0.104174     1.757
        0         0         0         1

 0.537951 0.0157788  0.842828  0.427061
-0.819857 -0.222759  0.527459  0.178535
  0.19607 -0.974746 -0.106897   1.76083
        0         0         0         1

 0.536244 0.0109961  0.843991  0.419006
-0.821523 -0.222738   0.52487  0.188474
  0.19376 -0.974816 -0.110408    1.7675
        0         0         0         1

  0.533719 0.00803598   0.845624   0.412436
 -0.823183  -0.224087   0.521685   0.197227
  0.193686  -0.974536  -0.112985    1.77069
         0          0          0          1

   0.527589 -0.00231629    0.849497    0.408501
  -0.828493   -0.222413    0.513938    0.207624
   0.187748    -0.97495   -0.119261     1.77843
          0           0           0           1

  0.522605 -0.0106787   0.852508   0.402836
 -0.832415  -0.222554   0.507499   0.215534
  0.184309  -0.974862  -0.125197    1.78291
         0          0          0          1

  0.514625 -0.0249953   0.857051   0.386805
 -0.839237  -0.219422   0.497529   0.230318
   0.17562   -0.97531  -0.133897    1.79425
         0          0          0          1

  0.513074 -0.0321522   0.857742   0.379486
 -0.841102  -0.218125   0.494944   0.235871
  0.171181  -0.975391  -0.138957    1.79893
         0          0          0          1

  0.512049 -0.0402933   0.858011   0.369395
 -0.843074   -0.21478   0.493048   0.241473
  0.164417  -0.975831  -0.143948    1.80474
         0          0          0          1

  0.504743 -0.0452765   0.862082   0.363083
 -0.847595  -0.215427   0.484947   0.247618
  0.163759   -0.97547  -0.147111    1.80718
         0          0          0          1

  0.493624 -0.0606304    0.86756   0.346891
 -0.855885  -0.210811   0.472249   0.257206
  0.154259  -0.975645  -0.155954    1.81719
         0          0          0          1

  0.490326 -0.0662424   0.869018   0.340068
 -0.858101  -0.211118   0.468073   0.261255
  0.152459  -0.975213  -0.160359    1.81955
         0          0          0          1

  0.489748 -0.0729826   0.868804   0.329408
 -0.859387  -0.208389   0.466934   0.262973
  0.146971  -0.975319  -0.164778    1.82456
         0          0          0          1

  0.489942 -0.0803966    0.86804    0.32112
 -0.860278  -0.205629   0.466517   0.264279
  0.140988  -0.975322   -0.16991     1.8293
         0          0          0          1

  0.492232 -0.0866906   0.866136   0.310124
 -0.859746  -0.204081   0.468174   0.265709
  0.136176  -0.975108  -0.174987    1.83248
         0          0          0          1

  0.490363 -0.0951969   0.866303   0.304526
 -0.862024  -0.199303    0.46604   0.267524
  0.128292  -0.975303  -0.179793    1.83791
         0          0          0          1

 0.495714 -0.109744  0.861524  0.285125
-0.861133 -0.190921  0.471168  0.267457
 0.112775 -0.975451 -0.189147   1.84578
        0         0         0         1

 0.493157 -0.118932  0.861772  0.281053
-0.863358 -0.188538  0.468044  0.269865
 0.106812 -0.974838  -0.19566   1.84802
        0         0         0         1

 0.496154 -0.123727  0.859374  0.268477
-0.862705 -0.181781  0.471906  0.267582
0.0978308 -0.975524 -0.196931    1.8515
        0         0         0         1

 0.498445 -0.132665   0.85671  0.259492
-0.862216  -0.17868   0.47398  0.265904
 0.090196 -0.974922 -0.203448    1.8523
        0         0         0         1

 0.494729 -0.146231  0.856656  0.242064
-0.866002 -0.165408  0.471891  0.262258
0.0726924 -0.975324 -0.208468   1.85768
        0         0         0         1

 0.491008 -0.151689  0.857847  0.234729
-0.868654 -0.159819  0.468933  0.259927
 0.065968 -0.975422 -0.210238   1.86007
        0         0         0         1

 0.484454 -0.155765  0.860838  0.225532
-0.872599 -0.156067  0.462833  0.258166
0.0622551 -0.975387 -0.211528   1.86045
        0         0         0         1

 0.477634 -0.158821  0.864084  0.218671
-0.876665   -0.1507   0.45689   0.25633
0.0576536 -0.975738 -0.211213   1.86033
        0         0         0         1

 0.475194 -0.159512  0.865301  0.203321
-0.878486  -0.14136  0.456376  0.248499
0.0495217 -0.977023 -0.207303    1.8627
        0         0         0         1

  0.46854 -0.162284  0.868409  0.196025
-0.882392 -0.133883  0.451065  0.245282
0.0430644 -0.977619 -0.205928   1.86426
        0         0         0         1

 0.445854 -0.173937  0.878043  0.181691
-0.894617 -0.119017  0.430693  0.239203
 0.029589 -0.977538 -0.208671   1.86488
        0         0         0         1

 0.440915 -0.174591  0.880404  0.170425
-0.897224 -0.112121  0.427104  0.231846
0.0241431 -0.978237 -0.206083   1.86476
        0         0         0         1

 0.429725   -0.1701  0.886793  0.159112
-0.902666 -0.105979  0.417088  0.225867
0.0230352 -0.979711 -0.199085   1.86274
        0         0         0         1

  0.41939 -0.171097  0.891537  0.150561
-0.907573 -0.101284  0.407496  0.220906
0.0205768 -0.980034 -0.197761   1.86214
        0         0         0         1

  0.393436  -0.173439   0.902844    0.13155
 -0.919271 -0.0872202   0.383839   0.206853
 0.0121737  -0.980975  -0.193753     1.8618
         0          0          0          1

  0.377876  -0.172274   0.909688   0.126443
 -0.925768 -0.0838414   0.368678   0.204895
 0.0127559  -0.981475  -0.191167    1.85861
         0          0          0          1

 0.367825 -0.173995  0.913472  0.116772
-0.929847 -0.078796   0.35941  0.197681
0.00944228 -0.981589 -0.190772    1.8573
        0         0         0         1

  0.356274  -0.174457   0.917951   0.110439
 -0.934371 -0.0712379   0.349108   0.191346
0.00448862  -0.982084  -0.188388    1.85605
         0          0          0          1

  0.346423  -0.173556   0.921884   0.101111
 -0.938078 -0.0643156     0.3404   0.184086
0.000212916  -0.982722   -0.18509    1.85304
         0          0          0          1

  0.337535  -0.172499   0.925372  0.0930211
 -0.941313 -0.0614714   0.331891   0.177644
-0.000366722   -0.98309  -0.183124    1.84996
         0          0          0          1

   0.31145  -0.174285   0.934143  0.0788071
 -0.950243 -0.0508601   0.307328   0.163109
-0.00605224  -0.983381  -0.181454    1.84594
         0          0          0          1

  0.298256  -0.173535   0.938578  0.0730708
 -0.954456 -0.0464929   0.294706   0.157095
-0.0075046   -0.98373  -0.179499    1.84412
         0          0          0          1

  0.279537  -0.170496   0.944876  0.0675521
 -0.960094 -0.0405816   0.276717   0.151059
-0.00883454  -0.984522  -0.175036    1.83987
         0          0          0          1

  0.260703  -0.169636   0.950399  0.0634504
 -0.965383 -0.0372797   0.258159   0.146979
-0.00836269  -0.984801  -0.173483    1.83651
         0          0          0          1

  0.240095  -0.164662   0.956682  0.0570943
  -0.97072 -0.0330418   0.237931   0.140431
-0.00756781  -0.985796  -0.167774    1.83046
         0          0          0          1

   0.22073  -0.161313   0.961902  0.0516678
 -0.975293 -0.0273372   0.219219   0.133913
-0.00906702  -0.986525  -0.163361    1.82752
         0          0          0          1

 0.176282 -0.146578  0.973365 0.0353846
-0.984317 -0.019585  0.175316  0.117309
-0.00663415 -0.989005 -0.147732   1.81366
        0         0         0         1

  0.148702  -0.139726   0.978961  0.0313591
 -0.988861 -0.0146179    0.14812   0.112462
-0.00638581  -0.990082  -0.140343    1.80737
         0          0          0          1

   0.107217    -0.13044    0.985642   0.0288129
  -0.994188 -0.00440809    0.107564    0.108666
-0.00968581   -0.991446   -0.130155     1.80164
          0           0           0           1

 0.0827101  -0.119651   0.989365  0.0196504
 -0.996454 0.00545271  0.0839622  0.0976831
-0.0154408  -0.992801  -0.118775    1.79774
         0          0          0          1

 0.0290011 -0.0722949   0.996962 0.00989908
   -0.9995  0.0104885  0.0298356  0.0844349
-0.0126136  -0.997328 -0.0719545    1.78449
         0          0          0          1

 0.0206811 -0.0420313   0.998902 0.00409213
 -0.999727   0.010015  0.0211196  0.0780598
-0.0108917  -0.999066 -0.0418127    1.77538
         0          0          0          1

  0.0177054  -0.0253994    0.999521 -0.00115383
  -0.999762   0.0123038   0.0180224   0.0680259
 -0.0127556   -0.999602  -0.0251755     1.76862
          0           0           0           1

  0.0114733  -0.0197037     0.99974 -0.00241838
  -0.999856    0.012271   0.0117165   0.0637827
 -0.0124986   -0.999731    -0.01956      1.7627
          0           0           0           1

  0.0105483  -0.0147413    0.999836 -0.00745237
  -0.999799   0.0168708   0.0107967   0.0534512
 -0.0170272   -0.999749  -0.0145604     1.75654
          0           0           0           1

 0.00807889  -0.0112138    0.999904 -0.00987588
  -0.999774   0.0195968  0.00829761   0.0475949
  -0.019688   -0.999745  -0.0110529     1.74919
          0           0           0           1

0.00370833 -0.0179001   0.999833 -0.0154614
 -0.999673  0.0252123 0.00415912  0.0344686
-0.0252825  -0.999522 -0.0178008    1.73449
         0          0          0          1

0.00408832 -0.0240734   0.999702 -0.0183076
 -0.999534  0.0301575 0.00481384   0.026641
-0.0302644  -0.999255 -0.0239389    1.72845
         0          0          0          1

 0.0076581 -0.0340004   0.999392 -0.0219381
 -0.999236  0.0380305 0.00895074   0.016385
-0.0383118  -0.998698 -0.0336832    1.72359
         0          0          0          1

 0.0102741 -0.0390602   0.999184 -0.0253961
 -0.998942  0.0443939  0.0120071 0.00848985
-0.0448267   -0.99825 -0.0385628     1.7173
         0          0          0          1

  0.0105202  -0.0434486       0.999  -0.0324359
  -0.998287   0.0570424   0.0129936 -0.00648654
   -0.05755   -0.997426   -0.042774     1.70137
          0           0           0           1

  0.010016 -0.0435557   0.999001 -0.0353621
 -0.997926  0.0630898  0.0127559 -0.0121786
-0.0635823  -0.997057 -0.0428334      1.694
         0          0          0          1

 0.0122589 -0.0452296   0.998901 -0.0396245
 -0.997523  0.0686484  0.0153503 -0.0205729
-0.0692673  -0.996615  -0.044276    1.68459
         0          0          0          1

 0.0161313 -0.0530723    0.99846 -0.0408648
   -0.9969  0.0760607  0.0201491 -0.0260188
-0.0770129   -0.99569 -0.0516808    1.68038
         0          0          0          1

 0.0327124 -0.0733711   0.996768 -0.0453615
 -0.995479  0.0865876  0.0390437 -0.0367841
-0.0891725  -0.993539 -0.0702068    1.66559
         0          0          0          1

 0.0435478 -0.0795239   0.995881 -0.0483351
 -0.994853  0.0878433  0.0505174 -0.0428616
-0.0914989  -0.992955 -0.0752892    1.65843
         0          0          0          1

 0.0546465 -0.0885966   0.994567 -0.0481932
 -0.994193  0.0876496  0.0624338 -0.0460392
-0.0927048  -0.992204 -0.0832923    1.65196
         0          0          0          1

 0.0702614 -0.0941411   0.993076 -0.0506169
 -0.993004  0.0881081  0.0786087 -0.0512104
-0.0948983  -0.991652 -0.0872919    1.64677
         0          0          0          1

 0.0855191  -0.103946   0.990899  -0.051358
 -0.991694  0.0870203  0.0947161   -0.05617
-0.0960737  -0.990769 -0.0956406    1.64203
         0          0          0          1

 0.0910181  -0.109167   0.989848 -0.0506503
 -0.991253  0.0854561   0.100572 -0.0564375
-0.0955676  -0.990343  -0.100434    1.63654
         0          0          0          1

  0.115876   -0.11548   0.986528 -0.0563812
 -0.988711  0.0815792   0.125682 -0.0657544
-0.0949939  -0.989954  -0.104723    1.62312
         0          0          0          1

  0.126098  -0.119562   0.984786  -0.057338
 -0.987393  0.0806176    0.13622 -0.0683712
-0.0956778  -0.989548  -0.107889    1.61873
         0          0          0          1

  0.141763   -0.12233   0.982313 -0.0596851
 -0.985147  0.0796946   0.152097 -0.0730572
-0.0968912  -0.989285  -0.109216    1.61292
         0          0          0          1

   0.15564  -0.125498   0.979809 -0.0627573
 -0.982954  0.0785941   0.166206 -0.0779136
-0.0978658  -0.988976  -0.111126    1.60845
         0          0          0          1

  0.164601  -0.131115   0.977607 -0.0620801
 -0.981497  0.0765283    0.17552 -0.0775788
-0.0978278  -0.988409  -0.116092    1.59728
         0          0          0          1

  0.167246  -0.132181   0.977014 -0.0629776
 -0.980989   0.076624   0.178293  -0.078811
-0.0984298  -0.988259  -0.116853    1.59253
         0          0          0          1

  0.174005  -0.132651   0.975769 -0.0651619
 -0.979509  0.0787275   0.185375 -0.0814784
  -0.10141  -0.988031  -0.116234    1.58674
         0          0          0          1

  0.174683  -0.131425   0.975814  -0.065149
  -0.97932  0.0795473   0.186024 -0.0807709
 -0.102072  -0.988129  -0.114812    1.58148
         0          0          0          1

   0.18176  -0.132223   0.974413 -0.0675085
  -0.97773   0.081427   0.193428 -0.0833775
 -0.104919   -0.98787  -0.114479    1.57722
         0          0          0          1

  0.181443  -0.131407   0.974582 -0.0674841
 -0.977819   0.081338   0.193012 -0.0822673
 -0.104634  -0.987986  -0.113734    1.57157
         0          0          0          1

  0.189817  -0.133716   0.972671 -0.0682193
 -0.975762  0.0841841   0.201993 -0.0821841
 -0.108893  -0.987438  -0.114496    1.56525
         0          0          0          1

  0.197384  -0.126613   0.972116 -0.0689487
 -0.974696  0.0807741   0.208429 -0.0814392
 -0.104911  -0.988658  -0.107465    1.55922
         0          0          0          1

  0.204911  -0.132677   0.969746 -0.0699297
 -0.973038  0.0795572   0.216492 -0.0832637
 -0.105874  -0.987961  -0.112797     1.5579
         0          0          0          1

   0.21106  -0.140161   0.967372 -0.0705565
  -0.97156  0.0786125   0.223363 -0.0841806
 -0.107354  -0.987003  -0.119583    1.55698
         0          0          0          1

  0.223924   -0.14142   0.964292 -0.0689287
 -0.968682  0.0766329   0.236183 -0.0805233
 -0.107297  -0.986979  -0.119831    1.54955
         0          0          0          1

  0.228648   -0.14458   0.962713 -0.0685399
 -0.967712  0.0740032   0.240949 -0.0799581
  -0.10608  -0.986722  -0.122991    1.54899
         0          0          0          1

  0.235152  -0.143501   0.961307 -0.0696518
 -0.966394  0.0711646    0.24702 -0.0806787
 -0.103859  -0.987088  -0.121944    1.54648
         0          0          0          1

  0.236257  -0.143825   0.960987 -0.0696729
 -0.966511  0.0671952   0.247672 -0.0799346
 -0.100195  -0.987319  -0.123133    1.54443
         0          0          0          1

  0.234478  -0.145496   0.961172 -0.0688102
 -0.967182  0.0646306   0.245728 -0.0780857
-0.0978734  -0.987246  -0.125566    1.54369
         0          0          0          1

   0.23229  -0.143139   0.962056 -0.0683376
 -0.968205  0.0603919    0.24276 -0.0762756
 -0.092849  -0.987858   -0.12456    1.54117
         0          0          0          1

  0.224669  -0.138979   0.964473 -0.0681691
 -0.970608  0.0557224   0.234128 -0.0754234
-0.0862817  -0.988726  -0.122375    1.54066
         0          0          0          1

  0.220445  -0.134635   0.966063 -0.0684982
 -0.971768  0.0550733   0.229422 -0.0755364
-0.0840925  -0.989364  -0.118693    1.53962
