-0.873957 -0.446416 -0.192123  0.573508
-0.482822   0.84267  0.238306  0.837893
0.0555128   0.30103 -0.951997   2.48069
        0         0         0         1

-0.864851 -0.467662 -0.182552  0.580999
-0.500573  0.830982  0.242684   0.80898
 0.038203  0.301266 -0.952775   2.46438
        0         0         0         1

-0.843687 -0.507578 -0.174805  0.567423
-0.536677  0.805372    0.2517  0.767985
 0.013026  0.306171 -0.951888   2.45319
        0         0         0         1

-0.805571 -0.570782 -0.158946  0.551193
-0.591763  0.761709  0.263849  0.695148
-0.0295299  0.306607 -0.951378   2.42154
        0         0         0         1

-0.791359 -0.591871 -0.153102  0.552699
-0.609362  0.743457  0.275589  0.661287
-0.0492884  0.311384 -0.949005   2.41571
        0         0         0         1

-0.767994 -0.624976 -0.139963  0.540409
-0.637043  0.722903   0.26756    0.6351
-0.0660389  0.294648 -0.953321   2.38549
        0         0         0         1

-0.745864 -0.652522 -0.133801  0.534172
-0.660425  0.698276  0.276134  0.600123
-0.0867535  0.294323  -0.95176   2.37368
        0         0         0         1

 -0.72779 -0.674524 -0.123849  0.531719
-0.677495  0.679137  0.282442  0.567426
-0.106404  0.289466 -0.951256   2.35781
        0         0         0         1

-0.705193 -0.700274 -0.110995  0.527709
-0.697255   0.65655  0.287712  0.535871
-0.128604  0.280284 -0.951263   2.33965
        0         0         0         1

 -0.670298   -0.73614 -0.0938048   0.532106
 -0.724495    0.62179   0.297463   0.477566
 -0.160647    0.26735  -0.950114    2.30782
         0          0          0          1

 -0.648796  -0.756904 -0.0784839   0.526908
 -0.739865   0.603327   0.297651    0.45191
 -0.177942   0.251182  -0.951443     2.2858
         0          0          0          1

 -0.624983  -0.777969 -0.0645019   0.521513
 -0.754936   0.581311   0.303561   0.421811
 -0.198665   0.238415  -0.950626    2.26688
         0          0          0          1

 -0.605659  -0.793834 -0.0548182   0.520907
 -0.766082   0.563083   0.309929   0.393823
 -0.215165   0.229706  -0.949178    2.25205
         0          0          0          1

-0.568055 -0.822227  -0.03545  0.521877
-0.783412  0.527038   0.32939  0.338153
-0.252149  0.214884 -0.943528   2.22208
        0         0         0         1

 -0.547087  -0.836776 -0.0224108   0.518541
  -0.79299   0.509514   0.334011   0.314526
 -0.268074   0.200504  -0.942303    2.20164
         0          0          0          1

 -0.525333  -0.850832 -0.0104963   0.516582
 -0.802795   0.491508    0.33755   0.290374
 -0.282039   0.185752  -0.941249    2.18224
         0          0          0          1

   -0.51107   -0.859537 -0.00173159    0.519151
  -0.807739    0.479581    0.342871    0.268046
   -0.29388     0.17663   -0.939381     2.16424
          0           0           0           1

-0.478049 -0.878113  0.019646  0.523498
-0.818781  0.453621  0.351887  0.224669
-0.317909  0.152134 -0.935836   2.12699
        0         0         0         1

-0.461317 -0.886684 0.0312861   0.52483
-0.822476  0.440604  0.359722  0.202792
-0.332745  0.140214 -0.932535    2.1084
        0         0         0         1

  -0.4434 -0.895398 0.0407401  0.525054
-0.827748  0.426489   0.36461  0.181182
-0.343846  0.127946 -0.930269   2.09094
        0         0         0         1

-0.433184 -0.899957 0.0492807  0.529547
 -0.82933  0.419405  0.369204  0.163079
-0.352936  0.119063 -0.928041   2.07418
        0         0         0         1

-0.413812 -0.908101  0.064132  0.529225
-0.832674  0.406034  0.376552  0.143156
-0.367987  0.102421 -0.924173   2.05302
        0         0         0         1

-0.400225 -0.913203 0.0766838  0.532742
-0.832881  0.397372  0.385233  0.124609
-0.382268 0.0903114 -0.919628   2.03708
        0         0         0         1

-0.377379 -0.920393  0.102285  0.540562
-0.833112  0.385653   0.39648  0.089692
-0.404364 0.0644077 -0.912328   2.00028
        0         0         0         1

 -0.36306 -0.924334  0.117448  0.540911
-0.833949  0.378576   0.40151 0.0724574
-0.415592 0.0478267 -0.908293   1.98185
        0         0         0         1

-0.353819 -0.926381  0.128955  0.544783
-0.833793  0.374874  0.405288  0.056573
-0.423793 0.0358773 -0.905048   1.96438
        0         0         0         1

-0.341986 -0.928604  0.144016  0.546786
-0.832461  0.370477  0.412013 0.0409217
-0.435951 0.0210152 -0.899725    1.9459
        0         0         0         1

 -0.332943  -0.929613   0.158015   0.549876
 -0.833124   0.368494   0.412453  0.0267858
 -0.441649 0.00567753   -0.89717    1.92601
         0          0          0          1

  -0.323216   -0.931122    0.168947    0.552802
  -0.831716     0.36467    0.418645   0.0119919
   -0.45142 -0.00520367   -0.892297     1.90985
          0           0           0           1

 -0.303948  -0.934327   0.186144   0.558803
 -0.827762   0.355726   0.433901 -0.0169422
 -0.471621 -0.0221992  -0.881522    1.87448
         0          0          0          1

 -0.294199  -0.935949   0.193511   0.561762
 -0.825594   0.350876   0.441905 -0.0299826
 -0.481499  -0.029753  -0.875941    1.85681
         0          0          0          1

 -0.285027  -0.937642   0.198964   0.564949
 -0.822382   0.345849   0.451748 -0.0435422
 -0.492389 -0.0348641  -0.869676    1.83939
         0          0          0          1

 -0.278953  -0.938687   0.202612   0.568819
 -0.819964   0.342644   0.458534  -0.055383
 -0.499844 -0.0382247  -0.865272    1.82293
         0          0          0          1

 -0.265949  -0.942031   0.204569     0.5763
 -0.815873   0.332988   0.472726 -0.0789221
 -0.513442 -0.0411813  -0.857136    1.79054
         0          0          0          1

 -0.259692  -0.943642   0.205185   0.580027
 -0.813816   0.328236   0.479547 -0.0899584
  -0.51987 -0.0424482   -0.85319    1.77535
         0          0          0          1

 -0.255778  -0.944962   0.204023   0.584248
 -0.811349   0.324579   0.486169  -0.100543
 -0.525633 -0.0411823  -0.849714    1.75994
         0          0          0          1

 -0.251495    -0.9462   0.203607   0.588118
 -0.809411   0.320958   0.491773  -0.110481
 -0.530665 -0.0411232  -0.846584     1.7454
         0          0          0          1

 -0.249472  -0.946588   0.204292   0.592828
 -0.806295   0.319881   0.497559  -0.119784
 -0.536332 -0.0405924   -0.84303    1.73096
         0          0          0          1

 -0.244526  -0.947688   0.205169   0.595953
 -0.804244   0.316423   0.503059  -0.129672
 -0.541663 -0.0419954  -0.839546    1.71719
         0          0          0          1

 -0.235974  -0.948358   0.211978   0.602644
 -0.799529   0.313461   0.512343  -0.148191
 -0.552331 -0.0485829  -0.832208    1.69013
         0          0          0          1

 -0.234716  -0.948019   0.214867   0.606036
 -0.796676    0.31426   0.516283  -0.156413
 -0.556971 -0.0499997  -0.829026    1.67829
         0          0          0          1

 -0.233509  -0.946973   0.220717   0.609381
 -0.794502    0.31668    0.51815  -0.164346
 -0.560571 -0.0543675   -0.82632    1.66599
         0          0          0          1

 -0.231639   -0.94605   0.226569   0.612488
 -0.792033   0.318636   0.520724  -0.171824
 -0.564824 -0.0588297  -0.823112    1.65443
         0          0          0          1

 -0.230753  -0.943397   0.238235   0.618451
 -0.785778   0.325078   0.526191  -0.185795
 -0.573852 -0.0657802  -0.816313    1.63202
         0          0          0          1

 -0.227674  -0.942337   0.245285   0.620622
 -0.782753   0.326951   0.529529  -0.192615
 -0.579191 -0.0714378  -0.812056    1.62141
         0          0          0          1

 -0.228257  -0.940697   0.250974   0.623474
 -0.779011   0.331086    0.53247  -0.198943
 -0.583987 -0.0739716  -0.808386    1.61175
         0          0          0          1

 -0.228064  -0.938826   0.258054   0.626369
 -0.776005   0.335343   0.534192  -0.204503
  -0.58805 -0.0784214  -0.805014    1.60225
         0          0          0          1

  -0.22373  -0.937875   0.265209   0.628203
 -0.773513   0.336409   0.537129  -0.211179
 -0.592978 -0.0849705  -0.800723    1.59273
         0          0          0          1

 -0.223668   -0.93586   0.272285   0.630712
 -0.769961   0.340946   0.539367  -0.216584
 -0.597606 -0.0890096  -0.796834    1.58439
         0          0          0          1

-0.222189 -0.930715  0.290519  0.635178
-0.764598  0.351216  0.540404 -0.227359
-0.604997 -0.102058  -0.78966   1.56745
        0         0         0         1

-0.220208 -0.928129  0.300141  0.636962
-0.762074  0.355759  0.540998 -0.232572
-0.608894 -0.109598 -0.785644   1.55961
        0         0         0         1

-0.218813 -0.925106  0.310321  0.638724
-0.759353  0.361164  0.541243 -0.237892
-0.612784 -0.117212  -0.78151     1.552
        0         0         0         1

-0.217839  -0.92197  0.320182  0.640261
-0.756528  0.366775  0.541425 -0.242464
-0.616613 -0.124283 -0.777395   1.54484
        0         0         0         1

-0.215297 -0.915475  0.339929  0.643339
-0.751658  0.377573  0.540786 -0.251621
-0.623425 -0.139081 -0.769414   1.53049
        0         0         0         1

-0.215099 -0.911936  0.349435  0.644561
 -0.74909  0.383636  0.540081 -0.255492
-0.626575 -0.145588 -0.765642   1.52394
        0         0         0         1

-0.213971  -0.90856  0.358797  0.645878
-0.746276  0.389045  0.540107 -0.259472
-0.630308 -0.152194 -0.761281   1.51703
        0         0         0         1

-0.213701  -0.90575  0.365991  0.646717
-0.743392  0.393841  0.540609 -0.263199
-0.633798 -0.156546 -0.757491   1.51116
        0         0         0         1

-0.212542 -0.902688  0.374138  0.647376
-0.741448  0.398374  0.539957 -0.266841
 -0.63646  -0.16264 -0.753967   1.50479
        0         0         0         1

-0.213366 -0.899307  0.381736  0.648341
-0.739898  0.403903  0.537971 -0.269663
-0.637985 -0.167661 -0.751575   1.49901
        0         0         0         1

-0.211746 -0.893517  0.395969  0.649771
 -0.73589  0.412383  0.537034 -0.275001
 -0.64314 -0.177674 -0.744851   1.48753
        0         0         0         1

-0.210204  -0.89066  0.403162  0.650802
-0.733242  0.416385  0.537568 -0.276963
-0.646661 -0.182616 -0.740595   1.48197
        0         0         0         1

-0.206591 -0.888188  0.410418  0.651888
-0.730956  0.418941  0.538694 -0.278892
-0.650403 -0.188708 -0.735775   1.47597
        0         0         0         1

-0.203467  -0.88601  0.416638  0.653073
-0.729398  0.421041  0.539169 -0.280373
-0.653131 -0.194192 -0.731922   1.47031
        0         0         0         1

 -0.19713 -0.883972  0.423949  0.655757
-0.726125  0.422193  0.542675 -0.282574
-0.658698 -0.200862 -0.725101   1.45969
        0         0         0         1

-0.194351 -0.883966  0.425243  0.657318
-0.725169  0.421405  0.544561 -0.283331
-0.660573 -0.202538 -0.722926   1.45483
        0         0         0         1

-0.191439 -0.884326  0.425815   0.65892
-0.724304  0.420063  0.546746 -0.283809
-0.662371 -0.203751 -0.720937   1.45033
        0         0         0         1

-0.188606 -0.884655  0.426396   0.66052
-0.724111  0.418577   0.54814 -0.283999
-0.663394 -0.205375 -0.719534   1.44581
        0         0         0         1

-0.185454 -0.885664  0.425683  0.662246
-0.723648   0.41616  0.550585 -0.283796
-0.664786 -0.205937 -0.718088   1.44132
        0         0         0         1

-0.182563 -0.886989   0.42417  0.663587
-0.722907  0.413507   0.55355 -0.283511
 -0.66639 -0.205578 -0.716702    1.4376
        0         0         0         1

-0.176319 -0.888937  0.422731  0.665927
-0.723896   0.40811  0.556257 -0.282469
-0.666998 -0.207935 -0.715455   1.43039
        0         0         0         1

-0.173254 -0.890363  0.420995   0.66642
-0.725077  0.404595  0.557284 -0.282153
-0.666518 -0.208702  -0.71568   1.42821
        0         0         0         1

-0.168851 -0.891692   0.41997  0.666155
-0.726252  0.400624  0.558622 -0.281855
-0.666368 -0.210681 -0.715239   1.42649
        0         0         0         1

-0.163041 -0.892602  0.420333  0.666391
-0.727029  0.396699   0.56041 -0.281173
-0.666968 -0.214224 -0.713625    1.4249
        0         0         0         1

-0.152682  -0.89406  0.421124   0.66554
-0.727571   0.39007  0.564346 -0.279063
-0.668827 -0.220232 -0.710048   1.42252
        0         0         0         1

-0.148083 -0.892435  0.426182  0.664359
-0.727192  0.390318  0.564662 -0.277548
-0.670271   -0.2263 -0.706771    1.4217
        0         0         0         1

-0.142662 -0.891767  0.429417  0.662569
-0.727563  0.388629  0.565349 -0.276148
-0.671043 -0.231774  -0.70426   1.42124
        0         0         0         1

-0.138406 -0.891169  0.432044   0.66021
 -0.72747    0.3875  0.566243 -0.274626
-0.672035 -0.235928 -0.701931   1.42144
        0         0         0         1

-0.134496 -0.889226  0.437251  0.656507
-0.728223   0.38795  0.564965 -0.272687
-0.672013  -0.24243 -0.699733   1.42176
        0         0         0         1

-0.130816 -0.887069  0.442715  0.651613
-0.727957  0.389091  0.564523  -0.27044
-0.673027 -0.248429 -0.696647   1.42224
        0         0         0         1

-0.126133 -0.879347  0.459173  0.638385
-0.726102  0.397218  0.561243 -0.265418
-0.675919 -0.262615 -0.688598   1.42357
        0         0         0         1

-0.124419 -0.874839  0.468163  0.630688
-0.725439  0.402108  0.558613 -0.263073
-0.676948 -0.270121 -0.684672   1.42401
        0         0         0         1

-0.124045 -0.870857  0.475626  0.621867
-0.724848  0.406871  0.555925 -0.260571
-0.677649 -0.275797 -0.681709   1.42505
        0         0         0         1

-0.124638  -0.86739  0.481768  0.612353
   -0.725  0.411105    0.5526 -0.258371
-0.677377 -0.280407 -0.680097   1.42612
        0         0         0         1

-0.126998 -0.860616  0.493166  0.590224
-0.724112  0.420232   0.54687 -0.253604
-0.677889 -0.287656 -0.676551   1.42859
        0         0         0         1

-0.129967 -0.857649  0.497541  0.578556
-0.724351  0.424786  0.543022 -0.251079
-0.677071 -0.289819 -0.676447   1.42972
        0         0         0         1

-0.133317 -0.855469    0.5004  0.565176
-0.724528  0.428635  0.539751 -0.248621
-0.676229 -0.290596 -0.676955   1.43124
        0         0         0         1

-0.137199 -0.853954  0.501935  0.551475
-0.724835  0.431921  0.536711 -0.246377
-0.675123 -0.290184 -0.678235   1.43288
        0         0         0         1

-0.141949 -0.852504  0.503079   0.53641
-0.725657  0.435284  0.532869 -0.243956
-0.673255 -0.289422 -0.680413   1.43445
        0         0         0         1

-0.147867 -0.851317  0.503383  0.521175
-0.725604  0.439236  0.529689 -0.241439
-0.672038 -0.286933 -0.682667   1.43673
        0         0         0         1

-0.160311 -0.850147  0.501548   0.48693
 -0.72643  0.445632  0.523175 -0.236186
-0.668281 -0.280469 -0.689012   1.44019
        0         0         0         1

-0.168174 -0.850661   0.49809  0.468898
-0.726231  0.448589  0.520918 -0.233822
-0.666563 -0.274124 -0.693217   1.44268
        0         0         0         1

-0.177859 -0.850956  0.494207  0.449183
-0.725943  0.452517  0.517914 -0.231063
-0.664359 -0.266651  -0.69823   1.44495
        0         0         0         1

-0.189093 -0.851265  0.489481   0.42933
-0.725112  0.457182  0.514973 -0.228396
 -0.66216  -0.25755 -0.703713   1.44751
        0         0         0         1

  -0.2159 -0.849102  0.482092  0.386631
 -0.72091  0.471618  0.507803 -0.221597
 -0.65854  -0.23791 -0.713949   1.45254
        0         0         0         1

-0.228721 -0.846132  0.481402  0.366042
-0.719482   0.48004  0.501903  -0.21742
-0.655768 -0.231565 -0.718572   1.45366
        0         0         0         1

-0.243227 -0.843149   0.47952  0.343576
-0.716585  0.489377  0.497007 -0.213415
-0.653717 -0.222731 -0.723218   1.45618
        0         0         0         1

-0.254924 -0.840059  0.478868  0.321009
-0.713205  0.497762   0.49353 -0.210139
-0.652957 -0.215719 -0.726026   1.45831
        0         0         0         1

-0.268904  -0.83649  0.477467  0.297301
-0.709251  0.507367  0.489431 -0.206538
-0.651655 -0.207034 -0.729714   1.46133
        0         0         0         1

-0.284119 -0.830475  0.479153  0.275118
 -0.70493  0.519675  0.482713  -0.20157
-0.649885 -0.200621 -0.733076   1.46311
        0         0         0         1

-0.309932 -0.820109  0.481003  0.227602
-0.695822  0.540415  0.473057 -0.193916
  -0.6479 -0.188077 -0.738142   1.46708
        0         0         0         1

-0.325501 -0.813497  0.481946  0.204652
-0.690265  0.552782  0.466868 -0.188945
-0.646207 -0.180704  -0.74146   1.46991
        0         0         0         1

-0.341783 -0.806015  0.483243  0.181411
-0.684883  0.565738  0.459213 -0.183252
-0.643522 -0.174013 -0.745385   1.47169
        0         0         0         1

   -0.355 -0.800076  0.483583    0.1579
-0.679409  0.576117  0.454414 -0.179277
-0.642167 -0.167234 -0.748101    1.4735
        0         0         0         1

-0.389666 -0.783011  0.484823  0.113407
-0.665396  0.603325  0.439599 -0.165612
-0.636717 -0.151303 -0.756108   1.47802
        0         0         0         1

-0.404468 -0.776012  0.483954 0.0916092
-0.658139  0.614409  0.435149 -0.160212
-0.635026 -0.142505 -0.759232   1.48117
        0         0         0         1

-0.420457 -0.767598  0.483745  0.069631
-0.650624  0.626681  0.428904 -0.153677
 -0.63238   -0.1344  -0.76291   1.48302
        0         0         0         1

-0.432842 -0.761037  0.483189 0.0484048
-0.643908  0.636131  0.425111 -0.148241
-0.630896 -0.127123 -0.765382   1.48456
        0         0         0         1

-0.451434   -0.7519  0.480473 0.0282134
-0.634168  0.649155  0.420033 -0.140252
-0.627724 -0.115084 -0.769882   1.48877
        0         0         0         1

 -0.463423  -0.745345    0.47927 0.00888058
   -0.6275   0.657911   0.416409  -0.134202
 -0.625686  -0.107769  -0.772595    1.49023
         0          0          0          1

 -0.492428  -0.727856   0.477221 -0.0275452
 -0.611447   0.679512   0.405458  -0.118768
 -0.619393 -0.0921365  -0.779656    1.49316
         0          0          0          1

 -0.500862  -0.723135   0.475618 -0.0449849
 -0.605891   0.685351   0.403967  -0.113592
 -0.618089 -0.0858408  -0.781408    1.49312
         0          0          0          1

 -0.512792  -0.714892   0.475366 -0.0612763
 -0.597934   0.694731   0.399779  -0.105965
 -0.616051 -0.0792339  -0.783711    1.49312
         0          0          0          1

 -0.521125  -0.708867   0.475327 -0.0770285
 -0.590966   0.701518   0.398286 -0.0999824
 -0.615782 -0.0733454  -0.784495    1.49272
         0          0          0          1

 -0.532881  -0.701796    0.47278 -0.0916535
 -0.584367   0.709295   0.394228  -0.093188
 -0.612008    -0.0662  -0.788076    1.49388
         0          0          0          1

 -0.543993  -0.694859   0.470364  -0.105716
 -0.576602   0.716809   0.392065 -0.0865665
 -0.609591 -0.0579319  -0.790597    1.49536
         0          0          0          1

 -0.563133  -0.682104   0.466493  -0.131265
 -0.561961   0.729985   0.389001 -0.0725916
 -0.605872 -0.0430917  -0.794394     1.4962
         0          0          0          1

 -0.569701  -0.676422   0.466791  -0.141947
 -0.556136   0.735475   0.387026  -0.065979
 -0.605106 -0.0391104  -0.795184    1.49442
         0          0          0          1

 -0.576726  -0.670736   0.466369   -0.15259
 -0.551013   0.740848   0.384094 -0.0589796
 -0.603135 -0.0354586  -0.796851    1.49251
         0          0          0          1

  -0.58542  -0.665955   0.462371   -0.16326
 -0.543784   0.745543   0.385311 -0.0538979
 -0.601318 -0.0258609  -0.798591    1.49605
         0          0          0          1

  -0.59294  -0.656301   0.466573  -0.181146
 -0.533887   0.754167   0.382358  -0.043702
 -0.602816 -0.0223818  -0.797567    1.49021
         0          0          0          1

 -0.599311  -0.646977   0.471431  -0.186442
 -0.526901   0.762163   0.376141 -0.0342711
 -0.602662 -0.0229723  -0.797666    1.48593
         0          0          0          1

 -0.604958  -0.641746   0.471368  -0.193734
 -0.521105   0.766688   0.375019 -0.0288432
 -0.602059 -0.0187617  -0.798231    1.48492
         0          0          0          1

  -0.60812  -0.637704   0.472784  -0.200506
 -0.517165   0.770086   0.373507  -0.024658
 -0.602271 -0.0173702  -0.798103    1.48315
         0          0          0          1

 -0.609275  -0.633744   0.476605  -0.206154
 -0.514574   0.773296   0.370442 -0.0200758
 -0.603322 -0.0195479  -0.797258    1.47807
         0          0          0          1

 -0.610425  -0.633473   0.475493  -0.213441
 -0.512493   0.773596   0.372694 -0.0193954
 -0.603931 -0.0161859  -0.796872    1.47749
         0          0          0          1

  -0.61681  -0.626292   0.476765  -0.222075
 -0.504549   0.779503   0.371222 -0.0110812
 -0.604133 -0.0115773    -0.7968    1.47373
         0          0          0          1

  -0.619255   -0.622403    0.478684   -0.224852
  -0.499262    0.782648    0.371753  -0.0059833
  -0.606021 -0.00877858     -0.7954     1.47105
          0           0           0           1

  -0.617269   -0.623715     0.47954   -0.229498
  -0.496916    0.781632    0.376995 -0.00548242
  -0.609962 -0.00558371   -0.792411     1.46905
          0           0           0           1

  -0.618048   -0.621293    0.481676   -0.231619
  -0.495744    0.783544    0.374561 -0.00194634
  -0.610126 -0.00729126   -0.792271     1.46319
          0           0           0           1

  -0.620859   -0.618081    0.482193     -0.2352
  -0.489755    0.786112    0.377053  0.00436252
  -0.612107 -0.00205995   -0.790772     1.45957
          0           0           0           1

  -0.621802   -0.616446     0.48307   -0.235261
  -0.488099    0.787395    0.376522  0.00810953
  -0.612472 -0.00166417    -0.79049     1.45475
          0           0           0           1

  -0.621479   -0.615447    0.484757    -0.23661
  -0.486638    0.788177    0.376777   0.0113194
   -0.61396 -0.00174232   -0.789335     1.44964
          0           0           0           1

   -0.619279    -0.617357     0.485143    -0.240162
   -0.486675     0.786683     0.379839   0.00964658
    -0.61615 -0.000880224    -0.787628      1.44622
           0            0            0            1

  -0.619111   -0.616308    0.486689    -0.23997
  -0.484724    0.787505    0.380629   0.0133572
  -0.617854 -0.00025855   -0.786292     1.44195
          0           0           0           1

  -0.619877   -0.614293    0.488259   -0.239573
  -0.482323    0.789078    0.380421   0.0172991
  -0.618964 0.000315172   -0.785419     1.43862
          0           0           0           1

 -0.620993  -0.611456   0.490397  -0.237224
  -0.47869   0.791277   0.380442  0.0253368
 -0.620664 0.00150409  -0.784076     1.4305
         0          0          0          1

  -0.620784   -0.607874    0.495092   -0.235966
  -0.477162     0.79403    0.376607   0.0294536
  -0.622048 -0.00244731   -0.782976     1.42408
          0           0           0           1

 -0.618221  -0.606221   0.500299  -0.237532
 -0.476913   0.795264   0.374311  0.0293686
 -0.624785 -0.0071923  -0.780764    1.41965
         0          0          0          1

  -0.619486   -0.603306    0.502253   -0.238241
   -0.47564     0.79746    0.371248   0.0310693
  -0.624503 -0.00890858   -0.780972      1.4196
          0           0           0           1

 -0.620081   -0.60025   0.505173  -0.239508
 -0.473682   0.799743   0.368832  0.0328975
   -0.6254 -0.0105862  -0.780233    1.41869
         0          0          0          1

 -0.618487  -0.600625   0.506678  -0.241177
 -0.475284   0.799416   0.367477  0.0329283
 -0.625762 -0.0135365  -0.779896    1.41656
         0          0          0          1

 -0.619595  -0.599262   0.506939  -0.241538
 -0.475391   0.800417   0.365151  0.0339713
 -0.624584 -0.0147483  -0.780818    1.41711
         0          0          0          1

 -0.617286  -0.603184     0.5051  -0.243419
 -0.477664   0.797483   0.368589  0.0316085
 -0.625136 -0.0137434  -0.780395    1.41789
         0          0          0          1

 -0.617774  -0.604035   0.503485  -0.241895
 -0.479826   0.796822   0.367208  0.0351473
 -0.622994 -0.0147332  -0.782088    1.41628
         0          0          0          1

 -0.619491  -0.604658   0.500619  -0.240982
 -0.480619   0.796377   0.367138  0.0364563
 -0.620674 -0.0131685  -0.783958    1.41724
         0          0          0          1

 -0.620687  -0.606091   0.497395  -0.240077
 -0.481143   0.795327   0.368723  0.0375189
 -0.619071 -0.0104564  -0.785266    1.41841
         0          0          0          1

  -0.620361   -0.609263    0.493915   -0.240205
  -0.483895    0.792914    0.370315   0.0369617
  -0.617251 -0.00927395   -0.786712     1.41849
          0           0           0           1

  -0.619702   -0.614257    0.488527   -0.241133
  -0.486646    0.789087    0.374856   0.0358929
  -0.615748 -0.00544103   -0.787924     1.42022
          0           0           0           1

  -0.618136   -0.618163    0.485575   -0.240984
   -0.48947    0.786039    0.377574   0.0356362
  -0.615083 -0.00428212   -0.788451     1.41983
          0           0           0           1

   -0.618162    -0.624732     0.477059    -0.241046
     -0.4946     0.780839     0.381656    0.0355809
   -0.610939 -2.85009e-05    -0.791678      1.42174
           0            0            0            1

 -0.618292  -0.626047   0.475164  -0.241192
 -0.494635   0.779782   0.383765  0.0360938
  -0.61078 0.00224614  -0.791797     1.4231
         0          0          0          1

  -0.620147   -0.622718    0.477115   -0.240036
  -0.493449    0.782446    0.379851   0.0397043
  -0.609857 0.000131841   -0.792511     1.42497
          0           0           0           1

   -0.619297    -0.623772     0.476844    -0.240906
   -0.494908     0.781606     0.379681    0.0396655
   -0.609539 -0.000858683    -0.792756      1.42788
           0            0            0            1

-0.621487  -0.61725  0.482448 -0.239767
-0.492763  0.786739  0.371789 0.0466327
-0.609047  -0.00667 -0.793106    1.4345
        0         0         0         1

 -0.618736  -0.616573    0.48683  -0.240697
 -0.493839   0.787208    0.36936  0.0462424
 -0.610973 -0.0118796  -0.791562    1.43539
         0          0          0          1

 -0.619703  -0.613483   0.489497  -0.239392
 -0.491233   0.789608   0.367709   0.050179
 -0.612094 -0.0125868  -0.790685    1.44258
         0          0          0          1

 -0.620336   -0.60925   0.493962  -0.236871
 -0.490165   0.792787   0.362253  0.0558398
 -0.612309 -0.0174044  -0.790427    1.44577
         0          0          0          1

 -0.617518   -0.60901   0.497774  -0.239581
 -0.491409   0.792856   0.360411  0.0549707
 -0.614157 -0.0220501  -0.788876    1.45031
         0          0          0          1

 -0.614868  -0.606557   0.504011  -0.239534
 -0.492485   0.794484   0.355323  0.0571568
 -0.615952 -0.0297412  -0.787222    1.45331
         0          0          0          1

 -0.610911  -0.604046   0.511777  -0.240206
 -0.497498   0.795754   0.345355  0.0616336
 -0.615859 -0.0436268  -0.786647     1.4651
         0          0          0          1

 -0.608806  -0.602055   0.516609  -0.239648
 -0.497169   0.797007   0.342934  0.0667591
 -0.618206 -0.0480616  -0.784545    1.47141
         0          0          0          1

 -0.609216  -0.599983   0.518532  -0.240253
 -0.498686   0.798267    0.33776  0.0707311
 -0.616578 -0.0528157   -0.78552    1.47775
         0          0          0          1

 -0.611548  -0.596196   0.520153  -0.238684
  -0.49946   0.800769   0.330617  0.0778262
 -0.613635 -0.0576078  -0.787485    1.48423
         0          0          0          1

 -0.614217  -0.595723   0.517543  -0.240342
 -0.499495   0.801225    0.32946  0.0823748
 -0.610936 -0.0561504  -0.789687    1.49695
         0          0          0          1

 -0.620013  -0.590533   0.516579  -0.237604
 -0.498065    0.80497   0.322419  0.0934677
  -0.60623 -0.0573861  -0.793216     1.5043
         0          0          0          1

 -0.626064  -0.590653   0.509089  -0.243827
 -0.500031   0.805065   0.319124   0.102384
 -0.598342 -0.0547678  -0.799367    1.52797
         0          0          0          1

-0.627546 -0.590376  0.507585 -0.245794
-0.502294  0.805112  0.315429  0.108587
-0.594885  -0.05701 -0.801787   1.53462
        0         0         0         1

 -0.631551  -0.588611   0.504659  -0.248052
 -0.503554   0.806321   0.310288   0.117916
 -0.589556 -0.0581603  -0.805631    1.54518
         0          0          0          1

 -0.629302  -0.593877   0.501288  -0.257623
 -0.509394   0.802345   0.311063   0.115645
 -0.586939 -0.0596004  -0.807434    1.55323
         0          0          0          1

 -0.639255  -0.588623   0.494849  -0.260644
 -0.508482   0.806294   0.302219   0.134678
 -0.576887 -0.0584264  -0.814732    1.58144
         0          0          0          1

 -0.651306   -0.57763   0.492082  -0.258588
 -0.504989   0.813978   0.287098   0.152004
  -0.56638 -0.0615071  -0.821846    1.59525
         0          0          0          1

 -0.655465  -0.578683   0.485275  -0.267319
 -0.505907   0.813521   0.286779   0.155231
 -0.560735 -0.0575303  -0.825994     1.6146
         0          0          0          1

 -0.662019  -0.573714   0.482268  -0.271186
 -0.503877   0.817038    0.28028    0.16538
 -0.554832 -0.0574525  -0.829976    1.63042
         0          0          0          1

 -0.669715  -0.563232   0.483996  -0.273249
 -0.502439   0.823584    0.26318   0.182534
 -0.546843 -0.0669233  -0.834556    1.63782
         0          0          0          1

-0.671593 -0.565659  0.478531 -0.284164
-0.507301  0.821788  0.259442  0.185844
-0.540007  -0.06852 -0.838867   1.65264
        0         0         0         1

   -0.6834  -0.559337   0.469154  -0.296551
 -0.508505   0.825813   0.243834   0.208262
 -0.523819 -0.0719311  -0.848787    1.68778
         0          0          0          1

 -0.694802  -0.551949   0.461089  -0.298639
 -0.503954   0.831034   0.235398   0.222752
 -0.513108 -0.0688126  -0.855561    1.70799
         0          0          0          1

 -0.703958  -0.547497   0.452427  -0.304599
  -0.50061   0.834353   0.230749    0.23613
 -0.503818 -0.0640515  -0.861432    1.72969
         0          0          0          1

 -0.715593  -0.537384   0.446257  -0.308001
  -0.49406   0.841004   0.220492    0.25238
 -0.493793 -0.0626954  -0.867317    1.74844
         0          0          0          1

 -0.730407  -0.523214   0.439036  -0.322565
 -0.487962   0.849506   0.200581   0.284024
 -0.477911 -0.0677277  -0.875794    1.77809
         0          0          0          1

 -0.743091  -0.518604   0.422926   -0.32793
 -0.484886   0.852832   0.193812   0.298221
 -0.461196 -0.0610505  -0.885195    1.80416
         0          0          0          1

 -0.753136  -0.512067   0.413005  -0.331978
 -0.479984   0.857042   0.187335   0.313298
  -0.44989 -0.0571469  -0.891254    1.82651
         0          0          0          1

 -0.761291  -0.504058   0.407874  -0.337029
 -0.473578   0.861905   0.181229   0.333031
 -0.442899 -0.0551924  -0.894871    1.84566
         0          0          0          1

 -0.775237   -0.49327   0.394579  -0.338611
 -0.466932   0.868196   0.167955   0.354115
  -0.42542 -0.0540366  -0.903382    1.86922
         0          0          0          1

 -0.784557  -0.480479   0.391931   -0.34165
 -0.458602   0.875064   0.154746   0.375149
 -0.417317 -0.0583332  -0.906887    1.88534
         0          0          0          1

 -0.804309  -0.464171   0.370988  -0.349751
 -0.447132   0.883974   0.136614    0.41157
 -0.391356 -0.0560006  -0.918534    1.93029
         0          0          0          1

 -0.807255  -0.462785   0.366292  -0.358295
 -0.446691     0.8847   0.133315   0.424097
 -0.385754 -0.0559999    -0.9209    1.95124
         0          0          0          1

-0.821574 -0.446581  0.354375 -0.355175
-0.434339  0.892944  0.118323  0.447794
-0.369278 -0.056708 -0.927587   1.97516
        0         0         0         1

 -0.827688  -0.447063   0.339216  -0.364657
 -0.433304    0.89323   0.119951   0.457801
 -0.356624 -0.0477018   -0.93303    2.00805
         0          0          0          1

 -0.851762   -0.41609   0.318386  -0.357948
 -0.410553   0.907601  0.0877882   0.515665
 -0.325495 -0.0559397  -0.943887    2.04719
         0          0          0          1

  -0.87141  -0.382898    0.30665  -0.344544
 -0.384298   0.921361  0.0583912   0.556519
 -0.304893 -0.0669621   -0.95003    2.06099
         0          0          0          1

 -0.878746  -0.371628   0.299497  -0.344597
 -0.373896   0.926012  0.0519944   0.581786
  -0.29666 -0.0662909  -0.952679    2.08106
         0          0          0          1

 -0.889459  -0.352673   0.290661  -0.339919
 -0.359367    0.93265  0.0319215   0.614277
 -0.282343 -0.0760611  -0.956293    2.09276
         0          0          0          1

 -0.902159  -0.341583   0.263495  -0.329004
 -0.346702   0.937547  0.0283496   0.635103
 -0.256723 -0.0657783  -0.964244    2.13543
         0          0          0          1

 -0.911965  -0.326318   0.248668  -0.327349
 -0.332627   0.942897  0.0174506   0.664523
 -0.240163 -0.0667994  -0.968432    2.15345
         0          0          0          1

 -0.937527  -0.268213   0.221596   -0.28848
 -0.278512   0.960299 -0.0160133    0.74128
 -0.208503   -0.07673  -0.975007    2.18716
         0          0          0          1

 -0.946731  -0.249753   0.203283  -0.277198
 -0.258385   0.965899 -0.0166496   0.767817
 -0.192193 -0.0682881  -0.978978    2.22119
         0          0          0          1

 -0.956239  -0.233119   0.176813  -0.261375
 -0.239186    0.97088 -0.0135097   0.790299
 -0.168515 -0.0552099  -0.984152    2.26136
         0          0          0          1

 -0.967676  -0.199904   0.153758  -0.235075
 -0.209109   0.976807 -0.0460599   0.839924
 -0.140985 -0.0767233  -0.987034    2.26005
         0          0          0          1

 -0.982423  -0.145378   0.117088  -0.184555
 -0.154123    0.98561 -0.0694138   0.923854
 -0.105312 -0.0862397  -0.990693    2.29583
         0          0          0          1

 -0.990328  -0.103238  0.0926995  -0.143529
  -0.11139   0.989913 -0.0875499   0.975375
-0.0827259 -0.0970289  -0.991838    2.30248
         0          0          0          1

  -0.99092   -0.10573  0.0830591  -0.148977
  -0.11192   0.990975 -0.0737772   0.983041
 -0.074509 -0.0824033   -0.99381    2.32848
         0          0          0          1

 -0.993585 -0.0891482  0.0695793  -0.144617
-0.0943195   0.992716  -0.074959    1.00817
  -0.06239 -0.0810408  -0.994756    2.33891
         0          0          0          1

