 0.0348155  -0.565698   0.823877    1.54471
 -0.976412  -0.195028 -0.0926504    1.12704
  0.213091  -0.801218  -0.559145    1.72724
         0          0          0          1

 0.0587803   -0.56974    0.81972     1.5489
 -0.972773  -0.217094 -0.0811344    1.10723
  0.224182  -0.792632  -0.566989    1.74297
         0          0          0          1

 0.0587803   -0.56974    0.81972     1.5489
 -0.972773  -0.217094 -0.0811344    1.10723
  0.224182  -0.792632  -0.566989    1.74297
         0          0          0          1

  0.117941  -0.571463   0.812108    1.53184
 -0.964251  -0.261335 -0.0438586    1.09391
  0.237296  -0.777904  -0.581856    1.75113
         0          0          0          1

  0.117941  -0.571463   0.812108    1.53184
 -0.964251  -0.261335 -0.0438586    1.09391
  0.237296  -0.777904  -0.581856    1.75113
         0          0          0          1

   0.178665   -0.587707    0.789101     1.54744
  -0.955193   -0.295955 -0.00415084     1.06142
   0.235977   -0.753002    -0.61425     1.76384
          0           0           0           1

   0.178665   -0.587707    0.789101     1.54744
  -0.955193   -0.295955 -0.00415084     1.06142
   0.235977   -0.753002    -0.61425     1.76384
          0           0           0           1

 0.217303   -0.5804  0.784803   1.55181
 -0.94391 -0.329738 0.0175002   1.04561
 0.248622 -0.744586 -0.619498   1.76333
        0         0         0         1

 0.217303   -0.5804  0.784803   1.55181
 -0.94391 -0.329738 0.0175002   1.04561
 0.248622 -0.744586 -0.619498   1.76333
        0         0         0         1

 0.244579 -0.567395  0.786285   1.55668
-0.933081 -0.358267 0.0317106   1.01851
 0.263707 -0.741423  -0.61705    1.7747
        0         0         0         1

 0.244579 -0.567395  0.786285   1.55668
-0.933081 -0.358267 0.0317106   1.01851
 0.263707 -0.741423  -0.61705    1.7747
        0         0         0         1

 0.252248 -0.566519  0.784492   1.56172
-0.924444 -0.380661 0.0223559   1.00554
  0.28596 -0.730858 -0.619736   1.76562
        0         0         0         1

 0.252248 -0.566519  0.784492   1.56172
-0.924444 -0.380661 0.0223559   1.00554
  0.28596 -0.730858 -0.619736   1.76562
        0         0         0         1

 0.265064 -0.555058  0.788449   1.56449
-0.917756  -0.39603 0.0297345  0.987475
 0.295745 -0.731485 -0.614381   1.77402
        0         0         0         1

 0.265064 -0.555058  0.788449   1.56449
-0.917756  -0.39603 0.0297345  0.987475
 0.295745 -0.731485 -0.614381   1.77402
        0         0         0         1

 0.289044 -0.545134  0.786945   1.57646
-0.912719 -0.404902 0.0547557  0.953132
 0.288787 -0.734086 -0.614589   1.79468
        0         0         0         1

 0.289044 -0.545134  0.786945   1.57646
-0.912719 -0.404902 0.0547557  0.953132
 0.288787 -0.734086 -0.614589   1.79468
        0         0         0         1

 0.311441 -0.537704  0.783504   1.57838
 -0.90153 -0.427848 0.0647327  0.942003
 0.300414 -0.726513 -0.618005   1.78305
        0         0         0         1

 0.311441 -0.537704  0.783504   1.57838
 -0.90153 -0.427848 0.0647327  0.942003
 0.300414 -0.726513 -0.618005   1.78305
        0         0         0         1

  0.32893 -0.532693  0.779771    1.5924
-0.892567 -0.445053  0.072477  0.915033
 0.308431 -0.719838 -0.621855   1.77797
        0         0         0         1

  0.32893 -0.532693  0.779771    1.5924
-0.892567 -0.445053  0.072477  0.915033
 0.308431 -0.719838 -0.621855   1.77797
        0         0         0         1

 0.350596 -0.516681  0.781104   1.58819
-0.881423 -0.463913 0.0887564  0.901455
 0.316506   -0.7196 -0.618061   1.77824
        0         0         0         1

 0.350596 -0.516681  0.781104   1.58819
-0.881423 -0.463913 0.0887564  0.901455
 0.316506   -0.7196 -0.618061   1.77824
        0         0         0         1

 0.361406 -0.508754   0.78138   1.59615
-0.877081 -0.469875  0.099735  0.884186
 0.316411 -0.721378 -0.616034   1.77994
        0         0         0         1

 0.361406 -0.508754   0.78138   1.59615
-0.877081 -0.469875  0.099735  0.884186
 0.316411 -0.721378 -0.616034   1.77994
        0         0         0         1

  0.38317 -0.507709  0.771629   1.61409
-0.872139  -0.47401  0.121196  0.854334
 0.304228 -0.719406  -0.62442   1.77717
        0         0         0         1

  0.38317 -0.507709  0.771629   1.61409
-0.872139  -0.47401  0.121196  0.854334
 0.304228 -0.719406  -0.62442   1.77717
        0         0         0         1

 0.411026  -0.50589  0.758375   1.61595
-0.864004 -0.481529  0.147061  0.839335
 0.290783 -0.715685 -0.635012   1.77304
        0         0         0         1

 0.411026  -0.50589  0.758375   1.61595
-0.864004 -0.481529  0.147061  0.839335
 0.290783 -0.715685 -0.635012   1.77304
        0         0         0         1

 0.436958 -0.496487  0.750046    1.6224
-0.857763 -0.481006  0.181314   0.81214
 0.270757 -0.722588 -0.636048   1.77358
        0         0         0         1

 0.436958 -0.496487  0.750046    1.6224
-0.857763 -0.481006  0.181314   0.81214
 0.270757 -0.722588 -0.636048   1.77358
        0         0         0         1

 0.437271 -0.500512  0.747183   1.63707
-0.858426 -0.480003  0.180835  0.791522
  0.26814 -0.720475 -0.639544   1.76655
        0         0         0         1

 0.437271 -0.500512  0.747183   1.63707
-0.858426 -0.480003  0.180835  0.791522
  0.26814 -0.720475 -0.639544   1.76655
        0         0         0         1

 0.433397 -0.492886  0.754474   1.64244
-0.856638  -0.48532  0.175032  0.777346
  0.27989 -0.722169 -0.632561   1.75919
        0         0         0         1

 0.433397 -0.492886  0.754474   1.64244
-0.856638  -0.48532  0.175032  0.777346
  0.27989 -0.722169 -0.632561   1.75919
        0         0         0         1

 0.418841  -0.48878  0.765289   1.65376
-0.860936 -0.481715  0.163524  0.750491
 0.288724 -0.727355  -0.62257    1.7592
        0         0         0         1

 0.418841  -0.48878  0.765289   1.65376
-0.860936 -0.481715  0.163524  0.750491
 0.288724 -0.727355  -0.62257    1.7592
        0         0         0         1

 0.411957 -0.490953   0.76763    1.6553
-0.862755   -0.4812  0.155245   0.73557
 0.293166 -0.726231 -0.621806    1.7534
        0         0         0         1

 0.411957 -0.490953   0.76763    1.6553
-0.862755   -0.4812  0.155245   0.73557
 0.293166 -0.726231 -0.621806    1.7534
        0         0         0         1

 0.412342 -0.494403  0.765206   1.66174
-0.864247 -0.477978  0.156888  0.709752
 0.288186 -0.726019 -0.624376   1.74487
        0         0         0         1

 0.412342 -0.494403  0.765206   1.66174
-0.864247 -0.477978  0.156888  0.709752
 0.288186 -0.726019 -0.624376   1.74487
        0         0         0         1

 0.412636 -0.492455  0.766303   1.66277
-0.865043 -0.475402  0.160295  0.692642
 0.285364 -0.729028 -0.622162   1.74214
        0         0         0         1

 0.412636 -0.492455  0.766303   1.66277
-0.865043 -0.475402  0.160295  0.692642
 0.285364 -0.729028 -0.622162   1.74214
        0         0         0         1

 0.406643 -0.489811  0.771185   1.66483
-0.867771 -0.471047  0.158391  0.678384
 0.285683 -0.733621 -0.616592   1.73959
        0         0         0         1

 0.406643 -0.489811  0.771185   1.66483
-0.867771 -0.471047  0.158391  0.678384
 0.285683 -0.733621 -0.616592   1.73959
        0         0         0         1

 0.399881 -0.488629  0.775459   1.67237
-0.869801 -0.469099  0.152944    0.6575
 0.289034 -0.735655 -0.612594   1.71715
        0         0         0         1

 0.399881 -0.488629  0.775459   1.67237
-0.869801 -0.469099  0.152944    0.6575
 0.289034 -0.735655 -0.612594   1.71715
        0         0         0         1

 0.380029  -0.48689  0.786458   1.67891
-0.881401 -0.448505  0.148241  0.640278
 0.280553 -0.749521 -0.599591   1.70774
        0         0         0         1

 0.380029  -0.48689  0.786458   1.67891
-0.881401 -0.448505  0.148241  0.640278
 0.280553 -0.749521 -0.599591   1.70774
        0         0         0         1

 0.364908  -0.48669   0.79371   1.68724
-0.898096  -0.40878  0.162242  0.613461
 0.245491 -0.772031 -0.586261   1.69771
        0         0         0         1

 0.364908  -0.48669   0.79371   1.68724
-0.898096  -0.40878  0.162242  0.613461
 0.245491 -0.772031 -0.586261   1.69771
        0         0         0         1

 0.359208 -0.488843  0.794986   1.69619
-0.907369 -0.382183  0.174981  0.596423
 0.218292   -0.7842 -0.580844   1.68104
        0         0         0         1

 0.359208 -0.488843  0.794986   1.69619
-0.907369 -0.382183  0.174981  0.596423
 0.218292   -0.7842 -0.580844   1.68104
        0         0         0         1

 0.357014 -0.488697  0.796063   1.69713
-0.913338 -0.361308  0.187805  0.583719
 0.195844 -0.794123 -0.575338   1.66311
        0         0         0         1

 0.357014 -0.488697  0.796063   1.69713
-0.913338 -0.361308  0.187805  0.583719
 0.195844 -0.794123 -0.575338   1.66311
        0         0         0         1

 0.349554 -0.489888  0.798638     1.703
-0.923598 -0.323386  0.205882  0.562111
 0.157409 -0.809587   -0.5655   1.64037
        0         0         0         1

 0.349554 -0.489888  0.798638     1.703
-0.923598 -0.323386  0.205882  0.562111
 0.157409 -0.809587   -0.5655   1.64037
        0         0         0         1

 0.343567 -0.499313  0.795392   1.70847
-0.930647 -0.294587  0.217061  0.547372
 0.125931 -0.814803 -0.565895   1.62528
        0         0         0         1

 0.343567 -0.499313  0.795392   1.70847
-0.930647 -0.294587  0.217061  0.547372
 0.125931 -0.814803 -0.565895   1.62528
        0         0         0         1

 0.341196 -0.513541  0.787312   1.71282
-0.937724 -0.244104  0.247158  0.525729
0.0652605 -0.822611 -0.564847   1.60869
        0         0         0         1

 0.341196 -0.513541  0.787312   1.71282
-0.937724 -0.244104  0.247158  0.525729
0.0652605 -0.822611 -0.564847   1.60869
        0         0         0         1

 0.324453  -0.53165  0.782354   1.72282
-0.945587 -0.203631   0.25377  0.510841
 0.024395 -0.822121  -0.56879   1.58959
        0         0         0         1

 0.324453  -0.53165  0.782354   1.72282
-0.945587 -0.203631   0.25377  0.510841
 0.024395 -0.822121  -0.56879   1.58959
        0         0         0         1

 0.319582  -0.54738  0.773461   1.72538
-0.947452 -0.172326  0.269516  0.499736
 -0.01424  -0.81895 -0.573688   1.57031
        0         0         0         1

 0.319582  -0.54738  0.773461   1.72538
-0.947452 -0.172326  0.269516  0.499736
 -0.01424  -0.81895 -0.573688   1.57031
        0         0         0         1

 0.299714 -0.576564  0.760095   1.73654
-0.951507  -0.12276  0.282072  0.481425
-0.069323 -0.807777 -0.585398    1.5424
        0         0         0         1

 0.299714 -0.576564  0.760095   1.73654
-0.951507  -0.12276  0.282072  0.481425
-0.069323 -0.807777 -0.585398    1.5424
        0         0         0         1

 0.287514 -0.588589  0.755578    1.7394
-0.952412 -0.092325  0.290494  0.470965
-0.101223 -0.803143 -0.587124   1.52614
        0         0         0         1

 0.287514 -0.588589  0.755578    1.7394
-0.952412 -0.092325  0.290494  0.470965
-0.101223 -0.803143 -0.587124   1.52614
        0         0         0         1

  0.258409   -0.60502   0.753111    1.75068
 -0.955161 -0.0433741   0.292892    0.45253
  -0.14454  -0.795028    -0.5891    1.50103
         0          0          0          1

  0.258409   -0.60502   0.753111    1.75068
 -0.955161 -0.0433741   0.292892    0.45253
  -0.14454  -0.795028    -0.5891    1.50103
         0          0          0          1

  0.244121  -0.616346   0.748681    1.75464
 -0.953385 -0.0113243   0.301545   0.444722
 -0.177378  -0.787394  -0.590379    1.48472
         0          0          0          1

  0.244121  -0.616346   0.748681    1.75464
 -0.953385 -0.0113243   0.301545   0.444722
 -0.177378  -0.787394  -0.590379    1.48472
         0          0          0          1

 0.232213 -0.624471   0.74573   1.75648
-0.950488 0.0170992  0.310291  0.437785
-0.206519 -0.780861 -0.589582   1.46881
        0         0         0         1

 0.232213 -0.624471   0.74573   1.75648
-0.950488 0.0170992  0.310291  0.437785
-0.206519 -0.780861 -0.589582   1.46881
        0         0         0         1

 0.200653 -0.634883  0.746098   1.76841
-0.948347 0.0651415  0.310476  0.424089
-0.245718 -0.769857 -0.589018   1.44659
        0         0         0         1

 0.200653 -0.634883  0.746098   1.76841
-0.948347 0.0651415  0.310476  0.424089
-0.245718 -0.769857 -0.589018   1.44659
        0         0         0         1

 0.181037 -0.638751  0.747812   1.77385
-0.946308 0.0939263  0.309319  0.416501
-0.267817 -0.763659 -0.587451   1.43213
        0         0         0         1

 0.181037 -0.638751  0.747812   1.77385
-0.946308 0.0939263  0.309319  0.416501
-0.267817 -0.763659 -0.587451   1.43213
        0         0         0         1

 0.151213 -0.642649  0.751091   1.78289
-0.945915  0.126549  0.298714  0.407153
-0.287018 -0.755638 -0.588755   1.40735
        0         0         0         1

 0.151213 -0.642649  0.751091   1.78289
-0.945915  0.126549  0.298714  0.407153
-0.287018 -0.755638 -0.588755   1.40735
        0         0         0         1

  0.13988 -0.639001   0.75638   1.78504
-0.942919  0.147192  0.298727  0.403426
 -0.30222 -0.754991 -0.581937   1.40087
        0         0         0         1

  0.13988 -0.639001   0.75638   1.78504
-0.942919  0.147192  0.298727  0.403426
 -0.30222 -0.754991 -0.581937   1.40087
        0         0         0         1

 0.133459 -0.644354  0.752992   1.78695
-0.938368  0.162274  0.305177  0.401179
-0.318833 -0.747312 -0.582984   1.38819
        0         0         0         1

 0.133459 -0.644354  0.752992   1.78695
-0.938368  0.162274  0.305177  0.401179
-0.318833 -0.747312 -0.582984   1.38819
        0         0         0         1

 0.114054 -0.649942  0.751377   1.79739
-0.932887  0.190014  0.305969  0.392532
-0.341634 -0.735846  -0.58465   1.37363
        0         0         0         1

 0.114054 -0.649942  0.751377   1.79739
-0.932887  0.190014  0.305969  0.392532
-0.341634 -0.735846  -0.58465   1.37363
        0         0         0         1

  0.10581 -0.649555  0.752916    1.8017
-0.931339  0.200583  0.303931  0.388939
-0.348442 -0.733379 -0.583733   1.36416
        0         0         0         1

  0.10581 -0.649555  0.752916    1.8017
-0.931339  0.200583  0.303931  0.388939
-0.348442 -0.733379 -0.583733   1.36416
        0         0         0         1

0.0988764 -0.650227  0.753279   1.80758
-0.928186  0.212635   0.30538  0.384876
-0.358739 -0.729378 -0.582507   1.35344
        0         0         0         1

0.0988764 -0.650227  0.753279   1.80758
-0.928186  0.212635   0.30538  0.384876
-0.358739 -0.729378 -0.582507   1.35344
        0         0         0         1

0.0940331 -0.651373  0.752908   1.81354
-0.923825  0.224797  0.309861  0.380697
-0.371086 -0.724693 -0.580617   1.34719
        0         0         0         1

0.0940331 -0.651373  0.752908   1.81354
-0.923825  0.224797  0.309861  0.380697
-0.371086 -0.724693 -0.580617   1.34719
        0         0         0         1

0.0941672 -0.655683  0.749141   1.81574
 -0.91883  0.232442  0.318941  0.378196
-0.383256 -0.718367 -0.580572   1.33896
        0         0         0         1

0.0941672 -0.655683  0.749141   1.81574
 -0.91883  0.232442  0.318941  0.378196
-0.383256 -0.718367 -0.580572   1.33896
        0         0         0         1

 0.081333 -0.652612  0.753314   1.82635
-0.916933  0.247259  0.313204  0.371472
-0.390665 -0.716213 -0.578291   1.32842
        0         0         0         1

 0.081333 -0.652612  0.753314   1.82635
-0.916933  0.247259  0.313204  0.371472
-0.390665 -0.716213 -0.578291   1.32842
        0         0         0         1

0.0812979 -0.650335  0.755285   1.82577
 -0.91651  0.249006  0.313057  0.371654
-0.391662 -0.717678 -0.575795   1.32252
        0         0         0         1

0.0812979 -0.650335  0.755285   1.82577
 -0.91651  0.249006  0.313057  0.371654
-0.391662 -0.717678 -0.575795   1.32252
        0         0         0         1

0.0807237  -0.64617  0.758912   1.82979
-0.913528  0.256588   0.31564  0.370268
-0.398685 -0.718767 -0.569582   1.31285
        0         0         0         1

0.0807237  -0.64617  0.758912   1.82979
-0.913528  0.256588   0.31564  0.370268
-0.398685 -0.718767 -0.569582   1.31285
        0         0         0         1

0.0791008 -0.638594  0.765467   1.83421
-0.910285  0.266739  0.316593  0.366708
-0.406354 -0.721836 -0.560204    1.3109
        0         0         0         1

0.0791008 -0.638594  0.765467   1.83421
-0.910285  0.266739  0.316593  0.366708
-0.406354 -0.721836 -0.560204    1.3109
        0         0         0         1

0.0758166 -0.634637  0.769083   1.83869
-0.908435   0.27403   0.31568  0.364051
-0.411094 -0.722595  -0.55575   1.30567
        0         0         0         1

0.0758166 -0.634637  0.769083   1.83869
-0.908435   0.27403   0.31568  0.364051
-0.411094 -0.722595  -0.55575   1.30567
        0         0         0         1

0.0756705 -0.634818  0.768948   1.83859
 -0.90651  0.277424  0.318239  0.364131
-0.415348  -0.72114 -0.554476   1.29888
        0         0         0         1

0.0756705 -0.634818  0.768948   1.83859
 -0.90651  0.277424  0.318239  0.364131
-0.415348  -0.72114 -0.554476   1.29888
        0         0         0         1

0.0784144  -0.63425  0.769141   1.83879
-0.905108   0.27811  0.321612  0.363705
-0.417888 -0.721375 -0.552257   1.29765
        0         0         0         1

0.0784144  -0.63425  0.769141   1.83879
-0.905108   0.27811  0.321612  0.363705
-0.417888 -0.721375 -0.552257   1.29765
        0         0         0         1

0.0822227 -0.623726  0.777306   1.84084
-0.904545  0.280715  0.320933  0.360833
-0.418376 -0.729496 -0.541107   1.29478
        0         0         0         1

0.0822227 -0.623726  0.777306   1.84084
-0.904545  0.280715  0.320933  0.360833
-0.418376 -0.729496 -0.541107   1.29478
        0         0         0         1

0.0889634  -0.61643  0.782368   1.84044
-0.903848  0.280073  0.323447  0.360601
-0.418503 -0.735917 -0.532243   1.29172
        0         0         0         1

0.0889634  -0.61643  0.782368   1.84044
-0.903848  0.280073  0.323447  0.360601
-0.418503 -0.735917 -0.532243   1.29172
        0         0         0         1

0.0954405 -0.618611  0.779879   1.83962
-0.901218  0.279008  0.331603  0.360766
-0.422726 -0.734489 -0.530875   1.28929
        0         0         0         1

0.0954405 -0.618611  0.779879   1.83962
-0.901218  0.279008  0.331603  0.360766
-0.422726 -0.734489 -0.530875   1.28929
        0         0         0         1

 0.120523 -0.621441  0.774135    1.8371
-0.891939  0.274549  0.359259  0.363431
-0.435796 -0.733781 -0.521198   1.28925
        0         0         0         1

 0.120523 -0.621441  0.774135    1.8371
-0.891939  0.274549  0.359259  0.363431
-0.435796 -0.733781 -0.521198   1.28925
        0         0         0         1

 0.136856 -0.616962  0.775002   1.83749
 -0.88662   0.27263  0.373601  0.364316
-0.441786 -0.738262 -0.509701   1.28934
        0         0         0         1

 0.136856 -0.616962  0.775002   1.83749
 -0.88662   0.27263  0.373601  0.364316
-0.441786 -0.738262 -0.509701   1.28934
        0         0         0         1

 0.174178 -0.608104  0.774513   1.83586
-0.878393  0.259549  0.401323   0.36718
-0.445071 -0.750229 -0.488947   1.29123
        0         0         0         1

 0.174178 -0.608104  0.774513   1.83586
-0.878393  0.259549  0.401323   0.36718
-0.445071 -0.750229 -0.488947   1.29123
        0         0         0         1

 0.198338 -0.601614  0.773771   1.83642
-0.874373  0.248106   0.41703  0.369252
-0.442869 -0.759278 -0.476827   1.29434
        0         0         0         1

 0.198338 -0.601614  0.773771   1.83642
-0.874373  0.248106   0.41703  0.369252
-0.442869 -0.759278 -0.476827   1.29434
        0         0         0         1

 0.219511 -0.598488  0.770472   1.83463
-0.871702  0.234331  0.430377  0.373322
-0.438121 -0.766094 -0.470265   1.29896
        0         0         0         1

 0.219511 -0.598488  0.770472   1.83463
-0.871702  0.234331  0.430377  0.373322
-0.438121 -0.766094 -0.470265   1.29896
        0         0         0         1

 0.234054 -0.615461  0.752613   1.82568
-0.874054  0.205776  0.440097  0.383029
-0.425732 -0.760831 -0.489783   1.30989
        0         0         0         1

 0.234054 -0.615461  0.752613   1.82568
-0.874054  0.205776  0.440097  0.383029
-0.425732 -0.760831 -0.489783   1.30989
        0         0         0         1

 0.235254  -0.61706  0.750928   1.81864
 -0.87923  0.194191  0.435021  0.388591
-0.414258 -0.762579 -0.496854    1.3172
        0         0         0         1

 0.235254  -0.61706  0.750928   1.81864
 -0.87923  0.194191  0.435021  0.388591
-0.414258 -0.762579 -0.496854    1.3172
        0         0         0         1

 0.228851 -0.602079  0.764936   1.81368
-0.890896  0.187166  0.413853   0.39256
-0.392342 -0.776189 -0.493557    1.3262
        0         0         0         1

 0.228851 -0.602079  0.764936   1.81368
-0.890896  0.187166  0.413853   0.39256
-0.392342 -0.776189 -0.493557    1.3262
        0         0         0         1

 0.202551 -0.590698  0.781056   1.79961
-0.915454     0.169  0.365216  0.402798
-0.347731 -0.788996 -0.506526   1.34114
        0         0         0         1

 0.202551 -0.590698  0.781056   1.79961
-0.915454     0.169  0.365216  0.402798
-0.347731 -0.788996 -0.506526   1.34114
        0         0         0         1

 0.200474 -0.568105  0.798164   1.78929
 -0.92579  0.156673  0.344045  0.408485
-0.320505 -0.807905 -0.494537   1.35429
        0         0         0         1

 0.200474 -0.568105  0.798164   1.78929
 -0.92579  0.156673  0.344045  0.408485
-0.320505 -0.807905 -0.494537   1.35429
        0         0         0         1

 0.208322 -0.549874  0.808852   1.77646
-0.936035  0.127726  0.327909  0.413718
-0.283619 -0.825424 -0.488093   1.37476
        0         0         0         1

 0.208322 -0.549874  0.808852   1.77646
-0.936035  0.127726  0.327909  0.413718
-0.283619 -0.825424 -0.488093   1.37476
        0         0         0         1

 0.214785 -0.533477  0.818089   1.76576
-0.943983  0.101472  0.314007  0.418627
-0.250529 -0.839706 -0.481798   1.38661
        0         0         0         1

 0.214785 -0.533477  0.818089   1.76576
-0.943983  0.101472  0.314007  0.418627
-0.250529 -0.839706 -0.481798   1.38661
        0         0         0         1

 0.216508 -0.506434  0.834655   1.75625
-0.951572 0.0816593  0.296384  0.420865
-0.218256 -0.858404 -0.464228   1.40285
        0         0         0         1

 0.216508 -0.506434  0.834655   1.75625
-0.951572 0.0816593  0.296384  0.420865
-0.218256 -0.858404 -0.464228   1.40285
        0         0         0         1

 0.226295   -0.4814  0.846785   1.73579
-0.956672 0.0536769  0.286177  0.425965
-0.183218 -0.874856 -0.448395   1.42449
        0         0         0         1

 0.226295   -0.4814  0.846785   1.73579
-0.956672 0.0536769  0.286177  0.425965
-0.183218 -0.874856 -0.448395   1.42449
        0         0         0         1

 0.234878 -0.475892  0.847561   1.72312
-0.955918 0.0449898  0.290168  0.426259
 -0.17622 -0.878352 -0.444346   1.44115
        0         0         0         1

 0.234878 -0.475892  0.847561   1.72312
-0.955918 0.0449898  0.290168  0.426259
 -0.17622 -0.878352 -0.444346   1.44115
        0         0         0         1

 0.238862 -0.473285  0.847907    1.7116
-0.958151  0.026995  0.284987  0.421515
-0.157769 -0.880495 -0.447031   1.46044
        0         0         0         1

 0.238862 -0.473285  0.847907    1.7116
-0.958151  0.026995  0.284987  0.421515
-0.157769 -0.880495 -0.447031   1.46044
        0         0         0         1

   0.24909   -0.46923   0.847218    1.69624
 -0.958656 0.00482466   0.284526   0.420649
 -0.137596  -0.883063  -0.448628    1.47463
         0          0          0          1

   0.24909   -0.46923   0.847218    1.69624
 -0.958656 0.00482466   0.284526   0.420649
 -0.137596  -0.883063  -0.448628    1.47463
         0          0          0          1

   0.257691    -0.46343    0.847837     1.68491
  -0.957829 -0.00708039    0.287252    0.416774
  -0.127118   -0.886105   -0.445711     1.49358
          0           0           0           1

   0.257691    -0.46343    0.847837     1.68491
  -0.957829 -0.00708039    0.287252    0.416774
  -0.127118   -0.886105   -0.445711     1.49358
          0           0           0           1

  0.262454  -0.462341    0.84697    1.67019
 -0.958598 -0.0244238   0.283713   0.407442
 -0.110486  -0.886366   -0.44961    1.51686
         0          0          0          1

  0.262454  -0.462341    0.84697    1.67019
 -0.958598 -0.0244238   0.283713   0.407442
 -0.110486  -0.886366   -0.44961    1.51686
         0          0          0          1

  0.268237  -0.460971   0.845905    1.65935
 -0.958311 -0.0379584   0.283195   0.400989
-0.0984357  -0.886603  -0.451936    1.53116
         0          0          0          1

  0.268237  -0.460971   0.845905    1.65935
 -0.958311 -0.0379584   0.283195   0.400989
-0.0984357  -0.886603  -0.451936    1.53116
         0          0          0          1

  0.275263  -0.448117   0.850542    1.64063
 -0.958005 -0.0539091   0.281639   0.389546
-0.0803553  -0.892348  -0.444137     1.5578
         0          0          0          1

  0.275263  -0.448117   0.850542    1.64063
 -0.958005 -0.0539091   0.281639   0.389546
-0.0803553  -0.892348  -0.444137     1.5578
         0          0          0          1

  0.275339  -0.444919   0.852194    1.63008
 -0.958815 -0.0627978   0.277002   0.380303
-0.0697277  -0.893366  -0.443886    1.57264
         0          0          0          1

  0.275339  -0.444919   0.852194    1.63008
 -0.958815 -0.0627978   0.277002   0.380303
-0.0697277  -0.893366  -0.443886    1.57264
         0          0          0          1

  0.283233   -0.44357   0.850309    1.60982
 -0.956917 -0.0715921   0.281397   0.364345
-0.0639436  -0.893376  -0.444737      1.597
         0          0          0          1

  0.283233   -0.44357   0.850309    1.60982
 -0.956917 -0.0715921   0.281397   0.364345
-0.0639436  -0.893376  -0.444737      1.597
         0          0          0          1

  0.287701  -0.445913   0.847579    1.59512
 -0.955758 -0.0770511   0.283884   0.354433
 -0.061281  -0.891754  -0.448353    1.61164
         0          0          0          1

  0.287701  -0.445913   0.847579    1.59512
 -0.955758 -0.0770511   0.283884   0.354433
 -0.061281  -0.891754  -0.448353    1.61164
         0          0          0          1

  0.284379  -0.449951   0.846565    1.58406
 -0.956924 -0.0793122   0.279296   0.341313
-0.0585266  -0.889524  -0.453124    1.62418
         0          0          0          1

  0.284379  -0.449951   0.846565    1.58406
 -0.956924 -0.0793122   0.279296   0.341313
-0.0585266  -0.889524  -0.453124    1.62418
         0          0          0          1

    0.2873   -0.44807   0.846577    1.56044
 -0.956117 -0.0811576   0.281519   0.323288
-0.0574344  -0.890307  -0.451724    1.64529
         0          0          0          1

    0.2873   -0.44807   0.846577    1.56044
 -0.956117 -0.0811576   0.281519   0.323288
-0.0574344  -0.890307  -0.451724    1.64529
         0          0          0          1

  0.29253 -0.446715  0.845501   1.54116
-0.954279 -0.079535  0.288143  0.310763
-0.0614711 -0.891134 -0.449557   1.66032
        0         0         0         1

  0.29253 -0.446715  0.845501   1.54116
-0.954279 -0.079535  0.288143  0.310763
-0.0614711 -0.891134 -0.449557   1.66032
        0         0         0         1

  0.290277   -0.45177    0.84359    1.51909
 -0.954403 -0.0724983   0.289582   0.288961
-0.0696658  -0.889184  -0.452215     1.6781
         0          0          0          1

  0.290277   -0.45177    0.84359    1.51909
 -0.954403 -0.0724983   0.289582   0.288961
-0.0696658  -0.889184  -0.452215     1.6781
         0          0          0          1

  0.287198  -0.454905   0.842958    1.50348
 -0.955034 -0.0683076    0.28852   0.274358
-0.0736685  -0.887916  -0.454068    1.68859
         0          0          0          1

  0.287198  -0.454905   0.842958    1.50348
 -0.955034 -0.0683076    0.28852   0.274358
-0.0736685  -0.887916  -0.454068    1.68859
         0          0          0          1

  0.284128  -0.458516   0.842042    1.48619
 -0.955451 -0.0622177   0.288516    0.25974
-0.0798996  -0.886505  -0.455768    1.69929
         0          0          0          1

  0.284128  -0.458516   0.842042    1.48619
 -0.955451 -0.0622177   0.288516    0.25974
-0.0798996  -0.886505  -0.455768    1.69929
         0          0          0          1

  0.279868  -0.459329   0.843024    1.45834
 -0.955754 -0.0504394    0.28981   0.238112
-0.0905966  -0.886833  -0.453122    1.71335
         0          0          0          1

  0.279868  -0.459329   0.843024    1.45834
 -0.955754 -0.0504394    0.28981   0.238112
-0.0905966  -0.886833  -0.453122    1.71335
         0          0          0          1

  0.273063   -0.46603   0.841577    1.44225
 -0.956369 -0.0370218   0.289808    0.22187
 -0.103902  -0.883994  -0.455806    1.72226
         0          0          0          1

  0.273063   -0.46603   0.841577    1.44225
 -0.956369 -0.0370218   0.289808    0.22187
 -0.103902  -0.883994  -0.455806    1.72226
         0          0          0          1

  0.270142  -0.473138   0.838549    1.42397
 -0.955956 -0.0279871   0.292174   0.207522
  -0.11477  -0.880544  -0.459859    1.72889
         0          0          0          1

  0.270142  -0.473138   0.838549    1.42397
 -0.955956 -0.0279871   0.292174   0.207522
  -0.11477  -0.880544  -0.459859    1.72889
         0          0          0          1

   0.260706   -0.481537    0.836752     1.39787
  -0.955963 -0.00775642    0.293385     0.18486
  -0.134785   -0.876391   -0.462354     1.73741
          0           0           0           1

   0.260706   -0.481537    0.836752     1.39787
  -0.955963 -0.00775642    0.293385     0.18486
  -0.134785   -0.876391   -0.462354     1.73741
          0           0           0           1

  0.250595  -0.480707   0.840311    1.38093
 -0.956776 0.00934928   0.290675   0.170158
 -0.147586  -0.876832  -0.457586    1.74171
         0          0          0          1

  0.250595  -0.480707   0.840311    1.38093
 -0.956776 0.00934928   0.290675   0.170158
 -0.147586  -0.876832  -0.457586    1.74171
         0          0          0          1

 0.231343 -0.475233  0.848901   1.35493
-0.959006 0.0353972  0.281165  0.149549
-0.163668 -0.879147 -0.447563   1.74484
        0         0         0         1

 0.231343 -0.475233  0.848901   1.35493
-0.959006 0.0353972  0.281165  0.149549
-0.163668 -0.879147 -0.447563   1.74484
        0         0         0         1

  0.21491 -0.472127  0.854933   1.33863
 -0.96087  0.054433    0.2716  0.135843
-0.174766 -0.879848 -0.441954   1.74502
        0         0         0         1

  0.21491 -0.472127  0.854933   1.33863
 -0.96087  0.054433    0.2716  0.135843
-0.174766 -0.879848 -0.441954   1.74502
        0         0         0         1

 0.200385  -0.47115   0.85899   1.32244
 -0.96171  0.072734  0.264241  0.122687
-0.186975 -0.879049 -0.438535   1.74483
        0         0         0         1

 0.200385  -0.47115   0.85899   1.32244
 -0.96171  0.072734  0.264241  0.122687
-0.186975 -0.879049 -0.438535   1.74483
        0         0         0         1

 0.183319 -0.470742  0.863016   1.29686
-0.961888 0.0952959  0.256301  0.104661
-0.202893 -0.877109 -0.435331   1.74203
        0         0         0         1

 0.183319 -0.470742  0.863016   1.29686
-0.961888 0.0952959  0.256301  0.104661
-0.202893 -0.877109 -0.435331   1.74203
        0         0         0         1

 0.169281 -0.469827  0.866375   1.28141
  -0.9623  0.111092  0.248268  0.092664
 -0.21289  -0.87574 -0.433309   1.73876
        0         0         0         1

 0.169281 -0.469827  0.866375   1.28141
  -0.9623  0.111092  0.248268  0.092664
 -0.21289  -0.87574 -0.433309   1.73876
        0         0         0         1

 0.146971 -0.464822  0.873121   1.25848
-0.962304  0.137029  0.234934 0.0762818
-0.228845 -0.874736  -0.42716   1.73176
        0         0         0         1

 0.146971 -0.464822  0.873121   1.25848
-0.962304  0.137029  0.234934 0.0762818
-0.228845 -0.874736  -0.42716   1.73176
        0         0         0         1

 0.132718 -0.462015  0.876885   1.24309
-0.961604  0.154399  0.226891  0.066227
-0.240218 -0.873329 -0.423784   1.72562
        0         0         0         1

 0.132718 -0.462015  0.876885   1.24309
-0.961604  0.154399  0.226891  0.066227
-0.240218 -0.873329 -0.423784   1.72562
        0         0         0         1

 0.118636 -0.462549   0.87862   1.22926
-0.960681   0.17024  0.219339 0.0567145
-0.251031 -0.870096 -0.424166   1.71925
        0         0         0         1

 0.118636 -0.462549   0.87862   1.22926
-0.960681   0.17024  0.219339 0.0567145
-0.251031 -0.870096 -0.424166   1.71925
        0         0         0         1

 0.101244  -0.45894   0.88268   1.20813
-0.957985  0.194352  0.210933 0.0432386
-0.268357 -0.866949 -0.419981   1.70822
        0         0         0         1

 0.101244  -0.45894   0.88268   1.20813
-0.957985  0.194352  0.210933 0.0432386
-0.268357 -0.866949 -0.419981   1.70822
        0         0         0         1

0.0861177  -0.44974  0.888998   1.19549
 -0.95673  0.211605  0.199729 0.0350988
-0.277943 -0.867731 -0.412056    1.6995
        0         0         0         1

0.0861177  -0.44974  0.888998   1.19549
 -0.95673  0.211605  0.199729 0.0350988
-0.277943 -0.867731 -0.412056    1.6995
        0         0         0         1

0.0621683 -0.427693  0.901784   1.17652
-0.954782  0.237713  0.178563 0.0242057
-0.290736 -0.872107 -0.393575   1.68503
        0         0         0         1

0.0621683 -0.427693  0.901784   1.17652
-0.954782  0.237713  0.178563 0.0242057
-0.290736 -0.872107 -0.393575   1.68503
        0         0         0         1

0.0478208 -0.414854  0.908631   1.16417
-0.953617  0.251703  0.165108 0.0177206
-0.297201 -0.874381 -0.383575   1.67462
        0         0         0         1

0.0478208 -0.414854  0.908631   1.16417
-0.953617  0.251703  0.165108 0.0177206
-0.297201 -0.874381 -0.383575   1.67462
        0         0         0         1

0.0364135 -0.407546  0.912458   1.15238
-0.952011  0.263508  0.155687 0.0111805
 -0.30389  -0.87434 -0.378393   1.66443
        0         0         0         1

0.0364135 -0.407546  0.912458   1.15238
-0.952011  0.263508  0.155687 0.0111805
 -0.30389  -0.87434 -0.378393   1.66443
        0         0         0         1

 0.0226057   -0.40335   0.914767    1.13715
 -0.948907   0.279408   0.146649 0.00102711
 -0.314744  -0.871344  -0.376425     1.6499
         0          0          0          1

 0.0226057   -0.40335   0.914767    1.13715
 -0.948907   0.279408   0.146649 0.00102711
 -0.314744  -0.871344  -0.376425     1.6499
         0          0          0          1

  0.0175274   -0.401673    0.915615      1.1269
  -0.947125     0.28677    0.143934 -0.00502259
  -0.320386   -0.869725   -0.375408     1.63981
          0           0           0           1

  0.0175274   -0.401673    0.915615      1.1269
  -0.947125     0.28677    0.143934 -0.00502259
  -0.320386   -0.869725   -0.375408     1.63981
          0           0           0           1

  0.011741  -0.403211   0.915032    1.11434
 -0.943622   0.298283   0.143547 -0.0142241
 -0.330818  -0.865129  -0.376976    1.62633
         0          0          0          1

  0.011741  -0.403211   0.915032    1.11434
 -0.943622   0.298283   0.143547 -0.0142241
 -0.330818  -0.865129  -0.376976    1.62633
         0          0          0          1

0.00995881   -0.40463   0.914426    1.10734
 -0.941014   0.305517   0.145438 -0.0200655
 -0.338221  -0.861936   -0.37772    1.61792
         0          0          0          1

0.00995881   -0.40463   0.914426    1.10734
 -0.941014   0.305517   0.145438 -0.0200655
 -0.338221  -0.861936   -0.37772    1.61792
         0          0          0          1

 0.0121899  -0.404735   0.914353    1.10072
 -0.938358   0.311281   0.150297 -0.0254733
 -0.345451  -0.859822  -0.375991    1.60959
         0          0          0          1

 0.0121899  -0.404735   0.914353    1.10072
 -0.938358   0.311281   0.150297 -0.0254733
 -0.345451  -0.859822  -0.375991    1.60959
         0          0          0          1

 0.0173026  -0.399779   0.916448    1.09225
 -0.935968   0.315898   0.155474 -0.0320597
  -0.35166  -0.860456  -0.368714    1.59611
         0          0          0          1

 0.0173026  -0.399779   0.916448    1.09225
 -0.935968   0.315898   0.155474 -0.0320597
  -0.35166  -0.860456  -0.368714    1.59611
         0          0          0          1

 0.0206243  -0.393344    0.91916    1.08742
 -0.934142   0.320059   0.157926 -0.0362711
 -0.356304  -0.861883  -0.360839    1.58851
         0          0          0          1

 0.0206243  -0.393344    0.91916    1.08742
 -0.934142   0.320059   0.157926 -0.0362711
 -0.356304  -0.861883  -0.360839    1.58851
         0          0          0          1

 0.0275998  -0.382644   0.923484    1.08131
  -0.93152   0.325302   0.162628 -0.0416687
  -0.36264  -0.864732  -0.347462    1.57744
         0          0          0          1

 0.0275998  -0.382644   0.923484    1.08131
  -0.93152   0.325302   0.162628 -0.0416687
  -0.36264  -0.864732  -0.347462    1.57744
         0          0          0          1

 0.0328864  -0.375619    0.92619    1.07739
 -0.930364   0.327069   0.165679 -0.0443828
  -0.36516  -0.867142  -0.338706    1.56982
         0          0          0          1

 0.0328864  -0.375619    0.92619    1.07739
 -0.930364   0.327069   0.165679 -0.0443828
  -0.36516  -0.867142  -0.338706    1.56982
         0          0          0          1

 0.0380026  -0.367184   0.929372    1.07448
 -0.929316   0.328889   0.167941 -0.0465564
 -0.367326  -0.870062  -0.328731    1.56228
         0          0          0          1

 0.0380026  -0.367184   0.929372    1.07448
 -0.929316   0.328889   0.167941 -0.0465564
 -0.367326  -0.870062  -0.328731    1.56228
         0          0          0          1

 0.0424758  -0.358013    0.93275    1.07092
 -0.928668   0.330165   0.169016 -0.0489175
 -0.368471  -0.873394  -0.318452     1.5516
         0          0          0          1

 0.0424758  -0.358013    0.93275    1.07092
 -0.928668   0.330165   0.169016 -0.0489175
 -0.368471  -0.873394  -0.318452     1.5516
         0          0          0          1

 0.0411601  -0.355076   0.933931    1.06842
 -0.929085   0.330266   0.166512 -0.0498872
  -0.36757  -0.874555  -0.316302    1.54499
         0          0          0          1

 0.0411601  -0.355076   0.933931    1.06842
 -0.929085   0.330266   0.166512 -0.0498872
  -0.36757  -0.874555  -0.316302    1.54499
         0          0          0          1

 0.0384269  -0.346602   0.937225    1.06582
 -0.928339   0.334663   0.161826 -0.0510945
 -0.369743  -0.876281  -0.308904    1.53548
         0          0          0          1

 0.0384269  -0.346602   0.937225    1.06582
 -0.928339   0.334663   0.161826 -0.0510945
 -0.369743  -0.876281  -0.308904    1.53548
         0          0          0          1

  0.040474   -0.33812   0.940232    1.06449
 -0.927091   0.338241   0.161544 -0.0515015
 -0.372646  -0.878219  -0.299778     1.5286
         0          0          0          1

  0.040474   -0.33812   0.940232    1.06449
 -0.927091   0.338241   0.161544 -0.0515015
 -0.372646  -0.878219  -0.299778     1.5286
         0          0          0          1

 0.0429914  -0.330911   0.942682    1.06354
 -0.925389   0.342457   0.162416 -0.0516905
 -0.376573   -0.87933  -0.291499    1.52236
         0          0          0          1

