-0.490983  0.870515 0.0337425   0.32404
-0.535916 -0.332347  0.776105  0.844935
 0.686826  0.362971    0.6297   2.57892
        0         0         0         1

-0.490983  0.870515 0.0337425   0.32404
-0.535916 -0.332347  0.776105  0.844935
 0.686826  0.362971    0.6297   2.57892
        0         0         0         1

 -0.441476   0.895238 -0.0604017    0.30065
 -0.603187   -0.24627   0.758629   0.750981
  0.664278    0.37135   0.648718    2.57002
         0          0          0          1

 -0.441476   0.895238 -0.0604017    0.30065
 -0.603187   -0.24627   0.758629   0.750981
  0.664278    0.37135   0.648718    2.57002
         0          0          0          1

-0.410699  0.897926 -0.158292  0.247686
-0.652508 -0.168193   0.73888  0.677419
 0.636836  0.406744   0.65498   2.55356
        0         0         0         1

-0.410699  0.897926 -0.158292  0.247686
-0.652508 -0.168193   0.73888  0.677419
 0.636836  0.406744   0.65498   2.55356
        0         0         0         1

 -0.35921  0.901715  -0.24058  0.242031
-0.718652 -0.102796   0.68773  0.574379
 0.595405  0.419933  0.684944   2.55617
        0         0         0         1

 -0.35921  0.901715  -0.24058  0.242031
-0.718652 -0.102796   0.68773  0.574379
 0.595405  0.419933  0.684944   2.55617
        0         0         0         1

 -0.325384   0.898197   -0.29558    0.23246
  -0.75841 -0.0612039   0.648898   0.503187
  0.564748   0.435312   0.701116    2.55054
         0          0          0          1

 -0.325384   0.898197   -0.29558    0.23246
  -0.75841 -0.0612039   0.648898   0.503187
  0.564748   0.435312   0.701116    2.55054
         0          0          0          1

 -0.283991   0.894917  -0.344198    0.22789
 -0.794017 -0.0182716   0.607621   0.436814
  0.537481   0.445858   0.715769    2.53676
         0          0          0          1

 -0.283991   0.894917  -0.344198    0.22789
 -0.794017 -0.0182716   0.607621   0.436814
  0.537481   0.445858   0.715769    2.53676
         0          0          0          1

 -0.22036  0.878041 -0.424836  0.209282
-0.832721 0.0574684  0.550702  0.347904
 0.507954  0.475122    0.7185   2.50403
        0         0         0         1

 -0.22036  0.878041 -0.424836  0.209282
-0.832721 0.0574684  0.550702  0.347904
 0.507954  0.475122    0.7185   2.50403
        0         0         0         1

-0.190316  0.874816 -0.445508  0.228214
-0.849167 0.0810319  0.521871  0.301349
 0.492641  0.477631  0.727443   2.49439
        0         0         0         1

-0.190316  0.874816 -0.445508  0.228214
-0.849167 0.0810319  0.521871  0.301349
 0.492641  0.477631  0.727443   2.49439
        0         0         0         1

-0.157407  0.861106 -0.483446  0.226759
-0.867705  0.113135  0.484034  0.242032
 0.471499  0.495679  0.729377   2.47599
        0         0         0         1

-0.157407  0.861106 -0.483446  0.226759
-0.867705  0.113135  0.484034  0.242032
 0.471499  0.495679  0.729377   2.47599
        0         0         0         1

-0.121168 0.845971 -0.51928 0.244609
-0.877866 0.152854 0.453858 0.186106
0.463324 0.510851 0.724128   2.4366
       0        0        0        1

-0.121168 0.845971 -0.51928 0.244609
-0.877866 0.152854 0.453858 0.186106
0.463324 0.510851 0.724128   2.4366
       0        0        0        1

-0.0973859 0.832125 -0.54597 0.252884
-0.889678 0.173092 0.422507  0.14206
0.446082 0.526884 0.723467  2.41392
       0        0        0        1

-0.0973859 0.832125 -0.54597 0.252884
-0.889678 0.173092 0.422507  0.14206
0.446082 0.526884 0.723467  2.41392
       0        0        0        1

-0.057557  0.811398 -0.581653  0.268014
-0.905379  0.203082  0.372888 0.0763798
 0.420684  0.548079  0.722935   2.37677
        0         0         0         1

-0.057557  0.811398 -0.581653  0.268014
-0.905379  0.203082  0.372888 0.0763798
 0.420684  0.548079  0.722935   2.37677
        0         0         0         1

-0.0383833  0.794679 -0.605816  0.274145
-0.915397  0.215157   0.34023 0.0345534
 0.400719  0.567621  0.719188   2.34611
        0         0         0         1

-0.0383833  0.794679 -0.605816  0.274145
-0.915397  0.215157   0.34023 0.0345534
 0.400719  0.567621  0.719188   2.34611
        0         0         0         1

 -0.0180753    0.780718   -0.624622    0.285431
  -0.923755    0.225991    0.309199 -0.00620916
   0.382556    0.582586    0.717108     2.31745
          0           0           0           1

 -0.0180753    0.780718   -0.624622    0.285431
  -0.923755    0.225991    0.309199 -0.00620916
   0.382556    0.582586    0.717108     2.31745
          0           0           0           1

-0.00128989   0.765744  -0.643144   0.305889
 -0.929421   0.236415   0.283345 -0.0537842
  0.369019   0.598117   0.711394    2.27253
         0          0          0          1

-0.00128989   0.765744  -0.643144   0.305889
 -0.929421   0.236415   0.283345 -0.0537842
  0.369019   0.598117   0.711394    2.27253
         0          0          0          1

 0.0120151   0.754076  -0.656678   0.317951
 -0.931261   0.247605    0.26729 -0.0825944
  0.364154   0.608327   0.705217    2.24061
         0          0          0          1

 0.0120151   0.754076  -0.656678   0.317951
 -0.931261   0.247605    0.26729 -0.0825944
  0.364154   0.608327   0.705217    2.24061
         0          0          0          1

0.0300381  0.730314  -0.68245  0.335946
-0.939706  0.253328  0.229734 -0.131932
 0.340662  0.634402   0.69389   2.19279
        0         0         0         1

0.0300381  0.730314  -0.68245  0.335946
-0.939706  0.253328  0.229734 -0.131932
 0.340662  0.634402   0.69389   2.19279
        0         0         0         1

0.0350302  0.712714 -0.700579   0.34776
 -0.94478  0.252165  0.209293 -0.158571
 0.325828  0.654562  0.682192   2.15781
        0         0         0         1

0.0350302  0.712714 -0.700579   0.34776
 -0.94478  0.252165  0.209293 -0.158571
 0.325828  0.654562  0.682192   2.15781
        0         0         0         1

 0.043909  0.698892 -0.713878  0.360401
-0.950039  0.250245  0.186558 -0.185577
 0.309028   0.67002  0.674963   2.12353
        0         0         0         1

 0.043909  0.698892 -0.713878  0.360401
-0.950039  0.250245  0.186558 -0.185577
 0.309028   0.67002  0.674963   2.12353
        0         0         0         1

0.0537621  0.683894 -0.727597  0.378866
-0.956826   0.24372  0.158381 -0.219293
 0.285646  0.687669  0.667471   2.07034
        0         0         0         1

0.0537621  0.683894 -0.727597  0.378866
-0.956826   0.24372  0.158381 -0.219293
 0.285646  0.687669  0.667471   2.07034
        0         0         0         1

0.0626869  0.672519  -0.73742  0.390465
-0.961362  0.239137  0.136366 -0.240399
 0.268053   0.70038  0.661525   2.03337
        0         0         0         1

0.0626869  0.672519  -0.73742  0.390465
-0.961362  0.239137  0.136366 -0.240399
 0.268053   0.70038  0.661525   2.03337
        0         0         0         1

0.0740216  0.663277 -0.744704  0.410784
 -0.96855  0.225697  0.104748 -0.268814
 0.237555  0.713529  0.659123   1.97735
        0         0         0         1

0.0740216  0.663277 -0.744704  0.410784
 -0.96855  0.225697  0.104748 -0.268814
 0.237555  0.713529  0.659123   1.97735
        0         0         0         1

0.0815239   0.66009  -0.74675  0.424496
-0.973047  0.214877 0.0837112 -0.285599
 0.215716  0.719798  0.659816   1.94023
        0         0         0         1

0.0815239   0.66009  -0.74675  0.424496
-0.973047  0.214877 0.0837112 -0.285599
 0.215716  0.719798  0.659816   1.94023
        0         0         0         1

0.0891248  0.661262 -0.744841  0.437148
-0.976299  0.206076 0.0661321  -0.29983
 0.197225  0.721294  0.663956   1.90297
        0         0         0         1

0.0891248  0.661262 -0.744841  0.437148
-0.976299  0.206076 0.0661321  -0.29983
 0.197225  0.721294  0.663956   1.90297
        0         0         0         1

 0.102024  0.670798 -0.734589  0.455598
-0.979894  0.195044 0.0420135 -0.318501
  0.17146  0.715533   0.67721   1.84872
        0         0         0         1

 0.102024  0.670798 -0.734589  0.455598
-0.979894  0.195044 0.0420135 -0.318501
  0.17146  0.715533   0.67721   1.84872
        0         0         0         1

 0.107223  0.676537 -0.728561  0.467911
-0.982313  0.185225 0.0274309 -0.328398
 0.153506  0.712734  0.684432   1.81349
        0         0         0         1

 0.107223  0.676537 -0.728561  0.467911
-0.982313  0.185225 0.0274309 -0.328398
 0.153506  0.712734  0.684432   1.81349
        0         0         0         1

   0.115013      0.6784   -0.725635    0.483915
  -0.985875    0.167484 0.000320419   -0.341621
    0.12175    0.715348     0.68808     1.75998
          0           0           0           1

   0.115013      0.6784   -0.725635    0.483915
  -0.985875    0.167484 0.000320419   -0.341621
    0.12175    0.715348     0.68808     1.75998
          0           0           0           1

  0.121489   0.683293  -0.719966   0.494442
 -0.987593    0.15592 -0.0186708  -0.348515
 0.0994996   0.713302   0.693758    1.72467
         0          0          0          1

  0.121489   0.683293  -0.719966   0.494442
 -0.987593    0.15592 -0.0186708  -0.348515
 0.0994996   0.713302   0.693758    1.72467
         0          0          0          1

  0.128631    0.69336  -0.709017    0.50443
 -0.988647   0.145645 -0.0369333  -0.354091
 0.0776568   0.705719   0.704223    1.69023
         0          0          0          1

  0.128631    0.69336  -0.709017    0.50443
 -0.988647   0.145645 -0.0369333  -0.354091
 0.0776568   0.705719   0.704223    1.69023
         0          0          0          1

  0.139073   0.715518  -0.684611   0.517921
 -0.989105   0.134062 -0.0608141  -0.360494
 0.0482669    0.68561   0.726367    1.64141
         0          0          0          1

  0.139073   0.715518  -0.684611   0.517921
 -0.989105   0.134062 -0.0608141  -0.360494
 0.0482669    0.68561   0.726367    1.64141
         0          0          0          1

   0.14547   0.730069   -0.66771   0.525698
  -0.98898   0.126076 -0.0776117  -0.363617
 0.0275206   0.671642   0.740364    1.60973
         0          0          0          1

   0.14547   0.730069   -0.66771   0.525698
  -0.98898   0.126076 -0.0776117  -0.363617
 0.0275206   0.671642   0.740364    1.60973
         0          0          0          1

 0.159535  0.753596 -0.637685   0.53611
-0.987184  0.119135 -0.106182 -0.366973
-0.00404783  0.646452  0.762944   1.56454
        0         0         0         1

 0.159535  0.753596 -0.637685   0.53611
-0.987184  0.119135 -0.106182 -0.366973
-0.00404783  0.646452  0.762944   1.56454
        0         0         0         1

 0.167896  0.774941 -0.609326  0.542003
-0.985544  0.117741 -0.121817 -0.368229
-0.0226587   0.62097  0.783507   1.53689
        0         0         0         1

 0.167896  0.774941 -0.609326  0.542003
-0.985544  0.117741 -0.121817 -0.368229
-0.0226587   0.62097  0.783507   1.53689
        0         0         0         1

  0.17821  0.795036 -0.579792  0.546814
-0.983111  0.118919 -0.139111 -0.369256
-0.0416495   0.59479  0.802801   1.51031
        0         0         0         1

  0.17821  0.795036 -0.579792  0.546814
-0.983111  0.118919 -0.139111 -0.369256
-0.0416495   0.59479  0.802801   1.51031
        0         0         0         1

  0.18856  0.814652  -0.54844  0.552956
-0.979105   0.11264 -0.169312 -0.369537
-0.0761539  0.568906  0.818869   1.47148
        0         0         0         1

  0.18856  0.814652  -0.54844  0.552956
-0.979105   0.11264 -0.169312 -0.369537
-0.0761539  0.568906  0.818869   1.47148
        0         0         0         1

 0.193647  0.822536  -0.53473  0.555082
-0.975931  0.105784 -0.190705 -0.369915
-0.100296  0.558789  0.823223    1.4473
        0         0         0         1

 0.193647  0.822536  -0.53473  0.555082
-0.975931  0.105784 -0.190705 -0.369915
-0.100296  0.558789  0.823223    1.4473
        0         0         0         1

 0.195814  0.839389 -0.507034  0.556224
-0.972248 0.0986712 -0.212128 -0.370688
-0.128028    0.5345  0.835415   1.41599
        0         0         0         1

 0.195814  0.839389 -0.507034  0.556224
-0.972248 0.0986712 -0.212128 -0.370688
-0.128028    0.5345  0.835415   1.41599
        0         0         0         1

   0.1982  0.851134 -0.486094  0.555738
-0.970023 0.0991841 -0.221849 -0.371696
-0.140611  0.515493  0.845278   1.39848
        0         0         0         1

   0.1982  0.851134 -0.486094  0.555738
-0.970023 0.0991841 -0.221849 -0.371696
-0.140611  0.515493  0.845278   1.39848
        0         0         0         1

  0.20008  0.860021 -0.469396  0.554796
-0.968119 0.0998405 -0.229735 -0.372643
-0.150712  0.500396  0.852578   1.38288
        0         0         0         1

  0.20008  0.860021 -0.469396  0.554796
-0.968119 0.0998405 -0.229735 -0.372643
-0.150712  0.500396  0.852578   1.38288
        0         0         0         1

 0.201968  0.868843 -0.452019  0.552751
-0.965627 0.0995453 -0.240115 -0.374078
-0.163626  0.484977  0.859083   1.36282
        0         0         0         1

 0.201968  0.868843 -0.452019  0.552751
-0.965627 0.0995453 -0.240115 -0.374078
-0.163626  0.484977  0.859083   1.36282
        0         0         0         1

 0.202119  0.874213 -0.441475  0.550901
-0.964689 0.0999797 -0.243679 -0.375168
-0.168889  0.475138  0.863551   1.35136
        0         0         0         1

 0.202119  0.874213 -0.441475  0.550901
-0.964689 0.0999797 -0.243679 -0.375168
-0.168889  0.475138  0.863551   1.35136
        0         0         0         1

 0.200962  0.886692 -0.416403  0.547283
-0.964444  0.104607 -0.242703 -0.376833
-0.171644  0.450372  0.876187   1.33792
        0         0         0         1

 0.200962  0.886692 -0.416403  0.547283
-0.964444  0.104607 -0.242703 -0.376833
-0.171644  0.450372  0.876187   1.33792
        0         0         0         1

  0.20416  0.891361 -0.404716   0.54562
-0.963775  0.110535 -0.242733 -0.377978
-0.171628  0.439611  0.881638   1.33072
        0         0         0         1

  0.20416  0.891361 -0.404716   0.54562
-0.963775  0.110535 -0.242733 -0.377978
-0.171628  0.439611  0.881638   1.33072
        0         0         0         1

 0.207871  0.895281 -0.394033  0.544302
-0.963549  0.118061 -0.240073 -0.378722
-0.168413  0.429574  0.887188   1.32474
        0         0         0         1

 0.207871  0.895281 -0.394033  0.544302
-0.963549  0.118061 -0.240073 -0.378722
-0.168413  0.429574  0.887188   1.32474
        0         0         0         1

 0.211824  0.897806 -0.386102  0.543281
-0.963673  0.126115 -0.235435 -0.380069
-0.162682  0.421946  0.891906   1.32064
        0         0         0         1

 0.211824  0.897806 -0.386102  0.543281
-0.963673  0.126115 -0.235435 -0.380069
-0.162682  0.421946  0.891906   1.32064
        0         0         0         1

 0.209544  0.888287 -0.408702   0.54182
-0.965082  0.120692 -0.232487 -0.382071
-0.157188  0.443148   0.88256   1.31927
        0         0         0         1

 0.209544  0.888287 -0.408702   0.54182
-0.965082  0.120692 -0.232487 -0.382071
-0.157188  0.443148   0.88256   1.31927
        0         0         0         1

 0.196566  0.879231 -0.433953  0.537591
-0.969487  0.108166 -0.219989 -0.385101
-0.146482  0.463954  0.873664   1.32019
        0         0         0         1

 0.196566  0.879231 -0.433953  0.537591
-0.969487  0.108166 -0.219989 -0.385101
-0.146482  0.463954  0.873664   1.32019
        0         0         0         1

 0.193385   0.87585 -0.442142   0.53615
-0.970624  0.105037 -0.216462 -0.385963
-0.143147  0.471014  0.870434   1.32103
        0         0         0         1

 0.193385   0.87585 -0.442142   0.53615
-0.970624  0.105037 -0.216462 -0.385963
-0.143147  0.471014  0.870434   1.32103
        0         0         0         1

 0.194553  0.869968 -0.453105  0.535871
-0.970595  0.103984 -0.217102 -0.386266
-0.141756  0.482019  0.864617   1.32144
        0         0         0         1

 0.194553  0.869968 -0.453105  0.535871
-0.970595  0.103984 -0.217102 -0.386266
-0.141756  0.482019  0.864617   1.32144
        0         0         0         1

  0.19648  0.861545  -0.46812  0.534924
 -0.96996  0.100943 -0.221332  -0.38584
-0.143434  0.497545  0.855497   1.32136
        0         0         0         1

  0.19648  0.861545  -0.46812  0.534924
 -0.96996  0.100943 -0.221332  -0.38584
-0.143434  0.497545  0.855497   1.32136
        0         0         0         1

 0.197543  0.860566 -0.469471  0.534158
-0.969759   0.10153 -0.221942 -0.385078
-0.143331  0.499117  0.854598    1.3215
        0         0         0         1

 0.197543  0.860566 -0.469471  0.534158
-0.969759   0.10153 -0.221942 -0.385078
-0.143331  0.499117  0.854598    1.3215
        0         0         0         1

 0.206204  0.864853 -0.457722  0.533013
-0.968356   0.11315 -0.222451  -0.38273
-0.140596  0.489108  0.860817   1.32422
        0         0         0         1

 0.206204  0.864853 -0.457722  0.533013
-0.968356   0.11315 -0.222451  -0.38273
-0.140596  0.489108  0.860817   1.32422
        0         0         0         1

 0.214263  0.866029 -0.451758  0.531842
-0.967077  0.123068 -0.222749 -0.380862
 -0.13731  0.484612  0.863885   1.32788
        0         0         0         1

 0.214263  0.866029 -0.451758  0.531842
-0.967077  0.123068 -0.222749 -0.380862
 -0.13731  0.484612  0.863885   1.32788
        0         0         0         1

 0.221707  0.867035 -0.446202  0.530767
-0.965982  0.132812 -0.221899 -0.378226
-0.133133  0.480219  0.866986   1.33298
        0         0         0         1

 0.221707  0.867035 -0.446202  0.530767
-0.965982  0.132812 -0.221899 -0.378226
-0.133133  0.480219  0.866986   1.33298
        0         0         0         1

 0.235901  0.868185 -0.436584  0.527709
-0.964084  0.152666 -0.217337 -0.374267
-0.122037  0.472174  0.873017   1.34477
        0         0         0         1

 0.235901  0.868185 -0.436584  0.527709
-0.964084  0.152666 -0.217337 -0.374267
-0.122037  0.472174  0.873017   1.34477
        0         0         0         1

 0.242983  0.866688 -0.435674  0.524443
-0.963271  0.162656 -0.213662 -0.371359
-0.114314  0.471588  0.874378   1.35502
        0         0         0         1

 0.242983  0.866688 -0.435674  0.524443
-0.963271  0.162656 -0.213662 -0.371359
-0.114314  0.471588  0.874378   1.35502
        0         0         0         1

 0.251221  0.860023 -0.444127  0.516774
-0.962555   0.17369 -0.208132 -0.367675
-0.101858  0.479784  0.871454   1.37362
        0         0         0         1

 0.251221  0.860023 -0.444127  0.516774
-0.962555   0.17369 -0.208132 -0.367675
-0.101858  0.479784  0.871454   1.37362
        0         0         0         1

 0.252945   0.85423 -0.454213  0.509873
-0.962906  0.176676 -0.203956 -0.365296
-0.0939768  0.488954  0.867232   1.38872
        0         0         0         1

 0.252945   0.85423 -0.454213  0.509873
-0.962906  0.176676 -0.203956 -0.365296
-0.0939768  0.488954  0.867232   1.38872
        0         0         0         1

 0.253296  0.846061 -0.469065  0.501382
-0.963853  0.179301 -0.197075 -0.363295
-0.0826331  0.502028  0.860895   1.40515
        0         0         0         1

 0.253296  0.846061 -0.469065  0.501382
-0.963853  0.179301 -0.197075 -0.363295
-0.0826331  0.502028  0.860895   1.40515
        0         0         0         1

 0.252636  0.837206 -0.485038  0.484688
-0.965386  0.184514 -0.184348 -0.360927
-0.064841  0.514822  0.854842   1.43251
        0         0         0         1

 0.252636  0.837206 -0.485038  0.484688
-0.965386  0.184514 -0.184348 -0.360927
-0.064841  0.514822  0.854842   1.43251
        0         0         0         1

 0.251703  0.833247 -0.492286  0.471745
-0.966363  0.188636 -0.174809 -0.358994
-0.0527966  0.519728  0.852699   1.45125
        0         0         0         1

 0.251703  0.833247 -0.492286  0.471745
-0.966363  0.188636 -0.174809 -0.358994
-0.0527966  0.519728  0.852699   1.45125
        0         0         0         1

  0.24355  0.830048 -0.501701  0.448362
-0.969231  0.189255 -0.157396  -0.35711
-0.035697  0.524598  0.850602   1.48143
        0         0         0         1

  0.24355  0.830048 -0.501701  0.448362
-0.969231  0.189255 -0.157396  -0.35711
-0.035697  0.524598  0.850602   1.48143
        0         0         0         1

 0.236515  0.826353 -0.511078  0.429835
-0.971282  0.187047 -0.147054  -0.35666
-0.0259234  0.531181  0.846861   1.50097
        0         0         0         1

 0.236515  0.826353 -0.511078  0.429835
-0.971282  0.187047 -0.147054  -0.35666
-0.0259234  0.531181  0.846861   1.50097
        0         0         0         1

 0.224981  0.824169 -0.519739  0.410214
-0.974212  0.180887 -0.134871 -0.355615
-0.0171423   0.53668  0.843612     1.521
        0         0         0         1

 0.224981  0.824169 -0.519739  0.410214
-0.974212  0.180887 -0.134871 -0.355615
-0.0171423   0.53668  0.843612     1.521
        0         0         0         1

  0.21341  0.821475 -0.528805  0.378356
-0.976945  0.176229 -0.120502 -0.354304
-0.00579832   0.54233  0.840146   1.54858
        0         0         0         1

  0.21341  0.821475 -0.528805  0.378356
-0.976945  0.176229 -0.120502 -0.354304
-0.00579832   0.54233  0.840146   1.54858
        0         0         0         1

 0.201309  0.822971 -0.531219  0.356357
-0.979528  0.169117 -0.109201 -0.351803
-3.14637e-05  0.542327  0.840167   1.56634
        0         0         0         1

 0.201309  0.822971 -0.531219  0.356357
-0.979528  0.169117 -0.109201 -0.351803
-3.14637e-05  0.542327  0.840167   1.56634
        0         0         0         1

  0.184559    0.82554  -0.533312   0.319926
 -0.982799   0.158666 -0.0945021  -0.349665
0.00660307    0.54158   0.840623    1.59207
         0          0          0          1

  0.184559    0.82554  -0.533312   0.319926
 -0.982799   0.158666 -0.0945021  -0.349665
0.00660307    0.54158   0.840623    1.59207
         0          0          0          1

  0.171701   0.827666   -0.53431   0.293806
 -0.985044   0.152166 -0.0808349  -0.347306
 0.0143992   0.540198   0.841415    1.60731
         0          0          0          1

  0.171701   0.827666   -0.53431   0.293806
 -0.985044   0.152166 -0.0808349  -0.347306
 0.0143992   0.540198   0.841415    1.60731
         0          0          0          1

  0.155593   0.832941  -0.531037   0.267349
 -0.987607   0.142375 -0.0660497  -0.344133
  0.020591   0.534733    0.84477    1.62345
         0          0          0          1

  0.155593   0.832941  -0.531037   0.267349
 -0.987607   0.142375 -0.0660497  -0.344133
  0.020591   0.534733    0.84477    1.62345
         0          0          0          1

  0.133079   0.841209  -0.524078   0.225321
 -0.990608   0.129654 -0.0434352  -0.339896
 0.0314107   0.524936   0.850562    1.64563
         0          0          0          1

  0.133079   0.841209  -0.524078   0.225321
 -0.990608   0.129654 -0.0434352  -0.339896
 0.0314107   0.524936   0.850562    1.64563
         0          0          0          1

  0.111752   0.847482  -0.518927   0.196357
 -0.992953   0.115962 -0.0244511  -0.335135
 0.0394541   0.518002   0.854469    1.65942
         0          0          0          1

  0.111752   0.847482  -0.518927   0.196357
 -0.992953   0.115962 -0.0244511  -0.335135
 0.0394541   0.518002   0.854469    1.65942
         0          0          0          1

  0.0811538    0.854971   -0.512288    0.151346
  -0.995512   0.0946394 0.000242804    -0.32797
  0.0486902    0.509969    0.858814      1.6782
          0           0           0           1

  0.0811538    0.854971   -0.512288    0.151346
  -0.995512   0.0946394 0.000242804    -0.32797
  0.0486902    0.509969    0.858814      1.6782
          0           0           0           1

0.0616461  0.858205 -0.509592  0.121419
-0.996625 0.0806555 0.0152688 -0.322005
0.0542052  0.506931  0.860281   1.68894
        0         0         0         1

0.0616461  0.858205 -0.509592  0.121419
-0.996625 0.0806555 0.0152688 -0.322005
0.0542052  0.506931  0.860281   1.68894
        0         0         0         1

0.0370561  0.862259  -0.50511 0.0933544
-0.997387 0.0632777 0.0348488 -0.312526
0.0620109  0.502499  0.862351    1.6989
        0         0         0         1

0.0370561  0.862259  -0.50511 0.0933544
-0.997387 0.0632777 0.0348488 -0.312526
0.0620109  0.502499  0.862351    1.6989
        0         0         0         1

0.00595006  0.866713 -0.498772 0.0491166
-0.997509 0.0402006 0.0579565 -0.301538
0.0702826  0.497185  0.864793   1.71222
        0         0         0         1

0.00595006  0.866713 -0.498772 0.0491166
-0.997509 0.0402006 0.0579565 -0.301538
0.0702826  0.497185  0.864793   1.71222
        0         0         0         1

-0.0176829  0.869569 -0.493495 0.0208708
-0.997065 0.0214385 0.0735026 -0.291598
0.0744953  0.493346  0.866637   1.71924
        0         0         0         1

-0.0176829  0.869569 -0.493495 0.0208708
-0.997065 0.0214385 0.0735026 -0.291598
0.0744953  0.493346  0.866637   1.71924
        0         0         0         1

 -0.0381065     0.87171   -0.488538 -0.00799782
  -0.996174  0.00533976   0.0872304   -0.282726
  0.0786483    0.489993    0.868171     1.72422
          0           0           0           1

 -0.0381065     0.87171   -0.488538 -0.00799782
  -0.996174  0.00533976   0.0872304   -0.282726
  0.0786483    0.489993    0.868171     1.72422
          0           0           0           1

-0.0684198   0.874225  -0.480676 -0.0468861
 -0.994472 -0.0212958   0.102822  -0.265043
 0.0796535   0.485053   0.870849    1.72822
         0          0          0          1

-0.0684198   0.874225  -0.480676 -0.0468861
 -0.994472 -0.0212958   0.102822  -0.265043
 0.0796535   0.485053   0.870849    1.72822
         0          0          0          1

-0.0902651   0.875316  -0.475052 -0.0714657
 -0.992838 -0.0416025   0.111995  -0.251575
 0.0782673   0.481759   0.872802    1.72855
         0          0          0          1

-0.0902651   0.875316  -0.475052 -0.0714657
 -0.992838 -0.0416025   0.111995  -0.251575
 0.0782673   0.481759   0.872802    1.72855
         0          0          0          1

-0.113286  0.876885  -0.46716 -0.108788
-0.991257 -0.067737  0.113233 -0.236084
 0.067648  0.475904  0.876892   1.72507
        0         0         0         1

-0.113286  0.876885  -0.46716 -0.108788
-0.991257 -0.067737  0.113233 -0.236084
 0.067648  0.475904  0.876892   1.72507
        0         0         0         1

  -0.13088   0.879966  -0.456651  -0.129778
 -0.989271 -0.0857608   0.118272  -0.222228
 0.0649123   0.467231   0.881749    1.72231
         0          0          0          1

  -0.13088   0.879966  -0.456651  -0.129778
 -0.989271 -0.0857608   0.118272  -0.222228
 0.0649123   0.467231   0.881749    1.72231
         0          0          0          1

-0.144217  0.881919   -0.4488 -0.151815
-0.987664 -0.100329  0.120224  -0.20982
    0.061  0.460602  0.885508   1.71648
        0         0         0         1

-0.144217  0.881919   -0.4488 -0.151815
-0.987664 -0.100329  0.120224  -0.20982
    0.061  0.460602  0.885508   1.71648
        0         0         0         1

-0.172554  0.881829 -0.438866 -0.180981
-0.983723 -0.131596   0.12236 -0.186982
0.0501475  0.452836  0.890182   1.70582
        0         0         0         1

-0.172554  0.881829 -0.438866 -0.180981
-0.983723 -0.131596   0.12236 -0.186982
0.0501475  0.452836  0.890182   1.70582
        0         0         0         1

-0.188785  0.881879  -0.43203 -0.200062
-0.981175 -0.151156  0.120199 -0.173133
0.0406966  0.446588  0.893814   1.69872
        0         0         0         1

-0.188785  0.881879  -0.43203 -0.200062
-0.981175 -0.151156  0.120199 -0.173133
0.0406966  0.446588  0.893814   1.69872
        0         0         0         1

-0.208789  0.879779 -0.427079 -0.225836
-0.977438 -0.173454  0.120534 -0.152103
0.0319643   0.44261  0.896145   1.67941
        0         0         0         1

-0.208789  0.879779 -0.427079 -0.225836
-0.977438 -0.173454  0.120534 -0.152103
0.0319643   0.44261  0.896145   1.67941
        0         0         0         1

-0.224717  0.876365 -0.426013 -0.242106
-0.974122 -0.191155  0.120607 -0.137635
0.0242615  0.442091  0.896642   1.66622
        0         0         0         1

-0.224717  0.876365 -0.426013 -0.242106
-0.974122 -0.191155  0.120607 -0.137635
0.0242615  0.442091  0.896642   1.66622
        0         0         0         1

-0.238819  0.873728 -0.423752  -0.25557
-0.970897 -0.206746  0.120894 -0.123394
0.0180196  0.440291  0.897674   1.65255
        0         0         0         1

-0.238819  0.873728 -0.423752  -0.25557
-0.970897 -0.206746  0.120894 -0.123394
0.0180196  0.440291  0.897674   1.65255
        0         0         0         1

  -0.26718   0.866304  -0.422058  -0.272758
  -0.96363  -0.237572   0.122384 -0.0974518
0.00575243   0.439406    0.89827    1.63163
         0          0          0          1

  -0.26718   0.866304  -0.422058  -0.272758
  -0.96363  -0.237572   0.122384 -0.0974518
0.00575243   0.439406    0.89827    1.63163
         0          0          0          1

 -0.275968    0.86141  -0.426397  -0.285121
 -0.961162  -0.248747   0.119551 -0.0876473
-0.00308234   0.442829   0.896601    1.61514
         0          0          0          1

 -0.275968    0.86141  -0.426397  -0.285121
 -0.961162  -0.248747   0.119551 -0.0876473
-0.00308234   0.442829   0.896601    1.61514
         0          0          0          1

  -0.29667   0.852961   -0.42947  -0.298641
 -0.954832  -0.272851   0.117678 -0.0703549
-0.0168061   0.444983   0.895381    1.59514
         0          0          0          1

  -0.29667   0.852961   -0.42947  -0.298641
 -0.954832  -0.272851   0.117678 -0.0703549
-0.0168061   0.444983   0.895381    1.59514
         0          0          0          1

 -0.311798    0.84487  -0.434716   -0.30687
 -0.949774   -0.28998   0.117645 -0.0576651
 -0.026664   0.449563    0.89285    1.57866
         0          0          0          1

 -0.311798    0.84487  -0.434716   -0.30687
 -0.949774   -0.28998   0.117645 -0.0576651
 -0.026664   0.449563    0.89285    1.57866
         0          0          0          1

 -0.328597   0.834106  -0.443047  -0.313945
 -0.943699  -0.308916   0.118335 -0.0434185
-0.0381601   0.456988   0.888654    1.56048
         0          0          0          1

 -0.328597   0.834106  -0.443047  -0.313945
 -0.943699  -0.308916   0.118335 -0.0434185
-0.0381601   0.456988   0.888654    1.56048
         0          0          0          1

 -0.346505     0.8152  -0.464095   -0.32262
 -0.936566  -0.328452   0.122326 -0.0257206
-0.0527129   0.477042   0.877298    1.52966
         0          0          0          1

 -0.346505     0.8152  -0.464095   -0.32262
 -0.936566  -0.328452   0.122326 -0.0257206
-0.0527129   0.477042   0.877298    1.52966
         0          0          0          1

 -0.359769   0.805423   -0.47102  -0.325753
 -0.930669  -0.345745   0.119645 -0.0146033
-0.0664883   0.481409   0.873971    1.51929
         0          0          0          1

 -0.359769   0.805423   -0.47102  -0.325753
 -0.930669  -0.345745   0.119645 -0.0146033
-0.0664883   0.481409   0.873971    1.51929
         0          0          0          1

-0.386512  0.783477 -0.486593  -0.32388
-0.918332 -0.375727  0.124483 0.0096876
-0.0852967  0.494968  0.864715   1.49494
        0         0         0         1

-0.386512  0.783477 -0.486593  -0.32388
-0.918332 -0.375727  0.124483 0.0096876
-0.0852967  0.494968  0.864715   1.49494
        0         0         0         1

-0.401283  0.768766 -0.497967 -0.323628
-0.910528 -0.393894  0.125644 0.0232753
-0.0995555  0.503831  0.858046   1.47453
        0         0         0         1

-0.401283  0.768766 -0.497967 -0.323628
-0.910528 -0.393894  0.125644 0.0232753
-0.0995555  0.503831  0.858046   1.47453
        0         0         0         1

-0.410549  0.757723 -0.507252 -0.326426
-0.904545 -0.408651  0.121668 0.0352141
-0.115098  0.508783  0.853166   1.45026
        0         0         0         1

-0.410549  0.757723 -0.507252 -0.326426
-0.904545 -0.408651  0.121668 0.0352141
-0.115098  0.508783  0.853166   1.45026
        0         0         0         1

-0.413146  0.752046 -0.513554 -0.325582
-0.901833 -0.416225  0.115993  0.041106
-0.126522  0.511062  0.850181   1.43585
        0         0         0         1

-0.413146  0.752046 -0.513554 -0.325582
-0.901833 -0.416225  0.115993  0.041106
-0.126522  0.511062  0.850181   1.43585
        0         0         0         1

-0.418801  0.746678 -0.516796 -0.323773
-0.898043 -0.424933  0.113802  0.048409
 -0.13463  0.511765  0.848511   1.42542
        0         0         0         1

-0.418801  0.746678 -0.516796 -0.323773
-0.898043 -0.424933  0.113802  0.048409
 -0.13463  0.511765  0.848511   1.42542
        0         0         0         1

-0.426074  0.738888  -0.52202 -0.322599
-0.891987  -0.43945  0.106027 0.0557531
-0.151059  0.510811  0.846318     1.412
        0         0         0         1

-0.426074  0.738888  -0.52202 -0.322599
-0.891987  -0.43945  0.106027 0.0557531
-0.151059  0.510811  0.846318     1.412
        0         0         0         1

-0.425283  0.735441 -0.527504 -0.323924
-0.891438 -0.441121  0.103687 0.0560188
-0.156437  0.514333  0.843201   1.40074
        0         0         0         1

-0.425283  0.735441 -0.527504 -0.323924
-0.891438 -0.441121  0.103687 0.0560188
-0.156437  0.514333  0.843201   1.40074
        0         0         0         1

-0.433151  0.730077 -0.528552 -0.319881
-0.886822 -0.449974  0.105216 0.0634572
-0.161019  0.514306  0.842355   1.39774
        0         0         0         1

-0.439992  0.723987 -0.531272 -0.316079
-0.883186 -0.455901  0.110166 0.0720492
-0.162449  0.517684  0.840008   1.39001
        0         0         0         1

-0.446774  0.715923 -0.536514 -0.312918
-0.878081 -0.465771  0.109685 0.0791499
-0.171367  0.520108  0.836733   1.37836
        0         0         0         1

-0.446774  0.715923 -0.536514 -0.312918
-0.878081 -0.465771  0.109685 0.0791499
-0.171367  0.520108  0.836733   1.37836
        0         0         0         1

-0.446485  0.711571 -0.542511 -0.313276
-0.875955 -0.471337  0.102691 0.0787868
-0.182634  0.521065  0.833749   1.37206
        0         0         0         1

-0.446485  0.711571 -0.542511 -0.313276
-0.875955 -0.471337  0.102691 0.0787868
-0.182634  0.521065  0.833749   1.37206
        0         0         0         1

-0.452045  0.702283 -0.549959 -0.307302
-0.871409 -0.479383  0.104104 0.0857399
 -0.19053  0.526299  0.828678   1.36097
        0         0         0         1

-0.452045  0.702283 -0.549959 -0.307302
-0.871409 -0.479383  0.104104 0.0857399
 -0.19053  0.526299  0.828678   1.36097
        0         0         0         1

-0.454811  0.702574   -0.5473 -0.305672
-0.869554 -0.483092  0.102457 0.0895353
-0.192413  0.522506  0.830641   1.35936
        0         0         0         1

-0.454811  0.702574   -0.5473 -0.305672
-0.869554 -0.483092  0.102457 0.0895353
-0.192413  0.522506  0.830641   1.35936
        0         0         0         1

-0.457653  0.700007 -0.548219 -0.300723
 -0.86733 -0.487172   0.10199 0.0948191
-0.195683  0.522163  0.830093   1.35232
        0         0         0         1

-0.457653  0.700007 -0.548219 -0.300723
 -0.86733 -0.487172   0.10199 0.0948191
-0.195683  0.522163  0.830093   1.35232
        0         0         0         1

-0.455982  0.700481 -0.549005 -0.296896
-0.866858 -0.489284 0.0956964 0.0966537
-0.201586  0.519545  0.830323   1.34589
        0         0         0         1

-0.455982  0.700481 -0.549005 -0.296896
-0.866858 -0.489284 0.0956964 0.0966537
-0.201586  0.519545  0.830323   1.34589
        0         0         0         1

-0.454908  0.699882 -0.550658   -0.2961
-0.866703 -0.490051 0.0931463 0.0975824
-0.204659   0.51963  0.829518   1.33957
        0         0         0         1

-0.454908  0.699882 -0.550658   -0.2961
-0.866703 -0.490051 0.0931463 0.0975824
-0.204659   0.51963  0.829518   1.33957
        0         0         0         1

-0.452712  0.700638 -0.551505 -0.296325
-0.866423 -0.491766 0.0864728 0.0957158
-0.210625  0.516984  0.829678   1.33556
        0         0         0         1

-0.452712  0.700638 -0.551505 -0.296325
-0.866423 -0.491766 0.0864728 0.0957158
-0.210625  0.516984  0.829678   1.33556
        0         0         0         1

-0.454476  0.696889 -0.554794 -0.294126
-0.864567 -0.495031 0.0864168  0.097193
-0.214417  0.518931  0.827487   1.32977
        0         0         0         1

-0.454476  0.696889 -0.554794 -0.294126
-0.864567 -0.495031 0.0864168  0.097193
-0.214417  0.518931  0.827487   1.32977
        0         0         0         1

-0.460733  0.693097 -0.554384  -0.28945
-0.859693 -0.503743  0.084682  0.102538
-0.220574  0.515616  0.827942   1.32894
        0         0         0         1

-0.460733  0.693097 -0.554384  -0.28945
-0.859693 -0.503743  0.084682  0.102538
-0.220574  0.515616  0.827942   1.32894
        0         0         0         1

-0.468396  0.685364 -0.557567 -0.288096
-0.853309 -0.514534 0.0843721  0.106187
-0.229062  0.515296  0.825833   1.32325
        0         0         0         1

-0.468396  0.685364 -0.557567 -0.288096
-0.853309 -0.514534 0.0843721  0.106187
-0.229062  0.515296  0.825833   1.32325
        0         0         0         1

 -0.47315  0.680024 -0.560086 -0.285478
-0.849699 -0.520164 0.0862561  0.109075
-0.232681  0.516717  0.823932   1.31689
        0         0         0         1

 -0.47315  0.680024 -0.560086 -0.285478
-0.849699 -0.520164 0.0862561  0.109075
-0.232681  0.516717  0.823932   1.31689
        0         0         0         1

-0.482866  0.674759 -0.558158  -0.28064
-0.843284   -0.5301 0.0886904  0.116332
-0.236035  0.513512  0.824981   1.31045
        0         0         0         1

-0.482866  0.674759 -0.558158  -0.28064
-0.843284   -0.5301 0.0886904  0.116332
-0.236035  0.513512  0.824981   1.31045
        0         0         0         1

 -0.48063  0.680671 -0.552885 -0.282723
-0.844361 -0.529429 0.0822212  0.113077
-0.236748  0.506353  0.829191    1.3103
        0         0         0         1

 -0.48063  0.680671 -0.552885 -0.282723
-0.844361 -0.529429 0.0822212  0.113077
-0.236748  0.506353  0.829191    1.3103
        0         0         0         1

 -0.48513  0.680849 -0.548719 -0.280491
-0.841092 -0.534968  0.079835  0.114786
-0.239192  0.500254  0.832186   1.31142
        0         0         0         1

 -0.48513  0.680849 -0.548719 -0.280491
-0.841092 -0.534968  0.079835  0.114786
-0.239192  0.500254  0.832186   1.31142
        0         0         0         1

-0.486073  0.679858 -0.549115 -0.277888
-0.839273  -0.53831 0.0764387  0.115886
-0.243626  0.498012  0.832244   1.30607
        0         0         0         1

-0.486073  0.679858 -0.549115 -0.277888
-0.839273  -0.53831 0.0764387  0.115886
-0.243626  0.498012  0.832244   1.30607
        0         0         0         1

-0.486092  0.685048 -0.542608 -0.277843
-0.838219 -0.541107 0.0677602  0.113751
 -0.24719  0.487762  0.837249   1.30914
        0         0         0         1

-0.486092  0.685048 -0.542608 -0.277843
-0.838219 -0.541107 0.0677602  0.113751
 -0.24719  0.487762  0.837249   1.30914
        0         0         0         1

-0.480567  0.693368 -0.536932 -0.276425
-0.839912 -0.539987 0.0544291  0.111068
-0.252197  0.477132  0.841868   1.30927
        0         0         0         1

-0.480567  0.693368 -0.536932 -0.276425
-0.839912 -0.539987 0.0544291  0.111068
-0.252197  0.477132  0.841868   1.30927
        0         0         0         1

-0.482674  0.689995 -0.539382 -0.274939
-0.837621 -0.543553 0.0542284  0.112372
-0.255765  0.477973  0.840313   1.30738
        0         0         0         1

-0.482674  0.689995 -0.539382 -0.274939
-0.837621 -0.543553 0.0542284  0.112372
-0.255765  0.477973  0.840313   1.30738
        0         0         0         1

