-0.590371 -0.470896   0.65553  0.593174
-0.764916 0.0671942 -0.640616   1.08928
 0.257616 -0.879626 -0.399866   1.81992
        0         0         0         1

-0.577903 -0.443324  0.685195   0.55365
-0.790918 0.0972582 -0.604144   1.05296
 0.201191 -0.891069 -0.406839   1.82331
        0         0         0         1

-0.577903 -0.443324  0.685195   0.55365
-0.790918 0.0972582 -0.604144   1.05296
 0.201191 -0.891069 -0.406839   1.82331
        0         0         0         1

-0.570715 -0.428461  0.700504  0.526165
-0.798598  0.091062 -0.594936   1.03534
 0.191117  -0.89896 -0.394138   1.80266
        0         0         0         1

-0.570715 -0.428461  0.700504  0.526165
-0.798598  0.091062 -0.594936   1.03534
 0.191117  -0.89896 -0.394138   1.80266
        0         0         0         1

-0.576951 -0.427319  0.696079  0.509243
 -0.79537  0.100094 -0.597803   1.01798
 0.185779 -0.898543 -0.397626    1.7955
        0         0         0         1

-0.576951 -0.427319  0.696079  0.509243
 -0.79537  0.100094 -0.597803   1.01798
 0.185779 -0.898543 -0.397626    1.7955
        0         0         0         1

-0.594594 -0.436074  0.675498  0.500619
 -0.78375  0.126866 -0.607981  0.998651
 0.179427 -0.890923 -0.417207   1.78463
        0         0         0         1

-0.594594 -0.436074  0.675498  0.500619
 -0.78375  0.126866 -0.607981  0.998651
 0.179427 -0.890923 -0.417207   1.78463
        0         0         0         1

-0.594322 -0.453595  0.664104  0.486813
-0.786995  0.157996 -0.596386  0.979062
 0.165592 -0.877091 -0.450877   1.79042
        0         0         0         1

-0.594322 -0.453595  0.664104  0.486813
-0.786995  0.157996 -0.596386  0.979062
 0.165592 -0.877091 -0.450877   1.79042
        0         0         0         1

-0.565533 -0.465137  0.681043   0.42858
-0.816115  0.196611 -0.543415   0.93433
 0.118862 -0.863129 -0.490795   1.78673
        0         0         0         1

-0.565533 -0.465137  0.681043   0.42858
-0.816115  0.196611 -0.543415   0.93433
 0.118862 -0.863129 -0.490795   1.78673
        0         0         0         1

-0.560385  -0.46608  0.684645  0.416135
-0.824082  0.231118 -0.517179  0.917566
0.0828126 -0.854022 -0.513603   1.79191
        0         0         0         1

-0.560385  -0.46608  0.684645  0.416135
-0.824082  0.231118 -0.517179  0.917566
0.0828126 -0.854022 -0.513603   1.79191
        0         0         0         1

-0.561996 -0.452069  0.692672  0.406244
-0.824457  0.238765  -0.51309  0.904308
0.0665661 -0.859433 -0.506896   1.77066
        0         0         0         1

-0.561996 -0.452069  0.692672  0.406244
-0.824457  0.238765  -0.51309  0.904308
0.0665661 -0.859433 -0.506896   1.77066
        0         0         0         1

-0.566512 -0.436707  0.698821   0.38954
-0.822822  0.253437 -0.508658  0.882301
0.0450272 -0.863167 -0.502907   1.75791
        0         0         0         1

-0.566512 -0.436707  0.698821   0.38954
-0.822822  0.253437 -0.508658  0.882301
0.0450272 -0.863167 -0.502907   1.75791
        0         0         0         1

-0.557668 -0.428422  0.710958  0.362599
-0.829712  0.262757  -0.49248  0.861294
0.0241803 -0.864531 -0.501998   1.75071
        0         0         0         1

-0.557668 -0.428422  0.710958  0.362599
-0.829712  0.262757  -0.49248  0.861294
0.0241803 -0.864531 -0.501998   1.75071
        0         0         0         1

-0.541886 -0.427123  0.723827  0.334097
-0.840228  0.295222 -0.454821  0.831544
-0.0194253 -0.854641 -0.518857   1.74956
        0         0         0         1

-0.541886 -0.427123  0.723827  0.334097
-0.840228  0.295222 -0.454821  0.831544
-0.0194253 -0.854641 -0.518857   1.74956
        0         0         0         1

-0.546293 -0.422649   0.72314  0.332777
-0.836822  0.312461 -0.449552  0.823789
-0.0359502 -0.850727 -0.524377   1.73432
        0         0         0         1

-0.546293 -0.422649   0.72314  0.332777
-0.836822  0.312461 -0.449552  0.823789
-0.0359502 -0.850727 -0.524377   1.73432
        0         0         0         1

-0.537191 -0.427007  0.727386  0.317503
-0.840983  0.337214 -0.423125  0.806097
-0.064607 -0.839018 -0.540254   1.73394
        0         0         0         1

-0.537191 -0.427007  0.727386  0.317503
-0.840983  0.337214 -0.423125  0.806097
-0.064607 -0.839018 -0.540254   1.73394
        0         0         0         1

-0.523083 -0.425423  0.738511  0.291685
-0.845227  0.370199 -0.385414  0.783432
-0.109432 -0.825813 -0.553224   1.71866
        0         0         0         1

-0.523083 -0.425423  0.738511  0.291685
-0.845227  0.370199 -0.385414  0.783432
-0.109432 -0.825813 -0.553224   1.71866
        0         0         0         1

-0.533482 -0.425057  0.731248  0.299015
-0.835039  0.402227 -0.375397  0.779759
-0.134563 -0.810888  -0.56952   1.71163
        0         0         0         1

-0.533482 -0.425057  0.731248  0.299015
-0.835039  0.402227 -0.375397  0.779759
-0.134563 -0.810888  -0.56952   1.71163
        0         0         0         1

-0.519217 -0.431372  0.737788  0.281469
 -0.83512  0.439545  -0.33072  0.761934
-0.181628 -0.787857 -0.588466    1.6952
        0         0         0         1

-0.519217 -0.431372  0.737788  0.281469
 -0.83512  0.439545  -0.33072  0.761934
-0.181628 -0.787857 -0.588466    1.6952
        0         0         0         1

-0.520147 -0.424421  0.741157  0.274996
-0.827133  0.466578   -0.3133  0.756788
-0.212836 -0.775998 -0.593741   1.68157
        0         0         0         1

-0.520147 -0.424421  0.741157  0.274996
-0.827133  0.466578   -0.3133  0.756788
-0.212836 -0.775998 -0.593741   1.68157
        0         0         0         1

-0.526321 -0.414962  0.742154  0.276034
-0.816383  0.490627 -0.304637  0.755673
-0.237708 -0.766219 -0.596995   1.66545
        0         0         0         1

-0.526321 -0.414962  0.742154  0.276034
-0.816383  0.490627 -0.304637  0.755673
-0.237708 -0.766219 -0.596995   1.66545
        0         0         0         1

-0.527455 -0.397225  0.751002  0.265471
-0.803693  0.519884 -0.289481  0.751366
-0.275445 -0.756262 -0.593462   1.63549
        0         0         0         1

-0.527455 -0.397225  0.751002  0.265471
-0.803693  0.519884 -0.289481  0.751366
-0.275445 -0.756262 -0.593462   1.63549
        0         0         0         1

-0.532342 -0.382933  0.754966  0.261593
-0.790674  0.543506 -0.281844   0.74869
-0.302401  -0.74697 -0.592106    1.6235
        0         0         0         1

-0.532342 -0.382933  0.754966  0.261593
-0.790674  0.543506 -0.281844   0.74869
-0.302401  -0.74697 -0.592106    1.6235
        0         0         0         1

-0.540808 -0.353329  0.763338  0.256655
-0.769488  0.574344 -0.279316  0.747917
-0.339728 -0.738436 -0.582492   1.60464
        0         0         0         1

-0.540808 -0.353329  0.763338  0.256655
-0.769488  0.574344 -0.279316  0.747917
-0.339728 -0.738436 -0.582492   1.60464
        0         0         0         1

-0.557153  -0.32683  0.763389  0.266842
-0.750746  0.591144 -0.294839  0.752127
-0.354911 -0.737381 -0.574724   1.58902
        0         0         0         1

-0.557153  -0.32683  0.763389  0.266842
-0.750746  0.591144 -0.294839  0.752127
-0.354911 -0.737381 -0.574724   1.58902
        0         0         0         1

-0.554203  -0.31934  0.768688  0.257802
-0.744422  0.603327 -0.286064  0.750117
-0.372419 -0.730766 -0.572089   1.58274
        0         0         0         1

-0.554203  -0.31934  0.768688  0.257802
-0.744422  0.603327 -0.286064  0.750117
-0.372419 -0.730766 -0.572089   1.58274
        0         0         0         1

-0.550943 -0.300489  0.778568  0.254404
-0.730726  0.624335 -0.276126  0.750488
-0.403115  -0.72105 -0.563548   1.56472
        0         0         0         1

-0.550943 -0.300489  0.778568  0.254404
-0.730726  0.624335 -0.276126  0.750488
-0.403115  -0.72105 -0.563548   1.56472
        0         0         0         1

-0.543883 -0.292063  0.786696  0.254178
-0.719654  0.644517 -0.258255  0.750327
-0.431613 -0.706609 -0.560726   1.55198
        0         0         0         1

-0.543883 -0.292063  0.786696  0.254178
-0.719654  0.644517 -0.258255  0.750327
-0.431613 -0.706609 -0.560726   1.55198
        0         0         0         1

-0.523431  -0.28383  0.803405  0.245029
-0.699758  0.681179 -0.215254  0.748616
-0.486167  -0.67486 -0.555163    1.5367
        0         0         0         1

-0.523431  -0.28383  0.803405  0.245029
-0.699758  0.681179 -0.215254  0.748616
-0.486167  -0.67486 -0.555163    1.5367
        0         0         0         1

-0.522773 -0.258793   0.81224  0.254031
-0.674151   0.70867 -0.208103  0.754688
-0.521755 -0.656364 -0.544939   1.52409
        0         0         0         1

-0.522773 -0.258793   0.81224  0.254031
-0.674151   0.70867 -0.208103  0.754688
-0.521755 -0.656364 -0.544939   1.52409
        0         0         0         1

-0.517844 -0.246609  0.819159  0.254636
-0.655362   0.72982 -0.194583   0.75678
-0.549853  -0.63761 -0.539551   1.51311
        0         0         0         1

-0.517844 -0.246609  0.819159  0.254636
-0.655362   0.72982 -0.194583   0.75678
-0.549853  -0.63761 -0.539551   1.51311
        0         0         0         1

-0.511653 -0.223999  0.829479  0.264191
-0.632359  0.751753 -0.187053  0.762957
-0.581664 -0.620235 -0.526285   1.48881
        0         0         0         1

-0.511653 -0.223999  0.829479  0.264191
-0.632359  0.751753 -0.187053  0.762957
-0.581664 -0.620235 -0.526285   1.48881
        0         0         0         1

-0.494072 -0.228044  0.838981  0.258488
-0.626422  0.762543  -0.16163  0.761734
  -0.6029 -0.605412 -0.519603   1.48032
        0         0         0         1

-0.494072 -0.228044  0.838981  0.258488
-0.626422  0.762543  -0.16163  0.761734
  -0.6029 -0.605412 -0.519603   1.48032
        0         0         0         1

-0.478597 -0.230811  0.847154  0.256633
-0.613688  0.777967  -0.13474  0.759247
-0.627959 -0.584375 -0.513979   1.47418
        0         0         0         1

-0.478597 -0.230811  0.847154  0.256633
-0.613688  0.777967  -0.13474  0.759247
-0.627959 -0.584375 -0.513979   1.47418
        0         0         0         1

-0.469993 -0.231789  0.851693  0.255643
-0.609742  0.782935   -0.1234  0.759111
-0.638217  -0.57731 -0.509306   1.46643
        0         0         0         1

-0.469993 -0.231789  0.851693  0.255643
-0.609742  0.782935   -0.1234  0.759111
-0.638217  -0.57731 -0.509306   1.46643
        0         0         0         1

-0.468403 -0.230423  0.852938  0.262661
-0.601395  0.790377 -0.116743  0.762309
-0.647242 -0.567636  -0.50879   1.46274
        0         0         0         1

-0.468403 -0.230423  0.852938  0.262661
-0.601395  0.790377 -0.116743  0.762309
-0.647242 -0.567636  -0.50879   1.46274
        0         0         0         1

-0.467949 -0.237313  0.851297  0.265412
-0.593086  0.798468 -0.103427  0.761531
-0.655189 -0.553291 -0.514389   1.46451
        0         0         0         1

-0.467949 -0.237313  0.851297  0.265412
-0.593086  0.798468 -0.103427  0.761531
-0.655189 -0.553291 -0.514389   1.46451
        0         0         0         1

 -0.462814  -0.242834   0.852546   0.264511
 -0.597803   0.795643 -0.0978977   0.760597
  -0.65455  -0.554963  -0.513401    1.46109
         0          0          0          1

 -0.462814  -0.242834   0.852546   0.264511
 -0.597803   0.795643 -0.0978977   0.760597
  -0.65455  -0.554963  -0.513401    1.46109
         0          0          0          1

 -0.458267  -0.257255   0.850771   0.263144
 -0.606426    0.79029 -0.0876845   0.759431
 -0.649799  -0.556113   -0.51817    1.45988
         0          0          0          1

 -0.458267  -0.257255   0.850771   0.263144
 -0.606426    0.79029 -0.0876845   0.759431
 -0.649799  -0.556113   -0.51817    1.45988
         0          0          0          1

 -0.458077  -0.261792   0.849488   0.264122
 -0.609298   0.788305 -0.0856206   0.759527
 -0.647241  -0.556813  -0.520614    1.46227
         0          0          0          1

 -0.458077  -0.261792   0.849488   0.264122
 -0.609298   0.788305 -0.0856206   0.759527
 -0.647241  -0.556813  -0.520614    1.46227
         0          0          0          1

 -0.451748  -0.262142   0.852764   0.264546
 -0.613066   0.785632 -0.0832635    0.75898
 -0.648131  -0.560414  -0.515617    1.46272
         0          0          0          1

 -0.451748  -0.262142   0.852764   0.264546
 -0.613066   0.785632 -0.0832635    0.75898
 -0.648131  -0.560414  -0.515617    1.46272
         0          0          0          1

 -0.44565 -0.266477  0.854626  0.264944
-0.623065   0.77782 -0.082373  0.758824
-0.642795 -0.569198 -0.512668    1.4631
        0         0         0         1

 -0.44565 -0.266477  0.854626  0.264944
-0.623065   0.77782 -0.082373  0.758824
-0.642795 -0.569198 -0.512668    1.4631
        0         0         0         1

 -0.439688  -0.284945   0.851752    0.26337
 -0.639035   0.765635 -0.0737444   0.757385
 -0.631118  -0.576724   -0.51873    1.46509
         0          0          0          1

 -0.439688  -0.284945   0.851752    0.26337
 -0.639035   0.765635 -0.0737444   0.757385
 -0.631118  -0.576724   -0.51873    1.46509
         0          0          0          1

 -0.434468  -0.303117   0.848149   0.260661
 -0.658715   0.749159 -0.0696898   0.755373
 -0.614274  -0.588966  -0.525153    1.47175
         0          0          0          1

 -0.434468  -0.303117   0.848149   0.260661
 -0.658715   0.749159 -0.0696898   0.755373
 -0.614274  -0.588966  -0.525153    1.47175
         0          0          0          1

 -0.450906  -0.328113   0.830076    0.26405
 -0.682122    0.72647 -0.0833769   0.756236
 -0.575668  -0.603808  -0.551383    1.48906
         0          0          0          1

 -0.450906  -0.328113   0.830076    0.26405
 -0.682122    0.72647 -0.0833769   0.756236
 -0.575668  -0.603808  -0.551383    1.48906
         0          0          0          1

 -0.448907  -0.347375   0.823294   0.264929
 -0.713603   0.693897 -0.0963201   0.756419
 -0.537822  -0.630744  -0.559383    1.49433
         0          0          0          1

 -0.448907  -0.347375   0.823294   0.264929
 -0.713603   0.693897 -0.0963201   0.756419
 -0.537822  -0.630744  -0.559383    1.49433
         0          0          0          1

-0.443921 -0.368146  0.816947  0.270712
 -0.76489  0.630604 -0.131461  0.759339
-0.466773 -0.683233 -0.561529    1.5029
        0         0         0         1

-0.443921 -0.368146  0.816947  0.270712
 -0.76489  0.630604 -0.131461  0.759339
-0.466773 -0.683233 -0.561529    1.5029
        0         0         0         1

-0.433072 -0.376565  0.818931  0.278189
 -0.79669  0.584865 -0.152375  0.760689
-0.421585 -0.718423 -0.553294   1.51802
        0         0         0         1

-0.433072 -0.376565  0.818931  0.278189
 -0.79669  0.584865 -0.152375  0.760689
-0.421585 -0.718423 -0.553294   1.51802
        0         0         0         1

-0.426098 -0.398807   0.81203  0.280889
-0.822782  0.544011 -0.164563  0.759586
-0.376124 -0.738244 -0.559934   1.54014
        0         0         0         1

-0.426098 -0.398807   0.81203  0.280889
-0.822782  0.544011 -0.164563  0.759586
-0.376124 -0.738244 -0.559934   1.54014
        0         0         0         1

-0.426235 -0.416379  0.803089  0.302381
-0.849279  0.489916 -0.196742  0.767781
-0.311527 -0.765905 -0.562442   1.56018
        0         0         0         1

-0.426235 -0.416379  0.803089  0.302381
-0.849279  0.489916 -0.196742  0.767781
-0.311527 -0.765905 -0.562442   1.56018
        0         0         0         1

-0.410404 -0.439851  0.798811    0.3073
-0.869531  0.452679 -0.197478  0.766892
-0.274744 -0.775637 -0.568245   1.57815
        0         0         0         1

-0.410404 -0.439851  0.798811    0.3073
-0.869531  0.452679 -0.197478  0.766892
-0.274744 -0.775637 -0.568245   1.57815
        0         0         0         1

-0.389621 -0.480871  0.785467   0.33057
-0.894395  0.400984 -0.198166  0.771637
-0.219667 -0.779728  -0.58632   1.60504
        0         0         0         1

-0.389621 -0.480871  0.785467   0.33057
-0.894395  0.400984 -0.198166  0.771637
-0.219667 -0.779728  -0.58632   1.60504
        0         0         0         1

-0.379671 -0.506214  0.774337  0.357226
-0.905128  0.376336 -0.197774  0.777475
-0.191295 -0.775963 -0.601072   1.62724
        0         0         0         1

-0.379671 -0.506214  0.774337  0.357226
-0.905128  0.376336 -0.197774  0.777475
-0.191295 -0.775963 -0.601072   1.62724
        0         0         0         1

-0.339003 -0.543128  0.768172  0.374897
-0.926786  0.333136 -0.173461   0.77585
-0.161694 -0.770735 -0.616297   1.66715
        0         0         0         1

-0.339003 -0.543128  0.768172  0.374897
-0.926786  0.333136 -0.173461   0.77585
-0.161694 -0.770735 -0.616297   1.66715
        0         0         0         1

-0.312787 -0.561804   0.76586  0.390663
-0.939795  0.299911 -0.163822  0.776089
-0.137654 -0.770993 -0.621789   1.68444
        0         0         0         1

-0.312787 -0.561804   0.76586  0.390663
-0.939795  0.299911 -0.163822  0.776089
-0.137654 -0.770993 -0.621789   1.68444
        0         0         0         1

-0.299882 -0.573072  0.762666  0.419725
-0.946671  0.277515 -0.163707  0.778715
-0.117836 -0.771086 -0.625732   1.70813
        0         0         0         1

-0.299882 -0.573072  0.762666  0.419725
-0.946671  0.277515 -0.163707  0.778715
-0.117836 -0.771086 -0.625732   1.70813
        0         0         0         1

 -0.25788 -0.591366  0.764057  0.440792
 -0.96202  0.230435 -0.146342  0.775681
-0.089524 -0.772778 -0.628331   1.73894
        0         0         0         1

 -0.25788 -0.591366  0.764057  0.440792
 -0.96202  0.230435 -0.146342  0.775681
-0.089524 -0.772778 -0.628331   1.73894
        0         0         0         1

-0.234468 -0.603424  0.762171  0.463406
-0.969054   0.20734 -0.133957  0.776311
-0.0771951 -0.769994 -0.633365   1.76074
        0         0         0         1

-0.234468 -0.603424  0.762171  0.463406
-0.969054   0.20734 -0.133957  0.776311
-0.0771951 -0.769994 -0.633365   1.76074
        0         0         0         1

-0.200614 -0.624085  0.755163  0.504893
-0.978031  0.172157 -0.117546   0.77788
-0.0566475 -0.762155 -0.644912   1.78386
        0         0         0         1

-0.200614 -0.624085  0.755163  0.504893
-0.978031  0.172157 -0.117546   0.77788
-0.0566475 -0.762155 -0.644912   1.78386
        0         0         0         1

 -0.170513  -0.639094    0.74999   0.531927
 -0.983717    0.15428 -0.0921839   0.773697
-0.0567946  -0.753496  -0.654994    1.80932
         0          0          0          1

 -0.170513  -0.639094    0.74999   0.531927
 -0.983717    0.15428 -0.0921839   0.773697
-0.0567946  -0.753496  -0.654994    1.80932
         0          0          0          1

 -0.149775  -0.649847   0.745162   0.565102
 -0.987419   0.136956 -0.0790303   0.773014
-0.0506969  -0.747624  -0.662185    1.82745
         0          0          0          1

 -0.149775  -0.649847   0.745162   0.565102
 -0.987419   0.136956 -0.0790303   0.773014
-0.0506969  -0.747624  -0.662185    1.82745
         0          0          0          1

 -0.130167  -0.651299   0.747574   0.616245
 -0.990978   0.109739 -0.0769421   0.771342
-0.0319255  -0.750844  -0.659707    1.84364
         0          0          0          1

 -0.130167  -0.651299   0.747574   0.616245
 -0.990978   0.109739 -0.0769421   0.771342
-0.0319255  -0.750844  -0.659707    1.84364
         0          0          0          1

 -0.108811  -0.649527   0.752512   0.640077
 -0.993831  0.0874181 -0.0682504   0.768292
-0.0214527  -0.755296  -0.655032    1.85649
         0          0          0          1

 -0.108811  -0.649527   0.752512   0.640077
 -0.993831  0.0874181 -0.0682504   0.768292
-0.0214527  -0.755296  -0.655032    1.85649
         0          0          0          1

-0.0899471  -0.638543   0.764312   0.680958
 -0.995915  0.0515702 -0.0741188   0.761675
0.00791229  -0.767857  -0.640573    1.86823
         0          0          0          1

-0.0899471  -0.638543   0.764312   0.680958
 -0.995915  0.0515702 -0.0741188   0.761675
0.00791229  -0.767857  -0.640573    1.86823
         0          0          0          1

-0.0732494 -0.632461  0.771121  0.706208
-0.997047 0.0285611 -0.071285  0.755528
 0.023061 -0.774066 -0.632685   1.87977
        0         0         0         1

-0.0732494 -0.632461  0.771121  0.706208
-0.997047 0.0285611 -0.071285  0.755528
 0.023061 -0.774066 -0.632685   1.87977
        0         0         0         1

 -0.0676504   -0.625104    0.777604    0.742636
  -0.996243 8.25766e-05  -0.0866052    0.752765
  0.0540731   -0.780541   -0.622761     1.88055
          0           0           0           1

 -0.0676504   -0.625104    0.777604    0.742636
  -0.996243 8.25766e-05  -0.0866052    0.752765
  0.0540731   -0.780541   -0.622761     1.88055
          0           0           0           1

-0.0331672  -0.609761   0.791891   0.776532
 -0.996468 -0.0409855 -0.0732947   0.741408
 0.0771483  -0.791525  -0.606248    1.88989
         0          0          0          1

-0.0331672  -0.609761   0.791891   0.776532
 -0.996468 -0.0409855 -0.0732947   0.741408
 0.0771483  -0.791525  -0.606248    1.88989
         0          0          0          1

-0.0131294  -0.610417   0.791971   0.809593
 -0.996361 -0.0587253 -0.0617808   0.735148
 0.0842209    -0.7899  -0.607425    1.89226
         0          0          0          1

-0.0131294  -0.610417   0.791971   0.809593
 -0.996361 -0.0587253 -0.0617808   0.735148
 0.0842209    -0.7899  -0.607425    1.89226
         0          0          0          1

 0.0163518  -0.608053   0.793728   0.836868
  -0.99718 -0.0680691 -0.0316027   0.725402
 0.0732445  -0.790973  -0.607452    1.89925
         0          0          0          1

 0.0163518  -0.608053   0.793728   0.836868
  -0.99718 -0.0680691 -0.0316027   0.725402
 0.0732445  -0.790973  -0.607452    1.89925
         0          0          0          1

 0.0662835  -0.596934   0.799548   0.881169
 -0.995574 -0.0930766  0.0130443   0.714215
 0.0666325  -0.796873  -0.600461    1.89632
         0          0          0          1

 0.0662835  -0.596934   0.799548   0.881169
 -0.995574 -0.0930766  0.0130443   0.714215
 0.0666325  -0.796873  -0.600461    1.89632
         0          0          0          1

0.0881318 -0.589816  0.802714   0.91508
 -0.99377 -0.107258 0.0302978  0.706964
0.0682269 -0.800383 -0.595594   1.89113
        0         0         0         1

0.0881318 -0.589816  0.802714   0.91508
 -0.99377 -0.107258 0.0302978  0.706964
0.0682269 -0.800383 -0.595594   1.89113
        0         0         0         1

 0.117351 -0.567229  0.815156  0.953985
-0.989658 -0.134979 0.0485469  0.698252
0.0824922 -0.812423 -0.577203   1.88007
        0         0         0         1

 0.117351 -0.567229  0.815156  0.953985
-0.989658 -0.134979 0.0485469  0.698252
0.0824922 -0.812423 -0.577203   1.88007
        0         0         0         1

 0.117929 -0.565194  0.816485  0.996508
-0.989666 -0.134434 0.0498831  0.687431
0.0815696 -0.813931 -0.575207   1.87949
        0         0         0         1

 0.117929 -0.565194  0.816485  0.996508
-0.989666 -0.134434 0.0498831  0.687431
0.0815696 -0.813931 -0.575207   1.87949
        0         0         0         1

 0.128714 -0.556336  0.820928   1.02578
-0.987825 -0.144862 0.0567101   0.67851
0.0873716 -0.818233 -0.568209    1.8731
        0         0         0         1

 0.128714 -0.556336  0.820928   1.02578
-0.987825 -0.144862 0.0567101   0.67851
0.0873716 -0.818233 -0.568209    1.8731
        0         0         0         1

 0.162265 -0.549097  0.819855   1.06857
-0.982936 -0.162903 0.0854384  0.664622
0.0866426 -0.819729  -0.56616   1.85906
        0         0         0         1

 0.162265 -0.549097  0.819855   1.06857
-0.982936 -0.162903 0.0854384  0.664622
0.0866426 -0.819729  -0.56616   1.85906
        0         0         0         1

 0.185041 -0.543092   0.81903   1.10008
-0.978819 -0.176139  0.104346  0.655103
0.0875936 -0.820991 -0.564182   1.85063
        0         0         0         1

 0.185041 -0.543092   0.81903   1.10008
-0.978819 -0.176139  0.104346  0.655103
0.0875936 -0.820991 -0.564182   1.85063
        0         0         0         1

 0.218637 -0.542671  0.810991   1.14727
-0.972917 -0.185135  0.138409  0.639427
0.0750319 -0.819288 -0.568451   1.83932
        0         0         0         1

 0.218637 -0.542671  0.810991   1.14727
-0.972917 -0.185135  0.138409  0.639427
0.0750319 -0.819288 -0.568451   1.83932
        0         0         0         1

 0.233063  -0.53592  0.811462   1.18098
-0.969791  -0.18989  0.153127  0.629828
0.0720245 -0.822637 -0.563987   1.82607
        0         0         0         1

 0.233063  -0.53592  0.811462   1.18098
-0.969791  -0.18989  0.153127  0.629828
0.0720245 -0.822637 -0.563987   1.82607
        0         0         0         1

 0.243701   -0.5359  0.808345    1.2186
-0.967512 -0.192179   0.16428  0.620684
0.0673091 -0.822119 -0.565323    1.8097
        0         0         0         1

 0.243701   -0.5359  0.808345    1.2186
-0.967512 -0.192179   0.16428  0.620684
0.0673091 -0.822119 -0.565323    1.8097
        0         0         0         1

 0.275576 -0.530201  0.801839   1.26084
-0.960268 -0.190081  0.204337  0.605739
0.0440742 -0.826291 -0.561517   1.78859
        0         0         0         1

 0.275576 -0.530201  0.801839   1.26084
-0.960268 -0.190081  0.204337  0.605739
0.0440742 -0.826291 -0.561517   1.78859
        0         0         0         1

 0.284755 -0.523399  0.803099   1.29469
-0.958032 -0.184219   0.21963  0.593536
 0.032992 -0.831936  -0.55389   1.77436
        0         0         0         1

 0.284755 -0.523399  0.803099   1.29469
-0.958032 -0.184219   0.21963  0.593536
 0.032992 -0.831936  -0.55389   1.77436
        0         0         0         1

 0.304673 -0.515466  0.800918   1.33507
-0.952175 -0.185301  0.242953  0.578229
0.0231762 -0.836635  -0.54727   1.75089
        0         0         0         1

 0.304673 -0.515466  0.800918   1.33507
-0.952175 -0.185301  0.242953  0.578229
0.0231762 -0.836635  -0.54727   1.75089
        0         0         0         1

 0.307559 -0.516422  0.799197   1.36566
-0.951438 -0.178529  0.250785  0.566929
0.0131689 -0.837518 -0.546251   1.73562
        0         0         0         1

 0.307559 -0.516422  0.799197   1.36566
-0.951438 -0.178529  0.250785  0.566929
0.0131689 -0.837518 -0.546251   1.73562
        0         0         0         1

 0.314584 -0.520248  0.793964   1.39322
-0.949229 -0.172938  0.262785  0.556385
0.000593009 -0.836322 -0.548238   1.71851
        0         0         0         1

 0.314584 -0.520248  0.793964   1.39322
-0.949229 -0.172938  0.262785  0.556385
0.000593009 -0.836322 -0.548238   1.71851
        0         0         0         1

 0.329067 -0.523468  0.785937    1.4344
-0.943973 -0.160234  0.288513  0.539251
-0.0250935 -0.836843 -0.546867   1.69207
        0         0         0         1

 0.329067 -0.523468  0.785937    1.4344
-0.943973 -0.160234  0.288513  0.539251
-0.0250935 -0.836843 -0.546867   1.69207
        0         0         0         1

 0.334869 -0.527828  0.780552   1.46169
 -0.94138 -0.151523  0.301403  0.528018
-0.040817 -0.835726 -0.547627   1.67185
        0         0         0         1

 0.334869 -0.527828  0.780552   1.46169
 -0.94138 -0.151523  0.301403  0.528018
-0.040817 -0.835726 -0.547627   1.67185
        0         0         0         1

 0.341426 -0.532072  0.774808   1.49605
-0.937459 -0.133294  0.321565  0.511304
-0.0678185 -0.836141 -0.544305   1.64648
        0         0         0         1

 0.341426 -0.532072  0.774808   1.49605
-0.937459 -0.133294  0.321565  0.511304
-0.0678185 -0.836141 -0.544305   1.64648
        0         0         0         1

 0.339778 -0.536907  0.772193   1.52192
-0.936814 -0.120539  0.328404  0.499737
-0.0832428 -0.834986 -0.543939   1.62414
        0         0         0         1

 0.339778 -0.536907  0.772193   1.52192
-0.936814 -0.120539  0.328404  0.499737
-0.0832428 -0.834986 -0.543939   1.62414
        0         0         0         1

 0.341418 -0.535736  0.772283   1.54206
-0.934246 -0.103351  0.341325   0.48939
-0.103045 -0.838036 -0.535795    1.6068
        0         0         0         1

 0.341418 -0.535736  0.772283   1.54206
-0.934246 -0.103351  0.341325   0.48939
-0.103045 -0.838036 -0.535795    1.6068
        0         0         0         1

  0.329158  -0.536784   0.776864    1.57146
 -0.935957 -0.0765075   0.343702   0.472315
 -0.125058  -0.840244   -0.52759    1.58075
         0          0          0          1

  0.329158  -0.536784   0.776864    1.57146
 -0.935957 -0.0765075   0.343702   0.472315
 -0.125058  -0.840244   -0.52759    1.58075
         0          0          0          1

   0.32032  -0.547292   0.773218    1.59068
  -0.93673 -0.0613463   0.344636   0.461623
 -0.141183   -0.83469  -0.532316    1.56074
         0          0          0          1

   0.32032  -0.547292   0.773218    1.59068
  -0.93673 -0.0613463   0.344636   0.461623
 -0.141183   -0.83469  -0.532316    1.56074
         0          0          0          1

  0.311724  -0.555833   0.770635    1.61967
 -0.935222 -0.0361743   0.352209   0.444815
 -0.167892  -0.830507  -0.531103    1.53153
         0          0          0          1

  0.311724  -0.555833   0.770635    1.61967
 -0.935222 -0.0361743   0.352209   0.444815
 -0.167892  -0.830507  -0.531103    1.53153
         0          0          0          1

  0.303768   -0.56109   0.770002    1.63566
 -0.935116 -0.0208291   0.353729   0.434805
 -0.182435  -0.827493  -0.531011    1.51454
         0          0          0          1

  0.303768   -0.56109   0.770002    1.63566
 -0.935116 -0.0208291   0.353729   0.434805
 -0.182435  -0.827493  -0.531011    1.51454
         0          0          0          1

   0.304286   -0.570507    0.762845     1.65223
  -0.929914 -0.00424462    0.367752    0.425366
  -0.206567   -0.821282   -0.531814      1.4968
          0           0           0           1

   0.304286   -0.570507    0.762845     1.65223
  -0.929914 -0.00424462    0.367752    0.425366
  -0.206567   -0.821282   -0.531814      1.4968
          0           0           0           1

 0.287305 -0.575749  0.765486   1.67601
-0.930553   0.02162  0.365519   0.41139
-0.226997  -0.81734 -0.529554   1.46703
        0         0         0         1

 0.287305 -0.575749  0.765486   1.67601
-0.930553   0.02162  0.365519   0.41139
-0.226997  -0.81734 -0.529554   1.46703
        0         0         0         1

 0.279456 -0.583315  0.762659   1.69159
-0.928188 0.0391437  0.370048  0.402147
-0.245708 -0.811302 -0.530487   1.44865
        0         0         0         1

 0.279456 -0.583315  0.762659   1.69159
-0.928188 0.0391437  0.370048  0.402147
-0.245708 -0.811302 -0.530487   1.44865
        0         0         0         1

  0.27032 -0.589681  0.761055   1.70923
-0.923721 0.0639945  0.377682  0.390383
-0.271415 -0.805097 -0.527402   1.42498
        0         0         0         1

  0.27032 -0.589681  0.761055   1.70923
-0.923721 0.0639945  0.377682  0.390383
-0.271415 -0.805097 -0.527402   1.42498
        0         0         0         1

 0.266415 -0.597402  0.756396   1.72065
-0.918351 0.0809564  0.387398  0.382543
-0.292667 -0.797845 -0.527057   1.40959
        0         0         0         1

 0.266415 -0.597402  0.756396   1.72065
-0.918351 0.0809564  0.387398  0.382543
-0.292667 -0.797845 -0.527057   1.40959
        0         0         0         1

 0.264926 -0.605943  0.750098    1.7307
-0.912512 0.0938851  0.398131  0.376712
-0.311667 -0.789949 -0.528057   1.39155
        0         0         0         1

 0.264926 -0.605943  0.750098    1.7307
-0.912512 0.0938851  0.398131  0.376712
-0.311667 -0.789949 -0.528057   1.39155
        0         0         0         1

 0.255653 -0.616666  0.744557   1.74446
-0.904483    0.1194  0.409457  0.366852
-0.341398 -0.778118 -0.527239   1.37065
        0         0         0         1

 0.255653 -0.616666  0.744557   1.74446
-0.904483    0.1194  0.409457  0.366852
-0.341398 -0.778118 -0.527239   1.37065
        0         0         0         1

 0.237854 -0.615189  0.751643   1.75462
 -0.90604  0.138343  0.399941   0.36036
-0.350024 -0.776147  -0.52448   1.36056
        0         0         0         1

 0.237854 -0.615189  0.751643   1.75462
 -0.90604  0.138343  0.399941   0.36036
-0.350024 -0.776147  -0.52448   1.36056
        0         0         0         1

 0.219884 -0.622167  0.751371   1.76498
-0.904568  0.158345  0.395833  0.352927
 -0.36525 -0.766704 -0.527975   1.34092
        0         0         0         1

 0.219884 -0.622167  0.751371   1.76498
-0.904568  0.158345  0.395833  0.352927
 -0.36525 -0.766704 -0.527975   1.34092
        0         0         0         1

 0.224838 -0.623205  0.749042   1.77115
-0.893147  0.175501  0.414111  0.349445
-0.389534 -0.762112 -0.517154   1.33256
        0         0         0         1

 0.224838 -0.623205  0.749042   1.77115
-0.893147  0.175501  0.414111  0.349445
-0.389534 -0.762112 -0.517154   1.33256
        0         0         0         1

 0.234239 -0.628928  0.741338   1.77322
-0.881863  0.183513  0.434327  0.348128
-0.409206 -0.755495 -0.511643   1.32002
        0         0         0         1

 0.234239 -0.628928  0.741338   1.77322
-0.881863  0.183513  0.434327  0.348128
-0.409206 -0.755495 -0.511643   1.32002
        0         0         0         1

  0.23164 -0.632392  0.739205   1.78196
-0.870227  0.204922  0.448008  0.342501
-0.434796 -0.747053 -0.502857    1.3074
        0         0         0         1

  0.23164 -0.632392  0.739205   1.78196
-0.870227  0.204922  0.448008  0.342501
-0.434796 -0.747053 -0.502857    1.3074
        0         0         0         1

 0.224191 -0.631961  0.741865    1.7853
-0.868016  0.216582  0.446811  0.340796
-0.443042 -0.744122 -0.499997   1.30135
        0         0         0         1

 0.224191 -0.631961  0.741865    1.7853
-0.868016  0.216582  0.446811  0.340796
-0.443042 -0.744122 -0.499997   1.30135
        0         0         0         1

 0.212804 -0.632968  0.744356   1.78891
-0.867935  0.227443  0.441541  0.339965
 -0.44878 -0.740014 -0.500974   1.28917
        0         0         0         1

 0.212804 -0.632968  0.744356   1.78891
-0.867935  0.227443  0.441541  0.339965
 -0.44878 -0.740014 -0.500974   1.28917
        0         0         0         1

 0.208327 -0.636203  0.742863   1.79177
 -0.86355  0.236966  0.445115  0.338792
-0.459217 -0.734229 -0.500027   1.28263
        0         0         0         1

 0.208327 -0.636203  0.742863   1.79177
 -0.86355  0.236966  0.445115  0.338792
-0.459217 -0.734229 -0.500027   1.28263
        0         0         0         1

 0.216766 -0.635601  0.740961    1.7932
-0.852998  0.245813  0.460402  0.338669
 -0.47477 -0.731838 -0.488883   1.27889
        0         0         0         1

 0.216766 -0.635601  0.740961    1.7932
-0.852998  0.245813  0.460402  0.338669
 -0.47477 -0.731838 -0.488883   1.27889
        0         0         0         1

 0.221127 -0.632303  0.742493   1.79985
 -0.84583  0.254641  0.468753  0.336286
-0.485463 -0.731677 -0.478513   1.27205
        0         0         0         1

 0.221127 -0.632303  0.742493   1.79985
 -0.84583  0.254641  0.468753  0.336286
-0.485463 -0.731677 -0.478513   1.27205
        0         0         0         1

 0.227089 -0.634404  0.738892   1.80069
 -0.84099  0.254844  0.477273  0.338018
-0.491086 -0.729785 -0.475656   1.26941
        0         0         0         1

 0.227089 -0.634404  0.738892   1.80069
 -0.84099  0.254844  0.477273  0.338018
-0.491086 -0.729785 -0.475656   1.26941
        0         0         0         1

 0.228484 -0.637778   0.73555   1.80496
-0.838788  0.254566  0.481281  0.337354
-0.494197 -0.726935 -0.476796   1.26644
        0         0         0         1

 0.228484 -0.637778   0.73555   1.80496
-0.838788  0.254566  0.481281  0.337354
-0.494197 -0.726935 -0.476796   1.26644
        0         0         0         1

 0.231888 -0.637602  0.734638   1.80595
-0.836781  0.254344  0.484878  0.338165
 -0.49601 -0.727168 -0.474553   1.26513
        0         0         0         1

 0.231888 -0.637602  0.734638   1.80595
-0.836781  0.254344  0.484878  0.338165
 -0.49601 -0.727168 -0.474553   1.26513
        0         0         0         1

 0.234123 -0.638478  0.733166   1.80683
-0.835743  0.253116  0.487305  0.338613
 -0.49671 -0.726827 -0.474343   1.26341
        0         0         0         1

 0.234123 -0.638478  0.733166   1.80683
-0.835743  0.253116  0.487305  0.338613
 -0.49671 -0.726827 -0.474343   1.26341
        0         0         0         1

 0.240214 -0.639028  0.730713   1.80907
-0.830688  0.254153  0.495343  0.338934
 -0.50225 -0.725982 -0.469782   1.26388
        0         0         0         1

 0.240214 -0.639028  0.730713   1.80907
-0.830688  0.254153  0.495343  0.338934
 -0.50225 -0.725982 -0.469782   1.26388
        0         0         0         1

 0.244443 -0.641604  0.727043   1.81015
 -0.82792  0.252215  0.500935  0.339379
-0.504773 -0.724384 -0.469544   1.26356
        0         0         0         1

 0.244443 -0.641604  0.727043   1.81015
 -0.82792  0.252215  0.500935  0.339379
-0.504773 -0.724384 -0.469544   1.26356
        0         0         0         1

 0.253216 -0.644915  0.721087   1.81083
-0.821636  0.250107  0.512211  0.340969
-0.510681 -0.722171 -0.466555   1.26433
        0         0         0         1

 0.253216 -0.644915  0.721087   1.81083
-0.821636  0.250107  0.512211  0.340969
-0.510681 -0.722171 -0.466555   1.26433
        0         0         0         1

 0.258361 -0.646987  0.717397   1.81196
-0.816986   0.24997  0.519663  0.341182
-0.515542 -0.720363 -0.463996   1.26489
        0         0         0         1

 0.258361 -0.646987  0.717397   1.81196
-0.816986   0.24997  0.519663  0.341182
-0.515542 -0.720363 -0.463996   1.26489
        0         0         0         1

 0.262909 -0.645285  0.717277    1.8127
-0.812736  0.252515  0.525069  0.341951
-0.519942 -0.721002 -0.458057   1.26561
        0         0         0         1

 0.262909 -0.645285  0.717277    1.8127
-0.812736  0.252515  0.525069  0.341951
-0.519942 -0.721002 -0.458057   1.26561
        0         0         0         1

 0.281579 -0.645256  0.710181   1.80992
-0.800118  0.250643  0.544967  0.346497
-0.529645  -0.72168 -0.445705   1.26899
        0         0         0         1

 0.281579 -0.645256  0.710181   1.80992
-0.800118  0.250643  0.544967  0.346497
-0.529645  -0.72168 -0.445705   1.26899
        0         0         0         1

 0.300018 -0.644834  0.702978   1.80603
-0.788751  0.246787     0.563  0.351218
-0.536527 -0.723384 -0.434573   1.27353
        0         0         0         1

 0.300018 -0.644834  0.702978   1.80603
-0.788751  0.246787     0.563  0.351218
-0.536527 -0.723384 -0.434573   1.27353
        0         0         0         1

  0.30935  -0.65189  0.692346   1.80634
-0.781659   0.24033  0.575543  0.354029
-0.541582 -0.719223 -0.435209   1.27724
        0         0         0         1

  0.30935  -0.65189  0.692346   1.80634
-0.781659   0.24033  0.575543  0.354029
-0.541582 -0.719223 -0.435209   1.27724
        0         0         0         1

 0.320168 -0.656436   0.68307   1.80328
-0.776537  0.231168  0.586133  0.359616
-0.542663  -0.71809 -0.435734   1.28557
        0         0         0         1

 0.320168 -0.656436   0.68307   1.80328
-0.776537  0.231168  0.586133  0.359616
-0.542663  -0.71809 -0.435734   1.28557
        0         0         0         1

 0.322694 -0.655873  0.682421   1.79883
-0.779142  0.225296  0.584961  0.365058
-0.537407 -0.720466 -0.438317   1.29171
        0         0         0         1

 0.322694 -0.655873  0.682421   1.79883
-0.779142  0.225296  0.584961  0.365058
-0.537407 -0.720466 -0.438317   1.29171
        0         0         0         1

 0.315509 -0.660792  0.681035    1.7942
