-0.0988452 -0.579489  0.808964  0.634846
-0.834398 -0.394704 -0.384693   1.04399
 0.542226 -0.713023  -0.44451   2.05435
        0         0         0         1

-0.045863 -0.573138  0.818174  0.624471
-0.858405  -0.39629 -0.325723  0.983914
 0.510919 -0.717263  -0.47381    2.0639
        0         0         0         1

-0.0303742 -0.564341  0.824983  0.616904
-0.863481  -0.40092 -0.306046  0.963266
 0.503466 -0.721653  -0.47512   2.05897
        0         0         0         1

0.000220745 -0.562799  0.826594  0.609473
  -0.8776 -0.396373 -0.269642  0.929428
 0.479394 -0.725359    -0.494   2.07087
        0         0         0         1

0.0160082 -0.554908  0.831758  0.599253
-0.888829 -0.388907 -0.242353  0.902509
  0.45796 -0.735411 -0.499444   2.07883
        0         0         0         1

0.0423397 -0.547192  0.835935  0.584439
-0.894035 -0.394241 -0.212782  0.874185
 0.445993 -0.738346 -0.505901   2.07243
        0         0         0         1

0.0655533 -0.532741  0.843736  0.566151
-0.904048 -0.389619 -0.175769  0.844375
 0.422374 -0.751255 -0.507164   2.08079
        0         0         0         1

 0.105913  -0.51095   0.85306  0.544944
-0.918269 -0.379416 -0.113247  0.782802
 0.381528 -0.771345 -0.509375    2.0859
        0         0         0         1

  0.119587  -0.496055   0.860016   0.533033
 -0.921659  -0.377515 -0.0895911   0.757952
  0.369111  -0.781928   -0.50234    2.08178
         0          0          0          1

  0.135138  -0.483843   0.864658   0.523158
 -0.924642  -0.375175 -0.0654265   0.728433
  0.356054  -0.790658  -0.498082    2.07651
         0          0          0          1

 0.140818 -0.475143  0.868567  0.519927
-0.926989 -0.371345 -0.052852  0.706492
 0.347651  -0.79771 -0.492745   2.07039
        0         0         0         1

  0.122695  -0.435989   0.891549   0.512928
 -0.930933  -0.361905 -0.0488652   0.648164
  0.343961  -0.823977   -0.45028      2.074
         0          0          0          1

  0.101937  -0.380467   0.919159   0.492379
 -0.928783  -0.367363 -0.0490582   0.627637
   0.35633  -0.848699  -0.390819    2.05634
         0          0          0          1

 0.0940182  -0.367229   0.925367   0.488371
 -0.932461   -0.35815 -0.0473917   0.603866
  0.348823  -0.858412  -0.376099    2.04274
         0          0          0          1

  0.116272  -0.375951   0.919316   0.478939
 -0.940832   -0.33832 -0.0193612    0.57628
  0.318302  -0.862671  -0.393043    2.04687
         0          0          0          1

  0.126668  -0.383577   0.914781   0.479972
 -0.950764  -0.309913 0.00170086   0.549948
   0.28285  -0.869956  -0.403947    2.03717
         0          0          0          1

 0.133929 -0.389404  0.911278  0.480017
-0.957607 -0.287523 0.0178748  0.529038
 0.255053  -0.87504 -0.411403   2.03323
        0         0         0         1

 0.158461 -0.400476  0.902502    0.4729
-0.968918 -0.238932 0.0640988  0.473835
 0.189967 -0.884608  -0.42589   2.02804
        0         0         0         1

 0.165019 -0.400397  0.901361  0.470191
-0.971979 -0.221139 0.0797141  0.452656
 0.167409 -0.889258  -0.42567   2.02189
        0         0         0         1

 0.170837 -0.401475  0.899796  0.469279
-0.974289 -0.204976 0.0935231  0.429814
 0.146889 -0.892638  -0.42617    2.0102
        0         0         0         1

 0.179112 -0.399719  0.898968    0.4643
-0.975035 -0.194019  0.107998  0.409114
 0.131248 -0.895869 -0.424491   2.00317
        0         0         0         1

 0.193276 -0.397982  0.896802   0.45961
-0.977008 -0.161914  0.138707  0.363461
 0.090002 -0.902992 -0.420126   1.98325
        0         0         0         1

 0.196611 -0.397783  0.896166  0.458697
-0.977609 -0.149447  0.148143  0.346297
0.0750005 -0.905226 -0.418259   1.97318
        0         0         0         1

 0.206285 -0.397085  0.894298   0.45775
-0.977492 -0.124936  0.170002  0.322281
0.0442247 -0.909238  -0.41392   1.96511
        0         0         0         1

 0.215046 -0.392688  0.894177  0.454954
-0.976317 -0.108648  0.187086  0.304018
0.0236846 -0.913232 -0.406752   1.95532
        0         0         0         1

  0.225097  -0.391878   0.892055   0.453554
 -0.974303 -0.0829277   0.209421   0.280728
-0.00809139  -0.916272  -0.400475    1.94679
         0          0          0          1

 0.237684 -0.389712  0.889736  0.448603
-0.970848 -0.066089  0.230405  0.261886
-0.0309898 -0.918562  -0.39406   1.93774
        0         0         0         1

  0.253325  -0.392221   0.884302    0.44706
 -0.963809 -0.0238455   0.265525   0.221533
-0.0830578  -0.919562  -0.384067    1.91651
         0          0          0          1

   0.25585  -0.390977   0.884125   0.445978
 -0.961952 -0.0122815   0.272941   0.206543
-0.0958552  -0.920319  -0.379243    1.90607
         0          0          0          1

  0.258688   -0.39006   0.883704   0.441785
 -0.959434 0.00241718   0.281923   0.184859
 -0.112103  -0.920786  -0.373611    1.89383
         0          0          0          1

  0.25435 -0.395094  0.882727  0.441299
 -0.95965 0.0100579  0.281016  0.170674
-0.119906 -0.918586 -0.376594   1.88369
        0         0         0         1

 0.250068 -0.415791  0.874405  0.438378
-0.956767 0.0324281  0.289042  0.134991
-0.148537 -0.908882 -0.389706   1.86057
        0         0         0         1

 0.249845 -0.427168  0.868968  0.437562
-0.954589 0.0417501  0.294986  0.120876
-0.162288 -0.903208 -0.397339   1.85041
        0         0         0         1

 0.247827 -0.444537  0.860795  0.438029
-0.951732 0.0543555  0.302078  0.104115
-0.181074  -0.89411 -0.409609   1.83854
        0         0         0         1

 0.243712 -0.455774  0.856081  0.438248
-0.950033 0.0653249  0.305237 0.0916903
-0.195042 -0.887695  -0.41708   1.82841
        0         0         0         1

 0.239458 -0.465238  0.852182  0.437148
-0.947869 0.0780474  0.308954 0.0756345
-0.210248 -0.881738 -0.422296   1.81486
        0         0         0         1

 0.234781  -0.47126  0.850172  0.436672
-0.946389 0.0888095   0.31058 0.0634515
-0.221867 -0.877512 -0.425144   1.80426
        0         0         0         1

 0.220517 -0.470656  0.854315  0.431084
-0.945173  0.113189  0.306327 0.0338543
-0.240874 -0.875026 -0.419891   1.77788
        0         0         0         1

 0.211461 -0.471997  0.855864  0.429576
-0.945706  0.122331  0.301123 0.0227075
-0.246828 -0.873071 -0.420503    1.7674
        0         0         0         1

  0.200713  -0.477275   0.855525   0.427904
 -0.944971   0.135979   0.297556 0.00879329
 -0.258349   -0.86817  -0.423718    1.75448
         0          0          0          1

   0.193458   -0.483925    0.853458    0.426584
  -0.943829    0.145721    0.296569 -0.00219743
  -0.267884   -0.862892   -0.428551     1.74519
          0           0           0           1

  0.171663  -0.495261   0.851615   0.424618
 -0.942275    0.16972   0.288639 -0.0245502
 -0.287488  -0.852004  -0.437538    1.72128
         0          0          0          1

  0.166591  -0.498125   0.850952    0.42336
 -0.939854   0.180776   0.289817 -0.0332948
 -0.298197  -0.848052  -0.438049    1.71093
         0          0          0          1

  0.16113 -0.502367  0.849508  0.421594
-0.935665  0.196058  0.293414 -0.044467
-0.313954 -0.842133 -0.438457   1.69882
        0         0         0         1

 0.153579  -0.50406  0.849904  0.420696
-0.933995  0.206748  0.291392 -0.052116
-0.322595 -0.838558 -0.439037   1.68961
        0         0         0         1

   0.14505  -0.502095   0.852561   0.418626
 -0.932932   0.217588   0.286867 -0.0618454
 -0.329542  -0.836992   -0.43686    1.67765
         0          0          0          1

 0.143338 -0.496993  0.855834  0.415505
-0.931924  0.223298  0.285754 -0.070134
-0.333124 -0.838532 -0.431153   1.66841
        0         0         0         1

  0.139066  -0.482283   0.864906   0.411338
 -0.930883   0.234274   0.280309 -0.0860101
 -0.337813  -0.844108   -0.41637    1.64675
         0          0          0          1

  0.139466  -0.475876   0.868384   0.410323
     -0.93   0.238225   0.279909 -0.0917738
 -0.340073  -0.846635   -0.40934    1.63868
         0          0          0          1

  0.141268  -0.467193   0.872797   0.408002
 -0.929556   0.240677   0.279285 -0.0993592
 -0.340542  -0.850768  -0.400282    1.62804
         0          0          0          1

 0.140569 -0.462533  0.875388  0.407473
-0.929127   0.24379  0.278011 -0.104274
   -0.342 -0.852426 -0.395482   1.62073
        0         0         0         1

 0.140889 -0.447273  0.883231  0.405893
-0.926961   0.25372   0.27635 -0.115066
-0.347698 -0.857655 -0.378858   1.60382
        0         0         0         1

 0.142722 -0.439252  0.886954  0.404874
-0.925158  0.259249  0.277259 -0.119576
-0.351729 -0.860144 -0.369377   1.59722
        0         0         0         1

  0.14314 -0.428463  0.892149  0.403801
-0.924232  0.264545  0.275338 -0.124554
-0.353986 -0.863965 -0.358132   1.58837
        0         0         0         1

 0.141781 -0.420599    0.8961  0.402971
-0.924429  0.267487  0.271812 -0.128068
-0.354019 -0.866918  -0.35089   1.58189
        0         0         0         1

 0.139512 -0.410913  0.900937  0.401341
-0.925396   0.26968  0.266299 -0.132717
 -0.35239 -0.870875 -0.342634   1.57362
        0         0         0         1

 0.137108 -0.404614  0.904151  0.400448
 -0.92666  0.270127  0.261405 -0.135675
-0.350004 -0.873681 -0.337903   1.56696
        0         0         0         1

 0.129747 -0.393831   0.90998  0.399554
-0.930081  0.269755  0.249361 -0.141501
-0.343678 -0.878709 -0.331295   1.55222
        0         0         0         1

 0.127915 -0.392114   0.91098  0.398821
-0.931138   0.26879  0.246441 -0.144145
-0.341495 -0.879772  -0.33073   1.54695
        0         0         0         1

 0.124868 -0.389254  0.912628  0.398755
-0.933063  0.266677  0.241407 -0.146358
-0.337345 -0.881683 -0.329899   1.53972
        0         0         0         1

 0.122988 -0.387391  0.913675  0.398497
-0.934535  0.264592  0.237981 -0.148322
-0.333943  -0.88313 -0.329489   1.53482
        0         0         0         1

 0.116006   -0.3796  0.917849  0.396828
-0.939345  0.258357  0.225573 -0.152688
 -0.32276 -0.888344 -0.326604   1.52214
        0         0         0         1

 0.111313 -0.375426  0.920144  0.396927
-0.941545  0.256404  0.218517  -0.15359
-0.317965 -0.890681 -0.324939   1.51732
        0         0         0         1

   0.1102 -0.370252  0.922372   0.39601
-0.943425  0.253039  0.214289 -0.155545
-0.312737 -0.893803 -0.321421   1.51135
        0         0         0         1

  0.11069 -0.367062  0.923587  0.395502
-0.944019  0.251748  0.213191 -0.157031
-0.310766 -0.895482 -0.318648   1.50709
        0         0         0         1

 0.112075 -0.363778  0.924719  0.395254
-0.944679  0.249669  0.212712 -0.158475
-0.308254 -0.897402 -0.315672   1.50164
        0         0         0         1

 0.113324 -0.361816  0.925336  0.395261
 -0.94498  0.248403  0.212858 -0.159584
-0.306872 -0.898546 -0.313759   1.49783
        0         0         0         1

 0.117871 -0.360095   0.92544  0.394753
-0.944791  0.246263  0.216158  -0.16235
-0.305738 -0.899826 -0.311187   1.48962
        0         0         0         1

 0.118615 -0.358927  0.925798  0.394886
-0.944891  0.245727  0.216329 -0.162791
 -0.30514 -0.900439     -0.31   1.48612
        0         0         0         1

 0.119792 -0.356522  0.926575  0.394739
-0.945035  0.245051  0.216468 -0.163538
-0.304234 -0.901578  -0.30757    1.4817
        0         0         0         1

 0.121028 -0.354512  0.927186  0.394213
-0.944966   0.24487  0.216975 -0.164245
-0.303961 -0.902419 -0.305366   1.47851
        0         0         0         1

 0.125203 -0.351642  0.927724  0.392896
-0.944521  0.243944  0.219934  -0.16565
 -0.30365 -0.903792 -0.301591   1.47108
        0         0         0         1

 0.127312 -0.352468  0.927124  0.392617
-0.943902  0.244092  0.222413 -0.166117
-0.304697  -0.90343  -0.30162   1.46858
        0         0         0         1

 0.129254 -0.355582  0.925665  0.392691
-0.943123  0.244255  0.225519 -0.166369
-0.306289 -0.902164 -0.303787   1.46558
        0         0         0         1

 0.130378  -0.35926  0.924086  0.393203
-0.942607  0.244061  0.227875 -0.166511
  -0.3074 -0.900759  -0.30682   1.46304
        0         0         0         1

 0.131202 -0.366154  0.921259  0.393949
-0.941698  0.244397  0.231248 -0.166738
-0.309825 -0.897887 -0.312741   1.46079
        0         0         0         1

 0.131693 -0.373316   0.91831   0.39482
-0.940857   0.24465  0.234382 -0.166864
-0.312163 -0.894864 -0.319018   1.45889
        0         0         0         1

  0.13484 -0.393686  0.909302  0.396509
-0.936224  0.249918  0.247035  -0.16766
-0.324505  -0.88462  -0.33488   1.45552
        0         0         0         1

 0.136725 -0.397382   0.90741  0.397296
-0.934085  0.253281  0.251664 -0.167659
-0.329836 -0.882007 -0.336559   1.45417
        0         0         0         1

 0.139245 -0.401251  0.905322  0.398024
-0.931879  0.256166  0.256866 -0.167799
-0.334981 -0.879418 -0.338247   1.45264
        0         0         0         1

  0.14071 -0.402656  0.904471  0.398132
-0.930791  0.257517  0.259447 -0.167929
-0.337385 -0.878381 -0.338553   1.45149
        0         0         0         1

 0.146293 -0.394574  0.907144  0.397577
  -0.9294  0.259279  0.262658 -0.168338
-0.338841 -0.881525 -0.328786   1.44882
        0         0         0         1

 0.148027 -0.389029  0.909255  0.397047
-0.929761  0.258631  0.262021 -0.168605
-0.337095 -0.884176  -0.32342    1.4483
        0         0         0         1

 0.149728 -0.383356  0.911383  0.396455
-0.930811  0.256193  0.260682 -0.168689
-0.333424 -0.887357 -0.318473   1.44785
        0         0         0         1

 0.149361 -0.381271  0.912318  0.396477
 -0.93183  0.254342  0.258849 -0.168371
-0.330733 -0.888787  -0.31729   1.44833
        0         0         0         1

 0.149582 -0.379009  0.913223   0.39645
-0.933094  0.251394  0.257171 -0.167557
-0.327049 -0.890591 -0.316047    1.4488
        0         0         0         1

 0.151435 -0.377629   0.91349  0.395881
-0.933715  0.248656   0.25758 -0.167432
-0.324414 -0.891945 -0.314942   1.44955
        0         0         0         1

 0.157019  -0.37135   0.91512  0.395395
-0.935973  0.239706  0.257869 -0.165214
 -0.31512 -0.897017 -0.309935   1.45101
        0         0         0         1

 0.162435 -0.368025  0.915518  0.394943
-0.937252  0.232545  0.259771 -0.164127
-0.308501 -0.900267 -0.307159   1.45196
        0         0         0         1

 0.170743 -0.363336  0.915878   0.39447
-0.939261  0.220841  0.262712 -0.162402
-0.297717 -0.905105 -0.303561    1.4535
        0         0         0         1

 0.178849 -0.358561  0.916213   0.39392
-0.940948  0.209736  0.265758 -0.160237
-0.287453  -0.90964 -0.299876   1.45528
        0         0         0         1

 0.197139 -0.349032   0.91614  0.392582
-0.945428  0.179599  0.271865 -0.153474
-0.259427 -0.919739 -0.294579   1.46076
        0         0         0         1

 0.205724 -0.344628   0.91592  0.391385
-0.947006  0.165829  0.275102 -0.150757
-0.246694 -0.923976  -0.29225   1.46372
        0         0         0         1

 0.213795 -0.339312  0.916056  0.390616
-0.949652  0.147661   0.27633 -0.146171
-0.229027 -0.929012 -0.290659   1.46795
        0         0         0         1

 0.221232 -0.334701  0.915987   0.38934
-0.951742  0.130759  0.277648 -0.142584
-0.212703 -0.933208 -0.289621   1.47109
        0         0         0         1

 0.229632   -0.3279  0.916379  0.387789
-0.954427  0.108545  0.278006 -0.137539
-0.190627 -0.938456 -0.288031   1.47547
        0         0         0         1

  0.23583 -0.322678  0.916659  0.386218
-0.956257 0.0909468  0.278032 -0.133239
-0.173082 -0.942129 -0.287115   1.47961
        0         0         0         1

 0.252773 -0.307477  0.917368  0.381631
-0.959423 0.0427961  0.278705 -0.121444
-0.124955 -0.950593 -0.284183   1.48893
        0         0         0         1

 0.260756 -0.300738  0.917367  0.379303
-0.959709 0.0223203  0.280109 -0.115977
-0.104715 -0.953446   -0.2828   1.49331
        0         0         0         1

   0.271898   -0.292962    0.916649    0.376301
  -0.959035 -0.00377488    0.283264   -0.108607
 -0.0795252   -0.956117   -0.281987     1.49912
          0           0           0           1

 0.279339 -0.286527  0.916446  0.374404
-0.958335 -0.023856  0.284648 -0.101479
-0.0596965 -0.957775 -0.281252   1.50362
        0         0         0         1

  0.301373  -0.275069   0.912968   0.368166
 -0.953347 -0.0694096    0.29379 -0.0840856
-0.0174438  -0.958916  -0.283155    1.51596
         0          0          0          1

  0.309379  -0.271288    0.91142   0.365891
 -0.950938 -0.0870231   0.296891 -0.0757802
-0.00122821  -0.958556  -0.284901    1.52104
         0          0          0          1

   0.31829  -0.266138   0.909869   0.363701
   -0.9478  -0.108712    0.29976 -0.0639098
 0.0191364  -0.957785  -0.286848    1.52695
         0          0          0          1

  0.327008   -0.26226   0.907902   0.361166
 -0.944425  -0.124838   0.304102 -0.0549066
 0.0335864  -0.956888  -0.288508    1.53191
         0          0          0          1

    0.3425  -0.257441   0.903559    0.35672
 -0.938236   -0.14394   0.314633 -0.0441516
 0.0490586  -0.955513   -0.29084    1.53899
         0          0          0          1

  0.354336  -0.253764   0.900028   0.354486
 -0.933201  -0.157557   0.322973 -0.0343772
  0.059847  -0.954348  -0.292641    1.54426
         0          0          0          1

   0.386023   -0.246179    0.889034    0.349163
  -0.919093    -0.18526    0.347775 -0.00986809
  0.0790872   -0.951354   -0.297776      1.5576
          0           0           0           1

  0.398658  -0.244705    0.88385    0.34761
 -0.913113  -0.195677   0.357681 0.00163678
 0.0854229  -0.949647  -0.301452    1.56292
         0          0          0          1

 0.413884 -0.241236  0.877784  0.345276
-0.905402 -0.209283   0.36939 0.0162311
0.0945951 -0.947632 -0.305034   1.56822
        0         0         0         1

 0.427217 -0.242002  0.871161  0.343452
-0.898999 -0.216394  0.380756 0.0272382
0.0963706 -0.945838 -0.310006    1.5749
        0         0         0         1

 0.441001 -0.241833  0.864312   0.34151
-0.891733 -0.227119  0.391444  0.042871
 0.101638 -0.943363 -0.315811    1.5811
        0         0         0         1

 0.452161 -0.241683  0.858568   0.34007
-0.885672 -0.235544  0.400131 0.0549917
 0.105526 -0.941333 -0.320556   1.58486
        0         0         0         1

 0.478435 -0.244617  0.843364  0.335671
-0.871437 -0.250558  0.421686 0.0833008
 0.108159 -0.936687 -0.333044   1.59705
        0         0         0         1

 0.486465 -0.248318  0.837669  0.335318
-0.866929 -0.256321  0.427474 0.0961617
 0.108563 -0.934151 -0.339965   1.60179
        0         0         0         1

 0.497634  -0.25358  0.829492  0.334076
-0.860688 -0.262988  0.435952   0.11201
 0.107598 -0.930878 -0.349125   1.60741
        0         0         0         1

 0.505953 -0.257125  0.823346  0.333398
-0.855787 -0.269029  0.441872  0.125096
 0.107888 -0.928176  -0.35616   1.61047
        0         0         0         1

 0.525154 -0.268408  0.807571  0.334047
-0.845162 -0.275526  0.458024  0.157271
0.0995693 -0.923062 -0.371542   1.62054
        0         0         0         1

 0.532883 -0.272257  0.801194  0.334024
-0.840806 -0.276987  0.465105  0.170084
0.0952921 -0.921496 -0.376517   1.62381
        0         0         0         1

 0.543654 -0.275985  0.792636  0.333201
-0.834542 -0.278261   0.47551  0.186144
0.0893261 -0.920002 -0.381599   1.62775
        0         0         0         1

 0.549175 -0.280487  0.787232  0.333992
 -0.83164 -0.276249  0.481728  0.199514
0.0823539 -0.919246 -0.384973   1.63135
        0         0         0         1

 0.559551 -0.284643  0.778383  0.333456
-0.825464  -0.27552  0.492643  0.215445
0.0742327 -0.918187  -0.38913   1.63375
        0         0         0         1

  0.56891 -0.285253  0.771344  0.331274
-0.819713 -0.272433  0.503836  0.227051
0.0664188 -0.918918 -0.388816   1.63616
        0         0         0         1

 0.584932 -0.288511  0.758034  0.331618
 -0.80985 -0.259249  0.526244  0.256833
0.0446923 -0.921711 -0.385294    1.6412
        0         0         0         1

  0.59054 -0.286804  0.754325  0.331172
-0.806124 -0.253398  0.534747  0.269485
 0.037777 -0.923868 -0.380842   1.64119
        0         0         0         1

 0.598759 -0.285219  0.748423  0.330319
-0.800494 -0.243915  0.547463   0.28424
0.0264048 -0.926906 -0.374363    1.6419
        0         0         0         1

 0.601322 -0.284881  0.746495  0.331723
-0.798779  -0.23666  0.553122  0.297773
0.0190913 -0.928889 -0.369866   1.64142
        0         0         0         1

 0.608253 -0.286096   0.74039  0.330747
-0.793711 -0.210726   0.57063  0.324794
-0.00723568 -0.934742 -0.355252   1.64344
        0         0         0         1

 0.609956 -0.288009  0.738244  0.330653
-0.792244 -0.201186  0.576085  0.336191
-0.0173932 -0.936256 -0.350888   1.64343
        0         0         0         1

 0.606356 -0.291779  0.739728  0.334308
 -0.79462 -0.187008  0.577588  0.351589
-0.0301926 -0.938026 -0.345247   1.64275
        0         0         0         1

 0.606596 -0.294628  0.738401   0.33417
-0.794105 -0.180239   0.58044  0.363032
-0.0379246 -0.938461 -0.343298   1.63987
        0         0         0         1

 0.606438 -0.301077  0.735925  0.334669
-0.793325 -0.166767  0.585512  0.375669
-0.0535559 -0.938904 -0.339986   1.63834
        0         0         0         1

 0.599731 -0.307034  0.738954  0.339028
  -0.7978 -0.157931   0.58187  0.388112
-0.0619504 -0.938503 -0.339668   1.63531
        0         0         0         1

 0.597214 -0.319244  0.735811  0.337532
-0.797473  -0.13813  0.587331  0.409066
-0.0858645 -0.937552 -0.337082   1.62771
        0         0         0         1

 0.596996 -0.329269  0.731558  0.339502
-0.795773 -0.127465  0.592028  0.417062
-0.101689 -0.935593  -0.33812   1.62587
        0         0         0         1

   0.5971 -0.342818  0.725222  0.343289
-0.793048 -0.116347  0.597945  0.428812
-0.120609 -0.932169 -0.341342   1.62105
        0         0         0         1

  0.59892 -0.350781  0.719894  0.346571
-0.788865 -0.103755  0.605745  0.436669
-0.137791 -0.930692  -0.33886   1.61735
        0         0         0         1

  0.602669  -0.361138   0.711597   0.354568
 -0.779623 -0.0762372   0.621592   0.454665
  -0.17023  -0.929391  -0.327497    1.60525
         0          0          0          1

  0.604745  -0.365253   0.707724   0.355251
 -0.774609 -0.0632164   0.629273   0.459316
 -0.185104  -0.928759  -0.321158    1.60227
         0          0          0          1

  0.606753  -0.366713   0.705247   0.354539
 -0.769088 -0.0466101   0.637442   0.463947
 -0.200886  -0.929166  -0.310315    1.59793
         0          0          0          1

  0.606189  -0.366692   0.705742    0.35335
 -0.768169 -0.0400674   0.638992   0.467684
 -0.206036  -0.929479   -0.30597    1.59095
         0          0          0          1

  0.600877  -0.368548   0.709309   0.354984
 -0.767344 -0.0173985      0.641   0.475839
 -0.223898  -0.929446  -0.293258    1.58127
         0          0          0          1

   0.599703   -0.372241    0.708374    0.354947
  -0.764872 -0.00643778    0.644151     0.47732
  -0.235219   -0.928114   -0.288577     1.58099
          0           0           0           1

   0.595159   -0.374651    0.710931    0.357181
  -0.767697 -0.00356403    0.640803    0.480876
  -0.237543   -0.927159   -0.289739     1.57066
          0           0           0           1

 0.592363 -0.376401   0.71234   0.35816
-0.768563 0.0012412  0.639773  0.482556
-0.241696 -0.926456 -0.288553   1.56562
        0         0         0         1

  0.588562  -0.378472    0.71439   0.360051
 -0.771192 0.00233799   0.636598   0.486177
 -0.242605   -0.92561  -0.290499     1.5562
         0          0          0          1

  0.582237  -0.380563   0.718451   0.364199
 -0.775111 0.00685693   0.631787   0.488255
 -0.245361   -0.92473  -0.290986    1.55265
         0          0          0          1

 0.579247 -0.386864  0.717502  0.361703
-0.774475 0.0133946  0.632463  0.485783
-0.254288  -0.92204 -0.291857   1.54907
        0         0         0         1

  0.57274 -0.390227  0.720896  0.366191
-0.778941 0.0148996  0.626921  0.487541
-0.255383 -0.920598  -0.29543   1.54446
        0         0         0         1

 0.572455 -0.395843  0.718056  0.365701
 -0.77757 0.0157768  0.628598  0.486412
-0.260155 -0.918183 -0.298764   1.54152
        0         0         0         1

   0.5705 -0.401438  0.716504  0.366073
-0.778403 0.0139664   0.62761  0.486036
-0.261953  -0.91578 -0.304512   1.53874
        0         0         0         1

 0.570104 -0.408047  0.713077  0.375752
-0.777259 0.0133202  0.629039  0.487302
-0.266176 -0.912864 -0.309564   1.52803
        0         0         0         1

 0.572877 -0.415488  0.706528  0.376771
-0.772461 0.0145529  0.634896  0.486475
-0.274073 -0.909482 -0.312611   1.52562
        0         0         0         1

 0.571076 -0.424624  0.702543   0.38146
-0.771053 0.0162121  0.636564  0.487514
 -0.28169 -0.905225  -0.31815   1.51937
        0         0         0         1

 0.565231 -0.428611  0.704845  0.388739
-0.773831 0.0205655  0.633058  0.489491
-0.285831 -0.903255 -0.320048   1.51399
        0         0         0         1

 0.561026 -0.430888  0.706813  0.392221
-0.776235 0.0228067  0.630032  0.490659
-0.287593 -0.902117 -0.321675   1.50572
        0         0         0         1

 0.556354 -0.433748  0.708755  0.396523
-0.778153 0.0272154  0.627485  0.491268
-0.291459 -0.900623 -0.322381   1.50254
        0         0         0         1

 0.546975  -0.44681   0.70794  0.403288
-0.779612 0.0362267  0.625214  0.491677
-0.304998 -0.893895 -0.328523   1.49456
        0         0         0         1

 0.547478 -0.451836  0.704352  0.403094
-0.777304 0.0371697  0.628026  0.489637
-0.309946 -0.891326 -0.330864   1.49089
        0         0         0         1

 0.545132 -0.458164   0.70208  0.407573
 -0.77643 0.0399546  0.628935  0.489516
-0.316207 -0.887969 -0.333952   1.48686
        0         0         0         1

 0.547973 -0.464139  0.695917  0.405345
-0.772486 0.0383921   0.63387  0.487469
-0.320922  -0.88493 -0.337503   1.48429
        0         0         0         1

 0.546147 -0.470266  0.693234  0.407368
-0.771959 0.0387988  0.634487   0.48698
-0.325275 -0.881671 -0.341836   1.48125
        0         0         0         1

 0.548943 -0.472911  0.689214   0.40537
 -0.76964 0.0356772  0.637481  0.485447
-0.326061 -0.880387 -0.344387   1.47601
        0         0         0         1

 0.546916 -0.482087  0.684453   0.41098
-0.766242 0.0411227  0.641234  0.485253
-0.337277 -0.875158 -0.346905   1.47273
        0         0         0         1

 0.541842 -0.484669  0.686661  0.416553
-0.768674  0.044658  0.638079   0.48666
-0.339922 -0.873557 -0.348355   1.46928
        0         0         0         1

 0.541834 -0.486722  0.685213  0.418092
-0.767289 0.0463057  0.639628  0.487139
 -0.34305 -0.872329 -0.348366   1.46453
        0         0         0         1

 0.541224 -0.487968  0.684809  0.419495
-0.766973 0.0473865  0.639927  0.486926
-0.344715 -0.871574 -0.348612   1.46007
        0         0         0         1

 0.540302 -0.496448  0.679421  0.420955
-0.760071 0.0585211    0.6472  0.486003
-0.361062 -0.866091 -0.345717   1.45756
        0         0         0         1

 0.540354 -0.495397  0.680147  0.421308
-0.760475 0.0584336  0.646733  0.486682
-0.360133 -0.866699 -0.345162   1.44998
        0         0         0         1

 0.538511 -0.499598  0.678533   0.42213
-0.758753 0.0627132  0.648352  0.486831
-0.366469 -0.863984   -0.3453   1.44689
        0         0         0         1

 0.534485 -0.502064  0.679896  0.426032
-0.759789 0.0669298  0.646715  0.487966
-0.370197 -0.862237  -0.34569   1.44269
        0         0         0         1

 0.531969 -0.506275  0.678744  0.427033
-0.758481 0.0714595  0.647765  0.489165
 -0.37645 -0.859406 -0.345986   1.43928
        0         0         0         1

 0.530648 -0.511975  0.675496  0.426705
 -0.75651 0.0733177   0.64986  0.489637
-0.382237 -0.855866 -0.348408     1.436
        0         0         0         1

  0.52705 -0.511125  0.678947  0.429474
-0.756281 0.0823112  0.649048  0.491868
 -0.38763 -0.855556 -0.343172   1.42956
        0         0         0         1

 0.523265 -0.517714   0.67688  0.430735
-0.757663 0.0809243   0.64761  0.492716
-0.390053 -0.851718 -0.349907   1.42949
        0         0         0         1

 0.519936 -0.524188  0.674457  0.431847
-0.759139 0.0784452  0.646185  0.493666
 -0.39163 -0.847982 -0.357145   1.42986
        0         0         0         1

 0.519699 -0.526783  0.672616  0.432249
-0.759717 0.0751963  0.645891  0.494135
-0.390823 -0.846667 -0.361127     1.428
        0         0         0         1

 0.517474 -0.535242  0.667635  0.434974
-0.760371 0.0702572  0.645678  0.495628
  -0.3925 -0.841772 -0.370626   1.42885
        0         0         0         1

 0.518384 -0.536742  0.665722  0.434754
-0.759341 0.0691202  0.647012  0.495441
-0.393293  -0.84091 -0.371739   1.42869
        0         0         0         1

 0.518098 -0.536657  0.666014  0.434995
-0.760346 0.0676451  0.645987  0.496441
-0.391726 -0.841085 -0.372998   1.42618
        0         0         0         1

 0.516759 -0.536613  0.667088  0.436175
-0.761332 0.0683537  0.644749  0.497356
-0.391579 -0.841055 -0.373218   1.42541
        0         0         0         1

 0.513172 -0.539861  0.667237  0.437384
-0.761786 0.0716418  0.643855  0.498361
-0.395394   -0.8387 -0.374494   1.42718
        0         0         0         1

   0.5104 -0.542607  0.667135  0.437511
-0.762957 0.0721685  0.642408  0.499025
-0.396721 -0.836881 -0.377151   1.42592
        0         0         0         1

 0.503587 -0.550015  0.666246  0.436634
-0.763866 0.0768136  0.640787  0.500279
 -0.40362 -0.831614 -0.381456   1.42539
        0         0         0         1

 0.501887 -0.554633  0.663695   0.43471
-0.762877  0.077739  0.641853  0.500124
-0.407588 -0.828456   -0.3841   1.42513
        0         0         0         1

 0.497451 -0.558843  0.663504  0.433746
-0.764228 0.0796038  0.640014  0.500904
-0.410485 -0.825444 -0.387484   1.42408
        0         0         0         1

 0.493526 -0.561218  0.664429  0.433587
-0.766443 0.0804515  0.637254  0.502025
-0.411093 -0.823749 -0.390437   1.42223
        0         0         0         1

 0.483241 -0.564874  0.668877  0.434216
-0.770975 0.0874274  0.630836  0.505648
-0.414821 -0.820533 -0.393255   1.41723
        0         0         0         1

 0.480416 -0.566925  0.669176  0.433095
-0.771615 0.0894781  0.629765  0.506731
-0.416906 -0.818896 -0.394461   1.41585
        0         0         0         1

 0.475772  -0.57204   0.66814  0.431257
-0.770678 0.0949784  0.630106    0.5076
-0.423905 -0.814708 -0.395671   1.41702
        0         0         0         1

  0.47022 -0.574945  0.669575  0.431843
-0.772031 0.0996366  0.627726  0.509037
-0.427623 -0.812103 -0.397024   1.41702
        0         0         0         1

 0.468336 -0.579027  0.667375  0.430578
-0.768662  0.105448  0.630904  0.510074
-0.435684 -0.808461 -0.395691   1.41913
        0         0         0         1

 0.461793 -0.582364  0.669028  0.433048
-0.772485  0.106625  0.626017  0.512202
-0.435906 -0.805905 -0.400629   1.41755
        0         0         0         1

 0.454139 -0.594237  0.663807  0.434377
-0.772918  0.107794  0.625283  0.514917
-0.443121 -0.797033 -0.410343   1.41598
        0         0         0         1

 0.452483 -0.594209  0.664963   0.43539
-0.772953  0.110555  0.624758  0.516628
-0.444751 -0.796677 -0.409271   1.41463
        0         0         0         1

 0.447985 -0.596278  0.666154  0.438295
-0.772588  0.116766  0.624079  0.519232
-0.449909  -0.79424 -0.408368    1.4148
        0         0         0         1

 0.444977 -0.599071  0.665665  0.440111
-0.772697   0.11891  0.623539  0.521217
-0.452698 -0.791817 -0.409988   1.41325
        0         0         0         1

 0.444728 -0.603001  0.662273  0.441995
-0.767602  0.124413  0.628736  0.525198
-0.461524 -0.787979 -0.407535   1.41026
        0         0         0         1

 0.443908 -0.604307  0.661634  0.444283
 -0.76435  0.130003  0.631561  0.526744
-0.467671 -0.786074 -0.404192   1.41134
        0         0         0         1

 0.445942 -0.605477  0.659191  0.444251
-0.760262  0.132447  0.635971  0.528198
-0.472373 -0.784765 -0.401257   1.40986
        0         0         0         1

 0.446962 -0.608079  0.656098  0.443798
-0.756947  0.133765  0.639639  0.529235
-0.476714 -0.782526 -0.400495   1.40831
        0         0         0         1

 0.446827 -0.609906  0.654492  0.444677
-0.753656  0.137558  0.642714  0.532078
-0.482026 -0.780443 -0.398195   1.40675
        0         0         0         1

 0.448006 -0.612371  0.651378  0.443822
-0.748447  0.141611  0.647899  0.533354
-0.488997 -0.777784 -0.394885   1.40837
        0         0         0         1

  0.44273 -0.613361  0.654047  0.448932
 -0.74474  0.154683  0.649181  0.539511
-0.499352 -0.774507 -0.388312   1.41106
        0         0         0         1

 0.440741   -0.6128  0.655915  0.450506
-0.744993  0.157898  0.648116  0.542572
-0.500733 -0.774303 -0.386939   1.41182
        0         0         0         1

 0.439747 -0.614065  0.655398  0.449862
-0.742873   0.16142   0.64968  0.545583
 -0.50474 -0.772572 -0.385189   1.41653
        0         0         0         1

 0.437842 -0.610797  0.659713  0.451903
-0.745929  0.162825  0.645815  0.549013
 -0.50188 -0.774864  -0.38432   1.41746
        0         0         0         1

 0.434948 -0.606361  0.665693  0.452633
-0.747747  0.168675  0.642202  0.556188
-0.501692 -0.777094  -0.38004   1.42894
        0         0         0         1

 0.433964 -0.601869  0.670394  0.453313
-0.751031  0.169332  0.638185   0.56013
-0.497623 -0.780436 -0.378538   1.43359
        0         0         0         1

 0.430284 -0.599462  0.674908  0.454602
-0.754366  0.171831  0.633566  0.565195
-0.495769 -0.781741 -0.378278   1.44503
        0         0         0         1

 0.428595 -0.596674  0.678444  0.453579
-0.757367  0.172179  0.629881  0.568423
-0.492647 -0.783795 -0.378106   1.45237
        0         0         0         1

  0.42693 -0.593338  0.682408  0.453072
 -0.76185   0.17053  0.624903  0.573445
 -0.48715 -0.786682  -0.37923   1.46152
        0         0         0         1

 0.422916  -0.59144  0.686542  0.454848
-0.767575  0.168873  0.618313   0.57814
-0.481634 -0.788467 -0.382556    1.4706
        0         0         0         1

  0.41031 -0.584734  0.699809  0.459143
-0.789865  0.155681  0.593192  0.590151
-0.455806 -0.796147 -0.397983   1.48811
        0         0         0         1

 0.405616 -0.580659  0.705912  0.459482
-0.800665  0.146832   0.58084  0.595571
 -0.44092 -0.800797 -0.405356   1.49585
        0         0         0         1

 0.401837 -0.576679  0.711314  0.458364
-0.810219  0.138056  0.569637  0.600081
-0.426699 -0.805221  -0.41176   1.51162
        0         0         0         1

 0.399456  -0.57202  0.716399  0.457137
-0.819143  0.128172  0.559085  0.604891
 -0.41163 -0.810163 -0.417368   1.52267
        0         0         0         1

 0.396608 -0.552681  0.732971  0.456218
-0.837701   0.10866   0.53521  0.615997
-0.375445 -0.826279 -0.419886   1.55325
        0         0         0         1

 0.399534 -0.541218  0.739902  0.454055
-0.843101 0.0999655  0.528381  0.621372
-0.359934 -0.834919 -0.416362   1.56783
        0         0         0         1

 0.399769  -0.52523  0.751211  0.453508
-0.852996 0.0868293  0.514644   0.62778
-0.335534 -0.846519 -0.413307   1.58387
        0         0         0         1

 0.399767 -0.511192  0.760834  0.454593
 -0.86068 0.0761802  0.503414  0.634175
-0.315302 -0.856083 -0.409519   1.59741
        0         0         0         1

 0.395656 -0.495158  0.773482  0.458694
-0.871588 0.0630056  0.486174  0.642611
-0.289467 -0.866515 -0.406645   1.61529
        0         0         0         1

 0.390361 -0.487842  0.780787  0.462011
-0.877523 0.0594015   0.47584   0.64877
-0.278515 -0.870908 -0.404905   1.63763
        0         0         0         1

  0.38759 -0.458417  0.799768  0.460004
-0.895214 0.0198027  0.445197  0.663431
-0.219923 -0.888517 -0.402706   1.66754
        0         0         0         1

  0.390511  -0.450272   0.802967   0.455871
 -0.897872 0.00632035   0.440211   0.666377
  -0.20329  -0.892869  -0.401819    1.68622
         0          0          0          1

   0.384924   -0.442569    0.809917    0.459902
  -0.905023 -0.00888105    0.425271    0.673187
  -0.181019    -0.89669   -0.403954     1.71112
          0           0           0           1

  0.382697   -0.43399   0.815595   0.461771
 -0.909823 -0.0236584   0.414321   0.679039
 -0.160516  -0.900607  -0.403908    1.72901
         0          0          0          1

  0.371469  -0.425466   0.825221   0.476184
  -0.92204 -0.0648294   0.381627   0.698141
 -0.108871  -0.902649  -0.416379    1.76714
         0          0          0          1

  0.370757  -0.422114    0.82726   0.483382
 -0.923993 -0.0778048    0.37441   0.703508
 -0.093679  -0.903198  -0.418878    1.78819
         0          0          0          1

 0.375427 -0.416213  0.828143  0.484419
-0.924399 -0.103183  0.367205  0.710827
-0.0673851 -0.903394 -0.423484   1.80953
        0         0         0         1

 0.378928 -0.407312   0.83097  0.484048
-0.924206 -0.120458    0.3624  0.716067
-0.0475125  -0.90531 -0.422085   1.82835
        0         0         0         1

 0.376647 -0.406857  0.832228  0.492272
 -0.92597 -0.139401  0.350923  0.723665
-0.0267622 -0.902793 -0.429242   1.85418
        0         0         0         1

 0.377634 -0.404821  0.832774  0.500097
-0.925933 -0.158923  0.342624  0.731406
-0.00635477  -0.90048 -0.434852   1.87318
        0         0         0         1

 0.389178 -0.401369  0.829122  0.523919
-0.920016 -0.214259  0.328122  0.751406
0.0459484 -0.890503 -0.452651   1.91024
        0         0         0         1

 0.397065 -0.394847  0.828514  0.530148
-0.915552 -0.233421  0.327536  0.758243
0.0640662   -0.8886 -0.454186   1.92822
        0         0         0         1

 0.412606  -0.39338  0.821589  0.535616
 -0.90712 -0.259634  0.331246  0.766416
0.0830067 -0.881954  -0.46397   1.95194
        0         0         0         1

 0.414909 -0.397732  0.818327  0.550842
-0.904207 -0.280368  0.322185  0.777481
  0.10129 -0.873615 -0.475959   1.96344
        0         0         0         1

 0.443106 -0.397048  0.803748  0.560077
-0.888291 -0.315287  0.333965  0.788713
 0.120811 -0.861944   -0.4924   2.01201
        0         0         0         1

 0.455877  -0.39371  0.798229  0.560636
-0.880253  -0.33209  0.338926  0.795159
 0.131645 -0.857152 -0.497956   2.02624
        0         0         0         1

 0.462018 -0.400676  0.791201  0.575135
-0.874406 -0.354846  0.330905  0.808981
 0.148169 -0.844715 -0.514299   2.04024
        0         0         0         1

 0.463922 -0.407316  0.786683  0.590906
-0.870796 -0.372832  0.320486  0.821664
 0.162762 -0.833721 -0.527654   2.05075
        0         0         0         1

 0.471537 -0.421165  0.774773  0.610407
 -0.86537 -0.390034  0.314654  0.833489
 0.169666 -0.818837 -0.548379   2.06889
        0         0         0         1

 0.480705 -0.422744  0.768252  0.616741
 -0.85956 -0.400452  0.317482  0.839954
 0.173434 -0.812973 -0.555873   2.08909
        0         0         0         1

 0.494488 -0.437847  0.750847   0.64452
-0.848596 -0.430101  0.308055  0.862647
