-0.429186 -0.885144  0.179778   1.75804
-0.712492  0.209453  -0.66969  0.850259
 0.555117 -0.415512 -0.720552   2.42545
        0         0         0         1

-0.426956 -0.884321  0.188902   1.75238
-0.726929  0.211399 -0.653364  0.822248
  0.53785 -0.416277 -0.733097   2.42069
        0         0         0         1

-0.416215 -0.880566  0.226646   1.72398
-0.751335  0.192677 -0.631167  0.802161
 0.512114 -0.432988 -0.741795   2.42043
        0         0         0         1

-0.412141 -0.876907  0.247334   1.70406
-0.779068  0.198416 -0.594714  0.766875
 0.472434 -0.437795 -0.764946    2.4291
        0         0         0         1

-0.416167 -0.868854  0.268138   1.69181
-0.796413  0.205996 -0.568588  0.732723
 0.438785 -0.450176 -0.777695   2.43549
        0         0         0         1

-0.399623 -0.863521  0.307625   1.65819
-0.833854  0.203037 -0.513288  0.681586
 0.380775 -0.461636 -0.801188   2.42423
        0         0         0         1

-0.387835 -0.864855  0.318763   1.64492
-0.843739  0.193891 -0.500511  0.672668
 0.371065 -0.463068 -0.804909   2.40395
        0         0         0         1

-0.381136 -0.860227   0.33874   1.63573
-0.857898   0.19251 -0.476394   0.64837
 0.344596 -0.472175 -0.811359   2.39692
        0         0         0         1

-0.371796 -0.857013  0.356786   1.62219
 -0.87072  0.188676 -0.454145  0.628893
 0.321891  -0.47951 -0.816368   2.38848
        0         0         0         1

-0.365504 -0.841281  0.398314   1.60301
  -0.8939   0.19794 -0.402196   0.57143
 0.259517 -0.503057 -0.824369   2.36821
        0         0         0         1

-0.359121 -0.835042  0.416818   1.59423
-0.904766  0.201922 -0.375002  0.547433
 0.228978 -0.511793 -0.828032   2.35792
        0         0         0         1

-0.360266  -0.83138  0.423102   1.59542
-0.910061  0.213596 -0.355198  0.525322
 0.204932 -0.513014 -0.833558    2.3409
        0         0         0         1

-0.354931 -0.825083  0.439615   1.58911
-0.916922  0.215467 -0.335898  0.505389
 0.182421 -0.522314 -0.833013   2.32248
        0         0         0         1

-0.350185 -0.818093  0.456174   1.58437
-0.924048  0.222012   -0.3112  0.481388
 0.153314 -0.530505 -0.833702   2.30415
        0         0         0         1

-0.337375 -0.813217   0.47419   1.57343
-0.932931  0.221536 -0.283832  0.464149
 0.125767 -0.538144 -0.833417   2.28967
        0         0         0         1

-0.319428 -0.802464  0.504002   1.55555
-0.945351  0.233146 -0.227936  0.422199
0.0654046 -0.549268 -0.833083   2.25283
        0         0         0         1

-0.313229 -0.798267  0.514448   1.55253
-0.948872  0.240758 -0.204152  0.402846
0.0391108 -0.552091 -0.832866   2.23857
        0         0         0         1

-0.302892 -0.793585  0.527712     1.544
-0.953015  0.249703 -0.171495   0.37944
0.00432513 -0.554862 -0.831931   2.22283
        0         0         0         1

-0.296278 -0.793533  0.531531   1.53767
-0.955007  0.253983 -0.153149   0.36528
-0.013471 -0.552991 -0.833079   2.19964
        0         0         0         1

-0.295575 -0.791188  0.535404   1.53854
 -0.95285  0.284435  -0.10571  0.323638
-0.0686512 -0.541405 -0.837955   2.15994
        0         0         0         1

 -0.291369  -0.792665   0.535524     1.5364
 -0.952858   0.290028 -0.0891419   0.309781
-0.0846574  -0.536252  -0.839802    2.13476
         0          0          0          1

 -0.280605  -0.791187     0.5434    1.52755
 -0.953771   0.293326 -0.0654357   0.294295
 -0.107621  -0.536641  -0.836919    2.11027
         0          0          0          1

 -0.279579  -0.790753    0.54456    1.52825
  -0.95084   0.306711 -0.0427903   0.275286
 -0.133186  -0.529753   -0.83763    2.09192
         0          0          0          1

 -0.270305  -0.792479   0.546729    1.52319
 -0.950058   0.311547 -0.0181292   0.259267
 -0.155965  -0.524325  -0.837113     2.0674
         0          0          0          1

 -0.26773  -0.79104  0.550069   1.52343
-0.947675  0.319228 -0.002179  0.245528
-0.173874  -0.52187 -0.835116   2.04424
        0         0         0         1

-0.259063 -0.783916  0.564236   1.52205
-0.940576   0.33755 0.0371169  0.214013
-0.219554 -0.521091 -0.824779   1.99435
        0         0         0         1

-0.243501 -0.778718  0.578192   1.52171
-0.938429  0.339786 0.0624168  0.201673
-0.245067 -0.527394  -0.81351   1.96738
        0         0         0         1

-0.222787 -0.770707  0.596973   1.52574
-0.934109  0.343982 0.0954848  0.185572
-0.278939 -0.536365 -0.796559   1.93594
        0         0         0         1

-0.209795 -0.762548   0.61197   1.52971
-0.928994  0.350634  0.118433  0.172802
-0.304888 -0.543669 -0.781964    1.9074
        0         0         0         1

-0.199488  -0.75542  0.624136   1.53268
-0.922386  0.359763  0.140621  0.157509
-0.330769 -0.547642 -0.768557   1.87765
        0         0         0         1

-0.196722 -0.754477  0.626151   1.53141
-0.916815  0.367895  0.155251  0.146427
-0.347491 -0.543524 -0.764089   1.85273
        0         0         0         1

-0.197905 -0.752901  0.627673   1.52392
-0.904592  0.386921  0.178899  0.122659
-0.377553 -0.532383 -0.757642   1.80561
        0         0         0         1

-0.200289 -0.751644  0.628423   1.52056
-0.899992  0.394626   0.18516  0.112102
-0.387166  -0.52849 -0.755513   1.78401
        0         0         0         1

-0.201099 -0.752187  0.627514   1.51798
-0.893588  0.403314  0.197076  0.100084
-0.401323 -0.521107 -0.753251    1.7598
        0         0         0         1

-0.201331  -0.75376  0.625549   1.51652
-0.888542  0.409321  0.207241 0.0894196
 -0.41226 -0.514103 -0.752157   1.73723
        0         0         0         1

-0.197952  -0.76111  0.617678   1.51537
-0.875434  0.420743  0.237889 0.0685556
-0.440944 -0.493646 -0.749588   1.68525
        0         0         0         1

-0.201675 -0.764545  0.612208   1.51667
-0.868051  0.429033  0.249836 0.0590805
-0.453668 -0.481042 -0.750189   1.66114
        0         0         0         1

-0.201046 -0.771051  0.604203    1.5157
-0.860362   0.43389  0.267425 0.0501148
-0.468356 -0.466069 -0.750615    1.6347
        0         0         0         1

-0.202642 -0.775408  0.598063   1.51539
-0.852926  0.439806  0.281225 0.0417062
-0.481096 -0.453115 -0.750489   1.61252
        0         0         0         1

-0.204258 -0.780714  0.590563   1.51586
 -0.84404  0.446042  0.297731 0.0331723
-0.495858 -0.437645 -0.750061   1.58548
        0         0         0         1

-0.199341 -0.785312  0.586129   1.51693
-0.837594  0.447004  0.314044 0.0268014
-0.508625 -0.428337 -0.746879   1.56227
        0         0         0         1

-0.194526 -0.791733  0.579067   1.52032
-0.820211  0.455064  0.346656 0.0129507
-0.537971 -0.407524  -0.73791    1.5107
        0         0         0         1

 -0.192633  -0.792326   0.578889    1.52248
  -0.81106   0.460624   0.360566 0.00742382
 -0.552336  -0.400057  -0.731355    1.48819
         0          0          0          1

-0.191723 -0.791987  0.579654    1.5247
-0.802871  0.466253  0.371492  0.001447
-0.564483 -0.394163 -0.725255   1.46155
        0         0         0         1

  -0.188382   -0.791454    0.581474      1.5271
  -0.794083    0.471137    0.384009 -0.00310006
   -0.57788   -0.389398   -0.717234     1.44072
          0           0           0           1

-0.185396 -0.791184  0.582801   1.53295
-0.775939  0.481775    0.4072 -0.013168
-0.602948 -0.376725 -0.703229   1.39628
        0         0         0         1

 -0.183456  -0.791424   0.583089    1.53554
 -0.768153   0.485549   0.417351 -0.0175094
  -0.61342  -0.371336  -0.697012    1.37773
         0          0          0          1

 -0.181311  -0.792094   0.582849    1.53895
 -0.760189    0.48888   0.427912 -0.0222175
  -0.62389   -0.36549  -0.690781    1.35706
         0          0          0          1

 -0.177999  -0.793554   0.581883    1.54103
 -0.754815   0.489485   0.436646 -0.0255893
 -0.631325  -0.361491  -0.686114    1.33984
         0          0          0          1

 -0.176627  -0.793017   0.583032    1.54425
 -0.748775   0.492726   0.443347 -0.0302514
 -0.638857  -0.358253   -0.68082    1.32213
         0          0          0          1

-0.174879 -0.792056  0.584863   1.54669
-0.744354   0.49518  0.448033 -0.033734
 -0.64448 -0.356994 -0.676167   1.30798
        0         0         0         1

 -0.171276  -0.787024    0.59267    1.55357
 -0.739033   0.500445   0.450982 -0.0424355
 -0.651532   -0.36076  -0.667352    1.27804
         0          0          0          1

  -0.16761  -0.785383   0.595886    1.55643
 -0.737418   0.501042   0.452958 -0.0456906
  -0.65431  -0.363497  -0.663136    1.26609
         0          0          0          1

 -0.163821  -0.783787   0.599032    1.56082
 -0.736447   0.501192    0.45437 -0.0500851
  -0.65636   -0.36672  -0.659324    1.25316
         0          0          0          1

 -0.158911  -0.783377   0.600889    1.56463
 -0.735394   0.500006   0.457373 -0.0531621
 -0.658744  -0.369208  -0.655547    1.24307
         0          0          0          1

 -0.144734  -0.787486   0.599098    1.57317
 -0.734335   0.491296    0.46838 -0.0596162
 -0.663177  -0.372148  -0.649386    1.22306
         0          0          0          1

 -0.138566  -0.790873   0.596087    1.57713
 -0.735207   0.485411   0.473125 -0.0625229
 -0.663529  -0.372688  -0.648716    1.21492
         0          0          0          1

-0.130858 -0.795173  0.592095   1.58203
-0.736106  0.477989  0.479244  -0.06598
-0.664097 -0.373132  -0.64788   1.20666
        0         0         0         1

 -0.122213  -0.799497   0.588106    1.58685
 -0.736953   0.470002   0.485796 -0.0688218
 -0.664804  -0.374036  -0.646632    1.20021
         0          0          0          1

  -0.11201   -0.80643   0.580625    1.59116
 -0.739008   0.458223   0.493861 -0.0714462
 -0.664319  -0.373769  -0.647284    1.19265
         0          0          0          1

 -0.105365   -0.81015   0.576676    1.59544
 -0.740846   0.450788   0.497933 -0.0743432
 -0.663359  -0.374763  -0.647694    1.18682
         0          0          0          1

-0.0932033  -0.808134   0.581577    1.60244
 -0.744819   0.444222   0.497907 -0.0796903
 -0.660726  -0.386763  -0.643317    1.17673
         0          0          0          1

-0.0895943  -0.807639   0.582832    1.60342
 -0.747404   0.441303   0.496627 -0.0814184
 -0.658301  -0.391116  -0.643171    1.17212
         0          0          0          1

-0.0855745  -0.806557    0.58493    1.60401
 -0.750603   0.438256   0.494496 -0.0833076
 -0.655189  -0.396734  -0.642907    1.16833
         0          0          0          1

-0.0829239  -0.805033   0.587406    1.60455
 -0.753682   0.436295   0.491539 -0.0856865
 -0.651987  -0.401957  -0.642918    1.16503
         0          0          0          1

-0.0674627  -0.801483     0.5942    1.60609
 -0.757471   0.428766   0.492339 -0.0885989
 -0.649374  -0.416875  -0.636026    1.15958
         0          0          0          1

-0.0589812  -0.801256   0.595408    1.60782
 -0.758932   0.423458   0.494678 -0.0902797
 -0.648494  -0.422697  -0.633074    1.15808
         0          0          0          1

-0.0476244  -0.804345   0.592251    1.60817
 -0.761884   0.412692   0.499218 -0.0908732
 -0.645961  -0.427451  -0.632472    1.15601
         0          0          0          1

-0.0382073   -0.80527   0.591675    1.60969
 -0.764034   0.405163    0.50209 -0.0917105
 -0.644044  -0.432877  -0.630734    1.15564
         0          0          0          1

-0.0291829  -0.804582   0.593124    1.61083
 -0.767282   0.398338   0.502599 -0.0927745
 -0.640646  -0.440426  -0.628966     1.1556
         0          0          0          1

-0.0246975  -0.802017    0.59679      1.611
 -0.771339   0.395045   0.498975 -0.0946411
 -0.635945  -0.448004  -0.628384    1.15496
         0          0          0          1

-0.00835507  -0.793236   0.608857    1.60978
 -0.774027   0.390623   0.498293 -0.0943395
 -0.633098  -0.467108  -0.617249    1.15564
         0          0          0          1

-0.00100921  -0.788918   0.614497    1.60782
 -0.774222    0.38954   0.498837 -0.0934669
 -0.632913  -0.475254  -0.611191    1.15634
         0          0          0          1

0.00546012  -0.78511  0.619332   1.60454
-0.775331  0.387816  0.498458 -0.092169
-0.631531 -0.482909 -0.606603   1.15716
        0         0         0         1

0.00977905  -0.780812   0.624689    1.60083
 -0.775799   0.388232   0.497404 -0.0911054
 -0.630904  -0.489498  -0.601957    1.15841
         0          0          0          1

 0.0187165  -0.769359   0.638542    1.58776
 -0.777027   0.390712   0.493532 -0.0871114
 -0.629189  -0.505402    -0.5905    1.16112
         0          0          0          1

 0.0224001  -0.762065   0.647113    1.58171
 -0.777257   0.393824   0.490687 -0.0850565
 -0.628784  -0.513965  -0.583499    1.16263
         0          0          0          1

  0.029039  -0.753111   0.657252    1.57482
 -0.776253   0.397265   0.489502 -0.0820474
 -0.629753  -0.524409  -0.573068     1.1651
         0          0          0          1

 0.0332722  -0.745312   0.665885    1.56793
 -0.776071   0.400551   0.487106 -0.0794494
 -0.629767  -0.532982  -0.565088    1.16732
         0          0          0          1

 0.0370691  -0.736819   0.675073    1.55952
 -0.776537   0.403953   0.483541 -0.0768094
  -0.62898  -0.542144  -0.557193    1.17026
         0          0          0          1

 0.0419962  -0.729937   0.682223    1.55127
 -0.776568   0.405777   0.481961 -0.0736276
 -0.628632  -0.550033  -0.549805    1.17411
         0          0          0          1

 0.0495239  -0.715415   0.696943      1.529
 -0.777882   0.410049   0.476192 -0.0661684
 -0.626455  -0.565722  -0.536201    1.18373
         0          0          0          1

 0.0523389  -0.708795    0.70347    1.51773
 -0.778892   0.411881   0.472949 -0.0629571
  -0.62497  -0.572681  -0.530517    1.18875
         0          0          0          1

 0.0548462   -0.70204   0.710022    1.50321
 -0.779721   0.414078   0.469653 -0.0587877
  -0.62372  -0.579378  -0.524685    1.19429
         0          0          0          1

 0.0545463   -0.69516   0.716783    1.49019
 -0.779958   0.418549   0.465276 -0.0554479
  -0.62345   -0.58444  -0.519365    1.19943
         0          0          0          1

 0.0556796  -0.679452   0.731604    1.45874
 -0.778942   0.428835   0.457548 -0.0468056
 -0.624619  -0.595353  -0.505377    1.20983
         0          0          0          1

 0.0547337  -0.672665    0.73792    1.44302
 -0.778279   0.434236   0.453564 -0.0427951
 -0.625528  -0.599133  -0.499754    1.21377
         0          0          0          1

 0.0567116  -0.664364   0.745254    1.42387
 -0.775683   0.440635   0.451836 -0.0372178
 -0.628569  -0.603706  -0.490347    1.21912
         0          0          0          1

  0.056569  -0.656526   0.752179    1.40677
 -0.773135   0.447881    0.44907 -0.0324491
 -0.631713   -0.60694  -0.482247    1.22385
         0          0          0          1

 0.0530828  -0.646832   0.760783    1.38588
 -0.770976   0.457647   0.442894 -0.0275727
 -0.634648  -0.610056  -0.474399    1.22899
         0          0          0          1

 0.0487652  -0.638796   0.767829    1.36644
 -0.769212   0.466354   0.436837 -0.0231531
  -0.63713  -0.611926  -0.468628    1.23295
         0          0          0          1

0.0380384 -0.630427  0.775316   1.31825
-0.764147  0.481614  0.429102 -0.011886
 -0.64392 -0.608777 -0.463419   1.24211
        0         0         0         1

  0.0311498   -0.627884    0.777683     1.29667
  -0.762263    0.488351    0.424816 -0.00742922
  -0.646518   -0.606032   -0.463401     1.24591
          0           0           0           1

  0.0243829   -0.625815     0.77959     1.27201
  -0.758906    0.496028    0.421922 -0.00231064
  -0.650744   -0.601923    -0.46284     1.25034
          0           0           0           1

 0.0190081  -0.623149   0.781872    1.24933
 -0.756272   0.502554   0.418919 0.00221856
 -0.653982  -0.599271  -0.461717     1.2532
         0          0          0          1

0.00342887 -0.615827  0.787874   1.19776
-0.747099  0.522132  0.411366 0.0125619
-0.664704  -0.59003 -0.458293   1.26057
        0         0         0         1

-0.006212  -0.61473  0.788713   1.17344
-0.743652  0.530145  0.407343 0.0168787
-0.668538 -0.583997 -0.460439   1.26321
        0         0         0         1

-0.017676 -0.613534   0.78947   1.14546
 -0.73957  0.539382  0.402621 0.0217478
-0.672848 -0.576751 -0.463285   1.26619
        0         0         0         1

-0.027717 -0.613349  0.789326   1.12024
-0.735687  0.547107  0.399298 0.0258465
-0.676754 -0.569629 -0.466397   1.26825
        0         0         0         1

-0.0391977 -0.612719  0.789329   1.09147
-0.730527  0.556532  0.395732 0.0304289
-0.681758 -0.561114 -0.469422   1.27062
        0         0         0         1

-0.0496217 -0.611922   0.78936   1.06681
-0.724737  0.565877  0.393116 0.0345272
-0.687236 -0.552571 -0.471562   1.27314
        0         0         0         1

-0.0749985 -0.609675  0.789095   1.01245
-0.712921   0.58607  0.385054 0.0431582
-0.697223 -0.533684 -0.478604   1.27582
        0         0         0         1

-0.084973 -0.609433  0.788271  0.988051
-0.706553  0.594675  0.383595 0.0470764
 -0.70254  -0.52436 -0.481128   1.27646
        0         0         0         1

-0.100203 -0.607534  0.787948  0.961185
-0.698301  0.607068  0.379267 0.0514966
-0.708756 -0.512221 -0.485072   1.27718
        0         0         0         1

-0.110484  -0.60866  0.785701  0.936894
-0.689774  0.616111  0.380288 0.0554263
-0.715545 -0.499941 -0.487908   1.27781
        0         0         0         1

-0.138385 -0.608855  0.781118  0.885579
-0.672115  0.637014  0.377458  0.064134
  -0.7274 -0.472766 -0.497374   1.27739
        0         0         0         1

-0.149786 -0.609101   0.77882  0.863093
  -0.6637  0.645798  0.377421 0.0680507
-0.732848  -0.46037 -0.500992   1.27679
        0         0         0         1

-0.162721  -0.60793  0.777138  0.838862
-0.653553   0.65648    0.3767 0.0726362
-0.739183 -0.446603 -0.504137   1.27583
        0         0         0         1

-0.173145 -0.606058  0.776347  0.819155
-0.645717  0.665056  0.375167 0.0764303
-0.743687 -0.436342 -0.506493   1.27432
        0         0         0         1

 -0.18425 -0.603137  0.776065  0.797891
-0.635322  0.675541  0.374178 0.0808655
-0.749945  -0.42411 -0.507655   1.27318
        0         0         0         1

-0.192982 -0.600274  0.776163  0.780514
-0.625408  0.684775  0.374097 0.0853127
-0.756057 -0.413225 -0.507566   1.27283
        0         0         0         1

-0.208262    -0.592  0.778565  0.746475
 -0.60788  0.701952  0.371142  0.093406
-0.766231 -0.395979 -0.506055   1.26984
        0         0         0         1

 -0.21317 -0.589096  0.779439  0.732635
-0.602187  0.707445   0.36999 0.0965145
-0.769369 -0.390497 -0.505552   1.26763
        0         0         0         1

-0.220954 -0.583635  0.781377  0.718934
 -0.59461  0.715667  0.366413   0.10067
-0.773057 -0.383654 -0.505165   1.26628
        0         0         0         1

-0.226608 -0.578617  0.783487  0.708895
-0.589619  0.721764  0.362498  0.104046
-0.775241 -0.379814 -0.504721   1.26396
        0         0         0         1

-0.234095 -0.570507  0.787224  0.687979
-0.579852  0.731871  0.357962  0.110543
-0.780366 -0.372676 -0.502137   1.25893
        0         0         0         1

-0.237737 -0.564932  0.790148  0.681564
-0.576675  0.736681  0.353197  0.113644
-0.781618  -0.37169 -0.500918   1.25579
        0         0         0         1

-0.241082 -0.558665  0.793582  0.675094
-0.573003  0.741901   0.34821  0.117225
-0.783292 -0.370778 -0.498976   1.25229
        0         0         0         1

-0.242043  -0.55562  0.795426  0.669447
-0.568549   0.74553  0.347761  0.119687
-0.786236 -0.368066 -0.496347   1.25013
        0         0         0         1

-0.244781 -0.551374   0.79754  0.663859
-0.564718  0.749718  0.344989  0.122944
-0.788147 -0.365938 -0.494887   1.24725
        0         0         0         1

 -0.24555 -0.547548  0.799936  0.659618
-0.562038   0.75276  0.342732   0.12554
-0.789822 -0.365437 -0.492583   1.24431
        0         0         0         1

 -0.24459  -0.52998  0.811971  0.652415
-0.555548  0.762926  0.330621  0.131234
-0.794696 -0.370222 -0.481033    1.2383
        0         0         0         1

-0.244938 -0.515984  0.820832   0.65097
-0.555751  0.768449  0.317218  0.133715
-0.794447  -0.37848 -0.474981   1.23498
        0         0         0         1

-0.243205 -0.516088  0.821282  0.648228
-0.557455  0.767274  0.317072  0.134236
-0.793785 -0.380714 -0.474301   1.23365
        0         0         0         1

-0.241355 -0.511546  0.824663  0.647514
-0.559509  0.767677  0.312445  0.134838
-0.792904 -0.385996 -0.471497   1.23234
        0         0         0         1

-0.239659 -0.511225  0.825356  0.647242
-0.565028  0.764769   0.30963  0.134818
-0.789497 -0.392144  -0.47214   1.23178
        0         0         0         1

-0.239595 -0.511218  0.825379  0.648055
-0.568435  0.763058  0.307611  0.134638
-0.787068 -0.395472 -0.473419   1.23186
        0         0         0         1

-0.237667 -0.512648  0.825049  0.647887
-0.571845  0.760439  0.307774  0.134068
 -0.78518 -0.398652 -0.473887   1.23229
        0         0         0         1

-0.237069 -0.514736  0.823921  0.648437
-0.574738  0.758072  0.308226  0.133314
-0.783246 -0.400468 -0.475554   1.23339
        0         0         0         1

-0.236675  -0.51731   0.82242   0.64859
-0.578651  0.755021  0.308393  0.132571
-0.780479 -0.402905 -0.478037     1.234
        0         0         0         1

-0.237418 -0.518576  0.821409  0.648624
-0.580939  0.753507  0.307794  0.132439
-0.778552 -0.404113 -0.480157   1.23506
        0         0         0         1

-0.238229 -0.520988  0.819646  0.648184
-0.585425  0.750421  0.306834  0.131794
-0.774935 -0.406744 -0.483771   1.23756
        0         0         0         1

-0.237731 -0.521749  0.819306  0.647765
-0.587087  0.749163   0.30673  0.131523
 -0.77383 -0.408085 -0.484411   1.23852
        0         0         0         1

 -0.23717 -0.522706  0.818859  0.646515
-0.587781  0.748327  0.307441  0.131595
-0.773476 -0.408393 -0.484717   1.23979
        0         0         0         1

-0.237797 -0.522433  0.818851  0.645719
-0.587862  0.748511  0.306838  0.132174
-0.773221 -0.408406 -0.485112   1.24141
        0         0         0         1

-0.238771 -0.521152  0.819384  0.644589
-0.587016  0.749629  0.305728  0.134526
-0.773564 -0.407992 -0.484913   1.24565
        0         0         0         1

-0.238202  -0.52138  0.819404  0.642712
 -0.58672  0.749587  0.306396  0.135544
-0.773964 -0.407777 -0.484457   1.24856
        0         0         0         1

-0.238424 -0.521333  0.819369  0.640613
-0.587507  0.749233  0.305753  0.136879
-0.773298 -0.408487 -0.484922   1.25135
        0         0         0         1

-0.241918  -0.52007  0.819148  0.641226
-0.586837  0.750742   0.30333  0.139374
-0.772721 -0.407325 -0.486814   1.25577
        0         0         0         1

-0.245126 -0.520447  0.817954  0.638452
-0.587715  0.750765  0.301569  0.141123
-0.771041 -0.406801 -0.489906   1.26078
        0         0         0         1

-0.251835 -0.520251  0.816038  0.636598
-0.589059  0.751425  0.297271  0.143357
-0.767847 -0.405831 -0.495694   1.26571
        0         0         0         1

 -0.27199 -0.524587   0.80674  0.629094
-0.593028  0.751607  0.288799  0.148856
-0.757851 -0.399869 -0.515525   1.28119
        0         0         0         1

-0.279949 -0.526175  0.802975   0.62499
-0.596154  0.750886    0.2842  0.151811
-0.752482 -0.399135 -0.523892   1.28873
        0         0         0         1

 -0.28848 -0.528901   0.79815  0.620202
-0.598475   0.75029  0.280876  0.155323
  -0.7474 -0.396646 -0.532978   1.29935
        0         0         0         1

-0.294407 -0.529838  0.795359  0.616875
-0.604369  0.747915  0.274521  0.158446
-0.740313 -0.399869 -0.540409   1.30654
        0         0         0         1

-0.306275 -0.535193  0.787251  0.608265
-0.615716  0.742089   0.26495  0.166949
-0.726009 -0.403575  -0.55681   1.32921
        0         0         0         1

-0.313461 -0.533664  0.785458  0.605134
-0.620873  0.741035  0.255704  0.172169
-0.718512 -0.407517 -0.563623   1.34096
        0         0         0         1

-0.315606 -0.532261  0.785551  0.600572
-0.627964    0.7378  0.247613  0.177989
-0.711374  -0.41515 -0.567095   1.35512
        0         0         0         1

-0.316278 -0.529895  0.786879  0.597133
-0.634115  0.735019  0.240095  0.183725
-0.705596 -0.423035 -0.568485    1.3688
        0         0         0         1

-0.313206 -0.526189  0.790587     0.593
-0.644274  0.729335   0.23018  0.190257
 -0.69772  -0.43726 -0.567442   1.38356
        0         0         0         1

-0.310307 -0.520366  0.795568  0.590507
-0.652674  0.725087  0.219694  0.197263
-0.691177 -0.451074 -0.564629   1.39832
        0         0         0         1

-0.297472 -0.503704  0.811044  0.583468
-0.678457   0.70921  0.191617  0.213334
-0.671719 -0.493258 -0.552711   1.43341
        0         0         0         1

-0.293145 -0.495133  0.817869  0.581848
-0.690727  0.701145  0.176895  0.221329
-0.661031 -0.513069 -0.547539    1.4517
        0         0         0         1

-0.284641 -0.486608  0.825949  0.576965
 -0.70588  0.689352  0.162869  0.230886
-0.648623 -0.536662 -0.539705   1.47289
        0         0         0         1

-0.279097 -0.477603  0.833067   0.57448
-0.720912  0.677304  0.146781  0.240676
-0.634343 -0.559602 -0.533344   1.49028
        0         0         0         1

-0.272775 -0.469116  0.839955  0.567419
-0.749342  0.651159  0.120325   0.26288
 -0.60339 -0.596592 -0.529149   1.53936
        0         0         0         1

-0.280271 -0.467927  0.838148  0.566174
-0.761006  0.640499  0.103106  0.275134
-0.585079 -0.608938 -0.535608    1.5637
        0         0         0         1

-0.277253 -0.473764   0.83587  0.558843
-0.780163  0.618783 0.0919455  0.286694
-0.560782 -0.626622 -0.541173   1.58762
        0         0         0         1

-0.285336 -0.479907  0.829622  0.556551
-0.789743  0.608174 0.0801876  0.299223
-0.543037 -0.632308 -0.552537    1.6166
        0         0         0         1

-0.292689 -0.489974  0.821133  0.551165
-0.803649  0.591384 0.0664248  0.313523
-0.518151 -0.640461 -0.566859   1.64735
        0         0         0         1

 -0.30448 -0.496511  0.812877  0.549734
-0.814771  0.577814 0.0477431  0.328136
-0.493397 -0.647772 -0.580475   1.67383
        0         0         0         1

-0.323335 -0.520257  0.790435  0.542168
-0.837271  0.546517 0.0172185  0.361099
-0.440944 -0.656241 -0.612304   1.73558
        0         0         0         1

   -0.336146    -0.530376     0.778272     0.541422
   -0.844853     0.534998 -0.000312993     0.376986
   -0.416208    -0.657631    -0.627927      1.76543
           0            0            0            1

 -0.346899  -0.543894   0.764095    0.53965
 -0.853272   0.521209 -0.0163802    0.39536
 -0.389344  -0.657663  -0.644896    1.79975
         0          0          0          1

 -0.361677  -0.553848   0.749961   0.539942
 -0.859656   0.509432 -0.0383617   0.414509
 -0.360808  -0.658583  -0.660368      1.828
         0          0          0          1

 -0.366974  -0.569866   0.735243   0.533912
 -0.867223   0.495524 -0.0487806   0.431007
 -0.336533  -0.655521  -0.676046    1.86368
         0          0          0          1

 -0.383699  -0.580746    0.71799   0.536587
  -0.86907   0.489976 -0.0681204   0.449797
 -0.312237  -0.650121  -0.692713    1.89436
         0          0          0          1

  -0.4113  -0.60703  0.679961  0.534537
-0.876575  0.467937 -0.112481  0.491928
-0.249899   -0.6423  -0.72457   1.95984
        0         0         0         1

-0.426789 -0.618926  0.659379  0.536684
-0.877539  0.459653 -0.136542  0.512607
-0.218577 -0.636906 -0.739307   1.98874
        0         0         0         1

-0.454707 -0.627982   0.63157  0.549419
-0.872178  0.457601 -0.172935  0.541489
-0.180407 -0.629476 -0.755786   2.02002
        0         0         0         1

-0.464487 -0.637524  0.614667  0.548549
-0.871232  0.453399 -0.188107   0.56066
-0.158767  -0.62289 -0.766029   2.04867
        0         0         0         1

 -0.49144 -0.658928  0.569475  0.551262
-0.864405  0.448822 -0.226633  0.602844
-0.106258 -0.603633 -0.790149   2.11368
        0         0         0         1

-0.512202 -0.670713  0.536463  0.560696
-0.856286  0.447156 -0.258505  0.630951
-0.0664998 -0.591773 -0.803357   2.13654
        0         0         0         1

-0.535676 -0.673882  0.508856  0.570717
-0.843692  0.452193 -0.289317  0.659515
-0.0351356 -0.584298 -0.810778   2.16417
        0         0         0         1

-0.546965 -0.683718  0.483072  0.573349
-0.837143  0.449934 -0.311049  0.684199
-0.00468024 -0.574533 -0.818468    2.1876
        0         0         0         1

-0.574516 -0.688241  0.443007   0.59116
-0.817657  0.458141  -0.34863  0.719858
0.0369817 -0.562521 -0.825955   2.20913
        0         0         0         1

-0.586615 -0.697876  0.410917  0.600375
-0.807745  0.467475 -0.359188  0.738389
0.0585753 -0.542621 -0.837933   2.24441
        0         0         0         1

-0.640096 -0.696198  0.324941  0.644638
-0.755145  0.492185 -0.433024  0.812272
 0.141539 -0.522554 -0.840776   2.28134
        0         0         0         1

-0.653854 -0.693697  0.302091  0.647045
-0.738827    0.4993 -0.452585  0.837046
 0.163123 -0.519118 -0.838992   2.29738
        0         0         0         1

-0.675949 -0.694445  0.246655  0.672931
-0.707413   0.51763 -0.481276  0.871227
 0.206543 -0.499805 -0.841151   2.32266
        0         0         0         1

-0.695235 -0.689743  0.202246  0.691406
-0.677971  0.535803 -0.503259  0.903815
 0.238755    -0.487 -0.840135   2.34051
        0         0         0         1

-0.732782 -0.676781 0.0706953  0.758159
-0.593163  0.584402 -0.553744  0.992971
 0.333449 -0.447708  -0.82968   2.35589
        0         0         0         1

-0.740217 -0.671976 0.0229431  0.777132
-0.575494  0.615553 -0.538425   1.00487
 0.347686 -0.411755 -0.842361   2.39525
        0         0         0         1

