 -0.706719  -0.701055  0.0952402   0.783012
 -0.696134   0.713068  0.0832516   0.872274
 -0.126277 -0.0074645  -0.991967    2.36945
         0          0          0          1

 -0.686761  -0.716152   0.124444   0.780476
 -0.711442   0.697348  0.0869239   0.824999
 -0.149031 -0.0288388  -0.988412    2.34723
         0          0          0          1

  -0.67354  -0.726176   0.137888   0.781723
 -0.719065   0.686928   0.105243   0.793553
 -0.171144 -0.0282645   -0.98484    2.34831
         0          0          0          1

-0.657398 -0.737899  0.152752  0.776855
-0.733337  0.673116 0.0955612   0.77665
-0.173334 -0.049197 -0.983633   2.32177
        0         0         0         1

 -0.643441  -0.746294   0.170376   0.773244
  -0.74086   0.663124   0.106741   0.753327
 -0.192641 -0.0575436  -0.979581    2.31225
         0          0          0          1

 -0.629497  -0.755164   0.182921   0.772263
 -0.747385   0.652863   0.123232   0.724082
 -0.212483 -0.0591378  -0.975374    2.30917
         0          0          0          1

 -0.620997  -0.760037   0.191588   0.772842
 -0.750083    0.64718   0.136137   0.697238
 -0.227461 -0.0591661  -0.971988    2.29768
         0          0          0          1

 -0.577386  -0.782314    0.23369   0.749493
 -0.771115   0.616566   0.158833   0.648785
 -0.268343 -0.0884936   -0.95925    2.26253
         0          0          0          1

 -0.567122  -0.786844   0.243411   0.749265
 -0.774891   0.609885   0.166085   0.625673
 -0.279136 -0.0944263  -0.955598    2.25303
         0          0          0          1

 -0.557517  -0.792056   0.248639   0.752982
 -0.775906    0.60366   0.183205   0.599556
 -0.295202 -0.0907806  -0.951112    2.24331
         0          0          0          1

-0.547226 -0.795326  0.260769  0.755251
-0.779996  0.597581  0.185749  0.583483
-0.303561 -0.101752 -0.947363   2.22567
        0         0         0         1

-0.523653 -0.803574  0.282942  0.757918
-0.785537  0.583976  0.204704  0.543288
-0.329726 -0.115068 -0.937038     2.192
        0         0         0         1

-0.513602 -0.807318  0.290604  0.759149
-0.791257  0.576632  0.203489  0.528504
-0.331852  -0.12543 -0.934955   2.17053
        0         0         0         1

-0.495052 -0.814218  0.303269  0.758355
-0.794362  0.565549  0.221683   0.50379
-0.352012 -0.131161  -0.92676     2.161
        0         0         0         1

-0.485521 -0.816607  0.312125  0.760407
-0.796022  0.560552  0.228323  0.485041
-0.361412 -0.137603 -0.922197    2.1451
        0         0         0         1

-0.465533 -0.823465  0.324321  0.754715
-0.799407   0.54849  0.245167  0.462879
-0.379773 -0.145131 -0.913624   2.13193
        0         0         0         1

-0.453327 -0.826916  0.332725  0.753109
-0.802934  0.540928  0.250387  0.444835
-0.387029 -0.153649 -0.909176   2.11464
        0         0         0         1

-0.430586  -0.83223  0.349269  0.756066
-0.806891  0.528341  0.264166  0.409074
 -0.40438 -0.168076 -0.899015   2.08123
        0         0         0         1

 -0.42122 -0.832566  0.359733  0.760336
-0.805778  0.525587  0.272912  0.390906
-0.416288 -0.174909 -0.892251   2.06855
        0         0         0         1

-0.407944 -0.834487  0.370422  0.760707
-0.804897  0.520215  0.285511  0.371473
-0.430954 -0.181679 -0.883895   2.05444
        0         0         0         1

-0.396849 -0.834283  0.382729  0.761945
-0.805393  0.516509  0.290793  0.355264
-0.440287 -0.192847 -0.876902   2.03769
        0         0         0         1

-0.374719  -0.83474  0.403479  0.767495
-0.805206  0.508733  0.304685  0.320668
-0.459596 -0.210713  -0.86277    2.0065
        0         0         0         1

-0.360984 -0.834959  0.415373  0.767389
-0.805005   0.50385  0.313213    0.3044
-0.470805 -0.221312 -0.854028   1.98978
        0         0         0         1

-0.339297  -0.83412  0.434881  0.767172
-0.801806  0.498203  0.330001  0.284659
-0.491919 -0.236722 -0.837841    1.9744
        0         0         0         1

-0.333106 -0.829852  0.447645   0.77217
-0.800266  0.499885  0.331194  0.270259
-0.498613 -0.247912 -0.830617   1.96078
        0         0         0         1

-0.313068 -0.826323  0.468166  0.772006
-0.800627  0.494783  0.337914  0.254004
-0.510867 -0.269036 -0.816477   1.94015
        0         0         0         1

-0.309191 -0.825938  0.471411  0.776141
-0.797867  0.495034  0.344019  0.239564
-0.517503 -0.269756 -0.812049   1.92632
        0         0         0         1

-0.299506 -0.828681  0.472847  0.779656
-0.797193  0.489646  0.353171  0.208253
-0.524194 -0.271174 -0.807271   1.89739
        0         0         0         1

-0.288614 -0.828283   0.48026  0.778464
-0.794752  0.486973  0.362251  0.192531
 -0.53392 -0.277137 -0.798827   1.88479
        0         0         0         1

-0.281741 -0.826648  0.487108  0.779934
-0.793812  0.485992  0.365616  0.177318
-0.538967 -0.283663 -0.793127   1.86834
        0         0         0         1

-0.277389 -0.827016  0.488979  0.781887
-0.790922  0.485504  0.372463  0.163601
-0.545434 -0.283427 -0.788778   1.85578
        0         0         0         1

-0.263615 -0.825539  0.498992  0.786673
-0.784579  0.484442  0.386977  0.134231
-0.561197 -0.289486 -0.775407   1.82622
        0         0         0         1

-0.256885 -0.824279  0.504554  0.788497
-0.779532   0.48532  0.395972  0.121657
-0.571262 -0.291597 -0.767223   1.81252
        0         0         0         1

-0.249691 -0.820989   0.51345  0.791544
-0.776755   0.48643  0.400048  0.108611
-0.578192 -0.298936 -0.759165   1.79636
        0         0         0         1

-0.244471 -0.817473  0.521509  0.794856
-0.772233  0.489403  0.405143 0.0964678
-0.586422 -0.303681 -0.750924   1.78221
        0         0         0         1

 -0.23942   -0.8132  0.530456  0.798342
-0.770182  0.491736   0.40622 0.0842503
-0.591183 -0.311291 -0.744044   1.76597
        0         0         0         1

-0.232442  -0.80928  0.539477  0.801201
-0.766663  0.493772  0.410387 0.0730018
-0.598497 -0.318206 -0.735219   1.75262
        0         0         0         1

 -0.21701 -0.800869  0.558136  0.805745
-0.758482  0.498261  0.420048 0.0490394
-0.614501 -0.332182 -0.715573   1.72538
        0         0         0         1

-0.210985 -0.796279  0.566944  0.808996
-0.755807  0.500698  0.421967 0.0389573
-0.619871 -0.339471 -0.707473   1.71208
        0         0         0         1

-0.204368  -0.79151  0.575974  0.811956
-0.752125  0.503561  0.425128 0.0275951
-0.626531 -0.346322 -0.698226   1.69901
        0         0         0         1

-0.198538 -0.788028  0.582748  0.813873
-0.748902  0.505532  0.428466 0.0174987
-0.632241 -0.351354 -0.690523    1.6869
        0         0         0         1

  -0.189647   -0.780036    0.596304    0.819733
  -0.741881    0.511665    0.433373 -0.00294433
  -0.643154   -0.360199   -0.675729     1.66269
          0           0           0           1

  -0.18444   -0.77602   0.603138   0.822367
 -0.738956   0.514098   0.435485 -0.0124868
 -0.648017  -0.365371  -0.668265    1.65159
         0          0          0          1

 -0.180162  -0.771932   0.609641   0.825478
 -0.735166   0.517442   0.437931 -0.0224173
 -0.653507  -0.369289  -0.660722    1.64053
         0          0          0          1

 -0.173798  -0.768811   0.615405   0.827888
 -0.734063   0.517714   0.439459 -0.0313739
 -0.656465  -0.375369  -0.654334     1.6293
         0          0          0          1

 -0.168515  -0.764712   0.621947   0.831252
 -0.731242   0.520093   0.441349 -0.0411432
 -0.660975   -0.38042  -0.646833    1.61868
         0          0          0          1

  -0.16313   -0.76157   0.627216   0.833705
 -0.727783   0.522113   0.444667 -0.0501978
 -0.666123  -0.383939   -0.63943    1.61024
         0          0          0          1

 -0.154471  -0.752649   0.640045   0.839079
 -0.724659   0.526653   0.444416 -0.0680986
 -0.671571  -0.395165  -0.626767    1.59111
         0          0          0          1

 -0.150763  -0.747832   0.646543   0.841655
  -0.72291   0.529499   0.443882 -0.0760745
 -0.674293  -0.400472  -0.620444    1.58306
         0          0          0          1

-0.147428 -0.743366  0.652435  0.844444
-0.720406  0.532686   0.44414 -0.084463
-0.677702 -0.404539 -0.614059   1.57451
        0         0         0         1

 -0.143506  -0.739569   0.657605    0.84674
 -0.718458   0.534836   0.444713 -0.0919088
 -0.680606  -0.408642  -0.608101    1.56659
         0          0          0          1

-0.135728 -0.732026   0.66762  0.851127
-0.714136   0.53936  0.446207  -0.10727
-0.686723 -0.416208 -0.595972   1.55187
        0         0         0         1

-0.134456 -0.728274  0.671966  0.852937
 -0.71234  0.542433  0.445352 -0.113894
-0.688835 -0.418788 -0.591712   1.54534
        0         0         0         1

-0.131551 -0.724748  0.676339   0.85471
 -0.71171  0.543975  0.444478 -0.121084
-0.690046 -0.422886  -0.58737   1.53809
        0         0         0         1

-0.128716 -0.721898  0.679923  0.855786
-0.709727  0.545919  0.445264 -0.127607
-0.692618 -0.425247 -0.582619   1.53263
        0         0         0         1

-0.127579 -0.717936  0.684319  0.857874
-0.707795  0.549235   0.44426 -0.134161
-0.694802 -0.427679 -0.578222   1.52696
        0         0         0         1

-0.126898  -0.71501    0.6875  0.859854
 -0.70713  0.551265  0.442803 -0.139913
-0.695604 -0.429961  -0.57556   1.52101
        0         0         0         1

-0.120946  -0.71292  0.690736  0.862765
-0.705297  0.551371  0.445584 -0.152006
-0.698518 -0.433283 -0.569507   1.50988
        0         0         0         1

-0.119729 -0.712943  0.690925  0.864552
-0.703934  0.551714  0.447313 -0.157109
-0.700102 -0.432809 -0.567921   1.50544
        0         0         0         1

-0.117089 -0.712668   0.69166  0.866309
-0.703119  0.551338  0.449055 -0.162533
-0.701366  -0.43374 -0.565646   1.50037
        0         0         0         1

 -0.11415  -0.71253  0.692294  0.867776
-0.701974  0.550954  0.451313 -0.167283
-0.702996 -0.434455 -0.563068   1.49646
        0         0         0         1

-0.110006 -0.711049  0.694484  0.871726
-0.701695  0.550417  0.452398 -0.176417
-0.703933  -0.43755 -0.559489   1.48758
        0         0         0         1

-0.106821  -0.71073  0.695307  0.873278
 -0.70125   0.54961  0.454067 -0.180219
-0.704867 -0.439081 -0.557109   1.48378
        0         0         0         1

-0.102661 -0.711077  0.695579  0.874735
-0.700878  0.547916  0.456681 -0.184305
-0.705854 -0.440632 -0.554629   1.47986
        0         0         0         1

-0.0997147 -0.710996   0.69609  0.876655
-0.701048  0.546653  0.457933 -0.187486
-0.706108  -0.44233 -0.552951   1.47618
        0         0         0         1

-0.096677 -0.712071   0.69542  0.878648
-0.701594  0.544344  0.459842 -0.190768
-0.705988 -0.443446  -0.55221   1.47235
        0         0         0         1

-0.0927527 -0.712921  0.695083  0.880779
-0.702373  0.541652  0.461828 -0.193605
 -0.70574 -0.445372 -0.550977   1.46884
        0         0         0         1

-0.0843945  -0.71751  0.691416  0.886077
-0.703561  0.534276  0.468563 -0.198831
-0.705606  -0.44691 -0.549902   1.46232
        0         0         0         1

-0.0807634 -0.721419  0.687773  0.888819
-0.704549  0.529414   0.47258 -0.200947
-0.705045 -0.446402 -0.551032   1.45965
        0         0         0         1

-0.0767046 -0.725934  0.683473  0.891899
 -0.70566  0.523804  0.477151 -0.203093
-0.704387   -0.4457 -0.552441   1.45706
        0         0         0         1

-0.0716771 -0.729078  0.680667  0.894657
-0.707932  0.517916  0.480204 -0.204935
-0.702634 -0.447446  -0.55326   1.45428
        0         0         0         1

-0.066888 -0.732099  0.677906  0.897316
-0.710623  0.511884  0.482689 -0.206905
-0.700386  -0.44945 -0.554486   1.45163
        0         0         0         1

-0.0628553 -0.734273  0.675938   0.89945
-0.712411  0.507326  0.484862  -0.20838
-0.698942 -0.451069 -0.554992   1.44966
        0         0         0         1

-0.0568665 -0.738491  0.671861  0.903051
-0.716576  0.498775  0.487589 -0.211419
-0.695187 -0.453711 -0.557549   1.44588
        0         0         0         1

-0.0536787 -0.739693    0.6708  0.904069
-0.718432  0.495168  0.488532 -0.212756
-0.693523 -0.455701 -0.557999    1.4444
        0         0         0         1

-0.0505539 -0.739876  0.670841  0.905246
 -0.72039   0.49224  0.488608 -0.213852
-0.691724 -0.458566 -0.557884   1.44265
        0         0         0         1

-0.0454245  -0.73923  0.671919  0.906013
-0.721597  0.489417  0.489662 -0.214675
-0.690821 -0.462612 -0.555658   1.44102
        0         0         0         1

-0.0376428 -0.740174   0.67136  0.908169
 -0.72566  0.482142  0.490874 -0.215659
-0.687023 -0.468701 -0.555264   1.43803
        0         0         0         1

-0.0321778 -0.742492  0.669082  0.909272
-0.726859  0.476872  0.494237 -0.215786
-0.686033 -0.470424 -0.555031   1.43713
        0         0         0         1

-0.0275163 -0.743679  0.667971  0.909743
-0.728389  0.472563  0.496118 -0.215612
-0.684611 -0.472891 -0.554691   1.43629
        0         0         0         1

-0.0230559 -0.742068  0.669928  0.909594
-0.728919  0.471094  0.496737 -0.215175
-0.684212  -0.47687 -0.551769   1.43562
        0         0         0         1

-0.0186114 -0.738321  0.674192  0.909088
-0.728891  0.471581  0.496316 -0.214207
-0.684377 -0.482175 -0.546932   1.43496
        0         0         0         1

-0.0155525  -0.73437  0.678571  0.908298
 -0.72891  0.472876  0.495054 -0.213092
-0.684433 -0.486918 -0.542644   1.43458
        0         0         0         1

-0.00622908 -0.725613  0.688075  0.905409
-0.728652  0.474544  0.493836 -0.209858
-0.684856 -0.498291 -0.531675   1.43399
        0         0         0         1

-0.00133696 -0.721273   0.69265  0.903056
-0.728865  0.474931   0.49315 -0.207629
-0.684656 -0.504189 -0.526346   1.43395
        0         0         0         1

0.00312327 -0.717557  0.696493  0.899765
-0.729449  0.474791  0.492421 -0.204761
-0.684028 -0.509594 -0.521938   1.43381
        0         0         0         1

0.00753232 -0.714805  0.699284  0.896382
-0.729535   0.47434  0.492727 -0.201797
-0.683902 -0.513864 -0.517902   1.43392
        0         0         0         1

0.0137427 -0.712597  0.701439  0.888005
-0.730279  0.472028  0.493844 -0.195156
 -0.68301 -0.519033 -0.513908    1.4342
        0         0         0         1

0.0159793 -0.713189   0.70079   0.88334
-0.731246  0.469674  0.494657  -0.19173
-0.681926 -0.520354 -0.514012   1.43425
        0         0         0         1

0.0180779 -0.714177  0.699732  0.877735
-0.731985  0.467276  0.495833 -0.187668
 -0.68108 -0.521157  -0.51432   1.43425
        0         0         0         1

0.0194463 -0.715048  0.698805  0.872056
-0.732557  0.465476  0.496681 -0.183663
-0.680427 -0.521573 -0.514762   1.43411
        0         0         0         1

0.0218699  -0.71591   0.69785  0.864886
-0.732219  0.463797  0.498746 -0.178998
-0.680718 -0.521887 -0.514059   1.43417
        0         0         0         1

0.0230471 -0.715475  0.698258  0.858106
-0.732175  0.463496  0.499091 -0.174269
-0.680726  -0.52275 -0.513171   1.43377
        0         0         0         1

 0.025667 -0.714264  0.699406  0.842142
 -0.73109  0.463756  0.500437 -0.163158
-0.681798 -0.524174 -0.510288   1.43243
        0         0         0         1

0.0265541  -0.71317  0.700488  0.833979
 -0.73068  0.464365  0.500472 -0.157505
-0.682204 -0.525122 -0.508769   1.43177
        0         0         0         1

0.0275092 -0.711378  0.702271   0.82477
-0.730162  0.465518  0.500157 -0.150926
-0.682721  -0.52653 -0.506615   1.43093
        0         0         0         1

0.0272801 -0.709902  0.703772  0.816112
-0.729383  0.467294  0.499637 -0.144486
-0.683562 -0.526949 -0.505043    1.4302
        0         0         0         1

0.0267524 -0.706512  0.707195  0.796425
-0.727034  0.471789  0.498835  -0.12957
 -0.68608   -0.5275 -0.501037    1.4285
        0         0         0         1

 0.025825  -0.70516  0.708578  0.786554
-0.726177  0.473901  0.498081 -0.122122
-0.687023 -0.527416 -0.499833   1.42768
        0         0         0         1

0.0236346  -0.70437   0.70944   0.77565
-0.725816   0.47591   0.49669 -0.113679
-0.687483 -0.526662 -0.499995   1.42665
        0         0         0         1

0.0215713 -0.705242  0.708639  0.764549
-0.724852   0.47714  0.496917 -0.105888
-0.688566 -0.524378 -0.500903   1.42645
        0         0         0         1

 0.0180101  -0.705711   0.708271   0.753276
  -0.72533   0.478344   0.495059 -0.0968418
 -0.688165  -0.522646  -0.503259    1.42474
         0          0          0          1

0.0164836 -0.707142  0.706879  0.741279
-0.724458  0.478812  0.495883 -0.088824
-0.689122 -0.520278 -0.504402   1.42439
        0         0         0         1

0.00797033  -0.709846   0.704312   0.716315
  -0.72376   0.481915   0.493892 -0.0699638
 -0.690006  -0.513689  -0.509917    1.42258
         0          0          0          1

0.00387382 -0.711581  0.702593  0.702915
-0.723001  0.483391  0.493561 -0.061327
-0.690836 -0.509887 -0.512602   1.42204
        0         0         0         1

-0.00293161   -0.71221    0.70196   0.688584
 -0.720607   0.488204   0.492323 -0.0513781
 -0.693337  -0.504394  -0.514655    1.42192
         0          0          0          1

-0.00882136  -0.710648   0.703492   0.675863
 -0.719846   0.492829   0.488816 -0.0416233
 -0.694078  -0.502094  -0.515905    1.42043
         0          0          0          1

 -0.019421  -0.707399   0.706548   0.645565
 -0.714411   0.504205   0.485175 -0.0208533
 -0.699457  -0.495343  -0.515166    1.41918
         0          0          0          1

-0.0251762  -0.705267   0.708495   0.630534
 -0.711652    0.51038   0.482767 -0.0110381
 -0.702081  -0.492047  -0.514754    1.41857
         0          0          0          1

 -0.0347635   -0.701231    0.712086    0.614896
  -0.709237    0.519306    0.476765 0.000573799
  -0.704113   -0.488463   -0.515392     1.41775
          0           0           0           1

 -0.0347635   -0.701231    0.712086    0.614896
  -0.709237    0.519306    0.476765 0.000573799
  -0.704113   -0.488463   -0.515392     1.41775
          0           0           0           1

-0.0612703  -0.69006  0.721154  0.568262
-0.699071  0.545371  0.462461 0.0344734
-0.712423 -0.475803 -0.515815   1.41663
        0         0         0         1

-0.0683773 -0.687537  0.722923  0.551753
-0.696405  0.551763  0.458887 0.0443088
-0.714384  -0.47207 -0.516533   1.41589
        0         0         0         1

-0.079619 -0.682881  0.726178  0.534432
 -0.69125  0.562703  0.453364 0.0563596
-0.718216 -0.465874 -0.516843   1.41656
        0         0         0         1

-0.0918758 -0.678001  0.729296  0.518921
-0.688088  0.572634  0.445673 0.0677545
-0.719787 -0.460874 -0.519136   1.41661
        0         0         0         1

-0.103141 -0.672958  0.732454  0.501579
-0.683064  0.583209  0.439649 0.0799976
-0.723039 -0.454967 -0.519826   1.41744
        0         0         0         1

-0.113305 -0.666655  0.736704  0.485096
-0.678081  0.593838  0.433084 0.0911151
-0.726201 -0.450475 -0.519331    1.4178
        0         0         0         1

-0.136345 -0.650972  0.746757   0.45097
-0.666664  0.617867  0.416892  0.115097
-0.732781 -0.440995 -0.518223   1.41875
        0         0         0         1

-0.147148 -0.643768   0.75094  0.434522
-0.661326  0.628591  0.409292  0.126193
-0.735523  -0.43639 -0.518237   1.41918
        0         0         0         1

-0.162077 -0.631486  0.758259  0.419623
-0.655754  0.643129  0.395438  0.139716
-0.737372  -0.43314 -0.518336   1.41863
        0         0         0         1

-0.162077 -0.631486  0.758259  0.419623
-0.655754  0.643129  0.395438  0.139716
-0.737372  -0.43314 -0.518336   1.41863
        0         0         0         1

-0.197912 -0.604229  0.771841   0.37214
-0.634555  0.679132  0.368943  0.175187
-0.747108 -0.416757 -0.517825   1.42145
        0         0         0         1

-0.207883 -0.594923  0.776435  0.357948
-0.630321  0.688468  0.358759  0.186024
-0.747984 -0.414823 -0.518113   1.42002
        0         0         0         1

-0.218175 -0.589154  0.778008  0.339825
-0.621992  0.698261  0.354342  0.196834
-0.752015 -0.406606 -0.518792   1.42214
        0         0         0         1

-0.230921 -0.577336  0.783172  0.327202
-0.616014  0.709806  0.341618  0.208597
-0.753129 -0.403558 -0.519556   1.42139
        0         0         0         1

-0.242544 -0.567763   0.78665  0.312566
 -0.60945  0.720059  0.331793  0.220269
-0.754814 -0.398949 -0.520669   1.42139
        0         0         0         1

-0.253573 -0.560164  0.788617   0.29881
-0.600066  0.730529  0.325957  0.230533
-0.758697 -0.390569 -0.521378   1.42373
        0         0         0         1

-0.271919 -0.543072  0.794439  0.271983
-0.588531  0.747008  0.309208  0.250886
-0.761374 -0.383472 -0.522741   1.42283
        0         0         0         1

-0.283627 -0.534176  0.796374  0.261443
-0.580252  0.756787  0.300967  0.260892
-0.763455 -0.376734 -0.524602   1.42433
        0         0         0         1

-0.292856 -0.522643  0.800674  0.249337
-0.573529  0.766038   0.29026  0.272168
-0.765049 -0.374206  -0.52409   1.42301
        0         0         0         1

-0.302902 -0.512618  0.803413  0.239263
-0.565027   0.77547  0.281763    0.2813
 -0.76746 -0.368603 -0.524535   1.42468
        0         0         0         1

-0.304169 -0.509209  0.805101  0.224112
-0.561118  0.778743  0.280546  0.286642
-0.769823 -0.366423 -0.522595   1.42367
        0         0         0         1

-0.315792 -0.497083  0.808198  0.217643
-0.554081  0.788074  0.268206  0.296949
 -0.77024  -0.36311 -0.524291   1.42455
        0         0         0         1

-0.333541 -0.476014  0.813733  0.203803
-0.543835  0.802215  0.246363  0.315161
-0.770061 -0.360364 -0.526444   1.42423
        0         0         0         1

 -0.34232 -0.466321  0.815697  0.198816
-0.538699  0.808697  0.236246  0.323892
-0.769818 -0.358543  -0.52804   1.42419
        0         0         0         1

-0.347369 -0.459124  0.817643  0.191395
  -0.5359   0.81272  0.228687  0.330328
 -0.76951 -0.358736 -0.528358   1.42248
        0         0         0         1

-0.350282 -0.459449  0.816216  0.182029
-0.531838  0.814885  0.230459  0.333483
-0.771006 -0.353369 -0.529792   1.42567
        0         0         0         1

 -0.36747 -0.448086  0.814975  0.173377
-0.519459  0.825746  0.219785  0.347621
-0.771445 -0.342582 -0.536199    1.4324
        0         0         0         1

-0.369389 -0.442881   0.81695  0.169939
-0.519025   0.82755  0.213947   0.35206
-0.770821 -0.344988 -0.535555   1.42901
        0         0         0         1

-0.372197 -0.442289  0.815997  0.163674
-0.517107  0.828889  0.213411  0.355114
-0.770759 -0.342527  -0.53722   1.42928
        0         0         0         1

-0.372197 -0.442289  0.815997  0.163674
-0.517107  0.828889  0.213411  0.355114
-0.770759 -0.342527  -0.53722   1.42928
        0         0         0         1

-0.380294 -0.434776    0.8163  0.153506
-0.511253  0.834328  0.206198  0.365809
-0.770712  -0.33892  -0.53957   1.42738
        0         0         0         1

-0.381339 -0.434362  0.816033  0.150355
-0.507926  0.836002  0.207633  0.368194
-0.772394 -0.335306 -0.539424   1.42914
        0         0         0         1

-0.382122 -0.427668  0.819197   0.14966
-0.510705  0.836529  0.198493  0.371983
-0.770171 -0.342519 -0.538068   1.42202
        0         0         0         1

-0.388609 -0.425074  0.817493  0.148576
-0.504721  0.840481    0.1971  0.376081
 -0.77087 -0.336011 -0.541162   1.42677
        0         0         0         1

-0.390959 -0.417368  0.820338  0.149837
-0.501208  0.844079   0.19058  0.380556
-0.771973 -0.336651 -0.539189   1.42607
        0         0         0         1

-0.390859 -0.418775  0.819669  0.147129
-0.501623   0.84356  0.191782  0.380688
-0.771754 -0.336205  -0.53978   1.42627
        0         0         0         1

-0.394193 -0.417706  0.818617  0.144517
-0.499308  0.845152  0.190812  0.382511
-0.771559 -0.333525 -0.541717   1.42746
        0         0         0         1

-0.393328 -0.416384  0.819706  0.143889
-0.499536  0.845274  0.189674  0.383352
-0.771853 -0.334868 -0.540469   1.42625
        0         0         0         1

-0.392708 -0.414755  0.820828  0.143998
-0.500033   0.84537  0.187926  0.383971
-0.771847 -0.336641 -0.539375   1.42444
        0         0         0         1

-0.394544 -0.412227  0.821221  0.145443
-0.501242  0.845595  0.183647  0.385492
-0.770124 -0.339174  -0.54025   1.42374
        0         0         0         1

-0.396056 -0.409488  0.821863  0.146256
-0.501261   0.84634  0.180126  0.386587
-0.769335 -0.340628 -0.540459   1.42386
        0         0         0         1

-0.394226 -0.410298  0.822339  0.144648
-0.502348  0.845502  0.181032  0.385463
-0.769567 -0.341733 -0.539431   1.42369
        0         0         0         1

-0.394831 -0.408346   0.82302  0.144196
-0.501842  0.846213  0.179102  0.385337
-0.769586 -0.342312 -0.539036   1.42504
        0         0         0         1

-0.39299 -0.40707 0.824532 0.144291
-0.503241 0.845687 0.177659 0.384818
-0.769616 -0.34512  -0.5372  1.42392
       0        0        0        1

-0.392388 -0.406029  0.825331   0.14475
-0.504061  0.845483  0.176296  0.384437
-0.769385 -0.346841 -0.536421    1.4232
        0         0         0         1

-0.391619 -0.406751  0.825341  0.144418
-0.504077  0.845247   0.17738  0.383636
-0.769767  -0.34657 -0.536049   1.42335
        0         0         0         1

-0.391866 -0.407391  0.824908  0.145287
-0.504786  0.844814  0.177427  0.382919
-0.769176 -0.346874   -0.5367   1.42283
        0         0         0         1

-0.393201 -0.407074  0.824429  0.145793
-0.504842  0.844986  0.176446   0.38289
-0.768458 -0.346828 -0.537757   1.42336
        0         0         0         1

-0.392406 -0.410592  0.823063  0.144545
-0.506009  0.843622  0.179602  0.380875
-0.768097 -0.346001 -0.538805   1.42397
        0         0         0         1

-0.393826 -0.409836  0.822761  0.145515
-0.505896  0.843976  0.178249  0.381225
-0.767444 -0.346033 -0.539714   1.42399
        0         0         0         1

-0.394963 -0.410353  0.821958  0.146345
-0.505687   0.84407  0.178403  0.381283
-0.766998 -0.345191 -0.540886    1.4244
        0         0         0         1

-0.392857 -0.412706  0.821789   0.14544
-0.507308  0.842618  0.180647  0.379723
-0.767008 -0.345932 -0.540397   1.42341
        0         0         0         1

-0.393935 -0.414769  0.820233  0.145166
-0.507305   0.84227  0.182268   0.37855
-0.766457 -0.344307 -0.542215   1.42414
        0         0         0         1

-0.391377 -0.417316  0.820166  0.144681
-0.509053  0.840657  0.184826  0.377093
-0.766609 -0.345171 -0.541449   1.42339
        0         0         0         1

-0.391171 -0.417125  0.820361  0.144882
 -0.51013  0.840193  0.183964  0.376613
-0.765998  -0.34653 -0.541447   1.42254
        0         0         0         1

-0.390486 -0.417358  0.820568  0.145258
-0.510534  0.839888  0.184235  0.376346
-0.766078 -0.346987 -0.541041   1.42226
        0         0         0         1

-0.390654 -0.417007  0.820667  0.146856
-0.509999  0.840226  0.184176  0.376587
-0.766348  -0.34659 -0.540911   1.42258
        0         0         0         1

-0.391558 -0.415547  0.820977  0.148224
-0.509149  0.841028  0.182862  0.377287
-0.766452 -0.346398 -0.540887   1.42288
        0         0         0         1

-0.390999 -0.415718  0.821157  0.148783
-0.508935  0.841031  0.183446  0.377487
 -0.76688 -0.346188 -0.540416   1.42279
        0         0         0         1

-0.391605 -0.415003   0.82123  0.150686
-0.508131  0.841614     0.183  0.378416
-0.767104 -0.345629 -0.540456   1.42291
        0         0         0         1

-0.389907  -0.41695  0.821051  0.149166
-0.508932  0.840645  0.185215  0.377037
-0.767437 -0.345643 -0.539973   1.42144
        0         0         0         1

-0.391108 -0.416101  0.820911  0.150731
-0.508694  0.841065  0.183958  0.378464
-0.766984 -0.345645 -0.540615   1.42035
        0         0         0         1

-0.390549 -0.419012  0.819695   0.15032
-0.508772  0.840314  0.187145  0.378528
-0.767218 -0.343949 -0.541365   1.41898
        0         0         0         1

-0.391756 -0.419974  0.818626  0.151334
 -0.50713   0.84095  0.188738  0.379849
-0.767689 -0.341211 -0.542429   1.41966
        0         0         0         1

 -0.39096 -0.421703  0.818118  0.151578
-0.505809  0.841051  0.191809  0.380625
-0.768965 -0.338822 -0.542118   1.41961
        0         0         0         1

-0.391853 -0.420971  0.818068  0.152476
-0.505225  0.841571  0.191064  0.382247
-0.768894 -0.338439 -0.542457   1.41909
        0         0         0         1

-0.391193 -0.423451  0.817103  0.152317
-0.504516  0.841229  0.194414  0.383985
-0.769696 -0.336188 -0.542721   1.41954
        0         0         0         1

 -0.38893 -0.426496  0.816599  0.150958
-0.503881  0.840535  0.199009  0.384131
-0.771257 -0.334068 -0.541813   1.42064
        0         0         0         1

-0.387624 -0.426002  0.817478  0.149641
-0.505523  0.839803  0.197932  0.384664
 -0.77084  -0.33653 -0.540882   1.42109
        0         0         0         1

-0.388489 -0.425756  0.817195  0.147958
-0.504952  0.840203  0.197692  0.386813
-0.770778 -0.335843 -0.541396   1.42398
        0         0         0         1

 -0.38903 -0.424874  0.817397  0.145602
-0.507206  0.839484  0.194957   0.38949
-0.769024 -0.338744 -0.542084   1.42584
        0         0         0         1

-0.390181 -0.423572  0.817524   0.14453
-0.507968  0.839577  0.192559  0.393373
-0.767937 -0.340143 -0.542748   1.42941
        0         0         0         1

-0.392882 -0.421043  0.817537  0.139881
-0.511668  0.838787  0.186096  0.400549
-0.764094 -0.345194 -0.544979   1.43842
        0         0         0         1

-0.397113 -0.420043  0.816006  0.139969
-0.511133  0.839688  0.183488  0.404604
-0.762263 -0.344222 -0.548149   1.44952
        0         0         0         1

 -0.39954 -0.421814  0.813905  0.134397
-0.512869  0.838751  0.182928  0.406921
-0.759825  -0.34434  -0.55145   1.45982
        0         0         0         1

-0.399798 -0.420949  0.814226  0.130123
-0.519592  0.835877  0.177015  0.410323
-0.755107 -0.352294 -0.552904   1.45926
        0         0         0         1

-0.411151 -0.425568  0.806131  0.123866
-0.528621  0.831765  0.169488  0.417585
 -0.74264 -0.356453 -0.566945   1.48155
        0         0         0         1

-0.413428 -0.434287  0.800295  0.115963
-0.535832  0.826664  0.171789  0.417807
 -0.73618 -0.357801 -0.574471   1.49215
        0         0         0         1

-0.417356 -0.441014  0.794557  0.108769
-0.541112  0.823048  0.172598  0.420119
-0.730077 -0.357909 -0.582142   1.50712
        0         0         0         1

-0.425598 -0.445002  0.787934  0.104978
-0.546177  0.820565  0.168416  0.425715
-0.721496 -0.358674  -0.59228    1.5202
        0         0         0         1

-0.429282 -0.454271  0.780612 0.0966831
-0.553674  0.815212  0.169925  0.427053
-0.713556 -0.359259 -0.601474   1.53426
        0         0         0         1

  -0.4344 -0.465244  0.771262 0.0872425
-0.557993  0.811175   0.17504  0.429129
-0.707065 -0.354322 -0.611977   1.55289
        0         0         0         1

 -0.45119 -0.470119  0.758562 0.0752475
-0.572331   0.80461  0.158236  0.442941
-0.684736 -0.362754 -0.632096   1.58091
        0         0         0         1

-0.464883 -0.470622  0.749932  0.071674
-0.575858  0.804107  0.147646  0.450805
-0.672512 -0.363216 -0.644827   1.59931
        0         0         0         1

-0.466234  -0.47805  0.744375 0.0565098
-0.586368  0.797034  0.144601  0.452944
-0.662418 -0.369059 -0.651918   1.61333
        0         0         0         1

 -0.47976  -0.48227  0.732971 0.0499087
-0.593582    0.7936  0.133637  0.460797
-0.646135 -0.370964 -0.667004   1.63253
        0         0         0         1

-0.499799 -0.492168  0.712721 0.0285012
-0.599321  0.790585  0.125659   0.47237
-0.625312 -0.364344   -0.6901   1.68091
        0         0         0         1

-0.511516 -0.491468  0.704849 0.0197319
-0.601678  0.790484  0.114535  0.481574
-0.613462 -0.365505  -0.70005   1.70123
        0         0         0         1

-0.536354 -0.479679   0.69443 0.0207753
-0.597572  0.796872 0.0888965    0.5005
-0.596014 -0.367292 -0.714048   1.72589
        0         0         0         1

   -0.53787   -0.492987    0.683857 0.000250758
  -0.602453    0.792207   0.0972527    0.498796
  -0.589701   -0.359682   -0.723106     1.75559
          0           0           0           1

 -0.542896  -0.496573   0.677259 -0.0173008
 -0.611506   0.786499  0.0864805   0.505873
 -0.575607  -0.367198  -0.730645    1.77062
         0          0          0          1

  -0.56399   -0.49449   0.661359 -0.0189719
 -0.607888   0.790679  0.0727902   0.520927
 -0.558917  -0.360979  -0.746529     1.8024
         0          0          0          1

 -0.596852  -0.489276   0.635906 -0.0369358
 -0.609585   0.791851  0.0371153   0.552665
 -0.521703  -0.365487  -0.770873    1.84688
         0          0          0          1

 -0.601947  -0.493216   0.628011 -0.0522991
 -0.612833   0.789537  0.0326739    0.55947
 -0.511953  -0.365198  -0.777518    1.86784
         0          0          0          1

 -0.623279   -0.48691   0.611917 -0.0587121
 -0.607095   0.794509  0.0138326   0.577311
 -0.492909   -0.36287  -0.790801    1.89531
         0          0          0          1

   -0.64479   -0.478068    0.596403  -0.0574807
  -0.598848    0.800844 -0.00548795    0.599506
  -0.475002   -0.360693   -0.802667     1.92088
          0           0           0           1

  -0.66193  -0.471923   0.582355 -0.0614538
  -0.59151   0.806071 -0.0191202   0.616377
 -0.460396  -0.357125   -0.81271    1.94919
         0          0          0          1

 -0.677508  -0.471243   0.564724  -0.071107
 -0.588479   0.807884 -0.0318552   0.631609
  -0.44122  -0.353911  -0.824665    1.97723
         0          0          0          1

 -0.712542  -0.456041   0.533208 -0.0811232
 -0.569903   0.819466 -0.0607073   0.674667
 -0.409261  -0.347133  -0.843803    2.03222
         0          0          0          1

 -0.725292  -0.446464   0.524043 -0.0859158
 -0.564767    0.82116 -0.0820604   0.699304
 -0.393686   -0.35548   -0.84773    2.04327
         0          0          0          1

  -0.74352  -0.444613   0.499497 -0.0842392
 -0.554179   0.827718 -0.0881452   0.717198
 -0.374252  -0.342348   -0.86182     2.0828
         0          0          0          1

  -0.75085  -0.441675   0.491067 -0.0970423
 -0.548313   0.831345 -0.0906532   0.728021
 -0.368207  -0.337325  -0.866392    2.10837
         0          0          0          1

 -0.789841  -0.423538   0.443584 -0.0900134
  -0.52308    0.84282  -0.126657   0.788124
 -0.320218  -0.332069  -0.887238    2.15551
         0          0          0          1

  -0.81246  -0.413906   0.410598 -0.0737626
 -0.501675   0.855133  -0.130654   0.809601
 -0.297037  -0.312137  -0.902407      2.198
         0          0          0          1

 -0.829676  -0.406657    0.38245 -0.0703306
  -0.48477   0.864569  -0.132353   0.832671
 -0.276833  -0.295211  -0.914448     2.2306
         0          0          0          1

-0.862404 -0.373788  0.341382 -0.036453
-0.448076  0.877451 -0.171192  0.885247
-0.235556 -0.300602 -0.924203   2.24765
        0         0         0         1

 -0.873401   -0.36467    0.32278 -0.0365237
 -0.432388   0.885628   -0.16942   0.907406
 -0.224081  -0.287538  -0.931187    2.27984
         0          0          0          1

 -0.893628   -0.34751   0.284018 -0.0159247
 -0.406355   0.895141  -0.183297    0.94124
 -0.190538  -0.279212  -0.941136    2.30757
         0          0          0          1

 -0.915869   -0.31387   0.250338 -0.0102638
 -0.368346   0.904966  -0.212975    1.00336
 -0.159701  -0.287269  -0.944443    2.33068
         0          0          0          1

