-0.102567 -0.742976  0.661413  0.677842
-0.920504 -0.181132 -0.346214  0.872588
 0.377032 -0.644343 -0.665334   2.18402
        0         0         0         1

-0.102567 -0.742976  0.661413  0.677842
-0.920504 -0.181132 -0.346214  0.872588
 0.377032 -0.644343 -0.665334   2.18402
        0         0         0         1

-0.0967447 -0.736338  0.669662  0.675492
-0.922604 -0.186083 -0.337897  0.868542
 0.373419 -0.650523 -0.661346   2.17752
        0         0         0         1

-0.085197 -0.722403  0.686204  0.675731
-0.931889 -0.185948 -0.311457  0.843668
 0.352596 -0.666001 -0.657357     2.158
        0         0         0         1

-0.0800247   -0.7141  0.695455   0.68217
-0.941639 -0.174704 -0.287741  0.825047
 0.326975 -0.677894 -0.658444   2.14693
        0         0         0         1

-0.0800247   -0.7141  0.695455   0.68217
-0.941639 -0.174704 -0.287741  0.825047
 0.326975 -0.677894 -0.658444   2.14693
        0         0         0         1

-0.0690083  -0.70698  0.703859  0.681486
-0.944734 -0.180349 -0.273774  0.808637
 0.320493 -0.683852 -0.655463   2.12458
        0         0         0         1

-0.0690083  -0.70698  0.703859  0.681486
-0.944734 -0.180349 -0.273774  0.808637
 0.320493 -0.683852 -0.655463   2.12458
        0         0         0         1

-0.0385862  -0.68976  0.723009  0.665089
-0.962357 -0.169153 -0.212734  0.771526
 0.269035 -0.704002 -0.657268   2.10543
        0         0         0         1

-0.0385862  -0.68976  0.723009  0.665089
-0.962357 -0.169153 -0.212734  0.771526
 0.269035 -0.704002 -0.657268   2.10543
        0         0         0         1

-0.0432996 -0.681598  0.730444  0.667516
-0.970354 -0.145319 -0.193122  0.752088
 0.237779 -0.717151 -0.655099   2.08909
        0         0         0         1

-0.0432996 -0.681598  0.730444  0.667516
-0.970354 -0.145319 -0.193122  0.752088
 0.237779 -0.717151 -0.655099   2.08909
        0         0         0         1

-0.0293777 -0.663103  0.747952  0.660045
-0.976445 -0.140981  -0.16334  0.732802
 0.213759 -0.735132 -0.643341   2.04892
        0         0         0         1

-0.0293777 -0.663103  0.747952  0.660045
-0.976445 -0.140981  -0.16334  0.732802
 0.213759 -0.735132 -0.643341   2.04892
        0         0         0         1

-0.0294776  -0.65137  0.758188  0.659547
-0.982335 -0.121352 -0.142447  0.714589
 0.184793 -0.748993 -0.636286    2.0306
        0         0         0         1

-0.0294776  -0.65137  0.758188  0.659547
-0.982335 -0.121352 -0.142447  0.714589
 0.184793 -0.748993 -0.636286    2.0306
        0         0         0         1

-0.0183231 -0.637279  0.770415  0.648123
-0.986603 -0.113409 -0.117275  0.698499
 0.162109 -0.762243 -0.626663   2.00897
        0         0         0         1

-0.0183231 -0.637279  0.770415  0.648123
-0.986603 -0.113409 -0.117275  0.698499
 0.162109 -0.762243 -0.626663   2.00897
        0         0         0         1

-0.0175747  -0.619941   0.784452   0.646327
 -0.992984 -0.0809354 -0.0862087   0.673818
  0.116934  -0.780463  -0.614169    1.97924
         0          0          0          1

-0.0175747  -0.619941   0.784452   0.646327
 -0.992984 -0.0809354 -0.0862087   0.673818
  0.116934  -0.780463  -0.614169    1.97924
         0          0          0          1

  -0.02104  -0.603254   0.797271    0.64499
 -0.994489 -0.0692976 -0.0786785   0.663518
  0.102712  -0.794533  -0.598472    1.94985
         0          0          0          1

  -0.02104  -0.603254   0.797271    0.64499
 -0.994489 -0.0692976 -0.0786785   0.663518
  0.102712  -0.794533  -0.598472    1.94985
         0          0          0          1

 -0.024567  -0.588791   0.807912   0.644208
 -0.995528 -0.0593328 -0.0735126   0.653728
 0.0912192  -0.806105    -0.5847    1.91716
         0          0          0          1

 -0.024567  -0.588791   0.807912   0.644208
 -0.995528 -0.0593328 -0.0735126   0.653728
 0.0912192  -0.806105    -0.5847    1.91716
         0          0          0          1

-0.0201251  -0.583667   0.811743   0.637865
 -0.998294 -0.0327737 -0.0483154    0.63256
  0.054804  -0.811331  -0.582012     1.8903
         0          0          0          1

-0.0201251  -0.583667   0.811743   0.637865
 -0.998294 -0.0327737 -0.0483154    0.63256
  0.054804  -0.811331  -0.582012     1.8903
         0          0          0          1

-0.0157918  -0.584489   0.811248   0.635352
 -0.999263 -0.0191616 -0.0332573   0.620827
 0.0349834  -0.811175  -0.583756    1.86752
         0          0          0          1

-0.0157918  -0.584489   0.811248   0.635352
 -0.999263 -0.0191616 -0.0332573   0.620827
 0.0349834  -0.811175  -0.583756    1.86752
         0          0          0          1

-0.00520404  -0.590001   0.807386   0.634396
 -0.999721  0.0216787 0.00939806   0.600491
 -0.023048  -0.807112  -0.589949    1.84319
         0          0          0          1

-0.00520404  -0.590001   0.807386   0.634396
 -0.999721  0.0216787 0.00939806   0.600491
 -0.023048  -0.807112  -0.589949    1.84319
         0          0          0          1

-0.00124719 -0.580588  0.814197  0.630163
-0.999224 0.0327717 0.0218383  0.594272
-0.0393617 -0.813538 -0.580178   1.81356
        0         0         0         1

-0.00124719 -0.580588  0.814197  0.630163
-0.999224 0.0327717 0.0218383  0.594272
-0.0393617 -0.813538 -0.580178   1.81356
        0         0         0         1

-0.0071803 -0.577828  0.816127  0.632771
-0.998843 0.0429587 0.0216274  0.592614
-0.0475567 -0.815027 -0.577468   1.80724
        0         0         0         1

-0.0146351 -0.567662  0.823131  0.634035
-0.998189 0.0563334 0.0211021  0.590391
-0.0583487 -0.821332 -0.567459   1.78863
        0         0         0         1

-0.0284835  -0.53905  0.841792  0.626509
-0.995882 0.0878114 0.0225336  0.580646
-0.0860657 -0.837684 -0.539332    1.7617
        0         0         0         1

-0.0284835  -0.53905  0.841792  0.626509
-0.995882 0.0878114 0.0225336  0.580646
-0.0860657 -0.837684 -0.539332    1.7617
        0         0         0         1

-0.0264315  -0.53326  0.845538  0.622305
-0.995414 0.0918306 0.0267987  0.576819
-0.0919369 -0.840952 -0.533242   1.75688
        0         0         0         1

-0.0266238 -0.523831  0.851406  0.615207
-0.993717  0.106487 0.0344423  0.569795
-0.108705  -0.84514 -0.523375   1.74917
        0         0         0         1

-0.0324516 -0.520938  0.852978  0.614973
-0.993213  0.112179 0.0307239  0.569304
-0.111691 -0.846191 -0.521043     1.745
        0         0         0         1

-0.0522016  -0.50949  0.858891  0.620248
-0.992186  0.124055 0.0132857  0.570867
-0.113318 -0.851487 -0.511985   1.72019
        0         0         0         1

-0.0494282 -0.501869   0.86353  0.618015
 -0.99003  0.138798  0.023998  0.564558
  -0.1319 -0.853735 -0.503725   1.70753
        0         0         0         1

-0.0494282 -0.501869   0.86353  0.618015
 -0.99003  0.138798  0.023998  0.564558
  -0.1319 -0.853735 -0.503725   1.70753
        0         0         0         1

-0.0529248 -0.498314   0.86538  0.618231
-0.986463  0.160779  0.032252  0.559506
-0.155207 -0.851959 -0.500077   1.69676
        0         0         0         1

-0.0529248 -0.498314   0.86538  0.618231
-0.986463  0.160779  0.032252  0.559506
-0.155207 -0.851959 -0.500077   1.69676
        0         0         0         1

-0.0524107 -0.483488   0.87378  0.612608
-0.983594  0.176234 0.0385178   0.55561
-0.172613 -0.857427 -0.484793   1.66895
        0         0         0         1

-0.0524107 -0.483488   0.87378  0.612608
-0.983594  0.176234 0.0385178   0.55561
-0.172613 -0.857427 -0.484793   1.66895
        0         0         0         1

-0.0640463 -0.464901  0.883043  0.611252
-0.979746  0.197517 0.0329278  0.553357
-0.189724  -0.86305 -0.468135   1.66155
        0         0         0         1

-0.0640463 -0.464901  0.883043  0.611252
-0.979746  0.197517 0.0329278  0.553357
-0.189724  -0.86305 -0.468135   1.66155
        0         0         0         1

-0.0803963 -0.435525  0.896579  0.608441
-0.977528  0.210307 0.0145047  0.552618
-0.194874 -0.875265 -0.442646   1.64682
        0         0         0         1

-0.0803963 -0.435525  0.896579  0.608441
-0.977528  0.210307 0.0145047  0.552618
-0.194874 -0.875265 -0.442646   1.64682
        0         0         0         1

-0.0831404  -0.42369  0.901984  0.603134
-0.975486   0.21966 0.0132654   0.55068
 -0.20375  -0.87877 -0.431566   1.64316
        0         0         0         1

-0.0831404  -0.42369  0.901984  0.603134
-0.975486   0.21966 0.0132654   0.55068
 -0.20375  -0.87877 -0.431566   1.64316
        0         0         0         1

-0.0801569 -0.414726  0.906409  0.598204
 -0.97412  0.225392 0.0169829  0.547379
-0.211341  -0.88159 -0.422059   1.63867
        0         0         0         1

-0.0801569 -0.414726  0.906409  0.598204
 -0.97412  0.225392 0.0169829  0.547379
-0.211341  -0.88159 -0.422059   1.63867
        0         0         0         1

-0.0901819  -0.416939   0.904449   0.604898
  -0.97265   0.232062 0.00999541   0.547746
 -0.214056  -0.878811  -0.426464    1.62946
         0          0          0          1

-0.0901819  -0.416939   0.904449   0.604898
  -0.97265   0.232062 0.00999541   0.547746
 -0.214056  -0.878811  -0.426464    1.62946
         0          0          0          1

-0.0910062 -0.414784  0.905358  0.607647
-0.971283  0.237662 0.0112502   0.54626
-0.219835 -0.878334 -0.424501   1.62133
        0         0         0         1

-0.0910062 -0.414784  0.905358  0.607647
-0.971283  0.237662 0.0112502   0.54626
-0.219835 -0.878334 -0.424501   1.62133
        0         0         0         1

-0.0878178 -0.406825  0.909275  0.608183
-0.968284  0.249204 0.0179815  0.543842
-0.233911 -0.878857 -0.415807    1.6079
        0         0         0         1

-0.0878178 -0.406825  0.909275  0.608183
-0.968284  0.249204 0.0179815  0.543842
-0.233911 -0.878857 -0.415807    1.6079
        0         0         0         1

-0.0915184 -0.396699  0.913375  0.607834
-0.966192   0.25739 0.0149797  0.542786
-0.241036 -0.881124 -0.406843    1.5998
        0         0         0         1

-0.0915184 -0.396699  0.913375  0.607834
-0.966192   0.25739 0.0149797  0.542786
-0.241036 -0.881124 -0.406843    1.5998
        0         0         0         1

-0.0945035 -0.385899  0.917688  0.604631
-0.964967  0.262146 0.0108633  0.542359
-0.244761 -0.884512 -0.397153   1.59045
        0         0         0         1

-0.0945035 -0.385899  0.917688  0.604631
-0.964967  0.262146 0.0108633  0.542359
-0.244761 -0.884512 -0.397153   1.59045
        0         0         0         1

 -0.103342  -0.379012   0.919604   0.598855
 -0.962788   0.270239 0.00318322   0.538835
 -0.249719  -0.885054  -0.392835     1.5861
         0          0          0          1

 -0.103342  -0.379012   0.919604   0.598855
 -0.962788   0.270239 0.00318322   0.538835
 -0.249719  -0.885054  -0.392835     1.5861
         0          0          0          1

   -0.108286    -0.375487      0.92048     0.595024
    -0.96142     0.275084 -0.000888398     0.536449
   -0.252876    -0.885064    -0.390789      1.58402
           0            0            0            1

   -0.108286    -0.375487      0.92048     0.595024
    -0.96142     0.275084 -0.000888398     0.536449
   -0.252876    -0.885064    -0.390789      1.58402
           0            0            0            1

 -0.104686  -0.375099   0.921055   0.592448
 -0.960756   0.277369 0.00376007   0.534015
 -0.256882  -0.884515  -0.389415    1.57969
         0          0          0          1

 -0.104686  -0.375099   0.921055   0.592448
 -0.960756   0.277369 0.00376007   0.534015
 -0.256882  -0.884515  -0.389415    1.57969
         0          0          0          1

-0.100611 -0.382578  0.918429  0.590527
-0.960773  0.277147 0.0101974  0.531409
-0.258441 -0.881376 -0.395455   1.57739
        0         0         0         1

-0.100611 -0.382578  0.918429  0.590527
-0.960773  0.277147 0.0101974  0.531409
-0.258441 -0.881376 -0.395455   1.57739
        0         0         0         1

-0.0994106 -0.387623  0.916442  0.594085
-0.961357  0.275041 0.0120502  0.530589
 -0.25673  -0.87983 -0.399986   1.57251
        0         0         0         1

-0.0994106 -0.387623  0.916442  0.594085
-0.961357  0.275041 0.0120502  0.530589
 -0.25673  -0.87983 -0.399986   1.57251
        0         0         0         1

-0.0974584 -0.396177  0.912987  0.598115
-0.962115  0.272207 0.0154176  0.529656
 -0.25463 -0.876896 -0.407697   1.56928
        0         0         0         1

-0.0974584 -0.396177  0.912987  0.598115
-0.962115  0.272207 0.0154176  0.529656
 -0.25463 -0.876896 -0.407697   1.56928
        0         0         0         1

-0.0933144 -0.410555  0.907049  0.603922
-0.962486  0.270324 0.0233384  0.528746
-0.254779 -0.870844 -0.420379   1.57177
        0         0         0         1

-0.0933144 -0.410555  0.907049  0.603922
-0.962486  0.270324 0.0233384  0.528746
-0.254779 -0.870844 -0.420379   1.57177
        0         0         0         1

-0.0749497 -0.438155   0.89577  0.614086
-0.964842  0.258798 0.0458586  0.525752
-0.251916 -0.860839 -0.442147   1.57408
        0         0         0         1

-0.0749497 -0.438155   0.89577  0.614086
-0.964842  0.258798 0.0458586  0.525752
-0.251916 -0.860839 -0.442147   1.57408
        0         0         0         1

-0.0667465 -0.451404   0.88982   0.62281
-0.965352  0.254697 0.0567948  0.524308
-0.252272 -0.855198 -0.452763   1.57668
        0         0         0         1

-0.0667465 -0.451404   0.88982   0.62281
-0.965352  0.254697 0.0567948  0.524308
-0.252272 -0.855198 -0.452763   1.57668
        0         0         0         1

-0.0624557 -0.452759  0.889443   0.62758
-0.964327  0.257074 0.0631461  0.523463
-0.257242 -0.853769 -0.452664   1.58012
        0         0         0         1

-0.0624557 -0.452759  0.889443   0.62758
-0.964327  0.257074 0.0631461  0.523463
-0.257242 -0.853769 -0.452664   1.58012
        0         0         0         1

-0.0561169 -0.443658  0.894437  0.622215
-0.966178  0.249967 0.0633705  0.520517
-0.251695  -0.86063  -0.44268   1.57947
        0         0         0         1

-0.0561169 -0.443658  0.894437  0.622215
-0.966178  0.249967 0.0633705  0.520517
-0.251695  -0.86063  -0.44268   1.57947
        0         0         0         1

-0.0612601 -0.438837  0.896476  0.619089
-0.966953  0.248792 0.0557109  0.519319
-0.247484 -0.863438 -0.439576   1.58392
        0         0         0         1

-0.0612601 -0.438837  0.896476  0.619089
-0.966953  0.248792 0.0557109  0.519319
-0.247484 -0.863438 -0.439576   1.58392
        0         0         0         1

-0.0653533 -0.437459   0.89686  0.615721
-0.970084  0.238446 0.0456171  0.518051
-0.233808 -0.867049 -0.439955    1.5912
        0         0         0         1

-0.0653533 -0.437459   0.89686  0.615721
-0.970084  0.238446 0.0456171  0.518051
-0.233808 -0.867049 -0.439955    1.5912
        0         0         0         1

-0.0649142 -0.441189  0.895063  0.611398
-0.972652   0.22843 0.0420551  0.515266
-0.223014 -0.867855 -0.443952   1.60314
        0         0         0         1

-0.0649142 -0.441189  0.895063  0.611398
-0.972652   0.22843 0.0420551  0.515266
-0.223014 -0.867855 -0.443952   1.60314
        0         0         0         1

-0.0521558 -0.444854  0.894083  0.601635
-0.975986   0.21232 0.0487066   0.50843
-0.211499 -0.870072 -0.445244   1.61678
        0         0         0         1

-0.0521558 -0.444854  0.894083  0.601635
-0.975986   0.21232 0.0487066   0.50843
-0.211499 -0.870072 -0.445244   1.61678
        0         0         0         1

-0.0312679 -0.455286  0.889796  0.593244
-0.980976  0.184624 0.0599957  0.499203
-0.191593 -0.870993 -0.452398   1.63881
        0         0         0         1

-0.0312679 -0.455286  0.889796  0.593244
-0.980976  0.184624 0.0599957  0.499203
-0.191593 -0.870993 -0.452398   1.63881
        0         0         0         1

-0.0159489 -0.465681  0.884809    0.5853
 -0.98235  0.172242  0.072945  0.490186
 -0.18637 -0.868029 -0.460209   1.66227
        0         0         0         1

-0.0159489 -0.465681  0.884809    0.5853
 -0.98235  0.172242  0.072945  0.490186
 -0.18637 -0.868029 -0.460209   1.66227
        0         0         0         1

-0.00405239 -0.470074  0.882617  0.576578
-0.987531  0.140781 0.0704447   0.48196
 -0.15737 -0.871327 -0.464784   1.68117
        0         0         0         1

-0.00405239 -0.470074  0.882617  0.576578
-0.987531  0.140781 0.0704447   0.48196
 -0.15737 -0.871327 -0.464784   1.68117
        0         0         0         1

0.0109823 -0.475221  0.879798  0.565468
-0.989299  0.122852 0.0787075  0.470371
-0.145488 -0.871247 -0.468787   1.70111
        0         0         0         1

0.0109823 -0.475221  0.879798  0.565468
-0.989299  0.122852 0.0787075  0.470371
-0.145488 -0.871247 -0.468787   1.70111
        0         0         0         1

0.0179455 -0.475273  0.879655  0.556201
-0.991127  0.107432 0.0782646  0.461492
  -0.1317 -0.873255 -0.469128   1.71767
        0         0         0         1

0.0179455 -0.475273  0.879655  0.556201
-0.991127  0.107432 0.0782646  0.461492
  -0.1317 -0.873255 -0.469128   1.71767
        0         0         0         1

0.0463707 -0.475538  0.878472  0.523434
-0.990958 0.0889413  0.100454  0.436385
-0.125902 -0.875188 -0.467114   1.74865
        0         0         0         1

0.0463707 -0.475538  0.878472  0.523434
-0.990958 0.0889413  0.100454  0.436385
-0.125902 -0.875188 -0.467114   1.74865
        0         0         0         1

0.0624742 -0.473975  0.878319   0.50254
-0.991043 0.0746148  0.110757   0.41942
-0.118032 -0.877371 -0.465068   1.76892
        0         0         0         1

0.0624742 -0.473975  0.878319   0.50254
-0.991043 0.0746148  0.110757   0.41942
-0.118032 -0.877371 -0.465068   1.76892
        0         0         0         1

 0.077852 -0.469238  0.879634  0.479895
-0.990291 0.0655252    0.1226  0.394335
-0.115167 -0.880638  -0.45958   1.80139
        0         0         0         1

 0.077852 -0.469238  0.879634  0.479895
-0.990291 0.0655252    0.1226  0.394335
-0.115167 -0.880638  -0.45958   1.80139
        0         0         0         1

0.0971217 -0.466078  0.879397  0.457678
-0.989128  0.052827  0.137239  0.377039
 -0.11042 -0.883165  -0.45588   1.81272
        0         0         0         1

0.0971217 -0.466078  0.879397  0.457678
-0.989128  0.052827  0.137239  0.377039
 -0.11042 -0.883165  -0.45588   1.81272
        0         0         0         1

  0.11294 -0.472368  0.874136  0.439854
-0.986121 0.0544685  0.156842  0.357206
  -0.1217 -0.879717  -0.45966   1.82881
        0         0         0         1

  0.11294 -0.472368  0.874136  0.439854
-0.986121 0.0544685  0.156842  0.357206
  -0.1217 -0.879717  -0.45966   1.82881
        0         0         0         1

 0.138091  -0.47834   0.86725  0.404158
-0.979786 0.0619903  0.190201  0.324396
-0.144742 -0.875984 -0.460111   1.84696
        0         0         0         1

 0.138091  -0.47834   0.86725  0.404158
-0.979786 0.0619903  0.190201  0.324396
-0.144742 -0.875984 -0.460111   1.84696
        0         0         0         1

 0.148467 -0.482944  0.862973  0.385641
 -0.97607 0.0686408  0.206338  0.303954
-0.158885 -0.872957 -0.461197   1.85926
        0         0         0         1

 0.148467 -0.482944  0.862973  0.385641
 -0.97607 0.0686408  0.206338  0.303954
-0.158885 -0.872957 -0.461197   1.85926
        0         0         0         1

 0.155893 -0.495492  0.854509  0.355895
-0.973833 0.0677321  0.216937  0.271474
-0.165368 -0.865968 -0.471967   1.87882
        0         0         0         1

 0.155893 -0.495492  0.854509  0.355895
-0.973833 0.0677321  0.216937  0.271474
-0.165368 -0.865968 -0.471967   1.87882
        0         0         0         1

 0.167477 -0.501747  0.848647  0.331114
-0.971415 0.0629088  0.228899  0.246079
-0.168237 -0.862724 -0.476869   1.88789
        0         0         0         1

 0.167477 -0.501747  0.848647  0.331114
-0.971415 0.0629088  0.228899  0.246079
-0.168237 -0.862724 -0.476869   1.88789
        0         0         0         1

 0.165829 -0.517267  0.839605  0.312028
-0.971663 0.0597188  0.228703  0.224957
-0.168441 -0.853738 -0.492706   1.89882
        0         0         0         1

 0.165829 -0.517267  0.839605  0.312028
-0.971663 0.0597188  0.228703  0.224957
-0.168441 -0.853738 -0.492706   1.89882
        0         0         0         1

 0.176114 -0.527813  0.830901  0.272852
-0.968555 0.0577857  0.241997  0.182167
-0.175744 -0.847392 -0.501039   1.91212
        0         0         0         1

 0.176114 -0.527813  0.830901  0.272852
-0.968555 0.0577857  0.241997  0.182167
-0.175744 -0.847392 -0.501039   1.91212
        0         0         0         1

 0.176765 -0.536349  0.825278  0.251166
-0.967177 0.0608572  0.246709  0.158737
-0.182546 -0.841799 -0.507987   1.91661
        0         0         0         1

 0.176765 -0.536349  0.825278  0.251166
-0.967177 0.0608572  0.246709  0.158737
-0.182546 -0.841799 -0.507987   1.91661
        0         0         0         1

 0.175444 -0.543923  0.820589   0.21391
-0.965758 0.0667345  0.250716  0.118619
-0.191132 -0.836477  -0.51359   1.91964
        0         0         0         1

 0.175444 -0.543923  0.820589   0.21391
-0.965758 0.0667345  0.250716  0.118619
-0.191132 -0.836477  -0.51359   1.91964
        0         0         0         1

 0.173293 -0.549448  0.817359  0.193766
-0.963994 0.0753397  0.255027 0.0949242
-0.201704 -0.832124 -0.516609   1.91951
        0         0         0         1

 0.173293 -0.549448  0.817359  0.193766
-0.963994 0.0753397  0.255027 0.0949242
-0.201704 -0.832124 -0.516609   1.91951
        0         0         0         1

 0.168256 -0.551572  0.816981  0.174003
-0.963522 0.0829636  0.254447 0.0737819
-0.208126 -0.829991 -0.517492   1.91465
        0         0         0         1

 0.168256 -0.551572  0.816981  0.174003
-0.963522 0.0829636  0.254447 0.0737819
-0.208126 -0.829991 -0.517492   1.91465
        0         0         0         1

 0.154062 -0.552519  0.819138  0.143332
-0.961094  0.108569  0.253992 0.0405042
-0.229268 -0.826399 -0.514296   1.90782
        0         0         0         1

 0.154062 -0.552519  0.819138  0.143332
-0.961094  0.108569  0.253992 0.0405042
-0.229268 -0.826399 -0.514296   1.90782
        0         0         0         1

 0.145398 -0.546981  0.824422  0.121342
-0.960601  0.121449  0.249992 0.0193371
-0.236866 -0.828288 -0.507772   1.89627
        0         0         0         1

 0.145398 -0.546981  0.824422  0.121342
-0.960601  0.121449  0.249992 0.0193371
-0.236866 -0.828288 -0.507772   1.89627
        0         0         0         1

  0.134767   -0.55259   0.822485  0.0912093
 -0.957968   0.139487   0.250682 -0.0166254
 -0.253251  -0.821698  -0.510565    1.88892
         0          0          0          1

  0.134767   -0.55259   0.822485  0.0912093
 -0.957968   0.139487   0.250682 -0.0166254
 -0.253251  -0.821698  -0.510565    1.88892
         0          0          0          1

  0.126037  -0.559254   0.819359  0.0747887
 -0.957456   0.147563   0.247998 -0.0357578
 -0.259601  -0.815757  -0.516863    1.87798
         0          0          0          1

  0.126037  -0.559254   0.819359  0.0747887
 -0.957456   0.147563   0.247998 -0.0357578
 -0.259601  -0.815757  -0.516863    1.87798
         0          0          0          1

  0.116593  -0.567875   0.814815   0.055684
 -0.957901   0.152421   0.243295 -0.0557544
 -0.262356  -0.808879  -0.526197    1.87021
         0          0          0          1

  0.116593  -0.567875   0.814815   0.055684
 -0.957901   0.152421   0.243295 -0.0557544
 -0.262356  -0.808879  -0.526197    1.87021
         0          0          0          1

  0.104208  -0.576177   0.810655  0.0283161
 -0.958729   0.158605   0.235972 -0.0865789
 -0.264536  -0.801789  -0.535869    1.85658
         0          0          0          1

  0.104208  -0.576177   0.810655  0.0283161
 -0.958729   0.158605   0.235972 -0.0865789
 -0.264536  -0.801789  -0.535869    1.85658
         0          0          0          1

 0.090491 -0.574506  0.813483 0.0143055
-0.959938  0.167199  0.224863 -0.101699
-0.265199 -0.801241  -0.53636   1.84454
        0         0         0         1

 0.090491 -0.574506  0.813483 0.0143055
-0.959938  0.167199  0.224863 -0.101699
-0.265199 -0.801241  -0.53636   1.84454
        0         0         0         1

   0.082285   -0.561734    0.823216 -0.00940004
  -0.956436    0.187649    0.223647   -0.130712
  -0.280106   -0.805756   -0.521822      1.8281
          0           0           0           1

   0.082285   -0.561734    0.823216 -0.00940004
  -0.956436    0.187649    0.223647   -0.130712
  -0.280106   -0.805756   -0.521822      1.8281
          0           0           0           1

  0.072936  -0.546616   0.834201 -0.0229904
 -0.953981   0.205698   0.218194  -0.143833
 -0.290861  -0.811726  -0.506459    1.81341
         0          0          0          1

  0.072936  -0.546616   0.834201 -0.0229904
 -0.953981   0.205698   0.218194  -0.143833
 -0.290861  -0.811726  -0.506459    1.81341
         0          0          0          1

 0.0709157  -0.541459   0.837731 -0.0359843
 -0.949825   0.219839   0.222495  -0.162325
 -0.304638  -0.811476  -0.498701     1.8014
         0          0          0          1

 0.0709157  -0.541459   0.837731 -0.0359843
 -0.949825   0.219839   0.222495  -0.162325
 -0.304638  -0.811476  -0.498701     1.8014
         0          0          0          1

 0.0640419  -0.535275   0.842247 -0.0559713
 -0.944635   0.239648   0.224131  -0.182885
 -0.321814  -0.809969  -0.490291    1.77783
         0          0          0          1

 0.0640419  -0.535275   0.842247 -0.0559713
 -0.944635   0.239648   0.224131  -0.182885
 -0.321814  -0.809969  -0.490291    1.77783
         0          0          0          1

 0.0560101  -0.532746    0.84442 -0.0690632
  -0.94235    0.25125    0.22102  -0.198484
 -0.329908  -0.808118   -0.48796    1.76517
         0          0          0          1

 0.0560101  -0.532746    0.84442 -0.0690632
  -0.94235    0.25125    0.22102  -0.198484
 -0.329908  -0.808118   -0.48796    1.76517
         0          0          0          1

 0.0415666  -0.530599   0.846603 -0.0805957
 -0.943263   0.258543   0.208351   -0.20863
 -0.329435   -0.80723  -0.489747     1.7563
         0          0          0          1

 0.0415666  -0.530599   0.846603 -0.0805957
 -0.943263   0.258543   0.208351   -0.20863
 -0.329435   -0.80723  -0.489747     1.7563
         0          0          0          1

 0.0245854  -0.522762   0.852124 -0.0991418
 -0.946606   0.261911   0.187989  -0.228236
 -0.321454  -0.811247  -0.488411    1.74008
         0          0          0          1

 0.0245854  -0.522762   0.852124 -0.0991418
 -0.946606   0.261911   0.187989  -0.228236
 -0.321454  -0.811247  -0.488411    1.74008
         0          0          0          1

0.00324333 -0.516754  0.856128 -0.108609
 -0.94943  0.267204  0.164879 -0.237074
-0.313963 -0.813368 -0.489755    1.7367
        0         0         0         1

0.00324333 -0.516754  0.856128 -0.108609
 -0.94943  0.267204  0.164879 -0.237074
-0.313963 -0.813368 -0.489755    1.7367
        0         0         0         1

-0.0184905 -0.497911  0.867031 -0.126995
-0.955727  0.263513  0.130946 -0.253542
-0.293674 -0.826224 -0.480739   1.72334
        0         0         0         1

-0.0184905 -0.497911  0.867031 -0.126995
-0.955727  0.263513  0.130946 -0.253542
-0.293674 -0.826224 -0.480739   1.72334
        0         0         0         1

-0.0238596 -0.479512  0.877211 -0.139659
-0.958787  0.259475  0.115759 -0.269466
-0.283122 -0.838297 -0.465941   1.71585
        0         0         0         1

-0.0238596 -0.479512  0.877211 -0.139659
-0.958787  0.259475  0.115759 -0.269466
-0.283122 -0.838297 -0.465941   1.71585
        0         0         0         1

-0.0345871  -0.45974   0.88738  -0.15034
-0.960129  0.261747 0.0981851 -0.280144
-0.277409 -0.848603 -0.450463   1.70881
        0         0         0         1

-0.0345871  -0.45974   0.88738  -0.15034
-0.960129  0.261747 0.0981851 -0.280144
-0.277409 -0.848603 -0.450463   1.70881
        0         0         0         1

-0.054331 -0.433995  0.899276 -0.161195
-0.957399  0.278441 0.0765345 -0.289198
-0.283611 -0.856807 -0.430634   1.69917
        0         0         0         1

-0.054331 -0.433995  0.899276 -0.161195
-0.957399  0.278441 0.0765345 -0.289198
-0.283611 -0.856807 -0.430634   1.69917
        0         0         0         1

-0.0591902 -0.418082  0.906479 -0.168898
-0.956701  0.283004 0.0680565 -0.296471
-0.284991 -0.863201 -0.416731   1.68856
        0         0         0         1

-0.0591902 -0.418082  0.906479 -0.168898
-0.956701  0.283004 0.0680565 -0.296471
-0.284991 -0.863201 -0.416731   1.68856
        0         0         0         1

-0.066786 -0.405338  0.911724 -0.179721
-0.954725  0.291451 0.0596385 -0.307876
-0.289896 -0.866463 -0.406451   1.67535
        0         0         0         1

-0.066786 -0.405338  0.911724 -0.179721
-0.954725  0.291451 0.0596385 -0.307876
-0.289896 -0.866463 -0.406451   1.67535
        0         0         0         1

-0.0782498 -0.403695  0.911541 -0.183154
-0.953832  0.296263 0.0493263  -0.30784
-0.289969 -0.865597  -0.40824   1.66721
        0         0         0         1

-0.0782498 -0.403695  0.911541 -0.183154
-0.953832  0.296263 0.0493263  -0.30784
-0.289969 -0.865597  -0.40824   1.66721
        0         0         0         1

-0.0873263 -0.404744  0.910251 -0.191464
-0.950383  0.307714 0.0456489 -0.316375
-0.298573 -0.861101 -0.411534    1.6569
        0         0         0         1

-0.0873263 -0.404744  0.910251 -0.191464
-0.950383  0.307714 0.0456489 -0.316375
-0.298573 -0.861101 -0.411534    1.6569
        0         0         0         1

-0.0913732 -0.407444  0.908647 -0.197268
-0.949496  0.310702 0.0438401  -0.32284
-0.300181 -0.858751 -0.415257   1.65057
        0         0         0         1

-0.0913732 -0.407444  0.908647 -0.197268
-0.949496  0.310702 0.0438401  -0.32284
-0.300181 -0.858751 -0.415257   1.65057
        0         0         0         1

-0.0948928   -0.4149  0.904905 -0.202299
-0.949679  0.310302 0.0426861 -0.328636
-0.298505 -0.855319 -0.423468   1.64444
        0         0         0         1

-0.0948928   -0.4149  0.904905 -0.202299
-0.949679  0.310302 0.0426861 -0.328636
-0.298505 -0.855319 -0.423468   1.64444
        0         0         0         1

-0.105043 -0.428134   0.89759 -0.205809
 -0.94951  0.311492 0.0374565 -0.329422
-0.295628 -0.848336 -0.439238   1.63445
        0         0         0         1

-0.105043 -0.428134   0.89759 -0.205809
 -0.94951  0.311492 0.0374565 -0.329422
-0.295628 -0.848336 -0.439238   1.63445
        0         0         0         1

-0.105754 -0.435779  0.893819 -0.207907
-0.948267   0.31478 0.0412747 -0.332719
-0.299343 -0.843214 -0.446524   1.63006
        0         0         0         1

-0.105754 -0.435779  0.893819 -0.207907
-0.948267   0.31478 0.0412747 -0.332719
-0.299343 -0.843214 -0.446524   1.63006
        0         0         0         1

-0.101073 -0.442385  0.891111 -0.208617
-0.944904  0.323001 0.0531767 -0.338333
-0.311354  -0.83664 -0.450658   1.62184
        0         0         0         1

-0.101073 -0.442385  0.891111 -0.208617
-0.944904  0.323001 0.0531767 -0.338333
-0.311354  -0.83664 -0.450658   1.62184
        0         0         0         1

-0.0985136 -0.442909  0.891138  -0.21141
-0.943262  0.326908 0.0582023 -0.340241
-0.317098 -0.834843 -0.449984     1.611
        0         0         0         1

-0.0985136 -0.442909  0.891138  -0.21141
-0.943262  0.326908 0.0582023 -0.340241
-0.317098 -0.834843 -0.449984     1.611
        0         0         0         1

-0.103837 -0.449917  0.887014 -0.212447
-0.942236  0.330046 0.0571065 -0.339991
-0.318448 -0.829846 -0.458199   1.60886
        0         0         0         1

-0.103837 -0.449917  0.887014 -0.212447
-0.942236  0.330046 0.0571065 -0.339991
-0.318448 -0.829846 -0.458199   1.60886
        0         0         0         1

-0.109905 -0.464004  0.878989 -0.212081
-0.941301  0.332571 0.0578626 -0.336946
-0.319175 -0.821034 -0.473318   1.60083
        0         0         0         1

-0.109905 -0.464004  0.878989 -0.212081
-0.941301  0.332571 0.0578626 -0.336946
-0.319175 -0.821034 -0.473318   1.60083
        0         0         0         1

-0.103292 -0.483284  0.869349 -0.211807
-0.939947  0.333289 0.0736008 -0.340084
-0.325315  -0.80954 -0.488688   1.59829
        0         0         0         1

-0.103292 -0.483284  0.869349 -0.211807
-0.939947  0.333289 0.0736008 -0.340084
-0.325315  -0.80954 -0.488688   1.59829
        0         0         0         1

-0.100617 -0.488077  0.866982 -0.214583
-0.938589   0.33563 0.0800197 -0.345442
-0.330041 -0.805688 -0.491874    1.5924
        0         0         0         1

-0.100617 -0.488077  0.866982 -0.214583
-0.938589   0.33563 0.0800197 -0.345442
-0.330041 -0.805688 -0.491874    1.5924
        0         0         0         1

-0.100381 -0.488429  0.866811 -0.214222
 -0.93805  0.336856 0.0811805 -0.345348
-0.331642 -0.804963 -0.491984   1.58914
        0         0         0         1

-0.100381 -0.488429  0.866811 -0.214222
 -0.93805  0.336856 0.0811805 -0.345348
-0.331642 -0.804963 -0.491984   1.58914
        0         0         0         1

-0.0976299 -0.485801    0.8686 -0.213404
-0.937755  0.337189  0.083184 -0.344802
-0.333293 -0.806413 -0.488482   1.58605
        0         0         0         1

-0.0976299 -0.485801    0.8686 -0.213404
-0.937755  0.337189  0.083184 -0.344802
-0.333293 -0.806413 -0.488482   1.58605
        0         0         0         1

-0.0911758 -0.478817  0.873167 -0.211586
-0.937382  0.337247 0.0870548  -0.34612
-0.336157 -0.810554 -0.479584   1.58218
        0         0         0         1

-0.0911758 -0.478817  0.873167 -0.211586
-0.937382  0.337247 0.0870548  -0.34612
-0.336157 -0.810554 -0.479584   1.58218
        0         0         0         1

-0.0829497 -0.476947  0.875009 -0.211179
-0.937804  0.334377 0.0933588  -0.34833
 -0.33711 -0.812843  -0.47502   1.57831
        0         0         0         1

-0.0829497 -0.476947  0.875009 -0.211179
-0.937804  0.334377 0.0933588  -0.34833
 -0.33711 -0.812843  -0.47502   1.57831
        0         0         0         1

-0.0756037 -0.481267  0.873308 -0.209316
  -0.9374   0.33289  0.102298 -0.349621
-0.339948 -0.810905 -0.476307   1.57767
        0         0         0         1

-0.0756037 -0.481267  0.873308 -0.209316
  -0.9374   0.33289  0.102298 -0.349621
-0.339948 -0.810905 -0.476307   1.57767
        0         0         0         1

 -0.06386 -0.489184  0.869839 -0.207534
-0.936201  0.331226  0.117544 -0.349289
-0.345614 -0.806838 -0.479127   1.57276
        0         0         0         1

 -0.06386 -0.489184  0.869839 -0.207534
-0.936201  0.331226  0.117544 -0.349289
-0.345614 -0.806838 -0.479127   1.57276
        0         0         0         1

-0.0650666 -0.493212  0.867472 -0.207476
-0.935187  0.333414  0.119421 -0.347848
-0.348127 -0.803478 -0.482939   1.57158
        0         0         0         1

-0.0650666 -0.493212  0.867472 -0.207476
-0.935187  0.333414  0.119421 -0.347848
-0.348127 -0.803478 -0.482939   1.57158
        0         0         0         1

-0.0729915 -0.494342  0.866198 -0.209158
-0.934728  0.336775  0.113432 -0.343629
-0.347788 -0.801379 -0.486656   1.56824
        0         0         0         1

-0.0729915 -0.494342  0.866198 -0.209158
-0.934728  0.336775  0.113432 -0.343629
-0.347788 -0.801379 -0.486656   1.56824
        0         0         0         1

-0.0731404 -0.497354  0.864459 -0.210236
 -0.93446  0.337038  0.114847 -0.342018
-0.348475 -0.799402 -0.489409    1.5652
        0         0         0         1

-0.0731404 -0.497354  0.864459 -0.210236
 -0.93446  0.337038  0.114847 -0.342018
-0.348475 -0.799402 -0.489409    1.5652
        0         0         0         1

-0.0706975 -0.501913  0.862024 -0.211897
-0.934982  0.334469  0.118064 -0.343989
-0.347578  -0.79763 -0.492926    1.5629
        0         0         0         1

-0.0706975 -0.501913  0.862024 -0.211897
-0.934982  0.334469  0.118064 -0.343989
-0.347578  -0.79763 -0.492926    1.5629
        0         0         0         1

-0.0779717 -0.498317  0.863481 -0.212226
-0.934368  0.338573  0.111019 -0.338594
-0.347674 -0.798153 -0.492011   1.56037
        0         0         0         1

-0.0779717 -0.498317  0.863481 -0.212226
-0.934368  0.338573  0.111019 -0.338594
-0.347674 -0.798153 -0.492011   1.56037
        0         0         0         1

-0.0769651 -0.495541  0.865168 -0.213342
-0.934123  0.339196  0.111181 -0.339426
-0.348556 -0.799616 -0.489002   1.55741
        0         0         0         1

-0.0769651 -0.495541  0.865168 -0.213342
-0.934123  0.339196  0.111181 -0.339426
-0.348556 -0.799616 -0.489002   1.55741
        0         0         0         1

-0.0755694 -0.492636  0.866948 -0.212757
-0.933478  0.340634  0.112194 -0.336399
-0.350583 -0.800799 -0.485606   1.55428
        0         0         0         1

-0.0755694 -0.492636  0.866948 -0.212757
-0.933478  0.340634  0.112194 -0.336399
-0.350583 -0.800799 -0.485606   1.55428
        0         0         0         1

-0.0736099 -0.492667  0.867099 -0.213305
-0.932695  0.341828  0.115041 -0.337332
-0.353076 -0.800271 -0.484669   1.55527
        0         0         0         1

-0.0736099 -0.492667  0.867099 -0.213305
-0.932695  0.341828  0.115041 -0.337332
-0.353076 -0.800271 -0.484669   1.55527
        0         0         0         1

-0.0712441 -0.491393  0.868019 -0.214418
-0.932283  0.342214  0.117211 -0.338109
-0.354645 -0.800889 -0.482498   1.55456
        0         0         0         1

-0.0712441 -0.491393  0.868019 -0.214418
-0.932283  0.342214  0.117211 -0.338109
-0.354645 -0.800889 -0.482498   1.55456
        0         0         0         1

-0.0702207 -0.489105  0.869394 -0.214395
-0.932142   0.34253  0.117412 -0.337433
 -0.35522 -0.802153 -0.479968    1.5536
        0         0         0         1

-0.0702207 -0.489105  0.869394 -0.214395
-0.932142   0.34253  0.117412 -0.337433
 -0.35522 -0.802153 -0.479968    1.5536
        0         0         0         1

-0.0709206 -0.489206   0.86928 -0.214184
-0.932349   0.34226  0.116548 -0.335842
-0.354536 -0.802207 -0.480384   1.55417
        0         0         0         1

-0.0709206 -0.489206   0.86928 -0.214184
-0.932349   0.34226  0.116548 -0.335842
-0.354536 -0.802207 -0.480384   1.55417
        0         0         0         1

-0.0685894 -0.489556   0.86927 -0.214321
 -0.93252  0.341113  0.118528 -0.335982
-0.354546 -0.802482 -0.479917   1.55452
        0         0         0         1

-0.0685894 -0.489556   0.86927 -0.214321
 -0.93252  0.341113  0.118528 -0.335982
-0.354546 -0.802482 -0.479917   1.55452
        0         0         0         1

-0.0660372 -0.491666  0.868276 -0.214344
-0.932705  0.339606  0.121366 -0.337222
-0.354544 -0.801831 -0.481005    1.5559
        0         0         0         1

-0.0660372 -0.491666  0.868276 -0.214344
-0.932705  0.339606  0.121366 -0.337222
-0.354544 -0.801831 -0.481005    1.5559
        0         0         0         1

-0.0663256 -0.493036  0.867477 -0.213898
-0.932406   0.34018  0.122054 -0.336314
-0.355275 -0.800745 -0.482272   1.55701
        0         0         0         1

-0.0663256 -0.493036  0.867477 -0.213898
-0.932406   0.34018  0.122054 -0.336314
-0.355275 -0.800745 -0.482272   1.55701
        0         0         0         1

-0.0632748 -0.495179  0.866484 -0.214395
-0.931512  0.340895  0.126792   -0.3356
-0.358165 -0.799117 -0.482835     1.559
        0         0         0         1

-0.0632748 -0.495179  0.866484 -0.214395
-0.931512  0.340895  0.126792   -0.3356
-0.358165 -0.799117 -0.482835     1.559
        0         0         0         1

 -0.06185 -0.494489  0.866981 -0.215055
-0.931677  0.340161  0.127548 -0.334936
-0.357984 -0.799857 -0.481743   1.55941
