 -0.108769   0.989276 -0.0974769    0.83854
 -0.597721  0.0132655   0.801595   0.878797
  0.794292   0.145453   0.589868     2.6621
         0          0          0          1

 -0.108769   0.989276 -0.0974769    0.83854
 -0.597721  0.0132655   0.801595   0.878797
  0.794292   0.145453   0.589868     2.6621
         0          0          0          1

-0.0582006  0.985694 -0.158178   0.84464
-0.638699 0.0850098  0.764747   0.80995
 0.767253  0.145537  0.624614   2.65904
        0         0         0         1

-0.0582006  0.985694 -0.158178   0.84464
-0.638699 0.0850098  0.764747   0.80995
 0.767253  0.145537  0.624614   2.65904
        0         0         0         1

0.0114682  0.975663 -0.218974  0.876751
-0.673341  0.169431  0.719656  0.734497
 0.739243  0.139191  0.658897   2.64251
        0         0         0         1

0.0114682  0.975663 -0.218974  0.876751
-0.673341  0.169431  0.719656  0.734497
 0.739243  0.139191  0.658897   2.64251
        0         0         0         1

0.0550074  0.965781 -0.253459  0.898853
-0.693734  0.219535  0.685957  0.689015
 0.718128  0.138101  0.682071   2.62797
        0         0         0         1

0.0550074  0.965781 -0.253459  0.898853
-0.693734  0.219535  0.685957  0.689015
 0.718128  0.138101  0.682071   2.62797
        0         0         0         1

0.103297 0.952718 -0.28576 0.921782
-0.714303 0.270983 0.645244 0.637798
0.692171 0.137467 0.708521  2.61103
       0        0        0        1

0.103297 0.952718 -0.28576 0.921782
-0.714303 0.270983 0.645244 0.637798
0.692171 0.137467 0.708521  2.61103
       0        0        0        1

  0.15941  0.935219 -0.316154  0.974797
-0.729712   0.32732  0.600318  0.578779
 0.664913  0.135004  0.734619   2.57587
        0         0         0         1

  0.15941  0.935219 -0.316154  0.974797
-0.729712   0.32732  0.600318  0.578779
 0.664913  0.135004  0.734619   2.57587
        0         0         0         1

 0.197153  0.912777 -0.357728  0.991932
-0.743392  0.377073  0.552435  0.530342
 0.639139  0.157018  0.752892   2.56074
        0         0         0         1

 0.197153  0.912777 -0.357728  0.991932
-0.743392  0.377073  0.552435  0.530342
 0.639139  0.157018  0.752892   2.56074
        0         0         0         1

 0.244204  0.884705 -0.397067   1.03585
-0.749696  0.431957  0.501367  0.476523
 0.615078  0.175244  0.768745   2.52485
        0         0         0         1

 0.244204  0.884705 -0.397067   1.03585
-0.749696  0.431957  0.501367  0.476523
 0.615078  0.175244  0.768745   2.52485
        0         0         0         1

 0.275715  0.873176 -0.401926   1.08235
-0.750335  0.456855  0.477788  0.449871
 0.600815  0.169846  0.781136   2.49302
        0         0         0         1

 0.275715  0.873176 -0.401926   1.08235
-0.750335  0.456855  0.477788  0.449871
 0.600815  0.169846  0.781136   2.49302
        0         0         0         1

 0.293048  0.859405 -0.418983   1.11959
-0.756105  0.476523  0.448587  0.417772
 0.585173  0.185337  0.789445    2.4631
        0         0         0         1

 0.293048  0.859405 -0.418983   1.11959
-0.756105  0.476523  0.448587  0.417772
 0.585173  0.185337  0.789445    2.4631
        0         0         0         1

 0.317632  0.834629 -0.450005   1.17086
-0.768348  0.504655  0.393656  0.367283
 0.555654  0.220722   0.80158   2.42344
        0         0         0         1

 0.317632  0.834629 -0.450005   1.17086
-0.768348  0.504655  0.393656  0.367283
 0.555654  0.220722   0.80158   2.42344
        0         0         0         1

 0.328269  0.814109 -0.479025   1.19843
-0.771506   0.52368    0.3613  0.344112
 0.544994  0.250967  0.799998   2.38602
        0         0         0         1

 0.328269  0.814109 -0.479025   1.19843
-0.771506   0.52368    0.3613  0.344112
 0.544994  0.250967  0.799998   2.38602
        0         0         0         1

 0.333632  0.793447 -0.509049   1.25297
-0.786021  0.532251  0.314452  0.302634
 0.520443  0.295212  0.801243   2.33167
        0         0         0         1

 0.333632  0.793447 -0.509049   1.25297
-0.786021  0.532251  0.314452  0.302634
 0.520443  0.295212  0.801243   2.33167
        0         0         0         1

 0.337605  0.782218 -0.523601   1.28771
-0.795544  0.534437  0.285459  0.278799
 0.503123  0.320175  0.802718   2.29054
        0         0         0         1

 0.337605  0.782218 -0.523601   1.28771
-0.795544  0.534437  0.285459  0.278799
 0.503123  0.320175  0.802718   2.29054
        0         0         0         1

 0.342003  0.779901 -0.524203   1.32364
-0.804335  0.531394  0.265831  0.256166
  0.48588   0.33072  0.809039   2.24583
        0         0         0         1

 0.342003  0.779901 -0.524203   1.32364
-0.804335  0.531394  0.265831  0.256166
  0.48588   0.33072  0.809039   2.24583
        0         0         0         1

 0.348187  0.780642 -0.519003   1.37197
-0.820118   0.52184  0.234711  0.218919
 0.454062  0.343921  0.821916    2.1858
        0         0         0         1

 0.348187  0.780642 -0.519003   1.37197
-0.820118   0.52184  0.234711  0.218919
 0.454062  0.343921  0.821916    2.1858
        0         0         0         1

 0.351749   0.78298 -0.513045   1.40605
-0.826944  0.516746  0.221668  0.198673
 0.438675  0.346288  0.829246   2.14429
        0         0         0         1

 0.351749   0.78298 -0.513045   1.40605
-0.826944  0.516746  0.221668  0.198673
 0.438675  0.346288  0.829246   2.14429
        0         0         0         1

 0.355289  0.785307 -0.507014   1.43957
-0.833268  0.511874  0.208924   0.18117
 0.423597   0.34825  0.836234   2.10048
        0         0         0         1

 0.355289  0.785307 -0.507014   1.43957
-0.833268  0.511874  0.208924   0.18117
 0.423597   0.34825  0.836234   2.10048
        0         0         0         1

 0.358289  0.787441 -0.501563   1.48547
 -0.84321  0.503555  0.188226  0.158163
 0.400782  0.355484  0.844396   2.03403
        0         0         0         1

 0.358289  0.787441 -0.501563   1.48547
 -0.84321  0.503555  0.188226  0.158163
 0.400782  0.355484  0.844396   2.03403
        0         0         0         1

 0.362145   0.79472 -0.487105   1.51876
-0.850759  0.495337  0.175642  0.143249
 0.380868  0.350801  0.855499   1.98493
        0         0         0         1

 0.362145   0.79472 -0.487105   1.51876
-0.850759  0.495337  0.175642  0.143249
 0.380868  0.350801  0.855499   1.98493
        0         0         0         1

 0.360595  0.810817 -0.461029   1.56505
-0.864328  0.476267  0.161578  0.119855
 0.350583  0.340216  0.872551   1.91152
        0         0         0         1

 0.360595  0.810817 -0.461029   1.56505
-0.864328  0.476267  0.161578  0.119855
 0.350583  0.340216  0.872551   1.91152
        0         0         0         1

0.360299 0.816926 -0.45035  1.58811
-0.872043 0.466399 0.148368 0.107108
0.331249 0.339268 0.880438  1.86367
       0        0        0        1

0.360299 0.816926 -0.45035  1.58811
-0.872043 0.466399 0.148368 0.107108
0.331249 0.339268 0.880438  1.86367
       0        0        0        1

 0.351308  0.826921 -0.439072   1.61322
-0.883361  0.448153  0.137233 0.0932115
 0.310252  0.339648  0.887909   1.81255
        0         0         0         1

 0.351308  0.826921 -0.439072   1.61322
-0.883361  0.448153  0.137233 0.0932115
 0.310252  0.339648  0.887909   1.81255
        0         0         0         1

 0.326902  0.839869 -0.433308   1.64437
-0.903955  0.411629  0.115876 0.0721706
 0.275683  0.353811  0.893766   1.73564
        0         0         0         1

 0.326902  0.839869 -0.433308   1.64437
-0.903955  0.411629  0.115876 0.0721706
 0.275683  0.353811  0.893766   1.73564
        0         0         0         1

 0.306451  0.850117 -0.428239   1.66262
-0.918351  0.382409  0.101958 0.0579867
 0.250439  0.362029  0.897895   1.68734
        0         0         0         1

 0.306451  0.850117 -0.428239   1.66262
-0.918351  0.382409  0.101958 0.0579867
 0.250439  0.362029  0.897895   1.68734
        0         0         0         1

 0.277565  0.864711 -0.418607   1.68479
 -0.93479  0.343617  0.089975 0.0399076
 0.221643  0.366336  0.903699   1.61924
        0         0         0         1

 0.277565  0.864711 -0.418607   1.68479
 -0.93479  0.343617  0.089975 0.0399076
 0.221643  0.366336  0.903699   1.61924
        0         0         0         1

 0.264219  0.871478 -0.413175   1.69724
-0.942588  0.324052  0.080729 0.0312977
 0.204244  0.368124  0.907066   1.57744
        0         0         0         1

 0.264219  0.871478 -0.413175   1.69724
-0.942588  0.324052  0.080729 0.0312977
 0.204244  0.368124  0.907066   1.57744
        0         0         0         1

  0.24567  0.881373 -0.403519   1.71166
-0.951179  0.299415 0.0748911 0.0209005
 0.186827  0.365421  0.911901   1.53374
        0         0         0         1

  0.24567  0.881373 -0.403519   1.71166
-0.951179  0.299415 0.0748911 0.0209005
 0.186827  0.365421  0.911901   1.53374
        0         0         0         1

  0.224564   0.889865  -0.397129    1.72841
  -0.96169    0.26814   0.057028 0.00862961
  0.157234   0.369109   0.915989    1.47449
         0          0          0          1

  0.224564   0.889865  -0.397129    1.72841
  -0.96169    0.26814   0.057028 0.00862961
  0.157234   0.369109   0.915989    1.47449
         0          0          0          1

  0.209663    0.89491  -0.393925    1.73726
  -0.96735    0.24852  0.0497178 0.00132458
  0.142391    0.37064   0.917797    1.43979
         0          0          0          1

  0.209663    0.89491  -0.393925    1.73726
  -0.96735    0.24852  0.0497178 0.00132458
  0.142391    0.37064   0.917797    1.43979
         0          0          0          1

   0.189169    0.902368   -0.387231     1.75043
  -0.974163     0.22201   0.0414555 -0.00916444
   0.123377    0.369384     0.92105     1.39381
          0           0           0           1

   0.189169    0.902368   -0.387231     1.75043
  -0.974163     0.22201   0.0414555 -0.00916444
   0.123377    0.369384     0.92105     1.39381
          0           0           0           1

  0.179267   0.906302  -0.382726    1.75676
 -0.977816   0.206985  0.0321408 -0.0140156
  0.108348   0.368474   0.923303    1.36567
         0          0          0          1

  0.179267   0.906302  -0.382726    1.75676
 -0.977816   0.206985  0.0321408 -0.0140156
  0.108348   0.368474   0.923303    1.36567
         0          0          0          1

  0.164903    0.91244  -0.374513    1.76636
  -0.98265   0.184669  0.0172406 -0.0214099
 0.0848918   0.365172   0.927061    1.32707
         0          0          0          1

  0.164903    0.91244  -0.374513    1.76636
  -0.98265   0.184669  0.0172406 -0.0214099
 0.0848918   0.365172   0.927061    1.32707
         0          0          0          1

  0.161223   0.915069  -0.369671    1.77014
 -0.984257    0.17657 0.00781476 -0.0243621
 0.0724238   0.362591    0.92913    1.30457
         0          0          0          1

  0.161223   0.915069  -0.369671    1.77014
 -0.984257    0.17657 0.00781476 -0.0243621
 0.0724238   0.362591    0.92913    1.30457
         0          0          0          1

   0.156671    0.917294   -0.366097       1.774
  -0.985702    0.168496 0.000354982  -0.0274255
  0.0620116    0.360807    0.930577     1.28691
          0           0           0           1

   0.156671    0.917294   -0.366097       1.774
  -0.985702    0.168496 0.000354982  -0.0274255
  0.0620116    0.360807    0.930577     1.28691
          0           0           0           1

  0.153968   0.920452  -0.359253    1.77876
  -0.98713   0.159201 -0.0151704 -0.0308734
 0.0432297   0.356965   0.933117    1.26002
         0          0          0          1

  0.153968   0.920452  -0.359253    1.77876
  -0.98713   0.159201 -0.0151704 -0.0308734
 0.0432297   0.356965   0.933117    1.26002
         0          0          0          1

  0.154073   0.921905  -0.355462    1.78281
 -0.987749   0.152724 -0.0320395 -0.0330144
 0.0247502   0.356044   0.934141     1.2452
         0          0          0          1

  0.154073   0.921905  -0.355462    1.78281
 -0.987749   0.152724 -0.0320395 -0.0330144
 0.0247502   0.356044   0.934141     1.2452
         0          0          0          1

  0.156174   0.925392  -0.345339    1.78775
 -0.987725   0.147389 -0.0517297 -0.0353431
0.00302911   0.349179   0.937051    1.22401
         0          0          0          1

  0.156174   0.925392  -0.345339    1.78775
 -0.987725   0.147389 -0.0517297 -0.0353431
0.00302911   0.349179   0.937051    1.22401
         0          0          0          1

  0.159297   0.925926  -0.342469    1.79027
 -0.987204   0.146846 -0.0621682 -0.0361291
-0.0072732    0.34799    0.93747    1.21366
         0          0          0          1

  0.159297   0.925926  -0.342469    1.79027
 -0.987204   0.146846 -0.0621682 -0.0361291
-0.0072732    0.34799    0.93747    1.21366
         0          0          0          1

  0.162035    0.92699  -0.338282    1.79178
 -0.986639   0.146296 -0.0717014 -0.0358783
-0.0169771    0.34538   0.938309    1.20357
         0          0          0          1

  0.162035    0.92699  -0.338282    1.79178
 -0.986639   0.146296 -0.0717014 -0.0358783
-0.0169771    0.34538   0.938309    1.20357
         0          0          0          1

  0.172981   0.927107  -0.332491     1.7952
 -0.984631   0.154521 -0.0814001 -0.0357526
-0.0240899   0.341461   0.939587    1.19504
         0          0          0          1

  0.172981   0.927107  -0.332491     1.7952
 -0.984631   0.154521 -0.0814001 -0.0357526
-0.0240899   0.341461   0.939587    1.19504
         0          0          0          1

  0.180763   0.922538  -0.340951    1.79869
 -0.983352   0.162988 -0.0803389  -0.035566
-0.0185448   0.349798   0.936642    1.19158
         0          0          0          1

  0.180763   0.922538  -0.340951    1.79869
 -0.983352   0.162988 -0.0803389  -0.035566
-0.0185448   0.349798   0.936642    1.19158
         0          0          0          1

  0.180834   0.915611  -0.359103    1.80279
 -0.983344   0.161544  -0.083294 -0.0372234
-0.0182541   0.368184   0.929574    1.19158
         0          0          0          1

  0.180834   0.915611  -0.359103    1.80279
 -0.983344   0.161544  -0.083294 -0.0372234
-0.0182541   0.368184   0.929574    1.19158
         0          0          0          1

  0.190851   0.910586  -0.366618    1.80635
 -0.981375   0.168665 -0.0919531  -0.036046
-0.0218955   0.377339   0.925816    1.18908
         0          0          0          1

  0.190851   0.910586  -0.366618    1.80635
 -0.981375   0.168665 -0.0919531  -0.036046
-0.0218955   0.377339   0.925816    1.18908
         0          0          0          1

  0.203052    0.90705  -0.368822    1.80957
 -0.978747   0.176975  -0.103604 -0.0345718
-0.0287018   0.382021   0.923708    1.18585
         0          0          0          1

  0.203052    0.90705  -0.368822    1.80957
 -0.978747   0.176975  -0.103604 -0.0345718
-0.0287018   0.382021   0.923708    1.18585
         0          0          0          1

  0.213981   0.899576  -0.380756    1.81565
 -0.975679   0.177842  -0.128152 -0.0348862
-0.0475682   0.398917   0.915752    1.18114
         0          0          0          1

  0.213981   0.899576  -0.380756    1.81565
 -0.975679   0.177842  -0.128152 -0.0348862
-0.0475682   0.398917   0.915752    1.18114
         0          0          0          1

  0.224271   0.896261  -0.382647    1.81838
 -0.972896   0.183212  -0.141089 -0.0337335
 -0.056347   0.403918   0.913058    1.17986
         0          0          0          1

  0.224271   0.896261  -0.382647    1.81838
 -0.972896   0.183212  -0.141089 -0.0337335
 -0.056347   0.403918   0.913058    1.17986
         0          0          0          1

  0.236796   0.893368  -0.381865    1.82118
  -0.96973   0.193224  -0.149289 -0.0322344
-0.0595844   0.405658   0.912081    1.18029
         0          0          0          1

  0.236796   0.893368  -0.381865    1.82118
  -0.96973   0.193224  -0.149289 -0.0322344
-0.0595844   0.405658   0.912081    1.18029
         0          0          0          1

  0.253406   0.892276   -0.37367     1.8259
 -0.965571   0.209823  -0.153778 -0.0323461
 -0.058808   0.399773   0.914726    1.18478
         0          0          0          1

  0.253406   0.892276   -0.37367     1.8259
 -0.965571   0.209823  -0.153778 -0.0323461
 -0.058808   0.399773   0.914726    1.18478
         0          0          0          1

  0.271718   0.891508  -0.362468    1.82871
 -0.960884   0.230346  -0.153763 -0.0322209
-0.0535884    0.39007   0.919225    1.19088
         0          0          0          1

  0.271718   0.891508  -0.362468    1.82871
 -0.960884   0.230346  -0.153763 -0.0322209
-0.0535884    0.39007   0.919225    1.19088
         0          0          0          1

  0.302686   0.887709  -0.346919    1.83205
 -0.952336   0.267217  -0.147146 -0.0319842
-0.0379197   0.374922    0.92628    1.20209
         0          0          0          1

  0.302686   0.887709  -0.346919    1.83205
 -0.952336   0.267217  -0.147146 -0.0319842
-0.0379197   0.374922    0.92628    1.20209
         0          0          0          1

  0.314676   0.884321  -0.344899    1.83486
 -0.948889    0.28379  -0.138102 -0.0354948
-0.0242477   0.370729   0.928425    1.21433
         0          0          0          1

  0.314676   0.884321  -0.344899    1.83486
 -0.948889    0.28379  -0.138102 -0.0354948
-0.0242477   0.370729   0.928425    1.21433
         0          0          0          1

  0.328964   0.878781  -0.345726    1.83654
 -0.944306    0.30288   -0.12865 -0.0383918
-0.00834127   0.368792   0.929475     1.2272
         0          0          0          1

  0.328964   0.878781  -0.345726    1.83654
 -0.944306    0.30288   -0.12865 -0.0383918
-0.00834127   0.368792   0.929475     1.2272
         0          0          0          1

 0.347062  0.871172 -0.347286   1.83854
-0.937695    0.3289 -0.112039 -0.045734
0.0166165  0.364533  0.931042   1.24842
        0         0         0         1

 0.347062  0.871172 -0.347286   1.83854
-0.937695    0.3289 -0.112039 -0.045734
0.0166165  0.364533  0.931042   1.24842
        0         0         0         1

  0.356005   0.867929  -0.346352    1.84004
 -0.933749    0.34509 -0.0950066 -0.0530722
 0.0370638   0.357229   0.933281    1.26261
         0          0          0          1

  0.356005   0.867929  -0.346352    1.84004
 -0.933749    0.34509 -0.0950066 -0.0530722
 0.0370638   0.357229   0.933281    1.26261
         0          0          0          1

  0.364404   0.862088  -0.352156    1.84157
  -0.92895   0.363021  -0.072574 -0.0683661
 0.0652747   0.353581   0.933123    1.28955
         0          0          0          1

  0.364404   0.862088  -0.352156    1.84157
  -0.92895   0.363021  -0.072574 -0.0683661
 0.0652747   0.353581   0.933123    1.28955
         0          0          0          1

  0.371287   0.859431  -0.351462    1.84189
 -0.924668    0.37667 -0.0557526 -0.0791815
 0.0844698   0.345686   0.934541    1.30428
         0          0          0          1

  0.371287   0.859431  -0.351462    1.84189
 -0.924668    0.37667 -0.0557526 -0.0791815
 0.0844698   0.345686   0.934541    1.30428
         0          0          0          1

  0.377559   0.854094  -0.357734    1.84106
 -0.920328    0.38876 -0.0431621 -0.0898777
  0.102208   0.345529   0.932825    1.32185
         0          0          0          1

  0.377559   0.854094  -0.357734    1.84106
 -0.920328    0.38876 -0.0431621 -0.0898777
  0.102208   0.345529   0.932825    1.32185
         0          0          0          1

  0.379276   0.849263  -0.367291    1.84091
 -0.916597   0.399111 -0.0236691  -0.110473
  0.126488   0.345635   0.929805    1.34661
         0          0          0          1

  0.379276   0.849263  -0.367291    1.84091
 -0.916597   0.399111 -0.0236691  -0.110473
  0.126488   0.345635   0.929805    1.34661
         0          0          0          1

 0.380081  0.846106 -0.373689      1.84
-0.914193  0.405081 -0.012646 -0.124657
 0.140675   0.34643  0.927468   1.36216
        0         0         0         1

 0.380081  0.846106 -0.373689      1.84
-0.914193  0.405081 -0.012646 -0.124657
 0.140675   0.34643  0.927468   1.36216
        0         0         0         1

  0.373776   0.845123  -0.382176    1.83928
 -0.913877   0.405971 0.00395076  -0.150864
  0.158491   0.347785   0.924081     1.3841
         0          0          0          1

  0.373776   0.845123  -0.382176    1.83928
 -0.913877   0.405971 0.00395076  -0.150864
  0.158491   0.347785   0.924081     1.3841
         0          0          0          1

 0.371772  0.843973 -0.386647   1.83668
-0.913026  0.407722 0.0120761 -0.166921
 0.167837   0.34853  0.922149   1.39747
        0         0         0         1

 0.371772  0.843973 -0.386647   1.83668
-0.913026  0.407722 0.0120761 -0.166921
 0.167837   0.34853  0.922149   1.39747
        0         0         0         1

 0.364476  0.846013 -0.389127   1.83462
-0.914913  0.403174  0.019601  -0.18603
 0.173469  0.348873  0.920976   1.40862
        0         0         0         1

 0.364476  0.846013 -0.389127   1.83462
-0.914913  0.403174  0.019601  -0.18603
 0.173469  0.348873  0.920976   1.40862
        0         0         0         1

 0.353226  0.850142   -0.3905   1.83063
-0.918548  0.394342 0.0276353 -0.215113
 0.177484  0.348931  0.920188    1.4201
        0         0         0         1

 0.353226  0.850142   -0.3905   1.83063
-0.918548  0.394342 0.0276353 -0.215113
 0.177484  0.348931  0.920188    1.4201
        0         0         0         1

  0.34153  0.856089 -0.387903   1.82738
-0.922609  0.384108  0.035402 -0.235684
 0.179304  0.345792   0.92102   1.42553
        0         0         0         1

  0.34153  0.856089 -0.387903   1.82738
-0.922609  0.384108  0.035402 -0.235684
 0.179304  0.345792   0.92102   1.42553
        0         0         0         1

 0.321628  0.863676 -0.388096   1.82038
-0.930142  0.364884 0.0411791 -0.265268
 0.177175   0.34774  0.920699   1.43154
        0         0         0         1

 0.321628  0.863676 -0.388096   1.82038
-0.930142  0.364884 0.0411791 -0.265268
 0.177175   0.34774  0.920699   1.43154
        0         0         0         1

 0.299941  0.870037 -0.391244   1.81556
-0.937948  0.343787 0.0454404 -0.286726
 0.174039  0.353337  0.919165   1.43366
        0         0         0         1

 0.299941  0.870037 -0.391244   1.81556
-0.937948  0.343787 0.0454404 -0.286726
 0.174039  0.353337  0.919165   1.43366
        0         0         0         1

 0.276869  0.874325 -0.398623   1.81012
-0.945895   0.32103 0.0471519 -0.307149
 0.169196     0.364  0.915902   1.43386
        0         0         0         1

 0.276869  0.874325 -0.398623   1.81012
-0.945895   0.32103 0.0471519 -0.307149
 0.169196     0.364  0.915902   1.43386
        0         0         0         1

 0.237471  0.879394 -0.412642   1.80142
-0.958155  0.281946  0.049456 -0.337089
 0.159834  0.383631   0.90955   1.42983
        0         0         0         1

 0.237471  0.879394 -0.412642   1.80142
-0.958155  0.281946  0.049456 -0.337089
 0.159834  0.383631   0.90955   1.42983
        0         0         0         1

 0.208699  0.882323 -0.421841   1.79486
-0.965789  0.253832  0.053107  -0.35609
 0.153935  0.396326  0.905113   1.42545
        0         0         0         1

 0.208699  0.882323 -0.421841   1.79486
-0.965789  0.253832  0.053107  -0.35609
 0.153935  0.396326  0.905113   1.42545
        0         0         0         1

 0.167409  0.887641  -0.42903   1.78422
 -0.97503  0.213473 0.0612045 -0.381951
 0.145914  0.408071  0.901214   1.41669
        0         0         0         1

 0.167409  0.887641  -0.42903   1.78422
 -0.97503  0.213473 0.0612045 -0.381951
 0.145914  0.408071  0.901214   1.41669
        0         0         0         1

 0.142087  0.892422 -0.428246   1.77729
-0.979526    0.1891 0.0690685 -0.397395
 0.142619  0.409665  0.901019   1.41023
        0         0         0         1

 0.142087  0.892422 -0.428246   1.77729
-0.979526    0.1891 0.0690685 -0.397395
 0.142619  0.409665  0.901019   1.41023
        0         0         0         1

 0.120243   0.89594  -0.42759   1.77008
-0.983069  0.167447 0.0744048  -0.41081
 0.138261  0.411404  0.900906   1.40285
        0         0         0         1

 0.120243   0.89594  -0.42759   1.77008
-0.983069  0.167447 0.0744048  -0.41081
 0.138261  0.411404  0.900906   1.40285
        0         0         0         1

0.0835202  0.900505 -0.426749   1.76019
-0.987883  0.131036 0.0831656 -0.430569
 0.130811  0.414632  0.900538   1.38938
        0         0         0         1

0.0835202  0.900505 -0.426749   1.76019
-0.987883  0.131036 0.0831656 -0.430569
 0.130811  0.414632  0.900538   1.38938
        0         0         0         1

0.0630631  0.902149 -0.426791   1.75336
-0.990021  0.110551 0.0873946 -0.440789
 0.126025  0.417021  0.900118   1.37963
        0         0         0         1

0.0630631  0.902149 -0.426791   1.75336
-0.990021  0.110551 0.0873946 -0.440789
 0.126025  0.417021  0.900118   1.37963
        0         0         0         1

0.0321857  0.904191 -0.425914    1.7441
-0.992617 0.0787779 0.0922302 -0.455001
 0.116946  0.419801   0.90005   1.36327
        0         0         0         1

0.0321857  0.904191 -0.425914    1.7441
-0.992617 0.0787779 0.0922302 -0.455001
 0.116946  0.419801   0.90005   1.36327
        0         0         0         1

0.0140311   0.90364 -0.428064   1.73805
-0.993682 0.0602764 0.0946721 -0.462709
 0.111352  0.424031  0.898776   1.35228
        0         0         0         1

0.0140311   0.90364 -0.428064   1.73805
-0.993682 0.0602764 0.0946721 -0.462709
 0.111352  0.424031  0.898776   1.35228
        0         0         0         1

-0.00321475  0.903886 -0.427762   1.73252
-0.994227 0.0429872 0.0983062 -0.469384
 0.107246  0.425609   0.89853   1.34119
        0         0         0         1

-0.00321475  0.903886 -0.427762   1.73252
-0.994227 0.0429872 0.0983062 -0.469384
 0.107246  0.425609   0.89853   1.34119
        0         0         0         1

-0.0275034  0.903691 -0.427302   1.72466
-0.994475 0.0185842  0.103313  -0.47766
 0.101304  0.427783  0.898187   1.32518
        0         0         0         1

-0.0275034  0.903691 -0.427302   1.72466
-0.994475 0.0185842  0.103313  -0.47766
 0.101304  0.427783  0.898187   1.32518
        0         0         0         1

-0.0408245   0.904435  -0.424654    1.71993
 -0.994325 0.00501082   0.106262  -0.481942
 0.0982353   0.426583   0.899098    1.31474
         0          0          0          1

-0.0408245   0.904435  -0.424654    1.71993
 -0.994325 0.00501082   0.106262  -0.481942
 0.0982353   0.426583   0.899098    1.31474
         0          0          0          1

 -0.0525627    0.903693   -0.424942     1.71549
   -0.99412 -0.00701178    0.108055   -0.484916
  0.0946688    0.428124    0.898748     1.30496
          0           0           0           1

 -0.0525627    0.903693   -0.424942     1.71549
   -0.99412 -0.00701178    0.108055   -0.484916
  0.0946688    0.428124    0.898748     1.30496
          0           0           0           1

-0.0692813   0.900894  -0.428475    1.70983
 -0.993665 -0.0242223    0.10974  -0.488802
 0.0884851   0.433363   0.896865    1.28998
         0          0          0          1

-0.0692813   0.900894  -0.428475    1.70983
 -0.993665 -0.0242223    0.10974  -0.488802
 0.0884851   0.433363   0.896865    1.28998
         0          0          0          1

-0.0785973   0.900152  -0.428425    1.70647
 -0.993207 -0.0337155   0.111371  -0.490664
 0.0858067   0.434269   0.896687    1.28109
         0          0          0          1

-0.0785973   0.900152  -0.428425    1.70647
 -0.993207 -0.0337155   0.111371  -0.490664
 0.0858067   0.434269   0.896687    1.28109
         0          0          0          1

-0.0894797    0.89988  -0.426859    1.70253
 -0.992401 -0.0442112   0.114827  -0.492866
 0.0844585    0.43389   0.896998    1.27044
         0          0          0          1

-0.0894797    0.89988  -0.426859    1.70253
 -0.992401 -0.0442112   0.114827  -0.492866
 0.0844585    0.43389   0.896998    1.27044
         0          0          0          1

-0.0961265   0.899379  -0.426471     1.7003
 -0.991856 -0.0505819   0.116893  -0.494169
 0.0835591   0.434234   0.896916    1.26424
         0          0          0          1

-0.0961265   0.899379  -0.426471     1.7003
 -0.991856 -0.0505819   0.116893  -0.494169
 0.0835591   0.434234   0.896916    1.26424
         0          0          0          1

 -0.101287   0.897104  -0.430054    1.69824
 -0.991492 -0.0554989   0.117746    -0.4946
 0.0817633   0.438321   0.895092    1.25869
         0          0          0          1

 -0.101287   0.897104  -0.430054    1.69824
 -0.991492 -0.0554989   0.117746    -0.4946
 0.0817633   0.438321   0.895092    1.25869
         0          0          0          1

 -0.111938   0.892636  -0.436659    1.69536
 -0.990526 -0.0650535   0.120938  -0.495317
 0.0795476   0.446059   0.891461    1.25066
         0          0          0          1

 -0.111938   0.892636  -0.436659    1.69536
 -0.990526 -0.0650535   0.120938  -0.495317
 0.0795476   0.446059   0.891461    1.25066
         0          0          0          1

-0.117424  0.890617 -0.439332   1.69402
-0.989996 -0.070134   0.12243 -0.495494
0.0782257  0.449313  0.889943   1.24599
        0         0         0         1

-0.117424  0.890617 -0.439332   1.69402
-0.989996 -0.070134   0.12243 -0.495494
0.0782257  0.449313  0.889943   1.24599
        0         0         0         1

 -0.120501   0.891068  -0.437582    1.69324
 -0.989671 -0.0733476   0.123173  -0.495449
 0.0776599   0.447905   0.890702    1.23967
         0          0          0          1

 -0.120501   0.891068  -0.437582    1.69324
 -0.989671 -0.0733476   0.123173  -0.495449
 0.0776599   0.447905   0.890702    1.23967
         0          0          0          1

 -0.120467   0.891282  -0.437155    1.69327
 -0.989712 -0.0735918   0.122694  -0.495265
 0.0771842   0.447438   0.890978    1.23614
         0          0          0          1

 -0.120467   0.891282  -0.437155    1.69327
 -0.989712 -0.0735918   0.122694  -0.495265
 0.0771842   0.447438   0.890978    1.23614
         0          0          0          1

 -0.121825   0.889899  -0.439589    1.69358
 -0.989605 -0.0747972   0.122834  -0.495294
 0.0764295   0.449984    0.88976    1.23139
         0          0          0          1

 -0.121825   0.889899  -0.439589    1.69358
 -0.989605 -0.0747972   0.122834  -0.495294
 0.0764295   0.449984    0.88976    1.23139
         0          0          0          1

-0.123968  0.886395 -0.446023   1.69379
-0.989495 -0.076737  0.122519 -0.495342
0.0743736  0.456526  0.886596   1.22848
        0         0         0         1

-0.123968  0.886395 -0.446023   1.69379
-0.989495 -0.076737  0.122519 -0.495342
0.0743736  0.456526  0.886596   1.22848
        0         0         0         1

 -0.125931   0.884185  -0.449843    1.69405
 -0.989403 -0.0789088   0.121879  -0.495383
 0.0722671   0.460425   0.884752    1.22509
         0          0          0          1

 -0.125931   0.884185  -0.449843    1.69405
 -0.989403 -0.0789088   0.121879  -0.495383
 0.0722671   0.460425   0.884752    1.22509
         0          0          0          1

 -0.126928    0.88477   -0.44841    1.69442
 -0.989358 -0.0805074   0.121198   -0.49503
 0.0711324   0.459022   0.885573    1.22146
         0          0          0          1

 -0.126928    0.88477   -0.44841    1.69442
 -0.989358 -0.0805074   0.121198   -0.49503
 0.0711324   0.459022   0.885573    1.22146
         0          0          0          1

 -0.128932   0.884782  -0.447815    1.69494
 -0.989127 -0.0825299   0.121722  -0.495474
 0.0707397    0.45864   0.885802    1.21938
         0          0          0          1

 -0.128932   0.884782  -0.447815    1.69494
 -0.989127 -0.0825299   0.121722  -0.495474
 0.0707397    0.45864   0.885802    1.21938
         0          0          0          1

 -0.132534   0.883893  -0.448518    1.69507
 -0.988554 -0.0849654    0.12467  -0.495837
 0.0720862   0.459907   0.885036    1.21686
         0          0          0          1

 -0.132534   0.883893  -0.448518    1.69507
 -0.988554 -0.0849654    0.12467  -0.495837
 0.0720862   0.459907   0.885036    1.21686
         0          0          0          1

 -0.136877    0.88151   -0.45189    1.69428
 -0.987829 -0.0874405   0.128641  -0.495447
 0.0738845   0.463998    0.88275    1.21673
         0          0          0          1

 -0.136877    0.88151   -0.45189    1.69428
 -0.987829 -0.0874405   0.128641  -0.495447
 0.0738845   0.463998    0.88275    1.21673
         0          0          0          1

 -0.142559   0.877827  -0.457271     1.6938
 -0.987216 -0.0928345    0.12956  -0.495757
 0.0712806   0.469896   0.879839    1.21585
         0          0          0          1

 -0.142559   0.877827  -0.457271     1.6938
 -0.987216 -0.0928345    0.12956  -0.495757
 0.0712806   0.469896   0.879839    1.21585
         0          0          0          1

 -0.144396   0.878574  -0.455255    1.69332
 -0.987441 -0.0981278    0.12382  -0.495622
 0.0641122   0.467417   0.881709    1.21397
         0          0          0          1

 -0.144396   0.878574  -0.455255    1.69332
 -0.987441 -0.0981278    0.12382  -0.495622
 0.0641122   0.467417   0.881709    1.21397
         0          0          0          1

-0.144008   0.88014 -0.452344   1.69311
-0.987826 -0.100677  0.118592 -0.495126
0.0588371  0.463915  0.883924   1.21336
        0         0         0         1

-0.144008   0.88014 -0.452344   1.69311
-0.987826 -0.100677  0.118592 -0.495126
0.0588371  0.463915  0.883924   1.21336
        0         0         0         1

-0.143995  0.885896 -0.440969   1.69217
-0.988179 -0.105034  0.111671 -0.494001
0.0526124  0.451837  0.890548   1.21378
        0         0         0         1

-0.143995  0.885896 -0.440969   1.69217
-0.988179 -0.105034  0.111671 -0.494001
0.0526124  0.451837  0.890548   1.21378
        0         0         0         1

-0.145059  0.887934 -0.436498   1.69089
-0.988221 -0.108282   0.10814 -0.492076
0.0487567  0.447043  0.893182   1.21667
        0         0         0         1

-0.145059  0.887934 -0.436498   1.69089
-0.988221 -0.108282   0.10814 -0.492076
0.0487567  0.447043  0.893182   1.21667
        0         0         0         1

-0.146369  0.886169 -0.439636   1.68958
-0.988231 -0.111021  0.105231 -0.489585
0.0444434  0.449865   0.89199   1.22017
        0         0         0         1

-0.146369  0.886169 -0.439636   1.68958
-0.988231 -0.111021  0.105231 -0.489585
0.0444434  0.449865   0.89199   1.22017
        0         0         0         1

-0.148907   0.88111 -0.448856   1.68704
-0.988071 -0.114551  0.102925 -0.484429
0.0392714  0.458828  0.887657   1.22748
        0         0         0         1

-0.148907   0.88111 -0.448856   1.68704
-0.988071 -0.114551  0.102925 -0.484429
0.0392714  0.458828  0.887657   1.22748
        0         0         0         1

-0.149811  0.877246 -0.456066   1.68529
-0.987885 -0.113911  0.105396 -0.480125
0.0405074   0.46633  0.883683   1.23552
        0         0         0         1

-0.149811  0.877246 -0.456066   1.68529
-0.987885 -0.113911  0.105396 -0.480125
0.0405074   0.46633  0.883683   1.23552
        0         0         0         1

-0.148163  0.873931 -0.462918   1.68406
-0.987887 -0.108953  0.110496 -0.475159
0.0461297  0.473682  0.879487   1.24647
        0         0         0         1

-0.148163  0.873931 -0.462918   1.68406
-0.987887 -0.108953  0.110496 -0.475159
0.0461297  0.473682  0.879487   1.24647
        0         0         0         1

-0.138223  0.869682 -0.473864   1.68247
-0.988405 -0.090771  0.121719 -0.466183
 0.062844  0.485194  0.872145    1.2679
        0         0         0         1

-0.138223  0.869682 -0.473864   1.68247
-0.988405 -0.090771  0.121719 -0.466183
 0.062844  0.485194  0.872145    1.2679
        0         0         0         1

 -0.127139   0.868364  -0.479354    1.68142
 -0.989016 -0.0742567   0.127799  -0.459286
 0.0753808   0.490337   0.868267    1.28532
         0          0          0          1

 -0.127139   0.868364  -0.479354    1.68142
 -0.989016 -0.0742567   0.127799  -0.459286
 0.0753808   0.490337   0.868267    1.28532
         0          0          0          1

 -0.102391   0.870609  -0.481202    1.67855
 -0.990185 -0.0429381   0.133007  -0.446792
 0.0951354   0.490098    0.86646    1.31648
         0          0          0          1

 -0.102391   0.870609  -0.481202    1.67855
 -0.990185 -0.0429381   0.133007  -0.446792
 0.0951354   0.490098    0.86646    1.31648
         0          0          0          1

-0.0798003  0.873139 -0.480896   1.67621
-0.990866 -0.016873   0.13379 -0.436938
 0.108703   0.48718   0.86651   1.34071
        0         0         0         1

-0.0798003  0.873139 -0.480896   1.67621
-0.990866 -0.016873   0.13379 -0.436938
 0.108703   0.48718   0.86651   1.34071
        0         0         0         1

-0.0570071   0.873465  -0.483539      1.673
 -0.990885 0.00971024   0.134362  -0.426708
  0.122055   0.486791   0.864949    1.36802
         0          0          0          1

-0.0570071   0.873465  -0.483539      1.673
 -0.990885 0.00971024   0.134362  -0.426708
  0.122055   0.486791   0.864949    1.36802
         0          0          0          1

-0.0225875  0.869639 -0.493172    1.6663
-0.989667 0.0504147  0.134226 -0.409951
 0.141592  0.491108  0.859514   1.41478
        0         0         0         1

-0.0225875  0.869639 -0.493172    1.6663
-0.989667 0.0504147  0.134226 -0.409951
 0.141592  0.491108  0.859514   1.41478
        0         0         0         1

-0.000620764  0.862045 -0.506831   1.66045
-0.987964 0.0778678  0.133652 -0.397586
  0.15468  0.500814  0.851622   1.44925
        0         0         0         1

-0.000620764  0.862045 -0.506831   1.66045
-0.987964 0.0778678  0.133652 -0.397586
  0.15468  0.500814  0.851622   1.44925
        0         0         0         1

0.0265005  0.843786 -0.536024   1.64987
-0.983704  0.117402  0.136177 -0.377694
 0.177834   0.52368  0.833147    1.5065
        0         0         0         1

0.0265005  0.843786 -0.536024   1.64987
-0.983704  0.117402  0.136177 -0.377694
 0.177834   0.52368  0.833147    1.5065
        0         0         0         1

0.0462357  0.829995 -0.555851   1.64149
-0.979639  0.146503  0.137272 -0.363308
 0.195369  0.538187  0.819869   1.54831
        0         0         0         1

0.0462357  0.829995 -0.555851   1.64149
-0.979639  0.146503  0.137272 -0.363308
 0.195369  0.538187  0.819869   1.54831
        0         0         0         1

0.0707402  0.818013 -0.570834   1.63281
-0.974191  0.179632  0.136689  -0.34798
 0.214353  0.546432  0.809608   1.59121
        0         0         0         1

0.0707402  0.818013 -0.570834   1.63281
-0.974191  0.179632  0.136689  -0.34798
 0.214353  0.546432  0.809608   1.59121
        0         0         0         1

 0.111458    0.8051 -0.582573   1.61685
-0.963835  0.230377  0.133974  -0.32363
 0.242074  0.546572   0.80166   1.65824
        0         0         0         1

 0.111458    0.8051 -0.582573   1.61685
-0.963835  0.230377  0.133974  -0.32363
 0.242074  0.546572   0.80166   1.65824
        0         0         0         1

 0.139776  0.797852 -0.586426   1.60454
 -0.95469  0.265733  0.133987  -0.30651
 0.262734  0.541127  0.798845   1.70497
        0         0         0         1

 0.139776  0.797852 -0.586426   1.60454
 -0.95469  0.265733  0.133987  -0.30651
 0.262734  0.541127  0.798845   1.70497
        0         0         0         1

 0.180165  0.787916 -0.588837    1.5813
-0.937004  0.319609  0.140972 -0.278911
 0.299272  0.526344  0.795863   1.77961
        0         0         0         1

 0.180165  0.787916 -0.588837    1.5813
-0.937004  0.319609  0.140972 -0.278911
