 0.354267 -0.680423  0.641498   1.50819
-0.725516 -0.632802 -0.270533   1.05973
 0.590018 -0.369576 -0.717839   2.11652
        0         0         0         1

  0.35285 -0.672815  0.650244   1.50446
-0.728948  -0.63336 -0.259787   1.04578
 0.586627 -0.382329 -0.713928   2.12556
        0         0         0         1

  0.35723 -0.667219   0.65361   1.49809
-0.734252 -0.633125 -0.245003   1.01721
 0.577287 -0.392392 -0.716078   2.12761
        0         0         0         1

 0.359049 -0.664007   0.65588   1.49475
-0.734853 -0.634364 -0.239943   1.00589
 0.575391 -0.395824 -0.715716   2.12699
        0         0         0         1

 0.360312 -0.660202  0.659021   1.48608
-0.738741 -0.633326 -0.230563  0.990566
 0.569594 -0.403772 -0.715913   2.12833
        0         0         0         1

 0.356598 -0.666649  0.654535   1.49796
 -0.74732 -0.623983 -0.228383   0.97229
  0.56067 -0.407706 -0.720712   2.13102
        0         0         0         1

 0.360784 -0.659985   0.65898   1.48413
-0.748751 -0.626235 -0.217258  0.962937
 0.556064 -0.415029   -0.7201   2.12747
        0         0         0         1

 0.360903 -0.659579  0.659322    1.4827
-0.752973  -0.62321 -0.211286  0.950398
 0.550256 -0.420197 -0.721563   2.12625
        0         0         0         1

 0.356287 -0.662299  0.659105    1.4889
  -0.7663 -0.610736 -0.199464  0.918165
 0.534644 -0.434006 -0.725117   2.12181
        0         0         0         1

 0.353713 -0.656744  0.666014   1.48084
-0.772263 -0.606787   -0.1882  0.905514
 0.527728 -0.447769 -0.721808   2.12351
        0         0         0         1

 0.352901 -0.649542  0.673466   1.47138
-0.773949 -0.607126 -0.180003  0.893095
 0.525798 -0.457705 -0.716967   2.11934
        0         0         0         1

 0.346417 -0.644629  0.681505    1.4687
-0.783666 -0.598182  -0.16747  0.877408
  0.51562 -0.476057 -0.712394   2.12336
        0         0         0         1

 0.335008 -0.651242  0.680921   1.47901
-0.794244 -0.583979 -0.167763   0.85391
 0.506898 -0.484615 -0.712883   2.10184
        0         0         0         1

  0.32783  -0.64989   0.68569   1.47896
-0.802999 -0.574055 -0.160167  0.841207
 0.497714   -0.4981 -0.710054   2.10357
        0         0         0         1

 0.318321 -0.657145  0.683251   1.48626
-0.813374 -0.559532 -0.159208  0.822439
 0.486924 -0.505059 -0.712615   2.09962
        0         0         0         1

 0.312014 -0.657682  0.685639   1.48509
-0.821723 -0.549044 -0.152715  0.809077
 0.476884 -0.515756 -0.711742   2.09744
        0         0         0         1

 0.309549 -0.652795  0.691403   1.47647
-0.826806 -0.543909 -0.143367  0.799032
  0.46965 -0.527277 -0.708102   2.08871
        0         0         0         1

 0.299491 -0.656701  0.692133   1.48216
 -0.83496 -0.531426 -0.142928  0.786284
 0.461678 -0.535098 -0.707477   2.08433
        0         0         0         1

 0.279178 -0.656369  0.700885   1.48624
-0.853793 -0.503699 -0.131622  0.756263
 0.439428 -0.561665 -0.701025   2.07225
        0         0         0         1

 0.271228 -0.649124  0.710685   1.48461
 -0.86055 -0.494281 -0.123043  0.744605
 0.431148 -0.578208 -0.692666   2.07005
        0         0         0         1

  0.26062 -0.639955  0.722866   1.48172
 -0.86994  -0.48036 -0.111618  0.729876
 0.418666  -0.59976 -0.681914   2.06816
        0         0         0         1

 0.251873 -0.633454  0.731639   1.47931
 -0.87431 -0.473065 -0.108592  0.720512
 0.414901 -0.612328 -0.672987   2.05914
        0         0         0         1

 0.230699  -0.62442  0.746243   1.48101
-0.886804 -0.450556  -0.10285  0.698104
 0.400446 -0.638044 -0.657681   2.04761
        0         0         0         1

 0.223349 -0.626598  0.746652    1.4848
-0.890265 -0.443054 -0.105507  0.688376
 0.396918 -0.641153 -0.656794   2.03789
        0         0         0         1

  0.216679  -0.622902   0.751694    1.48095
 -0.897019   -0.43088 -0.0984858   0.676248
  0.385237  -0.652944  -0.652117    2.03646
         0          0          0          1

  0.214627  -0.617645   0.756604    1.47405
 -0.903567   -0.41967 -0.0862769   0.665498
  0.370813  -0.665125  -0.648156    2.03772
         0          0          0          1

 0.207504 -0.627457  0.750493   1.47935
-0.908311 -0.408425 -0.090329  0.655674
 0.363198 -0.662938 -0.654676   2.02787
        0         0         0         1

  0.204134  -0.625669   0.752906    1.47465
 -0.914087  -0.397108 -0.0821645   0.646785
  0.350393  -0.671449  -0.652979    2.02691
         0          0          0          1

  0.199335  -0.634523   0.746757    1.47479
 -0.920913  -0.381768 -0.0785671   0.627066
  0.334941  -0.672037   -0.66044    2.01246
         0          0          0          1

  0.195478   -0.64139   0.741894    1.47759
 -0.924457  -0.373029 -0.0789145   0.616953
  0.327363  -0.670423  -0.665857     2.0071
         0          0          0          1

  0.190197  -0.648656   0.736933    1.48045
 -0.927736  -0.364295 -0.0812143   0.605495
  0.321141  -0.668232  -0.671069    2.00161
         0          0          0          1

  0.191113  -0.644306   0.740503    1.47478
 -0.930011  -0.360141 -0.0733339   0.598197
  0.313935  -0.674661   -0.66804    1.99872
         0          0          0          1

  0.181892  -0.645098   0.742135    1.48052
 -0.938884  -0.338249 -0.0639083   0.577859
  0.292254  -0.685154  -0.667197    1.98225
         0          0          0          1

  0.177312  -0.647414   0.741226    1.48202
 -0.945029  -0.322257 -0.0554069    0.56753
  0.274736  -0.690656  -0.668965    1.97869
         0          0          0          1

  0.174965  -0.649365   0.740076    1.48211
 -0.949394  -0.310411 -0.0479127   0.558821
  0.260841  -0.694241  -0.670814    1.96855
         0          0          0          1

  0.169432  -0.645703   0.744554    1.48299
 -0.954437  -0.295808 -0.0393417   0.549511
  0.245648  -0.703964  -0.666402    1.96414
         0          0          0          1

  0.171958  -0.636834   0.751581    1.47574
 -0.957558  -0.287215 -0.0242795   0.541512
  0.231327  -0.715507  -0.659194    1.95869
         0          0          0          1

  0.166576  -0.635367    0.75403    1.47578
 -0.961819  -0.273118 -0.0176575   0.532628
  0.217158  -0.722299  -0.656603    1.95345
         0          0          0          1

   0.154507   -0.631968    0.759437     1.47594
  -0.968544   -0.248647 -0.00986299    0.514734
   0.195065   -0.734024   -0.650506     1.93636
          0           0           0           1

  0.148699  -0.630066   0.762172    1.47441
 -0.971241  -0.237988 -0.0072489   0.507466
  0.185955  -0.739174  -0.647335    1.92899
         0          0          0          1

   0.140432   -0.627438    0.765898     1.47446
  -0.974049   -0.226239 -0.00674199    0.499221
   0.177506   -0.745075   -0.642927     1.92013
          0           0           0           1

   0.131334   -0.621949    0.771966     1.47398
  -0.977612   -0.210393 -0.00318691     0.49088
   0.164398   -0.754264   -0.635656      1.9151
          0           0           0           1

  0.118956  -0.610209   0.783259     1.4722
 -0.983029  -0.183336 0.00646488   0.474287
  0.139654  -0.770735  -0.621662    1.89733
         0          0          0          1

  0.11416  -0.60645  0.786883   1.47233
-0.985101 -0.171648 0.0106273  0.467492
 0.128622 -0.776373  -0.61701    1.8889
        0         0         0         1

 0.110958 -0.599049  0.792987   1.46974
-0.987095 -0.159131 0.0179053  0.460499
 0.115463  -0.78474 -0.608975   1.87845
        0         0         0         1

 0.108177 -0.591927  0.798699   1.46691
-0.988493 -0.149497 0.0230887  0.454736
 0.105736 -0.792006 -0.601287   1.87019
        0         0         0         1

 0.106705 -0.584491  0.804353   1.46426
-0.990247 -0.135356 0.0330082  0.446994
0.0895809 -0.800031 -0.593234   1.86201
        0         0         0         1

 0.104426 -0.581699  0.806673   1.46388
-0.991624 -0.122892 0.0397496  0.439787
0.0760116 -0.804067  -0.58966   1.85417
        0         0         0         1

 0.0906959  -0.577431   0.811386    1.46613
 -0.994774 -0.0908856  0.0465151   0.423119
  0.046884  -0.811365  -0.582657    1.83768
         0          0          0          1

  0.085963  -0.573314   0.814814    1.46643
 -0.995475 -0.0826631    0.04686   0.417073
 0.0404896  -0.815155  -0.577826    1.82781
         0          0          0          1

  0.083805  -0.568442   0.818444    1.46471
 -0.996092 -0.0707564  0.0528522   0.409891
 0.0278668  -0.819675   -0.57215     1.8188
         0          0          0          1

 0.0812389  -0.566343   0.820156    1.46376
  -0.99642 -0.0654792  0.0534829   0.404718
 0.0234135  -0.821564  -0.569635    1.80802
         0          0          0          1

0.0784343 -0.556639  0.827044   1.45852
-0.996919  -0.04342 0.0653211  0.390271
-0.000450016 -0.829619  -0.55833   1.79405
        0         0         0         1

 0.0730743  -0.558693   0.826149    1.45992
 -0.997308 -0.0358733  0.0639538   0.384813
-0.0060939  -0.828598  -0.559811    1.78354
         0          0          0          1

 0.0669669  -0.561833   0.824536    1.46024
 -0.997646 -0.0254767  0.0636669   0.377383
-0.0147637  -0.826858  -0.562217     1.7718
         0          0          0          1

  0.064861  -0.564122    0.82314    1.45992
 -0.997591 -0.0163232  0.0674205   0.371789
-0.0245972   -0.82553  -0.563822    1.76388
         0          0          0          1

  0.0603919    -0.56865     0.82036     1.46216
  -0.997574 -0.00587379   0.0693663    0.364112
 -0.0346265   -0.822558   -0.567625     1.75136
          0           0           0           1

  0.063445   -0.56662   0.821533    1.46058
 -0.996896 0.00247422  0.0786944   0.358606
-0.0466225  -0.823976  -0.564704    1.74362
         0          0          0          1

0.0615002  -0.55786  0.827653   1.46018
-0.995531 0.0252496 0.0909935   0.34487
-0.0716595 -0.829551 -0.553814   1.72126
        0         0         0         1

0.0595433 -0.554114  0.830309   1.46011
-0.995062  0.033219 0.0935272  0.339316
-0.0794068 -0.831778   -0.5494   1.71121
        0         0         0         1

0.0578707 -0.551502  0.832164   1.46018
-0.994349 0.0424682 0.0972945  0.333141
-0.0889986 -0.833092 -0.545928   1.69844
        0         0         0         1

0.0587998 -0.550533   0.83274   1.45905
 -0.99309 0.0526101  0.104903  0.327746
-0.101563 -0.833154 -0.543636   1.69104
        0         0         0         1

0.0568181  -0.55302  0.831228   1.45857
-0.990376 0.0740257  0.116946  0.315751
-0.126206 -0.829873 -0.543492   1.66931
        0         0         0         1

 0.052227 -0.553155   0.83144   1.46017
-0.989645 0.0827951  0.117248  0.310407
-0.133695 -0.828954 -0.543103   1.65838
        0         0         0         1

0.0482992 -0.552128  0.832359   1.46102
-0.988029 0.0958268  0.120897  0.304361
-0.146513 -0.828234  -0.54089   1.64712
        0         0         0         1

0.0441442 -0.550055  0.833961   1.46143
-0.987282  0.103598   0.12059  0.300303
-0.152728 -0.828678 -0.538486   1.63559
        0         0         0         1

 0.041649 -0.542509  0.839017    1.4608
-0.985505  0.115915  0.123871  0.294873
-0.164456 -0.832014 -0.529818   1.62541
        0         0         0         1

0.0359812 -0.541115  0.840178   1.46209
-0.984294  0.126207  0.123437  0.290071
 -0.17283 -0.831424 -0.528075   1.61578
        0         0         0         1

0.0336457 -0.540973  0.840366   1.46001
-0.981182  0.142081  0.130746  0.282043
 -0.19013 -0.828952 -0.526013   1.59325
        0         0         0         1

0.0290911 -0.540566  0.840798   1.46142
-0.979775  0.151178  0.131095  0.277658
-0.197975 -0.827607 -0.525235   1.58316
        0         0         0         1

0.0268496 -0.537611  0.842766   1.46217
 -0.97783  0.161021   0.13387   0.27344
-0.207673 -0.827676 -0.521368   1.57239
        0         0         0         1

0.0283659 -0.535304  0.844183   1.45985
 -0.97583  0.168237   0.13947  0.271167
-0.216681 -0.827735 -0.517594    1.5641
        0         0         0         1

0.0261657 -0.529954  0.847622   1.45952
-0.973547   0.17902  0.141981  0.267887
-0.226985 -0.828915 -0.511251   1.55483
        0         0         0         1

0.0249071 -0.525508  0.850424   1.45881
-0.971326  0.188481  0.144917  0.265156
-0.236444 -0.829648 -0.505745   1.54754
        0         0         0         1

0.0242907 -0.512261  0.858486   1.45715
-0.966504  0.207439  0.151126   0.25959
-0.255499 -0.833401 -0.490064   1.53133
        0         0         0         1

0.0216576 -0.506274    0.8621   1.45754
-0.965317  0.213819  0.149817  0.257584
-0.260182 -0.835445 -0.484084   1.52378
        0         0         0         1

0.0242844  -0.49787  0.866911   1.45562
-0.963902  0.218333  0.152391   0.25594
-0.265147 -0.839319 -0.474596    1.5158
        0         0         0         1

0.0271653 -0.489184  0.871757   1.45367
-0.962933  0.221319  0.154199  0.254682
-0.268368 -0.843633 -0.465039   1.51021
        0         0         0         1

0.0296726 -0.470741  0.881772   1.45069
-0.962016  0.226052  0.153053  0.252175
-0.271375 -0.852821 -0.446153   1.49913
        0         0         0         1

0.0305724 -0.461326  0.886704   1.44923
-0.962355  0.226112   0.15082  0.251413
-0.270071 -0.857935 -0.437047   1.49397
        0         0         0         1

0.0312379 -0.445299  0.894837    1.4484
-0.962084  0.229304  0.147694  0.250079
-0.270957 -0.865522 -0.421252   1.48969
        0         0         0         1

0.0326763 -0.431314   0.90161   1.44672
-0.962226  0.230375   0.14508  0.249581
-0.270283 -0.872294 -0.407494   1.48606
        0         0         0         1

0.0378154 -0.399068  0.916141   1.44318
-0.962586   0.23163  0.140629  0.248325
-0.268326 -0.887182 -0.375378   1.47864
        0         0         0         1

0.0419747 -0.385588  0.921716    1.4415
-0.963091  0.229885  0.140028  0.248697
-0.265882 -0.893574 -0.361707   1.47491
        0         0         0         1

0.0464142 -0.371198  0.927393   1.43951
   -0.964  0.226691  0.138981  0.249077
-0.261821 -0.900457 -0.347313   1.47046
        0         0         0         1

0.0496554  -0.36008  0.931599   1.43914
-0.964057  0.226481  0.138924  0.248873
-0.261013 -0.905013 -0.335892   1.46849
        0         0         0         1

0.0549063 -0.347244  0.936166    1.4381
-0.964352  0.224629  0.139879  0.249355
-0.258862 -0.910474 -0.322532   1.46548
        0         0         0         1

0.0605996  -0.33977  0.938554    1.4359
-0.964622  0.221766  0.142565  0.250177
-0.256579 -0.913989 -0.314311    1.4627
        0         0         0         1

 0.067552 -0.327944  0.942279   1.43399
-0.966112  0.214324  0.143853  0.250739
-0.249129 -0.920064 -0.302353   1.45711
        0         0         0         1

0.0725745 -0.324673  0.943038   1.43169
-0.966176  0.211714  0.147245  0.251545
 -0.24746 -0.921827 -0.298327   1.45547
        0         0         0         1

0.0734547 -0.322604   0.94368   1.43079
-0.966654  0.209733  0.146942  0.251577
-0.245325 -0.923005  -0.29644   1.45363
        0         0         0         1

0.0748708 -0.321343  0.943999   1.42998
-0.966895  0.208186  0.147554  0.251523
-0.243943 -0.923795 -0.295118   1.45229
        0         0         0         1

0.0751058  -0.32081  0.944161   1.42833
-0.967769  0.204793  0.146569  0.251153
-0.240378 -0.924738 -0.295089   1.44773
        0         0         0         1

0.0778024   -0.3205  0.944048   1.42632
-0.967506  0.204231  0.149071   0.25102
-0.240581  -0.92497 -0.294196   1.44648
        0         0         0         1

0.0770762 -0.320429  0.944132   1.42632
-0.967761  0.203701  0.148139  0.249948
-0.239789 -0.925111 -0.294398   1.44421
        0         0         0         1

0.0784947 -0.320687  0.943927   1.42522
-0.967495  0.203823  0.149701  0.249645
-0.240401 -0.924995 -0.294264   1.44263
        0         0         0         1

0.0803748 -0.320178  0.943942   1.42376
-0.967141  0.204112  0.151583   0.24889
-0.241203 -0.925108 -0.293251   1.44119
        0         0         0         1

0.0814456 -0.319281  0.944154   1.42292
-0.966548  0.205861  0.152992  0.247718
-0.243212  -0.92503 -0.291834   1.44085
        0         0         0         1

  0.07862 -0.317715  0.944921   1.42356
-0.965895  0.210294  0.151073  0.244759
-0.246709 -0.924572 -0.290346   1.43817
        0         0         0         1

0.0792377  -0.31691   0.94514   1.42209
-0.965308  0.212245  0.152096  0.244018
-0.248802 -0.924402 -0.289098   1.43772
        0         0         0         1

0.0775135 -0.317097   0.94522   1.42214
-0.965052  0.214186  0.150994  0.242486
-0.250333  -0.92389 -0.289413   1.43659
        0         0         0         1

0.0761029 -0.318158  0.944978    1.4222
-0.964714  0.216086  0.150445  0.241188
-0.252062 -0.923083 -0.290486     1.436
        0         0         0         1

0.0760102 -0.321252  0.943938      1.42
-0.963932  0.218491  0.151979  0.239417
-0.255065 -0.921444 -0.293057   1.43494
        0         0         0         1

0.0752563 -0.323039  0.943389   1.42013
-0.963751  0.219291  0.151971  0.238443
-0.255969 -0.920629 -0.294827   1.43389
        0         0         0         1

0.0733546 -0.325062  0.942844   1.42068
-0.963311  0.221636   0.15136  0.236988
 -0.25817 -0.919354 -0.296877   1.43372
        0         0         0         1

 0.073146  -0.32667  0.942304   1.42004
-0.962802    0.2233  0.152149  0.236333
-0.260119 -0.918381 -0.298185   1.43343
        0         0         0         1

0.0719212 -0.328735   0.94168   1.42026
-0.962354  0.225238  0.152129  0.235214
-0.262112  -0.91717  -0.30016   1.43276
        0         0         0         1

0.0713528 -0.327769   0.94206   1.42055
-0.961692  0.228017  0.152173  0.234437
-0.264683 -0.916829 -0.298943     1.433
        0         0         0         1

0.0694706 -0.327826   0.94218   1.42072
-0.960516  0.233083  0.151922  0.232619
 -0.26941 -0.915534  -0.29869    1.4321
        0         0         0         1

0.0687522 -0.326862  0.942568   1.42101
-0.959987  0.235422  0.151662   0.23188
-0.271474  -0.91528 -0.297597   1.43209
        0         0         0         1

 0.067029 -0.327378  0.942513   1.42159
 -0.96007   0.23599  0.150248  0.231423
-0.271611  -0.91495 -0.298487   1.43043
        0         0         0         1

0.0673081 -0.327752  0.942363    1.4211
 -0.95957   0.23746  0.151125  0.231147
-0.273306 -0.914435 -0.298518   1.42983
        0         0         0         1

0.0637669 -0.328158  0.942468   1.42236
 -0.95842  0.243076  0.149483  0.230021
-0.278145 -0.912812 -0.299013   1.42892
        0         0         0         1

0.0621335 -0.328763  0.942366   1.42343
-0.958381  0.243955  0.148298  0.229458
-0.278649  -0.91236 -0.299923   1.42762
        0         0         0         1

0.0616205 -0.330056  0.941948   1.42424
-0.957907  0.245559  0.148708  0.228983
-0.280386 -0.911462 -0.301032   1.42684
        0         0         0         1

0.0598002 -0.332771   0.94111   1.42582
-0.958005  0.245747  0.147768  0.228385
-0.280448 -0.910424   -0.3041   1.42541
        0         0         0         1

0.0592905 -0.337409  0.939489   1.42668
-0.957141  0.248059  0.149492  0.227788
-0.283488 -0.908087  -0.30824   1.42564
        0         0         0         1

0.0584339 -0.342796  0.937591   1.42738
-0.957017  0.248032  0.150328  0.227689
-0.284084 -0.906075 -0.313568   1.42461
        0         0         0         1

0.0579616 -0.356316  0.932566   1.42863
-0.956263   0.24846  0.154366  0.227528
-0.286708 -0.900726  -0.32633   1.42345
        0         0         0         1

 0.054976 -0.362292  0.930442   1.43039
-0.956629   0.24787  0.153038  0.226952
-0.286073 -0.898501 -0.332953   1.42203
        0         0         0         1

0.0509109 -0.367175  0.928758   1.43304
-0.956816  0.248571  0.150719  0.225927
-0.286202 -0.896323 -0.338664   1.42141
        0         0         0         1

0.0534975 -0.369977  0.927499   1.43233
-0.956509  0.247743  0.153995   0.22625
-0.286756   -0.8954 -0.340633   1.42077
        0         0         0         1

0.0532998 -0.371874  0.926752   1.43304
-0.955933  0.249319  0.155022  0.225921
-0.288705 -0.894175 -0.342198   1.42104
        0         0         0         1

0.0520309 -0.372997  0.926373   1.43378
 -0.95601  0.249549  0.154175  0.225856
-0.288682 -0.893643 -0.343604   1.42054
        0         0         0         1

0.0498946 -0.373442  0.926311   1.43531
-0.955718  0.251472  0.152859  0.225326
-0.290025 -0.892918 -0.344358   1.42059
        0         0         0         1

0.0480006 -0.374928  0.925811   1.43628
-0.955638  0.252429  0.151774  0.225066
-0.290605 -0.892025 -0.346178    1.4203
        0         0         0         1

0.0464073 -0.376415  0.925288   1.43707
-0.955045  0.254797  0.151553  0.224983
-0.292807 -0.890725 -0.347669   1.42071
        0         0         0         1

0.0463429 -0.379241  0.924137   1.43685
-0.954906  0.254785  0.152443  0.225277
-0.293269 -0.889528 -0.350332   1.42005
        0         0         0         1

0.0433575 -0.380474  0.923775   1.43733
 -0.95462  0.256928  0.150626  0.225399
-0.294652 -0.888385 -0.352069   1.41894
        0         0         0         1

0.0412563 -0.380026  0.924055   1.43847
-0.954662  0.257901  0.148687  0.225157
 -0.29482 -0.888295 -0.352156    1.4181
        0         0         0         1

0.0405802 -0.378833  0.924575   1.43907
 -0.95431  0.259478  0.148203  0.224829
-0.296052 -0.888345 -0.350994   1.41788
        0         0         0         1

0.0390925 -0.377697  0.925104   1.44034
-0.954273  0.260479  0.146672  0.224561
-0.296368 -0.888536 -0.350243   1.41776
        0         0         0         1

0.0406348 -0.375599  0.925891   1.44035
-0.953741  0.261671  0.148007  0.224779
 -0.29787 -0.889075 -0.347591   1.41853
        0         0         0         1

0.0410334 -0.374038  0.926505   1.44109
-0.953517  0.262398  0.148162  0.224745
-0.298532 -0.889518 -0.345884   1.41864
        0         0         0         1

0.0418956 -0.370831  0.927755   1.44412
-0.952734  0.264828  0.148878  0.224217
-0.300904  -0.89014 -0.342208   1.41871
        0         0         0         1

0.0434325 -0.370279  0.927905   1.44495
-0.952011  0.266316  0.150834  0.224341
-0.302966 -0.889927 -0.340943   1.41897
        0         0         0         1

0.0453766 -0.369108  0.928278   1.44587
 -0.95118  0.268007  0.153063  0.224513
-0.305282 -0.889905 -0.338927   1.41877
        0         0         0         1

0.0468885 -0.368035  0.928629   1.44662
-0.950201  0.270297  0.155102  0.224863
-0.308089 -0.889657 -0.337033   1.41875
        0         0         0         1

0.0496448 -0.366836   0.92896   1.44932
-0.947914  0.275699  0.159528   0.22511
-0.314634 -0.888494 -0.334042   1.41925
        0         0         0         1

 0.051298 -0.366501  0.929002      1.45
-0.947448  0.276266  0.161306  0.225204
-0.315771 -0.888456 -0.333068   1.41865
        0         0         0         1

0.0543426 -0.365732  0.929132   1.45079
-0.946226  0.278324  0.164898   0.22548
-0.318908  -0.88813 -0.330941   1.41897
        0         0         0         1

0.0579859 -0.366544  0.928592   1.45128
-0.945663  0.277926  0.168758  0.226087
-0.319937  -0.88792 -0.330511   1.41857
        0         0         0         1

0.0600337 -0.367433  0.928111   1.45284
-0.945191  0.278031  0.171209  0.225891
-0.320952  -0.88752 -0.330603   1.41782
        0         0         0         1

0.0641194 -0.368606  0.927372   1.45376
-0.944016  0.278941  0.176142  0.226028
-0.323609 -0.886748 -0.330084   1.41829
        0         0         0         1

0.0709619 -0.373533  0.924899   1.45693
-0.943042  0.277005  0.184226  0.226401
-0.325016 -0.885292 -0.332601     1.416
        0         0         0         1

0.0773757  -0.37592  0.923416   1.45723
-0.941988  0.275846  0.191228  0.227095
-0.326607 -0.884643 -0.332768   1.41567
        0         0         0         1

0.0843721 -0.378555  0.921725   1.45786
-0.940254  0.275967  0.199409  0.227467
-0.329853 -0.883481 -0.332654   1.41569
        0         0         0         1

0.0917565 -0.380894  0.920055   1.45752
-0.939211  0.273884  0.207052  0.228198
-0.330853 -0.883124 -0.332609   1.41434
        0         0         0         1

 0.103365 -0.378991  0.919609   1.46082
-0.937214  0.272505  0.217649  0.228723
-0.333085 -0.884368 -0.327028   1.41139
        0         0         0         1

 0.107484 -0.374649  0.920915   1.46304
-0.936658  0.272411  0.220145  0.228874
-0.333345 -0.886245 -0.321638   1.41012
        0         0         0         1

  0.11329 -0.369459  0.922315   1.46501
 -0.93599  0.271717  0.223813  0.229016
-0.333298 -0.888634 -0.315028   1.40862
        0         0         0         1

 0.117941 -0.366735  0.922819    1.4657
-0.935317  0.271144  0.227293  0.229879
-0.333574 -0.889936 -0.311034   1.40759
        0         0         0         1

  0.12067 -0.365107  0.923112   1.46687
-0.934899  0.270863  0.229342    0.2307
-0.333771 -0.890691 -0.308653   1.40651
        0         0         0         1

 0.118716 -0.364471  0.923617   1.46917
-0.935038  0.271939  0.227494  0.231006
-0.334082 -0.890624 -0.308511   1.40593
        0         0         0         1

  0.11569 -0.365459   0.92361   1.47011
-0.937277  0.267664  0.223313  0.233384
-0.328829 -0.891513  -0.31157   1.40167
        0         0         0         1

 0.112792  -0.36493  0.924178   1.47113
-0.938275  0.266966  0.219929  0.234014
-0.326982 -0.891939 -0.312293   1.40081
        0         0         0         1

 0.108703 -0.362552  0.925602   1.47286
 -0.93924  0.267516  0.215089   0.23462
-0.325594 -0.892744 -0.311444   1.39994
        0         0         0         1

 0.105585 -0.360058  0.926936   1.47471
-0.940423  0.266806  0.210759  0.235143
-0.323197 -0.893965 -0.310436   1.39796
        0         0         0         1

 0.101272 -0.354005  0.929744   1.47536
-0.941265  0.268503  0.204761  0.237258
-0.322125 -0.895872  -0.30602   1.39546
        0         0         0         1

 0.100299 -0.350715  0.931096   1.47486
-0.941907  0.268026   0.20242  0.238282
-0.320549 -0.897308 -0.303458   1.39289
        0         0         0         1

0.0980877 -0.345362  0.933329   1.47608
-0.942088  0.270003  0.198918  0.238885
  -0.3207  -0.89879 -0.298878   1.39127
        0         0         0         1

0.0943985 -0.340429   0.93552   1.47793
-0.942094  0.273198  0.194477  0.239019
-0.321788 -0.899706 -0.294926   1.39054
        0         0         0         1

0.0949154 -0.337629  0.936482    1.4772
  -0.9415  0.275139   0.19462   0.23979
-0.323372  -0.90017 -0.291763    1.3895
        0         0         0         1

0.0948343 -0.336453  0.936913   1.47768
-0.941344  0.275864  0.194348  0.240265
-0.323849 -0.900388 -0.290557   1.38829
        0         0         0         1

0.0953876 -0.334429  0.937581   1.47981
-0.940495  0.278317  0.194958  0.240422
-0.326145 -0.900387 -0.287981   1.38616
        0         0         0         1

0.0954833 -0.334117  0.937683   1.48145
-0.939956  0.279812  0.195418  0.240205
-0.327668 -0.900039 -0.287338   1.38574
        0         0         0         1

 0.096631 -0.334841  0.937307    1.4831
 -0.93926  0.280909  0.197183  0.240066
-0.329323 -0.899429 -0.287358   1.38472
        0         0         0         1

0.0986069 -0.335435  0.936889   1.48381
-0.938442   0.28187  0.199689  0.240294
-0.331063 -0.898906 -0.286992   1.38437
        0         0         0         1

 0.104075 -0.338548  0.935176   1.48588
-0.936721  0.282636  0.206566  0.240741
-0.334247 -0.897498 -0.287709    1.3824
        0         0         0         1

 0.105678 -0.341359  0.933973   1.48701
-0.936193  0.282473   0.20917  0.241141
-0.335224 -0.896484 -0.289727   1.38155
        0         0         0         1

 0.108455 -0.347531  0.931375   1.48695
-0.935287  0.281806  0.214063  0.241713
-0.336861  -0.89432 -0.294478   1.38094
        0         0         0         1

 0.109016 -0.353194  0.929177     1.488
-0.934531  0.282151  0.216894  0.241607
-0.338774 -0.891989 -0.299311   1.38171
        0         0         0         1

 0.109104 -0.361287   0.92605    1.4882
-0.934431  0.280456  0.219508  0.242067
-0.339022 -0.889278 -0.306999   1.38145
        0         0         0         1

 0.107674   -0.3653  0.924642   1.48896
-0.934992  0.278921  0.219074  0.242394
 -0.33793 -0.888121  -0.31152    1.3818
        0         0         0         1

 0.103509 -0.369493   0.92345   1.48862
 -0.93727  0.274494  0.214889  0.243372
-0.332882 -0.887766 -0.317902    1.3831
        0         0         0         1

 0.104474 -0.368892  0.923582   1.48661
-0.937384  0.273729  0.215366  0.244488
-0.332258 -0.888252 -0.317196   1.38556
        0         0         0         1

 0.103442 -0.369101  0.923615   1.48438
-0.938546  0.271203  0.213494  0.246028
-0.329288 -0.888939 -0.318365   1.38676
        0         0         0         1

 0.103908 -0.368058  0.923979    1.4824
-0.939142   0.26954  0.212982  0.247761
-0.327439 -0.889878 -0.317651   1.38883
        0         0         0         1

 0.102439 -0.366142  0.924904   1.48019
-0.940541   0.26707  0.209896  0.251161
-0.323866 -0.891411 -0.317013   1.39377
        0         0         0         1

 0.104859 -0.366529  0.924479   1.47639
-0.940601  0.265293  0.211869  0.254113
-0.322914 -0.891782  -0.31694   1.39711
        0         0         0         1

  0.10691  -0.36816  0.923595   1.47397
 -0.94101  0.262479  0.213554  0.256977
-0.321047 -0.891943  -0.31838   1.40092
        0         0         0         1

 0.108534 -0.370629  0.922418   1.47278
-0.941513  0.259454  0.215029  0.258903
-0.319021 -0.891806 -0.320792    1.4044
        0         0         0         1

 0.109366 -0.373635  0.921106   1.47214
-0.942879  0.254359  0.215129  0.260931
-0.314671 -0.892019 -0.324474   1.40901
        0         0         0         1

 0.110467 -0.376366  0.919862   1.47108
-0.943759  0.250481  0.215822  0.263156
-0.311636 -0.891969 -0.327529   1.41407
        0         0         0         1

 0.115575 -0.376406  0.919218   1.46481
-0.948646  0.232519  0.214488  0.269742
 -0.29447 -0.896802 -0.330203   1.42429
        0         0         0         1

 0.118584 -0.375326  0.919276   1.46058
-0.949965  0.226551   0.21504  0.273015
-0.288973  -0.89878 -0.329681   1.43103
        0         0         0         1

 0.117402 -0.376128    0.9191    1.4582
 -0.95284  0.218135  0.210981  0.276597
-0.279844 -0.900525  -0.33278   1.43731
        0         0         0         1

 0.120146 -0.374609  0.919366   1.45385
-0.954788  0.210062  0.210368  0.280101
-0.271929 -0.903074 -0.332434   1.44428
        0         0         0         1

 0.129118 -0.374121  0.918348   1.44509
-0.959252  0.187594  0.211292  0.287934
-0.251325 -0.908208 -0.334654   1.45935
        0         0         0         1

 0.133664 -0.371906  0.918597   1.44125
-0.960773  0.178651   0.21213  0.291452
-0.243001 -0.910917 -0.333438   1.46686
        0         0         0         1

 0.136992 -0.369504  0.919076    1.4373
-0.962891  0.168135   0.21112  0.295167
-0.232538 -0.913892 -0.332758   1.47599
        0         0         0         1

 0.141049 -0.366416  0.919698   1.43275
  -0.9644  0.159048  0.211271  0.299164
-0.223689 -0.916757 -0.330938    1.4839
        0         0         0         1

 0.147977 -0.359113  0.921488   1.42566
-0.965357  0.150027  0.213489  0.303711
-0.214915 -0.921157 -0.324472   1.49618
        0         0         0         1

 0.154262 -0.358998  0.920502   1.41915
-0.966686  0.137764   0.21573  0.308391
-0.204258 -0.923115 -0.325786    1.5042
        0         0         0         1

 0.162351 -0.362262  0.917828   1.40712
-0.969747  0.113273  0.216243  0.317551
-0.182301 -0.925168 -0.332913   1.52653
        0         0         0         1

  0.16889 -0.363495  0.916159   1.39958
-0.971141 0.0974467  0.217689  0.322713
-0.168406 -0.926485 -0.336548   1.53474
        0         0         0         1

 0.169125 -0.365056  0.915495   1.39599
 -0.97349 0.0832599  0.213039  0.326692
-0.153995 -0.927255 -0.341297   1.54687
        0         0         0         1

 0.172541  -0.36631  0.914356   1.39071
-0.974458  0.071981  0.212719  0.330471
-0.143737 -0.927705 -0.344534   1.55791
        0         0         0         1

 0.185418 -0.370093  0.910303   1.37419
-0.975939 0.0388066  0.214565  0.341285
-0.114735 -0.928184 -0.353993   1.58234
        0         0         0         1

 0.188555 -0.370971  0.909301   1.36809
-0.976802 0.0248635  0.212696  0.345698
-0.101513 -0.928312 -0.357677   1.59377
        0         0         0         1

  0.192555  -0.372607   0.907792     1.3603
 -0.977757 0.00553887   0.209669   0.351737
-0.0831524  -0.927973  -0.363253    1.60715
         0          0          0          1

  0.194983  -0.373324   0.906979    1.35247
 -0.978525 -0.0110056   0.205834   0.356403
-0.0668607  -0.927636  -0.367453    1.61837
         0          0          0          1

   0.19379  -0.372889   0.907414    1.34559
 -0.979837 -0.0277101    0.19787   0.360767
 -0.048639  -0.927462   -0.37074    1.63337
         0          0          0          1

  0.196291  -0.369811   0.908135    1.33632
  -0.98008 -0.0454492   0.193333   0.365803
-0.0302227  -0.927995  -0.371365    1.64441
         0          0          0          1

  0.193198  -0.361002   0.912333    1.31953
 -0.981132 -0.0780415   0.176887   0.375399
0.00734319  -0.929294  -0.369268    1.67264
         0          0          0          1

  0.194664  -0.354989   0.914379    1.31188
 -0.980525 -0.0951454   0.171807   0.380064
 0.0260092  -0.930016  -0.366597    1.68242
         0          0          0          1

 0.199767 -0.345067  0.917073   1.30111
-0.978856 -0.112294  0.170972  0.385664
0.0439846 -0.931836 -0.360203   1.69585
        0         0         0         1

 0.203013 -0.338235  0.918903   1.29369
  -0.9775 -0.124895  0.169986  0.389214
0.0572715 -0.932737  -0.35598   1.70725
        0         0         0         1

 0.210513 -0.319966  0.923746   1.27725
-0.974054 -0.148955  0.170383  0.398166
0.0830797 -0.935646 -0.343021   1.73207
        0         0         0         1

 0.217966 -0.311809  0.924806   1.26785
-0.971675 -0.157996  0.175742   0.40224
 0.091318 -0.936916 -0.337415   1.74247
        0         0         0         1

 0.224035 -0.305817  0.925356   1.25878
-0.969188 -0.169664  0.178575  0.407082
 0.102389 -0.936851 -0.334405   1.75338
        0         0         0         1

 0.228279 -0.301972  0.925582   1.25225
  -0.9677 -0.174839  0.181625  0.409834
 0.106982 -0.937147 -0.332131   1.76563
        0         0         0         1

 0.234767 -0.298572  0.925062   1.24211
-0.965574 -0.181312  0.186529  0.413369
 0.112033 -0.937006 -0.330859   1.77945
        0         0         0         1

 0.239111 -0.300382  0.923362   1.23477
-0.963722 -0.189571  0.187892   0.41733
 0.118603 -0.934791 -0.334813   1.78807
        0         0         0         1

  0.24347 -0.305484  0.920545   1.22012
-0.961522 -0.200561  0.187751  0.423445
 0.127271 -0.930836  -0.34256   1.81188
        0         0         0         1

 0.249376 -0.304913  0.919152   1.20909
-0.959558 -0.205817  0.192062  0.427234
 0.130615 -0.929875 -0.343908   1.82252
        0         0         0         1

 0.253914 -0.305537  0.917701   1.19864
-0.957778 -0.211723  0.194512   0.43032
 0.134867 -0.928343 -0.346396   1.83543
        0         0         0         1

 0.260438 -0.304827  0.916107   1.18819
-0.955858 -0.215105  0.200164  0.432799
 0.136044 -0.927799 -0.347393    1.8467
        0         0         0         1

 0.271005 -0.309476  0.911472   1.17028
-0.951977 -0.226315  0.206206  0.439565
 0.142464 -0.923583 -0.355947   1.86839
        0         0         0         1

  0.27512 -0.309071  0.910376   1.16197
-0.950361 -0.230576  0.208923  0.442322
 0.145339 -0.922665 -0.357165   1.87807
        0         0         0         1

 0.278146 -0.311246  0.908714   1.15338
-0.948741 -0.236838  0.209278  0.445618
 0.150081 -0.920344 -0.361167   1.88849
        0         0         0         1

 0.281788 -0.313145  0.906938   1.14467
-0.947591 -0.239151  0.211845  0.447416
 0.150557 -0.919101 -0.364123   1.89907
        0         0         0         1

  0.28558 -0.319885  0.903392    1.1357
-0.945992 -0.245019  0.212286  0.450655
 0.153441 -0.915226 -0.372581   1.90924
        0         0         0         1

 0.288972 -0.320903  0.901951   1.12497
-0.944232   -0.2509  0.213251  0.453382
 0.157866 -0.913275  -0.37551   1.91752
        0         0         0         1

 0.291964 -0.331107  0.897288   1.10746
-0.942876 -0.257024  0.211954  0.457659
 0.160445 -0.907913 -0.387234    1.9384
        0         0         0         1

 0.296903 -0.332837  0.895024   1.09632
-0.941653 -0.257675  0.216548   0.45871
  0.15855 -0.907096 -0.389921   1.95046
        0         0         0         1

 0.299774 -0.338383  0.891982   1.08679
-0.940283 -0.262839  0.216296  0.461155
 0.161257 -0.903555 -0.396968   1.95986
        0         0         0         1

 0.303252 -0.342851  0.889096   1.07647
-0.938908 -0.266865  0.217334  0.463455
 0.162755 -0.900687 -0.402833   1.96674
        0         0         0         1

  0.30726 -0.352454   0.88395   1.05605
-0.936772   -0.2755  0.215772  0.467797
 0.167479 -0.894358  -0.41482   1.98291
        0         0         0         1

 0.309492  -0.35883    0.8806   1.04771
-0.936749 -0.274233   0.21748  0.468012
 0.163451 -0.892209 -0.421006   1.99182
        0         0         0         1

 0.310486 -0.364965  0.877724   1.03658
-0.937025 -0.272875  0.217999  0.467854
 0.159947 -0.890135 -0.426705   2.00118
        0         0         0         1

 0.312049  -0.36598  0.876746   1.02484
-0.936771 -0.272367  0.219719  0.467958
 0.158384 -0.889873 -0.427831   2.00925
        0         0         0         1

 0.309815 -0.376692  0.872994   1.01807
-0.937426 -0.274458  0.214255  0.469927
 0.158892 -0.884746 -0.438152   2.01495
        0         0         0         1

 0.312693 -0.376005  0.872263   1.00295
-0.936048 -0.277986  0.215728  0.471723
 0.161362 -0.883937 -0.438883    2.0191
        0         0         0         1

 0.314694 -0.382455  0.868732  0.979353
-0.936141 -0.276311  0.217468  0.470552
 0.156868 -0.881692 -0.444985   2.03484
        0         0         0         1

 0.313841 -0.388209  0.866486  0.969173
-0.936567 -0.276546  0.215325  0.470931
 0.156032   -0.8791 -0.450375   2.03827
        0         0         0         1

 0.314463 -0.390146  0.865389  0.954304
-0.936773 -0.274981  0.216432   0.46961
 0.153525 -0.878733  -0.45195   2.04658
        0         0         0         1

 0.313379  -0.39454  0.863789  0.943386
-0.938022 -0.270386   0.21681  0.466583
 0.148016 -0.878197 -0.454821   2.05549
        0         0         0         1

 0.312984 -0.405124   0.85902  0.914417
-0.939191 -0.266567  0.216478  0.464395
 0.141286 -0.874538  -0.46392   2.06511
        0         0         0         1

 0.311968 -0.408804  0.857645  0.902839
-0.939964 -0.264263  0.215948  0.462345
 0.138364 -0.873524 -0.466702   2.07008
        0         0         0         1

 0.305966 -0.418616   0.85507  0.893634
-0.942094 -0.262631  0.208529   0.46144
 0.137275 -0.869359 -0.474732   2.07278
        0         0         0         1

 0.305629 -0.419664  0.854677  0.879409
-0.942956 -0.257851  0.210587  0.457711
 0.132004 -0.870284 -0.474531   2.07905
        0         0         0         1

 0.305214 -0.423731  0.852816  0.864334
-0.943647  -0.25492  0.211062  0.454696
 0.127966 -0.869176 -0.477658   2.08325
        0         0         0         1

 0.300948 -0.432102  0.850128   0.85678
-0.945393 -0.252172  0.206499  0.453825
  0.12515 -0.865851 -0.484397   2.08476
        0         0         0         1

 0.302671 -0.435864  0.847592  0.823643
-0.946578 -0.241288  0.213939    0.4447
