-0.755583 -0.612803 -0.231443   1.05454
-0.654105  0.724827  0.216271  0.837633
0.0352245  0.314798 -0.948505   2.27014
        0         0         0         1

-0.733274 -0.641311 -0.225897   1.06598
-0.679705  0.700001  0.219086  0.806761
 0.017626  0.314194 -0.949195   2.25167
        0         0         0         1

-0.697173 -0.684664 -0.212566    1.0991
-0.716421  0.654504  0.241589  0.741262
-0.0262821  0.320717  -0.94681   2.21555
        0         0         0         1

-0.675296 -0.708263 -0.205765    1.1124
-0.735849   0.62807  0.253089  0.712291
-0.0500187  0.322322 -0.945308   2.19609
        0         0         0         1

 -0.64546 -0.736338 -0.202947   1.11751
-0.761447  0.599529  0.246504  0.690433
-0.0598382  0.313642 -0.947654   2.16779
        0         0         0         1

-0.617398 -0.761335 -0.197963    1.1251
-0.782215  0.567472  0.257129  0.663181
-0.083423  0.313601 -0.945883    2.1493
        0         0         0         1

 -0.59406 -0.780451 -0.194908    1.1393
-0.797202    0.5388   0.27233   0.63043
-0.107524  0.317161 -0.942257   2.13432
        0         0         0         1

-0.563507 -0.804326 -0.188467    1.1452
 -0.81472  0.503326  0.287914   0.60328
-0.136717  0.315789 -0.938928   2.11732
        0         0         0         1

-0.528897 -0.82606 -0.19466  1.18635
-0.832747 0.460885 0.306786 0.554355
-0.163708  0.32436 -0.93166  2.07079
       0        0        0        1

-0.513305 -0.835678 -0.195347   1.20435
-0.839566  0.441791  0.316149  0.533595
-0.177896  0.326288  -0.92838   2.04781
        0         0         0         1

-0.498034 -0.843565 -0.200901   1.22624
-0.847595  0.424621  0.318244  0.512851
-0.183153  0.328779 -0.926477   2.02066
        0         0         0         1

-0.469005 -0.860729 -0.197941   1.23585
-0.860457  0.394779  0.322124  0.494242
-0.199118  0.321397 -0.925773   1.99666
        0         0         0         1

-0.428787 -0.882532 -0.193079   1.26862
-0.872784  0.349509  0.340721  0.450733
-0.233215  0.314613 -0.920125   1.95751
        0         0         0         1

-0.410456 -0.890805 -0.194917   1.28669
-0.878844  0.329428  0.345123  0.433297
-0.243226  0.312959 -0.918095   1.93596
        0         0         0         1

-0.389049 -0.900147 -0.195898   1.30413
-0.885154  0.306352  0.350217  0.414916
-0.255233  0.309651 -0.915954   1.91225
        0         0         0         1

-0.363557 -0.911418 -0.192728   1.31693
-0.892159  0.281103  0.353601  0.399362
-0.268101  0.300498 -0.915326   1.88995
        0         0         0         1

-0.355264 -0.914143  -0.19527    1.3433
-0.891831  0.268885  0.363784  0.379493
-0.280046  0.303387 -0.910786   1.86706
        0         0         0         1

-0.333829  -0.92704 -0.170751   1.35929
-0.893707  0.253665  0.370057  0.364582
-0.299744  0.276137 -0.913182   1.84048
        0         0         0         1

-0.295133 -0.946875 -0.127769   1.39035
-0.901183  0.231439  0.366478  0.334711
-0.317438  0.223303 -0.921612   1.79752
        0         0         0         1

 -0.28712 -0.948878 -0.131122   1.40829
-0.903034  0.222468  0.367475  0.320335
-0.319518  0.223917 -0.920744   1.77541
        0         0         0         1

-0.273201 -0.952061 -0.137629   1.42663
-0.905561  0.206271  0.370691  0.306411
-0.324532  0.225905 -0.918502   1.75318
        0         0         0         1

-0.257211 -0.955789 -0.142512    1.4441
-0.905415  0.186814  0.381215  0.293065
-0.337738  0.227085 -0.913436   1.73204
        0         0         0         1

  -0.2474 -0.957317 -0.149456   1.46608
-0.902855  0.171794  0.394132  0.278997
-0.351634  0.232445  -0.90682   1.70751
        0         0         0         1

-0.232111 -0.959578 -0.159169    1.4836
-0.898706  0.148968  0.412475   0.26695
-0.372091  0.238786 -0.896956   1.68368
        0         0         0         1

-0.194544 -0.963493 -0.183941   1.51712
 -0.89066   0.09495  0.444645   0.24768
-0.410947  0.250332 -0.876616   1.63551
        0         0         0         1

-0.186279 -0.963673   -0.1914   1.53455
-0.888295 0.0819543  0.451902  0.236736
  -0.4198    0.2542 -0.871293    1.6132
        0         0         0         1

 -0.17066 -0.966002 -0.194205   1.54985
-0.887013 0.0647947  0.457176  0.226434
 -0.42905  0.250284 -0.867914   1.59354
        0         0         0         1

-0.162791  -0.96682 -0.196873   1.56656
-0.886297 0.0556104  0.459767  0.216023
-0.433564  0.249334 -0.865942   1.57468
        0         0         0         1

-0.142506 -0.968966 -0.201981   1.59802
-0.885016 0.0333624  0.464364  0.196077
-0.443214  0.244931 -0.862305   1.53685
        0         0         0         1

-0.130783 -0.970127 -0.204325    1.6103
-0.884256 0.0209478  0.466532  0.187698
-0.448316   0.24169 -0.860581   1.51929
        0         0         0         1

-0.122514 -0.971312 -0.203821    1.6255
-0.883281 0.0130661  0.468662  0.177502
-0.452554  0.237449 -0.859542   1.50252
        0         0         0         1

 -0.113317  -0.972354  -0.204176    1.63794
 -0.883252 0.00447749   0.468877   0.169438
    -0.455    0.23347  -0.859341    1.48755
         0          0          0          1

  -0.107783   -0.972728   -0.205384     1.64957
  -0.883096 -0.00121509    0.469191    0.160693
  -0.456645    0.231945   -0.858881     1.47082
          0           0           0           1

  -0.102804   -0.973767   -0.202998     1.66162
  -0.881424 -0.00540305    0.472295    0.152307
  -0.461003    0.227481   -0.857746     1.45663
          0           0           0           1

-0.0886911   -0.97634  -0.197215    1.67963
 -0.877053 -0.0173019   0.480081   0.138298
 -0.472135   0.215547  -0.854768    1.42728
         0          0          0          1

-0.0794908  -0.977693  -0.194415    1.68652
 -0.874561 -0.0251896   0.484261    0.13263
 -0.478356   0.208522   -0.85305    1.41385
         0          0          0          1

-0.0773698  -0.978862  -0.189321    1.69572
 -0.870926 -0.0260716   0.490722   0.125296
 -0.485285   0.202851    -0.8505    1.40005
         0          0          0          1

-0.0657195   -0.98002  -0.187727    1.70122
 -0.866942 -0.0370715   0.497029   0.121321
 -0.494058   0.195413  -0.847184     1.3879
         0          0          0          1

-0.0554215  -0.981543  -0.183035    1.71253
 -0.857561 -0.0470966   0.512221    0.11144
 -0.511387   0.185352  -0.839123    1.36273
         0          0          0          1

-0.0491581  -0.981964  -0.182565    1.71765
  -0.85187 -0.0542071   0.520941   0.108318
 -0.521442    0.18113  -0.833841    1.35104
         0          0          0          1

-0.0430788  -0.982808  -0.179535    1.72266
 -0.846218 -0.0596333    0.52949   0.104822
 -0.531093   0.174736    -0.8291    1.34033
         0          0          0          1

-0.0370916  -0.982524  -0.182405    1.72551
 -0.841746 -0.0676599   0.535617   0.102216
 -0.538598   0.173406  -0.824526    1.32932
         0          0          0          1

-0.0265217  -0.982699  -0.183301    1.72869
  -0.83608 -0.0787073   0.542933    0.10088
 -0.547967   0.167653  -0.819527    1.32083
         0          0          0          1

-0.0146726  -0.98333 -0.181236   1.73182
 -0.83183 -0.088574  0.547917 0.0995802
-0.554836  0.158797 -0.816664   1.31391
        0         0         0         1

0.000433547 -0.983101 -0.183065   1.74003
-0.828185 -0.102952  0.550918 0.0954771
-0.560455  0.151372 -0.814234   1.29785
        0         0         0         1

0.0127611 -0.983165 -0.182276   1.74422
-0.824572 -0.113461  0.554263 0.0943502
-0.565613  0.143226 -0.812138   1.29392
        0         0         0         1

0.0273065 -0.984146 -0.175246   1.74934
-0.821689 -0.121937  0.556739 0.0931341
-0.569282  0.128795 -0.811992   1.29237
        0         0         0         1

0.0388285 -0.982756 -0.180784    1.7536
-0.824055 -0.133822  0.550478 0.0914624
-0.565178  0.127602 -0.815041   1.28935
        0         0         0         1

0.0663177 -0.980599 -0.184465   1.76348
 -0.83276 -0.156233  0.531133  0.086195
-0.549648  0.118391 -0.826965   1.29565
        0         0         0         1

0.0780126 -0.979373 -0.186391   1.76642
-0.838941 -0.165496  0.518449 0.0835829
-0.538602  0.115925 -0.834547   1.30001
        0         0         0         1

0.0905134 -0.978244 -0.186671   1.76957
-0.846723 -0.174268  0.502684  0.080886
-0.524279  0.112559 -0.844075   1.30636
        0         0         0         1

 0.103546 -0.977481 -0.183874   1.77117
-0.851968 -0.182562  0.490735 0.0784233
-0.513253  0.105841 -0.851686   1.31308
        0         0         0         1

 0.115257  -0.97692 -0.179842    1.7716
 -0.85445 -0.189835  0.483609 0.0764816
-0.506587 0.0979266 -0.856609   1.31723
        0         0         0         1

 0.123399 -0.977544 -0.170821   1.77214
-0.854259 -0.192238  0.482997 0.0746165
-0.504989 0.0863237 -0.858798    1.3195
        0         0         0         1

 0.148331 -0.978283 -0.144779    1.7685
 -0.84758 -0.201185  0.491052 0.0734056
-0.509515 0.0498738 -0.859015   1.32529
        0         0         0         1

 0.155775 -0.979197 -0.130028   1.76436
-0.846451 -0.200177  0.493406 0.0704904
-0.509171 0.0332019 -0.860025   1.32957
        0         0         0         1

 0.164889 -0.980015 -0.111278   1.75605
-0.847107 -0.198501  0.492957 0.0680131
-0.505194 0.0129816 -0.862908   1.33467
        0         0         0         1

  0.171861  -0.981104 -0.0888742    1.74602
 -0.847758  -0.193245   0.493926  0.0646194
 -0.501767 -0.0095427   -0.86495    1.34175
         0          0          0          1

  0.175856  -0.983174 -0.0494219    1.72389
 -0.850491  -0.177022   0.495306  0.0553269
 -0.495721 -0.0450696  -0.867312     1.3557
         0          0          0          1

  0.178812  -0.983451 -0.0291645    1.71106
 -0.850001  -0.169341    0.49882  0.0502301
 -0.495504 -0.0644051  -0.866215    1.36406
         0          0          0          1

  0.181525  -0.983335 -0.0100164    1.69524
 -0.851185  -0.162215   0.499169  0.0457059
 -0.492476 -0.0820861  -0.866447    1.37191
         0          0          0          1

  0.180963  -0.983476 0.00524999     1.6792
 -0.852552  -0.154207   0.499374   0.039828
 -0.490313  -0.094844   -0.86637    1.37893
         0          0          0          1

 0.181272 -0.983154 0.0234094   1.66181
-0.853118 -0.145366  0.501057 0.0335305
-0.489213 -0.110798 -0.865098   1.38812
        0         0         0         1

   0.1778 -0.983344 0.0377121     1.644
-0.853961 -0.135135  0.502483 0.0264355
-0.489017 -0.121546 -0.863764   1.39614
        0         0         0         1

 0.174928 -0.982376 0.0658651   1.60295
-0.854038 -0.118108  0.506627 0.0122503
-0.489918 -0.144874 -0.859646    1.4137
        0         0         0         1

  0.172622  -0.981801  0.0791753    1.58231
 -0.853404  -0.108941   0.509739 0.00476371
 -0.491837  -0.155561  -0.856678    1.42289
         0          0          0          1

   0.169315   -0.981311   0.0914437     1.55983
  -0.853186  -0.0994946     0.51203 -0.00338993
  -0.493362   -0.164713   -0.854086     1.43228
          0           0           0           1

  0.164904  -0.980911   0.103055    1.53819
 -0.852861 -0.0893303   0.514439 -0.0119195
 -0.495413  -0.172724  -0.851312    1.44127
         0          0          0          1

  0.157158  -0.979845   0.123311    1.49135
  -0.85261 -0.0716095   0.517619 -0.0302816
 -0.498356  -0.186484  -0.846679    1.46017
         0          0          0          1

  0.152636  -0.979798   0.129225    1.46761
 -0.852265 -0.0642983   0.519144 -0.0396544
 -0.500347  -0.189374  -0.844861    1.47003
         0          0          0          1

  0.146967  -0.980145   0.133102     1.4437
 -0.852887 -0.0574162   0.518929 -0.0503739
 -0.500984  -0.189786  -0.844391    1.48024
         0          0          0          1

  0.142797  -0.980612   0.134198    1.41931
 -0.853521 -0.0533573   0.518319 -0.0603997
 -0.501109  -0.188556  -0.844592    1.48964
         0          0          0          1

  0.133663  -0.981817   0.134792    1.39508
 -0.855774 -0.0457561   0.515322 -0.0722915
 -0.499785  -0.184231   -0.84633    1.49895
         0          0          0          1

  0.129467  -0.982533   0.133671    1.37107
 -0.856458  -0.042867   0.514433 -0.0829715
 -0.499717  -0.181086  -0.847048    1.50805
         0          0          0          1

  0.114081  -0.984718    0.13159    1.32283
 -0.858293 -0.0309846   0.512224   -0.10713
 -0.500319  -0.171378  -0.848711    1.52464
         0          0          0          1

 0.108002 -0.985396  0.131645   1.29875
-0.858466 -0.025658  0.512228 -0.118777
 -0.50137 -0.168335   -0.8487   1.53172
        0         0         0         1

0.0973569 -0.986446  0.132081   1.27425
-0.858066 -0.015959  0.513292 -0.131356
-0.504227 -0.163306 -0.847989   1.53799
        0         0         0         1

  0.0840113   -0.987524    0.133182      1.2506
  -0.858211 -0.00378631    0.513283   -0.143721
  -0.506375    -0.15742   -0.847822     1.54313
          0           0           0           1

  0.06346 -0.988606  0.136492   1.20076
-0.856522 0.0162401  0.515854 -0.168792
-0.512194 -0.149645 -0.845733     1.553
        0         0         0         1

0.0517275  -0.98853  0.141889   1.17755
-0.853989 0.0298695  0.519433 -0.181008
-0.517713  -0.14804 -0.842649   1.55623
        0         0         0         1

0.0412837 -0.987977   0.14899   1.15338
-0.849818 0.0437004  0.525261 -0.193215
-0.525457 -0.148299 -0.837796   1.55869
        0         0         0         1

0.0292811 -0.987405  0.155479   1.13026
-0.847316 0.0579997  0.527912  -0.20481
-0.530281 -0.147198 -0.834946   1.56014
        0         0         0         1

0.0131776 -0.986849  0.161108   1.10611
-0.845524 0.0750128  0.528641 -0.217146
-0.533774 -0.143187 -0.833416   1.56187
        0         0         0         1

-0.00203868 -0.986414  0.164264   1.08288
-0.843046 0.0900429   0.53025 -0.228864
-0.537837 -0.137401 -0.831776   1.56362
        0         0         0         1

-0.0376315 -0.985473  0.165608   1.03653
-0.837373  0.121538  0.532949 -0.252212
-0.545334  -0.11862 -0.829783   1.56662
        0         0         0         1

-0.0536386 -0.985085  0.163496   1.01458
 -0.83474  0.134092  0.534068 -0.262959
-0.548026  -0.10783 -0.829482   1.56777
        0         0         0         1

-0.0723554  -0.984572   0.159318   0.992492
 -0.832058   0.147665   0.534673  -0.273663
  -0.54995 -0.0938753  -0.829905    1.56857
         0          0          0          1

-0.0890478  -0.983982   0.154434   0.972002
 -0.829486   0.159094   0.535389   -0.28345
 -0.551383 -0.0804256  -0.830367    1.56929
         0          0          0          1

 -0.125959  -0.981834   0.141901   0.932559
 -0.823278   0.183263   0.537241  -0.301789
 -0.553486 -0.0491536  -0.831407    1.56967
         0          0          0          1

 -0.142877  -0.980052   0.138147   0.914334
 -0.819595   0.195404   0.538592  -0.309752
 -0.554842 -0.0362724  -0.831164    1.56929
         0          0          0          1

 -0.159698  -0.977452   0.138146   0.896163
 -0.814803   0.209522   0.540552  -0.317245
 -0.557308 -0.0262362  -0.829891    1.56862
         0          0          0          1

 -0.175141    -0.9743   0.141651   0.879501
 -0.809543   0.224395   0.542482  -0.323504
 -0.560326 -0.0196615  -0.828039    1.56702
         0          0          0          1

 -0.189436  -0.970781   0.147304   0.862924
 -0.803206   0.239499   0.545436  -0.329441
 -0.564778 -0.0149899  -0.825107    1.56502
         0          0          0          1

 -0.202106  -0.967208   0.153823   0.847738
 -0.797004    0.25371   0.548102  -0.334379
 -0.569155 -0.0118231  -0.822145     1.5625
         0          0          0          1

  -0.227076   -0.959539    0.166499    0.818791
  -0.785183    0.281523    0.551573   -0.343025
  -0.576129 -0.00548304   -0.817341     1.55718
          0           0           0           1

  -0.238219   -0.955963    0.171426    0.805924
  -0.780161     0.29348    0.552466   -0.346524
  -0.578447 -0.00213216   -0.815717      1.5548
          0           0           0           1

  -0.24987    -0.9521   0.176272   0.793038
  -0.77592   0.305786   0.551763   -0.34984
 -0.579235 0.00109628   -0.81516    1.55234
         0          0          0          1

 -0.260487  -0.948423   0.180668    0.78138
 -0.772782   0.316988   0.549842  -0.352679
 -0.578752 0.00361001  -0.815495     1.5501
         0          0          0          1

-0.280356  -0.94131  0.187982  0.759495
-0.765633  0.337407  0.547688  -0.35737
-0.578971 0.0096227 -0.815292   1.54553
        0         0         0         1

-0.289358  -0.93812  0.190268  0.750066
 -0.76235  0.346058  0.546869 -0.358937
-0.578873 0.0131901 -0.815311   1.54299
        0         0         0         1

-0.298155 -0.934979  0.192142  0.740848
-0.759636  0.354313  0.545358 -0.360273
-0.577977 0.0166435 -0.815883   1.54026
        0         0         0         1

-0.304741 -0.932643  0.193155  0.732655
-0.757293   0.36026   0.54472 -0.361424
-0.577615 0.0197233 -0.816071   1.53737
        0         0         0         1

-0.311624 -0.930795  0.191078  0.724855
-0.754499  0.364623  0.545693 -0.362287
  -0.5776  0.025883 -0.815909   1.53425
        0         0         0         1

-0.317995 -0.929688  0.185901  0.718284
-0.752022  0.366741  0.547689 -0.362672
-0.577358 0.0343609 -0.815768   1.53109
        0         0         0         1

-0.326061 -0.929746  0.171044  0.706883
-0.747768  0.364355  0.555057 -0.363115
-0.578383 0.0530815 -0.814037   1.52402
        0         0         0         1

-0.329062 -0.929654  0.165714  0.702484
 -0.74588  0.363504  0.558147 -0.362882
-0.579121 0.0600622 -0.813026    1.5204
        0         0         0         1

-0.331479 -0.929327  0.162708  0.698356
-0.743679  0.363496  0.561081 -0.362479
-0.580572 0.0649838 -0.811612   1.51656
        0         0         0         1

-0.332312 -0.928891  0.163491  0.694709
-0.741632  0.364442  0.563173 -0.362085
-0.582709 0.0658991 -0.810004   1.51276
        0         0         0         1

-0.334174  -0.92678  0.171486  0.688785
-0.737539  0.370417  0.564648 -0.360578
-0.586826 0.0622133  -0.80732   1.50476
        0         0         0         1

-0.334087 -0.925916  0.176256  0.686563
-0.735723  0.373067  0.565272 -0.359793
 -0.58915 0.0591743 -0.805854   1.50096
        0         0         0         1

-0.334115 -0.925004  0.180929  0.684546
-0.733817   0.37576  0.565965 -0.358999
-0.591506 0.0563286 -0.804331   1.49714
        0         0         0         1

-0.333439 -0.924469  0.184864  0.682875
-0.732295  0.377467  0.566801 -0.358223
 -0.59377 0.0536186 -0.802846   1.49338
        0         0         0         1

-0.332905 -0.924035  0.187974  0.681359
-0.731117  0.378829  0.567412 -0.357434
-0.595518 0.0514632 -0.801692   1.48977
        0         0         0         1

-0.331899 -0.924033  0.189754  0.679942
 -0.73005  0.379002   0.56867 -0.356892
-0.597386 0.0502114  -0.80038   1.48667
        0         0         0         1

 -0.32933 -0.924576  0.191576  0.677996
-0.728422  0.377878  0.571497 -0.355403
-0.600785 0.0486631 -0.797928   1.48003
        0         0         0         1

-0.327885 -0.925113  0.191462  0.677373
-0.727624  0.376557  0.573384 -0.354571
-0.602541 0.0486918 -0.796601     1.477
        0         0         0         1

-0.326093 -0.925891   0.19076  0.676694
-0.727066  0.374609  0.575364 -0.353638
-0.604185  0.048927 -0.795341   1.47371
        0         0         0         1

-0.325001 -0.926701  0.188678  0.676302
-0.726258  0.372354  0.577843 -0.352721
-0.605742 0.0507704 -0.794039   1.47107
        0         0         0         1

-0.322374  -0.92901  0.181704  0.675985
-0.726816  0.365898  0.581254 -0.350801
-0.606476 0.0553156 -0.793175   1.46655
        0         0         0         1

-0.322017 -0.929629  0.179151  0.675434
 -0.72758   0.36408  0.581441 -0.350133
-0.605749 0.0568873 -0.793619   1.46523
        0         0         0         1

-0.321214 -0.930176   0.17775  0.674521
-0.728449  0.362627  0.581261 -0.349669
-0.605131 0.0572273 -0.794066   1.46426
        0         0         0         1

-0.320952 -0.930322  0.177458  0.674136
-0.729289  0.362309  0.580404 -0.349014
-0.604257 0.0568638 -0.794758   1.46349
        0         0         0         1

-0.320191 -0.930477  0.178017  0.673369
-0.730032  0.362102  0.579599 -0.348673
-0.603764  0.055624  -0.79522   1.46311
        0         0         0         1

-0.319701 -0.930269  0.179975  0.672844
-0.730481   0.36296  0.578497 -0.348153
-0.603481 0.0534773 -0.795582   1.46281
        0         0         0         1

-0.317483 -0.929368  0.188361  0.671045
-0.731356  0.366419    0.5752 -0.347377
-0.603592 0.0448571 -0.796031    1.4625
        0         0         0         1

 -0.31645 -0.927899  0.197137  0.670499
-0.731804  0.371027  0.571666 -0.346894
-0.603592 0.0366384 -0.796451   1.46297
        0         0         0         1

-0.314821 -0.926197  0.207477  0.669685
-0.733323  0.376132  0.566358 -0.346648
-0.602598 0.0261538 -0.797616   1.46341
        0         0         0         1

-0.314144 -0.924444   0.21614  0.668878
-0.734122  0.380896  0.562124 -0.346318
-0.601979 0.0179148 -0.798311   1.46411
        0         0         0         1

 -0.313967  -0.921185   0.229875   0.667159
 -0.735123   0.389088   0.555162   -0.34529
 -0.600848 0.00531622  -0.799346    1.46599
         0          0          0          1

 -0.313455  -0.920411   0.233645    0.66623
 -0.735353   0.390949   0.553548  -0.344676
 -0.600835 0.00170094  -0.799371    1.46713
         0          0          0          1

   -0.312586    -0.920034     0.236279     0.665193
   -0.735333     0.391839     0.552945    -0.343935
   -0.601311 -0.000900884    -0.799014       1.4684
           0            0            0            1

  -0.313266   -0.919234    0.238481    0.664168
  -0.735083    0.393704    0.551951   -0.342964
  -0.601263 -0.00239555   -0.799047     1.46981
          0           0           0           1

  -0.313014   -0.918595    0.241257    0.662992
  -0.734996     0.39517    0.551019   -0.342018
    -0.6015 -0.00484612   -0.798858      1.4715
          0           0           0           1

 -0.313057  -0.917789   0.244251   0.661923
 -0.735006   0.396999   0.549689   -0.34105
 -0.601466 -0.0074419  -0.798863    1.47336
         0          0          0          1

 -0.311146  -0.916875   0.250058       0.66
 -0.734383    0.39897   0.549094  -0.338911
 -0.603216 -0.0127899  -0.797475    1.47775
         0          0          0          1

 -0.309864  -0.916753   0.252089   0.659208
  -0.73452   0.399169   0.548766  -0.337853
 -0.603709 -0.0151213  -0.797062    1.48043
         0          0          0          1

 -0.308651  -0.916823   0.253318   0.658514
 -0.735004   0.398934   0.548289  -0.336581
 -0.603741 -0.0169602     -0.797    1.48386
         0          0          0          1

 -0.306749  -0.917002   0.254975   0.657913
 -0.736125   0.398388    0.54718  -0.335299
 -0.603344 -0.0198462  -0.797234     1.4874
         0          0          0          1

 -0.303709   -0.91683   0.259198   0.656509
  -0.73868   0.398408   0.543712   -0.33207
 -0.601758 -0.0263341  -0.798244    1.49618
         0          0          0          1

 -0.301668  -0.916831   0.261567   0.655476
  -0.73977   0.398157   0.542412  -0.330263
 -0.601445 -0.0298708  -0.798356    1.50077
         0          0          0          1

 -0.299849  -0.916692   0.264132   0.654121
 -0.741233   0.398167   0.540404  -0.328185
 -0.600553 -0.0337437  -0.798872    1.50589
         0          0          0          1

 -0.297978  -0.916607   0.266536   0.652531
 -0.742943   0.398012   0.538165  -0.326113
  -0.59937 -0.0376599  -0.799585    1.51117
         0          0          0          1

-0.296399 -0.916296  0.269351  0.650711
-0.744572  0.398318  0.535682 -0.323714
-0.598131 -0.041776 -0.800309   1.51724
        0         0         0         1

 -0.294404  -0.915879   0.272932   0.648365
 -0.746616   0.398694   0.532548  -0.321458
 -0.596566 -0.0469914  -0.801187    1.52322
         0          0          0          1

 -0.293226  -0.913905   0.280707   0.643288
 -0.750752   0.401904   0.524256  -0.315956
 -0.591937 -0.0570157  -0.803965    1.53802
         0          0          0          1

  -0.29192   -0.91305    0.28482   0.640276
 -0.753267   0.402983   0.519801  -0.313144
 -0.589382 -0.0628048  -0.805409     1.5458
         0          0          0          1

 -0.290178  -0.912303   0.288962   0.637018
 -0.756597   0.403601   0.514458  -0.310123
 -0.585968 -0.0693432  -0.807362    1.55419
         0          0          0          1

-0.287763 -0.912097  0.292014  0.633515
-0.759528  0.403079  0.510533 -0.307249
 -0.58336  -0.07488 -0.808754   1.56321
        0         0         0         1

 -0.285316  -0.910896     0.2981   0.625959
 -0.766468    0.40359   0.499641  -0.299813
 -0.575432 -0.0859284  -0.813323    1.58275
         0          0          0          1

 -0.283513  -0.910478   0.301082   0.621804
 -0.770152   0.403249   0.494222  -0.295752
 -0.571389 -0.0917609  -0.815533    1.59259
         0          0          0          1

 -0.281525   -0.91025   0.303627   0.617284
  -0.77363   0.402507   0.489372   -0.29116
 -0.567663 -0.0971249  -0.817512    1.60324
         0          0          0          1

 -0.27906 -0.910102  0.306332  0.612596
-0.777197  0.401417  0.484592 -0.286384
-0.563995  -0.10285 -0.819348   1.61344
        0         0         0         1

-0.276254 -0.910358  0.308111  0.607095
-0.780421  0.399588  0.480908 -0.281313
-0.560915 -0.107603 -0.820851   1.62461
        0         0         0         1

-0.274797   -0.9105  0.308994   0.60155
-0.783767   0.39827  0.476541 -0.275719
-0.556953 -0.111227 -0.823063   1.63564
        0         0         0         1

-0.272843 -0.910542  0.310597  0.589164
-0.791031  0.396077  0.466255 -0.262504
-0.547565 -0.118477 -0.828333   1.65827
        0         0         0         1

-0.272852 -0.911101  0.308946  0.582485
-0.793771  0.394645  0.462798 -0.255511
 -0.54358 -0.118957 -0.830885   1.66991
        0         0         0         1

-0.274066 -0.911165  0.307677  0.574817
  -0.7974  0.394147  0.456949 -0.247442
-0.537626 -0.120107 -0.834585   1.68166
        0         0         0         1

-0.276976 -0.911384  0.304407  0.566672
-0.800176  0.394167  0.452052 -0.239327
 -0.53198 -0.118372 -0.838442   1.69374
        0         0         0         1

-0.281879 -0.910959  0.301163  0.557974
-0.802987  0.395786  0.445606 -0.229468
-0.525125 -0.116223 -0.843052   1.70604
        0         0         0         1

-0.286545 -0.910685  0.297565  0.548582
-0.805079  0.397249  0.440501 -0.220222
-0.519365  -0.11334 -0.847003   1.71836
        0         0         0         1

-0.296401 -0.910016  0.289859  0.526574
-0.809093  0.400514  0.430066 -0.199778
-0.507459 -0.107051    -0.855   1.74362
        0         0         0         1

-0.301935 -0.908846   0.28781  0.515067
-0.809588   0.40386  0.425986  -0.18893
 -0.50339 -0.104387  -0.85773   1.75604
        0         0         0         1

-0.308694 -0.907502  0.284867   0.50306
-0.810386  0.407733  0.420748 -0.176596
-0.497979  -0.10097 -0.861291   1.76917
        0         0         0         1

-0.316596 -0.905445  0.282729  0.490983
-0.811172  0.412938  0.414105  -0.16338
-0.491699 -0.098238 -0.865206   1.78079
        0         0         0         1

 -0.333044  -0.900062   0.281015   0.463526
 -0.809166   0.425821   0.404879  -0.135636
 -0.484079 -0.0925449  -0.870117    1.80745
         0          0          0          1

 -0.342249  -0.896605   0.281008   0.449486
 -0.808735   0.433349   0.397689  -0.120627
 -0.478344 -0.0911521  -0.873429    1.81949
         0          0          0          1

-0.352215 -0.892745  0.280983  0.433842
 -0.80766   0.44162  0.390715 -0.104904
-0.472896 -0.089323 -0.876579   1.83257
        0         0         0         1

  -0.36384  -0.887567   0.282568   0.418767
 -0.805423   0.452163   0.383199 -0.0884434
 -0.467882 -0.0881636  -0.879382    1.84522
         0          0          0          1

 -0.378567  -0.880935   0.283972    0.40241
 -0.800922    0.46556   0.376535 -0.0708405
 -0.463909 -0.0848956  -0.881806    1.86005
         0          0          0          1

 -0.394468  -0.873702   0.284674   0.386522
 -0.796755   0.479541   0.367726 -0.0531869
 -0.457796 -0.0817592   -0.88529    1.87435
         0          0          0          1

 -0.424342  -0.858307   0.288517   0.349708
 -0.787256   0.507129   0.350783 -0.0150459
 -0.447395 -0.0782851  -0.890904    1.90194
         0          0          0          1

 -0.440232  -0.850187   0.288753   0.331942
 -0.781428   0.521172   0.343147 0.00391692
 -0.442229 -0.0745757  -0.893796    1.91606
         0          0          0          1

 -0.458336  -0.841082   0.287246   0.312392
 -0.774434   0.536516   0.335264  0.0237321
 -0.436097 -0.0687898  -0.897267    1.93271
         0          0          0          1

 -0.473956  -0.831583   0.289543   0.292055
 -0.768565   0.551152   0.324868  0.0446465
 -0.429738 -0.0685594  -0.900347    1.94623
         0          0          0          1

 -0.519746  -0.803306   0.290797   0.255954
 -0.749452   0.592117   0.296174  0.0949058
 -0.410104 -0.0640035   -0.90979    1.97549
         0          0          0          1

 -0.543236  -0.789119   0.286679   0.238542
 -0.737268    0.61172   0.286765   0.117606
 -0.401659 -0.0555781  -0.914101    1.99495
         0          0          0          1

 -0.565261  -0.773751   0.285987   0.218532
 -0.725495   0.631305   0.274065   0.144123
 -0.392603 -0.0525638  -0.918205     2.0098
         0          0          0          1

 -0.593368  -0.753646   0.282724   0.203655
 -0.709769    0.65555   0.257842   0.173764
 -0.379661 -0.0476734  -0.923897    2.02649
         0          0          0          1

  -0.61517  -0.736435   0.281476   0.183099
 -0.695788   0.675018   0.245419   0.199856
 -0.370736 -0.0448737  -0.927653    2.04487
         0          0          0          1

 -0.636957  -0.718739   0.278747   0.163546
 -0.681295    0.69403   0.232723   0.226389
 -0.360726 -0.0416743   -0.93174     2.0605
         0          0          0          1

 -0.677927  -0.683988     0.2694   0.124763
 -0.652159   0.728701   0.209006   0.281537
 -0.339269 -0.0340009  -0.940075    2.09662
         0          0          0          1

-0.695571  -0.66627  0.268821  0.104725
-0.634981   0.74515  0.203842  0.306149
-0.336126  -0.02891 -0.941373   2.11393
        0         0         0         1

 -0.723641  -0.639047   0.260698  0.0936201
 -0.613114   0.768662   0.182344   0.344258
 -0.316915 -0.0278861  -0.948044    2.12929
         0          0          0          1

  -0.74559  -0.614903   0.256885  0.0798132
 -0.591874   0.788167   0.168754   0.377374
 -0.306235 -0.0262222  -0.951595    2.14465
         0          0          0          1

 -0.793442  -0.559406   0.239823  0.0564419
 -0.541973   0.828676    0.13986   0.448375
 -0.276974 -0.0190073  -0.960689    2.18159
         0          0          0          1

 -0.816503  -0.528304   0.232848    0.04754
 -0.515429   0.848731   0.118271   0.488153
 -0.260108 -0.0234483  -0.965295    2.19481
         0          0          0          1

 -0.831441  -0.509538   0.221533  0.0313142
 -0.497486   0.860271   0.111542   0.515997
 -0.247413 -0.0174686  -0.968753    2.21605
         0          0          0          1

 -0.84832 -0.483879  0.214976 0.0185269
-0.471952  0.875072  0.107282  0.545205
-0.240031 -0.010449 -0.970709   2.23956
        0         0         0         1

  -0.87335  -0.439823   0.209324  0.0179877
 -0.433934   0.897748  0.0758346   0.598283
 -0.221274 -0.0246026  -0.974901    2.24231
         0          0          0          1

 -0.885262  -0.421008   0.197645 0.00619337
 -0.414539   0.906926  0.0751215   0.623514
 -0.210876 -0.0154292  -0.977391     2.2717
         0          0          0          1

 -0.923599  -0.344783   0.167597  0.0132954
 -0.342825   0.938486  0.0414176   0.715249
 -0.171567 -0.0192031  -0.984985    2.30659
         0          0          0          1

 -0.944173  -0.293362   0.149918  0.0360973
 -0.293778   0.955667  0.0198695   0.768564
   -0.1491 -0.0252823  -0.988499    2.32323
         0          0          0          1

  -0.95535   -0.26354   0.133614  0.0362791
 -0.264546   0.964316  0.0104961   0.807159
 -0.131612 -0.0253196  -0.990978    2.34019
         0          0          0          1

 -0.973179  -0.199121   0.115208  0.0651774
 -0.203082   0.978877 -0.0236155   0.877032
 -0.108072 -0.0463788  -0.993061    2.34261
         0          0          0          1

 -0.988122  -0.127104  0.0863739  0.0757773
  -0.13191   0.989875 -0.0524097   0.966612
-0.0788379 -0.0631807  -0.994883     2.3667
         0          0          0          1

 -0.992691 -0.0972205  0.0715033  0.0785716
 -0.101482    0.99311 -0.0585995    1.00097
-0.0653136 -0.0654275  -0.995718    2.38172
         0          0          0          1

