-0.0211916 -0.527813  0.849096   1.41226
-0.816533 -0.480934 -0.319336   1.06586
 0.576909 -0.700082 -0.420785   1.85105
        0         0         0         1

-0.00479575 -0.522113  0.852863   1.42929
-0.824535 -0.480488 -0.298786   1.03817
  0.56579 -0.704648 -0.428196   1.85844
        0         0         0         1

0.00945771 -0.510429  0.859868   1.43982
-0.837049 -0.474471 -0.272446   1.01587
 0.547047 -0.717175 -0.431741   1.87773
        0         0         0         1

0.0269573  -0.49829  0.866591   1.45132
-0.843992 -0.475897 -0.247386  0.992191
 0.535678 -0.724727 -0.433381   1.88437
        0         0         0         1

0.0427532 -0.492563  0.869226    1.4603
-0.845619 -0.481177 -0.231076  0.974225
 0.532071 -0.725155 -0.437093   1.88292
        0         0         0         1

0.0824516 -0.465367  0.881269   1.46983
-0.850251 -0.494137 -0.181387  0.934268
  0.51988 -0.734344 -0.436421   1.88581
        0         0         0         1

0.0895286 -0.452968   0.88702   1.48119
-0.862168 -0.481132 -0.158676  0.910447
 0.498649 -0.750554  -0.43361   1.90509
        0         0         0         1

 0.102004 -0.440766  0.891808   1.49187
-0.866023 -0.480465  -0.13841  0.886294
 0.489489 -0.758208 -0.430723   1.91092
        0         0         0         1

 0.111943 -0.436244  0.892838   1.50059
-0.871883 -0.474179  -0.12237  0.867433
 0.476748 -0.764752 -0.433435    1.9168
        0         0         0         1

  0.137004   -0.42805    0.89331    1.52012
 -0.874669   -0.47557 -0.0937347   0.828288
  0.464955  -0.768509  -0.439557    1.91867
         0          0          0          1

  0.144081  -0.431754   0.890409    1.53241
 -0.879264  -0.468691 -0.0849878   0.807968
  0.454021   -0.77066  -0.447155    1.92397
         0          0          0          1

  0.154014  -0.432038   0.888607    1.54194
 -0.884623  -0.460907 -0.0707674      0.786
  0.440139  -0.775183  -0.453177    1.93013
         0          0          0          1

  0.157929   -0.44185   0.883078    1.55832
 -0.884761  -0.460426 -0.0721451   0.769183
   0.43847   -0.76992  -0.463646    1.92416
         0          0          0          1

  0.168757  -0.444646   0.879665    1.56825
 -0.888288   -0.45538 -0.0597707   0.747856
  0.427159   -0.77131  -0.471823    1.92923
         0          0          0          1

  0.171836  -0.441886    0.88046    1.57601
 -0.892155  -0.448826 -0.0511393   0.730409
  0.417771  -0.776719  -0.471355     1.9375
         0          0          0          1

  0.194681   -0.44093   0.876174    1.58774
  -0.89355  -0.448151 -0.0269874   0.699157
  0.404558  -0.777651  -0.481239     1.9331
         0          0          0          1

   0.19826  -0.438967   0.876357    1.59736
 -0.895526  -0.444556 -0.0200812   0.683835
  0.398405  -0.780819  -0.481244    1.93477
         0          0          0          1

   0.206618   -0.437631    0.875093     1.60544
  -0.898208   -0.439503 -0.00771818    0.665166
   0.387984   -0.784421   -0.483893     1.93839
          0           0           0           1

   0.206817   -0.436311    0.875705     1.61297
  -0.898274   -0.439384 -0.00677149    0.651343
   0.387726   -0.785222   -0.482799     1.93759
          0           0           0           1

  0.171818  -0.431027    0.88583    1.63747
 -0.897395  -0.439433 -0.0397584   0.618622
  0.406399  -0.788108  -0.462304    1.93073
         0          0          0          1

 0.155659 -0.431489  0.888587    1.6471
-0.901581  -0.42963 -0.050689   0.60122
 0.403635 -0.793244 -0.455898   1.93731
        0         0         0         1

  0.164945  -0.421577   0.891665    1.64927
 -0.900036   -0.43409 -0.0387436   0.587733
  0.403396   -0.79614  -0.451035    1.93579
         0          0          0          1

  0.183275  -0.419837   0.888902     1.6585
 -0.902066  -0.431236 -0.0176874   0.573317
  0.390753  -0.798607  -0.457755    1.93542
         0          0          0          1

   0.20775  -0.426428    0.88034    1.66629
  -0.90611  -0.422948 0.00895951    0.55907
  0.368518  -0.799546  -0.474258    1.93125
         0          0          0          1

 0.218206 -0.439976  0.871095   1.67842
-0.912171  -0.40923 0.0217997  0.545392
 0.346887 -0.799345  -0.49063   1.92825
        0         0         0         1

 0.233413 -0.462014  0.855606    1.6972
-0.924062 -0.379309 0.0472668  0.521581
 0.302701 -0.801666 -0.515465   1.91206
        0         0         0         1

 0.234115 -0.469182  0.851504   1.70667
-0.928718 -0.366957 0.0531502  0.511466
 0.287528  -0.80325 -0.521648     1.903
        0         0         0         1

 0.229346 -0.474481  0.849864   1.71824
-0.935649 -0.348108 0.0581467  0.496594
 0.268255  -0.80851 -0.523785   1.89718
        0         0         0         1

 0.225448 -0.476869   0.84957   1.72866
-0.939466 -0.337358 0.0599427   0.48532
 0.258024 -0.811656 -0.524059   1.89151
        0         0         0         1

 0.228278 -0.463613  0.856126   1.74139
-0.942708 -0.324994 0.0753719  0.461521
 0.243292 -0.824283 -0.511241   1.88348
        0         0         0         1

 0.227492 -0.459277  0.858668   1.74944
  -0.9434 -0.322488 0.0774504  0.451362
 0.241339 -0.827687 -0.506646   1.87649
        0         0         0         1

 0.223568 -0.454426  0.862273   1.75948
-0.945393 -0.316363 0.0783928  0.436999
 0.237168 -0.832713  -0.50034    1.8721
        0         0         0         1

 0.222286 -0.451408  0.864187   1.76447
-0.945916 -0.314661 0.0789457  0.430036
 0.236289 -0.834997 -0.496939   1.86415
        0         0         0         1

 0.218735 -0.450212  0.865716   1.77389
 -0.94609 -0.315052 0.0752017  0.419369
 0.238889 -0.835495 -0.494854   1.84999
        0         0         0         1

 0.216124 -0.447318  0.867869   1.78009
-0.947015 -0.312347 0.0748435  0.409411
 0.237598 -0.838061 -0.491123   1.84435
        0         0         0         1

 0.213217 -0.442694  0.870954   1.79175
-0.950671 -0.299585 0.0804578   0.38745
 0.225306 -0.845146 -0.484732   1.83012
        0         0         0         1

  0.21367 -0.445345   0.86949   1.79773
-0.952997  -0.29073 0.0852821  0.376774
 0.214807 -0.846843 -0.486533   1.82417
        0         0         0         1

 0.213368 -0.448021  0.868188   1.80463
 -0.95563 -0.280438 0.0901405  0.365408
 0.203088   -0.8489 -0.487979   1.81609
        0         0         0         1

 0.212233 -0.451627  0.866597   1.80998
-0.957775 -0.272156 0.0927286  0.355952
 0.193971 -0.849685 -0.490317   1.80704
        0         0         0         1

  0.20996 -0.446297  0.869906   1.81355
-0.962327 -0.251544  0.103215  0.338333
 0.172755 -0.858805 -0.482297   1.79361
        0         0         0         1

 0.203587 -0.448695  0.870187   1.81794
-0.964697 -0.243601  0.100091  0.329952
 0.167068 -0.859844 -0.482449    1.7844
        0         0         0         1

 0.193782 -0.450098    0.8717   1.82198
-0.968298 -0.230517 0.0962303  0.318528
 0.157628 -0.862713 -0.480499   1.77611
        0         0         0         1

 0.185109 -0.452287  0.872451   1.82546
-0.970854 -0.221703 0.0910542  0.308915
 0.152243 -0.863877 -0.480144   1.76838
        0         0         0         1

 0.176824 -0.454403   0.87307   1.82885
-0.973528 -0.211279 0.0872056   0.29753
 0.144835 -0.865378 -0.479733   1.75971
        0         0         0         1

 0.172279 -0.457072  0.872585    1.8326
-0.975144 -0.204435 0.0854425  0.288243
 0.139333 -0.865616 -0.480931   1.75091
        0         0         0         1

  0.17063 -0.465247   0.86858   1.83877
-0.978062 -0.186882 0.0920355  0.266562
 0.119503 -0.865229 -0.486927   1.73165
        0         0         0         1

 0.170344 -0.469007  0.866611   1.84093
-0.978678  -0.18296 0.0933542  0.258228
 0.114772 -0.864036 -0.490173   1.72212
        0         0         0         1

 0.164993 -0.475472   0.86412   1.84422
-0.980886 -0.170732 0.0933448  0.247136
  0.10315 -0.863005 -0.494553   1.71102
        0         0         0         1

 0.154998 -0.484637  0.860873   1.84892
-0.983121 -0.161408 0.0861418   0.23699
0.0972044 -0.859695 -0.501474   1.70074
        0         0         0         1

 0.148518 -0.491019  0.858395   1.85208
-0.984505 -0.155252 0.0815293  0.225815
0.0932355 -0.857203 -0.506469   1.68691
        0         0         0         1

 0.142178 -0.488139  0.861107     1.854
-0.986076 -0.145653 0.0802451  0.215685
0.0862517 -0.860526 -0.502051   1.68086
        0         0         0         1

 0.130181 -0.499317  0.856584    1.8565
-0.988904 -0.127747 0.0758241   0.19556
 0.071566  -0.85695 -0.510407   1.65655
        0         0         0         1

 0.120468 -0.503751  0.855408   1.85928
-0.990663 -0.116409 0.0709625  0.186066
0.0638295 -0.855969 -0.513071   1.64717
        0         0         0         1

  0.106841  -0.506752   0.855446    1.86089
 -0.992904 -0.0995564  0.0650335   0.174093
 0.0522092  -0.856324  -0.513793    1.63666
         0          0          0          1

 0.0971212  -0.511599   0.853718    1.86284
 -0.994175 -0.0901405  0.0590824     0.1644
  0.046728  -0.854483  -0.517374    1.62676
         0          0          0          1

 0.0944268  -0.520645   0.848535    1.86669
 -0.995014 -0.0768381  0.0635809   0.141518
 0.0320968  -0.850309  -0.525305    1.60315
         0          0          0          1

 0.0938188  -0.530984   0.842173      1.869
 -0.995208 -0.0734191  0.0645769   0.131259
 0.0275423  -0.844196  -0.535327    1.59209
         0          0          0          1

 0.0930861  -0.543018   0.834546    1.87182
  -0.99541 -0.0694739  0.0658242   0.119079
 0.0222355  -0.836842  -0.546992    1.57958
         0          0          0          1

 0.0966582  -0.552932   0.827601    1.87144
 -0.995162 -0.0683822  0.0705411   0.111336
 0.0175888  -0.830415  -0.556867    1.56838
         0          0          0          1

 0.0987083  -0.565607   0.818746    1.87342
 -0.995034 -0.0667098   0.073877  0.0990419
 0.0128331  -0.821972  -0.569383    1.55419
         0          0          0          1

 0.0994479  -0.578346   0.809708    1.87519
 -0.995008 -0.0646155  0.0760538  0.0896639
0.00833435  -0.813229  -0.581884    1.54214
         0          0          0          1

   0.10901  -0.605008   0.788722    1.87599
 -0.993947 -0.0554396  0.0948483  0.0693613
-0.0136575  -0.794287  -0.607389    1.51708
         0          0          0          1

  0.108691  -0.613177   0.782432    1.87713
 -0.993814 -0.0489534   0.099691  0.0601857
-0.0228255  -0.788427  -0.614705    1.50631
         0          0          0          1

  0.113985  -0.616781   0.778838    1.87542
 -0.992959 -0.0452779   0.109465  0.0515578
 -0.032252  -0.785832  -0.617599    1.49407
         0          0          0          1

  0.113608  -0.618902   0.777209    1.87488
 -0.992815 -0.0411348   0.112368  0.0437828
-0.0375744   -0.78439  -0.619129    1.48454
         0          0          0          1

  0.106677  -0.625022   0.773283    1.87313
 -0.993371 -0.0334943   0.109966  0.0272534
-0.0428307  -0.779888  -0.624452    1.45957
         0          0          0          1

  0.102744  -0.627703   0.771643    1.87275
 -0.993609 -0.0283162   0.109264  0.0201524
-0.0467354  -0.777938  -0.626601    1.44996
         0          0          0          1

 0.0978282  -0.628316   0.771783    1.87088
 -0.993931 -0.0224818   0.107684  0.0122879
-0.0503085  -0.777634  -0.626702    1.43913
         0          0          0          1

 0.0921313  -0.630317   0.770852    1.86973
 -0.994429 -0.0184324   0.103781 0.00631718
-0.0512063  -0.776119  -0.628504    1.42997
         0          0          0          1

     0.0826   -0.634008    0.768902     1.86424
  -0.995335    -0.01388   0.0954797 -0.00311136
 -0.0498626   -0.773202   -0.632197     1.40939
          0           0           0           1

  0.0772534   -0.637496    0.766571     1.86343
  -0.995804  -0.0115125   0.0907811 -0.00832747
 -0.0490474   -0.770368   -0.635711     1.40027
          0           0           0           1

 0.0740536  -0.640637   0.764264     1.8614
 -0.996059 -0.0100052  0.0881266 -0.0129859
-0.0488105  -0.767778  -0.638853    1.39033
         0          0          0          1

  0.0722182   -0.644779     0.76095     1.86047
  -0.996208 -0.00951329   0.0864846  -0.0169503
 -0.0485243    -0.76431   -0.643021     1.38214
          0           0           0           1

   0.069269   -0.649332    0.757344     1.85967
  -0.996466 -0.00888227   0.0835244  -0.0222456
 -0.0475081   -0.760453   -0.647652     1.37117
          0           0           0           1

  0.0708362   -0.650084    0.756554      1.8589
   -0.99633 -0.00957564   0.0850584  -0.0255506
 -0.0480506   -0.759802   -0.648376     1.36412
          0           0           0           1

 0.0764638  -0.647201   0.758475    1.85717
 -0.995987 -0.0140908  0.0883844 -0.0325848
-0.0465149  -0.762189  -0.645681    1.34682
         0          0          0          1

 0.0802048  -0.645161   0.759826     1.8572
 -0.995646 -0.0155257  0.0919145 -0.0356711
-0.0475028  -0.763889  -0.643597    1.33948
         0          0          0          1

 0.0861118  -0.644151   0.760035    1.85734
 -0.994877 -0.0150463  0.0999671 -0.0393201
-0.0529583   -0.76475  -0.642147    1.33087
         0          0          0          1

 0.0898887  -0.643496   0.760153    1.85799
 -0.994422 -0.0157073   0.104294 -0.0422167
-0.0551731  -0.765288  -0.641319    1.32353
         0          0          0          1

  0.100091  -0.637504   0.763918    1.85791
 -0.993397 -0.0207536   0.112838  -0.047088
-0.0560808  -0.770167  -0.635372    1.30877
         0          0          0          1

  0.103847  -0.633518   0.766727    1.85823
 -0.993121 -0.0241177   0.114583   -0.04878
-0.0540985  -0.773352  -0.631665    1.30289
         0          0          0          1

  0.110961  -0.626183    0.77174    1.85838
 -0.992469 -0.0292694   0.118949 -0.0511558
-0.0518955  -0.779127  -0.624715    1.29702
         0          0          0          1

  0.114409  -0.622937    0.77386    1.85952
 -0.992225 -0.0332413   0.119933  -0.053623
-0.0489869  -0.781565  -0.621897    1.29105
         0          0          0          1

  0.118426  -0.620032   0.775587    1.86054
 -0.991918 -0.0380481   0.121041 -0.0558068
-0.0455395  -0.783653  -0.619527    1.28387
         0          0          0          1

  0.120198  -0.617792   0.777101    1.86197
 -0.991815 -0.0407557   0.121008 -0.0583235
-0.0430865  -0.785285  -0.617634    1.27934
         0          0          0          1

  0.124693  -0.615259   0.778401    1.86566
 -0.991387 -0.0455988   0.122769 -0.0642893
-0.0400407  -0.787005  -0.615646    1.26744
         0          0          0          1

  0.126535  -0.613615   0.779401    1.86679
 -0.991229 -0.0480174   0.123122 -0.0661942
-0.0381246  -0.788144  -0.614309    1.26277
         0          0          0          1

  0.128013   -0.61153   0.780797    1.86826
 -0.991162 -0.0512668    0.12235 -0.0688482
-0.0347916  -0.789558  -0.612688    1.25665
         0          0          0          1

  0.127754  -0.607884   0.783681    1.86972
 -0.991286 -0.0526729    0.12074 -0.0710579
 -0.032117  -0.792277  -0.609316    1.25234
         0          0          0          1

  0.128364  -0.602077   0.788052    1.87154
 -0.991276  -0.053934   0.120261 -0.0738499
-0.0299036  -0.796614  -0.603748     1.2477
         0          0          0          1

  0.126578  -0.598951   0.790718    1.87357
 -0.991556 -0.0537565   0.118009 -0.0762992
-0.0281756  -0.798979  -0.600698    1.24358
         0          0          0          1

  0.124244  -0.586894   0.800074    1.87704
 -0.991929  -0.052892   0.115238 -0.0810776
 -0.025315  -0.807934  -0.588728    1.23608
         0          0          0          1

  0.122669   -0.58344   0.802839    1.87941
 -0.992094 -0.0505067   0.114881 -0.0836274
-0.0264777  -0.810584  -0.585023    1.23282
         0          0          0          1

  0.121895  -0.580087   0.805382    1.88124
 -0.992135 -0.0479349   0.115634 -0.0859116
-0.0284718  -0.813143  -0.581367    1.22808
         0          0          0          1

   0.12189  -0.577833   0.807002    1.88278
 -0.992115 -0.0470446   0.116165 -0.0877136
-0.0291589  -0.814798  -0.579011    1.22458
         0          0          0          1

  0.118088  -0.563221   0.817825    1.88708
 -0.992417 -0.0386539   0.116677 -0.0928721
 -0.034103  -0.825402  -0.563515    1.21979
         0          0          0          1

  0.121798  -0.555197   0.822752    1.88702
 -0.991933 -0.0387405   0.120701 -0.0931559
-0.0351391  -0.830816  -0.555437    1.21797
         0          0          0          1

  0.119855  -0.542914   0.831191    1.88895
 -0.992227  -0.037284   0.118722 -0.0957769
-0.0334659   -0.83896  -0.543163     1.2161
         0          0          0          1

   0.11918  -0.532829   0.837788    1.88945
 -0.992391  -0.037646   0.117231 -0.0965484
-0.0309247  -0.845385  -0.533262    1.21484
         0          0          0          1

  0.120688  -0.521625   0.844596    1.88958
 -0.992284 -0.0390306   0.117686 -0.0967022
-0.0284229  -0.852282   -0.52231    1.21515
         0          0          0          1

  0.125382  -0.517719   0.846313    1.88963
  -0.99179 -0.0437914   0.120146 -0.0963821
-0.0251405  -0.854429  -0.518959    1.21496
         0          0          0          1

  0.142082  -0.517554   0.843772    1.88908
  -0.98961 -0.0553012   0.132719  -0.093871
-0.0220276  -0.853862  -0.520033    1.21605
         0          0          0          1

  0.149439  -0.516574   0.843101    1.88871
 -0.988531 -0.0592601   0.138907 -0.0928292
-0.0217936  -0.854189  -0.519506    1.21707
         0          0          0          1

  0.158474  -0.513162   0.843535    1.88851
 -0.987169 -0.0654048    0.14567 -0.0921125
-0.0195809  -0.855796  -0.516942    1.21849
         0          0          0          1

  0.167669  -0.508785   0.844408    1.88717
 -0.985709 -0.0723855   0.152111  -0.090077
-0.0162691  -0.857845  -0.513651     1.2201
         0          0          0          1

  0.194855  -0.491531    0.84878    1.88118
 -0.980832 -0.0971968   0.168883 -0.0826467
-0.000512798  -0.865419  -0.501049    1.22705
         0          0          0          1

  0.205338   -0.48256   0.851453    1.87696
 -0.978668   -0.10722    0.17525 -0.0780668
0.00672431  -0.869275  -0.494282    1.23136
         0          0          0          1

  0.219434  -0.468017   0.856043    1.87113
 -0.975463  -0.121352   0.183699 -0.0717317
 0.0179082  -0.875348  -0.483162    1.23763
         0          0          0          1

  0.230908  -0.454765   0.860157    1.86574
 -0.972572  -0.133354   0.190581 -0.0659848
 0.0280358  -0.880571  -0.473084    1.24242
         0          0          0          1

  0.243166  -0.435987   0.866479    1.85954
 -0.969059  -0.148215   0.197377 -0.0595435
 0.0423711  -0.887664  -0.458538     1.2491
         0          0          0          1

 0.255924 -0.419006   0.87117   1.85235
-0.965221  -0.16053  0.206344 -0.052231
 0.053389  -0.89368 -0.445517   1.25493
        0         0         0         1

 0.283645 -0.378665  0.880998   1.83464
-0.955591 -0.188211  0.226765 -0.035036
0.0799453 -0.906195 -0.415234   1.27064
        0         0         0         1

  0.296426  -0.364598   0.882723    1.82588
 -0.950695  -0.200864   0.236288 -0.0266565
 0.0911577  -0.909243  -0.406163    1.27674
         0          0          0          1

  0.311747   -0.34547   0.885135    1.81471
 -0.944482  -0.214407   0.248965 -0.0163844
  0.103769  -0.913608  -0.393131    1.28661
         0          0          0          1

   0.323446   -0.333552    0.885509     1.80515
  -0.939456    -0.22511    0.258357 -0.00799374
   0.113161   -0.915461   -0.386168     1.29381
          0           0           0           1

 0.351888 -0.307107  0.884228   1.77768
-0.926404 -0.249473  0.282026 0.0154855
 0.133979 -0.918394 -0.372292   1.31263
        0         0         0         1

 0.363757 -0.299024  0.882194   1.76531
-0.920764 -0.258758  0.291954  0.025776
 0.140973 -0.918493 -0.369455   1.32035
        0         0         0         1

 0.377318 -0.290211  0.879436   1.74915
-0.914046  -0.26932  0.303293 0.0385985
 0.148831 -0.918283 -0.366886   1.33015
        0         0         0         1

 0.387653 -0.284416  0.876831   1.73572
-0.908619 -0.278215  0.311462 0.0491265
 0.155363 -0.917444 -0.366277   1.33744
        0         0         0         1

  0.40249  -0.27387  0.873497   1.71632
-0.901029 -0.287079  0.325167 0.0639017
 0.161709 -0.917922 -0.362311    1.3484
        0         0         0         1

 0.410352 -0.269161    0.8713    1.7018
-0.896591  -0.29357  0.331574  0.074397
 0.166541 -0.917262 -0.361794   1.35539
        0         0         0         1

 0.425974 -0.251742  0.869006    1.6642
-0.887635 -0.302153  0.347575 0.0999699
 0.175074 -0.919418 -0.352164   1.37204
        0         0         0         1

 0.431159  -0.24341  0.868823   1.64749
-0.884824 -0.302538   0.35434  0.110895
 0.176602 -0.921533 -0.345817   1.37911
        0         0         0         1

 0.435255 -0.232803  0.869687    1.6259
-0.882151 -0.303298  0.360305  0.123767
 0.179894  -0.92402 -0.337379   1.38722
        0         0         0         1

 0.437991 -0.222896  0.870908   1.60775
-0.880686 -0.300829  0.365916  0.134316
 0.180433 -0.927264 -0.328062   1.39476
        0         0         0         1

 0.443053 -0.201478  0.873562   1.56129
-0.877589 -0.296533  0.376703  0.159552
 0.183142 -0.933528 -0.308194   1.40904
        0         0         0         1

 0.440183 -0.195399   0.87639   1.54277
-0.878957 -0.293239  0.376092  0.168849
 0.183504 -0.935858 -0.300826   1.41468
        0         0         0         1

 0.437064 -0.186482  0.879886    1.5182
-0.880476 -0.288483  0.376216  0.180846
 0.183675 -0.939149 -0.290279   1.42192
        0         0         0         1

 0.435615 -0.180971  0.881753   1.49778
-0.881366 -0.284742  0.376983  0.190393
 0.182849 -0.941367  -0.28354   1.42689
        0         0         0         1

 0.431141 -0.178273  0.884498   1.47337
-0.884238 -0.278558   0.37487   0.20126
 0.179555 -0.943729 -0.277734   1.43313
        0         0         0         1

 0.428126 -0.179002  0.885814   1.45368
-0.886418 -0.274052  0.373039  0.210058
 0.175984  -0.94491 -0.275999   1.43689
        0         0         0         1

 0.422794 -0.177873  0.888598   1.40436
-0.891229 -0.259261  0.372149  0.230033
 0.164184 -0.949286  -0.26814   1.44609
        0         0         0         1

 0.419585 -0.179829  0.889725   1.38454
-0.894282 -0.249906  0.371224  0.237792
  0.15559 -0.951424 -0.265675   1.45025
        0         0         0         1

 0.416392 -0.184807  0.890204   1.35892
-0.897763 -0.238289  0.370459  0.247622
 0.143663 -0.953449 -0.265135   1.45356
        0         0         0         1

 0.414078 -0.192094  0.889741   1.33885
-0.900703 -0.227609  0.370038  0.254863
 0.131431 -0.954617 -0.267268   1.45617
        0         0         0         1

 0.403988 -0.214931  0.889156   1.29226
-0.909683 -0.196701  0.365767  0.270686
0.0962832 -0.956615 -0.274985   1.46222
        0         0         0         1

 0.396631 -0.222702  0.890555   1.27386
-0.914392 -0.181509  0.361858  0.276458
0.0810577  -0.95784 -0.275629    1.4644
        0         0         0         1

 0.388685  -0.23105   0.89193   1.24976
-0.919121 -0.164844  0.357832  0.283655
0.0643524 -0.958876 -0.276435   1.46604
        0         0         0         1

 0.383597 -0.235278  0.893027   1.23006
-0.922172 -0.149427  0.356749  0.289281
0.0495075 -0.960373 -0.274287   1.46845
        0         0         0         1

 0.372579 -0.242736  0.895692   1.20765
-0.927269  -0.13569  0.348942  0.295854
 0.036836 -0.960556 -0.275637   1.46785
        0         0         0         1

 0.372579 -0.242736  0.895692   1.20765
-0.927269  -0.13569  0.348942  0.295854
 0.036836 -0.960556 -0.275637   1.46785
        0         0         0         1

  0.352548  -0.254319   0.900573    1.14835
 -0.935756 -0.0871123    0.34172   0.310196
-0.00845488  -0.963189  -0.268691     1.4739
         0          0          0          1

 0.344184 -0.256502  0.903186   1.13344
-0.938746 -0.076468  0.336018  0.313953
-0.0171246 -0.963514 -0.267109   1.47415
        0         0         0         1

 0.331351 -0.259727  0.907055   1.11649
-0.943111   -0.0633  0.326397  0.318532
-0.0273572 -0.963605 -0.265925   1.47398
        0         0         0         1

  0.326527  -0.262586   0.907981    1.10222
 -0.944352 -0.0502484   0.325075   0.321509
-0.0397356  -0.963599  -0.264381    1.47625
         0          0          0          1

  0.308931  -0.266004   0.913128    1.07278
 -0.949472 -0.0303781   0.312378   0.328749
-0.0553547  -0.963493  -0.261949    1.47653
         0          0          0          1

  0.303584  -0.262449   0.915946    1.06125
 -0.950846 -0.0218382   0.308894   0.331175
-0.0610665  -0.964699  -0.256178    1.47698
         0          0          0          1

   0.29542  -0.264456   0.918036     1.0481
 -0.952934 -0.0130316   0.302897   0.333986
-0.0681394   -0.96431  -0.255859    1.47679
         0          0          0          1

   0.292831   -0.267903    0.917866     1.03792
  -0.953414 -0.00905466    0.301529    0.336016
 -0.0724696   -0.963403   -0.258074     1.47584
          0           0           0           1

   0.288437   -0.271446    0.918216     1.02698
  -0.954126 -0.00106519    0.299402    0.338262
 -0.0802935   -0.962453   -0.259301     1.47664
          0           0           0           1

  0.283801  -0.274835   0.918653    1.01847
 -0.955195 0.00291211   0.295961   0.339837
-0.0840156  -0.961487  -0.261694    1.47536
         0          0          0          1

  0.27192 -0.276056  0.921875  0.999577
 -0.95811 0.0118517  0.286157   0.34314
-0.0899211 -0.961068 -0.261269    1.4724
        0         0         0         1

 0.266141 -0.275039  0.923863  0.993917
-0.959472 0.0165243  0.281318  0.344097
-0.0926395 -0.961291 -0.259494   1.47098
        0         0         0         1

 0.260277  -0.27344  0.926006  0.986529
-0.960505 0.0244279  0.277187  0.345591
-0.0984144 -0.961579 -0.256283   1.46983
        0         0         0         1

 0.254736 -0.272344  0.927868    0.9817
 -0.96192 0.0269615  0.271998  0.346699
-0.0990939 -0.961822 -0.255105   1.46618
        0         0         0         1

 0.239198 -0.265712  0.933907  0.972821
   -0.965 0.0414424  0.258953  0.348917
 -0.10751 -0.963161 -0.246499   1.46107
        0         0         0         1

 0.233165  -0.26344  0.936073  0.969747
-0.966062 0.0472918  0.253945  0.349665
-0.111168 -0.963516 -0.243472    1.4587
        0         0         0         1

 0.227571 -0.261019  0.938126  0.966006
-0.966905 0.0535531  0.249452  0.350649
-0.115351 -0.963847 -0.240193   1.45562
        0         0         0         1

 0.224484 -0.260565  0.938996  0.963491
-0.966904 0.0603425  0.247901  0.351217
-0.121256 -0.963569 -0.238395   1.45465
        0         0         0         1

 0.220972 -0.263396  0.939039  0.960668
 -0.96703 0.0658018  0.246016    0.3519
 -0.12659 -0.962441 -0.240171   1.45141
        0         0         0         1

 0.216416 -0.266828  0.939131  0.961256
-0.967641 0.0692192  0.242652  0.352643
-0.129752 -0.961255 -0.243213   1.44853
        0         0         0         1

 0.213454 -0.280505  0.935818  0.959966
-0.967307 0.0735934  0.242695  0.354147
-0.136947 -0.957027 -0.255625   1.44124
        0         0         0         1

 0.210495 -0.287281  0.934431  0.961331
-0.967362 0.0767271  0.241502   0.35488
-0.141075 -0.954768 -0.261754   1.43879
        0         0         0         1

 0.209652 -0.294526  0.932363  0.961688
-0.966909  0.079323  0.242478  0.355789
-0.145374 -0.952346  -0.26815   1.43526
        0         0         0         1

 0.208368   -0.3026  0.930062  0.962447
-0.966391 0.0826986  0.243413  0.356476
-0.150572 -0.949523 -0.275198   1.43208
        0         0         0         1

  0.20828 -0.309957  0.927656  0.963658
-0.964764 0.0908062  0.246953  0.358511
-0.160782 -0.946404 -0.280122   1.42369
        0         0         0         1

 0.204367 -0.309324  0.928737  0.964274
-0.965464 0.0929324    0.2434  0.359437
-0.161599 -0.946405 -0.279648    1.4211
        0         0         0         1

 0.197977 -0.315775   0.92795  0.964852
-0.966854 0.0928164  0.237862  0.360854
 -0.16124 -0.944283 -0.286933   1.41968
        0         0         0         1

 0.192875 -0.321475  0.927067  0.965035
-0.967779 0.0935411  0.233782  0.361712
-0.161874 -0.942286 -0.293075   1.41995
        0         0         0         1

 0.188359 -0.327172  0.926002  0.964185
-0.968761 0.0929776  0.229907  0.362706
-0.161317  -0.94038 -0.299438   1.41881
        0         0         0         1

 0.182605 -0.330307  0.926042  0.964514
-0.969533 0.0959252  0.225396    0.3633
 -0.16328 -0.938987 -0.302727   1.41903
        0         0         0         1

 0.170539 -0.333963   0.92703  0.963575
-0.971053   0.10273  0.215646  0.364883
-0.167251 -0.936971 -0.306776   1.41778
        0         0         0         1

 0.161813 -0.333352  0.928813  0.964841
-0.972611  0.105284  0.207229  0.365342
 -0.16687 -0.936905 -0.307186   1.41628
        0         0         0         1

  0.15661 -0.331916  0.930218  0.964416
-0.972852   0.11064  0.203266  0.366086
-0.170386 -0.936798 -0.305578   1.41543
        0         0         0         1

 0.151747 -0.331143  0.931299  0.964062
-0.972953  0.115984  0.199775  0.366494
 -0.17417 -0.936425 -0.304586   1.41539
        0         0         0         1

 0.144406 -0.330668  0.932634  0.964009
-0.973105  0.123501   0.19446  0.366948
-0.179483 -0.935632  -0.30394   1.41518
        0         0         0         1

 0.139981 -0.329958  0.933559  0.963395
-0.973074  0.128526  0.191332  0.367427
-0.183118 -0.935205 -0.303083   1.41433
        0         0         0         1

 0.133215 -0.330722  0.934279  0.960643
 -0.97232   0.13897  0.187833  0.368737
-0.191958  -0.93344 -0.303055   1.41128
        0         0         0         1

 0.129744 -0.332636  0.934088  0.960033
-0.971757   0.14462  0.186477  0.369165
-0.197117   -0.9319 -0.304478   1.41103
        0         0         0         1

 0.122208 -0.336831    0.9336  0.961026
-0.972047  0.149381  0.181135  0.370051
-0.200474  -0.92964  -0.30916   1.40914
        0         0         0         1

 0.121079 -0.342584  0.931652  0.960174
-0.970658  0.155577  0.183356  0.370427
-0.207759 -0.926516 -0.313695   1.40959
        0         0         0         1

 0.114109 -0.348202  0.930448  0.960785
 -0.96785  0.172352  0.183195  0.371836
-0.224153 -0.921439 -0.317341   1.40981
        0         0         0         1

 0.114385 -0.352074  0.928956  0.960148
-0.967076  0.174518  0.185221  0.372345
-0.227331 -0.919558  -0.32052   1.40894
        0         0         0         1

 0.111182 -0.359138  0.926638  0.960273
-0.966561   0.17773  0.184856  0.373411
 -0.23108 -0.916205 -0.327369   1.40794
        0         0         0         1

  0.10565 -0.363837  0.925452  0.961499
-0.965881  0.183752  0.182507  0.374066
-0.236456 -0.913158 -0.332009   1.40847
        0         0         0         1

0.0976157 -0.373427  0.922509  0.962259
-0.963868   0.19537  0.181077  0.376324
 -0.24785 -0.906853 -0.340863   1.41013
        0         0         0         1

0.0915344 -0.375563  0.922266  0.963219
-0.963742  0.199705  0.176974  0.378005
-0.250646 -0.905025 -0.343666    1.4104
        0         0         0         1

0.0825852 -0.377648  0.922259  0.964407
-0.963049  0.207806  0.171331  0.380439
-0.256354 -0.902329 -0.346532   1.41186
        0         0         0         1

0.0770946 -0.381444  0.921171  0.964637
-0.962837  0.211384  0.168113   0.38259
-0.258846 -0.899899 -0.350972   1.41246
        0         0         0         1

0.0683943 -0.386678  0.919675  0.964752
-0.961006  0.222039  0.164824  0.385166
-0.267938 -0.895086 -0.356413   1.41623
        0         0         0         1

0.0641894 -0.388561  0.919185   0.96494
-0.959364  0.229585  0.164046  0.387306
-0.274773 -0.892363 -0.358034   1.41848
        0         0         0         1

0.0624507 -0.390404  0.918523  0.964938
-0.953094  0.249769  0.170962  0.393473
-0.296163 -0.886115 -0.356494   1.42602
        0         0         0         1

0.0623052 -0.390774  0.918376  0.965775
-0.950215  0.258249  0.174352   0.39619
-0.305302 -0.883518 -0.355229   1.42873
        0         0         0         1

 0.059544 -0.389412  0.919137  0.967203
-0.946439  0.270699     0.176  0.400073
-0.317346 -0.880386 -0.352436   1.43312
        0         0         0         1

0.0615987 -0.387907  0.919638  0.965247
-0.944879  0.274195  0.178946  0.404024
-0.321574 -0.879969 -0.349635   1.43513
        0         0         0         1

 0.054203  -0.38213  0.922517  0.966052
-0.941743  0.287558  0.174446  0.413579
-0.331938  -0.87823 -0.344282    1.4455
        0         0         0         1

0.0504976 -0.378798  0.924101  0.966736
-0.941701  0.290119  0.170382  0.418333
-0.332639 -0.878831 -0.342064   1.45141
        0         0         0         1

0.0511403 -0.373413  0.926255   0.96347
-0.943583  0.285765  0.167301  0.424682
-0.327163 -0.882554 -0.337732   1.45709
        0         0         0         1

0.0477647 -0.369743  0.927905  0.963867
-0.945739  0.282166  0.161118  0.429928
-0.321396 -0.885253 -0.336203   1.46407
        0         0         0         1

0.0483645 -0.365009  0.929747  0.961738
-0.948724  0.274333  0.157052  0.437021
-0.312385 -0.889669 -0.333024   1.47391
        0         0         0         1

0.0462002 -0.361692  0.931152  0.962906
-0.951014  0.269315  0.151797   0.44274
-0.305677 -0.892551 -0.331532   1.48271
        0         0         0         1

0.0445864 -0.354458  0.934008  0.964701
-0.958348  0.248834  0.140181  0.458577
-0.282101 -0.901355   -0.3286   1.50354
        0         0         0         1

0.0453928 -0.350501  0.935462   0.96541
-0.962777  0.234425  0.134553   0.46609
-0.266457 -0.906749 -0.326813   1.51226
        0         0         0         1

0.0420569 -0.345757  0.937381  0.969053
-0.968415  0.216683  0.123373  0.475823
-0.245771 -0.912963 -0.325723   1.52577
        0         0         0         1

0.0449323 -0.340177  0.939287   0.96796
-0.972657   0.19956  0.118802  0.484294
-0.227858 -0.918943 -0.321909   1.53523
        0         0         0         1

0.0458742 -0.321005  0.945966  0.970062
-0.980496  0.166698  0.104116  0.505033
-0.191112 -0.932292 -0.307097   1.56595
        0         0         0         1

0.0451941 -0.310012  0.949658  0.970811
-0.983678  0.151933 0.0964109   0.51477
-0.174173 -0.938514 -0.298086   1.57811
        0         0         0         1

 0.045016  -0.29771  0.953595   0.97151
-0.987565  0.130667 0.0874135  0.527871
-0.150627 -0.945672 -0.288126    1.5927
        0         0         0         1

0.0475682 -0.288877  0.956184  0.970484
-0.989968  0.113871 0.0836511  0.538317
-0.133047  -0.95057 -0.280562    1.6051
        0         0         0         1

0.0424549 -0.278614  0.959464  0.972795
-0.993559 0.0892153 0.0698703  0.553081
-0.105066  -0.95625 -0.273032   1.61834
        0         0         0         1

0.0352976 -0.277275  0.960142  0.976704
-0.995704 0.0725321 0.0575511  0.564767
-0.0855986 -0.958049 -0.273523   1.63119
        0         0         0         1

0.0197997  -0.27383  0.961574  0.977805
-0.999206 0.0278484  0.028505   0.59442
-0.0345838 -0.961375 -0.273061    1.6612
        0         0         0         1

0.0161257  -0.27382  0.961646  0.973916
-0.999683  0.014187 0.0208032  0.606278
-0.0193392 -0.961676 -0.273505   1.67845
        0         0         0         1

  0.00176343    -0.274907     0.961469     0.973037
   -0.999977  -0.00674015 -9.31081e-05     0.623294
  0.00650604    -0.961447    -0.274913      1.69729
           0            0            0            1

-0.0117751  -0.274288   0.961575   0.973412
 -0.999461 -0.0262273 -0.0197203   0.637215
 0.0306286   -0.96129  -0.273832     1.7107
         0          0          0          1

-0.0635902  -0.267174   0.961548   0.980363
 -0.992017 -0.0882146 -0.0901164   0.673763
  0.108899  -0.959602  -0.259431    1.73647
         0          0          0          1

-0.0851767 -0.260198  0.961791   0.98303
-0.985981 -0.116993  -0.11897  0.688134
 0.143479 -0.958441 -0.246585   1.75174
        0         0         0         1

-0.110522  -0.23813  0.964924  0.979018
-0.974113 -0.166686  -0.15271  0.708721
 0.197205 -0.956823 -0.213543   1.76225
        0         0         0         1

-0.129238 -0.223522  0.966093  0.977187
-0.962823 -0.204774 -0.176178  0.725074
 0.237211 -0.952946 -0.188748   1.77342
        0         0         0         1

-0.157285    -0.209  0.965184  0.982465
-0.944331  -0.25415  -0.20892  0.745931
 0.288966 -0.944313 -0.157391   1.78385
        0         0         0         1

-0.170508 -0.203046  0.964209  0.984995
-0.928456 -0.294606 -0.226224  0.763554
 0.329995 -0.933799 -0.138286   1.78773
        0         0         0         1

-0.175746 -0.223517  0.958725   1.00879
 -0.89114 -0.377703 -0.251415   0.80352
 0.418309 -0.898544 -0.132805   1.80565
        0         0         0         1

-0.143843  -0.24772  0.958094   1.02324
-0.881723 -0.407488 -0.237735  0.820046
 0.449304  -0.87897 -0.159806   1.81218
        0         0         0         1

-0.0892357 -0.270892  0.958465   1.03278
-0.878878  -0.43135 -0.203739  0.838674
 0.468625 -0.860555 -0.199589   1.82494
        0         0         0         1

-0.0545489 -0.290791   0.95523    1.0404
-0.877891 -0.441833 -0.184635  0.854566
 0.475743  -0.84866 -0.231182   1.83557
        0         0         0         1

-0.0233182 -0.313297  0.949369   1.04856
-0.878777 -0.446352 -0.168883  0.874237
 0.476663 -0.838221  -0.26491   1.85346
        0         0         0         1

-0.00765248 -0.328945  0.944318   1.05265
-0.877425 -0.450762 -0.164129  0.891197
 0.479652 -0.829825 -0.285175   1.86151
        0         0         0         1

0.0166405 -0.360102  0.932764   1.06593
-0.869406 -0.465954 -0.164376  0.931281
 0.493818 -0.808216 -0.320829   1.87897
        0         0         0         1

0.0178229 -0.380125  0.924763   1.09046
 -0.86473 -0.470166 -0.176596  0.947715
 0.501921 -0.796523 -0.337085   1.88689
        0         0         0         1

0.0212293  -0.39686  0.917634   1.10685
-0.856495 -0.480673 -0.188067   0.96825
 0.515718 -0.781956 -0.350113   1.89513
        0         0         0         1

0.0183972 -0.402067  0.915426   1.11346
-0.850423 -0.487765 -0.197142  0.985901
 0.525777 -0.774873   -0.3509   1.90391
        0         0         0         1

0.00594829 -0.428668  0.903443   1.13032
-0.822606 -0.515796  -0.23932   1.03336
 0.568581 -0.741753 -0.355692    1.8936
        0         0         0         1

0.00688377 -0.437996  0.898951   1.12746
-0.812907 -0.525982  -0.25005   1.05325
 0.582353 -0.729042 -0.359671   1.89426
        0         0         0         1

0.00922414 -0.464518  0.885516   1.13875
-0.805894 -0.527712 -0.268429    1.0749
 0.591988 -0.711156  -0.37922   1.89811
        0         0         0         1

0.0119459 -0.477092  0.878772   1.13956
-0.807333  -0.52313 -0.273037   1.08954
 0.589976   -0.7062 -0.391421   1.90844
        0         0         0         1

0.0191849 -0.506224  0.862189   1.14913
-0.800161 -0.524827 -0.290342   1.11651
 0.599478  -0.68432  -0.41513   1.90502
        0         0         0         1

0.0145246  -0.53536  0.844499    1.1718
-0.799044 -0.513948 -0.312068   1.13091
 0.601097  -0.67026 -0.435241   1.90736
        0         0         0         1

0.0223894 -0.577489  0.816092   1.17932
-0.804893 -0.494595 -0.327907   1.16533
 0.592997 -0.649525  -0.47589   1.92833
        0         0         0         1

0.0177822 -0.597153  0.801931   1.18442
-0.805414 -0.483806 -0.342404   1.18039
