 -0.460158   0.887771 -0.0107856  0.0996131
 -0.548205  -0.274553   0.789994   0.857645
  0.698373   0.369435   0.613019    2.61728
         0          0          0          1

 -0.460158   0.887771 -0.0107856  0.0996131
 -0.548205  -0.274553   0.789994   0.857645
  0.698373   0.369435   0.613019    2.61728
         0          0          0          1

 -0.458445    0.88781 -0.0402722  0.0910957
 -0.551416  -0.248616   0.796323   0.834819
  0.696971   0.387277   0.603529    2.58516
         0          0          0          1

 -0.458445    0.88781 -0.0402722  0.0910957
 -0.551416  -0.248616   0.796323   0.834819
  0.696971   0.387277   0.603529    2.58516
         0          0          0          1

-0.451219   0.88655 -0.102131 0.0474996
-0.595766 -0.214043  0.774111  0.766328
 0.664428   0.41014  0.624757   2.58574
        0         0         0         1

-0.451219   0.88655 -0.102131 0.0474996
-0.595766 -0.214043  0.774111  0.766328
 0.664428   0.41014  0.624757   2.58574
        0         0         0         1

 -0.436882   0.880802  -0.182543 -0.0117254
 -0.638065  -0.160408   0.753089   0.687385
   0.63404   0.445485   0.632088    2.55494
         0          0          0          1

 -0.436882   0.880802  -0.182543 -0.0117254
 -0.638065  -0.160408   0.753089   0.687385
   0.63404   0.445485   0.632088    2.55494
         0          0          0          1

 -0.436074   0.872479  -0.220498 -0.0366634
 -0.666219  -0.148274   0.730867   0.638766
  0.604972   0.465612   0.645921    2.52918
         0          0          0          1

 -0.436074   0.872479  -0.220498 -0.0366634
 -0.666219  -0.148274   0.730867   0.638766
  0.604972   0.465612   0.645921    2.52918
         0          0          0          1

 -0.435182   0.863645  -0.254428 -0.0579455
 -0.690902  -0.139141   0.709432   0.593473
  0.577296   0.484518   0.657246    2.48721
         0          0          0          1

 -0.435182   0.863645  -0.254428 -0.0579455
 -0.690902  -0.139141   0.709432   0.593473
  0.577296   0.484518   0.657246    2.48721
         0          0          0          1

 -0.426528   0.853943  -0.298087 -0.0916399
 -0.723791  -0.124614   0.678673   0.541783
  0.542403   0.505226   0.671228    2.45569
         0          0          0          1

 -0.426528   0.853943  -0.298087 -0.0916399
 -0.723791  -0.124614   0.678673   0.541783
  0.542403   0.505226   0.671228    2.45569
         0          0          0          1

-0.419474  0.848483 -0.322674  -0.10704
-0.751553 -0.125247  0.647674  0.492232
 0.509126  0.514189  0.690218   2.43354
        0         0         0         1

-0.419474  0.848483 -0.322674  -0.10704
-0.751553 -0.125247  0.647674  0.492232
 0.509126  0.514189  0.690218   2.43354
        0         0         0         1

-0.408042   0.83502 -0.369112 -0.147259
-0.792086 -0.122748   0.59794  0.420039
 0.453984  0.536353  0.711494   2.38098
        0         0         0         1

-0.408042   0.83502 -0.369112 -0.147259
-0.792086 -0.122748   0.59794  0.420039
 0.453984  0.536353  0.711494   2.38098
        0         0         0         1

-0.411077  0.831015 -0.374739 -0.152314
-0.804014 -0.136776  0.578666  0.396096
 0.429625  0.539172  0.724373   2.34657
        0         0         0         1

-0.411077  0.831015 -0.374739 -0.152314
-0.804014 -0.136776  0.578666  0.396096
 0.429625  0.539172  0.724373   2.34657
        0         0         0         1

-0.404338  0.812981 -0.419015  -0.19105
-0.833429 -0.138813  0.534908  0.337613
 0.376706  0.565503  0.733689   2.28162
        0         0         0         1

-0.404338  0.812981 -0.419015  -0.19105
-0.833429 -0.138813  0.534908  0.337613
 0.376706  0.565503  0.733689   2.28162
        0         0         0         1

-0.398674  0.802661 -0.443614 -0.211323
-0.852919 -0.146749  0.500992  0.300164
 0.337027    0.5781  0.743111   2.23305
        0         0         0         1

-0.398674  0.802661 -0.443614 -0.211323
-0.852919 -0.146749  0.500992  0.300164
 0.337027    0.5781  0.743111   2.23305
        0         0         0         1

-0.407847  0.790148 -0.457523 -0.218236
-0.860055 -0.164229  0.483047  0.283765
  0.30654  0.590504  0.746551   2.18344
        0         0         0         1

-0.407847  0.790148 -0.457523 -0.218236
-0.860055 -0.164229  0.483047  0.283765
  0.30654  0.590504  0.746551   2.18344
        0         0         0         1

-0.420561  0.768792 -0.481755  -0.23443
-0.869883 -0.190837  0.454846  0.256135
 0.257745  0.610361  0.749017    2.1081
        0         0         0         1

-0.420561  0.768792 -0.481755  -0.23443
-0.869883 -0.190837  0.454846  0.256135
 0.257745  0.610361  0.749017    2.1081
        0         0         0         1

-0.424405  0.759174 -0.493492  -0.24041
-0.878863 -0.214221  0.426274  0.236571
   0.2179  0.614625  0.758126   2.06637
        0         0         0         1

-0.424405  0.759174 -0.493492  -0.24041
-0.878863 -0.214221  0.426274  0.236571
   0.2179  0.614625  0.758126   2.06637
        0         0         0         1

-0.431092  0.739858 -0.516497 -0.248579
-0.887323 -0.243719  0.391483  0.216746
 0.163762  0.627065  0.761559   1.99151
        0         0         0         1

-0.431092  0.739858 -0.516497 -0.248579
-0.887323 -0.243719  0.391483  0.216746
 0.163762  0.627065  0.761559   1.99151
        0         0         0         1

-0.420549  0.731434  -0.53679  -0.26097
 -0.89904 -0.256459  0.354902  0.192437
 0.121923  0.631849  0.765442   1.94408
        0         0         0         1

-0.420549  0.731434  -0.53679  -0.26097
 -0.89904 -0.256459  0.354902  0.192437
 0.121923  0.631849  0.765442   1.94408
        0         0         0         1

-0.421313  0.720652 -0.550596  -0.26844
-0.902651 -0.274408  0.331544   0.17893
0.0878398   0.63668  0.766109     1.894
        0         0         0         1

-0.421313  0.720652 -0.550596  -0.26844
-0.902651 -0.274408  0.331544   0.17893
0.0878398   0.63668  0.766109     1.894
        0         0         0         1

-0.421805  0.712257 -0.561044 -0.274569
-0.905925 -0.305716  0.292982  0.162875
0.0371584  0.631845  0.774203   1.82318
        0         0         0         1

-0.421805  0.712257 -0.561044 -0.274569
-0.905925 -0.305716  0.292982  0.162875
0.0371584  0.631845  0.774203   1.82318
        0         0         0         1

-0.433501  0.706423 -0.559504 -0.270372
-0.901071 -0.331425  0.279692  0.168069
0.0121471  0.625399   0.78021   1.77703
        0         0         0         1

-0.433501  0.706423 -0.559504 -0.270372
-0.901071 -0.331425  0.279692  0.168069
0.0121471  0.625399   0.78021   1.77703
        0         0         0         1

-0.432024  0.703815 -0.563915 -0.275432
-0.901009 -0.364024  0.235944   0.15616
-0.0392175  0.610026  0.791411   1.71849
        0         0         0         1

-0.432024  0.703815 -0.563915 -0.275432
-0.901009 -0.364024  0.235944   0.15616
-0.0392175  0.610026  0.791411   1.71849
        0         0         0         1

-0.441556  0.704786 -0.555252 -0.281182
-0.895343 -0.386275  0.221706  0.153928
-0.0582246  0.595036  0.801587   1.67045
        0         0         0         1

-0.441556  0.704786 -0.555252 -0.281182
-0.895343 -0.386275  0.221706  0.153928
-0.0582246  0.595036  0.801587   1.67045
        0         0         0         1

-0.439891  0.691194 -0.573365 -0.279273
-0.890381 -0.418943   0.17807  0.153927
-0.117126  0.588844  0.799715    1.6249
        0         0         0         1

-0.439891  0.691194 -0.573365 -0.279273
-0.890381 -0.418943   0.17807  0.153927
-0.117126  0.588844  0.799715    1.6249
        0         0         0         1

-0.415382   0.67306 -0.611922 -0.271684
-0.888459 -0.444535   0.11415  0.154366
 -0.19519  0.591083  0.782638   1.55281
        0         0         0         1

-0.415382   0.67306 -0.611922 -0.271684
-0.888459 -0.444535   0.11415  0.154366
 -0.19519  0.591083  0.782638   1.55281
        0         0         0         1

-0.403496  0.666103 -0.627294 -0.268068
-0.883552 -0.461798 0.0779607  0.154818
-0.237753  0.585704  0.774871   1.51112
        0         0         0         1

-0.403496  0.666103 -0.627294 -0.268068
-0.883552 -0.461798 0.0779607  0.154818
-0.237753  0.585704  0.774871   1.51112
        0         0         0         1

-0.400512  0.670289 -0.624742 -0.263678
-0.877153 -0.477611 0.0498979  0.158427
-0.264938  0.567979  0.779235    1.4809
        0         0         0         1

-0.400512  0.670289 -0.624742 -0.263678
-0.877153 -0.477611 0.0498979  0.158427
-0.264938  0.567979  0.779235    1.4809
        0         0         0         1

-0.402007  0.665986 -0.628373 -0.258402
-0.865154 -0.501001 0.0225001  0.164543
-0.299831  0.552685  0.777587   1.43267
        0         0         0         1

-0.402007  0.665986 -0.628373 -0.258402
-0.865154 -0.501001 0.0225001  0.164543
-0.299831  0.552685  0.777587   1.43267
        0         0         0         1

 -0.402783   0.655626  -0.638686  -0.249157
 -0.852946  -0.521995 0.00206512   0.173578
 -0.332037   0.545597   0.769464    1.40631
         0          0          0          1

 -0.402783   0.655626  -0.638686  -0.249157
 -0.852946  -0.521995 0.00206512   0.173578
 -0.332037   0.545597   0.769464    1.40631
         0          0          0          1

 -0.392551   0.641846  -0.658739   -0.24257
 -0.841868  -0.539165 -0.0236589   0.175579
 -0.370355   0.545284   0.751999    1.36944
         0          0          0          1

 -0.392551   0.641846  -0.658739   -0.24257
 -0.841868  -0.539165 -0.0236589   0.175579
 -0.370355   0.545284   0.751999    1.36944
         0          0          0          1

 -0.394293   0.627517  -0.671384  -0.232037
 -0.831146    -0.5552 -0.0308061   0.183738
 -0.392084   0.545871   0.740469    1.34935
         0          0          0          1

 -0.394293   0.627517  -0.671384  -0.232037
 -0.831146    -0.5552 -0.0308061   0.183738
 -0.392084   0.545871   0.740469    1.34935
         0          0          0          1

-0.379666  0.624682 -0.682368 -0.230183
-0.829361 -0.556636 -0.048127  0.180279
-0.409894  0.547657  0.729423   1.33104
        0         0         0         1

-0.379666  0.624682 -0.682368 -0.230183
-0.829361 -0.556636 -0.048127  0.180279
-0.409894  0.547657  0.729423   1.33104
        0         0         0         1

 -0.376996   0.618626   -0.68933  -0.216016
 -0.824009  -0.563864 -0.0553767   0.187431
 -0.422946   0.547138   0.722328    1.30731
         0          0          0          1

 -0.376996   0.618626   -0.68933  -0.216016
 -0.824009  -0.563864 -0.0553767   0.187431
 -0.422946   0.547138   0.722328    1.30731
         0          0          0          1

 -0.369885   0.629205  -0.683583  -0.210847
 -0.825127  -0.560646 -0.0695739   0.187282
 -0.427025   0.538309   0.726549    1.29556
         0          0          0          1

 -0.369885   0.629205  -0.683583  -0.210847
 -0.825127  -0.560646 -0.0695739   0.187282
 -0.427025   0.538309   0.726549    1.29556
         0          0          0          1

 -0.357565   0.637439  -0.682509  -0.198368
  -0.82613  -0.556702 -0.0871321   0.191481
 -0.435496   0.532686   0.725665     1.2807
         0          0          0          1

 -0.357565   0.637439  -0.682509  -0.198368
  -0.82613  -0.556702 -0.0871321   0.191481
 -0.435496   0.532686   0.725665     1.2807
         0          0          0          1

 -0.348373   0.639159  -0.685647  -0.192946
 -0.828137  -0.552537 -0.0943025   0.191079
  -0.43912   0.534957     0.7218    1.27749
         0          0          0          1

 -0.348373   0.639159  -0.685647  -0.192946
 -0.828137  -0.552537 -0.0943025   0.191079
  -0.43912   0.534957     0.7218    1.27749
         0          0          0          1

 -0.335462   0.628353  -0.701882  -0.189819
 -0.830292  -0.549201 -0.0948323   0.185371
 -0.445062   0.550954   0.705953    1.27163
         0          0          0          1

 -0.335462   0.628353  -0.701882  -0.189819
 -0.830292  -0.549201 -0.0948323   0.185371
 -0.445062   0.550954   0.705953    1.27163
         0          0          0          1

 -0.331128   0.600085  -0.728184  -0.186371
 -0.830767  -0.551329 -0.0765663   0.182786
 -0.447415   0.579598   0.681092     1.2689
         0          0          0          1

 -0.331128   0.600085  -0.728184  -0.186371
 -0.830767  -0.551329 -0.0765663   0.182786
 -0.447415   0.579598   0.681092     1.2689
         0          0          0          1

 -0.332905   0.583879  -0.740445  -0.186439
 -0.828106  -0.556602 -0.0665917   0.181161
 -0.451015   0.590998    0.66881    1.27021
         0          0          0          1

 -0.332905   0.583879  -0.740445  -0.186439
 -0.828106  -0.556602 -0.0665917   0.181161
 -0.451015   0.590998    0.66881    1.27021
         0          0          0          1

 -0.335299   0.573919  -0.747122  -0.186629
 -0.829028  -0.556456 -0.0553963   0.179296
 -0.447534   0.600811   0.662374    1.27117
         0          0          0          1

 -0.335299   0.573919  -0.747122  -0.186629
 -0.829028  -0.556456 -0.0553963   0.179296
 -0.447534   0.600811   0.662374    1.27117
         0          0          0          1

 -0.330021   0.572389  -0.750637  -0.187849
 -0.831013  -0.553366 -0.0566036   0.176341
 -0.447776   0.605109   0.658285    1.27049
         0          0          0          1

 -0.330021   0.572389  -0.750637  -0.187849
 -0.831013  -0.553366 -0.0566036   0.176341
 -0.447776   0.605109   0.658285    1.27049
         0          0          0          1

 -0.329858   0.566678   -0.75503  -0.187857
 -0.829938  -0.555223 -0.0541321   0.177512
 -0.449886   0.608772   0.653452    1.26958
         0          0          0          1

 -0.329858   0.566678   -0.75503  -0.187857
 -0.829938  -0.555223 -0.0541321   0.177512
 -0.449886   0.608772   0.653452    1.26958
         0          0          0          1

 -0.329845   0.566275  -0.755338  -0.189095
 -0.830869  -0.553987 -0.0524941     0.1777
 -0.448173   0.610272    0.65323    1.27194
         0          0          0          1

 -0.329845   0.566275  -0.755338  -0.189095
 -0.830869  -0.553987 -0.0524941     0.1777
 -0.448173   0.610272    0.65323    1.27194
         0          0          0          1

 -0.319374   0.573264  -0.754565  -0.192271
 -0.835774  -0.545694 -0.0608322   0.172441
 -0.446634   0.611217     0.6534    1.27477
         0          0          0          1

 -0.319374   0.573264  -0.754565  -0.192271
 -0.835774  -0.545694 -0.0608322   0.172441
 -0.446634   0.611217     0.6534    1.27477
         0          0          0          1

 -0.309559   0.571161  -0.760229  -0.194439
 -0.843187  -0.534461 -0.0582021   0.166241
 -0.439555   0.622998   0.647042    1.27682
         0          0          0          1

 -0.309559   0.571161  -0.760229  -0.194439
 -0.843187  -0.534461 -0.0582021   0.166241
 -0.439555   0.622998   0.647042    1.27682
         0          0          0          1

 -0.298417   0.571504  -0.764415  -0.195205
 -0.849881  -0.523585 -0.0596694   0.158474
 -0.434337   0.631856   0.641957     1.2848
         0          0          0          1

 -0.298417   0.571504  -0.764415  -0.195205
 -0.849881  -0.523585 -0.0596694   0.158474
 -0.434337   0.631856   0.641957     1.2848
         0          0          0          1

 -0.278051   0.580384  -0.765404  -0.198927
 -0.864118  -0.499131 -0.0645652   0.139248
 -0.419509   0.643447   0.640304     1.3007
         0          0          0          1

 -0.278051   0.580384  -0.765404  -0.198927
 -0.864118  -0.499131 -0.0645652   0.139248
 -0.419509   0.643447   0.640304     1.3007
         0          0          0          1

 -0.267596    0.58466  -0.765875  -0.200324
 -0.874452  -0.481162 -0.0617805   0.127856
 -0.404631   0.653189   0.640014    1.31019
         0          0          0          1

 -0.267596    0.58466  -0.765875  -0.200324
 -0.874452  -0.481162 -0.0617805   0.127856
 -0.404631   0.653189   0.640014    1.31019
         0          0          0          1

 -0.251522   0.593373  -0.764621  -0.204919
 -0.885087  -0.460673 -0.0663492   0.109069
  -0.39161   0.660068   0.641055    1.32056
         0          0          0          1

 -0.251522   0.593373  -0.764621  -0.204919
 -0.885087  -0.460673 -0.0663492   0.109069
  -0.39161   0.660068   0.641055    1.32056
         0          0          0          1

 -0.243773   0.599672  -0.762213  -0.202911
 -0.898264  -0.435916 -0.0556725  0.0914906
 -0.365646   0.671097   0.644928    1.33778
         0          0          0          1

 -0.243773   0.599672  -0.762213  -0.202911
 -0.898264  -0.435916 -0.0556725  0.0914906
 -0.365646   0.671097   0.644928    1.33778
         0          0          0          1

 -0.239288   0.609223  -0.756035  -0.202369
 -0.907341    -0.4175 -0.0492498  0.0737965
 -0.345649   0.674197   0.652676    1.35599
         0          0          0          1

 -0.239288   0.609223  -0.756035  -0.202369
 -0.907341    -0.4175 -0.0492498  0.0737965
 -0.345649   0.674197   0.652676    1.35599
         0          0          0          1

 -0.234345   0.610831  -0.756286  -0.200969
 -0.916044  -0.399217 -0.0385885  0.0590592
 -0.325493   0.683748   0.653102    1.36881
         0          0          0          1

 -0.234345   0.610831  -0.756286  -0.200969
 -0.916044  -0.399217 -0.0385885  0.0590592
 -0.325493   0.683748   0.653102    1.36881
         0          0          0          1

 -0.209076   0.623179  -0.753615  -0.204186
 -0.932946   -0.35808 -0.0372757  0.0211995
 -0.293084   0.695289   0.656258    1.39063
         0          0          0          1

 -0.209076   0.623179  -0.753615  -0.204186
 -0.932946   -0.35808 -0.0372757  0.0211995
 -0.293084   0.695289   0.656258    1.39063
         0          0          0          1

  -0.196153    0.630029    -0.75139   -0.203135
  -0.942842   -0.331699  -0.0319927 -0.00240833
  -0.269392    0.702167    0.659082     1.40665
          0           0           0           1

  -0.196153    0.630029    -0.75139   -0.203135
  -0.942842   -0.331699  -0.0319927 -0.00240833
  -0.269392    0.702167    0.659082     1.40665
          0           0           0           1

 -0.180307   0.635986  -0.750341  -0.197866
 -0.954258  -0.298071 -0.0233352 -0.0343627
 -0.238496   0.711812   0.660639    1.42717
         0          0          0          1

 -0.180307   0.635986  -0.750341  -0.197866
 -0.954258  -0.298071 -0.0233352 -0.0343627
 -0.238496   0.711812   0.660639    1.42717
         0          0          0          1

 -0.167464   0.636441  -0.752927  -0.192028
 -0.961508  -0.274194 -0.0179176 -0.0554179
 -0.217851   0.720944   0.657861    1.43591
         0          0          0          1

 -0.167464   0.636441  -0.752927  -0.192028
 -0.961508  -0.274194 -0.0179176 -0.0554179
 -0.217851   0.720944   0.657861    1.43591
         0          0          0          1

 -0.159561   0.640411  -0.751275  -0.184837
 -0.966715   -0.25555  -0.012522 -0.0735489
 -0.200008   0.724271    0.65987    1.45035
         0          0          0          1

 -0.159561   0.640411  -0.751275  -0.184837
 -0.966715   -0.25555  -0.012522 -0.0735489
 -0.200008   0.724271    0.65987    1.45035
         0          0          0          1

  -0.13608   0.646222  -0.750919  -0.175189
  -0.97531   -0.22046 -0.0129797  -0.108941
 -0.173936   0.730612   0.660267    1.46519
         0          0          0          1

  -0.13608   0.646222  -0.750919  -0.175189
  -0.97531   -0.22046 -0.0129797  -0.108941
 -0.173936   0.730612   0.660267    1.46519
         0          0          0          1

 -0.112001   0.649405   -0.75215  -0.167846
 -0.981468  -0.190726 -0.0185241  -0.136308
 -0.155484   0.736137   0.658732    1.47179
         0          0          0          1

 -0.112001   0.649405   -0.75215  -0.167846
 -0.981468  -0.190726 -0.0185241  -0.136308
 -0.155484   0.736137   0.658732    1.47179
         0          0          0          1

 -0.103785   0.653547  -0.749737  -0.150062
 -0.985665  -0.168396 -0.0103478  -0.160347
 -0.133016   0.737915   0.661655     1.4852
         0          0          0          1

 -0.103785   0.653547  -0.749737  -0.150062
 -0.985665  -0.168396 -0.0103478  -0.160347
 -0.133016   0.737915   0.661655     1.4852
         0          0          0          1

-0.0913481   0.657539  -0.747862  -0.138134
 -0.988216  -0.152484 -0.0133612  -0.180439
 -0.122822   0.737828    0.66372    1.49164
         0          0          0          1

-0.0913481   0.657539  -0.747862  -0.138134
 -0.988216  -0.152484 -0.0133612  -0.180439
 -0.122822   0.737828    0.66372    1.49164
         0          0          0          1

-0.0783374   0.660797  -0.746465   -0.12556
 -0.990117  -0.138938 -0.0190854  -0.200084
 -0.116324   0.737593    0.66515    1.49568
         0          0          0          1

-0.0783374   0.660797  -0.746465   -0.12556
 -0.990117  -0.138938 -0.0190854  -0.200084
 -0.116324   0.737593    0.66515    1.49568
         0          0          0          1

-0.0572278   0.668957  -0.741095  -0.103103
 -0.992241  -0.120178 -0.0318587  -0.226294
 -0.110376   0.733521   0.670644    1.50108
         0          0          0          1

-0.0572278   0.668957  -0.741095  -0.103103
 -0.992241  -0.120178 -0.0318587  -0.226294
 -0.110376   0.733521   0.670644    1.50108
         0          0          0          1

-0.0407116   0.671784  -0.739628 -0.0879071
 -0.993222  -0.107866 -0.0433015  -0.243725
  -0.10887   0.732852   0.671622    1.50047
         0          0          0          1

-0.0407116   0.671784  -0.739628 -0.0879071
 -0.993222  -0.107866 -0.0433015  -0.243725
  -0.10887   0.732852   0.671622    1.50047
         0          0          0          1

-0.0179769    0.67875  -0.734149 -0.0621747
 -0.993575 -0.0941836 -0.0627471  -0.265876
 -0.111734   0.728305   0.676083    1.49985
         0          0          0          1

-0.0179769    0.67875  -0.734149 -0.0621747
 -0.993575 -0.0941836 -0.0627471  -0.265876
 -0.111734   0.728305   0.676083    1.49985
         0          0          0          1

-0.0021321   0.685273  -0.728283 -0.0425384
 -0.993366 -0.0851857 -0.0772467  -0.277951
 -0.114974   0.723287   0.680909    1.49841
         0          0          0          1

-0.0021321   0.685273  -0.728283 -0.0425384
 -0.993366 -0.0851857 -0.0772467  -0.277951
 -0.114974   0.723287   0.680909    1.49841
         0          0          0          1

 0.0155961     0.6885  -0.725068 -0.0231955
 -0.992688 -0.0761483 -0.0936604  -0.289709
 -0.119698   0.721227   0.682278     1.4932
         0          0          0          1

 0.0155961     0.6885  -0.725068 -0.0231955
 -0.992688 -0.0761483 -0.0936604  -0.289709
 -0.119698   0.721227   0.682278     1.4932
         0          0          0          1

 0.0384779   0.697363  -0.715685 0.00726103
 -0.990976 -0.0653966  -0.117001  -0.302858
 -0.128396   0.713728   0.688554    1.48378
         0          0          0          1

 0.0384779   0.697363  -0.715685 0.00726103
 -0.990976 -0.0653966  -0.117001  -0.302858
 -0.128396   0.713728   0.688554    1.48378
         0          0          0          1

 0.0538533   0.704348  -0.707809   0.027518
 -0.989374 -0.0582297  -0.133221  -0.310689
 -0.135049   0.707463   0.693728    1.47509
         0          0          0          1

 0.0538533   0.704348  -0.707809   0.027518
 -0.989374 -0.0582297  -0.133221  -0.310689
 -0.135049   0.707463   0.693728    1.47509
         0          0          0          1

 0.0798308   0.714816  -0.694741     0.0568
 -0.986105 -0.0452279  -0.159845  -0.322186
 -0.145682   0.697849   0.701273     1.4621
         0          0          0          1

 0.0798308   0.714816  -0.694741     0.0568
 -0.986105 -0.0452279  -0.159845  -0.322186
 -0.145682   0.697849   0.701273     1.4621
         0          0          0          1

 0.0943472   0.722432  -0.684974  0.0760627
 -0.983591 -0.0386347  -0.176226  -0.326746
 -0.153775   0.690361   0.706933    1.45256
         0          0          0          1

 0.0943472   0.722432  -0.684974  0.0760627
 -0.983591 -0.0386347  -0.176226  -0.326746
 -0.153775   0.690361   0.706933    1.45256
         0          0          0          1

  0.109497   0.730887  -0.673657  0.0945756
 -0.981133 -0.0291694  -0.191122  -0.332172
 -0.159339   0.681874   0.713904    1.44261
         0          0          0          1

  0.109497   0.730887  -0.673657  0.0945756
 -0.981133 -0.0291694  -0.191122  -0.332172
 -0.159339   0.681874   0.713904    1.44261
         0          0          0          1

  0.121704   0.743132  -0.657984   0.119007
 -0.978951 -0.0195546  -0.203156   -0.33707
 -0.163839   0.668859    0.72511    1.42733
         0          0          0          1

  0.121704   0.743132  -0.657984   0.119007
 -0.978951 -0.0195546  -0.203156   -0.33707
 -0.163839   0.668859    0.72511    1.42733
         0          0          0          1

  0.130266   0.748038  -0.650745   0.133552
 -0.977455 -0.0131097  -0.210737  -0.340911
  -0.16617   0.663526   0.729466    1.41717
         0          0          0          1

  0.130266   0.748038  -0.650745   0.133552
 -0.977455 -0.0131097  -0.210737  -0.340911
  -0.16617   0.663526   0.729466    1.41717
         0          0          0          1

   0.135874    0.755907   -0.640424    0.153219
  -0.975934 -0.00916314   -0.217872   -0.344214
  -0.170559    0.654614    0.736471     1.40355
          0           0           0           1

   0.135874    0.755907   -0.640424    0.153219
  -0.975934 -0.00916314   -0.217872   -0.344214
  -0.170559    0.654614    0.736471     1.40355
          0           0           0           1

  0.141624   0.758181  -0.636478   0.164631
 -0.974911 -0.0047154  -0.222546  -0.346735
 -0.171732   0.652028   0.738491    1.39348
         0          0          0          1

  0.141624   0.758181  -0.636478   0.164631
 -0.974911 -0.0047154  -0.222546  -0.346735
 -0.171732   0.652028   0.738491    1.39348
         0          0          0          1

   0.141575    0.761296   -0.632759    0.174767
  -0.974744 -0.00431642   -0.223285   -0.348022
  -0.172718     0.64839    0.741458     1.38527
          0           0           0           1

   0.141575    0.761296   -0.632759    0.174767
  -0.974744 -0.00431642   -0.223285   -0.348022
  -0.172718     0.64839    0.741458     1.38527
          0           0           0           1

   0.144992    0.761642   -0.631568    0.187101
  -0.973978 -0.00250935   -0.226627    -0.35151
  -0.174194    0.647993    0.741459      1.3714
          0           0           0           1

   0.144992    0.761642   -0.631568    0.187101
  -0.973978 -0.00250935   -0.226627    -0.35151
  -0.174194    0.647993    0.741459      1.3714
          0           0           0           1

   0.143076    0.762749   -0.630669    0.194094
  -0.973679 -0.00575254    -0.22785   -0.352603
  -0.177421    0.646669     0.74185     1.36453
          0           0           0           1

   0.143076    0.762749   -0.630669    0.194094
  -0.973679 -0.00575254    -0.22785   -0.352603
  -0.177421    0.646669     0.74185     1.36453
          0           0           0           1

  0.138216   0.760312  -0.634682   0.201803
 -0.973894 -0.0121786  -0.226676  -0.354179
 -0.180074   0.649444    0.73878    1.35203
         0          0          0          1

  0.138216   0.760312  -0.634682   0.201803
 -0.973894 -0.0121786  -0.226676  -0.354179
 -0.180074   0.649444    0.73878    1.35203
         0          0          0          1

    0.1327   0.759831  -0.636433   0.205297
 -0.974291 -0.0179502  -0.224577  -0.354552
 -0.182064   0.649872   0.737915    1.34532
         0          0          0          1

    0.1327   0.759831  -0.636433   0.205297
 -0.974291 -0.0179502  -0.224577  -0.354552
 -0.182064   0.649872   0.737915    1.34532
         0          0          0          1

  0.126241   0.761124  -0.636202   0.208389
   -0.9746 -0.0244305  -0.222616  -0.353936
 -0.184981   0.648146   0.738707    1.33846
         0          0          0          1

  0.126241   0.761124  -0.636202   0.208389
   -0.9746 -0.0244305  -0.222616  -0.353936
 -0.184981   0.648146   0.738707    1.33846
         0          0          0          1

   0.12378   0.763448  -0.633897   0.211531
 -0.974104 -0.0283205  -0.224321  -0.354293
  -0.18921   0.645248   0.740172    1.32898
         0          0          0          1

   0.12378   0.763448  -0.633897   0.211531
 -0.974104 -0.0283205  -0.224321  -0.354293
  -0.18921   0.645248   0.740172    1.32898
         0          0          0          1

  0.122945   0.764383  -0.632933    0.21335
 -0.973531 -0.0309254  -0.226453  -0.354023
  -0.19267   0.644021   0.740348    1.32342
         0          0          0          1

  0.122945   0.764383  -0.632933    0.21335
 -0.973531 -0.0309254  -0.226453  -0.354023
  -0.19267   0.644021   0.740348    1.32342
         0          0          0          1

  0.121669   0.764945    -0.6325   0.214312
  -0.97261 -0.0352711  -0.229751  -0.353882
 -0.198056    0.64313   0.739701    1.31588
         0          0          0          1

  0.121669   0.764945    -0.6325   0.214312
  -0.97261 -0.0352711  -0.229751  -0.353882
 -0.198056    0.64313   0.739701    1.31588
         0          0          0          1

  0.120121   0.765262  -0.632411   0.214552
 -0.972401 -0.0376481  -0.230257  -0.353412
 -0.200016   0.642617    0.73962    1.31173
         0          0          0          1

  0.120121   0.765262  -0.632411   0.214552
 -0.972401 -0.0376481  -0.230257  -0.353412
 -0.200016   0.642617    0.73962    1.31173
         0          0          0          1

  0.115918   0.765964  -0.632347   0.214555
 -0.972118 -0.0431634  -0.230487  -0.352565
 -0.203839   0.641433   0.739603    1.30786
         0          0          0          1

  0.115918   0.765964  -0.632347   0.214555
 -0.972118 -0.0431634  -0.230487  -0.352565
 -0.203839   0.641433   0.739603    1.30786
         0          0          0          1

  0.113462   0.770721   -0.62699   0.213452
 -0.971425 -0.0463575  -0.232777  -0.351574
 -0.208472   0.635485   0.743437    1.30082
         0          0          0          1

  0.113462   0.770721   -0.62699   0.213452
 -0.971425 -0.0463575  -0.232777  -0.351574
 -0.208472   0.635485   0.743437    1.30082
         0          0          0          1

  0.115575   0.785566  -0.607889   0.213338
 -0.970847 -0.0400435   -0.23633  -0.350764
 -0.209995   0.617481   0.758036     1.2992
         0          0          0          1

  0.115575   0.785566  -0.607889   0.213338
 -0.970847 -0.0400435   -0.23633  -0.350764
 -0.209995   0.617481   0.758036     1.2992
         0          0          0          1

  0.118543   0.792626  -0.598073   0.214124
 -0.970164 -0.0358343  -0.239786   -0.34919
 -0.211492   0.608654    0.76473    1.29464
         0          0          0          1

  0.118543   0.792626  -0.598073   0.214124
 -0.970164 -0.0358343  -0.239786   -0.34919
 -0.211492   0.608654    0.76473    1.29464
         0          0          0          1

  0.114354   0.799263  -0.590002    0.21341
 -0.970063 -0.0382418  -0.239822  -0.348423
 -0.214244   0.599764   0.770963    1.29399
         0          0          0          1

  0.114354   0.799263  -0.590002    0.21341
 -0.970063 -0.0382418  -0.239822  -0.348423
 -0.214244   0.599764   0.770963    1.29399
         0          0          0          1

  0.108049   0.798944   -0.59162   0.211774
 -0.969657 -0.0465789  -0.239992  -0.349162
 -0.219297   0.599599   0.769669    1.29411
         0          0          0          1

  0.108049   0.798944   -0.59162   0.211774
 -0.969657 -0.0465789  -0.239992  -0.349162
 -0.219297   0.599599   0.769669    1.29411
         0          0          0          1

 0.0935176   0.790693  -0.605029   0.209193
 -0.969357 -0.0663404  -0.236529   -0.34875
  -0.22716   0.608608   0.760259    1.29195
         0          0          0          1

 0.0935176   0.790693  -0.605029   0.209193
 -0.969357 -0.0663404  -0.236529   -0.34875
  -0.22716   0.608608   0.760259    1.29195
         0          0          0          1

 0.0854958   0.792789   -0.60347   0.208892
  -0.96821 -0.0767958  -0.238058  -0.347249
 -0.235074   0.604639   0.761021     1.2903
         0          0          0          1

 0.0854958   0.792789   -0.60347   0.208892
  -0.96821 -0.0767958  -0.238058  -0.347249
 -0.235074   0.604639   0.761021     1.2903
         0          0          0          1

   0.08246    0.79942  -0.595087    0.20929
 -0.967238 -0.0796652  -0.241048  -0.346032
 -0.240106   0.595467    0.76666    1.28939
         0          0          0          1

   0.08246    0.79942  -0.595087    0.20929
 -0.967238 -0.0796652  -0.241048  -0.346032
 -0.240106   0.595467    0.76666    1.28939
         0          0          0          1

 0.0808166   0.816396  -0.571809   0.209301
 -0.966748 -0.0754436  -0.244349    -0.3454
 -0.242625   0.572543   0.783152    1.29106
         0          0          0          1

 0.0808166   0.816396  -0.571809   0.209301
 -0.966748 -0.0754436  -0.244349    -0.3454
 -0.242625   0.572543   0.783152    1.29106
         0          0          0          1

0.0755931   0.82101 -0.565888  0.208553
-0.967171 -0.077717 -0.241952 -0.344733
-0.242624    0.5656  0.788182   1.29407
        0         0         0         1

0.0755931   0.82101 -0.565888  0.208553
-0.967171 -0.077717 -0.241952 -0.344733
-0.242624    0.5656  0.788182   1.29407
        0         0         0         1

0.0663469  0.819796 -0.568799  0.207844
-0.967363 -0.086868 -0.238038 -0.342544
-0.244553  0.566029  0.787277   1.29922
        0         0         0         1

0.0663469  0.819796 -0.568799  0.207844
-0.967363 -0.086868 -0.238038 -0.342544
-0.244553  0.566029  0.787277   1.29922
        0         0         0         1

 0.0609893   0.818833  -0.570783   0.206476
 -0.967569 -0.0919399  -0.235282  -0.341751
 -0.245134   0.566621    0.78667    1.30594
         0          0          0          1

 0.0609893   0.818833  -0.570783   0.206476
 -0.967569 -0.0919399  -0.235282  -0.341751
 -0.245134   0.566621    0.78667    1.30594
         0          0          0          1

 0.0547717   0.816177  -0.575201   0.205924
 -0.968937 -0.0956904  -0.228043  -0.340141
 -0.241165   0.569824   0.785583    1.31405
         0          0          0          1

 0.0547717   0.816177  -0.575201   0.205924
 -0.968937 -0.0956904  -0.228043  -0.340141
 -0.241165   0.569824   0.785583    1.31405
         0          0          0          1

 0.0460411   0.810056  -0.584542   0.204503
  -0.97297 -0.0961946  -0.209942  -0.338755
 -0.226294   0.578408   0.783732    1.33106
         0          0          0          1

 0.0460411   0.810056  -0.584542   0.204503
  -0.97297 -0.0961946  -0.209942  -0.338755
 -0.226294   0.578408   0.783732    1.33106
         0          0          0          1

 0.0421654   0.806479  -0.589757   0.203543
 -0.976374 -0.0919515  -0.195549  -0.337791
 -0.211935   0.584068   0.783548    1.34514
         0          0          0          1

 0.0421654   0.806479  -0.589757   0.203543
 -0.976374 -0.0919515  -0.195549  -0.337791
 -0.211935   0.584068   0.783548    1.34514
         0          0          0          1

 0.0376191   0.807027  -0.589315   0.204055
 -0.981658 -0.0804539  -0.172841  -0.333233
   -0.1869   0.585008   0.789198    1.36888
         0          0          0          1

 0.0376191   0.807027  -0.589315   0.204055
 -0.981658 -0.0804539  -0.172841  -0.333233
   -0.1869   0.585008   0.789198    1.36888
         0          0          0          1

0.0410197  0.809176 -0.586133  0.203604
-0.984389 -0.067762 -0.162439 -0.331938
-0.171159  0.583646  0.793764   1.38664
        0         0         0         1

0.0410197  0.809176 -0.586133  0.203604
-0.984389 -0.067762 -0.162439 -0.331938
-0.171159  0.583646  0.793764   1.38664
        0         0         0         1

 0.0443446   0.806826  -0.589122   0.202532
 -0.988006 -0.0518911  -0.145437  -0.328075
 -0.147912   0.588505   0.794848      1.414
         0          0          0          1

 0.0443446   0.806826  -0.589122   0.202532
 -0.988006 -0.0518911  -0.145437  -0.328075
 -0.147912   0.588505   0.794848      1.414
         0          0          0          1

 0.0443641   0.805308  -0.591195   0.200931
 -0.989819 -0.0446788  -0.135138  -0.325525
 -0.135241   0.591171   0.795127    1.43608
         0          0          0          1

 0.0443641   0.805308  -0.591195   0.200931
 -0.989819 -0.0446788  -0.135138  -0.325525
 -0.135241   0.591171   0.795127    1.43608
         0          0          0          1

 0.0442155   0.801501  -0.596356   0.198337
 -0.991982 -0.0355205  -0.121288  -0.323231
 -0.118395   0.596937   0.793504    1.45809
         0          0          0          1

 0.0442155   0.801501  -0.596356   0.198337
 -0.991982 -0.0355205  -0.121288  -0.323231
 -0.118395   0.596937   0.793504    1.45809
         0          0          0          1

 0.0451626   0.800331  -0.597855   0.192384
 -0.994818 -0.0185407 -0.0999696  -0.320138
-0.0910935   0.599271   0.795346    1.49754
         0          0          0          1

 0.0451626   0.800331  -0.597855   0.192384
 -0.994818 -0.0185407 -0.0999696  -0.320138
-0.0910935   0.599271   0.795346    1.49754
         0          0          0          1

  0.0441788    0.799352   -0.599237    0.187472
  -0.996662 -0.00595542  -0.0814233    -0.31645
 -0.0686545    0.600834     0.79642     1.52667
          0           0           0           1

  0.0441788    0.799352   -0.599237    0.187472
  -0.996662 -0.00595542  -0.0814233    -0.31645
 -0.0686545    0.600834     0.79642     1.52667
          0           0           0           1

 0.0379982   0.796788  -0.603063   0.177851
 -0.998812  0.0118616 -0.0472619  -0.310389
-0.0305045   0.604143   0.796292    1.57624
         0          0          0          1

 0.0379982   0.796788  -0.603063   0.177851
 -0.998812  0.0118616 -0.0472619  -0.310389
-0.0305045   0.604143   0.796292    1.57624
         0          0          0          1

 0.0319567   0.792535  -0.608989   0.170415
 -0.999485  0.0235989 -0.0217366  -0.305106
-0.00285554    0.60937   0.792881    1.61394
         0          0          0          1

 0.0319567   0.792535  -0.608989   0.170415
 -0.999485  0.0235989 -0.0217366  -0.305106
-0.00285554    0.60937   0.792881    1.61394
         0          0          0          1

 0.0252899   0.782189  -0.622527   0.162169
 -0.999337  0.0361033 0.00476524  -0.298023
 0.0262026   0.621994   0.782584    1.65263
         0          0          0          1

 0.0252899   0.782189  -0.622527   0.162169
 -0.999337  0.0361033 0.00476524  -0.298023
 0.0262026   0.621994   0.782584    1.65263
         0          0          0          1

0.0227921  0.766357  -0.64201  0.147627
-0.997031 0.0646663 0.0417955 -0.285508
0.0735467  0.639151  0.765556   1.71209
        0         0         0         1

0.0227921  0.766357  -0.64201  0.147627
-0.997031 0.0646663 0.0417955 -0.285508
0.0735467  0.639151  0.765556   1.71209
        0         0         0         1

0.0196241  0.765706 -0.642892  0.140582
-0.994218 0.0828455 0.0683235 -0.270998
 0.105576  0.637833  0.762904   1.75676
        0         0         0         1

0.0196241  0.765706 -0.642892  0.140582
-0.994218 0.0828455 0.0683235 -0.270998
 0.105576  0.637833  0.762904   1.75676
        0         0         0         1

0.0261769  0.767027 -0.641081  0.126546
-0.986917  0.121891  0.105539  -0.24886
 0.159093  0.629931  0.760182   1.82335
        0         0         0         1

0.0261769  0.767027 -0.641081  0.126546
-0.986917  0.121891  0.105539  -0.24886
 0.159093  0.629931  0.760182   1.82335
        0         0         0         1

0.0263742  0.770272  -0.63717  0.118444
-0.980308  0.144713  0.134365 -0.227499
 0.195704  0.621079  0.758921   1.86904
        0         0         0         1

0.0263742  0.770272  -0.63717  0.118444
-0.980308  0.144713  0.134365 -0.227499
 0.195704  0.621079  0.758921   1.86904
        0         0         0         1

