0.0717609 -0.913315  0.400882  0.416635
-0.855932 -0.262737 -0.445365   1.08306
 0.512085 -0.311168 -0.800589   2.57723
        0         0         0         1

  0.07266 -0.909742  0.408767  0.397446
-0.851224 -0.270149 -0.449929   1.07924
 0.519747  -0.31526 -0.794024   2.55061
        0         0         0         1

0.0766888 -0.905216  0.417974  0.371877
-0.868031 -0.266866 -0.418694   1.03827
 0.490552 -0.330705 -0.806221   2.57284
        0         0         0         1

0.0731082 -0.910007  0.408095  0.373943
 -0.87109 -0.257521 -0.418192   1.02478
 0.485651 -0.324915 -0.811525   2.57395
        0         0         0         1

0.0683041  -0.91036  0.408142  0.367774
-0.873566 -0.252175 -0.416282   1.01644
  0.48189 -0.328105 -0.812484   2.56364
        0         0         0         1

0.0693856 -0.908947  0.411097  0.357924
-0.881469 -0.248821 -0.401374  0.998466
 0.467117  -0.33452 -0.818473   2.57251
        0         0         0         1

0.0651476 -0.907662  0.414615  0.342598
-0.881094  -0.24737  -0.40309  0.992118
 0.468433 -0.339054 -0.815851    2.5574
        0         0         0         1

 0.067701 -0.908033  0.413392  0.332438
 -0.88585 -0.245331 -0.393805  0.976388
 0.459006 -0.339543  -0.82099   2.55976
        0         0         0         1

0.0649383 -0.902342  0.426101  0.293376
-0.895136 -0.241396 -0.374778  0.935495
 0.441038 -0.357081 -0.823395   2.56246
        0         0         0         1

0.0751572 -0.892444  0.444854  0.250172
-0.903035 -0.250129 -0.349231  0.899653
  0.42294 -0.375472 -0.824708   2.57296
        0         0         0         1

0.0748078 -0.892574  0.444653  0.237235
-0.904463 -0.248511 -0.346683  0.890563
 0.419941 -0.376238  -0.82589   2.55975
        0         0         0         1

0.0671984 -0.892181  0.446651  0.236063
-0.908625 -0.239654 -0.342004  0.880878
 0.412172 -0.382856 -0.826762   2.55273
        0         0         0         1

0.0783732 -0.885081  0.458792  0.201795
-0.918047 -0.243486 -0.312896  0.846738
 0.388648  -0.39667 -0.831628   2.56387
        0         0         0         1

0.0730751 -0.884119  0.461512  0.191165
-0.921982  -0.23633 -0.306753  0.830229
 0.380275  -0.40309 -0.832412   2.55486
        0         0         0         1

0.0694605 -0.879152  0.471451  0.157862
-0.923973 -0.234868 -0.301845  0.813704
 0.376097 -0.414642 -0.828627   2.52254
        0         0         0         1

0.0634722 -0.881458  0.467978  0.158727
-0.926245 -0.226607 -0.301197  0.808168
 0.371539 -0.414344 -0.830829   2.51903
        0         0         0         1

0.0583872  -0.88186  0.467883  0.146253
-0.930082 -0.218327 -0.295434  0.789892
 0.362683  -0.41792 -0.832949   2.51188
        0         0         0         1

0.0524825    -0.878  0.475774  0.127274
-0.934374 -0.211304 -0.286873  0.773637
 0.352407 -0.429495 -0.831471   2.50552
        0         0         0         1

0.0537846  -0.86896  0.491952 0.0729448
-0.941147  -0.20875 -0.265831  0.731978
 0.333691 -0.448701 -0.829046   2.48257
        0         0         0         1

0.0453852 -0.865607  0.498663 0.0612305
-0.943344 -0.201384 -0.263715  0.724902
 0.328697 -0.458442 -0.825705   2.46635
        0         0         0         1

0.0496076   -0.8677  0.494608 0.0510826
-0.951784 -0.191172 -0.239916  0.696179
  0.30273 -0.458858 -0.835346   2.48312
        0         0         0         1

  0.061745  -0.858119   0.509725 0.00985503
 -0.954568  -0.199938  -0.220964   0.671013
  0.291527  -0.472923  -0.831478    2.46838
         0          0          0          1

  0.0527041   -0.854471    0.516818 -0.00242156
  -0.956032   -0.192686   -0.221079    0.663015
   0.288489   -0.482443   -0.827057     2.44693
          0           0           0           1

  0.0463066   -0.853381    0.519227 -0.00997955
  -0.957139   -0.186673   -0.221447    0.657746
   0.285904   -0.486718   -0.825448     2.43306
          0           0           0           1

 0.0315465  -0.845477   0.533079 -0.0429434
 -0.961315  -0.171682  -0.215403   0.635377
  0.273639  -0.505662  -0.818186    2.39825
         0          0          0          1

 0.0231308  -0.844591   0.534912 -0.0516541
 -0.962211  -0.164019  -0.217366    0.62938
  0.271321   -0.50967  -0.816469    2.38528
         0          0          0          1

 0.0150932  -0.842606   0.538319 -0.0638751
 -0.964683  -0.153872  -0.213801    0.61658
  0.262982   -0.51608   -0.81517    2.36942
         0          0          0          1

 0.0135848  -0.837928   0.545612 -0.0796693
 -0.967813  -0.148159   -0.20344   0.600888
  0.251305  -0.525287   -0.81297      2.364
         0          0          0          1

-0.00933252 -0.830654   0.55671 -0.102878
-0.970333 -0.126986  -0.20574  0.583885
 0.241593 -0.542114 -0.804826   2.32551
        0         0         0         1

-0.0247643 -0.831186  0.555442 -0.102614
-0.970825 -0.112562 -0.211726  0.583226
 0.238506 -0.544481 -0.804149   2.31318
        0         0         0         1

-0.0277982 -0.826467  0.562298 -0.122365
-0.975105 -0.101379 -0.197214  0.563325
 0.219996 -0.553782 -0.803074   2.30504
        0         0         0         1

 -0.025105  -0.825627   0.563658  -0.140858
 -0.978601 -0.0948925  -0.182582   0.542564
  0.204231   -0.55618  -0.805577     2.2997
         0          0          0          1

-0.0363994  -0.814058   0.579642  -0.173306
 -0.981106 -0.0811759  -0.175615   0.524315
  0.190014  -0.575082  -0.795723    2.25896
         0          0          0          1

 -0.044771  -0.808139   0.587287  -0.185036
  -0.98066 -0.0765671   -0.18012   0.516606
  0.190529  -0.583993  -0.789082    2.23758
         0          0          0          1

-0.0553347  -0.797462   0.600826  -0.201513
 -0.981893 -0.0657289   -0.17767   0.506381
  0.181177  -0.599778  -0.779385    2.21355
         0          0          0          1

-0.0602846  -0.796353    0.60182  -0.208086
 -0.981814 -0.0614273  -0.179632   0.497317
  0.180019  -0.601704  -0.778168    2.20652
         0          0          0          1

-0.0711632  -0.786088   0.614005  -0.221889
 -0.980555 -0.0577322  -0.187559   0.492864
  0.182886  -0.615413  -0.766694    2.18105
         0          0          0          1

-0.0779895  -0.779052    0.62209  -0.233329
 -0.980876 -0.0516533  -0.187656   0.482517
  0.178326  -0.624828  -0.760125    2.16621
         0          0          0          1

 -0.105232  -0.763394   0.637304  -0.246209
 -0.982349 -0.0198621  -0.185998   0.469972
  0.154648  -0.645628  -0.747829    2.13051
         0          0          0          1

  -0.108915   -0.756086    0.645346    -0.25749
  -0.984473 -0.00786194    -0.17536    0.460247
   0.137661   -0.654425    -0.74349     2.11277
          0           0           0           1

 -0.111737  -0.752479   0.649069  -0.265335
 -0.987062 0.00846082  -0.160113   0.448878
   0.11499  -0.658562  -0.743689    2.09936
         0          0          0          1

-0.113812 -0.746178  0.655946 -0.275732
-0.989211 0.0238093 -0.144551  0.438451
0.0922434 -0.665321 -0.740837   2.08841
        0         0         0         1

-0.122958 -0.734839  0.667002 -0.297089
-0.990255 0.0465578 -0.131255  0.428524
0.0653973 -0.676641 -0.733403   2.04056
        0         0         0         1

-0.128943 -0.735092  0.665593 -0.298461
 -0.99052 0.0634193 -0.121849  0.423844
0.0473589 -0.674995 -0.736301   2.03467
        0         0         0         1

-0.131676 -0.731453  0.669057 -0.309511
-0.990631 0.0724359 -0.115773  0.416726
0.0362185 -0.678033 -0.734138   2.01295
        0         0         0         1

-0.130622 -0.726095  0.675073 -0.321061
-0.991231 0.0819245  -0.10368   0.40564
0.0199763 -0.682696 -0.730429   1.99587
        0         0         0         1

-0.146271 -0.725598  0.672393 -0.317057
-0.989166 0.0986925 -0.108679  0.411671
0.0124973 -0.681004 -0.732173   1.97871
        0         0         0         1

-0.152328 -0.719525  0.677555 -0.322235
 -0.98833  0.110865 -0.104464  0.408714
4.7096e-05  -0.68556 -0.728016   1.95733
        0         0         0         1

-0.150085 -0.705138  0.693004 -0.339001
 -0.98768  0.138352 -0.073129  0.394749
-0.0443121 -0.695442 -0.717215   1.91291
        0         0         0         1

 -0.149622  -0.706495   0.691721  -0.340838
 -0.986647   0.152211 -0.0579546   0.393173
-0.0643426  -0.691156  -0.719835    1.90164
         0          0          0          1

 -0.137292  -0.712392   0.688222  -0.349227
 -0.985941    0.16509 -0.0257951   0.382175
-0.0952426  -0.682087  -0.725042    1.89355
         0          0          0          1

 -0.133397  -0.708119   0.693378  -0.353235
 -0.984433   0.175461 -0.0102008   0.382727
 -0.114438  -0.683945  -0.720502    1.86883
         0          0          0          1

 -0.11267 -0.713071   0.69198 -0.359827
-0.978609  0.200279 0.0470438  0.374505
-0.172134 -0.671877 -0.720383   1.84146
        0         0         0         1

-0.109508 -0.717542  0.687852 -0.358555
-0.974465  0.213971  0.068069  0.374265
-0.196023 -0.662834 -0.722652   1.83031
        0         0         0         1

-0.0982624 -0.720563  0.686392 -0.363145
-0.971583  0.218711 0.0905097  0.371178
 -0.21534 -0.657993 -0.721578   1.80813
        0         0         0         1

-0.0942625 -0.720856  0.686645 -0.365852
-0.967123  0.229941  0.108631  0.370389
-0.236195 -0.653831 -0.718831   1.79259
        0         0         0         1

-0.0885002 -0.715939  0.692531 -0.371221
-0.962558  0.240313  0.125428  0.368808
-0.256223   -0.6555 -0.710401   1.76771
        0         0         0         1

-0.0932754 -0.719722  0.687968 -0.365476
-0.955307  0.259373  0.141823  0.372994
-0.280514 -0.643992 -0.711748   1.76292
        0         0         0         1

-0.0810063 -0.716426  0.692944   -0.3746
-0.940532   0.28506  0.184771  0.368026
-0.329905 -0.636768 -0.696913   1.72872
        0         0         0         1

-0.0774897 -0.717254  0.692489 -0.377049
-0.935775  0.291963  0.197691  0.366209
-0.343976 -0.632696 -0.693813   1.71413
        0         0         0         1

-0.0737256 -0.719307  0.690769 -0.379852
-0.927513  0.303971  0.217536  0.364767
-0.366449 -0.624659 -0.689577   1.70355
        0         0         0         1

-0.0609383 -0.716918  0.694489  -0.38816
-0.922406  0.306303  0.235258  0.359232
-0.381385 -0.626264 -0.679955   1.68683
        0         0         0         1

-0.044642 -0.715256  0.697435 -0.396926
-0.916892  0.306512  0.255655  0.353134
-0.396631  -0.62806 -0.669496   1.66986
        0         0         0         1

-0.0549632  -0.70605  0.706026 -0.388197
-0.910888   0.32508  0.254179  0.363188
-0.408978  -0.62914    -0.661   1.65899
        0         0         0         1

-0.0607085 -0.694914  0.716526 -0.381778
-0.900474  0.347844  0.261058  0.374499
-0.430652 -0.629365 -0.646869   1.63859
        0         0         0         1

-0.0652841 -0.683649  0.726886 -0.377177
-0.895355  0.361726  0.259795  0.382973
-0.440542  -0.63386 -0.635723   1.62513
        0         0         0         1

-0.0476024 -0.682221  0.729595 -0.388897
 -0.88952  0.361241  0.279748  0.371454
 -0.45441 -0.635673 -0.624045   1.61567
        0         0         0         1

-0.0374462 -0.676575  0.735421 -0.393527
-0.883963  0.365654  0.291386  0.368266
-0.466055 -0.639174  -0.61176   1.60611
        0         0         0         1

-0.0131254 -0.665753  0.746057 -0.402329
-0.869747  0.375713   0.31997  0.362614
-0.493324  -0.64468 -0.583968   1.59049
        0         0         0         1

-0.0102481 -0.654781   0.75575 -0.397934
-0.869603  0.378947  0.316528  0.368502
-0.493645 -0.653958 -0.573282   1.57837
        0         0         0         1

-0.0022549 -0.642548  0.766242 -0.395404
-0.867814  0.381993  0.317774  0.374599
-0.496884 -0.664239 -0.558473    1.5632
        0         0         0         1

0.00728378 -0.637028  0.770806 -0.398028
-0.860962  0.388071  0.328855  0.375028
-0.508618  -0.66603  -0.54563   1.55994
        0         0         0         1

0.00656276 -0.625272  0.780379 -0.391443
-0.858415  0.396762  0.325121  0.382267
-0.512914 -0.672023 -0.534139   1.54987
        0         0         0         1

0.00954511 -0.623233  0.781978 -0.389385
-0.857927  0.396621  0.326577  0.384866
-0.513683 -0.673997 -0.530903   1.54114
        0         0         0         1

0.0170732 -0.622856   0.78215  -0.38837
-0.854948  0.396516  0.334424  0.388481
-0.518433 -0.674407  -0.52574   1.52102
        0         0         0         1

0.0203902 -0.627584  0.778282  -0.39062
-0.852445  0.395845  0.341531  0.386033
-0.522418 -0.670407  -0.52691   1.51458
        0         0         0         1

 0.016997 -0.632022  0.774764 -0.385551
-0.851104  0.397508  0.342943   0.39089
-0.524722 -0.665233  -0.53116   1.50925
        0         0         0         1

0.0228068 -0.638141  0.769582 -0.391591
 -0.84572  0.398193  0.355247  0.382618
 -0.53314 -0.658952 -0.530607    1.5104
        0         0         0         1

0.0272806 -0.636398  0.770878 -0.388852
-0.841502  0.401628  0.361344  0.385663
-0.539565 -0.658553 -0.524574   1.49861
        0         0         0         1

0.0327236  -0.63741  0.769829 -0.391581
-0.838394  0.401793  0.368318  0.382364
-0.544082 -0.657473 -0.521253    1.4976
        0         0         0         1

0.0311381  -0.63813  0.769299  -0.39053
-0.837246  0.403746  0.368794  0.383429
 -0.54594 -0.655575   -0.5217   1.49648
        0         0         0         1

0.0247341 -0.638444  0.769271 -0.385445
 -0.83544  0.409407  0.366643  0.388307
-0.549026 -0.651748 -0.523255   1.49894
        0         0         0         1

0.0206284 -0.637606  0.770086  -0.38392
-0.833357  0.414573  0.365576   0.39145
 -0.55235 -0.649298 -0.522801    1.4992
        0         0         0         1

0.0242727 -0.637783  0.769833 -0.388755
-0.831661  0.414437  0.369571  0.384579
-0.554753  -0.64921  -0.52036   1.49758
        0         0         0         1

0.0304195 -0.633217  0.773376 -0.397661
-0.830021   0.41509  0.372511  0.376121
-0.556901  -0.65325 -0.512957   1.49318
        0         0         0         1

0.0322036 -0.629822  0.776071 -0.399785
 -0.83043  0.415231  0.371441  0.374608
-0.556191 -0.656435 -0.509652   1.49038
        0         0         0         1

0.0297834 -0.625537  0.779626 -0.398678
-0.829883  0.419273  0.368109  0.376143
-0.557142 -0.657962 -0.506635   1.49177
        0         0         0         1

0.0280906 -0.615483  0.787649 -0.396498
-0.831323  0.423168  0.360319  0.378982
-0.555079 -0.664913 -0.499778    1.4878
        0         0         0         1

0.0240028 -0.595024   0.80335 -0.393547
-0.832348  0.433204  0.345734  0.383398
-0.553734 -0.676965 -0.484868   1.48326
        0         0         0         1

0.0229985 -0.589742  0.807264 -0.394037
-0.832226  0.436134  0.342325  0.382736
-0.553959   -0.6797 -0.480768   1.48302
        0         0         0         1

0.0151097 -0.580739   0.81395 -0.392491
-0.833354  0.442523  0.331202   0.38486
-0.552534 -0.683312 -0.477274   1.48225
        0         0         0         1

0.0192285 -0.583121  0.812158  -0.39383
-0.832397   0.44064  0.336082  0.382234
-0.553846   -0.6825 -0.476915   1.48291
        0         0         0         1

0.0226956 -0.585683  0.810223 -0.396843
-0.832757  0.437349  0.339472  0.378641
-0.553173 -0.682423 -0.477805   1.48398
        0         0         0         1

0.0253865 -0.582013  0.812783 -0.397711
-0.833253  0.436877  0.338863  0.376359
-0.552309 -0.685856 -0.473873   1.48312
        0         0         0         1

0.0286627 -0.582758   0.81214 -0.403603
 -0.83541  0.432168   0.33959  0.366726
 -0.54888 -0.688203 -0.474454   1.48111
        0         0         0         1

0.0290126 -0.582228  0.812508 -0.404254
-0.836597  0.430713  0.338513  0.364297
 -0.54705 -0.689563 -0.474594    1.4798
        0         0         0         1

0.0246426 -0.580617  0.813804 -0.402064
-0.836918  0.433255  0.334453   0.36514
-0.546773 -0.689329 -0.475252   1.48222
        0         0         0         1

0.0264701 -0.575712  0.817224 -0.401624
-0.838677   0.43208  0.331553  0.364926
-0.543985 -0.694163 -0.471399   1.47844
        0         0         0         1

0.0233892 -0.567724  0.822886 -0.399691
-0.841433  0.433303   0.32286  0.367706
-0.539854 -0.699956 -0.467568   1.48014
        0         0         0         1

0.0227376 -0.564117  0.825382 -0.398401
-0.844469  0.431071  0.317884  0.369221
-0.535122 -0.704237 -0.466577   1.48185
        0         0         0         1

0.0241085 -0.564883  0.824819 -0.397715
-0.846593  0.427271  0.317365  0.369287
-0.531695 -0.705937 -0.467925   1.48513
        0         0         0         1

0.0216734 -0.569527  0.821687 -0.397416
-0.851063  0.420762  0.314087  0.368803
-0.524616 -0.706115 -0.475585   1.48716
        0         0         0         1

0.0198738 -0.575087  0.817851 -0.395862
-0.855952  0.412942  0.311168  0.369237
-0.516674 -0.706225  -0.48404   1.48931
        0         0         0         1

0.0227316 -0.584712  0.810923 -0.396992
-0.858497  0.404246  0.315545  0.365362
-0.512315 -0.703347 -0.492784   1.49439
        0         0         0         1

0.0157089 -0.593852  0.804421 -0.387391
-0.867429  0.392054  0.306367  0.370893
-0.497313 -0.702591 -0.508966   1.50237
        0         0         0         1

0.0140001 -0.601607   0.79867 -0.381076
-0.871281  0.384552  0.304941  0.374827
-0.490585 -0.700135 -0.518785   1.50801
        0         0         0         1

0.0218866  -0.61492  0.788285 -0.379664
-0.874345  0.370579  0.313355  0.372447
-0.484811 -0.696092 -0.529542   1.51759
        0         0         0         1

0.0320442 -0.624868  0.780072 -0.381476
-0.876569  0.357412  0.322309  0.368814
-0.480208 -0.694116 -0.536287   1.52564
        0         0         0         1

0.0512839 -0.632199  0.773107  -0.37999
-0.886137  0.328208   0.32717  0.367904
-0.460576 -0.701857 -0.543384   1.53251
        0         0         0         1

0.0575435 -0.635711  0.769779 -0.374903
-0.888074  0.319656  0.330369  0.370763
-0.456084 -0.702632 -0.546165   1.54321
        0         0         0         1

0.0626414 -0.639363  0.766349 -0.368225
-0.891923  0.308681  0.330437  0.374937
-0.447826 -0.704224 -0.550927   1.55477
        0         0         0         1

0.0756559 -0.639431  0.765117 -0.368722
-0.898162  0.289585  0.330826  0.375185
-0.433107 -0.712228 -0.552403   1.55746
        0         0         0         1

0.0962442 -0.638491  0.763588 -0.368875
-0.900785  0.270504  0.339725  0.371142
-0.423465 -0.720525 -0.549109   1.56228
        0         0         0         1

0.0928059 -0.637886  0.764518 -0.356986
-0.905128  0.265894  0.331727  0.382312
-0.414886 -0.722773 -0.552692   1.57307
        0         0         0         1

0.0977342 -0.640891  0.761385 -0.337107
 -0.91564   0.24185  0.321111  0.392947
-0.389938 -0.728538 -0.563188    1.6033
        0         0         0         1

 0.116308 -0.639267  0.760138 -0.343156
-0.917888  0.223178  0.328135  0.386041
-0.379413 -0.735886 -0.560819   1.61116
        0         0         0         1

 0.122862 -0.637512  0.760581 -0.335954
 -0.92368  0.206814  0.322558  0.389937
-0.362933 -0.742163 -0.563447   1.62667
        0         0         0         1

 0.133429 -0.636153  0.759938 -0.334622
-0.931522  0.181265  0.315294  0.390129
-0.338325 -0.749968 -0.568405   1.63174
        0         0         0         1

 0.137752 -0.628354  0.765634 -0.322506
-0.947045   0.14281  0.287595  0.394591
-0.290052 -0.764707 -0.575407     1.653
        0         0         0         1

 0.135749  -0.62321  0.770183 -0.316342
-0.954345  0.126523  0.270588  0.394455
-0.266079 -0.771752 -0.577582   1.66454
        0         0         0         1

 0.128736 -0.628493  0.767088 -0.306604
-0.960624  0.113027  0.253822  0.395948
-0.246227 -0.769559 -0.589195   1.69316
        0         0         0         1

 0.124223 -0.618016  0.776289 -0.299626
 -0.96779 0.0971907  0.232242  0.401078
-0.218977 -0.780135 -0.586036   1.69372
        0         0         0         1

 0.124769 -0.611088  0.781667 -0.292034
-0.972717 0.0799664   0.21778  0.401841
 -0.19559 -0.787513 -0.584438   1.70235
        0         0         0         1

 0.116703 -0.610972  0.783003 -0.278296
-0.976898 0.0714993  0.201393  0.410637
-0.179029 -0.788417 -0.588512   1.71607
        0         0         0         1

 0.142539 -0.603151  0.784788 -0.267163
-0.975711 0.0476305  0.213823  0.406463
-0.166347 -0.796204 -0.581712   1.74697
        0         0         0         1

 0.144112 -0.596465  0.789596 -0.254816
-0.977748 0.0370965  0.206475  0.415025
-0.152446 -0.801782 -0.577846   1.74927
        0         0         0         1

 0.160211 -0.595743  0.787034 -0.244105
-0.975992 0.0235818  0.216526  0.414498
-0.147553 -0.802829 -0.577662   1.76429
        0         0         0         1

 0.180643 -0.590023  0.786918 -0.244728
-0.972886 0.0102993  0.231056  0.405859
-0.144433 -0.807321 -0.572165   1.77393
        0         0         0         1

   0.199072   -0.579983     0.78993   -0.216973
  -0.971102 -0.00846414    0.238515    0.414922
  -0.131648   -0.814585   -0.564908     1.79042
          0           0           0           1

  0.208972  -0.575022   0.790999   -0.20811
  -0.96959 -0.0164675   0.244182   0.415094
 -0.127384  -0.817972  -0.560977     1.8026
         0          0          0          1

  0.232142  -0.567986   0.789622  -0.203415
 -0.964389 -0.0286198   0.262935   0.407868
 -0.126745   -0.82254  -0.554403    1.81668
         0          0          0          1

  0.238369   -0.56223   0.791882  -0.188287
 -0.963648 -0.0356116    0.26479   0.412055
 -0.120673  -0.826214  -0.550281     1.8249
         0          0          0          1

  0.254405  -0.559459    0.78885  -0.175675
 -0.959085 -0.0411657   0.280111   0.409181
 -0.124237  -0.827835  -0.547041    1.84415
         0          0          0          1

 0.260641 -0.554762   0.79013 -0.159699
-0.958309 -0.049406   0.28143   0.41615
 -0.11709 -0.830541 -0.544511   1.84568
        0         0         0         1

  0.296239  -0.538575   0.788784  -0.142179
 -0.948537 -0.0691449   0.309025   0.411719
 -0.111893  -0.839736  -0.531342    1.86543
         0          0          0          1

 0.307578 -0.531918  0.788961 -0.129775
-0.945078 -0.074437  0.318255  0.410708
-0.110558 -0.843518 -0.525599   1.87579
        0         0         0         1

  0.321977  -0.521133   0.790412  -0.119479
 -0.940979 -0.0841283   0.327844   0.409371
 -0.104354  -0.849319  -0.517462    1.88076
         0          0          0          1

  0.320536  -0.513872   0.795733  -0.102806
 -0.942568 -0.0897305   0.321737   0.416804
-0.0939303  -0.853161  -0.513121    1.88062
         0          0          0          1

  0.338893    -0.5016   0.795958 -0.0810919
 -0.936474 -0.0985766   0.336599   0.410928
-0.0903752  -0.859465  -0.503142    1.90535
         0          0          0          1

  0.339435  -0.499609   0.796978 -0.0642241
 -0.936513  -0.100316   0.335977   0.411412
-0.0879077  -0.860423  -0.501941    1.91452
         0          0          0          1

  0.342729  -0.494455   0.798781 -0.0483047
 -0.935682  -0.103747   0.337248   0.411495
-0.0838825  -0.862989   -0.49821    1.92442
         0          0          0          1

  0.350929  -0.486812   0.799914 -0.0404752
 -0.933053  -0.109597   0.342639   0.408145
-0.0791323  -0.866604  -0.492682    1.93122
         0          0          0          1

  0.354702  -0.478468   0.803277 -0.0279687
 -0.932314  -0.116169   0.342485   0.405879
-0.0705518  -0.870387  -0.487288     1.9377
         0          0          0          1

  0.358961   -0.46972   0.806542 -0.0211423
 -0.931094   -0.12013   0.344432   0.401358
 -0.064897  -0.874604  -0.480475    1.94527
         0          0          0          1

 0.354149 -0.451581  0.818934 0.0110354
-0.934275 -0.132137  0.331165  0.408931
-0.0413358 -0.882391 -0.468697   1.94719
        0         0         0         1

 0.352615 -0.449919  0.820509 0.0268147
 -0.93503 -0.134568  0.328041  0.409796
-0.0371771 -0.882873 -0.468139   1.95623
        0         0         0         1

 0.359828 -0.442238  0.821553 0.0379713
-0.932264 -0.135013  0.335641   0.40247
-0.0375127 -0.886678 -0.460864   1.96708
        0         0         0         1

 0.360631 -0.436124  0.824464 0.0507424
-0.932054 -0.135382  0.336077  0.400899
-0.0349535 -0.889644 -0.455314   1.97128
        0         0         0         1

 0.364305 -0.422036  0.830161 0.0803577
-0.930999 -0.143143  0.335785  0.401752
-0.0228812 -0.895207 -0.445062   1.97919
        0         0         0         1

 0.370768 -0.416551   0.83007  0.088835
-0.928441 -0.144121  0.342384  0.395838
-0.0229894 -0.897616 -0.440178   1.98749
        0         0         0         1

 0.376419 -0.409033  0.831265  0.100681
-0.926106 -0.141689  0.349646  0.388821
-0.0252355 -0.901452 -0.432142   1.99794
        0         0         0         1

 0.379237 -0.404818  0.832047  0.114143
-0.925032 -0.144226  0.351448  0.388595
-0.0222699 -0.902951 -0.429165   1.99932
        0         0         0         1

 0.386853 -0.392622  0.834382  0.122399
-0.921992 -0.148374  0.357654  0.383112
-0.0166218 -0.907653 -0.419393   1.99978
        0         0         0         1

 0.382846 -0.393324  0.835898  0.139244
-0.923704 -0.149177  0.352869  0.383264
-0.014095 -0.907217 -0.420426   2.00437
        0         0         0         1

 0.385037 -0.378735  0.841609  0.163184
-0.922867 -0.150224  0.354611  0.375203
-0.0078741 -0.913232 -0.407364   2.01204
        0         0         0         1

 0.387512 -0.378172  0.840726  0.173232
-0.921809 -0.148928  0.357895  0.368549
-0.0101381 -0.913678 -0.406313   2.01882
        0         0         0         1

 0.385197 -0.378897  0.841463  0.191274
-0.922796 -0.149872  0.354944  0.365612
-0.00837585 -0.913223 -0.407374   2.02302
        0         0         0         1

 0.389036 -0.376072  0.840965   0.20093
-0.921189 -0.151021  0.358613  0.360846
-0.00786123 -0.914201 -0.405185   2.02664
        0         0         0         1

 0.389987   -0.3779  0.839703  0.233404
-0.920777 -0.151243  0.359576  0.353919
-0.0088843  -0.91341 -0.406944   2.03566
        0         0         0         1

 0.393429 -0.377505  0.838274  0.244005
-0.919318 -0.153374  0.362396  0.350278
-0.00823705 -0.913217 -0.407389   2.03626
        0         0         0         1

 0.397026 -0.376943   0.83683   0.25692
-0.917758 -0.153547  0.366257  0.344421
-0.00956528 -0.913421 -0.406904    2.0404
        0         0         0         1

 0.396946 -0.376438  0.837095  0.273362
-0.917811 -0.155382  0.365347  0.343463
-0.00746115 -0.913319 -0.407178   2.03915
        0         0         0         1

 0.398643 -0.376687  0.836176  0.288138
-0.917077 -0.156461  0.366729  0.338265
-0.00731316 -0.913032 -0.407823   2.04113
        0         0         0         1

 0.398741 -0.378716  0.835213  0.303798
-0.917028 -0.156624  0.366781  0.334733
-0.00809132 -0.912164 -0.409746   2.04351
        0         0         0         1

 0.400936 -0.383785  0.831841  0.334445
-0.916013 -0.155032  0.369979  0.322199
-0.0130299 -0.910315  -0.41371   2.05052
        0         0         0         1

 0.403517  -0.38438  0.830317  0.344287
-0.914859 -0.155257   0.37273  0.317585
-0.014357 -0.910026 -0.414303   2.04941
        0         0         0         1

 0.405048 -0.386407  0.828629  0.360227
-0.914141 -0.154526  0.374789  0.311237
-0.0167765 -0.909292 -0.415821   2.05035
        0         0         0         1

 0.406175 -0.388632  0.827035  0.372169
-0.913604 -0.154183  0.376239  0.306216
-0.0187037 -0.908401 -0.417681   2.05083
        0         0         0         1

 0.409518 -0.394865  0.822421  0.399671
-0.911808 -0.147508  0.383206    0.2908
-0.0300008  -0.90682 -0.420449   2.05455
        0         0         0         1

 0.406505 -0.397181    0.8228  0.414363
-0.913131 -0.146302   0.38051  0.287571
-0.0307543 -0.906004 -0.422151   2.05239
        0         0         0         1

 0.406489 -0.399647  0.821614  0.428424
   -0.913 -0.143622  0.381842  0.279676
-0.0346004 -0.905348 -0.423258    2.0526
        0         0         0         1

 0.405251 -0.403919  0.820135  0.442539
-0.913394 -0.141101   0.38184  0.273741
-0.038511 -0.903847 -0.426119   2.05348
        0         0         0         1

 0.406388 -0.404044  0.819511  0.454293
-0.912708 -0.137715  0.384706  0.264774
-0.0425794 -0.904314  -0.42474    2.0522
        0         0         0         1

 0.407023  -0.40716  0.817651  0.466137
-0.912251 -0.135976  0.386404  0.259398
-0.0461469 -0.903179 -0.426777   2.05016
        0         0         0         1

 0.402198 -0.415367  0.815909  0.497279
-0.913982 -0.129974  0.384375  0.247885
-0.0536099 -0.900321 -0.431913   2.04463
        0         0         0         1

 0.402088 -0.416921   0.81517  0.508276
-0.913656 -0.124699   0.38689  0.239734
-0.0596515 -0.900348 -0.431062    2.0449
        0         0         0         1

 0.402909 -0.421298   0.81251  0.521058
-0.912573 -0.117193  0.391761  0.229605
-0.0698278 -0.899318 -0.431683   2.04529
        0         0         0         1

 0.400592 -0.422673  0.812941  0.532668
  -0.9135 -0.115472  0.390106   0.22406
-0.0710155 -0.898896 -0.432369   2.04061
        0         0         0         1

 0.395863 -0.427197  0.812893  0.557948
-0.915337 -0.112388  0.386688  0.209358
-0.0738321 -0.897146  -0.43552   2.03199
        0         0         0         1

 0.393443 -0.430974  0.812074  0.569428
-0.915919 -0.107518  0.386695  0.201018
-0.0793428 -0.895936 -0.437039   2.03154
        0         0         0         1

 0.387608 -0.436149  0.812117  0.583919
-0.918054 -0.103046   0.38283  0.192821
-0.0832858 -0.893955  -0.44035   2.02759
        0         0         0         1

 0.384867 -0.441363  0.810602  0.595762
-0.918792 -0.099712  0.381942  0.185793
-0.0877484 -0.891771 -0.443897   2.02456
        0         0         0         1

 0.381875 -0.444294  0.810416  0.608208
-0.919764 -0.096746  0.380362  0.177574
-0.090588 -0.890642  -0.44559   2.01935
        0         0         0         1

  0.380271  -0.447321   0.809504   0.618567
  -0.92004 -0.0935793   0.380486   0.169751
-0.0944464  -0.889464  -0.447139     2.0159
         0          0          0          1

  0.374735  -0.452793   0.809044   0.641516
 -0.921405 -0.0850411   0.379184     0.1521
  -0.10289  -0.887551  -0.449074    2.00683
         0          0          0          1

  0.371765  -0.454181   0.809636   0.651353
 -0.922387 -0.0822211   0.377414   0.144559
 -0.104845  -0.887107  -0.449498    2.00242
         0          0          0          1

  0.367849   -0.45803   0.809256   0.664279
 -0.923718 -0.0799204   0.374644   0.136647
 -0.106922  -0.885337  -0.452489    1.99551
         0          0          0          1

  0.367442  -0.460728   0.807908   0.674168
 -0.923446 -0.0774224   0.375837   0.128717
 -0.110609  -0.884158  -0.453906    1.99102
         0          0          0          1

  0.366074   -0.46574   0.805653   0.686077
  -0.92342 -0.0745681   0.376478   0.119443
 -0.115265  -0.881774  -0.457371    1.98505
         0          0          0          1

  0.362027  -0.470611    0.80465   0.697271
 -0.924908 -0.0738243   0.372955   0.113366
 -0.116114  -0.879247  -0.461999    1.97815
         0          0          0          1

  0.357594  -0.480086   0.801027   0.720173
 -0.925351 -0.0665113   0.373232  0.0962158
 -0.125906  -0.874696  -0.468032    1.96503
         0          0          0          1

  0.354321  -0.482235    0.80119    0.73023
 -0.926442 -0.0645474   0.370862  0.0898024
 -0.127128  -0.873661  -0.469633    1.95758
         0          0          0          1

  0.35283 -0.483193  0.801271  0.741116
-0.926107 -0.058108  0.372759 0.0802577
-0.133554 -0.873583 -0.467991   1.95091
        0         0         0         1

  0.352355  -0.482646    0.80181   0.749527
 -0.926183 -0.0569097   0.372755  0.0740439
 -0.134278  -0.873965  -0.467071    1.94239
         0          0          0          1

  0.344735  -0.484163   0.804204   0.771992
 -0.928115 -0.0475079    0.36925  0.0580471
 -0.140571  -0.873687  -0.465736    1.92624
         0          0          0          1

 0.342322 -0.483653   0.80554  0.781539
-0.928541 -0.043089  0.368722 0.0512032
-0.143623 -0.874199 -0.463842   1.91919
        0         0         0         1

  0.343336  -0.483943   0.804935   0.791567
 -0.927336 -0.0388087   0.372213  0.0428378
 -0.148891  -0.874239  -0.462102    1.91019
         0          0          0          1

  0.342177  -0.486643     0.8038   0.800777
 -0.927054 -0.0353236    0.37326  0.0360186
 -0.153251  -0.872887  -0.463231    1.90278
         0          0          0          1

  0.340728  -0.489108   0.802918   0.811241
 -0.926781 -0.0311613   0.374308  0.0281634
 -0.158057  -0.871666  -0.463913     1.8938
         0          0          0          1

  0.339516  -0.490747   0.802432   0.819379
 -0.926929 -0.0296413   0.374064  0.0227328
 -0.159786  -0.870798  -0.464951    1.88449
         0          0          0          1

  0.340838  -0.495197    0.79913   0.837839
 -0.923819 -0.0188034   0.382368 0.00853246
 -0.174321  -0.868577  -0.463881    1.86649
         0          0          0          1

  0.342075  -0.497571   0.797124   0.846256
  -0.92168 -0.0124569   0.387751  0.0028064
 -0.183004  -0.867334  -0.462863    1.85844
         0          0          0          1

   0.344524   -0.499461    0.794885    0.855429
   -0.91887 -0.00596542    0.394514 -0.00390071
  -0.192303   -0.866316   -0.460996     1.84848
          0           0           0           1

    0.345691    -0.500793     0.793539     0.863307
   -0.916867 -0.000354686     0.399193   -0.0090899
   -0.199632    -0.865567    -0.459283      1.83987
           0            0            0            1

  0.343553    -0.5022   0.793578   0.880671
 -0.915187  0.0105733   0.402891 -0.0201781
 -0.210722  -0.864687  -0.455974    1.82029
         0          0          0          1

   0.34285  -0.500741   0.794803   0.887454
 -0.914638  0.0150042   0.403996 -0.0247971
 -0.214223  -0.865467  -0.452852    1.81191
         0          0          0          1

  0.340437  -0.501211   0.795544   0.896432
 -0.914243  0.0212342    0.40461 -0.0303136
 -0.219688  -0.865065     -0.451    1.80233
         0          0          0          1

  0.339011  -0.499392   0.797295   0.903131
 -0.914004  0.0259297   0.404876 -0.0344972
 -0.222865  -0.865988  -0.447655    1.79397
         0          0          0          1

  0.337128  -0.497473    0.79929   0.910709
 -0.913626  0.0320358   0.405292 -0.0396079
 -0.227228  -0.866888  -0.443704    1.78454
         0          0          0          1

  0.335172  -0.495192   0.801526   0.916878
 -0.913882  0.0359764   0.404382 -0.0433004
 -0.229083  -0.868038  -0.440489    1.77611
         0          0          0          1

  0.329221  -0.496201   0.803366   0.931373
 -0.913973  0.0462717   0.403128 -0.0516149
 -0.237206  -0.866974  -0.438281    1.75814
         0          0          0          1

  0.328608  -0.497486   0.802823   0.936645
 -0.913222  0.0494674   0.404449 -0.0551513
 -0.240921   -0.86606   -0.43806    1.75069
         0          0          0          1

  0.327109  -0.498475   0.802822   0.943128
 -0.912824  0.0530818   0.404888 -0.0591976
 -0.244442  -0.865278  -0.437656    1.74166
         0          0          0          1

  0.323444  -0.501099   0.802673   0.948247
 -0.913481  0.0559398   0.403018 -0.0623766
 -0.246854   -0.86358  -0.439651    1.73439
         0          0          0          1

 0.313029 -0.507374   0.80286   0.96007
-0.916271 0.0611164   0.39587 -0.069249
-0.249922 -0.859556 -0.445761    1.7182
        0         0         0         1

  0.309618  -0.510639   0.802113   0.964545
 -0.916994  0.0627802    0.39393 -0.0720616
 -0.251513    -0.8575  -0.448815     1.7114
         0          0          0          1

  0.305577  -0.515081   0.800821   0.970293
 -0.917644  0.0651109   0.392033 -0.0752391
 -0.254071  -0.854665  -0.452765    1.70337
         0          0          0          1

  0.303922  -0.517539   0.799866   0.974149
 -0.917758  0.0662402   0.391577 -0.0779682
 -0.255639  -0.853092  -0.454843      1.697
         0          0          0          1

  0.301137  -0.521016   0.798661   0.979284
 -0.918201  0.0675947   0.390306 -0.0809555
 -0.257341  -0.850866  -0.458042    1.68937
         0          0          0          1

   0.29876  -0.523979   0.797614   0.983346
 -0.918526  0.0688976   0.389311 -0.0833681
 -0.258944   -0.84894  -0.460704    1.68323
         0          0          0          1

  0.294911  -0.530269   0.794885   0.992052
 -0.918807  0.0710201   0.388265 -0.0884603
 -0.262337   -0.84485   -0.46627    1.66991
         0          0          0          1

  0.293381  -0.532584   0.793903   0.996162
 -0.918548  0.0731119   0.388489 -0.0905622
 -0.264947  -0.843214  -0.467754    1.66439
         0          0          0          1

  0.292602  -0.534201   0.793104    1.00053
 -0.918333  0.0742109   0.388789 -0.0928382
 -0.266548  -0.842094   -0.46886    1.65753
         0          0          0          1

    0.2925  -0.534403   0.793005    1.00345
 -0.917781  0.0760065   0.389744 -0.0948265
 -0.268554  -0.841805  -0.468233    1.65252
         0          0          0          1

  0.288736  -0.535067   0.793936    1.01019
 -0.918218   0.080072   0.387898 -0.0990669
 -0.271124  -0.841007  -0.468188    1.64108
         0          0          0          1

  0.28726 -0.534962  0.794542   1.01268
-0.918098 0.0827191  0.387625 -0.100985
-0.273089 -0.840817 -0.467385   1.63662
        0         0         0         1

 0.284461 -0.534305   0.79599   1.01553
-0.918402 0.0862851  0.386126 -0.103147
-0.274991 -0.840877 -0.466162   1.63133
        0         0         0         1

 0.281781 -0.533506  0.797478   1.01772
-0.918819 0.0893529  0.384432 -0.104819
-0.276354 -0.841063 -0.465018   1.62689
        0         0         0         1

 0.279354 -0.531926  0.799385   1.02023
-0.918862 0.0935186  0.383336 -0.107006
-0.278664 -0.841611 -0.462642   1.62205
        0         0         0         1

 0.280245 -0.530346  0.800122   1.02187
-0.918016  0.095538  0.384863 -0.108762
-0.280553 -0.842381 -0.460092   1.61814
        0         0         0         1

 0.282625 -0.527165  0.801387   1.02566
-0.915354  0.101567   0.38963 -0.113151
-0.286793 -0.843671 -0.453837   1.61013
        0         0         0         1

 0.282564 -0.525326  0.802614   1.02697
-0.915116  0.103247  0.389748 -0.114915
-0.287612 -0.844614  -0.45156   1.60687
        0         0         0         1

 0.281931 -0.523614  0.803955   1.02861
-0.915061  0.105139   0.38937 -0.116946
-0.288407 -0.845443 -0.449497   1.60306
        0         0         0         1

 0.282569  -0.52315  0.804033   1.02981
-0.914417  0.106342  0.390555 -0.118683
-0.289821  -0.84558 -0.448328   1.60012
        0         0         0         1

 0.283934 -0.522178  0.804184   1.03206
-0.912746  0.109732  0.393515 -0.122562
 -0.29373 -0.845748 -0.445459   1.59409
        0         0         0         1

 0.285452 -0.521864   0.80385   1.03269
-0.912074  0.109676  0.395085 -0.124114
-0.294344 -0.845949 -0.444671   1.59136
        0         0         0         1

 0.288687 -0.522855  0.802049   1.03424
-0.909951  0.110677  0.399675 -0.126089
 -0.29774 -0.845206 -0.443821   1.58832
        0         0         0         1

 0.291951 -0.522311  0.801222   1.03486
-0.907884  0.112168  0.403938 -0.127575
-0.300852 -0.845346  -0.44145   1.58595
        0         0         0         1

 0.290069 -0.523193   0.80133   1.03618
 -0.90816  0.113606  0.402913 -0.128889
-0.301837 -0.844608 -0.442189    1.5828
        0         0         0         1

 0.287112 -0.522776  0.802665   1.03674
-0.909315  0.114725  0.399981 -0.129917
-0.301186 -0.844715 -0.442429   1.58061
        0         0         0         1

