-0.386747  0.920143 0.0613465  0.312472
-0.559749 -0.287095   0.77734  0.842684
 0.732877  0.266295  0.626082   2.72129
        0         0         0         1

-0.374736  0.927091  0.008716  0.278054
-0.602121 -0.250508  0.758087  0.785915
 0.704999  0.278834  0.652095   2.72132
        0         0         0         1

 -0.360038   0.932349 -0.0331332   0.248131
 -0.640902  -0.221372    0.73501   0.736645
  0.677951   0.285867   0.677246    2.72947
         0          0          0          1

-0.330797  0.936439 -0.116855  0.202166
-0.685703 -0.153435  0.711526  0.667987
 0.648371  0.315499  0.692875   2.68427
        0         0         0         1

-0.321296  0.936473 -0.140668  0.193774
 -0.70421 -0.136964  0.696656  0.639508
 0.633133  0.322893  0.703479   2.67654
        0         0         0         1

-0.312292  0.934334  -0.17174  0.180887
-0.715822 -0.112585  0.689147  0.613395
 0.624558   0.33815  0.703976   2.65162
        0         0         0         1

 -0.301843   0.930754  -0.206368   0.160335
 -0.736696 -0.0903201   0.670166   0.577366
   0.60512   0.354315   0.712945    2.64129
         0          0          0          1

-0.276969  0.922038 -0.270434  0.129082
-0.764845 -0.041188  0.642897  0.515585
 0.581637  0.384902  0.716623   2.59916
        0         0         0         1

 -0.260407   0.913209  -0.313427   0.101277
 -0.792407 -0.0166786   0.609765   0.466077
  0.551616   0.407149   0.727976    2.59571
         0          0          0          1

  -0.251472    0.906655    -0.33873   0.0943173
  -0.801817 0.000860504    0.597569     0.44283
   0.542081    0.421871    0.726755     2.57098
          0           0           0           1

-0.237684  0.901622 -0.361364 0.0878215
-0.817882 0.0149252  0.575193  0.410897
    0.524  0.432267  0.733873    2.5645
        0         0         0         1

-0.233956  0.888422 -0.394931 0.0749503
-0.826681 0.0320216  0.561759  0.388926
 0.511726  0.457909   0.72695   2.53216
        0         0         0         1

-0.225285   0.88006 -0.418021 0.0674339
-0.837162 0.0446296  0.545132  0.362719
 0.498405  0.472761  0.726698   2.51725
        0         0         0         1

-0.207907  0.861588 -0.463077 0.0607236
-0.858946 0.0656775  0.507838  0.304798
 0.467961  0.503341  0.726402   2.48545
        0         0         0         1

-0.212611  0.851557 -0.479216 0.0572374
-0.860015 0.0697387  0.505481  0.295344
 0.463866  0.519604  0.717524   2.46024
        0         0         0         1

-0.209286  0.836839 -0.505866 0.0488791
-0.866996 0.0804493  0.491778  0.272017
 0.452235  0.541506  0.708699   2.43004
        0         0         0         1

-0.201556  0.826535 -0.525562 0.0417743
-0.874637 0.0896494  0.476418  0.247207
 0.440892  0.555701  0.704848   2.41523
        0         0         0         1

-0.184832  0.789655 -0.585049 0.0188585
-0.895383  0.110095  0.431473    0.1889
 0.405126  0.603593  0.686694   2.36307
        0         0         0         1

-0.180896  0.780417  -0.59852 0.0191495
 -0.90244  0.110225  0.416475  0.169013
 0.390996  0.615468   0.68434   2.34815
        0         0         0         1

 -0.164859   0.760887  -0.627593 0.00863263
 -0.915832   0.118129   0.383793   0.131539
   0.36616   0.638041    0.67737    2.32532
         0          0          0          1

-0.167418  0.753843 -0.635368  0.012214
-0.917312  0.117043  0.380577  0.121999
 0.361261  0.646546  0.671914   2.30558
        0         0         0         1

-0.169586  0.742087 -0.648496 0.0128467
-0.922994  0.111047  0.368442  0.101019
  0.34543  0.661041   0.66611    2.2847
        0         0         0         1

-0.169389  0.732438 -0.659425 0.0114881
-0.924266  0.114203  0.364268 0.0903441
 0.342112  0.671187  0.657623   2.26274
        0         0         0         1

 -0.170212   0.707022  -0.686402 0.00898679
 -0.933193   0.108082   0.342739  0.0530468
  0.316512   0.698883   0.641391    2.21462
         0          0          0          1

 -0.167831   0.697521  -0.696633 0.00905678
 -0.936183   0.108625   0.334307  0.0417379
  0.308858   0.708283   0.634777     2.1946
         0          0          0          1

 -0.165731   0.682845  -0.711517 0.00962287
 -0.940992    0.10638   0.321275  0.0235601
  0.295072   0.722777   0.624921    2.16833
         0          0          0          1

 -0.16342  0.674628 -0.719841 0.0123086
-0.945308  0.101703   0.30992 0.0104025
  0.28229  0.731118   0.62111   2.15127
        0         0         0         1

-0.150084  0.649054 -0.745791 0.0129133
-0.956624 0.0951717   0.27534 -0.027877
 0.249688  0.754766  0.606617   2.10518
        0         0         0         1

 -0.153392   0.639962  -0.752941   0.014872
 -0.958601  0.0886186   0.270611 -0.0369458
  0.239905    0.76328   0.599875    2.08451
         0          0          0          1

 -0.147512   0.628812  -0.763437  0.0150618
 -0.963578  0.0827156   0.254312 -0.0564691
  0.223063   0.773145   0.593708    2.05981
         0          0          0          1

 -0.151578   0.622336  -0.767934  0.0179807
 -0.965077  0.0747562   0.251074 -0.0638988
   0.21366   0.779173    0.58927    2.04207
         0          0          0          1

-0.156474  0.614613 -0.773154 0.0220453
 -0.96699 0.0640645  0.246631 -0.075483
 0.201114  0.786223    0.5843   2.01835
        0         0         0         1

 -0.153955   0.605586  -0.780745  0.0222541
 -0.970059  0.0575753   0.235944 -0.0879166
  0.187836   0.793694   0.578591    2.00095
         0          0          0          1

-0.148212  0.584455 -0.797775 0.0254487
-0.976192 0.0427233  0.212658 -0.115428
 0.158373    0.8103  0.564209   1.95638
        0         0         0         1

-0.151374  0.576171 -0.803189 0.0288539
-0.977261 0.0348244  0.209162 -0.121324
 0.148483  0.816587  0.557798   1.93974
        0         0         0         1

-0.152606  0.564783 -0.811006 0.0325288
-0.978909 0.0263962  0.202582 -0.131316
 0.135822  0.824817  0.548843   1.91637
        0         0         0         1

-0.154784  0.555253 -0.817151 0.0352554
-0.979942 0.0188037  0.198396 -0.138398
 0.125526  0.831469  0.541205   1.89926
        0         0         0         1

 -0.155131   0.532523  -0.832078  0.0401565
 -0.982747 0.00268273   0.184938    -0.1592
  0.100716   0.846411   0.522919    1.85674
         0          0          0          1

  -0.160377    0.527616   -0.834207   0.0445265
  -0.982736 -0.00637271    0.184901   -0.163947
  0.0922406    0.849459    0.519529     1.84346
          0           0           0           1

-0.159653  0.513756 -0.842951 0.0462336
-0.984041 -0.014857   0.17732 -0.173823
0.0785754  0.857808  0.507929   1.82088
        0         0         0         1

 -0.158992   0.508177   -0.84645   0.048039
 -0.984809 -0.0210099   0.172367   -0.18162
 0.0698088   0.860997   0.503797    1.80763
         0          0          0          1

-0.160106  0.497565 -0.852523 0.0512986
-0.985338  -0.02898  0.168136 -0.189601
0.0589523  0.866942   0.49491   1.78704
        0         0         0         1

 -0.161454    0.49081  -0.856176  0.0541931
 -0.985495 -0.0342346   0.166215  -0.193762
 0.0522694   0.870594   0.489218    1.77263
         0          0          0          1

 -0.154426   0.479182  -0.864024  0.0603304
 -0.987538 -0.0479854   0.149889  -0.210664
 0.0303635   0.876403   0.480621     1.7406
         0          0          0          1

 -0.155508   0.472932  -0.867267   0.063643
 -0.987522 -0.0523514   0.148523  -0.214381
 0.0248387   0.879542   0.475172    1.72687
         0          0          0          1

 -0.149985   0.461047  -0.874609   0.065833
 -0.988568 -0.0561379   0.139935  -0.222185
 0.0154177   0.885598   0.464196    1.70703
         0          0          0          1

-0.150365  0.459985 -0.875102 0.0689015
-0.988601 -0.063102  0.136698 -0.227514
0.00765846  0.885682   0.46423   1.69843
        0         0         0         1

 -0.151287   0.447028  -0.881634  0.0740849
 -0.988453 -0.0760963   0.131033  -0.239692
-0.00851364   0.891277   0.453379    1.66865
         0          0          0          1

 -0.154396    0.44293  -0.883162   0.075918
 -0.987924 -0.0809688   0.132102  -0.243428
-0.0129966   0.892893   0.450082    1.65892
         0          0          0          1

 -0.154996   0.436316  -0.886344   0.077337
 -0.987667 -0.0885516   0.129124  -0.250326
-0.0221484   0.895426    0.44466    1.64566
         0          0          0          1

-0.156402  0.430082 -0.889139 0.0782184
-0.987312 -0.093111  0.128632 -0.254784
-0.0274662  0.897976  0.439187   1.63549
        0         0         0         1

 -0.15579  0.422436 -0.892904 0.0795226
-0.987066 -0.101175  0.124353 -0.262011
-0.0378087  0.900728  0.432735    1.6232
        0         0         0         1

-0.159295  0.418124 -0.894314 0.0816748
-0.986299 -0.106757  0.125767 -0.264761
-0.0428883  0.902095  0.429401    1.6154
        0         0         0         1

-0.157454  0.396832 -0.904286 0.0829012
-0.985751 -0.118046  0.119836 -0.278116
-0.059193  0.910269  0.409764    1.5933
        0         0         0         1

-0.161591  0.387917 -0.907419  0.083669
-0.984708 -0.124041  0.122328 -0.281117
-0.065104   0.91331  0.402029   1.58573
        0         0         0         1

-0.165453   0.37413 -0.912498  0.084254
-0.983429  -0.13212  0.124143 -0.285739
-0.0741138  0.917917   0.38979   1.57508
        0         0         0         1

-0.168064  0.363411 -0.916344 0.0843171
  -0.9825 -0.137479  0.125676 -0.289559
-0.0803059  0.921429  0.380156   1.56799
        0         0         0         1

-0.174306  0.340738 -0.923859  0.084375
-0.980345 -0.148105   0.13034 -0.298997
-0.0924165  0.928419  0.359857   1.55028
        0         0         0         1

-0.175887  0.334745 -0.925748 0.0837604
-0.979627 -0.152117  0.131119 -0.302816
-0.096931   0.92995   0.35468   1.54417
        0         0         0         1

-0.179497  0.329553 -0.926917 0.0840258
-0.978454 -0.157519  0.133473 -0.306915
-0.102021  0.930904  0.350726   1.53682
        0         0         0         1

-0.181167  0.327605 -0.927283 0.0841769
-0.977747  -0.16142  0.133998 -0.309887
-0.105783  0.930923  0.349559   1.53191
        0         0         0         1

-0.184397   0.32493 -0.927587  0.084615
-0.976828 -0.164919  0.136415  -0.31257
-0.108651  0.931248  0.347811   1.52381
        0         0         0         1

-0.185307   0.32568 -0.927143 0.0850672
-0.976342 -0.168011  0.136122 -0.315289
-0.111438  0.930432  0.349109   1.51943
        0         0         0         1

-0.181648  0.328217 -0.926972 0.0853702
-0.976384 -0.172308  0.130321 -0.323674
-0.116951  0.928754  0.351765   1.50693
        0         0         0         1

-0.179333  0.331407 -0.926288 0.0854429
-0.976481  -0.17451  0.126614 -0.327099
-0.119686  0.927208  0.354908   1.50306
        0         0         0         1

-0.178842  0.336759  -0.92445 0.0863895
-0.976244 -0.177558  0.124181 -0.329978
-0.122325  0.924698  0.360514   1.49776
        0         0         0         1

-0.176825  0.340835 -0.923344 0.0863118
-0.976416 -0.178815  0.120982 -0.333204
-0.123873  0.922961  0.364416    1.4939
        0         0         0         1

-0.174961  0.344744 -0.922248  0.086446
-0.976529 -0.180266  0.117874 -0.336522
-0.125614  0.921225  0.368192   1.48751
        0         0         0         1

-0.173644  0.348542 -0.921068 0.0864271
-0.976635 -0.181197  0.115553 -0.339175
 -0.12662  0.919612  0.371862   1.48442
        0         0         0         1

 -0.17189  0.359218 -0.917287  0.086468
-0.976478 -0.185172  0.110466 -0.345549
-0.130175  0.914698  0.382598   1.47797
        0         0         0         1

-0.169614  0.359933 -0.917431  0.085473
-0.976639 -0.186018   0.10758 -0.349126
-0.131937  0.914246  0.383076   1.47471
        0         0         0         1

 -0.16936  0.359919 -0.917483  0.084959
-0.976472 -0.187371  0.106746 -0.352337
 -0.13349  0.913975  0.383184   1.47075
        0         0         0         1

-0.168666  0.359303 -0.917853 0.0837486
-0.976396 -0.188362  0.105688 -0.355711
-0.134914  0.914014  0.382592   1.46852
        0         0         0         1

-0.171542  0.356442 -0.918435 0.0821428
-0.975301 -0.193114  0.107217 -0.360514
-0.139146  0.914142  0.380765    1.4633
        0         0         0         1

-0.171268  0.355477  -0.91886 0.0810815
-0.975122 -0.194382  0.106554 -0.363215
-0.140732  0.914249  0.379925   1.46057
        0         0         0         1

-0.171325  0.356036 -0.918633 0.0803729
 -0.97484 -0.196217   0.10576 -0.366536
-0.142597  0.913639  0.380695   1.45714
        0         0         0         1

-0.172208  0.360293 -0.916806 0.0802039
-0.974497 -0.198246  0.105137 -0.368489
-0.143873   0.91153  0.385244   1.45656
        0         0         0         1

-0.174454  0.367946 -0.913335 0.0797806
-0.974014 -0.200545  0.105252 -0.370599
-0.144438  0.907963  0.393371   1.45411
        0         0         0         1

-0.177354  0.376015 -0.909482  0.079129
-0.973564 -0.202194  0.106256 -0.372063
-0.143938  0.904284  0.401935   1.45275
        0         0         0         1

-0.188449  0.395323 -0.899003 0.0762483
-0.971489 -0.209132  0.111681 -0.375803
-0.143861  0.894418  0.423463   1.45129
        0         0         0         1

-0.192128  0.397156 -0.897415 0.0748964
-0.970928 -0.209967  0.114945 -0.377249
-0.142777   0.89341  0.425951   1.44891
        0         0         0         1

-0.198519  0.399952 -0.894779 0.0727534
-0.969482 -0.214133  0.119379 -0.378869
-0.143856  0.891171  0.430255   1.44788
        0         0         0         1

-0.202288  0.401874 -0.893072  0.070822
-0.968668 -0.216278  0.122088 -0.380745
-0.144088  0.889787  0.433033   1.44741
        0         0         0         1

-0.215322  0.406984 -0.887694 0.0665153
 -0.96605 -0.221672  0.132698 -0.382053
-0.142771   0.88613  0.440898   1.44568
        0         0         0         1

-0.216646  0.410481 -0.885759 0.0646915
-0.965859  -0.22215  0.133288 -0.383793
-0.142059  0.884395  0.444595   1.44447
        0         0         0         1

 -0.21865  0.418314 -0.881592 0.0633895
-0.965515 -0.223593   0.13337 -0.384408
-0.141327  0.880352  0.452777   1.44406
        0         0         0         1

-0.219827  0.427992 -0.876641 0.0632557
-0.965553 -0.223703  0.132907  -0.38454
-0.139224   0.87566  0.462425   1.44442
        0         0         0         1

-0.217902  0.443882 -0.869188 0.0637154
-0.966349 -0.222872  0.128443 -0.385121
-0.136704  0.867927  0.477509   1.44488
        0         0         0         1

-0.216678  0.458249 -0.862008 0.0648562
-0.967066 -0.221537  0.125315 -0.384496
-0.133541  0.860772   0.49116   1.44603
        0         0         0         1

-0.207368  0.479878 -0.852476 0.0681153
-0.969508 -0.217133  0.113608 -0.384858
-0.130583  0.850041  0.510272   1.44689
        0         0         0         1

-0.205171  0.479934 -0.852976 0.0693161
-0.969916 -0.216377  0.111553 -0.384225
-0.131026  0.850202   0.50989   1.44626
        0         0         0         1

-0.201693  0.480933 -0.853243 0.0710174
-0.970366 -0.216484  0.107357  -0.38392
-0.133082  0.849611  0.510344   1.44715
        0         0         0         1

-0.201224  0.476444 -0.855868 0.0723708
 -0.97032 -0.216584  0.107565 -0.382688
-0.134118   0.85211  0.505886   1.44687
        0         0         0         1

-0.200116  0.470253 -0.859544 0.0754638
-0.970402 -0.216171  0.107659 -0.380017
-0.135182  0.855647  0.499594   1.44792
        0         0         0         1

-0.199888  0.472575 -0.858322 0.0771602
-0.970737 -0.214509  0.107963 -0.378341
-0.133097  0.854786  0.501624   1.44903
        0         0         0         1

-0.197767  0.480184 -0.854583  0.079692
-0.971801 -0.210256  0.106752 -0.376413
-0.128421  0.851596  0.508224   1.45151
        0         0         0         1

-0.197736  0.487906 -0.850205 0.0828059
-0.972369 -0.207423  0.107114 -0.372716
 -0.12409  0.847893   0.51544   1.45478
        0         0         0         1

-0.193802  0.499506 -0.844354  0.087017
-0.974018 -0.200763  0.104795 -0.369286
 -0.11717  0.842726  0.525437   1.45908
        0         0         0         1

-0.188812  0.506692 -0.841197 0.0908079
-0.975667 -0.194019  0.102128 -0.366399
-0.111461  0.840012  0.530996   1.46217
        0         0         0         1

-0.169478  0.513369 -0.841267  0.102534
-0.980579 -0.173324 0.0917752 -0.359517
-0.0986975  0.840483  0.532773   1.47017
        0         0         0         1

-0.161039  0.513273 -0.842981  0.107507
-0.982421 -0.165083 0.0871611 -0.356779
-0.0944244  0.842199  0.530835   1.47398
        0         0         0         1

-0.149518  0.511511 -0.846168  0.114703
-0.984981 -0.151799 0.0822832 -0.352157
-0.0863585  0.845762  0.526525   1.47899
        0         0         0         1

-0.140123  0.509943 -0.848719  0.120093
-0.986959 -0.140531 0.0785097 -0.348826
-0.0792362  0.848651  0.522984   1.48302
        0         0         0         1

-0.120947  0.505264 -0.854447  0.133595
-0.990674  -0.11585 0.0717236 -0.339322
-0.0627483  0.855153  0.514564   1.49671
        0         0         0         1

 -0.11283  0.502214 -0.857351   0.13879
-0.992084 -0.104814 0.0691641  -0.33537
-0.0551273  0.858368  0.510065   1.50126
        0         0         0         1

 -0.10272  0.499779  -0.86004  0.146182
-0.993722 -0.090092  0.066333 -0.329263
-0.044331  0.861455  0.505896   1.50835
        0         0         0         1

-0.0955485   0.498037  -0.861875   0.152091
 -0.994723 -0.0802757  0.0638886   -0.32376
-0.0373688   0.863432   0.503079    1.51312
         0          0          0          1

-0.0830473   0.497267  -0.863614   0.160344
 -0.996174 -0.0650789  0.0583223   -0.31695
-0.0272013   0.865154   0.500769    1.52102
         0          0          0          1

-0.0735333   0.496213  -0.865081   0.166628
 -0.997066 -0.0550936  0.0531504  -0.312083
-0.0212866   0.866451   0.498808    1.52653
         0          0          0          1

-0.0434374   0.496408  -0.867002   0.183764
 -0.999046 -0.0254749  0.0354671  -0.299414
-0.00448061   0.867716   0.497041    1.54163
         0          0          0          1

-0.0368206   0.498291  -0.866227   0.191943
 -0.999316 -0.0152808  0.0336876  -0.291623
0.00354961   0.866875   0.498513    1.54771
         0          0          0          1

 -0.0218955     0.50079   -0.865292    0.202852
  -0.999676 0.000250449   0.0254409   -0.283009
  0.0129573    0.865569    0.500622     1.55633
          0           0           0           1

-0.0119923  0.501383 -0.865143  0.210769
-0.999728 0.0112839 0.0203973 -0.276477
0.0199891  0.865152  0.501111   1.56199
        0         0         0         1

 0.0164221   0.502824  -0.864233   0.232164
 -0.999136  0.0412659 0.00502365  -0.259967
 0.0381893   0.863403   0.503067    1.57697
         0          0          0          1

   0.0259167     0.502512    -0.864182     0.240943
   -0.998702    0.0509354 -0.000332634    -0.252825
   0.0438503     0.863069     0.503179      1.58269
           0            0            0            1

 0.0450431   0.503777  -0.862659    0.25322
 -0.997689  0.0666559 -0.0131678  -0.244807
 0.0508676   0.861259   0.505615     1.5915
         0          0          0          1

 0.0538799   0.504229  -0.861887   0.262877
 -0.996941  0.0761036 -0.0177998   -0.23721
 0.0566175    0.86021   0.506787    1.59693
         0          0          0          1

 0.0688749   0.504076  -0.860909    0.27649
 -0.995552  0.0903369 -0.0267531  -0.226897
 0.0642862   0.858922   0.508055    1.60401
         0          0          0          1

 0.0775642   0.504098  -0.860156   0.286758
  -0.99459   0.098913 -0.0317184  -0.218936
 0.0690914   0.857963   0.509044    1.60916
         0          0          0          1

  0.102163   0.499331  -0.860367   0.312638
 -0.991492   0.121243 -0.0473673  -0.199768
 0.0806617   0.857886   0.507469     1.6205
         0          0          0          1

 0.110322  0.496703  -0.86088    0.3225
-0.990316  0.128383 -0.052836  -0.19198
0.0842787  0.858373  0.506057   1.62397
        0         0         0         1

  0.120602   0.495581  -0.860148    0.33715
 -0.988948   0.135255 -0.0607327  -0.181319
 0.0862412   0.857966   0.506416     1.6303
         0          0          0          1

  0.130412   0.492524  -0.860472   0.347122
  -0.98766   0.140443 -0.0693005  -0.174541
 0.0867154   0.858892   0.504762    1.63384
         0          0          0          1

  0.149137    0.48471  -0.861867   0.375317
 -0.984757   0.151707 -0.0850819  -0.153065
 0.0895113   0.861418   0.499947    1.64123
         0          0          0          1

  0.156708   0.481038   -0.86258   0.386116
  -0.98359   0.155073 -0.0922114  -0.144999
 0.0894059   0.862876   0.497446    1.64314
         0          0          0          1

 0.170672  0.477345 -0.861982  0.401643
-0.981374  0.160647 -0.105349 -0.133902
0.0881871  0.863906  0.495872   1.64599
        0         0         0         1

 0.179503  0.475683 -0.861107  0.413111
-0.979894  0.163951 -0.113696 -0.125704
0.0870963  0.864202  0.495549   1.64777
        0         0         0         1

 0.192941  0.472871 -0.859748  0.428663
-0.977493   0.16883 -0.126507 -0.114656
0.0853299  0.864806  0.494803   1.64964
        0         0         0         1

 0.200077  0.471409 -0.858919  0.441115
-0.976063  0.172194 -0.132857 -0.105295
0.0852704  0.864941  0.494577   1.65001
        0         0         0         1

  0.222384   0.465926  -0.856422    0.47263
 -0.971447   0.180389  -0.154114 -0.0828008
 0.0826839   0.866241   0.492738    1.65146
         0          0          0          1

  0.229924   0.463184  -0.855918   0.485188
 -0.969927   0.181224   -0.16248 -0.0740028
 0.0798547   0.867536   0.490922    1.65123
         0          0          0          1

  0.238879    0.45768  -0.856426   0.502224
 -0.968004   0.182036   -0.17272 -0.0614475
 0.0768497   0.870283    0.48652    1.65087
         0          0          0          1

  0.246448   0.453525  -0.856492   0.514278
 -0.966195   0.184006   -0.18058 -0.0526854
  0.075702   0.872042   0.483542    1.64909
         0          0          0          1

  0.262193   0.448719  -0.854345   0.546858
 -0.962825   0.181256  -0.200286 -0.0304768
 0.0649829   0.875099   0.479562     1.6463
         0          0          0          1

  0.268359   0.446155  -0.853773   0.559277
 -0.961424   0.179608  -0.208339 -0.0218147
 0.0603931   0.876748   0.477144    1.64451
         0          0          0          1

   0.278293    0.442061   -0.852722    0.576496
  -0.958896    0.179095   -0.220099 -0.00950792
  0.0554213    0.878924    0.473732     1.64082
          0           0           0           1

    0.282279     0.441192    -0.851862     0.589688
   -0.957945     0.177368     -0.22557 -0.000785558
   0.0515731      0.87971     0.472705      1.63822
           0            0            0            1

 0.286811  0.440812 -0.850543  0.607577
-0.956854  0.174995 -0.231965 0.0116028
0.0465879  0.880376  0.471983   1.63452
        0         0         0         1

 0.291946  0.440557 -0.848927   0.61965
-0.955443  0.174744 -0.237893 0.0196794
0.0435391  0.880553  0.471943    1.6314
        0         0         0         1

 0.306252  0.441645 -0.843303  0.650069
-0.951372  0.172874 -0.254963 0.0397851
0.0331819  0.880378  0.473111   1.62327
        0         0         0         1

 0.309788  0.443234 -0.841175  0.662146
-0.950306  0.173012 -0.258815 0.0474956
0.0308173  0.879551  0.474805   1.61929
        0         0         0         1

 0.314454  0.446966 -0.837461  0.679212
 -0.94897  0.170305  -0.26543 0.0579417
0.0239858   0.87819   0.47771   1.61468
        0         0         0         1

  0.31896  0.450381  -0.83392  0.690656
-0.947569  0.169582 -0.270841 0.0649398
0.0194361  0.876584  0.480857   1.61055
        0         0         0         1

 0.327749  0.455036 -0.827963   0.72152
-0.944708   0.16751 -0.281901 0.0831697
0.0104171  0.874576  0.484777   1.59942
        0         0         0         1

 0.331148  0.455526 -0.826339  0.731988
-0.943558  0.165709 -0.286774 0.0894329
0.00629898  0.874664   0.48469   1.59534
        0         0         0         1

  0.33598  0.456284 -0.823967   0.74672
-0.941869  0.163084 -0.293745 0.0987053
0.000344897  0.874762  0.484553   1.58883
        0         0         0         1

 0.334246  0.457749  -0.82386  0.759729
-0.942482  0.159773 -0.293599  0.105781
-0.00276377  0.874608  0.484823   1.58386
        0         0         0         1

 0.338659  0.457817 -0.822018  0.773995
-0.940853  0.155205 -0.301177  0.114132
-0.0103029  0.875394    0.4833   1.57733
        0         0         0         1

 0.340266   0.45852 -0.820962  0.783986
-0.940239  0.153773 -0.303818  0.119791
-0.0130647  0.875279  0.483442    1.5714
        0         0         0         1

 0.342691  0.462503 -0.817713  0.810656
-0.939074  0.144075 -0.312061  0.134052
-0.0265171  0.874833  0.483698   1.55895
        0         0         0         1

 0.343665  0.464265 -0.816304  0.820108
-0.938556  0.140433 -0.315263  0.138972
-0.0317295  0.874492  0.484001   1.55405
        0         0         0         1

 0.344404  0.467602 -0.814085  0.833682
-0.937948  0.133974 -0.319852  0.146128
-0.0404972  0.873728  0.484727   1.54763
        0         0         0         1

 0.343948   0.46975 -0.813041  0.843744
-0.937938  0.130932 -0.321136  0.150732
-0.0444009  0.873036   0.48563     1.542
        0         0         0         1

 0.342613  0.473631 -0.811351  0.867999
-0.937851  0.121651 -0.325017  0.162414
-0.0552364  0.872281  0.485875   1.52856
        0         0         0         1

 0.341191  0.475863 -0.810643  0.876766
-0.937906  0.114899 -0.327307  0.165757
-0.0626114  0.871982  0.485518   1.52492
        0         0         0         1

 0.340997   0.47578 -0.810774  0.887206
 -0.93765  0.110363 -0.329596  0.171008
-0.0673354  0.872613  0.483749    1.5179
        0         0         0         1

 0.338249  0.475387 -0.812154  0.895006
-0.938275  0.104059 -0.329866  0.174064
-0.0723019  0.873601  0.481242   1.51337
        0         0         0         1

 0.334684  0.478091 -0.812044  0.905493
-0.939012  0.096952 -0.329934  0.178444
-0.0790093  0.872943  0.481382   1.50724
        0         0         0         1

 0.332711  0.480068 -0.811689  0.913219
-0.939602 0.0954421 -0.328694  0.181542
-0.0803259  0.872024  0.482827   1.50205
        0         0         0         1

 0.336209  0.488048 -0.805464  0.930307
-0.937446 0.0913979 -0.335919  0.188782
-0.090327  0.868018  0.488248   1.49181
        0         0         0         1

 0.336429   0.49153 -0.803252   0.93706
 -0.93706 0.0900831 -0.337348  0.191612
-0.0934572  0.866189    0.4909   1.48745
        0         0         0         1

 0.335625  0.495524 -0.801132  0.946795
-0.937175 0.0897133 -0.337128  0.195161
-0.0951828  0.863949  0.494502   1.48067
        0         0         0         1

 0.336008  0.497722 -0.799607  0.952752
-0.936582 0.0868286 -0.339521  0.197619
-0.0995583  0.862979  0.495333   1.47786
        0         0         0         1

  0.33532  0.498978 -0.799113  0.967958
-0.936287 0.0823843 -0.341439  0.203479
-0.104536   0.86269  0.494812   1.46886
        0         0         0         1

 0.335492  0.500206 -0.798273  0.972637
-0.935791  0.079492 -0.343477  0.205257
-0.108353   0.86225  0.494757   1.46698
        0         0         0         1

 0.334565   0.50089 -0.798233  0.979754
-0.935695 0.0759108 -0.344547  0.207661
-0.111985  0.862176  0.494077   1.46258
        0         0         0         1

 0.335276  0.501363 -0.797637  0.983383
-0.934994 0.0731389 -0.347039   0.20951
-0.115655   0.86214  0.493293   1.45979
        0         0         0         1

 0.335027  0.502709 -0.796895  0.989274
-0.934948 0.0725809  -0.34728  0.211793
-0.116741  0.861403  0.494323   1.45345
        0         0         0         1

 0.334491  0.504231 -0.796158  0.993688
-0.934413 0.0676998   -0.3497  0.213638
 -0.12243  0.860911  0.493805   1.45286
        0         0         0         1

 0.331349   0.50936 -0.794204   1.00476
-0.935077 0.0650056 -0.348431  0.216982
-0.125849  0.858095  0.497831   1.44424
        0         0         0         1

  0.33114   0.51158 -0.792863   1.00771
-0.934842 0.0637748 -0.349288  0.217935
-0.128124  0.856866  0.499365   1.44188
        0         0         0         1

 0.332776  0.513427 -0.790982   1.01065
-0.934043 0.0640905 -0.351362   0.22015
-0.129704  0.855737  0.500891   1.43792
        0         0         0         1

 0.330486  0.514916 -0.790974    1.0151
-0.934476 0.0609454  -0.35077  0.220751
-0.132411  0.855071  0.501319   1.43645
        0         0         0         1

 0.329433  0.520117 -0.788005   1.02152
-0.934032  0.057494 -0.352532  0.223012
-0.138052  0.852158  0.504746   1.42981
        0         0         0         1

 0.329005   0.52268 -0.786487   1.02383
-0.933769 0.0558644  -0.35349  0.223615
-0.140826  0.850697  0.506442   1.42734
        0         0         0         1

 0.331752  0.524588 -0.784059   1.02439
-0.932303    0.0554 -0.357411  0.224875
-0.144056  0.849552  0.507454   1.42418
        0         0         0         1

 0.330445  0.526117 -0.783586   1.02704
-0.932314 0.0526836 -0.357792  0.225119
-0.146958  0.848779  0.507915   1.42229
        0         0         0         1

  0.32921  0.529045 -0.782133    1.0297
-0.932347  0.050982 -0.357953  0.225923
-0.149498  0.847061  0.510037   1.41829
        0         0         0         1

 0.327611  0.531123 -0.781396   1.03184
-0.932756 0.0501132 -0.357009  0.226531
-0.150457  0.845812  0.511825   1.41516
        0         0         0         1

 0.321005  0.535866 -0.780899   1.03736
-0.933928 0.0421848 -0.354963  0.227841
-0.157271  0.843248  0.514002   1.40927
        0         0         0         1

 0.320746  0.536127 -0.780826   1.03763
-0.933629 0.0400823 -0.355993  0.227839
 -0.15956  0.843185    0.5134   1.40687
        0         0         0         1

 0.319824  0.538137 -0.779822   1.03884
 -0.93277 0.0343763 -0.358829   0.22819
-0.166292  0.842156  0.512952   1.40497
        0         0         0         1

 0.318284  0.539022  -0.77984   1.03981
-0.932597 0.0303703 -0.359638  0.228685
-0.170169  0.841744  0.512357   1.40265
        0         0         0         1

 0.318014  0.541022 -0.778564   1.04127
-0.931276 0.0243028 -0.363503  0.229591
-0.177742  0.840657   0.51157   1.39563
        0         0         0         1

 0.316141  0.541317 -0.779122   1.04321
-0.931407 0.0209503 -0.363377   0.23003
-0.180379  0.840557   0.51081   1.39315
        0         0         0         1

 0.314212  0.543991 -0.778039   1.04489
-0.930986 0.0161346 -0.364699  0.230639
-0.185839  0.838936  0.511518   1.39045
        0         0         0         1

 0.311927  0.546289 -0.777348   1.04631
-0.931523 0.0148164  -0.36338   0.23122
-0.186993  0.837466  0.513503   1.38755
        0         0         0         1

 0.309428  0.548679 -0.776663   1.04823
-0.931672 0.0114126 -0.363122  0.231653
-0.190374  0.835955   0.51472   1.38502
        0         0         0         1

 0.308066  0.550883 -0.775643   1.04892
-0.932134 0.0116773 -0.361926  0.231979
-0.190322  0.834501  0.517094   1.38161
        0         0         0         1

  0.306573   0.553589  -0.774308     1.0514
 -0.931344 0.00652481  -0.364083   0.232854
   -0.1965   0.832764   0.517582    1.37756
         0          0          0          1

  0.306602   0.553593  -0.774293    1.05201
 -0.930788 0.00424405  -0.365535   0.233216
 -0.199072   0.832777   0.516579    1.37572
         0          0          0          1

  0.304877   0.553515  -0.775029    1.05335
  -0.93083 0.00100155   -0.36545   0.234059
 -0.201506   0.832838   0.515534    1.37288
         0          0          0          1

    0.306011     0.553439    -0.774637       1.0528
   -0.929846 -0.000874427    -0.367949     0.234969
   -0.204314      0.83289     0.514345      1.37161
           0            0            0            1

   0.301097    0.554939   -0.775489     1.05551
  -0.930207 -0.00807458   -0.366947    0.236316
  -0.209895    0.831852    0.513777     1.36629
          0           0           0           1

  0.298116   0.555708   -0.77609    1.05681
 -0.930647 -0.0115232  -0.365736   0.236838
 -0.212185   0.831298   0.513733    1.36493
         0          0          0          1

  0.295996   0.556508  -0.776328    1.05752
 -0.930612 -0.0151672  -0.365693   0.237744
 -0.215286   0.830704   0.513403     1.3626
         0          0          0          1

  0.292706   0.557154  -0.777112    1.05903
 -0.931464 -0.0175298  -0.363412    0.23781
 -0.216099   0.830224   0.513838    1.35992
         0          0          0          1

  0.289191   0.557303   -0.77832    1.06058
 -0.931573 -0.0232849  -0.362807   0.238753
 -0.220316   0.829983   0.512435    1.35856
         0          0          0          1

  0.289108   0.556715  -0.778772    1.06056
 -0.930802 -0.0265909  -0.364556   0.239818
 -0.223662   0.830278   0.510503    1.35706
         0          0          0          1

  0.286635     0.5594  -0.777761    1.06238
 -0.930294 -0.0314409  -0.365464   0.242128
 -0.228894   0.828301   0.511395    1.35203
         0          0          0          1

  0.287089   0.555477  -0.780401     1.0635
 -0.929539 -0.0352402  -0.367036   0.243004
 -0.231382   0.830785    0.50622    1.35175
         0          0          0          1

  0.284638   0.549169  -0.785744    1.06572
 -0.930433 -0.0390897  -0.364372   0.243307
 -0.230817   0.834796   0.499839    1.34968
         0          0          0          1

  0.280464   0.547315  -0.788534    1.06759
 -0.930874 -0.0452849  -0.362522   0.243599
 -0.234123   0.835701   0.496781     1.3491
         0          0          0          1

  0.278335   0.547662  -0.789047     1.0676
 -0.931815 -0.0452466  -0.360101   0.244246
 -0.232916   0.835475   0.497726    1.34675
         0          0          0          1

 0.273442  0.548811 -0.789959   1.06867
-0.933274 -0.047451 -0.356016  0.243862
 -0.23287  0.834598  0.499216   1.34621
        0         0         0         1

  0.268531   0.548316  -0.791985    1.06872
 -0.934965 -0.0494858  -0.351271   0.244304
   -0.2318   0.834806   0.499368    1.34604
         0          0          0          1

  0.265517   0.547966  -0.793243    1.06969
 -0.935628 -0.0520467   -0.34913    0.24397
 -0.232597    0.83488   0.498873     1.3464
         0          0          0          1

  0.263757   0.548419  -0.793517    1.06938
 -0.935903 -0.0536311  -0.348151   0.244056
  -0.23349   0.834482   0.499122    1.34683
         0          0          0          1

  0.259234   0.548604  -0.794878    1.06977
 -0.937219 -0.0558954  -0.344234    0.24381
 -0.233278   0.834212   0.499672    1.34666
         0          0          0          1

  0.249995   0.550613  -0.796447    1.07096
 -0.939739 -0.0601546   -0.33656   0.244024
 -0.233224    0.83259   0.502394    1.34526
         0          0          0          1

  0.247729     0.5517  -0.796402    1.07092
 -0.939626 -0.0634883  -0.336261   0.244098
 -0.236078   0.831622   0.502664    1.34554
         0          0          0          1

  0.244658   0.553778  -0.795909    1.07068
 -0.940267 -0.0649063  -0.334193    0.24429
 -0.236729    0.83013    0.50482    1.34507
         0          0          0          1

  0.241407   0.554579  -0.796344    1.07119
 -0.940749 -0.0676429   -0.33229   0.244243
 -0.238148   0.829377    0.50539    1.34474
         0          0          0          1

  0.239242   0.555928  -0.796057    1.07146
 -0.941195 -0.0686645  -0.330812   0.244217
 -0.238569   0.828389    0.50681    1.34449
         0          0          0          1

  0.235721   0.555659  -0.797295    1.07226
 -0.942062 -0.0708194  -0.327877   0.244152
 -0.238652   0.828389   0.506772    1.34437
         0          0          0          1

 0.225568  0.556416   -0.7997   1.07331
-0.944587  -0.07603 -0.319336  0.243537
-0.238485  0.827418  0.508434   1.34462
        0         0         0         1

  0.224629   0.558151  -0.798755    1.07255
 -0.944145 -0.0781522  -0.320128   0.243612
 -0.241104   0.826051    0.50942    1.34527
         0          0          0          1

   0.22167   0.560503  -0.797934    1.07176
 -0.944579 -0.0797724  -0.318445   0.243294
 -0.242142   0.824301   0.511756    1.34616
         0          0          0          1

  0.218474    0.56386  -0.796449    1.07122
 -0.945311 -0.0802722  -0.316139   0.243277
  -0.24219    0.82196   0.515485    1.34668
         0          0          0          1

  0.210014   0.577728  -0.788749    1.06946
 -0.947506 -0.0786691  -0.309907   0.242829
 -0.241092    0.81243   0.530879    1.34843
         0          0          0          1

  0.207626    0.58295  -0.785532    1.06861
 -0.948259 -0.0772425  -0.307959   0.242583
 -0.240201   0.808828    0.53675    1.34976
         0          0          0          1

  0.203222   0.592217  -0.779731    1.06726
 -0.950418 -0.0721329  -0.302494   0.242329
 -0.235387   0.802543   0.548195    1.35102
         0          0          0          1

   0.19843   0.598665  -0.776032    1.06687
 -0.951156 -0.0734248  -0.299852   0.242124
 -0.236491   0.797627   0.554854    1.35276
         0          0          0          1

  0.197605    0.60554  -0.770891    1.06493
 -0.951104 -0.0720046   -0.30036   0.241891
 -0.237388   0.792551   0.561703    1.35636
         0          0          0          1

  0.195143   0.608142  -0.769469    1.06285
 -0.952471 -0.0696113   -0.29657   0.241565
 -0.233921    0.79077   0.565653    1.35884
         0          0          0          1

  0.184428   0.614132  -0.767351    1.05654
 -0.955347 -0.0713755  -0.286736   0.240837
 -0.230864   0.785969   0.573546    1.36917
         0          0          0          1

  0.180028   0.616811  -0.766247    1.05263
 -0.956939 -0.0705157  -0.281595   0.240471
 -0.227723   0.783946   0.577555     1.3734
         0          0          0          1

  0.17397  0.621346 -0.763979   1.04713
-0.958962 -0.069488 -0.274886  0.239881
-0.223887  0.780449  0.583758   1.38114
        0         0         0         1

 0.169961  0.624242 -0.762519   1.04339
-0.960748   -0.0672  -0.26916   0.23922
-0.219262  0.778335  0.588318   1.38751
        0         0         0         1

  0.163722   0.632112  -0.757384    1.03012
 -0.965564 -0.0546744  -0.254355   0.237722
  -0.20219   0.772946   0.601393    1.40659
         0          0          0          1

  0.164405   0.633513  -0.756064    1.02414
 -0.966748 -0.0487238  -0.251045   0.237385
 -0.195878   0.772196   0.604437    1.41711
         0          0          0          1

  0.158956   0.635555  -0.755515    1.01806
 -0.970179 -0.0412844  -0.238849   0.236794
 -0.182993   0.770951   0.610039    1.43159
         0          0          0          1

  0.158031   0.634893  -0.756266    1.01169
 -0.972126 -0.0343051  -0.231937   0.235954
 -0.173199   0.771838   0.611774    1.44262
         0          0          0          1

  0.153001   0.630049  -0.761333   0.994673
 -0.978257 -0.0125882  -0.207012    0.23565
 -0.140012   0.776453   0.614424    1.47522
         0          0          0          1

   0.147175    0.629325   -0.763079    0.987935
  -0.980962 -0.00595592    -0.19411    0.234761
  -0.126703    0.777119    0.616467     1.48972
          0           0           0           1

   0.14491   0.626685   -0.76568   0.974832
 -0.983288 0.00501727  -0.181987   0.234244
 -0.110207   0.779256    0.61694    1.51224
         0          0          0          1

 0.137189  0.623906 -0.769364   0.96704
-0.986253 0.0138074 -0.164666  0.234652
-0.0921131  0.781378  0.617223   1.52727
        0         0         0         1

 0.130702  0.620505 -0.773234  0.954325
-0.989045 0.0276352 -0.145005  0.235419
-0.0686076  0.783715   0.61732   1.55009
        0         0         0         1

