-0.693256 -0.360007  0.624332  0.111141
-0.719506  0.296071 -0.628214  0.861119
 0.041315 -0.884724  -0.46428   1.83765
        0         0         0         1

-0.693256 -0.360007  0.624332  0.111141
-0.719506  0.296071 -0.628214  0.861119
 0.041315 -0.884724  -0.46428   1.83765
        0         0         0         1

-0.672527 -0.375218  0.637902  0.123046
-0.739622  0.310679 -0.597025  0.834018
0.0258318 -0.873321  -0.48646   1.84248
        0         0         0         1

-0.672527 -0.375218  0.637902  0.123046
-0.739622  0.310679 -0.597025  0.834018
0.0258318 -0.873321  -0.48646   1.84248
        0         0         0         1

-0.617503 -0.401305  0.676494  0.116492
-0.786566  0.317023 -0.529915  0.783613
-0.00180684 -0.859332 -0.511415   1.83822
        0         0         0         1

-0.617503 -0.401305  0.676494  0.116492
-0.786566  0.317023 -0.529915  0.783613
-0.00180684 -0.859332 -0.511415   1.83822
        0         0         0         1

-0.606206 -0.415764  0.677978  0.127308
-0.795255  0.326652 -0.510752  0.765362
-0.00911057 -0.848786 -0.528657   1.84289
        0         0         0         1

-0.606206 -0.415764  0.677978  0.127308
-0.795255  0.326652 -0.510752  0.765362
-0.00911057 -0.848786 -0.528657   1.84289
        0         0         0         1

-0.561093 -0.432637  0.705691  0.117582
 -0.82673  0.335261 -0.451793  0.718124
-0.0411285 -0.836914 -0.545787   1.83968
        0         0         0         1

-0.561093 -0.432637  0.705691  0.117582
 -0.82673  0.335261 -0.451793  0.718124
-0.0411285 -0.836914 -0.545787   1.83968
        0         0         0         1

-0.535587 -0.452461   0.71304  0.120379
-0.842593  0.342732 -0.415418  0.690731
-0.0564211 -0.823295 -0.564803   1.83908
        0         0         0         1

-0.535587 -0.452461   0.71304  0.120379
-0.842593  0.342732 -0.415418  0.690731
-0.0564211 -0.823295 -0.564803   1.83908
        0         0         0         1

-0.522693 -0.462139  0.716394  0.131165
-0.849827  0.349199 -0.394784  0.677727
-0.067719 -0.815161 -0.575262   1.82641
        0         0         0         1

-0.522693 -0.462139  0.716394  0.131165
-0.849827  0.349199 -0.394784  0.677727
-0.067719 -0.815161 -0.575262   1.82641
        0         0         0         1

-0.469092 -0.490857  0.734175  0.121802
-0.877474   0.35314 -0.324548  0.640403
-0.0999602 -0.796462 -0.596369   1.81895
        0         0         0         1

-0.469092 -0.490857  0.734175  0.121802
-0.877474   0.35314 -0.324548  0.640403
-0.0999602 -0.796462 -0.596369   1.81895
        0         0         0         1

-0.448765 -0.502787  0.738793  0.124551
-0.886148  0.357257 -0.295141  0.623345
-0.115546 -0.787129 -0.605869   1.80934
        0         0         0         1

-0.448765 -0.502787  0.738793  0.124551
-0.886148  0.357257 -0.295141  0.623345
-0.115546 -0.787129 -0.605869   1.80934
        0         0         0         1

-0.445135 -0.506771  0.738267  0.134868
-0.886824   0.36373 -0.285031   0.61695
-0.124085  -0.78159 -0.611326   1.79917
        0         0         0         1

-0.445135 -0.506771  0.738267  0.134868
-0.886824   0.36373 -0.285031   0.61695
-0.124085  -0.78159 -0.611326   1.79917
        0         0         0         1

-0.421705 -0.502241  0.754929  0.138373
-0.893515  0.371823 -0.251752  0.598183
 -0.15426 -0.780706  -0.60556   1.77924
        0         0         0         1

-0.421705 -0.502241  0.754929  0.138373
-0.893515  0.371823 -0.251752  0.598183
 -0.15426 -0.780706  -0.60556   1.77924
        0         0         0         1

-0.417406 -0.494172  0.762605  0.145354
-0.894821  0.369735 -0.250184  0.594784
-0.158327 -0.786823 -0.596525   1.75911
        0         0         0         1

-0.417406 -0.494172  0.762605  0.145354
-0.894821  0.369735 -0.250184  0.594784
-0.158327 -0.786823 -0.596525   1.75911
        0         0         0         1

-0.404772 -0.503775  0.763132  0.150166
-0.895451  0.387469  -0.21917  0.579147
-0.185277 -0.772061 -0.607942   1.75226
        0         0         0         1

-0.404772 -0.503775  0.763132  0.150166
-0.895451  0.387469  -0.21917  0.579147
-0.185277 -0.772061 -0.607942   1.75226
        0         0         0         1

 -0.39933  -0.50044  0.768177  0.157271
-0.895666  0.391845 -0.210332   0.57377
-0.195748 -0.772022 -0.604702   1.73526
        0         0         0         1

 -0.39933  -0.50044  0.768177  0.157271
-0.895666  0.391845 -0.210332   0.57377
-0.195748 -0.772022 -0.604702   1.73526
        0         0         0         1

-0.387219 -0.501115  0.773916  0.158481
-0.897967  0.395332 -0.193306  0.566689
-0.209085 -0.769803 -0.603064   1.72198
        0         0         0         1

-0.387219 -0.501115  0.773916  0.158481
-0.897967  0.395332 -0.193306  0.566689
-0.209085 -0.769803 -0.603064   1.72198
        0         0         0         1

-0.383321 -0.498222  0.777715  0.168562
-0.896075  0.404696 -0.182401   0.56149
-0.223862 -0.766809 -0.601573   1.70292
        0         0         0         1

-0.383321 -0.498222  0.777715  0.168562
-0.896075  0.404696 -0.182401   0.56149
-0.223862 -0.766809 -0.601573   1.70292
        0         0         0         1

-0.373373 -0.499599  0.781661  0.173753
-0.897278  0.408437 -0.167546  0.557311
-0.235553 -0.763924 -0.600779   1.69428
        0         0         0         1

-0.373373 -0.499599  0.781661  0.173753
-0.897278  0.408437 -0.167546  0.557311
-0.235553 -0.763924 -0.600779   1.69428
        0         0         0         1

-0.363808 -0.493613   0.78993  0.175498
-0.898314  0.410191 -0.157404  0.550153
-0.246325  -0.76687  -0.59265   1.67452
        0         0         0         1

-0.363808 -0.493613   0.78993  0.175498
-0.898314  0.410191 -0.157404  0.550153
-0.246325  -0.76687  -0.59265   1.67452
        0         0         0         1

-0.369371 -0.494317  0.786903  0.185394
-0.895716  0.414915 -0.159807  0.552205
-0.247503 -0.763869 -0.596025    1.6702
        0         0         0         1

-0.369371 -0.494317  0.786903  0.185394
-0.895716  0.414915 -0.159807  0.552205
-0.247503 -0.763869 -0.596025    1.6702
        0         0         0         1

-0.363737 -0.499165  0.786467  0.179461
-0.897129  0.414963 -0.151544  0.543943
-0.250709 -0.760684 -0.598752    1.6665
        0         0         0         1

-0.363737 -0.499165  0.786467  0.179461
-0.897129  0.414963 -0.151544  0.543943
-0.250709 -0.760684 -0.598752    1.6665
        0         0         0         1

-0.361812 -0.499613   0.78707  0.180478
-0.896726  0.417358 -0.147291  0.539067
-0.254901 -0.759078 -0.599021   1.66284
        0         0         0         1

-0.361812 -0.499613   0.78707  0.180478
-0.896726  0.417358 -0.147291  0.539067
-0.254901 -0.759078 -0.599021   1.66284
        0         0         0         1

-0.358722 -0.504967  0.785065  0.180155
 -0.89838  0.415119 -0.143488  0.536769
-0.253439 -0.756759 -0.602565   1.65779
        0         0         0         1

-0.358722 -0.504967  0.785065  0.180155
 -0.89838  0.415119 -0.143488  0.536769
-0.253439 -0.756759 -0.602565   1.65779
        0         0         0         1

-0.361021 -0.515025   0.77744  0.190012
-0.896879  0.420144 -0.138155  0.537154
-0.255484 -0.747146 -0.613596   1.65637
        0         0         0         1

-0.361021 -0.515025   0.77744  0.190012
-0.896879  0.420144 -0.138155  0.537154
-0.255484 -0.747146 -0.613596   1.65637
        0         0         0         1

-0.353859 -0.520364  0.777178  0.193351
-0.898567  0.419724 -0.128101  0.535992
-0.259541 -0.743676 -0.616105    1.6525
        0         0         0         1

-0.353859 -0.520364  0.777178  0.193351
-0.898567  0.419724 -0.128101  0.535992
-0.259541 -0.743676 -0.616105    1.6525
        0         0         0         1

 -0.34704   -0.5287  0.774622  0.197961
-0.897856  0.425924 -0.111546  0.533811
-0.270956  -0.73421  -0.62251   1.65102
        0         0         0         1

 -0.34704   -0.5287  0.774622  0.197961
-0.897856  0.425924 -0.111546  0.533811
-0.270956  -0.73421  -0.62251   1.65102
        0         0         0         1

 -0.329349  -0.540242   0.774383   0.200205
 -0.901193   0.424581 -0.0870765   0.528067
 -0.281746  -0.726547  -0.626697    1.64487
         0          0          0          1

 -0.329349  -0.540242   0.774383   0.200205
 -0.901193   0.424581 -0.0870765   0.528067
 -0.281746  -0.726547  -0.626697    1.64487
         0          0          0          1

-0.326338 -0.544609  0.772596  0.203111
-0.902489  0.422576 -0.083326  0.527909
-0.281101 -0.724451 -0.629407   1.64106
        0         0         0         1

-0.326338 -0.544609  0.772596  0.203111
-0.902489  0.422576 -0.083326  0.527909
-0.281101 -0.724451 -0.629407   1.64106
        0         0         0         1

 -0.315585  -0.555165   0.769544   0.214301
 -0.903276   0.424199 -0.0644019   0.526621
 -0.290687  -0.715435  -0.635338    1.63402
         0          0          0          1

 -0.315585  -0.555165   0.769544   0.214301
 -0.903276   0.424199 -0.0644019   0.526621
 -0.290687  -0.715435  -0.635338    1.63402
         0          0          0          1

 -0.297676  -0.565989   0.768795   0.215537
 -0.908523   0.415291 -0.0460397   0.520859
 -0.293216  -0.712173  -0.637836    1.63126
         0          0          0          1

 -0.297676  -0.565989   0.768795   0.215537
 -0.908523   0.415291 -0.0460397   0.520859
 -0.293216  -0.712173  -0.637836    1.63126
         0          0          0          1

 -0.291132  -0.584932   0.757031   0.219607
 -0.911858   0.409043 -0.0346205    0.51699
 -0.289408  -0.700384  -0.652461    1.63529
         0          0          0          1

 -0.291132  -0.584932   0.757031   0.219607
 -0.911858   0.409043 -0.0346205    0.51699
 -0.289408  -0.700384  -0.652461    1.63529
         0          0          0          1

 -0.284354  -0.601468   0.746579   0.226352
 -0.915486   0.401562 -0.0251752   0.514042
 -0.284656  -0.690641  -0.664821    1.63898
         0          0          0          1

 -0.284354  -0.601468   0.746579   0.226352
 -0.915486   0.401562 -0.0251752   0.514042
 -0.284656  -0.690641  -0.664821    1.63898
         0          0          0          1

 -0.277936  -0.612193   0.740251   0.240893
 -0.921967    0.38635 -0.0266489   0.514082
 -0.269682  -0.689894  -0.671802     1.6389
         0          0          0          1

 -0.277936  -0.612193   0.740251   0.240893
 -0.921967    0.38635 -0.0266489   0.514082
 -0.269682  -0.689894  -0.671802     1.6389
         0          0          0          1

  -0.254556   -0.639751    0.725204    0.260699
   -0.93098    0.365039 -0.00476029    0.504542
  -0.261682   -0.676362   -0.688518     1.65445
          0           0           0           1

  -0.254556   -0.639751    0.725204    0.260699
   -0.93098    0.365039 -0.00476029    0.504542
  -0.261682   -0.676362   -0.688518     1.65445
          0           0           0           1

-0.235353 -0.658741  0.714611  0.274513
-0.938021  0.346421 0.0104046  0.496388
 -0.25441 -0.667872 -0.699445   1.67199
        0         0         0         1

-0.235353 -0.658741  0.714611  0.274513
-0.938021  0.346421 0.0104046  0.496388
 -0.25441 -0.667872 -0.699445   1.67199
        0         0         0         1

-0.224461 -0.673916  0.703885   0.29036
-0.945181   0.32636 0.0110561  0.491653
-0.237171 -0.662817 -0.710228    1.6829
        0         0         0         1

-0.224461 -0.673916  0.703885   0.29036
-0.945181   0.32636 0.0110561  0.491653
-0.237171 -0.662817 -0.710228    1.6829
        0         0         0         1

-0.193584 -0.693966  0.693496  0.324131
-0.955879  0.292609 0.0259811   0.48211
-0.220953 -0.657869 -0.719992   1.70607
        0         0         0         1

-0.193584 -0.693966  0.693496  0.324131
-0.955879  0.292609 0.0259811   0.48211
-0.220953 -0.657869 -0.719992   1.70607
        0         0         0         1

-0.173079 -0.707119  0.685585  0.351478
-0.960744   0.27446  0.040536  0.474468
-0.216829 -0.651655 -0.726863   1.72817
        0         0         0         1

-0.173079 -0.707119  0.685585  0.351478
-0.960744   0.27446  0.040536  0.474468
-0.216829 -0.651655 -0.726863   1.72817
        0         0         0         1

-0.132985 -0.718244  0.682965  0.393381
-0.971801  0.229879 0.0525262  0.463682
-0.194726  -0.65672  -0.72856   1.74125
        0         0         0         1

-0.132985 -0.718244  0.682965  0.393381
-0.971801  0.229879 0.0525262  0.463682
-0.194726  -0.65672  -0.72856   1.74125
        0         0         0         1

-0.0999938 -0.725375  0.681052  0.420395
-0.976775  0.201931 0.0716598  0.453371
-0.189506 -0.658069  -0.72872   1.75723
        0         0         0         1

-0.0999938 -0.725375  0.681052  0.420395
-0.976775  0.201931 0.0716598  0.453371
-0.189506 -0.658069  -0.72872   1.75723
        0         0         0         1

-0.0886237 -0.726385   0.68155  0.462033
-0.980745  0.183183 0.0677042  0.452798
-0.174027 -0.662427 -0.728633   1.76469
        0         0         0         1

-0.0886237 -0.726385   0.68155  0.462033
-0.980745  0.183183 0.0677042  0.452798
-0.174027 -0.662427 -0.728633   1.76469
        0         0         0         1

-0.0535813 -0.731482  0.679752  0.520089
-0.985513  0.148433 0.0820464  0.441491
-0.160913 -0.665508 -0.728839   1.78366
        0         0         0         1

-0.0535813 -0.731482  0.679752  0.520089
-0.985513  0.148433 0.0820464  0.441491
-0.160913 -0.665508 -0.728839   1.78366
        0         0         0         1

-0.0271453 -0.733254  0.679412  0.561021
-0.987344  0.125906 0.0964353  0.434847
-0.156254 -0.668196 -0.727392   1.79431
        0         0         0         1

-0.0271453 -0.733254  0.679412  0.561021
-0.987344  0.125906 0.0964353  0.434847
-0.156254 -0.668196 -0.727392   1.79431
        0         0         0         1

0.0194476 -0.732484  0.680506   0.62446
-0.989311 0.0842849  0.118995  0.424001
-0.144519 -0.675546 -0.723015    1.8018
        0         0         0         1

0.0194476 -0.732484  0.680506   0.62446
-0.989311 0.0842849  0.118995  0.424001
-0.144519 -0.675546 -0.723015    1.8018
        0         0         0         1

0.0572217 -0.727519  0.683697  0.668104
-0.988793 0.0532878   0.13946  0.416754
-0.137893 -0.684014 -0.716317   1.80384
        0         0         0         1

0.0572217 -0.727519  0.683697  0.668104
-0.988793 0.0532878   0.13946  0.416754
-0.137893 -0.684014 -0.716317   1.80384
        0         0         0         1

0.0806444 -0.728494  0.680288  0.723772
-0.986973 0.0369634  0.156583   0.40987
-0.139215 -0.684054 -0.716023   1.80826
        0         0         0         1

0.0806444 -0.728494  0.680288  0.723772
-0.986973 0.0369634  0.156583   0.40987
-0.139215 -0.684054 -0.716023   1.80826
        0         0         0         1

  0.131068  -0.717675   0.683933   0.794412
 -0.980957 0.00585838   0.194137     0.3988
 -0.143334  -0.696354   -0.70324    1.80597
         0          0          0          1

  0.131068  -0.717675   0.683933   0.794412
 -0.980957 0.00585838   0.194137     0.3988
 -0.143334  -0.696354   -0.70324    1.80597
         0          0          0          1

  0.168617  -0.711386   0.682274   0.839031
 -0.974421 -0.0159756   0.224161   0.391793
 -0.148565   -0.70262  -0.695883    1.80118
         0          0          0          1

  0.168617  -0.711386   0.682274   0.839031
 -0.974421 -0.0159756   0.224161   0.391793
 -0.148565   -0.70262  -0.695883    1.80118
         0          0          0          1

  0.205023  -0.708209   0.675578   0.919031
 -0.965309 -0.0322819   0.259108   0.382349
 -0.161694  -0.705265  -0.690259    1.79041
         0          0          0          1

  0.205023  -0.708209   0.675578   0.919031
 -0.965309 -0.0322819   0.259108   0.382349
 -0.161694  -0.705265  -0.690259    1.79041
         0          0          0          1

  0.230371  -0.703287   0.672544   0.965768
 -0.957825 -0.0418933   0.284282   0.374453
 -0.171757   -0.70967  -0.683277    1.78511
         0          0          0          1

  0.230371  -0.703287   0.672544   0.965768
 -0.957825 -0.0418933   0.284282   0.374453
 -0.171757   -0.70967  -0.683277    1.78511
         0          0          0          1

  0.246166  -0.700642   0.669704    1.01116
 -0.952655 -0.0476765   0.300292   0.365468
 -0.178468  -0.711918  -0.679206    1.78017
         0          0          0          1

  0.246166  -0.700642   0.669704    1.01116
 -0.952655 -0.0476765   0.300292   0.365468
 -0.178468  -0.711918  -0.679206    1.78017
         0          0          0          1

 0.263721 -0.696795  0.667029   1.07897
 -0.94908 -0.063898  0.308486  0.353651
-0.172329 -0.714419 -0.678165   1.77064
        0         0         0         1

 0.263721 -0.696795  0.667029   1.07897
 -0.94908 -0.063898  0.308486  0.353651
-0.172329 -0.714419 -0.678165   1.77064
        0         0         0         1

  0.278723  -0.696839   0.660855    1.12052
 -0.946139 -0.0812155   0.313408   0.345448
 -0.164723  -0.712615  -0.681943    1.76482
         0          0          0          1

  0.278723  -0.696839   0.660855    1.12052
 -0.946139 -0.0812155   0.313408   0.345448
 -0.164723  -0.712615  -0.681943    1.76482
         0          0          0          1

 0.290245 -0.701083  0.651338   1.18853
-0.944441 -0.100159  0.313047  0.332736
-0.154235 -0.706011 -0.691202   1.75423
        0         0         0         1

 0.290245 -0.701083  0.651338   1.18853
-0.944441 -0.100159  0.313047  0.332736
-0.154235 -0.706011 -0.691202   1.75423
        0         0         0         1

 0.314238 -0.696672  0.644905   1.22608
-0.937116 -0.118953  0.328121  0.325785
 -0.15188 -0.707459 -0.690242   1.74841
        0         0         0         1

 0.314238 -0.696672  0.644905   1.22608
-0.937116 -0.118953  0.328121  0.325785
 -0.15188 -0.707459 -0.690242   1.74841
        0         0         0         1

  0.32605 -0.701647  0.633548   1.26909
-0.933786 -0.134521  0.331584  0.319648
-0.147429 -0.699711 -0.699049   1.73569
        0         0         0         1

  0.32605 -0.701647  0.633548   1.26909
-0.933786 -0.134521  0.331584  0.319648
-0.147429 -0.699711 -0.699049   1.73569
        0         0         0         1

  0.34043 -0.711923  0.614226    1.3328
-0.928947 -0.153582  0.336852  0.309666
-0.145478 -0.685258 -0.713623   1.71478
        0         0         0         1

  0.34043 -0.711923  0.614226    1.3328
-0.928947 -0.153582  0.336852  0.309666
-0.145478 -0.685258 -0.713623   1.71478
        0         0         0         1

 0.356007 -0.715828  0.600707   1.36961
-0.922307  -0.16572  0.349123  0.303084
-0.150363 -0.678326 -0.719211   1.70347
        0         0         0         1

 0.356007 -0.715828  0.600707   1.36961
-0.922307  -0.16572  0.349123  0.303084
-0.150363 -0.678326 -0.719211   1.70347
        0         0         0         1

 0.358158 -0.733544  0.577612   1.42256
-0.920463 -0.173762  0.350079  0.292239
-0.156431 -0.657054 -0.737434   1.68461
        0         0         0         1

 0.358158 -0.733544  0.577612   1.42256
-0.920463 -0.173762  0.350079  0.292239
-0.156431 -0.657054 -0.737434   1.68461
        0         0         0         1

 0.357349 -0.744993  0.563283   1.45518
-0.921527 -0.183125  0.342422  0.284602
 -0.15195 -0.641445 -0.751971   1.66967
        0         0         0         1

 0.357349 -0.744993  0.563283   1.45518
-0.921527 -0.183125  0.342422  0.284602
 -0.15195 -0.641445 -0.751971   1.66967
        0         0         0         1

 0.355028 -0.757109  0.548398   1.48721
 -0.92275 -0.189704  0.335478  0.276238
 -0.14996 -0.625139 -0.765972   1.65622
        0         0         0         1

 0.355028 -0.757109  0.548398   1.48721
 -0.92275 -0.189704  0.335478  0.276238
 -0.14996 -0.625139 -0.765972   1.65622
        0         0         0         1

 0.358958 -0.768764  0.529293   1.53144
 -0.92056 -0.198035  0.336677  0.265491
-0.154007 -0.608099 -0.778779   1.63542
        0         0         0         1

 0.358958 -0.768764  0.529293   1.53144
 -0.92056 -0.198035  0.336677  0.265491
-0.154007 -0.608099 -0.778779   1.63542
        0         0         0         1

 0.358736 -0.774692  0.520731   1.56303
-0.919657 -0.197819  0.339263  0.257123
-0.159814 -0.600599 -0.783416   1.61792
        0         0         0         1

 0.358736 -0.774692  0.520731   1.56303
-0.919657 -0.197819  0.339263  0.257123
-0.159814 -0.600599 -0.783416   1.61792
        0         0         0         1

 0.358543 -0.785178  0.504919   1.60501
-0.918169  -0.19895  0.342614   0.24538
-0.168559 -0.586443 -0.792258   1.59388
        0         0         0         1

 0.358543 -0.785178  0.504919   1.60501
-0.918169  -0.19895  0.342614   0.24538
-0.168559 -0.586443 -0.792258   1.59388
        0         0         0         1

 0.365021 -0.789607  0.493234   1.62595
-0.914345 -0.204288  0.349627  0.240946
-0.175306 -0.578607 -0.796543   1.57891
        0         0         0         1

 0.365021 -0.789607  0.493234   1.62595
-0.914345 -0.204288  0.349627  0.240946
-0.175306 -0.578607 -0.796543   1.57891
        0         0         0         1

 0.364401 -0.793731  0.487035   1.64785
-0.913225 -0.202204  0.353741  0.234601
-0.182295 -0.573676 -0.798539   1.56126
        0         0         0         1

 0.364401 -0.793731  0.487035   1.64785
-0.913225 -0.202204  0.353741  0.234601
-0.182295 -0.573676 -0.798539   1.56126
        0         0         0         1

 0.361014 -0.798817  0.481207   1.68062
-0.911751 -0.193939  0.362075  0.223476
-0.195907 -0.569455 -0.798337   1.53741
        0         0         0         1

 0.361014 -0.798817  0.481207   1.68062
-0.911751 -0.193939  0.362075  0.223476
-0.195907 -0.569455 -0.798337   1.53741
        0         0         0         1

 0.363599 -0.802322  0.473366   1.69632
-0.908536 -0.193153  0.370479  0.220549
-0.205811 -0.564775 -0.799169   1.52175
        0         0         0         1

 0.363599 -0.802322  0.473366   1.69632
-0.908536 -0.193153  0.370479  0.220549
-0.205811 -0.564775 -0.799169   1.52175
        0         0         0         1

  0.35827 -0.812526   0.45983   1.72165
-0.907419 -0.187192  0.376232  0.212265
-0.219622 -0.552051 -0.804367   1.49827
        0         0         0         1

  0.35827 -0.812526   0.45983   1.72165
-0.907419 -0.187192  0.376232  0.212265
-0.219622 -0.552051 -0.804367   1.49827
        0         0         0         1

 0.354412  -0.81695  0.454956    1.7354
-0.907024 -0.182036  0.379699  0.207645
-0.227377 -0.547225 -0.805509   1.48546
        0         0         0         1

 0.354412  -0.81695  0.454956    1.7354
-0.907024 -0.182036  0.379699  0.207645
-0.227377 -0.547225 -0.805509   1.48546
        0         0         0         1

 0.352099 -0.821561  0.448401   1.74666
-0.906099 -0.179148  0.383263  0.204523
-0.234544 -0.541242 -0.807494   1.47259
        0         0         0         1

 0.352099 -0.821561  0.448401   1.74666
-0.906099 -0.179148  0.383263  0.204523
-0.234544 -0.541242 -0.807494   1.47259
        0         0         0         1

 0.346138 -0.827179  0.442678   1.76523
-0.904548  -0.16903  0.391435  0.198337
-0.248961 -0.535914 -0.806731   1.45743
        0         0         0         1

 0.346138 -0.827179  0.442678   1.76523
-0.904548  -0.16903  0.391435  0.198337
-0.248961 -0.535914 -0.806731   1.45743
        0         0         0         1

 0.345072 -0.833087   0.43231   1.77327
-0.903493 -0.170085   0.39341  0.197322
-0.254215 -0.526344  -0.81138   1.44452
        0         0         0         1

 0.345072 -0.833087   0.43231   1.77327
-0.903493 -0.170085   0.39341  0.197322
-0.254215 -0.526344  -0.81138   1.44452
        0         0         0         1

 0.335199 -0.841159  0.424374   1.78947
-0.903647 -0.159591  0.397433  0.189829
-0.266578 -0.516704 -0.813605   1.43219
        0         0         0         1

 0.335199 -0.841159  0.424374   1.78947
-0.903647 -0.159591  0.397433  0.189829
-0.266578 -0.516704 -0.813605   1.43219
        0         0         0         1

 0.337113 -0.843845  0.417469   1.79425
-0.901064 -0.160688  0.402819  0.190034
-0.272835 -0.511961 -0.814529   1.42377
        0         0         0         1

 0.337113 -0.843845  0.417469   1.79425
-0.901064 -0.160688  0.402819  0.190034
-0.272835 -0.511961 -0.814529   1.42377
        0         0         0         1

 0.330582 -0.849457  0.411265   1.80192
-0.902522 -0.157106  0.400964  0.186512
-0.275989 -0.503727 -0.818589   1.41241
        0         0         0         1

 0.330582 -0.849457  0.411265   1.80192
-0.902522 -0.157106  0.400964  0.186512
-0.275989 -0.503727 -0.818589   1.41241
        0         0         0         1

 0.326134 -0.850837  0.411962   1.80815
-0.901774 -0.149267  0.405615  0.183364
 -0.28362 -0.503781 -0.815944    1.4047
        0         0         0         1

 0.326134 -0.850837  0.411962   1.80815
-0.901774 -0.149267  0.405615  0.183364
 -0.28362 -0.503781 -0.815944    1.4047
        0         0         0         1

 0.319147  -0.85393  0.411035   1.81303
-0.903554  -0.14333  0.403791  0.181036
-0.285896 -0.500261 -0.817314   1.39503
        0         0         0         1

 0.319147  -0.85393  0.411035   1.81303
-0.903554  -0.14333  0.403791  0.181036
-0.285896 -0.500261 -0.817314   1.39503
        0         0         0         1

 0.317084 -0.853846  0.412801   1.81659
-0.903098 -0.138923  0.406343  0.179954
-0.289606 -0.501645 -0.815157   1.39194
        0         0         0         1

 0.317084 -0.853846  0.412801   1.81659
-0.903098 -0.138923  0.406343  0.179954
-0.289606 -0.501645 -0.815157   1.39194
        0         0         0         1

 0.313375 -0.855734  0.411724   1.81733
-0.902849 -0.134076  0.408518  0.180253
 -0.29438 -0.499743 -0.814615    1.3832
        0         0         0         1

 0.313375 -0.855734  0.411724   1.81733
-0.902849 -0.134076  0.408518  0.180253
 -0.29438 -0.499743 -0.814615    1.3832
        0         0         0         1

 0.309192 -0.857739  0.410712   1.82077
 -0.90297 -0.129273  0.409798  0.178441
-0.298405 -0.497567 -0.814482   1.37895
        0         0         0         1

 0.309192 -0.857739  0.410712   1.82077
 -0.90297 -0.129273  0.409798  0.178441
-0.298405 -0.497567 -0.814482   1.37895
        0         0         0         1

 0.300453  -0.85957  0.413361   1.82248
-0.903463 -0.117555  0.412233  0.176849
 -0.30575 -0.497313 -0.811909   1.37283
        0         0         0         1

 0.300453  -0.85957  0.413361   1.82248
-0.903463 -0.117555  0.412233  0.176849
 -0.30575 -0.497313 -0.811909   1.37283
        0         0         0         1

 0.300636 -0.860608  0.411063   1.82211
-0.901773 -0.116171  0.416306  0.178771
-0.310522 -0.495842 -0.810997   1.36831
        0         0         0         1

 0.300636 -0.860608  0.411063   1.82211
-0.901773 -0.116171  0.416306  0.178771
-0.310522 -0.495842 -0.810997   1.36831
        0         0         0         1

 0.300114 -0.862997  0.406408   1.82374
-0.901171 -0.116811  0.417428  0.179456
-0.312766 -0.491519 -0.812764   1.36487
        0         0         0         1

 0.300114 -0.862997  0.406408   1.82374
-0.901171 -0.116811  0.417428  0.179456
-0.312766 -0.491519 -0.812764   1.36487
        0         0         0         1

    0.294 -0.867245  0.401809   1.82864
-0.902623 -0.113643  0.415159   0.17675
-0.314381 -0.484739 -0.816206   1.36076
        0         0         0         1

    0.294 -0.867245  0.401809   1.82864
-0.902623 -0.113643  0.415159   0.17675
-0.314381 -0.484739 -0.816206   1.36076
        0         0         0         1

 0.292566 -0.868528   0.40008   1.82972
-0.903061 -0.113362  0.414283  0.176241
-0.314463 -0.482502 -0.817499   1.36225
        0         0         0         1

 0.292566 -0.868528   0.40008   1.82972
-0.903061 -0.113362  0.414283  0.176241
-0.314463 -0.482502 -0.817499   1.36225
        0         0         0         1

 0.291004 -0.872218  0.393132   1.82989
 -0.90382 -0.115883  0.411923  0.176997
-0.313729 -0.475192  -0.82205   1.35984
        0         0         0         1

 0.291004 -0.872218  0.393132   1.82989
 -0.90382 -0.115883  0.411923  0.176997
-0.313729 -0.475192  -0.82205   1.35984
        0         0         0         1

 0.289335 -0.873195  0.392194   1.83075
 -0.90356 -0.113875  0.413052  0.176455
-0.316014 -0.473881 -0.821932    1.3595
        0         0         0         1

 0.289335 -0.873195  0.392194   1.83075
 -0.90356 -0.113875  0.413052  0.176455
-0.316014 -0.473881 -0.821932    1.3595
        0         0         0         1

 0.289084 -0.873109  0.392569   1.83044
-0.902845  -0.11232  0.415036   0.17692
-0.318279 -0.474409 -0.820752   1.35975
        0         0         0         1

 0.289084 -0.873109  0.392569   1.83044
-0.902845  -0.11232  0.415036   0.17692
-0.318279 -0.474409 -0.820752   1.35975
        0         0         0         1

 0.281672 -0.873786  0.396433   1.83131
-0.904499 -0.103914  0.413621  0.175072
-0.320221 -0.475079 -0.819609   1.35924
        0         0         0         1

 0.281672 -0.873786  0.396433   1.83131
-0.904499 -0.103914  0.413621  0.175072
-0.320221 -0.475079 -0.819609   1.35924
        0         0         0         1

 0.281824 -0.874956  0.393734   1.82993
-0.904084 -0.104763  0.414315   0.17669
-0.321259 -0.472733 -0.820558   1.35815
        0         0         0         1

 0.281824 -0.874956  0.393734   1.82993
-0.904084 -0.104763  0.414315   0.17669
-0.321259 -0.472733 -0.820558   1.35815
        0         0         0         1

 0.276761 -0.877117  0.392516   1.83125
-0.905153 -0.100805   0.41296   0.17607
-0.322647 -0.469579 -0.821824   1.35809
        0         0         0         1

 0.276761 -0.877117  0.392516   1.83125
-0.905153 -0.100805   0.41296   0.17607
-0.322647 -0.469579 -0.821824   1.35809
        0         0         0         1

 0.280391 -0.876859   0.39051   1.83038
-0.903639 -0.103912  0.415498  0.177922
-0.323755 -0.469382   -0.8215   1.35888
        0         0         0         1

 0.280391 -0.876859   0.39051   1.83038
-0.903639 -0.103912  0.415498  0.177922
-0.323755 -0.469382   -0.8215   1.35888
        0         0         0         1

 0.277046 -0.878136  0.390028    1.8296
-0.904072 -0.100757  0.415332  0.178332
 -0.32542  -0.46768 -0.821813   1.35819
        0         0         0         1

 0.277046 -0.878136  0.390028    1.8296
-0.904072 -0.100757  0.415332  0.178332
 -0.32542  -0.46768 -0.821813   1.35819
        0         0         0         1

 0.273841 -0.878725  0.390964   1.82903
-0.904438 -0.097022  0.415426  0.178743
-0.327114 -0.467363 -0.821321   1.35733
        0         0         0         1

 0.273841 -0.878725  0.390964   1.82903
-0.904438 -0.097022  0.415426  0.178743
-0.327114 -0.467363 -0.821321   1.35733
        0         0         0         1

   0.27141  -0.878541   0.393068    1.82783
 -0.903352 -0.0916084   0.419003   0.179653
 -0.332103  -0.468801  -0.818495    1.35653
         0          0          0          1

   0.27141  -0.878541   0.393068    1.82783
 -0.903352 -0.0916084   0.419003   0.179653
 -0.332103  -0.468801  -0.818495    1.35653
         0          0          0          1

  0.268724  -0.878141   0.395798    1.82416
 -0.900738 -0.0835148   0.426258   0.183733
  -0.34126  -0.471056  -0.813418    1.35596
         0          0          0          1

  0.268724  -0.878141   0.395798    1.82416
 -0.900738 -0.0835148   0.426258   0.183733
  -0.34126  -0.471056  -0.813418    1.35596
         0          0          0          1

 0.260443 -0.877865  0.401899   1.82265
-0.899102 -0.068834  0.432293  0.184309
 -0.35183 -0.473936 -0.807218   1.35515
        0         0         0         1

 0.260443 -0.877865  0.401899   1.82265
-0.899102 -0.068834  0.432293  0.184309
 -0.35183 -0.473936 -0.807218   1.35515
        0         0         0         1

  0.259284  -0.873293   0.412469    1.81782
 -0.895378 -0.0572627    0.44161   0.189023
 -0.362036  -0.483819  -0.796775    1.35467
         0          0          0          1

  0.259284  -0.873293   0.412469    1.81782
 -0.895378 -0.0572627    0.44161   0.189023
 -0.362036  -0.483819  -0.796775    1.35467
         0          0          0          1

  0.256889  -0.866346   0.428313    1.81428
 -0.894406 -0.0452234   0.444964   0.192582
 -0.366123  -0.497392  -0.786483    1.35483
         0          0          0          1

  0.256889  -0.866346   0.428313    1.81428
 -0.894406 -0.0452234   0.444964   0.192582
 -0.366123  -0.497392  -0.786483    1.35483
         0          0          0          1

 0.262742 -0.855973  0.445283   1.80579
-0.893342  -0.04144  0.447462   0.20043
-0.364563 -0.515357 -0.775565   1.36105
        0         0         0         1

 0.262742 -0.855973  0.445283   1.80579
-0.893342  -0.04144  0.447462   0.20043
-0.364563 -0.515357 -0.775565   1.36105
        0         0         0         1

 0.262693 -0.838515  0.477372   1.79779
-0.898396 -0.032089  0.438012  0.207079
-0.351962 -0.543932 -0.761749   1.37908
        0         0         0         1

 0.262693 -0.838515  0.477372   1.79779
-0.898396 -0.032089  0.438012  0.207079
-0.351962 -0.543932 -0.761749   1.37908
        0         0         0         1

   0.26539  -0.825472   0.498161    1.79213
 -0.902291 -0.0305623   0.430042   0.213112
 -0.339763  -0.563615  -0.752927    1.39483
         0          0          0          1

   0.26539  -0.825472   0.498161    1.79213
 -0.902291 -0.0305623   0.430042   0.213112
 -0.339763  -0.563615  -0.752927    1.39483
         0          0          0          1

  0.27288 -0.810832  0.517773   1.78356
-0.904957 -0.033697  0.424167  0.222217
-0.326481 -0.584309 -0.742963     1.413
        0         0         0         1

  0.27288 -0.810832  0.517773   1.78356
-0.904957 -0.033697  0.424167  0.222217
-0.326481 -0.584309 -0.742963     1.413
        0         0         0         1

 0.289286 -0.790673  0.539583   1.76766
-0.909777 -0.051801  0.411852  0.240333
-0.297689 -0.610043 -0.734322    1.4464
        0         0         0         1

 0.289286 -0.790673  0.539583   1.76766
-0.909777 -0.051801  0.411852  0.240333
-0.297689 -0.610043 -0.734322    1.4464
        0         0         0         1

  0.301205   -0.78084   0.547325    1.75376
  -0.91238 -0.0691418   0.403462   0.254832
 -0.277196  -0.620893  -0.733249    1.47106
         0          0          0          1

  0.301205   -0.78084   0.547325    1.75376
  -0.91238 -0.0691418   0.403462   0.254832
 -0.277196  -0.620893  -0.733249    1.47106
         0          0          0          1

   0.31793  -0.768144   0.555766    1.73232
 -0.915796 -0.0970578    0.38974   0.279145
 -0.245435  -0.632878  -0.734321    1.51288
         0          0          0          1

   0.31793  -0.768144   0.555766    1.73232
 -0.915796 -0.0970578    0.38974   0.279145
 -0.245435  -0.632878  -0.734321    1.51288
         0          0          0          1

 0.329443 -0.760675  0.559322   1.71382
-0.917245  -0.11737  0.380639  0.296836
-0.223895 -0.638434 -0.736392   1.54166
        0         0         0         1

 0.329443 -0.760675  0.559322   1.71382
-0.917245  -0.11737  0.380639  0.296836
-0.223895 -0.638434 -0.736392   1.54166
        0         0         0         1

 0.339436 -0.753024  0.563682   1.69089
-0.919233 -0.138468  0.368562  0.316487
-0.199484 -0.643259 -0.739205   1.57058
        0         0         0         1

 0.339436 -0.753024  0.563682   1.69089
-0.919233 -0.138468  0.368562  0.316487
-0.199484 -0.643259 -0.739205   1.57058
        0         0         0         1

 0.348196 -0.733358  0.583906   1.64892
-0.924928 -0.167413  0.341293  0.347383
-0.152537 -0.658908 -0.736596   1.62418
        0         0         0         1

 0.348196 -0.733358  0.583906   1.64892
-0.924928 -0.167413  0.341293  0.347383
-0.152537 -0.658908 -0.736596   1.62418
        0         0         0         1

 0.332555 -0.722414  0.606238   1.62352
-0.937338 -0.182342  0.296897  0.362947
 -0.10394 -0.666985 -0.737786   1.66372
        0         0         0         1

 0.332555 -0.722414  0.606238   1.62352
-0.937338 -0.182342  0.296897  0.362947
 -0.10394 -0.666985 -0.737786   1.66372
        0         0         0         1

 0.315522  -0.69237  0.648899   1.57116
-0.948897 -0.225668  0.220607   0.39327
-0.0063056 -0.685345 -0.728191   1.73015
        0         0         0         1

 0.315522  -0.69237  0.648899   1.57116
-0.948897 -0.225668  0.220607   0.39327
-0.0063056 -0.685345 -0.728191   1.73015
        0         0         0         1

 0.292492   -0.6712  0.681131   1.52995
-0.954966  -0.24218  0.171433  0.411971
0.0498902 -0.700599 -0.711809   1.77659
        0         0         0         1

 0.292492   -0.6712  0.681131   1.52995
-0.954966  -0.24218  0.171433  0.411971
0.0498902 -0.700599 -0.711809   1.77659
        0         0         0         1

 0.272671 -0.649143  0.710116   1.48508
-0.957457 -0.255563  0.134026  0.432846
0.0944771  -0.71645 -0.691211    1.8202
        0         0         0         1

 0.272671 -0.649143  0.710116   1.48508
-0.957457 -0.255563  0.134026  0.432846
0.0944771  -0.71645 -0.691211    1.8202
        0         0         0         1

  0.23926 -0.624264  0.743673   1.42058
 -0.95958 -0.268925 0.0829784  0.463898
 0.148192 -0.733467 -0.663374   1.86953
        0         0         0         1

  0.23926 -0.624264  0.743673   1.42058
 -0.95958 -0.268925 0.0829784  0.463898
 0.148192 -0.733467 -0.663374   1.86953
        0         0         0         1

  0.21616 -0.608142  0.763831   1.37738
-0.960828 -0.271478 0.0557656  0.484287
  0.17345 -0.745965 -0.643002   1.90196
        0         0         0         1

  0.21616 -0.608142  0.763831   1.37738
-0.960828 -0.271478 0.0557656  0.484287
  0.17345 -0.745965 -0.643002   1.90196
        0         0         0         1

  0.17767 -0.584893  0.791413   1.31219
-0.963939 -0.265347 0.0202967  0.514372
 0.198128  -0.76648 -0.610945   1.94083
        0         0         0         1

  0.17767 -0.584893  0.791413   1.31219
-0.963939 -0.265347 0.0202967  0.514372
 0.198128  -0.76648 -0.610945   1.94083
        0         0         0         1

   0.148541   -0.566833    0.810331     1.26342
  -0.966248   -0.257595 -0.00306699     0.53594
   0.210475   -0.782525   -0.585965     1.96506
          0           0           0           1

   0.148541   -0.566833    0.810331     1.26342
  -0.966248   -0.257595 -0.00306699     0.53594
   0.210475   -0.782525   -0.585965     1.96506
          0           0           0           1

  0.114097  -0.552829   0.825446     1.2169
 -0.970322  -0.240325 -0.0268312   0.552975
  0.213208  -0.797887  -0.563843    1.98968
         0          0          0          1

  0.114097  -0.552829   0.825446     1.2169
 -0.970322  -0.240325 -0.0268312   0.552975
  0.213208  -0.797887  -0.563843    1.98968
         0          0          0          1

 0.0485008  -0.534193    0.84397    1.15861
  -0.97375  -0.213426 -0.0791292    0.58367
  0.222395  -0.817978  -0.530521    2.01249
         0          0          0          1

 0.0485008  -0.534193    0.84397    1.15861
  -0.97375  -0.213426 -0.0791292    0.58367
  0.222395  -0.817978  -0.530521    2.01249
         0          0          0          1

0.0113021 -0.512982  0.858325   1.11132
-0.972768 -0.204372 -0.109335  0.607009
 0.231505 -0.833715 -0.501323   2.02589
        0         0         0         1

0.0113021 -0.512982  0.858325   1.11132
-0.972768 -0.204372 -0.109335  0.607009
 0.231505 -0.833715 -0.501323   2.02589
        0         0         0         1

-0.0356393 -0.478231   0.87751   1.04184
-0.972639 -0.185109 -0.140385  0.634737
 0.229572 -0.858504 -0.458549   2.05434
        0         0         0         1

-0.0356393 -0.478231   0.87751   1.04184
-0.972639 -0.185109 -0.140385  0.634737
 0.229572 -0.858504 -0.458549   2.05434
        0         0         0         1

-0.0903191 -0.459134  0.883764   1.00527
-0.968441 -0.166498 -0.185472  0.657754
 0.232301 -0.872625 -0.429606   2.06241
        0         0         0         1

-0.0903191 -0.459134  0.883764   1.00527
