 -0.375302   0.915623  -0.144163  0.0937915
 -0.513111 -0.0757028   0.854978   0.860633
  0.771923   0.394847   0.498227    2.60383
         0          0          0          1

 -0.375302   0.915623  -0.144163  0.0937915
 -0.513111 -0.0757028   0.854978   0.860633
  0.771923   0.394847   0.498227    2.60383
         0          0          0          1

  -0.340723    0.912781   -0.225254   0.0464355
    -0.5606 -0.00491173    0.828072     0.77783
   0.754742    0.408421    0.513379     2.61299
          0           0           0           1

  -0.340723    0.912781   -0.225254   0.0464355
    -0.5606 -0.00491173    0.828072     0.77783
   0.754742    0.408421    0.513379     2.61299
          0           0           0           1

-0.299953  0.907582 -0.293809 0.0387539
-0.596727 0.0617858  0.800062  0.693295
 0.744275  0.415304  0.523046   2.61394
        0         0         0         1

-0.299953  0.907582 -0.293809 0.0387539
-0.596727 0.0617858  0.800062  0.693295
 0.744275  0.415304  0.523046   2.61394
        0         0         0         1

 -0.282411   0.887918  -0.363107 0.00177654
 -0.625473   0.116557   0.771491   0.622342
  0.727343   0.444991   0.522452    2.60112
         0          0          0          1

 -0.282411   0.887918  -0.363107 0.00177654
 -0.625473   0.116557   0.771491   0.622342
  0.727343   0.444991   0.522452    2.60112
         0          0          0          1

 -0.250294   0.849969  -0.463579 -0.0467859
 -0.661964   0.199173   0.722588   0.524298
   0.70651   0.487732   0.512798    2.58228
         0          0          0          1

 -0.250294   0.849969  -0.463579 -0.0467859
 -0.661964   0.199173   0.722588   0.524298
   0.70651   0.487732   0.512798    2.58228
         0          0          0          1

 -0.230631   0.822231  -0.520332 -0.0685648
 -0.685208   0.242439   0.686813   0.463291
  0.690868   0.514936   0.507486    2.56462
         0          0          0          1

 -0.230631   0.822231  -0.520332 -0.0685648
 -0.685208   0.242439   0.686813   0.463291
  0.690868   0.514936   0.507486    2.56462
         0          0          0          1

 -0.218505   0.804687  -0.552027 -0.0689081
 -0.692667   0.270571   0.668583   0.427209
  0.687363    0.52846   0.498259    2.54156
         0          0          0          1

 -0.218505   0.804687  -0.552027 -0.0689081
 -0.692667   0.270571   0.668583   0.427209
  0.687363    0.52846   0.498259    2.54156
         0          0          0          1

  -0.20386   0.766505  -0.609024 -0.0849419
 -0.721561   0.302799   0.622626   0.343751
  0.661658   0.566377   0.491351    2.51586
         0          0          0          1

  -0.20386   0.766505  -0.609024 -0.0849419
 -0.721561   0.302799   0.622626   0.343751
  0.661658   0.566377   0.491351    2.51586
         0          0          0          1

-0.201153  0.733967 -0.648714 -0.101467
-0.739225  0.320779  0.592154  0.291032
 0.642716  0.598659  0.478041   2.49285
        0         0         0         1

-0.201153  0.733967 -0.648714 -0.101467
-0.739225  0.320779  0.592154  0.291032
 0.642716  0.598659  0.478041   2.49285
        0         0         0         1

-0.190485   0.68627 -0.701961 -0.119642
-0.768121  0.341083  0.541897  0.204842
 0.611315  0.642414  0.462167   2.45952
        0         0         0         1

-0.190485   0.68627 -0.701961 -0.119642
-0.768121  0.341083  0.541897  0.204842
 0.611315  0.642414  0.462167   2.45952
        0         0         0         1

-0.199092  0.661067 -0.723431 -0.119178
-0.773928  0.346787  0.529881  0.176319
 0.601164  0.665379  0.442576   2.42449
        0         0         0         1

-0.199092  0.661067 -0.723431 -0.119178
-0.773928  0.346787  0.529881  0.176319
 0.601164  0.665379  0.442576   2.42449
        0         0         0         1

-0.182056  0.630912 -0.754192 -0.121836
-0.802616  0.347743  0.484646  0.118169
 0.568034  0.693559  0.443072   2.40142
        0         0         0         1

-0.182056  0.630912 -0.754192 -0.121836
-0.802616  0.347743  0.484646  0.118169
 0.568034  0.693559  0.443072   2.40142
        0         0         0         1

-0.176731  0.591264 -0.786875 -0.117689
-0.832529  0.336657  0.439952  0.055585
 0.525035  0.732849  0.432747   2.35093
        0         0         0         1

-0.176731  0.591264 -0.786875 -0.117689
-0.832529  0.336657  0.439952  0.055585
 0.525035  0.732849  0.432747   2.35093
        0         0         0         1

-0.172971  0.569953 -0.803265 -0.110815
-0.851019  0.324081  0.413204 0.0151101
  0.49583  0.755066  0.428984   2.31826
        0         0         0         1

-0.172971  0.569953 -0.803265 -0.110815
-0.851019  0.324081  0.413204 0.0151101
  0.49583  0.755066  0.428984   2.31826
        0         0         0         1

 -0.154818    0.53044  -0.833465   -0.10415
   -0.8825   0.304979   0.358024 -0.0508774
    0.4441   0.790962   0.420897    2.26575
         0          0          0          1

 -0.154818    0.53044  -0.833465   -0.10415
   -0.8825   0.304979   0.358024 -0.0508774
    0.4441   0.790962   0.420897    2.26575
         0          0          0          1

 -0.140066   0.511378  -0.847865 -0.0919893
 -0.901355   0.288561   0.322943 -0.0855515
  0.409806    0.80946   0.420515    2.22919
         0          0          0          1

 -0.140066   0.511378  -0.847865 -0.0919893
 -0.901355   0.288561   0.322943 -0.0855515
  0.409806    0.80946   0.420515    2.22919
         0          0          0          1

 -0.126584    0.49978  -0.856853 -0.0767283
 -0.915938   0.272743   0.294397  -0.117535
  0.380834    0.82209   0.423242    2.19154
         0          0          0          1

 -0.126584    0.49978  -0.856853 -0.0767283
 -0.915938   0.272743   0.294397  -0.117535
  0.380834    0.82209   0.423242    2.19154
         0          0          0          1

-0.107888  0.497305 -0.860842 -0.053044
 -0.93507   0.24332  0.257756 -0.158955
 0.337644  0.832756  0.438763   2.13464
        0         0         0         1

-0.107888  0.497305 -0.860842 -0.053044
 -0.93507   0.24332  0.257756 -0.158955
 0.337644  0.832756  0.438763   2.13464
        0         0         0         1

-0.096833  0.498607 -0.861402 -0.036328
-0.945701  0.223713  0.235802 -0.180321
  0.31028  0.837462   0.44987   2.09276
        0         0         0         1

-0.096833  0.498607 -0.861402 -0.036328
-0.945701  0.223713  0.235802 -0.180321
  0.31028  0.837462   0.44987   2.09276
        0         0         0         1

 -0.0614306    0.502066   -0.862645 -0.00851765
  -0.963196    0.196779    0.183118   -0.219973
   0.261687    0.842145    0.471499     2.03238
          0           0           0           1

 -0.0614306    0.502066   -0.862645 -0.00851765
  -0.963196    0.196779    0.183118   -0.219973
   0.261687    0.842145    0.471499     2.03238
          0           0           0           1

-0.0421839  0.509383 -0.859505 0.0112745
-0.972306  0.176998  0.152618  -0.23991
 0.229872   0.84214   0.48781   1.99092
        0         0         0         1

-0.0421839  0.509383 -0.859505 0.0112745
-0.972306  0.176998  0.152618  -0.23991
 0.229872   0.84214   0.48781   1.99092
        0         0         0         1

-0.0294215  0.523667 -0.851415 0.0328133
-0.978544  0.158686  0.131415 -0.253267
 0.203925  0.837014  0.507762   1.95017
        0         0         0         1

-0.0294215  0.523667 -0.851415 0.0328133
-0.978544  0.158686  0.131415 -0.253267
 0.203925  0.837014  0.507762   1.95017
        0         0         0         1

-0.0122865  0.542863 -0.839731 0.0597207
-0.986069  0.132742  0.100242 -0.271325
 0.165885  0.829264  0.533669   1.88575
        0         0         0         1

-0.0122865  0.542863 -0.839731 0.0597207
-0.986069  0.132742  0.100242 -0.271325
 0.165885  0.829264  0.533669   1.88575
        0         0         0         1

-0.00300862  0.553289 -0.832984 0.0773758
-0.990743  0.111401 0.0775736 -0.282178
 0.135716  0.825507  0.547832    1.8458
        0         0         0         1

-0.00300862  0.553289 -0.832984 0.0773758
-0.990743  0.111401 0.0775736 -0.282178
 0.135716  0.825507  0.547832    1.8458
        0         0         0         1

0.00292292  0.561497 -0.827474  0.100497
-0.995857 0.0768374 0.0486216 -0.293166
0.0908818  0.823904  0.559395   1.78319
        0         0         0         1

0.00292292  0.561497 -0.827474  0.100497
-0.995857 0.0768374 0.0486216 -0.293166
0.0908818  0.823904  0.559395   1.78319
        0         0         0         1

 0.007964  0.568283 -0.822795  0.114165
-0.998332 0.0515731 0.0259571 -0.300662
0.0571851  0.821216  0.567745   1.74385
        0         0         0         1

 0.007964  0.568283 -0.822795  0.114165
-0.998332 0.0515731 0.0259571 -0.300662
0.0571851  0.821216  0.567745   1.74385
        0         0         0         1

 0.011251  0.573397   -0.8192  0.126789
-0.999544 0.0294115 0.0068586 -0.304905
0.0280266   0.81875  0.573466   1.70235
        0         0         0         1

 0.011251  0.573397   -0.8192  0.126789
-0.999544 0.0294115 0.0068586 -0.304905
0.0280266   0.81875  0.573466   1.70235
        0         0         0         1

 0.0199694    0.59313  -0.804859   0.145536
 -0.999752 0.00388851 -0.0219393  -0.309087
-0.00988317   0.805098    0.59306    1.64658
         0          0          0          1

 0.0199694    0.59313  -0.804859   0.145536
 -0.999752 0.00388851 -0.0219393  -0.309087
-0.00988317   0.805098    0.59306    1.64658
         0          0          0          1

 0.0219452   0.609462  -0.792512   0.158054
 -0.999297 -0.0107216 -0.0359165  -0.308171
-0.0303867   0.792743   0.608798    1.61147
         0          0          0          1

 0.0219452   0.609462  -0.792512   0.158054
 -0.999297 -0.0107216 -0.0359165  -0.308171
-0.0303867   0.792743   0.608798    1.61147
         0          0          0          1

 0.0302359   0.639045  -0.768575   0.172897
 -0.997729 -0.0270115   -0.06171  -0.310004
-0.0601958   0.768695   0.636776    1.56512
         0          0          0          1

 0.0302359   0.639045  -0.768575   0.172897
 -0.997729 -0.0270115   -0.06171  -0.310004
-0.0601958   0.768695   0.636776    1.56512
         0          0          0          1

 0.0365691   0.653628  -0.755932   0.181107
 -0.996392 -0.0341256 -0.0777088  -0.311206
-0.0765893   0.756046   0.650022    1.53461
         0          0          0          1

 0.0365691   0.653628  -0.755932   0.181107
 -0.996392 -0.0341256 -0.0777088  -0.311206
-0.0765893   0.756046   0.650022    1.53461
         0          0          0          1

 0.0413647   0.665856  -0.744933    0.18918
 -0.994734 -0.0425291 -0.0932503  -0.311376
-0.0937726   0.744867   0.660591    1.50666
         0          0          0          1

 0.0413647   0.665856  -0.744933    0.18918
 -0.994734 -0.0425291 -0.0932503  -0.311376
-0.0937726   0.744867   0.660591    1.50666
         0          0          0          1

 0.0471783   0.681922  -0.729902   0.200058
 -0.991882 -0.0544013  -0.114937  -0.311311
 -0.118086   0.729399    0.67382    1.46847
         0          0          0          1

 0.0471783   0.681922  -0.729902   0.200058
 -0.991882 -0.0544013  -0.114937  -0.311311
 -0.118086   0.729399    0.67382    1.46847
         0          0          0          1

 0.0501425   0.693377  -0.718828   0.204893
 -0.989906 -0.0610232  -0.127914  -0.312345
 -0.132558   0.717987   0.683318    1.44595
         0          0          0          1

 0.0501425   0.693377  -0.718828   0.204893
 -0.989906 -0.0610232  -0.127914  -0.312345
 -0.132558   0.717987   0.683318    1.44595
         0          0          0          1

 0.0523458   0.705942  -0.706333   0.211286
  -0.98712 -0.0704981  -0.143614  -0.312601
 -0.151178   0.704752   0.693159    1.41434
         0          0          0          1

 0.0523458   0.705942  -0.706333   0.211286
  -0.98712 -0.0704981  -0.143614  -0.312601
 -0.151178   0.704752   0.693159    1.41434
         0          0          0          1

   0.05709   0.711095  -0.700775   0.215266
 -0.984991 -0.0744053  -0.155745  -0.313434
 -0.162891   0.699148   0.696174    1.39556
         0          0          0          1

   0.05709   0.711095  -0.700775   0.215266
 -0.984991 -0.0744053  -0.155745  -0.313434
 -0.162891   0.699148   0.696174    1.39556
         0          0          0          1

 0.0576353   0.720584  -0.690968   0.218935
 -0.983065 -0.0796349  -0.165048  -0.312992
 -0.173956   0.688779   0.703792    1.38006
         0          0          0          1

 0.0576353   0.720584  -0.690968   0.218935
 -0.983065 -0.0796349  -0.165048  -0.312992
 -0.173956   0.688779   0.703792    1.38006
         0          0          0          1

 0.0626084   0.737051  -0.672931   0.223425
 -0.981076 -0.0783292  -0.177071   -0.31342
  -0.18322   0.671283   0.718199    1.35993
         0          0          0          1

 0.0626084   0.737051  -0.672931   0.223425
 -0.981076 -0.0783292  -0.177071   -0.31342
  -0.18322   0.671283   0.718199    1.35993
         0          0          0          1

 0.0659392   0.746711  -0.661872   0.226692
  -0.98016 -0.0757853  -0.183148  -0.313607
 -0.186919   0.660817   0.726899    1.34878
         0          0          0          1

 0.0659392   0.746711  -0.661872   0.226692
  -0.98016 -0.0757853  -0.183148  -0.313607
 -0.186919   0.660817   0.726899    1.34878
         0          0          0          1

 0.0704351   0.754959  -0.651978    0.23002
 -0.978763 -0.0738343  -0.191235  -0.314802
 -0.192513   0.651602   0.733726    1.33431
         0          0          0          1

 0.0704351   0.754959  -0.651978    0.23002
 -0.978763 -0.0738343  -0.191235  -0.314802
 -0.192513   0.651602   0.733726    1.33431
         0          0          0          1

 0.0715041   0.757093  -0.649382   0.231135
 -0.977406 -0.0766476  -0.196984  -0.315981
 -0.198909   0.648795   0.734507    1.32568
         0          0          0          1

 0.0715041   0.757093  -0.649382   0.231135
 -0.977406 -0.0766476  -0.196984  -0.315981
 -0.198909   0.648795   0.734507    1.32568
         0          0          0          1

  0.066127    0.75919  -0.647501   0.231588
 -0.977018 -0.0825223  -0.196536  -0.315542
 -0.202641   0.645617   0.736285    1.31837
         0          0          0          1

  0.066127    0.75919  -0.647501   0.231588
 -0.977018 -0.0825223  -0.196536  -0.315542
 -0.202641   0.645617   0.736285    1.31837
         0          0          0          1

 0.0618969   0.767474  -0.638085   0.229647
 -0.976742 -0.0849173  -0.196885  -0.316297
 -0.205288   0.635431   0.744368    1.30919
         0          0          0          1

 0.0618969   0.767474  -0.638085   0.229647
 -0.976742 -0.0849173  -0.196885  -0.316297
 -0.205288   0.635431   0.744368    1.30919
         0          0          0          1

 0.0626481   0.774286  -0.629727   0.229305
 -0.976956 -0.0814199  -0.197303  -0.316243
 -0.204041   0.627576   0.751343    1.30407
         0          0          0          1

 0.0626481   0.774286  -0.629727   0.229305
 -0.976956 -0.0814199  -0.197303  -0.316243
 -0.204041   0.627576   0.751343    1.30407
         0          0          0          1

 0.0650853   0.765492  -0.640145   0.232211
 -0.976603 -0.0829026   -0.19843  -0.315474
 -0.204966   0.638082   0.742186    1.30081
         0          0          0          1

 0.0650853   0.765492  -0.640145   0.232211
 -0.976603 -0.0829026   -0.19843  -0.315474
 -0.204966   0.638082   0.742186    1.30081
         0          0          0          1

0.0631472  0.758555 -0.648542  0.231892
-0.976766 -0.086373  -0.19613 -0.316407
-0.204792  0.645859  0.735477   1.30104
        0         0         0         1

0.0631472  0.758555 -0.648542  0.231892
-0.976766 -0.086373  -0.19613 -0.316407
-0.204792  0.645859  0.735477   1.30104
        0         0         0         1

0.0613584    0.7529 -0.655269   0.23082
-0.976829 -0.089564 -0.194377 -0.317946
-0.205035  0.652012  0.729959    1.3009
        0         0         0         1

0.0613584    0.7529 -0.655269   0.23082
-0.976829 -0.089564 -0.194377 -0.317946
-0.205035  0.652012  0.729959    1.3009
        0         0         0         1

 0.0557228   0.747937  -0.661427    0.22924
  -0.97604 -0.0987501  -0.193894  -0.317565
 -0.210336   0.656383   0.724514    1.30019
         0          0          0          1

 0.0557228   0.747937  -0.661427    0.22924
  -0.97604 -0.0987501  -0.193894  -0.317565
 -0.210336   0.656383   0.724514    1.30019
         0          0          0          1

0.0546606  0.746263 -0.663403   0.22801
-0.974569 -0.104729 -0.198109 -0.317363
-0.217319   0.65736  0.721561   1.29956
        0         0         0         1

0.0546606  0.746263 -0.663403   0.22801
-0.974569 -0.104729 -0.198109 -0.317363
-0.217319   0.65736  0.721561   1.29956
        0         0         0         1

0.0557254   0.74749 -0.661932  0.227958
-0.972518 -0.109467 -0.205489 -0.315486
 -0.22606  0.655191  0.720847   1.29926
        0         0         0         1

0.0557254   0.74749 -0.661932  0.227958
-0.972518 -0.109467 -0.205489 -0.315486
 -0.22606  0.655191  0.720847   1.29926
        0         0         0         1

0.0597944  0.751505 -0.657013  0.229682
-0.971807 -0.106558 -0.210327 -0.313552
-0.228071  0.651066  0.723946   1.30293
        0         0         0         1

0.0597944  0.751505 -0.657013  0.229682
-0.971807 -0.106558 -0.210327 -0.313552
-0.228071  0.651066  0.723946   1.30293
        0         0         0         1

0.0668263  0.751262 -0.656613  0.234265
-0.971366 -0.101392 -0.214867 -0.311247
-0.227997   0.65217  0.722974    1.3071
        0         0         0         1

0.0668263  0.751262 -0.656613  0.234265
-0.971366 -0.101392 -0.214867 -0.311247
-0.227997   0.65217  0.722974    1.3071
        0         0         0         1

 0.0776263   0.744359  -0.663253   0.244043
 -0.970413 -0.0961486  -0.221482  -0.307314
 -0.228633   0.660822   0.714871    1.31754
         0          0          0          1

 0.0776263   0.744359  -0.663253   0.244043
 -0.970413 -0.0961486  -0.221482  -0.307314
 -0.228633   0.660822   0.714871    1.31754
         0          0          0          1

 0.0849004   0.736612  -0.670965    0.25211
 -0.970191 -0.0922877   -0.22408  -0.304199
 -0.226982   0.669989    0.70682    1.32493
         0          0          0          1

 0.0849004   0.736612  -0.670965    0.25211
 -0.970191 -0.0922877   -0.22408  -0.304199
 -0.226982   0.669989    0.70682    1.32493
         0          0          0          1

 0.0995378   0.730537  -0.675579   0.268107
 -0.970746 -0.0778003  -0.227156  -0.298239
 -0.218506   0.678426   0.701422    1.33975
         0          0          0          1

 0.0995378   0.730537  -0.675579   0.268107
 -0.970746 -0.0778003  -0.227156  -0.298239
 -0.218506   0.678426   0.701422    1.33975
         0          0          0          1

 0.121255  0.727809 -0.674975  0.280953
-0.970287 -0.056531 -0.235262 -0.295723
-0.209383  0.683446  0.699329   1.35066
        0         0         0         1

 0.121255  0.727809 -0.674975  0.280953
-0.970287 -0.056531 -0.235262 -0.295723
-0.209383  0.683446  0.699329   1.35066
        0         0         0         1

  0.138605   0.724915   -0.67475   0.297872
 -0.969873 -0.0384678  -0.240557   -0.29017
 -0.200339   0.687764   0.697743     1.3642
         0          0          0          1

  0.138605   0.724915   -0.67475   0.297872
 -0.969873 -0.0384678  -0.240557   -0.29017
 -0.200339   0.687764   0.697743     1.3642
         0          0          0          1

     0.1682    0.715714   -0.677837    0.325592
  -0.968741 -0.00718463   -0.247971   -0.282746
  -0.182347    0.698357    0.692133     1.38524
          0           0           0           1

     0.1682    0.715714   -0.677837    0.325592
  -0.968741 -0.00718463   -0.247971   -0.282746
  -0.182347    0.698357    0.692133     1.38524
          0           0           0           1

 0.189837   0.70915 -0.679021  0.346848
-0.967148 0.0159701 -0.253711 -0.276831
-0.169075  0.704877  0.688885   1.40093
        0         0         0         1

 0.189837   0.70915 -0.679021  0.346848
-0.967148 0.0159701 -0.253711 -0.276831
-0.169075  0.704877  0.688885   1.40093
        0         0         0         1

 0.225252  0.699687 -0.678012  0.382373
-0.963301 0.0556631  -0.26259 -0.267254
 -0.14599  0.712278  0.686547   1.42593
        0         0         0         1

 0.225252  0.699687 -0.678012  0.382373
-0.963301 0.0556631  -0.26259 -0.267254
 -0.14599  0.712278  0.686547   1.42593
        0         0         0         1

 0.249442  0.691857 -0.677579  0.409094
-0.959394 0.0814073 -0.270066 -0.259749
-0.131687  0.717431   0.68407   1.44322
        0         0         0         1

 0.249442  0.691857 -0.677579  0.409094
-0.959394 0.0814073 -0.270066 -0.259749
-0.131687  0.717431   0.68407   1.44322
        0         0         0         1

 0.274724  0.680407 -0.679392  0.437188
-0.954387  0.107038 -0.278725 -0.251402
-0.116926  0.724975  0.678778   1.46012
        0         0         0         1

 0.274724  0.680407 -0.679392  0.437188
-0.954387  0.107038 -0.278725 -0.251402
-0.116926  0.724975  0.678778   1.46012
        0         0         0         1

 0.309211  0.665079 -0.679749  0.483525
-0.946354  0.144672 -0.288937 -0.235415
-0.0938252  0.732625  0.674134   1.48364
        0         0         0         1

 0.309211  0.665079 -0.679749  0.483525
-0.946354  0.144672 -0.288937 -0.235415
-0.0938252  0.732625  0.674134   1.48364
        0         0         0         1

 0.336571  0.656151 -0.675415  0.516183
 -0.93828  0.172979 -0.299516 -0.224004
-0.0796951  0.734536  0.673873    1.4988
        0         0         0         1

 0.336571  0.656151 -0.675415  0.516183
 -0.93828  0.172979 -0.299516 -0.224004
-0.0796951  0.734536  0.673873    1.4988
        0         0         0         1

 0.371438  0.642275 -0.670461  0.568988
-0.926655   0.21147  -0.31079 -0.203762
-0.0578304  0.736725  0.673715   1.51924
        0         0         0         1

 0.371438  0.642275 -0.670461  0.568988
-0.926655   0.21147  -0.31079 -0.203762
-0.0578304  0.736725  0.673715   1.51924
        0         0         0         1

 0.391009  0.630639 -0.670378  0.605476
-0.919369  0.233374 -0.316698 -0.189449
-0.0432736  0.740156  0.671041   1.53141
        0         0         0         1

 0.391009  0.630639 -0.670378  0.605476
-0.919369  0.233374 -0.316698 -0.189449
-0.0432736  0.740156  0.671041   1.53141
        0         0         0         1

 0.407226  0.618437 -0.672088  0.642744
-0.912885  0.252709 -0.320592 -0.174486
-0.0284229  0.744092  0.667472   1.54196
        0         0         0         1

 0.407226  0.618437 -0.672088  0.642744
-0.912885  0.252709 -0.320592 -0.174486
-0.0284229  0.744092  0.667472   1.54196
        0         0         0         1

 0.431411  0.600475 -0.673287  0.699506
-0.902077  0.277283 -0.330713 -0.150961
-0.0118937   0.75003  0.661297   1.55434
        0         0         0         1

 0.431411  0.600475 -0.673287  0.699506
-0.902077  0.277283 -0.330713 -0.150961
-0.0118937   0.75003  0.661297   1.55434
        0         0         0         1

 0.444665  0.592063 -0.672112  0.739457
-0.895686   0.29031 -0.336847 -0.133976
-0.00431387  0.751785  0.659394   1.55978
        0         0         0         1

 0.444665  0.592063 -0.672112  0.739457
-0.895686   0.29031 -0.336847 -0.133976
-0.00431387  0.751785  0.659394   1.55978
        0         0         0         1

 0.457922  0.585772 -0.668715  0.779946
-0.888978  0.305945 -0.340756 -0.115949
0.00498459  0.750513  0.660837   1.56172
        0         0         0         1

 0.457922  0.585772 -0.668715  0.779946
-0.888978  0.305945 -0.340756 -0.115949
0.00498459  0.750513  0.660837   1.56172
        0         0         0         1

  0.476189   0.580277  -0.660698   0.841231
 -0.879233   0.326067  -0.347317 -0.0890849
 0.0138919   0.746297   0.665468    1.56101
         0          0          0          1

  0.476189   0.580277  -0.660698   0.841231
 -0.879233   0.326067  -0.347317 -0.0890849
 0.0138919   0.746297   0.665468    1.56101
         0          0          0          1

  0.486254   0.577926  -0.655407   0.881621
 -0.873625   0.337258  -0.350765 -0.0713951
 0.0183246   0.743141   0.668884    1.55766
         0          0          0          1

  0.486254   0.577926  -0.655407   0.881621
 -0.873625   0.337258  -0.350765 -0.0713951
 0.0183246   0.743141   0.668884    1.55766
         0          0          0          1

  0.503016    0.57865  -0.641981   0.941016
 -0.864068   0.353044  -0.358813 -0.0450218
  0.019021   0.735204   0.677579    1.54673
         0          0          0          1

  0.503016    0.57865  -0.641981   0.941016
 -0.864068   0.353044  -0.358813 -0.0450218
  0.019021   0.735204   0.677579    1.54673
         0          0          0          1

  0.514729   0.579214  -0.632112   0.980379
 -0.857144   0.363927  -0.364501 -0.0267399
 0.0189183    0.72943   0.683794    1.53577
         0          0          0          1

  0.514729   0.579214  -0.632112   0.980379
 -0.857144   0.363927  -0.364501 -0.0267399
 0.0189183    0.72943   0.683794    1.53577
         0          0          0          1

   0.519936    0.579899   -0.627203     1.02019
  -0.853995    0.369177   -0.366608 -0.00968901
  0.0189529    0.726241    0.687179     1.52261
          0           0           0           1

   0.519936    0.579899   -0.627203     1.02019
  -0.853995    0.369177   -0.366608 -0.00968901
  0.0189529    0.726241    0.687179     1.52261
          0           0           0           1

 0.524215  0.574613 -0.628505   1.07418
-0.851486  0.364958 -0.376532 0.0141012
0.0130177  0.732547  0.680592   1.50281
        0         0         0         1

 0.524215  0.574613 -0.628505   1.07418
-0.851486  0.364958 -0.376532 0.0141012
0.0130177  0.732547  0.680592   1.50281
        0         0         0         1

 0.519489  0.572115 -0.634678   1.10985
-0.854455  0.353243 -0.380955 0.0282592
0.00624496  0.740205  0.672352   1.48689
        0         0         0         1

 0.519489  0.572115 -0.634678   1.10985
-0.854455  0.353243 -0.380955 0.0282592
0.00624496  0.740205  0.672352   1.48689
        0         0         0         1

 0.518983  0.572982 -0.634309   1.15817
-0.854737  0.340046 -0.392164 0.0491995
-0.00900874  0.745694  0.666228   1.45941
        0         0         0         1

 0.518983  0.572982 -0.634309   1.15817
-0.854737  0.340046 -0.392164 0.0491995
-0.00900874  0.745694  0.666228   1.45941
        0         0         0         1

 0.520692  0.580668 -0.625864   1.18927
-0.853464  0.335238 -0.399017 0.0626327
-0.0218832  0.741917  0.670135   1.43955
        0         0         0         1

 0.520692  0.580668 -0.625864   1.18927
-0.853464  0.335238 -0.399017 0.0626327
-0.0218832  0.741917  0.670135   1.43955
        0         0         0         1

   0.5248  0.592108  -0.61155    1.2184
-0.850588  0.336974 -0.403669 0.0761924
-0.032939  0.732022  0.680484   1.41865
        0         0         0         1

   0.5248  0.592108  -0.61155    1.2184
-0.850588  0.336974 -0.403669 0.0761924
-0.032939  0.732022  0.680484   1.41865
        0         0         0         1

 0.532737  0.608517 -0.588131   1.25899
-0.845014  0.344481 -0.409004 0.0955658
-0.0462852  0.714871  0.697723   1.39003
        0         0         0         1

 0.532737  0.608517 -0.588131   1.25899
-0.845014  0.344481 -0.409004 0.0955658
-0.0462852  0.714871  0.697723   1.39003
        0         0         0         1

 0.537984  0.614451 -0.577081   1.28381
 -0.84113  0.346272 -0.415447  0.107707
-0.0554447  0.708904  0.703122    1.3728
        0         0         0         1

 0.537984  0.614451 -0.577081   1.28381
 -0.84113  0.346272 -0.415447  0.107707
-0.0554447  0.708904  0.703122    1.3728
        0         0         0         1

 0.543502  0.619216 -0.566725   1.31694
-0.836336   0.34176 -0.428651  0.124833
-0.0717434  0.706945   0.70362   1.34996
        0         0         0         1

 0.543502  0.619216 -0.566725   1.31694
-0.836336   0.34176 -0.428651  0.124833
-0.0717434  0.706945   0.70362   1.34996
        0         0         0         1

 0.547145  0.623614 -0.558335   1.33649
-0.833074  0.340868 -0.435657  0.135989
-0.0813637  0.703502   0.70602   1.33409
        0         0         0         1

 0.547145  0.623614 -0.558335   1.33649
-0.833074  0.340868 -0.435657  0.135989
-0.0813637  0.703502   0.70602   1.33409
        0         0         0         1

 0.550027  0.628424 -0.550049   1.35508
-0.830065  0.338813 -0.442942  0.146013
-0.0919918  0.700206  0.707989   1.32169
        0         0         0         1

 0.550027  0.628424 -0.550049   1.35508
-0.830065  0.338813 -0.442942  0.146013
-0.0919918  0.700206  0.707989   1.32169
        0         0         0         1

  0.56233  0.637126 -0.527121    1.3775
-0.820182  0.348575 -0.453648  0.162219
 -0.10529  0.687435  0.718573   1.30356
        0         0         0         1

  0.56233  0.637126 -0.527121    1.3775
-0.820182  0.348575 -0.453648  0.162219
 -0.10529  0.687435  0.718573   1.30356
        0         0         0         1

 0.569363  0.643998 -0.510973   1.39149
-0.814417  0.357156 -0.457345  0.171196
-0.112032   0.67654  0.727834   1.29276
        0         0         0         1

 0.569363  0.643998 -0.510973   1.39149
-0.814417  0.357156 -0.457345  0.171196
-0.112032   0.67654  0.727834   1.29276
        0         0         0         1

 0.582308  0.649729  -0.48864   1.40762
-0.803665  0.369387 -0.466558  0.185736
-0.122639  0.664383  0.737262   1.27902
        0         0         0         1

 0.582308  0.649729  -0.48864   1.40762
-0.803665  0.369387 -0.466558  0.185736
-0.122639  0.664383  0.737262   1.27902
        0         0         0         1

 0.585309  0.655676 -0.476972   1.41854
-0.800375   0.37315 -0.469212  0.192818
-0.129669   0.65639  0.743194   1.27045
        0         0         0         1

 0.585309  0.655676 -0.476972   1.41854
-0.800375   0.37315 -0.469212  0.192818
-0.129669   0.65639  0.743194   1.27045
        0         0         0         1

 0.592433  0.660325 -0.461513   1.42597
-0.793982  0.381551 -0.473298  0.200964
 -0.13644  0.646831   0.75033   1.26139
        0         0         0         1

 0.592433  0.660325 -0.461513   1.42597
-0.793982  0.381551 -0.473298  0.200964
 -0.13644  0.646831   0.75033   1.26139
        0         0         0         1

 0.605016  0.669222 -0.431391   1.43445
-0.782217  0.398437 -0.478941  0.212427
-0.148635  0.627208  0.764537   1.24924
        0         0         0         1

 0.605016  0.669222 -0.431391   1.43445
-0.782217  0.398437 -0.478941  0.212427
-0.148635  0.627208  0.764537   1.24924
        0         0         0         1

 0.612335   0.67497 -0.411657   1.43929
-0.774592   0.40795 -0.483306  0.218738
-0.158281  0.614811  0.772628   1.24392
        0         0         0         1

 0.612335   0.67497 -0.411657   1.43929
-0.774592   0.40795 -0.483306  0.218738
-0.158281  0.614811  0.772628   1.24392
        0         0         0         1

 0.617877  0.684988  -0.38603   1.44669
-0.767905  0.420204 -0.483477  0.225935
-0.168964  0.595164   0.78564    1.2332
        0         0         0         1

 0.617877  0.684988  -0.38603   1.44669
-0.767905  0.420204 -0.483477  0.225935
-0.168964  0.595164   0.78564    1.2332
        0         0         0         1

 0.626586  0.686381 -0.369148   1.44778
-0.758548  0.428397    -0.491  0.232637
-0.178871   0.58767  0.789081   1.22774
        0         0         0         1

 0.626586  0.686381 -0.369148   1.44778
-0.758548  0.428397    -0.491  0.232637
-0.178871   0.58767  0.789081   1.22774
        0         0         0         1

 0.628104  0.691068 -0.357646   1.45068
-0.754741  0.429219 -0.496121  0.236467
-0.189345  0.581546  0.791172   1.22128
        0         0         0         1

 0.628104  0.691068 -0.357646   1.45068
-0.754741  0.429219 -0.496121  0.236467
-0.189345  0.581546  0.791172   1.22128
        0         0         0         1

 0.629876  0.701329 -0.333756   1.45246
-0.750228  0.438152 -0.495157  0.241339
-0.201032  0.562281  0.802139   1.21199
        0         0         0         1

 0.629876  0.701329 -0.333756   1.45246
-0.750228  0.438152 -0.495157  0.241339
-0.201032  0.562281  0.802139   1.21199
        0         0         0         1

 0.630655  0.705449 -0.323444   1.45405
 -0.74876  0.443524  -0.49259  0.243358
-0.204041  0.552836  0.807923   1.20688
        0         0         0         1

 0.630655  0.705449 -0.323444   1.45405
 -0.74876  0.443524  -0.49259  0.243358
-0.204041  0.552836  0.807923   1.20688
        0         0         0         1

 0.629981  0.709126 -0.316646   1.45569
-0.747273  0.442497 -0.495761  0.245976
-0.211442  0.548941  0.808675     1.204
        0         0         0         1

 0.629981  0.709126 -0.316646   1.45569
-0.747273  0.442497 -0.495761  0.245976
-0.211442  0.548941  0.808675     1.204
        0         0         0         1

 0.625975  0.713862 -0.313938   1.45591
-0.749656  0.439909 -0.494465    0.2468
-0.214875  0.544868  0.810523   1.19951
        0         0         0         1

 0.625975  0.713862 -0.313938   1.45591
-0.749656  0.439909 -0.494465    0.2468
-0.214875  0.544868  0.810523   1.19951
        0         0         0         1

 0.620841  0.718887 -0.312662   1.45405
-0.752724  0.435236  -0.49394  0.247887
-0.219006  0.542006  0.811336    1.1967
        0         0         0         1

 0.620841  0.718887 -0.312662   1.45405
-0.752724  0.435236  -0.49394  0.247887
-0.219006  0.542006  0.811336    1.1967
        0         0         0         1

 0.607678  0.724148 -0.326094   1.45241
-0.760741  0.412859  -0.50082  0.248106
-0.228037   0.55241  0.801774   1.19325
        0         0         0         1

 0.607678  0.724148 -0.326094   1.45241
-0.760741  0.412859  -0.50082  0.248106
-0.228037   0.55241  0.801774   1.19325
        0         0         0         1

 0.591012  0.729687 -0.343892   1.44941
-0.770086  0.383456 -0.509832  0.247317
 -0.24015  0.566144  0.788549   1.18929
        0         0         0         1

 0.591012  0.729687 -0.343892   1.44941
-0.770086  0.383456 -0.509832  0.247317
 -0.24015  0.566144  0.788549   1.18929
        0         0         0         1

 0.570429  0.741502 -0.353251     1.446
-0.783119  0.361322 -0.506134  0.245946
-0.247662  0.565351  0.786792   1.18432
        0         0         0         1

 0.570429  0.741502 -0.353251     1.446
-0.783119  0.361322 -0.506134  0.245946
-0.247662  0.565351  0.786792   1.18432
        0         0         0         1

 0.562337  0.746845 -0.354964   1.44341
-0.788775  0.355614  -0.50137  0.245245
-0.248216  0.561926  0.789068    1.1835
        0         0         0         1

 0.562337  0.746845 -0.354964   1.44341
-0.788775  0.355614  -0.50137  0.245245
-0.248216  0.561926  0.789068    1.1835
        0         0         0         1

  0.55288  0.752756 -0.357327   1.44299
-0.795388  0.348949 -0.495572  0.243655
-0.248356  0.558206   0.79166   1.18396
        0         0         0         1

  0.55288  0.752756 -0.357327   1.44299
-0.795388  0.348949 -0.495572  0.243655
-0.248356  0.558206   0.79166   1.18396
        0         0         0         1

 0.546291  0.756365 -0.359829   1.44118
-0.800235  0.344437 -0.490904  0.243183
-0.247365  0.556125  0.793433   1.18743
        0         0         0         1

 0.546291  0.756365 -0.359829   1.44118
-0.800235  0.344437 -0.490904  0.243183
-0.247365  0.556125  0.793433   1.18743
        0         0         0         1

 0.543152  0.757922 -0.361303   1.43935
-0.803107  0.343422  -0.48691  0.243121
-0.244961  0.554631  0.795222   1.19124
        0         0         0         1

 0.543152  0.757922 -0.361303   1.43935
-0.803107  0.343422  -0.48691  0.243121
-0.244961  0.554631  0.795222   1.19124
        0         0         0         1

 0.532661  0.760738 -0.370879   1.43736
-0.811435  0.334517 -0.479241  0.241636
-0.240511  0.556217  0.795473    1.1991
        0         0         0         1

 0.532661  0.760738 -0.370879   1.43736
-0.811435  0.334517 -0.479241  0.241636
-0.240511  0.556217  0.795473    1.1991
        0         0         0         1

 0.528273  0.759247 -0.380094   1.43512
 -0.81459  0.326916 -0.479134  0.241956
-0.239522  0.562734  0.791176   1.20678
        0         0         0         1

 0.528273  0.759247 -0.380094   1.43512
 -0.81459  0.326916 -0.479134  0.241956
-0.239522  0.562734  0.791176   1.20678
        0         0         0         1

 0.522136  0.756727 -0.393367   1.43098
-0.819696  0.317891 -0.476491  0.241887
-0.235526  0.571235  0.786269   1.21377
        0         0         0         1

 0.522136  0.756727 -0.393367   1.43098
-0.819696  0.317891 -0.476491  0.241887
-0.235526  0.571235  0.786269   1.21377
        0         0         0         1

 0.511671  0.750912 -0.417521   1.42315
-0.830089  0.306666 -0.465734   0.24052
-0.221686  0.584883  0.780236   1.23054
        0         0         0         1

 0.511671  0.750912 -0.417521   1.42315
-0.830089  0.306666 -0.465734   0.24052
-0.221686  0.584883  0.780236   1.23054
        0         0         0         1

 0.505453  0.745013 -0.435285   1.41626
-0.837294  0.301616 -0.456034  0.239009
-0.208462  0.594966  0.776247   1.24755
        0         0         0         1

 0.505453  0.745013 -0.435285   1.41626
-0.837294  0.301616 -0.456034  0.239009
-0.208462  0.594966  0.776247   1.24755
        0         0         0         1

 0.494935  0.738967 -0.457129   1.40632
-0.850254  0.303377 -0.430151   0.23532
-0.179185  0.601573  0.778462   1.27492
        0         0         0         1

 0.494935  0.738967 -0.457129   1.40632
-0.850254  0.303377 -0.430151   0.23532
-0.179185  0.601573  0.778462   1.27492
        0         0         0         1

  0.49484   0.73293 -0.466848    1.3961
-0.854539  0.312878 -0.414572  0.234567
-0.157787  0.604087  0.781142   1.29684
        0         0         0         1

  0.49484   0.73293 -0.466848    1.3961
-0.854539  0.312878 -0.414572  0.234567
-0.157787  0.604087  0.781142   1.29684
        0         0         0         1

 0.487252  0.727368 -0.483241   1.38903
-0.862636  0.314846 -0.395893  0.231485
-0.135814  0.609761  0.780863   1.32388
        0         0         0         1

 0.487252  0.727368 -0.483241   1.38903
-0.862636  0.314846 -0.395893  0.231485
-0.135814  0.609761  0.780863   1.32388
        0         0         0         1

 0.488111  0.711227  -0.50587   1.37012
-0.867578   0.33219 -0.370079   0.23072
-0.0951649  0.619521   0.77919   1.36771
        0         0         0         1

 0.488111  0.711227  -0.50587   1.37012
-0.867578   0.33219 -0.370079   0.23072
-0.0951649  0.619521   0.77919   1.36771
        0         0         0         1

 0.483535  0.699573  -0.52611   1.35802
-0.872731  0.339068 -0.351245  0.229091
-0.0673343  0.628992   0.77449   1.39986
        0         0         0         1

 0.483535  0.699573  -0.52611   1.35802
-0.872731  0.339068 -0.351245  0.229091
-0.0673343  0.628992   0.77449   1.39986
        0         0         0         1

 0.475052  0.681386 -0.556811   1.33731
-0.879532  0.347983 -0.324549  0.227453
-0.0273826  0.643911   0.76461   1.45514
        0         0         0         1

 0.475052  0.681386 -0.556811   1.33731
-0.879532  0.347983 -0.324549  0.227453
-0.0273826  0.643911   0.76461   1.45514
        0         0         0         1

 0.475389  0.666485 -0.574285   1.31858
-0.879772  0.362145 -0.307981  0.227903
0.00271009  0.651651  0.758514   1.49744
        0         0         0         1

 0.475389  0.666485 -0.574285   1.31858
-0.879772  0.362145 -0.307981  0.227903
0.00271009  0.651651  0.758514   1.49744
        0         0         0         1

 0.474877  0.652446 -0.590598   1.29793
-0.879297  0.379558 -0.287703  0.228587
0.0364553  0.655935  0.753937   1.54301
        0         0         0         1

 0.474877  0.652446 -0.590598   1.29793
