 0.202866 -0.144855  0.968433  0.940802
-0.761353 -0.645272 0.0629696   1.05556
 0.615782 -0.750094  -0.24119   1.95465
        0         0         0         1

  0.20452 -0.137521  0.969154  0.932883
 -0.76748 -0.637066 0.0715619   1.03709
 0.607574 -0.758442 -0.235837   1.97108
        0         0         0         1

 0.208577  -0.13801  0.968219  0.927033
-0.771953 -0.631078 0.0763425   1.02344
 0.600486 -0.763344 -0.238166   1.97897
        0         0         0         1

 0.213212 -0.131071  0.968174  0.913441
-0.780503 -0.618914 0.0880942   1.00307
  0.58767 -0.774445 -0.234261   1.99772
        0         0         0         1

 0.214809  -0.12194  0.969014  0.899849
-0.783465  -0.61391 0.0964231  0.988739
 0.583129 -0.779901 -0.227409   2.00496
        0         0         0         1

 0.218441 -0.119709   0.96848  0.880207
-0.793328 -0.599705  0.104808  0.953074
 0.568256 -0.791216 -0.225968   2.02152
        0         0         0         1

 0.219383 -0.111454  0.969252  0.865786
-0.801152 -0.587547  0.113773  0.937201
 0.556801 -0.801478  -0.21819   2.03595
        0         0         0         1

  0.22107 -0.113103  0.968677  0.855824
-0.809405 -0.575368  0.117541  0.915952
 0.544051 -0.810037 -0.218743    2.0481
        0         0         0         1

 0.220912 -0.120749   0.96779  0.851017
-0.810846 -0.574158  0.113451  0.904665
 0.541965 -0.809792 -0.224747   2.04769
        0         0         0         1

 0.224147 -0.124041  0.966629  0.821906
-0.826113 -0.550374  0.120938  0.866163
 0.517006 -0.825653 -0.225837     2.073
        0         0         0         1

 0.218354  -0.13635  0.966297  0.820919
-0.833246 -0.541464  0.111885  0.849793
  0.50796 -0.829594 -0.231844    2.0777
        0         0         0         1

 0.217532 -0.146301  0.965026  0.812328
-0.840615  -0.53054  0.109056  0.830526
  0.49603 -0.834939 -0.238392   2.08607
        0         0         0         1

 0.218312 -0.156208  0.963296  0.804764
-0.849008 -0.517107  0.108557   0.81412
  0.48117 -0.841546 -0.245513    2.0956
        0         0         0         1

 0.218098 -0.167533   0.96144  0.796571
-0.857439 -0.503382   0.10679  0.794658
 0.466081 -0.847667 -0.253435   2.10136
        0         0         0         1

 0.217604 -0.178992  0.959485  0.790298
  -0.8647 -0.491308  0.104454  0.778443
 0.452706 -0.852396 -0.261685   2.10551
        0         0         0         1

 0.223436  -0.18725  0.956564  0.769444
 -0.87581 -0.469314  0.112704  0.743292
 0.427825  -0.86295 -0.268857    2.1127
        0         0         0         1

 0.220405 -0.192153  0.956294  0.764666
-0.880375 -0.461295  0.110217  0.729554
 0.419955  -0.86619 -0.270838   2.11184
        0         0         0         1

 0.218915 -0.198482  0.955344  0.759223
 -0.88536 -0.451952  0.108981  0.712807
 0.410138 -0.869681 -0.274667   2.11093
        0         0         0         1

 0.215038  -0.20335    0.9552   0.75268
-0.892242 -0.438575  0.107498   0.69627
 0.397067 -0.875386 -0.275748   2.11311
        0         0         0         1

 0.194189 -0.224685  0.954886  0.751162
-0.906955 -0.412041 0.0874878  0.661895
 0.373795 -0.883028 -0.283793    2.1169
        0         0         0         1

 0.169679 -0.218206  0.961039  0.739085
-0.913217 -0.401399 0.0700968  0.647624
 0.370464 -0.889531 -0.267378   2.11371
        0         0         0         1

 0.135238 -0.215247   0.96715  0.738188
-0.912536 -0.407323 0.0369478  0.636983
  0.38599 -0.887556 -0.251507   2.10317
        0         0         0         1

 0.121391 -0.201336  0.971971  0.734385
-0.916889 -0.397849 0.0321005  0.620666
 0.380235 -0.895087 -0.232899   2.10563
        0         0         0         1

 0.103197 -0.174597  0.979217  0.713192
-0.935859 -0.350517 0.0361299  0.585691
 0.336924 -0.920138 -0.199571    2.0992
        0         0         0         1

0.0997484 -0.183395  0.977966  0.705576
-0.944417 -0.326879 0.0350279  0.572959
 0.313253 -0.927101 -0.205807   2.09361
        0         0         0         1

 0.103466  -0.19946  0.974428  0.699544
 -0.95411 -0.296694 0.0405766  0.553113
 0.281014  -0.93391 -0.221004   2.09641
        0         0         0         1

 0.107143 -0.207894  0.972266  0.698512
-0.959764 -0.276921  0.046553  0.540491
 0.259563 -0.938134 -0.229199   2.08894
        0         0         0         1

   0.1204 -0.204012  0.971537  0.686924
-0.966167 -0.248938   0.06746  0.519684
  0.22809 -0.946789 -0.227081    2.0868
        0         0         0         1

 0.122473 -0.203242  0.971439  0.686885
-0.969841 -0.232342 0.0736615  0.508332
 0.210735 -0.951162 -0.225568   2.08017
        0         0         0         1

 0.106773 -0.205527  0.972809  0.685111
-0.978969 -0.192793  0.066717  0.480467
 0.173839 -0.959473  -0.22179    2.0673
        0         0         0         1

0.0971683 -0.206146  0.973685   0.67984
-0.982756 -0.174509 0.0611269  0.466299
 0.157316 -0.962835 -0.219548   2.06391
        0         0         0         1

0.0884293  -0.20661  0.974419   0.67303
-0.985481 -0.160493 0.0554031  0.451584
 0.144941 -0.965171 -0.217802   2.05601
        0         0         0         1

0.0869734 -0.207507   0.97436  0.668563
 -0.98705 -0.150282 0.0561009   0.43976
 0.134788 -0.966621  -0.21789   2.04804
        0         0         0         1

0.0910856 -0.205364  0.974438  0.661869
-0.989204 -0.131459 0.0647608   0.42171
 0.114799 -0.969817 -0.215121   2.04301
        0         0         0         1

0.0933539 -0.205356  0.974225  0.659262
-0.990598 -0.117437 0.0701684  0.409755
 0.100001 -0.971616 -0.214389    2.0362
        0         0         0         1

 0.0973963   -0.21176   0.972456   0.656155
 -0.993262 -0.0823398    0.08155   0.381713
 0.0628028  -0.973847  -0.218353    2.02155
         0          0          0          1

  0.098653  -0.220868   0.970301   0.656247
 -0.994166 -0.0646017  0.0863742   0.369066
 0.0436058  -0.973162  -0.225953    2.01662
         0          0          0          1

 0.0995079  -0.224519   0.969376   0.653836
 -0.994775 -0.0447855  0.0917424   0.354038
  0.022816   -0.97344  -0.227803    2.00825
         0          0          0          1

  0.101816   -0.22751   0.968438   0.651129
 -0.994782 -0.0295879  0.0976348   0.341426
0.00644125  -0.973326  -0.229335    2.00155
         0          0          0          1

   0.102705   -0.227315     0.96839    0.643484
  -0.994525 -0.00459244    0.104399    0.315582
 -0.0192841    -0.97381   -0.226542     1.98174
          0           0           0           1

  0.103642  -0.229262   0.967831   0.640521
 -0.994139 0.00620242   0.107929   0.302819
-0.0307468  -0.973345  -0.227275     1.9761
         0          0          0          1

  0.10605 -0.237515  0.965578  0.640234
-0.993237 0.0208604  0.114219  0.288078
-0.0472711  -0.97116 -0.233696   1.96935
        0         0         0         1

 0.111859 -0.236506   0.96517  0.636454
-0.991931 0.0317396  0.122738  0.275403
-0.0596624 -0.971112 -0.231047   1.96233
        0         0         0         1

 0.117818 -0.244347  0.962504  0.634919
 -0.99044 0.0411098  0.131675  0.261818
-0.0717426 -0.968816 -0.237168   1.95176
        0         0         0         1

 0.124395 -0.251418  0.959852   0.63509
-0.988695 0.0502098  0.141285  0.250055
-0.0837154 -0.966575  -0.24233    1.9443
        0         0         0         1

 0.144073 -0.261454  0.954403  0.632476
-0.983661 0.0673753  0.166946  0.223185
-0.107952 -0.962861 -0.247476   1.92685
        0         0         0         1

   0.1485  -0.26626  0.952393  0.632933
-0.981813 0.0754958  0.174193  0.211625
-0.118282  -0.96094 -0.250207   1.91982
        0         0         0         1

 0.152512  -0.27142  0.950301   0.63167
-0.980003 0.0828086  0.180931  0.198874
-0.127801 -0.958892 -0.253363   1.90941
        0         0         0         1

 0.156519 -0.276954   0.94805  0.628692
-0.978216 0.0890607  0.187516   0.18704
-0.136367 -0.956747 -0.256981   1.90215
        0         0         0         1

 0.153039 -0.289556  0.944847  0.626798
-0.976063  0.105218  0.190341  0.162059
-0.154529  -0.95136 -0.266523    1.8854
        0         0         0         1

 0.151476 -0.291131  0.944615  0.623543
-0.975435  0.110606  0.190507  0.151327
-0.159943 -0.950268 -0.267225   1.87747
        0         0         0         1

 0.144473  -0.29858  0.943386  0.622721
-0.975039  0.119491   0.18714  0.138709
-0.168603 -0.946875 -0.273864   1.86951
        0         0         0         1

 0.138109 -0.302006  0.943249  0.620818
-0.975361  0.123955  0.182498  0.129392
-0.172036 -0.945213 -0.277446   1.86101
        0         0         0         1

 0.130516 -0.309573  0.941876  0.618728
-0.974927  0.132623  0.178687  0.116691
-0.180231 -0.941581 -0.284502   1.85341
        0         0         0         1

 0.128628 -0.316549  0.939815  0.616145
-0.974301  0.136369   0.17928  0.106409
-0.184913 -0.938723 -0.290873   1.84699
        0         0         0         1

 0.127144  -0.32711  0.936394  0.614797
-0.974026  0.137158  0.180167 0.0862899
-0.187369 -0.934979 -0.301175   1.82959
        0         0         0         1

 0.128077 -0.333664  0.933951  0.613853
-0.973748  0.136374  0.182256 0.0776898
-0.188179 -0.932775 -0.307439   1.82234
        0         0         0         1

 0.130804 -0.344486  0.929634  0.612355
-0.972481  0.137769  0.187884 0.0664709
-0.192798 -0.928627 -0.316985   1.81558
        0         0         0         1

 0.133677  -0.35225   0.92631  0.610967
-0.971506  0.138017  0.192684 0.0581701
-0.195719 -0.925673 -0.323763   1.80861
        0         0         0         1

 0.142962 -0.366666  0.919303   0.61011
-0.967268  0.144996  0.208253 0.0394304
-0.209655 -0.918984 -0.333935   1.79376
        0         0         0         1

 0.149117 -0.369225  0.917299  0.609031
-0.965038  0.147886  0.216404 0.0316099
-0.215557 -0.917498 -0.334264   1.78662
        0         0         0         1

 0.153384 -0.374335   0.91452  0.609367
-0.962425  0.153271  0.224156   0.02258
-0.224078 -0.914539  -0.33676   1.77978
        0         0         0         1

 0.155933 -0.374653  0.913959  0.608548
-0.961249  0.155406  0.227705 0.0156519
-0.227345 -0.914048 -0.335901   1.77294
        0         0         0         1

 0.158281 -0.373781  0.913912  0.607178
-0.960064     0.158  0.230895 0.0069806
-0.230702  -0.91396 -0.333845    1.7654
        0         0         0         1

   0.158295   -0.373846    0.913883    0.607243
   -0.95952    0.160116    0.231699 0.000688983
  -0.232947   -0.913566   -0.333368      1.7591
          0           0           0           1

  0.165688  -0.368937   0.914567   0.604866
 -0.956252   0.166624   0.240457 -0.0141644
 -0.241102  -0.914397  -0.325189     1.7447
         0          0          0          1

  0.171904   -0.37226    0.91207   0.604229
 -0.953988   0.167988   0.248369 -0.0203812
 -0.245675  -0.912799  -0.326254    1.73884
         0          0          0          1

  0.180732  -0.381324   0.906603   0.604352
 -0.950424   0.169442   0.260736 -0.0277691
 -0.253042   -0.90878  -0.331796    1.73249
         0          0          0          1

  0.190408  -0.391321    0.90034   0.603973
 -0.946728    0.16943   0.273859 -0.0340749
 -0.259712  -0.904523  -0.338214    1.72769
         0          0          0          1

  0.209437   -0.41328   0.886192   0.603439
 -0.940532   0.162753   0.298181 -0.0471578
 -0.267463  -0.895941  -0.354616    1.71649
         0          0          0          1

   0.21542  -0.421549   0.880846   0.603775
 -0.939043   0.158077   0.305304 -0.0521175
 -0.267942  -0.892921    -0.3618    1.71173
         0          0          0          1

  0.222799  -0.431408   0.874213   0.603201
 -0.937019   0.152671   0.314145 -0.0585068
 -0.268992  -0.889145  -0.370223    1.70642
         0          0          0          1

  0.225763  -0.439444   0.869437    0.60274
 -0.935747   0.150396   0.318997 -0.0637072
 -0.270941   -0.88559  -0.377255    1.70277
         0          0          0          1

   0.22656  -0.445857   0.865957   0.602132
 -0.935782   0.146959   0.320493 -0.0691975
 -0.270155  -0.882958   -0.38393    1.69752
         0          0          0          1

  0.227791   -0.44887   0.864076   0.600561
 -0.935469   0.145369   0.322128 -0.0742385
 -0.270203  -0.881694   -0.38679    1.69363
         0          0          0          1

  0.228268  -0.450353   0.863178   0.596854
  -0.93598   0.142558   0.321898 -0.0851716
 -0.268021  -0.881396   -0.38898    1.68419
         0          0          0          1

  0.227946  -0.450772   0.863044   0.595664
 -0.936419    0.14135   0.321153 -0.0893959
 -0.266758  -0.881376  -0.389892    1.68039
         0          0          0          1

  0.227539  -0.451691   0.862671   0.594082
 -0.937184   0.138973   0.319958 -0.0945513
  -0.26441  -0.881284  -0.391696    1.67599
         0          0          0          1

  0.225792  -0.453038   0.862424   0.592755
 -0.938159   0.137373   0.317783 -0.0989003
 -0.262441  -0.880843  -0.394004     1.6733
         0          0          0          1

 0.221619 -0.452355  0.863863  0.589926
-0.942359  0.128394  0.308989 -0.107634
-0.250688 -0.882547 -0.397826   1.66562
        0         0         0         1

  0.22232 -0.452683  0.863512  0.588833
-0.943384  0.123745  0.307755 -0.111503
-0.246171 -0.883043 -0.399543   1.66302
        0         0         0         1

 0.226162 -0.453757  0.861948  0.587343
-0.943453  0.118142  0.309741 -0.116458
-0.242379 -0.883259  -0.40138   1.66014
        0         0         0         1

  0.23076 -0.455403  0.859859  0.586565
-0.943266   0.11213  0.312531 -0.120254
-0.238744 -0.883196 -0.403691    1.6576
        0         0         0         1

 0.236642 -0.458058  0.856845  0.586343
-0.942804  0.104845  0.316431 -0.124617
 -0.23478 -0.882718 -0.407047   1.65544
        0         0         0         1

 0.242771 -0.459939  0.854118  0.586109
-0.942408 0.0969884  0.320094 -0.128058
-0.230063 -0.882638 -0.409904   1.65363
        0         0         0         1

 0.258839 -0.463022  0.847711  0.585239
-0.941069 0.0769086  0.329353 -0.136198
-0.217694 -0.883004 -0.415828   1.65041
        0         0         0         1

 0.265094 -0.464832  0.844782  0.585731
-0.940338 0.0691671  0.333138 -0.139112
-0.213285 -0.882693 -0.418763    1.6493
        0         0         0         1

 0.273679 -0.466043   0.84137  0.586326
-0.939188 0.0591638  0.338269 -0.142344
-0.207426 -0.882782  -0.42151   1.64767
        0         0         0         1

 0.280593 -0.466919  0.838603  0.587324
-0.937851  0.052518  0.343042 -0.144781
-0.204215 -0.882739 -0.423164   1.64694
        0         0         0         1

 0.299626 -0.467011   0.83194  0.589013
-0.933492 0.0365673  0.356728 -0.150139
-0.197018 -0.883495 -0.424995   1.64473
        0         0         0         1

 0.308835 -0.466324  0.828953   0.58965
-0.931175 0.0292888  0.363395 -0.152266
-0.193739 -0.884129 -0.425184   1.64399
        0         0         0         1

 0.318988 -0.465441  0.825598  0.590873
-0.928636 0.0206109  0.370418 -0.154379
-0.189424 -0.884839 -0.425651   1.64314
        0         0         0         1

 0.327062 -0.464365  0.823041  0.592028
-0.926559 0.0136523  0.375901 -0.156025
-0.185791 -0.885539 -0.425796   1.64267
        0         0         0         1

   0.33627  -0.462959   0.820117   0.593564
 -0.924124 0.00555788   0.382053  -0.157678
 -0.181433  -0.886362  -0.425962    1.64201
         0          0          0          1

   0.344751   -0.461604    0.817354     0.59447
  -0.921694 -0.00149707    0.387915   -0.159057
   -0.17784   -0.887085   -0.425974     1.64142
          0           0           0           1

 0.360531  -0.45894  0.812029  0.597343
-0.916989 -0.015045  0.398629 -0.161295
 -0.17073  -0.88834 -0.426267   1.63994
        0         0         0         1

  0.367076  -0.456976   0.810202   0.598242
 -0.914914 -0.0201627   0.403145  -0.162212
 -0.167892   -0.88925  -0.425495     1.6391
         0          0          0          1

  0.373771  -0.453598   0.809039   0.599437
 -0.912797 -0.0250846   0.407643  -0.162989
 -0.164612  -0.890853  -0.423419    1.63779
         0          0          0          1

  0.378198  -0.449268   0.809397   0.600272
 -0.911468 -0.0278602   0.410427  -0.163401
 -0.161842  -0.892962   -0.42003    1.63653
         0          0          0          1

  0.387306  -0.436332   0.812162   0.601744
 -0.908497 -0.0306791   0.416764  -0.163804
 -0.156931  -0.899262  -0.408289    1.63269
         0          0          0          1

  0.390696  -0.429255   0.814308   0.602004
 -0.907493 -0.0313115   0.418899  -0.163716
 -0.154317   -0.90264  -0.401779    1.63059
         0          0          0          1

  0.394186  -0.421433   0.816708    0.60212
 -0.906351 -0.0311553   0.421376   -0.16373
 -0.152137  -0.906324  -0.394247    1.62866
         0          0          0          1

  0.395454  -0.414973   0.819399   0.602635
 -0.906294 -0.0314231   0.421477  -0.163139
 -0.149154  -0.909291  -0.388514    1.62657
         0          0          0          1

  0.398487  -0.407397   0.821727   0.602614
 -0.905243 -0.0306596   0.423787  -0.162939
 -0.147456  -0.912736  -0.381011    1.62491
         0          0          0          1

  0.400768  -0.401719   0.823412   0.602597
  -0.90457 -0.0308737   0.425206  -0.162579
 -0.145391  -0.915243  -0.375756    1.62341
         0          0          0          1

  0.404531  -0.390893   0.826775   0.602769
 -0.903717 -0.0322895   0.426912  -0.160953
 -0.140181   -0.91987  -0.366319    1.62027
         0          0          0          1

  0.405111  -0.387411   0.828129   0.602667
 -0.903987 -0.0342777   0.426184  -0.160135
 -0.136722  -0.921269  -0.364101    1.61926
         0          0          0          1

  0.404635  -0.384659   0.829643   0.602899
 -0.904913 -0.0375447   0.423938  -0.158832
 -0.131923  -0.922295  -0.363275    1.61787
         0          0          0          1

  0.405035    -0.3832   0.830123   0.602628
 -0.905118 -0.0396947   0.423303  -0.158057
 -0.129258  -0.922812  -0.362919    1.61725
         0          0          0          1

  0.405262  -0.376401   0.833118   0.602045
 -0.906121 -0.0444901   0.420673  -0.155237
 -0.121276  -0.925388  -0.359095    1.61508
         0          0          0          1

  0.405765  -0.372745   0.834515   0.601493
 -0.906492 -0.0475101   0.419541  -0.153855
 -0.116734  -0.926717  -0.357169    1.61379
         0          0          0          1

  0.406309  -0.370037   0.835455   0.601036
 -0.906774 -0.0506383   0.418565  -0.152136
 -0.112578  -0.927636  -0.356114    1.61287
         0          0          0          1

  0.406813  -0.367926   0.836142   0.600824
 -0.906955 -0.0532026   0.417855   -0.15055
 -0.109255  -0.928332  -0.355336    1.61222
         0          0          0          1

  0.407077    -0.3654    0.83712   0.600868
 -0.907392 -0.0568923   0.416416  -0.148215
 -0.104533   -0.92911  -0.354721     1.6112
         0          0          0          1

  0.409024  -0.362586   0.837395   0.600366
 -0.906855 -0.0593824   0.417239  -0.146655
 -0.101559  -0.930056  -0.353102    1.61074
         0          0          0          1

  0.414604  -0.352563   0.838929   0.599187
 -0.905222 -0.0654188   0.419874  -0.142768
-0.0931505  -0.933498  -0.346271    1.61012
         0          0          0          1

   0.41848  -0.347706   0.839032   0.598095
 -0.904007 -0.0705289   0.421659  -0.140952
-0.0874376  -0.934947  -0.343844    1.60963
         0          0          0          1

  0.422277  -0.343261    0.83896   0.597674
 -0.902839 -0.0765489    0.42311  -0.138267
-0.0810157  -0.936115  -0.342234    1.60942
         0          0          0          1

  0.425581  -0.340305   0.838495   0.597533
 -0.901694 -0.0813022   0.424662    -0.1359
-0.0763429  -0.936794  -0.341451    1.60967
         0          0          0          1

  0.431079  -0.335106    0.83778   0.596993
 -0.899563 -0.0871611   0.428006  -0.133019
-0.0704053   -0.93814  -0.339022    1.61008
         0          0          0          1

  0.435689  -0.330327   0.837293   0.596718
 -0.897713 -0.0918042   0.430911   -0.13041
-0.0654743  -0.939391  -0.336537    1.61031
         0          0          0          1

 0.445029  -0.31965  0.836524  0.595496
-0.893978 -0.103849  0.435912 -0.124206
-0.052467 -0.941827 -0.331976   1.61177
        0         0         0         1

 0.446747 -0.314675  0.837494  0.595141
-0.893485 -0.108962  0.435673 -0.121071
-0.0458402 -0.942925 -0.329836   1.61264
        0         0         0         1

 0.448671 -0.308532   0.83875  0.594038
-0.892858 -0.114098  0.435644 -0.117684
-0.0387103 -0.944346 -0.326667   1.61427
        0         0         0         1

 0.449769 -0.304092  0.839783  0.592734
-0.892589 -0.119875  0.434643 -0.114765
-0.0315027  -0.94507 -0.325345   1.61561
        0         0         0         1

  0.45094 -0.295778  0.842121  0.589976
-0.892336 -0.128546   0.43268 -0.108065
-0.0197259 -0.946568   -0.3219   1.62073
        0         0         0         1

 0.452093 -0.290849  0.843219  0.588735
-0.891843 -0.131392  0.432842 -0.104883
-0.0150999 -0.947704 -0.318793   1.62295
        0         0         0         1

 0.454793 -0.284798  0.843832  0.586693
 -0.89052 -0.132941  0.435088 -0.101459
-0.0117321 -0.949324 -0.314079   1.62644
        0         0         0         1

   0.45633  -0.279837   0.844662   0.585317
 -0.889777   -0.13525   0.435895 -0.0980671
-0.00773921  -0.950473  -0.310711    1.62893
         0          0          0          1

  0.459203  -0.273557   0.845162   0.583129
 -0.888325  -0.137882   0.438026 -0.0939832
-0.00329248  -0.951922  -0.306324    1.63238
         0          0          0          1

   0.46103   -0.26864   0.845744   0.581669
 -0.887384   -0.14008   0.439234 -0.0902662
0.00047645  -0.953001  -0.302968    1.63539
         0          0          0          1

  0.467061  -0.255992   0.846358   0.576694
 -0.884161  -0.146752   0.443535 -0.0819783
 0.0106633  -0.955475   -0.29488    1.64327
         0          0          0          1

  0.469651  -0.250726   0.846501   0.573991
 -0.882719  -0.149983   0.445322 -0.0785755
 0.0153069  -0.956369  -0.291761    1.64708
         0          0          0          1

  0.471859  -0.244418   0.847118   0.570752
 -0.881421  -0.153801    0.44659 -0.0740532
 0.0211332  -0.957395  -0.288008    1.65179
         0          0          0          1

  0.473829  -0.238979    0.84757   0.567789
 -0.880241  -0.156631   0.447931 -0.0703831
 0.0257093  -0.958309  -0.284576    1.65598
         0          0          0          1

  0.480359  -0.224599   0.847827   0.560304
 -0.876228  -0.165293   0.452662 -0.0618262
 0.0384723   -0.96033    -0.2762    1.66553
         0          0          0          1

  0.482265  -0.218831   0.848253   0.557799
 -0.874885  -0.169719   0.453622 -0.0574424
 0.0446981   -0.96089  -0.273301    1.66938
         0          0          0          1

  0.486932  -0.210865   0.847604    0.55349
  -0.87193  -0.174378   0.457526 -0.0526239
 0.0513277  -0.961836   -0.26877     1.6746
         0          0          0          1

 0.490237 -0.205509  0.847014  0.550668
 -0.86975 -0.178437  0.460103 -0.048122
0.0565834 -0.962251 -0.266218   1.67933
        0         0         0         1

  0.498906  -0.190845   0.845382    0.54386
 -0.864024  -0.185487   0.468034 -0.0378458
 0.0674854  -0.963936  -0.257436    1.69102
         0          0          0          1

  0.502139  -0.184208    0.84494   0.540838
 -0.861674   -0.18941   0.470789 -0.0329961
 0.0733169  -0.964464  -0.253837    1.69605
         0          0          0          1

  0.507279  -0.174976   0.843832   0.536208
 -0.858063  -0.193426   0.475725 -0.0275913
 0.0799788  -0.965386  -0.248262    1.70257
         0          0          0          1

  0.510289  -0.168515   0.843332   0.533463
 -0.855782  -0.196536    0.47855 -0.0224743
 0.0851021  -0.965907  -0.244503    1.70801
         0          0          0          1

  0.515463  -0.157995    0.84222   0.528793
 -0.852054  -0.199008   0.484149 -0.0169358
 0.0911151  -0.967178  -0.237201    1.71505
         0          0          0          1

   0.51827  -0.150856   0.841807   0.525699
 -0.849732  -0.202137   0.486926 -0.0117094
 0.0967043  -0.967669  -0.232948     1.7209
         0          0          0          1

    0.52503   -0.135851    0.840171     0.51677
   -0.84384   -0.211618    0.493105 0.000443697
   0.110807   -0.967865   -0.225742     1.73416
          0           0           0           1

  0.527711  -0.130981   0.839265   0.513375
 -0.841698  -0.213588   0.495907 0.00547463
  0.114303  -0.968103  -0.222959    1.74147
         0          0          0          1

 0.531259 -0.124243   0.83805  0.508839
-0.838701 -0.216965  0.499506 0.0116371
 0.119767 -0.968241 -0.219467   1.74999
        0         0         0         1

 0.533447 -0.116712  0.837743  0.504715
 -0.83628 -0.221217  0.501696 0.0173087
 0.126768 -0.968216 -0.215612   1.75647
        0         0         0         1

 0.537401 -0.103667  0.836931  0.493712
-0.831682 -0.229499  0.505604 0.0287409
 0.139661 -0.967772 -0.209551   1.77353
        0         0         0         1

  0.537222 -0.0993323   0.837571   0.489288
  -0.83056  -0.235186   0.504833  0.0345791
  0.146839  -0.966861  -0.208849    1.78024
         0          0          0          1

  0.539172 -0.0931853   0.837025   0.482785
 -0.828058  -0.239996   0.506677  0.0405904
  0.153668  -0.966291  -0.206562     1.7894
         0          0          0          1

   0.54124 -0.0896841   0.836071   0.477572
 -0.826002  -0.242846   0.508672  0.0452609
  0.157417   -0.96591  -0.205517    1.79842
         0          0          0          1

  0.539842 -0.0878318   0.837171   0.473524
 -0.825678  -0.248763   0.506332  0.0530361
  0.163785  -0.964574  -0.206814    1.80816
         0          0          0          1

 0.540135 -0.085312  0.837243  0.468258
-0.824339 -0.253967  0.505931 0.0587508
  0.16947 -0.963443 -0.207502    1.8163
        0         0         0         1

  0.540342 -0.0835797   0.837285   0.455794
 -0.822086  -0.264657   0.504114  0.0713243
   0.17946  -0.960714  -0.211715    1.83674
         0          0          0          1

  0.538486 -0.0853244   0.838304    0.45188
 -0.822064  -0.271678   0.500402  0.0781481
  0.185052  -0.958598  -0.216437    1.84506
         0          0          0          1

  0.539505 -0.0829379   0.837888    0.44349
 -0.819979  -0.277768   0.500479  0.0841238
   0.19123  -0.957061  -0.217864    1.85559
         0          0          0          1

  0.539012 -0.0848302   0.838016   0.438435
 -0.819436   -0.28304    0.49841   0.090182
  0.194912  -0.955349  -0.222075    1.86507
         0          0          0          1

  0.537358 -0.0880046    0.83875    0.42576
 -0.818186  -0.295553   0.493173   0.104804
  0.204493  -0.951264  -0.230822    1.88487
         0          0          0          1

  0.536401 -0.0883389   0.839327   0.419661
 -0.817622   -0.30092   0.490858   0.110791
  0.209209  -0.949549  -0.233642    1.89289
         0          0          0          1

  0.535913 -0.0921693   0.839227   0.412883
 -0.817444  -0.305244   0.488479   0.117814
  0.211146  -0.947803  -0.238928     1.9047
         0          0          0          1

  0.533599 -0.0953913   0.840341   0.407312
 -0.817908  -0.311002    0.48405   0.124555
  0.215174   -0.94561  -0.243972    1.91219
         0          0          0          1

 0.530524 -0.100104  0.841738  0.400639
-0.819357 -0.315056   0.47895  0.131641
 0.217249 -0.943779 -0.249166   1.92338
        0         0         0         1

 0.528644 -0.103914  0.842459  0.394328
-0.820052 -0.318819  0.475258  0.137103
 0.219206 -0.942102 -0.253757   1.93194
        0         0         0         1

 0.521717 -0.112975  0.845605  0.380636
-0.823656 -0.324944  0.464761  0.150632
 0.222268 -0.938961 -0.262581   1.95156
        0         0         0         1

 0.520644 -0.114913  0.846005  0.373025
-0.824414 -0.325288  0.463173  0.154684
 0.221971 -0.938607 -0.264095   1.96084
        0         0         0         1

 0.517702 -0.119145  0.847224  0.365168
-0.825969 -0.327788  0.458618  0.160695
 0.223068 -0.937208 -0.268107   1.97054
        0         0         0         1

 0.514059 -0.127628  0.848206  0.360835
-0.828762  -0.32883  0.452797  0.166515
 0.221126 -0.935726 -0.274811   1.97958
        0         0         0         1

  0.51419 -0.128632  0.847975  0.348949
-0.828467 -0.330314  0.452255  0.170324
 0.221923 -0.935065 -0.276412   1.98891
        0         0         0         1

 0.509006 -0.135751  0.849991   0.34364
-0.831524 -0.332737  0.444807  0.177069
  0.22244 -0.933198 -0.282246   1.99636
        0         0         0         1

 0.498187 -0.151622   0.85371  0.329244
-0.838743 -0.333882  0.430154  0.188778
 0.219818  -0.93034 -0.293508    2.0148
        0         0         0         1

  0.49333 -0.156095  0.855722   0.32198
 -0.84103 -0.336699  0.423442  0.194708
 0.222024 -0.928584 -0.297384    2.0198
        0         0         0         1

 0.489067 -0.161126  0.857235  0.311243
  -0.8441 -0.335075  0.418592  0.197759
 0.219792 -0.928312 -0.299881   2.03026
        0         0         0         1

 0.483839  -0.16538  0.859389  0.302598
-0.847144 -0.334969  0.412484  0.202149
 0.219652 -0.927602 -0.302172   2.03662
        0         0         0         1

 0.468372 -0.181955  0.864592  0.286897
-0.857003 -0.331554  0.394485  0.212229
  0.21488 -0.925724 -0.311227   2.05307
        0         0         0         1

 0.462406 -0.186887  0.866749  0.278623
-0.860639 -0.329722  0.388052  0.216723
 0.213264 -0.925395 -0.313307   2.05896
        0         0         0         1

 0.458461 -0.187116  0.868793  0.265142
-0.862377 -0.329896  0.384024  0.220056
 0.214754 -0.925287 -0.312609   2.06422
        0         0         0         1

 0.454921 -0.193518  0.869252  0.256871
-0.865506 -0.325857  0.380416  0.222827
 0.209635 -0.925401  -0.31573   2.07161
        0         0         0         1

 0.443238 -0.198406  0.874171   0.24751
-0.870794 -0.326739  0.367368  0.231108
 0.212737 -0.924055 -0.317594   2.07359
        0         0         0         1

 0.436135 -0.208997  0.875275   0.24222
-0.876387 -0.319453   0.36041  0.234696
 0.204285 -0.924267 -0.322487   2.08376
        0         0         0         1

 0.411984 -0.219134  0.884448    0.2243
-0.887967 -0.314302  0.335751  0.246238
 0.204409 -0.923685 -0.324071   2.09154
        0         0         0         1

 0.400014 -0.227704  0.887772  0.217828
-0.893408 -0.312985  0.322277  0.251425
 0.204476 -0.922058 -0.328631   2.09679
        0         0         0         1

 0.381249 -0.232285  0.894814  0.208786
-0.901373 -0.308419  0.303981  0.257846
 0.205367 -0.922454  -0.32696   2.10117
        0         0         0         1

  0.36719 -0.238809  0.898967  0.200675
-0.908035 -0.301509  0.290799   0.26038
 0.201602 -0.923072 -0.327559   2.10769
        0         0         0         1

 0.328444 -0.233847  0.915117  0.174179
-0.922893 -0.285616  0.258249   0.26698
 0.200982 -0.929376 -0.309625   2.11196
        0         0         0         1

 0.304677 -0.234954  0.923021  0.168547
-0.931683 -0.274809  0.237584  0.272552
 0.197833  -0.93235 -0.302631   2.11436
        0         0         0         1

 0.268814 -0.231577  0.934939  0.159162
-0.943529 -0.258441   0.20727  0.278727
 0.193627  -0.93786 -0.287972   2.11775
        0         0         0         1

 0.236172 -0.226322  0.944987   0.14913
-0.953413 -0.241808  0.180365  0.282412
 0.187685 -0.943561 -0.272887    2.1197
        0         0         0         1

 0.181934 -0.215255  0.959461  0.138875
-0.964888 -0.227072   0.13202  0.292538
 0.189449 -0.949791  -0.24901   2.11458
        0         0         0         1

 0.138577   -0.2095  0.967939  0.127213
-0.973146 -0.210196  0.093828  0.295603
   0.1838 -0.954949 -0.233003   2.11621
        0         0         0         1

 0.067388  -0.16811  0.983462 0.0980679
-0.977039 -0.210804 0.0309137  0.298743
 0.202121 -0.962965 -0.178456   2.12104
        0         0         0         1

0.0457759 -0.141934  0.988817 0.0878254
-0.974634 -0.223422 0.0130496  0.306179
 0.219072 -0.964333 -0.148561   2.11424
        0         0         0         1

 0.0295682  -0.141497   0.989497  0.0797575
 -0.971979  -0.235024 -0.0045633   0.311637
  0.233201  -0.961635  -0.144481     2.1152
         0          0          0          1

 0.0188244    -0.1514   0.988293  0.0736497
 -0.971148  -0.237802 -0.0179319     0.3153
  0.237733  -0.959442  -0.151509    2.11648
         0          0          0          1

-0.00697608  -0.190986   0.981568  0.0592549
 -0.969099  -0.240747 -0.0537304   0.324843
  0.246572  -0.951612  -0.183405    2.12004
         0          0          0          1

-0.0156273  -0.198397   0.979997  0.0479085
 -0.968209  -0.241716 -0.0643739    0.32611
  0.249652  -0.949848  -0.188313    2.12062
         0          0          0          1

-0.0320786  -0.205048   0.978226  0.0381767
 -0.965715  -0.245907 -0.0832135   0.332058
  0.257616  -0.947357   -0.19013    2.11507
         0          0          0          1

-0.0460328  -0.207447   0.977163  0.0291651
  -0.96278  -0.251594 -0.0987675   0.335464
  0.266338  -0.945339  -0.188144    2.10934
         0          0          0          1

-0.0602972 -0.218962  0.973869 0.0214334
-0.961529 -0.249211 -0.115565  0.337483
 0.268003 -0.943372 -0.195511   2.11339
        0         0         0         1

-0.0584908  -0.228022   0.971898 0.00874205
 -0.961672  -0.248387  -0.116151   0.334289
  0.267891   -0.94144  -0.204754    2.11327
         0          0          0          1

 -0.0588269   -0.263944    0.962743 -0.00277275
  -0.965553   -0.229829   -0.122008    0.336652
    0.25347   -0.936756   -0.241331     2.11873
          0           0           0           1

-0.0482619  -0.272842   0.960848 -0.0164885
 -0.969509  -0.218594  -0.110769   0.329565
  0.240258  -0.936896  -0.253972     2.1208
         0          0          0          1

-0.0507724    -0.2829   0.957805 -0.0187839
 -0.970522   -0.21227  -0.114143   0.339215
  0.235605  -0.935366  -0.263783    2.11262
         0          0          0          1

-0.0460198  -0.286449    0.95699 -0.0287675
 -0.973401  -0.202382  -0.107387   0.336289
  0.224438  -0.936477  -0.269516    2.11379
         0          0          0          1

-0.0482524  -0.297096   0.953628 -0.0417967
 -0.977597   -0.18179    -0.1061   0.338327
  0.204882  -0.937383  -0.281668    2.10918
         0          0          0          1

-0.0475005   -0.30163   0.952241 -0.0513466
 -0.980069  -0.170026  -0.102746   0.336474
  0.192897  -0.938142  -0.287542    2.10806
         0          0          0          1

-0.0479675  -0.306932   0.950522 -0.0640357
 -0.981874  -0.160204  -0.101281   0.334717
  0.183364  -0.938151  -0.293684    2.10457
         0          0          0          1

-0.0538612  -0.310283   0.949117 -0.0675865
 -0.982392  -0.153826  -0.106038   0.339029
    0.1789  -0.938116  -0.296534    2.09779
         0          0          0          1

  -0.04821  -0.317533   0.947021  -0.076237
 -0.984827  -0.143132 -0.0981263   0.335487
  0.166707  -0.937383  -0.305814    2.09719
         0          0          0          1

-0.0374705  -0.322777   0.945733 -0.0879645
 -0.986953  -0.136346 -0.0856383   0.329183
  0.156589  -0.936603  -0.313456    2.09646
         0          0          0          1

-0.0324192  -0.345727   0.937775 -0.0943359
 -0.988325  -0.128668 -0.0816023   0.336771
  0.148874  -0.929472  -0.337519    2.08597
         0          0          0          1

-0.0262617  -0.360382   0.932435 -0.0970107
 -0.989456  -0.123531 -0.0756118   0.337733
  0.142434  -0.924589  -0.353338    2.08484
         0          0          0          1

-0.0106677  -0.369292   0.929252  -0.108267
 -0.990911   -0.12072 -0.0593506   0.331003
  0.134097  -0.921439  -0.364648    2.08271
         0          0          0          1

-0.00854258  -0.378196   0.925686  -0.112044
 -0.991074  -0.119957 -0.0581554   0.331552
  0.133037  -0.917921  -0.373795    2.07656
         0          0          0          1

0.00830149  -0.385165   0.922811  -0.135203
 -0.992273  -0.117424 -0.0400845   0.318852
    0.1238  -0.915347  -0.383163    2.06316
         0          0          0          1

 0.0136076  -0.383215   0.923559  -0.145396
 -0.992511  -0.117316 -0.0340546   0.314418
  0.121398  -0.916179  -0.381941    2.05405
         0          0          0          1

 0.0128427  -0.381898   0.924115  -0.149591
 -0.992545  -0.116887 -0.0345106    0.31689
  0.121196  -0.916783  -0.380552    2.04244
         0          0          0          1

 0.0172996  -0.382099    0.92396  -0.156676
 -0.993534  -0.110277 -0.0270021   0.310265
  0.112209  -0.917518  -0.381536    2.04208
         0          0          0          1

0.0192985 -0.381418  0.924201   -0.1634
-0.994419 -0.103217 -0.021833  0.306255
 0.103721 -0.918622 -0.381281   2.03455
        0         0         0         1

   0.02343  -0.379535   0.924881   -0.17259
 -0.995372 -0.0950955 -0.0138077   0.299871
 0.0931925  -0.920277  -0.380007    2.02857
         0          0          0          1

  0.0194334   -0.371921    0.928061    -0.18974
  -0.997307  -0.0728712 -0.00831978    0.289415
  0.0707232     -0.9254   -0.372335     2.01158
          0           0           0           1

 0.0125711  -0.372019    0.92814  -0.191485
 -0.997943 -0.0630238 -0.0117448   0.287542
 0.0628642  -0.926083  -0.372046    2.00613
         0          0          0          1

-0.00438307  -0.369045   0.929401  -0.189768
 -0.997936 -0.0579304 -0.0277092   0.295263
 0.0640666  -0.927604   -0.36803    1.98896
         0          0          0          1

-0.0060793  -0.362819    0.93184  -0.201774
 -0.998562 -0.0474363 -0.0249842   0.284289
 0.0532678  -0.930652  -0.362008    1.98478
         0          0          0          1

-0.0296722  -0.345949   0.937784  -0.213515
 -0.998986   -0.02151 -0.0395437   0.276085
 0.0338518  -0.938007  -0.344961    1.96282
         0          0          0          1

-0.0463603  -0.343065   0.938167  -0.214998
 -0.998425 -0.0137949 -0.0543824   0.276838
 0.0315986   -0.93921  -0.341885    1.95098
         0          0          0          1

 -0.0530973   -0.340752    0.938652   -0.226055
  -0.998335 -0.00310325     -0.0576    0.266339
  0.0225402   -0.940148    -0.34002     1.94204
          0           0           0           1

-0.0648503  -0.340452   0.938023  -0.228303
 -0.997643 0.00100157 -0.0686086    0.26544
 0.0224185  -0.940261  -0.339715     1.9319
         0          0          0          1

-0.0691705  -0.340717   0.937618  -0.237154
  -0.99749 0.00935878 -0.0701866   0.254102
 0.0151388  -0.940119   -0.34051    1.92519
         0          0          0          1

-0.0761723  -0.342196   0.936536  -0.239004
 -0.996989  0.0124799 -0.0765293   0.250885
 0.0145002  -0.939546  -0.342117    1.91671
         0          0          0          1

-0.0766532   -0.34103   0.936922  -0.247074
 -0.997026   0.018742 -0.0747487   0.245203
0.00793176  -0.939866  -0.341453    1.88992
         0          0          0          1

-0.0702212   -0.34002   0.937793  -0.252466
 -0.997531  0.0243819 -0.0658541   0.239718
-0.000473421  -0.940102  -0.340893    1.87914
         0          0          0          1

-0.0556578  -0.340151   0.938722  -0.260623
 -0.998382   0.029885 -0.0483661   0.228398
 -0.011602  -0.939896  -0.341264    1.86946
         0          0          0          1

-0.0462238 -0.343629  0.937967 -0.260641
-0.998684 0.0367756 -0.035743  0.221819
-0.022212 -0.938385 -0.344877   1.86499
        0         0         0         1

-0.0139746   -0.33792   0.941071  -0.271118
 -0.998787  0.0491631 0.00282183   0.209513
-0.0472195   -0.93989  -0.338198    1.83753
