0.0270939 -0.782136  0.622518  0.837667
-0.624598 -0.499463 -0.600345   1.02392
 0.780476 -0.372558 -0.502053   2.34668
        0         0         0         1

0.0443642 -0.751359    0.6584  0.794468
-0.644856 -0.524898 -0.555557  0.974986
 0.763016 -0.399926 -0.507805   2.36007
        0         0         0         1

0.0476623 -0.742705   0.66792  0.786204
-0.666468 -0.521716 -0.532572  0.945475
 0.744009 -0.419764 -0.519855   2.38037
        0         0         0         1

  0.04894  -0.73751   0.67356  0.784292
-0.661943 -0.528951 -0.531076   0.93271
 0.747954 -0.419868 -0.514077   2.36349
        0         0         0         1

0.0495114 -0.730622  0.680985  0.780712
-0.678151 -0.525153 -0.514126  0.908827
 0.733253 -0.436355 -0.521473    2.3792
        0         0         0         1

0.0491376 -0.723831  0.688226  0.777239
-0.694371 -0.520056 -0.497384  0.878562
 0.717938 -0.453444 -0.528161   2.39205
        0         0         0         1

0.0458222 -0.719127  0.693366  0.781597
 -0.70965 -0.511939 -0.484061   0.85274
 0.703063 -0.469867 -0.533787   2.40408
        0         0         0         1

0.0479456 -0.687674  0.724435  0.757957
-0.741673 -0.510307 -0.435325  0.793756
 0.669046 -0.516422 -0.534496   2.41924
        0         0         0         1

0.0484875 -0.675589  0.735682  0.754536
-0.752888 -0.508731 -0.417554  0.772439
  0.65636 -0.533641  -0.53331   2.42041
        0         0         0         1

0.0483391 -0.663009  0.747049  0.754044
 -0.75985 -0.509855 -0.403331  0.750975
 0.648299 -0.548148 -0.528434    2.4146
        0         0         0         1

0.0528917  -0.63465  0.770988  0.731529
-0.769794 -0.517712 -0.373352  0.729637
 0.636098 -0.573754 -0.515932   2.41341
        0         0         0         1

 0.068132 -0.604332  0.793814  0.732112
-0.794656 -0.513954 -0.323069  0.677797
 0.603225 -0.608798 -0.515252   2.41737
        0         0         0         1

0.0615134 -0.580881  0.811661  0.725715
-0.807331 -0.507117 -0.301743   0.64994
 0.586883 -0.636718 -0.500158   2.42415
        0         0         0         1

0.0442732 -0.537602  0.842035   0.70734
-0.805615  -0.51765 -0.288138  0.632775
 0.590783 -0.665599 -0.456018   2.40636
        0         0         0         1

0.0211343 -0.521463  0.853012  0.705524
-0.817413 -0.500281 -0.285579  0.609434
 0.575664 -0.691228 -0.436824   2.41048
        0         0         0         1

-0.00441014 -0.514266  0.857619  0.699086
-0.831517 -0.474515 -0.288816  0.575937
 0.555482 -0.714399 -0.425528   2.41737
        0         0         0         1

-0.0215225 -0.509237  0.860357  0.696061
-0.827495 -0.473862 -0.301175  0.562132
  0.56106 -0.718424 -0.411192   2.40694
        0         0         0         1

-0.0169992 -0.454791  0.890436   0.68909
-0.821037 -0.501899  -0.27202  0.523003
 0.570621 -0.735705 -0.364869   2.38397
        0         0         0         1

0.00359076 -0.424678  0.905337  0.692185
-0.831382 -0.504361  -0.23329  0.500624
  0.55569 -0.751843 -0.354881   2.38253
        0         0         0         1

 0.034995 -0.392936    0.9189  0.690161
 -0.85169 -0.492786 -0.178288  0.473321
 0.522877 -0.776378 -0.351904   2.38186
        0         0         0         1

0.0557723 -0.378981  0.923722  0.689822
-0.868272 -0.475173 -0.142528   0.45577
 0.492944 -0.794093  -0.35556   2.37359
        0         0         0         1

 0.0902863  -0.360562   0.928355   0.685473
 -0.905946   -0.41691 -0.0738158   0.413797
  0.413656  -0.834375   -0.36429    2.36028
         0          0          0          1

 0.0952547  -0.354453   0.930209   0.688353
 -0.921179   -0.38557 -0.0525903    0.39388
  0.377302  -0.851879  -0.363242      2.357
         0          0          0          1

 0.0988621  -0.342807   0.934189   0.691325
 -0.934279  -0.355152 -0.0314537   0.373279
  0.342561  -0.869684  -0.355389    2.35019
         0          0          0          1

 0.0967073  -0.331249   0.938574   0.691989
 -0.941513   -0.33628 -0.0216724   0.359401
  0.322802  -0.881584  -0.344396     2.3394
         0          0          0          1

   0.104369   -0.310133    0.944947    0.680001
  -0.948567   -0.316575 0.000868312    0.339565
   0.298877   -0.896436   -0.327223     2.32711
          0           0           0           1

 0.104364 -0.310947   0.94468  0.684411
-0.953887 -0.300092  0.006604  0.325701
 0.281438 -0.901808 -0.327927   2.31889
        0         0         0         1

 0.127581 -0.320225  0.938711   0.68385
-0.964549 -0.260504  0.042226  0.289367
 0.231016  -0.91082 -0.342108   2.29979
        0         0         0         1

  0.13976 -0.331011   0.93322  0.685499
-0.967851 -0.244711  0.058148  0.273306
 0.209121 -0.911344  -0.35457    2.2923
        0         0         0         1

 0.155613 -0.341541  0.926895  0.686073
-0.970729 -0.226652 0.0794554  0.253877
 0.182945 -0.912129 -0.366813   2.28309
        0         0         0         1

 0.166521 -0.342925  0.924485  0.684331
-0.972412 -0.212444 0.0963506  0.236403
  0.16336 -0.915025 -0.368841   2.27531
        0         0         0         1

 0.174545 -0.338196  0.924747   0.68217
-0.975217  -0.18906  0.114929    0.2029
 0.135964 -0.921889 -0.362814   2.25135
        0         0         0         1

 0.169603 -0.332872  0.927594  0.681568
-0.976832  -0.18143  0.113499  0.190435
 0.130513 -0.925354 -0.355931   2.23842
        0         0         0         1

 0.161421 -0.327771  0.930865  0.679543
-0.979415 -0.169044  0.110317  0.172657
 0.121199 -0.929511 -0.348312   2.22693
        0         0         0         1

 0.150314 -0.322774  0.934464  0.678572
-0.981256    -0.164  0.101194  0.161309
 0.120589 -0.932159 -0.341376   2.21333
        0         0         0         1

 0.136606 -0.313969  0.939554  0.675203
-0.983668   -0.1552 0.0911573   0.14579
 0.117198 -0.936662 -0.330043    2.1989
        0         0         0         1

 0.127156  -0.30563  0.943621  0.671361
-0.985252 -0.148736 0.0845914  0.133243
 0.114497 -0.940461 -0.320036    2.1851
        0         0         0         1

 0.105569  -0.29208   0.95055  0.669588
-0.989403 -0.126674 0.0709603  0.104464
0.0996837 -0.947968 -0.302358   2.15711
        0         0         0         1

 0.103094 -0.288241  0.951992  0.667833
-0.990637 -0.115873 0.0721949 0.0916249
0.0895008 -0.950521 -0.297488   2.14446
        0         0         0         1

 0.104292 -0.286133  0.952497  0.667135
-0.991581 -0.103827 0.0773809 0.0775908
0.0767541 -0.952548 -0.294552   2.12896
        0         0         0         1

  0.110817  -0.284951   0.952115   0.666226
 -0.991794 -0.0931574  0.0875549  0.0652053
 0.0637477  -0.954005  -0.292936    2.11642
         0          0          0          1

  0.131765  -0.287718   0.948608   0.666354
 -0.990768 -0.0690137   0.116689  0.0390275
 0.0318935  -0.955225  -0.294156    2.08728
         0          0          0          1

  0.141152  -0.287047    0.94746   0.665429
 -0.989806 -0.0592578   0.129508  0.0292651
 0.0189695  -0.956082  -0.292485    2.07272
         0          0          0          1

  0.148952  -0.287982   0.945981   0.666269
 -0.988844 -0.0445993   0.142124  0.0173802
0.00126093  -0.956597  -0.291412    2.05698
         0          0          0          1

 0.152696  -0.28789  0.945412  0.666005
-0.988186 -0.031753  0.149935 0.0078564
-0.0131453 -0.957137 -0.289338   2.04352
        0         0         0         1

   0.15609  -0.290118   0.944176   0.665519
 -0.987278 -0.0165117   0.158142 -0.0032866
-0.0302898  -0.956848  -0.289004    2.02696
         0          0          0          1

   0.158304    -0.29173     0.94331    0.663676
  -0.986386 -0.00365272    0.164404   -0.012751
 -0.0445158   -0.956494   -0.288336     2.01347
          0           0           0           1

 0.159281 -0.303415  0.939451  0.661528
-0.984061 0.0274244  0.175702 -0.033065
-0.0790746 -0.952464 -0.294211   1.98331
        0         0         0         1

 0.160948 -0.309125  0.937303  0.659575
-0.982425 0.0407838  0.182147  -0.04216
-0.094533 -0.950146 -0.297129   1.97105
        0         0         0         1

  0.159756  -0.318461   0.934377   0.658483
 -0.981095  0.0535103   0.185982 -0.0508428
 -0.109227  -0.946424  -0.303892    1.95489
         0          0          0          1

  0.159842  -0.322166   0.933092   0.656782
 -0.979902  0.0624964   0.189439 -0.0580686
 -0.119346  -0.944618  -0.305701    1.94132
         0          0          0          1

  0.164414  -0.327985   0.930265   0.654062
 -0.977103   0.074968   0.199124 -0.0680598
  -0.13505  -0.941703   -0.30815    1.92704
         0          0          0          1

   0.16767  -0.331726   0.928356   0.652295
 -0.975011   0.083416   0.205903 -0.0747691
 -0.145743  -0.939681   -0.30945    1.91357
         0          0          0          1

  0.171973  -0.334404   0.926606   0.647512
 -0.970836   0.101968   0.216981 -0.0893412
 -0.167044  -0.936897  -0.307116    1.88368
         0          0          0          1

  0.171391   -0.33284   0.927277   0.645353
 -0.970052   0.107418   0.217854 -0.0951009
 -0.172117  -0.936845  -0.304461    1.87079
         0          0          0          1

 0.168538 -0.328605  0.929308  0.642983
-0.969769  0.113514  0.216015 -0.101218
-0.176473 -0.937621  -0.29954   1.85524
        0         0         0         1

 0.165943 -0.324771  0.931121  0.640232
-0.969627  0.118308  0.214071 -0.106631
-0.179683 -0.938364 -0.295275   1.84293
        0         0         0         1

 0.154971 -0.313922  0.936716  0.634875
-0.970666  0.128045  0.203499 -0.117224
-0.183824 -0.940775  -0.28487   1.81508
        0         0         0         1

 0.150473 -0.308403  0.939279  0.632502
-0.971004  0.132426  0.199036 -0.121629
-0.185768 -0.941993 -0.279534   1.80336
        0         0         0         1

 0.145255 -0.302777  0.941927   0.63001
-0.971227  0.137967  0.194122 -0.126684
-0.188731 -0.943022 -0.274025      1.79
        0         0         0         1

 0.141152 -0.297676  0.944174  0.628248
-0.971343   0.14258  0.190166  -0.13041
-0.191228  -0.94396  -0.26902    1.7787
        0         0         0         1

 0.137699 -0.291546  0.946594  0.626037
-0.971169  0.148025  0.186865 -0.134406
  -0.1946 -0.945034 -0.262757   1.76484
        0         0         0         1

 0.138063 -0.289596  0.947139   0.62419
-0.969983  0.153744  0.188402 -0.138654
-0.200178  -0.94472 -0.259677   1.75499
        0         0         0         1

 0.137707 -0.283642  0.948991  0.620875
-0.967857  0.165041  0.189773 -0.146243
-0.210449 -0.944621 -0.251798   1.73116
        0         0         0         1

 0.136542 -0.281219   0.94988  0.619582
-0.966993  0.170395  0.189449 -0.149342
-0.215131 -0.944395 -0.248671   1.72135
        0         0         0         1

 0.134398  -0.27887  0.950878  0.617797
-0.966178  0.176246  0.188249 -0.153009
-0.220086 -0.944017 -0.245751   1.70981
        0         0         0         1

 0.132135 -0.276533  0.951877  0.616605
-0.965811  0.180166   0.18641 -0.155802
-0.223044 -0.943965 -0.243272   1.70018
        0         0         0         1

 0.126563 -0.271328  0.954129  0.613565
-0.964253  0.192091  0.182531 -0.162648
-0.232806 -0.943124 -0.237317   1.67998
        0         0         0         1

 0.122991  -0.26821  0.955477  0.612569
-0.963724  0.197525  0.179499  -0.16526
-0.236875 -0.942893 -0.234187   1.67122
        0         0         0         1

 0.120141 -0.264847  0.956777  0.611304
-0.962724  0.204179  0.177407 -0.168547
 -0.24234 -0.942426 -0.230444   1.66138
        0         0         0         1

  0.12011 -0.260746  0.957907  0.609987
-0.961775  0.208624  0.177383 -0.171122
-0.246095 -0.942596 -0.225722   1.65262
        0         0         0         1

 0.122286 -0.256302   0.95883  0.608121
-0.957615  0.223397  0.181846 -0.177389
-0.260807 -0.940427 -0.218121   1.63502
        0         0         0         1

  0.12507 -0.255303  0.958738  0.607171
-0.955537  0.229088  0.185657  -0.18028
-0.267034 -0.939329   -0.2153   1.62773
        0         0         0         1

  0.12661 -0.254566  0.958732   0.60696
-0.953635  0.234799  0.188281 -0.183147
-0.273039 -0.938118 -0.213035   1.61926
        0         0         0         1

 0.128481 -0.253894  0.958661  0.606623
-0.952096  0.238914  0.190876 -0.185487
  -0.2775 -0.937261 -0.211035   1.61227
        0         0         0         1

 0.131553 -0.254974  0.957957  0.606188
-0.950115   0.24325  0.195221 -0.188579
-0.282799 -0.935851 -0.210255    1.6047
        0         0         0         1

 0.135386 -0.256455  0.957027  0.605775
-0.948277  0.246379  0.200171 -0.191231
-0.287126 -0.934627 -0.209834   1.59858
        0         0         0         1

 0.141423 -0.260651  0.955019  0.606162
-0.945656  0.249771  0.208206 -0.196217
-0.292805 -0.932564 -0.211163   1.58459
        0         0         0         1

  0.14382 -0.262896  0.954045  0.606233
-0.944704  0.250625  0.211474 -0.198362
-0.294703 -0.931704 -0.212314   1.57889
        0         0         0         1

 0.145069 -0.266354  0.952896  0.606431
-0.943945  0.251366  0.213969 -0.200884
-0.296517 -0.930522 -0.214958    1.5726
        0         0         0         1

 0.144473 -0.269132  0.952205  0.606665
-0.943871  0.251392  0.214263 -0.202798
-0.297042 -0.929715 -0.217707   1.56744
        0         0         0         1

 0.142065  -0.27391  0.951205  0.607451
-0.944281  0.250731  0.213231 -0.206771
-0.296903 -0.928497 -0.223028   1.55603
        0         0         0         1

 0.142441 -0.275399  0.950719  0.607613
-0.944252  0.250223  0.213956 -0.208546
-0.296814 -0.928194 -0.224404   1.55127
        0         0         0         1

 0.143153 -0.277959  0.949866  0.608058
-0.944047  0.249783   0.21537 -0.210429
-0.297124 -0.927549 -0.226649   1.54575
        0         0         0         1

  0.14427 -0.280454  0.948964  0.608389
-0.943856  0.249018  0.217087 -0.211995
-0.297192 -0.927004 -0.228782    1.5412
        0         0         0         1

 0.145752 -0.282474  0.948138  0.608706
-0.943768  0.247763  0.218895  -0.21388
-0.296745 -0.926726 -0.230478   1.53585
        0         0         0         1

 0.146911 -0.282823  0.947855  0.609087
-0.943919  0.246371  0.219814 -0.215182
-0.295692 -0.926991 -0.230767   1.53142
        0         0         0         1

 0.150011 -0.283599  0.947137  0.609681
-0.944153  0.243176  0.222352 -0.218427
 -0.29338 -0.927597 -0.231281   1.52233
        0         0         0         1

 0.150449 -0.283674  0.947045   0.61049
-0.944534  0.241623  0.222425 -0.219329
-0.291924  -0.92798 -0.231588   1.51842
        0         0         0         1

 0.151159 -0.283245   0.94706  0.611029
-0.944957  0.239843  0.222555 -0.220653
-0.290184 -0.928573   -0.2314   1.51404
        0         0         0         1

  0.15202 -0.282485   0.94715  0.611496
-0.945189   0.23863  0.222876 -0.221692
-0.288977 -0.929117 -0.230725   1.51062
        0         0         0         1

 0.154513 -0.281809  0.946947  0.613108
-0.945623  0.235482  0.224376 -0.223609
-0.286221 -0.930124   -0.2301   1.50303
        0         0         0         1

 0.156154 -0.281919  0.946645  0.613358
-0.945493  0.234611  0.225833 -0.224665
 -0.28576 -0.930311 -0.229917   1.49995
        0         0         0         1

 0.155735 -0.281778  0.946756  0.614019
-0.945801  0.233966  0.225212 -0.225588
-0.284969 -0.930516 -0.230069   1.49636
        0         0         0         1

  0.15392 -0.281823   0.94704  0.614373
-0.946275   0.23381  0.223374 -0.226337
-0.284379 -0.930542 -0.230694   1.49358
        0         0         0         1

 0.150629 -0.281439  0.947683  0.614708
-0.947011  0.234013  0.220018 -0.227128
-0.283692 -0.930607 -0.231277   1.49035
        0         0         0         1

 0.148015 -0.280635  0.948333  0.614554
-0.947445  0.234752  0.217345 -0.228107
-0.283618 -0.930664 -0.231139   1.48799
        0         0         0         1

 0.141439  -0.27635  0.950592  0.614045
-0.947937  0.238958  0.210512  -0.23003
-0.285327 -0.930876 -0.228165    1.4822
        0         0         0         1

 0.136238 -0.274747  0.951816  0.613538
-0.947922  0.243051  0.205838 -0.231089
-0.287894  -0.93029 -0.227327   1.48013
        0         0         0         1

 0.127313 -0.272783  0.953615  0.613113
-0.948137  0.248849  0.197765 -0.232096
-0.291253 -0.929335 -0.226954   1.47779
        0         0         0         1

 0.119442  -0.27154  0.954987  0.612526
-0.948396  0.253367   0.19066 -0.233055
-0.293734 -0.928478 -0.227264    1.4759
        0         0         0         1

 0.110746 -0.272825  0.955668  0.611715
-0.948541  0.258011  0.183577 -0.234321
-0.296657 -0.926821 -0.230212   1.47413
        0         0         0         1

 0.105291 -0.276128  0.955336  0.611428
-0.949204   0.25855  0.179345 -0.235324
-0.296524 -0.925692 -0.234879   1.47311
        0         0         0         1

0.0987919 -0.286042  0.953111  0.610804
-0.950995  0.254875  0.175064 -0.237629
   -0.293 -0.923698 -0.246845   1.47046
        0         0         0         1

0.0969585 -0.294098  0.950844  0.611056
 -0.95136  0.253306  0.175359 -0.238627
-0.292427 -0.921598 -0.255233   1.46979
        0         0         0         1

0.0955469 -0.305326  0.947442  0.611351
-0.951632  0.251189  0.176918 -0.240001
-0.292005 -0.918521 -0.266558   1.46912
        0         0         0         1

0.0936701   -0.3159  0.944157   0.61163
-0.952209    0.2485  0.177613 -0.241111
-0.290732 -0.915672 -0.277526   1.46857
        0         0         0         1

0.0899396 -0.339182  0.936411  0.612602
-0.953723  0.241535   0.17909 -0.243617
 -0.28692 -0.909184 -0.301762   1.46732
        0         0         0         1

0.0898614 -0.348643  0.932938  0.613175
-0.954134  0.238457  0.181015 -0.244745
-0.285575 -0.906414 -0.311224    1.4668
        0         0         0         1

0.0892869 -0.358755  0.929151  0.613821
-0.954758  0.234855  0.182428 -0.246165
-0.283663 -0.903403 -0.321555   1.46645
        0         0         0         1

0.0836028 -0.364354    0.9275  0.614629
-0.956559  0.231525  0.177173 -0.246743
-0.279293 -0.902021  -0.32917   1.46613
        0         0         0         1

0.0771195 -0.370794  0.925508  0.615167
-0.958514  0.227919  0.171183  -0.24762
-0.274415 -0.900314 -0.337834   1.46599
        0         0         0         1

0.0718435 -0.377995  0.923016  0.616047
-0.959939  0.225084  0.166894 -0.248209
-0.270842 -0.898029 -0.346681   1.46615
        0         0         0         1

0.0668674 -0.395773  0.915911  0.618662
-0.961856  0.218474  0.164626 -0.249539
-0.265257 -0.891982 -0.366068    1.4658
        0         0         0         1

0.0655827 -0.404516  0.912176  0.620109
-0.962323  0.216105  0.165022  -0.24999
 -0.26388 -0.888631 -0.375102   1.46597
        0         0         0         1

0.0669823  -0.41109  0.909131  0.621222
 -0.96271   0.21274  0.167127  -0.25066
-0.262113 -0.886423 -0.381511   1.46601
        0         0         0         1

0.0675117 -0.415346  0.907155  0.622454
-0.963119  0.210238  0.167935 -0.250857
-0.260469 -0.885035 -0.385834   1.46626
        0         0         0         1

 0.073099 -0.415591  0.906609  0.625503
-0.963809  0.204244  0.171337 -0.250612
-0.256375 -0.886323 -0.385621   1.46656
        0         0         0         1

0.0782064 -0.411865  0.907883  0.626902
-0.964133  0.200442  0.173983 -0.250227
-0.253635 -0.888926 -0.381417   1.46632
        0         0         0         1

0.0847492 -0.409171  0.908514  0.629098
-0.964439  0.195406  0.177972 -0.249531
 -0.25035 -0.891289  -0.37806   1.46653
        0         0         0         1

0.0915437 -0.409229  0.907828  0.631326
-0.964811  0.189215  0.182584 -0.248621
-0.246493 -0.892597 -0.377508   1.46684
        0         0         0         1

  0.10124 -0.412935  0.905116  0.634267
-0.965248  0.179555  0.189883 -0.247293
-0.240927 -0.892886 -0.380407   1.46756
        0         0         0         1

 0.111819 -0.419056  0.901049  0.637073
-0.965311  0.169489  0.198618 -0.245907
 -0.23595 -0.892001 -0.385567   1.46867
        0         0         0         1

 0.144462 -0.430701  0.890858  0.643864
-0.963802  0.142643  0.225254 -0.241799
-0.224091 -0.891151 -0.394504    1.4701
        0         0         0         1

 0.159155 -0.434274  0.886609   0.64717
-0.962431  0.131867  0.237356 -0.239509
-0.219992 -0.891077 -0.396971   1.47042
        0         0         0         1

 0.178312 -0.438335  0.880947  0.651108
-0.959966  0.119069  0.253552 -0.236666
-0.216034  -0.89089 -0.399555   1.47072
        0         0         0         1

 0.194722  -0.44132  0.875968   0.65461
-0.957498   0.10822  0.267367 -0.233942
-0.212792   -0.8908  -0.40149    1.4709
        0         0         0         1

 0.233098  -0.44712  0.863568  0.663293
-0.951151 0.0800282  0.298174 -0.226575
-0.202429 -0.890887 -0.406624   1.47144
        0         0         0         1

 0.249743 -0.450936  0.856904    0.6675
-0.947925 0.0667802  0.311413 -0.223051
-0.197652 -0.890054 -0.410776   1.47227
        0         0         0         1

 0.269426 -0.454292  0.849134  0.672848
-0.944018 0.0497125  0.326128  -0.21853
 -0.19037 -0.889465 -0.415466   1.47313
        0         0         0         1

 0.285525 -0.454761  0.843604  0.677437
-0.940642 0.0355538  0.337534 -0.214622
-0.183491 -0.889904 -0.417615   1.47412
        0         0         0         1

 0.303551 -0.452336    0.8386  0.683281
 -0.93694 0.0182898  0.349012 -0.209702
-0.173209  -0.89166 -0.418259   1.47544
        0         0         0         1

   0.31736  -0.447776    0.83593   0.688522
 -0.934344 0.00305644    0.35636  -0.205402
 -0.162124   -0.89414  -0.417407    1.47681
         0          0          0          1

  0.344768  -0.432451   0.833139   0.701286
 -0.929581 -0.0339613    0.36705  -0.195425
 -0.130436  -0.901018  -0.413707    1.48066
         0          0          0          1

 0.354242 -0.424585  0.833211  0.707374
-0.928106 -0.050445  0.368882 -0.191031
 -0.11459 -0.903982 -0.411929   1.48267
        0         0         0         1

  0.363018  -0.414813   0.834355   0.715607
 -0.926964 -0.0698297   0.368594  -0.185559
 -0.094635  -0.907223  -0.409867    1.48508
         0          0          0          1

  0.369998   -0.40625   0.835502   0.722834
 -0.925681 -0.0848813   0.368661  -0.181076
-0.0788498  -0.909811  -0.407463     1.4874
         0          0          0          1

 0.385472 -0.386322  0.837954  0.741832
-0.921566 -0.115792  0.370551  -0.17064
-0.0461237 -0.915067 -0.400656   1.49235
        0         0         0         1

 0.393855 -0.378031  0.837837  0.750986
-0.918493 -0.126807  0.374555 -0.166278
-0.0353492 -0.917067 -0.397162   1.49452
        0         0         0         1

 0.405212 -0.368378   0.83672  0.762661
-0.913887 -0.138414  0.381644 -0.161112
-0.0247756 -0.919315 -0.392743   1.49702
        0         0         0         1

 0.415471 -0.360701  0.835032  0.773449
-0.909433 -0.146814  0.389072 -0.156871
-0.0177445 -0.921054  -0.38903   1.49879
        0         0         0         1

 0.429624 -0.351705  0.831701  0.786911
-0.902942 -0.156226  0.400361 -0.151914
-0.0108758 -0.922983 -0.384688    1.5008
        0         0         0         1

 0.442681 -0.345015  0.827646  0.798728
-0.896652 -0.163122   0.41159 -0.148011
-0.00699726 -0.924314  -0.38157   1.50247
        0         0         0         1

 0.473344 -0.332033  0.815904  0.827548
-0.880877 -0.177359  0.438861 -0.139542
-0.00100845 -0.926444 -0.376432   1.50564
        0         0         0         1

 0.485916 -0.327458  0.810344  0.840896
-0.874006 -0.182643  0.450284 -0.136073
0.000555033 -0.927045 -0.374949   1.50681
        0         0         0         1

 0.500629 -0.321932  0.803574  0.857044
-0.865658 -0.188895  0.463632 -0.132102
0.00253299 -0.927728 -0.373249   1.50811
        0         0         0         1

 0.510748 -0.318087  0.798722  0.871108
-0.859718 -0.193972  0.472503  -0.12888
0.00463263 -0.928006 -0.372536   1.50892
        0         0         0         1

 0.531553 -0.307975  0.789051  0.903316
 -0.84696 -0.204772  0.490639 -0.122241
0.0104711 -0.929096  -0.36969    1.5104
        0         0         0         1

 0.538525 -0.303821  0.785929  0.917511
-0.842499 -0.209259  0.496393  -0.11961
0.0136477 -0.929464  -0.36866   1.51067
        0         0         0         1

 0.544987 -0.299526  0.783118  0.935082
-0.838262 -0.214135   0.50146 -0.116649
 0.017493 -0.929748 -0.367782   1.51076
        0         0         0         1

 0.550014 -0.295888  0.780983  0.949609
-0.834924 -0.216812  0.505859 -0.114494
0.0196487 -0.930292 -0.366294   1.51101
        0         0         0         1

  0.55481 -0.291707  0.779162  0.967422
-0.831665 -0.220121  0.509785 -0.112054
0.0228017 -0.930835 -0.364728   1.51076
        0         0         0         1

 0.557987 -0.288815  0.777969  0.982528
-0.829469 -0.222487  0.512328 -0.110139
0.0251198 -0.931174 -0.363708   1.51032
        0         0         0         1

 0.565618 -0.282418  0.774801   1.01716
-0.824186 -0.225665  0.519415 -0.106374
0.0281531 -0.932371 -0.360405   1.50855
        0         0         0         1

 0.569229 -0.279769  0.773115   1.03221
-0.821708 -0.225399  0.523442 -0.105045
0.0278162 -0.933233 -0.358192   1.50766
        0         0         0         1

 0.573172 -0.277193  0.771127   1.05049
-0.819009 -0.224139  0.528192 -0.103682
 0.026428 -0.934305 -0.355494   1.50648
        0         0         0         1

 0.576464 -0.275659  0.769222    1.0658
-0.816758 -0.222523  0.532344 -0.102735
0.0244236 -0.935145 -0.353423   1.50533
        0         0         0         1

 0.583969 -0.273538  0.764302   1.10064
-0.811571 -0.217891  0.542104 -0.100883
0.0182489 -0.936857 -0.349237   1.50227
        0         0         0         1

  0.58665 -0.273685  0.762193   1.11584
-0.809707 -0.215298  0.545913 -0.100314
0.0146902 -0.937413 -0.347909   1.50084
        0         0         0         1

  0.588839  -0.274074   0.760363    1.13421
  -0.80818   -0.21205   0.549436 -0.0997504
 0.0106492   -0.93804  -0.346364    1.49905
         0          0          0          1

  0.590558  -0.275108   0.758654    1.14928
 -0.806962   -0.20975   0.552102 -0.0993484
0.00723954  -0.938254  -0.345871    1.49725
         0          0          0          1

  0.592363  -0.275989   0.756925    1.16695
 -0.805664  -0.206797   0.555104 -0.0989045
0.00332742   -0.93865  -0.344854    1.49511
         0          0          0          1

  0.592524  -0.277371   0.756294    1.18187
 -0.805553  -0.203732   0.556397 -0.0987452
-0.000246863  -0.938914  -0.344153    1.49328
         0          0          0          1

  0.590488   -0.28268    0.75592    1.21517
 -0.807006  -0.197503   0.556537 -0.0983112
-0.00802504  -0.938661  -0.344748    1.48848
         0          0          0          1

  0.587719  -0.287016   0.756445    1.22943
 -0.808982  -0.195059   0.554527 -0.0982294
-0.0116069  -0.937856  -0.346831    1.48622
         0          0          0          1

  0.583301   -0.29355   0.757356    1.24666
 -0.812084  -0.191583   0.551194 -0.0983592
-0.0167066  -0.936549  -0.350138    1.48355
         0          0          0          1

  0.579567  -0.299337   0.757958    1.26042
 -0.814659   -0.18905   0.548262 -0.0983979
-0.0208227  -0.935231  -0.353424    1.48078
         0          0          0          1

  0.566325  -0.317698   0.760489    1.29155
 -0.823487  -0.180233   0.537945 -0.0988643
-0.0338386  -0.930905  -0.363691    1.47365
         0          0          0          1

  0.559322  -0.324765   0.762683    1.30452
 -0.828017  -0.175236   0.532616 -0.0991571
-0.0393255  -0.929419  -0.366925    1.47028
         0          0          0          1

  0.550986  -0.332296   0.765503    1.31952
 -0.833297   -0.16953    0.52619 -0.0995207
-0.0450749  -0.927814   -0.37031    1.46589
         0          0          0          1

 0.542148 -0.338604   0.76904   1.33224
-0.838809 -0.163896   0.51917 -0.100159
-0.0497504 -0.926545  -0.37288   1.46208
        0         0         0         1

 0.532328 -0.343214  0.773842   1.34662
-0.844851 -0.157698  0.511233 -0.100788
-0.0534289 -0.925924 -0.373912   1.45738
        0         0         0         1

 0.523967 -0.345132   0.77868   1.35789
-0.849891 -0.151669  0.504661 -0.101312
-0.0560735 -0.926218 -0.372794   1.45386
        0         0         0         1

 0.503314 -0.353457  0.788506   1.38318
-0.861801 -0.138768  0.487895 -0.102699
-0.0630311 -0.925101 -0.374454    1.4452
        0         0         0         1

 0.494998 -0.356086  0.792578   1.39345
-0.866412 -0.133381  0.481185  -0.10335
-0.0656288 -0.924885  -0.37454   1.44168
        0         0         0         1

 0.484472 -0.360527  0.797062   1.40555
-0.872108 -0.127534  0.472401 -0.104072
-0.0686608 -0.923989 -0.376206   1.43723
        0         0         0         1

 0.476008 -0.363684  0.800718   1.41485
-0.876589 -0.122945   0.46527  -0.10464
-0.0707671 -0.923373 -0.377324   1.43374
        0         0         0         1

  0.45572  -0.37007  0.809548   1.43501
-0.887111 -0.114073  0.447237 -0.105833
-0.0731611 -0.921974 -0.380278   1.42568
        0         0         0         1

 0.445495 -0.374009   0.81342   1.44328
-0.892228  -0.11046  0.437868 -0.106378
-0.0739157 -0.920824  -0.38291   1.42218
        0         0         0         1

  0.43326 -0.378991  0.817711   1.45282
-0.898211 -0.106902  0.426366 -0.106986
-0.0741743 -0.919205  -0.38673   1.41762
        0         0         0         1

  0.42448 -0.381325  0.821224   1.46028
-0.902299 -0.102695  0.418701 -0.107511
-0.0753252 -0.918719 -0.387661   1.41434
        0         0         0         1

  0.416124  -0.383492   0.824484    1.46897
 -0.906064 -0.0983514   0.411552  -0.108234
-0.0767377  -0.918292  -0.388395    1.41012
         0          0          0          1

 0.411033 -0.384187  0.826712   1.47555
-0.908253  -0.09471  0.407561 -0.108663
-0.0782817 -0.918385 -0.387868   1.40682
        0         0         0         1

  0.398112  -0.386092    0.83213    1.49005
 -0.913696 -0.0861544   0.397161  -0.109747
 -0.081649  -0.918428   -0.38707    1.39932
         0          0          0          1

  0.392739  -0.385428   0.834986    1.49578
 -0.915997 -0.0831015   0.392483  -0.110162
-0.0818854  -0.918988  -0.385688    1.39594
         0          0          0          1

  0.384211  -0.383744   0.839716    1.50287
 -0.919576 -0.0780549   0.385081  -0.111026
-0.0822283  -0.920135  -0.382871    1.39196
         0          0          0          1

 0.379125 -0.382293  0.842684   1.50762
-0.921614 -0.074298   0.38093 -0.111323
-0.0830171 -0.921049 -0.380495   1.38895
        0         0         0         1

  0.366723  -0.380258   0.849069    1.51895
 -0.926378 -0.0652149   0.370907  -0.112873
-0.0856683  -0.922578  -0.376179    1.38206
         0          0          0          1

  0.363631  -0.381689   0.849756    1.52306
 -0.927474 -0.0631717   0.368513  -0.113182
 -0.086977  -0.922129  -0.376978    1.37853
         0          0          0          1

 0.358204 -0.383284  0.851342   1.52825
-0.929307 -0.058583  0.364633 -0.114001
-0.0898839 -0.921771 -0.377173   1.37501
        0         0         0         1

  0.356678  -0.383472   0.851898    1.53153
 -0.929541 -0.0544486   0.364676  -0.114172
-0.0934585  -0.921946  -0.375874    1.37244
         0          0          0          1

  0.354414  -0.385569   0.851896    1.53576
 -0.930267 -0.0529836   0.363038    -0.1146
-0.0948397  -0.921157   -0.37746    1.36819
         0          0          0          1

  0.354822  -0.386302   0.851394    1.53906
 -0.929736 -0.0499038   0.364829  -0.115074
-0.0984465  -0.921021  -0.376866    1.36569
         0          0          0          1

 0.353835 -0.400233  0.845349   1.54609
-0.929146 -0.046838  0.366734 -0.115609
-0.107185 -0.915216 -0.388448   1.35764
        0         0         0         1

  0.354747  -0.401879   0.844185    1.54933
 -0.928325 -0.0440029   0.369157  -0.116235
  -0.11121  -0.914635  -0.388684    1.35681
         0          0          0          1

  0.353432  -0.412635   0.839534    1.55243
 -0.928542 -0.0458041    0.36839  -0.115759
 -0.113557  -0.909744  -0.399338    1.35327
         0          0          0          1

  0.348487  -0.425221   0.835311    1.55549
 -0.930312 -0.0481923   0.363589  -0.115999
  -0.11435  -0.903806  -0.412383    1.34973
         0          0          0          1

  0.337048  -0.444409   0.829999    1.56178
 -0.934251 -0.0487837   0.353263   -0.11658
 -0.116503  -0.894495  -0.431632    1.34671
         0          0          0          1

  0.331419  -0.453634   0.827271    1.56407
 -0.936456 -0.0513376   0.347009  -0.116454
 -0.114945  -0.889708  -0.441822    1.34447
         0          0          0          1

  0.326297  -0.461285   0.825074    1.56652
 -0.938303 -0.0522964   0.341838  -0.116227
 -0.114536  -0.885709  -0.449889    1.34315
         0          0          0          1

 0.323772 -0.469419  0.821473   1.56851
-0.939123  -0.05394  0.339319 -0.115937
-0.114973 -0.881326 -0.458307    1.3417
        0         0         0         1

  0.320799   -0.48038   0.816286    1.57129
 -0.940086 -0.0564545    0.33623  -0.115967
 -0.115435  -0.875242  -0.469709    1.33941
         0          0          0          1

  0.322509  -0.487014   0.811668    1.57286
 -0.939295 -0.0585778   0.338073  -0.115385
 -0.117101  -0.871427  -0.476342    1.33797
         0          0          0          1

  0.328687  -0.497265   0.802927    1.57656
 -0.936157 -0.0592005   0.346563  -0.114956
   -0.1248  -0.865577  -0.484977    1.33519
         0          0          0          1

  0.333957  -0.500854    0.79851    1.57733
 -0.933666 -0.0594905   0.353168  -0.114385
 -0.129382  -0.863485  -0.487498    1.33424
         0          0          0          1

  0.339115  -0.505661    0.79329    1.57846
 -0.931001 -0.0593365   0.360161   -0.11392
 -0.135048  -0.860689  -0.490893     1.3331
         0          0          0          1

  0.343025  -0.510565   0.788452    1.57948
 -0.928804 -0.0590752   0.365832  -0.113735
 -0.140203  -0.857807  -0.494479    1.33206
         0          0          0          1

  0.353044  -0.522002   0.776449    1.58054
 -0.923149 -0.0593723   0.379831  -0.112486
 -0.152173  -0.850875  -0.502847      1.331
         0          0          0          1

  0.356105  -0.526643   0.771904    1.58075
   -0.9214 -0.0603426   0.383903  -0.111835
 -0.155601  -0.847942  -0.506737    1.33091
         0          0          0          1

  0.356535  -0.532137   0.767928    1.58118
 -0.920972 -0.0619341   0.384674   -0.11127
 -0.157138   -0.84439  -0.512165    1.33117
         0          0          0          1

   0.35491  -0.537713    0.76479    1.58137
 -0.921467 -0.0630157   0.383312  -0.110686
 -0.157918   -0.84077  -0.517849    1.33194
         0          0          0          1

  0.351178  -0.543884   0.762144    1.58182
 -0.923015 -0.0644186   0.379333  -0.110132
 -0.157217  -0.836684  -0.524636    1.33263
         0          0          0          1

  0.348818  -0.545844   0.761827    1.58174
 -0.923993 -0.0643614   0.376954  -0.109546
 -0.156726  -0.835411  -0.526806    1.33361
         0          0          0          1

   0.34388  -0.545096   0.764603    1.58146
 -0.925977 -0.0616403   0.372514  -0.108345
 -0.155925  -0.836105  -0.525943    1.33732
         0          0          0          1

  0.341895  -0.544964   0.765586    1.58139
 -0.926694 -0.0602468   0.370957  -0.107816
 -0.156034  -0.836292  -0.525613     1.3392
         0          0          0          1

  0.340236  -0.544789   0.766449    1.58105
  -0.92709 -0.0579937   0.370325    -0.1068
   -0.1573  -0.836565    -0.5248    1.34241
         0          0          0          1

  0.339781  -0.545763   0.765958    1.58049
 -0.927102 -0.0573618   0.370393  -0.105631
  -0.15821  -0.835974  -0.525469    1.34445
         0          0          0          1

  0.344701  -0.545922   0.763642    1.57802
 -0.924411 -0.0559504   0.377272  -0.102189
 -0.163235  -0.835966  -0.523943    1.35096
         0          0          0          1

  0.347563  -0.545325   0.762771     1.5768
 -0.922969 -0.0555523   0.380843  -0.100575
  -0.16531  -0.836382  -0.522627    1.35375
         0          0          0          1

  0.350109  -0.545053   0.761801    1.57559
 -0.921568  -0.054796    0.38433 -0.0988993
 -0.167736  -0.836609  -0.521488    1.35703
         0          0          0          1

  0.352505  -0.544247   0.761272    1.57408
 -0.920373 -0.0544797   0.387228   -0.09696
 -0.169274  -0.837154  -0.520115    1.36013
         0          0          0          1

  0.354714  -0.542758   0.761309    1.57215
 -0.919403  -0.054494   0.389524 -0.0946196
  -0.16993   -0.83812  -0.518343    1.36435
         0          0          0          1

  0.355203  -0.541114   0.762251    1.57071
 -0.919214  -0.053957   0.390043 -0.0928137
 -0.169929  -0.839217  -0.516565    1.36904
         0          0          0          1

  0.353847  -0.540091   0.763606    1.56626
 -0.920318 -0.0554936   0.387216 -0.0872219
 -0.166756  -0.839775  -0.516691    1.37935
         0          0          0          1

  0.352263  -0.540456    0.76408    1.56378
 -0.921401 -0.0571175   0.384392  -0.084326
 -0.164105  -0.839431  -0.518097    1.38415
         0          0          0          1

  0.34937  -0.54103  0.765002   1.56119
 -0.92321 -0.059283  0.379696 -0.081116
-0.160075 -0.838911 -0.520196   1.39046
        0         0         0         1

  0.347159  -0.541832    0.76544    1.55832
 -0.924837 -0.0625291    0.37519 -0.0778052
 -0.155428  -0.838158  -0.522814    1.39543
         0          0          0          1

  0.345945  -0.539668   0.767516    1.55046
  -0.92783 -0.0751682   0.365351 -0.0694587
 -0.139475  -0.838516  -0.526724    1.41044
         0          0          0          1

  0.348093  -0.538324   0.767489    1.54689
 -0.928147 -0.0827891    0.36289 -0.0656283
 -0.131812  -0.838662  -0.528462    1.41723
         0          0          0          1

  0.351909  -0.537836   0.766089    1.54244
 -0.927851 -0.0924495   0.361311 -0.0606383
 -0.123502  -0.837965  -0.531566    1.42552
         0          0          0          1

  0.357369   -0.53742    0.76385    1.53826
 -0.926746   -0.10257   0.361416 -0.0560401
 -0.115884  -0.837054  -0.534707    1.43257
         0          0          0          1

  0.366072  -0.536149   0.760615    1.53281
 -0.924463  -0.115907   0.363227 -0.0502844
 -0.106583  -0.836128   -0.53808    1.44172
         0          0          0          1

  0.375486  -0.533377   0.757971    1.52793
  -0.92171  -0.129063   0.365778 -0.0450362
-0.0972717  -0.835973   -0.54008    1.44973
         0          0          0          1

  0.400021  -0.524759   0.751406    1.51596
 -0.913538  -0.162371   0.372939 -0.0321417
 -0.073697  -0.835621   -0.54434    1.46922
         0          0          0          1

  0.411776  -0.520847   0.747769    1.51028
 -0.909103  -0.178038   0.376609 -0.0260527
-0.0630241  -0.834877  -0.546816    1.47805
         0          0          0          1

  0.42641 -0.516052  0.742876   1.50333
-0.903118 -0.197018  0.381526 -0.018253
-0.0505273 -0.833591 -0.550067   1.48897
        0         0         0         1

  0.439312  -0.510714   0.739038    1.49722
  -0.89747  -0.213437   0.385995 -0.0112707
 -0.039395  -0.832836  -0.552116    1.49853
         0          0          0          1

   0.454365   -0.503917    0.734588     1.48973
  -0.890469   -0.233934    0.390307 -0.00254935
 -0.0248369    -0.83147   -0.555015     1.50981
          0           0           0           1

  0.466127  -0.496417   0.732322    1.48328
 -0.884648  -0.251123   0.392855 0.00506997
-0.0111174  -0.830968   -0.55621    1.51991
         0          0          0          1

 0.490951 -0.477311  0.728794   1.46657
-0.870868 -0.291526  0.395729 0.0248087
