-0.445518  0.894531 0.0364453   1.20716
-0.573454 -0.316395  0.755675  0.836179
 0.687506  0.315767  0.653932     2.214
        0         0         0         1

-0.428183  0.903523 0.0174715   1.20936
-0.595626 -0.296704  0.746456  0.813287
 0.679624  0.309213  0.665206   2.22551
        0         0         0         1

 -0.401961   0.914807 -0.0394353    1.18466
 -0.636068  -0.247986   0.730699   0.781381
  0.658669   0.318796    0.68156    2.23331
         0          0          0          1

 -0.384653   0.921179 -0.0589182    1.18477
 -0.652091  -0.226006    0.72367   0.762198
  0.653314   0.316782   0.687627    2.23559
         0          0          0          1

-0.357051  0.927076  -0.11421   1.16331
-0.695364 -0.182167  0.695186  0.723507
 0.623685  0.327635  0.709699   2.25299
        0         0         0         1

-0.341635  0.931381 -0.125761   1.16974
-0.704778 -0.165364  0.689886  0.706785
  0.62175  0.324323  0.712911   2.25166
        0         0         0         1

-0.306307  0.935749 -0.174783   1.17429
 -0.73365  -0.11506  0.669716  0.664819
 0.606575  0.333368  0.721756    2.2416
        0         0         0         1

-0.293551  0.935795 -0.195235   1.17436
-0.749959 -0.098798  0.654065  0.643707
 0.592782  0.338419  0.730809   2.24408
        0         0         0         1

-0.275201  0.934687 -0.224998    1.1711
-0.770104 -0.074226  0.633585  0.614769
 0.575503  0.347635  0.740234   2.24415
        0         0         0         1

 -0.267015   0.935345  -0.232018    1.17869
 -0.777283 -0.0667076   0.625605   0.598723
  0.569679   0.347389    0.74484    2.23924
         0          0          0          1

 -0.235516   0.928739  -0.286315    1.17138
 -0.813611 -0.0272798   0.580769   0.548956
  0.531572    0.36973   0.762057     2.2355
         0          0          0          1

 -0.226171    0.92326  -0.310545    1.16609
 -0.823006 -0.0105832   0.567935   0.534633
  0.521065    0.38403   0.762242    2.22922
         0          0          0          1

   -0.214886      0.92182    -0.322601      1.17612
   -0.833442 -0.000894066     0.552606     0.512667
    0.509115     0.387617     0.768476       2.2203
           0            0            0            1

-0.205503  0.917217 -0.341295   1.17505
-0.841569 0.0123826  0.540008  0.497884
  0.49953  0.398197  0.769356   2.21224
        0         0         0         1

-0.193709  0.909538 -0.367718   1.17478
-0.852446 0.0294836  0.521983  0.478006
 0.485605  0.414573  0.769621   2.20169
        0         0         0         1

-0.187831  0.905157 -0.381327   1.17795
-0.857899 0.0378501  0.512422  0.464284
 0.478256  0.423389  0.769424   2.19437
        0         0         0         1

-0.173783  0.893406 -0.414276   1.18844
-0.876824 0.0511323  0.478085  0.423959
 0.448307   0.44633  0.774474    2.1773
        0         0         0         1

-0.160572  0.884352 -0.438335   1.18166
-0.887069 0.0654372  0.456975  0.408657
 0.432811  0.462211  0.773974   2.17316
        0         0         0         1

-0.150002  0.881125 -0.448462   1.18585
-0.891647 0.0754117  0.446406  0.393278
 0.427159  0.466832  0.774341   2.15934
        0         0         0         1

-0.137968  0.877065 -0.460133   1.18648
 -0.89628 0.0871411  0.434844  0.383034
 0.421483  0.472402  0.774073   2.14858
        0         0         0         1

-0.119824  0.866053 -0.485381   1.19114
-0.909503  0.100264  0.403424  0.348797
 0.398053  0.489796  0.775663   2.12907
        0         0         0         1

-0.114524  0.864611 -0.489216   1.19796
-0.913451  0.101928  0.393977  0.336081
 0.390502  0.491994  0.778107    2.1207
        0         0         0         1

-0.103945  0.857735 -0.503474   1.20026
-0.917958  0.112107  0.380507  0.320895
 0.382818  0.501719  0.775712   2.10502
        0         0         0         1

-0.0960031  0.852882 -0.513202   1.20237
-0.922478  0.117448   0.36775  0.308274
 0.373922  0.508723  0.775489   2.09824
        0         0         0         1

-0.0930497  0.848157 -0.521509   1.21059
-0.927086  0.117217  0.356051  0.291431
 0.363117  0.516614  0.775407   2.08616
        0         0         0         1

-0.087839  0.839896 -0.535593   1.21125
-0.929071   0.12487  0.348187  0.282279
 0.359321  0.528188  0.769354   2.07479
        0         0         0         1

-0.0739521  0.818654 -0.569506   1.21571
-0.937307  0.137964  0.320033  0.254922
 0.340567  0.557469  0.757128   2.04966
        0         0         0         1

-0.0733899  0.810177 -0.581574   1.21886
-0.939638  0.139247  0.312556   0.24528
 0.334208  0.569407  0.751053   2.03939
        0         0         0         1

-0.0732638  0.799839 -0.595727   1.22532
-0.943464  0.138039  0.301364  0.230264
 0.323277  0.584126  0.744506   2.02392
        0         0         0         1

-0.0699219   0.79121 -0.607534   1.22676
-0.945847  0.140946  0.292417  0.221881
 0.316993   0.59508  0.738508    2.0116
        0         0         0         1

-0.0725132  0.769928 -0.633998    1.2362
-0.952463  0.135134  0.273044  0.197332
 0.295899  0.623659  0.723529   1.97938
        0         0         0         1

-0.0715434  0.760874 -0.644944   1.23852
-0.955286  0.133715   0.26372  0.186668
 0.286897  0.634973  0.717286   1.97046
        0         0         0         1

-0.0681923  0.763667 -0.641998    1.2421
-0.955212  0.135757  0.262947  0.176052
  0.28796  0.631175  0.720206   1.95206
        0         0         0         1

-0.0665478   0.76625 -0.639087    1.2444
-0.956844  0.132582  0.258597  0.166938
 0.282881  0.628716  0.724358   1.94029
        0         0         0         1

-0.0602782  0.767477 -0.638237   1.24805
-0.959894  0.130822   0.24797  0.155727
 0.273807  0.627587   0.72881   1.92095
        0         0         0         1

-0.0594242  0.764096 -0.642359   1.25274
-0.963783  0.123678  0.236276  0.145873
 0.259983  0.633135  0.729074    1.9078
        0         0         0         1

-0.0517633 0.734492 -0.67664  1.25994
-0.976808 0.103722 0.187316 0.122579
0.207765 0.670644 0.712089  1.86878
       0        0        0        1

-0.0510652  0.723582 -0.688347   1.26443
-0.980286 0.0954133   0.17302  0.115115
 0.190872  0.683612  0.704445   1.85165
        0         0         0         1

-0.0471149  0.711999 -0.700598   1.26967
-0.984266 0.0864826  0.154081  0.104985
 0.170295  0.696835  0.696722   1.82867
        0         0         0         1

-0.0502015  0.708011 -0.704414   1.27355
-0.986354 0.0755819  0.146262 0.0970054
 0.156796  0.702145  0.694556   1.81363
        0         0         0         1

-0.0529711  0.701384 -0.710812   1.27955
-0.989638 0.0582564  0.131233 0.0791673
 0.133454  0.710399  0.691031   1.77755
        0         0         0         1

  -0.0569  0.699727  -0.71214   1.28187
-0.990662 0.0489482  0.127249 0.0718068
 0.123898  0.712731  0.690408   1.76506
        0         0         0         1

-0.0607762  0.697145 -0.714349   1.28472
 -0.99187 0.0379845  0.121457 0.0625484
 0.111807  0.715923  0.689169     1.747
        0         0         0         1

-0.0643237  0.695567 -0.715576    1.2873
-0.992474 0.0302856  0.118653 0.0561897
 0.104203  0.717823  0.688384   1.73381
        0         0         0         1

-0.0647892   0.69014  -0.72077   1.28952
-0.993522 0.0229674  0.111298 0.0486668
0.0933653  0.723312  0.684181   1.71569
        0         0         0         1

-0.0681724   0.68779 -0.722701   1.29198
-0.993961 0.0156081  0.108614   0.04309
0.0859839  0.725742  0.682573   1.70319
        0         0         0         1

-0.0688826    0.67953  -0.730407    1.29759
 -0.995278 0.00338359  0.0970098  0.0311705
 0.0683924    0.73364   0.676088    1.66906
         0          0          0          1

 -0.0710544    0.677103   -0.732449     1.30109
  -0.995624 -0.00346077   0.0933856   0.0260873
  0.0606968     0.73588    0.674386     1.65668
          0           0           0           1

-0.0731731   0.672557  -0.736419    1.30572
 -0.996096 -0.0127303  0.0873492  0.0197024
 0.0493725   0.739936   0.670863    1.63959
         0          0          0          1

-0.0721799   0.670332  -0.738542    1.30812
  -0.99651 -0.0173481   0.081646   0.015899
 0.0419176   0.741858   0.669245    1.62723
         0          0          0          1

-0.0713576   0.665517  -0.742964     1.3154
 -0.997198 -0.0308298  0.0681594 0.00602552
 0.0224558   0.745746   0.665852    1.59732
         0          0          0          1

-0.0711131   0.664536  -0.743865    1.31795
 -0.997337  -0.035251  0.0638532 0.00258284
 0.0162107   0.746424   0.665273    1.58649
         0          0          0          1

 -0.0703136    0.663904   -0.744505     1.32086
  -0.997469   -0.038888   0.0595264 -0.00162727
  0.0105675    0.746806    0.664958     1.57125
          0           0           0           1

 -0.0737538    0.663582   -0.744459     1.32349
  -0.997261  -0.0449098   0.0587681 -0.00509055
 0.00556396    0.746755    0.665076     1.56192
          0           0           0           1

-0.0761549   0.661662  -0.745924     1.3256
 -0.997096 -0.0498023  0.0576216 -0.0088623
0.00097727   0.748146   0.663533    1.54829
         0          0          0          1

-0.0770234   0.657735  -0.749301    1.32726
 -0.997018 -0.0543991  0.0547357 -0.0114708
-0.00475966   0.751283   0.659964    1.53952
         0          0          0          1

-0.0834084   0.644678  -0.759891    1.33163
 -0.996363 -0.0673036  0.0522652 -0.0178304
-0.0174492   0.761486   0.647947    1.51601
         0          0          0          1

-0.0876099   0.639511  -0.763773    1.33341
 -0.995915 -0.0730703  0.0530559 -0.0201306
-0.0218793   0.765301     0.6433    1.50752
         0          0          0          1

-0.0916641   0.631241  -0.770151    1.33533
 -0.995399 -0.0797639  0.0530962 -0.0230793
-0.0279136   0.771474   0.635648    1.49554
         0          0          0          1

-0.0943358   0.624985  -0.774916    1.33653
  -0.99498 -0.0853035  0.0523267 -0.0251211
-0.0333996   0.775962   0.629895     1.4877
         0          0          0          1

 -0.102143   0.615353  -0.781606    1.33918
 -0.993949  -0.095035  0.0550729 -0.0295283
-0.0403906   0.782502   0.621337    1.46736
         0          0          0          1

 -0.104651   0.612462  -0.783542    1.34019
 -0.993553 -0.0989205  0.0553785 -0.0310464
-0.0435912   0.784286   0.618866    1.46078
         0          0          0          1

 -0.106343   0.608681  -0.786256     1.3412
 -0.993213  -0.102482  0.0549975 -0.0329512
-0.0471014   0.786768   0.615449    1.45177
         0          0          0          1

 -0.108604   0.606552  -0.787591    1.34241
  -0.99292  -0.104537  0.0564099 -0.0345581
-0.0481171   0.788141   0.613611    1.44578
         0          0          0          1

 -0.111249   0.602986  -0.789957    1.34405
 -0.992626  -0.105925  0.0589362 -0.0364065
-0.0481388   0.790688   0.610323    1.43743
         0          0          0          1

 -0.112045   0.600009  -0.792108    1.34521
 -0.992552  -0.105926  0.0601608 -0.0376815
-0.0478081    0.79295   0.607409    1.43172
         0          0          0          1

 -0.116368   0.589148  -0.799602    1.34769
 -0.992051  -0.107769   0.064971 -0.0405495
-0.0478945   0.800806   0.597006    1.41882
         0          0          0          1

 -0.116594   0.583965  -0.803362    1.34825
 -0.991938  -0.108901   0.064802 -0.0415017
 -0.049645   0.804441   0.591955    1.41442
         0          0          0          1

-0.118474  0.578243 -0.807217   1.34932
-0.991689 -0.109984 0.0667632 -0.042539
-0.0501753  0.808417  0.586468   1.40828
        0         0         0         1

 -0.120679   0.575013  -0.809195    1.34974
 -0.991441  -0.110722   0.069179 -0.0432583
-0.0498166   0.810617   0.583453    1.40384
         0          0          0          1

 -0.126473   0.568668  -0.812786    1.35147
 -0.990775  -0.112616  0.0753768 -0.0449301
 -0.048668   0.814822   0.577665    1.39186
         0          0          0          1

 -0.127155   0.565378  -0.814972    1.35218
 -0.990622  -0.113808  0.0756077 -0.0452142
-0.0500036   0.816943   0.574547    1.38791
         0          0          0          1

  -0.13067   0.559338  -0.818575    1.35367
 -0.990075  -0.116699  0.0783055 -0.0461275
-0.0517281   0.820684   0.569036    1.38206
         0          0          0          1

 -0.130787   0.554979  -0.821519    1.35445
 -0.990023  -0.116941  0.0786127 -0.0464157
 -0.052441   0.823604   0.564736    1.37797
         0          0          0          1

 -0.131131   0.547913  -0.826194    1.35555
 -0.989916  -0.117415  0.0792499 -0.0467873
-0.0535857   0.828254   0.557784    1.37279
         0          0          0          1

 -0.134118   0.542021  -0.829593     1.3568
 -0.989467  -0.119261  0.0820441 -0.0472228
-0.0544685   0.831859   0.552307    1.36946
         0          0          0          1

 -0.135859   0.525872  -0.839643    1.35694
 -0.989151  -0.119806  0.0850153 -0.0477755
-0.0558873   0.842083   0.536444    1.36151
         0          0          0          1

 -0.137209   0.520492   -0.84277    1.35685
 -0.988969  -0.119914  0.0869531 -0.0482681
-0.0558015   0.845404   0.531204    1.35883
         0          0          0          1

 -0.141676   0.512432   -0.84696    1.35722
 -0.988354  -0.121226  0.0919832 -0.0490492
-0.0555384   0.850128   0.523639    1.35533
         0          0          0          1

 -0.142011   0.507167  -0.850067    1.35671
 -0.988274  -0.121321  0.0927163 -0.0494006
-0.0561085   0.853266   0.518449    1.35292
         0          0          0          1

 -0.143218   0.501679  -0.853116     1.3565
 -0.988126  -0.120947  0.0947592 -0.0499551
-0.0556432   0.856557   0.513043    1.34918
         0          0          0          1

 -0.143848   0.499028  -0.854563    1.35697
 -0.987943  -0.122361  0.0948464 -0.0506069
-0.0572344   0.857904   0.510613    1.34723
         0          0          0          1

  -0.14206   0.501635  -0.853336    1.35725
 -0.988238  -0.121181  0.0932816 -0.0518679
-0.0566149    0.85655   0.512949    1.34173
         0          0          0          1

 -0.141284   0.503032  -0.852641    1.35771
 -0.988424  -0.119786  0.0931138 -0.0525818
-0.0552948   0.855926   0.514133    1.34017
         0          0          0          1

 -0.136763   0.503945   -0.85284    1.35797
 -0.989162    -0.1159  0.0901378 -0.0530589
  -0.05342   0.855925   0.514334    1.33819
         0          0          0          1

 -0.133769   0.504709  -0.852863    1.35804
 -0.989638  -0.113345  0.0881455 -0.0534016
-0.0521802   0.855816   0.514641    1.33692
         0          0          0          1

 -0.126685   0.503259  -0.854799    1.35863
 -0.990678  -0.107696  0.0834179 -0.0548579
-0.0500774   0.857399   0.512211    1.33454
         0          0          0          1

-0.124145  0.502963 -0.855346   1.35934
-0.991007 -0.106224  0.081373 -0.055458
-0.0499307  0.857756  0.511627   1.33347
        0         0         0         1

  -0.12088   0.504258  -0.855051    1.36079
 -0.991428  -0.104348  0.0786221 -0.0565933
-0.0495769   0.857225   0.512549    1.33183
         0          0          0          1

 -0.114469   0.506638  -0.854526    1.36144
 -0.992142  -0.102044  0.0724027 -0.0566669
-0.0505176   0.856099   0.514337    1.33119
         0          0          0          1

  -0.10459   0.513051  -0.851962    1.36349
 -0.993188 -0.0981375  0.0628286 -0.0570965
-0.0513752   0.852729    0.51982    1.32958
         0          0          0          1

-0.0965562   0.519517  -0.848987    1.36587
 -0.993978 -0.0947255  0.0550812 -0.0574076
 -0.051805   0.849193   0.525535    1.32849
         0          0          0          1

-0.0743137   0.533365  -0.842615    1.37195
 -0.995775 -0.0853921  0.0337693 -0.0578136
-0.0539413   0.841564   0.537457    1.32579
         0          0          0          1

-0.0681689   0.536102  -0.841396    1.37411
 -0.996157 -0.0830651  0.0277818 -0.0578719
-0.0549967   0.840056   0.539705    1.32474
         0          0          0          1

-0.0613686    0.53803  -0.840689    1.37711
 -0.996506 -0.0808363  0.0210087 -0.0582221
-0.0566548    0.83904   0.541111    1.32346
         0          0          0          1

-0.0560113   0.540278   -0.83962    1.37889
 -0.996708  -0.079631  0.0152498 -0.0583012
-0.0586207    0.83771    0.54296    1.32265
         0          0          0          1

-0.0425852   0.551116  -0.833341    1.38293
 -0.997238 -0.0742431 0.00186118 -0.0583867
-0.0608441   0.831119   0.552756    1.32126
         0          0          0          1

 -0.0383638    0.554483    -0.83131     1.38432
  -0.997412  -0.0718719 -0.00190938  -0.0582366
 -0.0608066    0.829086    0.555806     1.32151
          0           0           0           1

 -0.0308979    0.558222   -0.829116     1.38561
  -0.997745  -0.0666748 -0.00770841   -0.057766
 -0.0595841    0.827008    0.559024       1.322
          0           0           0           1

 -0.0281933    0.559466   -0.828374     1.38636
  -0.997832  -0.0650476 -0.00997104  -0.0576257
 -0.0594621    0.826297    0.560087      1.3227
          0           0           0           1

 -0.020642   0.562259  -0.826704    1.38772
 -0.997931 -0.0619447 -0.0172126 -0.0569398
-0.0608879   0.824638   0.562374     1.3252
         0          0          0          1

-0.0150478   0.563656  -0.825872    1.38786
 -0.998064 -0.0583181 -0.0216169 -0.0562403
-0.0603478   0.823948   0.563443    1.32639
         0          0          0          1

-0.0127036   0.564677  -0.825214    1.38736
 -0.998097 -0.0569599 -0.0236115 -0.0557799
 -0.060337   0.823344   0.564326     1.3286
         0          0          0          1

 -0.010615   0.565452  -0.824713    1.38631
 -0.998212 -0.0545049 -0.0245223  -0.054999
-0.0588171   0.822978   0.565019    1.33064
         0          0          0          1

-0.00871151   0.564555  -0.825349    1.38423
 -0.998257 -0.0530835 -0.0257737 -0.0540595
-0.0583631   0.823686   0.564034    1.33456
         0          0          0          1

-0.00766157   0.564081  -0.825684    1.38205
 -0.998345 -0.0513745 -0.0258337  -0.053347
-0.0569914    0.82412   0.563541    1.33742
         0          0          0          1

-0.00165408   0.561864  -0.827228    1.37501
 -0.998542 -0.0455596 -0.0289481 -0.0509845
-0.0539531   0.825974   0.561121    1.34547
         0          0          0          1

0.000904636   0.561133  -0.827725    1.37173
 -0.998627 -0.0428519 -0.0301417 -0.0499199
 -0.052383   0.826615   0.560324    1.34878
         0          0          0          1

0.00266876   0.559948  -0.828524    1.36751
 -0.998794 -0.0391235 -0.0296584 -0.0490758
-0.0490219   0.827604   0.559168    1.35368
         0          0          0          1

  0.005406   0.559411  -0.828873    1.36349
 -0.998898 -0.0356252 -0.0305586 -0.0480603
-0.0466235   0.828125   0.558601     1.3578
         0          0          0          1

 0.0130111   0.559525  -0.828711    1.35181
 -0.999098 -0.0262374  -0.033401  -0.045822
-0.0404319   0.828398   0.558679    1.37016
         0          0          0          1

 0.0145752   0.560023  -0.828349    1.34684
 -0.999212 -0.0224348 -0.0327492 -0.0452685
-0.0369241   0.828173   0.559255    1.37482
         0          0          0          1

 0.0166232   0.560657  -0.827881    1.33945
 -0.999294 -0.0185842 -0.0326506 -0.0445286
-0.0336913    0.82784   0.559952    1.38227
         0          0          0          1

 0.0176112   0.560748    -0.8278    1.33342
 -0.999397 -0.0149008 -0.0313556 -0.0438612
-0.0299175   0.827853   0.560147    1.38761
         0          0          0          1

  0.0197972    0.562057   -0.826861     1.32446
  -0.999497 -0.00935543  -0.0302899  -0.0431426
 -0.0247603    0.827046    0.561589     1.39509
          0           0           0           1

  0.0201852    0.562609   -0.826477     1.31792
  -0.999553 -0.00689389  -0.0291052  -0.0427477
 -0.0220725    0.826694    0.562218     1.40093
          0           0           0           1

 0.0265831   0.561449  -0.827084    1.29855
 -0.999525 0.00203484 -0.0307442 -0.0414352
-0.0155783   0.827509   0.561236    1.41635
         0          0          0          1

 0.0291422     0.5602  -0.827845    1.29043
 -0.999505 0.00650176 -0.0307854 -0.0409095
-0.0118635   0.828332   0.560112    1.42222
         0          0          0          1

 0.0285016   0.558697  -0.828882    1.27959
 -0.999559 0.00906396  -0.028261 -0.0409462
-0.00827639   0.829322   0.558709    1.43043
         0          0          0          1

 0.0293616    0.55747  -0.829678    1.27075
 -0.999551  0.0114798 -0.0276598 -0.0408419
-0.00589496   0.830118   0.557557    1.43648
         0          0          0          1

 0.0294682   0.554841  -0.831435    1.25782
 -0.999556  0.0126522 -0.0269837 -0.0410846
-0.00445214    0.83186   0.554967    1.44538
         0          0          0          1

0.0278412  0.553785 -0.832194   1.24885
 -0.99961 0.0135879   -0.0244 -0.041575
-0.00220458  0.832549  0.553948    1.4512
        0         0         0         1

 0.0251346   0.550933  -0.834171    1.22262
 -0.999675  0.0174338 -0.0186072 -0.0423675
0.00429146   0.834367   0.551192    1.46634
         0          0          0          1

 0.0238323    0.55009  -0.834765    1.21229
 -0.999697   0.018319 -0.0164692 -0.0426996
0.00623253   0.834905   0.550359    1.47246
         0          0          0          1

 0.0220103   0.548616  -0.835784      1.197
  -0.99972  0.0193538 -0.0136236 -0.0436803
0.00870147    0.83585   0.548889    1.48072
         0          0          0          1

 0.0209382   0.547759  -0.836374      1.186
 -0.999726  0.0202642 -0.0117561 -0.0442556
 0.0105089    0.83639   0.548033     1.4863
         0          0          0          1

  0.0160877    0.545146   -0.838187     1.15664
  -0.999802   0.0185566 -0.00712068  -0.0462556
  0.0116721    0.838136    0.545337     1.50048
          0           0           0           1

   0.012561    0.544868   -0.838428     1.14512
  -0.999832   0.0180137 -0.00327258  -0.0471456
  0.0133201    0.838329    0.545003     1.50505
          0           0           0           1

  0.00946945     0.543747    -0.839196      1.12771
   -0.999861    0.0166594 -0.000488126   -0.0481191
   0.0137151     0.839084      0.54383      1.51195
           0            0            0            1

0.00615007   0.543549  -0.839355    1.11536
 -0.999878  0.0154229 0.00266131 -0.0491624
 0.0143918   0.839235   0.543578    1.51637
         0          0          0          1

0.00123874   0.543747  -0.839248    1.09812
 -0.999887  0.0132623 0.00711675 -0.0506208
     0.015   0.839144   0.543702    1.52226
         0          0          0          1

-0.0036826   0.544796  -0.838561     1.0864
 -0.999892 0.00993393   0.010845  -0.051718
 0.0142385    0.83851     0.5447    1.52651
         0          0          0          1

-0.0115207   0.545607  -0.837962    1.05385
 -0.999861 0.00380092  0.0162214 -0.0544742
 0.0120355   0.838033   0.545487    1.53594
         0          0          0          1

 -0.0154939    0.546337   -0.837422     1.04129
   -0.99982 0.000674833   0.0189388  -0.0555409
  0.0109121    0.837565    0.546229       1.539
          0           0           0           1

 -0.0215581    0.547118   -0.836778     1.02432
  -0.999731 -0.00460363   0.0227463  -0.0568965
 0.00859268    0.837043     0.54707     1.54264
          0           0           0           1

-0.0252261   0.54733 -0.836537   1.01172
-0.999659 -0.008153 0.0248108 -0.057924
0.0067594  0.836877  0.547349   1.54506
        0         0         0         1

-0.0366189   0.549814  -0.834484    0.97911
 -0.999329 -0.0208121  0.0301402  -0.060438
-0.000795856   0.835028   0.550207    1.54959
         0          0          0          1

-0.0398484   0.552211  -0.832751   0.966265
   -0.9992 -0.0248269  0.0313501 -0.0612327
-0.00336277   0.833335   0.552759    1.55069
         0          0          0          1

-0.0447848   0.557083  -0.829248   0.948692
 -0.998961  -0.031988  0.0324612 -0.0627441
-0.0084424    0.82984   0.557937     1.5524
         0          0          0          1

-0.0482832   0.560927  -0.826456   0.936375
  -0.99877 -0.0364377  0.0336194 -0.0636303
-0.0112562   0.827063   0.561997    1.55335
         0          0          0          1

-0.0530555   0.566696  -0.822217   0.919094
 -0.998473 -0.0427968  0.0349321 -0.0646851
-0.0153924   0.822815   0.568101     1.5543
         0          0          0          1

-0.0591764   0.570109  -0.819435   0.907272
 -0.998096 -0.0480719  0.0386334 -0.0652622
-0.0173666   0.820162   0.571868    1.55459
         0          0          0          1

-0.0709005   0.576664  -0.813899   0.876213
  -0.99714 -0.0623704  0.0426723 -0.0669112
-0.0261555   0.814597   0.579437    1.55465
         0          0          0          1

 -0.075446    0.57905  -0.811794   0.864462
 -0.996694 -0.0684121  0.0438321 -0.0674028
-0.0301556   0.812417   0.582297    1.55427
         0          0          0          1

-0.0817383    0.58261  -0.808632   0.847844
 -0.996012 -0.0768526  0.0453078 -0.0682422
-0.0357487    0.80911   0.586568    1.55306
         0          0          0          1

-0.0877615   0.585186  -0.806136   0.836426
 -0.995309 -0.0845968  0.0469461 -0.0685277
-0.0407244   0.806474   0.589865    1.55239
         0          0          0          1

 -0.100441   0.592625  -0.799192   0.806917
 -0.993602   -0.10143  0.0496605 -0.0688833
-0.0516322   0.799067   0.599021    1.54853
         0          0          0          1

-0.106675  0.595111 -0.796532  0.796112
-0.992653 -0.109748 0.0509452 -0.068874
-0.0570994  0.796115  0.602446   1.54696
        0         0         0         1

 -0.113727   0.598036  -0.793359   0.780718
 -0.991455  -0.119676  0.0519109 -0.0688266
-0.0639016   0.792483   0.606537    1.54389
         0          0          0          1

 -0.118074    0.59896  -0.792026   0.770018
 -0.990587  -0.126676  0.0518779 -0.0686089
-0.0692583   0.790696   0.608279    1.54119
         0          0          0          1

 -0.126933   0.601207  -0.788947   0.756213
  -0.98889  -0.138732  0.0533825 -0.0678604
-0.0773585   0.786958   0.612137    1.53784
         0          0          0          1

 -0.131498   0.602212  -0.787432   0.745972
 -0.987912  -0.145387  0.0537883 -0.0672575
-0.0820901   0.784986   0.614051    1.53475
         0          0          0          1

-0.145991  0.607275 -0.780963  0.720691
-0.984734 -0.164842 0.0559024 -0.065417
-0.0947875  0.777203   0.62207   1.52726
        0         0         0         1

 -0.151603   0.609872  -0.777864   0.711651
 -0.983352  -0.172813  0.0561614 -0.0644539
 -0.100173   0.773429   0.625918    1.52437
         0          0          0          1

 -0.160072   0.611329  -0.775019   0.699517
 -0.981339  -0.183294  0.0581047 -0.0625889
 -0.106535   0.769857   0.629261    1.51897
         0          0          0          1

 -0.164997   0.613415  -0.772333   0.691473
 -0.979885  -0.191079  0.0575747 -0.0613344
 -0.112259   0.766297   0.632603     1.5156
         0          0          0          1

 -0.177488   0.616546  -0.767053   0.671369
 -0.976005  -0.210187   0.056892 -0.0573323
 -0.126148   0.758744   0.639057    1.50597
         0          0          0          1

-0.183159  0.616997 -0.765355  0.664164
-0.974355 -0.217447 0.0578786 -0.055334
-0.130713  0.756328  0.641001   1.50227
        0         0         0         1

 -0.189349   0.616493  -0.764253   0.654148
 -0.972327  -0.226197  0.0584364 -0.0527894
 -0.136846   0.754169   0.642264    1.49606
         0          0          0          1

 -0.191291   0.616123  -0.764068   0.646866
 -0.971287  -0.231009  0.0568912 -0.0513057
 -0.141454   0.753012   0.642622    1.49173
         0          0          0          1

 -0.199499   0.614251  -0.763477   0.638098
 -0.968718  -0.240988  0.0592437 -0.0482966
 -0.147598   0.751413   0.643113    1.48594
         0          0          0          1

 -0.204467   0.613129  -0.763063   0.632375
 -0.967026  -0.247436  0.0603023 -0.0460773
 -0.151836   0.750232   0.643504      1.482
         0          0          0          1

 -0.215217   0.607819  -0.764354   0.618229
 -0.962647   -0.26372  0.0613385 -0.0402512
 -0.164293   0.749005   0.641872    1.47099
         0          0          0          1

 -0.218178   0.605746   -0.76516   0.613262
 -0.961321  -0.268457  0.0615859 -0.0381249
 -0.168107   0.749002   0.640887    1.46664
         0          0          0          1

 -0.223998   0.601668  -0.766695   0.607115
  -0.95899  -0.276264  0.0633793 -0.0348111
 -0.173677   0.749449   0.638876    1.46071
         0          0          0          1

 -0.229157   0.597814  -0.768183   0.603236
 -0.957244  -0.281547  0.0664505 -0.0321812
 -0.176555   0.750566   0.636772     1.4565
         0          0          0          1

 -0.238087   0.588191  -0.772882    0.59252
 -0.953592  -0.292593   0.071081 -0.0266142
  -0.18433   0.753937   0.630556    1.44615
         0          0          0          1

 -0.244014    0.58409  -0.774142   0.589815
 -0.951403   -0.29882  0.0744288 -0.0238554
 -0.187856   0.754683   0.628621      1.443
         0          0          0          1

 -0.251319   0.577752  -0.776557   0.585952
 -0.948413  -0.307195  0.0783855 -0.0204842
 -0.193267   0.756197   0.625151    1.43834
         0          0          0          1

-0.253536   0.57405 -0.778579  0.582868
-0.947338 -0.310125 0.0798336 -0.018429
-0.195628  0.757819  0.622447   1.43475
        0         0         0         1

 -0.254983   0.568274  -0.782335   0.578214
 -0.945934  -0.314345  0.0799692 -0.0161925
 -0.200479   0.760429   0.617702    1.42948
         0          0          0          1

  -0.26154   0.563093  -0.783915   0.576824
 -0.943681  -0.319699  0.0851996 -0.0135391
 -0.202642   0.762049   0.614994    1.42583
         0          0          0          1

    -0.2703    0.553533   -0.787743    0.571867
   -0.93994   -0.328866   0.0914356 -0.00789581
  -0.208449    0.765146     0.60918     1.41709
          0           0           0           1

  -0.27321   0.551353  -0.788268    0.57038
 -0.938668  -0.332015  0.0931102 -0.0057539
  -0.21038    0.76536   0.608247     1.4139
         0          0          0          1

  -0.278532    0.547392   -0.789166    0.568654
  -0.936909   -0.335582   0.0979062 -0.00220414
  -0.211237    0.766647    0.606327     1.40898
          0           0           0           1

   -0.280961      0.54511    -0.789883     0.567612
    -0.93577    -0.338317    0.0993751 -0.000376125
    -0.21306      0.76707     0.605152      1.40594
           0            0            0            1

 -0.287639   0.539004  -0.791668   0.565746
 -0.933528  -0.342474    0.10601 0.00483183
 -0.213986   0.769537   0.601684     1.3987
         0          0          0          1

 -0.288884   0.535432  -0.793636   0.564736
 -0.932968  -0.343398   0.107926 0.00594986
 -0.214746   0.771616   0.598743    1.39582
         0          0          0          1

 -0.291238   0.531756  -0.795246   0.563739
 -0.932201  -0.344486   0.111047 0.00805858
 -0.214901    0.77367   0.596031    1.39217
         0          0          0          1

 -0.293365   0.528179  -0.796847   0.563432
 -0.931316  -0.346085   0.113472 0.00978283
 -0.215843   0.775405    0.59343    1.38989
         0          0          0          1

 -0.29714  0.523759 -0.798364  0.563458
-0.929605 -0.349618  0.116623 0.0122872
 -0.21804  0.776817  0.590774   1.38728
        0         0         0         1

-0.298958  0.520736 -0.799661  0.563432
-0.928984  -0.35043  0.119108 0.0137218
-0.218202  0.778481   0.58852   1.38526
        0         0         0         1

-0.301224  0.514244 -0.803005  0.562929
-0.928317 -0.350608  0.123702 0.0167672
-0.217927  0.782705  0.582993   1.37919
        0         0         0         1

-0.302609  0.512499   -0.8036  0.562583
-0.927524 -0.352412  0.124522 0.0177763
-0.219381  0.783039  0.581998   1.37794
        0         0         0         1

-0.304672  0.509657 -0.804627  0.562651
-0.927165 -0.352091  0.128053 0.0194246
-0.218039  0.785036  0.579808   1.37553
        0         0         0         1

-0.306092  0.508767 -0.804651  0.563222
-0.926493 -0.353547  0.128899 0.0204831
-0.218902  0.784959  0.579587   1.37443
        0         0         0         1

-0.310717   0.49934 -0.808774  0.564066
-0.925737  -0.35195  0.138357  0.023151
-0.215561  0.791702  0.571614   1.37045
        0         0         0         1

-0.310742  0.498891 -0.809041  0.563803
-0.925655 -0.352156  0.138377 0.0234636
-0.215874  0.791892  0.571231   1.37012
        0         0         0         1

-0.312673  0.497604 -0.809089   0.56328
-0.924945 -0.353319  0.140148 0.0240933
-0.216128  0.792184   0.57073   1.36965
        0         0         0         1

-0.313901  0.495281 -0.810039   0.56324
-0.924895 -0.352308  0.142998 0.0245103
-0.214559  0.794088  0.568673    1.3684
        0         0         0         1

-0.316144  0.492454  -0.81089  0.563449
-0.924524 -0.351692  0.146864 0.0255276
-0.212859  0.796117  0.566471   1.36784
        0         0         0         1

-0.318435  0.490878 -0.810949  0.564022
-0.923889 -0.352213  0.149584 0.0261998
-0.212199   0.79686  0.565673   1.36738
        0         0         0         1

-0.319026  0.487706 -0.812629  0.563289
-0.924512 -0.348836  0.153594 0.0264968
-0.208565  0.800285  0.562178   1.36545
        0         0         0         1

-0.320232  0.486646  -0.81279  0.563498
-0.923887 -0.350156  0.154352 0.0266929
-0.209488  0.800354  0.561737   1.36586
        0         0         0         1

 -0.32084  0.484682 -0.813723  0.563191
 -0.92369 -0.350088  0.155673 0.0266905
-0.209423  0.801574  0.560018    1.3656
        0         0         0         1

-0.321639  0.482371  -0.81478   0.56351
-0.923498 -0.349791  0.157471 0.0269368
-0.209043  0.803097  0.557975    1.3652
        0         0         0         1

-0.323283  0.475561 -0.818126  0.563369
-0.922822 -0.349831  0.161303 0.0274013
-0.209496  0.807131  0.551952   1.36379
        0         0         0         1

 -0.32339  0.473789 -0.819111  0.563164
-0.922437 -0.350878  0.161229 0.0274493
 -0.21102  0.807718  0.550511    1.3635
        0         0         0         1

-0.325669  0.468525 -0.821233  0.563252
-0.921608  -0.35127   0.16507 0.0278108
-0.211135  0.810613  0.546194   1.36208
        0         0         0         1

-0.326985  0.466491 -0.821868  0.563243
-0.921027 -0.352071  0.166601 0.0281086
-0.211638  0.811438  0.544773   1.36121
        0         0         0         1

-0.328978  0.464022  -0.82247  0.563206
-0.919912 -0.354277  0.168078 0.0287355
 -0.21339  0.811894  0.543409   1.36007
        0         0         0         1

-0.331067  0.461414 -0.823099  0.563577
-0.918877 -0.356039  0.170002 0.0295154
-0.214614  0.812609  0.541856   1.35853
        0         0         0         1

-0.333899  0.460714 -0.822347  0.563462
-0.917394 -0.359267  0.171215 0.0304858
-0.216561  0.811585  0.542615   1.35659
        0         0         0         1

-0.333883  0.463552 -0.820757  0.563408
-0.917672 -0.358827  0.170648 0.0304977
-0.215405  0.810163  0.545195    1.3564
        0         0         0         1

-0.333308  0.467849 -0.818549  0.563211
-0.918143 -0.358394  0.169019 0.0303144
-0.214287  0.807881  0.549008   1.35632
        0         0         0         1

-0.332783  0.470106 -0.817469  0.563192
-0.918657 -0.357325  0.168487  0.030124
-0.212896  0.807044  0.550778   1.35622
        0         0         0         1

-0.333252  0.472492 -0.815901  0.563404
-0.919457 -0.354385  0.170323 0.0296866
-0.208668  0.806946  0.552535    1.3564
        0         0         0         1

-0.334382  0.472322 -0.815537  0.563661
-0.919056 -0.354987  0.171233 0.0296568
-0.208628  0.806781  0.552791   1.35695
        0         0         0         1

-0.336877   0.47191 -0.814748  0.563783
-0.918522 -0.354917  0.174214  0.029818
-0.206954  0.807053  0.553024   1.35709
        0         0         0         1

 -0.33823  0.472085 -0.814086  0.563468
-0.918236 -0.354939  0.175673 0.0296696
-0.206019  0.806941  0.553536   1.35713
        0         0         0         1

-0.340553  0.474039 -0.811979  0.562864
-0.917755 -0.355271  0.177507 0.0296173
-0.204327  0.805648  0.556041   1.35776
        0         0         0         1

-0.342826  0.476411 -0.809632  0.562534
-0.917054 -0.356589  0.178485 0.0295988
-0.203674  0.803665  0.559142   1.35858
        0         0         0         1

-0.346705  0.483973 -0.803471  0.562477
-0.916167 -0.358368  0.179471 0.0297802
-0.201079  0.798337  0.567648   1.36041
        0         0         0         1

-0.345807  0.487365 -0.801806  0.562695
-0.916483 -0.358663  0.177258   0.02954
-0.201189  0.796138   0.57069    1.3613
        0         0         0         1

-0.347343  0.493419 -0.797427  0.563075
-0.916411 -0.358939  0.177072 0.0298799
-0.198857  0.792276  0.576849   1.36285
        0         0         0         1

-0.347348  0.496181  -0.79571  0.563378
-0.916601 -0.358787  0.176391 0.0301203
-0.197968  0.790618  0.579424   1.36389
        0         0         0         1

-0.349238   0.49668  -0.79457  0.563849
-0.916001 -0.359614  0.177819 0.0310414
 -0.19742  0.789928  0.580551   1.36615
        0         0         0         1

-0.351804  0.494639 -0.794711  0.564407
-0.914744 -0.361866  0.179709 0.0318747
-0.198688   0.79018  0.579774   1.36786
        0         0         0         1

-0.355944  0.493536 -0.793553  0.564979
-0.913359 -0.363362  0.183696 0.0331659
-0.197686  0.790184  0.580112   1.36979
        0         0         0         1

 -0.35813  0.495781 -0.791166  0.564844
-0.912662 -0.364635   0.18463 0.0340758
-0.196951  0.788189  0.583067     1.372
        0         0         0         1

-0.360972  0.500025 -0.787194  0.564714
-0.912115 -0.365148  0.186314 0.0350782
-0.194281  0.785266  0.587888   1.37485
        0         0         0         1

-0.365293  0.504881 -0.782084  0.565246
-0.910978 -0.366735  0.188747 0.0364861
-0.191522  0.781409  0.593901   1.37835
        0         0         0         1

-0.369104  0.512964 -0.775003  0.563839
-0.910995  -0.36477  0.192435 0.0385454
-0.183986  0.777053  0.601946   1.38629
        0         0         0         1

 -0.37141   0.51297 -0.773897   0.56389
-0.910436 -0.364693  0.195205 0.0396738
-0.182101  0.777085  0.602477   1.39055
        0         0         0         1

-0.375663   0.51008 -0.773754  0.564751
-0.909147 -0.364816  0.200901   0.04181
-0.179802  0.778927  0.600786   1.39573
        0         0         0         1

-0.376748  0.507498 -0.774924  0.564141
 -0.90909  -0.36315   0.20415 0.0429889
-0.177808  0.781389  0.598177   1.39909
        0         0         0         1

-0.382924  0.504457 -0.773882  0.565458
 -0.90776 -0.360818  0.213968 0.0466971
-0.171293  0.784432  0.596092   1.41124
        0         0         0         1

-0.384009  0.506524 -0.771991  0.565089
-0.908059 -0.358605  0.216403 0.0479716
-0.167227  0.784114  0.597662   1.41675
        0         0         0         1

  -0.3874  0.510966 -0.767356  0.565766
-0.907888 -0.356077  0.221243 0.0502986
-0.160191  0.782383  0.601844   1.42541
        0         0         0         1

-0.389179  0.514732  -0.76393  0.565995
-0.908538 -0.351313  0.226136 0.0519627
-0.151979  0.782068  0.604378    1.4317
        0         0         0         1

-0.390459  0.520843  -0.75912  0.566368
-0.909613 -0.345391  0.230889 0.0536178
-0.141936  0.780658  0.608627   1.44262
        0         0         0         1

-0.389279  0.524214 -0.757405  0.565714
 -0.91139 -0.338399   0.23421 0.0545618
-0.133529  0.781464  0.609495   1.45015
        0         0         0         1

-0.389695  0.531733  -0.75193  0.565573
-0.914251 -0.321625  0.246379 0.0574039
-0.110831  0.783465  0.611473   1.47333
        0         0         0         1

