-0.673891 -0.679667 -0.289698  0.758988
-0.732755  0.665013  0.144322  0.802637
0.0945621  0.309534 -0.946175   2.71711
        0         0         0         1

-0.663674 -0.694663 -0.277453   0.78079
-0.743112  0.654716  0.138318  0.779445
0.0855682  0.297977  -0.95073   2.69687
        0         0         0         1

-0.651313 -0.714193 -0.256358  0.804236
 -0.75557  0.641584  0.132228  0.751205
 0.070039  0.279818 -0.957495   2.66997
        0         0         0         1

-0.631007 -0.735331 -0.247222  0.820985
-0.773165  0.622224   0.12269  0.730046
0.0636094  0.268562  -0.96116   2.64215
        0         0         0         1

-0.590468 -0.778466 -0.212926     0.844
-0.806836   0.57561  0.132995  0.661295
0.0190308  0.250326 -0.967975   2.61513
        0         0         0         1

-0.583136 -0.788046 -0.197324  0.868516
-0.812203  0.570548  0.121659  0.648843
  0.01671  0.231211  -0.97276   2.58572
        0         0         0         1

-0.550586 -0.817772 -0.167644  0.874503
-0.834562  0.534659  0.132836  0.611062
-0.0189973  0.213047 -0.976857    2.5764
        0         0         0         1

 -0.52275 -0.839252  -0.14963  0.876497
-0.851767  0.506991  0.132111  0.580968
-0.0350135  0.196511 -0.979876   2.55551
        0         0         0         1

-0.504527 -0.853852 -0.128021  0.890641
-0.861184  0.487064  0.145366  0.543017
-0.0617669   0.18359  -0.98106   2.54161
        0         0         0         1

-0.491097  -0.86233 -0.123334  0.910151
-0.869457  0.476525  0.130264  0.528548
-0.0535588  0.171206 -0.983778   2.51515
        0         0         0         1

 -0.464232  -0.881478 -0.0865146    0.95123
 -0.882044   0.451216   0.135654   0.478214
-0.0805392   0.139285  -0.986972    2.47326
         0          0          0          1

 -0.449093  -0.890997 -0.0666275   0.968125
 -0.888113   0.436986   0.142476   0.454026
-0.0978305   0.123158  -0.987553    2.45323
         0          0          0          1

 -0.434527  -0.899089 -0.0531598   0.987223
 -0.894558   0.423972   0.141471   0.431872
 -0.104656   0.109027  -0.988514    2.42933
         0          0          0          1

 -0.418448  -0.907638 -0.0330734    1.00069
 -0.900576   0.409921   0.144665   0.411503
 -0.117746  0.0903197  -0.988928    2.40852
         0          0          0          1

 -0.409379  -0.912163 -0.0191988    1.02039
 -0.903819   0.402581   0.145049   0.392512
 -0.124579  0.0767324  -0.989238    2.38339
         0          0          0          1

 -0.390447  -0.920592 0.00784271    1.02803
 -0.909186    0.38692   0.153866   0.370164
 -0.144683  0.0529461  -0.988061    2.36362
         0          0          0          1

-0.366975 -0.929472 0.0375606   1.06118
-0.915428  0.368016  0.162959  0.331622
-0.165289  0.025418 -0.985918    2.3211
        0         0         0         1

-0.360269 -0.931914 0.0417507   1.07966
 -0.91723  0.362038  0.166186  0.313025
-0.169986 0.0215766  -0.98521   2.30167
        0         0         0         1

   -0.344279    -0.936616    0.0649789      1.09155
   -0.920447     0.350357     0.173283     0.293926
   -0.185066 -0.000152038    -0.982726      2.27858
           0            0            0            1

 -0.327833   -0.94156  0.0774001    1.10266
  -0.92425   0.336615   0.180143   0.276485
  -0.19567 -0.0124801   -0.98059    2.25981
         0          0          0          1

 -0.315207  -0.944202  0.0955332    1.14001
 -0.926051    0.32803   0.186619   0.244202
 -0.207544 -0.0296448  -0.977776    2.21254
         0          0          0          1

-0.305954 -0.945854  0.108404   1.15227
-0.926089  0.322084  0.196523  0.227187
-0.220798 -0.040265 -0.974488   2.19443
        0         0         0         1

 -0.295148  -0.947895    0.11993    1.16615
 -0.926875   0.314525   0.204883   0.208897
 -0.231929 -0.0506895  -0.971411    2.17316
         0          0          0          1

 -0.290258  -0.948253   0.128709    1.18255
 -0.925339   0.312404   0.214831   0.193643
 -0.243923 -0.0567426  -0.968133    2.15273
         0          0          0          1

 -0.284327   -0.94802   0.142887     1.1995
 -0.923763    0.31078   0.223782   0.177656
 -0.256556 -0.0683668  -0.964108    2.12925
         0          0          0          1

 -0.273071  -0.948475   0.160709    1.21043
 -0.923648   0.305198   0.231794   0.163726
 -0.268899 -0.0851424  -0.959398    2.10776
         0          0          0          1

-0.254982 -0.946336  0.198575   1.23758
-0.923477  0.299211  0.240131  0.135465
 -0.28666 -0.122151 -0.950213   2.06352
        0         0         0         1

  -0.2489 -0.945009  0.212145   1.25069
-0.921637  0.298428  0.248044  0.120526
-0.297714 -0.133783 -0.945235   2.04471
        0         0         0         1

 -0.24783 -0.943502  0.219964   1.26696
 -0.91975  0.300468  0.252545  0.105508
-0.304369 -0.139724 -0.942251   2.02421
        0         0         0         1

-0.242905 -0.942946  0.227705   1.28001
-0.919707  0.298502  0.255021 0.0932373
-0.308442 -0.147476 -0.939742   2.00484
        0         0         0         1

-0.234814 -0.942874   0.23633   1.30792
-0.917327  0.295366  0.266963 0.0647572
-0.321516 -0.154105  -0.93428   1.96913
        0         0         0         1

-0.231039 -0.943914  0.235896   1.32005
 -0.91605  0.292733  0.274153 0.0522998
-0.327832 -0.152752 -0.932305    1.9513
        0         0         0         1

-0.225019 -0.945063  0.237114   1.33299
  -0.9145  0.288826   0.28332 0.0386318
 -0.33624 -0.153089 -0.929251    1.9335
        0         0         0         1

-0.224079 -0.945745  0.235277   1.34537
-0.913475  0.287952  0.287483 0.0271495
-0.339634 -0.150501 -0.928438    1.9151
        0         0         0         1

-0.220769 -0.946399  0.235776   1.35783
-0.912017  0.285992  0.293994 0.0144934
-0.345666 -0.150127  -0.92627   1.89673
        0         0         0         1

  -0.22347  -0.945924   0.235134     1.3693
 -0.909975   0.288915   0.297445 0.00329715
 -0.349294  -0.147496  -0.925332    1.87837
         0          0          0          1

 -0.222352  -0.943188   0.246891    1.38779
 -0.904454     0.2941   0.308979 -0.0204559
 -0.364036  -0.154599  -0.918465    1.84258
         0          0          0          1

 -0.225066   -0.94028   0.255379    1.39739
 -0.900609   0.300782    0.31374 -0.0314465
 -0.371817  -0.159384  -0.914521    1.82651
         0          0          0          1

 -0.227587   -0.93701   0.264984    1.40598
 -0.896624   0.307797   0.318318 -0.0424904
 -0.379828  -0.165146  -0.910196    1.80839
         0          0          0          1

 -0.233481  -0.933379   0.272561    1.41514
 -0.892359   0.317024   0.321233 -0.0529881
 -0.386241  -0.168221  -0.906929    1.79289
         0          0          0          1

 -0.241072  -0.926825   0.287889    1.43057
 -0.884395   0.331952   0.328106 -0.0736174
 -0.399662   -0.17551  -0.899703      1.761
         0          0          0          1

 -0.244363  -0.924333   0.293079    1.43713
   -0.8821   0.337421   0.328706 -0.0818983
 -0.402724  -0.178201  -0.897807    1.74632
         0          0          0          1

-0.247036 -0.921438  0.299877   1.44371
  -0.8792   0.34325  0.330435 -0.090556
-0.407407 -0.182022 -0.894923   1.73132
        0         0         0         1

 -0.252314  -0.918166   0.305466    1.45034
  -0.87501   0.351278    0.33311 -0.0993487
 -0.413153  -0.183237  -0.892036    1.71856
         0          0          0          1

-0.259779 -0.914005  0.311623   1.45687
-0.870028   0.36155  0.335161 -0.108179
-0.419007 -0.184053 -0.889133   1.70449
        0         0         0         1

-0.266131 -0.910178  0.317411   1.46261
-0.866485  0.370161  0.334939 -0.115747
-0.422347 -0.185894 -0.887167    1.6909
        0         0         0         1

  -0.2785  -0.90239  0.328832   1.47306
-0.857507  0.387829  0.338038 -0.129142
-0.432572 -0.187832 -0.881816   1.66239
        0         0         0         1

-0.284844  -0.89816  0.334921   1.47732
-0.852974  0.396912  0.338963 -0.134674
-0.437378 -0.189127 -0.879165   1.64914
        0         0         0         1

 -0.29116 -0.892814  0.343669   1.48182
-0.846967  0.407599  0.341336 -0.140778
-0.444829 -0.191692 -0.874861   1.63582
        0         0         0         1

-0.298532 -0.887865  0.350107   1.48556
-0.841838  0.417795  0.341697 -0.145313
-0.449653 -0.192725 -0.872163    1.6227
        0         0         0         1

-0.311547 -0.877634  0.364277   1.49205
-0.830877  0.437613  0.343712 -0.153758
-0.461066 -0.195587 -0.865543   1.59635
        0         0         0         1

-0.319666 -0.872707  0.369048   1.49493
-0.825804  0.447578  0.343106 -0.156988
-0.464609 -0.195082  -0.86376   1.58375
        0         0         0         1

-0.320834  -0.86917  0.376311   1.49691
-0.821527  0.453099  0.346114 -0.159594
-0.471338 -0.198104 -0.859416   1.57121
        0         0         0         1

-0.326746 -0.864089  0.382867   1.49968
-0.815369  0.462576  0.348133 -0.162329
-0.477923 -0.198427 -0.855696   1.55995
        0         0         0         1

 -0.32805 -0.859591  0.391774   1.50342
-0.809782  0.469449  0.351952 -0.165159
-0.486453 -0.201794 -0.850084   1.54828
        0         0         0         1

-0.327399 -0.857544  0.396772   1.50597
-0.806792  0.472282  0.355015 -0.166476
 -0.49183 -0.203881 -0.846484   1.53651
        0         0         0         1

 -0.32868 -0.850686  0.410246   1.51176
-0.799562  0.481828  0.358527 -0.170018
-0.502663 -0.210177 -0.838544   1.51521
        0         0         0         1

-0.327776 -0.847563  0.417373   1.51324
-0.796335  0.485567  0.360659 -0.171167
-0.508344 -0.214153 -0.834101   1.50683
        0         0         0         1

-0.327188 -0.845662  0.421668   1.51408
-0.794028  0.487965  0.362505 -0.172111
-0.512316 -0.216209 -0.831136   1.49856
        0         0         0         1

-0.328255 -0.844673  0.422819   1.51481
-0.792154  0.489988  0.363872  -0.17318
-0.514529 -0.215495 -0.829953   1.49133
        0         0         0         1

 -0.33021  -0.84288   0.42487    1.5146
-0.789656  0.493274  0.364862 -0.175422
-0.517112  -0.21502 -0.828469   1.47883
        0         0         0         1

-0.328021 -0.842159  0.427985   1.51374
-0.789687  0.493095  0.365036 -0.175535
-0.518455 -0.218234 -0.826788   1.47412
        0         0         0         1

-0.325714 -0.840107   0.43374   1.51387
-0.789055  0.494271  0.364813 -0.176712
-0.520867  -0.22342 -0.823881   1.46932
        0         0         0         1

-0.319014 -0.840929  0.437115   1.51283
-0.789693  0.490869  0.368012 -0.176533
-0.524038 -0.227785 -0.820669   1.46564
        0         0         0         1

-0.316206 -0.840884  0.439236    1.5123
-0.789507  0.489958  0.369621  -0.17752
-0.526015 -0.229904 -0.818811   1.46237
        0         0         0         1

-0.309722 -0.842119  0.441483   1.51007
-0.790524  0.486068  0.372572  -0.17672
 -0.52834 -0.233609 -0.816262   1.46055
        0         0         0         1

-0.300793 -0.845898  0.440431   1.50552
-0.793031  0.478375  0.377173 -0.177129
-0.529741 -0.235825 -0.814715   1.45926
        0         0         0         1

 -0.29505 -0.847659   0.44093   1.50188
-0.795015   0.47377  0.378805 -0.176759
-0.529997  -0.23878 -0.813688   1.45922
        0         0         0         1

-0.290414 -0.847332  0.444621   1.49778
-0.795558     0.472  0.379873 -0.176586
 -0.53174 -0.243401 -0.811177   1.45992
        0         0         0         1

-0.285011 -0.846643  0.449404   1.49334
-0.796332  0.470102  0.380605 -0.176206
-0.533502 -0.249398 -0.808193   1.46096
        0         0         0         1

-0.272201 -0.845365  0.459636   1.47748
-0.798643  0.464922  0.382122 -0.174041
-0.536727 -0.263071 -0.801697   1.46649
        0         0         0         1

-0.266391 -0.844951  0.463782   1.46799
-0.799715  0.462351  0.382997 -0.172667
-0.538044 -0.268866 -0.798886   1.47041
        0         0         0         1

-0.260865 -0.843772  0.469041   1.45738
 -0.80016  0.460804  0.383932 -0.171385
-0.540087 -0.275153  -0.79536    1.4757
        0         0         0         1

-0.260865 -0.843772  0.469041   1.45738
 -0.80016  0.460804  0.383932 -0.171385
-0.540087 -0.275153  -0.79536    1.4757
        0         0         0         1

 -0.25704 -0.843015    0.4725   1.44659
-0.801016   0.45938  0.383853 -0.170167
-0.540651 -0.279815 -0.793347   1.48047
        0         0         0         1

-0.249821 -0.841452  0.479112    1.3934
-0.802108  0.457012  0.384399 -0.165744
-0.542413 -0.288268 -0.789107    1.5038
        0         0         0         1

-0.249792 -0.841424  0.479176   1.39202
-0.802068  0.457043  0.384445 -0.165662
-0.542485   -0.2883 -0.789045   1.50439
        0         0         0         1

-0.248767 -0.841455  0.479655   1.37638
-0.800863  0.457221   0.38674 -0.164649
-0.544732  -0.28793 -0.787632    1.5112
        0         0         0         1

-0.248664 -0.841614  0.479429   1.35808
-0.799939  0.457535  0.388278 -0.163544
-0.546136 -0.286963 -0.787012    1.5185
        0         0         0         1

-0.247863 -0.842532   0.47823   1.34017
-0.799528  0.456663  0.390145 -0.162502
  -0.5471 -0.285656 -0.786818   1.52527
        0         0         0         1

-0.247019 -0.843251  0.477398   1.29996
-0.798218  0.456394  0.393131 -0.160516
 -0.54939 -0.283957 -0.785837   1.53929
        0         0         0         1

 -0.24682 -0.843193  0.477604   1.28029
-0.796981  0.456995   0.39494 -0.159901
-0.551273 -0.283162 -0.784804   1.54561
        0         0         0         1

-0.246576 -0.842892  0.478261   1.25827
-0.795637   0.45783  0.396679 -0.159236
-0.553319 -0.282711 -0.783526   1.55243
        0         0         0         1

-0.244924 -0.843052  0.478828   1.23707
-0.793928  0.457866  0.400045 -0.158575
-0.556498 -0.282174 -0.781465   1.55876
        0         0         0         1

-0.244911 -0.843472  0.478093   1.21338
-0.792499  0.458229  0.402456 -0.157863
-0.558537 -0.280322 -0.780677   1.56504
        0         0         0         1

-0.245924 -0.843637  0.477282   1.19168
-0.791548  0.458993  0.403456 -0.157517
 -0.55944 -0.278572 -0.780656   1.57087
        0         0         0         1

-0.247076 -0.844246  0.475607   1.14299
-0.788511  0.460453  0.407718 -0.156942
-0.563209 -0.274284 -0.779464   1.58329
        0         0         0         1

-0.247795   -0.8446  0.474602    1.1194
-0.787077  0.461142  0.409705  -0.15683
-0.564896 -0.272026 -0.779034   1.58891
        0         0         0         1

-0.248709 -0.844299  0.474661   1.09304
 -0.78561  0.462485  0.411004   -0.1568
-0.566534 -0.270678 -0.778314   1.59478
        0         0         0         1

-0.251962 -0.843536  0.474301   1.06966
 -0.78302  0.465713  0.412299  -0.15713
-0.568678 -0.267504 -0.777848   1.60014
        0         0         0         1

-0.257308 -0.842469  0.473326   1.01798
-0.779976  0.470227  0.412946   -0.1574
-0.570465 -0.262929 -0.778099    1.6099
        0         0         0         1

 -0.25892 -0.841504  0.474164  0.993448
-0.778395  0.472442  0.413401 -0.157756
-0.571894 -0.262049 -0.777347   1.61419
        0         0         0         1

-0.261592 -0.840312  0.474811  0.966397
 -0.77587  0.475693  0.414417 -0.158148
-0.574104 -0.259984  -0.77641   1.61901
        0         0         0         1

 -0.26573 -0.838082  0.476452  0.942202
-0.773418  0.480365  0.413611 -0.158213
-0.575511 -0.258587 -0.775835   1.62278
        0         0         0         1

-0.270805 -0.834951  0.479085  0.915819
-0.770453  0.486363  0.412132 -0.158301
-0.577119 -0.257505    -0.775   1.62613
        0         0         0         1

-0.272811 -0.832918  0.481479  0.891742
-0.767465  0.490203  0.413156 -0.158454
-0.580148 -0.256805 -0.772968   1.62916
        0         0         0         1

-0.277449 -0.828636  0.486194  0.840414
-0.762391  0.497839   0.41342 -0.158806
-0.584621 -0.255967  -0.76987   1.63375
        0         0         0         1

-0.279186 -0.827422  0.487266  0.816903
-0.759068   0.50096  0.415759 -0.159075
-0.588109 -0.253794  -0.76793    1.6356
        0         0         0         1

 -0.28389 -0.825818  0.487269  0.791727
-0.756564  0.505121  0.415288 -0.159001
-0.589082 -0.250754 -0.768183   1.63681
        0         0         0         1

-0.287956 -0.823598  0.488638  0.768651
-0.753299  0.509855  0.415438 -0.158873
-0.591289 -0.248463 -0.767231   1.63763
        0         0         0         1

-0.292426 -0.819091  0.493535  0.743761
  -0.7486  0.517214  0.414835 -0.158714
-0.595051 -0.248152 -0.764418   1.63816
        0         0         0         1

-0.294521 -0.814462  0.499909  0.721117
-0.744142  0.523668  0.414759 -0.158587
-0.599591 -0.249848 -0.760306   1.63792
        0         0         0         1

 -0.30212 -0.806055   0.50892  0.674602
-0.738072  0.535665  0.410259 -0.158373
-0.603302 -0.251672 -0.756762   1.63635
        0         0         0         1

-0.306003 -0.803133  0.511214  0.653845
-0.734524  0.540783  0.409913 -0.158664
-0.605671 -0.250064 -0.755401   1.63617
        0         0         0         1

 -0.30924  -0.79956  0.514854  0.631912
-0.731807  0.545818  0.408096  -0.15866
-0.607313 -0.250574 -0.753912   1.63454
        0         0         0         1

 -0.31122 -0.796368  0.518594  0.612501
-0.729582  0.549897    0.4066 -0.158931
-0.608977 -0.251815 -0.752155   1.63248
        0         0         0         1

-0.318176 -0.789719  0.524507  0.573982
-0.724919  0.559208  0.402217 -0.158972
-0.610948 -0.252249 -0.750409   1.62745
        0         0         0         1

-0.322176 -0.786641  0.526687  0.557402
-0.722266  0.563909  0.400423 -0.158918
-0.611992 -0.251402 -0.749842   1.62523
        0         0         0         1

-0.325018 -0.783244  0.529992  0.539668
-0.718811  0.568779  0.399753 -0.159167
-0.614552 -0.251037 -0.747868   1.62273
        0         0         0         1

-0.328396 -0.779428  0.533524  0.524546
-0.716333  0.573685  0.397181 -0.158899
-0.615649 -0.251748 -0.746726   1.61978
        0         0         0         1

-0.330302 -0.776685  0.536341  0.508127
 -0.71388    0.5773  0.396359 -0.159469
-0.617475 -0.251965 -0.745143   1.61668
        0         0         0         1

  -0.3329 -0.772885  0.540209  0.494609
-0.711382  0.581889  0.394133 -0.159383
-0.618961 -0.253088 -0.743528   1.61313
        0         0         0         1

-0.337269  -0.76699  0.545872  0.467373
-0.706284  0.589526  0.391947 -0.159697
-0.622425 -0.253349 -0.740541   1.60582
        0         0         0         1

-0.337923 -0.764671  0.548714   0.45576
-0.705268  0.591789  0.390363 -0.159927
-0.623222 -0.255077 -0.739277   1.60118
        0         0         0         1

-0.338134 -0.763682   0.54996  0.443248
-0.704017  0.593064  0.390684 -0.160417
 -0.62452 -0.255078  -0.73818   1.59658
        0         0         0         1

-0.340452 -0.762682  0.549917  0.433262
-0.703015  0.594852   0.38977 -0.160466
 -0.62439 -0.253902 -0.738696   1.59234
        0         0         0         1

-0.344714 -0.761229  0.549275   0.41401
-0.700355  0.598176  0.389472 -0.160547
 -0.62504 -0.250431  -0.73933   1.58383
        0         0         0         1

-0.344511 -0.762396  0.547781  0.404582
 -0.69881  0.597901  0.392657 -0.161913
-0.626879 -0.247521 -0.738753   1.58013
        0         0         0         1

-0.345381 -0.762629  0.546908  0.396155
-0.698297  0.598182  0.393142 -0.161991
-0.626972 -0.246121 -0.739142   1.57513
        0         0         0         1

-0.346218 -0.762037  0.547205  0.389245
-0.697751  0.599057  0.392778 -0.161903
-0.627118 -0.245826 -0.739116   1.57038
        0         0         0         1

-0.346418 -0.760853  0.548723  0.375966
 -0.69583  0.600713  0.393654 -0.162006
-0.629138 -0.245449 -0.737523   1.56074
        0         0         0         1

-0.344989 -0.759819  0.551052  0.370304
-0.695185  0.601307  0.393888 -0.162293
-0.630634 -0.247196 -0.735659   1.55568
        0         0         0         1

-0.343402 -0.758597   0.55372  0.364829
-0.694121  0.602152  0.394473 -0.162573
 -0.63267 -0.248886 -0.733338   1.55067
        0         0         0         1

 -0.34218 -0.756891  0.556803  0.360606
-0.693427  0.603294  0.393947  -0.16224
-0.634091 -0.251301 -0.731284   1.54556
        0         0         0         1

-0.340548 -0.755165  0.560137  0.356049
-0.692479  0.604431  0.393872 -0.162169
-0.636002 -0.253751 -0.728774   1.54093
        0         0         0         1

-0.338563 -0.752576  0.564804  0.352125
-0.692003  0.605874   0.39249 -0.161983
-0.637579 -0.257964 -0.725912   1.53527
        0         0         0         1

-0.336196 -0.747619  0.572746  0.344202
-0.690435   0.60926  0.390003 -0.161502
-0.640525 -0.264326 -0.721012   1.52461
        0         0         0         1

-0.333957 -0.745477  0.576833  0.340953
-0.689755  0.610364  0.389478 -0.161303
-0.642426 -0.267805 -0.718032   1.51887
        0         0         0         1

-0.333295 -0.742832  0.580616  0.337814
-0.688065  0.612663  0.388858  -0.16021
-0.644578 -0.269897 -0.715314   1.51297
        0         0         0         1

-0.331092 -0.741453  0.583632  0.334721
-0.686542  0.613606   0.39006 -0.159753
-0.647331 -0.271542 -0.712199    1.5076
        0         0         0         1

-0.330729 -0.736227  0.590414  0.330145
 -0.68183  0.618953  0.389877 -0.156404
-0.652476 -0.273618 -0.706688   1.49597
        0         0         0         1

-0.329591 -0.734307  0.593433  0.328049
-0.679072   0.62106  0.391339 -0.155196
-0.655921 -0.274002 -0.703343   1.49097
        0         0         0         1

-0.325625 -0.732587  0.597733  0.325509
 -0.67699  0.621971  0.393492 -0.154657
 -0.66004 -0.276529 -0.698483    1.4844
        0         0         0         1

-0.325035 -0.729987  0.601225  0.323853
-0.674055  0.624745  0.394136 -0.153022
-0.663327  -0.27715 -0.695115   1.47912
        0         0         0         1

-0.327464  -0.72779  0.602569   0.32281
-0.670604  0.628279  0.394406 -0.150745
-0.665626 -0.274931 -0.693797   1.47524
        0         0         0         1

 -0.32261 -0.720431  0.613924  0.321181
-0.672203  0.631014  0.387251 -0.149185
-0.666382  -0.28775 -0.687847   1.46717
        0         0         0         1

-0.321707 -0.716227  0.619293  0.318712
-0.671085  0.633886  0.384492 -0.147046
-0.667944 -0.291905 -0.684574      1.46
        0         0         0         1

-0.317439 -0.713671  0.624425  0.318143
-0.671371  0.634177  0.383511 -0.146286
-0.669697  -0.29748  -0.68045   1.45536
        0         0         0         1

-0.315036 -0.712013  0.627527  0.318025
-0.672073   0.63422  0.382208 -0.145376
-0.670127 -0.301335 -0.678327   1.45185
        0         0         0         1

-0.312608 -0.710562  0.630379   0.31845
 -0.67266  0.634169  0.381258  -0.14442
-0.670675 -0.304846 -0.676213   1.44912
        0         0         0         1

-0.305759 -0.714488    0.6293  0.318867
-0.677185  0.627807  0.383769 -0.144819
-0.669277 -0.308812 -0.675798   1.44537
        0         0         0         1

-0.304686 -0.717585  0.626289  0.320654
-0.680127  0.624249   0.38437 -0.144293
-0.666779 -0.308844 -0.678249   1.44449
        0         0         0         1

-0.301805  -0.72174    0.6229  0.322124
-0.683356  0.619362  0.386544 -0.144784
-0.664785 -0.309001 -0.680132    1.4438
        0         0         0         1

-0.298202 -0.725799  0.619913  0.323271
-0.686402  0.614363  0.389116 -0.145695
-0.663271 -0.309474 -0.681394   1.44335
        0         0         0         1

-0.295177 -0.729068   0.61752  0.324595
 -0.68904  0.610177  0.391035 -0.146271
-0.661887 -0.310071 -0.682467   1.44312
        0         0         0         1

-0.292709 -0.730915   0.61651  0.325688
-0.690763   0.60746  0.392222 -0.146665
-0.661187 -0.311056 -0.682698   1.44351
        0         0         0         1

 -0.28386 -0.731865  0.619514  0.326222
-0.694084  0.602599  0.393854 -0.147983
-0.661567 -0.318196  -0.67903   1.44186
        0         0         0         1

-0.281567  -0.73132  0.621202  0.326682
-0.693698  0.602429  0.394793 -0.147702
 -0.66295 -0.319766 -0.676939   1.44173
        0         0         0         1

-0.279584  -0.73057  0.622976  0.326809
-0.693393  0.602444  0.395307 -0.147454
-0.664108 -0.321446 -0.675006   1.44107
        0         0         0         1

-0.278898 -0.730174  0.623749  0.326586
-0.692475  0.602929  0.396174 -0.147037
-0.665353 -0.321439 -0.673783   1.44089
        0         0         0         1

-0.278025 -0.729936  0.624416   0.32607
-0.691593  0.603238  0.397245 -0.146633
-0.666635 -0.321398 -0.672534   1.44029
        0         0         0         1

-0.278822 -0.728916  0.625252  0.325993
-0.690639   0.60459  0.396847 -0.145458
 -0.66729 -0.321174 -0.671991   1.43958
        0         0         0         1

 -0.27764 -0.729385  0.625231  0.324151
-0.688697  0.604861  0.399798 -0.144476
-0.669785 -0.319595 -0.670259   1.43837
        0         0         0         1

-0.278161 -0.729524  0.624837   0.32374
-0.687581  0.605461   0.40081 -0.143371
-0.670715 -0.318137 -0.670023   1.43794
        0         0         0         1

-0.278631 -0.729506  0.624649  0.323067
-0.686457  0.606148  0.401698 -0.141744
-0.671671  -0.31687 -0.669666   1.43692
        0         0         0         1

-0.279358 -0.729127  0.624766  0.322779
-0.685657  0.606988  0.401796 -0.139773
-0.672186  -0.31613 -0.669498   1.43571
        0         0         0         1

 -0.28024 -0.729059  0.624451  0.321146
-0.682078  0.608968   0.40488 -0.136214
-0.675452 -0.312461 -0.667932   1.43469
        0         0         0         1

-0.280808 -0.728758  0.624547  0.320195
-0.680022   0.61028   0.40636 -0.134062
-0.677287 -0.310597 -0.666943   1.43387
        0         0         0         1

-0.280594 -0.728198  0.625296   0.31894
-0.678794  0.611143  0.407115 -0.131929
-0.678606 -0.310213  -0.66578   1.43269
        0         0         0         1

-0.280241 -0.727114  0.626714  0.318122
-0.677876  0.612163  0.407113 -0.129664
-0.679668 -0.310745 -0.664446   1.43186
        0         0         0         1

-0.281843 -0.725625  0.627721  0.317496
-0.676031  0.614445  0.406743 -0.126543
-0.680843 -0.309721 -0.663722   1.43239
        0         0         0         1

-0.283294 -0.724593   0.62826  0.316136
-0.674531   0.61622  0.406548 -0.123891
-0.681727 -0.308608 -0.663332   1.43256
        0         0         0         1

 -0.28552 -0.723233  0.628818  0.313191
-0.671583  0.619076   0.40709  -0.11773
-0.683707 -0.306071 -0.662469     1.434
        0         0         0         1

-0.287745 -0.722169  0.629027  0.312263
-0.670673  0.620813  0.405943    -0.114
-0.683667 -0.305063 -0.662975   1.43484
        0         0         0         1

-0.291911 -0.720304  0.629246  0.310861
-0.668749  0.624061  0.404132 -0.109396
-0.683786 -0.302837 -0.663873    1.4367
        0         0         0         1

-0.293534 -0.719773  0.629098  0.308031
-0.668012  0.625188  0.403609 -0.106631
-0.683811 -0.301772 -0.664331   1.43841
        0         0         0         1

 -0.300146  -0.715034   0.631378   0.302703
 -0.665339   0.631235   0.398581 -0.0968218
 -0.683547  -0.300448  -0.665203    1.44241
         0          0          0          1

 -0.302123  -0.712201   0.633633   0.299766
  -0.66545   0.633509   0.394768 -0.0921756
 -0.682567  -0.302383  -0.665332    1.44404
         0          0          0          1

 -0.303429  -0.708986   0.636608   0.296291
 -0.665349   0.635903   0.391073 -0.0870527
 -0.682086  -0.304903  -0.664674    1.44608
         0          0          0          1

 -0.307505   -0.70711   0.636739   0.293237
 -0.664297   0.638635     0.3884 -0.0820183
 -0.681285  -0.303549  -0.666114    1.45045
         0          0          0          1

 -0.307724   -0.70691   0.636855   0.287981
 -0.664382   0.638778   0.388019 -0.0776806
 -0.681104  -0.303712  -0.666226    1.45466
         0          0          0          1

 -0.308864  -0.705372   0.638007   0.284071
 -0.664459   0.639987   0.385891 -0.0724908
 -0.680513  -0.304742   -0.66636     1.4582
         0          0          0          1

 -0.312142  -0.704689   0.637167   0.275211
 -0.665675   0.640739   0.382531 -0.0607843
 -0.677823  -0.304742  -0.669095    1.46904
         0          0          0          1

 -0.313735  -0.704649   0.636427   0.270948
 -0.667201   0.640505   0.380258 -0.0547534
 -0.675583  -0.305325  -0.671092    1.47443
         0          0          0          1

 -0.315684  -0.705404   0.634625   0.265709
 -0.668882    0.63982   0.378453 -0.0482562
 -0.673008  -0.305018  -0.673813    1.48166
         0          0          0          1

 -0.317299  -0.705127   0.634127   0.261072
 -0.670613   0.639634   0.375695 -0.0417937
 -0.670522  -0.306046  -0.675823    1.48837
         0          0          0          1

 -0.319237  -0.704554   0.633791   0.250614
 -0.676235   0.637897   0.368502 -0.0270046
 -0.663923  -0.310953  -0.680084    1.50405
         0          0          0          1

 -0.317335  -0.707099   0.631909   0.244308
 -0.679463   0.634376   0.368643 -0.0218041
 -0.661535  -0.312375  -0.681757    1.51318
         0          0          0          1

 -0.314783   -0.70851   0.631605   0.237458
 -0.684343   0.630519   0.366225 -0.0148797
 -0.657713  -0.316953  -0.683341    1.52161
         0          0          0          1

  -0.314909   -0.708485     0.63157    0.232223
  -0.689662    0.627974    0.360576 -0.00720263
  -0.652072   -0.322022    -0.68637     1.53019
          0           0           0           1

 -0.315271  -0.708732   0.631113   0.225755
   -0.6946   0.625471    0.35541 0.00110968
 -0.646634  -0.326321  -0.689478    1.54203
         0          0          0          1

 -0.310435  -0.711978   0.629855   0.217762
 -0.701885    0.61853    0.35324 0.00642723
 -0.641083  -0.332428   -0.69174    1.55194
         0          0          0          1

-0.313673 -0.711503  0.628787  0.203486
-0.713413  0.613601   0.33843 0.0242685
-0.626618 -0.342428 -0.700066   1.57715
        0         0         0         1

 -0.31124 -0.714591  0.626489  0.194333
-0.719447   0.60789  0.335955 0.0300409
-0.620907 -0.346164  -0.70331   1.59132
        0         0         0         1

-0.311727 -0.713485  0.627507   0.18493
-0.725595  0.605138  0.327596 0.0389034
-0.613464 -0.353196 -0.706339   1.60668
        0         0         0         1

-0.317964 -0.711496  0.626636  0.178256
-0.728011  0.606629  0.319376 0.0493512
 -0.60737 -0.354648 -0.710863   1.62379
        0         0         0         1

-0.317422 -0.709494  0.629175  0.158608
-0.743301  0.598158  0.299518 0.0671464
-0.588852 -0.372593 -0.717236   1.65491
        0         0         0         1

-0.324201 -0.708544  0.626785  0.151625
-0.747074  0.598225  0.289839 0.0775065
-0.580322 -0.374289  -0.72328   1.67405
        0         0         0         1

-0.325007 -0.710256  0.624425  0.141456
-0.753224  0.593666  0.283223 0.0868173
 -0.57186 -0.378282 -0.727928   1.69339
        0         0         0         1

-0.329748 -0.710647  0.621488  0.132646
-0.759189  0.590909  0.272872 0.0969049
-0.561158 -0.381848 -0.734366   1.71079
        0         0         0         1

 -0.33534 -0.708359  0.621108  0.123952
-0.766193  0.588676  0.257698  0.110059
-0.548174 -0.389472 -0.740146   1.72786
        0         0         0         1

  -0.3396 -0.711069  0.615673  0.113609
  -0.7717  0.584865  0.249823  0.119815
-0.537727 -0.390275 -0.747352    1.7468
        0         0         0         1

-0.363747 -0.714049  0.598183 0.0940949
-0.779188  0.585141  0.224667  0.146124
-0.510445 -0.384375 -0.769222   1.79354
        0         0         0         1

-0.376488 -0.713918  0.590405 0.0842465
-0.780909  0.587438  0.212363  0.157516
-0.498436   -0.3811 -0.778668   1.81631
        0         0         0         1

-0.387609 -0.712264  0.585184 0.0715031
-0.784423  0.588288  0.196463  0.172666
 -0.48419 -0.382881 -0.786742   1.83624
        0         0         0         1

-0.395247 -0.715816  0.575662 0.0583435
-0.785799  0.588032  0.191671   0.18084
-0.475709 -0.376598 -0.794906   1.86191
        0         0         0         1

-0.419305 -0.712077  0.563142 0.0353499
-0.788434  0.593142  0.162958  0.211677
-0.450062 -0.375671 -0.810133    1.9061
        0         0         0         1

-0.436907 -0.709204  0.553301 0.0284131
-0.788596  0.597895   0.14366  0.228183
  -0.4327 -0.373565   -0.8205   1.92905
        0         0         0         1

-0.450545 -0.709779  0.541501 0.0178713
-0.788656  0.600681  0.131164  0.243604
-0.418367 -0.367962 -0.830405   1.95461
        0         0         0         1

-0.471086 -0.706569  0.528051 0.0122913
-0.783852  0.609872  0.116759  0.261189
-0.404542  -0.35891 -0.841148   1.98184
        0         0         0         1

 -0.489287  -0.703814   0.515019 0.00510593
 -0.781158   0.616265   0.100045    0.28234
 -0.387801   -0.35336   -0.85132    2.00705
         0          0          0          1

  -0.504755   -0.701748    0.502765 -0.00579743
  -0.777891    0.622267   0.0875756    0.297161
   -0.37431   -0.346892   -0.859976     2.02887
          0           0           0           1

-0.537083 -0.691106  0.483647 -0.026997
 -0.77103  0.634767 0.0508305  0.337637
-0.342133 -0.345606 -0.873786    2.0715
        0         0         0         1

 -0.558225  -0.684375   0.469058 -0.0333642
 -0.763563   0.644927  0.0322605   0.359441
 -0.324586  -0.340146  -0.882578    2.09653
         0          0          0          1

 -0.568852  -0.683006   0.458159 -0.0509134
 -0.761148   0.648229    0.02131   0.374146
 -0.311547  -0.336604  -0.888615     2.1212
         0          0          0          1

   -0.592693    -0.670329     0.446513   -0.0527886
   -0.749373     0.662148 -0.000651558     0.399323
   -0.295221    -0.334991    -0.894777      2.14159
           0            0            0            1

 -0.646801  -0.643192   0.409821 -0.0523408
 -0.718459   0.694145 -0.0444859   0.458689
 -0.255862  -0.323213  -0.911081    2.19965
         0          0          0          1

 -0.657367   -0.64043   0.397138 -0.0624248
 -0.714742   0.696869 -0.0593047   0.478102
 -0.238773  -0.322836  -0.915841    2.21821
         0          0          0          1

 -0.679922  -0.624341   0.384584 -0.0659535
 -0.697796   0.712073 -0.0776691   0.504907
  -0.22536   -0.32117  -0.919817    2.23794
         0          0          0          1

 -0.691841  -0.621462   0.367615 -0.0736127
 -0.690503   0.718291 -0.0852192   0.523312
 -0.211094  -0.312798  -0.926065    2.26541
         0          0          0          1

-0.723396 -0.599481  0.342522 -0.064785
-0.665093  0.738218 -0.112631  0.560446
-0.185336 -0.309285 -0.932734   2.29113
        0         0         0         1

 -0.739827  -0.592938   0.317932 -0.0630654
 -0.653179   0.746281  -0.128143   0.585327
 -0.161286   -0.30247  -0.939414    2.31419
         0          0          0          1

 -0.765439  -0.568108   0.302253 -0.0848902
 -0.628089   0.761765  -0.158803   0.641875
 -0.140029  -0.311396  -0.939907    2.33753
         0          0          0          1

 -0.789045  -0.549908   0.273877 -0.0702691
 -0.603125   0.778184  -0.175128   0.671879
 -0.116823  -0.303366  -0.945686    2.36463
         0          0          0          1

 -0.808182  -0.530276   0.256221 -0.0646155
 -0.580545   0.790491  -0.195172   0.708755
-0.0990457  -0.306482  -0.946709     2.3818
         0          0          0          1

 -0.828399  -0.510529   0.230465 -0.0531413
 -0.555274    0.80258  -0.218027   0.748525
-0.0736578  -0.308585  -0.948341    2.39947
         0          0          0          1

 -0.859375  -0.475758   0.187424 -0.0381853
 -0.509671   0.826583  -0.238737   0.810172
-0.0413408   -0.30069  -0.952826    2.44401
         0          0          0          1

 -0.879259  -0.445782   0.167877 -0.0266051
 -0.475916   0.837046  -0.269921   0.859505
-0.0201952  -0.317225  -0.948135    2.44205
         0          0          0          1

 -0.888136  -0.436382   0.144171 -0.0221984
 -0.459552   0.846766  -0.267954   0.878877
-0.00514911  -0.304234  -0.952583    2.47432
         0          0          0          1

  -0.904371   -0.409732    0.119303 -0.00757268
  -0.426402    0.856345   -0.291299    0.922925
  0.0171902   -0.314314   -0.949164     2.48751
          0           0           0           1

-0.918309 -0.385515 0.0899251 0.0147753
 -0.39394  0.867581 -0.303504  0.966623
0.0389879 -0.314135 -0.948577   2.50153
        0         0         0         1

  -0.916111   -0.390776   0.0896426 -0.00897464
  -0.399187    0.868245   -0.294619    0.973814
  0.0372981   -0.305688   -0.951401      2.5238
          0           0           0           1

-0.946518 -0.320956 0.0330288 0.0324207
-0.313007  0.888564 -0.335382   1.07627
0.0782945 -0.327783 -0.941503   2.52372
        0         0         0         1

