  -0.584485   -0.801007   -0.129483    0.776427
   -0.78058    0.598642   -0.179786    0.831905
   0.221523 -0.00401037   -0.975147     2.67497
          0           0           0           1

   -0.568003    -0.815132    -0.113717     0.774023
   -0.799191     0.579275     -0.16042     0.796913
    0.196638 -0.000237392    -0.980476      2.66857
           0            0            0            1

 -0.549876  -0.829508 -0.0977438    0.77208
 -0.821135   0.558291  -0.118526   0.746969
  0.152887  0.0150865  -0.988128     2.6726
         0          0          0          1

  -0.501401   -0.863473  -0.0548806    0.740965
  -0.856415    0.504326   -0.110491    0.702762
   0.123084 -0.00839969   -0.992361     2.62576
          0           0           0           1

 -0.479158  -0.877278 -0.0281394   0.721712
 -0.872152   0.479477 -0.0972244   0.672941
  0.098785  -0.022044  -0.994865    2.60389
         0          0          0          1

 -0.464309  -0.885517 -0.0166386   0.722235
 -0.881941   0.463994 -0.0830093   0.646146
 0.0812263 -0.0238677   -0.99641     2.5886
         0          0          0          1

  -0.452106   -0.891958 -0.00332731    0.722306
  -0.889955    0.451334  -0.0654065    0.616148
  0.0598415  -0.0266095   -0.997853     2.57426
          0           0           0           1

 -0.402128  -0.914675  0.0407808   0.697195
 -0.915579   0.401589 -0.0210204   0.553905
0.00284975 -0.0457909  -0.998947    2.53742
         0          0          0          1

  -0.39028  -0.919254  0.0515073   0.700823
 -0.920654   0.390184 -0.0123136   0.532384
-0.00877804 -0.0522262  -0.998597    2.51336
         0          0          0          1

 -0.366634   -0.92753  0.0725805   0.691944
 -0.929622   0.368343  0.0112696   0.500505
-0.0371874 -0.0633405  -0.997299    2.49592
         0          0          0          1

  -0.35531  -0.931747  0.0748539   0.700032
 -0.933173    0.35822  0.0294516   0.476086
-0.0542556 -0.0593871   -0.99676    2.48348
         0          0          0          1

 -0.333762  -0.937446  0.0989823   0.690306
  -0.93943   0.339462  0.0472983   0.451666
-0.0779403 -0.0772006  -0.993964    2.45723
         0          0          0          1

 -0.312893   -0.94305   0.112935    0.68484
 -0.944916   0.321109  0.0634318   0.428142
-0.0960836 -0.0868664  -0.991576    2.43424
         0          0          0          1

-0.273194 -0.952673  0.133337  0.679968
-0.952537  0.287259  0.100776  0.378799
-0.134309 -0.099477 -0.985934   2.39379
        0         0         0         1

-0.253521  -0.95613  0.146771  0.675426
-0.954886  0.271621  0.120064   0.35564
-0.154663 -0.109711 -0.981857   2.37082
        0         0         0         1

-0.245315 -0.958691  0.143984  0.683442
-0.955486  0.264214   0.13129  0.337268
-0.163909 -0.105367 -0.980832   2.34702
        0         0         0         1

-0.227854 -0.961697  0.152386  0.682337
-0.956703   0.25023  0.148677  0.316618
-0.181114 -0.111912 -0.977074   2.32466
        0         0         0         1

-0.198841 -0.966797  0.160517  0.684467
-0.957215  0.226726   0.17982  0.273232
-0.210243 -0.117893 -0.970515   2.27961
        0         0         0         1

 -0.18842 -0.969053  0.159483  0.688674
-0.955061  0.218638   0.20014  0.251984
-0.228815 -0.114606   -0.9667    2.2591
        0         0         0         1

-0.164555  -0.97098  0.173549  0.680143
-0.954523  0.201105  0.220099  0.229016
-0.248613 -0.129438 -0.959915   2.23296
        0         0         0         1

 -0.15276 -0.972021  0.178436   0.68252
  -0.9532  0.192587  0.233066  0.212986
 -0.26091 -0.134482  -0.95595   2.20772
        0         0         0         1

-0.141424 -0.973186  0.181405  0.686307
  -0.9502  0.184852  0.250898  0.193758
-0.277703 -0.136889 -0.950864   2.18267
        0         0         0         1

-0.131848 -0.974496  0.181588   0.68783
-0.948238  0.177378  0.263403  0.175366
-0.288895  -0.13746 -0.947441   2.16088
        0         0         0         1

-0.106527 -0.974568  0.197154  0.691792
-0.939178  0.163731  0.301889  0.142726
-0.326492 -0.153003 -0.932734   2.10488
        0         0         0         1

-0.0945123 -0.974425  0.203871   0.69439
-0.933607   0.15785  0.321655  0.128155
 -0.34561 -0.159935 -0.924648   2.07675
        0         0         0         1

-0.0898347 -0.973053  0.212362  0.699104
-0.927647  0.159355  0.337753  0.114104
-0.362492 -0.166655 -0.916965   2.04887
        0         0         0         1

-0.0766503 -0.972087  0.221748  0.698436
 -0.92118  0.154143  0.357306 0.0968001
-0.381513 -0.176882 -0.907282   2.02404
        0         0         0         1

-0.0764664 -0.968868  0.235473  0.704985
-0.913456  0.162742   0.37298 0.0698488
-0.399689 -0.186573 -0.897462   1.97307
        0         0         0         1

-0.0739604 -0.966732  0.244865  0.705777
-0.909515  0.166098  0.381044 0.0561264
-0.409039 -0.194526 -0.891542   1.94916
        0         0         0         1

-0.0730061 -0.965174  0.251214  0.707609
-0.903672  0.170587  0.392781 0.0428237
-0.421956  -0.19834 -0.884655   1.92445
        0         0         0         1

-0.0725401 -0.963584   0.25738  0.710485
-0.899458  0.174706  0.400565 0.0317496
-0.430944 -0.202445 -0.879377   1.89795
        0         0         0         1

-0.0673101 -0.962743  0.261906  0.711948
-0.892974  0.175221  0.414603 0.0199294
-0.445048 -0.205969 -0.871499   1.87177
        0         0         0         1

-0.0648165  -0.962093   0.264908   0.714831
 -0.886097   0.177581   0.428131 0.00946323
 -0.458945  -0.206984  -0.864018    1.84726
         0          0          0          1

-0.0629786  -0.961364   0.267981   0.722137
 -0.871632   0.183767   0.454409 -0.0112011
 -0.486099  -0.204962  -0.849528    1.79862
         0          0          0          1

-0.0608247 -0.961061  0.269557  0.724879
-0.865266    0.1854  0.465769 -0.020432
-0.497609 -0.204909 -0.842851   1.77515
        0         0         0         1

-0.0629398  -0.960634   0.270594   0.729262
 -0.858102   0.190534    0.47682 -0.0287784
 -0.509607  -0.202187  -0.836314    1.75161
         0          0          0          1

-0.0623877  -0.959215   0.275706   0.732444
 -0.851794   0.195142   0.486176 -0.0365296
 -0.520149  -0.204514  -0.829228    1.72903
         0          0          0          1

-0.0645664  -0.956396   0.284848   0.739699
 -0.838119   0.206906   0.504725 -0.0514862
 -0.541653  -0.206148  -0.814932    1.68636
         0          0          0          1

-0.0657284  -0.954479   0.290947   0.742887
  -0.83175   0.213486    0.51246 -0.0580497
 -0.551245  -0.208312   -0.80792    1.66677
         0          0          0          1

-0.0698169  -0.952522   0.296358   0.746814
 -0.825378   0.222005   0.519099 -0.0642711
 -0.560246  -0.208366  -0.801691    1.64719
         0          0          0          1

-0.0731191  -0.950708   0.301342   0.750371
 -0.818008   0.230021   0.527212 -0.0698027
  -0.57054  -0.207951  -0.794506    1.63006
         0          0          0          1

-0.0748786 -0.948748  0.307035  0.753371
-0.812847  0.236428  0.532336 -0.075067
-0.577645 -0.209712  -0.78889    1.6114
        0         0         0         1

-0.0789784  -0.946674   0.312364   0.757083
 -0.808434   0.244158   0.535558 -0.0793083
 -0.583265  -0.210228  -0.784606    1.59404
         0          0          0          1

-0.0818126  -0.942029   0.325405   0.763404
 -0.795757   0.258322    0.54776 -0.0873279
 -0.600065   -0.21413   -0.77076    1.56106
         0          0          0          1

-0.0826579  -0.939376   0.332777   0.766731
 -0.789586   0.265467   0.553246 -0.0903406
 -0.608047  -0.217026  -0.763661    1.54552
         0          0          0          1

-0.0863054  -0.935589   0.342382    0.77014
 -0.783705   0.275938   0.556475 -0.0928867
 -0.615108    -0.2203  -0.757041    1.53002
         0          0          0          1

-0.0861295   -0.93192   0.352289    0.77297
 -0.777333   0.284034   0.561318 -0.0952663
 -0.623165    -0.2255  -0.748876    1.51599
         0          0          0          1

-0.0894515  -0.920883   0.379439   0.778688
 -0.767453   0.306552   0.563064 -0.0993153
 -0.634834  -0.240834  -0.734156    1.48888
         0          0          0          1

-0.0882896 -0.914977  0.393728  0.780956
-0.762541  0.316402  0.564289 -0.100936
-0.640887 -0.250412 -0.725642   1.47675
        0         0         0         1

-0.0871575 -0.909187  0.407164  0.782931
-0.757473  0.325945  0.565681 -0.102647
-0.647023 -0.259113 -0.717093   1.46497
        0         0         0         1

-0.0859087 -0.903488  0.419915  0.785378
-0.752905  0.334904  0.566545  -0.10382
-0.652498 -0.267485 -0.709012   1.45404
        0         0         0         1

-0.0852182 -0.898147  0.431357  0.788247
-0.748611  0.343413  0.567141 -0.104846
 -0.65751 -0.274588 -0.701628   1.44341
        0         0         0         1

-0.0842527  -0.89386  0.440358  0.790684
-0.744488  0.350202  0.568416 -0.105576
-0.662299 -0.279951 -0.694973   1.43426
        0         0         0         1

-0.0809677 -0.886722  0.455158  0.795394
-0.737305  0.360569  0.571289 -0.107023
 -0.67069 -0.289335 -0.682979   1.41718
        0         0         0         1

-0.0785532 -0.883663  0.461485  0.797416
-0.735853  0.363704  0.571174 -0.107627
 -0.67257 -0.294718 -0.678816   1.40932
        0         0         0         1

-0.0767543 -0.880968   0.46691   0.79956
-0.733385  0.367135  0.572153 -0.108062
-0.675467 -0.298509 -0.674268    1.4021
        0         0         0         1

-0.0755964 -0.878261  0.472168  0.801549
-0.731476  0.370654  0.572327 -0.108481
-0.677664 -0.302114 -0.670447    1.3958
        0         0         0         1

-0.0713019  -0.87269  0.483041  0.804498
-0.728931  0.376155  0.571985 -0.109107
-0.680864  -0.31132 -0.662951    1.3843
        0         0         0         1

-0.068539 -0.870044  0.488186  0.805445
-0.727249  0.378548  0.572547 -0.109289
-0.682943 -0.315791 -0.658684   1.37986
        0         0         0         1

-0.0666944 -0.866996  0.493831  0.806664
 -0.72756   0.38095  0.570556 -0.109526
-0.682795 -0.321239 -0.656199   1.37514
        0         0         0         1

-0.0632427 -0.864453   0.49872  0.807247
-0.727068  0.382226   0.57033 -0.109609
-0.683647 -0.326534 -0.652689   1.37198
        0         0         0         1

-0.0587012 -0.861766  0.503898  0.807565
-0.726965  0.382841  0.570048 -0.109624
-0.684161 -0.332854 -0.648947    1.3687
        0         0         0         1

-0.0550328 -0.858806  0.509336  0.808445
-0.727382  0.383938  0.568777 -0.109503
-0.684023 -0.339181 -0.645809   1.36593
        0         0         0         1

-0.0466492 -0.855187  0.516216   0.80833
-0.727194  0.383373  0.569398 -0.108654
-0.684845 -0.348827 -0.639771    1.3631
        0         0         0         1

-0.0426355  -0.85233  0.521263  0.807797
-0.727563  0.384054  0.568467  -0.10799
-0.684715 -0.355015 -0.636498   1.36278
        0         0         0         1

-0.0399086 -0.849293  0.526411  0.806606
-0.728257  0.385436  0.566639 -0.107226
-0.684141 -0.360749 -0.633886   1.36293
        0         0         0         1

-0.0356515 -0.844382  0.534555  0.805406
-0.727541  0.388639   0.56537 -0.106152
-0.685137 -0.368754 -0.628178   1.36338
        0         0         0         1

-0.0269105 -0.830823  0.555885  0.800877
  -0.7276    0.3976  0.559028 -0.103668
-0.685474 -0.389418 -0.615207   1.36474
        0         0         0         1

-0.0256836 -0.826311  0.562628  0.797238
-0.728367  0.400957  0.555622 -0.102466
-0.684706 -0.395529 -0.612156   1.36603
        0         0         0         1

-0.023934 -0.822467  0.568309  0.791799
-0.728592  0.403598   0.55341 -0.100888
 -0.68453  -0.40082 -0.608902   1.36805
        0         0         0         1

-0.0242985   -0.81919   0.573007    0.78536
  -0.72937   0.406516    0.55024 -0.0991914
 -0.683688  -0.404564   -0.60737    1.37061
         0          0          0          1

-0.0248113  -0.816917   0.576222   0.776962
 -0.730607   0.408243   0.547313 -0.0977664
 -0.682348  -0.407412  -0.606974    1.37352
         0          0          0          1

-0.0259575  -0.815079   0.578769   0.768296
 -0.731719   0.409963   0.544533 -0.0963281
 -0.681112  -0.409362   -0.60705    1.37646
         0          0          0          1

-0.0317502  -0.811489   0.583505   0.748389
 -0.733608   0.415421   0.537815 -0.0932363
 -0.678831  -0.410988  -0.608504    1.38257
         0          0          0          1

-0.0345093  -0.810411   0.584844   0.737069
 -0.734623   0.417331   0.534943 -0.0916935
 -0.677598  -0.411179  -0.609748    1.38566
         0          0          0          1

 -0.038715  -0.809786   0.585447   0.724686
 -0.735012    0.41999   0.532322 -0.0897894
 -0.676948  -0.409701  -0.611462    1.38933
         0          0          0          1

-0.0451645  -0.809214   0.585775   0.712457
 -0.735587   0.423687   0.528584 -0.0879273
 -0.675923  -0.407015  -0.614383    1.39302
         0          0          0          1

-0.0539385  -0.808635   0.585832   0.682912
  -0.73616    0.42859   0.523812 -0.0841393
 -0.674655  -0.403013  -0.618403    1.40039
         0          0          0          1

-0.0599272   -0.80721   0.587215   0.667525
 -0.736319   0.432942   0.519995 -0.0817976
 -0.673975  -0.401216  -0.620309    1.40376
         0          0          0          1

-0.0682721  -0.805054   0.589259   0.650589
 -0.735629   0.439604   0.515362 -0.0792393
 -0.673935  -0.398291  -0.622234    1.40766
         0          0          0          1

-0.0745034  -0.802338   0.592201   0.633262
 -0.734676   0.445721   0.511453 -0.0769023
 -0.674315  -0.396971  -0.622667    1.41109
         0          0          0          1

-0.0827469  -0.798043   0.596892    0.61508
 -0.735012   0.453341   0.504221 -0.0739539
 -0.672986     -0.397  -0.624084    1.41353
         0          0          0          1

-0.0916985  -0.793217   0.601995   0.596985
 -0.733289   0.462796   0.498104 -0.0708385
 -0.673705  -0.395761  -0.624095    1.41713
         0          0          0          1

 -0.108198  -0.781061   0.615009   0.556616
 -0.729521   0.482646   0.484615 -0.0647042
 -0.675346  -0.396228  -0.622022    1.42281
         0          0          0          1

 -0.117759  -0.773625   0.622606   0.536702
 -0.727348   0.494051   0.476318 -0.0611674
  -0.67609   -0.39676  -0.620873    1.42517
         0          0          0          1

-0.125892  -0.76723  0.628895  0.514236
-0.722863  0.505114  0.471518 -0.058124
-0.679426 -0.395245 -0.618192   1.42845
        0         0         0         1

 -0.138141  -0.758523   0.636836   0.493757
 -0.719225    0.51889   0.462027 -0.0536099
 -0.680906  -0.394203  -0.617228    1.43077
         0          0          0          1

 -0.161803  -0.741963   0.650624   0.449577
 -0.711737   0.544437   0.443867 -0.0447209
 -0.683557  -0.391254  -0.616174    1.43456
         0          0          0          1

 -0.170359   -0.73571   0.655522   0.426511
 -0.708216   0.553961   0.437672 -0.0414571
 -0.685133   -0.38969  -0.615414    1.43611
         0          0          0          1

 -0.184708  -0.727028   0.661296   0.403631
 -0.703273   0.567796   0.427801 -0.0364181
 -0.686505  -0.386053  -0.616176    1.43823
         0          0          0          1

 -0.198724  -0.718134   0.666927   0.381729
 -0.698095   0.581346   0.417971 -0.0309933
 -0.687875  -0.382518  -0.616853    1.44019
         0          0          0          1

 -0.213013  -0.709417   0.671828   0.358392
 -0.691963   0.594984   0.408877 -0.0254611
 -0.689792  -0.377784   -0.61763    1.44232
         0          0          0          1

  -0.22515  -0.701272   0.676406   0.336534
 -0.687506   0.606271   0.399713 -0.0210143
 -0.690393  -0.375038  -0.618631    1.44331
         0          0          0          1

  -0.256806   -0.681174    0.685604    0.289863
  -0.675306    0.633956     0.37691 -0.00868283
  -0.691384     -0.3662   -0.622804     1.44712
          0           0           0           1

  -0.268896   -0.675001    0.687073    0.265563
  -0.668916    0.644125    0.371018 -0.00468749
  -0.692998   -0.359829   -0.624722     1.44972
          0           0           0           1

   -0.280146    -0.668061     0.689357     0.240267
   -0.662508     0.654229     0.364783 -0.000630002
   -0.694695    -0.354512    -0.625876      1.45129
           0            0            0            1

 -0.294066  -0.659155   0.692127   0.217984
 -0.655434   0.666129   0.355919 0.00532166
 -0.695652   -0.34898  -0.627918    1.45303
         0          0          0          1

-0.326797 -0.636784  0.698363  0.174636
-0.641107  0.692288   0.33124 0.0200233
-0.694396 -0.339477 -0.634484   1.45545
        0         0         0         1

-0.340037 -0.627505  0.700437  0.153858
-0.634637  0.702763  0.321496 0.0262352
-0.693982 -0.335202 -0.637204   1.45593
        0         0         0         1

-0.354896 -0.618132  0.701399  0.131578
-0.625725  0.714472  0.313046 0.0327188
-0.694634 -0.327784 -0.640344   1.45814
        0         0         0         1

-0.371326 -0.606264   0.70325  0.112751
-0.616249  0.727454  0.301742 0.0413273
-0.694518 -0.321333 -0.643732   1.45944
        0         0         0         1

-0.382572 -0.601111  0.701644 0.0899935
 -0.61027  0.734582   0.29658 0.0457511
-0.693693 -0.314729 -0.647871   1.46069
        0         0         0         1

-0.395999 -0.591686  0.702205  0.071258
-0.603147  0.744224  0.286956 0.0533631
-0.692386 -0.309899 -0.651586   1.45949
        0         0         0         1

-0.425843 -0.577969  0.696139 0.0340696
-0.586643  0.762124  0.273891 0.0686853
-0.688845  -0.29175 -0.663607   1.46083
        0         0         0         1

 -0.44005 -0.572602  0.691725 0.0169811
-0.576909  0.770586  0.270874 0.0760518
-0.688137 -0.279864 -0.669436   1.46314
        0         0         0         1

   -0.449457    -0.565464     0.691548 -0.000457043
   -0.569651     0.777748     0.265716    0.0835255
   -0.688104    -0.274513    -0.671682      1.46014
           0            0            0            1

 -0.464782  -0.556808   0.688435 -0.0143516
 -0.560241   0.787023   0.258311  0.0927065
 -0.685644  -0.265631  -0.677741    1.46078
         0          0          0          1

 -0.484007  -0.545932   0.683883 -0.0468245
 -0.544158   0.799813   0.253357   0.105423
 -0.685295  -0.249514  -0.684189    1.46095
         0          0          0          1

 -0.495297  -0.534219   0.685048 -0.0580391
 -0.532733    0.80967   0.246232   0.114802
 -0.686204   -0.24299  -0.685624    1.45967
         0          0          0          1

 -0.498304  -0.527648   0.687954 -0.0724141
 -0.527682    0.81417   0.242238   0.120434
 -0.687928  -0.242314  -0.684134    1.45436
         0          0          0          1

 -0.510901   -0.51647   0.687196 -0.0831362
 -0.516601   0.823411   0.234773   0.129598
 -0.687098   -0.23506  -0.687491    1.45595
         0          0          0          1

 -0.516648  -0.508723   0.688677 -0.0960372
 -0.509157   0.829215   0.230566    0.13519
 -0.688356  -0.231524  -0.687432    1.45414
         0          0          0          1

-0.524197 -0.496161  0.692128 -0.104873
-0.501655  0.836668  0.219838  0.144206
-0.688157 -0.231971 -0.687481    1.4495
        0         0         0         1

-0.529704 -0.490317    0.6921 -0.129463
-0.492946  0.841988  0.219225  0.150302
 -0.69023 -0.225043 -0.687705   1.44471
        0         0         0         1

-0.535015 -0.482091  0.693792 -0.136138
-0.484101  0.847958  0.215902  0.158298
 -0.69239 -0.220355 -0.687051   1.44263
        0         0         0         1

-0.540069 -0.477636  0.692957 -0.144346
-0.478094  0.851724  0.214458  0.163665
-0.692641 -0.215476 -0.688345    1.4407
        0         0         0         1

-0.540741 -0.475623  0.693817 -0.153088
-0.473437  0.853846  0.216343  0.165459
-0.695311 -0.211493 -0.686887    1.4369
        0         0         0         1

-0.554639 -0.462415  0.691772 -0.160888
-0.457612  0.863863  0.210552  0.181253
-0.694959 -0.199783 -0.690738   1.43563
        0         0         0         1

-0.556049 -0.459689  0.692456 -0.165603
-0.454933   0.86558  0.209302  0.184982
 -0.69559 -0.198639 -0.690433   1.42953
        0         0         0         1

-0.556377 -0.462797  0.690119 -0.172889
-0.454315  0.864832   0.21369  0.185807
-0.695732 -0.194639 -0.691428   1.42549
        0         0         0         1

 -0.55767 -0.459383  0.691355 -0.174483
-0.450416  0.867081  0.212826  0.191311
-0.697229 -0.192711 -0.690459   1.42054
        0         0         0         1

-0.559567 -0.457098  0.691336 -0.177147
-0.444377  0.869589  0.215277   0.19581
-0.699581 -0.186752 -0.689718   1.41809
        0         0         0         1

-0.559132 -0.461267  0.688915 -0.182091
-0.444685  0.868155  0.220367  0.196648
-0.699733 -0.183136 -0.690532   1.41447
        0         0         0         1

-0.559083 -0.461172  0.689019 -0.185214
-0.441059  0.869118  0.223832  0.204374
-0.702064 -0.178758 -0.689313    1.4047
        0         0         0         1

-0.559992 -0.459683  0.689276 -0.184824
-0.438192  0.870402  0.224474   0.20781
-0.703133 -0.176332 -0.688847   1.40196
        0         0         0         1

-0.561102 -0.458161  0.689386 -0.184486
-0.436334  0.871451  0.224021  0.212286
-0.703404 -0.175104 -0.688884   1.39787
        0         0         0         1

-0.562981 -0.456326  0.689071 -0.183809
-0.433186  0.872976  0.224195  0.216286
-0.703848 -0.172278 -0.689143   1.39526
        0         0         0         1

-0.559128 -0.456981  0.691768 -0.185982
-0.434062  0.872239  0.225365  0.217169
-0.706375 -0.174262 -0.686052   1.38685
        0         0         0         1

-0.560939 -0.457975  0.689642 -0.186925
-0.432099  0.872536  0.227971  0.218858
-0.706143 -0.170116  -0.68733   1.38732
        0         0         0         1

-0.560903 -0.457899  0.689722  -0.18699
-0.428961  0.873305  0.230934  0.224122
-0.708083 -0.166332  -0.68626   1.38143
        0         0         0         1

-0.562184 -0.455275  0.690416 -0.184129
-0.425437  0.875104  0.230643  0.228755
-0.709192 -0.164065  -0.68566   1.37827
        0         0         0         1

-0.561345 -0.459457  0.688324 -0.186767
-0.424757  0.873776  0.236847  0.228403
-0.710262 -0.159418 -0.685648   1.37591
        0         0         0         1

-0.564802 -0.456128   0.68771 -0.182996
-0.420647  0.876096  0.235609  0.234451
-0.709968 -0.156211  -0.68669    1.3752
        0         0         0         1

-0.566627  -0.45334  0.688053 -0.182071
-0.416947  0.877994  0.235122  0.239583
-0.710697 -0.153655 -0.686513   1.37118
        0         0         0         1

-0.565998 -0.453875  0.688218 -0.184347
-0.416415  0.877878  0.236491  0.240022
-0.711509 -0.152731 -0.685878   1.36934
        0         0         0         1

-0.567875 -0.451153  0.688461 -0.183481
-0.415176  0.879212  0.233697  0.243852
-0.710737 -0.153121 -0.686591   1.36687
        0         0         0         1

-0.567724 -0.451178  0.688569 -0.184116
-0.415777  0.879063   0.23319  0.245415
-0.710506 -0.153903 -0.686655   1.36334
        0         0         0         1

-0.568135 -0.452664  0.687254 -0.185499
-0.416431  0.878447  0.234341  0.245357
-0.709794 -0.153056  -0.68758   1.36275
        0         0         0         1

-0.568064  -0.45413  0.686345 -0.185946
-0.417689  0.877669  0.235015  0.244986
-0.709111 -0.153175 -0.688258    1.3614
        0         0         0         1

-0.569518    -0.455  0.684561 -0.182196
-0.416694   0.87769  0.236699  0.249749
-0.708531 -0.150449 -0.689456   1.36259
        0         0         0         1

-0.570566 -0.454793  0.683825  -0.17955
-0.416909  0.877793  0.235938   0.25373
 -0.70756 -0.150475 -0.690446   1.36104
        0         0         0         1

-0.570795 -0.455113  0.683422 -0.178086
-0.416861  0.877709  0.236333  0.255279
-0.707404 -0.149994 -0.690711   1.36092
        0         0         0         1

-0.569522 -0.456341  0.683665  -0.17836
-0.417934  0.876962  0.237209  0.256301
-0.707796 -0.150631  -0.69017   1.36063
        0         0         0         1

-0.567912 -0.463547  0.680147 -0.181611
-0.421931  0.873458   0.24299  0.252812
-0.706718 -0.148978 -0.691633   1.36674
        0         0         0         1

-0.565616 -0.466742  0.679875 -0.183242
-0.425273   0.87143  0.244444  0.251295
-0.706556 -0.150871 -0.691388   1.36992
        0         0         0         1

-0.566112 -0.461042  0.683343 -0.180755
-0.425259  0.873484  0.237024  0.254282
-0.706167 -0.156416 -0.690552   1.37244
        0         0         0         1

-0.564613 -0.459582  0.685564 -0.180365
-0.428658    0.8731  0.232268  0.254103
-0.705312 -0.162731 -0.689967   1.37544
        0         0         0         1

-0.561444 -0.457424  0.689597 -0.180493
-0.431492  0.872905  0.227711     0.254
-0.706113 -0.169709 -0.687462    1.3785
        0         0         0         1

-0.559087 -0.452574  0.694693 -0.180916
-0.434849  0.873451  0.219064  0.254454
-0.705923 -0.179611 -0.685137   1.38429
        0         0         0         1

-0.553961 -0.436228  0.709107 -0.179472
-0.445575  0.874831   0.19009  0.258481
-0.703271 -0.210657 -0.678994   1.39557
        0         0         0         1

-0.552391  -0.42709  0.715862 -0.178211
-0.452258  0.874944  0.173018  0.260674
-0.700234  -0.22818 -0.676466    1.4012
        0         0         0         1

 -0.54523 -0.420793  0.725022 -0.178208
-0.455851   0.87466  0.164833  0.262437
-0.703508  -0.24063  -0.66871   1.40829
        0         0         0         1

-0.540517 -0.424555  0.726357 -0.182274
 -0.46615  0.869834  0.161533  0.258796
 -0.70039  -0.25128 -0.668066   1.41678
        0         0         0         1

-0.533362 -0.425045  0.731343 -0.183237
-0.480431   0.86382  0.151665  0.260153
-0.696213 -0.270467 -0.664933   1.43455
        0         0         0         1

-0.537131  -0.42038  0.731281 -0.179632
-0.483171  0.863972  0.141766  0.267737
-0.691402 -0.277187 -0.667182   1.44763
        0         0         0         1

-0.539318 -0.422045  0.728707 -0.179376
-0.491438  0.860444  0.134629  0.271672
-0.683831 -0.285507 -0.671462   1.46172
        0         0         0         1

-0.537179 -0.418825  0.732137 -0.178848
-0.501495  0.856512  0.122021  0.276566
 -0.67819 -0.301616 -0.670139   1.46725
        0         0         0         1

-0.531127 -0.430544   0.72975 -0.183103
-0.525534  0.842984  0.114857  0.278614
-0.664619 -0.322505 -0.673997   1.49513
        0         0         0         1

 -0.52978 -0.432181  0.729762 -0.181048
-0.538246  0.836282  0.104517  0.283296
-0.655457 -0.337421 -0.675665   1.50677
        0         0         0         1

-0.528879 -0.435955  0.728169 -0.182092
-0.553044  0.827839 0.0939435  0.288299
-0.643761 -0.353025 -0.678929   1.52114
        0         0         0         1

-0.534965 -0.434833  0.724384 -0.178318
-0.559206  0.824942 0.0822168  0.297562
-0.633325 -0.361097 -0.684477   1.54215
        0         0         0         1

-0.529343 -0.440277  0.725225 -0.181403
 -0.57205  0.816488 0.0781419  0.300119
-0.626542 -0.373501 -0.684063    1.5575
        0         0         0         1

-0.527412 -0.443272  0.724808 -0.181854
-0.583343   0.80917 0.0703909  0.305146
-0.617695 -0.385687 -0.685345   1.57439
        0         0         0         1

-0.520774 -0.456609   0.72132 -0.188146
-0.611114  0.789379 0.0584835  0.313157
-0.596099 -0.410352 -0.690129   1.61209
        0         0         0         1

-0.525342 -0.455988  0.718394  -0.18618
-0.618926  0.784152 0.0451223  0.324493
-0.583906 -0.420928 -0.694171   1.63246
        0         0         0         1

-0.533633 -0.454847  0.712987 -0.183112
-0.622258  0.782107 0.0332141  0.337905
-0.572739 -0.425938  -0.70039   1.65821
        0         0         0         1

-0.535857  -0.45956  0.708281 -0.187721
-0.632163  0.774457 0.0242273  0.346264
-0.559667 -0.434767 -0.705515   1.67921
        0         0         0         1

  -0.55389  -0.460119     0.6939  -0.184862
 -0.643683   0.765265 -0.0063649   0.373472
 -0.528089  -0.450177  -0.720043    1.72954
         0          0          0          1

 -0.561305   -0.45563   0.690897  -0.185771
 -0.649101   0.760259 -0.0259766   0.390094
 -0.513425  -0.463043  -0.722487     1.7463
         0          0          0          1

 -0.565111  -0.463716   0.682361  -0.192369
 -0.653937   0.756039 -0.0277862   0.396552
 -0.503007  -0.461923  -0.730487     1.7792
         0          0          0          1

 -0.576522  -0.462434    0.67363  -0.189297
 -0.657966   0.751568 -0.0471792   0.412842
 -0.484461  -0.470426  -0.737562     1.8021
         0          0          0          1

 -0.57951 -0.463813  0.670109 -0.194452
-0.665242  0.744196 -0.060208  0.425112
-0.470767 -0.480676 -0.739817   1.82469
        0         0         0         1

 -0.601776  -0.457965   0.654319   -0.18503
 -0.660446   0.746016 -0.0852661   0.452158
 -0.449084  -0.483454  -0.751396    1.85519
         0          0          0          1

-0.630402 -0.456016  0.628206 -0.177366
-0.654239   0.74768 -0.113783  0.490877
 -0.41781 -0.482726 -0.769682   1.91858
        0         0         0         1

-0.645526 -0.459248  0.610235 -0.176139
-0.653744  0.745358 -0.130613  0.508316
 -0.39486 -0.483252 -0.781379   1.94979
        0         0         0         1

-0.652247 -0.458747  0.603428 -0.178221
-0.655494  0.741131 -0.145091  0.528449
-0.380659 -0.490179 -0.784107   1.97057
        0         0         0         1

-0.669496 -0.464653  0.579545 -0.173068
-0.652906  0.740172 -0.160807  0.548733
-0.354244 -0.486049 -0.798917   2.00735
        0         0         0         1

-0.669587  -0.46977  0.575299 -0.181231
-0.656672  0.736347  -0.16302  0.557058
-0.347038 -0.486938 -0.801533   2.03051
        0         0         0         1

-0.678937 -0.481255  0.554471 -0.181517
-0.656757  0.735685 -0.165643  0.572558
  -0.3282 -0.476614 -0.815552    2.0705
        0         0         0         1

 -0.71009 -0.475417  0.519376  -0.16601
-0.645328  0.734481 -0.209975  0.630746
-0.281647 -0.484269 -0.828347   2.11601
        0         0         0         1

-0.726861 -0.470801  0.500019 -0.155336
-0.637361  0.733611 -0.235768  0.660083
 -0.25582 -0.490063 -0.833303   2.13503
        0         0         0         1

-0.751067 -0.465825  0.467874 -0.129052
-0.622496  0.735766 -0.266735  0.699399
-0.219994 -0.491585 -0.842583   2.16334
        0         0         0         1

-0.770441 -0.463098  0.438133 -0.109473
-0.608744  0.738524 -0.289849  0.734016
-0.189343 -0.490023 -0.850898   2.18772
        0         0         0         1

 -0.816725  -0.445598    0.36661 -0.0563498
 -0.562664   0.755873  -0.334761    0.81131
 -0.127942  -0.479686  -0.868062    2.24401
         0          0          0          1

 -0.825928   -0.45374   0.334609 -0.0416273
 -0.554597   0.760563  -0.337588   0.836434
 -0.101314  -0.464397  -0.879813    2.28415
         0          0          0          1

 -0.839562  -0.444976   0.311659 -0.0302715
  -0.53742    0.76419  -0.356643   0.871929
-0.0794694  -0.466916  -0.880724    2.29483
         0          0          0          1

   -0.855424    -0.443626     0.267292 -0.000794223
   -0.516266     0.771669    -0.371479     0.904042
  -0.0414636    -0.455766    -0.889134      2.33033
           0            0            0            1

 -0.855299  -0.449323   0.258014 -0.0052793
  -0.51727   0.769228  -0.375128   0.916962
-0.0299175   -0.45431  -0.890341    2.34808
         0          0          0          1

-0.882331 -0.428494  0.194642 0.0560125
-0.470122  0.783247 -0.406829   0.97166
0.0218711 -0.450463 -0.892527   2.37483
        0         0         0         1

-0.923312 -0.377291  0.071747  0.190893
-0.369827  0.823086 -0.430997   1.06829
 0.103557 -0.424478 -0.899497   2.44195
        0         0         0         1

