-0.118944  0.801201 -0.586455   1.05232
 -0.63014  0.395542  0.668184  0.828409
 0.767317  0.449026  0.457821    2.4542
        0         0         0         1

-0.118944  0.801201 -0.586455   1.05232
 -0.63014  0.395542  0.668184  0.828409
 0.767317  0.449026  0.457821    2.4542
        0         0         0         1

-0.0617097  0.795977 -0.602174   1.05879
-0.644858  0.428697  0.632753  0.778439
 0.761807  0.427364  0.486837   2.46659
        0         0         0         1

-0.0617097  0.795977 -0.602174   1.05879
-0.644858  0.428697  0.632753  0.778439
 0.761807  0.427364  0.486837   2.46659
        0         0         0         1

-0.0270085  0.755213 -0.654922   1.06501
-0.694149  0.457277  0.555928  0.731952
 0.719325  0.469628   0.51188   2.47341
        0         0         0         1

-0.0270085  0.755213 -0.654922   1.06501
-0.694149  0.457277  0.555928  0.731952
 0.719325  0.469628   0.51188   2.47341
        0         0         0         1

-0.00229744  0.704572 -0.709629   1.06247
-0.738332  0.477405  0.476393   0.68444
 0.674434  0.525036  0.519111   2.47807
        0         0         0         1

-0.00229744  0.704572 -0.709629   1.06247
-0.738332  0.477405  0.476393   0.68444
 0.674434  0.525036  0.519111   2.47807
        0         0         0         1

0.0351083  0.655733 -0.754176    1.0552
-0.770537  0.498332  0.397414  0.625272
 0.636428  0.567168  0.522762   2.47189
        0         0         0         1

0.0351083  0.655733 -0.754176    1.0552
-0.770537  0.498332  0.397414  0.625272
 0.636428  0.567168  0.522762   2.47189
        0         0         0         1

0.0663156 0.625849 -0.77712  1.04757
-0.783059 0.515339 0.348203 0.586145
0.618402 0.585439 0.524252  2.46881
       0        0        0        1

0.0663156 0.625849 -0.77712  1.04757
-0.783059 0.515339 0.348203 0.586145
0.618402 0.585439 0.524252  2.46881
       0        0        0        1

0.0896193  0.610054 -0.787275   1.05138
-0.791825  0.523115  0.315221  0.545204
 0.604137  0.595134  0.529937   2.46489
        0         0         0         1

0.0896193  0.610054 -0.787275   1.05138
-0.791825  0.523115  0.315221  0.545204
 0.604137  0.595134  0.529937   2.46489
        0         0         0         1

0.0930393 0.593214 -0.79965  1.05654
-0.799351 0.523334 0.295226 0.497943
0.593617 0.611734 0.522877   2.4406
       0        0        0        1

0.0930393 0.593214 -0.79965  1.05654
-0.799351 0.523334 0.295226 0.497943
0.593617 0.611734 0.522877   2.4406
       0        0        0        1

0.0948041  0.573678 -0.813576   1.05622
-0.821046  0.507203  0.261971  0.449462
 0.562935  0.643147  0.519101   2.43035
        0         0         0         1

0.0948041  0.573678 -0.813576   1.05622
-0.821046  0.507203  0.261971  0.449462
 0.562935  0.643147  0.519101   2.43035
        0         0         0         1

 0.101569  0.546244 -0.831445   1.04254
-0.854586   0.47576  0.208169  0.384326
  0.50928  0.689398  0.515135   2.39439
        0         0         0         1

 0.101569  0.546244 -0.831445   1.04254
-0.854586   0.47576  0.208169  0.384326
  0.50928  0.689398  0.515135   2.39439
        0         0         0         1

  0.10779  0.543427 -0.832507   1.04183
-0.874374  0.450333  0.180749  0.344101
 0.473129   0.70844    0.5237   2.36502
        0         0         0         1

  0.10779  0.543427 -0.832507   1.04183
-0.874374  0.450333  0.180749  0.344101
 0.473129   0.70844    0.5237   2.36502
        0         0         0         1

  0.11154  0.543518 -0.831954   1.03948
-0.891977  0.423831  0.157303  0.304974
 0.438105  0.724538   0.53208   2.33016
        0         0         0         1

  0.11154  0.543518 -0.831954   1.03948
-0.891977  0.423831  0.157303  0.304974
 0.438105  0.724538   0.53208   2.33016
        0         0         0         1

 0.109283  0.534743 -0.837918   1.03451
-0.917464  0.378654  0.121992  0.245835
 0.382515  0.755428  0.531988   2.27718
        0         0         0         1

 0.109283  0.534743 -0.837918   1.03451
-0.917464  0.378654  0.121992  0.245835
 0.382515  0.755428  0.531988   2.27718
        0         0         0         1

  0.10013   0.52882 -0.842807    1.0312
 -0.93264   0.34499  0.105661  0.210649
 0.346635  0.775455  0.527743    2.2367
        0         0         0         1

  0.10013   0.52882 -0.842807    1.0312
 -0.93264   0.34499  0.105661  0.210649
 0.346635  0.775455  0.527743    2.2367
        0         0         0         1

0.0855373  0.547567 -0.832378   1.03154
-0.954211  0.285378 0.0896741  0.158883
 0.286645  0.786594  0.546905   2.17256
        0         0         0         1

0.0855373  0.547567 -0.832378   1.03154
-0.954211  0.285378 0.0896741  0.158883
 0.286645  0.786594  0.546905   2.17256
        0         0         0         1

0.0856056  0.569472 -0.817541   1.03298
-0.965091  0.251255   0.07396  0.128985
 0.247529   0.78267  0.571101   2.12581
        0         0         0         1

0.0856056  0.569472 -0.817541   1.03298
-0.965091  0.251255   0.07396  0.128985
 0.247529   0.78267  0.571101   2.12581
        0         0         0         1

0.0892447  0.594366 -0.799227   1.03884
-0.975045  0.215908 0.0516886  0.102005
 0.203282  0.774669  0.598802   2.07577
        0         0         0         1

0.0892447  0.594366 -0.799227   1.03884
-0.975045  0.215908 0.0516886  0.102005
 0.203282  0.774669  0.598802   2.07577
        0         0         0         1

  0.103771   0.622131  -0.776005    1.04706
 -0.984872   0.173138 0.00710478  0.0667853
  0.138776   0.763528   0.630687    2.00008
         0          0          0          1

  0.103771   0.622131  -0.776005    1.04706
 -0.984872   0.173138 0.00710478  0.0667853
  0.138776   0.763528   0.630687    2.00008
         0          0          0          1

  0.106166   0.643619  -0.757946    1.05518
 -0.989016   0.147186 -0.0135477  0.0484797
  0.102839    0.75106   0.652176    1.94769
         0          0          0          1

  0.106166   0.643619  -0.757946    1.05518
 -0.989016   0.147186 -0.0135477  0.0484797
  0.102839    0.75106   0.652176    1.94769
         0          0          0          1

  0.106166   0.643619  -0.757946    1.05518
 -0.989016   0.147186 -0.0135477  0.0484797
  0.102839    0.75106   0.652176    1.94769
         0          0          0          1

 0.099222  0.678597 -0.727778   1.06597
-0.993873  0.103374 -0.039112 0.0247674
0.0486919    0.7272  0.684696    1.8727
        0         0         0         1

 0.0890676   0.702445  -0.706143    1.07153
 -0.995965  0.0706073 -0.0553861  0.0116455
 0.0109532   0.708227     0.7059    1.82357
         0          0          0          1

 0.0890676   0.702445  -0.706143    1.07153
 -0.995965  0.0706073 -0.0553861  0.0116455
 0.0109532   0.708227     0.7059    1.82357
         0          0          0          1

 0.0783103   0.726331  -0.682869    1.07674
 -0.996627  0.0401811  -0.071553 0.00109385
-0.0245328   0.686169   0.727028    1.77572
         0          0          0          1

 0.0783103   0.726331  -0.682869    1.07674
 -0.996627  0.0401811  -0.071553 0.00109385
-0.0245328   0.686169   0.727028    1.77572
         0          0          0          1

  0.0680277    0.761376   -0.644731     1.08403
  -0.994969  0.00413562   -0.100099 -0.00951667
 -0.0735463    0.648297    0.757827     1.70477
          0           0           0           1

  0.0680277    0.761376   -0.644731     1.08403
  -0.994969  0.00413562   -0.100099 -0.00951667
 -0.0735463    0.648297    0.757827     1.70477
          0           0           0           1

 0.0612537    0.78924  -0.611022    1.09138
  -0.99335 -0.0115873  -0.114548 -0.0148177
-0.0974861   0.613976   0.783282     1.6614
         0          0          0          1

 0.0612537    0.78924  -0.611022    1.09138
  -0.99335 -0.0115873  -0.114548 -0.0148177
-0.0974861   0.613976   0.783282     1.6614
         0          0          0          1

 0.0777421   0.812983  -0.577074     1.1069
 -0.985194 -0.0260687  -0.169449 -0.0178843
 -0.152802   0.581704   0.798919    1.59911
         0          0          0          1

 0.0777421   0.812983  -0.577074     1.1069
 -0.985194 -0.0260687  -0.169449 -0.0178843
 -0.152802   0.581704   0.798919    1.59911
         0          0          0          1

 0.0997287   0.842571  -0.529271    1.11884
 -0.980818 -0.0062877  -0.194822 -0.0195064
 -0.167479   0.538548   0.825783    1.56477
         0          0          0          1

 0.0997287   0.842571  -0.529271    1.11884
 -0.980818 -0.0062877  -0.194822 -0.0195064
 -0.167479   0.538548   0.825783    1.56477
         0          0          0          1

 0.0947549   0.872993   -0.47844    1.12441
 -0.981686 0.00215301  -0.190494  -0.024622
  -0.16527   0.487728   0.857209    1.52628
         0          0          0          1

 0.0947549   0.872993   -0.47844    1.12441
 -0.981686 0.00215301  -0.190494  -0.024622
  -0.16527   0.487728   0.857209    1.52628
         0          0          0          1

  0.0880272    0.885352   -0.456513      1.1294
   -0.98128 -0.00173372   -0.192578  -0.0269594
  -0.171291    0.464919    0.868625     1.50297
          0           0           0           1

  0.0880272    0.885352   -0.456513      1.1294
   -0.98128 -0.00173372   -0.192578  -0.0269594
  -0.171291    0.464919    0.868625     1.50297
          0           0           0           1

 0.0887917   0.895289  -0.436547    1.13477
 -0.979473 -0.0011469  -0.201573   -0.02827
 -0.180967   0.445484    0.87681    1.48012
         0          0          0          1

 0.0887917   0.895289  -0.436547    1.13477
 -0.979473 -0.0011469  -0.201573   -0.02827
 -0.180967   0.445484    0.87681    1.48012
         0          0          0          1

 0.0953754   0.908742  -0.406314    1.14416
 -0.974786 0.00254204  -0.223129 -0.0282291
 -0.201734    0.41735   0.886071    1.44738
         0          0          0          1

 0.0953754   0.908742  -0.406314    1.14416
 -0.974786 0.00254204  -0.223129 -0.0282291
 -0.201734    0.41735   0.886071    1.44738
         0          0          0          1

   0.10019    0.91839  -0.382781    1.14993
 -0.970602 0.00559477  -0.240624 -0.0277974
 -0.218845   0.395636   0.891953    1.42792
         0          0          0          1

   0.10019    0.91839  -0.382781    1.14993
 -0.970602 0.00559477  -0.240624 -0.0277974
 -0.218845   0.395636   0.891953    1.42792
         0          0          0          1

  0.108764   0.928197  -0.355839     1.1534
 -0.965505  0.0134469  -0.260036 -0.0266157
 -0.236579   0.371847   0.897641    1.40964
         0          0          0          1

  0.108764   0.928197  -0.355839     1.1534
 -0.965505  0.0134469  -0.260036 -0.0266157
 -0.236579   0.371847   0.897641    1.40964
         0          0          0          1

  0.119664    0.94212  -0.313193    1.15825
 -0.956298  0.0246073  -0.291357 -0.0239855
 -0.266787   0.334371   0.903892    1.38461
         0          0          0          1

  0.119664    0.94212  -0.313193    1.15825
 -0.956298  0.0246073  -0.291357 -0.0239855
 -0.266787   0.334371   0.903892    1.38461
         0          0          0          1

  0.131487   0.950752   -0.28068    1.16198
 -0.949318  0.0392216  -0.311861 -0.0215128
 -0.285494    0.30746   0.907723    1.36906
         0          0          0          1

  0.131487   0.950752   -0.28068    1.16198
 -0.949318  0.0392216  -0.311861 -0.0215128
 -0.285494    0.30746   0.907723    1.36906
         0          0          0          1

  0.146995   0.961547  -0.231989    1.16592
  -0.94313  0.0655512  -0.325897 -0.0185032
 -0.298158   0.266701     0.9165    1.35156
         0          0          0          1

  0.146995   0.961547  -0.231989    1.16592
  -0.94313  0.0655512  -0.325897 -0.0185032
 -0.298158   0.266701     0.9165    1.35156
         0          0          0          1

  0.153136   0.966203  -0.207368    1.16705
 -0.940525   0.078108  -0.330622 -0.0169136
 -0.303251   0.245665   0.920699     1.3429
         0          0          0          1

  0.153136   0.966203  -0.207368    1.16705
 -0.940525   0.078108  -0.330622 -0.0169136
 -0.303251   0.245665   0.920699     1.3429
         0          0          0          1

  0.159462   0.969259  -0.187375    1.16858
 -0.937864  0.0894837  -0.335266 -0.0153668
 -0.308192   0.229195   0.923302    1.33511
         0          0          0          1

  0.159462   0.969259  -0.187375    1.16858
 -0.937864  0.0894837  -0.335266 -0.0153668
 -0.308192   0.229195   0.923302    1.33511
         0          0          0          1

   0.16628   0.972246  -0.164586     1.1702
 -0.933863   0.101671  -0.342876 -0.0127936
 -0.316626   0.210714    0.92485    1.32418
         0          0          0          1

   0.16628   0.972246  -0.164586     1.1702
 -0.933863   0.101671  -0.342876 -0.0127936
 -0.316626   0.210714    0.92485    1.32418
         0          0          0          1

  0.169464   0.974851  -0.144735     1.1709
 -0.930372     0.1098  -0.349789 -0.0107809
   -0.3251   0.193934   0.925581    1.31601
         0          0          0          1

  0.169464   0.974851  -0.144735     1.1709
 -0.930372     0.1098  -0.349789 -0.0107809
   -0.3251   0.193934   0.925581    1.31601
         0          0          0          1

   0.176357    0.977588   -0.114975     1.17085
  -0.925311    0.124812   -0.358081 -0.00733109
  -0.335706    0.169537    0.926584     1.30414
          0           0           0           1

   0.176357    0.977588   -0.114975     1.17085
  -0.925311    0.124812   -0.358081 -0.00733109
  -0.335706    0.169537    0.926584     1.30414
          0           0           0           1

   0.176688    0.978792   -0.103674      1.1719
  -0.922936    0.128156   -0.362995 -0.00551581
   -0.34201    0.159821    0.926005     1.29721
          0           0           0           1

   0.176688    0.978792   -0.103674      1.1719
  -0.922936    0.128156   -0.362995 -0.00551581
   -0.34201    0.159821    0.926005     1.29721
          0           0           0           1

   0.176892    0.979691  -0.0944191     1.17243
  -0.921715    0.131247   -0.364988 -0.00434445
  -0.345184    0.151591    0.926212     1.29062
          0           0           0           1

   0.176892    0.979691  -0.0944191     1.17243
  -0.921715    0.131247   -0.364988 -0.00434445
  -0.345184    0.151591    0.926212     1.29062
          0           0           0           1

   0.179656    0.980681  -0.0773807     1.17257
  -0.920599    0.139881   -0.364597 -0.00258407
  -0.346729    0.136739    0.927945     1.28314
          0           0           0           1

   0.179656    0.980681  -0.0773807     1.17257
  -0.920599    0.139881   -0.364597 -0.00258407
  -0.346729    0.136739    0.927945     1.28314
          0           0           0           1

  0.181436   0.981261 -0.0648726    1.17332
 -0.920938   0.146405  -0.361164 -0.0020257
 -0.344898   0.125272   0.930243    1.27858
         0          0          0          1

  0.181436   0.981261 -0.0648726    1.17332
 -0.920938   0.146405  -0.361164 -0.0020257
 -0.344898   0.125272   0.930243    1.27858
         0          0          0          1

    0.18224    0.981822  -0.0530546     1.17285
  -0.922905    0.152193   -0.353672 -0.00180311
  -0.339168    0.113418    0.933864     1.27309
          0           0           0           1

    0.18224    0.981822  -0.0530546     1.17285
  -0.922905    0.152193   -0.353672 -0.00180311
  -0.339168    0.113418    0.933864     1.27309
          0           0           0           1

   0.180547    0.981903  -0.0571756     1.17367
  -0.923941    0.149383   -0.352163 -0.00233321
  -0.337249    0.116409    0.934191     1.27101
          0           0           0           1

   0.180547    0.981903  -0.0571756     1.17367
  -0.923941    0.149383   -0.352163 -0.00233321
  -0.337249    0.116409    0.934191     1.27101
          0           0           0           1

  0.179394   0.981679 -0.0642242    1.17344
 -0.925581   0.146301  -0.349136 -0.0027897
 -0.333343   0.122077   0.934869    1.26846
         0          0          0          1

  0.179394   0.981679 -0.0642242    1.17344
 -0.925581   0.146301  -0.349136 -0.0027897
 -0.333343   0.122077   0.934869    1.26846
         0          0          0          1

  0.175525   0.981373 -0.0780896    1.17372
 -0.928079   0.138487  -0.345675 -0.0036855
 -0.328422   0.133148   0.935099    1.26524
         0          0          0          1

  0.175525   0.981373 -0.0780896    1.17372
 -0.928079   0.138487  -0.345675 -0.0036855
 -0.328422   0.133148   0.935099    1.26524
         0          0          0          1

   0.172799    0.981114  -0.0869186       1.174
  -0.929449    0.133219   -0.344061 -0.00437217
  -0.325984     0.14024    0.934916     1.26439
          0           0           0           1

   0.172799    0.981114  -0.0869186       1.174
  -0.929449    0.133219   -0.344061 -0.00437217
  -0.325984     0.14024    0.934916     1.26439
          0           0           0           1

   0.170772     0.97945   -0.107305     1.17345
  -0.931599    0.125037   -0.341306 -0.00530938
  -0.320875     0.15825    0.933807     1.26396
          0           0           0           1

   0.170772     0.97945   -0.107305     1.17345
  -0.931599    0.125037   -0.341306 -0.00530938
  -0.320875     0.15825    0.933807     1.26396
          0           0           0           1

   0.168693    0.977988   -0.122809     1.17322
  -0.933419    0.118479   -0.338661 -0.00596064
  -0.316656    0.171762    0.932859     1.26434
          0           0           0           1

   0.168693    0.977988   -0.122809     1.17322
  -0.933419    0.118479   -0.338661 -0.00596064
  -0.316656    0.171762    0.932859     1.26434
          0           0           0           1

   0.168011    0.976476   -0.135159     1.17345
  -0.935025    0.114425   -0.335613 -0.00650362
  -0.312252    0.182764    0.932253     1.26525
          0           0           0           1

   0.168011    0.976476   -0.135159     1.17345
  -0.935025    0.114425   -0.335613 -0.00650362
  -0.312252    0.182764    0.932253     1.26525
          0           0           0           1

   0.174393    0.974948   -0.138073      1.1742
  -0.934724    0.119816   -0.334566 -0.00588582
  -0.309641    0.187406    0.932203      1.2663
          0           0           0           1

   0.174393    0.974948   -0.138073      1.1742
  -0.934724    0.119816   -0.334566 -0.00588582
  -0.309641    0.187406    0.932203      1.2663
          0           0           0           1

   0.179805    0.973728   -0.139726     1.17552
   -0.93445    0.124689    -0.33355 -0.00515286
  -0.307365    0.190541     0.93232     1.26704
          0           0           0           1

   0.179805    0.973728   -0.139726     1.17552
   -0.93445    0.124689    -0.33355 -0.00515286
  -0.307365    0.190541     0.93232     1.26704
          0           0           0           1

   0.187623    0.971723   -0.143358     1.17699
  -0.934029     0.13134   -0.332174 -0.00303121
  -0.303952    0.196224     0.93226     1.27071
          0           0           0           1

   0.187623    0.971723   -0.143358     1.17699
  -0.934029     0.13134   -0.332174 -0.00303121
  -0.303952    0.196224     0.93226     1.27071
          0           0           0           1

   0.195623    0.970468   -0.141152     1.17723
  -0.934483    0.140811   -0.326977 -0.00103484
  -0.297445    0.195868    0.934431     1.27526
          0           0           0           1

   0.195623    0.970468   -0.141152     1.17723
  -0.934483    0.140811   -0.326977 -0.00103484
  -0.297445    0.195868    0.934431     1.27526
          0           0           0           1

 0.205566  0.968484 -0.140644   1.17923
-0.934548  0.151613 -0.321922 0.0010067
-0.290453  0.197615  0.936261    1.2829
        0         0         0         1

 0.205566  0.968484 -0.140644   1.17923
-0.934548  0.151613 -0.321922 0.0010067
-0.290453  0.197615  0.936261    1.2829
        0         0         0         1

  0.224551   0.964211  -0.140975    1.18071
 -0.935437   0.172758  -0.308403 0.00464919
 -0.273011   0.201126   0.940752    1.29708
         0          0          0          1

  0.224551   0.964211  -0.140975    1.18071
 -0.935437   0.172758  -0.308403 0.00464919
 -0.273011   0.201126   0.940752    1.29708
         0          0          0          1

  0.234499    0.96102  -0.146463    1.18156
 -0.936702   0.183081  -0.298448 0.00663774
 -0.259999   0.207178   0.943121    1.30963
         0          0          0          1

  0.234499    0.96102  -0.146463    1.18156
 -0.936702   0.183081  -0.298448 0.00663774
 -0.259999   0.207178   0.943121    1.30963
         0          0          0          1

  0.248909    0.95648  -0.152282    1.18083
 -0.937974   0.198878  -0.283994 0.00921679
  -0.24135   0.213525   0.946656    1.33144
         0          0          0          1

  0.248909    0.95648  -0.152282    1.18083
 -0.937974   0.198878  -0.283994 0.00921679
  -0.24135   0.213525   0.946656    1.33144
         0          0          0          1

 0.260911  0.952713 -0.155769   1.17875
-0.937776  0.211835  -0.27514 0.0109884
-0.229132  0.217864  0.948701    1.3477
        0         0         0         1

 0.260911  0.952713 -0.155769   1.17875
-0.937776  0.211835  -0.27514 0.0109884
-0.229132  0.217864  0.948701    1.3477
        0         0         0         1

 0.274106  0.948408 -0.159335   1.17461
-0.936951  0.226017  -0.26653 0.0125327
-0.216767  0.222346  0.950565     1.365
        0         0         0         1

 0.274106  0.948408 -0.159335   1.17461
-0.936951  0.226017  -0.26653 0.0125327
-0.216767  0.222346  0.950565     1.365
        0         0         0         1

 0.284861   0.94394 -0.166829   1.16671
-0.937664  0.238248 -0.253028 0.0128898
-0.199097  0.228507  0.952966   1.39448
        0         0         0         1

 0.284861   0.94394 -0.166829   1.16671
-0.937664  0.238248 -0.253028 0.0128898
-0.199097  0.228507  0.952966   1.39448
        0         0         0         1

 0.291237  0.941225 -0.171102   1.15869
-0.938548   0.24649 -0.241599 0.0124934
-0.185224   0.23095  0.955172   1.41548
        0         0         0         1

 0.291237  0.941225 -0.171102   1.15869
-0.938548   0.24649 -0.241599 0.0124934
-0.185224   0.23095  0.955172   1.41548
        0         0         0         1

 0.295281  0.937928 -0.181932   1.14392
 -0.94086  0.252356  -0.22605 0.0103322
-0.166107  0.237921  0.956975   1.44795
        0         0         0         1

 0.295281  0.937928 -0.181932   1.14392
 -0.94086  0.252356  -0.22605 0.0103322
-0.166107  0.237921  0.956975   1.44795
        0         0         0         1

   0.29712   0.935617   -0.19063    1.13082
 -0.942033   0.254644  -0.218475 0.00841416
 -0.155866   0.244493   0.957042    1.46945
         0          0          0          1

   0.29712   0.935617   -0.19063    1.13082
 -0.942033   0.254644  -0.218475 0.00841416
 -0.155866   0.244493   0.957042    1.46945
         0          0          0          1

  0.299707   0.933299  -0.197811    1.11555
 -0.942877   0.258152  -0.210573 0.00599737
 -0.145462   0.249621   0.957356    1.48913
         0          0          0          1

  0.299707   0.933299  -0.197811    1.11555
 -0.942877   0.258152  -0.210573 0.00599737
 -0.145462   0.249621   0.957356    1.48913
         0          0          0          1

   0.297638    0.931907    -0.20727     1.08906
  -0.944457    0.255741   -0.206392 0.000638874
  -0.139331    0.257188    0.956264     1.51784
          0           0           0           1

   0.297638    0.931907    -0.20727     1.08906
  -0.944457    0.255741   -0.206392 0.000638874
  -0.139331    0.257188    0.956264     1.51784
          0           0           0           1

   0.293731     0.93143   -0.214849     1.06843
  -0.945913    0.250842   -0.205735 -0.00388622
  -0.137735    0.263659    0.954732     1.53514
          0           0           0           1

   0.293731     0.93143   -0.214849     1.06843
  -0.945913    0.250842   -0.205735 -0.00388622
  -0.137735    0.263659    0.954732     1.53514
          0           0           0           1

     0.2891    0.931604   -0.220306     1.04524
  -0.947415     0.24545   -0.205328 -0.00884713
   -0.13721    0.268081    0.953575     1.55088
          0           0           0           1

     0.2891    0.931604   -0.220306     1.04524
  -0.947415     0.24545   -0.205328 -0.00884713
   -0.13721    0.268081    0.953575     1.55088
          0           0           0           1

  0.274984   0.934143   -0.22751    1.00902
 -0.951311   0.230084  -0.205107 -0.0167742
 -0.139253   0.272834    0.95193    1.56979
         0          0          0          1

  0.274984   0.934143   -0.22751    1.00902
 -0.951311   0.230084  -0.205107 -0.0167742
 -0.139253   0.272834    0.95193    1.56979
         0          0          0          1

   0.26378   0.935417  -0.235406    0.98162
 -0.953356     0.2157  -0.211152 -0.0225093
 -0.146738   0.280124   0.948683    1.58044
         0          0          0          1

   0.26378   0.935417  -0.235406    0.98162
 -0.953356     0.2157  -0.211152 -0.0225093
 -0.146738   0.280124   0.948683    1.58044
         0          0          0          1

 0.256834  0.936607 -0.238335   0.96875
-0.954532  0.207213 -0.214316 -0.025414
-0.151344  0.282542  0.947241   1.58421
        0         0         0         1

  0.240165   0.939038  -0.246023   0.940517
 -0.957232   0.186973   -0.22079 -0.0308394
 -0.161331   0.288527   0.943782    1.59114
         0          0          0          1

  0.228082   0.939473  -0.255673   0.910864
 -0.958454   0.170444  -0.228724 -0.0362599
 -0.171302   0.297219   0.939317    1.59594
         0          0          0          1

  0.228082   0.939473  -0.255673   0.910864
 -0.958454   0.170444  -0.228724 -0.0362599
 -0.171302   0.297219   0.939317    1.59594
         0          0          0          1

  0.217164   0.940262  -0.262199   0.881445
 -0.959925   0.156959  -0.232181 -0.0413582
 -0.177157   0.302113   0.936666     1.5996
         0          0          0          1

  0.217164   0.940262  -0.262199   0.881445
 -0.959925   0.156959  -0.232181 -0.0413582
 -0.177157   0.302113   0.936666     1.5996
         0          0          0          1

  0.201358   0.942471  -0.266838   0.838897
 -0.961278   0.137808  -0.238649 -0.0478383
 -0.188148    0.30456   0.933726    1.60146
         0          0          0          1

  0.201358   0.942471  -0.266838   0.838897
 -0.961278   0.137808  -0.238649 -0.0478383
 -0.188148    0.30456   0.933726    1.60146
         0          0          0          1

 0.190777  0.944063 -0.268979  0.811375
-0.962698  0.126376 -0.239253 -0.051535
-0.191877  0.304589  0.932957   1.59978
        0         0         0         1

 0.190777  0.944063 -0.268979  0.811375
-0.962698  0.126376 -0.239253 -0.051535
-0.191877  0.304589  0.932957   1.59978
        0         0         0         1

  0.177375   0.947261  -0.266898   0.769516
 -0.964422   0.113287  -0.238866 -0.0567876
 -0.196032   0.299771   0.933653    1.59598
         0          0          0          1

  0.177375   0.947261  -0.266898   0.769516
 -0.964422   0.113287  -0.238866 -0.0567876
 -0.196032   0.299771   0.933653    1.59598
         0          0          0          1

  0.166132   0.950416  -0.262887   0.743569
 -0.966778   0.104461    -0.2333 -0.0593967
 -0.194271   0.292912   0.936195    1.59094
         0          0          0          1

  0.166132   0.950416  -0.262887   0.743569
 -0.966778   0.104461    -0.2333 -0.0593967
 -0.194271   0.292912   0.936195    1.59094
         0          0          0          1

  0.155176   0.954892  -0.253184   0.704048
 -0.969119  0.0974234  -0.226534 -0.0621879
 -0.191649   0.280517   0.940521    1.57932
         0          0          0          1

  0.155176   0.954892  -0.253184   0.704048
 -0.969119  0.0974234  -0.226534 -0.0621879
 -0.191649   0.280517   0.940521    1.57932
         0          0          0          1

  0.144576    0.95931  -0.242534   0.680135
 -0.969508  0.0883209   -0.22859 -0.0624977
 -0.197868   0.268188   0.942828    1.56923
         0          0          0          1

  0.144576    0.95931  -0.242534   0.680135
 -0.969508  0.0883209   -0.22859 -0.0624977
 -0.197868   0.268188   0.942828    1.56923
         0          0          0          1

  0.133718   0.963709   -0.23105   0.657378
 -0.969847  0.0793204  -0.230446 -0.0620168
 -0.203756   0.254898   0.945257    1.55715
         0          0          0          1

  0.133718   0.963709   -0.23105   0.657378
 -0.969847  0.0793204  -0.230446 -0.0620168
 -0.203756   0.254898   0.945257    1.55715
         0          0          0          1

 0.122837  0.968473 -0.216727  0.625803
-0.968202 0.0689896 -0.240469  -0.05972
-0.217936  0.239374  0.946152   1.53595
        0         0         0         1

 0.122837  0.968473 -0.216727  0.625803
-0.968202 0.0689896 -0.240469  -0.05972
-0.217936  0.239374  0.946152   1.53595
        0         0         0         1

  0.116447   0.971275  -0.207523   0.605726
 -0.965828  0.0620252  -0.251654 -0.0578295
 -0.231554   0.229736   0.945307    1.52223
         0          0          0          1

  0.116447   0.971275  -0.207523   0.605726
 -0.965828  0.0620252  -0.251654 -0.0578295
 -0.231554   0.229736   0.945307    1.52223
         0          0          0          1

0.0979789  0.973486 -0.206702  0.578958
-0.966877 0.0439262 -0.251435 -0.053747
-0.235688  0.224491  0.945545   1.50009
        0         0         0         1

0.0979789  0.973486 -0.206702  0.578958
-0.966877 0.0439262 -0.251435 -0.053747
-0.235688  0.224491  0.945545   1.50009
        0         0         0         1

 0.0827317   0.974602    -0.2081   0.563371
 -0.967305  0.0282976  -0.252032 -0.0497629
 -0.239742   0.222147   0.945079    1.48639
         0          0          0          1

 0.0827317   0.974602    -0.2081   0.563371
 -0.967305  0.0282976  -0.252032 -0.0497629
 -0.239742   0.222147   0.945079    1.48639
         0          0          0          1

 0.0746613   0.974756  -0.210419   0.548164
 -0.967111  0.0193271   -0.25362 -0.0466124
 -0.243151   0.222434    0.94414    1.47269
         0          0          0          1

 0.0746613   0.974756  -0.210419   0.548164
 -0.967111  0.0193271   -0.25362 -0.0466124
 -0.243151   0.222434    0.94414    1.47269
         0          0          0          1

 0.0644331   0.974618    -0.2144   0.528211
 -0.966379 0.00734879  -0.257018 -0.0407962
 -0.248918   0.223752   0.942324    1.45161
         0          0          0          1

 0.0644331   0.974618    -0.2144   0.528211
 -0.966379 0.00734879  -0.257018 -0.0407962
 -0.248918   0.223752   0.942324    1.45161
         0          0          0          1

 0.0611416   0.974741  -0.214806    0.52463
 -0.966507 0.00407587  -0.256608 -0.0393921
 -0.249251   0.223301   0.942343    1.44734
         0          0          0          1

  0.0564403    0.974463   -0.217339    0.516538
  -0.966453 -0.00130778    -0.25684  -0.0365304
  -0.250566    0.224544    0.941699     1.43859
          0           0           0           1

 0.0432511   0.973173  -0.225971   0.500949
 -0.965613 -0.0173189  -0.259405 -0.0297902
  -0.25636    0.22942    0.93896    1.41881
         0          0          0          1

 0.0432511   0.973173  -0.225971   0.500949
 -0.965613 -0.0173189  -0.259405 -0.0297902
  -0.25636    0.22942    0.93896    1.41881
         0          0          0          1

 0.0376762   0.972604  -0.229394   0.491818
 -0.963635 -0.0254113  -0.266011 -0.0250511
 -0.264552   0.231074   0.936278    1.40651
         0          0          0          1

 0.0376762   0.972604  -0.229394   0.491818
 -0.963635 -0.0254113  -0.266011 -0.0250511
 -0.264552   0.231074   0.936278    1.40651
         0          0          0          1

 0.0317302   0.971053  -0.236748   0.483844
 -0.961617 -0.0349328  -0.272163 -0.0201042
 -0.272555   0.236296   0.932672    1.39347
         0          0          0          1

 0.0317302   0.971053  -0.236748   0.483844
 -0.961617 -0.0349328  -0.272163 -0.0201042
 -0.272555   0.236296   0.932672    1.39347
         0          0          0          1

 0.0273027   0.971211  -0.236653   0.474392
 -0.960056 -0.0404741  -0.276866 -0.0129128
 -0.278473   0.234759   0.931311    1.37635
         0          0          0          1

 0.0273027   0.971211  -0.236653   0.474392
 -0.960056 -0.0404741  -0.276866 -0.0129128
 -0.278473   0.234759   0.931311    1.37635
         0          0          0          1

  0.0268104    0.971201   -0.236749    0.469081
  -0.958077  -0.0426173   -0.283323 -0.00887784
  -0.285253    0.234419    0.929343     1.36614
          0           0           0           1

  0.0268104    0.971201   -0.236749    0.469081
  -0.958077  -0.0426173   -0.283323 -0.00887784
  -0.285253    0.234419    0.929343     1.36614
          0           0           0           1

  0.0226418    0.970499   -0.240039    0.465068
  -0.956336  -0.0489565   -0.288142 -0.00390106
  -0.291393    0.236082    0.927014     1.35583
          0           0           0           1

  0.0226418    0.970499   -0.240039    0.465068
  -0.956336  -0.0489565   -0.288142 -0.00390106
  -0.291393    0.236082    0.927014     1.35583
          0           0           0           1

  0.018898   0.969219  -0.245472   0.459661
  -0.95371 -0.0562261  -0.295425 0.00218068
 -0.300134   0.239692   0.923292    1.34202
         0          0          0          1

  0.018898   0.969219  -0.245472   0.459661
  -0.95371 -0.0562261  -0.295425 0.00218068
 -0.300134   0.239692   0.923292    1.34202
         0          0          0          1

 0.0194819   0.968599  -0.247864    0.45704
 -0.952108 -0.0576886   -0.30027 0.00640048
  -0.30514   0.241843   0.921087    1.33367
         0          0          0          1

 0.0194819   0.968599  -0.247864    0.45704
 -0.952108 -0.0576886   -0.30027 0.00640048
  -0.30514   0.241843   0.921087    1.33367
         0          0          0          1

 0.0229203   0.968128  -0.249405   0.453086
 -0.950801 -0.0559858  -0.304701  0.0102483
 -0.308953   0.244119   0.919214    1.32174
         0          0          0          1

 0.0229203   0.968128  -0.249405   0.453086
 -0.950801 -0.0559858  -0.304701  0.0102483
 -0.308953   0.244119   0.919214    1.32174
         0          0          0          1

  0.022253   0.968007  -0.249933   0.451777
 -0.949877 -0.0575036  -0.307288  0.0129737
 -0.311829   0.244244   0.918209    1.31655
         0          0          0          1

  0.022253   0.968007  -0.249933   0.451777
 -0.949877 -0.0575036  -0.307288  0.0129737
 -0.311829   0.244244   0.918209    1.31655
         0          0          0          1

 0.0211887   0.966982  -0.253962   0.450702
 -0.949341 -0.0602014  -0.308427   0.015779
 -0.313533   0.247632    0.91672    1.30981
         0          0          0          1

 0.0211887   0.966982  -0.253962   0.450702
 -0.949341 -0.0602014  -0.308427   0.015779
 -0.313533   0.247632    0.91672    1.30981
         0          0          0          1

 0.0188405   0.964089   -0.26491   0.449212
 -0.948658 -0.0664358  -0.309249  0.0190296
 -0.315743   0.257135   0.913339    1.30176
         0          0          0          1

 0.0188405   0.964089   -0.26491   0.449212
 -0.948658 -0.0664358  -0.309249  0.0190296
 -0.315743   0.257135   0.913339    1.30176
         0          0          0          1

 0.0174314   0.963346  -0.267693   0.448993
  -0.94732 -0.0697252  -0.312606  0.0208395
 -0.319813   0.259041   0.911382    1.29849
         0          0          0          1

 0.0174314   0.963346  -0.267693   0.448993
  -0.94732 -0.0697252  -0.312606  0.0208395
 -0.319813   0.259041   0.911382    1.29849
         0          0          0          1

 0.0157752   0.961658  -0.273797   0.448421
 -0.945733 -0.0745355  -0.316281  0.0233087
 -0.324561   0.263929   0.908296    1.29356
         0          0          0          1

 0.0157752   0.961658  -0.273797   0.448421
 -0.945733 -0.0745355  -0.316281  0.0233087
 -0.324561   0.263929   0.908296    1.29356
         0          0          0          1

 0.014772  0.959895 -0.279972  0.448427
-0.945302 -0.077845 -0.316772 0.0251338
-0.325862  0.269337   0.90624   1.28902
        0         0         0         1

 0.014772  0.959895 -0.279972  0.448427
-0.945302 -0.077845 -0.316772 0.0251338
-0.325862  0.269337   0.90624   1.28902
        0         0         0         1

 0.0132862   0.959164  -0.282539   0.449692
 -0.944923 -0.0803692  -0.317272  0.0268159
 -0.327023   0.271193   0.905268    1.28637
         0          0          0          1

 0.0132862   0.959164  -0.282539   0.449692
 -0.944923 -0.0803692  -0.317272  0.0268159
 -0.327023   0.271193   0.905268    1.28637
         0          0          0          1

 0.0171149   0.959608   -0.28082   0.449525
 -0.944496 -0.0766413  -0.319459   0.026991
 -0.328078   0.270701   0.905034    1.28296
         0          0          0          1

 0.0171149   0.959608   -0.28082   0.449525
 -0.944496 -0.0766413  -0.319459   0.026991
 -0.328078   0.270701   0.905034    1.28296
         0          0          0          1

 0.0166754    0.95656  -0.291059   0.449822
 -0.944963 -0.0800536  -0.317233   0.026745
 -0.326753    0.28033   0.902578    1.28095
         0          0          0          1

 0.0166754    0.95656  -0.291059   0.449822
 -0.944963 -0.0800536  -0.317233   0.026745
 -0.326753    0.28033   0.902578    1.28095
         0          0          0          1

0.00947786   0.955698  -0.294195   0.450043
 -0.944296 -0.0882333  -0.317049  0.0280134
 -0.328961   0.280812   0.901626    1.28223
         0          0          0          1

0.00947786   0.955698  -0.294195   0.450043
 -0.944296 -0.0882333  -0.317049  0.0280134
 -0.328961   0.280812   0.901626    1.28223
         0          0          0          1

0.00778766  0.955586 -0.294609  0.449212
-0.943622 -0.090479 -0.318419 0.0279195
-0.330933  0.280479  0.901008   1.28165
        0         0         0         1

0.00778766  0.955586 -0.294609  0.449212
-0.943622 -0.090479 -0.318419 0.0279195
-0.330933  0.280479  0.901008   1.28165
        0         0         0         1

0.00576611   0.955443   -0.29512   0.448836
 -0.942085 -0.0937737  -0.321996  0.0285368
 -0.335323   0.279885   0.899568    1.28073
         0          0          0          1

0.00576611   0.955443   -0.29512   0.448836
 -0.942085 -0.0937737  -0.321996  0.0285368
 -0.335323   0.279885   0.899568    1.28073
         0          0          0          1

0.00558833   0.957627  -0.287958   0.449431
 -0.940529 -0.0927796  -0.326798  0.0294036
 -0.339667   0.272659   0.900157    1.27902
         0          0          0          1

0.00558833   0.957627  -0.287958   0.449431
 -0.940529 -0.0927796  -0.326798  0.0294036
 -0.339667   0.272659   0.900157    1.27902
         0          0          0          1

0.00631518   0.960677  -0.277596   0.449946
 -0.938344 -0.0902606  -0.333712  0.0304238
 -0.345646   0.262588   0.900875    1.27859
         0          0          0          1

0.00631518   0.960677  -0.277596   0.449946
 -0.938344 -0.0902606  -0.333712  0.0304238
 -0.345646   0.262588   0.900875    1.27859
         0          0          0          1

 0.0073157   0.965336  -0.260908   0.451855
 -0.938737 -0.0832728  -0.334424  0.0312364
 -0.344558    0.24737   0.905587    1.27982
         0          0          0          1

 0.0073157   0.965336  -0.260908   0.451855
 -0.938737 -0.0832728  -0.334424  0.0312364
 -0.344558    0.24737   0.905587    1.27982
         0          0          0          1

  0.009819   0.968529  -0.248706   0.454642
 -0.939437 -0.0762751  -0.334126  0.0322538
 -0.342581   0.236924   0.909123    1.28113
         0          0          0          1

  0.009819   0.968529  -0.248706   0.454642
 -0.939437 -0.0762751  -0.334126  0.0322538
