-0.885985 -0.414025   0.20884  0.354496
-0.447763  0.880943 -0.153127  0.863239
-0.120578 -0.229179 -0.965887   2.37516
        0         0         0         1

-0.876661 -0.419298  0.235913  0.336339
-0.460598  0.873108 -0.159786  0.853964
 -0.13898 -0.248739 -0.958548     2.331
        0         0         0         1

 -0.85362 -0.428979  0.295484  0.295711
-0.482881  0.864415 -0.140046  0.810653
-0.195344  -0.26223 -0.945027   2.26945
        0         0         0         1

-0.839657 -0.439251  0.319428  0.273074
-0.494106  0.861958 -0.113527  0.784955
-0.225466 -0.253155 -0.940786   2.25395
        0         0         0         1

 -0.828249  -0.440627   0.346195   0.254748
 -0.499324   0.860731 -0.0990847    0.76304
 -0.254321   -0.25493  -0.932916    2.22456
         0          0          0          1

 -0.816683  -0.440558   0.372742   0.239972
 -0.505619     0.8576 -0.0941878   0.747541
 -0.278168  -0.265387  -0.923143    2.18713
         0          0          0          1

 -0.783793  -0.452296   0.425555   0.201169
 -0.522868   0.850353 -0.0592367    0.70641
  -0.33508  -0.268938  -0.902992    2.12917
         0          0          0          1

 -0.780474  -0.444347    0.43979   0.198293
 -0.517338   0.853996 -0.0552505   0.695364
 -0.351029  -0.270642  -0.896399     2.1016
         0          0          0          1

 -0.762504    -0.4476   0.467164   0.180453
 -0.526171   0.849177 -0.0452002   0.677994
 -0.376473  -0.280273  -0.883015    2.06127
         0          0          0          1

 -0.750431  -0.455562    0.47887   0.168776
 -0.527328   0.849466 -0.0182494   0.658228
  -0.39847  -0.266216  -0.877696     2.0484
         0          0          0          1

 -0.747487  -0.440103   0.497567   0.172403
 -0.517447   0.855465 -0.0206848   0.653882
 -0.416547  -0.272926  -0.867179    2.01294
         0          0          0          1

 -0.738237  -0.436248   0.514483   0.165178
 -0.516825   0.855945 -0.0158131   0.644969
 -0.433471  -0.277572  -0.857354    1.98014
         0          0          0          1

  -0.713416   -0.425439    0.556812     0.14786
  -0.514315    0.857594 -0.00371196    0.618928
  -0.475939   -0.289024   -0.830631     1.92001
          0           0           0           1

 -0.695404  -0.410341   0.589944   0.145075
   -0.5081   0.861298 0.00015377   0.605217
 -0.508181  -0.299644  -0.807444    1.89978
         0          0          0          1

 -0.674171  -0.383459   0.631231   0.137658
 -0.510836   0.859355 -0.0235466   0.597467
 -0.533422   -0.33833  -0.775238    1.85676
         0          0          0          1

 -0.671383  -0.366902   0.643916   0.135445
 -0.503964   0.863067 -0.0336878   0.591206
 -0.543383  -0.347128  -0.764354    1.83632
         0          0          0          1

 -0.658688  -0.356651   0.662518   0.114102
 -0.494854   0.868634 -0.0243837    0.56711
 -0.566789  -0.343911  -0.748649    1.78427
         0          0          0          1

 -0.662027  -0.348979   0.663276   0.114482
 -0.482412   0.875698 -0.0207601   0.563222
 -0.573584  -0.333716  -0.748087    1.76595
         0          0          0          1

  -0.662583   -0.349557    0.662415    0.110021
  -0.470934    0.882151 -0.00554024    0.554019
  -0.582414   -0.315624   -0.749117     1.75427
          0           0           0           1

  -0.660433   -0.344506    0.667192    0.110672
  -0.464723    0.885452 -0.00281007    0.552041
  -0.589798   -0.311915   -0.744881     1.72571
          0           0           0           1

-0.656298 -0.347274  0.669831  0.108431
-0.457061  0.889337 0.0132501  0.546196
-0.600307 -0.297458 -0.742395   1.70179
        0         0         0         1

-0.650459  -0.34869  0.674772  0.105877
-0.449857  0.892673 0.0276427  0.542555
 -0.61199 -0.285571 -0.737508   1.68001
        0         0         0         1

-0.643443 -0.357711  0.676775  0.106666
-0.424227  0.902551 0.0737128  0.536727
-0.637191 -0.239676 -0.732491   1.63877
        0         0         0         1

 -0.64521 -0.363239  0.672132  0.107163
-0.410808  0.906691 0.0956473   0.53549
-0.644159 -0.214405 -0.734228   1.62157
        0         0         0         1

-0.642839 -0.366548  0.672607  0.107579
-0.393684  0.911329  0.120383  0.534937
-0.657093 -0.187407 -0.730142   1.59715
        0         0         0         1

-0.641417 -0.369396  0.672407  0.107406
-0.380135  0.914323  0.139681  0.534267
-0.666395 -0.166011 -0.726883   1.58235
        0         0         0         1

-0.627959  -0.37217  0.683489 0.0999064
-0.362517  0.917025   0.16627  0.525606
-0.688658 -0.143366 -0.710772   1.54591
        0         0         0         1

 -0.62536 -0.363172  0.690674  0.103024
-0.355322  0.920542  0.162321  0.526173
-0.694745 -0.143903 -0.704713   1.52927
        0         0         0         1

-0.622108 -0.355259   0.69769  0.104824
-0.346356  0.924063  0.161692  0.526309
-0.702153 -0.141059 -0.697914   1.51326
        0         0         0         1

-0.618177 -0.345053  0.706255  0.109547
-0.336351  0.928203  0.159085  0.527737
-0.710441 -0.139206 -0.689852   1.49947
        0         0         0         1

-0.611523 -0.338097  0.715354  0.110646
-0.328601  0.930972  0.159098  0.526928
-0.719765 -0.137774 -0.680409   1.48479
        0         0         0         1

-0.605842 -0.331156  0.723388  0.114378
-0.323581  0.933217  0.156212  0.526981
-0.726809 -0.139435 -0.672538   1.47009
        0         0         0         1

-0.590292 -0.322469  0.739979  0.118175
-0.310988   0.93682  0.160169  0.525089
-0.744877 -0.135578 -0.653282   1.44512
        0         0         0         1

 -0.58305 -0.315238  0.748784  0.124247
-0.303431  0.939453   0.15924  0.528371
-0.753646 -0.134359 -0.643401   1.43504
        0         0         0         1

-0.574942   -0.3107  0.756906  0.130361
 -0.29646   0.94134  0.161218  0.529771
-0.762596 -0.131701 -0.633326    1.4232
        0         0         0         1

-0.559203 -0.311269  0.768377  0.132105
-0.298305  0.940307   0.16382   0.52782
-0.773502 -0.137602 -0.618676   1.40621
        0         0         0         1

-0.547469 -0.308513   0.77788  0.143448
-0.293764  0.941255  0.166559  0.530427
-0.783569 -0.137327 -0.605938   1.38843
        0         0         0         1

-0.543673  -0.31305  0.778729  0.140257
-0.293763  0.940123  0.172838  0.528239
-0.786208 -0.134795 -0.603082   1.38218
        0         0         0         1

 -0.53958 -0.311039  0.782373  0.142567
-0.293616  0.940436   0.17138   0.52744
-0.789078 -0.137244 -0.598766   1.37153
        0         0         0         1

-0.536698 -0.311767  0.784064  0.144125
 -0.29189  0.940463  0.174155  0.528311
-0.791679 -0.135392 -0.595747   1.36815
        0         0         0         1

-0.527318 -0.318485   0.78772  0.144833
-0.295843  0.937901   0.18116  0.525021
  -0.7965 -0.137512 -0.588794   1.35402
        0         0         0         1

-0.523118 -0.316161  0.791448  0.149979
-0.294834  0.938441  0.180006  0.526828
-0.799638 -0.139181 -0.584131   1.34839
        0         0         0         1

-0.522916 -0.318807   0.79052  0.150418
-0.293769  0.938007  0.183963   0.52684
-0.800162 -0.136033 -0.584154   1.34752
        0         0         0         1

-0.523557 -0.320507  0.789407   0.15248
-0.291065  0.938084  0.187829  0.527851
 -0.80073  -0.13143 -0.584429   1.34699
        0         0         0         1

-0.520055 -0.323267  0.790596  0.153488
-0.292831  0.936994  0.190503  0.528039
-0.802367 -0.132439 -0.581951   1.33935
        0         0         0         1

-0.521358 -0.327095  0.788159  0.154719
-0.291635  0.936304  0.195663  0.529052
-0.801957 -0.127844 -0.583541   1.34128
        0         0         0         1

-0.516811 -0.342354  0.784665   0.15413
-0.295465   0.93157  0.211844  0.526426
-0.803496 -0.122358   -0.5826   1.33526
        0         0         0         1

-0.511152 -0.357191  0.781753  0.152774
-0.304037   0.92589  0.224254  0.522547
-0.803919 -0.123054  -0.58187   1.32955
        0         0         0         1

-0.509262 -0.368903  0.777537  0.157951
-0.306734  0.921941  0.236514  0.522688
-0.804094 -0.118049 -0.582664   1.32778
        0         0         0         1

-0.506387 -0.388926  0.769616  0.159546
-0.312869  0.914558  0.256313  0.520327
-0.803545 -0.110995 -0.584803   1.32777
        0         0         0         1

-0.502225 -0.408653  0.762084  0.162391
-0.319141  0.906668  0.275866   0.51725
-0.803691 -0.104665  -0.58577   1.32683
        0         0         0         1

-0.498641 -0.424036   0.75601   0.16596
-0.324598   0.90006  0.290736  0.515188
-0.803737 -0.100426 -0.586448   1.32466
        0         0         0         1

 -0.488054  -0.472617   0.733782   0.174471
 -0.340343    0.87721   0.338627   0.505807
 -0.803722 -0.0844694  -0.588978    1.32121
         0          0          0          1

 -0.489665  -0.483217   0.725761   0.183793
 -0.342128   0.872107   0.349824   0.506323
 -0.801983 -0.0770067  -0.592363    1.32058
         0          0          0          1

  -0.48764  -0.502875    0.71367   0.192877
 -0.348901   0.861584   0.368702   0.503157
 -0.800297 -0.0692063  -0.595596    1.32133
         0          0          0          1

 -0.482465  -0.515563   0.708112   0.203474
 -0.357068   0.853967   0.378474   0.500413
 -0.799832 -0.0702435    -0.5961    1.31929
         0          0          0          1

-0.475131 -0.556342  0.681714  0.221207
-0.369594  0.829274  0.419171  0.491318
-0.798531 -0.052796 -0.599634   1.32702
        0         0         0         1

 -0.468307  -0.576019   0.669993   0.229704
 -0.380282   0.815857   0.435617    0.48531
 -0.797543 -0.0507836  -0.601121    1.32741
         0          0          0          1

 -0.458827  -0.595237   0.659675   0.244522
 -0.397388   0.801517   0.446826   0.478677
 -0.794708 -0.0571315  -0.604298    1.32318
         0          0          0          1

 -0.454952  -0.612853   0.646088   0.257545
 -0.404167   0.788595    0.46343    0.47396
 -0.793516 -0.0502892  -0.606468    1.33036
         0          0          0          1

-0.445372 -0.634985   0.63122  0.274836
 -0.42265  0.770611  0.476997  0.465538
 -0.78931 -0.054344 -0.611585   1.32927
        0         0         0         1

 -0.438269  -0.656372   0.614082   0.287716
 -0.438274   0.752524   0.491552    0.45774
 -0.784752 -0.0537039  -0.617479    1.33076
         0          0          0          1

 -0.416554  -0.699766   0.580354   0.327925
 -0.469009   0.712277   0.522199   0.442279
  -0.77879 -0.0546672  -0.624899    1.33822
         0          0          0          1

-0.405066 -0.717424  0.566767  0.349348
-0.483841  0.694188  0.532917  0.434585
 -0.77577 -0.058358 -0.628311   1.34042
        0         0         0         1

 -0.386727  -0.738539   0.552271   0.374575
 -0.499216   0.671188   0.547988   0.426127
 -0.775387 -0.0637807  -0.628257    1.34334
         0          0          0          1

 -0.368435  -0.756392   0.540487   0.397179
 -0.511881   0.650374   0.561241   0.418267
 -0.776037 -0.0698846  -0.626803    1.34664
         0          0          0          1

 -0.328411  -0.791703   0.515124    0.45261
 -0.546403   0.604098   0.580094   0.399126
 -0.770448 -0.0909562  -0.630981    1.34835
         0          0          0          1

 -0.311028  -0.806184   0.503318   0.478058
 -0.558387   0.583551   0.589637   0.392302
 -0.769068 -0.0976522  -0.631664     1.3517
         0          0          0          1

-0.288178 -0.822573  0.490232  0.509502
-0.571835  0.558473  0.600927  0.382737
-0.768087 -0.107158 -0.631316   1.35515
        0         0         0         1

-0.271237 -0.834087  0.480343  0.539024
-0.586716  0.538891  0.604451  0.374912
-0.763017 -0.117875 -0.635539     1.356
        0         0         0         1

-0.249646 -0.847461  0.468494  0.572766
-0.604175  0.514408   0.60857  0.364894
-0.756736 -0.131125 -0.640435   1.35722
        0         0         0         1

-0.230579 -0.858749  0.457585  0.602205
-0.618122  0.492453  0.612711  0.356024
-0.751504 -0.141566 -0.644361    1.3594
        0         0         0         1

-0.194682 -0.880806  0.431601  0.671439
-0.648551  0.445699  0.617036  0.337019
-0.735853 -0.159789 -0.658018   1.36353
        0         0         0         1

-0.173839 -0.890766  0.419901  0.703106
-0.660125  0.421816  0.621536  0.327922
-0.730764  -0.16914 -0.661344   1.36464
        0         0         0         1

-0.150199 -0.901611  0.405633  0.739755
-0.672787  0.393847  0.626292  0.317788
-0.724429 -0.178836 -0.665748   1.36624
        0         0         0         1

-0.134733 -0.910029  0.392038  0.773364
-0.683812  0.371725  0.627871  0.309084
-0.717111 -0.183485 -0.672373   1.36752
        0         0         0         1

-0.0948076 -0.925254  0.367311  0.846474
-0.709109  0.321734  0.627416  0.290015
-0.698696  -0.20098 -0.686609   1.36878
        0         0         0         1

-0.080861 -0.929356   0.36022  0.881761
-0.717801  0.305042  0.625869  0.281934
-0.691537 -0.207958 -0.691759   1.36822
        0         0         0         1

-0.057283 -0.935345  0.349067  0.919261
-0.727175  0.278658  0.627348  0.272372
-0.684058 -0.217897 -0.696122   1.36613
        0         0         0         1

-0.0413814 -0.937915  0.344388  0.954118
-0.734179  0.262334  0.626229  0.264949
-0.677694 -0.226928 -0.699453   1.36469
        0         0         0         1

-0.0221014 -0.940674  0.338592  0.994267
 -0.74032  0.243007  0.626797  0.256228
-0.671892 -0.236813  -0.70177   1.36161
        0         0         0         1

-0.00401976 -0.943758  0.330614   1.02737
-0.744198  0.223659  0.629401  0.248866
-0.667947 -0.243512 -0.703241   1.35886
        0         0         0         1

0.0295157 -0.947028  0.319791   1.10149
-0.753345  0.189198  0.629821  0.233108
-0.656962 -0.259503 -0.707855   1.35154
        0         0         0         1

0.0387713 -0.947725  0.316725   1.13578
-0.757231  0.178948  0.628155  0.225524
-0.651995 -0.264189 -0.710709   1.34798
        0         0         0         1

0.0528087 -0.948907  0.311105   1.17284
-0.759258  0.164207  0.629733  0.217377
-0.648643 -0.269464 -0.711794   1.34345
        0         0         0         1

0.0641137 -0.949898  0.305915    1.2035
-0.761086  0.151732  0.630654  0.210942
-0.645474 -0.273261 -0.713226    1.3396
        0         0         0         1

0.0841008 -0.951717  0.295232   1.27057
-0.762133  0.129434  0.634351   0.19651
-0.641935 -0.278355 -0.714449   1.32891
        0         0         0         1

0.0919337 -0.952564  0.290121    1.2989
-0.762895  0.119868  0.635313  0.189839
-0.639953 -0.279739 -0.715686   1.32258
        0         0         0         1

0.0962728 -0.953456  0.285749   1.33239
-0.763639  0.113385  0.635609  0.182012
-0.638425 -0.279401 -0.717181   1.31509
        0         0         0         1

 0.100187 -0.954757  0.280004   1.35951
-0.765608  0.105759  0.634555  0.175718
-0.635458 -0.277948 -0.720374   1.30769
        0         0         0         1

  0.10988 -0.955872  0.272461   1.38732
-0.763223 0.0944608  0.639193  0.170023
-0.636723 -0.278183 -0.719164    1.3013
        0         0         0         1

 0.113789 -0.957188  0.266163   1.41192
-0.760852 0.0883173  0.642888  0.164807
-0.638872 -0.275664 -0.718229   1.29563
        0         0         0         1

 0.120818 -0.960366  0.251199   1.46296
-0.756311 0.0748496  0.649917  0.153409
 -0.64296 -0.268506 -0.717292   1.28048
        0         0         0         1

  0.12194 -0.962032  0.244183   1.48388
-0.754756 0.0698922  0.652272  0.148844
-0.644573 -0.263837 -0.717576   1.27414
        0         0         0         1

 0.125312 -0.963464  0.236716   1.50556
-0.753084 0.0629563  0.654906  0.144248
-0.645881 -0.260334  -0.71768   1.26774
        0         0         0         1

 0.124204 -0.964649  0.232435   1.52452
-0.752336 0.0611822  0.655933  0.139686
-0.646966 -0.256339 -0.718141   1.26287
        0         0         0         1

 0.120628 -0.968109  0.219577   1.55958
-0.755594 0.0539169  0.652817  0.131029
-0.643837 -0.244659 -0.724994   1.24983
        0         0         0         1

 0.118791 -0.969054  0.216384   1.57442
-0.756835  0.052695  0.651478  0.126973
 -0.64272 -0.241157 -0.727155   1.24615
        0         0         0         1

  0.11313 -0.971189  0.209747   1.59025
-0.760395  0.051251  0.647436  0.122041
-0.639532 -0.232735 -0.732689   1.24032
        0         0         0         1

    0.111 -0.972463  0.204924    1.6024
-0.762669 0.0488528  0.644941  0.119068
-0.637193 -0.227878 -0.736245   1.23794
        0         0         0         1

 0.104421 -0.973632  0.202821   1.61681
-0.766453 0.0511738  0.640259  0.114442
-0.633756 -0.222309 -0.740899   1.23413
        0         0         0         1

 0.100769 -0.974773  0.199157   1.62678
-0.769471 0.0505356   0.63668  0.111815
-0.630683 -0.217403 -0.744967   1.23063
        0         0         0         1

0.0868474 -0.977322  0.193128   1.64831
-0.775651 0.0553173  0.628734  0.105371
-0.625159 -0.204404 -0.753257   1.22295
        0         0         0         1

0.0856254 -0.978428  0.188008   1.65509
-0.775222 0.0531088  0.629452  0.104754
-0.625858 -0.199645 -0.753952   1.22014
        0         0         0         1

0.0815114 -0.980079  0.181111   1.66304
-0.777105 0.0512858  0.627278  0.103177
-0.624071 -0.191872 -0.757444    1.2149
        0         0         0         1

0.0786769 -0.980938  0.177683   1.66999
-0.777227 0.0512574  0.627129  0.101782
-0.624282 -0.187441 -0.758379   1.21155
        0         0         0         1

0.0744158 -0.982401  0.171319   1.68238
 -0.77489 0.0511713  0.630021  0.101415
  -0.6277 -0.179637 -0.757445   1.20507
        0         0         0         1

0.0706371  -0.98366  0.165601   1.68612
-0.773627 0.0507773  0.631603  0.101479
-0.629691 -0.172728 -0.757399   1.20185
        0         0         0         1

0.0675983 -0.984258    0.1633   1.69114
-0.773532 0.0516719  0.631647  0.101636
-0.630141 -0.169016 -0.757862   1.19702
        0         0         0         1

0.0658372 -0.983251   0.16995    1.6942
-0.772708 0.0575245   0.63215  0.101802
-0.631338 -0.172941 -0.755978   1.19605
        0         0         0         1

0.0629715 -0.983173  0.171479   1.69631
-0.774156 0.0603167  0.630115  0.102339
-0.629855 -0.172431 -0.757331   1.19364
        0         0         0         1

0.0606402 -0.983051  0.173014   1.69834
-0.773729 0.0632124  0.630355  0.102393
-0.630608 -0.172091 -0.756782   1.19347
        0         0         0         1

0.0542575 -0.982732  0.176899   1.70143
-0.774754 0.0703304  0.628339  0.101883
 -0.62993 -0.171145  -0.75756   1.19078
        0         0         0         1

0.0527475  -0.98244  0.178967   1.70097
-0.774921 0.0727679  0.627855  0.103143
-0.629853 -0.171803 -0.757475   1.19104
        0         0         0         1

0.0481085 -0.981995   0.18268   1.70244
-0.774838  0.078725  0.627238  0.103041
-0.630326 -0.171723   -0.7571   1.19164
        0         0         0         1

0.0432308 -0.981973  0.184011   1.70116
-0.776497 0.0828673  0.624648  0.103253
-0.628636 -0.169888 -0.758917   1.19029
        0         0         0         1

0.0371353 -0.981167  0.189556   1.69875
-0.775729 0.0912766   0.62443  0.105454
-0.629973 -0.170233  -0.75773    1.1926
        0         0         0         1

0.0341942 -0.981489  0.188443   1.69649
-0.776361 0.0926516  0.623442  0.106905
-0.629361 -0.167618 -0.758821   1.19323
        0         0         0         1

0.0315674 -0.982079  0.185807   1.69373
-0.777072 0.0928039  0.622532  0.108494
 -0.62862 -0.164037 -0.760217   1.19475
        0         0         0         1

0.0235575 -0.982015  0.187327   1.69255
-0.777973 0.0996722  0.620342  0.108878
-0.627856 -0.160349 -0.761633   1.19714
        0         0         0         1

0.0183948 -0.982186   0.18701   1.68941
-0.778763   0.10323  0.618767  0.110462
-0.627049 -0.157019 -0.762991   1.20019
        0         0         0         1

0.0160692 -0.981575    0.1904   1.68619
-0.779473  0.106967  0.617235  0.112373
-0.626229  -0.15833 -0.763393   1.20401
        0         0         0         1

0.0053995 -0.978579  0.205802   1.67614
-0.783532  0.123734  0.608906  0.117462
-0.621328 -0.164541  -0.76608   1.21395
        0         0         0         1

0.00125645 -0.976054  0.217525   1.67074
-0.786126  0.133481  0.603481  0.120023
-0.618065  -0.17176 -0.767133   1.21972
        0         0         0         1

-0.00539414 -0.972393  0.233286   1.66435
-0.789573  0.147298  0.595716  0.122627
-0.613633 -0.180983  -0.76857   1.22765
        0         0         0         1

-0.00734922 -0.968635  0.248378   1.65832
-0.790911  0.157618  0.591284  0.125936
-0.611887 -0.192099 -0.767263   1.23611
        0         0         0         1

-0.00841539 -0.958291   0.28567   1.64251
-0.799053  0.178202  0.574246  0.135003
-0.601202 -0.223432 -0.767225   1.25561
        0         0         0         1

-0.0136504 -0.952227  0.305087    1.6359
-0.803677  0.191981  0.563247  0.138243
-0.594909 -0.237503 -0.767903   1.26613
        0         0         0         1

-0.0132219 -0.945532  0.325261   1.62589
-0.811026  0.200407  0.549613  0.143791
-0.584861 -0.256528   -0.7695   1.28068
        0         0         0         1

-0.0159406 -0.939175   0.34307   1.61652
 -0.81801  0.209559  0.535673  0.148316
-0.574984 -0.272095 -0.771594   1.29538
        0         0         0         1

-0.0196123 -0.932817  0.359817    1.6039
 -0.82752  0.217113  0.517757  0.154912
-0.561093 -0.287601 -0.776183   1.31311
        0         0         0         1

-0.0236661 -0.926732  0.374976   1.59165
-0.836656  0.223668  0.499979  0.160563
-0.547217 -0.301894 -0.780649   1.33007
        0         0         0         1

-0.0345286 -0.912616  0.407356   1.56424
-0.853449  0.239017  0.463138  0.175793
-0.520032 -0.331666 -0.787124   1.37348
        0         0         0         1

-0.0360055 -0.906566  0.420526   1.55043
 -0.86111  0.241687  0.447298  0.184166
-0.507141 -0.346014 -0.789355   1.39352
        0         0         0         1

-0.0406768 -0.898601  0.436878   1.53393
-0.868935  0.247662  0.428503  0.193559
-0.493251 -0.362189   -0.7909   1.41704
        0         0         0         1

-0.0427357 -0.891683  0.450638    1.5179
  -0.8757  0.250567  0.412754  0.203944
 -0.48096 -0.376985 -0.791555   1.43772
        0         0         0         1

-0.0458322 -0.883275   0.46661   1.49841
-0.882697  0.254502  0.395062  0.216163
-0.467701 -0.393768 -0.791329   1.46389
        0         0         0         1

-0.0505435 -0.875173  0.481162    1.4812
-0.887239  0.260541  0.380691  0.227253
-0.458533 -0.407664 -0.789656   1.48816
        0         0         0         1

-0.0667846 -0.861365  0.503578    1.4389
-0.901489  0.268396  0.339532  0.254068
-0.427619 -0.431294 -0.794435   1.54197
        0         0         0         1

-0.0754274 -0.855347  0.512535    1.4202
-0.907453  0.271938  0.320279  0.266472
-0.413328 -0.440944 -0.796699   1.56759
        0         0         0         1

-0.0862766 -0.850861  0.518258   1.39575
-0.913518  0.275139  0.299638  0.282668
-0.397543 -0.447587 -0.801015   1.59842
        0         0         0         1

-0.0959623 -0.847888  0.521418    1.3737
-0.917343   0.27866  0.284306  0.297042
-0.386358 -0.451037 -0.804546   1.62742
        0         0         0         1

-0.132605 -0.847389  0.514148   1.32889
-0.926114   0.29076  0.240358  0.329424
-0.353171 -0.444287 -0.823335   1.68878
        0         0         0         1

  -0.1485 -0.850704  0.504233   1.30343
-0.930023  0.293465  0.221214  0.347127
-0.336162 -0.436098 -0.834753   1.71605
        0         0         0         1

-0.171822 -0.854698  0.489867   1.28143
 -0.93208  0.302022  0.200026   0.36514
-0.318912 -0.422226  -0.84854   1.74979
        0         0         0         1

-0.202044 -0.856693  0.474611   1.26554
-0.929926  0.319852  0.181475  0.379738
-0.307273 -0.404687 -0.861285   1.78016
        0         0         0         1

-0.226271 -0.860713  0.456042   1.23996
-0.929561  0.330705  0.162945  0.400375
-0.291064 -0.387049 -0.874914   1.81257
        0         0         0         1

-0.253287 -0.865262  0.432629   1.21909
 -0.92713  0.344794  0.146793  0.419944
-0.276182 -0.363923 -0.889541   1.84124
        0         0         0         1

-0.309084 -0.879182  0.362636   1.17381
 -0.91886  0.374409  0.124556  0.462663
-0.245282 -0.294713  -0.92357   1.90581
        0         0         0         1

-0.341038 -0.883811  0.320268   1.15637
-0.912087  0.393576  0.114872  0.482353
-0.227575 -0.252936 -0.940337   1.93421
        0         0         0         1

-0.380254 -0.886595  0.263356   1.13828
-0.900671  0.419696  0.112456  0.505088
-0.210232 -0.194435 -0.958122   1.96877
        0         0         0         1

-0.412548  -0.88417  0.219198   1.11852
-0.892433  0.440545 0.0973795  0.530264
-0.182667 -0.155446 -0.970809   1.99164
        0         0         0         1

 -0.501123   -0.85653   0.123423    1.09203
 -0.855399   0.511876  0.0792181   0.582115
  -0.13103 -0.0658776  -0.989187     2.0581
         0          0          0          1

 -0.544222  -0.834311  0.0880243    1.08678
 -0.833037   0.549835  0.0610787   0.610298
-0.0993574 -0.0400872  -0.994244    2.07847
         0          0          0          1

 -0.576798  -0.813858  0.0702773    1.06622
 -0.812746   0.580398  0.0508158    0.63787
-0.0821457 -0.0278072  -0.996232    2.11072
         0          0          0          1

 -0.603206  -0.795511   0.057492    1.05147
 -0.795222   0.605399  0.0333688   0.667845
-0.0613508 -0.0255906  -0.997788    2.13378
         0          0          0          1

    -0.66208    -0.747832     0.048968       1.0282
   -0.748748     0.662855 -0.000544269     0.726306
  -0.0320517    -0.037025      -0.9988      2.18549
           0            0            0            1

 -0.690723  -0.722035  0.0395913    1.02531
 -0.723002   0.690563 -0.0197716   0.754048
-0.0130645 -0.0422812   -0.99902     2.2131
         0          0          0          1

 -0.722484  -0.690605   0.032874    1.02145
 -0.691341   0.721069 -0.0458999   0.788845
 0.0079943 -0.0558891  -0.998405    2.23274
         0          0          0          1

 -0.740833   -0.67141  0.0193579    1.01555
 -0.670618   0.737717 -0.0777522   0.824621
  0.037923 -0.0705831  -0.996785    2.24595
         0          0          0          1

   -0.77341   -0.633906 0.000824786      1.0231
  -0.630207    0.768755   -0.108876    0.865651
  0.0683829  -0.0847252   -0.994055      2.2626
          0           0           0           1

 -0.794807  -0.606742 -0.0120402     1.0199
 -0.600835   0.789548   -0.12495    0.89599
 0.0853185 -0.0920766   -0.99209    2.28257
         0          0          0          1

 -0.826403  -0.561337 -0.0442576    1.00095
 -0.547896   0.819761  -0.166736   0.968144
  0.129876  -0.113543  -0.985008     2.3144
         0          0          0          1

-0.842116 -0.536116 -0.058493  0.993896
 -0.52158  0.837218 -0.164376  0.993438
 0.137096 -0.107915 -0.984662   2.34611
        0         0         0         1

-0.863473 -0.494145 -0.101173   1.01175
-0.472193  0.862439 -0.182301    1.0333
 0.177338 -0.109639 -0.978024   2.35797
        0         0         0         1

