 -0.789296  -0.609705  0.0726018   0.747311
 -0.613696   0.787151 -0.0614034   0.830236
-0.0197106 -0.0930209  -0.995469    2.30219
         0          0          0          1

 -0.770595  -0.631267  0.0876678   0.743333
 -0.636188   0.770123 -0.0466482   0.798204
-0.0380675   -0.09172  -0.995057    2.29363
         0          0          0          1

 -0.748843  -0.654308   0.105426   0.736177
 -0.660054   0.750629 -0.0297308   0.765169
-0.0596829 -0.0918507  -0.993983    2.28526
         0          0          0          1

 -0.721111  -0.681346   0.125565   0.717002
 -0.688007   0.725568 -0.0140702   0.733664
-0.0815194 -0.0965358  -0.991986    2.27744
         0          0          0          1

-0.694853 -0.704122  0.146259  0.705276
-0.711331  0.702844 0.0042245  0.700287
-0.105772 -0.101103 -0.989237   2.26661
        0         0         0         1

-0.678515 -0.717907  0.155648  0.706087
-0.723638  0.689672 0.0264757  0.666735
-0.126353 -0.094669 -0.987458   2.26761
        0         0         0         1

-0.628615  -0.75269  0.195708  0.684653
 -0.75835  0.649044 0.0603897  0.607656
-0.172478 -0.110454 -0.978801   2.24021
        0         0         0         1

-0.611175 -0.762844  0.211033  0.682523
-0.767519  0.636335 0.0774104  0.581506
 -0.19334  -0.11466 -0.974409   2.22771
        0         0         0         1

-0.589109 -0.774153  0.231599  0.676434
-0.781216  0.618902 0.0816206  0.559738
-0.206524 -0.132845 -0.969381   2.20432
        0         0         0         1

 -0.57686  -0.78024  0.241779   0.67672
-0.786356  0.610557   0.09415  0.535748
-0.221079 -0.135813 -0.965753   2.19389
        0         0         0         1

-0.542105 -0.792312  0.279937  0.670709
-0.799601   0.58881  0.118074  0.489215
-0.258381  -0.15983  -0.95273   2.16146
        0         0         0         1

-0.525855 -0.798938  0.291846  0.669284
-0.802553  0.579704  0.140898  0.462803
-0.281753  -0.16013  -0.94603   2.15451
        0         0         0         1

-0.506438 -0.803159  0.313779  0.664268
-0.808558  0.568761  0.150812  0.441142
-0.299591 -0.177331 -0.937443   2.13142
        0         0         0         1

-0.506438 -0.803159  0.313779  0.664268
-0.808558  0.568761  0.150812  0.441142
-0.299591 -0.177331 -0.937443   2.13142
        0         0         0         1

-0.456933 -0.808921  0.369944   0.66207
-0.816329  0.546546  0.186799   0.37981
-0.353297 -0.216641 -0.910081   2.08134
        0         0         0         1

-0.436278  -0.81021  0.391435  0.659156
-0.818263  0.538193  0.201974  0.361464
-0.374309  -0.23218 -0.897767    2.0618
        0         0         0         1

-0.416887 -0.810547  0.411361  0.658337
 -0.82004  0.530607  0.214453  0.342639
-0.392096  -0.24793 -0.885885    2.0404
        0         0         0         1

-0.397441 -0.809538  0.432076  0.659602
-0.818945  0.525337  0.230974  0.324744
-0.413968 -0.262048 -0.871758   2.02321
        0         0         0         1

 -0.38438 -0.803504   0.45457  0.667507
-0.816944  0.525378  0.237865  0.307689
-0.429947 -0.279928 -0.858363   2.00262
        0         0         0         1

-0.363974 -0.801521  0.474434  0.667962
-0.820468  0.517006  0.244002  0.293797
-0.440858 -0.300448 -0.845799   1.97978
        0         0         0         1

-0.342792 -0.807898  0.479369  0.673555
 -0.81852  0.507278  0.269618  0.260517
-0.460997  -0.29995 -0.835172   1.94702
        0         0         0         1

-0.328836  -0.80715  0.490281  0.674274
-0.816607  0.503791  0.281686  0.244717
-0.474363 -0.307739 -0.824789   1.92994
        0         0         0         1

-0.317773 -0.803939  0.502695  0.677386
-0.813742  0.503361  0.290606  0.230361
-0.486666 -0.316717 -0.814153   1.90906
        0         0         0         1

-0.310942 -0.801114  0.511402  0.682493
-0.810407  0.504592  0.297704  0.218536
-0.496544 -0.321875 -0.806127   1.89188
        0         0         0         1

-0.300619 -0.797183  0.523573  0.686204
-0.807973  0.504554  0.304312   0.20518
-0.506763  -0.33155  -0.79578   1.87114
        0         0         0         1

-0.291987  -0.79329  0.534261  0.690088
-0.802835   0.50689  0.313877  0.192539
-0.519807 -0.337275 -0.784886   1.85406
        0         0         0         1

-0.276051 -0.785923  0.553281  0.698024
-0.794479  0.510556   0.32884  0.168676
-0.540924 -0.348794 -0.765339   1.81591
        0         0         0         1

-0.269045 -0.782651  0.561313  0.701187
-0.790584  0.512326  0.335409  0.157973
-0.550083 -0.353525  -0.75659   1.79851
        0         0         0         1

-0.262704  -0.77766  0.571167   0.70599
-0.785376  0.516219  0.341618  0.146946
 -0.56051 -0.358837 -0.746368   1.77961
        0         0         0         1

  -0.2545 -0.773154  0.580916  0.708618
-0.781229  0.518427  0.347728  0.136971
 -0.57001 -0.365331  -0.73595   1.76184
        0         0         0         1

-0.245069 -0.761293  0.600312  0.717995
-0.769625  0.529318  0.357072  0.118688
-0.589592 -0.374508 -0.715629   1.72601
        0         0         0         1

-0.242592 -0.756106  0.607826  0.722361
-0.763272  0.535485  0.361486  0.110533
-0.598804 -0.376243 -0.707019    1.7101
        0         0         0         1

-0.235542 -0.752186  0.615416  0.725139
-0.758382  0.538253  0.367614  0.101847
-0.607764 -0.380132 -0.697225   1.69352
        0         0         0         1

-0.235058 -0.749025  0.619443  0.729127
-0.754541  0.542354  0.369487 0.0946213
-0.612712 -0.380545 -0.692654   1.67892
        0         0         0         1

-0.230929 -0.744921  0.625911  0.732791
-0.749009  0.546701  0.374304 0.0865912
-0.621013 -0.382375 -0.684201   1.66457
        0         0         0         1

-0.230111 -0.741268  0.630533  0.736762
-0.743809  0.551771  0.377223 0.0795433
-0.627533 -0.382193  -0.67833   1.65241
        0         0         0         1

-0.228269 -0.736317   0.63697  0.745182
-0.733892  0.560043  0.384389 0.0664395
-0.639762 -0.379723 -0.668218   1.62782
        0         0         0         1

-0.222867 -0.736887  0.638223  0.747577
-0.731003  0.559463  0.390686 0.0605741
-0.644954 -0.379471 -0.663352   1.61676
        0         0         0         1

-0.218946 -0.736384  0.640157  0.750679
-0.728549  0.559798  0.394769 0.0546975
 -0.64906 -0.379953 -0.659057    1.6043
        0         0         0         1

-0.218248 -0.736283  0.640512  0.755185
-0.725022  0.561661  0.398598 0.0502571
-0.653231 -0.377392 -0.656403   1.59443
        0         0         0         1

-0.218068 -0.740009  0.636265  0.762812
-0.718235   0.56309   0.40874 0.0411968
-0.660746 -0.367855 -0.654292   1.57514
        0         0         0         1

-0.220942 -0.740697  0.634471  0.766439
-0.715846  0.564991  0.410305 0.0377198
-0.662381  -0.36353 -0.655055   1.56685
        0         0         0         1

-0.219518 -0.741776  0.633704  0.768788
 -0.71298  0.565346  0.414781 0.0338105
-0.665937 -0.360766 -0.652975   1.55817
        0         0         0         1

-0.218791 -0.742112  0.633561  0.770604
 -0.70996  0.566494   0.41838 0.0304762
-0.669393 -0.358265 -0.650814   1.55053
        0         0         0         1

-0.217722 -0.741388  0.634776  0.773086
-0.706366   0.56851  0.421715 0.0273991
-0.673531 -0.356567 -0.647469   1.54309
        0         0         0         1

-0.217118 -0.739517  0.637162  0.775238
   -0.704  0.570791   0.42259 0.0249183
-0.676198  -0.35681 -0.644549   1.53601
        0         0         0         1

-0.211623 -0.735257  0.643904  0.778394
 -0.69946  0.574087  0.425653 0.0199268
-0.682621 -0.360307 -0.635773   1.52296
        0         0         0         1

-0.209378 -0.732284  0.648013  0.780371
-0.697606  0.576244  0.425781 0.0179711
-0.685206 -0.362909 -0.631498   1.51675
        0         0         0         1

-0.205767 -0.729475  0.652324  0.782176
-0.695359  0.578022  0.427044 0.0160471
-0.688575 -0.365728 -0.626185   1.51114
        0         0         0         1

 -0.20292 -0.726645  0.656361  0.783702
-0.694371  0.579405  0.426778 0.0142849
-0.690415 -0.369157 -0.622134   1.50586
        0         0         0         1

-0.199887 -0.722478  0.661869  0.786775
-0.692981  0.581793  0.425787 0.0115599
-0.692692 -0.373553 -0.616956   1.49648
        0         0         0         1

-0.198298 -0.722265  0.662579  0.787389
-0.692281  0.581756  0.426974 0.0101779
-0.693848 -0.374023 -0.615371   1.49307
        0         0         0         1

 -0.198141  -0.722486   0.662385    0.78814
 -0.691248   0.582115   0.428157 0.00898197
 -0.694922  -0.373037  -0.614758    1.48967
         0          0          0          1

 -0.197415  -0.724405   0.660503   0.787979
 -0.692813   0.579778   0.428798 0.00783056
 -0.693568  -0.372954  -0.616334    1.48572
         0          0          0          1

 -0.198082  -0.727534   0.656854    0.78875
 -0.693685   0.577503   0.430455 0.00648133
 -0.692506  -0.370385  -0.619073    1.48417
         0          0          0          1

 -0.197369  -0.731286   0.652891   0.790144
 -0.695343   0.573894   0.432602 0.00536299
 -0.691046  -0.368601  -0.621763    1.48238
         0          0          0          1

 -0.191236  -0.741421   0.643214   0.794935
 -0.700391    0.56218   0.439779 0.00286023
 -0.687664    -0.3664  -0.626793    1.47924
         0          0          0          1

 -0.187428  -0.744901   0.640307   0.797865
 -0.703265   0.556856   0.441961 0.00208563
 -0.685776   -0.36747  -0.628233    1.47783
         0          0          0          1

-0.181584 -0.747137  0.639385  0.800978
-0.705086  0.552149  0.444956 0.0012521
-0.685479 -0.370024 -0.627057   1.47713
        0         0         0         1

  -0.175477   -0.749549    0.638266    0.804771
  -0.708123      0.5465    0.447101 0.000846147
  -0.683937   -0.373515   -0.626672     1.47577
          0           0           0           1

 -0.167676  -0.754321   0.634732   0.809663
  -0.71158   0.538214   0.451641 0.00032955
 -0.682304  -0.375933  -0.627005    1.47526
         0          0          0          1

   -0.159461    -0.759176      0.63105     0.814084
   -0.715634     0.529223      0.45584 -0.000475269
   -0.680029    -0.378912    -0.627683      1.47495
           0            0            0            1

  -0.146355   -0.771553    0.619101    0.825454
   -0.72458    0.509685    0.463903 -0.00175139
  -0.673472   -0.380694   -0.633647     1.47554
          0           0           0           1

  -0.13905  -0.779075   0.611316   0.831186
 -0.727162   0.499378   0.471018 -0.0020735
 -0.672236   -0.37903  -0.635952    1.47682
         0          0          0          1

  -0.131335    -0.78697    0.602851    0.838675
  -0.732468    0.486815    0.475922 -0.00310335
  -0.668014   -0.379064   -0.640366     1.47727
          0           0           0           1

  -0.127487   -0.793759    0.594721    0.846861
  -0.736958     0.47711     0.47881 -0.00360114
  -0.663807   -0.377242   -0.645793     1.47791
          0           0           0           1

 -0.113118  -0.809341   0.576343   0.866634
 -0.745886   0.452386   0.488877 -0.0056975
 -0.656398  -0.374586  -0.654849    1.47922
         0          0          0          1

  -0.104552   -0.817524    0.566325    0.876677
  -0.750236    0.438646    0.494708 -0.00686188
  -0.652852   -0.373155   -0.659197     1.47988
          0           0           0           1

 -0.0987974   -0.826728    0.553859    0.888753
  -0.753867    0.425491    0.500642 -0.00875868
  -0.649557   -0.368074    -0.66528     1.48134
          0           0           0           1

 -0.090812  -0.834396   0.543633   0.900539
 -0.758955   0.411425   0.504695 -0.0105865
  -0.64478   -0.36676  -0.670631    1.48177
         0          0          0          1

-0.0820699  -0.842815    0.53191   0.914114
 -0.763632   0.396131    0.50985 -0.0129207
 -0.640415   -0.36434   -0.67611    1.48218
         0          0          0          1

-0.0754981  -0.849354   0.522396    0.92789
 -0.768085   0.383622   0.512718 -0.0148306
 -0.635882  -0.362535  -0.681338    1.48229
         0          0          0          1

-0.0578355  -0.860654   0.505894   0.959352
 -0.774381   0.358494    0.52136 -0.0193095
  -0.63007  -0.361602  -0.687208    1.48273
         0          0          0          1

-0.0476165  -0.864871   0.499731   0.974406
 -0.776934   0.346501   0.525652 -0.0216658
 -0.627778  -0.363228  -0.688447    1.48277
         0          0          0          1

-0.0402804  -0.868442   0.494151   0.991903
 -0.781388   0.335608   0.526118 -0.0244371
 -0.622744  -0.364931  -0.692109    1.48176
         0          0          0          1

-0.0325152  -0.870477   0.491134     1.0087
 -0.784191   0.326881   0.527441 -0.0273858
 -0.619668  -0.367993  -0.693248    1.48204
         0          0          0          1

-0.0197276  -0.874766   0.484144    1.04472
  -0.79178   0.309348   0.526676 -0.0350086
 -0.610488  -0.372946  -0.698725    1.48116
         0          0          0          1

-0.0145096  -0.876692   0.480833    1.06169
 -0.794747   0.301927   0.526514 -0.0390971
 -0.606767  -0.374501  -0.701129    1.48092
         0          0          0          1

-0.0084853  -0.879358   0.476087    1.07983
 -0.798075   0.292817   0.526625 -0.0437499
 -0.602498  -0.375484  -0.704278    1.48058
         0          0          0          1

-0.00320065  -0.881635    0.47192    1.09614
 -0.801351    0.28456   0.526177 -0.0487366
 -0.598186   -0.37649   -0.70741    1.48017
         0          0          0          1

-3.05264e-05  -0.883716   0.468024    1.11402
 -0.804714    0.27787   0.524618 -0.0543764
 -0.593663  -0.376609  -0.711147    1.47943
         0          0          0          1

0.00150242  -0.885782   0.464099    1.13066
 -0.808189   0.272243    0.52222 -0.0596154
 -0.588921  -0.375865  -0.715471    1.47839
         0          0          0          1

0.00473179   -0.88792   0.459975    1.16438
 -0.812529   0.264712   0.519349 -0.0719115
 -0.582901    -0.3762  -0.720208    1.47671
         0          0          0          1

0.00562118  -0.887712   0.460364     1.1797
 -0.814544    0.26299   0.517064 -0.0779052
 -0.580075  -0.377893  -0.721602    1.47535
         0          0          0          1

0.00697353  -0.887786   0.460204    1.19601
 -0.816393   0.260705   0.515302 -0.0843922
 -0.577455    -0.3793  -0.722964    1.47384
         0          0          0          1

0.00786466  -0.887147    0.46142     1.2109
 -0.816783   0.260507   0.514784 -0.0905571
 -0.576892  -0.380928  -0.722557    1.47299
         0          0          0          1

0.00929693 -0.886116  0.463371   1.24063
-0.819373  0.258869  0.511482 -0.104227
-0.573185 -0.384429 -0.723653   1.47029
        0         0         0         1

0.00894111  -0.88566  0.464249   1.25435
-0.819957  0.259243  0.510357 -0.110968
-0.572356 -0.385227 -0.723885   1.46946
        0         0         0         1

0.00965385 -0.885439  0.464655   1.26852
 -0.82072  0.258442  0.509535 -0.118432
-0.571248 -0.386271 -0.724203   1.46881
        0         0         0         1

0.00976807 -0.885444  0.464644   1.28104
-0.821927  0.257535  0.508047 -0.125596
-0.569509 -0.386866 -0.725254   1.46813
        0         0         0         1

0.00961108 -0.885896  0.463785   1.29417
 -0.82327  0.256244  0.506523 -0.133408
-0.567569 -0.386688 -0.726869   1.46755
        0         0         0         1

0.00923419 -0.886792  0.462077   1.30595
-0.825002  0.254364  0.504648  -0.14082
-0.565054 -0.385874 -0.729256   1.46702
        0         0         0         1

0.00676038 -0.888341  0.459135   1.33019
-0.829289  0.251586  0.498984 -0.157512
 -0.55878 -0.384128  -0.73499   1.46634
        0         0         0         1

0.00529674 -0.888565  0.458721   1.34088
-0.830666  0.251488  0.496737 -0.165635
-0.556746 -0.383675 -0.736769   1.46672
        0         0         0         1

0.00442675  -0.88926  0.457381   1.35191
-0.832738  0.249955  0.494034 -0.174481
-0.553649 -0.383066 -0.739414   1.46719
        0         0         0         1

0.00325797   -0.8904  0.455166   1.36122
-0.835196  0.247895  0.490913 -0.182458
-0.549943 -0.381752 -0.742851   1.46725
        0         0         0         1

-0.000223206 -0.892644  0.450763   1.38052
-0.838439  0.245831  0.486403 -0.199662
-0.544996 -0.377829 -0.748482   1.46895
        0         0         0         1

-0.00283677 -0.893521  0.449013   1.38895
-0.840004  0.245753  0.483734  -0.20766
-0.542573 -0.375801 -0.751258   1.46973
        0         0         0         1

-0.00622011 -0.894493  0.447039   1.39785
-0.842388  0.245577  0.479661 -0.216341
-0.538836 -0.373596 -0.755037   1.47049
        0         0         0         1

-0.00905551 -0.895715  0.444537   1.40555
-0.844716  0.244761   0.47597 -0.223762
-0.535139 -0.371198 -0.758841   1.47096
        0         0         0         1

-0.0124173 -0.896431  0.443009    1.4137
-0.846232  0.245435   0.47292 -0.231905
 -0.53267 -0.369016 -0.761637   1.47162
        0         0         0         1

-0.0164369 -0.897208  0.441303   1.42095
-0.847764  0.246512  0.469604 -0.239259
-0.530118 -0.366402 -0.764672   1.47204
        0         0         0         1

-0.0231165 -0.897815  0.439766   1.43534
-0.851162  0.248409  0.462402 -0.253682
-0.524394 -0.363623 -0.769928   1.47225
        0         0         0         1

-0.0277058  -0.89787  0.439388    1.4418
 -0.85241  0.250819  0.458788 -0.260032
-0.522139 -0.361828 -0.772303   1.47182
        0         0         0         1

-0.0329448 -0.897624  0.439529   1.44862
-0.852989  0.254447  0.455706 -0.266686
-0.520889   -0.3599 -0.774046   1.47099
        0         0         0         1

-0.0366723  -0.89759  0.439304   1.45429
-0.853771  0.256603  0.453022 -0.272041
-0.519355 -0.358452 -0.775746   1.46981
        0         0         0         1

-0.0456111  -0.89746  0.438731   1.46585
-0.854439  0.262585   0.44831 -0.282653
-0.517545 -0.354422 -0.778802   1.46682
        0         0         0         1

-0.0497972 -0.897844   0.43749   1.47061
-0.854959  0.264757  0.446036 -0.286842
-0.516299 -0.351824 -0.780804   1.46473
        0         0         0         1

-0.055703 -0.897818   0.43683   1.47571
-0.855244   0.26867  0.443141 -0.291367
-0.515223 -0.348912 -0.782819   1.46238
        0         0         0         1

-0.0593357 -0.897556  0.436889   1.48011
-0.855095  0.271522  0.441688   -0.2949
-0.515065 -0.347374 -0.783607   1.46049
        0         0         0         1

-0.0637253 -0.897697   0.43598   1.48442
-0.855423   0.27414  0.439429 -0.298387
-0.513994 -0.344945 -0.785381   1.45778
        0         0         0         1

-0.0680918 -0.897596  0.435528   1.48807
-0.855586  0.277074  0.437268 -0.301161
-0.513163 -0.342857 -0.786837   1.45543
        0         0         0         1

-0.0779161 -0.895894  0.437382   1.49554
-0.854382  0.286091  0.433802 -0.306652
-0.513772 -0.339891 -0.787726   1.45029
        0         0         0         1

-0.0808876  -0.89499  0.438692    1.4986
-0.854052  0.289146  0.432423 -0.308421
 -0.51386 -0.339688 -0.787756   1.44786
        0         0         0         1

-0.0848775 -0.894023  0.439908   1.50163
-0.853849  0.292818  0.430348  -0.31029
-0.513554 -0.339088 -0.788214   1.44499
        0         0         0         1

-0.088201 -0.893231  0.440862   1.50416
-0.853256   0.29612  0.429263 -0.311657
-0.513979 -0.338307 -0.788273   1.44263
        0         0         0         1

-0.0958794 -0.890967  0.443829   1.50848
-0.852491  0.303688  0.425479 -0.313831
-0.513874 -0.337566 -0.788659   1.43767
        0         0         0         1

-0.0980385  -0.89021  0.444876   1.51008
 -0.85255   0.30573  0.423897 -0.314378
-0.513369 -0.337721 -0.788922   1.43537
        0         0         0         1

-0.102364 -0.889243  0.445834    1.5116
-0.852054  0.309672  0.422027 -0.314937
-0.513347 -0.336674 -0.789383   1.43268
        0         0         0         1

-0.106317 -0.888602  0.446188   1.51275
-0.851499  0.313084  0.420627 -0.315352
-0.513465 -0.335209  -0.78993   1.43022
        0         0         0         1

-0.110006 -0.888021   0.44645   1.51378
-0.850842   0.31632  0.419535 -0.315561
-0.513777 -0.333707 -0.790362   1.42765
        0         0         0         1

-0.113634 -0.886342  0.448871   1.51486
-0.851007  0.319985  0.416408 -0.315685
-0.512712 -0.334674 -0.790645   1.42502
        0         0         0         1

-0.119214 -0.887648  0.444825   1.51612
-0.851556  0.321781  0.413895 -0.315423
 -0.51053 -0.329451 -0.794243   1.42067
        0         0         0         1

-0.120794 -0.889395  0.440892   1.51711
-0.851854  0.320906  0.413963 -0.315541
-0.509661 -0.325571 -0.796398   1.41943
        0         0         0         1

-0.122682 -0.892295  0.434464   1.51806
-0.852672  0.318776  0.413923 -0.315636
-0.507838 -0.319675 -0.799943   1.41856
        0         0         0         1

-0.124674 -0.894024  0.430323   1.51875
-0.853732  0.317653    0.4126 -0.315858
-0.505567  -0.31594  -0.80286   1.41776
        0         0         0         1

-0.127095 -0.896462  0.424503   1.52022
-0.854165   0.31648  0.412604 -0.316269
-0.504231 -0.310155  -0.80595   1.41687
        0         0         0         1

-0.128728 -0.897489  0.421832   1.52068
-0.854285   0.31638  0.412434 -0.316425
-0.503614 -0.307273 -0.807438   1.41638
        0         0         0         1

-0.128554 -0.898419  0.419901   1.52075
-0.854893  0.314995  0.412234 -0.316076
-0.502626 -0.305976 -0.808546   1.41591
        0         0         0         1

-0.130015 -0.898632  0.418994   1.52093
-0.854485  0.315905  0.412383  -0.31602
-0.502943 -0.304408  -0.80894   1.41546
        0         0         0         1

-0.131327 -0.898796  0.418232    1.5208
-0.853987  0.316824  0.412709 -0.315749
-0.503447 -0.302965 -0.809168   1.41491
        0         0         0         1

-0.131744 -0.899434  0.416728   1.52067
-0.853536  0.316711  0.413728 -0.315229
-0.504103 -0.301185 -0.809424   1.41427
        0         0         0         1

-0.133428 -0.900817   0.41319   1.52002
-0.852508  0.316934  0.415672 -0.314001
-0.505398 -0.296785 -0.810241   1.41291
        0         0         0         1

-0.134086 -0.901533  0.411412   1.51964
 -0.85222  0.316769  0.416388 -0.313284
 -0.50571 -0.294781 -0.810778   1.41212
        0         0         0         1

-0.134948 -0.902564  0.408861   1.51926
-0.851703  0.316528  0.417626 -0.312551
 -0.50635  -0.29187 -0.811432   1.41137
        0         0         0         1

-0.135189 -0.903076  0.407649   1.51891
-0.851183  0.316445  0.418749 -0.311718
-0.507161 -0.290374 -0.811462   1.41108
        0         0         0         1

-0.137074 -0.904501  0.403841   1.51783
-0.850457  0.316489  0.420187 -0.309775
-0.507871 -0.285853 -0.812622    1.4103
        0         0         0         1

-0.137439 -0.903917  0.405025   1.51739
 -0.84919  0.318023  0.421589 -0.308775
-0.509889 -0.286001 -0.811306   1.41031
        0         0         0         1

 -0.13597 -0.903316  0.406858   1.51653
-0.848721  0.318053   0.42251 -0.307268
-0.511062  -0.28786 -0.809909   1.41034
        0         0         0         1

-0.134685  -0.90225   0.40964   1.51558
 -0.84822  0.318687  0.423037 -0.305727
-0.512233 -0.290488 -0.808229    1.4108
        0         0         0         1

-0.132209 -0.901353  0.412411   1.51379
-0.848288  0.318119   0.42333 -0.303419
-0.512765 -0.293875 -0.806665   1.41118
        0         0         0         1

-0.131476 -0.899466  0.416743   1.51231
-0.847822  0.319883  0.422934  -0.30188
-0.513724 -0.297718 -0.804644   1.41214
        0         0         0         1

-0.127535 -0.895407  0.426592   1.50725
-0.847771  0.321654  0.421691 -0.296953
  -0.5148 -0.307872 -0.800122   1.41462
        0         0         0         1

-0.124103  -0.89275  0.433124   1.50418
-0.847404  0.322449  0.421822 -0.294339
-0.516242 -0.314682 -0.796536   1.41651
        0         0         0         1

-0.121313 -0.889723  0.440087   1.50067
-0.846925   0.32401  0.421588 -0.291495
-0.517689 -0.321577 -0.792835   1.41875
        0         0         0         1

-0.116122 -0.887127  0.446677   1.49698
-0.847114  0.323258  0.421785 -0.288416
-0.518569 -0.329408 -0.789035   1.42158
        0         0         0         1

-0.104897 -0.881052  0.461241   1.48833
-0.848204  0.321394  0.421017 -0.281615
-0.519178 -0.347063 -0.781025   1.42952
        0         0         0         1

-0.0991589   -0.8786   0.46715   1.48338
-0.849356  0.319318  0.420274 -0.277962
-0.518422 -0.355103 -0.777908   1.43402
        0         0         0         1

-0.0888863 -0.875834  0.474356   1.47761
 -0.85087  0.314346   0.42096  -0.27344
-0.517803 -0.366197 -0.773162   1.44001
        0         0         0         1

-0.0888863 -0.875834  0.474356   1.47761
 -0.85087  0.314346   0.42096  -0.27344
-0.517803 -0.366197 -0.773162   1.44001
        0         0         0         1

-0.0644279 -0.869764  0.489244   1.45839
-0.857046  0.299368  0.419346 -0.260565
-0.511196 -0.392287 -0.764715   1.46079
        0         0         0         1

-0.0542665 -0.869257  0.491373   1.45102
 -0.86041  0.290423  0.418748 -0.255943
-0.506705 -0.400058 -0.763677   1.46884
        0         0         0         1

-0.0436406 -0.868178  0.494331   1.44256
-0.863949  0.281267  0.417709 -0.250969
-0.501685 -0.408847 -0.762336   1.47897
        0         0         0         1

-0.0326709 -0.867053  0.497144   1.43398
-0.867326  0.271774  0.416994 -0.245924
-0.496667 -0.417562 -0.760897   1.48873
        0         0         0         1

-0.0229201 -0.864873  0.501468    1.4244
-0.870633  0.263818  0.415208 -0.240703
-0.491398 -0.427078 -0.759034   1.50022
        0         0         0         1

-0.0124417  -0.86297  0.505103   1.41454
-0.874045  0.254745  0.413704 -0.235103
-0.485686 -0.436335 -0.757444   1.51121
        0         0         0         1

0.00964255 -0.856128  0.516674   1.39075
-0.881689  0.236476  0.408295 -0.222211
-0.471733 -0.459483 -0.752558   1.53664
        0         0         0         1

0.0177334  -0.85227  0.522802   1.37871
-0.885199  0.229731  0.404532 -0.215735
-0.464875 -0.469958 -0.750354   1.54885
        0         0         0         1

0.0273228 -0.847611  0.529914   1.36488
-0.888789  0.222019  0.400951 -0.208289
-0.457501 -0.481937 -0.747281    1.5629
        0         0         0         1

0.0363404 -0.842886  0.536864   1.35138
-0.891154  0.215781  0.399102 -0.201111
-0.452243 -0.492932   -0.7433    1.5769
        0         0         0         1

0.0442299 -0.838614  0.542928   1.33617
-0.894258  0.209037  0.395734 -0.192961
 -0.44536 -0.503021 -0.740692   1.59206
        0         0         0         1

0.0523769 -0.835278  0.547327   1.32072
-0.897384  0.201093  0.392765 -0.184544
-0.438132 -0.511734 -0.739032   1.60638
        0         0         0         1

0.0621158 -0.828668  0.556283     1.287
-0.902824  0.190964  0.385281 -0.167075
  -0.4255 -0.526158  -0.73628   1.63886
        0         0         0         1

0.0663976 -0.825686  0.560209   1.26998
 -0.90542  0.186073  0.381564  -0.15831
-0.419292 -0.532559 -0.735238   1.65471
        0         0         0         1

0.0689915  -0.82259  0.564435   1.25088
-0.907747  0.182921  0.377538 -0.148676
-0.413806 -0.538411 -0.734083   1.67255
        0         0         0         1

0.0721187 -0.819459  0.568582   1.23258
-0.910243  0.178974  0.373398 -0.139288
-0.407746 -0.544477 -0.732999   1.68904
        0         0         0         1

0.0750234 -0.813604  0.576559   1.19271
-0.914017  0.175057  0.365963  -0.11855
-0.398679  -0.55444 -0.730514   1.72491
        0         0         0         1

0.0725804 -0.811642  0.579628   1.17384
-0.916147  0.175454  0.360404 -0.108518
-0.394217 -0.557183 -0.730849   1.74162
        0         0         0         1

 0.0695649  -0.810013   0.582271    1.15261
 -0.918284   0.176056   0.354626 -0.0973813
 -0.389764   -0.55936  -0.731574    1.75999
         0          0          0          1

 0.0666062  -0.809383   0.583492    1.13223
 -0.920053   0.176464   0.349804 -0.0867465
 -0.386091  -0.560143  -0.732921    1.77693
         0          0          0          1

0.0619051 -0.809478  0.583877   1.11011
 -0.92239   0.17707  0.343282 -0.074597
-0.381267 -0.559813 -0.735693   1.79564
        0         0         0         1

  0.052725  -0.811499   0.581971    1.09123
 -0.924796   0.180214   0.335074 -0.0637163
 -0.376792  -0.555871  -0.740969    1.81267
         0          0          0          1

 0.0372397  -0.815411   0.577684    1.04446
 -0.929005   0.184743   0.320656 -0.0385244
 -0.368189  -0.548612  -0.750641    1.85086
         0          0          0          1

  0.025584  -0.818609   0.573781    1.02329
 -0.930533   0.190247   0.312914 -0.0273531
 -0.365314  -0.541928  -0.756875     1.8702
         0          0          0          1

0.00907625  -0.822926   0.568076    0.99965
 -0.933519    0.19665   0.299786 -0.0136421
 -0.358413   -0.53303  -0.766432     1.8897
         0          0          0          1

-0.00412182   -0.826253    0.563284    0.976933
  -0.934833    0.203188    0.291206 -0.00148901
  -0.355063   -0.525376   -0.773246     1.90934
          0           0           0           1

-0.0404595 -0.830882  0.554975   0.93085
-0.938514  0.222194  0.264238 0.0271147
-0.342863 -0.510161 -0.788785    1.9481
        0         0         0         1

-0.0543841 -0.832357  0.551566  0.907491
-0.938956   0.23056  0.255352 0.0408544
-0.339713 -0.504009 -0.794085   1.96678
        0         0         0         1

-0.0749786 -0.834056   0.54656  0.883128
-0.941837  0.239298  0.235967  0.058501
  -0.3276 -0.497078 -0.803487   1.98463
        0         0         0         1

-0.0930416  -0.83489  0.542496  0.861209
-0.940832  0.252038  0.226523 0.0722568
-0.325851 -0.489322 -0.808941   2.00388
        0         0         0         1

-0.112074 -0.834445  0.539575  0.835792
-0.939824  0.265375   0.21519 0.0881679
-0.322754 -0.482988 -0.813973   2.02452
        0         0         0         1

-0.134044  -0.83596  0.532169  0.814799
-0.938688  0.279243  0.202211  0.103822
-0.317644 -0.472435 -0.822136   2.04399
        0         0         0         1

-0.181684 -0.834735  0.519816  0.766385
-0.936314  0.308389  0.167965  0.140916
-0.300512 -0.456194 -0.837603   2.08192
        0         0         0         1

-0.205174 -0.834575  0.511261  0.746355
-0.932605  0.325177   0.15655  0.156412
-0.296903 -0.444685 -0.845047   2.10445
        0         0         0         1

-0.228388 -0.832657    0.5045  0.720684
-0.929098  0.341238  0.142596  0.176323
-0.290888 -0.436163 -0.851555   2.12508
        0         0         0         1

-0.259842 -0.832719  0.488938  0.704497
-0.924725  0.360419  0.122398  0.196793
-0.278146 -0.420329 -0.863689   2.14333
        0         0         0         1

 -0.28036  -0.82917  0.483606  0.675456
  -0.9213  0.373866  0.106912  0.217703
-0.269452 -0.415573 -0.868732   2.16222
        0         0         0         1

-0.308223 -0.826684  0.470736  0.655496
 -0.91559  0.392115 0.0891134  0.237827
-0.258251 -0.403534 -0.877762   2.18112
        0         0         0         1

 -0.36754 -0.818893  0.440828  0.614774
-0.899025  0.434175  0.056973  0.280893
-0.238051 -0.375375 -0.895782   2.22268
        0         0         0         1

-0.394219 -0.811658  0.431048   0.59268
-0.889655  0.454654  0.042465   0.30409
-0.230445 -0.366743 -0.901329   2.23952
        0         0         0         1

-0.425899 -0.805934  0.411194  0.575793
-0.877539  0.478618 0.0291607  0.325874
-0.220306 -0.348419 -0.911081   2.26447
        0         0         0         1

-0.451542 -0.799639  0.395837  0.555407
-0.867913  0.496546 0.0130329  0.349085
-0.206973 -0.337667 -0.918228   2.28123
        0         0         0         1

 -0.513513  -0.776768   0.364604   0.520632
  -0.83808   0.545223 -0.0187964   0.402566
  -0.18419   -0.31522  -0.930973    2.32144
         0          0          0          1

 -0.535673  -0.769896   0.346865    0.49881
 -0.827072   0.561206 -0.0316246    0.42783
 -0.170315  -0.303822  -0.937382     2.3348
         0          0          0          1

  -0.56744  -0.756849   0.324331   0.484071
 -0.808574   0.586612 -0.0457569   0.455157
 -0.155625   -0.28821  -0.944836    2.35467
         0          0          0          1

 -0.597297  -0.744798    0.29751   0.471215
 -0.790663   0.609031 -0.0627061   0.485809
  -0.13449  -0.272684  -0.952657    2.36902
         0          0          0          1

 -0.634833  -0.721307   0.276952   0.463759
 -0.763607    0.64039 -0.0824882   0.521585
 -0.117858  -0.263849  -0.957337    2.38526
         0          0          0          1

 -0.654534  -0.709953   0.259908   0.443227
 -0.748496   0.656932 -0.0905161   0.548087
  -0.10648  -0.253786  -0.961382     2.3986
         0          0          0          1

-0.708092 -0.674495  0.208954  0.420302
-0.702142  0.703934 -0.107111  0.611798
-0.0748436  -0.22256 -0.972042   2.43184
        0         0         0         1

-0.735804 -0.652793  0.180149  0.417104
-0.674661  0.729628 -0.111692  0.640329
-0.0585301 -0.203723 -0.977277   2.45217
        0         0         0         1

-0.760112 -0.628203  0.166109  0.400813
-0.648083  0.751455 -0.123709  0.677356
-0.0471086 -0.201685 -0.978317   2.45589
        0         0         0         1

-0.782635  -0.60593  0.142592  0.394651
-0.621691  0.772396 -0.130015  0.712349
-0.0313573 -0.190402 -0.981205   2.47115
        0         0         0         1

-0.826188 -0.554866 0.0976569   0.37387
-0.563363   0.81546 -0.132839   0.78156
-0.00592726 -0.164767 -0.986315   2.49172
        0         0         0         1

-0.848488 -0.524629 0.0695188  0.378253
-0.528973  0.836775 -0.141406  0.824398
0.0160142 -0.156755 -0.987508   2.49606
        0         0         0         1

-0.863181 -0.502468 0.0494544  0.367452
-0.504191   0.85266 -0.136972  0.854316
0.0266563 -0.143166  -0.98934   2.50757
        0         0         0         1

-0.878965 -0.475892 0.0307603  0.362403
-0.475851  0.870986 -0.122271  0.877744
0.0313959 -0.122109  -0.99202   2.52914
        0         0         0         1

-0.892724 -0.450573 0.0053087  0.357294
-0.447945  0.886117 -0.118922  0.913359
0.0488788 -0.108542 -0.992889   2.54253
        0         0         0         1

 -0.918525  -0.395073 -0.0151763   0.377066
 -0.389857   0.911448  -0.131433   0.970276
 0.0657582  -0.114808  -0.991209    2.53194
         0          0          0          1

 -0.950254  -0.303978 -0.0679277   0.416277
 -0.295128   0.948432  -0.115653    1.05575
 0.0995808 -0.0898523  -0.990964    2.55814
         0          0          0          1

