 -0.90351 -0.392579  0.171907  0.148783
-0.423604  0.878924 -0.219208  0.892128
-0.0650367 -0.270877 -0.960414   2.50619
        0         0         0         1

-0.896085 -0.391677  0.208859  0.112929
-0.432143  0.877281 -0.208878  0.864557
-0.101415 -0.277429 -0.955378   2.46203
        0         0         0         1

-0.882858 -0.401997  0.242819 0.0691563
-0.450984  0.869957 -0.199469  0.832557
-0.131056  -0.28561 -0.949343   2.42996
        0         0         0         1

-0.871062 -0.407558  0.274132 0.0346195
-0.462739  0.868073 -0.179785  0.799932
-0.164694 -0.283455 -0.944738   2.41135
        0         0         0         1

  -0.849848   -0.426621     0.30944 -0.00478106
  -0.486904     0.86027   -0.151193     0.75862
    -0.2017   -0.279159   -0.938822      2.3914
          0           0           0           1

 -0.828457   -0.43256    0.35574 -0.0412943
  -0.50184   0.855339  -0.128653   0.717411
 -0.248628  -0.285108  -0.925687    2.33985
         0          0          0          1

 -0.822112  -0.430405   0.372671 -0.0527705
  -0.50535   0.853144  -0.129488   0.710794
  -0.26221  -0.294783  -0.918885    2.30881
         0          0          0          1

 -0.807272  -0.428856   0.405456 -0.0775138
 -0.509725    0.85292  -0.112731   0.685763
 -0.297476  -0.297676  -0.907137    2.27995
         0          0          0          1

 -0.811395  -0.416663   0.409915 -0.0754324
 -0.502816   0.855153  -0.126054    0.68741
 -0.298018  -0.308392  -0.903371    2.25478
         0          0          0          1

   -0.7984  -0.414264   0.436969 -0.0979595
 -0.507448    0.85357  -0.117956    0.66994
 -0.324119  -0.315915  -0.891709    2.21802
         0          0          0          1

-0.792716 -0.411626  0.449628 -0.109955
-0.507283  0.854454 -0.112127  0.655654
-0.338033 -0.316973  -0.88615   2.19264
        0         0         0         1

 -0.756482  -0.424336   0.497669  -0.158525
 -0.520815   0.851117 -0.0659618   0.601869
 -0.395584  -0.309092  -0.864855    2.14021
         0          0          0          1

 -0.748895   -0.42282   0.510274  -0.168269
  -0.51875   0.853196 -0.0543638    0.58461
 -0.412378  -0.305417  -0.858292    2.11729
         0          0          0          1

 -0.726717  -0.437055   0.529967  -0.193601
 -0.528126   0.848822 -0.0241841   0.554901
 -0.439278  -0.297465  -0.847673    2.09143
         0          0          0          1

-0.736382 -0.411923  0.536712 -0.180457
-0.511777  0.858009 -0.043654  0.567454
-0.442522 -0.306823 -0.842635   2.06359
        0         0         0         1

 -0.713864  -0.399406   0.575215  -0.202391
 -0.508938   0.860117 -0.0343805   0.546199
  -0.48102  -0.317292  -0.817279     1.9995
         0          0          0          1

 -0.691565  -0.403908   0.598829   -0.22194
  -0.51442   0.857393 -0.0157757   0.519418
  -0.50706   -0.31896  -0.800721    1.97206
         0          0          0          1

 -0.669806  -0.390864   0.631335  -0.236725
  -0.51522   0.856906 -0.0160987   0.505777
 -0.534703   -0.33606  -0.775343    1.93323
         0          0          0          1

 -0.647475  -0.378431   0.661488  -0.247099
 -0.520326   0.853712 -0.0209033   0.488554
  -0.55681  -0.357724  -0.749664    1.89715
         0          0          0          1

-0.641758 -0.360415   0.67694 -0.249387
-0.517326  0.855064 -0.035188  0.480977
-0.566145 -0.372781 -0.735197   1.87004
        0         0         0         1

 -0.636405  -0.347238   0.688777  -0.255429
 -0.511483   0.858369 -0.0398552   0.471907
 -0.577386  -0.377662  -0.723876    1.84552
         0          0          0          1

  -0.63184  -0.342853   0.695148  -0.278064
  -0.50223   0.864205 -0.0302572   0.442108
 -0.590376  -0.368241   -0.71823    1.80199
         0          0          0          1

 -0.631278  -0.339886   0.697112  -0.285868
 -0.494824   0.868646 -0.0245738   0.431964
 -0.597191  -0.360461  -0.716541    1.78002
         0          0          0          1

 -0.629104  -0.327008   0.705191  -0.285881
 -0.485803   0.873611 -0.0282799   0.433481
 -0.606814  -0.360375  -0.708453    1.74135
         0          0          0          1

 -0.624655  -0.329784   0.707847   -0.29163
 -0.477514   0.878541 -0.0120827   0.422155
 -0.617889  -0.345554  -0.706262      1.727
         0          0          0          1

 -0.622315  -0.320332   0.714221  -0.292654
 -0.455514   0.890225 0.00237212   0.416675
 -0.636577  -0.323862  -0.699917    1.68159
         0          0          0          1

-0.613791 -0.319739  0.721822 -0.299333
-0.451563  0.892169  0.011216  0.408067
-0.647573 -0.319064 -0.691988   1.65378
        0         0         0         1

 -0.61389 -0.310171  0.725901 -0.297868
-0.438305  0.898727 0.0133458  0.406826
-0.656527 -0.309973 -0.687669   1.63409
        0         0         0         1

-0.601733 -0.312301  0.735109 -0.307493
-0.437002  0.899133 0.0242703  0.395801
-0.668541  -0.30664 -0.677514   1.61056
        0         0         0         1

-0.590778 -0.313503  0.743436 -0.313634
-0.431164  0.901493 0.0375266  0.383249
-0.681967 -0.298373 -0.667753   1.59141
        0         0         0         1

-0.586017 -0.305146  0.750647 -0.311316
 -0.42342  0.905161 0.0374015  0.382796
-0.690869 -0.295921 -0.659644   1.57223
        0         0         0         1

-0.569053 -0.288645  0.769975 -0.301735
-0.405567  0.913074 0.0425534  0.383037
-0.715327 -0.288062 -0.636653   1.52666
        0         0         0         1

-0.554194 -0.296016  0.777974  -0.31027
  -0.4087  0.910981 0.0554853  0.369613
-0.725143 -0.287208 -0.625842   1.50396
        0         0         0         1

-0.549388 -0.287881  0.784409 -0.304205
-0.402765  0.913753 0.0532604  0.370802
-0.732089 -0.286672 -0.617953   1.48531
        0         0         0         1

-0.542394 -0.292202  0.787672 -0.308123
-0.402356  0.913396 0.0617782  0.361579
-0.737508 -0.283417  -0.61299   1.47618
        0         0         0         1

-0.525683 -0.268767  0.807107 -0.294565
-0.388817  0.919786 0.0530451  0.364768
-0.756623 -0.285932 -0.588017   1.43939
        0         0         0         1

-0.520193 -0.269178   0.81052 -0.295578
-0.386493  0.920489 0.0576472   0.35878
-0.761592 -0.283273 -0.582867   1.43219
        0         0         0         1

-0.504316 -0.265773  0.821602 -0.295979
-0.388052  0.919727 0.0593209  0.352797
-0.771415 -0.288908 -0.566966     1.409
        0         0         0         1

-0.496748 -0.261504  0.827561 -0.292503
-0.383276  0.921607 0.0611589   0.35164
-0.778679 -0.286804 -0.558035   1.39888
        0         0         0         1

  -0.4909 -0.253823  0.833421 -0.284385
 -0.37852   0.92375 0.0583786  0.353266
-0.784691 -0.286809 -0.549546   1.38704
        0         0         0         1

-0.483988 -0.246604  0.839608 -0.276539
-0.378645  0.924016  0.053128  0.355927
-0.788913   -0.2922 -0.540588   1.37322
        0         0         0         1

-0.456242 -0.254981  0.852542 -0.274514
-0.384811  0.920387 0.0693381  0.342681
-0.802348 -0.296433 -0.518039   1.34581
        0         0         0         1

-0.444375 -0.259837   0.85733 -0.273809
-0.385793  0.919228 0.0786314   0.33731
-0.808514  -0.29581 -0.508726   1.33727
        0         0         0         1

-0.433288 -0.255753  0.864206 -0.267003
 -0.38237  0.920479 0.0806975  0.338966
-0.816122 -0.295481 -0.496625   1.32775
        0         0         0         1

-0.426839  -0.25437  0.867816 -0.261798
-0.384934  0.919455 0.0801744  0.339035
-0.818311  -0.29983 -0.490375   1.31657
        0         0         0         1

-0.416243 -0.261999  0.870688 -0.263495
-0.385783   0.91801 0.0918096   0.33226
-0.823355 -0.297682  -0.48319    1.3095
        0         0         0         1

-0.413786 -0.260303  0.872367  -0.25937
-0.386182   0.91795 0.0907286  0.333447
-0.824406  -0.29935 -0.480359   1.30371
        0         0         0         1

-0.404208 -0.264341  0.875637 -0.259279
-0.383918  0.917948 0.0998916  0.327565
-0.830195 -0.295796 -0.472527   1.29084
        0         0         0         1

 -0.40506 -0.259696  0.876632  -0.25701
-0.381139   0.91949 0.0962817  0.330223
-0.831059 -0.295119 -0.471429   1.28861
        0         0         0         1

-0.403587 -0.257998  0.877812 -0.254869
-0.380745  0.919759 0.0952734  0.329848
-0.831956 -0.295772 -0.469434   1.28104
        0         0         0         1

-0.396874 -0.260747  0.880058 -0.257674
-0.381608  0.918882  0.100158  0.325896
-0.834785 -0.296087 -0.464184   1.27394
        0         0         0         1

-0.400753 -0.258566  0.878943 -0.254728
-0.377326  0.920791  0.098835  0.329164
-0.834878  -0.29204 -0.466574   1.27254
        0         0         0         1

-0.401155 -0.254468  0.879955 -0.250932
-0.377431   0.92122 0.0943374   0.33339
-0.834638 -0.294278 -0.465596   1.26733
        0         0         0         1

-0.399331 -0.257085  0.880024 -0.252362
-0.377657  0.920785 0.0976223  0.331941
 -0.83541 -0.293364 -0.464788   1.26331
        0         0         0         1

-0.396239 -0.258851  0.880903 -0.251999
-0.378988  0.919997  0.099866  0.331357
-0.836279 -0.294281 -0.462641   1.25777
        0         0         0         1

-0.392301 -0.260686  0.882124 -0.249604
 -0.38033  0.919155  0.102487  0.331484
-0.837526 -0.295292 -0.459732   1.25148
        0         0         0         1

-0.388834 -0.268294  0.881378 -0.251588
-0.382114  0.917461  0.110702    0.3276
 -0.83833 -0.293742 -0.459258    1.2504
        0         0         0         1

 -0.38478 -0.279928  0.879537 -0.249007
-0.383287  0.915317  0.123636  0.327475
-0.839664 -0.289542 -0.459488   1.25014
        0         0         0         1

-0.380401  -0.28752  0.878992 -0.247654
-0.387585  0.912514   0.13075  0.325768
-0.839686 -0.290947  -0.45856   1.24671
        0         0         0         1

-0.377258   -0.2949  0.877901 -0.247359
 -0.39091  0.910067   0.13772  0.324191
-0.839563 -0.291224 -0.458609   1.24366
        0         0         0         1

-0.380873 -0.300758  0.874346 -0.247328
-0.390502   0.90947  0.142734  0.325151
 -0.83812  -0.28707 -0.463839   1.24629
        0         0         0         1

-0.381453 -0.309893  0.870896 -0.244956
-0.394939  0.906452  0.149561  0.325142
-0.835773 -0.286901 -0.468157   1.24393
        0         0         0         1

-0.381494 -0.310195  0.870771 -0.242482
-0.397288  0.905592  0.148543  0.326924
 -0.83464 -0.289279 -0.468714   1.24073
        0         0         0         1

  -0.3878 -0.316547  0.865684  -0.24184
-0.396472  0.905145  0.153369  0.327937
-0.832118 -0.283743 -0.476518   1.24385
        0         0         0         1

-0.390603 -0.320511  0.862961 -0.241634
-0.396635   0.90455  0.156429  0.328079
-0.830729 -0.281179 -0.480446   1.24539
        0         0         0         1

-0.394187  -0.32722  0.858803 -0.242558
-0.396971  0.903419  0.162012  0.327506
-0.828873 -0.277057 -0.486013   1.24722
        0         0         0         1

-0.392969 -0.331865  0.857578 -0.243106
 -0.39857  0.901919  0.166387  0.326183
-0.828684  -0.27642 -0.486698   1.24643
        0         0         0         1

-0.396526 -0.334153  0.855049 -0.240394
-0.398821   0.90162  0.167401    0.3286
-0.826867 -0.274633 -0.490783   1.24503
        0         0         0         1

-0.399896 -0.344686  0.849279 -0.240566
-0.398398   0.89985  0.177619  0.328794
-0.825447 -0.267322 -0.497169    1.2469
        0         0         0         1

 -0.39853 -0.361302  0.842992 -0.240734
 -0.40241  0.894824  0.193275  0.326411
 -0.82416 -0.262202 -0.502006   1.24841
        0         0         0         1

 -0.39776 -0.368347  0.840302 -0.238979
-0.404939  0.892321   0.19947  0.326315
-0.823293  -0.26093 -0.504088   1.24841
        0         0         0         1

-0.403114 -0.386454  0.829549 -0.228812
-0.404434  0.888371  0.217325  0.331743
-0.820934 -0.247892  -0.51441   1.25568
        0         0         0         1

-0.400629 -0.400022  0.824305  -0.22451
-0.408452  0.883293  0.230131  0.330696
 -0.82016 -0.244492 -0.517263   1.25843
        0         0         0         1

-0.406179 -0.413132  0.815071 -0.218196
-0.412621  0.878773  0.239797  0.330295
 -0.81533 -0.238914 -0.527406   1.26582
        0         0         0         1

-0.399788  -0.42318  0.813073 -0.213298
-0.420395  0.872902  0.247611  0.328961
-0.814517  -0.24282 -0.526879   1.26531
        0         0         0         1

-0.401011 -0.438184  0.804478 -0.207414
-0.427169  0.866304  0.258928  0.327349
-0.810381 -0.239815 -0.534576   1.27318
        0         0         0         1

-0.393023 -0.452776   0.80033 -0.201124
-0.436081  0.858045  0.271279  0.324136
-0.809547  -0.24239 -0.534678   1.27469
        0         0         0         1

-0.386165   -0.4855  0.784326 -0.180948
-0.451973  0.840807  0.297932  0.320177
-0.804113 -0.239443 -0.544123   1.29016
        0         0         0         1

-0.378896 -0.504266  0.775986 -0.173434
-0.462143  0.829569  0.313432  0.315117
-0.801787 -0.239858 -0.547363   1.29482
        0         0         0         1

-0.376379 -0.522784  0.764877  -0.15937
-0.469825  0.819256  0.328761  0.313513
-0.798501  -0.23562 -0.553968   1.30558
        0         0         0         1

 -0.35798 -0.546042  0.757422 -0.151756
-0.483967  0.802219    0.3496  0.304427
-0.798515 -0.241418 -0.551445   1.30525
        0         0         0         1

-0.344271 -0.579127  0.738978 -0.116968
-0.501608  0.778798  0.376647  0.301504
-0.793641 -0.241009 -0.558612   1.32208
        0         0         0         1

 -0.33011 -0.597317  0.730917 -0.102256
-0.511067  0.764112  0.393628  0.296654
-0.793624 -0.243607  -0.55751   1.32536
        0         0         0         1

 -0.312549  -0.618938   0.720576 -0.0832708
 -0.524496   0.744905   0.412336   0.290438
  -0.79197  -0.249064   -0.55745    1.32978
         0          0          0          1

 -0.306029  -0.635738   0.708649 -0.0658877
 -0.532261   0.731412   0.426304   0.287563
 -0.789332  -0.246724  -0.562212    1.34007
         0          0          0          1

-0.293389 -0.651925  0.699226  -0.03999
-0.541767  0.716008  0.440251  0.284509
-0.787662 -0.249653  -0.56326   1.34645
        0         0         0         1

 -0.283218  -0.670415   0.685807 -0.0211045
 -0.545137   0.700867   0.460012   0.280532
 -0.789059  -0.243575  -0.563966    1.35852
         0          0          0          1

-0.249297 -0.704982  0.663967 0.0266736
-0.569812  0.661152  0.488049  0.268984
-0.783049 -0.256667 -0.566531    1.3677
        0         0         0         1

-0.234674  -0.71986  0.653246 0.0500176
-0.580598  0.642775  0.499746   0.26476
-0.779637 -0.261996 -0.568791   1.37226
        0         0         0         1

-0.219169 -0.736452  0.640002 0.0770534
-0.591695  0.621889  0.512983  0.258364
-0.775798 -0.266256 -0.572054   1.37867
        0         0         0         1

-0.205939 -0.749818  0.628778  0.102607
-0.600191  0.604284  0.524033  0.254031
 -0.77289 -0.269468  -0.57448   1.38527
        0         0         0         1

-0.173346 -0.781902  0.598815   0.15676
-0.621631  0.558465  0.549265   0.24024
-0.763889 -0.277029 -0.582862   1.39693
        0         0         0         1

-0.161228 -0.794843  0.585004  0.183054
-0.631296  0.538687  0.557926  0.234855
-0.758598 -0.279357 -0.588633   1.40205
        0         0         0         1

 -0.14675 -0.808588   0.56978  0.215629
-0.646932  0.514202  0.563095  0.227991
-0.748294 -0.285974 -0.598561   1.40471
        0         0         0         1

-0.131922 -0.821006  0.555469  0.242839
-0.657099  0.491984  0.571114  0.222221
 -0.74217 -0.289656 -0.604386   1.40667
        0         0         0         1

-0.116827 -0.837058  0.534496  0.273842
-0.664012  0.466041  0.584717  0.215204
-0.738539 -0.286601 -0.610263   1.41201
        0         0         0         1

-0.103876 -0.850376   0.51582  0.301189
-0.665462  0.444861  0.599383  0.208846
-0.739169 -0.280997 -0.612103   1.41802
        0         0         0         1

-0.0680489 -0.871405  0.485821  0.363693
-0.674767  0.398883  0.620952  0.195369
-0.734887 -0.285561 -0.615139   1.42168
        0         0         0         1

-0.0522638 -0.878023  0.475756  0.392237
-0.680333  0.380053  0.626663  0.189208
-0.731037 -0.290921 -0.617212   1.42157
        0         0         0         1

-0.0381092 -0.883126  0.467585  0.426716
-0.686459  0.363177  0.629982  0.183109
 -0.72617  -0.29697  -0.62007   1.42218
        0         0         0         1

-0.0224638 -0.889236  0.456896  0.454169
-0.688915  0.344954  0.637498  0.175783
-0.724494 -0.300442 -0.620357   1.42436
        0         0         0         1

0.00500857 -0.900599  0.434623   0.51618
 -0.69371   0.30991  0.650171  0.160493
-0.720237 -0.304759 -0.623202   1.42905
        0         0         0         1

0.0176287 -0.904264   0.42661   0.54315
-0.698746  0.294044  0.652145  0.153442
-0.715153 -0.309588 -0.626667   1.42874
        0         0         0         1

  0.03106 -0.908107  0.417584  0.573926
-0.705409  0.276069  0.652828  0.144619
 -0.70812 -0.314844 -0.632012   1.42821
        0         0         0         1

 0.040642 -0.910007  0.412596  0.601159
-0.708694  0.264836  0.653922  0.137581
-0.704344 -0.318981 -0.634153    1.4291
        0         0         0         1

0.0544008 -0.911051  0.408689  0.631507
-0.714798  0.250256   0.65302  0.128828
-0.697212 -0.327655 -0.637604   1.42844
        0         0         0         1

0.0633304 -0.910173  0.409359  0.658395
-0.718303  0.243193  0.651842  0.121808
-0.692842 -0.335325 -0.638378   1.42788
        0         0         0         1

0.0848827 -0.906042  0.414588  0.718214
-0.726007  0.228739   0.64853  0.107123
-0.682428 -0.356043 -0.638377   1.42477
        0         0         0         1

0.0942833 -0.902703  0.419807  0.744621
-0.729374  0.224373  0.646274  0.100224
-0.677587 -0.367129 -0.637253    1.4218
        0         0         0         1

 0.107088 -0.898698  0.425292  0.773905
-0.729876  0.219405  0.647412 0.0927993
-0.675139 -0.379741 -0.632443   1.41896
        0         0         0         1

 0.118028 -0.895153  0.429849  0.798995
-0.730398  0.215006  0.648299 0.0862205
-0.672747 -0.390479 -0.628441   1.41597
        0         0         0         1

 0.139698 -0.887136  0.439857  0.855189
-0.730842   0.20734  0.650292 0.0725051
-0.668098 -0.412311 -0.619391   1.40951
        0         0         0         1

  0.14811 -0.883412  0.444575  0.879806
 -0.73178  0.204493  0.650139 0.0661275
-0.665253 -0.421623 -0.616175   1.40599
        0         0         0         1

 0.155592 -0.880598  0.447592  0.907615
-0.733512  0.200491  0.649433 0.0589893
-0.661628 -0.429361 -0.614734   1.40208
        0         0         0         1

 0.161779 -0.878436  0.449642  0.930911
 -0.73529  0.196588  0.648615 0.0527901
-0.658161 -0.435549 -0.614101   1.39861
        0         0         0         1

 0.167235 -0.876341  0.451729  0.957292
-0.736594  0.193493  0.648066 0.0456086
-0.655333 -0.441121 -0.613149   1.39479
        0         0         0         1

  0.17067  -0.87425  0.454487  0.979806
-0.737838  0.192311  0.647002 0.0392645
-0.653044 -0.445762 -0.612234   1.39132
        0         0         0         1

 0.179043 -0.871366  0.456798   1.02598
-0.738422  0.187798  0.647661 0.0262298
-0.650136 -0.453269 -0.609812   1.38326
        0         0         0         1

 0.182636 -0.869917  0.458136   1.04516
-0.737779  0.186739  0.648699 0.0207465
-0.649866 -0.456479 -0.607701   1.37926
        0         0         0         1

 0.184982 -0.868749  0.459409   1.06618
-0.738294  0.185688  0.648415 0.0143124
-0.648616 -0.459124 -0.607043   1.37383
        0         0         0         1

 0.184484 -0.868241  0.460568   1.08391
-0.737581  0.187407  0.648732 0.0088649
 -0.64957 -0.459387 -0.605824   1.36957
        0         0         0         1

   0.180744   -0.868525    0.461514     1.11885
  -0.739577    0.189308    0.645901 -0.00332256
   -0.64835   -0.458068   -0.608125     1.35854
          0           0           0           1

   0.178897   -0.868853    0.461616     1.13186
  -0.740871    0.189759    0.644284 -0.00841126
  -0.647384   -0.457259   -0.609761     1.35395
          0           0           0           1

  0.172695  -0.869746   0.462296    1.14681
 -0.744017   0.192378   0.639867 -0.0145846
 -0.645457  -0.454458  -0.613883    1.34881
         0          0          0          1

  0.166066  -0.871468   0.461483    1.15803
 -0.746708   0.194536   0.636068 -0.0196979
 -0.644088  -0.450222  -0.618426    1.34458
         0          0          0          1

  0.159316   -0.87394   0.459181     1.1693
  -0.74909   0.195941   0.632828 -0.0253649
 -0.643026  -0.444788  -0.623443    1.33978
         0          0          0          1

   0.15229  -0.876266   0.457127    1.17923
  -0.75154    0.19771   0.629363 -0.0300397
 -0.641868  -0.439395   -0.62844    1.33461
         0          0          0          1

  0.141734   -0.87995    0.45343    1.19877
 -0.751357   0.202595   0.628027 -0.0387951
 -0.644495  -0.429701  -0.632443    1.32446
         0          0          0          1

 0.138974 -0.880998  0.452249   1.20648
-0.749759   0.20474   0.62924 -0.041938
-0.646952 -0.426526 -0.632083   1.31969
        0         0         0         1

  0.134477  -0.881498   0.452634    1.21546
 -0.748684   0.208851   0.629169 -0.0454646
 -0.649144  -0.423489  -0.631878     1.3139
         0          0          0          1

  0.132638  -0.881511    0.45315    1.22168
 -0.746679   0.211798   0.630565 -0.0480015
 -0.651827  -0.421994  -0.630113    1.30935
         0          0          0          1

  0.126609    -0.8803    0.45721    1.23382
 -0.743633   0.220813   0.631072 -0.0530156
 -0.656491  -0.419896  -0.626663    1.29894
         0          0          0          1

  0.122567  -0.879351   0.460129    1.23838
 -0.741864   0.226791   0.631034 -0.0548075
 -0.659254  -0.418697  -0.624562    1.29436
         0          0          0          1

  0.118734  -0.878608   0.462548    1.24255
 -0.739446   0.232654   0.631737 -0.0564359
 -0.662663  -0.417038  -0.622059    1.28948
         0          0          0          1

  0.114963  -0.878336   0.464014    1.24568
 -0.737953   0.237183   0.631799 -0.0578768
 -0.664988  -0.415054  -0.620904    1.28498
         0          0          0          1

  0.110196  -0.878879   0.464142    1.24886
 -0.735498   0.241988   0.632838 -0.0590872
 -0.668505  -0.411112  -0.619748     1.2806
         0          0          0          1

  0.106148  -0.880672   0.461681    1.25067
 -0.734342   0.243621   0.633553 -0.0598394
 -0.670428  -0.406282  -0.620855    1.27641
         0          0          0          1

 0.0982254  -0.884615    0.45586    1.25462
 -0.731781   0.246233   0.635505 -0.0614458
 -0.674425  -0.396012  -0.623158    1.26829
         0          0          0          1

 0.0956134   -0.88685   0.452057    1.25537
  -0.73093   0.245732   0.636676 -0.0616516
 -0.675721  -0.391297   -0.62473     1.2648
         0          0          0          1

 0.0906607  -0.889046   0.448752    1.25675
 -0.730587   0.246847    0.63664 -0.0621053
 -0.676775   -0.38557  -0.627146    1.26068
         0          0          0          1

 0.0868581  -0.890433    0.44675    1.25766
 -0.729495   0.248552   0.637228 -0.0620225
 -0.678449   -0.38125  -0.627977     1.2579
         0          0          0          1

 0.0793414  -0.892483   0.444048    1.25841
 -0.727524   0.252683   0.637856 -0.0613975
 -0.681479  -0.373664  -0.629255    1.25143
         0          0          0          1

  0.076836   -0.89253   0.444395    1.25854
  -0.72838   0.254116   0.636308 -0.0613521
 -0.680852  -0.372579  -0.630576    1.24781
         0          0          0          1

0.0754202  -0.88925   0.45116   1.25854
-0.726191  0.261079  0.635991 -0.060117
-0.683343 -0.375595 -0.626075    1.2451
        0         0         0         1

0.0729686 -0.888049  0.453921   1.25781
-0.725214  0.265194  0.635403 -0.059044
-0.684647 -0.375554 -0.624674   1.24279
        0         0         0         1

 0.0716424  -0.886551    0.45705    1.25717
 -0.725307   0.268246   0.634014 -0.0581168
 -0.684688  -0.376924  -0.623804       1.24
         0          0          0          1

 0.0719318  -0.883411   0.463046    1.25713
 -0.724109   0.273013   0.633348 -0.0571566
 -0.685924  -0.380853  -0.620047    1.23909
         0          0          0          1

  0.069992  -0.882863   0.464387    1.25704
 -0.725728   0.274331   0.630921 -0.0558468
 -0.684412  -0.381178  -0.621517    1.23824
         0          0          0          1

 0.0689202  -0.883021   0.464245    1.25717
 -0.727225   0.274091   0.629299 -0.0554773
  -0.68293  -0.380982  -0.623265    1.23821
         0          0          0          1

 0.0677342  -0.882709   0.465013     1.2576
 -0.728178   0.274878   0.627853 -0.0546389
 -0.682033  -0.381139  -0.624151    1.23848
         0          0          0          1

 0.0680577  -0.883221   0.463992    1.25731
 -0.728461   0.273783   0.628003 -0.0535686
 -0.681698  -0.380741  -0.624759    1.23902
         0          0          0          1

 0.0682383  -0.884989   0.460584    1.25689
 -0.729147   0.270861   0.628474 -0.0510435
 -0.680947  -0.378719  -0.626804    1.24202
         0          0          0          1

 0.0686422  -0.885962    0.45865    1.25602
 -0.729998   0.268751   0.628391 -0.0497611
 -0.679993  -0.377948  -0.628303    1.24371
         0          0          0          1

 0.0686118  -0.886142   0.458307     1.2553
 -0.730257   0.268383   0.628247 -0.0482398
 -0.679718  -0.377787  -0.628697    1.24673
         0          0          0          1

  0.068011  -0.886567   0.457573    1.25395
 -0.731004   0.267843   0.627609 -0.0466099
 -0.678976  -0.377172  -0.629868     1.2499
         0          0          0          1

 0.0679123  -0.887675   0.455435    1.25153
 -0.731804   0.265951   0.627481 -0.0443284
 -0.678123  -0.375903  -0.631543     1.2551
         0          0          0          1

0.0693172 -0.888834  0.452956   1.24807
-0.732502  0.262886  0.627959 -0.041958
-0.677227 -0.375319  -0.63285   1.26078
        0         0         0         1

 0.0695876  -0.888356   0.453851    1.24126
 -0.734265   0.262359   0.626117 -0.0373854
 -0.675287  -0.376817  -0.634032    1.27405
         0          0          0          1

 0.0707987  -0.887835   0.454682    1.23692
 -0.734263   0.262145   0.626209 -0.0350427
 -0.675163  -0.378191  -0.633345     1.2816
         0          0          0          1

  0.072348  -0.887321   0.455441    1.23152
 -0.735365   0.261034   0.625379 -0.0321815
 -0.673798   -0.38016   -0.63362    1.28998
         0          0          0          1

 0.0734713  -0.886521   0.456817    1.22732
  -0.73664   0.260536   0.624086 -0.0299655
 -0.672283  -0.382362  -0.633905    1.29821
         0          0          0          1

 0.0848162  -0.884133   0.459473    1.21453
 -0.743396   0.250897   0.620011 -0.0242814
 -0.663452  -0.394157   -0.63598    1.31941
         0          0          0          1

 0.0906856   -0.88251   0.461467    1.20886
 -0.746096   0.246717   0.618443 -0.0217756
 -0.659634  -0.400383  -0.636064    1.33086
         0          0          0          1

 0.0986437  -0.880281   0.464086    1.20168
 -0.749422   0.241109   0.616631 -0.0185935
 -0.654703  -0.408623  -0.635917    1.34485
         0          0          0          1

  0.105512  -0.878012   0.466863    1.19489
 -0.753196   0.235974   0.614013 -0.0155686
 -0.649279  -0.416426  -0.636417    1.35759
         0          0          0          1

  0.112864   -0.87448   0.471747     1.1866
 -0.758343   0.230962   0.609567 -0.0119855
  -0.64201  -0.426545  -0.637089    1.37354
         0          0          0          1

   0.120563   -0.870963    0.476328     1.17868
  -0.762013    0.226332     0.60672 -0.00864285
  -0.636239   -0.436116   -0.636398     1.38864
          0           0           0           1

     0.13568    -0.863678     0.485439      1.15917
   -0.772421     0.214626     0.597747 -0.000493762
   -0.620449    -0.456066    -0.638003      1.42528
           0            0            0            1

  0.141973  -0.860717   0.488886    1.15009
 -0.776998   0.209092   0.593763 0.00361876
 -0.613284  -0.464162   -0.63909    1.44355
         0          0          0          1

  0.148869  -0.857934   0.491719    1.13863
 -0.783361   0.201147    0.58812 0.00857229
 -0.603476  -0.472747  -0.642128    1.46498
         0          0          0          1

  0.15666 -0.856783  0.491306   1.12725
-0.788696  0.190899  0.584394 0.0135662
-0.594488 -0.479042 -0.645835   1.48506
        0         0         0         1

  0.16523 -0.855014  0.491579    1.1018
-0.803265  0.172533  0.570085 0.0246383
-0.572245 -0.489064 -0.658295   1.53179
        0         0         0         1

 0.168868 -0.854455  0.491315   1.08957
 -0.80987  0.163826  0.563268 0.0301893
-0.561777 -0.493019 -0.664333   1.55454
        0         0         0         1

 0.170767 -0.854438  0.490688    1.0753
-0.817456  0.155175  0.554694 0.0368872
-0.550095  -0.49584 -0.671967   1.58117
        0         0         0         1

  0.17069 -0.854799  0.490085    1.0622
-0.823895  0.148985  0.546809 0.0427749
-0.540427 -0.497113 -0.678835   1.60547
        0         0         0         1

 0.172296 -0.854808  0.489508   1.04604
-0.831773  0.139964  0.537181 0.0504888
  -0.5277 -0.499714 -0.686891   1.63378
        0         0         0         1

 0.169997 -0.855423  0.489237   1.03216
-0.838811  0.134954  0.527431 0.0574872
-0.517201 -0.500039 -0.694597   1.65877
        0         0         0         1

 0.163797 -0.855803  0.490685   1.00049
 -0.85364  0.126342  0.505308 0.0749047
-0.494439 -0.501636 -0.709853   1.71676
        0         0         0         1

 0.159098 -0.857021  0.490104  0.985512
-0.860085  0.123408     0.495 0.0834773
-0.484708 -0.500285 -0.717477   1.74323
        0         0         0         1

 0.151132 -0.857119   0.49245  0.968635
-0.869335  0.121894  0.478956 0.0942741
-0.470548 -0.500489 -0.726701   1.77252
        0         0         0         1

 0.143785 -0.858899  0.491546   0.95352
-0.875391  0.121266  0.467959  0.104132
-0.461537 -0.497581 -0.734436   1.79967
        0         0         0         1

 0.129733 -0.861093  0.491619  0.937092
-0.884234  0.123878  0.450316  0.116075
-0.448665 -0.493127 -0.745336    1.8303
        0         0         0         1

 0.116533  -0.86342  0.490843  0.921989
-0.892032  0.126308  0.433964  0.126933
 -0.43669 -0.488419 -0.755479   1.85679
        0         0         0         1

0.0879935 -0.868369   0.48805  0.886657
-0.905971  0.133909  0.401603  0.151105
-0.414094 -0.477498 -0.774934    1.9175
        0         0         0         1

0.0711018 -0.871266  0.485635  0.871886
 -0.91128  0.141236  0.386809  0.162566
-0.405602 -0.470052 -0.783925   1.94592
        0         0         0         1

0.0483902 -0.874136  0.483265  0.855384
-0.920054  0.149321   0.36222  0.179522
-0.388791 -0.462158 -0.797027   1.97391
        0         0         0         1

0.0343768 -0.875413  0.482152   0.83818
-0.924039  0.155956  0.349042  0.191696
-0.380751 -0.457526 -0.803554   2.00078
        0         0         0         1

-0.0122462  -0.87744   0.47953  0.805072
-0.934066  0.181203  0.307711  0.223006
 -0.35689 -0.444144 -0.821806   2.05873
        0         0         0         1

-0.0316233 -0.877229  0.479029  0.789207
-0.937204  0.192579  0.290794  0.237111
-0.347344 -0.439752 -0.828233   2.08457
        0         0         0         1

-0.0552051 -0.875775  0.479552  0.770203
-0.939546   0.20812  0.271917  0.254755
-0.337942 -0.435551 -0.834321   2.11364
        0         0         0         1

-0.080959 -0.874007  0.479122  0.756759
-0.941937  0.224258  0.249926  0.272845
-0.325884 -0.431069 -0.841415   2.13561
        0         0         0         1

-0.107717 -0.871177  0.479008  0.740124
-0.941677  0.243911  0.231845  0.290103
-0.318813 -0.426097  -0.84664   2.16701
        0         0         0         1

-0.134148 -0.867083  0.479761   0.72643
-0.942762  0.260822   0.20778    0.3082
-0.305295 -0.424427 -0.852442   2.18835
        0         0         0         1

  -0.1996 -0.858567  0.472253   0.69979
-0.941999  0.300834  0.148784  0.355951
-0.269811 -0.415165 -0.868815   2.23391
        0         0         0         1

-0.224781 -0.853345    0.4704   0.68738
-0.936314  0.322823   0.13821  0.368266
-0.269796 -0.409375 -0.871563   2.26522
        0         0         0         1

  -0.2616 -0.850156  0.456946  0.678098
-0.932815  0.344265  0.106479  0.394691
-0.247835 -0.398391 -0.883098   2.28608
        0         0         0         1

-0.284762 -0.843553  0.455333  0.660866
-0.929684  0.358811 0.0833189  0.418118
-0.233663  -0.39959 -0.886414   2.30258
        0         0         0         1

-0.348141 -0.832801  0.430396  0.638573
-0.915028  0.401682  0.037089  0.465043
 -0.20377 -0.380912 -0.901878   2.35148
        0         0         0         1

 -0.388751  -0.826333   0.407487   0.640882
 -0.903032    0.42947 0.00939903    0.48945
  -0.18277   -0.36432  -0.913163    2.37462
         0          0          0          1

 -0.429968  -0.818118    0.38185   0.640657
 -0.887602   0.460428 -0.0129792    0.51457
 -0.165196  -0.344512  -0.924133    2.40443
         0          0          0          1

 -0.446882  -0.811021   0.377545   0.618317
 -0.881057   0.472142 -0.0286372   0.536179
 -0.155029  -0.345436  -0.925548    2.42168
         0          0          0          1

 -0.475856  -0.801597   0.361945   0.602121
 -0.868207   0.493917 -0.0475741   0.561708
 -0.140635  -0.336881  -0.930985    2.44615
         0          0          0          1

 -0.506449  -0.794586   0.334877   0.594565
 -0.855168   0.512593 -0.0770412   0.593912
  -0.11044  -0.325394  -0.939107    2.45899
         0          0          0          1

-0.574556   -0.7724  0.270709  0.592901
-0.815328  0.569071 -0.106761  0.641915
-0.0715906 -0.282057 -0.956723   2.52099
        0         0         0         1

-0.599261 -0.763837  0.239666  0.593189
-0.799305    0.5876 -0.125849  0.672223
-0.0446989 -0.266983 -0.962664   2.53342
        0         0         0         1

-0.623987 -0.752336  0.211263  0.583935
-0.781086  0.608565 -0.139833  0.704288
-0.023366 -0.252268 -0.967375     2.551
        0         0         0         1

-0.653558 -0.737148   0.17168  0.590761
-0.756865   0.63527 -0.153582  0.733589
0.00414982 -0.230314 -0.973108   2.57156
        0         0         0         1

-0.721133 -0.687891 0.0822961  0.622042
-0.690377  0.703608 -0.168274  0.796165
0.0578497 -0.178163 -0.982299    2.6246
        0         0         0         1

-0.750286 -0.659853 0.0408162  0.630313
-0.652646  0.729413 -0.204965  0.847701
 0.105475 -0.180421 -0.977918   2.61725
        0         0         0         1

   -0.776946    -0.629567 -0.000863329     0.643415
   -0.616667       0.7613    -0.200361      0.87661
    0.126798    -0.155137    -0.979722      2.64468
           0            0            0            1

 -0.795483  -0.604103 -0.0476086   0.662734
 -0.583263   0.784608  -0.210224   0.908549
  0.164351  -0.139461  -0.976493    2.66579
         0          0          0          1

 -0.823691   -0.56337 -0.0643919   0.666589
 -0.536123    0.81073  -0.235136   0.960951
  0.184673  -0.159157  -0.969827    2.66205
         0          0          0          1

