-0.465686  0.873157   0.14399  0.839096
-0.273384 -0.296696  0.915004  0.863529
 0.841664   0.38674  0.376875   2.53567
        0         0         0         1

-0.467112  0.880112  0.084905  0.800308
-0.326851 -0.261097  0.908293  0.818294
 0.821568  0.396524  0.409627   2.55453
        0         0         0         1

-0.441556  0.897086 0.0162816  0.785895
-0.381721 -0.204248  0.901428  0.753061
 0.811984  0.391816  0.432623   2.55241
        0         0         0         1

-0.438237  0.898614 -0.021032  0.772858
-0.412363 -0.180201   0.89302  0.718107
  0.79869  0.400027  0.449526   2.55832
        0         0         0         1

 -0.428165   0.900316 -0.0781346   0.743674
 -0.456772  -0.141001   0.878338   0.672814
  0.779765   0.411763   0.471611     2.5615
         0          0          0          1

-0.423558  0.897793 -0.120692   0.72534
-0.477095 -0.107829  0.872212  0.646933
 0.770051  0.427014  0.474005   2.55358
        0         0         0         1

-0.405549   0.88717 -0.220135  0.685927
-0.532935 -0.033828   0.84548  0.579734
 0.742638  0.460202  0.486522   2.54309
        0         0         0         1

 -0.390764   0.888934  -0.238956    0.69797
 -0.551557 -0.0182853   0.833936   0.551074
  0.736945    0.45767   0.497443    2.54622
         0          0          0          1

 -0.38311  0.878519 -0.285362  0.685469
-0.573102 0.0162125  0.819324  0.522295
 0.724418  0.477433  0.497269    2.5342
        0         0         0         1

-0.364746  0.876286 -0.314775  0.685439
-0.596004 0.0400043  0.801984  0.490402
  0.71536  0.480128  0.507679   2.53293
        0         0         0         1

-0.344129  0.854552 -0.388994  0.672133
  -0.6336 0.0943893  0.767881  0.431482
 0.692911  0.510717  0.508962    2.5145
        0         0         0         1

-0.335589  0.847285 -0.411689  0.677711
-0.647912  0.109635  0.753784  0.405264
 0.683806    0.5197  0.512174   2.51019
        0         0         0         1

-0.323394  0.829459 -0.455427  0.667583
-0.669985  0.139169  0.729214  0.373878
 0.668234  0.540952  0.510718   2.49891
        0         0         0         1

-0.315541  0.814709 -0.486501  0.663958
-0.682831  0.161064  0.712601  0.349755
  0.65892  0.557053  0.505486   2.48942
        0         0         0         1

-0.306586  0.799995 -0.515765  0.667876
-0.694623  0.182424  0.695859   0.32517
 0.650772  0.571603  0.499766   2.47733
        0         0         0         1

-0.300028  0.782299 -0.545887  0.665475
-0.708934  0.200038  0.676312  0.299885
 0.638276   0.58991  0.494581   2.46901
        0         0         0         1

-0.278971 0.740864 -0.61098 0.658476
-0.735378 0.244352 0.632069 0.247105
0.617571  0.62563 0.476647  2.44504
       0        0        0        1

-0.268684  0.722995 -0.636465  0.657493
-0.749289  0.258341  0.609776  0.221196
 0.605289  0.640733  0.472319   2.43804
        0         0         0         1

-0.262276  0.705727 -0.658149  0.662611
-0.756746  0.272786  0.594073  0.198811
 0.598787  0.653864  0.462511    2.4234
        0         0         0         1

-0.253415  0.692428 -0.675518  0.666983
 -0.76255  0.286694  0.579935  0.180733
  0.59523   0.66208  0.455359   2.41201
        0         0         0         1

-0.239601  0.659956 -0.712075  0.676281
-0.780228  0.305596  0.545761  0.134002
 0.577785  0.686345  0.441695   2.38843
        0         0         0         1

-0.234304  0.643456 -0.728743  0.679643
-0.787644  0.313743  0.530267  0.114675
 0.569841  0.698233  0.433303   2.37664
        0         0         0         1

-0.231661  0.623002 -0.747129  0.685475
-0.795433  0.320822   0.51416 0.0936672
 0.560018  0.713402  0.421234   2.36245
        0         0         0         1

-0.225879  0.606972 -0.761948  0.693081
-0.804509   0.32482   0.49725 0.0737894
 0.549312  0.725312  0.414944   2.35295
        0         0         0         1

-0.223601  0.581889 -0.781925   0.69672
-0.815206  0.328093  0.477277 0.0509875
 0.534267   0.74415  0.400998   2.33832
        0         0         0         1

-0.220604   0.56504 -0.795024  0.703444
 -0.82156  0.331687  0.463705 0.0346975
 0.525711  0.755456  0.391043   2.32531
        0         0         0         1

  -0.214027    0.521805    -0.82578    0.712691
  -0.839179    0.334468    0.428848 -0.00555267
   0.499971    0.784762    0.366303     2.29516
          0           0           0           1

 -0.210801   0.509404  -0.834308   0.721023
 -0.847078   0.330776   0.415989 -0.0229046
  0.487876   0.794415   0.361777    2.28304
         0          0          0          1

 -0.206835   0.495783  -0.843456   0.729911
 -0.856394   0.325115    0.40111 -0.0430909
  0.473084   0.805295    0.35734    2.26832
         0          0          0          1

 -0.20461  0.481146 -0.852428  0.735428
-0.862942  0.322385  0.389101 -0.057947
 0.462024   0.81521  0.349237   2.25379
        0         0         0         1

 -0.197958   0.454794  -0.868318   0.753588
 -0.877128   0.313249   0.364035 -0.0898928
  0.437561   0.833689   0.336902    2.21959
         0          0          0          1

-0.195901  0.443016 -0.874848  0.761639
-0.883866  0.306643  0.353202 -0.104076
  0.42474  0.842441  0.331495   2.20414
        0         0         0         1

-0.192059   0.43093  -0.88171  0.771152
-0.892199  0.297551   0.33977 -0.120811
 0.408771  0.851917  0.327328   2.18631
        0         0         0         1

-0.189292  0.420801 -0.887184  0.778783
-0.899228  0.288627   0.32876 -0.134932
 0.394408  0.860012  0.323761   2.17093
        0         0         0         1

-0.185575  0.413231 -0.891517  0.788893
-0.906495   0.27817  0.317628 -0.149695
 0.379247    0.8671  0.322971   2.15203
        0         0         0         1

-0.184047  0.406264 -0.895029  0.796516
-0.913093  0.266409  0.308688 -0.163364
 0.363852  0.874057  0.321925   2.13652
        0         0         0         1

-0.178818  0.397913 -0.899828   0.81481
 -0.92597  0.241079   0.29062 -0.189629
 0.332571  0.885182  0.325346   2.09959
        0         0         0         1

-0.175925  0.394044 -0.902097  0.822113
-0.931625  0.229386  0.281882 -0.200356
 0.318003  0.890006  0.326746   2.08259
        0         0         0         1

-0.172548  0.391758 -0.903744  0.831833
-0.937647  0.215733  0.272538 -0.212193
 0.301737  0.894419  0.330107   2.06256
        0         0         0         1

-0.168458  0.389558 -0.905465  0.840176
-0.943369  0.202617  0.262681  -0.22196
 0.285792  0.898438  0.333365   2.04526
        0         0         0         1

-0.158251  0.387158 -0.908331  0.860198
-0.954962  0.173844  0.240472 -0.241142
 0.251008  0.905476   0.34221   2.00469
        0         0         0         1

 -0.15366  0.386203 -0.909525  0.869392
-0.959587   0.16129  0.230605 -0.248522
 0.235757  0.908203  0.345812   1.98614
        0         0         0         1

-0.147736  0.386374 -0.910434   0.88036
-0.964863  0.145936  0.218501 -0.256771
 0.217288  0.910724  0.351238   1.96427
        0         0         0         1

-0.143068  0.387243  -0.91081  0.890062
-0.969189  0.131624    0.2082 -0.263612
 0.200508  0.912534  0.356481   1.94603
        0         0         0         1

-0.137738  0.386143 -0.912098  0.900589
-0.973533  0.116781  0.196455 -0.270535
 0.182376  0.915017  0.359838   1.92423
        0         0         0         1

-0.134052  0.385964 -0.912722  0.910215
-0.977018  0.102555  0.186863 -0.276095
 0.165727  0.916795  0.363346   1.90607
        0         0         0         1

-0.126089  0.383384 -0.914942  0.930149
-0.982935  0.076244  0.167407 -0.285721
  0.13394  0.920437  0.367228   1.86497
        0         0         0         1

-0.123104  0.385148 -0.914607    0.9391
-0.984974 0.0650687  0.159976 -0.289026
 0.121127  0.920558   0.37135   1.84681
        0         0         0         1

-0.119228  0.388538 -0.913686  0.949459
 -0.98712 0.0524834  0.151129 -0.292594
 0.106673  0.919937  0.377276   1.82604
        0         0         0         1

-0.115504  0.392444 -0.912495  0.958355
-0.988851 0.0414902  0.143013 -0.295312
0.0939841  0.918839  0.383277   1.80846
        0         0         0         1

-0.110958   0.39658  -0.91127  0.968995
-0.990546 0.0302922  0.133794 -0.297778
0.0806644    0.9175   0.38947   1.78787
        0         0         0         1

 -0.10722   0.39888 -0.910713  0.978216
-0.991828 0.0207867  0.125875 -0.299511
0.0691396  0.916767  0.393392   1.77067
        0         0         0         1

 -0.098055    0.39953  -0.911461   0.997933
 -0.994196 0.00141688   0.107577  -0.301879
 0.0442716   0.916719   0.397072    1.73225
         0          0          0          1

 -0.0962251    0.400004   -0.911448     1.00646
  -0.994795 -0.00781626    0.101594    -0.30254
  0.0335139     0.91648    0.398674     1.71586
          0           0           0           1

-0.0939444   0.399531  -0.911894    1.01539
 -0.995343 -0.0177983  0.0947434  -0.303098
 0.0216228   0.916547   0.399342    1.69723
         0          0          0          1

-0.0935362   0.399632  -0.911891    1.02269
 -0.995545 -0.0265883  0.0904647  -0.303481
  0.011907    0.91629   0.400338     1.6821
         0          0          0          1

 -0.093288   0.400802  -0.911403    1.03758
 -0.995627 -0.0420354  0.0834232  -0.303892
-0.00487496     0.9152   0.402971    1.65005
         0          0          0          1

-0.0947461   0.401339  -0.911016    1.04385
 -0.995439 -0.0484713  0.0821725  -0.304087
-0.0111791   0.914646   0.404101    1.63696
         0          0          0          1

-0.0948697   0.400876  -0.911207    1.05083
 -0.995298 -0.0561458  0.0789241  -0.304535
-0.0195217    0.91441   0.404317    1.62244
         0          0          0          1

-0.0951423   0.400677  -0.911266    1.05679
 -0.995158 -0.0609732  0.0770917  -0.304638
-0.0246739   0.914188   0.404538     1.6103
         0          0          0          1

  -0.09514   0.399564  -0.911755    1.06367
 -0.994986 -0.0665417   0.074664  -0.304877
-0.0308368   0.914287   0.403891     1.5969
         0          0          0          1

-0.0958421   0.398438  -0.912174    1.06946
 -0.994767 -0.0709299  0.0735379  -0.305122
-0.0354001   0.914448   0.403151    1.58596
         0          0          0          1

 -0.099293   0.394609  -0.913469    1.08139
 -0.993957 -0.0825077  0.0723996  -0.306082
-0.0467986   0.915137   0.400416    1.56316
         0          0          0          1

 -0.101178   0.392549  -0.914149    1.08593
 -0.993538 -0.0873748  0.0724452   -0.30651
-0.0514353   0.915571   0.398853    1.55355
         0          0          0          1

 -0.104459   0.389578   -0.91505     1.0907
 -0.992852 -0.0942556  0.0732113  -0.307141
-0.0577271   0.916157    0.39664    1.54261
         0          0          0          1

-0.107766  0.385873 -0.916236   1.09455
-0.992134 -0.100782 0.0742481 -0.307783
-0.0636899  0.917031  0.393698    1.5334
        0         0         0         1

-0.113598  0.376243 -0.919531   1.10269
-0.990468  -0.11546 0.0751185 -0.309552
-0.0779064  0.919299  0.385773   1.51371
        0         0         0         1

-0.114025  0.373119  -0.92075   1.10627
 -0.99004 -0.119712 0.0740947 -0.310337
-0.0825789  0.920028  0.383053   1.50552
        0         0         0         1

-0.114291  0.371197 -0.921493   1.11077
-0.989553 -0.124592 0.0725446 -0.311579
-0.0878819  0.920157  0.381559   1.49658
        0         0         0         1

 -0.11212  0.371303 -0.921718   1.11471
-0.989545 -0.126401 0.0694514 -0.312697
-0.0907182  0.919868  0.381593   1.48928
        0         0         0         1

 -0.11067  0.372786 -0.921294   1.11942
-0.989435 -0.128677 0.0667879 -0.314034
-0.0936521  0.918952  0.383089   1.48131
        0         0         0         1

-0.108514  0.375008 -0.920649   1.12329
-0.989476 -0.129913  0.063709  -0.31528
-0.0957131  0.917874  0.385159   1.47484
        0         0         0         1

-0.105184  0.382046 -0.918138   1.13128
-0.989455 -0.132651 0.0581567 -0.318337
-0.0995731  0.914574   0.39197   1.46115
        0         0         0         1

-0.104487  0.385141 -0.916924   1.13443
-0.989429 -0.133483 0.0566818 -0.319739
-0.100563  0.913153  0.395017   1.45548
        0         0         0         1

 -0.10395  0.387898 -0.915822     1.138
 -0.98932 -0.134928  0.055143 -0.321392
 -0.10218  0.911773  0.397781   1.44926
        0         0         0         1

-0.103828  0.389429 -0.915186   1.14101
-0.989147 -0.136613 0.0540872 -0.322859
-0.103963  0.910869  0.399386   1.44426
        0         0         0         1

-0.103935   0.38828 -0.915662   1.14725
-0.988703 -0.140303 0.0527318 -0.326177
-0.107995  0.910798  0.398476   1.43341
        0         0         0         1

-0.103705  0.385991 -0.916655   1.14985
-0.988487 -0.142091 0.0519993   -0.3276
-0.110177  0.911494  0.396283   1.42881
        0         0         0         1

-0.103732  0.383134 -0.917849   1.15258
-0.988165 -0.144546 0.0513417  -0.32919
-0.113001  0.912313  0.393594   1.42357
        0         0         0         1

-0.104646  0.380765 -0.918731   1.15468
-0.987738 -0.147414 0.0514109 -0.330535
-0.115858  0.912846  0.391522   1.41926
        0         0         0         1

-0.107389  0.377955 -0.919575   1.15688
-0.987053 -0.151369 0.0530544 -0.332074
-0.119143  0.913366  0.389317   1.41427
        0         0         0         1

-0.109598  0.376123 -0.920065   1.15826
-0.986548 -0.154112 0.0545161  -0.33324
-0.121288  0.913663  0.387954   1.41016
        0         0         0         1

-0.115568  0.373333 -0.920471   1.16097
-0.985428 -0.159528 0.0590211 -0.335887
-0.124806  0.913878  0.386329   1.40242
        0         0         0         1

-0.118276  0.371672 -0.920799    1.1622
-0.985049 -0.160887 0.0615888 -0.336969
-0.125254  0.914317  0.385144   1.39959
        0         0         0         1

-0.120747  0.368616 -0.921706   1.16341
-0.984712 -0.161909 0.0642487 -0.338208
-0.125549  0.915373  0.382531    1.3965
        0         0         0         1

 -0.12293  0.365635 -0.922605   1.16423
-0.984398 -0.162856 0.0666225 -0.339126
-0.125892    0.9164   0.37995   1.39418
        0         0         0         1

-0.128304  0.358249 -0.924768   1.16527
-0.983562 -0.165433 0.0723731 -0.340709
-0.127059  0.918852  0.373586   1.38964
        0         0         0         1

-0.131567  0.354899 -0.925601   1.16539
-0.983034 -0.167092 0.0756633 -0.341154
-0.127808  0.919852  0.370861   1.38795
        0         0         0         1

 -0.13509  0.352592 -0.925975    1.1653
-0.982592 -0.167954 0.0793969 -0.341542
-0.127526  0.920582  0.369143    1.3861
        0         0         0         1

-0.138056  0.349428 -0.926736   1.16529
-0.982111 -0.169281  0.082477 -0.341731
-0.128059  0.921544  0.366548   1.38504
        0         0         0         1

-0.140848  0.345474 -0.927798   1.16552
-0.981784 -0.169447 0.0859489 -0.341938
 -0.12752  0.923004  0.363047   1.38419
        0         0         0         1

-0.141741  0.341927 -0.928976   1.16606
-0.981677 -0.169287 0.0874735 -0.341976
-0.127354  0.924353  0.359656   1.38379
        0         0         0         1

-0.139491  0.340413 -0.929871   1.16772
-0.982307 -0.166075 0.0865596 -0.341638
-0.124962  0.925493  0.357556   1.38401
        0         0         0         1

-0.137806   0.34123 -0.929823   1.16861
-0.982759 -0.163941 0.0854871 -0.341377
-0.123266  0.925573  0.357939   1.38469
        0         0         0         1

-0.135983  0.341346 -0.930049   1.16965
-0.983297 -0.161139  0.084627 -0.340919
-0.120981  0.926022  0.357557   1.38592
        0         0         0         1

-0.133571  0.339613 -0.931033    1.1701
-0.983788 -0.158874 0.0831869 -0.340354
-0.119665   0.92705  0.355328   1.38719
        0         0         0         1

-0.130934  0.330425 -0.934706   1.17034
 -0.98431 -0.155816 0.0828008  -0.33874
-0.118283  0.930882  0.345642   1.39028
        0         0         0         1

-0.130974  0.323123  -0.93725   1.16996
-0.984204 -0.155971 0.0837634 -0.337836
-0.119118  0.933416  0.338447   1.39173
        0         0         0         1

-0.131031  0.315264 -0.939915   1.16913
-0.984059 -0.156357 0.0847404 -0.336613
-0.120247  0.936035  0.330726   1.39347
        0         0         0         1

-0.130655  0.309876 -0.941757   1.16794
 -0.98405 -0.156206 0.0851241 -0.335283
 -0.12073  0.937857  0.325343   1.39552
        0         0         0         1

-0.130307  0.305894 -0.943106   1.16588
-0.984221  -0.15475 0.0857949 -0.333477
-0.119702  0.939405  0.321232   1.39855
        0         0         0         1

-0.130122  0.303674 -0.943849   1.16375
-0.984428 -0.153049 0.0864741 -0.331833
-0.118195  0.940403   0.31886   1.40164
        0         0         0         1

-0.126782  0.301002 -0.945158   1.15849
-0.985636 -0.145407 0.0859037 -0.328306
-0.111575  0.942473  0.315113   1.41002
        0         0         0         1

-0.125351  0.300134 -0.945625   1.15607
-0.986283  -0.14087 0.0860299 -0.326873
-0.107389  0.943438  0.313675   1.41464
        0         0         0         1

-0.122135  0.298686 -0.946504   1.15291
-0.987375 -0.133482 0.0852866 -0.325135
-0.100867  0.944971  0.311217   1.42065
        0         0         0         1

-0.119476  0.296775 -0.947444   1.15011
-0.988282 -0.126855 0.0848901 -0.323717
-0.0949951  0.946484  0.308454   1.42657
        0         0         0         1

 -0.11205  0.291486  -0.94999   1.14242
 -0.99039 -0.110758 0.0828313 -0.320424
-0.0810746  0.950141  0.301095   1.44107
        0         0         0         1

-0.109081  0.288844 -0.951142   1.13854
-0.991205 -0.103737 0.0821721 -0.318964
-0.0749336  0.951739  0.297619   1.44783
        0         0         0         1

-0.106593  0.286652 -0.952086   1.13377
-0.992014 -0.095595 0.0822816 -0.317188
-0.0674285  0.953254  0.294552   1.45611
        0         0         0         1

 -0.103824   0.285082  -0.952864    1.12922
 -0.992722 -0.0884868  0.0816929  -0.315608
-0.0610268    0.95441   0.292194    1.46353
         0          0          0          1

 -0.101664   0.284508  -0.953268    1.12388
 -0.993471 -0.0789075  0.0824012  -0.313732
-0.0517762   0.955421   0.290673    1.47254
         0          0          0          1

 -0.098728   0.284221  -0.953662     1.1189
 -0.994125 -0.0708947  0.0817881  -0.312143
-0.0443637   0.956134    0.28955    1.48072
         0          0          0          1

-0.0924171   0.283849  -0.954405    1.10678
 -0.995435 -0.0492926    0.08173   -0.30834
-0.0238461   0.957601   0.287108    1.50034
         0          0          0          1

-0.0893072   0.282984  -0.954958    1.10095
  -0.99589 -0.0398618  0.0813229  -0.306689
-0.0150533   0.958296   0.285381    1.50974
         0          0          0          1

-0.0861519   0.282284  -0.955455    1.09361
 -0.996275 -0.0279435  0.0815769  -0.304687
-0.00367089   0.958924    0.28364    1.52096
         0          0          0          1

-0.0849394   0.282122  -0.955611    1.08715
 -0.996365 -0.0178418  0.0832944  -0.303074
0.00644937   0.959213   0.282612    1.53068
         0          0          0          1

-0.0828802    0.27985  -0.956459    1.07135
 -0.996173 0.00347952  0.0873395  -0.299303
   0.02777   0.960037   0.278491    1.55332
         0          0          0          1

-0.082582  0.279098 -0.956705   1.06408
-0.995893 0.0126346 0.0896505 -0.297485
0.0371088   0.96018  0.276908   1.56344
        0         0         0         1

-0.0815548  0.277435 -0.957277   1.05525
-0.995527 0.0232839 0.0915616  -0.29538
0.0476916  0.960462  0.274296   1.57515
        0         0         0         1

-0.0799439  0.275547 -0.957958   1.04755
-0.995244 0.0316041 0.0921461 -0.293661
 0.055666  0.960768   0.27171   1.58536
        0         0         0         1

-0.0786095  0.274621 -0.958334   1.03862
-0.994704 0.0422492 0.0936998   -0.2915
0.0662208  0.960624  0.269845   1.59704
        0         0         0         1

-0.0769474   0.27423 -0.958581   1.03079
-0.994194  0.051428 0.0945187 -0.289676
0.0752178  0.960288  0.268681   1.60698
        0         0         0         1

-0.074088  0.274829 -0.958635   1.01234
-0.992779 0.0706125 0.0969706 -0.286015
0.0943419  0.958897  0.267612   1.62928
        0         0         0         1

-0.0742667  0.276214 -0.958222   1.00372
-0.991995 0.0779466 0.0993529 -0.284583
 0.102133   0.95793  0.268214   1.63893
        0         0         0         1

-0.0741301  0.276571  -0.95813  0.992853
-0.991011 0.0868612  0.101747 -0.282994
 0.111365   0.95706  0.267646   1.64994
        0         0         0         1

-0.0753777  0.277562 -0.957746  0.983309
-0.990141 0.0928887  0.104847 -0.281747
 0.118065  0.956207  0.267824   1.65917
        0         0         0         1

-0.0800327  0.279972 -0.956666  0.960647
-0.988143  0.103873  0.113065 -0.279343
 0.131026  0.954372   0.26834   1.67898
        0         0         0         1

-0.0814444  0.280716 -0.956329  0.949959
 -0.98742   0.10775  0.115721 -0.278414
 0.135529  0.953723  0.268409   1.68725
        0         0         0         1

-0.0832677  0.281537 -0.955931  0.937301
-0.986505   0.11242   0.11904 -0.277357
  0.14098  0.952942  0.268376   1.69644
        0         0         0         1

-0.0849166  0.283035 -0.955343   0.92641
-0.985873  0.115062  0.121719 -0.276728
 0.144375  0.952183  0.269265   1.70409
        0         0         0         1

-0.088133  0.285083 -0.954443  0.913525
-0.984973  0.117932  0.126177 -0.275847
 0.148531   0.95122  0.270405   1.71236
        0         0         0         1

-0.0909655  0.287414 -0.953477  0.902315
-0.984262  0.119716  0.129989 -0.275139
 0.151508  0.950295  0.272001   1.71899
        0         0         0         1

-0.0993861  0.293848 -0.950671  0.875722
-0.982888   0.11992  0.139821 -0.274191
 0.155091    0.9483  0.276902   1.73238
        0         0         0         1

-0.103256  0.297404 -0.949152  0.863206
-0.982189  0.120117  0.144488 -0.273773
 0.156981  0.947166  0.279704   1.73751
        0         0         0         1

-0.108919  0.302779 -0.946817  0.848538
-0.981594  0.117558  0.150513 -0.273769
 0.156878  0.945783  0.284401   1.74323
        0         0         0         1

-0.114662  0.307942  -0.94447  0.835568
-0.980803  0.115861  0.156849 -0.273374
 0.157728  0.944324  0.288746    1.7475
        0         0         0         1

-0.128318  0.320398 -0.938552  0.805544
-0.979042  0.109991  0.171402 -0.272583
 0.158149  0.940876  0.299569   1.75602
        0         0         0         1

-0.133899  0.325411 -0.936044  0.791974
-0.978452  0.106395  0.176953  -0.27227
 0.157173  0.939568  0.304153   1.75926
        0         0         0         1

-0.140673   0.33128 -0.932987  0.776256
-0.977641  0.102288  0.183725 -0.271551
 0.156298  0.937972  0.309484   1.76206
        0         0         0         1

-0.145771  0.335576 -0.930666  0.762596
-0.977152 0.0982398  0.188475 -0.271131
 0.154676  0.936877  0.313588   1.76413
        0         0         0         1

-0.152307  0.340912 -0.927675    0.7468
-0.976636 0.0920677  0.194179  -0.27069
 0.151607  0.935576  0.318925   1.76648
        0         0         0         1

-0.159196  0.345682 -0.924749  0.733491
-0.975895  0.086537  0.200349 -0.269886
 0.149282  0.934353  0.323573   1.76777
        0         0         0         1

-0.174669  0.353004 -0.919173   0.70258
-0.974542 0.0712921   0.21257 -0.268128
 0.140568  0.932902  0.331564   1.76987
        0         0         0         1

-0.183075  0.355555  -0.91655  0.688973
-0.973477 0.0645558  0.219489 -0.266674
 0.137209  0.932423  0.334306      1.77
        0         0         0         1

-0.191623  0.356718 -0.914348  0.672116
-0.972428 0.0571521  0.226092 -0.265148
 0.132908  0.932462  0.335931   1.76946
        0         0         0         1

-0.198825  0.358166 -0.912242  0.657786
-0.971678 0.0492544  0.231117 -0.264136
  0.12771  0.932358  0.338229   1.76911
        0         0         0         1

-0.218865  0.363714 -0.905434  0.625966
-0.968621 0.0310202    0.2466 -0.260014
 0.117778  0.930994  0.345511   1.76689
        0         0         0         1

-0.225788  0.366272 -0.902698  0.611291
-0.967679 0.0225181  0.251178  -0.25858
 0.112327  0.930235  0.349349   1.76552
        0         0         0         1

-0.234833  0.371067 -0.898422  0.594469
-0.966071 0.0131376  0.257941 -0.256132
 0.107517  0.928513  0.355392   1.76334
        0         0         0         1

 -0.243468   0.376643  -0.893791   0.580619
 -0.964227 0.00560743   0.265018  -0.253283
  0.104829   0.926341   0.361804    1.76112
         0          0          0          1

   -0.25168    0.383524   -0.888576    0.564221
  -0.962687 -0.00486515    0.270572   -0.250452
  0.0994477    0.923518    0.370438     1.75886
          0           0           0           1

 -0.257748   0.389533  -0.884212   0.549826
 -0.961577 -0.0138794   0.274185  -0.248446
 0.0945318   0.920908   0.378143    1.75651
         0          0          0          1

 -0.271169   0.401875  -0.874622   0.518657
 -0.958812 -0.0329727   0.282121  -0.242114
 0.0845386   0.915101   0.394264    1.75016
         0          0          0          1

 -0.276414   0.405777  -0.871172   0.504814
 -0.957761 -0.0415148   0.284551  -0.239317
  0.079298   0.913029   0.400113    1.74674
         0          0          0          1

 -0.283151   0.411765  -0.866184   0.489482
 -0.956346 -0.0531291   0.287368   -0.23599
 0.0723084    0.90974   0.408833    1.74334
         0          0          0          1

 -0.289627   0.414739  -0.862617   0.475771
 -0.954798 -0.0621821    0.29068  -0.232358
 0.0669171   0.907813   0.414002    1.73943
         0          0          0          1

 -0.304459   0.421656  -0.854114   0.445286
 -0.950966 -0.0832701   0.297874  -0.223912
 0.0544783   0.902924   0.426333    1.73001
         0          0          0          1

 -0.311241   0.425594  -0.849705   0.431961
 -0.949081 -0.0933607    0.30088  -0.219999
 0.0487234   0.900085   0.432981    1.72594
         0          0          0          1

-0.319967  0.429948 -0.844254  0.416409
-0.946494 -0.105481  0.304998 -0.214967
0.0420808  0.896671  0.440694   1.72061
        0         0         0         1

-0.326777  0.434896 -0.839096  0.403499
-0.944411 -0.116324  0.307501 -0.210366
0.0361236  0.892936  0.448732   1.71578
        0         0         0         1

-0.334258  0.441948 -0.832438  0.388429
-0.942035 -0.129492  0.309517 -0.205456
0.0289961  0.887645  0.459614   1.71076
        0         0         0         1

-0.340289  0.444754 -0.828491  0.375224
-0.940019 -0.138582  0.311703 -0.200803
0.0238171  0.884867  0.465235   1.70465
        0         0         0         1

-0.357698   0.45216  -0.81707  0.347239
-0.933769 -0.162583  0.318814 -0.188797
 0.011313  0.876994  0.480368   1.69302
        0         0         0         1

-0.364638  0.453241 -0.813395  0.334842
-0.931139 -0.173443  0.320776  -0.18373
0.00431126  0.874351  0.485274   1.68778
        0         0         0         1

 -0.37315  0.453831 -0.809195   0.32051
-0.927764 -0.185822   0.32361 -0.177695
-0.00350225  0.871497  0.490388   1.68108
        0         0         0         1

-0.379866  0.453563 -0.806215  0.308088
 -0.92498 -0.196305  0.325386  -0.17251
-0.0106808  0.869336  0.494106    1.6753
        0         0         0         1

-0.397355  0.452469 -0.798361  0.281172
-0.917265 -0.221529  0.330984 -0.160312
-0.0271003  0.863826   0.50306   1.66238
        0         0         0         1

-0.404325  0.450885 -0.795754  0.268977
-0.914015  -0.23072  0.333684 -0.154777
-0.0331434  0.862248  0.505401   1.65559
        0         0         0         1

-0.418345  0.449843 -0.789068  0.256495
-0.907444 -0.244451  0.341745 -0.145724
-0.0391568  0.859003  0.510472   1.64886
        0         0         0         1

-0.425758  0.445296 -0.787681  0.244384
 -0.90366 -0.253638  0.345059 -0.139699
-0.0461324  0.858708  0.510384   1.64089
        0         0         0         1

 -0.43455  0.444073  -0.78356  0.231365
-0.899109 -0.264727  0.348601 -0.132872
-0.0526255   0.85599  0.514307   1.63404
        0         0         0         1

-0.444848  0.443119 -0.778303  0.221312
-0.893754 -0.275501  0.353982 -0.125706
-0.0575674   0.85308  0.518595   1.62893
        0         0         0         1

-0.465196  0.434992 -0.770957  0.198523
-0.882523 -0.295683  0.365684 -0.110057
-0.0688898  0.850502  0.521441     1.614
        0         0         0         1

-0.471963  0.430501 -0.769363  0.187951
-0.878399 -0.304132  0.368672 -0.104293
-0.0752748  0.849808   0.52169   1.60704
        0         0         0         1

-0.479084  0.428133 -0.766277  0.176574
 -0.87397 -0.313799  0.371089 -0.098041
-0.0815815  0.847486  0.524511    1.6003
        0         0         0         1

-0.490487  0.424416 -0.761114  0.168519
-0.867136 -0.324484  0.377871 -0.089835
-0.0865948  0.845329  0.527181   1.59478
        0         0         0         1

 -0.510237   0.415447  -0.753035   0.150162
 -0.854672  -0.342558   0.390115 -0.0735754
-0.0958859   0.842649   0.529857    1.57979
         0          0          0          1

 -0.515938   0.411795  -0.751154    0.14187
  -0.85065  -0.349688   0.392573 -0.0682532
 -0.101009   0.841512   0.530711    1.57372
         0          0          0          1

 -0.525118   0.406486  -0.747677   0.132951
 -0.844295  -0.359135   0.397728 -0.0607974
 -0.106846   0.840114   0.531782    1.56692
         0          0          0          1

 -0.531909   0.401407  -0.745617    0.12582
 -0.839362  -0.366382   0.401542 -0.0545141
 -0.111999   0.839427   0.531807    1.56065
         0          0          0          1

 -0.541709   0.392436  -0.743334    0.11882
 -0.832246  -0.374522   0.408779 -0.0459065
 -0.117976   0.840076   0.529485    1.55259
         0          0          0          1

 -0.543746   0.391131  -0.742534   0.111365
 -0.830146  -0.380629   0.407406 -0.0430541
 -0.123281   0.837937   0.531661    1.54863
         0          0          0          1

 -0.555634   0.380719  -0.739137  0.0987752
 -0.821018  -0.391478   0.415541 -0.0309152
 -0.131152   0.837734   0.530095     1.5343
         0          0          0          1

 -0.561058   0.378924  -0.735956  0.0942501
 -0.816718   -0.39824   0.417584 -0.0252073
 -0.134855   0.835357    0.53291    1.53037
         0          0          0          1

 -0.566544    0.37752  -0.732466  0.0897235
 -0.812219  -0.405802   0.419076 -0.0188516
 -0.139027   0.832348   0.536533    1.52563
         0          0          0          1

 -0.570271   0.376063   -0.73032  0.0859254
 -0.808977  -0.411487   0.419804 -0.0138178
 -0.142644   0.830214   0.538886    1.52052
         0          0          0          1

  -0.574926    0.373329    -0.72807   0.0833458
  -0.805094   -0.416783    0.422038 -0.00708424
  -0.145888    0.828805    0.540184     1.51345
          0           0           0           1

  -0.575111    0.373281   -0.727948   0.0800383
  -0.804427   -0.419905    0.420212 -0.00362026
  -0.148812    0.827249    0.541769     1.50814
          0           0           0           1

 -0.576793   0.374844  -0.725811  0.0750051
 -0.801677   -0.43042   0.414793 0.00357686
 -0.156921   0.821115   0.548767    1.50046
         0          0          0          1

-0.577322  0.373162 -0.726257 0.0729153
-0.800966 -0.431583  0.414957 0.0070904
-0.158595  0.821271  0.548053   1.49429
        0         0         0         1

 -0.577067   0.374572  -0.725734  0.0706851
 -0.800785  -0.434065   0.412712 0.00995961
 -0.160425   0.819319   0.550436    1.48975
         0          0          0          1

-0.578621  0.373203 -0.725201 0.0697827
-0.798896 -0.438362   0.41183 0.0140093
-0.164205  0.817654  0.551796   1.48597
        0         0         0         1

-0.581685  0.370081  -0.72435 0.0680281
-0.795475 -0.444805  0.411544  0.020709
 -0.16989  0.815591  0.553126   1.47668
        0         0         0         1

-0.583556   0.36818 -0.723814 0.0682591
-0.793741 -0.446921  0.412599 0.0240114
-0.171577  0.815295  0.553042   1.47261
        0         0         0         1

-0.584753  0.366601 -0.723649 0.0676847
-0.792073 -0.450653  0.411742 0.0267949
-0.175169   0.81395  0.553896   1.46876
        0         0         0         1

 -0.58436  0.367947 -0.723283 0.0669166
-0.792213 -0.451801  0.410212 0.0281393
-0.175844  0.812706  0.555507   1.46646
        0         0         0         1

-0.585864  0.366821 -0.722638  0.067393
-0.790339 -0.455836  0.409362 0.0308515
-0.179242   0.81096  0.556971   1.46299
        0         0         0         1

-0.587798   0.36605 -0.721458 0.0677414
-0.788645 -0.458088  0.410115   0.03331
-0.180368  0.810039  0.557947   1.45976
        0         0         0         1

-0.587391    0.3656 -0.722017 0.0671815
-0.788954 -0.457484  0.410196 0.0356812
-0.180343  0.810583  0.557163   1.45178
        0         0         0         1

-0.587627  0.366136 -0.721553 0.0673073
-0.788362 -0.459831  0.408706 0.0365605
 -0.18215  0.809012  0.558857   1.45035
        0         0         0         1

-0.588247  0.365363  -0.72144 0.0682156
-0.787928  -0.45976  0.409622 0.0385727
-0.182028  0.809402  0.558332    1.4464
        0         0         0         1

-0.587811  0.366229 -0.721356 0.0679394
-0.788046 -0.460823  0.408197 0.0383753
-0.182924  0.808405  0.559482   1.44477
        0         0         0         1

-0.590867   0.36397 -0.720001 0.0706427
 -0.78543 -0.463419  0.410296 0.0420946
-0.184326  0.807941  0.559692   1.43905
        0         0         0         1

-0.591837  0.363221 -0.719583 0.0710191
-0.784601 -0.464197  0.411002 0.0434117
-0.184744  0.807831  0.559713   1.43619
        0         0         0         1

-0.591863  0.364548  -0.71889 0.0706896
-0.784677 -0.464556  0.410449 0.0431795
-0.184337  0.807027  0.561006   1.43453
        0         0         0         1

-0.593087   0.36397 -0.718174 0.0720933
 -0.78374 -0.465264  0.411438 0.0447708
-0.184389   0.80688    0.5612   1.43145
        0         0         0         1

-0.591625   0.36579 -0.718455 0.0709974
-0.784576 -0.466296  0.408666 0.0434499
-0.185527   0.80546  0.562863   1.43086
        0         0         0         1

-0.592446  0.365683 -0.717833 0.0728932
 -0.78379 -0.467616  0.408666 0.0447782
-0.186228  0.804742  0.563657   1.42858
        0         0         0         1

-0.591274   0.36739 -0.717927 0.0737292
-0.784553 -0.468167  0.406567 0.0444069
-0.186741  0.803644  0.565052   1.42414
        0         0         0         1

-0.590934  0.370643 -0.716534  0.074717
-0.784615 -0.470562  0.403673 0.0444101
-0.187555  0.800747  0.568883     1.425
        0         0         0         1

 -0.59187   0.36906 -0.716579 0.0764431
-0.783785 -0.470954  0.404825 0.0460417
-0.188071  0.801247  0.568007   1.42192
        0         0         0         1

-0.592864  0.367441 -0.716589 0.0783286
-0.782855 -0.471602  0.405868 0.0474594
-0.188812   0.80161  0.567249   1.41948
        0         0         0         1

-0.595837  0.364679 -0.715533   0.08202
-0.780394 -0.473298  0.408626 0.0500184
-0.189643  0.801872  0.566601   1.41542
        0         0         0         1

-0.595134   0.36271 -0.717117 0.0815371
-0.780566 -0.473136  0.408483 0.0494413
-0.191133   0.80286  0.564699   1.41221
        0         0         0         1

-0.594095  0.362746  -0.71796 0.0811893
-0.780931 -0.474097  0.406667 0.0476837
-0.192866  0.802276  0.564939   1.41257
        0         0         0         1

-0.594175  0.361828 -0.718357 0.0819355
  -0.7806 -0.474763  0.406525 0.0481221
-0.193957  0.802297  0.564536   1.41113
        0         0         0         1

-0.593478  0.360985 -0.719357 0.0824508
-0.780734 -0.475358  0.405572 0.0479475
-0.195547  0.802325  0.563948   1.40936
        0         0         0         1

-0.593292   0.35971 -0.720148  0.083408
-0.780503 -0.476012   0.40525 0.0481952
-0.197027   0.80251  0.563169   1.40744
        0         0         0         1

-0.591172  0.358522  -0.72248 0.0846555
-0.781303 -0.476909  0.402645 0.0475145
  -0.2002  0.802509   0.56205   1.40377
        0         0         0         1

-0.590376  0.356888 -0.723939 0.0857085
-0.781425 -0.477282  0.401965 0.0472409
-0.202067  0.803015  0.560657   1.40167
        0         0         0         1

-0.588773  0.358125 -0.724633 0.0855674
-0.782061 -0.478956  0.398726 0.0458898
-0.204273  0.801466  0.562072    1.4015
        0         0         0         1

-0.589603  0.355747 -0.725129 0.0863028
-0.781274 -0.478935   0.40029 0.0467004
-0.204888  0.802537  0.560318   1.39861
        0         0         0         1

-0.588599  0.353816 -0.726887 0.0869406
-0.781302 -0.479912  0.399063 0.0466084
-0.207647  0.802807  0.558913   1.39432
        0         0         0         1

-0.589692  0.353351 -0.726228 0.0881991
-0.780053 -0.482157  0.398801 0.0478693
-0.209239  0.801666  0.559956   1.39421
        0         0         0         1

-0.591649  0.352388 -0.725103 0.0894872
-0.778543 -0.483282  0.400387 0.0490334
-0.209338  0.801412  0.560282   1.39335
        0         0         0         1

-0.591971  0.352078  -0.72499 0.0897204
-0.778246 -0.483567   0.40062 0.0490338
-0.209532  0.801376  0.560261   1.39263
        0         0         0         1

-0.591257  0.352732 -0.725255 0.0891811
-0.778941 -0.482777  0.400222  0.048139
-0.208965  0.801565  0.560202   1.39149
        0         0         0         1

-0.592782  0.351922 -0.724403 0.0899442
-0.777911 -0.483044    0.4019  0.048574
-0.208481   0.80176  0.560103   1.39117
        0         0         0         1

-0.594108  0.350162  -0.72417 0.0903253
-0.776818 -0.483429  0.403546 0.0484537
-0.208779  0.802298  0.559222   1.39043
        0         0         0         1

-0.595057  0.348585 -0.724152 0.0904094
-0.775978 -0.483743  0.404785 0.0485549
-0.209201  0.802796  0.558349   1.39041
        0         0         0         1

-0.598398  0.344864 -0.723179 0.0906456
-0.773349 -0.484533  0.408851 0.0493573
-0.209406  0.803926  0.556644   1.39009
        0         0         0         1

-0.598739  0.342852 -0.723853 0.0898211
-0.772723 -0.485052  0.409418 0.0487752
-0.210737  0.804473   0.55535    1.3896
        0         0         0         1

-0.604617  0.332977 -0.723578 0.0881665
-0.767503 -0.486496  0.417444 0.0492992
-0.213019  0.807742  0.549705   1.38736
        0         0         0         1

-0.608434   0.33082 -0.721364 0.0878958
-0.764509 -0.488202  0.420933 0.0503075
-0.212919  0.807599  0.549954   1.38709
        0         0         0         1

-0.608981  0.331643 -0.720525 0.0873741
-0.763559 -0.491061  0.419328  0.049919
-0.214754  0.805526  0.552276   1.38722
        0         0         0         1

-0.611494  0.330777 -0.718792 0.0869048
-0.761362  -0.49329  0.420705  0.050441
-0.215413   0.80452  0.553485   1.38722
        0         0         0         1

-0.615605  0.328609 -0.716273 0.0867488
-0.758117  -0.49509  0.424434 0.0515922
-0.215147  0.804302  0.553904   1.38707
        0         0         0         1

-0.618032  0.328451 -0.714252 0.0867546
-0.756178 -0.496854  0.425829 0.0523198
-0.215015  0.803278  0.555439   1.38762
        0         0         0         1

-0.623532  0.321437 -0.712661 0.0865939
-0.750962 -0.499743   0.43164 0.0539911
-0.217402  0.804323  0.552993   1.38757
        0         0         0         1

-0.621054  0.319709 -0.715596  0.086481
-0.752367 -0.499031  0.430014 0.0528635
-0.219625  0.805453  0.550464   1.38688
        0         0         0         1

-0.621712   0.31963  -0.71506 0.0861757
-0.751526 -0.500614  0.429644 0.0524819
-0.220642  0.804501  0.551448   1.38728
        0         0         0         1

   -0.625  0.317397 -0.713186 0.0860441
-0.748698 -0.502338   0.43256 0.0535238
-0.220967  0.804311  0.551596   1.38715
        0         0         0         1

-0.626202  0.320611  -0.71069 0.0855844
-0.747477 -0.506072  0.430313 0.0534998
-0.221697  0.800687  0.556553    1.3882
