  -0.151899   -0.592748    0.790934 -0.00433421
  -0.760562   -0.440969   -0.476541     1.00717
   0.631246   -0.673941   -0.383839     2.04071
          0           0           0           1

 -0.144118  -0.583275   0.799387 -0.0077791
 -0.774108  -0.436766  -0.458249   0.984353
  0.616431  -0.684854  -0.388572    2.05094
         0          0          0          1

  -0.128369   -0.581363    0.803454 -0.00691986
  -0.789695   -0.430161   -0.437427    0.958285
   0.599919   -0.690636    -0.40388     2.06568
          0           0           0           1

 -0.109315  -0.567996   0.815739 -0.0271347
 -0.802655  -0.433646  -0.409508   0.929008
  0.586341  -0.699522  -0.408501    2.06744
         0          0          0          1

-0.0778855  -0.530867   0.843868 -0.0736889
 -0.824892  -0.441049  -0.353593   0.864606
  0.559899   -0.72364  -0.403557    2.06309
         0          0          0          1

-0.0656789  -0.528435   0.846429 -0.0774411
 -0.841588  -0.426411  -0.331516   0.839372
  0.536111  -0.734119  -0.416719    2.08009
         0          0          0          1

-0.0462242 -0.510431  0.858675 -0.102249
-0.854191 -0.425464 -0.298895  0.796286
 0.517901 -0.747289 -0.416339   2.08552
        0         0         0         1

-0.0415444  -0.50057  0.864698 -0.111294
-0.859109 -0.423952   -0.2867  0.772281
 0.510104 -0.754781 -0.412431   2.08575
        0         0         0         1

-0.0270417 -0.471973  0.881198 -0.141523
-0.877372  -0.41124 -0.247186  0.708365
 0.479049 -0.779823 -0.402975   2.09134
        0         0         0         1

-0.0176577 -0.458438  0.888551 -0.155883
 -0.88247 -0.410637   -0.2294  0.682264
 0.470038  -0.78817 -0.397307    2.0856
        0         0         0         1

-0.0165279 -0.460796  0.887352 -0.154479
-0.885501 -0.405403 -0.227017  0.663736
 0.464343 -0.789503 -0.401335   2.08414
        0         0         0         1

-0.0164738 -0.461049  0.887222 -0.154114
-0.893141 -0.392108 -0.220344  0.642258
 0.449476 -0.796044 -0.405322   2.09419
        0         0         0         1

0.00276845 -0.439627  0.898176 -0.183807
-0.906447 -0.380415 -0.183407  0.596865
 0.422311 -0.813641 -0.399552   2.09772
        0         0         0         1

-0.0254878  -0.44092  0.897184 -0.173824
-0.900765 -0.379104   -0.2119  0.596143
 0.433558 -0.813553 -0.387503   2.07804
        0         0         0         1

-0.0571063 -0.409385  0.910573 -0.194911
 -0.89604 -0.381207 -0.227582   0.54724
 0.440285 -0.828906 -0.345056   2.07134
        0         0         0         1

-0.059976 -0.376429  0.924502 -0.217693
-0.899677 -0.380828 -0.213427  0.518484
 0.432416 -0.844554 -0.315824   2.05548
        0         0         0         1

-0.0563594 -0.364969  0.929312 -0.225535
-0.907493 -0.369351 -0.200091  0.495175
 0.416269 -0.854621 -0.310391    2.0416
        0         0         0         1

-0.0371515 -0.371583  0.927656 -0.229833
  -0.9213 -0.346833 -0.175825  0.469566
 0.387075 -0.861181 -0.329454   2.04587
        0         0         0         1

0.00724824 -0.383472  0.923524 -0.237868
-0.951273 -0.287348 -0.111849  0.416528
 0.308264 -0.877713  -0.36687   2.04844
        0         0         0         1

 0.0275504  -0.377607   0.925556  -0.246479
 -0.961518  -0.263208 -0.0787626   0.397226
  0.273355  -0.887769  -0.370328    2.03899
         0          0          0          1

 0.0501542  -0.378858   0.924095  -0.251274
 -0.973091  -0.226885 -0.0402045   0.371488
  0.224895  -0.897212  -0.380043    2.04001
         0          0          0          1

  0.0760756   -0.378434    0.922497   -0.264283
  -0.977472   -0.210983 -0.00594197    0.343084
    0.19688   -0.901262   -0.385959     2.03438
          0           0           0           1

 0.0818164   -0.37141   0.924857   -0.26694
 -0.979955  -0.199104 0.00673343   0.325986
  0.181641   -0.90687  -0.380255    2.01488
         0          0          0          1

0.0885882 -0.376393  0.922215  -0.26769
-0.981118 -0.192785 0.0155634  0.310559
 0.171931  -0.90618 -0.386364   2.01408
        0         0         0         1

0.0855021 -0.365869  0.926731 -0.276162
-0.984347 -0.174892 0.0217715  0.277385
 0.154112 -0.914086 -0.375095   1.99086
        0         0         0         1

0.0875599 -0.368275  0.925584 -0.279911
-0.985535 -0.167367 0.0266384  0.259997
 0.145102 -0.914528 -0.377603    1.9872
        0         0         0         1

0.0880714 -0.373245  0.923543 -0.281433
-0.987352 -0.155416 0.0313461  0.244871
 0.131833 -0.914623 -0.382211   1.97733
        0         0         0         1

 0.100192 -0.376513  0.920977 -0.287065
-0.988273 -0.144857 0.0482924  0.227982
 0.115227 -0.915016 -0.386612   1.96939
        0         0         0         1

 0.140245 -0.384637  0.912352   -0.2984
-0.988085 -0.113367  0.104092  0.184922
0.0633934  -0.91608 -0.395953   1.95031
        0         0         0         1

 0.153604 -0.388747   0.90845  -0.30094
-0.987134 -0.101683  0.123395  0.173056
0.0444041 -0.915716 -0.399364   1.93919
        0         0         0         1

  0.160619  -0.395806   0.904179  -0.302133
 -0.986835 -0.0819659   0.139421   0.159519
 0.0189283  -0.914669   -0.40376    1.92802
         0          0          0          1

  0.173334  -0.402618   0.898807  -0.306907
 -0.984862 -0.0720126   0.157672   0.144216
0.00124386  -0.912531  -0.409006    1.91863
         0          0          0          1

  0.179704  -0.413929   0.892395  -0.308571
 -0.983349 -0.0506572   0.174523    0.12814
-0.0270339  -0.908899   -0.41614     1.9131
         0          0          0          1

 0.194357 -0.412672  0.889903 -0.318176
-0.980104 -0.044443  0.193447  0.111447
-0.0402803 -0.909795 -0.413099   1.89689
        0         0         0         1

  0.198999  -0.428366   0.881421  -0.320552
 -0.977316 -0.0202244    0.21082  0.0913482
 -0.072482  -0.903379  -0.422673    1.87081
         0          0          0          1

  0.199716  -0.443287   0.873848  -0.319166
 -0.975793 -0.0088686   0.218516  0.0824041
-0.0891156  -0.896336  -0.434328      1.866
         0          0          0          1

 0.202172 -0.450872  0.869391 -0.322192
-0.973329 0.0057831  0.229342 0.0670489
-0.108432  -0.89257 -0.437678   1.85664
        0         0         0         1

 0.210656 -0.451648  0.866971 -0.329115
-0.970469 0.0100077  0.241017  0.051341
-0.117531  -0.89214 -0.436202   1.84215
        0         0         0         1

 0.205442 -0.460623  0.863493 -0.334662
-0.969059 0.0275998  0.245281 0.0309318
-0.136814 -0.887167 -0.440701   1.81549
        0         0         0         1

 0.204103 -0.465724  0.861071 -0.338007
 -0.96888 0.0297295  0.245737 0.0215824
-0.140045 -0.884431 -0.445163   1.80499
        0         0         0         1

 0.198714 -0.469022  0.860541 -0.340755
-0.968514 0.0403914  0.245662 0.0104024
-0.149979 -0.882263 -0.446227   1.79111
        0         0         0         1

  0.192164  -0.475061   0.858714  -0.340683
 -0.968499   0.049407   0.244065 0.00290307
 -0.158372  -0.878565  -0.450602    1.78353
         0          0          0          1

    0.177862    -0.487102     0.855042     -0.33744
   -0.970021    0.0594363     0.235639 -0.000490844
   -0.165601     -0.87132    -0.461928      1.77536
           0            0            0            1

   0.170036   -0.490179    0.854876   -0.341476
  -0.970984   0.0646992    0.230228 -0.00760988
  -0.168163   -0.869217   -0.464954     1.76245
          0           0           0           1

  0.155823  -0.513222   0.843992  -0.344552
 -0.970216  0.0809141    0.22833 -0.0259982
 -0.185475  -0.854433  -0.485327    1.74478
         0          0          0          1

  0.153309  -0.516449   0.842483  -0.348072
 -0.969805  0.0850041   0.228586 -0.0326663
 -0.189668  -0.852089  -0.487823     1.7317
         0          0          0          1

  0.150139  -0.527405   0.836243  -0.350403
 -0.968857  0.0899752   0.230695 -0.0412937
 -0.196911  -0.844837  -0.497471    1.72156
         0          0          0          1

  0.148753  -0.534542   0.831948  -0.351181
 -0.968415  0.0915054   0.231948 -0.0480459
 -0.200114  -0.840173  -0.504047    1.71175
         0          0          0          1

  0.158501  -0.544921    0.82337  -0.355528
 -0.962874  0.0992522   0.251043 -0.0628271
  -0.21852  -0.832592  -0.508959    1.68993
         0          0          0          1

  0.157649  -0.549665   0.820375  -0.353043
 -0.961541   0.103769   0.254304 -0.0621748
 -0.224912  -0.828915  -0.512166    1.68035
         0          0          0          1

  0.164247  -0.560103   0.811978  -0.353206
 -0.957685   0.106688   0.267314 -0.0683904
 -0.236352  -0.821524  -0.518879    1.67499
         0          0          0          1

    0.166 -0.566184  0.807391 -0.352093
-0.955744  0.109295  0.273145 -0.071578
-0.242894 -0.817001 -0.522983   1.66899
        0         0         0         1

  0.168708  -0.564956    0.80769  -0.351709
 -0.954253   0.111609   0.277388 -0.0741408
 -0.246857  -0.817538  -0.520282    1.65449
         0          0          0          1

  0.174888  -0.566421   0.805346  -0.353509
 -0.951508   0.113012   0.286112 -0.0785579
 -0.253073  -0.816331   -0.51919    1.64786
         0          0          0          1

  0.186871  -0.563488   0.804712  -0.355499
 -0.947884   0.111757   0.298374 -0.0856538
 -0.258062   -0.81853  -0.513237    1.62417
         0          0          0          1

 0.189311 -0.562934  0.804529 -0.355111
-0.946695  0.112842   0.30172 -0.087898
-0.260633 -0.818763 -0.511564   1.61797
        0         0         0         1

   0.19738  -0.560047   0.804605  -0.358017
  -0.94438   0.111595   0.309344 -0.0951617
 -0.263037  -0.820911   -0.50687     1.6071
         0          0          0          1

  0.197315  -0.558519   0.805682  -0.356886
 -0.944413   0.112154   0.309039 -0.0939491
 -0.262964  -0.821875  -0.505343    1.59912
         0          0          0          1

    0.1994  -0.554525   0.807924  -0.356097
 -0.943183   0.115024    0.31173 -0.0964459
 -0.265792  -0.824179  -0.500083    1.58348
         0          0          0          1

  0.200614  -0.549457    0.81108   -0.35758
  -0.94374   0.113774   0.310501 -0.0968854
 -0.262887   -0.82774  -0.495719    1.57131
         0          0          0          1

  0.199589  -0.544633   0.814579  -0.355884
   -0.9446   0.114117   0.307746 -0.0938964
 -0.260566  -0.830874  -0.491684    1.56098
         0          0          0          1

  0.202683  -0.542466   0.815261   -0.35888
 -0.943952   0.113263   0.310041 -0.0985417
 -0.260526  -0.832407  -0.489106    1.55639
         0          0          0          1

  0.203291  -0.539647   0.816978  -0.358007
 -0.944347   0.112325    0.30918 -0.0972674
 -0.258615  -0.834365  -0.486779    1.55021
         0          0          0          1

  0.204073  -0.535549   0.819477  -0.357688
 -0.945321   0.109733   0.307125 -0.0964876
 -0.254404  -0.837345  -0.483872    1.54308
         0          0          0          1

  0.206971    -0.5181   0.829901    -0.3594
 -0.947575   0.104918   0.301818 -0.0970047
 -0.243443  -0.848861  -0.469224    1.52659
         0          0          0          1

  0.209369  -0.509785   0.834437  -0.358593
 -0.948024   0.103286    0.30097 -0.0964527
 -0.239615  -0.854079  -0.461663    1.52063
         0          0          0          1

   0.20856  -0.499858   0.840622  -0.357192
 -0.949673   0.101896   0.296206 -0.0917161
 -0.233717  -0.860093   -0.45345    1.51312
         0          0          0          1

    0.204 -0.496723  0.843594 -0.354076
-0.951873  0.100698  0.289477 -0.085583
-0.228738 -0.862048 -0.452275    1.5085
        0         0         0         1

  0.210298  -0.489149   0.846468  -0.354017
 -0.951767  0.0954287   0.291604 -0.0840878
 -0.223415  -0.866964  -0.445487     1.4961
         0          0          0          1

  0.215917  -0.489613   0.844783  -0.356145
 -0.950494  0.0926237   0.296618 -0.0860417
 -0.223475  -0.867007  -0.445375    1.49374
         0          0          0          1

  0.220748  -0.489738   0.843461  -0.355669
 -0.950011  0.0878022   0.299615 -0.0841862
 -0.220791  -0.867437  -0.445875    1.48763
         0          0          0          1

   0.22438  -0.490353   0.842144  -0.354589
 -0.949202  0.0856614   0.302782 -0.0830345
  -0.22061  -0.867304  -0.446224    1.48282
         0          0          0          1

  0.230579  -0.491944   0.839538  -0.355365
 -0.947747  0.0819488   0.308318 -0.0828587
 -0.220475  -0.866761  -0.447343      1.476
         0          0          0          1

  0.233034  -0.491905   0.838883  -0.354311
 -0.947277  0.0802527   0.310203 -0.0798529
 -0.219913  -0.866942  -0.447268    1.47012
         0          0          0          1

  0.242935   -0.49449   0.834543  -0.355497
 -0.944262  0.0764745   0.320188 -0.0790821
 -0.222151  -0.865813   -0.44835    1.45992
         0          0          0          1

 0.243302 -0.493689   0.83491  -0.35356
-0.944504 0.0752864  0.319756 -0.076396
-0.220718 -0.866373 -0.447974   1.45397
        0         0         0         1

  0.247215  -0.494555   0.833247  -0.354678
 -0.942985  0.0749836   0.324278 -0.0790126
 -0.222853  -0.865906  -0.447821    1.45121
         0          0          0          1

  0.246214  -0.494492    0.83358  -0.352245
 -0.943139   0.075922   0.323612 -0.0740357
 -0.223311   -0.86586  -0.447682    1.44825
         0          0          0          1

  0.247982  -0.493876   0.833421   -0.35164
 -0.942103  0.0774979   0.326245 -0.0739855
 -0.225713  -0.866072  -0.446064    1.43763
         0          0          0          1

  0.252385  -0.495889   0.830901  -0.354068
 -0.940396  0.0765808   0.331348 -0.0791818
 -0.227943  -0.865003  -0.447004    1.43516
         0          0          0          1

  0.252784   -0.49506   0.831273  -0.352916
 -0.939866  0.0783121   0.332445 -0.0782148
 -0.229679  -0.865322  -0.445494    1.42918
         0          0          0          1

  0.255051  -0.497916   0.828872  -0.353513
 -0.938385  0.0792802   0.336374 -0.0791662
 -0.233199  -0.863594  -0.447017     1.4285
         0          0          0          1

  0.256635  -0.498013   0.828325  -0.352172
 -0.936544  0.0836101   0.340433 -0.0789996
 -0.238796  -0.863129  -0.444954     1.4235
         0          0          0          1

  0.255392  -0.499836    0.82761  -0.350895
 -0.935464  0.0885449   0.342152 -0.0787162
 -0.244301  -0.861582  -0.444965    1.42248
         0          0          0          1

   0.25025  -0.499566   0.829342   -0.34606
 -0.933004   0.104369   0.344398 -0.0749116
 -0.258608  -0.859965  -0.439979     1.4168
         0          0          0          1

  0.250752  -0.498771   0.829669  -0.344642
 -0.930497   0.112216   0.348686 -0.0746434
 -0.267017  -0.859439  -0.435966    1.41498
         0          0          0          1

 0.251046 -0.495516  0.831529 -0.344024
-0.927652  0.122198  0.352886 -0.076389
-0.276472  -0.85996 -0.428989   1.41086
        0         0         0         1

   0.25038  -0.492425   0.833563  -0.342552
 -0.925936   0.129663   0.354725 -0.0762172
 -0.282758  -0.860642  -0.423489    1.40759
         0          0          0          1

  0.250073  -0.486223   0.837287  -0.340974
 -0.923395   0.140328   0.357281 -0.0772326
 -0.291214  -0.862493  -0.413884    1.40507
         0          0          0          1

   0.25415  -0.482192   0.838391  -0.342116
  -0.91995   0.147014   0.363427 -0.0815854
 -0.298496  -0.863642  -0.406229    1.40502
         0          0          0          1

  0.250072  -0.453947   0.855217  -0.336861
 -0.919515   0.165293    0.35661 -0.0782661
 -0.303244  -0.875563  -0.376076    1.40532
         0          0          0          1

  0.251269  -0.437536    0.86338  -0.334999
 -0.921511   0.164746   0.351676 -0.0781667
  -0.29611   -0.88398  -0.361799     1.4016
         0          0          0          1

 0.253065 -0.430563  0.866357 -0.332882
 -0.92214  0.163492  0.350612 -0.080086
-0.292603 -0.887629 -0.355665   1.40301
        0         0         0         1

  0.251429  -0.428164    0.86802  -0.330485
 -0.923506   0.162298   0.347557 -0.0799552
 -0.289689  -0.889008  -0.354605    1.40459
         0          0          0          1

  0.251319  -0.427829   0.868217  -0.323299
 -0.924314   0.160076   0.346437 -0.0807122
 -0.287196  -0.889572  -0.355219    1.41075
         0          0          0          1

  0.252233  -0.429092   0.867329  -0.319071
 -0.924706   0.157221     0.3467 -0.0804417
 -0.285128  -0.889473  -0.357127    1.41489
         0          0          0          1

 0.255323 -0.430019  0.865964 -0.313034
-0.925263  0.151199  0.347888  -0.08036
-0.280531 -0.890069 -0.359276    1.4199
        0         0         0         1

   0.25598  -0.431731   0.864918  -0.306884
  -0.92662   0.145323   0.346781 -0.0784654
 -0.275409  -0.890219  -0.362851    1.42515
         0          0          0          1

  0.256015     -0.434   0.863771  -0.296956
 -0.928277   0.138957   0.344953 -0.0751562
 -0.269737  -0.890132  -0.367297    1.43307
         0          0          0          1

  0.260197  -0.429822    0.86461  -0.292599
 -0.929085   0.132327   0.345384 -0.0763126
 -0.262865  -0.893164   -0.36491    1.43333
         0          0          0          1

  0.275332  -0.417442   0.865988  -0.280772
 -0.929057   0.115975   0.351289 -0.0823574
 -0.247075  -0.901272  -0.355896     1.4477
         0          0          0          1

    0.2775   -0.41147   0.868151  -0.272701
 -0.931222   0.107023   0.348385 -0.0789129
 -0.236262  -0.905118  -0.353471    1.45191
         0          0          0          1

   0.28309  -0.405177   0.869305  -0.262359
  -0.93209   0.097337   0.348904 -0.0779482
 -0.225983  -0.909042  -0.350106    1.45998
         0          0          0          1

  0.286242  -0.404131    0.86876  -0.253789
 -0.932593  0.0905363    0.34939 -0.0779985
 -0.219854   -0.91021  -0.350974    1.46799
         0          0          0          1

  0.299986  -0.399954   0.866051  -0.236139
 -0.932082  0.0703576    0.35535 -0.0827693
 -0.203057  -0.913831  -0.351683     1.4822
         0          0          0          1

  0.304582  -0.402659   0.863189  -0.227627
 -0.931226  0.0645182   0.358685 -0.0842372
 -0.200119  -0.913073  -0.355316    1.49162
         0          0          0          1

  0.305003  -0.403929   0.862447  -0.214558
 -0.932447  0.0575202   0.356698 -0.0829665
 -0.193689   -0.91298  -0.359098    1.50212
         0          0          0          1

  0.311712  -0.404444   0.859802  -0.207256
  -0.93156  0.0481657   0.360384 -0.0875822
 -0.187168  -0.913293   -0.36175    1.50945
         0          0          0          1

  0.325995   -0.40116   0.856036  -0.183036
 -0.930457  0.0240601   0.365611 -0.0906623
 -0.167265  -0.915692  -0.365419    1.52548
         0          0          0          1

  0.329363  -0.400337   0.855132  -0.170104
 -0.930642  0.0153032   0.365611 -0.0890655
 -0.159454   -0.91624   -0.36753    1.53195
         0          0          0          1

  0.339797  -0.396014    0.85306  -0.157194
 -0.928255 0.00466737   0.371915 -0.0919825
 -0.151265  -0.918233  -0.366016    1.53893
         0          0          0          1

   0.343594   -0.396492    0.851315   -0.144237
  -0.927707 -0.00241812      0.3733  -0.0915971
  -0.145952   -0.918035   -0.368659     1.54655
          0           0           0           1

  0.352346  -0.393838   0.848967  -0.130228
 -0.925139 -0.0095988   0.379507 -0.0941383
 -0.141315   -0.91913  -0.367737      1.555
         0          0          0          1

  0.357039  -0.393025   0.847381  -0.119233
 -0.924036 -0.0158673   0.381977  -0.097599
 -0.136681  -0.919391  -0.368835    1.56193
         0          0          0          1

  0.371103  -0.389701   0.842861 -0.0931236
 -0.919115 -0.0248051   0.393208  -0.108549
 -0.132326  -0.920607  -0.367385     1.5787
         0          0          0          1

  0.376047  -0.384863   0.842893 -0.0816058
 -0.917713 -0.0290053   0.396184  -0.110546
 -0.128028  -0.922518  -0.364101    1.58285
         0          0          0          1

  0.379586  -0.379182   0.843881 -0.0669522
 -0.916803   -0.03187   0.398067  -0.114617
 -0.124045  -0.924773  -0.359732    1.58881
         0          0          0          1

  0.381472  -0.373919   0.845378 -0.0552292
 -0.916415 -0.0331821   0.398851  -0.117807
 -0.121086  -0.926868  -0.355323    1.59351
         0          0          0          1

  0.394864     -0.361   0.844844 -0.0259528
 -0.910847 -0.0335484   0.411378   -0.12555
 -0.120164  -0.931962  -0.342063     1.6048
         0          0          0          1

  0.396971  -0.354882   0.846447 -0.0131096
 -0.910228 -0.0337562    0.41273  -0.127481
 -0.117898  -0.934301  -0.336424     1.6081
         0          0          0          1

   0.407416   -0.349153    0.843863 0.000578344
   -0.90538   -0.033429    0.423285   -0.134543
  -0.119582   -0.936469   -0.329736     1.61436
          0           0           0           1

  0.415657  -0.343549   0.842142  0.0137482
 -0.901584 -0.0335763   0.431299  -0.136544
 -0.119896  -0.938534  -0.323694    1.61714
         0          0          0          1

  0.425375  -0.341815   0.837985  0.0283352
 -0.896555 -0.0328321   0.441713  -0.142387
 -0.123471  -0.939194  -0.320422    1.62291
         0          0          0          1

  0.429288  -0.338293   0.837419  0.0405465
 -0.894898 -0.0341399   0.444962  -0.145059
 -0.121938  -0.940421  -0.317393    1.62506
         0          0          0          1

    0.4407   -0.33036   0.834653  0.0695091
 -0.889396 -0.0348657   0.455805  -0.152801
 -0.121479  -0.943211  -0.309186    1.63314
         0          0          0          1

  0.445476  -0.328008   0.833044  0.0810401
  -0.88707 -0.0358826   0.460238  -0.156176
  -0.12107  -0.943993   -0.30695    1.63536
         0          0          0          1

  0.446338  -0.329336   0.832058   0.097472
 -0.886573 -0.0364598    0.46115  -0.158582
 -0.121537  -0.943509  -0.308254    1.63956
         0          0          0          1

  0.450858  -0.326408   0.830773   0.108436
  -0.88448 -0.0381465   0.465017  -0.162294
 -0.120094  -0.944459    -0.3059    1.64121
         0          0          0          1

  0.462152   -0.32641   0.824544   0.135438
 -0.878313 -0.0401433   0.476398  -0.169685
 -0.122401  -0.944376  -0.305242    1.64562
         0          0          0          1

  0.463657  -0.326334   0.823728   0.146543
 -0.877409 -0.0398471   0.478086  -0.172206
 -0.123193  -0.944414  -0.304803    1.64634
         0          0          0          1

  0.466416  -0.327269   0.821798   0.159924
 -0.875509 -0.0381897   0.481691  -0.175986
 -0.126258  -0.944159  -0.304339    1.64766
         0          0          0          1

  0.465566  -0.325282   0.823068   0.170839
 -0.875927 -0.0364383   0.481065  -0.177401
  -0.12649  -0.944915  -0.301887    1.64715
         0          0          0          1

  0.464726  -0.322515    0.82463   0.183113
 -0.876216 -0.0333224   0.480765  -0.180886
 -0.127575  -0.945978  -0.298078    1.64619
         0          0          0          1

  0.46117 -0.321717  0.826934  0.193352
-0.877763 -0.029056  0.478213 -0.182654
-0.129822  -0.94639 -0.295791   1.64606
        0         0         0         1

  0.454262  -0.318894   0.831837   0.214947
  -0.88066 -0.0197964   0.473335   -0.18858
 -0.134476  -0.947584   -0.28983    1.64417
         0          0          0          1

  0.452867  -0.318034   0.832926   0.223407
 -0.881134 -0.0170726   0.472559  -0.190571
  -0.13607  -0.947926  -0.287962    1.64214
         0          0          0          1

  0.452297  -0.319056   0.832845   0.234098
 -0.880836 -0.0133802   0.473233  -0.193158
 -0.139844  -0.947641  -0.287088    1.64042
         0          0          0          1

  0.452095  -0.320515   0.832395   0.241892
 -0.880445 -0.0108211   0.474025  -0.195498
 -0.142925  -0.947182  -0.287088    1.63884
         0          0          0          1

   0.450387   -0.320994    0.833135    0.251497
  -0.880995 -0.00832477    0.473052   -0.197675
  -0.144911   -0.947045   -0.286544     1.63572
          0           0           0           1

   0.447566   -0.320362    0.834897    0.259123
  -0.882383 -0.00661504    0.470484   -0.198912
  -0.145203   -0.947272   -0.285643     1.63282
          0           0           0           1

   0.443332   -0.318976    0.837682     0.27498
  -0.884309 -0.00292685    0.466894   -0.202452
  -0.146476   -0.947758    -0.28337     1.62468
          0           0           0           1

   0.442265   -0.320915    0.837505    0.281985
  -0.884443 -0.00105733    0.466647   -0.203055
  -0.148869   -0.947107   -0.284299     1.62119
          0           0           0           1

  0.441972  -0.323148   0.836801   0.289665
 -0.883922 0.00199731   0.467631  -0.204544
 -0.152785  -0.946346  -0.284755    1.61632
         0          0          0          1

  0.441592  -0.325397    0.83613   0.295449
  -0.88333 0.00564773   0.468718  -0.205568
 -0.157242   -0.94556  -0.284939    1.61241
         0          0          0          1

  0.43588 -0.329732  0.837428   0.30873
 -0.88449 0.0150854  0.466315 -0.206491
-0.166392 -0.943954 -0.285069   1.60125
        0         0         0         1

 0.433959 -0.331603  0.837687  0.312954
-0.884316 0.0209761  0.466418 -0.207795
-0.172237 -0.943186 -0.284139    1.5967
        0         0         0         1

 0.430144 -0.334942  0.838326  0.319717
-0.884996 0.0268618  0.464823 -0.207289
-0.178208 -0.941856 -0.284868   1.58992
        0         0         0         1

 0.430119 -0.337329  0.837381  0.323704
-0.883663 0.0325239  0.466993 -0.208081
-0.184765 -0.940825 -0.284096   1.58518
        0         0         0         1

 0.430621  -0.34009  0.836005  0.329347
-0.881643 0.0396283   0.47025 -0.207994
-0.193057 -0.939558 -0.282773   1.57809
        0         0         0         1

  0.43152 -0.343371  0.834198  0.333303
-0.879838 0.0439838  0.473233 -0.207915
-0.199186 -0.938169 -0.283131   1.57269
        0         0         0         1

 0.432411  -0.34867  0.831535  0.341896
-0.876431 0.0541688  0.478472 -0.207424
-0.211872 -0.935679 -0.282161   1.55887
        0         0         0         1

 0.432712 -0.350339  0.830676  0.344421
-0.875132 0.0581197  0.480382 -0.207998
-0.216575 -0.934818 -0.281444   1.55375
        0         0         0         1

 0.429699 -0.352919  0.831148  0.348643
 -0.87518 0.0638311  0.479567 -0.207212
-0.222302 -0.933474  -0.28144   1.54689
        0         0         0         1

 0.428878 -0.354049  0.831092  0.350787
-0.874503 0.0679683  0.480234 -0.207292
-0.226514 -0.932754 -0.280467   1.54148
        0         0         0         1

 0.425262 -0.356676  0.831826  0.356723
-0.873544 0.0787077  0.480339 -0.205652
-0.236796 -0.930907 -0.278101   1.52785
        0         0         0         1

 0.425809 -0.358214  0.830885  0.358576
-0.871846 0.0831842  0.482664 -0.205337
-0.242013 -0.929926 -0.276887   1.52254
        0         0         0         1

 0.427723  -0.36091  0.828732  0.360743
-0.868724 0.0891824  0.487202 -0.204972
-0.249744 -0.928327 -0.275386   1.51637
        0         0         0         1

 0.427259 -0.362278  0.828374  0.362918
-0.867704 0.0931375  0.488277 -0.204006
-0.254045 -0.927405 -0.274556   1.51103
        0         0         0         1

 0.426714 -0.363922  0.827935  0.364699
-0.866453 0.0978491  0.489576 -0.203516
 -0.25918 -0.926276 -0.273568   1.50496
        0         0         0         1

 0.425125 -0.364975  0.828289  0.366107
-0.866332  0.100991  0.489152 -0.202938
-0.262178 -0.925524 -0.273256   1.50022
        0         0         0         1

 0.420303 -0.365881  0.830347  0.368743
 -0.86753  0.106193  0.485917 -0.201732
-0.265965 -0.924583  -0.27278   1.48891
        0         0         0         1

 0.418554 -0.366037  0.831162  0.369751
-0.868042  0.107869  0.484631 -0.200897
-0.267049 -0.924327 -0.272587   1.48416
        0         0         0         1

 0.417372 -0.368164  0.830816  0.371082
-0.867578  0.110593  0.484848 -0.200004
-0.270386  -0.92316 -0.273252     1.479
        0         0         0         1

 0.419597     -0.37  0.828878  0.372185
-0.865701  0.111464  0.487994 -0.199274
-0.272947 -0.922321 -0.273539   1.47479
        0         0         0         1

 0.421995 -0.373787  0.825956  0.374045
-0.863351  0.112341   0.49194 -0.197591
 -0.27667 -0.920686 -0.275301   1.46467
        0         0         0         1

 0.421573 -0.377264   0.82459   0.37458
-0.862504  0.113898  0.493066 -0.197152
-0.279935 -0.919075 -0.277375   1.46108
        0         0         0         1

 0.420051 -0.381605  0.823368  0.375304
-0.862194  0.115281  0.493287 -0.196364
-0.283159 -0.917109 -0.280593   1.45633
        0         0         0         1

 0.419286 -0.386291  0.821571  0.376238
-0.861342  0.116679  0.494445 -0.195363
 -0.28686 -0.914967 -0.283807   1.45242
        0         0         0         1

 0.417388 -0.395633  0.818085  0.377658
-0.860273  0.118016  0.495986 -0.193851
-0.292775 -0.910795 -0.291094    1.4478
        0         0         0         1

  0.41521 -0.403605  0.815294  0.378479
-0.860254  0.117318  0.496185 -0.192694
-0.295911 -0.907381 -0.298491   1.44364
        0         0         0         1

 0.416146 -0.393366  0.819808  0.378944
-0.861008  0.119437  0.494369 -0.190739
-0.292383 -0.911591 -0.288988   1.43508
        0         0         0         1

 0.412567 -0.394614  0.821017  0.379612
-0.865544  0.111118   0.48835 -0.189601
 -0.28394 -0.912103 -0.295712   1.43268
        0         0         0         1

 0.405792 -0.404992  0.819338  0.381033
-0.870305  0.102542   0.48172 -0.188371
-0.279109 -0.908552 -0.310856   1.43201
        0         0         0         1

 0.403998 -0.407734  0.818864  0.381823
-0.871749 0.0996555   0.47971 -0.187696
-0.277198 -0.907646 -0.315181   1.43075
        0         0         0         1

 0.402429 -0.404133  0.821417  0.383678
-0.874201 0.0966596  0.475845 -0.185848
-0.271703 -0.909579 -0.314395   1.42596
        0         0         0         1

 0.402753  -0.40368  0.821482  0.384134
-0.874446 0.0954719  0.475636 -0.185537
-0.270433 -0.909905 -0.314545   1.42429
        0         0         0         1

 0.403187 -0.404203  0.821012  0.384837
-0.874607 0.0937811  0.475677 -0.184869
-0.269265 -0.909849 -0.315707    1.4222
        0         0         0         1

 0.403377 -0.406298  0.819883  0.385004
-0.874544 0.0924035  0.476061 -0.184656
-0.269183 -0.909056 -0.318053   1.42121
        0         0         0         1

 0.402982 -0.414835  0.815792  0.384872
-0.874129 0.0895964  0.477359 -0.184162
-0.271117 -0.905474 -0.326514   1.41881
        0         0         0         1

 0.402092   -0.4224  0.812342  0.384724
-0.873751 0.0881409   0.47832 -0.184036
-0.273643 -0.902114 -0.333632   1.41862
        0         0         0         1

 0.401813 -0.434699  0.805968   0.38427
-0.872307 0.0860932   0.48132 -0.184245
-0.278618 -0.896451 -0.344597   1.41892
        0         0         0         1

 0.399972 -0.444017  0.801793  0.384624
-0.872066 0.0847957  0.481985 -0.183531
-0.281998 -0.891997 -0.353296   1.41906
        0         0         0         1

 0.399498  -0.45209  0.797506  0.385077
-0.871517 0.0825479  0.483367 -0.182535
-0.284358 -0.888145 -0.361026   1.41876
        0         0         0         1

 0.402424 -0.457657  0.792846  0.384858
-0.869111 0.0810679  0.487929 -0.182168
-0.287578 -0.885425 -0.365131   1.41923
        0         0         0         1

 0.411774 -0.465853  0.783213  0.385082
-0.861427 0.0814061  0.501315 -0.179758
-0.297298 -0.881109 -0.367778   1.41983
        0         0         0         1

 0.417646  -0.46754  0.779088  0.384848
-0.857246 0.0814524  0.508425 -0.178627
-0.301168 -0.880211 -0.366778   1.41958
        0         0         0         1

 0.425142 -0.470667  0.773128  0.384092
-0.851315 0.0821975  0.518177  -0.17672
-0.307438 -0.878474  -0.36574   1.41963
        0         0         0         1

 0.430354 -0.470848  0.770128  0.383475
-0.847351 0.0833301  0.524454 -0.174689
-0.311113  -0.87827 -0.363112   1.41937
        0         0         0         1

 0.436689 -0.468416  0.768042  0.382097
-0.842869 0.0853762  0.531303 -0.171824
-0.314444 -0.879373 -0.357531   1.41908
        0         0         0         1

 0.441038 -0.464387  0.768004  0.380334
-0.840323 0.0868503  0.535083 -0.170009
-0.315187 -0.881364 -0.351931   1.41892
        0         0         0         1

 0.445046 -0.454531   0.77158  0.375721
-0.838657 0.0905513   0.53708 -0.165013
-0.313987 -0.886116 -0.340896   1.42018
        0         0         0         1

 0.443233 -0.451481  0.774409  0.373596
-0.840544 0.0908765  0.534067 -0.162561
-0.311497 -0.887641  -0.33921   1.42112
        0         0         0         1

 0.440793 -0.447504  0.778101  0.369428
 -0.84349 0.0899384  0.529562 -0.160271
-0.306963 -0.889748 -0.337821   1.42214
        0         0         0         1

 0.437235 -0.445464  0.781273  0.366638
-0.846719 0.0889127  0.524558 -0.157848
-0.303137 -0.890874 -0.338307    1.4237
        0         0         0         1

  0.43032 -0.442877  0.786565  0.359192
-0.854008 0.0825117  0.513676 -0.151851
-0.292396 -0.892778 -0.342714   1.42804
        0         0         0         1

 0.428405 -0.443309  0.787367  0.356542
-0.856411 0.0786712  0.510266 -0.148798
-0.288149  -0.89291 -0.345951    1.4303
        0         0         0         1

 0.426436 -0.446208  0.786798  0.353358
-0.858916 0.0729478  0.506894 -0.144587
-0.283575 -0.891951 -0.352148   1.43404
        0         0         0         1

 0.427347 -0.449839  0.784232  0.350157
-0.859291 0.0675639  0.507004  -0.14172
-0.281056 -0.890551 -0.357669   1.43747
        0         0         0         1

 0.429779 -0.454971   0.77993  0.347008
-0.859477 0.0586118  0.507804 -0.136857
-0.276749 -0.888575 -0.365847   1.44101
        0         0         0         1

  0.43277 -0.459873  0.775388  0.345224
-0.859058 0.0504436  0.509386 -0.132343
-0.273366 -0.886551 -0.373228   1.44444
        0         0         0         1

   0.4452 -0.469541  0.762449  0.339429
-0.855308  0.029039  0.517305   -0.1215
-0.265037 -0.882433 -0.388674   1.45303
        0         0         0         1

 0.452127 -0.472163  0.756732  0.336614
-0.852735  0.019993  0.521961 -0.116856
 -0.26158 -0.881285  -0.39359   1.45701
        0         0         0         1

  0.458812  -0.472878   0.752248   0.334343
 -0.851212 0.00886691   0.524746  -0.109083
 -0.254811  -0.881083  -0.398452    1.46143
         0          0          0          1

    0.464104    -0.472267     0.749381      0.33212
   -0.850169 -2.13557e-05      0.52651    -0.102896
   -0.248637    -0.881455    -0.401517      1.46556
           0            0            0            1

  0.475709  -0.465335   0.746435   0.325383
 -0.849287 -0.0221175   0.527469 -0.0874752
  -0.22894  -0.884858  -0.405724    1.47576
         0          0          0          1

  0.479734  -0.460681   0.746746   0.322535
 -0.849642 -0.0314737   0.526421 -0.0802229
 -0.219009  -0.887008  -0.406512    1.48053
         0          0          0          1

  0.486051  -0.452851    0.74745   0.319473
 -0.849224 -0.0428126   0.526294 -0.0702536
 -0.206332  -0.890558  -0.405381    1.48691
         0          0          0          1

  0.494163  -0.445978   0.746262   0.316192
 -0.847018 -0.0535892   0.528856 -0.0627087
 -0.195867  -0.893438  -0.404233    1.49231
         0          0          0          1

  0.504504  -0.437192   0.744539   0.313337
  -0.84394 -0.0676079   0.532159 -0.0517728
 -0.182319  -0.896823  -0.403073     1.4994
         0          0          0          1

  0.516117  -0.429958   0.740783   0.309877
 -0.838987 -0.0796887   0.538285 -0.0432395
 -0.172408  -0.899325  -0.401858    1.50525
         0          0          0          1

  0.539054   -0.40943   0.736062   0.305429
 -0.829158   -0.10435   0.549189 -0.0185546
 -0.148046  -0.906354  -0.395732    1.52013
         0          0          0          1

    0.54987   -0.400435    0.733004    0.302587
  -0.823913   -0.115937     0.55473 -0.00839079
  -0.137151   -0.908961   -0.393674     1.52656
          0           0           0           1

  0.560364  -0.389158   0.731128   0.300187
 -0.818873  -0.127887   0.559546 0.00557745
  -0.12425  -0.912251  -0.390334    1.53582
         0          0          0          1

 0.569522 -0.380402  0.728656  0.297216
-0.813992 -0.137752  0.564306 0.0159747
-0.114289 -0.914505 -0.388097   1.54354
        0         0         0         1

 0.589488 -0.363671  0.721282  0.294754
-0.802607 -0.162832  0.573853 0.0456021
-0.0912461 -0.917185 -0.387873   1.56149
        0         0         0         1

 0.600515 -0.356985  0.715503  0.293305
-0.795157 -0.172258  0.581423 0.0578699
-0.0843082  -0.91809 -0.387302   1.57081
        0         0         0         1

 0.613023 -0.350262   0.70818  0.293365
-0.786491 -0.185391  0.589119 0.0755292
-0.0750559 -0.918121 -0.389127   1.58157
        0         0         0         1

 0.625428 -0.346019  0.699364  0.292967
-0.777088 -0.195196  0.598359 0.0888922
-0.0705305 -0.917698 -0.390968    1.5918
        0         0         0         1

   0.6415 -0.338786   0.68826  0.292013
-0.764632 -0.210135  0.609247  0.106781
-0.0617762 -0.917097 -0.393848   1.60254
        0         0         0         1

 0.652553 -0.334157  0.680083  0.292094
-0.755566 -0.218955  0.617397  0.121072
  -0.0574 -0.916732 -0.395357   1.61325
        0         0         0         1

 0.676182 -0.319177  0.664006  0.292105
-0.735556 -0.241515  0.632952  0.157001
-0.0416561 -0.916404 -0.398081   1.63658
        0         0         0         1

 0.688232 -0.309259  0.656274  0.289967
-0.724607 -0.248378  0.642848  0.170069
-0.0358021 -0.917969 -0.395033   1.64775
        0         0         0         1

 0.697769  -0.30118   0.64993  0.291918
-0.715754 -0.257023  0.649334  0.189991
-0.0285197 -0.918276 -0.394913   1.66076
        0         0         0         1

 0.703995 -0.291815  0.647484  0.293539
-0.709952 -0.264804   0.65257  0.206915
-0.0189739 -0.919088 -0.393595    1.6703
        0         0         0         1

 0.721983  -0.27816  0.633535  0.296911
-0.691894 -0.283911  0.663835   0.24622
-0.00478509 -0.917617 -0.397436   1.69567
        0         0         0         1

 0.730689 -0.273054  0.625728  0.297499
 -0.68271 -0.291244  0.670137  0.262267
-0.000743828 -0.916852 -0.399226   1.70715
        0         0         0         1

 0.738327 -0.266321  0.619634  0.301154
-0.674404 -0.301422  0.674036  0.284696
0.00726121 -0.915542 -0.402156   1.72026
        0         0         0         1

 0.744484 -0.263792  0.613317  0.303926
-0.667592 -0.305205  0.679096  0.301333
0.00804725 -0.915021 -0.403326   1.73354
        0         0         0         1

 0.752433 -0.255177  0.607231   0.30532
-0.658447  -0.31538  0.683362  0.323617
0.0171302 -0.914013 -0.405323   1.74673
        0         0         0         1

 0.755206 -0.249852  0.606001  0.308791
 -0.65509 -0.319861  0.684504  0.341302
0.0228116 -0.913927 -0.405236   1.75852
        0         0         0         1

 0.760634 -0.233658  0.605674  0.312814
 -0.64788 -0.332281   0.68545  0.384086
0.0410926  -0.91378 -0.404126   1.78583
        0         0         0         1

 0.759042 -0.228203  0.609736  0.316093
-0.648927  -0.34061  0.680352  0.403921
0.0524238  -0.91209 -0.406624    1.7947
        0         0         0         1

 0.757508  -0.22349  0.613379  0.319202
-0.649306 -0.355374  0.672392  0.430019
0.0677056 -0.907613 -0.414312   1.80446
        0         0         0         1

 0.756558 -0.222711  0.614833   0.32364
-0.649896 -0.360305   0.66919  0.448167
0.0724919 -0.905859 -0.417331   1.81938
        0         0         0         1

 0.759687 -0.217057  0.612995  0.331304
 -0.64342 -0.387547  0.660166  0.494274
0.0942707 -0.895932 -0.434073   1.84476
