-0.328583 -0.735799  0.592142  0.937438
-0.723938 -0.206448 -0.658251   1.03779
 0.606587 -0.644964 -0.464838   1.92392
        0         0         0         1

 -0.33346 -0.743749  0.579346  0.943446
-0.734685 -0.180092 -0.654067   1.01967
 0.590797 -0.643743 -0.486368   1.92726
        0         0         0         1

-0.321345 -0.744046  0.585775  0.925962
-0.754677 -0.172437 -0.633031   1.00182
 0.572013 -0.645492 -0.506103    1.9356
        0         0         0         1

-0.307564 -0.743659  0.593612  0.907142
  -0.7841  -0.15535 -0.600877  0.967374
 0.539065  -0.65026 -0.535323   1.93164
        0         0         0         1

-0.303662 -0.740287  0.599803  0.900482
-0.797981 -0.146364 -0.584639  0.952336
 0.520591 -0.656165  -0.54629   1.93609
        0         0         0         1

-0.298643 -0.735924  0.607641  0.887229
-0.816477 -0.132648 -0.561934  0.932623
 0.494144 -0.663943  -0.56125   1.94071
        0         0         0         1

-0.299376 -0.730279  0.614058  0.878606
 -0.82352 -0.127251 -0.552831  0.920882
  0.48186 -0.671193 -0.563303   1.93087
        0         0         0         1

-0.302027  -0.72923  0.614006  0.879864
-0.833929 -0.109964 -0.540805   0.90497
 0.461889 -0.675376 -0.574914   1.92954
        0         0         0         1

 -0.308676   -0.72128    0.62006   0.875405
 -0.844912 -0.0914803  -0.527025   0.890238
  0.436856  -0.686575  -0.581181    1.93131
         0          0          0          1

 -0.313234  -0.700411   0.641334   0.853075
 -0.868563 -0.0618024  -0.491711   0.855842
  0.384036  -0.711059  -0.588992    1.93367
         0          0          0          1

 -0.323535  -0.695367   0.641708   0.854955
 -0.870024 -0.0480049  -0.490666    0.84528
  0.371998  -0.717049  -0.589455    1.92742
         0          0          0          1

 -0.327998  -0.685202   0.650319   0.845017
  -0.87939 -0.0300131  -0.475156   0.828456
  0.345096  -0.727734  -0.592715    1.92713
         0          0          0          1

 -0.333236  -0.678192   0.654988   0.838156
 -0.882311 -0.0205946  -0.470215   0.818482
  0.332385  -0.734596  -0.591514    1.92193
         0          0          0          1

 -0.347271  -0.663234   0.662966   0.827582
 -0.888914 0.00761142  -0.458011   0.795592
  0.298723  -0.748373  -0.592201    1.91248
         0          0          0          1

-0.354872 -0.656308  0.665827  0.821966
-0.890204 0.0196001 -0.455141  0.786959
 0.285663 -0.754238 -0.591204   1.90528
        0         0         0         1

-0.359233 -0.655763  0.664023  0.817186
-0.890167 0.0270832 -0.454829  0.779557
 0.280276 -0.754481 -0.593468   1.89111
        0         0         0         1

-0.354548  -0.65227  0.669955  0.806834
-0.903826 0.0554949 -0.424286  0.762601
  0.23957 -0.755953 -0.609214   1.90731
        0         0         0         1

-0.364369 -0.636257  0.680009  0.800331
-0.901355 0.0574062  -0.42926  0.755232
 0.234083 -0.769338 -0.594411   1.89829
        0         0         0         1

 -0.36651  -0.62414  0.690014  0.791104
-0.904029 0.0635283 -0.422724  0.747491
 0.220003 -0.778726 -0.587524   1.89417
        0         0         0         1

-0.374891 -0.613364  0.695156  0.778946
-0.908516 0.0938061 -0.407185  0.731894
 0.184543  -0.78421 -0.592417   1.88137
        0         0         0         1

-0.380132 -0.615901  0.690047  0.779203
-0.909423  0.112831 -0.400274  0.726741
  0.16867 -0.779702 -0.603006   1.87596
        0         0         0         1

-0.372767 -0.617663  0.692486  0.767933
-0.918565  0.139896 -0.369686  0.717022
 0.131465   -0.7739 -0.619513   1.87751
        0         0         0         1

-0.379811 -0.614882  0.691132  0.766381
-0.918328  0.160622 -0.361766  0.713896
 0.111432 -0.772089 -0.625669   1.86729
        0         0         0         1

 -0.37751 -0.612012   0.69493  0.761774
-0.924791   0.21075 -0.316775  0.702028
0.0474141  -0.76225 -0.645543   1.85957
        0         0         0         1

 -0.37996  -0.60614  0.698731  0.761478
-0.924785  0.232523 -0.301174   0.69713
0.0200821  -0.76061 -0.648898   1.85635
        0         0         0         1

-0.388039  -0.59363  0.705003  0.763226
-0.921643  0.250106 -0.296685  0.694786
-0.000204452 -0.764886 -0.644166   1.84464
        0         0         0         1

-0.381523 -0.583438  0.716966  0.755256
-0.924137  0.257764 -0.282008  0.692059
-0.0202737 -0.770167  -0.63752   1.83762
        0         0         0         1

-0.381136 -0.570847  0.727234  0.750706
-0.923518  0.271679  -0.27075  0.687814
-0.0430171 -0.774806 -0.630734   1.83211
        0         0         0         1

-0.375056 -0.561101  0.737901  0.742031
-0.924979  0.279081 -0.257929  0.684179
-0.0612104 -0.779281 -0.623678    1.8274
        0         0         0         1

-0.376751 -0.538833   0.75347  0.734533
-0.922699  0.290102 -0.253906  0.681248
-0.0817698 -0.790886 -0.606477   1.80875
        0         0         0         1

-0.377499 -0.530959  0.758668  0.735585
-0.921054  0.299941 -0.248383  0.679988
-0.0956748 -0.792539 -0.602269   1.80673
        0         0         0         1

-0.371612 -0.521196  0.768283  0.730536
-0.922253  0.302221 -0.241062  0.677808
-0.106551 -0.798134 -0.592984   1.79807
        0         0         0         1

-0.375399 -0.516715  0.769468  0.734116
-0.919529  0.311855 -0.239192  0.676398
-0.116368  -0.79734 -0.592205   1.79392
        0         0         0         1

-0.375483 -0.509788  0.774034  0.737018
-0.918706  0.315049 -0.238168  0.677239
-0.122444 -0.800537 -0.586641   1.78571
        0         0         0         1

-0.370457 -0.505171  0.779464  0.738187
-0.919779  0.316505 -0.232017   0.67715
-0.129495 -0.802887 -0.581897   1.78022
        0         0         0         1

-0.344435 -0.493903  0.798389  0.736042
-0.925818   0.31969 -0.201642  0.674569
-0.155646 -0.808615 -0.567377   1.76901
        0         0         0         1

-0.328296 -0.489615  0.807774  0.731022
-0.929956   0.31741 -0.185561  0.674113
-0.165542 -0.812113 -0.559525   1.76339
        0         0         0         1

-0.315964  -0.48287  0.816702  0.731799
-0.931898  0.319569 -0.171588   0.67355
-0.178138 -0.815299 -0.550958   1.75988
        0         0         0         1

-0.305429 -0.475491  0.824998  0.731794
-0.934966  0.313914 -0.165215  0.673738
 -0.18042 -0.821807 -0.540447   1.75114
        0         0         0         1

-0.287668 -0.451291  0.844739  0.732163
-0.938515  0.308627 -0.154722  0.673816
-0.190884 -0.837309 -0.512326    1.7396
        0         0         0         1

-0.284109 -0.439746  0.852001  0.732491
-0.939305  0.305905 -0.155334  0.674553
-0.192323  -0.84442 -0.499966   1.73505
        0         0         0         1

-0.280049 -0.423656  0.861445  0.731456
-0.941467  0.296612 -0.160191  0.676271
-0.187649 -0.855884 -0.481924    1.7231
        0         0         0         1

-0.269887  -0.40999  0.871246  0.724467
-0.942921  0.295859 -0.152865  0.674777
-0.195093 -0.862772 -0.466436   1.72289
        0         0         0         1

-0.267239 -0.379776  0.885637  0.723959
-0.942729  0.293417 -0.158644   0.67542
-0.199611 -0.877312 -0.436439    1.7158
        0         0         0         1

-0.256717 -0.368309  0.893557  0.718443
-0.945135  0.288931 -0.152443   0.67491
 -0.20203 -0.883667 -0.422275   1.71225
        0         0         0         1

-0.250437 -0.356473  0.900116  0.715232
-0.946639  0.284989 -0.150517  0.674094
-0.202868  -0.88978 -0.408823     1.707
        0         0         0         1

-0.243959 -0.351409  0.903878   0.71013
-0.948309  0.281506 -0.146507   0.67308
-0.202963 -0.892897 -0.401921   1.70298
        0         0         0         1

-0.239275 -0.343247  0.908256  0.704688
-0.949226  0.279471  -0.14445  0.672466
-0.204249 -0.896704  -0.39269   1.69843
        0         0         0         1

-0.244828 -0.339655  0.908127  0.704924
 -0.94849  0.278134 -0.151683  0.673492
-0.201061 -0.898485 -0.390254    1.6952
        0         0         0         1

-0.249206 -0.333113  0.909358  0.697901
-0.948097  0.275411 -0.158935  0.672353
-0.197504 -0.901767 -0.384458   1.68847
        0         0         0         1

-0.259131  -0.32862  0.908218  0.700898
-0.946401  0.274115 -0.170843  0.673629
-0.192813 -0.903809 -0.382038   1.68447
        0         0         0         1

-0.264254 -0.324083  0.908372    0.6989
-0.944736  0.276455 -0.176201   0.67226
 -0.19402 -0.904733 -0.379228   1.68688
        0         0         0         1

-0.263245 -0.316958  0.911175  0.692972
-0.945196  0.273834 -0.177819  0.670546
 -0.19315 -0.908049 -0.371673    1.6876
        0         0         0         1

-0.267624  -0.28379  0.920783  0.682149
-0.946348  0.257054 -0.195829  0.668022
-0.181117 -0.923789 -0.337357   1.68383
        0         0         0         1

-0.272754 -0.268872   0.92375  0.678954
-0.945947  0.250062 -0.206524   0.66705
-0.175467 -0.930149 -0.322544   1.68404
        0         0         0         1

-0.278547 -0.248849  0.927624  0.675935
 -0.94667  0.234005  -0.22149  0.667017
-0.161951 -0.939849 -0.300759   1.67862
        0         0         0         1

-0.279265  -0.23481  0.931061  0.674686
-0.947591  0.224105 -0.227704  0.666425
-0.155188 -0.945855 -0.285089   1.67685
        0         0         0         1

-0.269906 -0.218323  0.937809  0.671532
-0.950752  0.214563  -0.22368  0.663934
-0.152384 -0.951997 -0.265483    1.6775
        0         0         0         1

-0.257117 -0.198553  0.945763  0.668133
-0.955292  0.200049  -0.21771  0.662139
-0.145972 -0.959457 -0.241112   1.67413
        0         0         0         1

-0.219675 -0.163146  0.961835  0.662654
 -0.96519  0.179806 -0.189942  0.655243
-0.141956 -0.970079 -0.196966   1.67658
        0         0         0         1

-0.210435 -0.146832  0.966518  0.666166
-0.967739  0.171409 -0.184661  0.653223
-0.138556 -0.974197 -0.178166   1.67696
        0         0         0         1

-0.190806 -0.125415  0.973583  0.665326
-0.971797  0.164151 -0.169311  0.649669
 -0.13858  -0.97843 -0.153198   1.67782
        0         0         0         1

-0.181642 -0.112387  0.976921  0.665877
-0.974779  0.151569 -0.163807  0.647213
-0.129662 -0.982037 -0.137084   1.67699
        0         0         0         1

 -0.146459 -0.0805304   0.985933   0.659767
 -0.981981   0.132163  -0.135077   0.636697
 -0.119426  -0.987951 -0.0984358    1.68174
         0          0          0          1

 -0.131553 -0.0747051    0.98849   0.656798
 -0.984885   0.123191  -0.121763    0.63018
 -0.112677  -0.989567  -0.089782    1.68565
         0          0          0          1

 -0.112989  -0.068717   0.991217   0.652204
 -0.987571   0.117463   -0.10443   0.620288
 -0.109255  -0.990697 -0.0811349     1.6943
         0          0          0          1

 -0.106485 -0.0696891   0.991869   0.655453
 -0.989294   0.107543 -0.0986526    0.61545
-0.0997938  -0.991755 -0.0803947    1.69867
         0          0          0          1

-0.0810741 -0.0621438   0.994769   0.651272
 -0.992263  0.0991824  -0.074674   0.605579
-0.0940231  -0.993127 -0.0697042    1.70541
         0          0          0          1

-0.0608585 -0.0530921   0.996733   0.649735
 -0.994548  0.0879442 -0.0560406   0.597895
-0.0846816   -0.99471 -0.0581548    1.70909
         0          0          0          1

 -0.014193 -0.0135958   0.999807   0.644981
 -0.998008  0.0616634 -0.0133289   0.581158
-0.0614703  -0.998004 -0.0144439    1.71406
         0          0          0          1

  0.00355431 -0.000537936     0.999994     0.643467
   -0.998661    0.0516124   0.00357734     0.572775
   -0.051614    -0.998667 -0.000353769      1.71801
           0            0            0            1

0.0262909 0.0137511   0.99956  0.641285
-0.998776  0.042264 0.0256888  0.561725
-0.0418921 -0.999012 0.0148455    1.7244
        0         0         0         1

0.0438253 0.0246399  0.998735  0.638846
-0.998492 0.0341516 0.0429721   0.55242
-0.0330495 -0.999113 0.0260995   1.72894
        0         0         0         1

0.0709016 0.0461652  0.996414  0.643084
-0.997402 0.0160124   0.07023  0.533382
-0.0127128 -0.998805 0.0471806    1.7374
        0         0         0         1

0.0890869 0.0591771  0.994264   0.63842
-0.996011 0.0104186 0.0886233  0.522752
-0.0051144 -0.998193 0.0598692   1.74059
        0         0         0         1

  0.106685  0.0704768   0.991792   0.636122
  -0.99429 0.00519669   0.106585   0.509567
0.00235771    -0.9975  0.0706288    1.74664
         0          0          0          1

  0.119545  0.0775558   0.989795   0.636029
 -0.992812 0.00359094   0.119628   0.499057
0.00572351  -0.996982  0.0774276    1.75221
         0          0          0          1

  0.134579  0.0853741   0.987218   0.634883
  -0.99085 0.00128172   0.134964   0.485863
 0.0102571  -0.996348  0.0847654    1.75788
         0          0          0          1

   0.146328    0.092577    0.984895    0.633805
  -0.989096 -0.00304246    0.147238     0.47538
  0.0166273   -0.995701   0.0911224     1.76075
          0           0           0           1

   0.172002    0.101686    0.979834    0.630873
   -0.98482 -0.00581862    0.173481    0.449322
  0.0233418     -0.9948   0.0991417     1.77218
          0           0           0           1

   0.184916    0.106213    0.976998    0.627414
  -0.982399 -0.00675495    0.186672    0.436823
  0.0264267    -0.99432    0.103095     1.77631
          0           0           0           1

 0.195116  0.110221  0.974567  0.626265
-0.980081 -0.015609  0.197985  0.423639
0.0370342 -0.993785   0.10498   1.77714
        0         0         0         1

  0.204581   0.108128   0.972859   0.625841
 -0.978029 -0.0181053   0.207681   0.412015
 0.0400699  -0.993972   0.102048    1.78218
         0          0          0          1

   0.21086   0.105875   0.971766   0.628229
 -0.976204 -0.0286802   0.214948   0.399008
  0.050628  -0.993966  0.0973081    1.78287
         0          0          0          1

  0.220627   0.102185   0.969991     0.6275
 -0.974014 -0.0291034   0.224609   0.385639
 0.0511817   -0.99434  0.0931088    1.78894
         0          0          0          1

  0.24292 0.0989763  0.964984  0.622395
-0.968186 -0.036845  0.247506  0.355655
 0.060052 -0.994407  0.086877   1.79474
        0         0         0         1

  0.245459  0.0976738   0.964474   0.623658
 -0.967275 -0.0412684   0.250351   0.342971
  0.064255  -0.994362  0.0843478    1.79637
         0          0          0          1

  0.257111  0.0976179   0.961439   0.619659
 -0.964442 -0.0370865   0.261679   0.324654
  0.061201  -0.994533  0.0846115    1.80246
         0          0          0          1

   0.25898  0.0984837   0.960849   0.620685
 -0.963644 -0.0413487   0.263972   0.312181
 0.0657268  -0.994279  0.0841946    1.80275
         0          0          0          1

   0.27095   0.100849   0.957296   0.618801
 -0.960113 -0.0430308    0.27628   0.280552
 0.0690559  -0.993971  0.0851674    1.80698
         0          0          0          1

   0.27346   0.101114   0.956554   0.618931
 -0.959262 -0.0447081    0.27896   0.267284
 0.0709725   -0.99387  0.0847692    1.80748
         0          0          0          1

  0.275159    0.10309   0.955856   0.618841
 -0.958748 -0.0443529   0.280775   0.250645
 0.0713402  -0.993683  0.0866336    1.80901
         0          0          0          1

  0.278591   0.104116    0.95475   0.617876
 -0.957655 -0.0451233   0.284359   0.236591
 0.0726879  -0.993541  0.0871367    1.80927
         0          0          0          1

  0.284094   0.103782   0.953163     0.6162
 -0.956158 -0.0430355   0.289672   0.218876
 0.0710825  -0.993669  0.0870055     1.8108
         0          0          0          1

 0.287793 0.0999369  0.952464  0.616447
-0.955238 -0.041204  0.292954  0.204888
0.0685223  -0.99414 0.0836053   1.81208
        0         0         0         1

  0.28963 0.0955197  0.952361  0.617344
-0.955122 -0.035719  0.294052  0.172893
0.0621051 -0.994786 0.0808876   1.81409
        0         0         0         1

  0.287097  0.0966565   0.953013   0.617751
 -0.955969 -0.0342463   0.291461   0.159898
 0.0608088  -0.994728  0.0825687    1.81301
         0          0          0          1

  0.283635  0.0985766   0.953852   0.617566
 -0.957147 -0.0315697   0.287878   0.144323
 0.0584909  -0.994629   0.085398     1.8117
         0          0          0          1

  0.281291   0.100561   0.954339   0.616317
 -0.957958 -0.0291232   0.285427   0.131042
 0.0564961  -0.994505  0.0881408    1.81021
         0          0          0          1

  0.273535  0.0990767   0.956746   0.616675
 -0.960569 -0.0234188   0.277054   0.101499
 0.0498554  -0.994804  0.0887642    1.80788
         0          0          0          1

 0.269902 0.0992317  0.957761  0.615907
-0.961681 -0.022011  0.273287 0.0893421
   0.0482 -0.994821 0.0894884   1.80537
        0         0         0         1

  0.265232   0.096982   0.959295    0.61541
  -0.96325 -0.0171437   0.268058  0.0735157
 0.0424427  -0.995138  0.0888708    1.80505
         0          0          0          1

 0.262467 0.0928886   0.96046  0.615538
-0.964172 -0.014477  0.264882 0.0615158
0.0385091 -0.995571 0.0857608   1.80289
        0         0         0         1

   0.262141   0.0892568    0.960893    0.613026
  -0.964469 -0.00971248    0.264019   0.0462416
  0.0328981   -0.995961   0.0835393     1.80047
          0           0           0           1

   0.255021   0.0862061    0.963085    0.613823
  -0.966517 -0.00656502    0.256517   0.0351437
   0.028436   -0.996256   0.0816455     1.79841
          0           0           0           1

  0.234792  0.0883975   0.968018   0.615925
 -0.971859 0.00183519   0.235556  0.0110047
 0.0190461  -0.996084  0.0863408    1.79235
         0          0          0          1

    0.232468    0.0893873     0.968488     0.615765
   -0.972529   0.00900893     0.232607 -0.000278495
   0.0120671    -0.995956     0.089026       1.7905
           0            0            0            1

  0.229785  0.0919624   0.968887   0.616416
  -0.97321  0.0136514   0.229514 -0.0124061
0.00788004  -0.995669  0.0926356    1.78618
         0          0          0          1

  0.230548  0.0923964   0.968664   0.616171
 -0.973054  0.0180653    0.22987 -0.0229372
 0.0037399  -0.995558  0.0940716    1.78311
         0          0          0          1

  0.240179   0.077197   0.967654   0.617139
 -0.970683  0.0287869   0.238634 -0.0466443
-0.00943395    -0.9966  0.0818478    1.77648
         0          0          0          1

   0.24824  0.0670544   0.966375   0.618088
 -0.968564  0.0338455   0.246453 -0.0563461
-0.0161816  -0.997175  0.0733483    1.77333
         0          0          0          1

  0.261484  0.0530781   0.963747   0.619185
 -0.964902  0.0395024   0.259621 -0.0679781
-0.0242901  -0.997809  0.0615444    1.76999
         0          0          0          1

  0.274855  0.0414135   0.960593   0.620604
 -0.961007  0.0433683   0.273103 -0.0768834
-0.0303492    -0.9982  0.0517186    1.76663
         0          0          0          1

  0.29219 0.0301711  0.955884  0.622203
-0.955661 0.0474257  0.290625  -0.08719
-0.036565 -0.998419 0.0426907    1.7623
        0         0         0         1

  0.306684  0.0235613    0.95152   0.622781
 -0.950958  0.0499146   0.305267 -0.0954581
-0.0403023  -0.998476  0.0377138    1.75815
         0          0          0          1

  0.332799 0.00123462   0.942997   0.625189
 -0.941548  0.0558592   0.332215   -0.11349
-0.0522649  -0.998438  0.0197523    1.74931
         0          0          0          1

  0.342451 -0.0096037   0.939486   0.625491
 -0.937638  0.0600196   0.342391  -0.121408
-0.0596758  -0.998151   0.011549    1.74587
         0          0          0          1

   0.349326  -0.0234233    0.936708    0.626514
  -0.934665   0.0618333    0.350111   -0.129598
 -0.0661206   -0.997812 -0.00029297     1.74067
          0           0           0           1

   0.354539  -0.0335723    0.934438    0.626372
  -0.932306   0.0636983    0.356018   -0.136703
 -0.0714745   -0.997404 -0.00871613     1.73654
          0           0           0           1

  0.357671 -0.0610971   0.931847    0.62817
 -0.930215  0.0646185   0.361281  -0.151382
-0.0822878  -0.996038 -0.0337213    1.72677
         0          0          0          1

  0.358658 -0.0733534   0.930583   0.628658
 -0.929378  0.0651729    0.36333  -0.157871
-0.0873003  -0.995174 -0.0447983    1.72315
         0          0          0          1

  0.357032 -0.0864221   0.930086    0.62977
 -0.929522  0.0654984   0.362902  -0.164991
-0.0922819  -0.994103 -0.0569462    1.71822
         0          0          0          1

  0.354641 -0.0943714   0.930228   0.630068
  -0.93016  0.0655188   0.361262  -0.170791
-0.0950403  -0.993379 -0.0645448    1.71385
         0          0          0          1

  0.350088  -0.103519   0.930979   0.630824
  -0.93155  0.0657744   0.357616  -0.177591
-0.0982547   -0.99245 -0.0734066    1.70873
         0          0          0          1

  0.346118  -0.109108   0.931825   0.630967
 -0.932951  0.0648015   0.354124  -0.182889
-0.0990212  -0.991915 -0.0793632     1.7038
         0          0          0          1

  0.335366  -0.124749   0.933792   0.632175
  -0.93667  0.0619925   0.344682  -0.194456
 -0.100887   -0.99025 -0.0960586    1.69312
         0          0          0          1

 0.331768 -0.128473  0.934572  0.632001
-0.938101 0.0595378  0.341205 -0.199277
-0.0994779 -0.989924 -0.100768   1.68815
        0         0         0         1

 0.327464 -0.130975  0.935742  0.632081
-0.939863 0.0566041  0.336829 -0.204713
-0.0970831 -0.989768 -0.104563   1.68224
        0         0         0         1

 0.324507 -0.131654  0.936676  0.631815
-0.941067 0.0548619   0.33374 -0.209191
-0.0953258 -0.989776 -0.106092   1.67743
        0         0         0         1

 0.315945 -0.135486  0.939054  0.631564
-0.944174 0.0524867   0.32524 -0.218302
-0.0933534 -0.989388  -0.11134   1.66568
        0         0         0         1

 0.311135 -0.136527  0.940508  0.631288
-0.945749 0.0529421  0.320554 -0.221809
-0.0935567 -0.989221 -0.112648    1.6602
        0         0         0         1

 0.304449 -0.137371  0.942571  0.630943
-0.947827   0.05451   0.31409  -0.22577
-0.0945265 -0.989019 -0.113609    1.6538
        0         0         0         1

 0.299165 -0.136747  0.944352  0.630532
-0.949339 0.0571343  0.309018 -0.228984
-0.0962123 -0.988957 -0.112727   1.64859
        0         0         0         1

 0.291562 -0.134711  0.947019  0.630528
-0.951564 0.0601269  0.301514 -0.232082
-0.0975587 -0.989059 -0.110656   1.64192
        0         0         0         1

 0.286109 -0.132622  0.948975  0.630202
-0.953003 0.0635996  0.296211 -0.234759
-0.0996384 -0.989124 -0.108192   1.63663
        0         0         0         1

 0.275264 -0.128737   0.95271  0.629521
-0.955312 0.0744394  0.286074 -0.240599
-0.107748 -0.988881 -0.102493   1.62512
        0         0         0         1

  0.271506  -0.127046   0.954015   0.629486
 -0.955834  0.0803207    0.28272  -0.242702
 -0.112546  -0.988639 -0.0996276    1.62033
         0          0          0          1

   0.26923  -0.126123   0.954782   0.629015
  -0.95566  0.0878022   0.281076  -0.245392
 -0.119282  -0.988121 -0.0968919    1.61477
         0          0          0          1

   0.26763  -0.127258   0.955081   0.628977
 -0.955432  0.0931245   0.280137  -0.247234
 -0.124591  -0.987488 -0.0966636    1.61013
         0          0          0          1

   0.26505  -0.130813    0.95532   0.628636
 -0.954511   0.104753   0.279169  -0.251325
 -0.136591  -0.985857 -0.0970979    1.59999
         0          0          0          1

 0.264424 -0.132325  0.955285  0.628531
-0.954151  0.108176  0.279095 -0.252825
-0.140271 -0.985286 -0.097654   1.59579
        0         0         0         1

  0.263799  -0.134863   0.955103   0.628207
 -0.953667   0.112041   0.279223  -0.254856
 -0.144667  -0.984509 -0.0990581    1.59064
         0          0          0          1

 0.262842 -0.136405  0.955148  0.627835
-0.953573  0.114111  0.278705 -0.256396
 -0.14701 -0.984059 -0.100079   1.58674
        0         0         0         1

 0.261197 -0.138782  0.955257  0.627398
-0.953771  0.115293  0.277541 -0.257946
-0.148652 -0.983589 -0.102252   1.58194
        0         0         0         1

 0.260281 -0.142527  0.954955  0.627006
-0.953785  0.115864  0.277255 -0.259312
-0.150162 -0.982986 -0.105782   1.57844
        0         0         0         1

  0.26095  -0.15239  0.953248  0.626263
-0.953028  0.116618  0.279532 -0.261947
-0.153764 -0.981416 -0.114801   1.57071
        0         0         0         1

  0.26267 -0.157652  0.951919  0.625959
-0.952204  0.117074  0.282138 -0.263027
-0.155924  -0.98053 -0.119365   1.56781
        0         0         0         1

 0.265275 -0.164795  0.949985  0.625776
-0.950998  0.117603  0.285958 -0.263993
-0.158845 -0.979292 -0.125523   1.56446
        0         0         0         1

 0.268089 -0.170015  0.948274  0.625593
-0.949825  0.117976  0.289679 -0.264664
-0.161123 -0.978354 -0.129856   1.56147
        0         0         0         1

 0.275778  -0.17866  0.944472  0.625124
-0.946857  0.118738  0.298935 -0.265734
-0.165553  -0.97672  -0.13642   1.55447
        0         0         0         1

 0.278864 -0.181744  0.942976  0.624929
-0.945679    0.1189  0.302579 -0.265959
-0.167112 -0.976131 -0.138715   1.55143
        0         0         0         1

 0.280163 -0.186141  0.941733  0.624921
-0.944832  0.119964  0.304797 -0.266089
-0.169709 -0.975172 -0.142262   1.54824
        0         0         0         1

 0.282259 -0.175809  0.943091  0.624339
 -0.94465  0.120432  0.305177 -0.266132
-0.167231  -0.97703 -0.132085   1.54537
        0         0         0         1

 0.282989 -0.164801  0.944859  0.623038
  -0.9459  0.115063   0.30337 -0.266054
-0.158714 -0.979592 -0.123324   1.54177
        0         0         0         1

 0.280903 -0.168126  0.944895  0.623057
-0.946809  0.112502   0.30149 -0.266266
-0.156991 -0.979325 -0.127581    1.5409
        0         0         0         1

 0.278685 -0.164327   0.94622  0.621269
-0.949054  0.103763   0.29754 -0.266953
-0.147076 -0.980933 -0.127038    1.5395
        0         0         0         1

 0.279271 -0.164239  0.946062  0.621009
-0.949467 0.0997519  0.297593 -0.267145
-0.143248 -0.981364 -0.128082   1.53914
        0         0         0         1

 0.279741  -0.16785  0.945289  0.621205
 -0.94985 0.0949311  0.297947 -0.267259
-0.139748 -0.981231 -0.132876   1.53918
        0         0         0         1

 0.280639 -0.170573  0.944535  0.621086
-0.949868 0.0919456  0.298827 -0.267505
-0.137818 -0.981046 -0.136218   1.53925
        0         0         0         1

  0.28284  -0.17329  0.943383   0.62035
 -0.94971 0.0871788  0.300751 -0.268026
 -0.13436 -0.981005 -0.139917   1.53881
        0         0         0         1

 0.283481 -0.174834  0.942906  0.620098
-0.949659 0.0855592  0.301376 -0.268169
-0.133365 -0.980873 -0.141779   1.53876
        0         0         0         1

 0.284522 -0.176937    0.9422  0.619594
-0.949417 0.0842116  0.302516 -0.268468
-0.132871 -0.980613 -0.144027   1.53858
        0         0         0         1

 0.284442 -0.179265  0.941784  0.619296
-0.949359 0.0840779  0.302734 -0.268662
-0.133453 -0.980201 -0.146272    1.5386
        0         0         0         1

  0.28346 -0.182134  0.941529  0.618979
 -0.94954 0.0841465  0.302149 -0.268789
-0.134258 -0.979667 -0.149091   1.53863
        0         0         0         1

 0.282734 -0.183999  0.941385  0.618412
-0.949606 0.0847603   0.30177 -0.269065
-0.135317 -0.979265 -0.150761   1.53875
        0         0         0         1

 0.280017 -0.186211  0.941762  0.616854
-0.950101 0.0867286  0.299644 -0.269517
-0.137475 -0.978674 -0.152634   1.53915
        0         0         0         1

 0.278066 -0.187456  0.942093  0.616237
-0.950575 0.0873573  0.297952 -0.269593
-0.138151 -0.978381   -0.1539   1.53931
        0         0         0         1

  0.27551 -0.189145  0.942507  0.615307
-0.951187 0.0881898  0.295745 -0.269748
-0.139058 -0.977981 -0.155615    1.5397
        0         0         0         1

  0.27309 -0.190635   0.94291  0.614526
-0.951751 0.0890708  0.293659 -0.269883
-0.139968 -0.977612 -0.157113   1.54019
        0         0         0         1

 0.267952 -0.195536  0.943381  0.612903
 -0.95277 0.0914946  0.289583 -0.269747
-0.142938 -0.976419 -0.161784   1.54124
        0         0         0         1

  0.26602 -0.200279  0.942933  0.612202
-0.952949 0.0928409  0.288565 -0.269676
-0.145336  -0.97533 -0.166158   1.54212
        0         0         0         1

 0.264038 -0.206232  0.942206   0.61187
-0.952913 0.0952645   0.28789 -0.269338
-0.149131 -0.973855 -0.171368   1.54317
        0         0         0         1

 0.264925  -0.20953  0.941229  0.611391
-0.952193 0.0971475  0.289638 -0.269053
-0.152126 -0.972964 -0.173776   1.54395
        0         0         0         1

 0.266834 -0.213875  0.939711  0.610931
-0.951049 0.0992956  0.292653 -0.268591
  -0.1559 -0.971801 -0.176911   1.54505
        0         0         0         1

 0.269078 -0.218248  0.938064  0.610829
-0.949951  0.100361  0.295838 -0.268019
-0.158711 -0.970719  -0.18032   1.54587
        0         0         0         1

 0.276492 -0.233805  0.932141  0.610578
-0.946412  0.102212  0.306362 -0.266654
-0.166905 -0.966896 -0.193015   1.54853
        0         0         0         1

 0.279149  -0.23977  0.929831  0.610482
-0.944998   0.10329  0.310338 -0.265874
-0.170452 -0.965319 -0.197749   1.54968
        0         0         0         1

 0.281994 -0.244528  0.927731  0.610284
-0.943451  0.104994  0.314446 -0.264838
-0.174297 -0.963941 -0.201092   1.55082
        0         0         0         1

 0.284586 -0.247626  0.926117  0.609824
-0.942118  0.106395  0.317951 -0.264036
-0.177267 -0.962996 -0.203015   1.55176
        0         0         0         1

 0.290788 -0.254045  0.922444  0.609378
-0.939385   0.10724  0.325662 -0.261374
-0.181655 -0.961229 -0.207462   1.55349
        0         0         0         1

 0.293474 -0.259093  0.920187  0.609386
-0.938328  0.105987  0.329101 -0.259996
-0.182795  -0.96002  -0.21201   1.55448
        0         0         0         1

 0.297655 -0.264496  0.917302  0.609299
-0.937158  0.102259  0.333584 -0.258187
-0.182034  -0.95895 -0.217437   1.55556
        0         0         0         1

 0.300897  -0.26993  0.914658  0.609418
-0.936399 0.0980111  0.336973 -0.256522
-0.180606 -0.957879 -0.223271   1.55677
        0         0         0         1

 0.304084 -0.275346  0.911986  0.609769
-0.935784 0.0929802  0.340091 -0.254252
-0.178439 -0.956838 -0.229391   1.55839
        0         0         0         1

 0.307298 -0.278888  0.909829  0.609681
-0.935249 0.0880383  0.342869 -0.252436
-0.175722  -0.95628 -0.233775   1.55974
        0         0         0         1

 0.314737 -0.285788  0.905133  0.609358
-0.934196 0.0754982  0.348681 -0.247588
-0.167985 -0.955314  -0.24322   1.56293
        0         0         0         1

 0.317825 -0.287824  0.903407  0.609115
-0.933731 0.0705173   0.35096 -0.245221
-0.164721 -0.955084 -0.246338   1.56427
        0         0         0         1

 0.320442 -0.291947  0.901157  0.608817
-0.933296 0.0654877  0.353087 -0.242295
-0.162097  -0.95419 -0.251488   1.56618
        0         0         0         1

  0.32238 -0.296363  0.899022  0.608321
-0.932831  0.061992   0.35494 -0.239957
-0.160923 -0.953061 -0.256472   1.56812
        0         0         0         1

 0.322332 -0.305681  0.895913  0.607232
-0.933763 0.0528216  0.353973 -0.233598
-0.155526 -0.950668 -0.268408   1.57218
        0         0         0         1

 0.322066 -0.308835  0.894927  0.606447
-0.934059 0.0504079  0.353544 -0.230849
-0.154298 -0.949779 -0.272235   1.57426
        0         0         0         1

 0.321974 -0.312257  0.893772  0.605558
-0.934291 0.0478461  0.353287 -0.227295
 -0.15308 -0.948792 -0.276334   1.57671
        0         0         0         1

 0.322336 -0.315569  0.892477   0.60467
-0.934239 0.0459709  0.353674 -0.224247
-0.152636 -0.947788 -0.279999   1.57889
        0         0         0         1

 0.322664 -0.318497  0.891318  0.603742
-0.934317 0.0435088  0.353777 -0.220128
-0.151457 -0.946925 -0.283539   1.58134
        0         0         0         1

 0.324211 -0.319517  0.890391  0.602538
-0.933809 0.0424339  0.355248 -0.216888
 -0.15129  -0.94663  -0.28461   1.58371
        0         0         0         1

 0.327791 -0.317324  0.889864  0.600088
-0.932917 0.0398898  0.357874 -0.208285
-0.149059 -0.947478 -0.282962   1.58965
        0         0         0         1

 0.329423 -0.314955  0.890104   0.59895
-0.932672 0.0382091  0.358697 -0.204198
-0.146983 -0.948337 -0.281162   1.59255
        0         0         0         1

 0.330954  -0.31204  0.890562  0.597672
 -0.93259 0.0358923  0.359149 -0.199016
-0.144033 -0.949391 -0.279126   1.59615
        0         0         0         1

 0.331618 -0.309034  0.891363  0.596847
-0.932768 0.0341374  0.358858 -0.194466
-0.141328 -0.950438 -0.276937   1.59951
        0         0         0         1

 0.335483 -0.296794  0.894072  0.594393
-0.932832 0.0277562  0.359241 -0.183426
-0.131436 -0.954538 -0.267547   1.60653
        0         0         0         1

 0.337703 -0.291945  0.894832  0.593473
-0.932689 0.0241584  0.359872  -0.17831
 -0.12668  -0.95613 -0.264135   1.61009
        0         0         0         1

 0.340978 -0.287695  0.894967  0.592019
-0.932275  0.018872  0.361258 -0.172037
-0.120822 -0.957536 -0.261776   1.61457
        0         0         0         1

  0.34311 -0.285925  0.894719  0.590983
-0.932047 0.0144673  0.362048 -0.166523
-0.116463 -0.958143 -0.261532   1.61845
        0         0         0         1

  0.346289  -0.285325   0.893685   0.589703
 -0.931371 0.00956671   0.363946  -0.159835
 -0.112393  -0.958383  -0.262431    1.62383
         0          0          0          1

  0.349593  -0.285499   0.892342   0.588622
 -0.930532 0.00506793   0.366176  -0.154116
 -0.109065  -0.958365  -0.263895    1.62847
         0          0          0          1

  0.357875  -0.287824   0.888303   0.587281
 -0.928535 -0.0091067   0.371132  -0.139082
-0.0987314   -0.95764  -0.270514    1.63942
         0          0          0          1

  0.363673  -0.288971   0.885572   0.586604
 -0.926733 -0.0159151   0.375383  -0.132508
-0.0943808  -0.957206  -0.273587    1.64475
         0          0          0          1

  0.371391  -0.289525   0.882181   0.586178
 -0.924345 -0.0257674   0.380686  -0.123646
-0.0874866  -0.956823  -0.277191    1.65086
         0          0          0          1

  0.379127  -0.287809   0.879448   0.585693
 -0.921777 -0.0340874    0.38622  -0.115996
-0.0811795  -0.957081  -0.278219     1.6559
         0          0          0          1

  0.396567  -0.281402   0.873812    0.58513
 -0.915624 -0.0527319   0.398561  -0.097075
-0.0660782   -0.95814   -0.27857    1.66818
         0          0          0          1

  0.403005  -0.277147   0.872225   0.585051
 -0.913348 -0.0612397   0.402548 -0.0882258
-0.0581501  -0.958874  -0.277812    1.67333
         0          0          0          1

  0.410111  -0.273152   0.870171   0.584822
 -0.910685 -0.0707431   0.406998 -0.0774893
-0.0496139  -0.959366  -0.277768    1.67986
         0          0          0          1

  0.412829  -0.271591   0.869374    0.58503
 -0.909858 -0.0793601   0.407261 -0.0679811
-0.0416149  -0.959135  -0.279872    1.68524
         0          0          0          1

  0.416515  -0.271644   0.867597   0.584549
 -0.908544 -0.0901482   0.407948 -0.0567719
-0.0326044  -0.958166  -0.284349    1.69233
         0          0          0          1

   0.41954  -0.272843   0.865761   0.584203
 -0.907395 -0.0998967   0.408233 -0.0470995
-0.0248967  -0.956858  -0.289487    1.69812
         0          0          0          1

  0.428632  -0.279969   0.859007   0.584414
 -0.903426  -0.122529   0.410862 -0.0235706
-0.00977504  -0.952158  -0.305451    1.71277
         0          0          0          1

  0.436184  -0.282368   0.854407    0.58391
 -0.899847  -0.132319   0.415653 -0.0133138
-0.00431259  -0.950137  -0.311803    1.71955
         0          0          0          1

   0.444516   -0.285286    0.849128    0.584378
  -0.895763   -0.145722     0.41997 0.000243962
 0.00392456     -0.9473   -0.320324     1.72696
          0           0           0           1

 0.452381 -0.287408  0.844244  0.585303
-0.891779 -0.155366   0.42496 0.0118767
0.00902967 -0.945123 -0.326589   1.73377
        0         0         0         1

 0.464724 -0.286691  0.837758  0.584905
-0.885308  -0.16772  0.433705 0.0258174
0.0161693 -0.943227 -0.331754   1.74149
        0         0         0         1

  0.47444 -0.285734  0.832624  0.585446
-0.880032  -0.17677   0.44079  0.037934
0.0212344 -0.941864 -0.335322   1.74812
        0         0         0         1

 0.492647 -0.279741  0.824041  0.585355
-0.869443  -0.19846  0.452418   0.06659
 0.036979  -0.93934 -0.340989   1.76211
        0         0         0         1

 0.498587 -0.280982  0.820037  0.585799
-0.865833 -0.207003  0.455503 0.0790115
0.0417618 -0.937123 -0.346492   1.76927
        0         0         0         1

 0.503863 -0.284456  0.815602  0.587363
-0.862481 -0.217513  0.456962  0.095086
0.0474188 -0.933688 -0.354935   1.77794
        0         0         0         1

 0.508368  -0.28656  0.812062  0.587364
-0.859326 -0.229987  0.456798  0.108924
0.0558637 -0.930048 -0.363167   1.78353
        0         0         0         1

 0.522285 -0.297169  0.799318  0.588875
-0.850231 -0.253749  0.461215  0.140336
0.0657668  -0.92049 -0.385192   1.79984
        0         0         0         1

 0.527045 -0.304646  0.793356  0.592067
-0.846865 -0.266278  0.460343   0.15589
0.0710121 -0.914487 -0.398334   1.80545
        0         0         0         1

 0.536854 -0.313391   0.78331   0.59367
-0.840656 -0.277188  0.465258   0.17236
0.0713162 -0.908269 -0.412263   1.81526
        0         0         0         1

 0.545289 -0.319895  0.774808  0.595249
-0.835122 -0.287075  0.469211  0.187131
0.0723296 -0.902915  -0.42369   1.82239
        0         0         0         1

  0.55483 -0.325575  0.765614  0.597182
-0.828423 -0.301011  0.472343  0.206518
0.0766752 -0.896322 -0.436724   1.82923
        0         0         0         1

 0.562414 -0.329828  0.758224  0.598802
 -0.82307 -0.310962  0.475245  0.222123
0.0790297 -0.891356 -0.446361    1.8356
        0         0         0         1

 0.576929 -0.339216  0.743025  0.603979
-0.812274  -0.33385  0.478284  0.259805
0.0858178 -0.879475 -0.468144   1.84962
        0         0         0         1

 0.584067 -0.339861   0.73713  0.605122
 -0.80697 -0.341074  0.482149  0.275378
0.0875521 -0.876449 -0.473468   1.85739
        0         0         0         1

 0.592309  -0.34115  0.729922  0.608192
-0.800523 -0.351812   0.48517  0.295503
0.0912796 -0.871691 -0.481481   1.86397
        0         0         0         1

 0.598676  -0.34425  0.723242  0.612056
 -0.79573 -0.358932  0.487834  0.312332
0.0916578 -0.867559 -0.488814   1.87115
        0         0         0         1

 0.611855 -0.349098  0.709763  0.620796
-0.785552 -0.373042  0.493707  0.351558
0.0924193 -0.859634 -0.502483   1.88656
        0         0         0         1

 0.617018 -0.347921  0.705861  0.624352
-0.781014 -0.380684  0.495072  0.369212
0.0964639 -0.856756  -0.50662   1.89169
        0         0         0         1

 0.625635 -0.345691  0.699341  0.626326
-0.773799 -0.388843  0.500037  0.389674
0.0990755  -0.85399 -0.510769   1.90023
        0         0         0         1

 0.628673 -0.344956  0.696976  0.631284
-0.770414 -0.398402  0.497732  0.409126
 0.105981 -0.849871 -0.516224   1.90295
        0         0         0         1

 0.629271  -0.34643  0.695704  0.640598
