-0.0588036  0.674696  0.735749   1.03246
-0.531869  -0.64488  0.548858  0.861485
 0.844783 -0.359047  0.396771   2.67732
        0         0         0         1

-0.0592326  0.695214  0.716358   1.01555
-0.532418 -0.629029  0.566439  0.847462
 0.844406  -0.34785  0.407404   2.66831
        0         0         0         1

-0.0540464  0.739214  0.671298  0.970246
-0.557987 -0.579881  0.593624  0.809722
 0.828088 -0.342492  0.443812   2.68228
        0         0         0         1

-0.0520812  0.767486  0.638947  0.937371
   -0.571 -0.547796  0.611455  0.783025
 0.819296 -0.332994  0.466764   2.68598
        0         0         0         1

-0.0395049   0.82418  0.564949  0.890428
 -0.60071   -0.4714    0.6457  0.717462
  0.79849 -0.313862  0.513716   2.69628
        0         0         0         1

-0.0376038  0.849994  0.525448  0.862916
-0.616657 -0.433501  0.657124  0.686074
 0.786333 -0.299311  0.540456   2.70229
        0         0         0         1

-0.0387501   0.87998  0.473427   0.82687
-0.620308 -0.392624  0.679017   0.66066
 0.783401 -0.267358  0.561073   2.69268
        0         0         0         1

-0.037344  0.889323  0.455751   0.82683
-0.618666 -0.378733  0.688341  0.648512
 0.784766 -0.256253  0.564338   2.68289
        0         0         0         1

-0.0404489  0.926838  0.373275  0.785956
-0.633535 -0.312676   0.70772  0.595712
 0.772656 -0.207856  0.599832   2.67113
        0         0         0         1

-0.0435576  0.941445  0.334342  0.759651
-0.639875 -0.283299  0.714354  0.572903
 0.767244 -0.182822  0.614747   2.66555
        0         0         0         1

-0.0441037  0.959886    0.2769  0.722553
-0.656866 -0.236696  0.715893  0.535154
 0.752717 -0.150312  0.640955   2.66137
        0         0         0         1

-0.0456627  0.969944  0.239006  0.699896
-0.661369 -0.208664  0.720452  0.519016
 0.748669 -0.125173  0.651019   2.65105
        0         0         0         1

-0.0575002   0.986647   0.152385   0.661645
 -0.673336  -0.151022   0.723748   0.471416
  0.737097 -0.0609909   0.673029    2.62038
         0          0          0          1

 -0.065644   0.991662   0.110889   0.637716
 -0.688676  -0.125443   0.714135   0.441425
  0.722092 -0.0294882   0.691169    2.61765
         0          0          0          1

-0.0700621   0.995132  0.0693041   0.619755
 -0.698067 -0.0985396   0.709219   0.412636
  0.712596 0.00131044   0.701573    2.60221
         0          0          0          1

 -0.082197   0.995565  0.0457594   0.612658
 -0.699553 -0.0903382   0.708848   0.401201
  0.709838   0.026254   0.703876    2.58581
         0          0          0          1

  -0.0979531     0.995191 -0.000838817      0.59198
   -0.714138   -0.0697031     0.696526     0.370816
    0.693117    0.0688259     0.717532      2.56876
           0            0            0            1

 -0.108029   0.993442 -0.0374487   0.573461
 -0.720422 -0.0522711   0.691563   0.353214
   0.68507   0.101688   0.721345    2.55496
         0          0          0          1

  -0.129682    0.981781   -0.138886    0.523506
  -0.743623 -0.00364328    0.668589    0.299629
   0.655902    0.189983    0.730547     2.51635
          0           0           0           1

  -0.14119   0.974614  -0.173759    0.50729
 -0.749083 0.00957908   0.662407   0.285127
  0.647256   0.223685   0.728714    2.49624
         0          0          0          1

-0.154509  0.961725   -0.2263  0.483709
-0.760839 0.0302985  0.648233  0.260518
 0.630278  0.272336  0.727037   2.47064
        0         0         0         1

-0.163382  0.951142 -0.261984  0.466489
-0.771472 0.0423458  0.634853  0.240278
 0.614929  0.305837  0.726861   2.45229
        0         0         0         1

-0.176519  0.937295 -0.300531  0.453944
 -0.78692 0.0490254  0.615105  0.213633
 0.591268  0.345072  0.728922   2.43018
        0         0         0         1

-0.187439  0.929545 -0.317509  0.453123
-0.792066 0.0481433  0.608534  0.203581
 0.580946  0.365551  0.727237   2.40983
        0         0         0         1

-0.209647  0.897507 -0.387981  0.427452
-0.815463 0.0584511  0.575851  0.164373
 0.539508  0.437109  0.719629   2.35564
        0         0         0         1

-0.216351  0.886134 -0.409828  0.419378
-0.824574 0.0589113  0.562678  0.150621
 0.522752   0.45967  0.717938   2.33439
        0         0         0         1

 -0.22903  0.869621 -0.437384   0.41126
-0.832902 0.0574834  0.550427  0.137236
 0.503805  0.490362  0.711144   2.30121
        0         0         0         1

-0.235617  0.854385 -0.463154  0.401887
-0.843069 0.0573789  0.534736  0.122653
 0.483445  0.516463  0.706786   2.27844
        0         0         0         1

-0.252612  0.823517 -0.507944  0.393336
-0.862958 0.0456671  0.503207 0.0937446
 0.437596  0.565451  0.699125   2.22363
        0         0         0         1

-0.262794  0.810766 -0.523066  0.392167
-0.868025 0.0380359  0.495062 0.0860348
 0.421275  0.584133   0.69377   2.20129
        0         0         0         1

-0.268262  0.789234 -0.552399  0.384044
-0.880249 0.0321573  0.473421 0.0690857
 0.391404  0.613249  0.686096   2.16927
        0         0         0         1

-0.273352  0.775093 -0.569658  0.379639
-0.885352 0.0288029  0.464029 0.0613146
 0.376073  0.631191  0.678356   2.14488
        0         0         0         1

 -0.283295   0.744888  -0.604057   0.375647
 -0.900907 0.00924438   0.433913  0.0403052
  0.328801   0.667125   0.668457    2.08765
         0          0          0          1

  -0.289324    0.733663   -0.614842    0.375275
  -0.904652 0.000379647    0.426152   0.0353469
   0.312885    0.679514    0.663599     2.06499
          0           0           0           1

 -0.293515   0.717893  -0.631251   0.374525
 -0.911969 -0.0122797   0.410076  0.0253367
  0.286639   0.696045     0.6583    2.03517
         0          0          0          1

 -0.296662   0.704854  -0.644339   0.374454
 -0.916342 -0.0201174    0.39989  0.0197411
  0.268901   0.709067   0.651856    2.01315
         0          0          0          1

  -0.30032   0.683565  -0.665242   0.372971
 -0.922372 -0.0304604   0.385101  0.0125164
  0.242978   0.729254   0.639649    1.98162
         0          0          0          1

 -0.305088   0.672087    -0.6747   0.375741
 -0.924851 -0.0401514   0.378205  0.0094691
  0.227097   0.739382    0.63383    1.96127
         0          0          0          1

  -0.314694    0.636004   -0.704604    0.378762
  -0.931861  -0.0657986      0.3568 0.000498853
   0.180564    0.768875    0.613374     1.90713
          0           0           0           1

  -0.318924    0.623653   -0.713684    0.381081
  -0.933236   -0.075226    0.351299 -0.00115345
   0.165401    0.778073    0.606007     1.88601
          0           0           0           1

 -0.324769   0.606598  -0.725647    0.38427
 -0.935085 -0.0908104   0.342592 -0.0036459
  0.141919   0.789805   0.596713    1.85829
         0          0          0          1

  -0.328071    0.594042   -0.734495    0.386526
  -0.936486   -0.102504     0.33539 -0.00574093
   0.123947    0.797876    0.589941     1.83939
          0           0           0           1

  -0.332722    0.576613   -0.746199     0.38961
  -0.937778   -0.118956    0.326224 -0.00761646
  0.0993397    0.808311    0.580315     1.81329
          0           0           0           1

  -0.335809    0.564159   -0.754293    0.392398
  -0.938082   -0.127992    0.321902 -0.00797666
    0.08506    0.815686    0.572208     1.79446
          0           0           0           1

  -0.337089    0.527921   -0.779532    0.399549
  -0.940498    -0.15115    0.304331 -0.00990373
  0.0428363    0.835735     0.54746     1.74732
          0           0           0           1

  -0.339213     0.51353   -0.788176    0.403822
  -0.940262   -0.159241    0.300915 -0.00919306
   0.029019    0.843166    0.536869      1.7295
          0           0           0           1

   -0.33881    0.496206   -0.799367    0.409005
  -0.940818    -0.17121    0.292486 -0.00988468
  0.0082733    0.851156    0.524848     1.70761
          0           0           0           1

   -0.33843    0.484197   -0.806857    0.412442
  -0.940972   -0.179697    0.286847 -0.00993872
-0.00609932    0.856308     0.51643     1.69252
          0           0           0           1

  -0.342896    0.457366   -0.820511    0.424216
   -0.93867   -0.200618    0.280447 -0.00742238
 -0.0363427    0.866354    0.498107     1.65522
          0           0           0           1

  -0.342922    0.447365   -0.825996    0.428264
  -0.938146   -0.207862    0.276903 -0.00715021
 -0.0478163    0.869861    0.490974     1.64182
          0           0           0           1

 -0.340058   0.432946  -0.834816   0.432183
 -0.938352  -0.214834   0.270817 -0.0077447
-0.0620983   0.875445   0.479312    1.62293
         0          0          0          1

  -0.340696    0.421322   -0.840484     0.43593
  -0.937449   -0.220246    0.269595 -0.00669158
 -0.0715268    0.879761    0.470005     1.61028
          0           0           0           1

  -0.339295    0.404147   -0.849437    0.440239
  -0.936911   -0.225944    0.266734 -0.00599361
 -0.0841255    0.886349    0.455312     1.59297
          0           0           0           1

  -0.340682    0.393291   -0.853966     0.44449
  -0.935583   -0.231508    0.266623 -0.00522029
 -0.0928394     0.88979    0.446827     1.58191
          0           0           0           1

  -0.338741    0.368243   -0.865824     0.45411
  -0.934036     -0.2424    0.262333 -0.00382032
  -0.113273    0.897574    0.426063     1.55563
          0           0           0           1

  -0.339655    0.362103   -0.868053    0.458698
  -0.932966   -0.246678    0.262155 -0.00246611
  -0.119202    0.898906    0.421616     1.54683
          0           0           0           1

  -0.338518    0.356204   -0.870933    0.464563
  -0.932273   -0.252442    0.259114 -0.00138067
  -0.127563    0.899662    0.417536     1.53539
          0           0           0           1

   -0.336675     0.352472    -0.873163     0.468426
   -0.932575    -0.253043     0.257436 -0.000609513
   -0.130209     0.900962       0.4139      1.52599
           0            0            0            1

   -0.327825     0.349526    -0.877703     0.478648
   -0.934042    -0.259323     0.245598 -0.000202004
   -0.141765     0.900324     0.411484      1.50673
           0            0            0            1

   -0.32425    0.348335   -0.879502    0.482794
   -0.93479   -0.260514    0.241454 2.16887e-05
  -0.145016    0.900442    0.410092     1.50038
          0           0           0           1

  -0.319279    0.345683   -0.882363    0.488553
  -0.935819   -0.261741    0.236079 0.000297769
  -0.149342    0.901107    0.407066     1.49116
          0           0           0           1

  -0.315894    0.343333   -0.884496    0.492369
  -0.936773   -0.260792    0.233333 0.000290502
  -0.150559     0.90228    0.404007     1.48448
          0           0           0           1

  -0.313286    0.338068   -0.887447     0.49814
  -0.937072   -0.261691    0.231115 0.000998381
  -0.154104    0.904007    0.398778     1.47549
          0           0           0           1

  -0.311155    0.335252   -0.889263    0.501814
  -0.937297   -0.262857    0.228866 0.000883552
  -0.157022    0.904717     0.39602     1.47043
          0           0           0           1

  -0.305354    0.328577   -0.893754    0.509439
  -0.938378   -0.263389    0.223769 0.000510031
  -0.161879    0.907008    0.388756     1.45785
          0           0           0           1

 -0.303675   0.327954  -0.894554   0.512291
 -0.938811  -0.263154   0.222224 0.00028766
 -0.162526   0.907302     0.3878    1.45372
         0          0          0          1

   -0.300303     0.329003    -0.895307     0.515697
   -0.939824    -0.262398      0.21881 -0.000559744
   -0.162938     0.907141     0.388004      1.44875
           0            0            0            1

   -0.299371     0.330252     -0.89516     0.518303
   -0.940354    -0.261015     0.218188 -0.000383813
   -0.161593     0.907086     0.388694      1.44504
           0            0            0            1

  -0.292446    0.338514   -0.894362    0.523987
  -0.943079   -0.256969    0.211113 -0.00154824
  -0.158358    0.905193    0.394395     1.43696
          0           0           0           1

 -0.287741   0.342807  -0.894253     0.5254
 -0.944612  -0.255475    0.20601 -0.0028013
 -0.157838      0.904    0.39733    1.43481
         0          0          0          1

  -0.284205    0.347862   -0.893431    0.529348
  -0.945853   -0.254138    0.201931 -0.00306905
   -0.15681    0.902445    0.401253     1.43198
          0           0           0           1

  -0.281527    0.350316    -0.89332    0.531409
  -0.946639   -0.253622    0.198873 -0.00360002
  -0.156897     0.90164    0.403025     1.43028
          0           0           0           1

 -0.278576   0.351037  -0.893962   0.534027
 -0.947662  -0.251648   0.196493 -0.0039401
 -0.155988   0.901913   0.402767    1.42626
         0          0          0          1

  -0.276083    0.352009   -0.894353    0.535167
  -0.948242   -0.251655    0.193669 -0.00455234
  -0.156895    0.901532    0.403267     1.42471
          0           0           0           1

  -0.270721    0.357328   -0.893883     0.53733
  -0.949858   -0.250069    0.187709 -0.00604148
  -0.156459    0.899879     0.40711     1.41943
          0           0           0           1

  -0.270759    0.362217   -0.891902     0.53895
  -0.949972   -0.250394    0.186698 -0.00586847
  -0.155702    0.897832    0.411893     1.41762
          0           0           0           1

  -0.271135    0.373282   -0.887213    0.540414
   -0.95018   -0.251046    0.184754 -0.00556877
  -0.153766    0.893105    0.422752     1.41628
          0           0           0           1

  -0.270163    0.383489   -0.883147    0.541221
  -0.950967   -0.249736    0.182467 -0.00539538
   -0.15058    0.889139    0.432154     1.41499
          0           0           0           1

   -0.26643    0.406002   -0.874172    0.545982
  -0.952922   -0.247164    0.175639 -0.00446313
  -0.144755    0.879814    0.452741     1.41464
          0           0           0           1

  -0.262568    0.410476   -0.873251    0.547786
  -0.954086    -0.24564    0.171409 -0.00452342
  -0.144146    0.878163    0.456127     1.41487
          0           0           0           1

  -0.256157    0.410157   -0.875303    0.549459
  -0.955872   -0.242233    0.166228 -0.00517849
  -0.143848    0.879258    0.454107     1.41495
          0           0           0           1

  -0.254037     0.40604   -0.877837    0.550702
  -0.956242   -0.241642    0.164956 -0.00540393
  -0.145144    0.881329    0.449658     1.41519
          0           0           0           1

-0.252571  0.401056 -0.880546  0.551559
-0.956478 -0.240945   0.16461 -0.005312
-0.146145  0.883798  0.444457    1.4151
        0         0         0         1

 -0.252685   0.401257  -0.880422   0.551687
  -0.95653  -0.240533   0.164904 -0.0051469
 -0.145601   0.883819   0.444594    1.41489
         0          0          0          1

  -0.255472    0.418948    -0.87133    0.552162
  -0.956366   -0.241655    0.164214 -0.00433771
  -0.141764    0.875263    0.462404     1.41617
          0           0           0           1

  -0.256384    0.430371   -0.865476    0.552903
  -0.956571   -0.241469    0.163295 -0.00366077
  -0.138709    0.869755    0.473589     1.41785
          0           0           0           1

  -0.253743    0.447363   -0.857602    0.554572
  -0.958297   -0.236762     0.16003 -0.00313649
  -0.131456    0.862444    0.488784     1.41996
          0           0           0           1

  -0.250514     0.45872   -0.852537    0.557195
  -0.959734   -0.233286     0.15649 -0.00251662
  -0.127099    0.857411     0.49869     1.42264
          0           0           0           1

  -0.232775    0.486212   -0.842267    0.565058
  -0.965631   -0.218526    0.140722 -0.00181986
  -0.115636    0.846076    0.520369     1.43081
          0           0           0           1

   -0.22425    0.494319   -0.839857    0.568684
  -0.968351   -0.209933    0.134998 -0.00157792
  -0.109582     0.84355    0.525752     1.43379
          0           0           0           1

   -0.214534     0.505802    -0.835547     0.574208
   -0.971253    -0.200836     0.127801 -0.000879398
   -0.103166     0.838945     0.534348      1.43878
           0            0            0            1

   -0.207459     0.514565    -0.831976     0.578219
   -0.973216     -0.19468     0.122272 -0.000666707
  -0.0990519     0.835059     0.541171      1.44288
           0            0            0            1

   -0.197754     0.523977    -0.828457     0.583596
   -0.975909    -0.184699     0.116134 -0.000291463
  -0.0921633     0.831465     0.547879      1.44827
           0            0            0            1

  -0.192993    0.529599   -0.826002    0.588374
  -0.977197   -0.179705      0.1131 0.000288597
 -0.0885388    0.828994    0.552205     1.45295
          0           0           0           1

  -0.175548     0.54155   -0.822136     0.59999
  -0.981505   -0.161053     0.10349 0.000798422
 -0.0763628    0.825097    0.559806     1.46422
          0           0           0           1

 -0.170339   0.547018  -0.819607   0.606222
 -0.982824  -0.154251    0.10131 0.00157486
 -0.071007   0.822787   0.563897    1.46918
         0          0          0          1

  -0.16121   0.553579  -0.817045   0.614615
 -0.984798  -0.144487  0.0964138 0.00193282
  -0.06468   0.820167   0.568456     1.4765
         0          0          0          1

 -0.153294   0.557897   -0.81563   0.620672
 -0.986441  -0.135353   0.092814 0.00246874
-0.0586177   0.818798   0.571081    1.48143
         0          0          0          1

 -0.131205   0.567287  -0.813001   0.638429
 -0.990413  -0.110763  0.0825492 0.00338478
 -0.043221   0.816037   0.576381    1.49526
         0          0          0          1

-0.122499  0.569602 -0.812741  0.646003
-0.991761 -0.101175 0.0785748  0.003683
-0.0374724   0.81567  0.577302   1.50065
        0         0         0         1

 -0.110778    0.57295  -0.812069   0.657637
 -0.993442 -0.0871044  0.0740636 0.00441136
   -0.0283   0.814948   0.578842     1.5083
         0          0          0          1

 -0.110778    0.57295  -0.812069   0.657637
 -0.993442 -0.0871044  0.0740636 0.00441136
   -0.0283   0.814948   0.578842     1.5083
         0          0          0          1

-0.0785258   0.580943  -0.810148   0.690781
 -0.996886 -0.0516497  0.0595888 0.00598136
-0.0072262   0.812304   0.583189    1.52905
         0          0          0          1

-0.0706482   0.583026  -0.809376   0.699988
 -0.997501 -0.0422615  0.0566264 0.00622266
-0.00119073   0.811353   0.584555    1.53434
         0          0          0          1

-0.0581727   0.586747  -0.807678   0.716169
 -0.998275 -0.0277313  0.0517547 0.00714751
0.00796903   0.809295   0.587348    1.54324
         0          0          0          1

-0.0483643   0.587634   -0.80768   0.726991
 -0.998721 -0.0165395  0.0477706 0.00750911
  0.014713   0.808958   0.587683    1.54883
         0          0          0          1

  -0.0339355     0.587761    -0.808323     0.742635
   -0.999121 -4.26133e-05    0.0419148   0.00821012
   0.0246014     0.809035     0.587246      1.55656
           0            0            0            1

-0.0258377   0.588445  -0.808124   0.755029
 -0.999174  0.0101625  0.0393459 0.00918863
 0.0313655   0.808473   0.587696    1.56185
         0          0          0          1

-0.00399297  0.587246 -0.809399  0.789089
-0.998909 0.0353148 0.0305499 0.0116352
 0.046524  0.808638  0.586464   1.57531
        0         0         0         1

0.00929084  0.584162 -0.811584  0.801147
-0.998572 0.0481233 0.0232068 0.0121981
0.0526127  0.810209  0.583775   1.57979
        0         0         0         1

0.0229757   0.58181    -0.813  0.820888
-0.997933 0.0621635 0.0162843 0.0138608
0.0600133  0.810945  0.582036   1.58639
        0         0         0         1

0.0300379  0.581245 -0.813174  0.835842
-0.997491  0.069603 0.0129048 0.0149941
0.0641002  0.810746  0.581878   1.59083
        0         0         0         1

0.0415333  0.578979 -0.814284  0.856606
-0.996504 0.0831379 0.0082859 0.0170405
0.0724952  0.811093  0.580408   1.59591
        0         0         0         1

 0.0527962    0.57718  -0.814909   0.870813
 -0.995564  0.0940631 0.00212212  0.0181759
 0.0778777   0.811182   0.579585    1.59955
         0          0          0          1

  0.0759453    0.573268   -0.815841    0.910906
  -0.992925    0.118386 -0.00924314   0.0223047
  0.0912854     0.81077    0.578203     1.60799
          0           0           0           1

 0.0865904   0.571348  -0.816127   0.926316
 -0.991544   0.128908 -0.0149571  0.0237859
 0.0966596   0.810521   0.577679    1.61082
         0          0          0          1

 0.0997736   0.570413  -0.815276   0.948747
 -0.989669   0.141671 -0.0219947  0.0258506
  0.102955   0.809048   0.578655    1.61411
         0          0          0          1

  0.108541   0.568201    -0.8157   0.965405
 -0.988145   0.151286 -0.0261043  0.0277351
  0.108572   0.808863   0.577886    1.61583
         0          0          0          1

 0.121812   0.56541 -0.815766  0.988724
-0.985944  0.163621 -0.033817 0.0303208
 0.114356  0.808418  0.577393   1.61796
        0         0         0         1

  0.129695   0.563685  -0.815744    1.00577
 -0.984222   0.173046 -0.0369052  0.0321952
  0.120359   0.807659   0.577235    1.61871
         0          0          0          1

  0.151052    0.55957  -0.814902    1.05169
 -0.979991   0.192859 -0.0492223  0.0367306
  0.129618   0.806031   0.577505     1.6198
         0          0          0          1

  0.158728   0.560254   -0.81297    1.07007
 -0.978422   0.199569 -0.0534991  0.0384113
  0.132271    0.80392   0.579842     1.6196
         0          0          0          1

   0.16884   0.558697  -0.812004    1.09478
 -0.976062   0.209363 -0.0589006  0.0412042
  0.137096   0.802511   0.580672    1.61888
         0          0          0          1

  0.175143   0.556181  -0.812396    1.11264
 -0.974285   0.216713 -0.0616787  0.0433682
  0.141752   0.802308   0.579835    1.61726
         0          0          0          1

  0.192242   0.547526  -0.814407    1.15831
 -0.970189   0.230832 -0.0738257  0.0477721
   0.14757   0.804321   0.575579    1.61463
         0          0          0          1

  0.199368   0.545411  -0.814113    1.17549
 -0.968214   0.237695 -0.0778642  0.0496591
  0.151042   0.803759   0.575463    1.61195
         0          0          0          1

 0.208924  0.541899 -0.814061   1.20027
-0.965776  0.245173 -0.084655 0.0523732
 0.153712  0.803888  0.574576   1.60884
        0         0         0         1

  0.213258   0.541009   -0.81353    1.21912
  -0.96442   0.249746 -0.0867273  0.0538724
  0.156255   0.803079    0.57502    1.60572
         0          0          0          1

  0.221356   0.537972   -0.81338    1.24378
 -0.962359   0.255376 -0.0929934  0.0560408
   0.15769   0.803349   0.574252    1.60124
         0          0          0          1

   0.22685   0.535412  -0.813556    1.26101
 -0.960935   0.259044 -0.0974642  0.0576703
  0.158563   0.803884    0.57326    1.59776
         0          0          0          1

 0.239597  0.532853 -0.811579   1.30493
-0.957094  0.269968 -0.105305 0.0620518
 0.162988  0.801988  0.574674   1.58711
        0         0         0         1

 0.243612  0.532842  -0.81039   1.32103
-0.955973  0.272875 -0.107957  0.063358
 0.163612  0.801011  0.575858   1.58319
        0         0         0         1

 0.251019   0.53217  -0.80857   1.34277
 -0.95344  0.280178 -0.111592 0.0658729
 0.167157  0.798934  0.577722   1.57677
        0         0         0         1

 0.254976  0.533441 -0.806491   1.35855
-0.952005   0.28455  -0.11277 0.0673509
  0.16933  0.796538  0.580392     1.572
        0         0         0         1

 0.267386   0.53306 -0.802715   1.39732
-0.948056  0.294512 -0.120222 0.0710766
 0.172323  0.793164  0.584119   1.56091
        0         0         0         1

 0.269064  0.533786 -0.801672   1.41282
-0.947615  0.295484 -0.121302 0.0715981
 0.172132  0.792314  0.585328   1.55607
        0         0         0         1

 0.273434  0.533995 -0.800052   1.43412
-0.946118  0.299317 -0.123575 0.0733452
 0.173481  0.790733  0.587065   1.54827
        0         0         0         1

  0.27797   0.53252 -0.799472   1.44778
-0.944845  0.301642 -0.127594 0.0746637
 0.173207  0.790844  0.586996   1.54278
        0         0         0         1

 0.279282  0.532058 -0.799322    1.4678
-0.944383  0.302714 -0.128469 0.0756649
 0.173613  0.790745   0.58701   1.53503
        0         0         0         1

 0.280033  0.532996 -0.798434   1.48208
-0.944495  0.301798 -0.129795  0.076289
 0.171785  0.790464  0.587925   1.52899
        0         0         0         1

 0.286746  0.533067    -0.796    1.5154
-0.943222  0.302505 -0.137199 0.0793474
 0.167658  0.790146  0.589542   1.51351
        0         0         0         1

 0.289882  0.533076 -0.794857   1.52781
-0.942471  0.303472 -0.140191 0.0809051
 0.166485  0.789769   0.59038   1.50733
        0         0         0         1

 0.292477  0.535383 -0.792352    1.5455
-0.941746  0.305134 -0.141446  0.082259
 0.166046  0.787564   0.59344    1.4976
        0         0         0         1

  0.29658  0.535641 -0.790651   1.55672
-0.941024  0.305069 -0.146312 0.0837988
 0.162832  0.787415  0.594528   1.49219
        0         0         0         1

 0.303017  0.538611  -0.78618   1.58662
-0.939747  0.305907 -0.152629 0.0863636
  0.15829   0.78506  0.598853   1.47619
        0         0         0         1

 0.305293  0.540048 -0.784311   1.59707
-0.939222  0.306588 -0.154487 0.0879573
  0.15703  0.783806  0.600824   1.46912
        0         0         0         1

 0.309023  0.543467  -0.78048   1.61124
-0.938675  0.306267 -0.158397 0.0899308
 0.152951  0.781565  0.604782   1.45934
        0         0         0         1

 0.309008  0.546236  -0.77855   1.62211
-0.939096  0.304676 -0.158966 0.0904035
 0.150373  0.780256  0.607115   1.45327
        0         0         0         1

  0.31818  0.551232 -0.771301   1.64474
-0.937814   0.30213 -0.170945  0.094273
 0.138803  0.777728  0.613084    1.4375
        0         0         0         1

 0.322865  0.552111 -0.768721   1.65226
-0.936771   0.30225 -0.176364 0.0964414
 0.134973  0.777057  0.614788   1.43117
        0         0         0         1

 0.327166  0.555676 -0.764321   1.66307
-0.936156   0.30079  -0.18204 0.0989367
 0.128745   0.77508  0.618608    1.4216
        0         0         0         1

 0.329215  0.557014 -0.762465   1.67055
-0.936086   0.29851 -0.186106  0.100014
  0.12394  0.775002  0.619687   1.41557
        0         0         0         1

 0.331244  0.560071 -0.759341   1.68081
-0.936171  0.295502 -0.190427  0.101654
 0.117734   0.77395  0.622205   1.40628
        0         0         0         1

 0.329709  0.562844 -0.757957   1.68834
-0.937173  0.292084 -0.190771  0.101539
 0.114013  0.773236  0.623785   1.40004
        0         0         0         1

 0.333273  0.568497 -0.752157    1.7038
-0.937475  0.284724 -0.200185    0.1052
 0.100353  0.771844  0.627842   1.38429
        0         0         0         1

 0.336848  0.570889 -0.748745   1.70866
-0.936629  0.284437 -0.204503  0.107592
0.0962223  0.770183  0.630524   1.37794
        0         0         0         1

 0.340554  0.574045 -0.744644   1.71627
-0.935861  0.283173 -0.209706  0.110099
0.0904826    0.7683  0.633662   1.37022
        0         0         0         1

 0.338733  0.581027 -0.740046   1.72205
-0.936942   0.28021 -0.208856  0.110076
0.0860172  0.764127  0.639305   1.36326
        0         0         0         1

 0.346842  0.587045 -0.731491     1.733
-0.934982  0.278127 -0.220123   0.11499
0.0742251  0.760279  0.645342   1.35054
        0         0         0         1

 0.349663  0.589644 -0.728049    1.7378
-0.934326  0.276761 -0.224584  0.115962
 0.069071  0.758764  0.647693   1.34686
        0         0         0         1

 0.357317  0.594903  -0.72001   1.74452
-0.931884  0.278745 -0.232152  0.118673
0.0625913  0.753917  0.653981   1.34049
        0         0         0         1

 0.364263   0.59756 -0.714307    1.7475
-0.929506  0.280817 -0.239084  0.121792
0.0577225  0.751042  0.657727   1.33542
        0         0         0         1

   0.3682  0.602007 -0.708531   1.75379
-0.928267  0.281003 -0.243634  0.123438
0.0524297  0.747412  0.662288   1.32879
        0         0         0         1

 0.373206  0.603097 -0.704976   1.75755
-0.926502  0.281665 -0.249519  0.124972
0.0480831  0.746283   0.66389   1.32468
        0         0         0         1

 0.382327  0.608882 -0.695046   1.76746
-0.923422  0.278992 -0.263546   0.12878
0.0334438  0.742581  0.668921   1.31364
        0         0         0         1

 0.388769  0.610355 -0.690163   1.76876
-0.920839  0.281987  -0.26933  0.132273
  0.03023  0.740236  0.671667   1.30774
        0         0         0         1

 0.391298  0.612492 -0.686833   1.77265
 -0.91999   0.27856  -0.27572  0.133875
0.0224479  0.739769  0.672487   1.30304
        0         0         0         1

 0.393285  0.615478 -0.683018   1.77503
-0.919262  0.276842 -0.279849  0.135445
0.0168474  0.737933  0.674664    1.2991
        0         0         0         1

 0.396132  0.618488 -0.678639   1.77834
-0.918146  0.274333 -0.285919  0.137213
0.00933569  0.736352  0.676535   1.29485
        0         0         0         1

  0.39773  0.619967 -0.676352   1.78014
-0.917486  0.273214 -0.289092  0.138718
0.00556161  0.735524  0.677476    1.2919
        0         0         0         1

  0.40291  0.626903 -0.666825   1.78496
-0.915233  0.273182 -0.296176  0.142233
-0.00350957  0.729633   0.68383   1.28374
        0         0         0         1

 0.401809  0.630769 -0.663838   1.78731
 -0.91571  0.272827 -0.295026  0.141835
-0.00498032  0.726427  0.687225   1.28036
        0         0         0         1

 0.406047  0.632815 -0.659296   1.78842
-0.913817  0.274848 -0.298993  0.144026
-0.00800148  0.723881  0.689878   1.27696
        0         0         0         1

 0.408369  0.635124 -0.655631   1.78901
-0.912758  0.275993 -0.301164  0.145476
-0.0103273  0.721419  0.692422    1.2742
        0         0         0         1

 0.410679   0.64033 -0.649091   1.79243
 -0.91157  0.273083 -0.307353   0.14764
-0.0195517  0.717916  0.695855   1.26964
        0         0         0         1

 0.413861   0.64158 -0.645828   1.79288
-0.910027  0.272968 -0.311993  0.149447
-0.0238787  0.716842  0.696826    1.2679
        0         0         0         1

0.413226 0.644922  -0.6429  1.79366
-0.910277 0.272915 -0.31131 0.150264
-0.0253134 0.713858 0.699833  1.26417
       0        0        0        1

 0.411639  0.646706 -0.642126   1.79498
 -0.91094  0.270904 -0.311127      0.15
-0.027253   0.71301  0.700624   1.26225
        0         0         0         1

 0.412066  0.646993 -0.641562   1.79554
-0.910574  0.267295 -0.315291   0.15076
-0.0325046   0.71411  0.699279   1.26103
        0         0         0         1

 0.409515  0.648038 -0.642141   1.79667
-0.911661  0.264283 -0.314687  0.150471
-0.0342223  0.714284  0.699019   1.25941
        0         0         0         1

 0.404667  0.651307 -0.641906   1.79896
-0.913672  0.258758 -0.313444  0.151044
-0.0380495  0.713332  0.699792    1.2538
        0         0         0         1

 0.404586  0.651331 -0.641933   1.79915
-0.913656  0.257738 -0.314332  0.151652
-0.0392834   0.71368  0.699369   1.25208
        0         0         0         1

 0.402924  0.652063 -0.642236   1.79929
-0.914228  0.253873 -0.315809  0.152324
-0.0428808  0.714397  0.698426   1.25038
        0         0         0         1

 0.403104  0.654386 -0.639755   1.79893
-0.914042  0.253435   -0.3167  0.153479
-0.0451077  0.712426  0.700296    1.2481
        0         0         0         1

 0.401634  0.654022  -0.64105   1.80049
 -0.91446  0.248554 -0.319348  0.154038
-0.049525  0.714476  0.697905   1.24668
        0         0         0         1

 0.401243  0.655712 -0.639567   1.79992
-0.914561  0.248056 -0.319448  0.154646
-0.0508174  0.713099  0.699219    1.2437
        0         0         0         1

 0.399905  0.657575 -0.638491   1.79979
-0.915047  0.246467 -0.319286  0.154788
-0.0525871  0.711933  0.700275   1.24246
        0         0         0         1

 0.398843  0.658152 -0.638561   1.79972
-0.915423  0.244692 -0.319571  0.154975
-0.0540753  0.712012  0.700082   1.24263
        0         0         0         1

 0.396441   0.66015 -0.637994    1.8005
-0.916443  0.243334 -0.317681  0.154793
-0.0544711  0.710627  0.701457   1.24134
        0         0         0         1

0.396421 0.660909 -0.63722  1.79986
-0.916423 0.243319 -0.31775 0.155528
-0.0549561 0.709926 0.702129  1.24067
       0        0        0        1

  0.39332  0.663814 -0.636121   1.79964
-0.917685  0.241195 -0.315719  0.155977
-0.0561498  0.707937   0.70404   1.24011
        0         0         0         1

 0.389605  0.665867 -0.636262   1.79973
-0.919311  0.239572 -0.312206  0.155342
-0.0554569   0.70656  0.705477   1.23939
        0         0         0         1

 0.387973  0.666294 -0.636811   1.79964
-0.919948  0.237719 -0.311747   0.15557
-0.0563336  0.706783  0.705184   1.23931
        0         0         0         1

 0.386502  0.667513  -0.63643   1.79952
-0.920604  0.237542 -0.309937  0.155844
-0.0557083  0.705691  0.706326   1.23865
        0         0         0         1

 0.378961  0.670567 -0.637753   1.79842
-0.923672  0.231839 -0.305091  0.155649
-0.0567276  0.704692  0.707242   1.23838
        0         0         0         1

 0.375612  0.672137  -0.63808   1.79849
-0.925077  0.230231 -0.302036  0.155357
-0.0561039  0.703722  0.708257   1.23763
        0         0         0         1

 0.371714  0.672435 -0.640047     1.799
-0.926563  0.225995  -0.30068  0.155009
-0.0575405   0.70481  0.707059   1.23722
        0         0         0         1

 0.369931  0.671097 -0.642479   1.79909
 -0.92715  0.222352 -0.301584  0.155147
-0.0595358   0.70724  0.704462   1.23784
        0         0         0         1

   0.3654  0.671001 -0.645167   1.79909
-0.928732  0.216062 -0.301287  0.155167
-0.0627681  0.709278  0.702129   1.23823
        0         0         0         1

 0.367143  0.670927 -0.644253    1.7985
-0.927982   0.21678 -0.303077  0.156619
-0.0636815  0.709128  0.702198   1.23769
        0         0         0         1

 0.357353  0.674293 -0.646241   1.79873
-0.931608  0.208169 -0.297948  0.155791
-0.0663768  0.708516  0.702567   1.23707
        0         0         0         1

 0.355392   0.67644 -0.645078   1.79872
-0.932289  0.206806 -0.296764  0.155916
-0.0673374  0.706867  0.704134   1.23708
        0         0         0         1

 0.353707  0.679336 -0.642958   1.79877
-0.932924  0.206687 -0.294843  0.156346
-0.0674062  0.704119  0.706876   1.23686
        0         0         0         1

 0.352202  0.680824 -0.642209   1.79884
-0.933467  0.205847  -0.29371  0.156766
-0.0677679  0.702927  0.708027   1.23721
        0         0         0         1

 0.344845  0.689035 -0.637427   1.79901
-0.936203  0.203378 -0.286638  0.156748
-0.0678649  0.695606   0.71521   1.23835
        0         0         0         1

 0.337965   0.69361 -0.636148    1.7992
-0.938846  0.201104 -0.279509  0.155614
-0.0659384  0.691709  0.719159   1.23913
        0         0         0         1

 0.339947  0.696105 -0.632356   1.79804
-0.937991  0.202428 -0.281417  0.157698
-0.0678887  0.688811  0.721755   1.24052
        0         0         0         1

 0.338311  0.697599 -0.631586   1.79705
-0.938563  0.201529 -0.280151  0.158481
-0.0681503  0.687562   0.72292   1.24267
        0         0         0         1

 0.333059  0.702669 -0.628751   1.79568
-0.940538  0.200345 -0.274319  0.158619
-0.0667884  0.682728  0.727613   1.24413
        0         0         0         1

  0.32891  0.705697 -0.627543   1.79544
-0.941988   0.19809 -0.270958  0.158455
-0.0669042  0.680259  0.729912   1.24617
        0         0         0         1

 0.318232  0.712198 -0.625702   1.79161
-0.945793  0.193369  -0.26093  0.159406
-0.0648428  0.674821  0.735128   1.25377
        0         0         0         1

 0.311252  0.716807 -0.623947   1.79012
-0.948296  0.191366 -0.253206  0.158914
-0.0620976  0.670497  0.739309   1.25674
        0         0         0         1

 0.305701  0.722664 -0.619922   1.78623
-0.950439  0.192858 -0.243868  0.159964
-0.0566775  0.663748  0.745805   1.26183
        0         0         0         1

 0.299917  0.727111 -0.617543    1.7828
-0.952478  0.192102 -0.236396  0.160007
-0.053255  0.659095  0.750172   1.26738
        0         0         0         1

 0.287785  0.734575 -0.614475   1.77487
-0.956811  0.192975 -0.217424  0.161976
-0.0411359  0.650508  0.758385   1.28408
        0         0         0         1

 0.283576  0.736495 -0.614133   1.77099
-0.958249  0.193154 -0.210833  0.162929
-0.036655  0.648279   0.76052   1.29078
        0         0         0         1

 0.280286  0.739116 -0.612493   1.76309
 -0.95946  0.196036   -0.2025  0.166219
-0.0295996  0.644421  0.764098   1.29905
        0         0         0         1

 0.272025  0.740954 -0.613995   1.76065
-0.961927  0.191852  -0.19465  0.166512
-0.0264307  0.643568  0.764933   1.30681
        0         0         0         1

 0.267024  0.741122 -0.615984   1.75389
-0.963506  0.192835 -0.185662  0.169004
-0.0188153  0.643081  0.765567   1.31837
        0         0         0         1

 0.258326  0.742004 -0.618626   1.74858
-0.965974  0.189944 -0.175545  0.169062
-0.0127511  0.642924  0.765824   1.32817
        0         0         0         1

  0.24351  0.743297 -0.623067   1.73246
-0.969849  0.193064 -0.148723  0.174534
0.00974591  0.640497  0.767899    1.3543
        0         0         0         1

  0.23646  0.742044 -0.627262   1.72559
-0.971465  0.192863  -0.13806  0.176619
0.0185288  0.642009  0.766473   1.36701
        0         0         0         1

 0.223579  0.739424 -0.635031   1.71692
-0.974166  0.190796 -0.120819  0.179006
0.0318254  0.645639   0.76298   1.38721
        0         0         0         1

 0.215824   0.73806 -0.639286   1.70982
-0.975444  0.192418 -0.107163  0.181694
0.0439177  0.646717  0.761465   1.39942
        0         0         0         1

  0.198944   0.729942  -0.653916    1.68526
 -0.977222   0.198064 -0.0762137   0.192959
 0.0738854   0.654183   0.752718    1.43731
         0          0          0          1

  0.190699   0.725126  -0.661685    1.67547
 -0.977899   0.199187 -0.0635469   0.197151
 0.0857197   0.659179   0.747084     1.4543
         0          0          0          1

  0.179414   0.718757  -0.671714    1.66068
 -0.978054   0.203838 -0.0431231   0.203702
  0.105926   0.664709   0.739555    1.47852
         0          0          0          1

  0.169905   0.714555  -0.678633    1.64912
 -0.978283   0.205265 -0.0287957   0.208467
  0.118724   0.668788   0.733912    1.49765
         0          0          0          1

   0.157364    0.707327   -0.689149     1.63086
  -0.977773    0.209506 -0.00823688    0.216028
   0.138555    0.675127    0.724573     1.52646
          0           0           0           1

  0.149677   0.703145  -0.695114    1.61735
  -0.97641   0.215777 0.00802248   0.222715
   0.15563   0.677516   0.718854    1.54607
         0          0          0          1

 0.126114  0.689547 -0.713176   1.57883
-0.973045  0.225908  0.046355  0.240414
 0.193076  0.688106  0.699451   1.60345
        0         0         0         1

 0.113396  0.687264 -0.717502   1.56317
-0.971354   0.22848 0.0653359  0.246839
