-0.436312 -0.433031  0.788743  0.271598
-0.794442 -0.226192 -0.563648  0.849787
 0.422484 -0.872537 -0.245328   2.30127
        0         0         0         1

-0.436312 -0.433031  0.788743  0.271598
-0.794442 -0.226192 -0.563648  0.849787
 0.422484 -0.872537 -0.245328   2.30127
        0         0         0         1

-0.373312 -0.419045  0.827671  0.297695
-0.834492 -0.238085 -0.496929  0.783928
 0.405292 -0.876194  -0.26081   2.32891
        0         0         0         1

-0.373312 -0.419045  0.827671  0.297695
-0.834492 -0.238085 -0.496929  0.783928
 0.405292 -0.876194  -0.26081   2.32891
        0         0         0         1

-0.332737  -0.41906  0.844793  0.318621
-0.852098 -0.250179 -0.459716  0.748054
 0.403998 -0.872811 -0.273837   2.34256
        0         0         0         1

-0.332737  -0.41906  0.844793  0.318621
-0.852098 -0.250179 -0.459716  0.748054
 0.403998 -0.872811 -0.273837   2.34256
        0         0         0         1

-0.292336 -0.393783  0.871478  0.315852
-0.871145 -0.266289 -0.412549  0.703453
  0.39452 -0.879787 -0.265197   2.35283
        0         0         0         1

-0.292336 -0.393783  0.871478  0.315852
-0.871145 -0.266289 -0.412549  0.703453
  0.39452 -0.879787 -0.265197   2.35283
        0         0         0         1

-0.258651 -0.400159  0.879189  0.367109
-0.874403 -0.289803 -0.389145  0.669142
 0.410511 -0.869418 -0.274942   2.36392
        0         0         0         1

-0.258651 -0.400159  0.879189  0.367109
-0.874403 -0.289803 -0.389145  0.669142
 0.410511 -0.869418 -0.274942   2.36392
        0         0         0         1

-0.224986 -0.381451  0.896592  0.378046
-0.883765  -0.30759  -0.35263   0.63485
 0.410294 -0.871713  -0.26791    2.3661
        0         0         0         1

-0.224986 -0.381451  0.896592  0.378046
-0.883765  -0.30759  -0.35263   0.63485
 0.410294 -0.871713  -0.26791    2.3661
        0         0         0         1

-0.182313 -0.368264  0.911671   0.40836
-0.898194  -0.31484 -0.306796  0.582201
 0.400012  -0.87479 -0.273373   2.37935
        0         0         0         1

-0.182313 -0.368264  0.911671   0.40836
-0.898194  -0.31484 -0.306796  0.582201
 0.400012  -0.87479 -0.273373   2.37935
        0         0         0         1

-0.166631 -0.358454  0.918556  0.429058
-0.902136 -0.320581 -0.288754  0.554539
 0.397976 -0.876777 -0.269956    2.3792
        0         0         0         1

-0.166631 -0.358454  0.918556  0.429058
-0.902136 -0.320581 -0.288754  0.554539
 0.397976 -0.876777 -0.269956    2.3792
        0         0         0         1

-0.149583 -0.338849  0.928874  0.429551
-0.908378 -0.323911 -0.264443  0.521994
 0.390479 -0.883325 -0.259352   2.37362
        0         0         0         1

-0.149583 -0.338849  0.928874  0.429551
-0.908378 -0.323911 -0.264443  0.521994
 0.390479 -0.883325 -0.259352   2.37362
        0         0         0         1

 -0.12366 -0.321293  0.938871  0.445712
-0.920912 -0.315271 -0.229184  0.467528
 0.369634 -0.892959 -0.256896   2.38039
        0         0         0         1

 -0.12366 -0.321293  0.938871  0.445712
-0.920912 -0.315271 -0.229184  0.467528
 0.369634 -0.892959 -0.256896   2.38039
        0         0         0         1

-0.0991894 -0.318664  0.942664  0.460425
-0.931547 -0.303312 -0.200553   0.42901
  0.34983 -0.898029 -0.266765   2.38449
        0         0         0         1

-0.0991894 -0.318664  0.942664  0.460425
-0.931547 -0.303312 -0.200553   0.42901
  0.34983 -0.898029 -0.266765   2.38449
        0         0         0         1

-0.0781157 -0.324248  0.942741  0.478165
-0.934999 -0.304306 -0.182138  0.406466
  0.34594  -0.89569   -0.2794   2.37397
        0         0         0         1

-0.0781157 -0.324248  0.942741  0.478165
-0.934999 -0.304306 -0.182138  0.406466
  0.34594  -0.89569   -0.2794   2.37397
        0         0         0         1

-0.0379581 -0.322425  0.945834  0.493749
-0.945521 -0.294679 -0.138399  0.361677
 0.323341 -0.899559 -0.293674   2.36244
        0         0         0         1

-0.0379581 -0.322425  0.945834  0.493749
-0.945521 -0.294679 -0.138399  0.361677
 0.323341 -0.899559 -0.293674   2.36244
        0         0         0         1

-0.0091306 -0.325418  0.945526  0.509443
-0.954809 -0.278084 -0.104927  0.325805
 0.297081 -0.903755 -0.308173    2.3626
        0         0         0         1

-0.0091306 -0.325418  0.945526  0.509443
-0.954809 -0.278084 -0.104927  0.325805
 0.297081 -0.903755 -0.308173    2.3626
        0         0         0         1

-0.0045335 -0.338599   0.94092  0.538227
-0.955545 -0.275932 -0.103901  0.297997
 0.294811 -0.899562 -0.322295   2.34051
        0         0         0         1

-0.0045335 -0.338599   0.94092  0.538227
-0.955545 -0.275932 -0.103901  0.297997
 0.294811 -0.899562 -0.322295   2.34051
        0         0         0         1

0.00190046  -0.332368   0.943148   0.547944
 -0.957207  -0.273552 -0.0944716   0.274198
  0.289399  -0.902608  -0.318665    2.32871
         0          0          0          1

0.00190046  -0.332368   0.943148   0.547944
 -0.957207  -0.273552 -0.0944716   0.274198
  0.289399  -0.902608  -0.318665    2.32871
         0          0          0          1

0.00371356  -0.331767   0.943354   0.558565
 -0.963212  -0.254684 -0.0857779     0.2436
  0.268716  -0.908332  -0.320508    2.31966
         0          0          0          1

0.00371356  -0.331767   0.943354   0.558565
 -0.963212  -0.254684 -0.0857779     0.2436
  0.268716  -0.908332  -0.320508    2.31966
         0          0          0          1

 0.0249868  -0.330206   0.943578   0.572653
 -0.972941  -0.224907 -0.0529422   0.204498
  0.229699  -0.916723  -0.326891     2.2923
         0          0          0          1

 0.0249868  -0.330206   0.943578   0.572653
 -0.972941  -0.224907 -0.0529422   0.204498
  0.229699  -0.916723  -0.326891     2.2923
         0          0          0          1

 0.0560861  -0.338255   0.939382   0.594467
 -0.977736  -0.209154 -0.0169368   0.179854
  0.202205  -0.917517  -0.342455    2.27334
         0          0          0          1

 0.0560861  -0.338255   0.939382   0.594467
 -0.977736  -0.209154 -0.0169368   0.179854
  0.202205  -0.917517  -0.342455    2.27334
         0          0          0          1

0.0950395 -0.362013  0.927315  0.626033
-0.982452 -0.184286 0.0287474  0.144842
 0.160484 -0.913775 -0.373175   2.24562
        0         0         0         1

0.0950395 -0.362013  0.927315  0.626033
-0.982452 -0.184286 0.0287474  0.144842
 0.160484 -0.913775 -0.373175   2.24562
        0         0         0         1

    0.118 -0.374922  0.919516  0.638592
 -0.98413  -0.16774 0.0578982  0.119219
 0.132532 -0.911755 -0.388766   2.22884
        0         0         0         1

    0.118 -0.374922  0.919516  0.638592
 -0.98413  -0.16774 0.0578982  0.119219
 0.132532 -0.911755 -0.388766   2.22884
        0         0         0         1

  0.13348  -0.39302   0.90979  0.656373
-0.986481 -0.140752 0.0839283  0.084764
0.0950695 -0.908694 -0.406494   2.19841
        0         0         0         1

  0.13348  -0.39302   0.90979  0.656373
-0.986481 -0.140752 0.0839283  0.084764
0.0950695 -0.908694 -0.406494   2.19841
        0         0         0         1

 0.139038 -0.405248  0.903572  0.669366
-0.987239 -0.128257 0.0943894  0.066215
0.0776384 -0.905165 -0.417909   2.17579
        0         0         0         1

 0.139038 -0.405248  0.903572  0.669366
-0.987239 -0.128257 0.0943894  0.066215
0.0776384 -0.905165 -0.417909   2.17579
        0         0         0         1

 0.146611  -0.42274  0.894313   0.68561
-0.987577 -0.114222  0.107908 0.0478898
0.0565336 -0.899024 -0.434234   2.15278
        0         0         0         1

 0.146611  -0.42274  0.894313   0.68561
-0.987577 -0.114222  0.107908 0.0478898
0.0565336 -0.899024 -0.434234   2.15278
        0         0         0         1

  0.166484  -0.454428   0.875087   0.708433
 -0.985976 -0.0871797   0.142308  0.0154356
  0.011621  -0.886507  -0.462569    2.11989
         0          0          0          1

  0.166484  -0.454428   0.875087   0.708433
 -0.985976 -0.0871797   0.142308  0.0154356
  0.011621  -0.886507  -0.462569    2.11989
         0          0          0          1

   0.172747   -0.479039    0.860627    0.727436
  -0.984802  -0.0680532    0.159793 -0.00221969
 -0.0179786   -0.875151   -0.483515     2.09521
          0           0           0           1

   0.172747   -0.479039    0.860627    0.727436
  -0.984802  -0.0680532    0.159793 -0.00221969
 -0.0179786   -0.875151   -0.483515     2.09521
          0           0           0           1

  0.181573  -0.499395   0.847134   0.746676
 -0.981464 -0.0383099    0.18778 -0.0278659
-0.0613231  -0.865527  -0.497095    2.05366
         0          0          0          1

  0.181573  -0.499395   0.847134   0.746676
 -0.981464 -0.0383099    0.18778 -0.0278659
-0.0613231  -0.865527  -0.497095    2.05366
         0          0          0          1

  0.180025  -0.513408   0.839049   0.760156
 -0.979469 -0.0148889   0.201042 -0.0436401
-0.0907241  -0.858016  -0.505547    2.02695
         0          0          0          1

  0.180025  -0.513408   0.839049   0.760156
 -0.979469 -0.0148889   0.201042 -0.0436401
-0.0907241  -0.858016  -0.505547    2.02695
         0          0          0          1

  0.175646  -0.525338   0.832568   0.773085
 -0.978027 0.00335721   0.208451 -0.0592158
 -0.112302  -0.850887  -0.513205    2.00188
         0          0          0          1

  0.175646  -0.525338   0.832568   0.773085
 -0.978027 0.00335721   0.208451 -0.0592158
 -0.112302  -0.850887  -0.513205    2.00188
         0          0          0          1

  0.178446  -0.528034   0.830263   0.787015
 -0.973433  0.0283024   0.227217 -0.0828348
 -0.143477  -0.848751  -0.508955    1.96367
         0          0          0          1

  0.178446  -0.528034   0.830263   0.787015
 -0.973433  0.0283024   0.227217 -0.0828348
 -0.143477  -0.848751  -0.508955    1.96367
         0          0          0          1

  0.178716   -0.53176   0.827823    0.79948
 -0.969786  0.0467982   0.239426 -0.0966273
 -0.166058  -0.845601   -0.50733    1.93813
         0          0          0          1

  0.178716   -0.53176   0.827823    0.79948
 -0.969786  0.0467982   0.239426 -0.0966273
 -0.166058  -0.845601   -0.50733    1.93813
         0          0          0          1

 0.180947 -0.530427  0.828194  0.817745
-0.964063 0.0708986   0.25604 -0.113783
-0.194528  -0.84476 -0.498536   1.89808
        0         0         0         1

 0.180947 -0.530427  0.828194  0.817745
-0.964063 0.0708986   0.25604 -0.113783
-0.194528  -0.84476 -0.498536   1.89808
        0         0         0         1

 0.177614  -0.53556  0.825608  0.828536
-0.960512 0.0882401  0.263876 -0.125933
-0.214173 -0.839875 -0.498739   1.87409
        0         0         0         1

 0.177614  -0.53556  0.825608  0.828536
-0.960512 0.0882401  0.263876 -0.125933
-0.214173 -0.839875 -0.498739   1.87409
        0         0         0         1

  0.17714 -0.541116   0.82208  0.836983
-0.956849  0.100814  0.272538 -0.137577
-0.230351 -0.834883 -0.499908   1.85231
        0         0         0         1

  0.17714 -0.541116   0.82208  0.836983
-0.956849  0.100814  0.272538 -0.137577
-0.230351 -0.834883 -0.499908   1.85231
        0         0         0         1

 0.174846 -0.551177  0.815864  0.850211
-0.951998  0.116814  0.282937 -0.152631
-0.251253 -0.826171 -0.504295   1.82027
        0         0         0         1

 0.174846 -0.551177  0.815864  0.850211
-0.951998  0.116814  0.282937 -0.152631
-0.251253 -0.826171 -0.504295   1.82027
        0         0         0         1

 0.169513 -0.555563  0.814012  0.860341
 -0.94818  0.133292  0.288424 -0.161282
-0.268739 -0.820721 -0.504179   1.79983
        0         0         0         1

 0.169513 -0.555563  0.814012  0.860341
 -0.94818  0.133292  0.288424 -0.161282
-0.268739 -0.820721 -0.504179   1.79983
        0         0         0         1

 0.163633 -0.555475  0.815274  0.868491
-0.944368  0.150794  0.292285 -0.169614
-0.285296 -0.817746 -0.499897   1.78016
        0         0         0         1

 0.163633 -0.555475  0.815274  0.868491
-0.944368  0.150794  0.292285 -0.169614
-0.285296 -0.817746 -0.499897   1.78016
        0         0         0         1

 0.149033 -0.555479  0.818066  0.877105
-0.943305  0.168276  0.286111 -0.181173
 -0.29659 -0.814325 -0.498908   1.75479
        0         0         0         1

 0.149033 -0.555479  0.818066  0.877105
-0.943305  0.168276  0.286111 -0.181173
 -0.29659 -0.814325 -0.498908   1.75479
        0         0         0         1

 0.141568 -0.551982  0.821751  0.881009
 -0.94205  0.179916  0.283146 -0.189422
-0.304138 -0.814215 -0.494524   1.74064
        0         0         0         1

 0.141568 -0.551982  0.821751  0.881009
 -0.94205  0.179916  0.283146 -0.189422
-0.304138 -0.814215 -0.494524   1.74064
        0         0         0         1

 0.131365 -0.538542  0.832296  0.889452
-0.938505  0.202858  0.279388 -0.199537
  -0.3193 -0.817815 -0.478775   1.71833
        0         0         0         1

 0.131365 -0.538542  0.832296  0.889452
-0.938505  0.202858  0.279388 -0.199537
  -0.3193 -0.817815 -0.478775   1.71833
        0         0         0         1

 0.134201 -0.523134  0.841618  0.895585
-0.934372  0.216078  0.283301 -0.205921
 -0.33006 -0.824404 -0.459804   1.70407
        0         0         0         1

 0.134201 -0.523134  0.841618  0.895585
-0.934372  0.216078  0.283301 -0.205921
 -0.33006 -0.824404 -0.459804   1.70407
        0         0         0         1

 0.134893 -0.511428  0.848673  0.902032
-0.931814  0.225774  0.284164 -0.212182
-0.336938 -0.829137   -0.4461   1.69213
        0         0         0         1

 0.134893 -0.511428  0.848673  0.902032
-0.931814  0.225774  0.284164 -0.212182
-0.336938 -0.829137   -0.4461   1.69213
        0         0         0         1

 0.125087 -0.501614     0.856  0.906841
-0.932733  0.234625   0.27379 -0.222201
-0.338176 -0.832667 -0.438523   1.67957
        0         0         0         1

 0.125087 -0.501614     0.856  0.906841
-0.932733  0.234625   0.27379 -0.222201
-0.338176 -0.832667 -0.438523   1.67957
        0         0         0         1

 0.113805 -0.497344  0.860056  0.907448
-0.934689  0.239832  0.262368 -0.228909
-0.336756 -0.833744 -0.437568   1.67299
        0         0         0         1

 0.113805 -0.497344  0.860056  0.907448
-0.934689  0.239832  0.262368 -0.228909
-0.336756 -0.833744 -0.437568   1.67299
        0         0         0         1

 0.097381 -0.495152  0.863332    0.9079
-0.938026  0.244231  0.245882 -0.238713
-0.332601 -0.833772 -0.440682   1.66441
        0         0         0         1

 0.097381 -0.495152  0.863332    0.9079
-0.938026  0.244231  0.245882 -0.238713
-0.332601 -0.833772 -0.440682   1.66441
        0         0         0         1

0.0901301 -0.495734  0.863785  0.908548
-0.939639  0.245129  0.238727 -0.245215
-0.330084 -0.833162 -0.443718   1.65997
        0         0         0         1

0.0901301 -0.495734  0.863785  0.908548
-0.939639  0.245129  0.238727 -0.245215
-0.330084 -0.833162 -0.443718   1.65997
        0         0         0         1

0.0847653 -0.495114  0.864683  0.910269
-0.940815  0.246028  0.233103  -0.25119
-0.328149 -0.833266 -0.444956   1.65563
        0         0         0         1

0.0847653 -0.495114  0.864683  0.910269
-0.940815  0.246028  0.233103  -0.25119
-0.328149 -0.833266 -0.444956   1.65563
        0         0         0         1

0.0802618 -0.490312  0.867843   0.91157
-0.941226  0.249308  0.227902 -0.259269
-0.328104 -0.835128 -0.441485   1.64864
        0         0         0         1

0.0802618 -0.490312  0.867843   0.91157
-0.941226  0.249308  0.227902 -0.259269
-0.328104 -0.835128 -0.441485   1.64864
        0         0         0         1

 0.076972 -0.484492  0.871403   0.91214
-0.941987  0.251051  0.222789 -0.264692
-0.326705 -0.837998 -0.437061   1.64482
        0         0         0         1

 0.076972 -0.484492  0.871403   0.91214
-0.941987  0.251051  0.222789 -0.264692
-0.326705 -0.837998 -0.437061   1.64482
        0         0         0         1

0.0736883 -0.469096  0.880067  0.913188
-0.944148  0.251387  0.213049 -0.272746
-0.321178 -0.846613 -0.424372   1.64009
        0         0         0         1

0.0736883 -0.469096  0.880067  0.913188
-0.944148  0.251387  0.213049 -0.272746
-0.321178 -0.846613 -0.424372   1.64009
        0         0         0         1

0.0723498 -0.459047  0.885461  0.913581
-0.944705  0.253155  0.208433 -0.277992
 -0.31984  -0.85158 -0.415348     1.637
        0         0         0         1

0.0723498 -0.459047  0.885461  0.913581
-0.944705  0.253155  0.208433 -0.277992
 -0.31984  -0.85158 -0.415348     1.637
        0         0         0         1

0.0687817 -0.450421  0.890163  0.913816
-0.945801   0.25442  0.201817 -0.282982
-0.317378 -0.855798  -0.40851    1.6342
        0         0         0         1

0.0687817 -0.450421  0.890163  0.913816
-0.945801   0.25442  0.201817 -0.282982
-0.317378 -0.855798  -0.40851    1.6342
        0         0         0         1

0.0605404 -0.441351   0.89529  0.912436
-0.948548  0.253834  0.189274 -0.290758
-0.310792 -0.860684 -0.403275   1.63134
        0         0         0         1

0.0605404 -0.441351   0.89529  0.912436
-0.948548  0.253834  0.189274 -0.290758
-0.310792 -0.860684 -0.403275   1.63134
        0         0         0         1

 0.051749 -0.438284  0.897346  0.911179
-0.950604  0.253762  0.178763 -0.295612
-0.306061 -0.862271 -0.403503   1.63013
        0         0         0         1

 0.051749 -0.438284  0.897346  0.911179
-0.950604  0.253762  0.178763 -0.295612
-0.306061 -0.862271 -0.403503   1.63013
        0         0         0         1

0.0472328 -0.431401  0.900923  0.910875
-0.952176  0.253131   0.17113 -0.301624
-0.301877  -0.86592 -0.398813   1.62671
        0         0         0         1

0.0472328 -0.431401  0.900923  0.910875
-0.952176  0.253131   0.17113 -0.301624
-0.301877  -0.86592 -0.398813   1.62671
        0         0         0         1

0.0432782 -0.429813   0.90188  0.910782
 -0.95216  0.255605  0.167506 -0.305089
-0.302521 -0.865983 -0.398188   1.62401
        0         0         0         1

0.0432782 -0.429813   0.90188  0.910782
 -0.95216  0.255605  0.167506 -0.305089
-0.302521 -0.865983 -0.398188   1.62401
        0         0         0         1

0.0357725 -0.428556  0.902807  0.909987
-0.952807  0.257884  0.160169 -0.308273
 -0.30146 -0.865931 -0.399106    1.6216
        0         0         0         1

0.0357725 -0.428556  0.902807  0.909987
-0.952807  0.257884  0.160169 -0.308273
 -0.30146 -0.865931 -0.399106    1.6216
        0         0         0         1

 0.027046 -0.422741  0.905847   0.90826
-0.953786  0.260376   0.14999 -0.312708
-0.299268 -0.868041 -0.396162   1.61848
        0         0         0         1

 0.027046 -0.422741  0.905847   0.90826
-0.953786  0.260376   0.14999 -0.312708
-0.299268 -0.868041 -0.396162   1.61848
        0         0         0         1

0.0262282 -0.419244  0.907495  0.908799
-0.953786   0.26134    0.1483 -0.314896
-0.299339 -0.869446 -0.393014   1.61575
        0         0         0         1

0.0262282 -0.419244  0.907495  0.908799
-0.953786   0.26134    0.1483 -0.314896
-0.299339 -0.869446 -0.393014   1.61575
        0         0         0         1

0.0283185 -0.417704  0.908142  0.909981
-0.953459  0.261547  0.150032 -0.317763
-0.300191 -0.870124 -0.390857   1.61166
        0         0         0         1

0.0283185 -0.417704  0.908142  0.909981
-0.953459  0.261547  0.150032 -0.317763
-0.300191 -0.870124 -0.390857   1.61166
        0         0         0         1

0.0267697 -0.419314  0.907446  0.910107
-0.953584  0.261658  0.149038 -0.319538
-0.299935 -0.869316 -0.392847   1.61016
        0         0         0         1

0.0267697 -0.419314  0.907446  0.910107
-0.953584  0.261658  0.149038 -0.319538
-0.299935 -0.869316 -0.392847   1.61016
        0         0         0         1

0.0224243 -0.423005   0.90585  0.909365
-0.953903  0.262183  0.146045 -0.321267
-0.299276 -0.867368 -0.397626   1.60928
        0         0         0         1

0.0224243 -0.423005   0.90585  0.909365
-0.953903  0.262183  0.146045 -0.321267
-0.299276 -0.867368 -0.397626   1.60928
        0         0         0         1

0.0212528 -0.423991  0.905417   0.90915
-0.954025  0.262218  0.145186 -0.321835
-0.298974 -0.866876 -0.398925    1.6092
        0         0         0         1

0.0188169 -0.427732   0.90371  0.908524
   -0.955   0.25991  0.142902 -0.323508
-0.296008 -0.865732 -0.403594   1.60838
        0         0         0         1

0.0202172 -0.431747  0.901768  0.908621
-0.955071   0.25841  0.145133 -0.324931
-0.295687 -0.864187 -0.407125    1.6079
        0         0         0         1

0.0202172 -0.431747  0.901768  0.908621
-0.955071   0.25841  0.145133 -0.324931
-0.295687 -0.864187 -0.407125    1.6079
        0         0         0         1

0.0255881  -0.44078  0.897251  0.909845
-0.954704  0.255393   0.15269 -0.326422
-0.296454 -0.860516 -0.414279   1.60677
        0         0         0         1

0.0255881  -0.44078  0.897251  0.909845
-0.954704  0.255393   0.15269 -0.326422
-0.296454 -0.860516 -0.414279   1.60677
        0         0         0         1

0.0264767 -0.452331  0.891457  0.909964
-0.954439  0.253714  0.157083 -0.327125
-0.297228 -0.855001 -0.425005    1.6067
        0         0         0         1

0.0264767 -0.452331  0.891457  0.909964
-0.954439  0.253714  0.157083 -0.327125
-0.297228 -0.855001 -0.425005    1.6067
        0         0         0         1

0.0268923 -0.461827  0.886562  0.909657
-0.954633  0.251251  0.159838 -0.327361
-0.296567  -0.85064 -0.434119   1.60674
        0         0         0         1

0.0268923 -0.461827  0.886562  0.909657
-0.954633  0.251251  0.159838 -0.327361
-0.296567  -0.85064 -0.434119   1.60674
        0         0         0         1

0.0305146 -0.469398  0.882459   0.90883
-0.954523  0.248272  0.165067 -0.326587
-0.296572 -0.847365 -0.440475   1.60646
        0         0         0         1

0.0305146 -0.469398  0.882459   0.90883
-0.954523  0.248272  0.165067 -0.326587
-0.296572 -0.847365 -0.440475   1.60646
        0         0         0         1

0.0344129 -0.471397   0.88125  0.907958
-0.954608   0.24554  0.168621 -0.325083
 -0.29587 -0.847051  -0.44155   1.60632
        0         0         0         1

0.0344129 -0.471397   0.88125  0.907958
-0.954608   0.24554  0.168621 -0.325083
 -0.29587 -0.847051  -0.44155   1.60632
        0         0         0         1

0.0340353 -0.482543  0.875211  0.904515
-0.955272  0.241696  0.170407 -0.320854
-0.293764 -0.841864 -0.452733   1.60798
        0         0         0         1

0.0340353 -0.482543  0.875211  0.904515
-0.955272  0.241696  0.170407 -0.320854
-0.293764 -0.841864 -0.452733   1.60798
        0         0         0         1

 0.039794 -0.487694  0.872107  0.901933
-0.955767  0.235973  0.175571 -0.317477
-0.291419 -0.840519 -0.456731   1.60994
        0         0         0         1

 0.039794 -0.487694  0.872107  0.901933
-0.955767  0.235973  0.175571 -0.317477
-0.291419 -0.840519 -0.456731   1.60994
        0         0         0         1

0.0425188 -0.489151  0.871162  0.901277
-0.956021  0.233349  0.177684  -0.31632
-0.290199 -0.840405 -0.457717   1.61073
        0         0         0         1

0.0474993 -0.492662  0.868924  0.900023
-0.956648   0.22781  0.181458 -0.313786
-0.287347 -0.839873 -0.460483   1.61306
        0         0         0         1

0.0515064 -0.493969  0.867953  0.899346
 -0.95675  0.224761  0.184692  -0.31258
-0.286314 -0.839927 -0.461028   1.61443
        0         0         0         1

0.0637844 -0.496431  0.865729   0.89663
-0.958348  0.211525  0.191902 -0.307128
 -0.27839  -0.84191 -0.462262   1.62004
        0         0         0         1

0.0753191 -0.495065  0.865585   0.89241
-0.960071   0.19854  0.197094 -0.301906
-0.269428 -0.845868 -0.460343    1.6263
        0         0         0         1

0.0753191 -0.495065  0.865585   0.89241
-0.960071   0.19854  0.197094 -0.301906
-0.269428 -0.845868 -0.460343    1.6263
        0         0         0         1

 0.091799 -0.493895  0.864662   0.88488
-0.963033   0.17681  0.203237 -0.292492
-0.253259 -0.851355 -0.459406   1.63777
        0         0         0         1

 0.091799 -0.493895  0.864662   0.88488
-0.963033   0.17681  0.203237 -0.292492
-0.253259 -0.851355 -0.459406   1.63777
        0         0         0         1

 0.106978 -0.493446  0.863173  0.879375
-0.964037  0.160951  0.211489 -0.285343
-0.243287 -0.854755 -0.458482   1.64608
        0         0         0         1

 0.106978 -0.493446  0.863173  0.879375
-0.964037  0.160951  0.211489 -0.285343
-0.243287 -0.854755 -0.458482   1.64608
        0         0         0         1

 0.123007 -0.493658  0.860913  0.874121
 -0.96496  0.143111  0.219936  -0.27652
-0.231779   -0.8578 -0.458757   1.65479
        0         0         0         1

 0.123007 -0.493658  0.860913  0.874121
 -0.96496  0.143111  0.219936  -0.27652
-0.231779   -0.8578 -0.458757   1.65479
        0         0         0         1

 0.148102 -0.497943   0.85447  0.865138
-0.965246  0.115337  0.234515 -0.261216
-0.215327 -0.859506 -0.463556   1.66891
        0         0         0         1

 0.148102 -0.497943   0.85447  0.865138
-0.965246  0.115337  0.234515 -0.261216
-0.215327 -0.859506 -0.463556   1.66891
        0         0         0         1

 0.163473 -0.503095  0.848629  0.859591
-0.964682 0.0985861  0.244274  -0.24971
-0.206556 -0.858589 -0.469211    1.6792
        0         0         0         1

 0.163473 -0.503095  0.848629  0.859591
-0.964682 0.0985861  0.244274  -0.24971
-0.206556 -0.858589 -0.469211    1.6792
        0         0         0         1

 0.186386 -0.508154  0.840857  0.850063
-0.963756 0.0717148  0.256967 -0.229982
-0.190881 -0.858276 -0.476369   1.69475
        0         0         0         1

 0.186386 -0.508154  0.840857  0.850063
-0.963756 0.0717148  0.256967 -0.229982
-0.190881 -0.858276 -0.476369   1.69475
        0         0         0         1

 0.199956 -0.510343  0.836401  0.841918
-0.962927 0.0554077  0.264012 -0.215685
 -0.18108 -0.858184 -0.480344   1.70582
        0         0         0         1

 0.199956 -0.510343  0.836401  0.841918
-0.962927 0.0554077  0.264012 -0.215685
 -0.18108 -0.858184 -0.480344   1.70582
        0         0         0         1

 0.211017 -0.513462  0.831762   0.83331
 -0.96228  0.040369   0.26905 -0.200427
-0.171724 -0.857162 -0.485575   1.71726
        0         0         0         1

 0.211017 -0.513462  0.831762   0.83331
 -0.96228  0.040369   0.26905 -0.200427
-0.171724 -0.857162 -0.485575   1.71726
        0         0         0         1

 0.226356  -0.51839  0.824642  0.818988
-0.960595  0.021402  0.277128 -0.176252
-0.161309 -0.854876 -0.493119   1.73387
        0         0         0         1

 0.226356  -0.51839  0.824642  0.818988
-0.960595  0.021402  0.277128 -0.176252
-0.161309 -0.854876 -0.493119   1.73387
        0         0         0         1

  0.235839  -0.522108   0.819624   0.807955
 -0.959447 0.00891004   0.281748  -0.159071
 -0.154406  -0.852833  -0.498833    1.74385
         0          0          0          1

  0.235839  -0.522108   0.819624   0.807955
 -0.959447 0.00891004   0.281748  -0.159071
 -0.154406  -0.852833  -0.498833    1.74385
         0          0          0          1

   0.245444   -0.526752    0.813812    0.788526
   -0.95784 -0.00245907    0.287291   -0.132485
   -0.14933   -0.850016   -0.505147     1.75877
          0           0           0           1

   0.245444   -0.526752    0.813812    0.788526
   -0.95784 -0.00245907    0.287291   -0.132485
   -0.14933   -0.850016   -0.505147     1.75877
          0           0           0           1

   0.245441   -0.531168    0.810937    0.774458
  -0.958369 -0.00704811    0.285447   -0.113935
  -0.145905   -0.847237   -0.510785      1.7683
          0           0           0           1

   0.245441   -0.531168    0.810937    0.774458
  -0.958369 -0.00704811    0.285447   -0.113935
  -0.145905   -0.847237   -0.510785      1.7683
          0           0           0           1

   0.243233   -0.533156    0.810298    0.757997
  -0.959367 -0.00906637    0.282015  -0.0946554
  -0.143012   -0.845968   -0.513698     1.77704
          0           0           0           1

   0.243233   -0.533156    0.810298    0.757997
  -0.959367 -0.00906637    0.282015  -0.0946554
  -0.143012   -0.845968   -0.513698     1.77704
          0           0           0           1

   0.234067   -0.536036    0.811097    0.730481
  -0.962178 -0.00812032    0.272299  -0.0641659
  -0.139376   -0.844156   -0.517663     1.78851
          0           0           0           1

   0.234067   -0.536036    0.811097    0.730481
  -0.962178 -0.00812032    0.272299  -0.0641659
  -0.139376   -0.844156   -0.517663     1.78851
          0           0           0           1

   0.225191    -0.53774    0.812481    0.710474
  -0.964368 -0.00416639    0.264531  -0.0427532
  -0.138864   -0.843101   -0.519517     1.79499
          0           0           0           1

   0.225191    -0.53774    0.812481    0.710474
  -0.964368 -0.00416639    0.264531  -0.0427532
  -0.138864   -0.843101   -0.519517     1.79499
          0           0           0           1

  0.207098  -0.543403   0.813525   0.679441
 -0.967596 0.00901916   0.252344 -0.0110672
 -0.144462  -0.839423  -0.523927    1.80463
         0          0          0          1

  0.207098  -0.543403   0.813525   0.679441
 -0.967596 0.00901916   0.252344 -0.0110672
 -0.144462  -0.839423  -0.523927    1.80463
         0          0          0          1

  0.18792 -0.545494  0.816776  0.657707
-0.971146 0.0211296  0.237549  0.012704
-0.146839 -0.837848 -0.525783   1.80769
        0         0         0         1

  0.18792 -0.545494  0.816776  0.657707
-0.971146 0.0211296  0.237549  0.012704
-0.146839 -0.837848 -0.525783   1.80769
        0         0         0         1

 0.169098 -0.547732  0.819387  0.634268
 -0.97396 0.0345258  0.224077 0.0362733
-0.151024 -0.835941 -0.527631   1.80957
        0         0         0         1

 0.169098 -0.547732  0.819387  0.634268
 -0.97396 0.0345258  0.224077 0.0362733
-0.151024 -0.835941 -0.527631   1.80957
        0         0         0         1

  0.13848  -0.54966  0.823831  0.596834
-0.976475 0.0630505  0.206205 0.0705195
-0.165286 -0.833006 -0.527998   1.81273
        0         0         0         1

  0.13848  -0.54966  0.823831  0.596834
-0.976475 0.0630505  0.206205 0.0705195
-0.165286 -0.833006 -0.527998   1.81273
        0         0         0         1

 0.130449 -0.550119  0.824835  0.589028
-0.977327  0.068599  0.200317 0.0787255
-0.166781 -0.832264 -0.528697   1.81149
        0         0         0         1

 0.117285 -0.550455  0.826585  0.571926
-0.978001 0.0805599  0.192417 0.0955171
-0.172507 -0.830969 -0.528897   1.80924
        0         0         0         1

0.0800074 -0.552282  0.829809  0.536281
-0.979578   0.11049  0.167984  0.132598
 -0.18446 -0.826303 -0.532164   1.80239
        0         0         0         1

0.0800074 -0.552282  0.829809  0.536281
-0.979578   0.11049  0.167984  0.132598
 -0.18446 -0.826303 -0.532164   1.80239
        0         0         0         1

0.0580177 -0.554621  0.830078  0.511444
-0.979047  0.130963  0.155933  0.155335
-0.195193 -0.821733 -0.535402   1.79719
        0         0         0         1

0.0580177 -0.554621  0.830078  0.511444
-0.979047  0.130963  0.155933  0.155335
-0.195193 -0.821733 -0.535402   1.79719
        0         0         0         1

0.0311476 -0.559725  0.828093  0.490232
  -0.9776  0.155478  0.141862  0.180073
-0.208154 -0.813962 -0.542344   1.79164
        0         0         0         1

0.0311476 -0.559725  0.828093  0.490232
  -0.9776  0.155478  0.141862  0.180073
-0.208154 -0.813962 -0.542344   1.79164
        0         0         0         1

-0.00551633 -0.566292  0.824186  0.458404
 -0.97481  0.186819  0.121838  0.214575
 -0.22297 -0.802753 -0.553058   1.78045
        0         0         0         1

-0.00551633 -0.566292  0.824186  0.458404
 -0.97481  0.186819  0.121838  0.214575
 -0.22297 -0.802753 -0.553058   1.78045
        0         0         0         1

-0.0317289 -0.571974  0.819658  0.436246
-0.972327  0.207573   0.10721  0.237547
 -0.23146 -0.793574 -0.562732   1.77027
        0         0         0         1

-0.0317289 -0.571974  0.819658  0.436246
-0.972327  0.207573   0.10721  0.237547
 -0.23146 -0.793574 -0.562732   1.77027
        0         0         0         1

-0.0515527 -0.575403  0.816244   0.41531
 -0.96746  0.231512  0.102099   0.25671
-0.247718  -0.78442 -0.568614   1.76475
        0         0         0         1

-0.0515527 -0.575403  0.816244   0.41531
 -0.96746  0.231512  0.102099   0.25671
-0.247718  -0.78442 -0.568614   1.76475
        0         0         0         1

-0.0862423  -0.58067  0.809558  0.388815
-0.962022  0.259777 0.0838457  0.289313
-0.258992 -0.771581 -0.581021   1.75097
        0         0         0         1

-0.0862423  -0.58067  0.809558  0.388815
-0.962022  0.259777 0.0838457  0.289313
-0.258992 -0.771581 -0.581021   1.75097
        0         0         0         1

 -0.11088 -0.583905  0.804214  0.376134
-0.956671  0.281924 0.0727926  0.310056
-0.269231 -0.761297 -0.589865   1.74399
        0         0         0         1

 -0.11088 -0.583905  0.804214  0.376134
-0.956671  0.281924 0.0727926  0.310056
-0.269231 -0.761297 -0.589865   1.74399
        0         0         0         1

-0.135199 -0.593346  0.793512  0.354745
-0.947049  0.312791 0.0725296   0.33562
-0.291239 -0.741689 -0.604216   1.73804
        0         0         0         1

-0.135199 -0.593346  0.793512  0.354745
-0.947049  0.312791 0.0725296   0.33562
-0.291239 -0.741689 -0.604216   1.73804
        0         0         0         1

-0.149122 -0.602951  0.783717  0.339981
 -0.94149  0.328849 0.0738569  0.352086
-0.302257 -0.726848 -0.616711    1.7314
        0         0         0         1

-0.149122 -0.602951  0.783717  0.339981
 -0.94149  0.328849 0.0738569  0.352086
-0.302257 -0.726848 -0.616711    1.7314
        0         0         0         1

-0.168228 -0.606071  0.777417  0.330041
-0.937515  0.342047 0.0637862  0.370991
-0.304572  -0.71811 -0.625743   1.71805
        0         0         0         1

-0.168228 -0.606071  0.777417  0.330041
-0.937515  0.342047 0.0637862  0.370991
-0.304572  -0.71811 -0.625743   1.71805
        0         0         0         1

-0.193882 -0.600868  0.775479   0.31653
-0.929958  0.364284 0.0497555  0.395227
-0.312391 -0.711516  -0.62941    1.7047
        0         0         0         1

-0.193882 -0.600868  0.775479   0.31653
-0.929958  0.364284 0.0497555  0.395227
-0.312391 -0.711516  -0.62941    1.7047
        0         0         0         1

-0.198564 -0.599496  0.775356  0.300932
-0.923861   0.37859 0.0561252  0.402395
-0.327189 -0.705177 -0.629025   1.70339
        0         0         0         1

-0.198564 -0.599496  0.775356  0.300932
-0.923861   0.37859 0.0561252  0.402395
-0.327189 -0.705177 -0.629025   1.70339
        0         0         0         1

-0.224921 -0.587351  0.777451  0.290806
-0.916057  0.399366 0.0366928  0.423418
-0.332039 -0.703936 -0.627873   1.69623
        0         0         0         1

-0.224921 -0.587351  0.777451  0.290806
-0.916057  0.399366 0.0366928  0.423418
-0.332039 -0.703936 -0.627873   1.69623
        0         0         0         1

-0.228234  -0.58048  0.781634  0.276805
-0.913626  0.405123 0.0340888  0.432978
-0.336446 -0.706341 -0.622805   1.68857
        0         0         0         1

-0.228234  -0.58048  0.781634  0.276805
-0.913626  0.405123 0.0340888  0.432978
-0.336446 -0.706341 -0.622805   1.68857
        0         0         0         1

-0.238605 -0.571968  0.784806  0.271071
-0.910004  0.413849 0.0249457  0.444352
 -0.33906 -0.708224 -0.619239   1.68204
        0         0         0         1

-0.238605 -0.571968  0.784806  0.271071
-0.910004  0.413849 0.0249457  0.444352
 -0.33906 -0.708224 -0.619239   1.68204
        0         0         0         1

-0.256053  -0.56107  0.787171  0.266045
-0.903186  0.429079  0.012043  0.459523
-0.344516 -0.707878 -0.616618   1.67335
        0         0         0         1

-0.256053  -0.56107  0.787171  0.266045
-0.903186  0.429079  0.012043  0.459523
-0.344516 -0.707878 -0.616618   1.67335
        0         0         0         1

-0.259068 -0.555339  0.790242  0.260016
-0.898513  0.438732 0.0137547  0.464755
-0.354343 -0.706479 -0.612641   1.67077
        0         0         0         1

-0.259068 -0.555339  0.790242  0.260016
-0.898513  0.438732 0.0137547  0.464755
-0.354343 -0.706479 -0.612641   1.67077
        0         0         0         1

 -0.266352  -0.545311    0.79479   0.249763
  -0.89537   0.445289 0.00545675   0.472255
 -0.356887  -0.710178  -0.606859    1.66405
         0          0          0          1

 -0.266352  -0.545311    0.79479   0.249763
  -0.89537   0.445289 0.00545675   0.472255
 -0.356887  -0.710178  -0.606859    1.66405
         0          0          0          1

  -0.271873   -0.537437    0.798277    0.244653
  -0.892033     0.45197 0.000483534    0.480348
  -0.361057   -0.711958    -0.60229     1.66088
          0           0           0           1

  -0.271873   -0.537437    0.798277    0.244653
  -0.892033     0.45197 0.000483534    0.480348
  -0.361057   -0.711958    -0.60229     1.66088
          0           0           0           1

  -0.273627   -0.535444    0.799017    0.244183
  -0.893067    0.449902 -0.00434262    0.482486
  -0.357154   -0.714764   -0.601293     1.65716
          0           0           0           1

  -0.280942   -0.535189    0.796646    0.243898
  -0.890489    0.454927 -0.00841468    0.486636
  -0.357912   -0.711768   -0.604388     1.65688
          0           0           0           1

    -0.2868   -0.530743    0.797532    0.240138
   -0.88485    0.465803 -0.00821707    0.491443
  -0.367132   -0.708053    -0.60322     1.65453
          0           0           0           1

    -0.2868   -0.530743    0.797532    0.240138
   -0.88485    0.465803 -0.00821707    0.491443
  -0.367132   -0.708053    -0.60322     1.65453
          0           0           0           1

 -0.295735  -0.515997    0.80392   0.238552
 -0.879423   0.475693 -0.0181855   0.498935
 -0.373036  -0.712364  -0.594459    1.64911
         0          0          0          1

 -0.295735  -0.515997    0.80392   0.238552
 -0.879423   0.475693 -0.0181855   0.498935
 -0.373036  -0.712364  -0.594459    1.64911
         0          0          0          1

 -0.296402  -0.511016   0.806851   0.237109
 -0.878703   0.476918 -0.0207437    0.50042
 -0.374201  -0.715131  -0.590391    1.64616
         0          0          0          1

 -0.291687  -0.498272   0.816482   0.227896
 -0.879721   0.474859 -0.0244882   0.503163
 -0.375512   -0.72542  -0.576851     1.6345
         0          0          0          1

 -0.302474  -0.486027   0.819931   0.231532
 -0.874041   0.484575 -0.0351956    0.51027
 -0.380213  -0.727299  -0.571379    1.63143
         0          0          0          1

 -0.302474  -0.486027   0.819931   0.231532
 -0.874041   0.484575 -0.0351956    0.51027
 -0.380213  -0.727299  -0.571379    1.63143
         0          0          0          1

 -0.300567  -0.483114   0.822351   0.229857
 -0.874383   0.483952 -0.0352728   0.510624
 -0.380937  -0.729652  -0.567887    1.62762
         0          0          0          1

 -0.309627   -0.47573   0.823294   0.232147
 -0.869682   0.491743 -0.0429252   0.515851
 -0.384428  -0.729294   -0.56599    1.62781
         0          0          0          1

 -0.314804  -0.465612   0.827106   0.231605
 -0.865605   0.498331 -0.0489264   0.520138
 -0.389392  -0.731349  -0.559913    1.62253
         0          0          0          1

