 -0.78604  -0.59826 -0.155646  0.387818
 -0.61804  0.755282   0.21812  0.838196
-0.0129358  0.267647  -0.96343   2.47285
        0         0         0         1

-0.766954 -0.627367 -0.134879  0.371386
-0.640092  0.733059  0.230013  0.792345
-0.045428  0.262744 -0.963795   2.46707
        0         0         0         1

-0.748109 -0.653026 -0.117861  0.350315
-0.660676  0.716405  0.224212  0.759422
-0.0619799  0.245603 -0.967387   2.44424
        0         0         0         1

 -0.728848  -0.679552 -0.0836018   0.337878
 -0.677895   0.699089   0.227448   0.697297
-0.0961175   0.222448  -0.970195    2.41096
         0          0          0          1

 -0.705609  -0.705955 -0.0611817    0.31687
 -0.696823   0.675612   0.240803   0.656247
 -0.128661   0.212545  -0.968644    2.39918
         0          0          0          1

 -0.687427   -0.72487 -0.0448033   0.301872
 -0.710993    0.65912   0.245053   0.621385
 -0.148101   0.200311  -0.968474    2.38221
         0          0          0          1

  -0.67546  -0.737169 -0.0183054   0.293791
 -0.718043    0.65188   0.243856   0.596235
  -0.16783   0.177859  -0.969639    2.35743
         0          0          0          1

  -0.652913   -0.757432 -0.00142261    0.281459
  -0.731395    0.629978    0.261132    0.555893
  -0.196894    0.171537   -0.965302     2.34737
          0           0           0           1

-0.647967  -0.76144 0.0186614   0.28235
-0.732962  0.630021  0.256593  0.535614
-0.207137  0.152586 -0.966339   2.32174
        0         0         0         1

-0.621977 -0.781098  0.055053  0.268876
-0.745538  0.612222  0.263359  0.485356
-0.239414  0.122759 -0.963126   2.28016
        0         0         0         1

-0.612632 -0.787104 0.0717599  0.265358
 -0.74747  0.606493  0.271026  0.460089
-0.256848  0.112401 -0.959893   2.26427
        0         0         0         1

-0.595591 -0.797488 0.0963497  0.258549
-0.753721  0.596287  0.276308  0.433642
-0.277805 0.0919459 -0.956227   2.24097
        0         0         0         1

-0.581079 -0.805467  0.116488  0.251607
-0.758416  0.587846  0.281499  0.409128
-0.295215 0.0752263 -0.952465   2.21842
        0         0         0         1

-0.556348 -0.815582  0.159069  0.245823
-0.762119  0.577113  0.293453  0.361727
-0.331136 0.0420319 -0.942647   2.17452
        0         0         0         1

-0.554874  -0.81304  0.176299  0.249622
-0.757119  0.581334  0.298028  0.344748
-0.344797 0.0318882 -0.938135     2.159
        0         0         0         1

-0.542747 -0.817068  0.194489  0.248485
-0.761391  0.576396  0.296735   0.32529
-0.354555 0.0129702 -0.934945   2.13102
        0         0         0         1

 -0.530337  -0.821844   0.208124   0.245417
 -0.762525   0.569699   0.306591    0.30064
 -0.370538 0.00389661  -0.928809    2.11478
         0          0          0          1

 -0.522348  -0.821306   0.229367   0.244758
 -0.759194   0.570393    0.31349   0.280005
   -0.3883 -0.0103834  -0.921474    2.09365
         0          0          0          1

 -0.508878  -0.823964   0.249252   0.242031
 -0.759873   0.566012   0.319724   0.262293
  -0.40452 -0.0266991  -0.914139    2.07113
         0          0          0          1

 -0.502454  -0.814639   0.289661    0.25204
 -0.752809   0.576974   0.316828   0.234495
 -0.425227 -0.0588678   -0.90317    2.02743
         0          0          0          1

 -0.488465  -0.815444   0.310568   0.248619
 -0.752075   0.573918   0.324039   0.213494
 -0.442476 -0.0752884  -0.893614     2.0084
         0          0          0          1

-0.484563 -0.810772  0.328401  0.250002
-0.747662   0.57875  0.325654  0.196266
-0.454093 -0.087733 -0.886624   1.99138
        0         0         0         1

-0.476588 -0.806897  0.348973  0.249831
-0.745384  0.581351  0.326242    0.1808
-0.466119 -0.104636 -0.878512   1.97172
        0         0         0         1

-0.467056 -0.797621  0.381653   0.24889
-0.740686  0.588663  0.323822  0.150019
-0.482952 -0.131441 -0.865725    1.9345
        0         0         0         1

 -0.46985 -0.790704  0.392463  0.252082
-0.735536  0.596499   0.32121  0.138486
-0.488086  -0.13775 -0.861856   1.91984
        0         0         0         1

-0.469866 -0.784592  0.404526  0.254083
-0.729285  0.603226  0.322898  0.124911
-0.497363 -0.143296 -0.855626   1.90421
        0         0         0         1

-0.463761 -0.782384  0.415693  0.253409
-0.727545  0.604064  0.325247  0.110821
-0.505573 -0.151599 -0.849361   1.88766
        0         0         0         1

-0.462783 -0.776417  0.427795  0.256079
-0.723007  0.609816   0.32463 0.0999888
-0.512925 -0.159066 -0.843568   1.86988
        0         0         0         1

-0.461108 -0.771634  0.438133  0.258456
-0.718475  0.614434  0.325982  0.089508
-0.520743 -0.164474  -0.83772   1.85488
        0         0         0         1

-0.455202 -0.765662  0.454481   0.26219
-0.710718  0.619921  0.332531 0.0670756
-0.536349 -0.171639 -0.826359   1.82449
        0         0         0         1

-0.451433 -0.762832   0.46292  0.263989
-0.705767  0.622691  0.337859  0.057205
-0.545986 -0.174193 -0.819486   1.81123
        0         0         0         1

-0.446565 -0.761241  0.470205  0.264357
-0.702121  0.623882  0.343216  0.045185
-0.554622 -0.176873 -0.813087   1.79788
        0         0         0         1

-0.443002  -0.75717  0.480044   0.26539
-0.699858   0.62672  0.342668 0.0366803
-0.560311  -0.18416  -0.80755   1.78273
        0         0         0         1

-0.440296 -0.747102  0.497974   0.26994
-0.689786  0.636505  0.345046 0.0186217
-0.574748 -0.191573 -0.795591   1.75919
        0         0         0         1

 -0.436583  -0.742899   0.507441   0.270658
 -0.686035   0.639798   0.346432 0.00971424
 -0.582024  -0.196875  -0.788979    1.74779
         0          0          0          1

 -0.438257  -0.732989   0.520249   0.274918
 -0.681813    0.64825   0.338974 0.00435824
 -0.585715  -0.206154  -0.783861    1.73545
         0          0          0          1

  -0.435817   -0.728458    0.528595     0.27601
  -0.677552     0.65213    0.340072 -0.00368967
  -0.592441   -0.209942   -0.777778     1.72612
          0           0           0           1

 -0.430835  -0.724305   0.538296   0.276624
 -0.675336   0.654433   0.340056 -0.0120656
 -0.598583  -0.217023  -0.771103     1.7138
         0          0          0          1

 -0.426905  -0.721368   0.545326   0.277294
 -0.671341   0.656835    0.34332 -0.0200957
  -0.60585  -0.219535   -0.76469    1.70515
         0          0          0          1

 -0.425239  -0.709806   0.561557   0.281267
 -0.663645   0.666416   0.339802 -0.0312584
 -0.615424  -0.228178  -0.754446     1.6854
         0          0          0          1

 -0.423657  -0.706331   0.567108   0.282461
 -0.661126    0.66909   0.339456 -0.0366182
 -0.619214  -0.231117  -0.750439    1.67644
         0          0          0          1

-0.420489 -0.702571  0.574093   0.28373
-0.659566  0.671202  0.338321 -0.042055
-0.623027 -0.236392 -0.745625   1.66644
        0         0         0         1

-0.421005 -0.700236  0.576562  0.285011
-0.656981  0.673669  0.338446 -0.046414
-0.625404 -0.236303  -0.74366   1.65973
        0         0         0         1

 -0.421286  -0.696218   0.581204    0.28892
  -0.65058   0.678486   0.341178 -0.0552524
 -0.631874  -0.234386  -0.738782    1.64642
         0          0          0          1

 -0.418653  -0.696795   0.582414   0.289998
 -0.649117   0.678113   0.344687 -0.0594753
 -0.635119  -0.233751  -0.736196    1.63951
         0          0          0          1

 -0.415308  -0.697888   0.583499   0.290621
 -0.648305   0.677032   0.348323 -0.0644639
 -0.638138  -0.233624  -0.733621    1.63225
         0          0          0          1

 -0.414839  -0.698126   0.583548   0.293135
 -0.646454    0.67746    0.35092 -0.0674083
 -0.640317  -0.231662  -0.732344    1.62697
         0          0          0          1

 -0.412992  -0.699194    0.58358   0.294665
 -0.644893   0.676975   0.354708 -0.0708751
 -0.643079  -0.229856   -0.73049    1.62119
         0          0          0          1

 -0.410711  -0.700529   0.583588   0.295181
 -0.643714   0.676082   0.358532 -0.0742834
 -0.645716   -0.22841  -0.728615    1.61614
         0          0          0          1

-0.407502 -0.700971  0.585304  0.299066
-0.642347  0.675594  0.361888 -0.077959
-0.649101 -0.228498 -0.725573   1.60383
        0         0         0         1

 -0.405485  -0.702158   0.585283   0.300326
 -0.641479   0.674723    0.36504 -0.0795893
  -0.65122  -0.227428  -0.724009    1.59897
         0          0          0          1

 -0.404221  -0.703577   0.584453   0.301764
 -0.640317   0.673961   0.368471 -0.0818634
 -0.653146  -0.225291  -0.722942    1.59526
         0          0          0          1

 -0.401809  -0.704787   0.584658   0.302982
 -0.638715   0.673219   0.372585 -0.0839048
 -0.656196  -0.223722  -0.720663     1.5918
         0          0          0          1

 -0.396907   -0.70794   0.584197   0.305575
  -0.63908   0.670001   0.377724 -0.0869315
 -0.658819  -0.223427  -0.718358    1.58359
         0          0          0          1

 -0.394994  -0.710641    0.58221   0.306527
 -0.638706   0.667948   0.381969 -0.0886267
 -0.660329  -0.220985  -0.717726    1.58146
         0          0          0          1

  -0.39346  -0.712912    0.58047   0.308121
 -0.639644   0.665801   0.384142 -0.0894872
 -0.660337   -0.22015  -0.717976     1.5777
         0          0          0          1

 -0.392654  -0.715293   0.578083   0.309209
 -0.640375   0.663796   0.386386 -0.0902056
 -0.660108  -0.218474  -0.718698    1.57506
         0          0          0          1

 -0.390629  -0.719881   0.573742   0.309183
 -0.641779   0.659789   0.390894 -0.0918962
 -0.659946   -0.21552  -0.719738    1.57221
         0          0          0          1

 -0.392071  -0.723888   0.567686   0.310193
 -0.641483   0.657445   0.395305 -0.0926116
 -0.659378  -0.209173  -0.722127    1.57115
         0          0          0          1

 -0.391975  -0.732004   0.557249   0.310705
 -0.645243   0.650504   0.400632 -0.0943488
 -0.655757  -0.202523  -0.727302    1.56704
         0          0          0          1

 -0.392746  -0.737091   0.549952   0.310745
 -0.645974   0.646748   0.405505 -0.0958145
 -0.654575  -0.195994  -0.730149    1.56679
         0          0          0          1

  -0.39197  -0.743077   0.542398   0.310476
 -0.648614   0.641326   0.409879 -0.0972747
 -0.652426  -0.191147  -0.733351    1.56506
         0          0          0          1

 -0.392623  -0.747886    0.53527   0.310331
  -0.64958   0.637514   0.414272 -0.0981317
  -0.65107  -0.185048  -0.736114    1.56426
         0          0          0          1

 -0.391012  -0.753036   0.529194   0.309378
 -0.650068   0.632985   0.420405 -0.0997071
 -0.651552  -0.179629   -0.73703    1.56288
         0          0          0          1

-0.390967 -0.755769  0.525317  0.308856
-0.649804  0.630859  0.423995 -0.100719
-0.651843 -0.175585 -0.737747   1.56235
        0         0         0         1

-0.388765 -0.762941  0.516511  0.307223
-0.652263  0.623846  0.430544 -0.103086
-0.650703  -0.16952 -0.740168    1.5608
        0         0         0         1

-0.389678 -0.766119   0.51109  0.307847
-0.654069   0.62091  0.432047 -0.103283
 -0.64834 -0.165929  -0.74305   1.56106
        0         0         0         1

 -0.38571  -0.77417  0.501884  0.308583
-0.656413   0.61253  0.440375 -0.105294
-0.648344 -0.159586 -0.744434   1.56152
        0         0         0         1

-0.383469 -0.781475  0.492187  0.310477
-0.659898  0.604689  0.445966 -0.106304
-0.646132 -0.153779 -0.747573   1.56123
        0         0         0         1

-0.374509 -0.800565  0.467801   0.31631
-0.669182  0.582592  0.461283 -0.109918
-0.641824  -0.14029  -0.75391   1.56191
        0         0         0         1

-0.369297 -0.808702  0.457844  0.319911
-0.673511  0.572369  0.467736 -0.111595
-0.640314 -0.135629 -0.756044   1.56289
        0         0         0         1

-0.361237  -0.81743  0.448682  0.325037
-0.680196  0.560133  0.472847 -0.113746
-0.637841 -0.134382 -0.758354   1.56399
        0         0         0         1

 -0.35129 -0.826252  0.440344  0.330808
-0.686452  0.547128  0.478993 -0.116664
-0.636693  -0.13401 -0.759383   1.56585
        0         0         0         1

-0.341037 -0.835467  0.430916  0.339606
 -0.69502  0.532744  0.482837 -0.118882
-0.632962  -0.13483 -0.762352   1.56764
        0         0         0         1

-0.329877 -0.846246  0.418389  0.348755
-0.703499  0.515902  0.488809 -0.121238
  -0.6295 -0.133089 -0.765517   1.57002
        0         0         0         1

-0.307001 -0.871381  0.382682  0.370206
-0.722268  0.475165   0.50254  -0.12669
-0.619742 -0.122119 -0.775247   1.57759
        0         0         0         1

-0.298114 -0.881897  0.365219  0.382324
-0.730942  0.456984  0.506843 -0.128411
-0.613883 -0.115857 -0.780849   1.58189
        0         0         0         1

-0.284092 -0.894396  0.345468  0.396083
-0.741085  0.433449  0.512752 -0.131121
-0.608346 -0.110352 -0.785963   1.58601
        0         0         0         1

-0.269625 -0.905355  0.328078  0.409812
-0.751389  0.410877  0.516329 -0.133037
 -0.60226 -0.107299 -0.791056   1.58924
        0         0         0         1

-0.234083 -0.927331  0.291998  0.442487
-0.771341  0.359968  0.524839   -0.1365
-0.591809 -0.102374 -0.799551   1.59669
        0         0         0         1

-0.216251 -0.936852  0.274852  0.459519
-0.780091   0.33508  0.528375 -0.137988
-0.587106 -0.100148 -0.803291   1.60046
        0         0         0         1

 -0.198456  -0.945796   0.257071   0.479562
 -0.788816   0.309802   0.530841  -0.138218
 -0.581708 -0.0974337  -0.807541    1.60435
         0          0          0          1

 -0.179664  -0.953785   0.240862   0.498773
 -0.797521   0.284566   0.531961  -0.138766
 -0.575918 -0.0965179   -0.81179    1.60784
         0          0          0          1

 -0.159118   -0.96162   0.223536   0.520425
 -0.805093   0.257436   0.534371   -0.13911
 -0.571408 -0.0949392  -0.815156    1.61249
         0          0          0          1

 -0.138789  -0.967999   0.209082   0.541234
 -0.811574   0.232164   0.536141  -0.139231
 -0.567525 -0.0952748  -0.817825    1.61637
         0          0          0          1

-0.0969395  -0.97868  0.181077   0.58975
-0.824667  0.180843  0.535929 -0.137107
-0.557249 -0.097376 -0.824616   1.62353
        0         0         0         1

-0.0744582 -0.982747  0.169307  0.612992
-0.828783  0.155403  0.537558  -0.13627
-0.554594 -0.100293 -0.826055   1.62738
        0         0         0         1

-0.0490417  -0.98651   0.15618  0.639153
-0.833403    0.1266   0.53797 -0.134861
-0.550485 -0.103778 -0.828369   1.63096
        0         0         0         1

-0.0276693 -0.988969  0.145515  0.664644
-0.836298  0.102644  0.538582 -0.132695
-0.547577 -0.106792 -0.829913   1.63471
        0         0         0         1

0.0231005 -0.991629   0.12704   0.72053
-0.842841 0.0490243  0.535925  -0.12716
-0.537666 -0.119455 -0.834653   1.63973
        0         0         0         1

0.0472119 -0.991796  0.118795  0.747204
-0.843716 0.0240678   0.53625 -0.124284
-0.534709 -0.125547 -0.835658   1.64266
        0         0         0         1

   0.0700327    -0.991474     0.109882        0.778
   -0.845384 -0.000514361     0.534159    -0.120171
   -0.529549    -0.130301    -0.838212      1.64497
           0            0            0            1

 0.0913341  -0.990482   0.102978     0.8063
 -0.845992 -0.0226253   0.532716  -0.116206
 -0.525315  -0.135773  -0.840006    1.64704
         0          0          0          1

  0.114942  -0.988707  0.0961637   0.837522
 -0.845566 -0.0465734   0.531836  -0.111883
 -0.521351  -0.142443   -0.84137    1.64911
         0          0          0          1

  0.136475  -0.986528  0.0902031   0.865911
  -0.84601 -0.0686924   0.528724  -0.107339
 -0.515405   -0.14847  -0.843987    1.64958
         0          0          0          1

  0.181544  -0.980386  0.0767133   0.927488
 -0.843518   -0.11515   0.524613 -0.0971783
  -0.50549  -0.159949  -0.847878    1.65101
         0          0          0          1

  0.200787  -0.976988  0.0719696   0.956602
 -0.842043  -0.134574   0.522354 -0.0921018
 -0.500648  -0.165483  -0.849686    1.65123
         0          0          0          1

  0.221011  -0.973037  0.0659728   0.988353
 -0.839216   -0.15528   0.521158 -0.0866847
 -0.496862  -0.170547  -0.850907    1.65107
         0          0          0          1

  0.238619  -0.969115  0.0622677    1.01723
 -0.836645  -0.172601    0.51984 -0.0817106
 -0.493037  -0.176139  -0.851991    1.65045
         0          0          0          1

  0.271953  -0.960661  0.0563253      1.079
 -0.832194  -0.205388   0.515042 -0.0706431
 -0.483212  -0.186941  -0.855312    1.64681
         0          0          0          1

  0.289928  -0.955528  0.0539274    1.10621
 -0.828138  -0.222233   0.514587 -0.0653049
 -0.479718  -0.193852  -0.855741    1.64531
         0          0          0          1

  0.305712  -0.950701  0.0520425    1.13718
 -0.824183  -0.236869   0.514408 -0.0599076
 -0.476721  -0.200153  -0.855965    1.64325
         0          0          0          1

  0.317529   -0.94696  0.0494182    1.16519
 -0.821978  -0.248888   0.512257 -0.0551624
 -0.472787  -0.203277  -0.857409    1.64083
         0          0          0          1

  0.329947  -0.942818  0.0472062    1.19518
 -0.819913  -0.261434   0.509309 -0.0498847
 -0.467844   -0.20675  -0.859288    1.63726
         0          0          0          1

  0.343706  -0.937964  0.0457095    1.22171
 -0.816176  -0.274295   0.508545 -0.0449932
 -0.464459  -0.212097  -0.859821     1.6343
         0          0          0          1

  0.362852  -0.930828   0.043562    1.27903
 -0.810831  -0.292346   0.507037 -0.0357139
 -0.459229  -0.219301  -0.860823    1.62536
         0          0          0          1

  0.372957  -0.926837  0.0433228    1.30449
 -0.807651  -0.301305   0.506868 -0.0313573
  -0.45673  -0.224029  -0.860935    1.62074
         0          0          0          1

  0.379693  -0.924138  0.0424586    1.33276
 -0.805201  -0.307532   0.507027 -0.0274829
 -0.455505  -0.226702  -0.860884    1.61558
         0          0          0          1

  0.386807  -0.921267  0.0405958    1.35726
 -0.803049  -0.314878   0.505929 -0.0235903
 -0.453313  -0.228298  -0.861619    1.61024
         0          0          0          1

  0.396003  -0.917466  0.0379054    1.40922
 -0.800736  -0.324825   0.503299 -0.0176626
 -0.449448   -0.22966   -0.86328    1.59925
         0          0          0          1

  0.401167   -0.91527  0.0366744     1.4325
 -0.799091  -0.330111   0.502474 -0.0148197
 -0.447793  -0.230882  -0.863814    1.59456
         0          0          0          1

  0.403499  -0.914316  0.0348542    1.45787
 -0.798285  -0.333166   0.501738 -0.0122178
 -0.447135  -0.230274  -0.864317    1.58874
         0          0          0          1

   0.409001   -0.911918   0.0335224     1.47938
  -0.797163   -0.339171    0.499495 -0.00930983
  -0.444128   -0.231016   -0.865668     1.58269
          0           0           0           1

   0.411088   -0.911081    0.030614      1.5034
  -0.796171   -0.342478     0.49882 -0.00678569
  -0.443981   -0.229433   -0.866165     1.57625
          0           0           0           1

   0.416119   -0.908861   0.0285805     1.52382
  -0.794744   -0.348239    0.497103 -0.00401338
  -0.441845   -0.229568   -0.867221     1.56971
          0           0           0           1

   0.416283   -0.908842   0.0267397     1.56859
  -0.794973    -0.34954    0.495822 -0.00136595
  -0.441277    -0.22766   -0.868012     1.55576
          0           0           0           1

   0.417046   -0.908537    0.025173     1.58808
  -0.793878   -0.350649    0.496793 1.90852e-05
  -0.442528    -0.22717   -0.867504     1.54937
          0           0           0           1

  0.419379  -0.907547  0.0219128    1.60814
 -0.792612  -0.354285   0.496235 0.00280805
 -0.442593  -0.225479  -0.867912    1.54122
         0          0          0          1

  0.419875  -0.907323  0.0216753    1.62622
 -0.792292  -0.354785   0.496388 0.00382034
 -0.442694  -0.225594   -0.86783    1.53501
         0          0          0          1

  0.419422  -0.907656  0.0156629    1.66307
  -0.79198  -0.357427   0.494989 0.00598681
 -0.443682  -0.220014  -0.868758    1.51919
         0          0          0          1

  0.420776   -0.90706  0.0137806    1.67932
 -0.790859  -0.359345   0.495392 0.00727301
 -0.444398  -0.219348   -0.86856    1.51348
         0          0          0          1

  0.418988  -0.907923  0.0112209    1.69676
 -0.791473  -0.359137   0.494562 0.00747754
 -0.444994  -0.216096   -0.86907    1.50579
         0          0          0          1

  0.418899  -0.907994 0.00836064     1.7112
 -0.791137  -0.360438   0.494152 0.00844933
 -0.445674  -0.213615  -0.869335    1.49888
         0          0          0          1

  0.418717  -0.908108 0.00392861    1.72622
 -0.790173    -0.3622   0.494406 0.00988341
 -0.447551  -0.210121  -0.869222     1.4912
         0          0          0          1

  0.413737  -0.910395 0.00132809    1.74194
 -0.791249  -0.358868   0.495116 0.00836802
 -0.450274  -0.205899  -0.868826    1.48434
         0          0          0          1

   0.406898   -0.913423 -0.00961901     1.76791
  -0.792151    -0.35808    0.494242  0.00929917
  -0.454896   -0.193486   -0.869271     1.46735
          0           0           0           1

  0.402095  -0.915475 -0.0150217    1.77932
  -0.79257  -0.356234   0.494904 0.00893921
 -0.458423  -0.187093  -0.868818    1.46021
         0          0          0          1

  0.402161  -0.915362 -0.0194575    1.79036
 -0.791011  -0.358073    0.49607  0.0103952
 -0.461051  -0.184109  -0.868064    1.45434
         0          0          0          1

  0.398898  -0.916623 -0.0261274    1.79971
 -0.790983  -0.358357    0.49591  0.0106153
 -0.463925  -0.177151  -0.867981    1.44693
         0          0          0          1

   0.38899  -0.920657 -0.0328327    1.81899
 -0.791748   -0.35232   0.499005 0.00941041
  -0.47098  -0.168113  -0.865977    1.43136
         0          0          0          1

  0.385651   -0.92197 -0.0352669    1.82612
 -0.791409  -0.350204   0.501027 0.00970061
 -0.474283  -0.165311  -0.864713    1.42445
         0          0          0          1

  0.377074  -0.925381 -0.0385394    1.83399
 -0.793588  -0.344265   0.501697 0.00810978
 -0.477529  -0.158593  -0.864184    1.41593
         0          0          0          1

  0.373471  -0.926752 -0.0406275    1.83986
 -0.793452  -0.341828   0.503575  0.0081946
 -0.480577  -0.155834  -0.862996    1.41024
         0          0          0          1

  0.365202  -0.929956  -0.042542    1.84592
 -0.795072  -0.335351   0.505371 0.00671394
 -0.484239  -0.150738  -0.861853    1.40359
         0          0          0          1

  0.364299  -0.930161 -0.0456838    1.85046
 -0.793949  -0.335843   0.506808 0.00752103
 -0.486756  -0.148359  -0.860847    1.39869
         0          0          0          1

  0.350987  -0.935026 -0.0503426    1.85894
 -0.795801  -0.326195   0.510194 0.00630625
 -0.493466  -0.139009  -0.858585    1.38626
         0          0          0          1

  0.347311  -0.936267 -0.0527149    1.86233
 -0.794618  -0.323684   0.513626 0.00648043
 -0.497954    -0.1365  -0.856393    1.38197
         0          0          0          1

  0.342634  -0.937932 -0.0537176    1.86477
 -0.794859  -0.319899    0.51562 0.00626555
   -0.5008  -0.133971  -0.855132    1.37661
         0          0          0          1

  0.337989  -0.939456 -0.0564462    1.86644
 -0.794976  -0.317084   0.517176 0.00663751
 -0.503762  -0.129927  -0.854016    1.37149
         0          0          0          1

  0.326335  -0.943469 -0.0580704    1.87068
 -0.795433  -0.307283   0.522363 0.00516028
 -0.510677  -0.124274  -0.850744    1.36153
         0          0          0          1

  0.326092  -0.943577 -0.0576747    1.87046
 -0.795656  -0.306893   0.522253 0.00622352
 -0.510486  -0.124413  -0.850838    1.35914
         0          0          0          1

  0.319002   -0.94609 -0.0561388    1.87202
 -0.799272  -0.300385   0.520513 0.00485359
 -0.509315  -0.121175  -0.852006    1.35427
         0          0          0          1

  0.319518  -0.946199 -0.0511379    1.87274
 -0.798946  -0.298024   0.522366 0.00497886
 -0.509503  -0.126049  -0.851187    1.35478
         0          0          0          1

   0.31692  -0.947007 -0.0523465    1.87414
 -0.800494  -0.296674   0.520762  0.0041669
 -0.508695  -0.123137  -0.852095    1.35432
         0          0          0          1

  0.317709  -0.946698 -0.0531407    1.87328
 -0.801696  -0.298128   0.518077 0.00522283
 -0.506305  -0.121995  -0.853682    1.35328
         0          0          0          1

  0.313403  -0.948242 -0.0511395     1.8755
 -0.802292  -0.293207   0.519958  0.0043146
 -0.508041  -0.121928  -0.852659    1.35286
         0          0          0          1

  0.313679  -0.948006 -0.0537535    1.87461
 -0.802371  -0.294911   0.518872 0.00521766
 -0.507747  -0.119629   -0.85316    1.35177
         0          0          0          1

  0.312461  -0.948252 -0.0564478    1.87487
 -0.802747  -0.295354   0.518038 0.00506868
 -0.507903  -0.116554  -0.853493    1.35219
         0          0          0          1

  0.312566  -0.948024  -0.059612    1.87454
  -0.80286  -0.297202   0.516804 0.00566024
 -0.507659  -0.113675  -0.854026     1.3523
         0          0          0          1

  0.309885  -0.948402 -0.0671154    1.87362
  -0.80367  -0.299005   0.514501 0.00581542
 -0.508021  -0.105498  -0.854859    1.35265
         0          0          0          1

  0.306555  -0.949232 -0.0705918    1.87339
 -0.804376  -0.297997   0.513981 0.00540083
 -0.508923  -0.100781  -0.854892    1.35305
         0          0          0          1

  0.307015  -0.948623 -0.0765247    1.87257
 -0.804204   -0.30159   0.512152 0.00642724
 -0.508918  -0.095697  -0.855479    1.35319
         0          0          0          1

   0.30664  -0.948336 -0.0814288    1.87186
  -0.80451  -0.303949   0.510273 0.00704004
  -0.50866 -0.0909595  -0.856149    1.35392
         0          0          0          1

  0.303325   -0.94891 -0.0869673     1.8711
 -0.805432  -0.304086   0.508734 0.00707414
 -0.509188 -0.0842652   -0.85652    1.35466
         0          0          0          1

  0.302172  -0.948676  -0.093307     1.8702
 -0.806826  -0.306656   0.504969 0.00753211
 -0.507665  -0.077305  -0.858079     1.3555
         0          0          0          1

  0.295172  -0.949898  -0.102799    1.86851
 -0.809745  -0.305817   0.500789 0.00711771
 -0.507136 -0.0645783  -0.859443    1.35802
         0          0          0          1

  0.294002  -0.949843  -0.106587    1.86786
 -0.810907  -0.306907   0.498234 0.00720339
 -0.505957 -0.0600496  -0.860466    1.35967
         0          0          0          1

  0.291221  -0.950128  -0.111565    1.86653
  -0.81362  -0.307331   0.493529 0.00732379
 -0.503203 -0.0529544  -0.862544    1.36263
         0          0          0          1

  0.285169  -0.951355  -0.116627     1.8654
 -0.818954  -0.305067   0.486054 0.00603965
 -0.497989 -0.0430953  -0.866112    1.36411
         0          0          0          1

  0.281355  -0.952093  -0.119827    1.86184
 -0.823267  -0.303648   0.479613 0.00714359
 -0.493021 -0.0362915   -0.86926    1.36889
         0          0          0          1

  0.283958   -0.95168  -0.116937    1.85903
 -0.822891  -0.304477   0.479734  0.0095873
 -0.492157 -0.0399981  -0.869587    1.37229
         0          0          0          1

  0.281118  -0.953112  -0.112024    1.85733
 -0.823786  -0.299543   0.481301 0.00932787
  -0.49229 -0.0430181  -0.869368    1.37583
         0          0          0          1

  0.282041  -0.953281  -0.108201    1.85386
 -0.824906  -0.298541   0.480003   0.011536
  -0.48988 -0.0461252  -0.870569    1.37844
         0          0          0          1

  0.281717  -0.954018  -0.102397    1.85052
 -0.826328  -0.295472   0.479456  0.0123071
 -0.487665 -0.0504574  -0.871571    1.38369
         0          0          0          1

  0.282304  -0.954417 -0.0969186    1.84635
 -0.827822  -0.293413   0.478142  0.0134734
 -0.484783 -0.0547497  -0.872919    1.38804
         0          0          0          1

  0.285293  -0.954894 -0.0823687    1.83669
 -0.830975  -0.289259   0.475194  0.0168471
 -0.477586 -0.0671231  -0.876017    1.39967
         0          0          0          1

   0.28787  -0.954585 -0.0768033    1.83099
 -0.831909  -0.288989   0.473722  0.0189891
 -0.474403 -0.0724768  -0.877319     1.4054
         0          0          0          1

   0.29278   -0.95374 -0.0682653    1.82429
 -0.832009  -0.289293   0.473361  0.0215305
 -0.471212 -0.0817933  -0.878219    1.41437
         0          0          0          1

  0.295519  -0.953364 -0.0613661    1.81722
 -0.833477  -0.288684   0.471145  0.0239727
 -0.466888 -0.0880851  -0.879918    1.42133
         0          0          0          1

 0.303444 -0.951877  -0.04304    1.8022
-0.835025 -0.287408   0.46918 0.0280827
-0.458972 -0.106431 -0.882053   1.44099
        0         0         0         1

  0.309727  -0.950272 -0.0324466    1.79332
 -0.835278  -0.288234   0.468223  0.0306725
 -0.454291  -0.117919  -0.883015    1.45198
         0          0          0          1

  0.315935  -0.948527 -0.0219299    1.78301
 -0.835593  -0.289119   0.467114  0.0341641
  -0.44941  -0.129253  -0.883925    1.46479
         0          0          0          1

  0.320715  -0.947074 -0.0138494    1.77342
 -0.836626  -0.290108   0.464644  0.0370924
  -0.44407  -0.137432  -0.885389     1.4763
         0          0          0          1

   0.328434   -0.944509 -0.00577976      1.7606
   -0.83727   -0.293965    0.461047   0.0415636
  -0.437162   -0.146584   -0.887357     1.48941
          0           0           0           1

  0.332387   -0.94314 0.00238317    1.74984
  -0.83881  -0.294461   0.457919  0.0443345
  -0.43118  -0.154205  -0.888991    1.50293
         0          0          0          1

 0.340278 -0.940135 0.0189122   1.72404
-0.840924 -0.295245  0.453517 0.0495032
-0.420783 -0.170225 -0.891047   1.53576
        0         0         0         1

 0.348011 -0.937233  0.021973   1.70929
-0.840966 -0.301736  0.449146 0.0544159
-0.414325 -0.174786 -0.893188   1.55054
        0         0         0         1

 0.351385 -0.935814 0.0279284   1.69421
-0.843041 -0.303294  0.444179 0.0573021
-0.407198 -0.179623 -0.895503   1.56889
        0         0         0         1

 0.359015  -0.93275 0.0329417   1.67837
-0.842313 -0.308599    0.4419 0.0615213
-0.402017 -0.186396 -0.896459   1.58762
        0         0         0         1

 0.364871  -0.92995 0.0454085   1.64307
-0.846503 -0.311031   0.43208 0.0678089
-0.387689 -0.196092 -0.900692   1.62735
        0         0         0         1

 0.365812 -0.929368 0.0495684    1.6256
-0.848807  -0.31131  0.427333 0.0710313
-0.381719 -0.198397 -0.902734   1.64614
        0         0         0         1

 0.369601 -0.927559 0.0550456   1.60412
-0.850569 -0.313885   0.42191 0.0750749
-0.374068 -0.202758 -0.904965   1.66848
        0         0         0         1

  0.36908 -0.927512 0.0591762   1.58582
-0.853817 -0.313227  0.415795 0.0772472
-0.367119 -0.203987 -0.907531   1.68954
        0         0         0         1

 0.367355 -0.927932 0.0631941   1.56475
-0.857943 -0.311843  0.408274 0.0801038
-0.359144 -0.204198  -0.91067   1.71173
        0         0         0         1

 0.362135 -0.929796 0.0658539   1.54569
-0.862358 -0.307375  0.402317 0.0819542
-0.353831 -0.202483 -0.913129   1.73284
        0         0         0         1

 0.355757 -0.931732 0.0728886   1.49903
 -0.87072 -0.302105  0.388044 0.0889424
-0.339533 -0.201515 -0.918754   1.77854
        0         0         0         1

 0.352957 -0.932338 0.0785274    1.4758
-0.875139 -0.299279  0.380217 0.0922476
-0.330989 -0.202923 -0.921558   1.80175
        0         0         0         1

 0.344261 -0.935368 0.0810596   1.45128
-0.881051 -0.292021   0.37212 0.0950131
-0.324398 -0.199524 -0.924638   1.82508
        0         0         0         1

 0.335452 -0.938196 0.0852133    1.4275
-0.886992 -0.284077  0.364069 0.0977341
-0.317361 -0.197711 -0.927466   1.84699
        0         0         0         1

 0.326691 -0.940832 0.0900431   1.40113
 -0.89195 -0.275399  0.358581  0.100338
-0.312567 -0.197459 -0.929146   1.87312
        0         0         0         1

 0.315798 -0.944253 0.0930446   1.37716
-0.897588 -0.265516  0.351906  0.102646
-0.307584 -0.194647 -0.931399   1.89612
        0         0         0         1

 0.287869  -0.95303 0.0941516   1.32626
-0.911926 -0.242769  0.330838  0.110255
-0.292442 -0.181097 -0.938979   1.94273
        0         0         0         1

 0.274636   -0.9568 0.0954355   1.30009
-0.917815 -0.231259    0.3227  0.114165
-0.286689 -0.176217 -0.941678   1.96527
        0         0         0         1

  0.25988 -0.960778 0.0967846     1.271
-0.924005 -0.218308  0.313938  0.118367
-0.280496 -0.171015 -0.944498   1.99035
        0         0         0         1

 0.246031 -0.964411 0.0968501   1.24353
-0.930128  -0.20681  0.303466  0.124339
-0.272636 -0.164745 -0.947907   2.01232
        0         0         0         1

 0.203634  -0.97427 0.0965974   1.18966
-0.943283 -0.168814  0.285864  0.134104
-0.262202  -0.14933 -0.953389   2.06149
        0         0         0         1

 0.183324 -0.978639 0.0930486    1.1626
 -0.94861 -0.151271  0.277949  0.139524
-0.257936 -0.139222 -0.956079    2.0838
        0         0         0         1

 0.157324 -0.983303 0.0914528   1.13391
 -0.95608 -0.128466  0.263453  0.147638
-0.247306 -0.128884 -0.960327   2.10594
        0         0         0         1

 0.136569 -0.986309 0.0924315   1.10603
 -0.96143 -0.109478  0.252324  0.155804
 -0.23875 -0.123326 -0.963218   2.12631
        0         0         0         1

 0.111311 -0.989575 0.0913851     1.077
-0.966187 -0.086241  0.242991  0.163592
-0.232577 -0.115343 -0.965714   2.15241
        0         0         0         1

  0.082953  -0.992787  0.0865629    1.05284
 -0.970045 -0.0605401   0.235259   0.172073
 -0.228321  -0.103485   -0.96807    2.17423
         0          0          0          1

  0.0253795   -0.996347   0.0815407    0.997128
  -0.976416 -0.00721277    0.215776    0.191057
    -0.2144  -0.0850939   -0.973032     2.22084
          0           0           0           1

0.000413512  -0.996898  0.0787031   0.970105
 -0.978614  0.0157861   0.205097   0.201546
 -0.205703 -0.0771048  -0.975572    2.24222
         0          0          0          1

-0.0260213  -0.996805  0.0755171   0.940059
 -0.979763  0.0404278   0.196034   0.212163
  -0.19846 -0.0688879  -0.977685    2.26639
         0          0          0          1

-0.0552683  -0.99576 0.0735332  0.913857
-0.980432 0.0680585  0.184722  0.224411
-0.188943 -0.061885 -0.980036   2.28752
        0         0         0         1

 -0.113315  -0.991053  0.0705299   0.857349
 -0.979073   0.123458   0.161782   0.253966
 -0.169042 -0.0507217  -0.984303    2.32916
         0          0          0          1

 -0.144123  -0.987456  0.0644873   0.836143
 -0.975128   0.152809   0.160547   0.262361
 -0.168387 -0.0397448  -0.984919    2.35616
         0          0          0          1

 -0.178978  -0.981939  0.0613447   0.809743
 -0.972411   0.186034   0.140742   0.284697
 -0.149613 -0.0344624  -0.988144    2.37035
         0          0          0          1

 -0.212987  -0.975621  0.0529174   0.791528
 -0.967329    0.21818    0.12912   0.301034
 -0.137517 -0.0236877  -0.990216    2.39118
         0          0          0          1

 -0.244835   -0.96819  0.0516133   0.765365
 -0.960537   0.249459   0.123043   0.315765
 -0.132004 -0.0194514  -0.991058    2.41571
         0          0          0          1

 -0.271328  -0.961309  0.0475957   0.739533
 -0.954707    0.27508   0.113428   0.333228
 -0.122132 -0.0146637  -0.992405    2.43308
         0          0          0          1

 -0.328153   -0.94365  0.0429077   0.686763
 -0.939435   0.330768  0.0897413   0.371098
-0.0988768 -0.0108601   -0.99504    2.47452
         0          0          0          1

-0.356361 -0.933845 0.0306819  0.669119
-0.929814  0.357671 0.0866992   0.38407
-0.0919377 0.0023677 -0.995762   2.50005
        0         0         0         1

  -0.39091  -0.920018  0.0275102   0.647015
  -0.91725   0.391868  0.0713529   0.412031
-0.0764263 0.00265876  -0.997072    2.51247
         0          0          0          1

 -0.414701  -0.909675  0.0226568   0.622358
 -0.907904   0.415309  0.0568232   0.434372
-0.0611003 0.00299442  -0.998127    2.52672
         0          0          0          1

 -0.474834   -0.88004 0.00784005   0.582596
 -0.879467   0.474818  0.0329579   0.480541
-0.0327268 0.00875446  -0.999426    2.56325
         0          0          0          1

 -0.509622  -0.860325 -0.0112114   0.574451
 -0.860277   0.509289  0.0233977   0.506924
-0.0144198  0.0215689  -0.999663    2.58144
         0          0          0          1

 -0.539828  -0.841597 -0.0173288   0.554543
 -0.841775   0.539717  0.0109512   0.535013
0.00013614  0.0204988   -0.99979    2.59778
         0          0          0          1

-0.570488 -0.820332 -0.039976  0.547855
-0.821186  0.570561 0.0106773  0.557018
0.0140498  0.038919 -0.999144   2.62268
        0         0         0         1

 -0.597302  -0.799958 -0.0574261   0.533379
 -0.801323   0.598231 0.00125359   0.585373
 0.0333513  0.0467656  -0.998349     2.6358
         0          0          0          1

 -0.619899  -0.782266 -0.0615224   0.511836
 -0.783808   0.621001 0.00152492   0.606798
 0.0370126  0.0491671  -0.998105    2.65182
         0          0          0          1

  -0.655922   -0.751789  -0.0676729    0.457762
  -0.753257    0.657703 -0.00555858    0.655219
  0.0486875   0.0473291   -0.997692     2.67512
          0           0           0           1

 -0.681396  -0.727141  -0.083459    0.45109
 -0.727602   0.685324 -0.0304537   0.698675
 0.0793406  0.0399738  -0.996046    2.67008
         0          0          0          1

-0.709592 -0.697267  -0.10148  0.452125
-0.697893  0.715341 -0.035123  0.731316
 0.097083 0.0458993 -0.994217   2.68596
        0         0         0         1

 -0.732438  -0.671272  -0.113705   0.450224
 -0.672998   0.739105 -0.0282388   0.750101
  0.102996  0.0558402  -0.993113     2.7099
         0          0          0          1

 -0.782691  -0.604064  -0.150007   0.455539
 -0.605866   0.794627 -0.0386653   0.825925
  0.142556  0.0606214  -0.987929    2.72783
         0          0          0          1

  -0.80069  -0.575969  -0.164787   0.458124
 -0.579664   0.814315 -0.0296744   0.851678
   0.15128  0.0717612  -0.985883    2.74519
         0          0          0          1

 -0.813987  -0.553342  -0.176743   0.446554
 -0.556823   0.829939 -0.0339125   0.884088
  0.165451  0.0708105  -0.983673    2.74977
         0          0          0          1

 -0.836422   -0.50858  -0.204316   0.463249
 -0.508813   0.859088 -0.0554682   0.937264
  0.203735  0.0575637  -0.977332     2.7415
         0          0          0          1

 -0.856723  -0.461224  -0.230862    0.45002
 -0.463017   0.884953 -0.0497433    1.00265
  0.227245  0.0642768  -0.971714    2.76217
         0          0          0          1

