 -0.22079  0.973316 0.0625201  0.416863
-0.695972 -0.202136  0.689032  0.839842
 0.683283  0.108619   0.72203   2.73903
        0         0         0         1

 -0.22079  0.973316 0.0625201  0.416863
-0.695972 -0.202136  0.689032  0.839842
 0.683283  0.108619   0.72203   2.73903
        0         0         0         1

 -0.168801   0.984243 -0.0526461   0.373913
 -0.743247 -0.0920245   0.662658   0.752538
  0.647372   0.150986   0.747069    2.69197
         0          0          0          1

 -0.168801   0.984243 -0.0526461   0.373913
 -0.743247 -0.0920245   0.662658   0.752538
  0.647372   0.150986   0.747069    2.69197
         0          0          0          1

 -0.128105   0.986948   -0.09758   0.377078
 -0.770568 -0.0371103   0.636277   0.695848
  0.624351   0.156702   0.765265    2.67548
         0          0          0          1

 -0.128105   0.986948   -0.09758   0.377078
 -0.770568 -0.0371103   0.636277   0.695848
  0.624351   0.156702   0.765265    2.67548
         0          0          0          1

-0.0640613    0.9765 -0.205777  0.330344
-0.815134 0.0677568  0.575296  0.588283
 0.575719   0.20459  0.791637   2.64208
        0         0         0         1

-0.0640613    0.9765 -0.205777  0.330344
-0.815134 0.0677568  0.575296  0.588283
 0.575719   0.20459  0.791637   2.64208
        0         0         0         1

-0.0393012  0.972821 -0.228199  0.349612
 -0.82968 0.0954996   0.55001  0.545905
 0.556854  0.210948  0.803377    2.6204
        0         0         0         1

-0.0393012  0.972821 -0.228199  0.349612
 -0.82968 0.0954996   0.55001  0.545905
 0.556854  0.210948  0.803377    2.6204
        0         0         0         1

-0.0233616  0.965703 -0.258596  0.352274
-0.829674  0.125585  0.543939  0.518492
 0.557759  0.227258  0.798285   2.58135
        0         0         0         1

-0.0233616  0.965703 -0.258596  0.352274
-0.829674  0.125585  0.543939  0.518492
 0.557759  0.227258  0.798285   2.58135
        0         0         0         1

0.00921527  0.940318 -0.340172  0.335016
-0.851214  0.185893  0.490794  0.434369
 0.524738  0.285036  0.802125   2.53601
        0         0         0         1

0.00921527  0.940318 -0.340172  0.335016
-0.851214  0.185893  0.490794  0.434369
 0.524738  0.285036  0.802125   2.53601
        0         0         0         1

0.0272871   0.91587 -0.400547  0.325462
-0.864328  0.222917  0.450827  0.383233
 0.502188  0.333902  0.797695    2.4972
        0         0         0         1

0.0272871   0.91587 -0.400547  0.325462
-0.864328  0.222917  0.450827  0.383233
 0.502188  0.333902  0.797695    2.4972
        0         0         0         1

0.0314817  0.886423 -0.461803  0.337344
-0.879241   0.24429  0.408972  0.326205
 0.475336  0.393161   0.78707   2.44125
        0         0         0         1

0.0314817  0.886423 -0.461803  0.337344
-0.879241   0.24429  0.408972  0.326205
 0.475336  0.393161   0.78707   2.44125
        0         0         0         1

0.0306638  0.867302 -0.496836  0.342468
-0.891434  0.248567  0.378893  0.286862
 0.452112  0.431278  0.780765   2.40501
        0         0         0         1

0.0306638  0.867302 -0.496836  0.342468
-0.891434  0.248567  0.378893  0.286862
 0.452112  0.431278  0.780765   2.40501
        0         0         0         1

0.0272162  0.840872 -0.540549  0.338752
-0.904936  0.250454  0.344041   0.24433
 0.424677  0.479798  0.767752   2.36804
        0         0         0         1

0.0272162  0.840872 -0.540549  0.338752
-0.904936  0.250454  0.344041   0.24433
 0.424677  0.479798  0.767752   2.36804
        0         0         0         1

0.0229813  0.795304 -0.605775  0.344066
-0.922119  0.250951  0.294483  0.191212
 0.386223  0.551829  0.739132    2.3044
        0         0         0         1

0.0229813  0.795304 -0.605775  0.344066
-0.922119  0.250951  0.294483  0.191212
 0.386223  0.551829  0.739132    2.3044
        0         0         0         1

 0.020796  0.762609 -0.646525    0.3525
-0.934204   0.24517  0.259141    0.1591
 0.356131  0.598598  0.717532   2.26135
        0         0         0         1

 0.020796  0.762609 -0.646525    0.3525
-0.934204   0.24517  0.259141    0.1591
 0.356131  0.598598  0.717532   2.26135
        0         0         0         1

0.00965982  0.74426 -0.66782 0.367717
-0.944022 0.227015 0.239345 0.133024
 0.32974 0.628125 0.704791  2.22038
       0        0        0        1

0.00965982  0.74426 -0.66782 0.367717
-0.944022 0.227015 0.239345 0.133024
 0.32974 0.628125 0.704791  2.22038
       0        0        0        1

0.00455546  0.720878 -0.693047  0.376162
-0.957087  0.203968  0.205868 0.0882791
 0.289765  0.662368  0.690872   2.15851
        0         0         0         1

0.00455546  0.720878 -0.693047  0.376162
-0.957087  0.203968  0.205868 0.0882791
 0.289765  0.662368  0.690872   2.15851
        0         0         0         1

0.000909428  0.715246 -0.698872  0.386862
-0.962713  0.189688  0.192879 0.0672932
 0.270524  0.672638  0.688749   2.11507
        0         0         0         1

0.000909428  0.715246 -0.698872  0.386862
-0.962713  0.189688  0.192879 0.0672932
 0.270524  0.672638  0.688749   2.11507
        0         0         0         1

-0.00323783  0.696579 -0.717473  0.405791
-0.974148  0.159873  0.159613 0.0325942
 0.225888  0.699442  0.678053   2.05721
        0         0         0         1

-0.00323783  0.696579 -0.717473  0.405791
-0.974148  0.159873  0.159613 0.0325942
 0.225888  0.699442  0.678053   2.05721
        0         0         0         1

-0.00947651  0.680581 -0.732612  0.419944
-0.979618  0.140689  0.143369 0.0160368
 0.200645  0.719038  0.665376   2.01508
        0         0         0         1

-0.00947651  0.680581 -0.732612  0.419944
-0.979618  0.140689  0.143369 0.0160368
 0.200645  0.719038  0.665376   2.01508
        0         0         0         1

-0.0142502   0.669835  -0.742374   0.433429
 -0.985486   0.116194   0.123757 -0.0018822
  0.169156   0.733363   0.658457    1.97445
         0          0          0          1

-0.0142502   0.669835  -0.742374   0.433429
 -0.985486   0.116194   0.123757 -0.0018822
  0.169156   0.733363   0.658457    1.97445
         0          0          0          1

-0.0173792   0.661589  -0.749665   0.449979
 -0.991333  0.0862465  0.0990953 -0.0262766
  0.130216    0.74489   0.654357     1.9135
         0          0          0          1

-0.0173792   0.661589  -0.749665   0.449979
 -0.991333  0.0862465  0.0990953 -0.0262766
  0.130216    0.74489   0.654357     1.9135
         0          0          0          1

-0.0154729   0.664599   -0.74704   0.463378
 -0.994268  0.0688238  0.0818223 -0.0398996
  0.105793   0.744024   0.659725    1.87663
         0          0          0          1

-0.0154729   0.664599   -0.74704   0.463378
 -0.994268  0.0688238  0.0818223 -0.0398996
  0.105793   0.744024   0.659725    1.87663
         0          0          0          1

-0.0145386   0.667789  -0.744208   0.485403
 -0.997497  0.0418265  0.0570183 -0.0570611
 0.0692038   0.743174   0.665509    1.82199
         0          0          0          1

-0.0145386   0.667789  -0.744208   0.485403
 -0.997497  0.0418265  0.0570183 -0.0570611
 0.0692038   0.743174   0.665509    1.82199
         0          0          0          1

-0.0131834   0.662925   -0.74857   0.497411
  -0.99892  0.0246314  0.0394057 -0.0675081
 0.0445613   0.748281   0.661884    1.78548
         0          0          0          1

-0.0131834   0.662925   -0.74857   0.497411
  -0.99892  0.0246314  0.0394057 -0.0675081
 0.0445613   0.748281   0.661884    1.78548
         0          0          0          1

 -0.0156393    0.657615   -0.753192    0.516327
   -0.99986 -0.00585182   0.0156519  -0.0807217
  0.0058854    0.753332    0.657614     1.73334
          0           0           0           1

 -0.0156393    0.657615   -0.753192    0.516327
   -0.99986 -0.00585182   0.0156519  -0.0807217
  0.0058854    0.753332    0.657614     1.73334
          0           0           0           1

 -0.0110751    0.656423   -0.754312     0.52892
  -0.999753  -0.0218187 -0.00430852  -0.0891379
 -0.0192863    0.754077    0.656503     1.69916
          0           0           0           1

 -0.0110751    0.656423   -0.754312     0.52892
  -0.999753  -0.0218187 -0.00430852  -0.0891379
 -0.0192863    0.754077    0.656503     1.69916
          0           0           0           1

-0.00861617   0.659666  -0.751509    0.54242
 -0.999095 -0.0369837 -0.0210091  -0.095962
-0.0416526   0.750648   0.659388     1.6678
         0          0          0          1

-0.00861617   0.659666  -0.751509    0.54242
 -0.999095 -0.0369837 -0.0210091  -0.095962
-0.0416526   0.750648   0.659388     1.6678
         0          0          0          1

-0.00126994   0.670401  -0.741998   0.559198
 -0.997707 -0.0510607 -0.0444262  -0.106062
-0.0676703    0.74024   0.668929    1.62206
         0          0          0          1

-0.00126994   0.670401  -0.741998   0.559198
 -0.997707 -0.0510607 -0.0444262  -0.106062
-0.0676703    0.74024   0.668929    1.62206
         0          0          0          1

0.00127386   0.678189  -0.734887    0.56995
  -0.99639 -0.0615187 -0.0584996  -0.111454
-0.0848831   0.732308   0.675662    1.59365
         0          0          0          1

0.00127386   0.678189  -0.734887    0.56995
  -0.99639 -0.0615187 -0.0584996  -0.111454
-0.0848831   0.732308   0.675662    1.59365
         0          0          0          1

0.00739329   0.690187  -0.723593    0.58562
 -0.993888 -0.0746334 -0.0813429  -0.118968
 -0.110146   0.719772   0.685417      1.553
         0          0          0          1

0.00739329   0.690187  -0.723593    0.58562
 -0.993888 -0.0746334 -0.0813429  -0.118968
 -0.110146   0.719772   0.685417      1.553
         0          0          0          1

 0.0117513   0.694531  -0.719367   0.595707
 -0.992141 -0.0815277 -0.0949202  -0.122856
 -0.124573   0.714829   0.688115     1.5273
         0          0          0          1

 0.0117513   0.694531  -0.719367   0.595707
 -0.992141 -0.0815277 -0.0949202  -0.122856
 -0.124573   0.714829   0.688115     1.5273
         0          0          0          1

 0.0164709   0.695069  -0.718754   0.605544
 -0.990082 -0.0889701  -0.108727  -0.126977
  -0.13952   0.713416    0.68671    1.50302
         0          0          0          1

 0.0164709   0.695069  -0.718754   0.605544
 -0.990082 -0.0889701  -0.108727  -0.126977
  -0.13952   0.713416    0.68671    1.50302
         0          0          0          1

0.0191367  0.694487 -0.719251  0.617841
 -0.98677 -0.102716 -0.125434 -0.132605
-0.160991  0.712136  0.683334   1.46915
        0         0         0         1

0.0191367  0.694487 -0.719251  0.617841
 -0.98677 -0.102716 -0.125434 -0.132605
-0.160991  0.712136  0.683334   1.46915
        0         0         0         1

0.0179922  0.697306 -0.716547  0.624869
-0.984404 -0.113081 -0.134763 -0.135965
-0.174999  0.707797  0.684397   1.44843
        0         0         0         1

0.0179922  0.697306 -0.716547  0.624869
-0.984404 -0.113081 -0.134763 -0.135965
-0.174999  0.707797  0.684397   1.44843
        0         0         0         1

0.0183525  0.700365 -0.713549  0.631642
-0.982228 -0.120702 -0.143734 -0.138967
-0.186793  0.703506  0.685703   1.42857
        0         0         0         1

0.0183525  0.700365 -0.713549  0.631642
-0.982228 -0.120702 -0.143734 -0.138967
-0.186793  0.703506  0.685703   1.42857
        0         0         0         1

0.0233024  0.709367 -0.704454  0.640453
-0.979787 -0.123833 -0.157107 -0.144122
-0.198681  0.693876  0.692143   1.40194
        0         0         0         1

0.0233024  0.709367 -0.704454  0.640453
-0.979787 -0.123833 -0.157107 -0.144122
-0.198681  0.693876  0.692143   1.40194
        0         0         0         1

0.0254158   0.71541 -0.698242  0.645151
-0.978392 -0.125565 -0.164266 -0.147428
-0.205193  0.687329   0.69676   1.38639
        0         0         0         1

0.0254158   0.71541 -0.698242  0.645151
-0.978392 -0.125565 -0.164266 -0.147428
-0.205193  0.687329   0.69676   1.38639
        0         0         0         1

0.0224825  0.721542 -0.692006  0.651105
-0.976161 -0.133621 -0.171039 -0.151095
-0.215879  0.679354  0.701337   1.36443
        0         0         0         1

0.0224825  0.721542 -0.692006  0.651105
-0.976161 -0.133621 -0.171039 -0.151095
-0.215879  0.679354  0.701337   1.36443
        0         0         0         1

0.0206602  0.723742 -0.689761  0.654168
-0.974771 -0.138783 -0.174817 -0.153579
-0.222249  0.675971  0.702616   1.35056
        0         0         0         1

0.0206602  0.723742 -0.689761  0.654168
-0.974771 -0.138783 -0.174817 -0.153579
-0.222249  0.675971  0.702616   1.35056
        0         0         0         1

0.0165514  0.727161 -0.686267  0.656688
-0.973559 -0.144679 -0.176781  -0.15524
-0.227837  0.671047   0.70554   1.33829
        0         0         0         1

0.0165514  0.727161 -0.686267  0.656688
-0.973559 -0.144679 -0.176781  -0.15524
-0.227837  0.671047   0.70554   1.33829
        0         0         0         1

0.0123138  0.733668 -0.679396  0.657804
 -0.97255 -0.149107 -0.178645  -0.15819
-0.232369  0.662946  0.711693   1.32236
        0         0         0         1

0.0123138  0.733668 -0.679396  0.657804
 -0.97255 -0.149107 -0.178645  -0.15819
-0.232369  0.662946  0.711693   1.32236
        0         0         0         1

0.0101776  0.734399 -0.678642  0.659038
-0.971875 -0.152421 -0.179519 -0.159476
-0.235278  0.661382  0.712192   1.31335
        0         0         0         1

0.0101776  0.734399 -0.678642  0.659038
-0.971875 -0.152421 -0.179519 -0.159476
-0.235278  0.661382  0.712192   1.31335
        0         0         0         1

0.00508948  0.730043 -0.683382  0.661584
-0.971228 -0.159107 -0.177204 -0.160794
-0.238098  0.664622  0.708228   1.30162
        0         0         0         1

0.00508948  0.730043 -0.683382  0.661584
-0.971228 -0.159107 -0.177204 -0.160794
-0.238098  0.664622  0.708228   1.30162
        0         0         0         1

0.00027541  0.729214 -0.684286   0.66246
-0.971582 -0.161777 -0.172789 -0.161479
-0.236702  0.664888  0.708446   1.29573
        0         0         0         1

0.00027541  0.729214 -0.684286   0.66246
-0.971582 -0.161777 -0.172789 -0.161479
-0.236702  0.664888  0.708446   1.29573
        0         0         0         1

-0.00464902  0.730953 -0.682412   0.66261
-0.971935 -0.163813 -0.168844 -0.162078
-0.235205  0.662475  0.711201    1.2915
        0         0         0         1

-0.00464902  0.730953 -0.682412   0.66261
-0.971935 -0.163813 -0.168844 -0.162078
-0.235205  0.662475  0.711201    1.2915
        0         0         0         1

-0.00158299  0.725362 -0.688366   0.66603
-0.973307 -0.159099 -0.165412 -0.164575
-0.229502  0.669729  0.706252   1.28897
        0         0         0         1

-0.00158299  0.725362 -0.688366   0.66603
-0.973307 -0.159099 -0.165412 -0.164575
-0.229502  0.669729  0.706252   1.28897
        0         0         0         1

-0.00238182  0.715226  -0.69889  0.668597
-0.974454 -0.158615 -0.159001 -0.166188
-0.224576  0.680657  0.697332   1.28998
        0         0         0         1

-0.00238182  0.715226  -0.69889  0.668597
-0.974454 -0.158615 -0.159001 -0.166188
-0.224576  0.680657  0.697332   1.28998
        0         0         0         1

-0.00637498  0.702438 -0.711716  0.668788
-0.975958 -0.159436 -0.148616 -0.168683
-0.217867  0.693657  0.686566   1.29202
        0         0         0         1

-0.00637498  0.702438 -0.711716  0.668788
-0.975958 -0.159436 -0.148616 -0.168683
-0.217867  0.693657  0.686566   1.29202
        0         0         0         1

-0.00764536  0.692806 -0.721083  0.668413
-0.976224 -0.161389  -0.14471 -0.169689
 -0.21663  0.702832  0.677568    1.2926
        0         0         0         1

-0.00764536  0.692806 -0.721083  0.668413
-0.976224 -0.161389  -0.14471 -0.169689
 -0.21663  0.702832  0.677568    1.2926
        0         0         0         1

-0.00246147  0.686375 -0.727244  0.667975
-0.974881 -0.163615 -0.151121 -0.169855
-0.222714  0.708604  0.669536   1.29188
        0         0         0         1

-0.00246147  0.686375 -0.727244  0.667975
-0.974881 -0.163615 -0.151121 -0.169855
-0.222714  0.708604  0.669536   1.29188
        0         0         0         1

0.00452169  0.681196 -0.732087  0.667524
-0.973047 -0.165798 -0.160283 -0.168697
-0.230562   0.71308  0.662087   1.29005
        0         0         0         1

0.00452169  0.681196 -0.732087  0.667524
-0.973047 -0.165798 -0.160283 -0.168697
-0.230562   0.71308  0.662087   1.29005
        0         0         0         1

0.0105652  0.680862 -0.732336  0.667185
 -0.97222 -0.164266 -0.166746 -0.167382
-0.233829  0.713753  0.660212   1.28969
        0         0         0         1

0.0105652  0.680862 -0.732336  0.667185
 -0.97222 -0.164266 -0.166746 -0.167382
-0.233829  0.713753  0.660212   1.28969
        0         0         0         1

0.0252361  0.677798 -0.734815  0.667631
-0.971447 -0.156834 -0.178028 -0.163736
-0.235911  0.718327  0.654487   1.29174
        0         0         0         1

0.0252361  0.677798 -0.734815  0.667631
-0.971447 -0.156834 -0.178028 -0.163736
-0.235911  0.718327  0.654487   1.29174
        0         0         0         1

 0.037247  0.675131 -0.736757   0.66793
-0.971547   -0.1481 -0.184829 -0.161182
-0.233898  0.722679  0.650406   1.29618
        0         0         0         1

 0.037247  0.675131 -0.736757   0.66793
-0.971547   -0.1481 -0.184829 -0.161182
-0.233898  0.722679  0.650406   1.29618
        0         0         0         1

0.0475569  0.673133 -0.737991  0.667826
 -0.97233 -0.137979 -0.188511 -0.158718
 -0.22872  0.726536  0.647945    1.3021
        0         0         0         1

0.0475569  0.673133 -0.737991  0.667826
 -0.97233 -0.137979 -0.188511 -0.158718
 -0.22872  0.726536  0.647945    1.3021
        0         0         0         1

0.0604343  0.672071 -0.738017  0.666855
-0.974595 -0.120019 -0.189102  -0.15451
-0.215666  0.730696  0.647744   1.31434
        0         0         0         1

0.0604343  0.672071 -0.738017  0.666855
-0.974595 -0.120019 -0.189102  -0.15451
-0.215666  0.730696  0.647744   1.31434
        0         0         0         1

0.0707159    0.6725 -0.736711  0.665982
-0.976299 -0.104786 -0.189367 -0.151662
-0.204546  0.732641  0.649152   1.32553
        0         0         0         1

0.0707159    0.6725 -0.736711  0.665982
-0.976299 -0.104786 -0.189367 -0.151662
-0.204546  0.732641  0.649152   1.32553
        0         0         0         1

 0.0884895   0.671274  -0.735908   0.663075
 -0.978486 -0.0796522  -0.190315  -0.147266
  -0.18637   0.736917   0.649784    1.34567
         0          0          0          1

 0.0884895   0.671274  -0.735908   0.663075
 -0.978486 -0.0796522  -0.190315  -0.147266
  -0.18637   0.736917   0.649784    1.34567
         0          0          0          1

  0.10077  0.668824 -0.736559  0.660052
-0.979445 -0.063337 -0.191512 -0.144752
-0.174739  0.740718  0.648694   1.36071
        0         0         0         1

  0.10077  0.668824 -0.736559  0.660052
-0.979445 -0.063337 -0.191512 -0.144752
-0.174739  0.740718  0.648694   1.36071
        0         0         0         1

  0.109056   0.665648  -0.738254   0.656451
 -0.980502 -0.0501009  -0.190015  -0.142059
  -0.16347   0.744582   0.647206     1.3775
         0          0          0          1

  0.109056   0.665648  -0.738254   0.656451
 -0.980502 -0.0501009  -0.190015  -0.142059
  -0.16347   0.744582   0.647206     1.3775
         0          0          0          1

  0.121245   0.663181  -0.738573   0.647563
 -0.981978 -0.0285392  -0.186829  -0.138462
  -0.14498   0.747914   0.647769    1.40369
         0          0          0          1

  0.121245   0.663181  -0.738573   0.647563
 -0.981978 -0.0285392  -0.186829  -0.138462
  -0.14498   0.747914   0.647769    1.40369
         0          0          0          1

 0.132854  0.662571 -0.737122  0.639416
-0.982204 -0.011607 -0.187459 -0.137122
-0.132761  0.748909  0.649238   1.42215
        0         0         0         1

 0.132854  0.662571 -0.737122  0.639416
-0.982204 -0.011607 -0.187459 -0.137122
-0.132761  0.748909  0.649238   1.42215
        0         0         0         1

  0.142766   0.663492  -0.734435   0.625528
  -0.98294 0.00811116  -0.183745  -0.134769
 -0.115957   0.748139   0.653332    1.45028
         0          0          0          1

  0.142766   0.663492  -0.734435   0.625528
  -0.98294 0.00811116  -0.183745  -0.134769
 -0.115957   0.748139   0.653332    1.45028
         0          0          0          1

 0.147932  0.663352 -0.733539  0.613341
-0.983382  0.019731 -0.180474 -0.134351
-0.105245  0.748047  0.655247   1.46918
        0         0         0         1

 0.147932  0.663352 -0.733539  0.613341
-0.983382  0.019731 -0.180474 -0.134351
-0.105245  0.748047  0.655247   1.46918
        0         0         0         1

 0.149212  0.662502 -0.734049  0.600363
-0.984121 0.0273274 -0.175381 -0.133739
-0.0961303  0.748562  0.656059   1.48777
        0         0         0         1

 0.149212  0.662502 -0.734049  0.600363
-0.984121 0.0273274 -0.175381 -0.133739
-0.0961303  0.748562  0.656059   1.48777
        0         0         0         1

 0.146935  0.657415 -0.739064  0.578622
-0.985688 0.0348931 -0.164929  -0.13412
-0.0826386  0.752721  0.653133   1.51473
        0         0         0         1

 0.146935  0.657415 -0.739064  0.578622
-0.985688 0.0348931 -0.164929  -0.13412
-0.0826386  0.752721  0.653133   1.51473
        0         0         0         1

 0.144411  0.654055 -0.742535  0.560919
-0.986613 0.0377127 -0.158661  -0.13548
 -0.07577  0.755507  0.650745   1.53189
        0         0         0         1

 0.144411  0.654055 -0.742535  0.560919
-0.986613 0.0377127 -0.158661  -0.13548
 -0.07577  0.755507  0.650745   1.53189
        0         0         0         1

 0.134843  0.648215 -0.749423  0.532322
-0.988698 0.0380048 -0.145023 -0.138121
-0.0655245  0.760508  0.646014   1.55684
        0         0         0         1

 0.134843  0.648215 -0.749423  0.532322
-0.988698 0.0380048 -0.145023 -0.138121
-0.0655245  0.760508  0.646014   1.55684
        0         0         0         1

 0.125035  0.646724 -0.752406   0.51204
-0.990267 0.0346163 -0.134809 -0.139887
-0.0611383  0.761938  0.644757   1.57228
        0         0         0         1

 0.125035  0.646724 -0.752406   0.51204
-0.990267 0.0346163 -0.134809 -0.139887
-0.0611383  0.761938  0.644757   1.57228
        0         0         0         1

  0.11573  0.648228   -0.7526  0.489432
 -0.99164 0.0318716 -0.125037 -0.141931
-0.0570657  0.760779  0.646497     1.586
        0         0         0         1

  0.11573  0.648228   -0.7526  0.489432
 -0.99164 0.0318716 -0.125037 -0.141931
-0.0570657  0.760779  0.646497     1.586
        0         0         0         1

  0.10196  0.657285 -0.746713  0.453663
-0.993496 0.0290261 -0.110107 -0.145646
-0.0506977  0.753083  0.655969   1.60456
        0         0         0         1

  0.10196  0.657285 -0.746713  0.453663
-0.993496 0.0290261 -0.110107 -0.145646
-0.0506977  0.753083  0.655969   1.60456
        0         0         0         1

 0.0889217   0.667114  -0.739629   0.428886
 -0.994971    0.02512 -0.0969629  -0.146965
-0.0461059   0.744532   0.665993    1.61544
         0          0          0          1

 0.0889217   0.667114  -0.739629   0.428886
 -0.994971    0.02512 -0.0969629  -0.146965
-0.0461059   0.744532   0.665993    1.61544
         0          0          0          1

 0.0682703   0.681772  -0.728372   0.390502
 -0.996812  0.0163952 -0.0780849  -0.149072
-0.0412943   0.731381   0.680718    1.63138
         0          0          0          1

 0.0682703   0.681772  -0.728372   0.390502
 -0.996812  0.0163952 -0.0780849  -0.149072
-0.0412943   0.731381   0.680718    1.63138
         0          0          0          1

 0.0543736   0.687326  -0.724311   0.363752
 -0.997763 0.00913799   -0.06623  -0.150241
-0.0389029   0.726292   0.686285    1.63962
         0          0          0          1

 0.0543736   0.687326  -0.724311   0.363752
 -0.997763 0.00913799   -0.06623  -0.150241
-0.0389029   0.726292   0.686285    1.63962
         0          0          0          1

  0.0364826    0.693208   -0.719814    0.336552
  -0.998596 -0.00239618  -0.0529198   -0.149941
 -0.0384092    0.720734    0.692147      1.6475
          0           0           0           1

  0.0364826    0.693208   -0.719814    0.336552
  -0.998596 -0.00239618  -0.0529198   -0.149941
 -0.0384092    0.720734    0.692147      1.6475
          0           0           0           1

0.00823332   0.699481  -0.714603   0.294502
 -0.999294 -0.0204363 -0.0315173  -0.148225
-0.0366496   0.714359   0.698819    1.65562
         0          0          0          1

0.00823332   0.699481  -0.714603   0.294502
 -0.999294 -0.0204363 -0.0315173  -0.148225
-0.0366496   0.714359   0.698819    1.65562
         0          0          0          1

-0.0115597   0.703838  -0.710267   0.266239
 -0.999219 -0.0349771 -0.0183982  -0.146484
-0.0377924   0.709499   0.703692    1.66032
         0          0          0          1

-0.0115597   0.703838  -0.710267   0.266239
 -0.999219 -0.0349771 -0.0183982  -0.146484
-0.0377924   0.709499   0.703692    1.66032
         0          0          0          1

-0.0289978   0.707675  -0.705943   0.236076
 -0.998759 -0.0491134 -0.0082082  -0.145463
  -0.04048   0.704829   0.708221     1.6631
         0          0          0          1

-0.0289978   0.707675  -0.705943   0.236076
 -0.998759 -0.0491134 -0.0082082  -0.145463
  -0.04048   0.704829   0.708221     1.6631
         0          0          0          1

-0.0633061   0.714814  -0.696443   0.193725
 -0.997043 -0.0757651  0.0128666  -0.138661
-0.0435688   0.695198   0.717496    1.66547
         0          0          0          1

-0.0633061   0.714814  -0.696443   0.193725
 -0.997043 -0.0757651  0.0128666  -0.138661
-0.0435688   0.695198   0.717496    1.66547
         0          0          0          1

-0.0882452   0.718236  -0.690181   0.165043
 -0.995093 -0.0946894  0.0286924  -0.132702
-0.0447449   0.689327   0.723067    1.66418
         0          0          0          1

-0.0882452   0.718236  -0.690181   0.165043
 -0.995093 -0.0946894  0.0286924  -0.132702
-0.0447449   0.689327   0.723067    1.66418
         0          0          0          1

-0.123888  0.721391 -0.681357  0.121316
-0.990922 -0.126064 0.0467035 -0.123408
-0.052203  0.680957   0.73046   1.65963
        0         0         0         1

-0.123888  0.721391 -0.681357  0.121316
-0.990922 -0.126064 0.0467035 -0.123408
-0.052203  0.680957   0.73046   1.65963
        0         0         0         1

-0.148517  0.722681 -0.675037 0.0929196
-0.987203 -0.148438 0.0582826 -0.115409
-0.0580814  0.675055  0.735478   1.65535
        0         0         0         1

-0.148517  0.722681 -0.675037 0.0929196
-0.987203 -0.148438 0.0582826 -0.115409
-0.0580814  0.675055  0.735478   1.65535
        0         0         0         1

-0.187978   0.72195 -0.665922 0.0526198
-0.979755 -0.185383 0.0755862 -0.101017
-0.0688813  0.666649  0.742182   1.64611
        0         0         0         1

-0.187978   0.72195 -0.665922 0.0526198
-0.979755 -0.185383 0.0755862 -0.101017
-0.0688813  0.666649  0.742182   1.64611
        0         0         0         1

 -0.213585   0.718746  -0.661654  0.0256466
 -0.973691  -0.211682  0.0843645 -0.0916202
-0.0794236   0.662265   0.745048    1.63687
         0          0          0          1

 -0.213585   0.718746  -0.661654  0.0256466
 -0.973691  -0.211682  0.0843645 -0.0916202
-0.0794236   0.662265   0.745048    1.63687
         0          0          0          1

   -0.242476     0.712568    -0.658371 -0.000493167
   -0.966328    -0.237627    0.0987079   -0.0796546
  -0.0861104     0.660137     0.746193      1.62391
           0            0            0            1

   -0.242476     0.712568    -0.658371 -0.000493167
   -0.966328    -0.237627    0.0987079   -0.0796546
  -0.0861104     0.660137     0.746193      1.62391
           0            0            0            1

 -0.280173   0.700645  -0.656201 -0.0388736
 -0.954479    -0.2762    0.11262 -0.0624817
 -0.102336   0.657883   0.746135     1.6044
         0          0          0          1

 -0.280173   0.700645  -0.656201 -0.0388736
 -0.954479    -0.2762    0.11262 -0.0624817
 -0.102336   0.657883   0.746135     1.6044
         0          0          0          1

 -0.305039   0.695751  -0.650293 -0.0620522
 -0.945552  -0.302647   0.119735 -0.0500735
 -0.113504    0.65141   0.750188    1.59318
         0          0          0          1

 -0.305039   0.695751  -0.650293 -0.0620522
 -0.945552  -0.302647   0.119735 -0.0500735
 -0.113504    0.65141   0.750188    1.59318
         0          0          0          1

 -0.343454   0.681264  -0.646467 -0.0941137
 -0.930205  -0.341638    0.13417 -0.0298338
 -0.129452   0.647428   0.751052    1.57148
         0          0          0          1

 -0.343454   0.681264  -0.646467 -0.0941137
 -0.930205  -0.341638    0.13417 -0.0298338
 -0.129452   0.647428   0.751052    1.57148
         0          0          0          1

 -0.365568   0.668272  -0.647899  -0.115416
 -0.919813  -0.365934   0.141551 -0.0179771
 -0.142493   0.647692   0.748459    1.55571
         0          0          0          1

 -0.365568   0.668272  -0.647899  -0.115416
 -0.919813  -0.365934   0.141551 -0.0179771
 -0.142493   0.647692   0.748459    1.55571
         0          0          0          1

  -0.388236    0.651674   -0.651608   -0.133852
  -0.908711   -0.388373    0.153008 -0.00508638
  -0.153356    0.651526    0.742964     1.53744
          0           0           0           1

  -0.388236    0.651674   -0.651608   -0.133852
  -0.908711   -0.388373    0.153008 -0.00508638
  -0.153356    0.651526    0.742964     1.53744
          0           0           0           1

-0.426699  0.629605 -0.649251  -0.15809
-0.888195 -0.426993  0.169664  0.018598
-0.170404  0.649057  0.741409   1.51753
        0         0         0         1

-0.426699  0.629605 -0.649251  -0.15809
-0.888195 -0.426993  0.169664  0.018598
-0.170404  0.649057  0.741409   1.51753
        0         0         0         1

 -0.44675  0.611795  -0.65278 -0.174463
-0.875855 -0.447886  0.179653 0.0304353
 -0.18246  0.652001  0.735937   1.50076
        0         0         0         1

 -0.44675  0.611795  -0.65278 -0.174463
-0.875855 -0.447886  0.179653 0.0304353
 -0.18246  0.652001  0.735937   1.50076
        0         0         0         1

-0.490219  0.579009 -0.651486 -0.190306
-0.849494 -0.484667  0.208464 0.0592409
-0.195051  0.655626  0.729458   1.47853
        0         0         0         1

-0.490219  0.579009 -0.651486 -0.190306
-0.849494 -0.484667  0.208464 0.0592409
-0.195051  0.655626  0.729458   1.47853
        0         0         0         1

-0.513784  0.558413 -0.651308 -0.199829
-0.833358 -0.505197  0.224253 0.0758852
-0.203813   0.65799   0.72492   1.46465
        0         0         0         1

-0.513784  0.558413 -0.651308 -0.199829
-0.833358 -0.505197  0.224253 0.0758852
-0.203813   0.65799   0.72492   1.46465
        0         0         0         1

-0.525374  0.544002 -0.654251 -0.211183
-0.824013 -0.516961  0.231849 0.0845913
-0.212096  0.660919  0.719862   1.45122
        0         0         0         1

-0.525374  0.544002 -0.654251 -0.211183
-0.824013 -0.516961  0.231849 0.0845913
-0.212096  0.660919  0.719862   1.45122
        0         0         0         1

-0.546626  0.519204 -0.656983 -0.221855
-0.806116 -0.538648  0.245022   0.10284
-0.226666   0.66354  0.712978   1.43066
        0         0         0         1

-0.546626  0.519204 -0.656983 -0.221855
-0.806116 -0.538648  0.245022   0.10284
-0.226666   0.66354  0.712978   1.43066
        0         0         0         1

-0.558507  0.507256 -0.656323 -0.227569
 -0.79659 -0.548647  0.253833    0.1124
-0.231332  0.664588  0.710499   1.41955
        0         0         0         1

-0.558507  0.507256 -0.656323 -0.227569
 -0.79659 -0.548647  0.253833    0.1124
-0.231332  0.664588  0.710499   1.41955
        0         0         0         1

-0.576002   0.48487  -0.65812  -0.23252
-0.780877 -0.564487  0.267556  0.129838
 -0.24177  0.668024   0.70377   1.40191
        0         0         0         1

-0.576002   0.48487  -0.65812  -0.23252
-0.780877 -0.564487  0.267556  0.129838
 -0.24177  0.668024   0.70377   1.40191
        0         0         0         1

-0.589083  0.469901   -0.6574 -0.231213
-0.769682 -0.574059  0.279367  0.145362
-0.246111  0.670559  0.699843   1.39074
        0         0         0         1

-0.589083  0.469901   -0.6574 -0.231213
-0.769682 -0.574059  0.279367  0.145362
-0.246111  0.670559  0.699843   1.39074
        0         0         0         1

-0.594452  0.468173  -0.65379 -0.232338
-0.763457 -0.583895  0.276043  0.150847
-0.252509  0.663234  0.704528   1.38731
        0         0         0         1

-0.594452  0.468173  -0.65379 -0.232338
-0.763457 -0.583895  0.276043  0.150847
-0.252509  0.663234  0.704528   1.38731
        0         0         0         1

-0.594276  0.471271  -0.65172  -0.23645
-0.762705 -0.587341  0.270762   0.15457
 -0.25518  0.657977  0.708484   1.37635
        0         0         0         1

-0.594276  0.471271  -0.65172  -0.23645
-0.762705 -0.587341  0.270762   0.15457
 -0.25518  0.657977  0.708484   1.37635
        0         0         0         1

-0.598982  0.467036  -0.65046 -0.232311
-0.758712 -0.590774  0.274487  0.163856
-0.256079  0.657924  0.708208   1.36901
        0         0         0         1

-0.598982  0.467036  -0.65046 -0.232311
-0.758712 -0.590774  0.274487  0.163856
-0.256079  0.657924  0.708208   1.36901
        0         0         0         1

-0.598091  0.465742 -0.652205 -0.232483
-0.758297 -0.592243  0.272457  0.165993
-0.259369  0.657519  0.707387   1.36129
        0         0         0         1

-0.598091  0.465742 -0.652205 -0.232483
-0.758297 -0.592243  0.272457  0.165993
-0.259369  0.657519  0.707387   1.36129
        0         0         0         1

-0.600369     0.468 -0.648485 -0.231284
-0.755903 -0.596821  0.269102  0.170352
 -0.26109  0.651752  0.712075   1.35857
        0         0         0         1

-0.600369     0.468 -0.648485 -0.231284
-0.755903 -0.596821  0.269102  0.170352
 -0.26109  0.651752  0.712075   1.35857
        0         0         0         1

-0.600161  0.468338 -0.648434 -0.230768
-0.755838 -0.597337  0.268137  0.172209
-0.261755  0.651036  0.712486   1.35134
        0         0         0         1

-0.600161  0.468338 -0.648434 -0.230768
-0.755838 -0.597337  0.268137  0.172209
-0.261755  0.651036  0.712486   1.35134
        0         0         0         1

-0.600491  0.467582 -0.648673 -0.227597
-0.754806 -0.599243  0.266789   0.17645
-0.263967  0.649827  0.712774   1.34255
        0         0         0         1

-0.600491  0.467582 -0.648673 -0.227597
-0.754806 -0.599243  0.266789   0.17645
-0.263967  0.649827  0.712774   1.34255
        0         0         0         1

 -0.60205  0.466385  -0.64809 -0.225687
-0.753122 -0.601308  0.266902  0.179112
-0.265222  0.648779  0.713262   1.33931
        0         0         0         1

 -0.60205  0.466385  -0.64809 -0.225687
-0.753122 -0.601308  0.266902  0.179112
-0.265222  0.648779  0.713262   1.33931
        0         0         0         1

-0.600905  0.469173  -0.64714  -0.22672
-0.753665 -0.602268  0.263179  0.178594
-0.266275  0.645872  0.715505   1.33561
        0         0         0         1

-0.600905  0.469173  -0.64714  -0.22672
-0.753665 -0.602268  0.263179  0.178594
-0.266275  0.645872  0.715505   1.33561
        0         0         0         1

-0.598912  0.472721 -0.646405 -0.227595
-0.755224 -0.601877  0.259578  0.175881
-0.266348  0.643645  0.717482   1.32914
        0         0         0         1

-0.598912  0.472721 -0.646405 -0.227595
-0.755224 -0.601877  0.259578  0.175881
-0.266348  0.643645  0.717482   1.32914
        0         0         0         1

-0.602532  0.469681 -0.645256 -0.222635
-0.751579 -0.605908  0.260776  0.181214
-0.268484  0.642087  0.718081   1.32701
        0         0         0         1

-0.602532  0.469681 -0.645256 -0.222635
-0.751579 -0.605908  0.260776  0.181214
-0.268484  0.642087  0.718081   1.32701
        0         0         0         1

-0.608703  0.463705 -0.643784 -0.213648
 -0.74495 -0.613241  0.262651  0.191325
-0.273003  0.639463  0.718718   1.31804
        0         0         0         1

-0.608703  0.463705 -0.643784 -0.213648
 -0.74495 -0.613241  0.262651  0.191325
-0.273003  0.639463  0.718718   1.31804
        0         0         0         1

-0.609418  0.465207 -0.642022 -0.212292
-0.744223 -0.614871  0.260895  0.193383
 -0.27339  0.636801  0.720931   1.31069
        0         0         0         1

-0.609418  0.465207 -0.642022 -0.212292
-0.744223 -0.614871  0.260895  0.193383
 -0.27339  0.636801  0.720931   1.31069
        0         0         0         1

-0.607253  0.472139 -0.639006 -0.212844
  -0.7464 -0.614629  0.255182  0.190936
-0.272271  0.631914   0.72564   1.31136
        0         0         0         1

-0.607253  0.472139 -0.639006 -0.212844
  -0.7464 -0.614629  0.255182  0.190936
-0.272271  0.631914   0.72564   1.31136
        0         0         0         1

-0.606802   0.48134 -0.632536 -0.211065
-0.747458 -0.616236  0.248113  0.190635
-0.270365   0.62335  0.733715   1.31141
        0         0         0         1

-0.606802   0.48134 -0.632536 -0.211065
-0.747458 -0.616236  0.248113  0.190635
-0.270365   0.62335  0.733715   1.31141
        0         0         0         1

-0.609132  0.481477 -0.630189  -0.20987
-0.745295 -0.619159  0.247341  0.191819
-0.271099   0.62034  0.735992   1.30969
        0         0         0         1

-0.609132  0.481477 -0.630189  -0.20987
-0.745295 -0.619159  0.247341  0.191819
-0.271099   0.62034  0.735992   1.30969
        0         0         0         1

-0.615061  0.470926 -0.632399 -0.208308
-0.738842 -0.624303  0.253689  0.194612
 -0.27534  0.623277  0.731925   1.30935
        0         0         0         1

-0.615061  0.470926 -0.632399 -0.208308
-0.738842 -0.624303  0.253689  0.194612
 -0.27534  0.623277  0.731925   1.30935
        0         0         0         1

-0.616167   0.46302 -0.637142 -0.210001
-0.736525 -0.625342  0.257834  0.192936
-0.279049   0.62814  0.726341   1.30868
        0         0         0         1

-0.616167   0.46302 -0.637142 -0.210001
-0.736525 -0.625342  0.257834  0.192936
-0.279049   0.62814  0.726341   1.30868
        0         0         0         1

-0.616881  0.458811 -0.639493 -0.210081
-0.734382 -0.627789  0.258001  0.192805
-0.283093  0.628787  0.724213   1.30902
        0         0         0         1

 -0.62046  0.446315 -0.644851 -0.209521
 -0.72908 -0.631196  0.264638  0.193929
-0.288916  0.634345  0.717031   1.30831
        0         0         0         1

-0.625569  0.434024 -0.648296 -0.208858
-0.723564 -0.633515  0.274069  0.196714
-0.291753  0.640532  0.710351   1.30589
        0         0         0         1

-0.625569  0.434024 -0.648296 -0.208858
-0.723564 -0.633515  0.274069  0.196714
-0.291753  0.640532  0.710351   1.30589
        0         0         0         1

-0.624689  0.438819 -0.645912 -0.208867
 -0.72481  -0.63361  0.270533  0.196353
-0.290541  0.637163  0.713869   1.30766
        0         0         0         1

-0.624689  0.438819 -0.645912 -0.208867
 -0.72481  -0.63361  0.270533  0.196353
-0.290541  0.637163  0.713869   1.30766
        0         0         0         1

-0.626678  0.443439 -0.640809  -0.20977
  -0.7238 -0.635932  0.267775  0.196316
-0.288769  0.631627  0.719486   1.31462
        0         0         0         1

-0.626678  0.443439 -0.640809  -0.20977
  -0.7238 -0.635932  0.267775  0.196316
-0.288769  0.631627  0.719486   1.31462
        0         0         0         1

