  -0.90977  -0.413192 -0.0398866 -0.0028188
 -0.413921   0.895688   0.162516    0.85006
-0.0314245   0.164363  -0.985899     2.3697
         0          0          0          1

 -0.893356  -0.448628 -0.0254447 -0.0296139
 -0.445635   0.877287   0.178258     0.7997
 -0.057649   0.170587  -0.983655    2.36856
         0          0          0          1

 -0.882014  -0.471031 -0.0134497 -0.0464185
 -0.465304   0.866069   0.182802   0.768728
-0.0744571   0.167492  -0.983058    2.35511
         0          0          0          1

 -0.859739  -0.509865  0.0297836 -0.0750446
 -0.497375   0.849077    0.17801   0.719205
 -0.116049   0.138228  -0.983578    2.30613
         0          0          0          1

 -0.845424  -0.532361  0.0430094 -0.0865899
 -0.516488   0.835405   0.187988   0.685762
 -0.136008   0.136716  -0.981229    2.29644
         0          0          0          1

 -0.837991  -0.542239  0.0612189 -0.0903806
 -0.524515   0.831342   0.183726   0.670029
 -0.150517   0.121851  -0.981069    2.27229
         0          0          0          1

-0.819757 -0.567932 0.0738391 -0.111323
-0.548211  0.815445  0.185778  0.638254
-0.165721  0.111813 -0.979813   2.25076
        0         0         0         1

-0.815464 -0.573114 0.0809819 -0.109092
-0.551501  0.811817  0.191831   0.61506
-0.175684  0.111769 -0.978081   2.24647
        0         0         0         1

 -0.79446 -0.598327  0.104109 -0.131921
-0.571435  0.794506  0.205482   0.58057
 -0.20566  0.103756 -0.973108   2.22732
        0         0         0         1

-0.771207 -0.621753  0.136613  -0.15051
-0.590817  0.778986  0.210039  0.535883
-0.237012 0.0812705 -0.968101   2.18297
        0         0         0         1

-0.754304 -0.637737  0.155942 -0.163336
 -0.60618  0.767748  0.207624  0.515216
-0.252134 0.0620825 -0.965699   2.15274
        0         0         0         1

-0.756581 -0.631951  0.167996 -0.156537
-0.601234  0.773311  0.201268  0.506136
-0.257105 0.0512701 -0.965023   2.13398
        0         0         0         1

 -0.74344 -0.644236  0.179602 -0.165498
-0.610454  0.763355  0.211271  0.479724
-0.273208 0.0474285 -0.960785   2.12347
        0         0         0         1

-0.716577 -0.668394  0.199413 -0.183325
-0.625917  0.742354  0.239038  0.425708
-0.307807 0.0464729 -0.950313   2.09577
        0         0         0         1

-0.708993 -0.669157  0.222617 -0.186493
-0.626336  0.742563  0.237282  0.415509
-0.324086 0.0287977 -0.945589   2.06694
        0         0         0         1

-0.691624 -0.682259  0.237021 -0.197779
  -0.6353  0.730775  0.249723  0.390232
-0.343585 0.0221352 -0.938861   2.04867
        0         0         0         1

 -0.684672  -0.683283   0.253671  -0.198919
 -0.637004   0.730112   0.247308   0.377708
  -0.35419 0.00773548  -0.935142    2.02461
         0          0          0          1

-0.670836 -0.692736  0.264758 -0.208831
-0.643007  0.721186  0.257746   0.35204
-0.369489 0.0026641 -0.929231   2.00967
        0         0         0         1

  -0.671136   -0.689749    0.271704   -0.205741
  -0.640363    0.724046    0.256305    0.341483
  -0.373512 -0.00197413   -0.927623     1.99047
          0           0           0           1

 -0.657042  -0.696943   0.287343  -0.217253
 -0.645202   0.717025   0.263797   0.310287
 -0.389884 -0.0120685  -0.920785    1.95191
         0          0          0          1

 -0.659278  -0.692862   0.292052  -0.214433
  -0.64008   0.720972   0.265514   0.302457
 -0.394526 -0.0118896  -0.918808    1.93804
         0          0          0          1

 -0.648574  -0.698542   0.302309  -0.224449
 -0.641683   0.715418   0.276442   0.283436
 -0.409383 -0.0146936  -0.912244    1.91526
         0          0          0          1

 -0.649627  -0.694485   0.309313  -0.221835
 -0.638859   0.719223   0.273087   0.279253
  -0.41212 -0.0202031  -0.910905    1.89334
         0          0          0          1

 -0.638687  -0.701592   0.315986  -0.230857
 -0.638684   0.712397   0.290814   0.244319
 -0.429141 -0.0160765  -0.903095    1.86219
         0          0          0          1

 -0.637537  -0.700438   0.320832  -0.231639
 -0.636225    0.71351   0.293464   0.237175
  -0.43447 -0.0170277  -0.900525    1.84443
         0          0          0          1

 -0.634337  -0.699463   0.329193  -0.231158
 -0.631557   0.714469   0.301113   0.227312
 -0.445816 -0.0168972  -0.894965    1.82701
         0          0          0          1

 -0.627162  -0.703456   0.334391  -0.234096
 -0.631356   0.710552   0.310654   0.213599
 -0.456133 -0.0162894  -0.889762    1.80913
         0          0          0          1

 -0.620058    -0.7071   0.339909  -0.237523
 -0.629098   0.706985   0.323122   0.199985
  -0.46879 -0.0134821  -0.883207    1.79208
         0          0          0          1

-0.617749 -0.706156  0.346021 -0.237744
  -0.6268  0.707882  0.325615    0.1933
-0.474877 -0.015738 -0.879912   1.77452
        0         0         0         1

 -0.611521  -0.707987   0.353267  -0.237915
 -0.620756    0.70614   0.340628   0.173532
 -0.490616 -0.0109911  -0.871306    1.74614
         0          0          0          1

 -0.604881  -0.710442   0.359709  -0.241813
 -0.618777   0.703664   0.349244   0.161445
 -0.501231 -0.0113287  -0.865239    1.73303
         0          0          0          1

-0.604194 -0.707889  0.365845 -0.239786
-0.615773  0.706182  0.349472  0.156814
-0.505741 -0.014129  -0.86257    1.7163
        0         0         0         1

  -0.60386  -0.704687   0.372518  -0.238141
 -0.612573   0.709301    0.34878   0.151958
 -0.510008 -0.0175804   -0.85999    1.70095
         0          0          0          1

 -0.605053  -0.700214    0.37896  -0.234941
 -0.601895   0.713841   0.357986   0.141766
 -0.521184 -0.0114933  -0.853367    1.68129
         0          0          0          1

 -0.604543  -0.698727   0.382502  -0.232956
 -0.600658   0.715256   0.357239   0.137289
 -0.523199 -0.0137863  -0.852099    1.66658
         0          0          0          1

 -0.599116  -0.701784   0.385433  -0.236363
 -0.601172    0.71224   0.362363   0.126426
 -0.528822 -0.0146142  -0.848607    1.65468
         0          0          0          1

 -0.597988  -0.700273   0.389908  -0.234567
 -0.598659   0.713696   0.363656   0.122731
 -0.532934 -0.0159601  -0.846006    1.64294
         0          0          0          1

 -0.596762  -0.700664   0.391082  -0.233739
 -0.595205    0.71339   0.369873   0.115842
 -0.538151 -0.0120478  -0.842763    1.63712
         0          0          0          1

 -0.589729  -0.705213   0.393565  -0.238227
 -0.597447   0.708856    0.37494   0.104522
 -0.543394 -0.0140212  -0.839361     1.6237
         0          0          0          1

 -0.586357  -0.705231    0.39854  -0.235782
 -0.593129   0.708866   0.381717  0.0950399
  -0.55171 -0.0125635  -0.833941    1.60618
         0          0          0          1

  -0.58516  -0.704916   0.400852  -0.234725
 -0.591374   0.709182   0.383846   0.091053
 -0.554856 -0.0124419  -0.831853    1.59674
         0          0          0          1

 -0.585909   -0.70203   0.404802  -0.231917
 -0.586704   0.712054    0.38569  0.0890037
 -0.559007 -0.0115196  -0.829083    1.58966
         0          0          0          1

 -0.580893  -0.704977   0.406904  -0.235571
 -0.588279     0.7091   0.388722  0.0805568
 -0.562576 -0.0135674  -0.826634    1.58082
         0          0          0          1

 -0.579082   -0.70467   0.410004  -0.236032
 -0.584357   0.709443   0.393977   0.069857
 -0.568499 -0.0114439  -0.822605    1.56912
         0          0          0          1

  -0.580903    -0.70176    0.412413   -0.234391
  -0.580062    0.712347    0.395081   0.0679655
  -0.571033 -0.00972137   -0.820869     1.56591
          0           0           0           1

 -0.576746   -0.70213   0.417586  -0.236463
 -0.580958   0.711891   0.394588  0.0621268
 -0.574328 -0.0150231  -0.818488    1.55426
         0          0          0          1

 -0.574597  -0.702708   0.419571  -0.237313
 -0.581117   0.711285   0.395446  0.0569142
 -0.576317 -0.0165976  -0.817057    1.54885
         0          0          0          1

 -0.576296  -0.700134    0.42154  -0.235833
 -0.578605   0.713821   0.394558  0.0569304
 -0.577147 -0.0165227  -0.816473    1.54586
         0          0          0          1

 -0.574104  -0.699878   0.424941  -0.236421
 -0.576673   0.714056   0.396954    0.05287
 -0.581251 -0.0171592  -0.813543    1.54052
         0          0          0          1

 -0.571136  -0.698445   0.431252  -0.237936
 -0.574591   0.715364   0.397617  0.0438701
 -0.586216 -0.0207004   -0.80989    1.53018
         0          0          0          1

 -0.570136  -0.697323    0.43438  -0.238957
 -0.573744   0.716391   0.396991  0.0417693
 -0.588017 -0.0228842  -0.808525    1.52488
         0          0          0          1

 -0.570212  -0.696011   0.436379  -0.239154
  -0.57108   0.717694   0.398475  0.0398394
  -0.59053 -0.0219916  -0.806716    1.52339
         0          0          0          1

 -0.571665  -0.693116   0.439078  -0.237801
 -0.568303    0.72048   0.397417  0.0402209
 -0.591803 -0.0223397  -0.805773    1.51906
         0          0          0          1

 -0.567408  -0.693929   0.443295  -0.240294
 -0.567449   0.719627   0.400173  0.0328272
 -0.596698 -0.0244857  -0.802092    1.51025
         0          0          0          1

 -0.565471  -0.694575   0.444757  -0.240939
 -0.567784   0.718957   0.400901  0.0314365
 -0.598217 -0.0258279  -0.800918    1.50455
         0          0          0          1

 -0.566222  -0.695294   0.442672  -0.241196
 -0.566775   0.718373   0.403368  0.0299305
 -0.598463 -0.0224999  -0.800834    1.50463
         0          0          0          1

 -0.566731   -0.69608   0.440782  -0.241385
 -0.564648   0.717739   0.407459  0.0287942
  -0.59999 -0.0179672  -0.799806     1.5052
         0          0          0          1

-0.564056  -0.69659    0.4434 -0.241292
-0.564845  0.717184  0.408164  0.029112
-0.602322 -0.020225 -0.797997   1.49668
        0         0         0         1

  -0.56329  -0.697771   0.442515   -0.24216
 -0.564595   0.716078   0.410444  0.0271604
 -0.603272 -0.0186429  -0.797318    1.49373
         0          0          0          1

 -0.564744  -0.697328   0.441359  -0.241202
 -0.561291   0.716617   0.414019  0.0283442
 -0.604993 -0.0139163  -0.796109    1.49037
         0          0          0          1

 -0.564403  -0.697506   0.441515  -0.240649
 -0.560708   0.716456   0.415087  0.0288496
 -0.605852 -0.0132842  -0.795467    1.48584
         0          0          0          1

 -0.565577  -0.697223   0.440458  -0.240452
 -0.559514   0.716769   0.416157  0.0303692
 -0.605861 -0.0110733  -0.795494    1.48349
         0          0          0          1

  -0.564739   -0.699148    0.438476   -0.242116
  -0.557957    0.714945    0.421351   0.0282259
  -0.608073 -0.00669716   -0.793853     1.48228
          0           0           0           1

 -0.565787  -0.702424   0.431839  -0.244114
 -0.556346   0.711754   0.428818  0.0261277
 -0.608576 0.00236762  -0.793492    1.47916
         0          0          0          1

 -0.563634  -0.706993   0.427174  -0.246449
 -0.556793   0.707178   0.435752  0.0229003
 -0.610162 0.00775692  -0.792238    1.47841
         0          0          0          1

-0.566517 -0.705633  0.425607 -0.246323
-0.554266  0.708483  0.436853 0.0244741
-0.609793 0.0115854 -0.792476   1.47677
        0         0         0         1

-0.567005 -0.705313  0.425486 -0.246455
-0.552555  0.708766  0.438558 0.0252459
-0.610891 0.0135599 -0.791599   1.47445
        0         0         0         1

 -0.56601  -0.70639  0.425025 -0.246185
-0.552304  0.707671  0.440638 0.0259062
 -0.61204  0.014662 -0.790691   1.47115
        0         0         0         1

-0.567418 -0.707701  0.420946 -0.246344
-0.552705  0.706273  0.442374 0.0256857
-0.610372 0.0183517 -0.791902   1.47073
        0         0         0         1

-0.565083  -0.70996  0.420284 -0.244236
-0.554943  0.704032  0.443144 0.0277166
-0.610508 0.0171796 -0.791824   1.46684
        0         0         0         1

-0.557452 -0.713905  0.423778 -0.243954
 -0.55894   0.70016  0.444254 0.0256478
-0.613867  0.010784 -0.789336   1.45935
        0         0         0         1

-0.556022 -0.715343   0.42323 -0.240106
-0.559174  0.698679  0.446286 0.0279325
 -0.61495 0.0114853 -0.788482   1.46044
        0         0         0         1

-0.551819 -0.720409  0.420127 -0.238063
-0.561416  0.693421   0.45164 0.0261944
-0.616691 0.0133572 -0.787092   1.46252
        0         0         0         1

-0.536658 -0.736051  0.412585 -0.229997
-0.571316  0.676792  0.464274 0.0235483
-0.620964 0.0134403 -0.783724    1.4641
        0         0         0         1

-0.528551 -0.742658   0.41121  -0.22434
-0.578203  0.669616   0.46615 0.0232185
-0.621542 0.0086211 -0.783333   1.46283
        0         0         0         1

 -0.521957  -0.750268   0.405781  -0.216729
  -0.58622   0.661101   0.468286  0.0242159
 -0.619602 0.00654821  -0.784888    1.46328
         0          0          0          1

  -0.50971  -0.765081   0.393507  -0.209526
 -0.599704   0.643905   0.475122  0.0209105
 -0.616888 0.00618642  -0.787027    1.46536
         0          0          0          1

 -0.495888  -0.780155   0.381384  -0.200717
 -0.614101   0.625571   0.481188   0.017087
 -0.613983 0.00440681  -0.789307    1.46681
         0          0          0          1

-0.488475 -0.791433  0.367459 -0.187784
-0.625354  0.611214  0.485129 0.0167606
-0.608543 0.0071821 -0.793488   1.47085
        0         0         0         1

 -0.455453  -0.824045   0.336915   -0.16239
 -0.655466   0.566485   0.499458 0.00936702
 -0.602434 0.00664324  -0.798141    1.47634
         0          0          0          1

 -0.442393  -0.837078   0.321851  -0.147619
 -0.668085   0.547023   0.504408 0.00906776
 -0.598289 0.00812279  -0.801239    1.48022
         0          0          0          1

 -0.430203  -0.847663   0.310471  -0.129562
 -0.679548   0.530488   0.506751  0.0110146
 -0.594256 0.00702594  -0.804246    1.48428
         0          0          0          1

-0.416811 -0.860028  0.294315 -0.112635
-0.692792  0.510176  0.509666  0.011524
-0.588479 0.0085355 -0.808467   1.48982
        0         0         0         1

 -0.376856  -0.889298   0.259092 -0.0759836
 -0.722269    0.45725   0.518892 0.00714211
  -0.57992 0.00841383   -0.81463    1.50036
         0          0          0          1

 -0.355897  -0.902745   0.241638 -0.0576605
 -0.737104   0.430112   0.521231 0.00407976
  -0.57447 0.00739258  -0.818492    1.50612
         0          0          0          1

 -0.336331  -0.913068   0.230626 -0.0346703
 -0.751025   0.407805   0.519284 0.00535146
 -0.568192 0.00144554  -0.822895    1.50893
         0          0          0          1

   -0.317258    -0.923454     0.215824   -0.0129044
    -0.76391     0.383709     0.518854   0.00527162
   -0.561952 -0.000259378     -0.82717      1.51619
           0            0            0            1

  -0.293701   -0.934249    0.202285    0.010498
  -0.775844    0.356599    0.520483  0.00399354
  -0.558395 -0.00407496   -0.829565     1.52248
          0           0           0           1

  -0.275727   -0.942068    0.191003   0.0366503
  -0.785972     0.33535    0.519412  0.00675338
  -0.553375 -0.00690741   -0.832904      1.5293
          0           0           0           1

 -0.225557  -0.959809   0.167006   0.087467
 -0.804364   0.280189   0.523921 0.00526096
 -0.549657 -0.0161599  -0.835234    1.54212
         0          0          0          1

 -0.202135  -0.966065   0.160807   0.113775
  -0.81334   0.257056    0.52192 0.00764109
 -0.545545 -0.0252924    -0.8377      1.545
         0          0          0          1

 -0.182053   -0.97112   0.154217   0.143713
 -0.821445    0.23641   0.518979  0.0106043
 -0.540449 -0.0321987   -0.84076    1.55122
         0          0          0          1

   -0.1558   -0.97673   0.147394   0.171425
 -0.827305   0.210557     0.5208  0.0112096
 -0.539716 -0.0407994  -0.840858    1.55586
         0          0          0          1

 -0.112998  -0.984342   0.135287    0.23293
  -0.83695   0.167678    0.52096  0.0171394
 -0.535487 -0.0543615  -0.842792    1.56839
         0          0          0          1

-0.0902915  -0.986888   0.133792   0.262993
 -0.840686   0.147552   0.521033  0.0200501
 -0.533942 -0.0654321  -0.842985    1.57147
         0          0          0          1

-0.0680793  -0.989105   0.130526   0.294913
 -0.843739   0.126898   0.521538  0.0233022
 -0.532419 -0.0746241  -0.843185    1.57533
         0          0          0          1

-0.0461159  -0.990519   0.129401   0.326184
 -0.846227   0.107572    0.52185  0.0264789
 -0.530823 -0.0854367  -0.843165    1.57786
         0          0          0          1

 -0.020696  -0.991919   0.125176    0.35807
 -0.847103  0.0838976   0.524764  0.0280078
 -0.531025 -0.0951766  -0.841994    1.58201
         0          0          0          1

-0.00372071  -0.99233  0.123558  0.391036
 -0.84817 0.0685826  0.525265  0.031348
 -0.52971 -0.102844  -0.84192   1.58511
        0         0         0         1

0.0448048 -0.991566  0.121613  0.454926
-0.847007 0.0268412  0.530903 0.0356569
 -0.52969 -0.126794 -0.838661   1.58837
        0         0         0         1

 0.0665052  -0.990446   0.120802   0.487014
  -0.84598 0.00822214   0.533151  0.0376921
  -0.52905  -0.137653  -0.837351    1.58981
         0          0          0          1

   0.083199   -0.988974    0.122507     0.52244
   -0.84636 -0.00522828    0.532586   0.0414329
  -0.526073   -0.147996   -0.837463     1.59071
          0           0           0           1

 0.100787 -0.987163  0.123898  0.555888
-0.847016 -0.019808  0.531199 0.0443721
-0.521926 -0.158482 -0.838139   1.59168
        0         0         0         1

  0.119899  -0.985355   0.121242   0.589612
 -0.846555 -0.0376777   0.530966  0.0459477
 -0.518622    -0.1663  -0.838675    1.59322
         0          0          0          1

   0.13822  -0.983018    0.12071   0.622029
 -0.845662 -0.0537013    0.53101  0.0476115
  -0.51551  -0.175476  -0.838724    1.59459
         0          0          0          1

  0.170717  -0.978104   0.119031   0.692947
 -0.843584 -0.0826672   0.530597  0.0515453
 -0.509139  -0.190994  -0.839225     1.5967
         0          0          0          1

  0.188011  -0.975156   0.117143   0.725857
 -0.843783 -0.0993255   0.527413  0.0528227
 -0.502675  -0.198003  -0.841494    1.59622
         0          0          0          1

 0.205504 -0.972021  0.113767  0.758885
-0.843508 -0.116978  0.524223 0.0533442
-0.496248 -0.203694 -0.843947   1.59579
        0         0         0         1

 0.216542 -0.969785  0.112367  0.792778
-0.843432  -0.12787  0.521796 0.0542728
-0.491662 -0.207765 -0.845637   1.59611
        0         0         0         1

 0.243027 -0.963644  0.111033  0.858596
-0.841762 -0.152625  0.517824 0.0544066
-0.482052 -0.219308 -0.848251   1.59451
        0         0         0         1

 0.252637    -0.961  0.112486  0.889785
-0.841658 -0.160926  0.515474 0.0540684
-0.477269 -0.224903  -0.84949   1.59342
        0         0         0         1

   0.2635 -0.957936  0.113699  0.920993
-0.839982 -0.169888  0.515332 0.0533621
-0.474339 -0.231295 -0.849415   1.59178
        0         0         0         1

  0.26937 -0.955929  0.116788  0.951467
-0.840596 -0.174211  0.512882 0.0526341
-0.469933 -0.236327 -0.850478   1.58816
        0         0         0         1

 0.277482 -0.953411  0.118366  0.981226
-0.839413 -0.180666  0.512588 0.0515519
-0.467322 -0.241591 -0.850437   1.58474
        0         0         0         1

 0.285211 -0.950931   0.11994   1.00836
-0.838233 -0.186791  0.512323 0.0501558
 -0.46478 -0.246658 -0.850376   1.58099
        0         0         0         1

 0.290433 -0.949158   0.12144   1.06378
-0.838268 -0.191167  0.510648 0.0467298
 -0.46147 -0.250108 -0.851171   1.57159
        0         0         0         1

 0.294695 -0.947931  0.120752   1.08841
-0.837668 -0.195449  0.510011 0.0451118
-0.459855 -0.251448  -0.85165   1.56655
        0         0         0         1

 0.292972 -0.948765  0.118372   1.11494
 -0.83806 -0.195226  0.509454 0.0428074
-0.460243 -0.248458 -0.852317   1.56033
        0         0         0         1

 0.293398 -0.948919   0.11606   1.13873
-0.837464 -0.196571  0.509916 0.0404359
-0.461055 -0.246805 -0.852359   1.55461
        0         0         0         1

 0.293975 -0.949706  0.107876   1.18365
-0.836992 -0.201285   0.50885 0.0364611
-0.461544  -0.23988 -0.854069   1.54088
        0         0         0         1

 0.294313  -0.95013  0.103114   1.20371
-0.836099 -0.203713  0.509352 0.0343372
-0.462946 -0.236122 -0.854358    1.5346
        0         0         0         1

 0.292913 -0.951049 0.0985255    1.2241
-0.835248 -0.204363  0.510486 0.0316268
-0.465363 -0.231821 -0.854223   1.52763
        0         0         0         1

 0.289461 -0.952501 0.0946259   1.24342
-0.835327 -0.203101  0.510861 0.0292822
-0.467377 -0.226918  -0.85444   1.52098
        0         0         0         1

 0.286316 -0.953857 0.0904436   1.26171
-0.834964 -0.202096  0.511851 0.0267776
-0.469954 -0.222069   -0.8543   1.51339
        0         0         0         1

 0.282091 -0.955424 0.0871202   1.27878
-0.834656 -0.199627  0.513321 0.0244485
-0.473048 -0.217519 -0.853763   1.50635
        0         0         0         1

 0.271646 -0.959116 0.0794064   1.30924
 -0.83341 -0.193174  0.517794 0.0198184
-0.481286 -0.206835 -0.851812   1.49058
        0         0         0         1

 0.265031 -0.961247 0.0759163   1.32229
 -0.83337 -0.188746  0.519489 0.0178489
-0.485029 -0.200947 -0.851098   1.48263
        0         0         0         1

 0.259142 -0.963046 0.0733975   1.33532
-0.832884 -0.184346  0.521844 0.0157287
 -0.48903 -0.196364 -0.849877   1.47522
        0         0         0         1

 0.254524 -0.964542 0.0698331   1.34609
-0.831881  -0.18155  0.524417  0.014103
-0.493144  -0.19157 -0.848593   1.46832
        0         0         0         1

  0.24423 -0.967825 0.0605549   1.36659
-0.831354 -0.176827  0.526861 0.0110354
-0.499202 -0.179018 -0.847792   1.45412
        0         0         0         1

  0.240306  -0.969023  0.0569807    1.37534
 -0.830831  -0.174971   0.528304 0.00948587
 -0.501969  -0.174296  -0.847141    1.44807
         0          0          0          1

  0.232571  -0.971232  0.0511825    1.38406
 -0.831017  -0.171103   0.529278 0.00795092
 -0.505294  -0.165628  -0.846903    1.44142
         0          0          0          1

  0.226931   -0.97293   0.043708    1.39151
  -0.83111  -0.170066   0.529466 0.00657898
   -0.5077  -0.156478  -0.847205    1.43508
         0          0          0          1

 0.219337 -0.974932 0.0374032   1.39904
 -0.83048 -0.166444  0.531601 0.0051483
-0.512049 -0.147663 -0.846169   1.42927
        0         0         0         1

  0.215229  -0.976107  0.0298509    1.40491
 -0.829803  -0.166682   0.532582 0.00442922
 -0.514881  -0.139398  -0.845852    1.42329
         0          0          0          1

  0.204016  -0.978842  0.0156649    1.41431
 -0.829221  -0.164282   0.534232 0.00352266
 -0.520355  -0.121982  -0.845193    1.41081
         0          0          0          1

  0.199286  -0.979885  0.0105034    1.41882
 -0.827412  -0.162515   0.537567 0.00317191
 -0.525047   -0.11582  -0.843156    1.40618
         0          0          0          1

  0.193529   -0.98108 0.00533331    1.42242
 -0.827338  -0.160275   0.538353 0.00295015
 -0.527313  -0.108599  -0.842702    1.40054
         0          0          0          1

   0.188001   -0.982169 0.000746372     1.42567
  -0.826741    -0.15784    0.539986  0.00262221
   -0.53024   -0.102135   -0.841673     1.39546
          0           0           0           1

  0.180457  -0.983531 -0.0101046    1.42944
 -0.825004  -0.156949   0.542896 0.00363316
 -0.535541 -0.0896333  -0.839739    1.38548
         0          0          0          1

  0.176042  -0.984257 -0.0157211    1.43064
 -0.825417  -0.156296   0.542455  0.0040852
 -0.536372 -0.0825183  -0.839938    1.38052
         0          0          0          1

  0.170719   -0.98518 -0.0165791    1.43217
 -0.825546  -0.152201   0.543423 0.00429138
 -0.537893 -0.0790857  -0.839295     1.3753
         0          0          0          1

  0.166338  -0.985998 -0.0118105    1.43331
 -0.824375  -0.145624   0.546992 0.00436569
 -0.541053  -0.081249  -0.837054    1.37209
         0          0          0          1

  0.164376  -0.986265  -0.016185    1.43467
 -0.823978  -0.146312   0.547406 0.00501194
 -0.542255 -0.0766442  -0.836711    1.36985
         0          0          0          1

  0.160484  -0.986851 -0.0192205    1.43624
 -0.826639  -0.145019   0.543725 0.00499064
 -0.539363 -0.0713706  -0.839043    1.36837
         0          0          0          1

  0.158233  -0.987202 -0.0198705    1.43715
 -0.826987  -0.143494     0.5436 0.00607209
 -0.539495 -0.0695826  -0.839109    1.36759
         0          0          0          1

  0.157572   -0.98727 -0.0216559    1.43769
 -0.826595  -0.143862     0.5441 0.00668349
 -0.540289 -0.0678341  -0.838741    1.36727
         0          0          0          1

  0.156093  -0.987404 -0.0258655    1.43809
 -0.826673  -0.144927   0.543698 0.00720247
 -0.540598 -0.0634852  -0.838882     1.3669
         0          0          0          1

  0.153873  -0.987602 -0.0310677    1.43857
 -0.826876  -0.145916   0.543125 0.00744361
 -0.540925 -0.0578829  -0.839077    1.36717
         0          0          0          1

  0.146377  -0.988202 -0.0450552    1.43953
 -0.829783  -0.147452   0.538255  0.0072958
 -0.538548 -0.0414019  -0.841577    1.36934
         0          0          0          1

  0.143046   -0.98837 -0.0515922    1.43912
 -0.831328  -0.148278   0.535637 0.00723679
 -0.537057 -0.0337309  -0.842871    1.37095
         0          0          0          1

  0.143725   -0.98798 -0.0569031    1.43888
 -0.832301  -0.151784   0.533139 0.00779175
 -0.535367 -0.0292649  -0.844112    1.37377
         0          0          0          1

  0.141104  -0.987918 -0.0640949    1.43804
 -0.834568  -0.153527   0.529079 0.00794023
 -0.532527 -0.0211638  -0.846148    1.37562
         0          0          0          1

  0.138695  -0.987887 -0.0695927     1.4375
 -0.835279  -0.154443    0.52769 0.00820809
 -0.532046 -0.0150587  -0.846582    1.37792
         0          0          0          1

  0.138077  -0.987644 -0.0741279    1.43614
 -0.836827  -0.156371   0.524661 0.00908515
 -0.529769 -0.0104113  -0.848078    1.37947
         0          0          0          1

  0.136899  -0.987942 -0.0723138    1.43304
 -0.835581  -0.154377    0.52723  0.0113654
 -0.532037  -0.011753   -0.84664    1.38343
         0          0          0          1

  0.133387  -0.988601 -0.0698239    1.43088
 -0.836154  -0.150079   0.527563  0.0125786
 -0.532028 -0.0119862  -0.846642    1.38546
         0          0          0          1

   0.13158  -0.989096 -0.0661504    1.42868
 -0.835646  -0.146569   0.529352  0.0142436
 -0.533275 -0.0143738   -0.84582    1.38917
         0          0          0          1

  0.131607   -0.98931 -0.0628121    1.42539
 -0.835601  -0.144804   0.529909  0.0162531
 -0.533339 -0.0172539  -0.845725    1.39296
         0          0          0          1

  0.131842  -0.989814 -0.0537151    1.41855
 -0.836288  -0.140159   0.530073  0.0201279
 -0.532203 -0.0249648  -0.846249    1.40351
         0          0          0          1

  0.133961  -0.989807 -0.0483313     1.4144
 -0.836796   -0.13911   0.529547  0.0227196
 -0.530873 -0.0304953  -0.846903    1.41029
         0          0          0          1

  0.136166  -0.989843 -0.0408547    1.40903
 -0.837957  -0.137074   0.528241  0.0254816
 -0.528476 -0.0376938  -0.848111    1.41705
         0          0          0          1

  0.137688  -0.990062 -0.0286141    1.40474
 -0.840495  -0.132075   0.525476  0.0273952
 -0.524033 -0.0483018  -0.850327    1.42437
         0          0          0          1

  0.141642  -0.989862 -0.0105041    1.39881
 -0.843068  -0.126185   0.522795  0.0302375
  -0.51882 -0.0651943  -0.852394    1.43315
         0          0          0          1

  0.145985  -0.989251  0.0083523    1.39199
  -0.84463  -0.120239   0.521674  0.0328428
 -0.515062 -0.0832114  -0.853104    1.44264
         0          0          0          1

 0.151158 -0.987077 0.0532017   1.37752
 -0.84726 -0.101646  0.521363 0.0386015
-0.509218 -0.123884 -0.851675   1.46518
        0         0         0         1

  0.155114  -0.985085  0.0744763    1.36869
 -0.849666 -0.0945691   0.518772  0.0419293
 -0.503992  -0.143749  -0.851662    1.47666
         0          0          0          1

  0.157983  -0.982538  0.0982892    1.35995
 -0.851503 -0.0851563   0.517389  0.0449573
 -0.499984  -0.165432  -0.850087    1.49064
         0          0          0          1

  0.161956  -0.979507   0.119736    1.34923
 -0.855025 -0.0787157   0.512578  0.0486347
 -0.492649  -0.185392  -0.850251    1.50339
         0          0          0          1

  0.170344  -0.971876   0.162606    1.32567
 -0.860057 -0.0661026   0.505897  0.0560134
 -0.480921  -0.226027  -0.847129    1.53509
         0          0          0          1

 0.172872 -0.967996  0.181933   1.31351
-0.862096 -0.059374  0.503255  0.059431
-0.476347 -0.243842 -0.844769   1.55234
        0         0         0         1

  0.174999  -0.964348   0.198514    1.29924
 -0.867278 -0.0555445   0.494716   0.063948
 -0.466052  -0.258741  -0.846078    1.56877
         0          0          0          1

 0.178147 -0.960999  0.211527    1.2842
-0.870453 -0.053657  0.489319 0.0686661
-0.458885 -0.271295 -0.846063   1.58629
        0         0         0         1

  0.176313  -0.958464    0.22419    1.26984
  -0.87602 -0.0489224   0.479787  0.0725979
  -0.44889  -0.280988  -0.848259     1.6049
         0          0          0          1

  0.176986  -0.956076   0.233656     1.2527
 -0.881184 -0.0481826   0.470311  0.0775276
 -0.438395  -0.289133  -0.851006    1.62367
         0          0          0          1

   0.17013  -0.953538    0.24864    1.21758
 -0.892104 -0.0418583   0.449886  0.0869204
 -0.418576  -0.298352  -0.857776    1.66669
         0          0          0          1

  0.166261  -0.952455   0.255316    1.19895
 -0.897097 -0.0386117   0.440144  0.0916292
 -0.409359  -0.302222  -0.860864    1.68923
         0          0          0          1

   0.16145  -0.951958   0.260211    1.17798
 -0.903134 -0.0362252   0.427829  0.0976872
 -0.397849  -0.304078  -0.865594    1.71175
         0          0          0          1

  0.155033  -0.951688   0.265056    1.15776
  -0.90896 -0.0323152   0.415629   0.103561
 -0.386984  -0.305361  -0.870056    1.73434
         0          0          0          1

  0.137455  -0.952019   0.273433    1.11217
 -0.920644 -0.0209575   0.389841   0.116544
 -0.365406   -0.30532  -0.879351    1.78155
         0          0          0          1

  0.128804  -0.951036   0.280964    1.08963
 -0.925774 -0.0137616   0.377826   0.123322
  -0.35546  -0.308775  -0.882217    1.80511
         0          0          0          1

   0.114353   -0.951024    0.287188     1.06583
  -0.930761 -0.00150558    0.365625     0.13057
  -0.347286   -0.309113   -0.885348     1.83026
          0           0           0           1

 0.0991972  -0.951341   0.291736    1.04348
 -0.936518 0.00982643   0.350482   0.138807
 -0.336294  -0.307983  -0.889973     1.8529
         0          0          0          1

 0.080028 -0.951179  0.298085   1.02043
-0.941407 0.0261711  0.336255  0.147383
-0.327639 -0.307529 -0.893352   1.87741
        0         0         0         1

0.0661622 -0.950454  0.303742   0.99567
-0.945543 0.0375074  0.323328  0.156323
-0.318701 -0.308594 -0.896214   1.90181
        0         0         0         1

0.0306914  -0.94851  0.315257  0.945749
-0.953985 0.0663256  0.292427  0.177591
-0.298279 -0.309726 -0.902829   1.94999
        0         0         0         1

0.0109669 -0.948018  0.318028  0.923796
-0.957548 0.0816673  0.276464  0.189516
-0.288065 -0.307559 -0.906877   1.97411
        0         0         0         1

-0.00909293 -0.948271  0.317333  0.898825
-0.961761 0.0951666  0.256823  0.203684
-0.273738 -0.302863 -0.912875   1.99781
        0         0         0         1

-0.0256468 -0.947937  0.317424  0.875608
-0.963022  0.108617  0.246559  0.214216
  -0.2682 -0.299363 -0.915669   2.02444
        0         0         0         1

-0.0793919 -0.947773  0.308907  0.834325
-0.967497    0.1479  0.205123  0.246819
-0.240097 -0.282582 -0.928709   2.07105
        0         0         0         1

-0.0981946  -0.94644  0.307586  0.811425
-0.968455  0.162011  0.189334  0.260833
-0.229026 -0.279292 -0.932493   2.09649
        0         0         0         1

-0.124222 -0.945578  0.300751  0.789776
-0.969559  0.180126  0.165859  0.280256
-0.211006 -0.270993  -0.93917   2.11783
        0         0         0         1

-0.157636 -0.943299  0.292126  0.776364
-0.967324  0.206993  0.146414  0.297644
-0.198581 -0.259501 -0.945106   2.14181
        0         0         0         1

-0.184063 -0.940446    0.2858  0.756752
-0.964792   0.22844  0.130348  0.315353
-0.187874 -0.251745 -0.949383   2.16685
        0         0         0         1

-0.205263 -0.937775  0.280081  0.734058
-0.963494  0.243883   0.11046  0.335873
-0.171893 -0.247183   -0.9536   2.18719
        0         0         0         1

 -0.25744 -0.931503  0.256955  0.698872
-0.955223  0.285466 0.0778335   0.37691
-0.145854 -0.225412 -0.963284   2.23309
        0         0         0         1

-0.286634 -0.926103  0.245305  0.684202
-0.949228  0.309178 0.0580903  0.399811
-0.129641   -0.2162 -0.967704   2.25257
        0         0         0         1

-0.318512 -0.919092  0.231991  0.669707
  -0.9414  0.335355 0.0361022  0.424593
 -0.11098 -0.206897 -0.972048   2.27369
        0         0         0         1

 -0.34688  -0.91339  0.213058  0.658319
-0.932932   0.35939 0.0218169  0.445852
-0.0964983 -0.191201 -0.976796   2.29636
        0         0         0         1

  -0.406458   -0.896803    0.174743    0.634329
  -0.911036    0.412317 -0.00303823    0.493807
 -0.0693249   -0.160432   -0.984609     2.33884
          0           0           0           1

 -0.444226  -0.883991   0.145686   0.632216
 -0.895016   0.445154 -0.0279845   0.525894
-0.0401147  -0.142823  -0.988935      2.354
         0          0          0          1

 -0.481878  -0.868657   0.115012    0.63343
 -0.876053   0.480309 -0.0428341   0.555903
 -0.018033  -0.121397   -0.99244    2.37696
         0          0          0          1

 -0.505497  -0.857415  0.0965064    0.61826
 -0.862824   0.502667 -0.0534738   0.580963
-0.00266138  -0.110299  -0.993895    2.39534
         0          0          0          1

 -0.528072  -0.845922  0.0745335   0.603477
 -0.849098   0.524615 -0.0617391   0.609019
 0.0131251  -0.095889  -0.995305    2.41297
         0          0          0          1

 -0.555115  -0.830326   0.049051   0.597438
 -0.831414   0.552178 -0.0620482   0.629875
 0.0244354 -0.0752256  -0.996867    2.43793
         0          0          0          1

  -0.616675   -0.787195 -0.00606034     0.59401
  -0.783593    0.614554  -0.0911349     0.70086
  0.0754653  -0.0514517    -0.99582     2.46426
          0           0           0           1

 -0.645247  -0.763632 -0.0228809    0.59061
 -0.758229   0.643773  -0.103172   0.735512
 0.0935158 -0.0492226    -0.9944    2.47195
         0          0          0          1

 -0.671524  -0.739077 -0.0531174   0.594551
 -0.730448   0.672318  -0.120142   0.770686
  0.124506 -0.0418789  -0.991335    2.48353
         0          0          0          1

 -0.707189  -0.702113 -0.0831888   0.611986
 -0.690674   0.711194  -0.131044   0.811937
  0.151171 -0.0352166   -0.98788    2.49559
         0          0          0          1

 -0.763857  -0.629007   -0.14447   0.636936
 -0.610442   0.776824  -0.154617   0.895245
  0.209483 -0.0299145  -0.977355    2.51745
         0          0          0          1

 -0.783931  -0.598468  -0.165191   0.641441
 -0.579462   0.800818  -0.151374   0.922887
   0.22288 -0.0229452  -0.974576    2.53685
         0          0          0          1

-0.805405 -0.556849 -0.203082  0.663761
-0.535335  0.830472 -0.154056  0.964277
  0.25444  -0.01536 -0.966967   2.55168
        0         0         0         1

 -0.820822  -0.530714  -0.211173   0.650427
 -0.504912   0.847028  -0.166153    1.00221
  0.267049 -0.0297584  -0.963223    2.54472
         0          0          0          1

