  -0.81034   0.581185 -0.0746524   0.382489
 -0.248264  -0.225131   0.942168   0.845289
  0.530768    0.78201    0.32672    2.23095
         0          0          0          1

-0.813991   0.57192 -0.101612  0.363287
-0.266679 -0.212535  0.940059  0.822004
 0.516043  0.792298   0.32552   2.22142
        0         0         0         1

-0.822671  0.543533 -0.166684  0.315405
-0.315865 -0.193211  0.928923  0.764301
 0.472695  0.816849  0.330632   2.19707
        0         0         0         1

-0.826682  0.533286 -0.179451  0.308432
 -0.32705 -0.195893  0.924481   0.74434
 0.457859  0.822941  0.336352   2.18974
        0         0         0         1

-0.824638  0.521735 -0.218552  0.279201
-0.360919 -0.187799  0.913493  0.710377
 0.435557   0.83218   0.34317   2.17709
        0         0         0         1

-0.828701  0.513214 -0.223306  0.282221
-0.366008 -0.195079  0.909935  0.693587
 0.423429  0.835796  0.349503   2.16673
        0         0         0         1

-0.828803   0.49477  -0.26132  0.267106
-0.403993 -0.206006  0.891263  0.647288
 0.387137  0.844254  0.370623   2.14159
        0         0         0         1

-0.827487  0.484865 -0.283145  0.257178
-0.425316 -0.212055  0.879852  0.623076
 0.366567  0.848492  0.381693   2.13231
        0         0         0         1

-0.829099  0.474706 -0.295381  0.258733
-0.436399 -0.219199  0.872644  0.605595
 0.349502  0.852412  0.388899   2.11596
        0         0         0         1

-0.827895  0.467954 -0.309205  0.256913
-0.449154 -0.222951   0.86519  0.590699
 0.335932  0.855167  0.394764   2.10006
        0         0         0         1

-0.818732  0.459777 -0.343922  0.238482
 -0.48379 -0.229811  0.844473  0.558427
 0.309232  0.857783  0.410589   2.08662
        0         0         0         1

 -0.81599  0.456305 -0.354889  0.238793
-0.495012 -0.234517  0.836639  0.544367
 0.298535  0.858363   0.41724   2.06877
        0         0         0         1

-0.806399  0.444171 -0.390426  0.231543
-0.531433 -0.254672  0.807911  0.507133
  0.25942  0.858984  0.441415   2.03419
        0         0         0         1

-0.799824  0.439086 -0.409248   0.22723
-0.549406 -0.260961  0.793758   0.48922
 0.241731  0.859711   0.44996   2.01586
        0         0         0         1

-0.796509  0.439507  -0.41522  0.234412
-0.561502 -0.282982  0.777584  0.472261
 0.224254  0.852499  0.472181   2.00498
        0         0         0         1

-0.792937  0.439509 -0.421999  0.238744
-0.571448 -0.296115  0.765351  0.460461
 0.211419  0.848026  0.485957   1.99345
        0         0         0         1

-0.786557  0.431284 -0.441954    0.2431
-0.591619 -0.321208  0.739467  0.434795
 0.176961  0.843101  0.507804   1.95764
        0         0         0         1

-0.782704  0.424077 -0.455558  0.244039
-0.601058 -0.325019  0.730132   0.42492
 0.161567  0.845293  0.509289   1.93685
        0         0         0         1

-0.779861  0.420556 -0.463626  0.249332
-0.608929 -0.338149  0.717538   0.41351
  0.14499  0.841895  0.519798   1.92216
        0         0         0         1

-0.770612  0.415295 -0.483411   0.24525
-0.624689 -0.342049  0.701973   0.39819
 0.126176  0.842931  0.523018   1.90354
        0         0         0         1

-0.765261  0.409845  -0.49639  0.248139
-0.634548 -0.350571  0.688803  0.386286
 0.108282  0.842097  0.528344   1.88541
        0         0         0         1

-0.761261  0.406544 -0.505177  0.253375
-0.642007 -0.363025  0.675308  0.376811
0.0911503  0.838412   0.53736   1.87406
        0         0         0         1

-0.751683  0.392158 -0.530268  0.262571
 -0.65712 -0.376733   0.65289  0.360883
0.0562663  0.839216  0.540879   1.83252
        0         0         0         1

-0.748075  0.388043 -0.538337  0.269625
-0.662364 -0.386829   0.64159  0.353783
0.0407198  0.836532  0.546403   1.82053
        0         0         0         1

-0.747143  0.380684 -0.544846  0.279893
-0.664238 -0.398329  0.632552  0.348762
0.0237744  0.834514  0.550473   1.80449
        0         0         0         1

-0.741036  0.379623 -0.553852  0.284739
-0.671377 -0.405495  0.620345  0.342101
 0.010913  0.831541  0.555356   1.79059
        0         0         0         1

-0.731422  0.369699 -0.573014  0.298708
-0.681684 -0.418736  0.599973  0.332498
-0.0181324  0.829447   0.55829   1.75466
        0         0         0         1

-0.722941  0.367537 -0.585041  0.301058
-0.690138 -0.424166  0.586339  0.326414
-0.0326534  0.827647  0.560298   1.73915
        0         0         0         1

-0.720489  0.365398  -0.58939  0.311792
-0.692012 -0.433856  0.576965  0.324285
-0.0448889  0.823561  0.565448   1.72364
        0         0         0         1

 -0.71429  0.363517 -0.598034  0.319647
-0.697487 -0.439924  0.565667  0.320703
-0.0574604  0.821171  0.567782   1.70916
        0         0         0         1

 -0.70405  0.360734 -0.611706  0.338848
-0.705265 -0.456037  0.542799  0.315191
-0.0831544  0.813573  0.575486   1.68049
        0         0         0         1

-0.695989  0.363168 -0.619442  0.344742
-0.711532 -0.464808   0.52695  0.310888
-0.0965502  0.807504  0.581907   1.67142
        0         0         0         1

 -0.69195  0.362813 -0.624157  0.355638
-0.713585 -0.474904  0.515037  0.309353
-0.109552  0.801769  0.587508    1.6597
        0         0         0         1

-0.685978  0.361051 -0.631725  0.362814
-0.717589 -0.479376  0.505237  0.307715
-0.120418  0.799901  0.587927   1.64613
        0         0         0         1

-0.676724  0.364266 -0.639808   0.36923
 -0.72402 -0.486916  0.488577  0.304444
-0.133561  0.793866  0.593244   1.63515
        0         0         0         1

-0.670296  0.361213  -0.64825  0.375901
-0.728382 -0.487382  0.481578  0.303224
-0.141993  0.794974  0.589792   1.62081
        0         0         0         1

-0.662287  0.356786 -0.658848  0.394079
-0.732194 -0.494755  0.468091  0.303475
 -0.15896  0.792415  0.588906   1.59593
        0         0         0         1

-0.661156  0.353298 -0.661856  0.401903
-0.731114 -0.501368  0.462712  0.304936
-0.168358  0.789817  0.589783    1.5889
        0         0         0         1

-0.659635  0.348566  -0.66587  0.410893
-0.730709 -0.504786  0.459624  0.305575
-0.175913  0.789742  0.587675   1.57608
        0         0         0         1

-0.656704  0.345004 -0.670606  0.417482
-0.731798 -0.506403    0.4561  0.305898
-0.182241  0.790271   0.58503   1.56553
        0         0         0         1

-0.649845   0.33728 -0.681134  0.429148
-0.733139 -0.514576  0.444656   0.30529
-0.200522  0.788323  0.581668   1.54792
        0         0         0         1

-0.646826  0.332783 -0.686201  0.435198
 -0.73403 -0.515788  0.441773  0.305968
 -0.20692  0.789442  0.577898   1.53834
        0         0         0         1

-0.646469  0.328142 -0.688768  0.442915
-0.732695 -0.518697  0.440581  0.307863
-0.212689  0.789478  0.575749   1.52942
        0         0         0         1

-0.643717  0.324493  -0.69306  0.447938
  -0.7332 -0.520922  0.437102  0.308676
-0.219193  0.789522  0.573245   1.52154
        0         0         0         1

-0.643538  0.321148 -0.694783  0.455741
-0.731457 -0.525403  0.434652  0.310088
-0.225454  0.787918  0.573023    1.5143
        0         0         0         1

-0.644552  0.318986 -0.694839  0.461497
-0.729504 -0.528625  0.434027  0.312132
-0.228861  0.786641  0.573427   1.50756
        0         0         0         1

-0.644445  0.310896 -0.698595  0.473454
-0.727073  -0.53203  0.433946  0.314863
-0.236762  0.787584  0.568908   1.49144
        0         0         0         1

 -0.64245  0.308551 -0.701466  0.477378
-0.727224 -0.534142  0.431089  0.315711
 -0.24167  0.787076  0.567545   1.48626
        0         0         0         1

-0.637469 0.303411 -0.70822 0.480849
-0.729407 -0.53375 0.427874 0.315583
-0.248191 0.789337 0.561559    1.478
       0        0        0        1

-0.635567  0.300287 -0.711254  0.484859
-0.729642 -0.534739  0.426235  0.316336
-0.252343  0.789862  0.558965   1.47334
        0         0         0         1

-0.634985  0.296378  -0.71341  0.491827
-0.728482 -0.537077  0.425278  0.317488
-0.257113  0.789752  0.556942   1.46789
        0         0         0         1

-0.634527  0.295461 -0.714198  0.496971
-0.728218 -0.538176  0.424342  0.318236
-0.258987  0.789348  0.556647   1.46353
        0         0         0         1

-0.628611  0.298418 -0.718189  0.501814
-0.733246 -0.535212  0.419402  0.316077
-0.259226   0.79025  0.555254    1.4544
        0         0         0         1

-0.627652  0.299444   -0.7186  0.503577
-0.734063 -0.535026  0.418209  0.315205
-0.259239  0.789988  0.555621    1.4523
        0         0         0         1

-0.629929  0.300608 -0.716117  0.506863
-0.732734 -0.535703  0.419671  0.314966
 -0.25747  0.789086   0.55772   1.45207
        0         0         0         1

-0.633106  0.300464 -0.713371  0.510499
-0.731399 -0.533945  0.424214   0.31539
 -0.25344  0.790331  0.557803   1.44971
        0         0         0         1

-0.634281  0.297811  -0.71344  0.512078
-0.731329 -0.530373  0.428792  0.312944
-0.250691  0.793734  0.554203   1.44599
        0         0         0         1

-0.633794  0.297811 -0.713872  0.511868
-0.731829 -0.529716  0.428751  0.311545
-0.250463  0.794172  0.553678   1.44735
        0         0         0         1

-0.636942  0.296747 -0.711509  0.515189
-0.729853 -0.529308  0.432606  0.311163
-0.248233  0.794842   0.55372   1.44695
        0         0         0         1

-0.636942  0.296747 -0.711509  0.515189
-0.729853 -0.529308  0.432606  0.311163
-0.248233  0.794842   0.55372   1.44695
        0         0         0         1

-0.638517  0.303201 -0.707365  0.514499
-0.730821 -0.526986  0.433805  0.307874
-0.241242  0.793949  0.558075   1.44451
        0         0         0         1

-0.639596  0.305571 -0.705367  0.515366
-0.731069 -0.525418  0.435286  0.307316
-0.237602   0.79408  0.559449   1.44303
        0         0         0         1

 -0.64127  0.308795 -0.702437  0.517033
-0.730316 -0.526464  0.435285   0.30677
-0.235394  0.792137  0.563124   1.44433
        0         0         0         1

-0.642404  0.311577 -0.700169  0.518384
-0.730303 -0.525853  0.436047  0.306717
-0.232324  0.791454  0.565355    1.4443
        0         0         0         1

-0.640113  0.316237 -0.700178  0.517919
-0.733517 -0.522602  0.434558  0.305089
-0.228491  0.791759  0.566489    1.4436
        0         0         0         1

  -0.6386  0.321133 -0.699331   0.51804
-0.735678 -0.521369  0.432379  0.304008
-0.225759  0.790599  0.569197   1.44425
        0         0         0         1

-0.634252  0.336899 -0.695862   0.52043
-0.742187 -0.517398  0.425978  0.301732
-0.216526  0.786637  0.578203    1.4455
        0         0         0         1

-0.630209  0.346095 -0.695022  0.521847
-0.746722 -0.515401  0.420438  0.300374
-0.212704  0.783952  0.583247   1.44611
        0         0         0         1

-0.628005 0.355079 -0.69248 0.524116
-0.749371 -0.51592 0.415055 0.299457
-0.209887 0.779581 0.590086   1.4471
       0        0        0        1

-0.621868  0.364831 -0.692949  0.525729
-0.754989 -0.514341  0.406748  0.297484
-0.208018  0.776113  0.595296   1.44822
        0         0         0         1

-0.618899  0.374822  -0.69027  0.528066
-0.758863 -0.512126  0.402311  0.296129
 -0.20271   0.77281  0.601393   1.44966
        0         0         0         1

-0.611717  0.381473 -0.693023   0.52996
 -0.76523 -0.507449  0.396128  0.293965
-0.200561  0.772641   0.60233   1.44916
        0         0         0         1

-0.604529  0.398192 -0.689918  0.535314
-0.772596 -0.504029   0.38607  0.290066
-0.194009  0.766419  0.612342   1.45222
        0         0         0         1

-0.60056 0.405173 -0.68932 0.537216
-0.775873 -0.50367 0.379918 0.287749
-0.193257 0.762988 0.616847   1.4547
       0        0        0        1

-0.598462  0.409427 -0.688631  0.540138
-0.778771 -0.499048  0.380089  0.285526
-0.188041  0.763754  0.617511   1.45671
        0         0         0         1

-0.594142  0.415061 -0.688999  0.542769
-0.783012 -0.494485  0.377328  0.282818
-0.184085  0.763681  0.618792   1.45904
        0         0         0         1

-0.588625  0.426889 -0.686503   0.55093
-0.789882 -0.484459  0.376013  0.276437
-0.172067  0.763587  0.622357   1.46709
        0         0         0         1

-0.584894  0.433576 -0.685501  0.555306
-0.793992 -0.478768  0.374644  0.273352
-0.165759  0.763409  0.624284   1.47085
        0         0         0         1

-0.577696   0.44313 -0.685495  0.560025
-0.800791 -0.470363  0.370801  0.268954
-0.158118  0.763148  0.626581   1.47512
        0         0         0         1

-0.571619  0.450799 -0.685589  0.564327
-0.805929 -0.465335  0.365981  0.265088
-0.154045  0.761738  0.629306   1.48088
        0         0         0         1

-0.565592  0.457819 -0.685935  0.571299
-0.811545 -0.456869  0.364233  0.260724
 -0.14663  0.762675  0.629942   1.48457
        0         0         0         1

-0.559066   0.46504 -0.686427  0.577671
-0.817234 -0.448769  0.361572  0.256536
-0.139902  0.763115  0.630939   1.48802
        0         0         0         1

-0.544806  0.479916 -0.687653  0.594258
-0.828895 -0.432359  0.354962  0.247576
-0.126961  0.763378  0.633352   1.49779
        0         0         0         1

-0.534444  0.486383 -0.691232  0.601099
-0.836282 -0.422822  0.349076  0.242427
-0.122484  0.764626  0.632728    1.5016
        0         0         0         1

-0.523213  0.494116 -0.694333  0.609642
-0.844163  -0.41215  0.342814  0.236358
-0.116779  0.765495  0.632756   1.50665
        0         0         0         1

-0.515678  0.500189  -0.69562  0.619382
-0.849816 -0.401933  0.340974  0.231975
-0.109041  0.766982  0.632336   1.51011
        0         0         0         1

 -0.49213  0.513604 -0.702865  0.639428
-0.865184 -0.377847  0.329678  0.220283
-0.0962518  0.770352  0.630312   1.51745
        0         0         0         1

-0.483093  0.521162 -0.703571  0.649586
-0.870871 -0.369139  0.324531  0.215278
-0.0905822  0.769498  0.632193   1.52272
        0         0         0         1

-0.471567  0.527919 -0.706347   0.66248
-0.877689 -0.358522     0.318  0.208944
-0.0853621  0.769911  0.632416   1.52702
        0         0         0         1

 -0.46057  0.536025 -0.707497  0.673473
-0.884108 -0.347898  0.311961  0.204031
-0.0789181  0.769184  0.634136   1.53025
        0         0         0         1

-0.447934  0.543159 -0.710164  0.687261
-0.891357 -0.333099  0.307454  0.198662
-0.0695583  0.770729  0.633355   1.53238
        0         0         0         1

-0.437161  0.550798 -0.710994  0.699154
-0.897309 -0.320767  0.303224  0.193891
-0.0610478  0.770539  0.634463   1.53454
        0         0         0         1

-0.412993  0.562811 -0.716017  0.726949
-0.909344 -0.298262  0.290058  0.182804
-0.0503127  0.770898  0.634969   1.54098
        0         0         0         1

-0.401003  0.568557  -0.71829  0.739086
-0.914894 -0.288387  0.282491   0.17737
-0.0465336  0.770439  0.635814   1.54394
        0         0         0         1

-0.390382  0.574232 -0.719625  0.754743
-0.919844 -0.276034  0.278733  0.172177
-0.0385838  0.770755  0.635962   1.54571
        0         0         0         1

-0.374915  0.579129 -0.723912  0.766279
-0.926299 -0.265633  0.267225  0.165979
-0.0375369  0.770745  0.636037   1.54799
        0         0         0         1

-0.354446   0.58598 -0.728694  0.797263
-0.934719 -0.243574  0.258789  0.155988
-0.025846  0.772851   0.63406   1.55067
        0         0         0         1

-0.341939  0.588124 -0.732931  0.809569
-0.939455 -0.232553  0.251682  0.150488
-0.0224252  0.774616  0.632034   1.55157
        0         0         0         1

-0.327403  0.590986 -0.737254  0.825004
-0.944675 -0.221154  0.242238   0.14504
-0.0198879  0.775775  0.630696   1.55335
        0         0         0         1

-0.317481  0.592619 -0.740276  0.838696
-0.948146 -0.210716  0.237944    0.1405
-0.014978  0.777433  0.628788   1.55321
        0         0         0         1

-0.306657  0.594508 -0.743318  0.855384
-0.951771 -0.199443  0.233139   0.13532
-0.00964671  0.778962  0.626997   1.55307
        0         0         0         1

 -0.29374  0.596403 -0.747007  0.868293
-0.955855 -0.189541  0.224535  0.130888
-0.00767523  0.779985  0.625751     1.553
        0         0         0         1

-0.269975  0.599678 -0.753326  0.898958
-0.962867  -0.16721  0.211964   0.12112
0.00114661  0.782577  0.622552   1.55063
        0         0         0         1

-0.260144  0.599763  -0.75671  0.912567
-0.965548 -0.156287  0.208067  0.117226
0.00652703  0.784767  0.619757   1.54907
        0         0         0         1

-0.249074  0.601724 -0.758874  0.928938
-0.968453 -0.148393  0.200198  0.112668
0.00785208  0.784798  0.619703   1.54846
        0         0         0         1

-0.240147  0.601952 -0.761567  0.943037
-0.970672 -0.139849  0.195547  0.108713
0.0112054  0.786191  0.617882   1.54675
        0         0         0         1

-0.220433  0.598631 -0.770097  0.973785
-0.975267 -0.122125  0.184228  0.100524
0.0162363   0.79166  0.610746   1.54261
        0         0         0         1

-0.214464  0.597236 -0.772861  0.988097
-0.976566 -0.116514  0.180952 0.0974738
0.0180219  0.793558  0.608228   1.54093
        0         0         0         1

-0.205938  0.594799 -0.777048   1.00392
-0.978356 -0.108728  0.176063  0.093698
0.0202349  0.796488  0.604316   1.53809
        0         0         0         1

-0.198724  0.594043 -0.779501   1.01712
-0.979814 -0.102782  0.171463 0.0908583
0.0217373   0.79784  0.602478   1.53592
        0         0         0         1

 -0.191896   0.593486  -0.781633    1.03309
 -0.981162 -0.0979236   0.166529  0.0871895
 0.0222922   0.798865   0.601097    1.53313
         0          0          0          1

 -0.186783   0.593115  -0.783152    1.04645
 -0.982066 -0.0918968   0.164627  0.0848942
 0.0256736   0.799856   0.599643    1.52995
         0          0          0          1

 -0.171738   0.591022  -0.788162    1.07539
 -0.984709 -0.0792412   0.155144  0.0797442
 0.0292389   0.802754   0.595593    1.52309
         0          0          0          1

 -0.166765   0.589828  -0.790122      1.089
 -0.985627 -0.0777789   0.149967  0.0774869
 0.0269999   0.803774   0.594321    1.52112
         0          0          0          1

 -0.159602   0.589352  -0.791954      1.104
 -0.986739 -0.0712353   0.145845  0.0751827
  0.029539   0.804729   0.592907    1.51616
         0          0          0          1

 -0.155985   0.588012  -0.793669     1.1177
 -0.987336 -0.0693058   0.142701  0.0736318
 0.0289039   0.805878   0.591376    1.51327
         0          0          0          1

 -0.144096   0.586118  -0.797309    1.14622
 -0.989016 -0.0584936   0.135742  0.0709263
 0.0329235   0.808112   0.588109    1.50413
         0          0          0          1

 -0.138191   0.584065  -0.799857    1.15787
 -0.989861 -0.0546583   0.131105  0.0697708
 0.0328552   0.809865   0.585696    1.50059
         0          0          0          1

 -0.132763    0.58215  -0.802169     1.1719
 -0.990633 -0.0518527   0.126324  0.0685123
 0.0319449   0.811427   0.583581    1.49614
         0          0          0          1

 -0.129698   0.580827  -0.803628    1.18403
 -0.991051 -0.0501477   0.123702  0.0677192
 0.0315494   0.812481   0.582134    1.49227
         0          0          0          1

 -0.126994   0.578532  -0.805713    1.19815
  -0.99144 -0.0492013    0.12094  0.0670883
 0.0303253   0.814174   0.579828    1.48771
         0          0          0          1

 -0.124528   0.579012  -0.805753    1.20984
 -0.991744 -0.0475968   0.119069  0.0665026
 0.0305912   0.813929   0.580159    1.48288
         0          0          0          1

 -0.115535    0.57886    -0.8072    1.23512
 -0.992881 -0.0436005   0.110845  0.0660103
 0.0289694    0.81426   0.579777    1.47326
         0          0          0          1

 -0.112784   0.580573  -0.806359    1.24585
 -0.993196 -0.0421911   0.108539  0.0659328
 0.0289938   0.813114   0.581381    1.46869
         0          0          0          1

 -0.107623   0.580582  -0.807057    1.25836
 -0.993811 -0.0403553   0.103496  0.0662198
 0.0275188   0.813201   0.581332     1.4642
         0          0          0          1

 -0.103971   0.580052  -0.807917     1.2686
 -0.994251 -0.0397163  0.0994357  0.0663591
 0.0255905    0.81361   0.580847    1.46042
         0          0          0          1

  -0.10023   0.580399   -0.80814    1.29182
  -0.99463 -0.0374033  0.0964969   0.067144
 0.0257796   0.813473   0.581032    1.45089
         0          0          0          1

-0.0973026   0.580637  -0.808327    1.30105
 -0.994899 -0.0350369  0.0945935  0.0674839
 0.0266031   0.813409   0.581084    1.44613
         0          0          0          1

-0.0955909   0.581264  -0.808081    1.31207
 -0.995123 -0.0359508  0.0918569   0.067817
  0.024342    0.81292   0.581866    1.44163
         0          0          0          1

-0.0937541  0.582407 -0.807473   1.32133
-0.995299 -0.035039 0.0902896 0.0683897
0.0242922  0.812142  0.582954   1.43754
        0         0         0         1

-0.0888467   0.584495  -0.806518    1.33086
 -0.995723 -0.0315067  0.0868562  0.0696448
 0.0253563   0.810785   0.584794    1.43259
         0          0          0          1

-0.0851199   0.586036  -0.805802    1.33915
 -0.996126 -0.0321409  0.0818494  0.0701437
 0.0220675   0.809647   0.586502    1.42996
         0          0          0          1

-0.0784991   0.590526  -0.803192    1.35791
 -0.996666 -0.0284949  0.0764579  0.0714769
 0.0222635   0.806515   0.590794     1.4211
         0          0          0          1

-0.0753993    0.59146  -0.802801    1.36573
  -0.99694 -0.0280633  0.0729574  0.0723674
 0.0206221   0.805846   0.591766    1.41772
         0          0          0          1

-0.0738571   0.592077   -0.80249    1.37528
 -0.997104 -0.0291918  0.0702306  0.0727422
 0.0181558   0.805353   0.592518     1.4143
         0          0          0          1

-0.0679607    0.59195  -0.803104    1.38142
 -0.997573 -0.0281156  0.0636938  0.0738289
 0.0151239   0.805484   0.592425    1.41098
         0          0          0          1

-0.0641833   0.594058  -0.801858    1.38878
 -0.997844 -0.0271804  0.0597341  0.0746694
 0.0136907   0.803963   0.594522    1.40668
         0          0          0          1

-0.0615054   0.596323  -0.800385    1.39554
 -0.998019 -0.0260889  0.0572551  0.0756296
 0.0132614    0.80232   0.596747    1.40306
         0          0          0          1

-0.0576464    0.60126  -0.796972    1.41103
 -0.998301 -0.0278851  0.0511715  0.0764803
0.00854373   0.798567   0.601845      1.396
         0          0          0          1

-0.0544938   0.604542  -0.794707    1.41688
  -0.99848 -0.0263824  0.0483973  0.0769489
0.00829188   0.796136   0.605061     1.3924
         0          0          0          1

-0.0506908   0.608289  -0.792095    1.42294
 -0.998684 -0.0246917  0.0449497  0.0780474
0.00778427   0.793331    0.60874    1.38868
         0          0          0          1

-0.0440355   0.611583  -0.789954    1.42737
 -0.999014 -0.0224691  0.0382938  0.0792197
0.00567035   0.790861    0.61197    1.38633
         0          0          0          1

-0.0371858   0.617485  -0.785703    1.43894
 -0.999302 -0.0201644  0.0314478  0.0802463
0.00357533   0.786324   0.617804    1.37957
         0          0          0          1

-0.0362466   0.619839  -0.783891      1.444
 -0.999342 -0.0216793  0.0290667  0.0802153
0.00102245    0.78443   0.620217     1.3767
         0          0          0          1

-0.0324195   0.622947  -0.781592    1.44901
 -0.999474 -0.0200742  0.0254574  0.0809394
0.000168743   0.782006    0.62327    1.37261
         0          0          0          1

-0.0273948   0.625315  -0.779891    1.45228
 -0.999624 -0.0179575  0.0207149  0.0820567
-0.00105155   0.780166   0.625572    1.36984
         0          0          0          1

-0.0244941   0.628921  -0.777083    1.46135
 -0.999667 -0.0217099  0.0139395  0.0823965
-0.00810351   0.777166   0.629244    1.36495
         0          0          0          1

-0.0236428   0.630808  -0.775579     1.4655
 -0.999674 -0.0223769  0.0122741  0.0822969
-0.00961243   0.775616   0.631132     1.3624
         0          0          0          1

-0.0222647   0.632377   -0.77434    1.46935
 -0.999671 -0.0239179 0.00921071  0.0827946
 -0.012696   0.774291   0.632702    1.35963
         0          0          0          1

-0.0179007   0.633208  -0.773775    1.47144
 -0.999734 -0.0225963 0.00463676  0.0837909
-0.0145484   0.773652   0.633444    1.35735
         0          0          0          1

-0.0182614    0.63504  -0.772263    1.47606
 -0.999689 -0.0246945 0.00333273  0.0833617
-0.0169542   0.772084   0.635294    1.35462
         0          0          0          1

 -0.0167734    0.635441   -0.771968     1.47852
   -0.99967  -0.0256998 0.000566309    0.083685
 -0.0194795    0.771722    0.635662     1.35245
          0           0           0           1

 -0.0126926     0.63482   -0.772556     1.48266
  -0.999594  -0.0277722 -0.00639813   0.0849202
 -0.0255173    0.772161    0.634914     1.34789
          0           0           0           1

 -0.0127376      0.6344     -0.7729     1.48468
  -0.999576  -0.0283312 -0.00678101   0.0849405
  -0.026199    0.772486    0.634491     1.34499
          0           0           0           1

 -0.0139434     0.63348   -0.773633     1.48656
  -0.999428  -0.0326653 -0.00873462    0.084819
 -0.0308042    0.773069    0.633573     1.34375
          0           0           0           1

 -0.0152025    0.634429   -0.772832     1.48836
   -0.99936   -0.034661 -0.00879516   0.0851801
 -0.0323671    0.772204     0.63455     1.34148
          0           0           0           1

-0.0131359   0.637413  -0.770411     1.4925
 -0.999334 -0.0345917 -0.0115809  0.0851349
-0.0340316   0.769746   0.637443    1.33682
         0          0          0          1

-0.0121216   0.640097  -0.768198      1.494
 -0.999357  -0.033688 -0.0123012  0.0850623
 -0.033753   0.767555   0.640094    1.33585
         0          0          0          1

-0.0105302   0.644263  -0.764731    1.49517
 -0.999397 -0.0320758 -0.0132614  0.0850773
-0.0330732   0.764131   0.644213    1.33504
         0          0          0          1

-0.00983871   0.646669  -0.762707      1.497
 -0.999465 -0.0301456 -0.0126665  0.0849298
-0.0311833   0.762175    0.64662    1.33392
         0          0          0          1

-0.0103344   0.646779  -0.762607    1.49887
 -0.999473 -0.0301556 -0.0120312  0.0841186
-0.0307784   0.762081    0.64675    1.33432
         0          0          0          1

-0.0108931   0.647273   -0.76218    1.50028
 -0.999483 -0.0301063 -0.0112828  0.0842584
-0.0302495   0.761663   0.647267    1.33401
         0          0          0          1

 -0.0133494    0.646318   -0.762951     1.50188
  -0.999461  -0.0315047 -0.00920093   0.0836828
 -0.0299832    0.762417    0.646391      1.3334
          0           0           0           1

 -0.0150731    0.645935   -0.763243     1.50236
  -0.999459  -0.0320462 -0.00738278   0.0833498
 -0.0292279    0.762719    0.646069     1.33284
          0           0           0           1

 -0.0156126    0.645204   -0.763851     1.50194
  -0.999406  -0.0335504 -0.00791196   0.0835424
 -0.0307323    0.763274    0.645344     1.33426
          0           0           0           1

 -0.0169451    0.645478   -0.763591     1.50168
  -0.999411   -0.033722 -0.00632748   0.0834327
  -0.029834    0.763034    0.645669     1.33293
          0           0           0           1

  -0.0238758      0.64692    -0.762184      1.50244
   -0.999286   -0.0377821 -0.000765189    0.0824183
  -0.0292919     0.761621      0.64736      1.33112
           0            0            0            1

  -0.0244944     0.647665    -0.761532      1.50166
   -0.999249   -0.0387496 -0.000815107    0.0831188
   -0.030037      0.76094     0.648127      1.33081
           0            0            0            1

-0.0293534   0.648364  -0.760764    1.50117
 -0.999086 -0.0426846 0.00217065  0.0829546
-0.0310656   0.760133   0.649024    1.33035
         0          0          0          1

-0.0340327   0.648407  -0.760533    1.50107
 -0.998906 -0.0464768 0.00507488  0.0828195
-0.0320565   0.759874    0.64928    1.33012
         0          0          0          1

 -0.040361   0.648248  -0.760359    1.50043
 -0.998728 -0.0491893  0.0110774  0.0827025
-0.0302206   0.759839   0.649409     1.3293
         0          0          0          1

-0.0419593   0.646313  -0.761918    1.50018
 -0.998554 -0.0527878  0.0102126  0.0828606
-0.0336195   0.761245   0.647593    1.32932
         0          0          0          1

-0.0487533   0.645078   -0.76256    1.49908
 -0.998262 -0.0567717  0.0157973  0.0833014
-0.0331013   0.762005   0.646725    1.32835
         0          0          0          1

 -0.052377   0.644169  -0.763088    1.49891
 -0.998055 -0.0596336  0.0181643  0.0835602
-0.0338048   0.762555    0.64604    1.32808
         0          0          0          1

-0.0535986   0.643511  -0.763558     1.4983
  -0.99797 -0.0608584  0.0187631  0.0839747
-0.0343946   0.763014   0.645467    1.32772
         0          0          0          1

-0.0582003  0.642852 -0.763777   1.49767
 -0.99767 -0.064732 0.0215399 0.0842327
-0.0355938  0.763251  0.645121   1.32733
        0         0         0         1

-0.0641499   0.643263  -0.762954    1.49699
 -0.997229 -0.0701824  0.0246757  0.0849397
 -0.037673   0.762422   0.645982     1.3267
         0          0          0          1

-0.0687674   0.641927  -0.763676    1.49699
 -0.996889 -0.0737693  0.0277591  0.0849571
-0.0385165   0.763209   0.645003     1.3263
         0          0          0          1

-0.0767453   0.640818  -0.763847    1.49874
  -0.99628 -0.0794122  0.0334766  0.0843482
-0.0392064   0.763574   0.644529    1.32536
         0          0          0          1

-0.0748667   0.640783  -0.764063    1.49743
 -0.996463 -0.0774048  0.0327226  0.0854328
 -0.038174    0.76381   0.644312    1.32408
         0          0          0          1

-0.0783595   0.638499  -0.765624    1.49701
 -0.996109 -0.0812101  0.0342232  0.0859294
-0.0403249   0.765326   0.642378    1.32438
         0          0          0          1

-0.0822979   0.638159  -0.765493    1.49677
 -0.995732 -0.0848416   0.036322  0.0859854
-0.0417665   0.765216   0.642418    1.32432
         0          0          0          1

-0.0858282   0.640064  -0.763512    1.49529
 -0.995311 -0.0893931  0.0369456  0.0875032
-0.0446051   0.763103   0.644736    1.32354
         0          0          0          1

-0.0855786   0.642787   -0.76125    1.49409
 -0.995335 -0.0893238  0.0364705  0.0883654
-0.0445549   0.760819   0.647432     1.3232
         0          0          0          1

-0.0894292   0.646329    -0.7578    1.49391
 -0.994992 -0.0920885   0.038878  0.0886747
-0.0446567   0.757481   0.651328    1.32332
         0          0          0          1

-0.0919027   0.650553   -0.75388    1.49342
 -0.994768 -0.0939056  0.0402336  0.0889637
-0.0446195   0.753633    0.65578    1.32338
         0          0          0          1

-0.0916667   0.654825  -0.750201    1.49287
 -0.994736 -0.0948694   0.038738  0.0898669
-0.0458045   0.749803   0.660074    1.32409
         0          0          0          1

-0.0925247   0.658253   -0.74709    1.49223
 -0.994706 -0.0948019  0.0396622  0.0906923
-0.0447177   0.746804   0.663539    1.32456
         0          0          0          1

-0.0962138   0.665427  -0.740236    1.49153
 -0.994432 -0.0963811  0.0426127    0.09263
-0.0429891   0.740214   0.670995    1.32637
         0          0          0          1

-0.0955242    0.66673  -0.739152     1.4909
 -0.994506 -0.0958558   0.042061  0.0940584
-0.0428086   0.739109   0.672224    1.32853
         0          0          0          1

-0.0955998   0.668428  -0.737608    1.49016
 -0.994462 -0.0966315  0.0413217  0.0956319
-0.0436556   0.737473   0.673964    1.33221
         0          0          0          1

-0.0938377     0.6692  -0.737133    1.48818
 -0.994694 -0.0943791   0.040944  0.0976446
-0.0421702   0.737064   0.674506    1.33536
         0          0          0          1

-0.0976543   0.666294  -0.739267    1.48471
  -0.99446 -0.0943641  0.0463148   0.100723
 -0.038901   0.739695   0.671817    1.34544
         0          0          0          1

 -0.100096   0.664291  -0.740741    1.48273
 -0.994319 -0.0938729  0.0501777   0.102163
 -0.036203   0.741556   0.669914    1.35098
         0          0          0          1

-0.101514  0.662049 -0.742553   1.47946
-0.994269 -0.092671 0.0533019  0.104308
-0.0335247  0.743709  0.667663   1.35838
        0         0         0         1

 -0.104268    0.66114  -0.742982    1.47675
 -0.994175 -0.0897748  0.0596342   0.105864
-0.0272744   0.744872    0.66665    1.36381
         0          0          0          1

 -0.111177   0.658966  -0.743911    1.47448
 -0.993632 -0.0875118   0.070978   0.107041
 -0.018329   0.747065   0.664498    1.37323
         0          0          0          1

 -0.118771   0.655506  -0.745792    1.47192
 -0.992856 -0.0870523  0.0816029   0.107946
-0.0114317   0.750156   0.661163    1.38321
         0          0          0          1

 -0.120611   0.652207  -0.748385    1.45949
 -0.992664 -0.0728576  0.0964849   0.113954
0.00840256   0.754532    0.65621    1.40505
         0          0          0          1

 -0.123893   0.651772  -0.748227    1.45552
 -0.992097 -0.0662782   0.106539   0.116465
 0.0198481   0.755513   0.654832    1.41575
         0          0          0          1

 -0.130319   0.650876  -0.747915    1.45125
 -0.990988 -0.0619301   0.118778   0.118507
 0.0309914   0.756654   0.653081    1.42921
         0          0          0          1

 -0.132088   0.650451  -0.747975     1.4463
 -0.990315 -0.0540323   0.127897   0.121293
 0.0427758   0.757624   0.651288    1.44085
         0          0          0          1

 -0.137344   0.647275  -0.749781     1.4333
 -0.988462 -0.0407584   0.145879    0.12843
 0.0638641   0.761166   0.645405    1.47172
         0          0          0          1

 -0.136709   0.647266  -0.749905    1.42643
 -0.987821 -0.0322936   0.152208   0.131918
 0.0743021    0.76158   0.643798    1.48611
         0          0          0          1

 -0.138386    0.64918   -0.74794    1.41868
  -0.98635 -0.0222934   0.163148   0.136519
 0.0892383   0.760308   0.643404    1.50262
         0          0          0          1

 -0.138783   0.651574  -0.745782    1.41111
 -0.985086 -0.0134878   0.171532   0.140418
  0.101707   0.758465   0.643728    1.51851
         0          0          0          1

  -0.140396    0.655148   -0.742341     1.40257
  -0.983049 -0.00294895    0.183317    0.144875
   0.117911    0.755494    0.644457     1.53765
          0           0           0           1

 -0.141624   0.659104  -0.738596    1.39514
 -0.981147 0.00565624    0.19318   0.149293
  0.131504    0.75203   0.645877    1.55449
         0          0          0          1

-0.142121  0.666988 -0.731389   1.37549
-0.976022 0.0286426  0.215777  0.160648
  0.16487  0.744518  0.646924   1.59392
        0         0         0         1

-0.146627  0.669852 -0.727873   1.36674
-0.972852 0.0355372  0.228682  0.165507
 0.179049  0.741644  0.646457    1.6124
        0         0         0         1

-0.147334  0.673644 -0.724221   1.35469
-0.969285 0.0474458  0.241322  0.172115
 0.196926  0.737532  0.645962   1.63393
        0         0         0         1

-0.149231   0.67595 -0.721679   1.34469
-0.966117 0.0557661  0.252009  0.177956
 0.210591  0.734834  0.644725   1.65413
        0         0         0         1

-0.153034  0.683256 -0.713962   1.31948
-0.957692  0.075653  0.277675  0.192021
 0.243737   0.72625  0.642771   1.69793
        0         0         0         1

-0.160523  0.687837 -0.707893   1.31028
-0.952908 0.0789551  0.292801  0.198029
 0.257291  0.721558  0.642772    1.7187
        0         0         0         1

-0.161121  0.691994 -0.703693   1.29515
-0.948155 0.0893748  0.304983  0.206715
 0.273939  0.716349  0.641718   1.74179
        0         0         0         1

-0.166754  0.698017 -0.696394   1.28526
-0.942636 0.0942911  0.320229  0.213584
 0.289189  0.709846  0.642253   1.76233
        0         0         0         1

-0.170203  0.702845 -0.690681   1.27074
-0.937133  0.101244  0.333962  0.221841
 0.304651  0.704102  0.641427   1.78736
        0         0         0         1

 -0.17272  0.707111 -0.685683   1.25795
-0.932183   0.10749  0.345661  0.229732
 0.318125  0.698884  0.640591   1.80798
        0         0         0         1

 -0.18501   0.71626 -0.672861   1.23182
-0.917893  0.118641  0.378678  0.249069
 0.351061  0.687674  0.635501   1.85227
        0         0         0         1

-0.193348  0.721496 -0.664876   1.22174
-0.909924  0.121591  0.396553  0.258586
 0.366954  0.681659  0.632997   1.87161
        0         0         0         1

-0.200793  0.725108 -0.658712   1.20685
-0.901105  0.127073  0.414562  0.270887
 0.384306   0.67681  0.627883   1.89402
        0         0         0         1

-0.209079 0.729795 -0.65091  1.19526
-0.893006 0.128777 0.431227 0.280721
0.398529 0.671428 0.624787  1.91307
       0        0        0        1

-0.22741 0.738445 -0.63481  1.16584
-0.87432 0.132204 0.466997 0.304536
0.428776 0.661227 0.615573  1.95816
       0        0        0        1

-0.237792  0.743741 -0.624744   1.15446
-0.863756  0.132278  0.486238  0.316625
 0.444275   0.65525  0.610956   1.97627
        0         0         0         1

-0.251202  0.750694 -0.611028     1.142
-0.851959  0.128143  0.507685  0.329923
 0.459416  0.648103  0.607371   1.99786
        0         0         0         1

-0.262786  0.756632 -0.598708   1.13142
-0.840291   0.12549  0.527413  0.342507
 0.474189  0.641685  0.602814   2.01508
        0         0         0         1

-0.270517  0.763796 -0.586034   1.11667
-0.830001  0.123384  0.543944  0.356742
  0.48777  0.633555  0.600574   2.03788
        0         0         0         1

-0.279198  0.768526 -0.575688   1.10185
-0.819245  0.122084  0.560298  0.369626
 0.500886  0.628063  0.595525   2.05505
        0         0         0         1

-0.300705  0.784188 -0.542795   1.07661
-0.792095  0.111639  0.600102  0.401201
  0.53119  0.610399  0.587581   2.09522
        0         0         0         1

-0.310607  0.789014 -0.530076   1.06215
-0.775931   0.11165  0.620859  0.419307
 0.549049  0.604145  0.577541   2.10702
        0         0         0         1

-0.322504  0.797425 -0.510004   1.05031
-0.758811  0.104292  0.642907  0.438334
  0.56586  0.594337   0.57146   2.12609
        0         0         0         1

 -0.33291  0.805215 -0.490713   1.04068
-0.743001 0.0964341  0.662306  0.455441
 0.580621  0.585089  0.566172   2.14152
        0         0         0         1

 -0.35994  0.826923  -0.43202   1.02744
-0.702646 0.0643697  0.708622  0.494167
 0.613785  0.558618  0.557865   2.17537
        0         0         0         1

-0.368349  0.834253 -0.410293   1.01478
-0.685698 0.0542284  0.725863  0.513356
 0.627803  0.548708  0.552071   2.18888
        0         0         0         1

-0.376758  0.843764 -0.382252  0.999605
-0.661438 0.0438479  0.748717  0.539679
 0.648501  0.534921  0.541577   2.19976
        0         0         0         1

-0.386725  0.857921 -0.338253   1.00299
-0.640867  0.013731  0.767529  0.558083
 0.663124  0.513598  0.544503   2.21872
        0         0         0         1

  -0.39364   0.869293  -0.298961   0.991356
 -0.620162 -0.0110624   0.784396   0.581329
  0.678562   0.494173   0.543457    2.23583
         0          0          0          1

  -0.40337   0.877303  -0.260063    0.98432
 -0.593136 -0.0342698   0.804373    0.60747
