-0.0132924 -0.820467   0.57154  0.767675
-0.771469 -0.355222 -0.527876   1.05602
 0.636128 -0.447942 -0.628243   2.28421
        0         0         0         1

0.00915798 -0.802036  0.597205  0.739885
-0.796066 -0.367271 -0.481031   1.00899
  0.60514 -0.471009 -0.641837   2.29079
        0         0         0         1

 0.030448 -0.787863  0.615098  0.712008
-0.810406 -0.379672 -0.446196  0.982343
 0.585077 -0.484893 -0.650049   2.30199
        0         0         0         1

0.0389392 -0.791058  0.610501  0.718021
-0.820303 -0.374189 -0.432535   0.96063
 0.570603 -0.483953 -0.663478   2.30738
        0         0         0         1

0.0389321 -0.791525  0.609896  0.721537
 -0.82706 -0.368052 -0.424865  0.945237
 0.560764 -0.487879 -0.668967   2.30273
        0         0         0         1

0.0427295 -0.794733  0.605454   0.72931
-0.837503 -0.358923 -0.412024  0.926823
  0.54476 -0.489463 -0.680927   2.30695
        0         0         0         1

0.0546423 -0.795039  0.604092   0.72542
-0.848856 -0.355565 -0.391173  0.906162
 0.525792 -0.491413 -0.694303   2.30705
        0         0         0         1

0.0688824  -0.79924  0.597051  0.725053
-0.876835 -0.333953 -0.345883  0.853952
 0.475831 -0.499691 -0.723806   2.31653
        0         0         0         1

0.0789751 -0.788267  0.610244  0.703099
-0.881931 -0.340617 -0.325848  0.838301
 0.464715 -0.512459 -0.722098   2.30895
        0         0         0         1

0.0819142 -0.791585  0.605544  0.705817
 -0.89074 -0.330697 -0.311803  0.818867
  0.44707 -0.513841 -0.732185   2.30927
        0         0         0         1

0.0800973 -0.797739  0.597659   0.71348
 -0.89852 -0.317376 -0.303207   0.80494
 0.431563 -0.512723 -0.742206   2.30466
        0         0         0         1

0.0861395    -0.794  0.601784  0.704006
-0.910624 -0.307781 -0.275743  0.781182
 0.404158 -0.524247 -0.749548   2.30629
        0         0         0         1

0.0872333 -0.795032  0.600262   0.70041
-0.913398 -0.304333 -0.270342  0.767358
 0.397611 -0.524695 -0.752729   2.29332
        0         0         0         1

0.0919503 -0.795834  0.598492  0.692362
-0.926625 -0.288439 -0.241183  0.731336
  0.36457 -0.532401 -0.763962   2.27907
        0         0         0         1

0.0943916 -0.798662  0.594331  0.689523
-0.936555 -0.273672 -0.219017  0.709619
 0.337572  -0.53595 -0.773823   2.28077
        0         0         0         1

 0.100057 -0.798873  0.593119  0.677722
-0.946228 -0.260711 -0.191527  0.683531
 0.307639 -0.542062 -0.782002    2.2803
        0         0         0         1

0.0898911 -0.806193  0.584784  0.684245
-0.953146 -0.239926 -0.184251  0.668463
 0.288846 -0.540822 -0.789987   2.27456
        0         0         0         1

0.0884377 -0.803254  0.589034  0.659285
-0.964715 -0.216304 -0.150127  0.630432
 0.248001 -0.554973  -0.79404   2.26097
        0         0         0         1

0.0891283 -0.803962  0.587964  0.648784
-0.970281 -0.203415 -0.131059  0.611734
 0.224968  -0.55881 -0.798199   2.25595
        0         0         0         1

0.0891268 -0.802843  0.589491  0.639063
-0.972518 -0.197955 -0.122563  0.595509
 0.215091 -0.562367 -0.798423   2.24136
        0         0         0         1

0.0754554 -0.800575  0.594462  0.641963
-0.973109 -0.189237 -0.131332  0.589382
 0.217635 -0.568567 -0.793326   2.22295
        0         0         0         1

0.0677451 -0.793213  0.605164  0.635674
-0.977109 -0.175352 -0.120459  0.571885
 0.201667  -0.58315 -0.786935   2.21204
        0         0         0         1

0.0606776 -0.790965  0.608845  0.632191
-0.981952 -0.156769 -0.105801   0.55523
 0.179133 -0.591436 -0.786202   2.20466
        0         0         0         1

 0.0400112  -0.775686    0.62985   0.615409
 -0.991179  -0.110518 -0.0731427   0.524361
  0.126345  -0.621367  -0.773266    2.17401
         0          0          0          1

 0.0317156  -0.769894   0.637383   0.611606
 -0.994167 -0.0900662 -0.0593219   0.513992
  0.103078  -0.631784   -0.76826    2.16304
         0          0          0          1

 0.0182813  -0.743545   0.668436   0.591582
 -0.998855 -0.0431453 -0.0206753   0.485125
 0.0442129  -0.667293  -0.743482    2.12816
         0          0          0          1

  0.0131366   -0.731606    0.681601    0.583468
  -0.999613  -0.0263236 -0.00898906    0.476161
  0.0245186   -0.681219   -0.731669      2.1093
          0           0           0           1

 0.00462406    -0.72225    0.691616    0.577933
   -0.99997 0.000972065   0.0077008    0.462341
 -0.0062342   -0.691631   -0.722224     2.09341
          0           0           0           1

0.00266056 -0.714716   0.69941   0.56871
-0.999664 0.0161333 0.0202891  0.452666
-0.0257847 -0.699229 -0.714433   2.07591
        0         0         0         1

-0.00596083 -0.711281  0.702882  0.563781
-0.998706 0.0397349 0.0317401  0.440316
-0.0505051 -0.701783 -0.710598   2.05893
        0         0         0         1

-0.00712339 -0.706475  0.707703  0.554672
-0.997428 0.0554922 0.0453563  0.430074
-0.0713151  -0.70556 -0.705053   2.04424
        0         0         0         1

-0.0197831 -0.704182  0.709744  0.552745
 -0.99568 0.0782887 0.0499221  0.420519
-0.0907192  -0.70569 -0.702689   2.02605
        0         0         0         1

-0.019038 -0.698034  0.715811  0.542221
-0.994081 0.0898052 0.0611359  0.410671
-0.106959 -0.710411 -0.695612   2.00989
        0         0         0         1

-0.0286667 -0.687247  0.725858  0.529284
-0.989908  0.120337 0.0748409  0.393511
-0.138782 -0.716388 -0.683761   1.97247
        0         0         0         1

-0.0334039 -0.682645  0.729987  0.526217
-0.986966  0.137575 0.0834896   0.38515
-0.157422 -0.717683 -0.678343    1.9586
        0         0         0         1

-0.0304781 -0.675068  0.737126  0.517332
-0.982823  0.154535  0.100888  0.374119
-0.182018 -0.721389 -0.668182   1.94322
        0         0         0         1

-0.0277432 -0.664631  0.746657  0.510049
-0.979551  0.166979  0.112238  0.365964
-0.199272 -0.728275 -0.655672   1.92794
        0         0         0         1

-0.032434 -0.634825  0.771975  0.501977
-0.974516  0.191616   0.11663  0.354206
-0.221962 -0.748519 -0.624862   1.88607
        0         0         0         1

-0.0346735  -0.62522  0.779678  0.498955
-0.972009   0.20249  0.119149  0.347613
-0.232371 -0.753722 -0.614741   1.87303
        0         0         0         1

-0.0306462 -0.617619   0.78588  0.492176
-0.970506  0.206484  0.124429  0.340409
-0.239121 -0.758888 -0.605731   1.85265
        0         0         0         1

-0.0311387 -0.614264  0.788486  0.489707
-0.968065  0.214868  0.129161  0.334329
 -0.24876 -0.759283 -0.601338   1.83982
        0         0         0         1

-0.0184778 -0.601001  0.799034  0.478321
-0.962896  0.225902  0.147647   0.32013
-0.269239 -0.766659 -0.582876   1.80725
        0         0         0         1

-0.012473 -0.591131  0.806479  0.474909
-0.960519  0.231266  0.154657   0.31461
-0.277934  -0.77271 -0.570677   1.79418
        0         0         0         1

-0.00576593 -0.578805  0.815445  0.470897
-0.958126  0.236658  0.161205  0.308309
-0.286288  -0.78037 -0.555933   1.77799
        0         0         0         1

0.00677752  -0.56581  0.824508  0.464293
-0.955012  0.240807  0.173101  0.301505
-0.296489 -0.788588 -0.538723    1.7662
        0         0         0         1

0.0149749 -0.550282  0.834844  0.461636
-0.951508  0.248728  0.181015  0.295545
-0.307258 -0.797072 -0.519873   1.75173
        0         0         0         1

0.0220644 -0.537216  0.843156  0.460283
-0.950191  0.250984  0.184779   0.29267
-0.310885 -0.805237  -0.50492   1.73702
        0         0         0         1

0.0409283 -0.515333  0.856012  0.456619
-0.945626  0.256696  0.199748  0.284156
-0.322671 -0.817642 -0.476806   1.70997
        0         0         0         1

0.0509777 -0.508854  0.859342  0.454697
-0.943465  0.257655  0.208537  0.279989
-0.327528  -0.82139 -0.466951   1.70048
        0         0         0         1

0.0645551 -0.498663  0.864389  0.452065
-0.941745  0.256064  0.218054  0.276136
-0.330074  -0.82811 -0.453083   1.68638
        0         0         0         1

0.0784704 -0.492778   0.86661  0.448845
-0.939114   0.25516  0.230127  0.272296
-0.334526 -0.831903 -0.442752   1.67716
        0         0         0         1

 0.106411 -0.478934  0.871378  0.446057
 -0.93329  0.254193  0.253683  0.266423
-0.342995 -0.840243 -0.419935   1.65613
        0         0         0         1

 0.121647 -0.470608  0.873916  0.443185
-0.930968  0.251257  0.264892  0.264392
-0.344238 -0.845812 -0.407557   1.64593
        0         0         0         1

 0.133956 -0.458638  0.878469  0.443629
-0.928539  0.251616  0.272957  0.263442
-0.346225 -0.852256 -0.392157   1.63492
        0         0         0         1

 0.147384 -0.449335  0.881122  0.442472
-0.925763  0.250947  0.282824  0.262252
-0.348198 -0.857393 -0.378992   1.62684
        0         0         0         1

 0.162069 -0.437306  0.884589  0.441372
-0.922847  0.250251  0.292793  0.261074
-0.349409 -0.863793 -0.363009   1.61758
        0         0         0         1

 0.171093  -0.42618  0.888312  0.441037
-0.921707  0.249323  0.297142  0.261359
-0.348113 -0.869602 -0.350156   1.60924
        0         0         0         1

 0.193351 -0.398285  0.896652  0.436869
-0.918618  0.247508  0.308028  0.260239
-0.344611 -0.883238 -0.318016   1.59176
        0         0         0         1

 0.200974 -0.383905  0.901236  0.435348
-0.918058  0.247128  0.309996  0.260696
 -0.34173 -0.889688 -0.302781   1.58386
        0         0         0         1

 0.211147 -0.368922  0.905159  0.432865
-0.916252  0.247828  0.314743  0.260529
 -0.34044 -0.895811 -0.285697   1.57568
        0         0         0         1

 0.216931  -0.35583  0.909025  0.431994
-0.915276  0.249646  0.316144  0.261017
-0.339428  -0.90059 -0.271526   1.56891
        0         0         0         1

 0.227512  -0.34073  0.912218  0.429094
-0.912857  0.251507  0.321614  0.260952
-0.339013 -0.905896 -0.253817   1.56101
        0         0         0         1

 0.235344 -0.328912  0.914565   0.42713
-0.910774  0.253844   0.32566  0.260726
-0.339271 -0.909604 -0.239824   1.55499
        0         0         0         1

 0.246919 -0.300296  0.921333  0.427739
-0.909184  0.257173  0.327485  0.264542
-0.335284 -0.918523 -0.209523   1.54003
        0         0         0         1

 0.253476 -0.288355  0.923364  0.427337
-0.907908  0.258511  0.329962   0.26576
-0.333846 -0.921967 -0.196273   1.53403
        0         0         0         1

 0.263727 -0.277928   0.92369     0.426
-0.904618  0.261142  0.336856   0.26585
-0.334836 -0.924425 -0.182549    1.5297
        0         0         0         1

 0.269639 -0.266823  0.925257  0.426141
-0.903899  0.261196  0.338737  0.267705
-0.332057 -0.927676 -0.170752   1.52395
        0         0         0         1

  0.28308  -0.25189  0.925428  0.424549
-0.902993  0.255175  0.345672  0.268925
-0.323217 -0.933508  -0.15522   1.51327
        0         0         0         1

 0.291013 -0.247505   0.92415  0.423882
-0.900942  0.254104  0.351759  0.268665
-0.321892 -0.934972  -0.14904   1.51025
        0         0         0         1

 0.297655 -0.242621  0.923329  0.423962
-0.899791  0.251903  0.356259  0.269148
-0.319025 -0.936846 -0.143328   1.50602
        0         0         0         1

 0.303268 -0.238965  0.922456   0.42413
-0.898597  0.250419  0.360296  0.269417
-0.317098 -0.938182 -0.138789   1.50297
        0         0         0         1

 0.310868  -0.23364  0.921289  0.423613
-0.896437  0.250044  0.365894  0.268997
 -0.31585 -0.939622 -0.131713   1.49963
        0         0         0         1

 0.314939 -0.227295  0.921493  0.424361
-0.895436  0.250721  0.367877  0.269381
-0.314655 -0.940997 -0.124566   1.49674
        0         0         0         1

 0.323926 -0.209926  0.922498  0.423959
-0.893484  0.252713  0.371246  0.269226
-0.311061 -0.944493 -0.105705   1.49028
        0         0         0         1

  0.325687  -0.199847   0.924115   0.424859
 -0.893374   0.254938   0.369985    0.26928
 -0.309533   -0.94608 -0.0955085    1.48774
         0          0          0          1

  0.329705  -0.187835    0.92521   0.424452
 -0.892574   0.257267   0.370305   0.268774
 -0.307582  -0.947909 -0.0828347    1.48427
         0          0          0          1

  0.332204  -0.176375    0.92657   0.423944
 -0.892715    0.25831   0.369236   0.268593
 -0.304467  -0.949825 -0.0716407    1.48081
         0          0          0          1

  0.341653  -0.155063   0.926946   0.421134
 -0.890054   0.263327   0.372105   0.266068
  -0.30179  -0.952163 -0.0480479    1.47407
         0          0          0          1

 0.343934 -0.148284  0.927212  0.422342
-0.889021  0.266418  0.372375  0.265953
-0.302243 -0.952383 -0.040198   1.47213
        0         0         0         1

   0.34973  -0.142426   0.925961   0.421942
 -0.886893   0.268112   0.376214   0.264978
 -0.301844  -0.952802 -0.0325496     1.4697
         0          0          0          1

  0.349859  -0.137072    0.92672   0.425843
 -0.887446   0.268365   0.374726   0.266216
 -0.300064  -0.953515 -0.0277538    1.46663
         0          0          0          1

  0.355271  -0.133615   0.925165    0.42739
 -0.885517   0.268901   0.378881   0.266021
 -0.299402  -0.953855 -0.0227859    1.46424
         0          0          0          1

  0.360066   -0.13338   0.923343   0.428888
 -0.883509   0.269097   0.383405   0.265967
 -0.299608  -0.953832 -0.0209495    1.46297
         0          0          0          1

  0.376919  -0.141618   0.915356   0.431579
 -0.876587   0.264697   0.401908   0.265213
 -0.299209  -0.953876 -0.0243715     1.4606
         0          0          0          1

 0.383529 -0.146379  0.911855  0.434135
-0.873873  0.261878  0.409592  0.265517
 -0.29875 -0.953936 -0.027479   1.45926
        0         0         0         1

  0.394279  -0.151778    0.90637   0.435632
 -0.869288   0.258362   0.421412   0.265347
 -0.298133  -0.954051 -0.0300724    1.45742
         0          0          0          1

  0.401953  -0.152584   0.902858   0.438755
 -0.866707   0.254684     0.4289   0.266459
 -0.295386  -0.954911 -0.0298745     1.4551
         0          0          0          1

  0.417889  -0.141965   0.897338   0.442698
 -0.860743   0.254148   0.441055   0.267814
 -0.290671  -0.956689 -0.0159894    1.45483
         0          0          0          1

    0.42519   -0.133262     0.89524    0.442625
  -0.858153    0.255076    0.445545     0.26783
  -0.287728   -0.957694 -0.00590348     1.45554
          0           0           0           1

  0.431572  -0.122313   0.893748   0.443084
  -0.85708   0.253416   0.448547   0.268878
 -0.281354  -0.959593 0.00453504    1.45609
         0          0          0          1

  0.43594 -0.114784  0.892626  0.443799
-0.856836  0.250461  0.450668  0.269767
-0.275297 -0.961298 0.0108349   1.45762
        0         0         0         1

 0.444253 -0.107547  0.889423  0.442658
-0.855469  0.243954  0.456792  0.270302
-0.266105 -0.963805 0.0163742   1.46025
        0         0         0         1

   0.4483 -0.103268  0.887898  0.442846
-0.855334  0.238998  0.459655  0.271199
-0.259674 -0.965513 0.0188138    1.4637
        0         0         0         1

  0.461157 -0.0860469   0.883137   0.439855
 -0.853863   0.227689   0.468055   0.273488
 -0.241355  -0.969925  0.0315278    1.47093
         0          0          0          1

  0.470505 -0.0767076   0.879057   0.436297
 -0.851564   0.221575   0.475125   0.273927
 -0.231223  -0.972122  0.0389308    1.47367
         0          0          0          1

  0.479013 -0.0675195   0.875207   0.432165
 -0.849625   0.214952   0.481595    0.27485
 -0.220644  -0.974288  0.0455985    1.47856
         0          0          0          1

  0.483513 -0.0593412   0.873323   0.429881
 -0.849816   0.207337   0.484587   0.276404
 -0.209829  -0.976468  0.0498212    1.48282
         0          0          0          1

  0.496954 -0.0464746   0.866532   0.423177
 -0.847212   0.190123    0.49607    0.27963
 -0.187802   -0.98066  0.0551085    1.49476
         0          0          0          1

  0.503244 -0.0410541   0.863169   0.418802
 -0.846316    0.17844   0.501905   0.280404
 -0.174629  -0.983094  0.0550541    1.49886
         0          0          0          1

   0.50915 -0.0367587   0.859893   0.414266
   -0.8453   0.166659   0.507634   0.281015
 -0.161969  -0.985329  0.0537824    1.50613
         0          0          0          1

  0.516115 -0.0344259   0.855827    0.40864
  -0.84317   0.155301   0.514729   0.280915
 -0.150631  -0.987267  0.0511261    1.51261
         0          0          0          1

   0.52284 -0.0279099   0.851974   0.402292
 -0.841841   0.140147   0.521213   0.281256
 -0.133948  -0.989737  0.0497787    1.51954
         0          0          0          1

 0.528521 -0.021601  0.848645  0.395906
-0.840297  0.128807  0.526601  0.280418
-0.120687 -0.991434  0.049926   1.52574
        0         0         0         1

   0.536559 -0.00822955    0.843823    0.383049
   -0.83899    0.102102    0.534482    0.279893
 -0.0905544    -0.99474   0.0478791     1.53927
          0           0           0           1

    0.54333 -0.00250014    0.839515    0.373697
   -0.83566   0.0941633    0.541116    0.277285
 -0.0804044   -0.995554   0.0490725      1.5461
          0           0           0           1

  0.547741 0.00539992    0.83663   0.364324
 -0.834053   0.082224   0.545523   0.274811
-0.0658453  -0.996599  0.0495413    1.55254
         0          0          0          1

 0.547267 0.0107306  0.836889  0.358852
-0.835144 0.0727961  0.545193  0.273476
-0.055072 -0.997289 0.0488005   1.55781
        0         0         0         1

 0.550831 0.0271609  0.834175  0.340115
-0.833987 0.0567293   0.54886  0.267537
-0.0324146  -0.99802 0.0539001    1.5693
        0         0         0         1

 0.551551 0.0311365   0.83356  0.332024
-0.833796 0.0493157  0.549866  0.264055
-0.0239867 -0.998298 0.0531617   1.57376
        0         0         0         1

 0.553302 0.0357475  0.832214  0.321115
-0.832835  0.042442  0.551892  0.258625
-0.0155921 -0.998459  0.053255   1.57951
        0         0         0         1

 0.556084 0.0367117  0.830315  0.310657
-0.831044 0.0386224  0.554865  0.252571
-0.0116988 -0.998579 0.0519863   1.58526
        0         0         0         1

 0.553554 0.0391473  0.831893  0.300481
-0.832805  0.030453  0.552728  0.247492
-0.0036958 -0.998769 0.0494595   1.58959
        0         0         0         1

 0.554404 0.0383908  0.831362  0.291131
-0.832248 0.0251044  0.553835  0.242218
0.0003913 -0.998947 0.0458687   1.59356
        0         0         0         1

 0.551416 0.0373277  0.833395  0.270047
-0.834165 0.0121445  0.551382  0.228846
0.0104606 -0.999229 0.0378342   1.60181
        0         0         0         1

 0.549897 0.0384321  0.834348  0.260694
-0.835136 0.0100983  0.549951  0.221926
0.0127103  -0.99921 0.0376491   1.60612
        0         0         0         1

 0.545202 0.0394424  0.837376  0.251107
-0.838119 0.0046122  0.545468  0.215343
0.0176524 -0.999211  0.035572   1.60898
        0         0         0         1

   0.544901   0.0413687    0.837479    0.240204
  -0.838207 0.000457387    0.545352    0.207222
  0.0221775   -0.999144   0.0349248     1.61147
          0           0           0           1

   0.540283   0.0379578    0.840627    0.217136
  -0.841084 -0.00642485    0.540867    0.188905
   0.025931   -0.999259   0.0284544      1.6191
          0           0           0           1

  0.538571  0.0355376   0.841831   0.206215
 -0.842119 -0.0103552   0.539192   0.179813
 0.0278789  -0.999315  0.0243499    1.62172
         0          0          0          1

  0.535606  0.0278473   0.844009   0.194621
 -0.844017 -0.0149863   0.536106   0.169603
 0.0275777    -0.9995  0.0154768    1.62586
         0          0          0          1

  0.533249  0.0189286   0.845747   0.184497
  -0.84551 -0.0206409   0.533561   0.160418
 0.0275565  -0.999608 0.00499759    1.62778
         0          0          0          1

   0.529348  0.00636562    0.848381    0.173768
  -0.848036  -0.0255068    0.529324    0.149987
  0.0250089   -0.999654 -0.00810367     1.63129
          0           0           0           1

   0.525862 -0.00410003     0.85056     0.16338
  -0.850207  -0.0317308    0.525491    0.140179
  0.0248344   -0.999488  -0.0201719      1.6328
          0           0           0           1

    0.5138 -0.0232245   0.857596    0.13866
 -0.857611  -0.040286   0.512718   0.116939
 0.0226415  -0.998918 -0.0406166      1.637
         0          0          0          1

  0.507906 -0.0291757   0.860918   0.128283
 -0.861098 -0.0441926   0.506514   0.107929
 0.0232683  -0.998597 -0.0475689    1.63642
         0          0          0          1

  0.492785  -0.039086   0.869273   0.120326
 -0.869876 -0.0472443   0.491002  0.0997277
 0.0218769  -0.998118 -0.0572812    1.63701
         0          0          0          1

  0.492542 -0.0430634   0.869222   0.105455
 -0.870105 -0.0448935   0.490818  0.0852317
 0.0178861  -0.998063 -0.0595816    1.63916
         0          0          0          1

   0.47432  -0.054462   0.878666  0.0808766
 -0.880286 -0.0415778   0.472618  0.0600215
 0.0107933   -0.99765 -0.0676633    1.64081
         0          0          0          1

  0.464796 -0.0582453     0.8835  0.0695265
 -0.885367 -0.0412722   0.463058  0.0492929
0.00949305  -0.997449 -0.0707516    1.64015
         0          0          0          1

  0.451739 -0.0621837    0.88998  0.0571069
  -0.89212 -0.0396429   0.450055  0.0370806
0.00729532  -0.997277 -0.0733836     1.6389
         0          0          0          1

  0.441248 -0.0662479   0.894937  0.0473572
 -0.897375 -0.0372372   0.439694  0.0270843
0.00419614  -0.997108 -0.0758801    1.63795
         0          0          0          1

  0.427284 -0.0724538    0.90121  0.0358995
 -0.904118 -0.0340906   0.425921  0.0150975
-0.000136785  -0.996789 -0.0800731    1.63739
         0          0          0          1

   0.41458 -0.0763578   0.906804  0.0262827
  -0.91001 -0.0321786   0.413336 0.00608701
-0.00238179  -0.996561 -0.0828269    1.63532
         0          0          0          1

  0.385954  -0.090565   0.918062 0.00483477
  -0.92244 -0.0249424   0.385334 -0.0162745
-0.0119991  -0.995578 -0.0931674    1.63234
         0          0          0          1

   0.369934   -0.101081    0.923543 -0.00334013
  -0.928893  -0.0214893    0.369725  -0.0249734
 -0.0175259   -0.994646   -0.101843     1.63184
          0           0           0           1

  0.356666  -0.111834   0.927514 -0.0154001
 -0.933906 -0.0164553    0.35714 -0.0381992
-0.0246778  -0.993591  -0.110311    1.62873
         0          0          0          1

   0.34716  -0.123071   0.929695 -0.0253261
 -0.937325 -0.0138046   0.348182 -0.0487426
 -0.030017  -0.992302   -0.12015     1.6252
         0          0          0          1

    0.328455    -0.152821     0.932075   -0.0481117
    -0.94318 -0.000520237     0.332283   -0.0735394
  -0.0502948    -0.988254    -0.144308       1.6176
           0            0            0            1

  0.311854  -0.170737   0.934663 -0.0525072
 -0.948066 0.00887929   0.317948 -0.0791752
-0.0625846  -0.985277  -0.159101    1.61566
         0          0          0          1

  0.296423  -0.189034   0.936162 -0.0607299
 -0.952133  0.0181505   0.305145 -0.0875016
-0.0746744  -0.981803  -0.174605    1.61006
         0          0          0          1

  0.286547  -0.207579   0.935308 -0.0672296
 -0.953892  0.0292222   0.298725 -0.0951698
-0.0893409  -0.977782  -0.189634    1.60823
         0          0          0          1

 0.276528 -0.228283  0.933498 -0.074779
-0.954976 0.0433693  0.293496 -0.104742
-0.107485 -0.972628 -0.206012   1.60454
        0         0         0         1

   0.27233  -0.246148   0.930187 -0.0820351
   -0.9543   0.054558   0.293827  -0.114293
 -0.123074  -0.967696  -0.220041    1.60126
         0          0          0          1

  0.261505  -0.281939   0.923106 -0.0963899
 -0.952425  0.0797257   0.294161  -0.132954
 -0.156531  -0.956114  -0.247677    1.59302
         0          0          0          1

 0.255253 -0.294765  0.920847 -0.101102
-0.951851   0.09063  0.292858 -0.138669
-0.169781 -0.951262 -0.257439   1.59051
        0         0         0         1

 0.250252 -0.305253  0.918801  -0.10806
-0.950466  0.103252   0.29318 -0.146753
-0.184362 -0.946657 -0.264293   1.58515
        0         0         0         1

 0.243954 -0.316127  0.916815 -0.112814
-0.949721   0.11344  0.291825 -0.152734
-0.196257  -0.94191 -0.272558   1.58271
        0         0         0         1

 0.224481 -0.325739  0.918424 -0.122018
-0.950564   0.13432  0.279976 -0.160941
-0.214561  -0.93587 -0.279483   1.57033
        0         0         0         1

 0.216288 -0.328233  0.919501 -0.125491
-0.950227  0.145548  0.275472 -0.164896
-0.224251 -0.933316 -0.280416   1.56653
        0         0         0         1

 0.210178 -0.331616  0.919704 -0.131695
-0.949001  0.156912   0.27345 -0.172969
-0.234993 -0.930274 -0.281725   1.56334
        0         0         0         1

  0.20157 -0.331268  0.921754 -0.135466
-0.949611  0.164514  0.266786 -0.175785
-0.240019 -0.929084 -0.281414   1.55882
        0         0         0         1

 0.194749 -0.327716  0.924486 -0.141132
-0.949981  0.171591  0.260946 -0.181822
 -0.24415 -0.929064 -0.277906    1.5522
        0         0         0         1

 0.188204 -0.324756  0.926884 -0.146041
 -0.95062  0.176901  0.255005 -0.186952
-0.246781 -0.929107 -0.275426   1.54852
        0         0         0         1

 0.162686 -0.304102  0.938646  -0.15375
-0.956191  0.186062  0.226008  -0.19008
-0.243376 -0.934293 -0.260509    1.5344
        0         0         0         1

 0.153887 -0.295049  0.943008  -0.15772
-0.958255  0.188185  0.215255  -0.19326
-0.240971 -0.936767 -0.253773   1.52873
        0         0         0         1

 0.135944 -0.280591  0.950152 -0.160124
 -0.96199  0.191889  0.194305 -0.192257
-0.236844 -0.940451 -0.243839   1.52203
        0         0         0         1

 0.124978 -0.268005  0.955277 -0.163718
-0.964155  0.194335  0.180661  -0.19432
-0.234061 -0.943614 -0.234111   1.51552
        0         0         0         1

 0.104054 -0.250405  0.962533 -0.170355
-0.967704  0.197938  0.156107 -0.199361
-0.229612 -0.947691 -0.221722   1.50655
        0         0         0         1

0.0943873  -0.23991  0.966196  -0.17215
-0.968859  0.201032  0.144565 -0.198815
-0.228919 -0.949752 -0.213464   1.50068
        0         0         0         1

0.0878362 -0.234242  0.968202 -0.175256
-0.969367  0.203708  0.137226 -0.200738
-0.229374 -0.950596 -0.209174   1.49591
        0         0         0         1

0.0862271 -0.228621  0.969689 -0.178427
-0.970104   0.20236  0.133974 -0.202828
-0.226855 -0.952251 -0.204338   1.48974
        0         0         0         1

0.0855995 -0.224525  0.970701 -0.182396
-0.969931  0.204008  0.132719 -0.205461
 -0.22783 -0.952874  -0.20031   1.48342
        0         0         0         1

0.0838235  -0.22315  0.971173 -0.184236
-0.970066   0.20464  0.130749 -0.206044
-0.227917 -0.953062 -0.199317   1.47848
        0         0         0         1

0.0763677 -0.221827  0.972091 -0.187254
-0.969664  0.210528  0.124219 -0.204595
-0.232208 -0.952088  -0.19902   1.46941
        0         0         0         1

 0.074794 -0.222644  0.972026 -0.189346
-0.969691  0.211133  0.122975 -0.205319
-0.232607 -0.951763 -0.200105   1.46511
        0         0         0         1

 0.067699 -0.224092  0.972214 -0.189438
-0.970042   0.21309  0.116664 -0.202169
-0.233313 -0.950987 -0.202952   1.46109
        0         0         0         1

0.0656391 -0.223516  0.972488 -0.190573
-0.969645  0.215764  0.115038 -0.201742
-0.235541 -0.950519 -0.202569   1.45644
        0         0         0         1

0.0702846 -0.224377  0.971965 -0.196679
-0.967764  0.220903  0.120976 -0.207509
-0.241854 -0.949135 -0.201618   1.44737
        0         0         0         1

0.0694482 -0.226004  0.971648 -0.197551
 -0.96718  0.223385  0.121088 -0.206344
-0.244418 -0.948167 -0.203073   1.44498
        0         0         0         1

0.0722657 -0.224559  0.971777 -0.200119
-0.966344   0.22542  0.123952 -0.207668
-0.246893 -0.948029 -0.200712   1.43763
        0         0         0         1

0.0742853 -0.224779  0.971574 -0.201024
-0.965794  0.226504  0.126246 -0.207377
-0.248443 -0.947719 -0.200264   1.43367
        0         0         0         1

0.0793045 -0.226446   0.97079 -0.203225
-0.964435  0.228899  0.132178 -0.208848
-0.252144 -0.946746 -0.200239   1.42907
        0         0         0         1

0.0844215 -0.227938  0.970009 -0.204782
-0.962877  0.231835  0.138279 -0.210248
-0.256401 -0.945672 -0.199905    1.4265
        0         0         0         1

0.0982819 -0.209206   0.97292 -0.207973
-0.960924  0.234275  0.147446 -0.208222
-0.258777 -0.949394 -0.178006   1.41621
        0         0         0         1

  0.10278  -0.20129  0.974125  -0.20937
-0.961095   0.23232  0.149411  -0.20868
-0.256383 -0.951583 -0.169581   1.41275
        0         0         0         1

 0.101629 -0.194975  0.975529 -0.208239
-0.961849  0.231118  0.146396 -0.204426
-0.254006 -0.953189 -0.164048   1.41179
        0         0         0         1

 0.103482 -0.188358  0.976633 -0.210446
 -0.96254  0.228446  0.146048  -0.20701
-0.250617 -0.955162 -0.157662   1.40942
        0         0         0         1

0.0990823 -0.182339  0.978231 -0.211753
-0.965683  0.219565  0.138738 -0.205478
-0.240083 -0.958407 -0.154327   1.40419
        0         0         0         1

0.0998387 -0.181543  0.978302 -0.213162
-0.966085  0.217634  0.138978 -0.207367
-0.238142 -0.958998 -0.153657   1.40357
        0         0         0         1

0.0967919 -0.180088  0.978877 -0.212079
-0.966736  0.216935  0.135502 -0.204792
-0.236755 -0.959431   -0.1531   1.40314
        0         0         0         1

0.0973506 -0.181661  0.978531 -0.212844
-0.967006  0.215303  0.136174 -0.206091
-0.235418 -0.959502 -0.154707   1.40282
        0         0         0         1

0.0966185 -0.182646   0.97842 -0.212254
-0.967735  0.212595   0.13525  -0.20521
 -0.23271 -0.959918 -0.156213   1.40115
        0         0         0         1

0.0970923 -0.185904  0.977759 -0.212591
-0.967834  0.211462  0.136313 -0.205445
  -0.2321 -0.959543 -0.159392   1.40191
        0         0         0         1

0.0982416 -0.195149  0.975841 -0.211317
-0.967738  0.209885  0.139399 -0.204594
-0.232018 -0.958053 -0.168233   1.40607
        0         0         0         1

 0.100012 -0.198928  0.974897 -0.211046
-0.967623  0.208759  0.141863  -0.20487
-0.231739 -0.957522 -0.171609   1.40718
        0         0         0         1

 0.101659  -0.20429  0.973617 -0.210865
-0.967453  0.207672   0.14459 -0.205133
-0.231732 -0.956628 -0.176529   1.40853
        0         0         0         1

 0.100323 -0.205611  0.973478 -0.210328
 -0.96785  0.206654  0.143391 -0.204216
-0.230656 -0.956566 -0.178269   1.40881
        0         0         0         1

 0.100442 -0.208243  0.972906 -0.210562
-0.967876  0.206082  0.144033 -0.204361
-0.230493  -0.95612 -0.180854   1.41078
        0         0         0         1

0.0990246 -0.205449  0.973645 -0.210458
-0.968201  0.206007   0.14194 -0.203691
-0.229739  -0.95674 -0.178516   1.41147
        0         0         0         1

0.0985718  -0.20428  0.973937 -0.210731
-0.968188  0.206508  0.141304 -0.202248
-0.229992 -0.956882 -0.177426   1.41751
        0         0         0         1

 0.098639 -0.203084   0.97418  -0.21044
-0.967881  0.207914  0.141344 -0.200417
-0.231251 -0.956833 -0.176053   1.42001
        0         0         0         1

 0.100758 -0.203583  0.973859 -0.211716
-0.967312  0.208906  0.143752 -0.200629
-0.232711  -0.95651 -0.175879   1.42405
        0         0         0         1

 0.102162 -0.204076   0.97361 -0.211926
 -0.96667  0.210608  0.145579 -0.199949
-0.234759 -0.956032 -0.175758   1.42756
        0         0         0         1

  0.10939 -0.207566  0.972085  -0.21356
-0.964379  0.214798  0.154388 -0.199017
-0.240848 -0.954347 -0.176676   1.43522
        0         0         0         1

 0.111162  -0.20829  0.971729 -0.213753
-0.963394   0.21744  0.156817 -0.196852
-0.243957 -0.953591 -0.176494   1.43772
        0         0         0         1

  0.11609 -0.208375  0.971135  -0.21517
-0.962123  0.219223  0.162051 -0.196786
-0.246662 -0.953164 -0.175033    1.4403
        0         0         0         1

 0.117316 -0.209633  0.970717 -0.215766
-0.961499   0.22062  0.163847 -0.195042
-0.248507 -0.952565  -0.17568   1.44457
        0         0         0         1

 0.117978 -0.209975  0.970563 -0.215971
-0.961224  0.221186  0.164695 -0.191674
-0.249256 -0.952359 -0.175738   1.44858
        0         0         0         1

  0.11887 -0.212472   0.96991 -0.217147
-0.961091  0.220688  0.166134  -0.19061
-0.249347  -0.95192 -0.177972   1.45213
        0         0         0         1

 0.116441 -0.222041   0.96806  -0.21892
-0.960725  0.222015  0.166482 -0.186549
 -0.25189 -0.949425 -0.187468   1.46424
        0         0         0         1

 0.113581 -0.225162  0.967678 -0.219338
   -0.961  0.222288   0.16452 -0.182743
-0.252146 -0.948626 -0.191133    1.4681
        0         0         0         1

 0.109913 -0.229826  0.967005 -0.219625
-0.961615  0.221515  0.161947 -0.178784
-0.251426 -0.947687 -0.196657   1.47257
        0         0         0         1

 0.107283 -0.236886  0.965596  -0.22085
-0.962263   0.21955  0.160774  -0.17682
-0.250082 -0.946405 -0.204393   1.47804
        0         0         0         1

0.0975272 -0.261278  0.960324 -0.222292
-0.964021  0.214958  0.156387 -0.170662
 -0.24729 -0.941024 -0.230913   1.49262
        0         0         0         1

 0.097413 -0.273118  0.957036 -0.224015
 -0.96432  0.211947  0.158639 -0.169119
-0.246168 -0.938342 -0.242726   1.50121
        0         0         0         1

0.0960339 -0.279913   0.95521 -0.224429
-0.965685  0.206448  0.157584 -0.164136
-0.241311 -0.937565 -0.250482    1.5069
        0         0         0         1

 0.098362 -0.291349  0.951546 -0.224718
-0.965642  0.203179  0.162029 -0.160704
-0.240541 -0.934791 -0.261354   1.51504
        0         0         0         1

 0.100093 -0.302813  0.947779 -0.224046
-0.966214  0.197807  0.165239 -0.154613
-0.237513 -0.932296 -0.272783   1.52507
        0         0         0         1

 0.100481 -0.306943  0.946409 -0.223192
-0.967695  0.190924  0.164662 -0.146939
-0.231234 -0.932381 -0.277843   1.52922
        0         0         0         1

 0.116146 -0.325489  0.938385 -0.224415
-0.968689   0.17161  0.179422  -0.13715
-0.219436 -0.929842 -0.295366   1.54776
        0         0         0         1

 0.125317 -0.331849  0.934972 -0.224949
-0.969038  0.161143  0.187078  -0.13336
-0.212746 -0.929467 -0.301381   1.55627
        0         0         0         1

 0.138674 -0.344748  0.928396 -0.226823
-0.968694  0.147701   0.19954     -0.13
-0.205916 -0.927002 -0.313473   1.57055
        0         0         0         1

 0.144148 -0.348568  0.926133 -0.225525
-0.970257   0.13415  0.201505 -0.120865
-0.194478 -0.927634 -0.318863   1.57832
        0         0         0         1

 0.161712 -0.356925  0.920029 -0.223841
-0.972801 0.0990297  0.209406 -0.102651
-0.165852 -0.928869 -0.331203   1.59766
        0         0         0         1

 0.165367 -0.361098  0.917748 -0.221444
-0.974538 0.0830459  0.208276 -0.091228
-0.151423 -0.928823 -0.338171   1.60713
        0         0         0         1

  0.173002  -0.364156   0.915129  -0.219029
 -0.975532  0.0646383   0.210143 -0.0784019
 -0.135677  -0.929092  -0.344063    1.61921
         0          0          0          1

 0.183657 -0.368926  0.911133 -0.218821
-0.975383 0.0466998  0.215517 -0.071334
 -0.12206 -0.928285 -0.351267   1.63081
        0         0         0         1

 0.189607 -0.374377  0.907685 -0.215672
-0.976412 0.0253586  0.214423  -0.05612
-0.103293  -0.92693 -0.360738   1.64351
        0         0         0         1

  0.199038  -0.377033   0.904561  -0.214656
  -0.97622 0.00462591   0.216734 -0.0459276
-0.0859003  -0.926188  -0.367146    1.65231
         0          0          0          1

  0.226183  -0.386486   0.894131  -0.213953
 -0.972677 -0.0402752   0.228644 -0.0246407
-0.0523563  -0.921415  -0.385036    1.67775
         0          0          0          1

   0.234134   -0.389648    0.890705   -0.210576
  -0.971396  -0.0563973    0.230673 -0.00974673
 -0.0396477   -0.919235   -0.391707     1.68824
          0           0           0           1

  0.249179  -0.393077   0.885099  -0.209181
 -0.968137  -0.077611    0.23809 0.00446457
-0.0248942  -0.916224  -0.399892    1.70222
         0          0          0          1

  0.257909  -0.397567   0.880581  -0.204847
 -0.966076 -0.0934306   0.240767  0.0208938
-0.0134475  -0.912804  -0.408176    1.71458
         0          0          0          1

 0.292397 -0.401475  0.867941 -0.200128
-0.956227 -0.133739  0.260277 0.0525199
0.0115825 -0.906053 -0.423006   1.74097
        0         0         0         1

 0.303191 -0.396996  0.866297  -0.19681
-0.952642 -0.148607  0.265309 0.0691724
0.0234114  -0.90571 -0.423251   1.74851
        0         0         0         1

 0.316764 -0.398867  0.860561 -0.191758
-0.947785 -0.168431  0.270803 0.0909725
0.0369307 -0.901408 -0.431393   1.76162
        0         0         0         1

  0.33405 -0.398441  0.854199 -0.190119
-0.941525 -0.183417  0.282646   0.10542
0.0440564 -0.898667 -0.436413   1.77499
        0         0         0         1

 0.360387 -0.394132  0.845447 -0.191027
-0.931293 -0.203569   0.30208  0.120868
 0.053047 -0.896225 -0.440416   1.78924
        0         0         0         1

 0.370425 -0.394778  0.840795   -0.1824
-0.927013 -0.214218  0.307828  0.143483
0.0585894 -0.893455 -0.445316   1.80142
        0         0         0         1

 0.405328 -0.393299  0.825242 -0.171727
-0.911239 -0.246067  0.330295  0.188294
0.0731604 -0.885871 -0.458127   1.82707
        0         0         0         1

 0.414464 -0.389328  0.822583  -0.16392
-0.906292 -0.258805  0.334149  0.214057
0.0827947 -0.883993  -0.46011   1.83339
        0         0         0         1

 0.439228 -0.388173  0.810185 -0.159888
-0.894266 -0.275078  0.353017  0.236496
0.0858323 -0.879576 -0.467952   1.84812
        0         0         0         1

 0.454852 -0.388838  0.801195 -0.151097
-0.886198 -0.286629  0.364001  0.258776
0.0881085 -0.875584 -0.474962   1.86004
        0         0         0         1

   0.4983 -0.381635  0.778493 -0.134852
-0.861891 -0.315426  0.397053  0.312197
0.0940272 -0.868827 -0.486105   1.88158
        0         0         0         1

 0.518044 -0.375879   0.76834 -0.129035
-0.850116 -0.325511  0.413938  0.332415
0.0945126 -0.867616  -0.48817   1.89197
        0         0         0         1

 0.541581 -0.373058  0.753338 -0.122775
-0.835288 -0.339848    0.4322   0.35832
0.0947849 -0.863326 -0.495666   1.90709
        0         0         0         1

 0.568212 -0.364861  0.737571 -0.124571
-0.818101 -0.346955   0.45862  0.370087
0.0885714 -0.864002 -0.495637   1.92411
        0         0         0         1

 0.573082 -0.369174  0.731634 -0.103663
-0.813476 -0.364307  0.453363  0.412968
0.0991697  -0.85498 -0.509091   1.92682
        0         0         0         1

  0.59109 -0.371414  0.716006 -0.100247
-0.800778 -0.376727  0.465652  0.435249
0.0967885 -0.848604   -0.5201   1.93851
        0         0         0         1

  0.605499  -0.394043   0.691449 -0.0711069
 -0.791184  -0.391946   0.469474   0.496484
 0.0860174  -0.831329  -0.549083    1.96903
         0          0          0          1

  0.613999    -0.4068   0.676402 -0.0621093
