 0.286934 -0.596476   0.74959   1.32753
-0.741102 -0.634033 -0.220838   1.02498
 0.606989 -0.492157 -0.623976    2.1503
        0         0         0         1

 0.316005 -0.557593  0.767614    1.3286
-0.755684 -0.637123  -0.15171   0.97532
 0.573657 -0.532133 -0.622698   2.15522
        0         0         0         1

 0.324859 -0.545021  0.772929   1.33079
-0.760169 -0.636697 -0.129462  0.954944
 0.562681 -0.545499 -0.621145   2.15159
        0         0         0         1

   0.34023   -0.51884    0.78425    1.32212
 -0.765119  -0.637585 -0.0898789   0.931765
  0.546659  -0.569466    -0.6139    2.15408
         0          0          0          1

  0.344491  -0.515389   0.784665    1.33136
  -0.76886  -0.634493 -0.0791999   0.911891
  0.538683  -0.576014  -0.614839    2.14655
         0          0          0          1

   0.35415   -0.51374    0.78144    1.34963
 -0.777786  -0.625763 -0.0588994   0.867867
  0.519255  -0.586934  -0.621194    2.12813
         0          0          0          1

   0.35687  -0.510005   0.782649    1.35463
 -0.788187  -0.614084 -0.0407663   0.844651
  0.501403  -0.602325  -0.621127    2.13453
         0          0          0          1

   0.36668  -0.509086   0.778702    1.35646
 -0.793912  -0.607583 -0.0233725   0.821118
  0.485025  -0.609651  -0.626958    2.12965
         0          0          0          1

  0.366104   -0.51131   0.777515    1.36536
 -0.801247  -0.598118 -0.0160563   0.798544
  0.473256  -0.617103   -0.62866     2.1264
         0          0          0          1

  0.373581  -0.508338   0.775906    1.36874
 -0.806711  -0.590945 0.00125322   0.776265
  0.457881    -0.6264  -0.630847    2.12073
         0          0          0          1

 0.376865 -0.500989  0.779091   1.37225
-0.813325 -0.581482 0.0195067  0.754593
 0.443255 -0.641006 -0.626608   2.12077
        0         0         0         1

 0.384629 -0.496729  0.778024   1.38596
-0.822911 -0.566368 0.0452221  0.713223
 0.418185 -0.657638 -0.626605   2.10165
        0         0         0         1

 0.380013 -0.498293   0.77929   1.40074
 -0.82855 -0.557913 0.0472939  0.693329
  0.41121 -0.663654 -0.624876   2.08992
        0         0         0         1

  0.37796 -0.487426  0.787123   1.40122
-0.834148 -0.548146 0.0611019  0.671368
 0.401675 -0.679671 -0.613763   2.08405
        0         0         0         1

 0.370325 -0.488999  0.789772   1.41196
-0.841689 -0.536321 0.0625976  0.651526
 0.392961 -0.687924 -0.610198   2.07762
        0         0         0         1

 0.351444 -0.485358  0.800572   1.42686
-0.858999 -0.507227 0.0695797   0.60659
   0.3723 -0.712144 -0.595184   2.06431
        0         0         0         1

 0.343592 -0.482916  0.805442   1.43008
-0.864512 -0.497655 0.0704134  0.588007
 0.366828 -0.720508 -0.588478   2.05807
        0         0         0         1

 0.323703 -0.473638  0.819075   1.43011
-0.865718 -0.497566  0.054414  0.572166
 0.381771 -0.726702   -0.5711   2.04209
        0         0         0         1

  0.29498 -0.460679  0.837115   1.42373
-0.873214 -0.485656 0.0404357  0.554694
 0.387922 -0.742909  -0.54553   2.04116
        0         0         0         1

 0.269782 -0.456891  0.847625   1.43303
-0.873261 -0.487009 0.0154313  0.535816
 0.405751 -0.744361 -0.530371   2.02659
        0         0         0         1

  0.25913   -0.4329  0.863394   1.43503
-0.874498 -0.484639 0.0194681  0.518284
 0.410006 -0.760081 -0.504155   2.01837
        0         0         0         1

 0.252041 -0.423349  0.870202   1.45076
-0.893546 -0.447067 0.0413068  0.476791
 0.371551 -0.787977 -0.490961   2.00036
        0         0         0         1

 0.251432 -0.432292  0.865971   1.45646
-0.902658 -0.427602 0.0486255  0.459733
  0.34927 -0.793902 -0.497724   1.99233
        0         0         0         1

  0.24527  -0.44377  0.861923   1.46929
-0.913688  -0.40301 0.0525069  0.438242
 0.324063 -0.800407 -0.504313   1.98278
        0         0         0         1

 0.242496 -0.443604  0.862793    1.4736
-0.920026 -0.387322  0.059441  0.423876
  0.30781 -0.808206 -0.502051    1.9707
        0         0         0         1

 0.238032 -0.436008  0.867893   1.47942
-0.927711  -0.36663 0.0702516  0.404371
 0.287566 -0.821876 -0.491759   1.96067
        0         0         0         1

  0.23508 -0.428645  0.872353    1.4817
-0.933959 -0.348174    0.0806  0.388728
 0.269182 -0.833689 -0.482186   1.95498
        0         0         0         1

 0.226567 -0.435072  0.871424   1.49349
-0.945332 -0.313681 0.0891725  0.352975
 0.234553 -0.843989 -0.482357   1.93534
        0         0         0         1

  0.21982 -0.438208  0.871581   1.49792
-0.949415 -0.301477 0.0878752  0.338455
 0.224254 -0.846809 -0.482312   1.92556
        0         0         0         1

 0.216334 -0.442774  0.870144   1.50083
-0.952523 -0.291294 0.0885902  0.323404
 0.214242 -0.847997 -0.484769   1.91237
        0         0         0         1

 0.206967 -0.449212  0.869122   1.50941
-0.957526 -0.275311 0.0857223  0.306227
 0.200772 -0.849949 -0.487112   1.90453
        0         0         0         1

 0.194266 -0.456204  0.868411   1.51873
-0.965745 -0.244208 0.0877499  0.273814
 0.172041  -0.85571 -0.488018   1.88588
        0         0         0         1

 0.191372 -0.456651  0.868819   1.52119
-0.968197 -0.233165 0.0907103  0.260779
 0.161155 -0.858548 -0.486749   1.87654
        0         0         0         1

 0.185206 -0.461446  0.867621    1.5274
-0.971818  -0.21703 0.0920203  0.244632
 0.145837 -0.860212 -0.488637   1.86452
        0         0         0         1

 0.179449 -0.459675  0.869768   1.53155
 -0.97471 -0.202774 0.0939334  0.231112
 0.133187 -0.864628 -0.484437   1.85534
        0         0         0         1

 0.177122 -0.456124  0.872112   1.53386
-0.977109 -0.187596  0.100332  0.217055
 0.117841 -0.869919  -0.47891   1.84426
        0         0         0         1

 0.173025  -0.45854  0.871667   1.53809
-0.979793 -0.170292  0.104906  0.203724
 0.100334 -0.872205 -0.478739   1.83572
        0         0         0         1

  0.16645 -0.474453  0.864401    1.5443
 -0.98377 -0.139477  0.112879  0.177584
0.0670084 -0.869161 -0.489969   1.81101
        0         0         0         1

 0.161002  -0.48362  0.860343   1.54818
-0.985817 -0.120642  0.116667  0.165253
0.0473709 -0.866924 -0.496184   1.80102
        0         0         0         1

 0.151029 -0.491362  0.857761    1.5522
-0.988043 -0.102246  0.115398  0.151578
 0.031001 -0.864933 -0.500929   1.78879
        0         0         0         1

  0.141396  -0.494728   0.857468    1.55433
 -0.989769 -0.0873502   0.112814   0.140089
 0.0190876  -0.864647  -0.502018    1.77953
         0          0          0          1

  0.117589   -0.50439   0.855432    1.55801
 -0.993057 -0.0568435   0.102991   0.116161
-0.00332181  -0.861603  -0.507572    1.75674
         0          0          0          1

   0.10856  -0.510042   0.853271    1.55845
  -0.99403 -0.0462644  0.0988137   0.106934
-0.0109231  -0.858904   -0.51202    1.74594
         0          0          0          1

 0.0936323  -0.514836    0.85216    1.56086
 -0.995403 -0.0311068  0.0905781  0.0947999
-0.0201249  -0.856724  -0.515383    1.73393
         0          0          0          1

 0.0850238  -0.515558   0.852626    1.56115
 -0.996003 -0.0204688  0.0869444  0.0864544
-0.0273726   -0.85661  -0.515238    1.72558
         0          0          0          1

0.0625629 -0.521628  0.850876   1.56323
-0.997058 0.0051672 0.0764791 0.0658738
-0.0442902 -0.853158  -0.51977   1.69996
        0         0         0         1

0.0562616 -0.523322  0.850276   1.56322
-0.996999 0.0159173 0.0757668 0.0584016
-0.0531845 -0.851986 -0.520855   1.68981
        0         0         0         1

0.0437316 -0.524785   0.85011   1.56498
-0.997053 0.0307646 0.0702821 0.0485132
-0.0630363 -0.850678 -0.521893   1.67683
        0         0         0         1

0.0349809  -0.52098  0.852852   1.56524
-0.997006  0.040688 0.0657486 0.0410405
-0.0689546 -0.852599 -0.517997   1.66691
        0         0         0         1

0.0225674 -0.514796  0.857016   1.56613
-0.996973 0.0522125  0.057616 0.0324724
-0.0744074 -0.855721 -0.512059   1.65394
        0         0         0         1

 0.014945 -0.506026  0.862389    1.5662
-0.996745 0.0607981 0.0529481 0.0259878
-0.0792247 -0.860373  -0.50347   1.64375
        0         0         0         1

0.00473145 -0.494768  0.869012    1.5669
-0.995584 0.0791414 0.0504794 0.0118084
-0.0937504 -0.865414 -0.492209   1.62015
        0         0         0         1

0.0013688 -0.492593  0.870259   1.56769
-0.994697 0.0888287 0.0518442 0.0054515
-0.102842 -0.865715 -0.489859   1.61032
        0         0         0         1

-0.0053139  -0.492217   0.870456    1.56788
 -0.994263  0.0955915  0.0479845 -0.0010429
 -0.106827  -0.865208  -0.489902    1.59851
         0          0          0          1

 -0.0152304    -0.48327    0.875339     1.56766
  -0.994155    0.100901   0.0384091 -0.00624481
  -0.106884   -0.869637   -0.481982     1.58981
          0           0           0           1

-0.0259626  -0.472015   0.881208    1.56732
  -0.99417   0.104478  0.0266723 -0.0115793
 -0.104656  -0.875378  -0.471976    1.57773
         0          0          0          1

-0.0295886  -0.463981   0.885351    1.56707
   -0.9934   0.111847  0.0254154 -0.0165065
 -0.110816  -0.878756  -0.464228    1.56819
         0          0          0          1

-0.0386414  -0.449476   0.892456    1.56671
 -0.991879   0.125555  0.0202883 -0.0269971
 -0.121172  -0.884425  -0.450677    1.54719
         0          0          0          1

-0.0430413  -0.448096   0.892949    1.56605
 -0.991446   0.129389  0.0171403 -0.0308967
 -0.123218  -0.884573  -0.449832    1.53808
         0          0          0          1

-0.0504352  -0.445391   0.893914    1.56601
 -0.990662   0.135831  0.0117839 -0.0359518
  -0.12667  -0.884973  -0.448083    1.52814
         0          0          0          1

-0.0515514  -0.445956   0.893569    1.56568
 -0.990052   0.140119  0.0128123 -0.0396626
  -0.13092  -0.884019  -0.448743    1.51948
         0          0          0          1

-0.0414453  -0.443111   0.895508    1.56553
 -0.988833   0.146602  0.0267766 -0.0483344
 -0.143149  -0.884398  -0.444239    1.49992
         0          0          0          1

-0.0427521  -0.439154   0.897394    1.56613
 -0.988107   0.151377  0.0270052 -0.0522736
 -0.147705  -0.885567  -0.440403    1.49232
         0          0          0          1

-0.0476499  -0.434811    0.89926    1.56574
 -0.987605   0.155303  0.0227611 -0.0555841
 -0.149554  -0.887029  -0.436822    1.48268
         0          0          0          1

-0.0557369   -0.42878   0.901688    1.56605
 -0.986534   0.162733   0.016403 -0.0589192
 -0.153768  -0.888631  -0.432076    1.47618
         0          0          0          1

-0.0645673  -0.402605   0.913094    1.56517
  -0.98604   0.166467 0.00367375 -0.0649929
 -0.153479   -0.90011  -0.407733    1.46027
         0          0          0          1

  -0.0669681    -0.389175     0.918726      1.56519
   -0.985674     0.168664 -0.000401679    -0.068195
   -0.154799    -0.905591    -0.394895       1.4548
           0            0            0            1

  -0.0665011    -0.382802     0.921434      1.56526
   -0.985644     0.168833 -0.000994878   -0.0714965
   -0.155188    -0.908272    -0.388534      1.44667
           0            0            0            1

-0.0666655  -0.378183   0.923327    1.56562
 -0.985289   0.170894 -0.0011431 -0.0745135
 -0.157359   -0.90982  -0.384012    1.44138
         0          0          0          1

 -0.0671202    -0.37422    0.924908     1.56525
  -0.985287    0.170893 -0.00235828  -0.0774146
  -0.157178   -0.911458   -0.380184     1.43495
          0           0           0           1

 -0.0683578   -0.374623    0.924654      1.5659
  -0.985416    0.170118 -0.00392636  -0.0801295
   -0.15583   -0.911437   -0.380789     1.42921
          0           0           0           1

-0.0736349  -0.363963   0.928498    1.56631
 -0.985945   0.166569 -0.0128972 -0.0852946
 -0.149965  -0.916398  -0.371113    1.41721
         0          0          0          1

-0.0762459  -0.354484   0.931948    1.56678
 -0.986196   0.164592 -0.0180782 -0.0873069
 -0.146983  -0.920462   -0.36214    1.41208
         0          0          0          1

-0.0732592   -0.34606   0.935348     1.5672
 -0.986323   0.163988 -0.0165795 -0.0895821
 -0.147648   -0.92377  -0.353341    1.40629
         0          0          0          1

-0.0726979  -0.340601   0.937393    1.56803
 -0.986397   0.163487 -0.0170952 -0.0916836
 -0.147429  -0.925885  -0.347853    1.40159
         0          0          0          1

 -0.075982  -0.332598   0.940003    1.56825
 -0.986574   0.161758  -0.022512 -0.0931867
 -0.144566  -0.929093  -0.340423    1.39634
         0          0          0          1

-0.0821443  -0.327619   0.941232     1.5689
 -0.987071   0.157168 -0.0314386 -0.0944451
 -0.137632  -0.931646  -0.336294    1.39087
         0          0          0          1

-0.0807798  -0.308706   0.947721    1.57031
 -0.987146   0.156332 -0.0332173 -0.0976829
 -0.137905  -0.938222  -0.317366    1.38201
         0          0          0          1

-0.0804176  -0.301347   0.950117    1.57166
 -0.987134   0.156238 -0.0339969 -0.0995371
   -0.1382  -0.940627  -0.310034    1.37816
         0          0          0          1

-0.0784271  -0.295845   0.952011    1.57265
 -0.987445   0.154397 -0.0333661  -0.101189
 -0.137117  -0.942676  -0.304239    1.37349
         0          0          0          1

-0.0757927  -0.293618   0.952913     1.5735
 -0.987633   0.153648 -0.0312111  -0.102671
 -0.137249  -0.943494  -0.301633    1.36984
         0          0          0          1

-0.0669224  -0.290064   0.954665     1.5753
 -0.988297   0.150721 -0.0234851   -0.10599
 -0.137076  -0.945064  -0.296756    1.36215
         0          0          0          1

-0.0641607  -0.289282   0.955091    1.57598
 -0.988745   0.148045 -0.0215809   -0.10709
 -0.135154  -0.945727  -0.295525    1.35886
         0          0          0          1

-0.0606215   -0.28649   0.956163    1.57641
 -0.989076   0.146192 -0.0189055  -0.108477
 -0.134367  -0.946864  -0.292223    1.35585
         0          0          0          1

-0.0587842  -0.283419   0.957193    1.57724
   -0.9894   0.144085 -0.0180993  -0.109845
 -0.132788   -0.94811  -0.288884     1.3532
         0          0          0          1

-0.0542801  -0.277585   0.959166    1.57787
  -0.98978   0.141817 -0.0149704  -0.111204
  -0.13187  -0.950176  -0.282446    1.35063
         0          0          0          1

-0.0516752  -0.272771    0.96069    1.57819
 -0.990295   0.138272 -0.0140076  -0.112109
 -0.129016  -0.952091  -0.277269    1.34792
         0          0          0          1

-0.0490968  -0.259918   0.964382    1.57919
 -0.991014   0.132955 -0.0146189  -0.114575
 -0.124419  -0.956434   -0.26411    1.34376
         0          0          0          1

-0.0497665   -0.25589   0.965424    1.58015
 -0.991258   0.130912 -0.0163993  -0.115951
  -0.12219  -0.957801  -0.260168    1.34162
         0          0          0          1

-0.0468778  -0.250471   0.966988    1.58036
 -0.991622   0.128322 -0.0148339  -0.116903
  -0.12037  -0.959582  -0.254388    1.33989
         0          0          0          1

-0.0459604  -0.247622   0.967766    1.58092
 -0.991902   0.126133 -0.0148329  -0.117928
 -0.118394  -0.960611  -0.251414    1.33833
         0          0          0          1

-0.0427201  -0.242979    0.96909    1.58111
 -0.992663   0.120146 -0.0136353  -0.119219
 -0.113119  -0.962562  -0.246328    1.33544
         0          0          0          1

-0.0414821  -0.241368   0.969547    1.58145
 -0.992915   0.118107 -0.0130792  -0.120022
 -0.111354   -0.96322  -0.244557    1.33449
         0          0          0          1

-0.0386971  -0.241464   0.969638     1.5819
 -0.993172   0.116165 -0.0107082  -0.120896
 -0.110053  -0.963432  -0.244311    1.33337
         0          0          0          1

 -0.0345429   -0.242197    0.969612     1.58175
  -0.993403    0.114472 -0.00679684   -0.121223
  -0.109347    -0.96345   -0.244553     1.33258
          0           0           0           1

 -0.0324646   -0.244551    0.969093     1.58286
  -0.993619    0.112685 -0.00485009   -0.122318
  -0.108016   -0.963066   -0.246649     1.33137
          0           0           0           1

 -0.0287636   -0.246209     0.96879      1.5831
  -0.993868    0.110568 -0.00140831   -0.122738
  -0.106771   -0.962889   -0.247879     1.33025
          0           0           0           1

-0.0203572 -0.249324  0.968206   1.58419
-0.994287  0.106537 0.0065289 -0.123857
-0.104777 -0.962542 -0.250069   1.32844
        0         0         0         1

-0.0150447 -0.251134  0.967835   1.58424
-0.994448   0.10458 0.0116781 -0.123882
-0.104149 -0.962286 -0.251314   1.32772
        0         0         0         1

-0.0107531 -0.252645  0.967499   1.58515
-0.994547  0.103073 0.0158618 -0.124725
 -0.10373 -0.962053 -0.252375   1.32711
        0         0         0         1

-0.00589282 -0.253168  0.967404   1.58545
-0.994583  0.101881 0.0206036 -0.124975
-0.103776 -0.962043 -0.252397    1.3267
        0         0         0         1

0.00443371 -0.252097  0.967692   1.58612
-0.994621 0.0990316 0.0303562 -0.125615
-0.103485 -0.962621 -0.250302   1.32612
        0         0         0         1

0.00628245 -0.253992  0.967186   1.58683
-0.994675  0.097915 0.0321744 -0.126031
-0.102874 -0.962237 -0.252024   1.32548
        0         0         0         1

0.0102847 -0.255194  0.966835   1.58711
-0.994588 0.0973585 0.0362774 -0.126213
-0.103387 -0.961976 -0.252812   1.32523
        0         0         0         1

0.0135724 -0.254831   0.96689   1.58721
-0.994466 0.0973104 0.0396064 -0.126341
-0.104181 -0.962077   -0.2521   1.32526
        0         0         0         1

 0.016387 -0.255366  0.966706    1.5875
-0.994366 0.0971064 0.0425076 -0.126693
-0.104728 -0.961956 -0.252336   1.32536
        0         0         0         1

0.0186774 -0.260009  0.965425   1.58756
-0.994401 0.0956136 0.0449887 -0.126664
-0.104005 -0.960861 -0.256768   1.32502
        0         0         0         1

0.0241784 -0.273651  0.961525   1.58795
-0.994505 0.0914161 0.0510248 -0.126596
-0.101862 -0.957475 -0.269937   1.32484
        0         0         0         1

0.0283174 -0.278816  0.959927   1.58785
-0.994561 0.0884388 0.0550266 -0.126333
-0.100237 -0.956264 -0.274795   1.32486
        0         0         0         1

0.0340133 -0.282587  0.958639   1.58735
 -0.99462 0.0843379 0.0601511 -0.125612
-0.0978475 -0.955527 -0.278198   1.32485
        0         0         0         1

0.0386173 -0.282927  0.958364   1.58682
 -0.99471 0.0804764   0.06384 -0.125013
-0.0951878 -0.955759 -0.278323   1.32512
        0         0         0         1

0.0503171 -0.282637  0.957906    1.5848
-0.994933 0.0694041 0.0727403 -0.122766
-0.0870418 -0.956713 -0.277713   1.32724
        0         0         0         1

  0.05582 -0.284996  0.956902   1.58326
-0.995174 0.0615843 0.0763943 -0.121072
-0.0807022 -0.956548 -0.280183   1.32818
        0         0         0         1

0.0629677 -0.286837  0.955908   1.58122
-0.995266 0.0529953 0.0814625 -0.119018
-0.0740251 -0.956513 -0.282142   1.32997
        0         0         0         1

0.0720404 -0.287347  0.955114   1.57862
-0.994999 0.0457174 0.0888029 -0.116553
-0.0691825 -0.956735 -0.282616   1.33171
        0         0         0         1

0.0830771 -0.287958  0.954033    1.5756
-0.994582 0.0360732 0.0974962 -0.113824
-0.0624898 -0.956963 -0.283401   1.33349
        0         0         0         1

0.0949017 -0.288462  0.952777   1.57216
-0.993879 0.0269139  0.107144  -0.11069
 -0.05655 -0.957113 -0.284142   1.33488
        0         0         0         1

  0.120365  -0.285768    0.95071    1.56473
 -0.991847 0.00575874   0.127304  -0.103831
-0.0418542  -0.958282  -0.282745    1.33963
         0          0          0          1

   0.133034   -0.281975    0.950154      1.5606
  -0.990545 -0.00541028    0.137083   -0.100001
 -0.0335135   -0.959406   -0.280029     1.34228
          0           0           0           1

  0.147241  -0.277652   0.949331    1.55546
 -0.988853 -0.0198436   0.147567 -0.0952854
-0.0221342  -0.960477  -0.277479    1.34583
         0          0          0          1

  0.158308  -0.273821   0.948663    1.55071
 -0.987325 -0.0328656   0.155273 -0.0909976
-0.0113387  -0.961219  -0.275553    1.34898
         0          0          0          1

  0.182087  -0.259711   0.948364    1.53885
 -0.983156 -0.0635574   0.171362 -0.0802905
  0.015771  -0.963593  -0.266909    1.35838
         0          0          0          1

  0.190638  -0.252785   0.948555    1.53312
  -0.98124 -0.0773351   0.176598 -0.0752461
 0.0287153  -0.964427  -0.262786    1.36301
         0          0          0          1

  0.201191  -0.243129     0.9489    1.52522
 -0.978593 -0.0927434   0.183723 -0.0686436
 0.0433357   -0.96555  -0.256584    1.36923
         0          0          0          1

  0.208105   -0.23435   0.949617    1.51847
 -0.976522  -0.105028   0.188082 -0.0631417
 0.0556595  -0.966462  -0.250705    1.37458
         0          0          0          1

  0.217659  -0.223545    0.95008    1.50954
 -0.973565  -0.118799   0.195087 -0.0561275
 0.0692582  -0.967427  -0.243493    1.38114
         0          0          0          1

  0.224972    -0.2149   0.950371    1.50217
 -0.971151  -0.128611   0.200809 -0.0504292
  0.079074  -0.968131  -0.237634    1.38659
         0          0          0          1

   0.24165   -0.19203   0.951173    1.48392
 -0.965315  -0.147431   0.215478 -0.0368354
 0.0988541  -0.970252  -0.220996     1.3984
         0          0          0          1

  0.248136  -0.182413   0.951396     1.4761
 -0.962911  -0.153883   0.221635 -0.0311399
  0.105974  -0.971105  -0.213831     1.4029
         0          0          0          1

  0.255663  -0.170247   0.951658    1.46652
  -0.96027  -0.158645   0.229596 -0.0243325
  0.111888  -0.972547  -0.204043    1.40901
         0          0          0          1

  0.261434  -0.160974   0.951704    1.45828
 -0.958039  -0.163341   0.235546 -0.0186837
  0.117535  -0.973348  -0.196922      1.413
         0          0          0          1

   0.277878   -0.140485    0.950288     1.43917
  -0.952257   -0.170509    0.253247 -0.00588554
   0.126456    -0.97529   -0.181158     1.42313
          0           0           0           1

    0.286048    -0.133377     0.948887      1.43054
   -0.949465    -0.172974     0.261909 -0.000441582
      0.1292    -0.975854    -0.176116      1.42727
           0            0            0            1

  0.295848  -0.125597   0.946942    1.42018
 -0.946054  -0.175636   0.272275 0.00601822
   0.13212   -0.97641  -0.170783    1.43195
         0          0          0          1

 0.303463   -0.1202  0.945231   1.41161
-0.943204 -0.178641  0.280095 0.0112684
  0.13519 -0.976545 -0.167584   1.43504
        0         0         0         1

 0.312164 -0.114939   0.94305   1.40132
-0.940158  -0.18009  0.289257 0.0174572
 0.136587 -0.976912 -0.164278   1.43942
        0         0         0         1

 0.319286 -0.111748  0.941047   1.39222
-0.937802 -0.180109  0.296797  0.022658
 0.136325 -0.977278 -0.162304   1.44326
        0         0         0         1

 0.329288 -0.108469  0.937979   1.37288
-0.934211 -0.181748  0.306948 0.0339184
 0.137182 -0.977344  -0.16118   1.44997
        0         0         0         1

 0.332682 -0.108567  0.936769    1.3645
-0.933108 -0.181679  0.310326 0.0386787
   0.1365 -0.977346 -0.161746   1.45273
        0         0         0         1

 0.336545 -0.109756  0.935249   1.35498
-0.931819 -0.182079  0.313943 0.0441162
 0.135832 -0.977139  -0.16355   1.45508
        0         0         0         1

 0.340988 -0.109462  0.933673   1.34665
-0.930539 -0.180355  0.318699 0.0486804
 0.133507 -0.977492 -0.163358   1.45751
        0         0         0         1

 0.352792 -0.111731  0.929007   1.32816
 -0.92692 -0.177438  0.330659 0.0589001
 0.127896 -0.977769 -0.166164   1.46153
        0         0         0         1

 0.355961 -0.114761  0.927427   1.32119
-0.926075 -0.176286  0.333629 0.0629898
 0.125205 -0.977626 -0.169028   1.46254
        0         0         0         1

 0.360623 -0.118268  0.925183   1.31252
-0.924705 -0.175031  0.338062 0.0679172
 0.121954 -0.977434 -0.172483   1.46307
        0         0         0         1

  0.36299 -0.122251  0.923739   1.30552
-0.924181 -0.173693  0.340177 0.0719129
  0.11886 -0.977182 -0.176031   1.46322
        0         0         0         1

 0.366262 -0.126771  0.921836   1.29661
-0.923524 -0.170703  0.343458 0.0766567
 0.113819 -0.977133 -0.179599   1.46394
        0         0         0         1

 0.366288 -0.131508  0.921162   1.29027
-0.923948 -0.168693  0.343313 0.0802661
 0.110246 -0.976856 -0.183296   1.46377
        0         0         0         1

 0.367462 -0.142462  0.919062    1.2742
-0.924606 -0.162607  0.344474 0.0883607
 0.100371 -0.976352 -0.191473   1.46381
        0         0         0         1

 0.367137 -0.147168  0.918451   1.26747
-0.925263  -0.15904  0.344376  0.091576
0.0953887 -0.976242 -0.194559   1.46358
        0         0         0         1

 0.366738 -0.153091  0.917642   1.25944
-0.926063 -0.154373  0.344349 0.0952798
0.0889426  -0.97608 -0.198386   1.46272
        0         0         0         1

 0.366044  -0.15791  0.917102   1.25269
-0.926774 -0.151099  0.343887 0.0982038
  0.08427 -0.975824 -0.201656    1.4614
        0         0         0         1

 0.364448 -0.165169  0.916459   1.23757
-0.928578 -0.138586   0.34429  0.104032
0.0701427  -0.97648 -0.203879   1.45957
        0         0         0         1

 0.364203 -0.166511  0.916313   1.23078
-0.929129 -0.132406  0.345236  0.106414
0.0638398 -0.977109 -0.202933   1.45846
        0         0         0         1

 0.360177 -0.170519  0.917167   1.22478
-0.931124 -0.126073  0.342218   0.10884
0.0572757 -0.977256 -0.204183   1.45604
        0         0         0         1

 0.356978 -0.171186  0.918293   1.21987
-0.932691 -0.119544   0.34029  0.110769
0.0515231 -0.977959 -0.202338   1.45452
        0         0         0         1

 0.353145 -0.172668  0.919497   1.21421
-0.934438   -0.1134  0.337588  0.113059
0.0459807  -0.97843 -0.201394   1.45148
        0         0         0         1

 0.349238 -0.173828   0.92077   1.21001
 -0.93615 -0.107407  0.334794  0.114726
0.0407002 -0.978901  -0.20024   1.44907
        0         0         0         1

   0.34227   -0.17478   0.923203    1.20063
 -0.939165 -0.0935957   0.330468   0.118362
 0.0286485  -0.980149  -0.196182    1.44377
         0          0          0          1

  0.339667  -0.176199   0.923894    1.19717
 -0.940245 -0.0884677   0.328806   0.119742
 0.0237994  -0.980371   -0.19572    1.44104
         0          0          0          1

  0.335425  -0.176963   0.925297    1.19362
 -0.941913 -0.0807494   0.326005   0.121024
 0.0170263  -0.980899   -0.19377    1.43863
         0          0          0          1

 0.333795 -0.178503   0.92559   1.19004
-0.942562 -0.076274  0.325206  0.122141
0.0125481 -0.980979  -0.19371    1.4355
        0         0         0         1

  0.329308  -0.180946   0.926723    1.18749
 -0.944204 -0.0692102   0.322007   0.123195
0.00587287  -0.981055  -0.193641    1.43253
         0          0          0          1

 0.326866 -0.183054  0.927173   1.18497
-0.945069  -0.06482  0.320378  0.124091
0.00145296 -0.980964 -0.194186   1.42941
        0         0         0         1

  0.317997  -0.189433   0.928974     1.1814
  -0.94804 -0.0532562   0.313663   0.125627
-0.00994452  -0.980448  -0.196525     1.4226
         0          0          0          1

  0.314008  -0.192405    0.92972    1.18009
 -0.949309 -0.0486416   0.310557   0.126122
-0.0145295  -0.980109  -0.197925    1.41945
         0          0          0          1

  0.308813  -0.196092   0.930689     1.1788
 -0.950896 -0.0422771    0.30661   0.126696
-0.0207769  -0.979674  -0.199519    1.41589
         0          0          0          1

  0.304545  -0.199372   0.931398     1.1778
 -0.952173 -0.0381688   0.303167   0.127126
-0.0248928   -0.97918  -0.201461    1.41258
         0          0          0          1

  0.294536  -0.207371    0.93287    1.17559
 -0.954981 -0.0276248   0.295377   0.128164
-0.0354821  -0.977872  -0.206172    1.40527
         0          0          0          1

  0.288683  -0.210381   0.934025     1.1755
 -0.956627 -0.0235733   0.290359   0.128511
 -0.039068  -0.977335  -0.208062    1.40189
         0          0          0          1

  0.281384  -0.214794   0.935247     1.1757
 -0.958606 -0.0186772   0.284123   0.128836
  -0.04356  -0.976481  -0.211158    1.39777
         0          0          0          1

  0.275093  -0.218594   0.936237    1.17567
 -0.960219 -0.0138576   0.278904   0.128995
-0.0479929  -0.975717  -0.213711     1.3947
         0          0          0          1

   0.268518   -0.225561    0.936494      1.1749
  -0.961799 -0.00898482    0.273609    0.129216
 -0.0533012   -0.974188   -0.219356     1.39085
          0           0           0           1

   0.264861   -0.226843    0.937225     1.17428
  -0.962648 -0.00556213    0.270699    0.129833
 -0.0561931   -0.973916   -0.219843     1.38682
          0           0           0           1

 0.252297 -0.212819  0.943957   1.17111
 -0.96542  0.010833  0.260476  0.130797
 -0.06566 -0.977032 -0.202726   1.38177
        0         0         0         1

 0.243487 -0.211543  0.946554   1.17011
-0.967482 0.0159572  0.252437   0.13117
-0.0685055 -0.977238 -0.200778   1.38042
        0         0         0         1

 0.234739 -0.213255  0.948377    1.1687
-0.969533 0.0189114  0.244228  0.131904
-0.070018 -0.976813 -0.202319   1.37852
        0         0         0         1

 0.226584 -0.213966  0.950199    1.1681
-0.971458 0.0206726  0.236309  0.132541
-0.070205 -0.976622 -0.203175   1.37784
        0         0         0         1

 0.209562   -0.2192  0.952909   1.16712
-0.975433 0.0208296  0.219307  0.133806
-0.0679209 -0.975457  -0.20945   1.37662
        0         0         0         1

 0.206606 -0.222408  0.952811   1.16639
-0.976094 0.0203177  0.216397  0.134496
-0.0674874 -0.974742 -0.212893   1.37616
        0         0         0         1

 0.203409 -0.225867  0.952685   1.16582
-0.976664 0.0217038  0.213675  0.135098
-0.068939 -0.973916 -0.216181   1.37692
        0         0         0         1

 0.200801  -0.23002  0.952244   1.16584
-0.977117 0.0225766    0.2115  0.135484
-0.0701477 -0.972924 -0.220223   1.37757
        0         0         0         1

 0.195539  -0.23718  0.951583   1.16649
-0.978026 0.0243932  0.207052  0.136269
-0.0723209 -0.971159 -0.227199   1.37834
        0         0         0         1

  0.19448 -0.238831  0.951387   1.16625
-0.978005 0.0273288  0.206782  0.136743
-0.0753861 -0.970677 -0.228263   1.37923
        0         0         0         1

 0.190473 -0.240696  0.951728   1.16613
-0.978533 0.0311704  0.203721  0.137239
-0.0787004   -0.9701 -0.229592    1.3799
        0         0         0         1

 0.186318 -0.241854  0.952256   1.16598
-0.979098 0.0347574  0.200398  0.137713
-0.081565  -0.96969 -0.230322   1.38067
        0         0         0         1

 0.181228 -0.242439   0.95309   1.16569
-0.979695 0.0399968  0.196461  0.138226
-0.0857504 -0.969342 -0.230268   1.38209
        0         0         0         1

 0.177352 -0.243213  0.953621   1.16518
-0.980087 0.0442812  0.193567  0.138728
-0.0893056 -0.968962 -0.230516   1.38373
        0         0         0         1

 0.168251 -0.246381  0.954457   1.16453
-0.980972 0.0533146  0.186688  0.139925
-0.0968828 -0.967706 -0.232723   1.38822
        0         0         0         1

 0.165697 -0.248424  0.954374   1.16456
 -0.98109 0.0566405  0.185079  0.140536
-0.100034 -0.966994 -0.234341   1.39054
        0         0         0         1

  0.16372 -0.251812  0.953827   1.16377
-0.981162 0.0589437  0.183973  0.141532
-0.102549  -0.96598 -0.237418   1.39259
        0         0         0         1

 0.161431 -0.253373  0.953804   1.16382
-0.981093 0.0633497  0.182878  0.142262
-0.106759 -0.965292 -0.238356    1.3955
        0         0         0         1

 0.156863 -0.255985  0.953869   1.16219
-0.980701  0.073752  0.181068  0.144673
  -0.1167 -0.963863 -0.239476    1.4018
        0         0         0         1

 0.154433 -0.256016  0.954257   1.16083
  -0.9805 0.0790943    0.1799  0.145945
-0.121534 -0.963431 -0.238809   1.40503
        0         0         0         1

 0.150989 -0.255023  0.955073   1.15918
-0.980176 0.0867582  0.178124  0.147614
-0.128286 -0.963035 -0.236868   1.40987
        0         0         0         1

 0.146889 -0.255588  0.955562   1.15844
-0.980297 0.0913643  0.175129  0.148829
-0.132065 -0.962459 -0.237132   1.41325
        0         0         0         1

 0.141064  -0.25373  0.956934   1.15473
-0.980584 0.0971882   0.17032  0.153544
-0.136218  -0.96238 -0.235094   1.42175
        0         0         0         1

  0.14061 -0.251172  0.957675   1.15309
 -0.98031  0.100129  0.170194  0.155529
-0.138639  -0.96275 -0.232147   1.42591
        0         0         0         1

 0.139534 -0.248447  0.958543   1.15091
-0.980158  0.102976  0.169371  0.158444
-0.140786 -0.963156 -0.229148   1.43191
        0         0         0         1

 0.137426 -0.247097  0.959196   1.14901
-0.980361  0.104351   0.16734   0.16097
-0.141442 -0.963356 -0.227904   1.43755
        0         0         0         1

 0.135872 -0.247567  0.959296   1.14691
-0.980902  0.102409  0.165361  0.164563
-0.139179 -0.963443 -0.228924   1.44313
        0         0         0         1

 0.135002 -0.247852  0.959346   1.14516
-0.981154  0.101644  0.164331   0.16768
-0.138242 -0.963451 -0.229459   1.44945
        0         0         0         1

   0.1359 -0.253102  0.957847   1.14034
-0.981554 0.0968322   0.16485  0.175581
-0.134474 -0.962581 -0.235274   1.46379
        0         0         0         1

 0.134746 -0.256591  0.957081   1.13865
-0.981879 0.0953183  0.163792  0.179293
-0.133255 -0.961808 -0.239098   1.47134
        0         0         0         1

 0.135667 -0.261495  0.955623   1.13508
-0.982283 0.0903624  0.164178  0.184347
-0.129284 -0.960966 -0.244603   1.47906
        0         0         0         1

 0.135525 -0.266734  0.954194   1.13317
-0.982772 0.0859659  0.163615  0.188775
 -0.12567 -0.959928 -0.250489   1.48596
        0         0         0         1

 0.138044 -0.274021  0.951765   1.12996
-0.983099 0.0787638  0.165265  0.194641
-0.120251 -0.958493 -0.258517   1.49446
        0         0         0         1

 0.140489 -0.279695  0.949754   1.12749
-0.983139 0.0739954  0.167218  0.199397
-0.117048 -0.957233 -0.264584   1.50274
        0         0         0         1

 0.152352 -0.289732  0.944904   1.11982
-0.982632 0.0580734  0.176242  0.212203
-0.105937 -0.955344 -0.275853   1.52134
        0         0         0         1

 0.158268 -0.292023  0.943225   1.11649
-0.982336 0.0500166  0.180315  0.218641
-0.0998331 -0.955103 -0.278949   1.52992
        0         0         0         1

 0.163405  -0.29419  0.941675   1.11388
-0.982186 0.0412587  0.183325  0.226206
-0.0927845 -0.954856 -0.282207   1.54052
        0         0         0         1

 0.169146 -0.294095   0.94069    1.1107
-0.981855 0.0327477  0.186786  0.233302
-0.0857383 -0.955215 -0.283219   1.54968
        0         0         0         1

 0.173848 -0.293836  0.939913   1.10677
-0.982062 0.0190347  0.187594  0.242735
-0.073013 -0.955666 -0.285257   1.55951
        0         0         0         1

 0.177584 -0.294831  0.938903   1.10395
 -0.98191 0.0106075   0.18905   0.25073
-0.0656973  -0.95549 -0.287614   1.56974
        0         0         0         1

  0.195035  -0.291978   0.936328     1.0954
 -0.979665 -0.0121477   0.200274   0.270564
-0.0471014  -0.956348   -0.28841    1.59298
         0          0          0          1

  0.200488  -0.291282   0.935393    1.09297
 -0.979032 -0.0244181   0.202238   0.280365
-0.0360678  -0.956326   -0.29007     1.6023
         0          0          0          1

 0.208772 -0.287333  0.934802   1.08917
-0.977642 -0.036776  0.207035  0.292073
-0.0251097 -0.957125 -0.288586   1.61552
        0         0         0         1

  0.213195  -0.284265   0.934741    1.08684
  -0.97693 -0.0498131   0.207668   0.302966
-0.0124705  -0.957451  -0.288327    1.62488
         0          0          0          1

  0.225375  -0.271549   0.935664    1.08042
 -0.974226 -0.0721349   0.213728   0.328159
0.00945647  -0.959718  -0.280807    1.65145
         0          0          0          1

 0.228801 -0.267237  0.936074    1.0783
-0.973245 -0.083616  0.214015  0.340278
0.0210781 -0.959996 -0.279218   1.66233
        0         0         0         1

  0.23267 -0.263054  0.936305   1.07558
-0.971899 -0.098259  0.213909  0.355264
0.0357309 -0.959765 -0.278524   1.67505
        0         0         0         1

 0.237142 -0.258002  0.936589   1.07187
  -0.9702 -0.112278  0.214723  0.368558
0.0497593 -0.959598 -0.276939   1.68567
        0         0         0         1

 0.242287 -0.251615   0.93701   1.06586
-0.967944 -0.128584  0.215757  0.384855
0.0661967 -0.959248 -0.274704     1.699
        0         0         0         1

 0.239838 -0.248949  0.938351   1.06452
-0.967687 -0.138804  0.210511  0.398129
0.0778405 -0.958518 -0.274196   1.71262
        0         0         0         1

 0.233587 -0.242555  0.941597   1.05954
-0.965052 -0.176143  0.194031  0.433141
 0.118792 -0.954013 -0.275223   1.73587
        0         0         0         1

 0.226046 -0.244079  0.943042   1.06079
-0.964691 -0.190442  0.181945  0.448483
 0.135186 -0.950872 -0.278509   1.74775
        0         0         0         1

 0.226945 -0.242446  0.943248   1.05511
-0.962169 -0.205735  0.178616  0.466948
 0.150755   -0.9481 -0.279964   1.76431
        0         0         0         1

 0.219892 -0.243831   0.94456   1.05377
-0.960883  -0.22126  0.166575  0.483606
 0.168377 -0.944241 -0.282947   1.77436
        0         0         0         1

 0.205115 -0.238629  0.949202    1.0476
-0.957114 -0.251639  0.143563  0.522528
 0.204598 -0.937941 -0.280011   1.80182
        0         0         0         1

 0.195336 -0.234893  0.952192     1.045
-0.954873 -0.267049  0.130008   0.54056
 0.223744 -0.934618 -0.276458   1.81344
        0         0         0         1

 0.180302 -0.229372  0.956493   1.04258
-0.952344 -0.283944  0.111428  0.562268
 0.246032 -0.931002 -0.269637    1.8282
        0         0         0         1

 0.170358 -0.224083  0.959565   1.03923
-0.948486  -0.30127 0.0980369  0.579759
  0.26712 -0.926835 -0.263863    1.8364
        0         0         0         1

 0.139118 -0.206186  0.968573   1.03219
-0.938552 -0.339421 0.0625518  0.625648
 0.315857 -0.917759 -0.240736   1.86252
        0         0         0         1

 0.122039 -0.199144  0.972342   1.03226
-0.932246 -0.359208 0.0434379  0.646049
 0.340622 -0.911763 -0.229489   1.86921
        0         0         0         1

0.0985029 -0.187482  0.977317   1.03155
-0.923746 -0.382496 0.0197281  0.670723
 0.370121 -0.904736 -0.210863   1.88072
        0         0         0         1

 0.0765406  -0.169832   0.982496    1.02716
 -0.914511   -0.40456 0.00131312   0.691479
  0.397255  -0.898604  -0.186278    1.88889
         0          0          0          1

 0.0456935  -0.161093   0.985881     1.0299
 -0.902113  -0.430555 -0.0285416   0.716264
  0.429074  -0.888072  -0.164997    1.89969
         0          0          0          1

 0.0224535  -0.148302   0.988687    1.02261
 -0.891859  -0.449841 -0.0472212   0.736634
  0.451755   -0.88071  -0.142365    1.90976
         0          0          0          1

-0.0260247 -0.168389  0.985377   1.02528
