-0.723331 -0.341188  0.600319 -0.466553
-0.670605  0.139914   -0.7285  0.832648
 0.164563 -0.929524 -0.330006   1.99275
        0         0         0         1

-0.704578 -0.341496  0.622053 -0.469848
-0.695804  0.160286 -0.700119   0.80304
 0.139382 -0.926115 -0.350548   1.97346
        0         0         0         1

-0.704578 -0.341496  0.622053 -0.469848
-0.695804  0.160286 -0.700119   0.80304
 0.139382 -0.926115 -0.350548   1.97346
        0         0         0         1

-0.668746 -0.346195  0.657972  -0.50393
-0.737851   0.20023 -0.644581  0.727492
0.0914051 -0.916546 -0.389344   1.96559
        0         0         0         1

-0.668746 -0.346195  0.657972  -0.50393
-0.737851   0.20023 -0.644581  0.727492
0.0914051 -0.916546 -0.389344   1.96559
        0         0         0         1

-0.663435  -0.35466   0.65884 -0.499132
 -0.74343  0.212821  -0.63405  0.710377
0.0846576 -0.910452 -0.404858   1.94799
        0         0         0         1

-0.663435  -0.35466   0.65884 -0.499132
 -0.74343  0.212821  -0.63405  0.710377
0.0846576 -0.910452 -0.404858   1.94799
        0         0         0         1

-0.639667 -0.367617  0.675044 -0.510032
-0.766261  0.235757 -0.597714  0.669273
0.0605833 -0.899598 -0.432496   1.94143
        0         0         0         1

-0.639667 -0.367617  0.675044 -0.510032
-0.766261  0.235757 -0.597714  0.669273
0.0605833 -0.899598 -0.432496   1.94143
        0         0         0         1

-0.589985 -0.379582  0.712625 -0.543538
-0.807295  0.262173 -0.528715  0.589625
  0.01386 -0.887233 -0.461113   1.91315
        0         0         0         1

-0.589985 -0.379582  0.712625 -0.543538
-0.807295  0.262173 -0.528715  0.589625
  0.01386 -0.887233 -0.461113   1.91315
        0         0         0         1

-0.574584 -0.382862  0.723374  -0.54937
-0.818443   0.27118  -0.50657  0.570523
-0.00221795 -0.883107 -0.469166   1.89127
        0         0         0         1

-0.574584 -0.382862  0.723374  -0.54937
-0.818443   0.27118  -0.50657  0.570523
-0.00221795 -0.883107 -0.469166   1.89127
        0         0         0         1

-0.573625 -0.378341  0.726507  -0.54298
-0.818874  0.286543 -0.497332  0.558896
-0.0200141   -0.8802 -0.474181    1.8735
        0         0         0         1

-0.573625 -0.378341  0.726507  -0.54298
-0.818874  0.286543 -0.497332  0.558896
-0.0200141   -0.8802 -0.474181    1.8735
        0         0         0         1

-0.527404 -0.407505   0.74551  -0.55472
-0.847628  0.312341 -0.428917  0.499695
-0.0580681 -0.858127 -0.510142   1.86579
        0         0         0         1

-0.527404 -0.407505   0.74551  -0.55472
-0.847628  0.312341 -0.428917  0.499695
-0.0580681 -0.858127 -0.510142   1.86579
        0         0         0         1

-0.526584 -0.398297  0.751045 -0.552093
-0.846074  0.331661 -0.417325  0.483682
-0.0828732 -0.855196 -0.511636   1.84614
        0         0         0         1

-0.526584 -0.398297  0.751045 -0.552093
-0.846074  0.331661 -0.417325  0.483682
-0.0828732 -0.855196 -0.511636   1.84614
        0         0         0         1

-0.516661 -0.402729   0.75556 -0.548479
-0.850559   0.34247 -0.399079  0.470919
-0.0980356 -0.848837 -0.519486   1.81808
        0         0         0         1

-0.516661 -0.402729   0.75556 -0.548479
-0.850559   0.34247 -0.399079  0.470919
-0.0980356 -0.848837 -0.519486   1.81808
        0         0         0         1

 -0.51808 -0.394748  0.758793 -0.547793
 -0.84763  0.355734 -0.393671  0.465656
-0.114527 -0.847129 -0.518899   1.80113
        0         0         0         1

 -0.51808 -0.394748  0.758793 -0.547793
 -0.84763  0.355734 -0.393671  0.465656
-0.114527 -0.847129 -0.518899   1.80113
        0         0         0         1

  -0.4946 -0.395347  0.773998 -0.563713
-0.857281  0.368414 -0.359639  0.429082
 -0.14297 -0.841411 -0.521141   1.78553
        0         0         0         1

  -0.4946 -0.395347  0.773998 -0.563713
-0.857281  0.368414 -0.359639  0.429082
 -0.14297 -0.841411 -0.521141   1.78553
        0         0         0         1

-0.473554  -0.39881    0.7853  -0.56675
-0.862839   0.38903 -0.322745  0.398729
-0.176792 -0.830425 -0.528336   1.76157
        0         0         0         1

-0.473554  -0.39881    0.7853  -0.56675
-0.862839   0.38903 -0.322745  0.398729
-0.176792 -0.830425 -0.528336   1.76157
        0         0         0         1

 -0.47758 -0.398027  0.783257 -0.562976
-0.857801  0.404014 -0.317725  0.398385
-0.189984 -0.823618 -0.534378   1.74861
        0         0         0         1

 -0.47758 -0.398027  0.783257 -0.562976
-0.857801  0.404014 -0.317725  0.398385
-0.189984 -0.823618 -0.534378   1.74861
        0         0         0         1

-0.467825 -0.391445  0.792408 -0.565445
-0.858244  0.415336 -0.301519  0.389196
-0.211087 -0.821138  -0.53026   1.71783
        0         0         0         1

-0.467825 -0.391445  0.792408 -0.565445
-0.858244  0.415336 -0.301519  0.389196
-0.211087 -0.821138  -0.53026   1.71783
        0         0         0         1

-0.455284 -0.404317  0.793249 -0.572633
-0.860182   0.42969 -0.274688  0.367597
 -0.22979 -0.807399 -0.543418   1.71616
        0         0         0         1

-0.455284 -0.404317  0.793249 -0.572633
-0.860182   0.42969 -0.274688  0.367597
 -0.22979 -0.807399 -0.543418   1.71616
        0         0         0         1

-0.450307 -0.401933  0.797291 -0.572516
-0.858588  0.439998 -0.263114  0.360988
-0.245053 -0.803026 -0.543229   1.70182
        0         0         0         1

-0.450307 -0.401933  0.797291 -0.572516
-0.858588  0.439998 -0.263114  0.360988
-0.245053 -0.803026 -0.543229   1.70182
        0         0         0         1

-0.442063  -0.40899  0.798315 -0.573272
-0.857889  0.452667 -0.243144  0.349377
-0.261927 -0.792351 -0.550975   1.68743
        0         0         0         1

-0.442063  -0.40899  0.798315 -0.573272
-0.857889  0.452667 -0.243144  0.349377
-0.261927 -0.792351 -0.550975   1.68743
        0         0         0         1

-0.448335 -0.405091  0.796804 -0.570397
-0.852759  0.461054 -0.245421  0.352508
-0.267952 -0.789513 -0.552152   1.67605
        0         0         0         1

-0.448335 -0.405091  0.796804 -0.570397
-0.852759  0.461054 -0.245421  0.352508
-0.267952 -0.789513 -0.552152   1.67605
        0         0         0         1

-0.444118  -0.40981  0.796753   -0.5692
-0.852632   0.46653 -0.235306  0.348829
-0.275278  -0.78384 -0.556611   1.66167
        0         0         0         1

-0.444118  -0.40981  0.796753   -0.5692
-0.852632   0.46653 -0.235306  0.348829
-0.275278  -0.78384 -0.556611   1.66167
        0         0         0         1

-0.436277 -0.417661  0.797008 -0.570511
-0.852787  0.474517 -0.218147  0.337008
-0.287083  -0.77485 -0.563197   1.66011
        0         0         0         1

-0.436277 -0.417661  0.797008 -0.570511
-0.852787  0.474517 -0.218147  0.337008
-0.287083  -0.77485 -0.563197   1.66011
        0         0         0         1

-0.434501 -0.414364  0.799695 -0.571423
-0.852015   0.47698  -0.21578  0.333437
-0.292027 -0.775108 -0.560292   1.64604
        0         0         0         1

-0.434501 -0.414364  0.799695 -0.571423
-0.852015   0.47698  -0.21578  0.333437
-0.292027 -0.775108 -0.560292   1.64604
        0         0         0         1

-0.421757 -0.416551  0.805361 -0.576553
-0.855424  0.477288  -0.20111  0.315224
-0.300617 -0.773745 -0.557628   1.63934
        0         0         0         1

-0.421757 -0.416551  0.805361 -0.576553
-0.855424  0.477288  -0.20111  0.315224
-0.300617 -0.773745 -0.557628   1.63934
        0         0         0         1

-0.424623 -0.411855   0.80627 -0.572584
-0.853759   0.47853 -0.205193  0.317225
-0.301314  -0.77549  -0.55482   1.63396
        0         0         0         1

-0.424623 -0.411855   0.80627 -0.572584
-0.853759   0.47853 -0.205193  0.317225
-0.301314  -0.77549  -0.55482   1.63396
        0         0         0         1

-0.426211 -0.409394  0.806685  -0.56724
-0.852701  0.479579 -0.207136  0.318206
-0.302069 -0.776145 -0.553492   1.62574
        0         0         0         1

-0.426211 -0.409394  0.806685  -0.56724
-0.852701  0.479579 -0.207136  0.318206
-0.302069 -0.776145 -0.553492   1.62574
        0         0         0         1

-0.419505 -0.415656  0.806998 -0.569082
 -0.85387  0.482419 -0.195393  0.309363
-0.308095  -0.77104 -0.557293   1.62899
        0         0         0         1

-0.419505 -0.415656  0.806998 -0.569082
 -0.85387  0.482419 -0.195393  0.309363
-0.308095  -0.77104 -0.557293   1.62899
        0         0         0         1

-0.414682 -0.415472  0.809582 -0.570416
-0.854621  0.483363 -0.189693  0.303353
 -0.31251 -0.770547 -0.555513   1.62561
        0         0         0         1

-0.414682 -0.415472  0.809582 -0.570416
-0.854621  0.483363 -0.189693  0.303353
 -0.31251 -0.770547 -0.555513   1.62561
        0         0         0         1

-0.408246  -0.41555  0.812806 -0.571537
-0.857513  0.479917 -0.185342  0.298706
-0.313061 -0.772656 -0.552264    1.6139
        0         0         0         1

-0.408246  -0.41555  0.812806 -0.571537
-0.857513  0.479917 -0.185342  0.298706
-0.313061 -0.772656 -0.552264    1.6139
        0         0         0         1

-0.413726 -0.407497  0.814112 -0.562601
-0.854087  0.483356 -0.192101   0.30778
-0.315226 -0.774799 -0.548014   1.60651
        0         0         0         1

-0.413726 -0.407497  0.814112 -0.562601
-0.854087  0.483356 -0.192101   0.30778
-0.315226 -0.774799 -0.548014   1.60651
        0         0         0         1

-0.408585 -0.406336  0.817282 -0.570213
-0.854152  0.485822 -0.185476  0.296309
-0.321688 -0.773866 -0.545572   1.60273
        0         0         0         1

-0.408585 -0.406336  0.817282 -0.570213
-0.854152  0.485822 -0.185476  0.296309
-0.321688 -0.773866 -0.545572   1.60273
        0         0         0         1

-0.405842 -0.410121  0.816758 -0.572803
-0.854466  0.487384 -0.179848   0.29051
-0.324315 -0.770881 -0.548235   1.60385
        0         0         0         1

-0.405842 -0.410121  0.816758 -0.572803
-0.854466  0.487384 -0.179848   0.29051
-0.324315 -0.770881 -0.548235   1.60385
        0         0         0         1

-0.403423 -0.409986  0.818023 -0.574404
-0.854815   0.48778 -0.177096  0.287552
-0.326408 -0.770703 -0.547243   1.59831
        0         0         0         1

-0.403423 -0.409986  0.818023 -0.574404
-0.854815   0.48778 -0.177096  0.287552
-0.326408 -0.770703 -0.547243   1.59831
        0         0         0         1

 -0.40663  -0.40913  0.816863 -0.569803
-0.853173  0.489815 -0.179378  0.292817
-0.326723 -0.769866 -0.548232   1.59346
        0         0         0         1

 -0.40663  -0.40913  0.816863 -0.569803
-0.853173  0.489815 -0.179378  0.292817
-0.326723 -0.769866 -0.548232   1.59346
        0         0         0         1

-0.408051 -0.409488  0.815974 -0.568328
-0.851644  0.492749 -0.178609  0.293289
-0.328932 -0.767801 -0.549804   1.59397
        0         0         0         1

-0.408051 -0.409488  0.815974 -0.568328
-0.851644  0.492749 -0.178609  0.293289
-0.328932 -0.767801 -0.549804   1.59397
        0         0         0         1

-0.406326 -0.415086  0.814004 -0.569346
-0.852202  0.493529 -0.173727   0.28923
-0.329623 -0.764286 -0.554271   1.59484
        0         0         0         1

-0.406326 -0.415086  0.814004 -0.569346
-0.852202  0.493529 -0.173727   0.28923
-0.329623 -0.764286 -0.554271   1.59484
        0         0         0         1

-0.408441 -0.421351  0.809715  -0.56848
-0.851269  0.495979  -0.17131  0.289498
 -0.32942 -0.759255 -0.561261    1.5959
        0         0         0         1

-0.408441 -0.421351  0.809715  -0.56848
-0.851269  0.495979  -0.17131  0.289498
 -0.32942 -0.759255 -0.561261    1.5959
        0         0         0         1

-0.400801 -0.426429  0.810874 -0.568551
-0.853778  0.494871 -0.161761  0.284628
-0.332298  -0.75714 -0.562421   1.59293
        0         0         0         1

-0.400801 -0.426429  0.810874 -0.568551
-0.853778  0.494871 -0.161761  0.284628
-0.332298  -0.75714 -0.562421   1.59293
        0         0         0         1

-0.383138 -0.440844  0.811703  -0.56971
-0.859076  0.492959 -0.137767  0.270259
-0.339403 -0.750099 -0.567589    1.5889
        0         0         0         1

-0.383138 -0.440844  0.811703  -0.56971
-0.859076  0.492959 -0.137767  0.270259
-0.339403 -0.750099 -0.567589    1.5889
        0         0         0         1

-0.392258 -0.442421  0.806472 -0.563902
-0.857038  0.494215 -0.145732  0.278041
-0.334096 -0.748342 -0.573031   1.59057
        0         0         0         1

-0.392258 -0.442421  0.806472 -0.563902
-0.857038  0.494215 -0.145732  0.278041
-0.334096 -0.748342 -0.573031   1.59057
        0         0         0         1

 -0.38589 -0.455417  0.802299 -0.558627
-0.861067  0.489956 -0.136039  0.275532
-0.331137  -0.74333 -0.581213   1.59149
        0         0         0         1

 -0.38589 -0.455417  0.802299 -0.558627
-0.861067  0.489956 -0.136039  0.275532
-0.331137  -0.74333 -0.581213   1.59149
        0         0         0         1

-0.380099 -0.475315  0.793473 -0.553584
-0.865997  0.484234 -0.124768  0.272624
-0.324923  -0.73457 -0.595678   1.59907
        0         0         0         1

-0.380099 -0.475315  0.793473 -0.553584
-0.865997  0.484234 -0.124768  0.272624
-0.324923  -0.73457 -0.595678   1.59907
        0         0         0         1

-0.371461 -0.497217  0.784086 -0.544407
-0.870258  0.480738 -0.107432  0.270334
-0.323523 -0.722264 -0.611283   1.61036
        0         0         0         1

-0.371461 -0.497217  0.784086 -0.544407
-0.870258  0.480738 -0.107432  0.270334
-0.323523 -0.722264 -0.611283   1.61036
        0         0         0         1

 -0.342593  -0.525302   0.778902  -0.528101
 -0.885235   0.458145 -0.0803833   0.264458
 -0.314625   -0.71705  -0.621973    1.62058
         0          0          0          1

 -0.342593  -0.525302   0.778902  -0.528101
 -0.885235   0.458145 -0.0803833   0.264458
 -0.314625   -0.71705  -0.621973    1.62058
         0          0          0          1

 -0.322452  -0.544001   0.774653  -0.519093
 -0.897118   0.436722 -0.0667395   0.256508
 -0.302002  -0.716475  -0.628855    1.62865
         0          0          0          1

 -0.322452  -0.544001   0.774653  -0.519093
 -0.897118   0.436722 -0.0667395   0.256508
 -0.302002  -0.716475  -0.628855    1.62865
         0          0          0          1

 -0.305941  -0.577748   0.756708  -0.487185
 -0.910702   0.409291 -0.0557079   0.253989
 -0.277529  -0.706179  -0.651375    1.65934
         0          0          0          1

 -0.305941  -0.577748   0.756708  -0.487185
 -0.910702   0.409291 -0.0557079   0.253989
 -0.277529  -0.706179  -0.651375    1.65934
         0          0          0          1

  -0.28263   -0.59655   0.751164  -0.469648
 -0.922859   0.382696 -0.0433068   0.250368
 -0.261633  -0.705459  -0.658693    1.67249
         0          0          0          1

  -0.28263   -0.59655   0.751164  -0.469648
 -0.922859   0.382696 -0.0433068   0.250368
 -0.261633  -0.705459  -0.658693    1.67249
         0          0          0          1

-0.263489 -0.614375  0.743719 -0.443962
-0.933281  0.357398 -0.035407  0.253189
 -0.24405 -0.703428 -0.667554   1.68706
        0         0         0         1

-0.263489 -0.614375  0.743719 -0.443962
-0.933281  0.357398 -0.035407  0.253189
 -0.24405 -0.703428 -0.667554   1.68706
        0         0         0         1

-0.226675 -0.651138  0.724318 -0.396033
-0.949969  0.311885 -0.016918  0.252209
-0.214888 -0.691915 -0.689258   1.72491
        0         0         0         1

-0.226675 -0.651138  0.724318 -0.396033
-0.949969  0.311885 -0.016918  0.252209
-0.214888 -0.691915 -0.689258   1.72491
        0         0         0         1

 -0.183249  -0.675293   0.714423  -0.370113
 -0.962507   0.271095 0.00936423   0.240903
      -0.2  -0.685921  -0.699652    1.74467
         0          0          0          1

 -0.183249  -0.675293   0.714423  -0.370113
 -0.962507   0.271095 0.00936423   0.240903
      -0.2  -0.685921  -0.699652    1.74467
         0          0          0          1

-0.127389 -0.710276    0.6923 -0.306175
-0.974869  0.218276 0.0445595  0.241104
-0.182762 -0.669226 -0.720232   1.78535
        0         0         0         1

-0.127389 -0.710276    0.6923 -0.306175
-0.974869  0.218276 0.0445595  0.241104
-0.182762 -0.669226 -0.720232   1.78535
        0         0         0         1

-0.104229 -0.725618  0.680158 -0.258941
-0.982293  0.182157 0.0438022  0.250512
-0.155679 -0.663549 -0.731756   1.80628
        0         0         0         1

-0.104229 -0.725618  0.680158 -0.258941
-0.982293  0.182157 0.0438022  0.250512
-0.155679 -0.663549 -0.731756   1.80628
        0         0         0         1

-0.0674439 -0.733387  0.676458 -0.215546
-0.988045  0.143302 0.0568523  0.253889
-0.138632 -0.664536 -0.734284    1.8205
        0         0         0         1

-0.0674439 -0.733387  0.676458 -0.215546
-0.988045  0.143302 0.0568523  0.253889
-0.138632 -0.664536 -0.734284    1.8205
        0         0         0         1

-0.0289717 -0.756448  0.653412 -0.139189
-0.991119  0.106613  0.079479  0.256915
-0.129784 -0.645306 -0.752819   1.86706
        0         0         0         1

-0.0289717 -0.756448  0.653412 -0.139189
-0.991119  0.106613  0.079479  0.256915
-0.129784 -0.645306 -0.752819   1.86706
        0         0         0         1

-0.010194 -0.762496  0.646912 -0.085342
-0.992896  0.084418  0.083855  0.263012
 -0.11855 -0.641462  -0.75794   1.88985
        0         0         0         1

-0.010194 -0.762496  0.646912 -0.085342
-0.992896  0.084418  0.083855  0.263012
 -0.11855 -0.641462  -0.75794   1.88985
        0         0         0         1

  0.0150187   -0.757994    0.652089 -0.00466932
  -0.994929    0.053537   0.0851467    0.275488
 -0.0994516   -0.650061   -0.753346     1.90936
          0           0           0           1

  0.0150187   -0.757994    0.652089 -0.00466932
  -0.994929    0.053537   0.0851467    0.275488
 -0.0994516   -0.650061   -0.753346     1.90936
          0           0           0           1

0.0449566 -0.755139  0.654021 0.0458478
-0.994629 0.0272676 0.0998529  0.274212
-0.0932364 -0.654997 -0.749857   1.92984
        0         0         0         1

0.0449566 -0.755139  0.654021 0.0458478
-0.994629 0.0272676 0.0998529  0.274212
-0.0932364 -0.654997 -0.749857   1.92984
        0         0         0         1

 0.0719677  -0.759375   0.646661   0.101741
 -0.992926 0.00684059   0.118537    0.26977
-0.0944375  -0.650617  -0.753511     1.9557
         0          0          0          1

 0.0719677  -0.759375   0.646661   0.101741
 -0.992926 0.00684059   0.118537    0.26977
-0.0944375  -0.650617  -0.753511     1.9557
         0          0          0          1

  0.106581  -0.748522   0.654489   0.180458
 -0.991834 -0.0336638   0.123016   0.275966
-0.0700479  -0.662255  -0.745997    1.96512
         0          0          0          1

  0.106581  -0.748522   0.654489   0.180458
 -0.991834 -0.0336638   0.123016   0.275966
-0.0700479  -0.662255  -0.745997    1.96512
         0          0          0          1

  0.119296  -0.749009   0.651731   0.244677
 -0.990831 -0.0478776   0.126342   0.281455
-0.0634281  -0.660827  -0.747853    1.97858
         0          0          0          1

  0.119296  -0.749009   0.651731   0.244677
 -0.990831 -0.0478776   0.126342   0.281455
-0.0634281  -0.660827  -0.747853    1.97858
         0          0          0          1

 0.153847 -0.737945  0.657091  0.325418
-0.986422 -0.076028  0.145571  0.278153
-0.057466 -0.670565 -0.739622   1.99358
        0         0         0         1

 0.153847 -0.737945  0.657091  0.325418
-0.986422 -0.076028  0.145571  0.278153
-0.057466 -0.670565 -0.739622   1.99358
        0         0         0         1

  0.167378  -0.729089   0.663637   0.382657
 -0.983998 -0.0818282   0.158279   0.277084
-0.0610954   -0.67951  -0.731118    2.00461
         0          0          0          1

  0.167378  -0.729089   0.663637   0.382657
 -0.983998 -0.0818282   0.158279   0.277084
-0.0610954   -0.67951  -0.731118    2.00461
         0          0          0          1

  0.181187  -0.717102   0.673005    0.43846
 -0.982187 -0.0972957   0.160754   0.280935
 -0.049797  -0.690143  -0.721958    2.00364
         0          0          0          1

  0.181187  -0.717102   0.673005    0.43846
 -0.982187 -0.0972957   0.160754   0.280935
 -0.049797  -0.690143  -0.721958    2.00364
         0          0          0          1

 0.214836 -0.689395  0.691795  0.511452
-0.975635  -0.11921  0.184186  0.271537
-0.0445081 -0.714509 -0.698209   2.01301
        0         0         0         1

 0.214836 -0.689395  0.691795  0.511452
-0.975635  -0.11921  0.184186  0.271537
-0.0445081 -0.714509 -0.698209   2.01301
        0         0         0         1

 0.220977 -0.678667  0.700415  0.565776
-0.974604 -0.126958  0.184467  0.269886
-0.0362684  -0.72339 -0.689486   2.01284
        0         0         0         1

 0.220977 -0.678667  0.700415  0.565776
-0.974604 -0.126958  0.184467  0.269886
-0.0362684  -0.72339 -0.689486   2.01284
        0         0         0         1

 0.225504 -0.664817  0.712156   0.63966
-0.973909 -0.134721  0.182622  0.262326
-0.0254673 -0.734757 -0.677852   2.01458
        0         0         0         1

 0.225504 -0.664817  0.712156   0.63966
-0.973909 -0.134721  0.182622  0.262326
-0.0254673 -0.734757 -0.677852   2.01458
        0         0         0         1

 0.228487 -0.657326  0.718133  0.687007
-0.973369 -0.140142  0.181419  0.257309
-0.0186106 -0.740461 -0.671842   2.01329
        0         0         0         1

 0.228487 -0.657326  0.718133  0.687007
-0.973369 -0.140142  0.181419  0.257309
-0.0186106 -0.740461 -0.671842   2.01329
        0         0         0         1

 0.244985 -0.638195  0.729856  0.726209
-0.969492 -0.154899  0.189975  0.250646
-0.00818707 -0.754131 -0.656673   2.00901
        0         0         0         1

 0.244985 -0.638195  0.729856  0.726209
-0.969492 -0.154899  0.189975  0.250646
-0.00818707 -0.754131 -0.656673   2.00901
        0         0         0         1

 0.254454 -0.622393  0.740189   0.79469
-0.967084 -0.164872  0.193819  0.241057
0.00140495 -0.765143 -0.643859   1.99956
        0         0         0         1

 0.254454 -0.622393  0.740189   0.79469
-0.967084 -0.164872  0.193819  0.241057
0.00140495 -0.765143 -0.643859   1.99956
        0         0         0         1

 0.255857 -0.622003  0.740034  0.844651
-0.966714 -0.165131  0.195435  0.232921
0.000641241 -0.765405 -0.643549   1.99171
        0         0         0         1

 0.255857 -0.622003  0.740034  0.844651
-0.966714 -0.165131  0.195435  0.232921
0.000641241 -0.765405 -0.643549   1.99171
        0         0         0         1

 0.274441 -0.615251  0.739019   0.90783
-0.961588  -0.17117  0.214591  0.218246
-0.00552927 -0.769524 -0.638594   1.97929
        0         0         0         1

 0.274441 -0.615251  0.739019   0.90783
-0.961588  -0.17117  0.214591  0.218246
-0.00552927 -0.769524 -0.638594   1.97929
        0         0         0         1

 0.279308 -0.612921  0.739131  0.948681
-0.960144 -0.169827  0.221998  0.207023
-0.0105427 -0.771678 -0.635926   1.97148
        0         0         0         1

 0.279308 -0.612921  0.739131  0.948681
-0.960144 -0.169827  0.221998  0.207023
-0.0105427 -0.771678 -0.635926   1.97148
        0         0         0         1

 0.278819 -0.612261  0.739863  0.991175
 -0.96029 -0.169577  0.221557  0.198265
-0.0101872 -0.772257 -0.635229   1.95711
        0         0         0         1

 0.278819 -0.612261  0.739863  0.991175
 -0.96029 -0.169577  0.221557  0.198265
-0.0101872 -0.772257 -0.635229   1.95711
        0         0         0         1

 0.285475  -0.60353  0.744483   1.04869
-0.958243 -0.166326  0.232607  0.181526
-0.0165583   -0.7798  -0.62581   1.93762
        0         0         0         1

 0.285475  -0.60353  0.744483   1.04869
-0.958243 -0.166326  0.232607  0.181526
-0.0165583   -0.7798  -0.62581   1.93762
        0         0         0         1

 0.288453 -0.606498  0.740915   1.08622
 -0.95732 -0.167914  0.235253  0.171784
-0.0182705 -0.777152 -0.629048   1.92066
        0         0         0         1

 0.288453 -0.606498  0.740915   1.08622
 -0.95732 -0.167914  0.235253  0.171784
-0.0182705 -0.777152 -0.629048   1.92066
        0         0         0         1

 0.285841  -0.61319  0.736406   1.12552
-0.957972 -0.163463  0.235731  0.159512
-0.0241728 -0.772838 -0.634143   1.90651
        0         0         0         1

 0.285841  -0.61319  0.736406   1.12552
-0.957972 -0.163463  0.235731  0.159512
-0.0241728 -0.772838 -0.634143   1.90651
        0         0         0         1

 0.285248  -0.61511  0.735033   1.17411
-0.958082 -0.161623  0.236554  0.142709
-0.0267087 -0.771698 -0.635428   1.88246
        0         0         0         1

 0.285248  -0.61511  0.735033   1.17411
-0.958082 -0.161623  0.236554  0.142709
-0.0267087 -0.771698 -0.635428   1.88246
        0         0         0         1

 0.282661 -0.616203  0.735117   1.20877
 -0.95868 -0.155763  0.238057  0.129809
-0.0321876 -0.772031  -0.63477   1.86737
        0         0         0         1

 0.282661 -0.616203  0.735117   1.20877
 -0.95868 -0.155763  0.238057  0.129809
-0.0321876 -0.772031  -0.63477   1.86737
        0         0         0         1

 0.279348 -0.618716  0.734272   1.25571
-0.959411 -0.149065  0.239395  0.112502
-0.0386632 -0.771343 -0.635244   1.84127
        0         0         0         1

 0.279348 -0.618716  0.734272   1.25571
-0.959411 -0.149065  0.239395  0.112502
-0.0386632 -0.771343 -0.635244   1.84127
        0         0         0         1

 0.274965 -0.623987   0.73146    1.2872
-0.960472 -0.143893  0.238303  0.101225
-0.0434462 -0.768072 -0.638888   1.82183
        0         0         0         1

 0.274965 -0.623987   0.73146    1.2872
-0.960472 -0.143893  0.238303  0.101225
-0.0434462 -0.768072 -0.638888   1.82183
        0         0         0         1

 0.272969 -0.626192  0.730323   1.31812
-0.960934 -0.141374  0.237947 0.0901604
-0.045752 -0.766745  -0.64032   1.80308
        0         0         0         1

 0.272969 -0.626192  0.730323   1.31812
-0.960934 -0.141374  0.237947 0.0901604
-0.045752 -0.766745  -0.64032   1.80308
        0         0         0         1

 0.269013 -0.629104  0.729287   1.36402
-0.961368 -0.129524   0.24289 0.0727649
-0.0583428 -0.766454 -0.639644   1.77643
        0         0         0         1

 0.269013 -0.629104  0.729287   1.36402
-0.961368 -0.129524   0.24289 0.0727649
-0.0583428 -0.766454 -0.639644   1.77643
        0         0         0         1

 0.267999 -0.634119  0.725307    1.3935
-0.960978 -0.122387  0.248079 0.0624977
-0.0685436 -0.763489 -0.642174   1.75789
        0         0         0         1

 0.267999 -0.634119  0.725307    1.3935
-0.960978 -0.122387  0.248079 0.0624977
-0.0685436 -0.763489 -0.642174   1.75789
        0         0         0         1

 0.263155 -0.642948  0.719283   1.43535
-0.961119 -0.110063  0.253251 0.0473685
-0.0836608 -0.757961 -0.646913   1.72893
        0         0         0         1

 0.263155 -0.642948  0.719283   1.43535
-0.961119 -0.110063  0.253251 0.0473685
-0.0836608 -0.757961 -0.646913   1.72893
        0         0         0         1

 0.258853 -0.649913  0.714568   1.46263
-0.961315 -0.101217  0.256179 0.0371393
-0.0941678 -0.753238 -0.650972   1.70793
        0         0         0         1

 0.258853 -0.649913  0.714568   1.46263
-0.961315 -0.101217  0.256179 0.0371393
-0.0941678 -0.753238 -0.650972   1.70793
        0         0         0         1

  0.249277  -0.657832   0.710716    1.48823
 -0.962476 -0.0870138    0.25704  0.0262948
 -0.107247  -0.748121  -0.654838    1.68912
         0          0          0          1

  0.249277  -0.657832   0.710716    1.48823
 -0.962476 -0.0870138    0.25704  0.0262948
 -0.107247  -0.748121  -0.654838    1.68912
         0          0          0          1

  0.239846  -0.667501   0.704923    1.52229
 -0.963017 -0.0717634   0.259707  0.0124947
 -0.122767  -0.741143  -0.660027    1.65876
         0          0          0          1

  0.239846  -0.667501   0.704923    1.52229
 -0.963017 -0.0717634   0.259707  0.0124947
 -0.122767  -0.741143  -0.660027    1.65876
         0          0          0          1

   0.23482  -0.674403   0.700029    1.54213
 -0.962717 -0.0618591   0.263342 0.00408269
 -0.134295  -0.735768  -0.663785    1.64086
         0          0          0          1

   0.23482  -0.674403   0.700029    1.54213
 -0.962717 -0.0618591   0.263342 0.00408269
 -0.134295  -0.735768  -0.663785    1.64086
         0          0          0          1

   0.224313   -0.693087    0.685065     1.57057
  -0.963361  -0.0516433    0.263188 -0.00903183
  -0.147033   -0.719002   -0.679277     1.61502
          0           0           0           1

   0.224313   -0.693087    0.685065     1.57057
  -0.963361  -0.0516433    0.263188 -0.00903183
  -0.147033   -0.719002   -0.679277     1.61502
          0           0           0           1

  0.217528  -0.707062   0.672863    1.58766
 -0.963368 -0.0447483   0.264422 -0.0167194
 -0.156853  -0.705734  -0.690895    1.59846
         0          0          0          1

  0.217528  -0.707062   0.672863    1.58766
 -0.963368 -0.0447483   0.264422 -0.0167194
 -0.156853  -0.705734  -0.690895    1.59846
         0          0          0          1

  0.213493    -0.7248   0.655047    1.61056
 -0.961467 -0.0370035   0.272417 -0.0260087
 -0.173209  -0.687965  -0.704771    1.57571
         0          0          0          1

  0.213493    -0.7248   0.655047    1.61056
 -0.961467 -0.0370035   0.272417 -0.0260087
 -0.173209  -0.687965  -0.704771    1.57571
         0          0          0          1

   0.20377  -0.738859   0.642312    1.62618
 -0.961506 -0.0274957   0.273405 -0.0342176
 -0.184347  -0.673299   -0.71602    1.56017
         0          0          0          1

   0.20377  -0.738859   0.642312    1.62618
 -0.961506 -0.0274957   0.273405 -0.0342176
 -0.184347  -0.673299   -0.71602    1.56017
         0          0          0          1

  0.206221  -0.749002   0.629658    1.63759
  -0.95948 -0.0285085   0.280329 -0.0374831
 -0.192017  -0.661954  -0.724532    1.54741
         0          0          0          1

  0.206221  -0.749002   0.629658    1.63759
  -0.95948 -0.0285085   0.280329 -0.0374831
 -0.192017  -0.661954  -0.724532    1.54741
         0          0          0          1

  0.198018  -0.766248   0.611272    1.65354
 -0.959495 -0.0240293   0.280701 -0.0442889
 -0.200398  -0.642095  -0.739969    1.52894
         0          0          0          1

  0.198018  -0.766248   0.611272    1.65354
 -0.959495 -0.0240293   0.280701 -0.0442889
 -0.200398  -0.642095  -0.739969    1.52894
         0          0          0          1

  0.196689  -0.771017   0.605679    1.66147
 -0.958765 -0.0219981   0.283348 -0.0472905
 -0.205142  -0.636435  -0.743551     1.5206
         0          0          0          1

  0.196689  -0.771017   0.605679    1.66147
 -0.958765 -0.0219981   0.283348 -0.0472905
 -0.205142  -0.636435  -0.743551     1.5206
         0          0          0          1

   0.18778  -0.779839   0.597152    1.67409
 -0.959108 -0.0144973   0.282667 -0.0526679
 -0.211778  -0.625813  -0.750672    1.50638
         0          0          0          1

   0.18778  -0.779839   0.597152    1.67409
 -0.959108 -0.0144973   0.282667 -0.0526679
 -0.211778  -0.625813  -0.750672    1.50638
         0          0          0          1

  0.185811  -0.781937    0.59502    1.68057
 -0.958423 -0.0107631    0.28515 -0.0550692
 -0.216565  -0.623265  -0.751426    1.49924
         0          0          0          1

  0.185811  -0.781937    0.59502    1.68057
 -0.958423 -0.0107631    0.28515 -0.0550692
 -0.216565  -0.623265  -0.751426    1.49924
         0          0          0          1

  0.180689  -0.785363   0.592079     1.6866
 -0.958504 -0.0056467   0.285023 -0.0577852
 -0.220503   -0.61901  -0.753794    1.49079
         0          0          0          1

  0.180689  -0.785363   0.592079     1.6866
 -0.958504 -0.0056467   0.285023 -0.0577852
 -0.220503   -0.61901  -0.753794    1.49079
         0          0          0          1

    0.177603    -0.788158     0.589291      1.69378
   -0.957728 -0.000725529     0.287674   -0.0592973
   -0.226305    -0.615472     -0.75497      1.48116
           0            0            0            1

    0.177603    -0.788158     0.589291      1.69378
   -0.957728 -0.000725529     0.287674   -0.0592973
   -0.226305    -0.615472     -0.75497      1.48116
           0            0            0            1

   0.173357   -0.792734    0.584398     1.69764
   -0.95837 0.000909455    0.285526  -0.0603425
  -0.226878   -0.609568   -0.759575     1.47458
          0           0           0           1

   0.173357   -0.792734    0.584398     1.69764
   -0.95837 0.000909455    0.285526  -0.0603425
  -0.226878   -0.609568   -0.759575     1.47458
          0           0           0           1

  0.170128  -0.793833   0.583855    1.70235
 -0.958767 0.00353052   0.284173 -0.0623862
 -0.227647  -0.608126    -0.7605    1.47128
         0          0          0          1

  0.170128  -0.793833   0.583855    1.70235
 -0.958767 0.00353052   0.284173 -0.0623862
 -0.227647  -0.608126    -0.7605    1.47128
         0          0          0          1

  0.167861  -0.798183   0.578556    1.70717
 -0.958465 0.00512949   0.285164 -0.0623051
 -0.230581  -0.602394  -0.764169    1.46407
         0          0          0          1

  0.167861  -0.798183   0.578556    1.70717
 -0.958465 0.00512949   0.285164 -0.0623051
 -0.230581  -0.602394  -0.764169    1.46407
         0          0          0          1

  0.168015  -0.801204   0.574319    1.70965
 -0.958517 0.00330063   0.285016  -0.062266
 -0.230251  -0.598382  -0.767414    1.46089
         0          0          0          1

  0.168015  -0.801204   0.574319    1.70965
 -0.958517 0.00330063   0.285016  -0.062266
 -0.230251  -0.598382  -0.767414    1.46089
         0          0          0          1

  0.169046  -0.803391   0.570953    1.71284
 -0.957921 0.00241908   0.287022 -0.0615222
 -0.231972  -0.595447  -0.769176    1.45669
         0          0          0          1

  0.169046  -0.803391   0.570953    1.71284
 -0.957921 0.00241908   0.287022 -0.0615222
 -0.231972  -0.595447  -0.769176    1.45669
         0          0          0          1

  0.167365  -0.806081   0.567646    1.71558
 -0.957948 0.00315751   0.286926 -0.0622807
 -0.233078  -0.591797  -0.771655    1.45337
         0          0          0          1

  0.167365  -0.806081   0.567646    1.71558
 -0.957948 0.00315751   0.286926 -0.0622807
 -0.233078  -0.591797  -0.771655    1.45337
         0          0          0          1

  0.166337  -0.810078   0.562232    1.71825
 -0.958212 0.00178022   0.286054 -0.0629892
 -0.232727  -0.586319  -0.775931    1.45044
         0          0          0          1

  0.166337  -0.810078   0.562232    1.71825
 -0.958212 0.00178022   0.286054 -0.0629892
 -0.232727  -0.586319  -0.775931    1.45044
         0          0          0          1

   0.166915   -0.816987    0.551971     1.72082
  -0.957661 -0.00114877    0.287895  -0.0626764
  -0.234573   -0.576655   -0.782588     1.44659
          0           0           0           1

   0.166915   -0.816987    0.551971     1.72082
  -0.957661 -0.00114877    0.287895  -0.0626764
  -0.234573   -0.576655   -0.782588     1.44659
          0           0           0           1

   0.167919   -0.816744    0.552026     1.72229
  -0.957589 -0.00213189    0.288131  -0.0623895
  -0.234153   -0.576996   -0.782463     1.44504
          0           0           0           1

   0.167919   -0.816744    0.552026     1.72229
  -0.957589 -0.00213189    0.288131  -0.0623895
  -0.234153   -0.576996   -0.782463     1.44504
          0           0           0           1

   0.167309   -0.816997    0.551837     1.72266
  -0.957774 -0.00193643    0.287516  -0.0622975
  -0.233831   -0.576639   -0.782822     1.44378
          0           0           0           1

  0.165034  -0.816181   0.553726    1.72427
 -0.958165 0.00043523   0.286216 -0.0623082
 -0.233845  -0.577796  -0.781964     1.4415
         0          0          0          1

  0.160026  -0.816033   0.555412    1.72581
 -0.958595 0.00580064   0.284713  -0.063416
 -0.235557  -0.577977  -0.781317    1.44007
         0          0          0          1

  0.160026  -0.816033   0.555412    1.72581
 -0.958595 0.00580064   0.284713  -0.063416
 -0.235557  -0.577977  -0.781317    1.44007
         0          0          0          1

  0.158092  -0.815931   0.556115    1.72624
 -0.958919 0.00748358   0.283581   -0.06329
 -0.235544  -0.578101  -0.781228    1.43896
         0          0          0          1

  0.158092  -0.815931   0.556115    1.72624
 -0.958919 0.00748358   0.283581   -0.06329
 -0.235544  -0.578101  -0.781228    1.43896
         0          0          0          1

  0.156101  -0.815939   0.556665    1.72667
 -0.958908 0.00998973   0.283542 -0.0627854
 -0.236914  -0.578051  -0.780851    1.43962
         0          0          0          1

  0.156101  -0.815939   0.556665    1.72667
 -0.958908 0.00998973   0.283542 -0.0627854
 -0.236914  -0.578051  -0.780851    1.43962
         0          0          0          1

  0.156931  -0.816242   0.555987    1.72635
 -0.958569 0.00962902   0.284699 -0.0618411
 -0.237737   -0.57763  -0.780913    1.43924
         0          0          0          1

  0.156931  -0.816242   0.555987    1.72635
 -0.958569 0.00962902   0.284699 -0.0618411
 -0.237737   -0.57763  -0.780913    1.43924
         0          0          0          1

  0.152573  -0.818952   0.553208    1.72804
 -0.959057  0.0124537    0.28294 -0.0625478
 -0.238604  -0.573727  -0.783521    1.43721
         0          0          0          1

  0.152573  -0.818952   0.553208    1.72804
 -0.959057  0.0124537    0.28294 -0.0625478
 -0.238604  -0.573727  -0.783521    1.43721
         0          0          0          1

  0.150588  -0.820879    0.55089     1.7288
 -0.959063  0.0138835   0.282851 -0.0625592
 -0.239835  -0.570933  -0.785185    1.43649
         0          0          0          1

  0.150588  -0.820879    0.55089     1.7288
 -0.959063  0.0138835   0.282851 -0.0625592
 -0.239835  -0.570933  -0.785185    1.43649
         0          0          0          1

  0.151977  -0.821716   0.549259    1.72929
  -0.95833  0.0134884   0.285343 -0.0619221
  -0.24188  -0.569737  -0.785426    1.43647
         0          0          0          1

  0.151977  -0.821716   0.549259    1.72929
  -0.95833  0.0134884   0.285343 -0.0619221
  -0.24188  -0.569737  -0.785426    1.43647
         0          0          0          1

   0.14819  -0.823912   0.546999    1.73047
 -0.958746  0.0159845   0.283815 -0.0622541
 -0.242582  -0.566492  -0.787554    1.43542
         0          0          0          1

   0.14819  -0.823912   0.546999    1.73047
 -0.958746  0.0159845   0.283815 -0.0622541
 -0.242582  -0.566492  -0.787554    1.43542
         0          0          0          1

  0.148702  -0.823851   0.546952    1.73047
  -0.95821  0.0166418    0.28558 -0.0617575
 -0.244378  -0.566562  -0.786948    1.43578
         0          0          0          1

  0.148702  -0.823851   0.546952    1.73047
  -0.95821  0.0166418    0.28558 -0.0617575
 -0.244378  -0.566562  -0.786948    1.43578
         0          0          0          1

  0.147341  -0.824739   0.545982    1.73152
 -0.957679  0.0190424   0.287208 -0.0612976
 -0.247269  -0.565193  -0.787029    1.43551
         0          0          0          1

  0.147341  -0.824739   0.545982    1.73152
 -0.957679  0.0190424   0.287208 -0.0612976
 -0.247269  -0.565193  -0.787029    1.43551
         0          0          0          1

  0.147591   -0.82455     0.5462    1.73188
  -0.95684  0.0207486   0.289873 -0.0607156
