-0.257862 -0.544016  0.798469  0.459715
 -0.86903 -0.230576 -0.437746   1.07974
 0.422249 -0.806772  -0.41331   2.11157
        0         0         0         1

-0.228864 -0.542448  0.808314   0.42894
-0.878315 -0.242971 -0.411738    1.0463
 0.419744 -0.804186 -0.420833   2.11238
        0         0         0         1

-0.228864 -0.542448  0.808314   0.42894
-0.878315 -0.242971 -0.411738    1.0463
 0.419744 -0.804186 -0.420833   2.11238
        0         0         0         1

-0.192998  -0.54933  0.813012  0.405015
-0.901253 -0.228352 -0.368237   1.00493
 0.387936 -0.803798 -0.451014   2.14886
        0         0         0         1

-0.192998  -0.54933  0.813012  0.405015
-0.901253 -0.228352 -0.368237   1.00493
 0.387936 -0.803798 -0.451014   2.14886
        0         0         0         1

-0.127267 -0.520065  0.844592  0.316973
-0.922048 -0.251796 -0.293984   0.93765
 0.365555 -0.816169  -0.44748    2.1564
        0         0         0         1

-0.127267 -0.520065  0.844592  0.316973
-0.922048 -0.251796 -0.293984   0.93765
 0.365555 -0.816169  -0.44748    2.1564
        0         0         0         1

-0.106204 -0.505482  0.856276  0.290132
-0.926007 -0.263454 -0.270377  0.906503
  0.36226 -0.821633   -0.4401   2.15159
        0         0         0         1

-0.106204 -0.505482  0.856276  0.290132
-0.926007 -0.263454 -0.270377  0.906503
  0.36226 -0.821633   -0.4401   2.15159
        0         0         0         1

-0.0948672 -0.490536  0.866242  0.253744
-0.924875 -0.278459 -0.258974  0.866809
 0.368249 -0.825733 -0.427268   2.13955
        0         0         0         1

-0.0948672 -0.490536  0.866242  0.253744
-0.924875 -0.278459 -0.258974  0.866809
 0.368249 -0.825733 -0.427268   2.13955
        0         0         0         1

-0.0744968 -0.482683  0.872621  0.214156
-0.932358 -0.276724 -0.232665  0.823159
 0.353779 -0.830927 -0.429418   2.15101
        0         0         0         1

-0.0744968 -0.482683  0.872621  0.214156
-0.932358 -0.276724 -0.232665  0.823159
 0.353779 -0.830927 -0.429418   2.15101
        0         0         0         1

-0.063478 -0.472927  0.878812  0.188964
-0.937422 -0.273831 -0.215072  0.787395
 0.342359  -0.83747  -0.42595   2.14956
        0         0         0         1

-0.063478 -0.472927  0.878812  0.188964
-0.937422 -0.273831 -0.215072  0.787395
 0.342359  -0.83747  -0.42595   2.14956
        0         0         0         1

-0.0261596  -0.45114   0.89207  0.142602
-0.949018 -0.269215 -0.163978  0.727561
 0.314136  -0.85088 -0.421097   2.15594
        0         0         0         1

-0.0261596  -0.45114   0.89207  0.142602
-0.949018 -0.269215 -0.163978  0.727561
 0.314136  -0.85088 -0.421097   2.15594
        0         0         0         1

-0.0111733 -0.426932  0.904215  0.103962
-0.952898 -0.269541 -0.139041  0.688609
 0.303084 -0.863178 -0.403811   2.14613
        0         0         0         1

-0.0111733 -0.426932  0.904215  0.103962
-0.952898 -0.269541 -0.139041  0.688609
 0.303084 -0.863178 -0.403811   2.14613
        0         0         0         1

-0.0338675 -0.421339   0.90627  0.088808
-0.951586   -0.2636 -0.158113  0.657785
 0.305512 -0.867749 -0.392013   2.13161
        0         0         0         1

-0.0338675 -0.421339   0.90627  0.088808
-0.951586   -0.2636 -0.158113  0.657785
 0.305512 -0.867749 -0.392013   2.13161
        0         0         0         1

-0.0424863 -0.409705  0.911228 0.0660764
-0.953296 -0.256357 -0.159711  0.621901
 0.299034 -0.875456 -0.379679   2.12697
        0         0         0         1

-0.0424863 -0.409705  0.911228 0.0660764
-0.953296 -0.256357 -0.159711  0.621901
 0.299034 -0.875456 -0.379679   2.12697
        0         0         0         1

-0.035206  -0.38525   0.92214 0.0325688
-0.958346 -0.248673 -0.140479  0.578608
 0.283431 -0.888675 -0.360448   2.11943
        0         0         0         1

-0.035206  -0.38525   0.92214 0.0325688
-0.958346 -0.248673 -0.140479  0.578608
 0.283431 -0.888675 -0.360448   2.11943
        0         0         0         1

-0.00238491  -0.372508   0.928026 0.00488245
 -0.972178   -0.21651 -0.0894051   0.528026
  0.234231   -0.90242  -0.361627    2.10992
         0          0          0          1

-0.00238491  -0.372508   0.928026 0.00488245
 -0.972178   -0.21651 -0.0894051   0.528026
  0.234231   -0.90242  -0.361627    2.10992
         0          0          0          1

 0.0236888  -0.358653    0.93317  -0.018968
 -0.980685  -0.189619 -0.0479831   0.494754
  0.194156  -0.914009  -0.356218    2.08806
         0          0          0          1

 0.0236888  -0.358653    0.93317  -0.018968
 -0.980685  -0.189619 -0.0479831   0.494754
  0.194156  -0.914009  -0.356218    2.08806
         0          0          0          1

 0.0308323  -0.358125   0.933165 -0.0328752
  -0.98694   -0.15859 -0.0282537   0.454909
  0.158109  -0.920107  -0.358337    2.07081
         0          0          0          1

 0.0308323  -0.358125   0.933165 -0.0328752
  -0.98694   -0.15859 -0.0282537   0.454909
  0.158109  -0.920107  -0.358337    2.07081
         0          0          0          1

 0.0367256   -0.33983    0.93977  -0.051874
 -0.989688   -0.14266 -0.0129108    0.42022
  0.138455  -0.929604  -0.341565    2.05976
         0          0          0          1

 0.0367256   -0.33983    0.93977  -0.051874
 -0.989688   -0.14266 -0.0129108    0.42022
  0.138455  -0.929604  -0.341565    2.05976
         0          0          0          1

  0.0359662   -0.327477    0.944174  -0.0625484
  -0.990577   -0.136619 -0.00965109    0.397353
   0.132153    -0.93493   -0.329305     2.03913
          0           0           0           1

  0.0359662   -0.327477    0.944174  -0.0625484
  -0.990577   -0.136619 -0.00965109    0.397353
   0.132153    -0.93493   -0.329305     2.03913
          0           0           0           1

0.0458631  -0.32235  0.945509   -0.0726
-0.994733 -0.101589 0.0136164  0.357821
 0.091664 -0.941154 -0.325311   2.02534
        0         0         0         1

0.0458631  -0.32235  0.945509   -0.0726
-0.994733 -0.101589 0.0136164  0.357821
 0.091664 -0.941154 -0.325311   2.02534
        0         0         0         1

 0.0678954  -0.319093   0.945288 -0.0845374
 -0.996211 -0.0732923  0.0468123    0.32543
 0.0543449  -0.944885   -0.32286    2.01549
         0          0          0          1

 0.0678954  -0.319093   0.945288 -0.0845374
 -0.996211 -0.0732923  0.0468123    0.32543
 0.0543449  -0.944885   -0.32286    2.01549
         0          0          0          1

 0.0861242  -0.330334   0.939926 -0.0917771
 -0.996025 -0.0500753  0.0736656   0.289844
 0.0227328  -0.942535  -0.333334    1.99287
         0          0          0          1

 0.0861242  -0.330334   0.939926 -0.0917771
 -0.996025 -0.0500753  0.0736656   0.289844
 0.0227328  -0.942535  -0.333334    1.99287
         0          0          0          1

 0.0962843  -0.341243   0.935031 -0.0957313
 -0.995294 -0.0432722  0.0866976   0.269398
 0.0108758  -0.938978  -0.343804    1.97557
         0          0          0          1

 0.0962843  -0.341243   0.935031 -0.0957313
 -0.995294 -0.0432722  0.0866976   0.269398
 0.0108758  -0.938978  -0.343804    1.97557
         0          0          0          1

  0.115881  -0.351293   0.929067  -0.105231
 -0.993094 -0.0237444   0.114889   0.236589
-0.0182997  -0.935964  -0.351619    1.96794
         0          0          0          1

  0.115881  -0.351293   0.929067  -0.105231
 -0.993094 -0.0237444   0.114889   0.236589
-0.0182997  -0.935964  -0.351619    1.96794
         0          0          0          1

  0.127938  -0.355481   0.925886   -0.11471
 -0.990262 0.00588139   0.139091     0.2003
-0.0548898  -0.934665  -0.351267     1.9481
         0          0          0          1

  0.127938  -0.355481   0.925886   -0.11471
 -0.990262 0.00588139   0.139091     0.2003
-0.0548898  -0.934665  -0.351267     1.9481
         0          0          0          1

  0.13227 -0.353445  0.926057 -0.119376
-0.988221  0.025524  0.150891  0.180173
-0.0769684 -0.935107 -0.345906   1.92821
        0         0         0         1

  0.13227 -0.353445  0.926057 -0.119376
-0.988221  0.025524  0.150891  0.180173
-0.0769684 -0.935107 -0.345906   1.92821
        0         0         0         1

 0.141343 -0.353679  0.924626 -0.128133
-0.983798 0.0538729  0.170995  0.148418
 -0.11029 -0.933814 -0.340334   1.89992
        0         0         0         1

 0.141343 -0.353679  0.924626 -0.128133
-0.983798 0.0538729  0.170995  0.148418
 -0.11029 -0.933814 -0.340334   1.89992
        0         0         0         1

 0.138867  -0.35992  0.922591 -0.130176
 -0.98221 0.0688603  0.174705   0.13006
 -0.12641 -0.930438 -0.343955   1.87992
        0         0         0         1

 0.138867  -0.35992  0.922591 -0.130176
 -0.98221 0.0688603  0.174705   0.13006
 -0.12641 -0.930438 -0.343955   1.87992
        0         0         0         1

 0.138124 -0.376129  0.916214 -0.130818
-0.978345 0.0921652  0.185327  0.109285
 -0.15415 -0.921972 -0.355254   1.86871
        0         0         0         1

 0.138124 -0.376129  0.916214 -0.130818
-0.978345 0.0921652  0.185327  0.109285
 -0.15415 -0.921972 -0.355254   1.86871
        0         0         0         1

 0.150815 -0.389253  0.908701 -0.138233
-0.969549  0.121172  0.212819 0.0774112
-0.192949 -0.913126 -0.359125   1.84342
        0         0         0         1

 0.150815 -0.389253  0.908701 -0.138233
-0.969549  0.121172  0.212819 0.0774112
-0.192949 -0.913126 -0.359125   1.84342
        0         0         0         1

 0.152205 -0.392778  0.906951 -0.139165
-0.965342  0.137763  0.221666 0.0649791
-0.212009 -0.909256 -0.358197   1.82255
        0         0         0         1

 0.152205 -0.392778  0.906951 -0.139165
-0.965342  0.137763  0.221666 0.0649791
-0.212009 -0.909256 -0.358197   1.82255
        0         0         0         1

 0.163624 -0.398329   0.90253 -0.144052
-0.955403   0.16399  0.245586 0.0406514
 -0.24583 -0.902464 -0.353733    1.7928
        0         0         0         1

 0.163624 -0.398329   0.90253 -0.144052
-0.955403   0.16399  0.245586 0.0406514
 -0.24583 -0.902464 -0.353733    1.7928
        0         0         0         1

 0.173684 -0.397738   0.90091 -0.147583
-0.947292  0.182599  0.263241 0.0225738
-0.269206 -0.899145 -0.345059   1.77371
        0         0         0         1

 0.173684 -0.397738   0.90091 -0.147583
-0.947292  0.182599  0.263241 0.0225738
-0.269206 -0.899145 -0.345059   1.77371
        0         0         0         1

 0.171359  -0.40311  0.898965  -0.14894
-0.942038  0.200103  0.269299 0.0101271
-0.288443 -0.893007 -0.345456   1.75661
        0         0         0         1

 0.171359  -0.40311  0.898965  -0.14894
-0.942038  0.200103  0.269299 0.0101271
-0.288443 -0.893007 -0.345456   1.75661
        0         0         0         1

   0.151922   -0.407897      0.9003   -0.150424
  -0.937881    0.227972    0.261551 -0.00572979
  -0.311929   -0.884109   -0.347924     1.72873
          0           0           0           1

   0.151922   -0.407897      0.9003   -0.150424
  -0.937881    0.227972    0.261551 -0.00572979
  -0.311929   -0.884109   -0.347924     1.72873
          0           0           0           1

  0.137562  -0.409743   0.901769  -0.151946
 -0.934432   0.248262   0.255349 -0.0155752
 -0.328502  -0.877768  -0.348725     1.7142
         0          0          0          1

  0.137562  -0.409743   0.901769  -0.151946
 -0.934432   0.248262   0.255349 -0.0155752
 -0.328502  -0.877768  -0.348725     1.7142
         0          0          0          1

  0.122606  -0.407766   0.904817   -0.15221
 -0.933324    0.26262   0.244822 -0.0246102
 -0.337453  -0.874504  -0.348379    1.69732
         0          0          0          1

  0.122606  -0.407766   0.904817   -0.15221
 -0.933324    0.26262   0.244822 -0.0246102
 -0.337453  -0.874504  -0.348379    1.69732
         0          0          0          1

 0.104161 -0.395966  0.912338 -0.153711
 -0.92926  0.288167  0.231161  -0.03848
-0.354437 -0.871878  -0.33794   1.67458
        0         0         0         1

 0.104161 -0.395966  0.912338 -0.153711
 -0.92926  0.288167  0.231161  -0.03848
-0.354437 -0.871878  -0.33794   1.67458
        0         0         0         1

 0.0898646  -0.385427   0.918352  -0.153495
 -0.927495   0.303572   0.218167 -0.0447673
 -0.362873  -0.871372  -0.330201    1.65989
         0          0          0          1

 0.0898646  -0.385427   0.918352  -0.153495
 -0.927495   0.303572   0.218167 -0.0447673
 -0.362873  -0.871372  -0.330201    1.65989
         0          0          0          1

 0.0834598  -0.367702   0.926191  -0.152701
  -0.92233   0.323384   0.211497 -0.0535448
 -0.377283  -0.871905  -0.312153    1.63675
         0          0          0          1

 0.0834598  -0.367702   0.926191  -0.152701
  -0.92233   0.323384   0.211497 -0.0535448
 -0.377283  -0.871905  -0.312153    1.63675
         0          0          0          1

 0.0864771  -0.359689   0.929056  -0.153495
 -0.917597   0.334426   0.214885 -0.0621849
 -0.387993  -0.871082  -0.301129    1.62448
         0          0          0          1

 0.0864771  -0.359689   0.929056  -0.153495
 -0.917597   0.334426   0.214885 -0.0621849
 -0.387993  -0.871082  -0.301129    1.62448
         0          0          0          1

 0.0865381  -0.343712   0.935079  -0.153548
  -0.91416   0.345696   0.211671 -0.0666327
 -0.396007   -0.87313  -0.284292    1.60915
         0          0          0          1

 0.0865381  -0.343712   0.935079  -0.153548
  -0.91416   0.345696   0.211671 -0.0666327
 -0.396007   -0.87313  -0.284292    1.60915
         0          0          0          1

 0.0914217  -0.323144   0.941924  -0.154689
 -0.908001   0.361321   0.212087 -0.0765825
 -0.408871  -0.874657  -0.260382    1.59298
         0          0          0          1

 0.0914217  -0.323144   0.941924  -0.154689
 -0.908001   0.361321   0.212087 -0.0765825
 -0.408871  -0.874657  -0.260382    1.59298
         0          0          0          1

 0.0996758  -0.309242   0.945745  -0.153759
  -0.90478   0.367347   0.215474 -0.0800886
 -0.414051  -0.877169   -0.24318    1.58213
         0          0          0          1

 0.0996758  -0.309242   0.945745  -0.153759
  -0.90478   0.367347   0.215474 -0.0800886
 -0.414051  -0.877169   -0.24318    1.58213
         0          0          0          1

  0.114402  -0.296157   0.948263   -0.15279
 -0.900954   0.371241   0.224638 -0.0862677
 -0.418563   -0.88004  -0.224353     1.5657
         0          0          0          1

  0.114402  -0.296157   0.948263   -0.15279
 -0.900954   0.371241   0.224638 -0.0862677
 -0.418563   -0.88004  -0.224353     1.5657
         0          0          0          1

  0.117922  -0.289956   0.949747   -0.15239
 -0.897078   0.379044   0.227104 -0.0910529
 -0.425846  -0.878778  -0.215416    1.55894
         0          0          0          1

  0.117922  -0.289956   0.949747   -0.15239
 -0.897078   0.379044   0.227104 -0.0910529
 -0.425846  -0.878778  -0.215416    1.55894
         0          0          0          1

  0.119496  -0.278449   0.952988  -0.151487
 -0.895669   0.383908   0.224481 -0.0945104
 -0.428366  -0.880387  -0.203523    1.55032
         0          0          0          1

  0.119496  -0.278449   0.952988  -0.151487
 -0.895669   0.383908   0.224481 -0.0945104
 -0.428366  -0.880387  -0.203523    1.55032
         0          0          0          1

  0.11938 -0.266421  0.956435  -0.15262
-0.894163   0.38985  0.220203 -0.102891
-0.431533 -0.881497 -0.191684   1.53995
        0         0         0         1

  0.11938 -0.266421  0.956435  -0.15262
-0.894163   0.38985  0.220203 -0.102891
-0.431533 -0.881497 -0.191684   1.53995
        0         0         0         1

  0.111269  -0.252125   0.961276  -0.148942
 -0.896047   0.392873   0.206762 -0.0992852
 -0.429789  -0.884355  -0.182202    1.53184
         0          0          0          1

  0.111269  -0.252125   0.961276  -0.148942
 -0.896047   0.392873   0.206762 -0.0992852
 -0.429789  -0.884355  -0.182202    1.53184
         0          0          0          1

 0.111517 -0.234708  0.965648 -0.149671
-0.896922  0.394628  0.199497 -0.106492
-0.427895 -0.888359 -0.166507   1.52188
        0         0         0         1

 0.111517 -0.234708  0.965648 -0.149671
-0.896922  0.394628  0.199497 -0.106492
-0.427895 -0.888359 -0.166507   1.52188
        0         0         0         1

 0.109975 -0.224486  0.968252 -0.149994
-0.898559  0.393942  0.193393  -0.10958
-0.424849   -0.8913 -0.158391   1.51487
        0         0         0         1

 0.109975 -0.224486  0.968252 -0.149994
-0.898559  0.393942  0.193393  -0.10958
-0.424849   -0.8913 -0.158391   1.51487
        0         0         0         1

 0.107244 -0.217779  0.970088 -0.151494
-0.897791  0.397997    0.1886 -0.115509
-0.427165 -0.891163 -0.152838   1.51059
        0         0         0         1

 0.107244 -0.217779  0.970088 -0.151494
-0.897791  0.397997    0.1886 -0.115509
-0.427165 -0.891163 -0.152838   1.51059
        0         0         0         1

 0.106269 -0.208964  0.972132  -0.15124
-0.898304  0.399007  0.183967 -0.116289
 -0.42633  -0.89282 -0.145311   1.50362
        0         0         0         1

 0.106269 -0.208964  0.972132  -0.15124
-0.898304  0.399007  0.183967 -0.116289
 -0.42633  -0.89282 -0.145311   1.50362
        0         0         0         1

 0.105413  -0.20192  0.973713 -0.152054
-0.900197  0.396673  0.179713 -0.118556
-0.422533 -0.895477 -0.139953   1.49675
        0         0         0         1

 0.105413  -0.20192  0.973713 -0.152054
-0.900197  0.396673  0.179713 -0.118556
-0.422533 -0.895477 -0.139953   1.49675
        0         0         0         1

 0.110325 -0.191616   0.97525 -0.154064
-0.899928   0.39722   0.17985 -0.122569
-0.421851 -0.897496 -0.128617   1.48925
        0         0         0         1

 0.110325 -0.191616   0.97525 -0.154064
-0.899928   0.39722   0.17985 -0.122569
-0.421851 -0.897496 -0.128617   1.48925
        0         0         0         1

 0.113069 -0.184043  0.976393 -0.154449
-0.900296  0.396751  0.179041 -0.123391
-0.420337 -0.899287 -0.120833   1.48418
        0         0         0         1

 0.113069 -0.184043  0.976393 -0.154449
-0.900296  0.396751  0.179041 -0.123391
-0.420337 -0.899287 -0.120833   1.48418
        0         0         0         1

 0.116962  -0.17759  0.977129 -0.154621
-0.901137  0.394591  0.179582  -0.12637
-0.417459 -0.901532 -0.113881   1.47953
        0         0         0         1

 0.116962  -0.17759  0.977129 -0.154621
-0.901137  0.394591  0.179582  -0.12637
-0.417459 -0.901532 -0.113881   1.47953
        0         0         0         1

  0.128572  -0.166519    0.97762  -0.157637
 -0.900631   0.393054   0.185396  -0.129811
  -0.41513  -0.904312 -0.0994361    1.47562
         0          0          0          1

  0.128572  -0.166519    0.97762  -0.157637
 -0.900631   0.393054   0.185396  -0.129811
  -0.41513  -0.904312 -0.0994361    1.47562
         0          0          0          1

 0.137065 -0.151358   0.97893 -0.158239
-0.902485    0.3883  0.186399 -0.129874
-0.408331 -0.909018 -0.083376   1.47105
        0         0         0         1

 0.137065 -0.151358   0.97893 -0.158239
-0.902485    0.3883  0.186399 -0.129874
-0.408331 -0.909018 -0.083376   1.47105
        0         0         0         1

  0.145134   -0.13959   0.979516  -0.160418
 -0.902582   0.386877   0.188868  -0.129604
 -0.405317  -0.911504 -0.0698424    1.46969
         0          0          0          1

  0.145134   -0.13959   0.979516  -0.160418
 -0.902582   0.386877   0.188868  -0.129604
 -0.405317  -0.911504 -0.0698424    1.46969
         0          0          0          1

  0.149709  -0.133679   0.979652  -0.161307
 -0.904879   0.380791   0.190243  -0.129018
 -0.398474  -0.914947 -0.0639552    1.46585
         0          0          0          1

  0.149709  -0.133679   0.979652  -0.161307
 -0.904879   0.380791   0.190243  -0.129018
 -0.398474  -0.914947 -0.0639552    1.46585
         0          0          0          1

  0.150518  -0.137653   0.978977  -0.161768
 -0.905623   0.377938   0.192381  -0.127453
 -0.396474  -0.915541 -0.0677752    1.46635
         0          0          0          1

  0.150518  -0.137653   0.978977  -0.161768
 -0.905623   0.377938   0.192381  -0.127453
 -0.396474  -0.915541 -0.0677752    1.46635
         0          0          0          1

  0.169761  -0.130713   0.976778  -0.163144
 -0.903658   0.374789   0.207208  -0.126324
  -0.39317  -0.917849 -0.0544955    1.46741
         0          0          0          1

  0.169761  -0.130713   0.976778  -0.163144
 -0.903658   0.374789   0.207208  -0.126324
  -0.39317  -0.917849 -0.0544955    1.46741
         0          0          0          1

  0.185145  -0.125454   0.974671  -0.164646
 -0.903718   0.367867   0.219016  -0.124544
 -0.386026  -0.921377 -0.0452667    1.46768
         0          0          0          1

  0.185145  -0.125454   0.974671  -0.164646
 -0.903718   0.367867   0.219016  -0.124544
 -0.386026  -0.921377 -0.0452667    1.46768
         0          0          0          1

  0.194062  -0.131527   0.972132   -0.16496
 -0.904384   0.359918   0.229234  -0.117288
 -0.380038  -0.923666 -0.0491046    1.47114
         0          0          0          1

  0.194062  -0.131527   0.972132   -0.16496
 -0.904384   0.359918   0.229234  -0.117288
 -0.380038  -0.923666 -0.0491046    1.47114
         0          0          0          1

  0.202416  -0.141327   0.969048  -0.167715
 -0.903939   0.353698     0.2404  -0.116293
 -0.376725  -0.924621 -0.0561567    1.47693
         0          0          0          1

  0.202416  -0.141327   0.969048  -0.167715
 -0.903939   0.353698     0.2404  -0.116293
 -0.376725  -0.924621 -0.0561567    1.47693
         0          0          0          1

  0.211376  -0.141492   0.967109  -0.169111
 -0.906061   0.342728   0.248175   -0.11322
  -0.36657  -0.928718 -0.0557561    1.48017
         0          0          0          1

  0.211376  -0.141492   0.967109  -0.169111
 -0.906061   0.342728   0.248175   -0.11322
  -0.36657  -0.928718 -0.0557561    1.48017
         0          0          0          1

  0.214312  -0.142396    0.96633  -0.165226
 -0.911118   0.327423   0.250315  -0.100172
 -0.352042  -0.934087 -0.0595694    1.49264
         0          0          0          1

  0.214312  -0.142396    0.96633  -0.165226
 -0.911118   0.327423   0.250315  -0.100172
 -0.352042  -0.934087 -0.0595694    1.49264
         0          0          0          1

  0.221861  -0.148199    0.96375  -0.164538
 -0.913434   0.314266   0.258603 -0.0955597
 -0.341198  -0.937696 -0.0656473    1.50222
         0          0          0          1

  0.221861  -0.148199    0.96375  -0.164538
 -0.913434   0.314266   0.258603 -0.0955597
 -0.341198  -0.937696 -0.0656473    1.50222
         0          0          0          1

  0.237306  -0.159256   0.958292  -0.162666
 -0.914053   0.297412   0.275777 -0.0871896
 -0.328926  -0.941373 -0.0749906    1.51836
         0          0          0          1

  0.237306  -0.159256   0.958292  -0.162666
 -0.914053   0.297412   0.275777 -0.0871896
 -0.328926  -0.941373 -0.0749906    1.51836
         0          0          0          1

  0.248695  -0.157577   0.955678  -0.158893
 -0.916087   0.282149   0.284915  -0.075111
 -0.314539  -0.946341 -0.0741852    1.52729
         0          0          0          1

  0.248695  -0.157577   0.955678  -0.158893
 -0.916087   0.282149   0.284915  -0.075111
 -0.314539  -0.946341 -0.0741852    1.52729
         0          0          0          1

  0.266501  -0.164264   0.949734  -0.158732
 -0.915678   0.264423   0.302679 -0.0693223
 -0.300851  -0.950314 -0.0799438    1.53939
         0          0          0          1

  0.266501  -0.164264   0.949734  -0.158732
 -0.915678   0.264423   0.302679 -0.0693223
 -0.300851  -0.950314 -0.0799438    1.53939
         0          0          0          1

  0.279481  -0.161192   0.946524  -0.152843
  -0.91869   0.241669   0.312419  -0.051154
 -0.279105  -0.956877 -0.0805435    1.55809
         0          0          0          1

  0.279481  -0.161192   0.946524  -0.152843
  -0.91869   0.241669   0.312419  -0.051154
 -0.279105  -0.956877 -0.0805435    1.55809
         0          0          0          1

  0.283945  -0.154055   0.946384  -0.145398
 -0.923465   0.221689   0.313156 -0.0320778
 -0.258046  -0.962871 -0.0793166    1.56959
         0          0          0          1

  0.283945  -0.154055   0.946384  -0.145398
 -0.923465   0.221689   0.313156 -0.0320778
 -0.258046  -0.962871 -0.0793166    1.56959
         0          0          0          1

  0.315758  -0.145014   0.937693  -0.140964
 -0.919313   0.197864   0.340168 -0.0180793
 -0.234865  -0.969444 -0.0708363    1.59481
         0          0          0          1

  0.315758  -0.145014   0.937693  -0.140964
 -0.919313   0.197864   0.340168 -0.0180793
 -0.234865  -0.969444 -0.0708363    1.59481
         0          0          0          1

    0.33217   -0.140869    0.932641   -0.136063
  -0.917668    0.180324    0.354074 -0.00473416
  -0.218055   -0.973468  -0.0693728     1.61234
          0           0           0           1

    0.33217   -0.140869    0.932641   -0.136063
  -0.917668    0.180324    0.354074 -0.00473416
  -0.218055   -0.973468  -0.0693728     1.61234
          0           0           0           1

  0.335336  -0.136863   0.932104  -0.125962
 -0.921047   0.160361   0.354904  0.0158454
 -0.198047  -0.977524 -0.0722819    1.62786
         0          0          0          1

  0.335336  -0.136863   0.932104  -0.125962
 -0.921047   0.160361   0.354904  0.0158454
 -0.198047  -0.977524 -0.0722819    1.62786
         0          0          0          1

  0.343538  -0.142781   0.928222  -0.115342
 -0.920833   0.142987   0.362797   0.036509
 -0.184524  -0.979371 -0.0823558    1.65782
         0          0          0          1

  0.343538  -0.142781   0.928222  -0.115342
 -0.920833   0.142987   0.362797   0.036509
 -0.184524  -0.979371 -0.0823558    1.65782
         0          0          0          1

  0.352369  -0.140996   0.925179  -0.107404
 -0.919946   0.129359    0.37009  0.0518378
 -0.171862  -0.981522 -0.0841264    1.67541
         0          0          0          1

  0.352369  -0.140996   0.925179  -0.107404
 -0.919946   0.129359    0.37009  0.0518378
 -0.171862  -0.981522 -0.0841264    1.67541
         0          0          0          1

  0.363026  -0.146811   0.920141 -0.0939833
 -0.918612   0.109036    0.37982  0.0762334
  -0.15609  -0.983137 -0.0952797     1.7051
         0          0          0          1

  0.363026  -0.146811   0.920141 -0.0939833
 -0.918612   0.109036    0.37982  0.0762334
  -0.15609  -0.983137 -0.0952797     1.7051
         0          0          0          1

  0.363954  -0.153219   0.918728 -0.0827851
 -0.919391  0.0988985    0.38071  0.0934451
 -0.149193  -0.983231  -0.104874    1.72598
         0          0          0          1

  0.363954  -0.153219   0.918728 -0.0827851
 -0.919391  0.0988985    0.38071  0.0934451
 -0.149193  -0.983231  -0.104874    1.72598
         0          0          0          1

  0.361893  -0.155534   0.919153 -0.0678948
 -0.921812  0.0872149   0.377698   0.115495
 -0.138909  -0.983973   -0.11181    1.74392
         0          0          0          1

  0.361893  -0.155534   0.919153 -0.0678948
 -0.921812  0.0872149   0.377698   0.115495
 -0.138909  -0.983973   -0.11181    1.74392
         0          0          0          1

  0.359304  -0.162147   0.919026 -0.0496017
 -0.924863  0.0696302   0.373871   0.142506
 -0.124614  -0.984307  -0.124946    1.77221
         0          0          0          1

  0.359304  -0.162147   0.919026 -0.0496017
 -0.924863  0.0696302   0.373871   0.142506
 -0.124614  -0.984307  -0.124946    1.77221
         0          0          0          1

  0.360862  -0.174575   0.916134 -0.0370853
 -0.925311  0.0557157   0.375094   0.156368
 -0.116525  -0.983066  -0.141431    1.79824
         0          0          0          1

  0.360862  -0.174575   0.916134 -0.0370853
 -0.925311  0.0557157   0.375094   0.156368
 -0.116525  -0.983066  -0.141431    1.79824
         0          0          0          1

  0.349733  -0.187148   0.917966 -0.0131761
 -0.932581  0.0238772   0.360169   0.189545
-0.0893235  -0.982041   -0.16618    1.82833
         0          0          0          1

  0.349733  -0.187148   0.917966 -0.0131761
 -0.932581  0.0238772   0.360169   0.189545
-0.0893235  -0.982041   -0.16618    1.82833
         0          0          0          1

  0.347942  -0.200112    0.91591 0.00251269
 -0.934486 0.00445508   0.355972   0.207745
-0.0753147  -0.979763  -0.185452    1.85086
         0          0          0          1

  0.347942  -0.200112    0.91591 0.00251269
 -0.934486 0.00445508   0.355972   0.207745
-0.0753147  -0.979763  -0.185452    1.85086
         0          0          0          1

  0.346653  -0.204861   0.915349  0.0175852
 -0.935976 -0.0115831   0.351873   0.225448
-0.0614825  -0.978723   -0.19576    1.87085
         0          0          0          1

  0.346653  -0.204861   0.915349  0.0175852
 -0.935976 -0.0115831   0.351873   0.225448
-0.0614825  -0.978723   -0.19576    1.87085
         0          0          0          1

 0.335382 -0.217339  0.916669 0.0507174
-0.941515 -0.043578   0.33414  0.263343
-0.0326751 -0.975123 -0.219243   1.89843
        0         0         0         1

 0.335382 -0.217339  0.916669 0.0507174
-0.941515 -0.043578   0.33414  0.263343
-0.0326751 -0.975123 -0.219243   1.89843
        0         0         0         1

  0.339309  -0.232139   0.911581  0.0684261
 -0.940233 -0.0539827   0.336227   0.280716
-0.0288418  -0.971183  -0.236582    1.92149
         0          0          0          1

  0.339309  -0.232139   0.911581  0.0684261
 -0.940233 -0.0539827   0.336227   0.280716
-0.0288418  -0.971183  -0.236582    1.92149
         0          0          0          1

  0.335177  -0.262569   0.904828  0.0996951
 -0.941975 -0.0746353    0.32728   0.312149
-0.0184012  -0.962023  -0.272349    1.95059
         0          0          0          1

  0.335177  -0.262569   0.904828  0.0996951
 -0.941975 -0.0746353    0.32728   0.312149
-0.0184012  -0.962023  -0.272349    1.95059
         0          0          0          1

 0.333413 -0.268123  0.903851  0.118572
 -0.94278 -0.093162  0.320137  0.335031
-0.00163135  -0.95887 -0.283842    1.9626
        0         0         0         1

 0.333413 -0.268123  0.903851  0.118572
 -0.94278 -0.093162  0.320137  0.335031
-0.00163135  -0.95887 -0.283842    1.9626
        0         0         0         1

 0.328025 -0.273747  0.904136  0.138675
-0.944493  -0.11352  0.308296  0.356964
0.0182423 -0.955079  -0.29579    1.9757
        0         0         0         1

 0.328025 -0.273747  0.904136  0.138675
-0.944493  -0.11352  0.308296  0.356964
0.0182423 -0.955079  -0.29579    1.9757
        0         0         0         1

 0.313824 -0.284146  0.905967  0.174734
-0.948265 -0.142072  0.283916  0.388632
0.0480388 -0.948196 -0.314032   2.00499
        0         0         0         1

 0.313824 -0.284146  0.905967  0.174734
-0.948265 -0.142072  0.283916  0.388632
0.0480388 -0.948196 -0.314032   2.00499
        0         0         0         1

 0.301256   -0.2867  0.909422  0.198847
-0.950648 -0.164569  0.263031  0.413406
0.0742512  -0.94378 -0.322128   2.01543
        0         0         0         1

 0.301256   -0.2867  0.909422  0.198847
-0.950648 -0.164569  0.263031  0.413406
0.0742512  -0.94378 -0.322128   2.01543
        0         0         0         1

 0.276045 -0.298849  0.913503  0.247565
-0.956168 -0.181977  0.229405  0.453539
0.0976794 -0.936789 -0.335984   2.03632
        0         0         0         1

 0.276045 -0.298849  0.913503  0.247565
-0.956168 -0.181977  0.229405  0.453539
0.0976794 -0.936789 -0.335984   2.03632
        0         0         0         1

   0.2691 -0.306641  0.912993  0.272646
-0.956926 -0.192401  0.217429  0.477088
 0.108988 -0.932177 -0.345207   2.05045
        0         0         0         1

   0.2691 -0.306641  0.912993  0.272646
-0.956926 -0.192401  0.217429  0.477088
 0.108988 -0.932177 -0.345207   2.05045
        0         0         0         1

   0.2712 -0.315556  0.909327  0.292087
-0.955313 -0.203666  0.214238   0.49484
 0.117595 -0.926793 -0.356689   2.06585
        0         0         0         1

   0.2712 -0.315556  0.909327  0.292087
-0.955313 -0.203666  0.214238   0.49484
 0.117595 -0.926793 -0.356689   2.06585
        0         0         0         1

  0.25183 -0.324822  0.911632  0.330998
-0.957215 -0.222354  0.185196  0.529281
 0.142549 -0.919266  -0.36692   2.08116
        0         0         0         1

  0.25183 -0.324822  0.911632  0.330998
-0.957215 -0.222354  0.185196  0.529281
 0.142549 -0.919266  -0.36692   2.08116
        0         0         0         1

 0.229208 -0.341781    0.9114  0.368666
-0.961101 -0.227708  0.156315  0.552439
 0.154107 -0.911776 -0.380679   2.09697
        0         0         0         1

 0.229208 -0.341781    0.9114  0.368666
-0.961101 -0.227708  0.156315  0.552439
 0.154107 -0.911776 -0.380679   2.09697
        0         0         0         1

 0.194605 -0.360411  0.912268  0.419736
-0.963657 -0.243778  0.109258  0.589401
 0.183013 -0.900376 -0.394753   2.10706
        0         0         0         1

 0.194605 -0.360411  0.912268  0.419736
-0.963657 -0.243778  0.109258  0.589401
 0.183013 -0.900376 -0.394753   2.10706
        0         0         0         1

 0.188697 -0.359218  0.913978  0.440069
-0.964072 -0.244957  0.102764  0.605516
 0.186971 -0.900532 -0.392535   2.11828
        0         0         0         1

 0.188697 -0.359218  0.913978  0.440069
-0.964072 -0.244957  0.102764  0.605516
 0.186971 -0.900532 -0.392535   2.11828
        0         0         0         1

  0.17873 -0.361521  0.915073  0.469657
-0.964343  -0.24887 0.0900317  0.623553
 0.195186 -0.898536 -0.393111   2.12709
        0         0         0         1

  0.17873 -0.361521  0.915073  0.469657
-0.964343  -0.24887 0.0900317  0.623553
 0.195186 -0.898536 -0.393111   2.12709
        0         0         0         1

 0.144855 -0.368424  0.918303  0.512445
-0.965418 -0.255945 0.0496016  0.653003
 0.216761 -0.893731 -0.392758   2.13311
        0         0         0         1

 0.144855 -0.368424  0.918303  0.512445
-0.965418 -0.255945 0.0496016  0.653003
 0.216761 -0.893731 -0.392758   2.13311
        0         0         0         1

 0.115728 -0.369942  0.921819  0.542139
-0.965011 -0.261714 0.0161207  0.672893
 0.235289 -0.891431 -0.387286   2.13276
        0         0         0         1

 0.115728 -0.369942  0.921819  0.542139
-0.965011 -0.261714 0.0161207  0.672893
 0.235289 -0.891431 -0.387286   2.13276
        0         0         0         1

  0.101378  -0.364247   0.925768   0.560673
 -0.965597   -0.26002 0.00343396   0.683056
  0.239468  -0.894267  -0.378076     2.1398
         0          0          0          1

  0.101378  -0.364247   0.925768   0.560673
 -0.965597   -0.26002 0.00343396   0.683056
  0.239468  -0.894267  -0.378076     2.1398
         0          0          0          1

 0.0683687  -0.366969   0.927717   0.614761
  -0.96464  -0.261575 -0.0323791   0.708533
   0.25455  -0.892699  -0.371877     2.1378
         0          0          0          1

 0.0683687  -0.366969   0.927717   0.614761
  -0.96464  -0.261575 -0.0323791   0.708533
   0.25455  -0.892699  -0.371877     2.1378
         0          0          0          1

 0.0618345   -0.35762   0.931818   0.634787
 -0.963689  -0.264378 -0.0375155   0.717725
  0.259768  -0.895663  -0.360982    2.13726
         0          0          0          1

 0.0618345   -0.35762   0.931818   0.634787
 -0.963689  -0.264378 -0.0375155   0.717725
  0.259768  -0.895663  -0.360982    2.13726
         0          0          0          1

 0.0420328  -0.361123    0.93157   0.690504
 -0.962354  -0.265231 -0.0593952   0.733933
  0.268531  -0.894003  -0.358677    2.13725
         0          0          0          1

 0.0420328  -0.361123    0.93157   0.690504
 -0.962354  -0.265231 -0.0593952   0.733933
  0.268531  -0.894003  -0.358677    2.13725
         0          0          0          1

 0.0387884  -0.360926   0.931788   0.718653
 -0.959669  -0.273295 -0.0659113   0.743531
  0.278442  -0.891651   -0.35697    2.12636
         0          0          0          1

 0.0387884  -0.360926   0.931788   0.718653
 -0.959669  -0.273295 -0.0659113   0.743531
  0.278442  -0.891651   -0.35697    2.12636
         0          0          0          1

 0.0399223  -0.365059   0.930128    0.76583
 -0.960183   -0.27161 -0.0653898   0.749646
  0.276503  -0.890483  -0.361367    2.12221
         0          0          0          1

 0.0399223  -0.365059   0.930128    0.76583
 -0.960183   -0.27161 -0.0653898   0.749646
  0.276503  -0.890483  -0.361367    2.12221
         0          0          0          1

 0.0401998  -0.361011   0.931695   0.799889
 -0.959623  -0.273756 -0.0646695   0.752796
  0.278403  -0.891476  -0.357439      2.116
         0          0          0          1

 0.0401998  -0.361011   0.931695   0.799889
 -0.959623  -0.273756 -0.0646695   0.752796
  0.278403  -0.891476  -0.357439      2.116
         0          0          0          1

 0.0385349  -0.353136   0.934778   0.829349
 -0.957502  -0.280643 -0.0665484   0.753558
   0.28584  -0.892488  -0.348943    2.10568
         0          0          0          1

 0.0385349  -0.353136   0.934778   0.829349
 -0.957502  -0.280643 -0.0665484   0.753558
   0.28584  -0.892488  -0.348943    2.10568
         0          0          0          1

 0.0317643  -0.339509   0.940066   0.881925
 -0.954401  -0.289627 -0.0723513   0.751866
  0.296832  -0.894902  -0.333228     2.0915
         0          0          0          1

 0.0317643  -0.339509   0.940066   0.881925
 -0.954401  -0.289627 -0.0723513   0.751866
  0.296832  -0.894902  -0.333228     2.0915
         0          0          0          1

 0.0326687  -0.329301    0.94366   0.912573
 -0.951857  -0.298183 -0.0711019   0.749816
  0.304797  -0.895906  -0.323189     2.0762
         0          0          0          1

 0.0326687  -0.329301    0.94366   0.912573
 -0.951857  -0.298183 -0.0711019   0.749816
  0.304797  -0.895906  -0.323189     2.0762
         0          0          0          1

0.0445864 -0.309025  0.950008  0.952274
-0.948492 -0.311655 -0.056862   0.74336
 0.313647  -0.89854 -0.307004   2.05803
        0         0         0         1

0.0445864 -0.309025  0.950008  0.952274
-0.948492 -0.311655 -0.056862   0.74336
 0.313647  -0.89854 -0.307004   2.05803
        0         0         0         1

 0.0435848  -0.304245   0.951596   0.992664
 -0.948203  -0.312598 -0.0565148   0.734236
  0.314661  -0.899843  -0.302111    2.05011
         0          0          0          1

 0.0435848  -0.304245   0.951596   0.992664
 -0.948203  -0.312598 -0.0565148   0.734236
  0.314661  -0.899843  -0.302111    2.05011
         0          0          0          1

 0.0439856  -0.297296   0.953772    1.02932
 -0.943403  -0.326491 -0.0582616   0.729941
  0.328718  -0.897228  -0.294831    2.02743
         0          0          0          1

 0.0439856  -0.297296   0.953772    1.02932
 -0.943403  -0.326491 -0.0582616   0.729941
  0.328718  -0.897228  -0.294831    2.02743
         0          0          0          1

0.0549654 -0.290065  0.955427   1.07599
-0.941093 -0.334795 -0.047502  0.711201
  0.33365 -0.896535  -0.29138   2.01073
        0         0         0         1

0.0549654 -0.290065  0.955427   1.07599
-0.941093 -0.334795 -0.047502  0.711201
  0.33365 -0.896535  -0.29138   2.01073
        0         0         0         1

 0.0647132  -0.285287   0.956255    1.10709
  -0.93852  -0.343036 -0.0388275   0.699846
  0.339107  -0.894951  -0.289946    1.99382
         0          0          0          1

 0.0647132  -0.285287   0.956255    1.10709
