-0.453202  0.851372  0.264147 0.0856738
-0.479619 -0.482669  0.732801  0.833481
 0.751382  0.205417   0.62708   2.93342
        0         0         0         1

-0.453202  0.851372  0.264147 0.0856738
-0.479619 -0.482669  0.732801  0.833481
 0.751382  0.205417   0.62708   2.93342
        0         0         0         1

  -0.44817   0.879231   0.161546 -0.0220032
 -0.555904  -0.415628   0.719878   0.717755
  0.700082   0.232824   0.675039    2.88585
         0          0          0          1

  -0.44817   0.879231   0.161546 -0.0220032
 -0.555904  -0.415628   0.719878   0.717755
  0.700082   0.232824   0.675039    2.88585
         0          0          0          1

-0.455963  0.879743  0.134721 -0.045174
-0.559742 -0.401149  0.725099  0.698257
 0.691944  0.255209  0.675338   2.83865
        0         0         0         1

-0.455963  0.879743  0.134721 -0.045174
-0.559742 -0.401149  0.725099  0.698257
 0.691944  0.255209  0.675338   2.83865
        0         0         0         1

-0.447868  0.893987 0.0141803 -0.159168
-0.637218 -0.330277  0.696326  0.562743
  0.62719  0.302827  0.717585   2.78449
        0         0         0         1

-0.447868  0.893987 0.0141803 -0.159168
-0.637218 -0.330277  0.696326  0.562743
  0.62719  0.302827  0.717585   2.78449
        0         0         0         1

 -0.449061   0.892937 -0.0317357  -0.191173
 -0.662591   -0.30897   0.682284   0.512679
  0.599432   0.327415   0.730398     2.7471
         0          0          0          1

 -0.449061   0.892937 -0.0317357  -0.191173
 -0.662591   -0.30897   0.682284   0.512679
  0.599432   0.327415   0.730398     2.7471
         0          0          0          1

 -0.458595   0.885705 -0.0722288  -0.221444
  -0.66945  -0.290881   0.683539   0.490419
  0.584404   0.361821   0.726332    2.68373
         0          0          0          1

 -0.458595   0.885705 -0.0722288  -0.221444
  -0.66945  -0.290881   0.683539   0.490419
  0.584404   0.361821   0.726332    2.68373
         0          0          0          1

 -0.468216   0.878238 -0.0973268  -0.236624
 -0.684772  -0.291032   0.668123   0.449449
  0.558446   0.379473   0.737658    2.62139
         0          0          0          1

 -0.468216   0.878238 -0.0973268  -0.236624
 -0.684772  -0.291032   0.668123   0.449449
  0.558446   0.379473   0.737658    2.62139
         0          0          0          1

-0.449639  0.881964 -0.141292 -0.271981
-0.730168 -0.271826   0.62687  0.365787
  0.51447  0.385032  0.766205   2.60094
        0         0         0         1

-0.449639  0.881964 -0.141292 -0.271981
-0.730168 -0.271826   0.62687  0.365787
  0.51447  0.385032  0.766205   2.60094
        0         0         0         1

-0.443512  0.875468 -0.191973 -0.310218
-0.758573 -0.252585   0.60064  0.303593
 0.477351  0.412016   0.77613   2.52178
        0         0         0         1

-0.443512  0.875468 -0.191973 -0.310218
-0.758573 -0.252585   0.60064  0.303593
 0.477351  0.412016   0.77613   2.52178
        0         0         0         1

-0.458265  0.857896 -0.232397 -0.336036
-0.761319 -0.243941  0.600738  0.290281
  0.45868  0.452226  0.764922    2.4447
        0         0         0         1

-0.458265  0.857896 -0.232397 -0.336036
-0.761319 -0.243941  0.600738  0.290281
  0.45868  0.452226  0.764922    2.4447
        0         0         0         1

-0.458293  0.850091 -0.259445 -0.348853
-0.775557 -0.239901  0.583916  0.254233
 0.434141   0.46882   0.76924   2.40433
        0         0         0         1

-0.458293  0.850091 -0.259445 -0.348853
-0.775557 -0.239901  0.583916  0.254233
 0.434141   0.46882   0.76924   2.40433
        0         0         0         1

-0.486188  0.822819 -0.294263 -0.359001
 -0.77675 -0.252647  0.576914  0.234103
 0.400351  0.509057  0.761958   2.32704
        0         0         0         1

-0.486188  0.822819 -0.294263 -0.359001
 -0.77675 -0.252647  0.576914  0.234103
 0.400351  0.509057  0.761958   2.32704
        0         0         0         1

-0.493586  0.797693 -0.346494 -0.383241
-0.793825  -0.25048  0.554168   0.19738
 0.355266  0.548585  0.756862   2.26372
        0         0         0         1

-0.493586  0.797693 -0.346494 -0.383241
-0.793825  -0.25048  0.554168   0.19738
 0.355266  0.548585  0.756862   2.26372
        0         0         0         1

-0.493352   0.77212 -0.400542 -0.397639
-0.817607 -0.254487  0.516484  0.156486
 0.296856  0.582294  0.756842   2.18681
        0         0         0         1

-0.493352   0.77212 -0.400542 -0.397639
-0.817607 -0.254487  0.516484  0.156486
 0.296856  0.582294  0.756842   2.18681
        0         0         0         1

 -0.51184  0.751953 -0.415435 -0.395881
-0.816189 -0.274753  0.508278  0.152741
 0.268059  0.599231  0.754365   2.13797
        0         0         0         1

 -0.51184  0.751953 -0.415435 -0.395881
-0.816189 -0.274753  0.508278  0.152741
 0.268059  0.599231  0.754365   2.13797
        0         0         0         1

-0.527098  0.730052 -0.434962 -0.406588
-0.812957 -0.284102  0.508318  0.140874
 0.247525  0.621539   0.74325   2.07598
        0         0         0         1

-0.527098  0.730052 -0.434962 -0.406588
-0.812957 -0.284102  0.508318  0.140874
 0.247525  0.621539   0.74325   2.07598
        0         0         0         1

-0.537569  0.713595 -0.449224 -0.407751
-0.818025 -0.312081  0.483156  0.124067
 0.204583  0.627206  0.751504   2.01546
        0         0         0         1

-0.537569  0.713595 -0.449224 -0.407751
-0.818025 -0.312081  0.483156  0.124067
 0.204583  0.627206  0.751504   2.01546
        0         0         0         1

-0.539717  0.702276 -0.464235 -0.410475
-0.823377  -0.32548  0.464879  0.114207
 0.175374  0.633144  0.753905   1.96453
        0         0         0         1

-0.539717  0.702276 -0.464235 -0.410475
-0.823377  -0.32548  0.464879  0.114207
 0.175374  0.633144  0.753905   1.96453
        0         0         0         1

-0.530135    0.7019 -0.475703  -0.41242
-0.835455 -0.336575  0.434434 0.0967137
 0.144819  0.627737  0.764836    1.9207
        0         0         0         1

-0.530135    0.7019 -0.475703  -0.41242
-0.835455 -0.336575  0.434434 0.0967137
 0.144819  0.627737  0.764836    1.9207
        0         0         0         1

-0.537382  0.694003 -0.479145 -0.402533
-0.836583 -0.366912  0.406822 0.0990015
 0.106532  0.619464  0.777763    1.8562
        0         0         0         1

-0.537382  0.694003 -0.479145 -0.402533
-0.836583 -0.366912  0.406822 0.0990015
 0.106532  0.619464  0.777763    1.8562
        0         0         0         1

-0.534969  0.690962 -0.486189 -0.398967
 -0.84116 -0.381706  0.383081 0.0966849
 0.079113  0.613899  0.785411   1.81201
        0         0         0         1

-0.534969  0.690962 -0.486189 -0.398967
 -0.84116 -0.381706  0.383081 0.0966849
 0.079113  0.613899  0.785411   1.81201
        0         0         0         1

-0.523424  0.693117 -0.495597 -0.394645
 -0.85091 -0.394833  0.346495 0.0891082
0.0444833  0.603072  0.796445    1.7498
        0         0         0         1

-0.523424  0.693117 -0.495597 -0.394645
 -0.85091 -0.394833  0.346495 0.0891082
0.0444833  0.603072  0.796445    1.7498
        0         0         0         1

-0.514424  0.695543 -0.501586 -0.390853
-0.857343 -0.404737  0.318043 0.0832002
0.0182023   0.59364  0.804525   1.71524
        0         0         0         1

-0.514424  0.695543 -0.501586 -0.390853
-0.857343 -0.404737  0.318043 0.0832002
0.0182023   0.59364  0.804525   1.71524
        0         0         0         1

-0.522218   0.68385 -0.509547 -0.380527
-0.852812  -0.41824   0.31271 0.0944494
0.000733881   0.59785  0.801608   1.66962
        0         0         0         1

-0.522218   0.68385 -0.509547 -0.380527
-0.852812  -0.41824   0.31271 0.0944494
0.000733881   0.59785  0.801608   1.66962
        0         0         0         1

-0.508029  0.685872 -0.521043 -0.374634
-0.860592 -0.429394  0.273867 0.0862572
-0.035895  0.587538    0.8084   1.62026
        0         0         0         1

-0.508029  0.685872 -0.521043 -0.374634
-0.860592 -0.429394  0.273867 0.0862572
-0.035895  0.587538    0.8084   1.62026
        0         0         0         1

  -0.4975  0.689596 -0.526262  -0.36773
-0.865299 -0.437333  0.244942 0.0859895
-0.0612404  0.577233   0.81428   1.58848
        0         0         0         1

  -0.4975  0.689596 -0.526262  -0.36773
-0.865299 -0.437333  0.244942 0.0859895
-0.0612404  0.577233   0.81428   1.58848
        0         0         0         1

-0.494429  0.695106 -0.521889 -0.352144
-0.864315 -0.456841   0.21037 0.0953734
-0.0921905   0.55509  0.826666   1.54752
        0         0         0         1

-0.494429  0.695106 -0.521889 -0.352144
-0.864315 -0.456841   0.21037 0.0953734
-0.0921905   0.55509  0.826666   1.54752
        0         0         0         1

-0.486361  0.694698  -0.52995 -0.344121
-0.865975 -0.464021  0.186474 0.0999191
-0.116364  0.549617  0.827273   1.51592
        0         0         0         1

-0.486361  0.694698  -0.52995 -0.344121
-0.865975 -0.464021  0.186474 0.0999191
-0.116364  0.549617  0.827273   1.51592
        0         0         0         1

-0.477204  0.698382 -0.533423 -0.335789
-0.867745 -0.470416    0.1604  0.102239
 -0.13891  0.539418  0.830501   1.48976
        0         0         0         1

-0.477204  0.698382 -0.533423 -0.335789
-0.867745 -0.470416    0.1604  0.102239
 -0.13891  0.539418  0.830501   1.48976
        0         0         0         1

-0.464304   0.70524 -0.535778 -0.324917
-0.869797  -0.47712  0.125736  0.106201
-0.166956  0.524398  0.834944   1.45104
        0         0         0         1

-0.464304   0.70524 -0.535778 -0.324917
-0.869797  -0.47712  0.125736  0.106201
-0.166956  0.524398  0.834944   1.45104
        0         0         0         1

-0.459271  0.711626 -0.531656  -0.31552
-0.869532 -0.482524  0.105283  0.112403
-0.181614  0.510645  0.840391   1.42827
        0         0         0         1

-0.459271  0.711626 -0.531656  -0.31552
-0.869532 -0.482524  0.105283  0.112403
-0.181614  0.510645  0.840391   1.42827
        0         0         0         1

-0.451121  0.721112  -0.52582 -0.307343
-0.869007 -0.489117 0.0747762  0.118168
-0.203266  0.490675  0.847302   1.40134
        0         0         0         1

-0.451121  0.721112  -0.52582 -0.307343
-0.869007 -0.489117 0.0747762  0.118168
-0.203266  0.490675  0.847302   1.40134
        0         0         0         1

 -0.45366   0.71155 -0.536553  -0.29777
-0.863439 -0.499987 0.0669868  0.127682
-0.220605   0.49367  0.841204   1.37591
        0         0         0         1

 -0.45366   0.71155 -0.536553  -0.29777
-0.863439 -0.499987 0.0669868  0.127682
-0.220605   0.49367  0.841204   1.37591
        0         0         0         1

-0.453524  0.713605 -0.533933 -0.290124
-0.860024 -0.507585 0.0521153  0.134568
-0.233827  0.482831  0.843919   1.36752
        0         0         0         1

-0.453524  0.713605 -0.533933 -0.290124
-0.860024 -0.507585 0.0521153  0.134568
-0.233827  0.482831  0.843919   1.36752
        0         0         0         1

-0.441402  0.733385 -0.517021 -0.284238
-0.863424 -0.503989 0.0222408  0.136768
-0.244262  0.456226  0.855683   1.34767
        0         0         0         1

-0.441402  0.733385 -0.517021 -0.284238
-0.863424 -0.503989 0.0222408  0.136768
-0.244262  0.456226  0.855683   1.34767
        0         0         0         1

-0.441887  0.742547 -0.503349 -0.273324
-0.863277 -0.504549 0.0135469  0.146902
-0.243905  0.440515  0.863977   1.33682
        0         0         0         1

-0.441887  0.742547 -0.503349 -0.273324
-0.863277 -0.504549 0.0135469  0.146902
-0.243905  0.440515  0.863977   1.33682
        0         0         0         1

  -0.43306   0.754687  -0.492856  -0.268327
  -0.86824  -0.496135 0.00319249   0.148564
 -0.242113   0.429299   0.870105    1.31813
         0          0          0          1

  -0.43306   0.754687  -0.492856  -0.268327
  -0.86824  -0.496135 0.00319249   0.148564
 -0.242113   0.429299   0.870105    1.31813
         0          0          0          1

  -0.423477    0.762683   -0.488857   -0.271328
   -0.87242   -0.488711 -0.00671209    0.143471
  -0.244029    0.423646    0.872338     1.31176
          0           0           0           1

  -0.423477    0.762683   -0.488857   -0.271328
   -0.87242   -0.488711 -0.00671209    0.143471
  -0.244029    0.423646    0.872338     1.31176
          0           0           0           1

 -0.428634   0.761939  -0.485512  -0.269476
 -0.869575  -0.493749 -0.0071637   0.147202
 -0.245179   0.419118   0.874201    1.31049
         0          0          0          1

 -0.428634   0.761939  -0.485512  -0.269476
 -0.869575  -0.493749 -0.0071637   0.147202
 -0.245179   0.419118   0.874201    1.31049
         0          0          0          1

  -0.43671    0.74859  -0.498896  -0.265642
 -0.864197  -0.503151 0.00150262   0.152221
 -0.249895   0.431801    0.86666    1.30564
         0          0          0          1

  -0.43671    0.74859  -0.498896  -0.265642
 -0.864197  -0.503151 0.00150262   0.152221
 -0.249895   0.431801    0.86666    1.30564
         0          0          0          1

 -0.442659    0.74255  -0.502665  -0.265088
 -0.861039  -0.508489 0.00709875   0.153476
 -0.250328   0.435956   0.864452     1.3067
         0          0          0          1

 -0.442659    0.74255  -0.502665  -0.265088
 -0.861039  -0.508489 0.00709875   0.153476
 -0.250328   0.435956   0.864452     1.3067
         0          0          0          1

  -0.43548   0.742199  -0.509409  -0.271584
 -0.863843  -0.503741 0.00453445   0.142801
 -0.253245   0.442024   0.860513    1.30608
         0          0          0          1

  -0.43548   0.742199  -0.509409  -0.271584
 -0.863843  -0.503741 0.00453445   0.142801
 -0.253245   0.442024   0.860513    1.30608
         0          0          0          1

  -0.44012   0.735228  -0.515495  -0.270574
 -0.859744  -0.510694 0.00565327   0.144447
 -0.259103   0.445682   0.856874     1.3058
         0          0          0          1

  -0.44012   0.735228  -0.515495  -0.270574
 -0.859744  -0.510694 0.00565327   0.144447
 -0.259103   0.445682   0.856874     1.3058
         0          0          0          1

  -0.432834    0.732138   -0.525955   -0.273839
  -0.859902   -0.510451 -0.00290065    0.139045
  -0.270598    0.451014    0.850508     1.30468
          0           0           0           1

  -0.432834    0.732138   -0.525955   -0.273839
  -0.859902   -0.510451 -0.00290065    0.139045
  -0.270598    0.451014    0.850508     1.30468
          0           0           0           1

 -0.435844   0.727247  -0.530238  -0.275967
 -0.854192  -0.519844 -0.0108639   0.138282
 -0.283542    0.44819   0.847779    1.30728
         0          0          0          1

 -0.435844   0.727247  -0.530238  -0.275967
 -0.854192  -0.519844 -0.0108639   0.138282
 -0.283542    0.44819   0.847779    1.30728
         0          0          0          1

 -0.433426   0.725273  -0.534903  -0.274774
 -0.853014  -0.521639 -0.0160993    0.13825
 -0.290702   0.449302    0.84476    1.30654
         0          0          0          1

 -0.433426   0.725273  -0.534903  -0.274774
 -0.853014  -0.521639 -0.0160993    0.13825
 -0.290702   0.449302    0.84476    1.30654
         0          0          0          1

 -0.427355   0.730831  -0.532215  -0.274219
 -0.853734  -0.519932 -0.0284367   0.134851
 -0.297498   0.442218   0.846131    1.31323
         0          0          0          1

 -0.427355   0.730831  -0.532215  -0.274219
 -0.853734  -0.519932 -0.0284367   0.134851
 -0.297498   0.442218   0.846131    1.31323
         0          0          0          1

 -0.424841    0.73768  -0.524728  -0.273208
 -0.856104  -0.515812 -0.0320086   0.133183
 -0.294273   0.435623   0.850668    1.31973
         0          0          0          1

 -0.424841    0.73768  -0.524728  -0.273208
 -0.856104  -0.515812 -0.0320086   0.133183
 -0.294273   0.435623   0.850668    1.31973
         0          0          0          1

 -0.423761    0.74552   -0.51442  -0.271335
 -0.858155  -0.512172 -0.0353447   0.132139
 -0.289821   0.426474    0.85681    1.33316
         0          0          0          1

 -0.423761    0.74552   -0.51442  -0.271335
 -0.858155  -0.512172 -0.0353447   0.132139
 -0.289821   0.426474    0.85681    1.33316
         0          0          0          1

 -0.420453   0.750321  -0.510135  -0.267689
 -0.863868  -0.502953 -0.0277587   0.126195
 -0.277402   0.429018   0.859646    1.35291
         0          0          0          1

 -0.420453   0.750321  -0.510135  -0.267689
 -0.863868  -0.502953 -0.0277587   0.126195
 -0.277402   0.429018   0.859646    1.35291
         0          0          0          1

 -0.420337   0.751321  -0.508757  -0.265245
 -0.867574  -0.497011 -0.0171825   0.121778
 -0.265767   0.434161   0.860739    1.37047
         0          0          0          1

 -0.420337   0.751321  -0.508757  -0.265245
 -0.867574  -0.497011 -0.0171825   0.121778
 -0.265767   0.434161   0.860739    1.37047
         0          0          0          1

  -0.42132   0.755947  -0.501033  -0.262091
 -0.875009  -0.484075 0.00543727   0.112104
 -0.238427   0.440699   0.865411    1.41015
         0          0          0          1

  -0.42132   0.755947  -0.501033  -0.262091
 -0.875009  -0.484075 0.00543727   0.112104
 -0.238427   0.440699   0.865411    1.41015
         0          0          0          1

-0.411172  0.767141 -0.492374 -0.262675
-0.885692 -0.463971 0.0167373 0.0975828
-0.215607  0.442974  0.870223   1.43729
        0         0         0         1

-0.411172  0.767141 -0.492374 -0.262675
-0.885692 -0.463971 0.0167373 0.0975828
-0.215607  0.442974  0.870223   1.43729
        0         0         0         1

-0.411609  0.777055 -0.476197  -0.25622
-0.891861 -0.450951 0.0350373 0.0930443
-0.187515  0.439123  0.878641    1.4666
        0         0         0         1

-0.411609  0.777055 -0.476197  -0.25622
-0.891861 -0.450951 0.0350373 0.0930443
-0.187515  0.439123  0.878641    1.4666
        0         0         0         1

-0.395431  0.796255 -0.457834 -0.250609
-0.905975 -0.420155 0.0517644 0.0741265
-0.151144  0.435256  0.887529   1.51266
        0         0         0         1

-0.395431  0.796255 -0.457834 -0.250609
-0.905975 -0.420155 0.0517644 0.0741265
-0.151144  0.435256  0.887529   1.51266
        0         0         0         1

 -0.38552  0.806223 -0.448753 -0.243765
-0.914215 -0.399558 0.0675552 0.0625819
-0.124838  0.436301  0.891099   1.54692
        0         0         0         1

 -0.38552  0.806223 -0.448753 -0.243765
-0.914215 -0.399558 0.0675552 0.0625819
-0.124838  0.436301  0.891099   1.54692
        0         0         0         1

-0.371238  0.818162 -0.439083 -0.230577
  -0.9242 -0.371237 0.0896557 0.0443801
-0.0896511  0.439084  0.893962   1.59781
        0         0         0         1

-0.371238  0.818162 -0.439083 -0.230577
  -0.9242 -0.371237 0.0896557 0.0443801
-0.0896511  0.439084  0.893962   1.59781
        0         0         0         1

-0.368696  0.824566 -0.429132 -0.213835
-0.927562 -0.356535  0.111857  0.040108
-0.0607668  0.439287  0.896289   1.62969
        0         0         0         1

-0.368696  0.824566 -0.429132 -0.213835
-0.927562 -0.356535  0.111857  0.040108
-0.0607668  0.439287  0.896289   1.62969
        0         0         0         1

-0.340613   0.83923 -0.423881 -0.204902
-0.939204 -0.324497  0.112242 0.0175035
-0.0433515  0.436341  0.898736   1.66637
        0         0         0         1

-0.340613   0.83923 -0.423881 -0.204902
-0.939204 -0.324497  0.112242 0.0175035
-0.0433515  0.436341  0.898736   1.66637
        0         0         0         1

 -0.316686   0.855214  -0.410267  -0.172636
 -0.948502  -0.288895    0.12994 0.00464028
-0.00739721   0.430289   0.902661    1.71839
         0          0          0          1

 -0.316686   0.855214  -0.410267  -0.172636
 -0.948502  -0.288895    0.12994 0.00464028
-0.00739721   0.430289   0.902661    1.71839
         0          0          0          1

  -0.292526    0.866703   -0.404048   -0.151307
  -0.956087     -0.2571    0.140705 -0.00825008
  0.0180691    0.427465    0.903851     1.74744
          0           0           0           1

  -0.292526    0.866703   -0.404048   -0.151307
  -0.956087     -0.2571    0.140705 -0.00825008
  0.0180691    0.427465    0.903851     1.74744
          0           0           0           1

 -0.250243   0.886337  -0.389597  -0.111394
 -0.966923  -0.208268   0.147254 -0.0283781
 0.0493763    0.41356   0.909137    1.80082
         0          0          0          1

 -0.250243   0.886337  -0.389597  -0.111394
 -0.966923  -0.208268   0.147254 -0.0283781
 0.0493763    0.41356   0.909137    1.80082
         0          0          0          1

 -0.223274   0.895833   -0.38423 -0.0795393
 -0.971949  -0.174714   0.157448 -0.0393493
 0.0739172   0.408606   0.909713    1.83539
         0          0          0          1

 -0.223274   0.895833   -0.38423 -0.0795393
 -0.971949  -0.174714   0.157448 -0.0393493
 0.0739172   0.408606   0.909713    1.83539
         0          0          0          1

 -0.190808   0.903153  -0.384586   -0.04631
 -0.977043  -0.136915    0.16322 -0.0533514
 0.0947567   0.406901   0.908544    1.86899
         0          0          0          1

 -0.190808   0.903153  -0.384586   -0.04631
 -0.977043  -0.136915    0.16322 -0.0533514
 0.0947567   0.406901   0.908544    1.86899
         0          0          0          1

 -0.141833   0.911431  -0.386235 0.00815429
 -0.982156 -0.0808891   0.169786 -0.0727644
  0.123506   0.403425   0.906639    1.91608
         0          0          0          1

 -0.141833   0.911431  -0.386235 0.00815429
 -0.982156 -0.0808891   0.169786 -0.0727644
  0.123506   0.403425   0.906639    1.91608
         0          0          0          1

 -0.106082   0.916466  -0.385793  0.0489437
  -0.98447 -0.0422221     0.1704 -0.0843258
  0.139876   0.397878   0.906712    1.94761
         0          0          0          1

 -0.106082   0.916466  -0.385793  0.0489437
  -0.98447 -0.0422221     0.1704 -0.0843258
  0.139876   0.397878   0.906712    1.94761
         0          0          0          1

-0.0542341   0.918329  -0.392085   0.114526
 -0.984023  0.0175327   0.177177 -0.0964185
  0.169581    0.39543   0.902706    1.98649
         0          0          0          1

-0.0542341   0.918329  -0.392085   0.114526
 -0.984023  0.0175327   0.177177 -0.0964185
  0.169581    0.39543   0.902706    1.98649
         0          0          0          1

-0.0168296  0.918625 -0.394772  0.162174
-0.983391 0.0561547  0.172594 -0.107025
 0.180717   0.39112  0.902423   2.01306
        0         0         0         1

-0.0168296  0.918625 -0.394772  0.162174
-0.983391 0.0561547  0.172594 -0.107025
 0.180717   0.39112  0.902423   2.01306
        0         0         0         1

0.0153797   0.91713 -0.398291  0.211541
 -0.98038   0.09212  0.174265  -0.11241
 0.196514  0.387797  0.900553   2.03543
        0         0         0         1

0.0153797   0.91713 -0.398291  0.211541
 -0.98038   0.09212  0.174265  -0.11241
 0.196514  0.387797  0.900553   2.03543
        0         0         0         1

0.0697102  0.911878 -0.404498  0.286705
-0.974039  0.149766  0.169761 -0.122648
 0.215381  0.382162  0.898645   2.06364
        0         0         0         1

0.0697102  0.911878 -0.404498  0.286705
-0.974039  0.149766  0.169761 -0.122648
 0.215381  0.382162  0.898645   2.06364
        0         0         0         1

 0.101113  0.908129 -0.406298  0.341399
-0.968604  0.183091  0.168181 -0.126179
 0.227119  0.376536   0.89813   2.08062
        0         0         0         1

 0.101113  0.908129 -0.406298  0.341399
-0.968604  0.183091  0.168181 -0.126179
 0.227119  0.376536   0.89813   2.08062
        0         0         0         1

 0.142881  0.894631 -0.423343  0.423287
-0.959763  0.229713  0.161515 -0.130249
 0.241744  0.383232  0.891456   2.10041
        0         0         0         1

 0.142881  0.894631 -0.423343  0.423287
-0.959763  0.229713  0.161515 -0.130249
 0.241744  0.383232  0.891456   2.10041
        0         0         0         1

 0.172002  0.879698 -0.443336  0.475734
-0.952744  0.262944  0.152114  -0.13364
 0.250387  0.396222  0.883354   2.10837
        0         0         0         1

 0.172002  0.879698 -0.443336  0.475734
-0.952744  0.262944  0.152114  -0.13364
 0.250387  0.396222  0.883354   2.10837
        0         0         0         1

 0.198466  0.864799 -0.461231  0.531392
-0.945833  0.292354  0.141169 -0.134924
 0.256925  0.408231  0.875978   2.11441
        0         0         0         1

 0.198466  0.864799 -0.461231  0.531392
-0.945833  0.292354  0.141169 -0.134924
 0.256925  0.408231  0.875978   2.11441
        0         0         0         1

 0.237945  0.841411 -0.485191   0.61478
-0.933878   0.33548  0.123797 -0.134195
 0.266936  0.423652    0.8656   2.11634
        0         0         0         1

 0.237945  0.841411 -0.485191   0.61478
-0.933878   0.33548  0.123797 -0.134195
 0.266936  0.423652    0.8656   2.11634
        0         0         0         1

 0.262114  0.826332 -0.498469  0.670925
-0.925666  0.361317  0.112219  -0.13262
 0.272835  0.432002  0.859614   2.11378
        0         0         0         1

 0.262114  0.826332 -0.498469  0.670925
-0.925666  0.361317  0.112219  -0.13262
 0.272835  0.432002  0.859614   2.11378
        0         0         0         1

  0.29298  0.802306 -0.520065  0.755376
-0.914988  0.393093 0.0909649 -0.129367
 0.277416  0.449202  0.849269   2.10542
        0         0         0         1

  0.29298  0.802306 -0.520065  0.755376
-0.914988  0.393093 0.0909649 -0.129367
 0.277416  0.449202  0.849269   2.10542
        0         0         0         1

 0.311696  0.788184 -0.530671  0.813011
-0.908671  0.410532 0.0760267 -0.125656
  0.27778  0.458508  0.844161   2.09575
        0         0         0         1

 0.311696  0.788184 -0.530671  0.813011
-0.908671  0.410532 0.0760267 -0.125656
  0.27778  0.458508  0.844161   2.09575
        0         0         0         1

 0.330547  0.773563 -0.540684  0.869057
-0.901959  0.427585 0.0603393 -0.122271
 0.277865   0.46773  0.839059   2.08463
        0         0         0         1

 0.330547  0.773563 -0.540684  0.869057
-0.901959  0.427585 0.0603393 -0.122271
 0.277865   0.46773  0.839059   2.08463
        0         0         0         1

 0.353837  0.754882 -0.552225  0.954065
-0.892972  0.448277 0.0406159 -0.115079
  0.27821   0.47875  0.832705   2.06133
        0         0         0         1

 0.353837  0.754882 -0.552225  0.954065
-0.892972  0.448277 0.0406159 -0.115079
  0.27821   0.47875  0.832705   2.06133
        0         0         0         1

 0.368068   0.74117 -0.561421   1.00913
-0.886709  0.461485 0.0279107 -0.109114
 0.279774  0.487544   0.82706    2.0429
        0         0         0         1

 0.368068   0.74117 -0.561421   1.00913
-0.886709  0.461485 0.0279107 -0.109114
 0.279774  0.487544   0.82706    2.0429
        0         0         0         1

  0.388522   0.725315  -0.568304    1.09109
 -0.878882   0.476974 0.00790466  -0.100104
    0.2768   0.496401   0.822781    2.01024
         0          0          0          1

  0.388522   0.725315  -0.568304    1.09109
 -0.878882   0.476974 0.00790466  -0.100104
    0.2768   0.496401   0.822781    2.01024
         0          0          0          1

   0.401368    0.716266   -0.570848     1.14627
  -0.874499    0.484985 -0.00633738  -0.0937065
   0.272313     0.50175    0.821032     1.98532
          0           0           0           1

   0.401368    0.716266   -0.570848     1.14627
  -0.874499    0.484985 -0.00633738  -0.0937065
   0.272313     0.50175    0.821032     1.98532
          0           0           0           1

  0.412529   0.708252  -0.572887    1.19957
 -0.871855   0.489225 -0.0229911 -0.0880691
  0.263987   0.508958   0.819312    1.95746
         0          0          0          1

  0.412529   0.708252  -0.572887    1.19957
 -0.871855   0.489225 -0.0229911 -0.0880691
  0.263987   0.508958   0.819312    1.95746
         0          0          0          1

  0.420802   0.705086  -0.570771    1.27862
 -0.872196   0.487446 -0.0408749 -0.0809384
    0.2494   0.515024   0.820091    1.91065
         0          0          0          1

  0.420802   0.705086  -0.570771    1.27862
 -0.872196   0.487446 -0.0408749 -0.0809384
    0.2494   0.515024   0.820091    1.91065
         0          0          0          1

  0.424551   0.706279  -0.566503    1.32809
 -0.872895   0.485448 -0.0489441 -0.0761349
  0.240439   0.515277   0.822605    1.87749
         0          0          0          1

  0.424551   0.706279  -0.566503    1.32809
 -0.872895   0.485448 -0.0489441 -0.0761349
  0.240439   0.515277   0.822605    1.87749
         0          0          0          1

  0.427113   0.708926  -0.561246    1.37607
 -0.874313    0.48207 -0.0564438 -0.0719658
  0.230545   0.514813   0.825722    1.84301
         0          0          0          1

  0.427113   0.708926  -0.561246    1.37607
 -0.874313    0.48207 -0.0564438 -0.0719658
  0.230545   0.514813   0.825722    1.84301
         0          0          0          1

   0.42756   0.715765  -0.552153    1.44705
 -0.879049   0.471675 -0.0692527 -0.0664838
  0.210868    0.51498   0.830861    1.78736
         0          0          0          1

   0.42756   0.715765  -0.552153    1.44705
 -0.879049   0.471675 -0.0692527 -0.0664838
  0.210868    0.51498   0.830861    1.78736
         0          0          0          1

  0.425068   0.723192  -0.544344    1.49164
 -0.883762   0.461577 -0.0768802 -0.0636938
  0.195658    0.51375   0.835332    1.74822
         0          0          0          1

  0.425068   0.723192  -0.544344    1.49164
 -0.883762   0.461577 -0.0768802 -0.0636938
  0.195658    0.51375   0.835332    1.74822
         0          0          0          1

  0.419665   0.739623  -0.526155      1.554
 -0.891269   0.445509 -0.0846236 -0.0609664
  0.171817   0.504459   0.846168    1.68656
         0          0          0          1

  0.419665   0.739623  -0.526155      1.554
 -0.891269   0.445509 -0.0846236 -0.0609664
  0.171817   0.504459   0.846168    1.68656
         0          0          0          1

  0.415483   0.750469  -0.513974    1.59219
 -0.896663   0.432886 -0.0927688 -0.0607593
  0.152872   0.499405   0.852775    1.64602
         0          0          0          1

  0.415483   0.750469  -0.513974    1.59219
 -0.896663   0.432886 -0.0927688 -0.0607593
  0.152872   0.499405   0.852775    1.64602
         0          0          0          1

  0.411355   0.759523  -0.503897    1.62776
 -0.901576   0.420309  -0.102469 -0.0601639
  0.133965   0.496453   0.857664    1.60475
         0          0          0          1

  0.411355   0.759523  -0.503897    1.62776
 -0.901576   0.420309  -0.102469 -0.0601639
  0.133965   0.496453   0.857664    1.60475
         0          0          0          1

  0.39947  0.774337 -0.490741   1.67737
-0.910361  0.398138 -0.112828 -0.060072
 0.108016  0.491822   0.86397   1.54079
        0         0         0         1

  0.39947  0.774337 -0.490741   1.67737
-0.910361  0.398138 -0.112828 -0.060072
 0.108016  0.491822   0.86397   1.54079
        0         0         0         1

 0.384488  0.786097 -0.483963   1.70667
-0.918797  0.376613 -0.118216 -0.062127
0.0893374  0.490117  0.867067   1.49861
        0         0         0         1

 0.384488  0.786097 -0.483963   1.70667
-0.918797  0.376613 -0.118216 -0.062127
0.0893374  0.490117  0.867067   1.49861
        0         0         0         1

  0.364405   0.801065  -0.474873    1.74341
 -0.929365   0.345182  -0.130881 -0.0656531
 0.0590736   0.489024   0.870268    1.44096
         0          0          0          1

  0.364405   0.801065  -0.474873    1.74341
 -0.929365   0.345182  -0.130881 -0.0656531
 0.0590736   0.489024   0.870268    1.44096
         0          0          0          1

  0.358874   0.808967  -0.465599    1.76299
 -0.932589   0.331384  -0.143048 -0.0650524
  0.038571   0.485549   0.873358    1.40523
         0          0          0          1

  0.358874   0.808967  -0.465599    1.76299
 -0.932589   0.331384  -0.143048 -0.0650524
  0.038571   0.485549   0.873358    1.40523
         0          0          0          1

  0.349518   0.821389   -0.45073    1.78192
 -0.936736   0.316125    -0.1503 -0.0671646
 0.0190318   0.474748   0.879916    1.37061
         0          0          0          1

  0.349518   0.821389   -0.45073    1.78192
 -0.936736   0.316125    -0.1503 -0.0671646
 0.0190318   0.474748   0.879916    1.37061
         0          0          0          1

  0.343046   0.834333  -0.431518      1.804
 -0.939285   0.300782  -0.165151 -0.0661151
-0.00799795   0.461973   0.886858    1.32525
         0          0          0          1

  0.343046   0.834333  -0.431518      1.804
 -0.939285   0.300782  -0.165151 -0.0661151
-0.00799795   0.461973   0.886858    1.32525
         0          0          0          1

  0.335159   0.842911  -0.420915    1.81652
 -0.941801   0.287378  -0.174428 -0.0667968
-0.0260655   0.454879   0.890172    1.29822
         0          0          0          1

  0.335159   0.842911  -0.420915    1.81652
 -0.941801   0.287378  -0.174428 -0.0667968
-0.0260655   0.454879   0.890172    1.29822
         0          0          0          1

  0.329534   0.848693  -0.413676    1.82955
 -0.942724   0.271756  -0.193441 -0.0631646
-0.0517524   0.453728   0.889636    1.26389
         0          0          0          1

  0.329534   0.848693  -0.413676    1.82955
 -0.942724   0.271756  -0.193441 -0.0631646
-0.0517524   0.453728   0.889636    1.26389
         0          0          0          1

  0.320506   0.852012  -0.413947    1.83717
 -0.944911   0.256906  -0.202835 -0.0628253
-0.0664724   0.456153   0.887415    1.24438
         0          0          0          1

  0.320506   0.852012  -0.413947    1.83717
 -0.944911   0.256906  -0.202835 -0.0628253
-0.0664724   0.456153   0.887415    1.24438
         0          0          0          1

  0.313675   0.855719  -0.411525     1.8423
 -0.946196   0.245402  -0.210928 -0.0605431
-0.0795061   0.455547   0.886654    1.22531
         0          0          0          1

  0.313675   0.855719  -0.411525     1.8423
 -0.946196   0.245402  -0.210928 -0.0605431
-0.0795061   0.455547   0.886654    1.22531
         0          0          0          1

  0.301536   0.859338  -0.413055    1.84908
 -0.948478   0.226146  -0.221917 -0.0593218
-0.0972911   0.458689   0.883255    1.20427
         0          0          0          1

  0.301536   0.859338  -0.413055    1.84908
 -0.948478   0.226146  -0.221917 -0.0593218
-0.0972911   0.458689   0.883255    1.20427
         0          0          0          1

  0.300099   0.860192  -0.412323    1.85066
 -0.947669    0.21949  -0.231834 -0.0555314
 -0.108921   0.460319   0.881046    1.19281
         0          0          0          1

  0.300099   0.860192  -0.412323    1.85066
 -0.947669    0.21949  -0.231834 -0.0555314
 -0.108921   0.460319   0.881046    1.19281
         0          0          0          1

  0.297871   0.862311  -0.409502     1.8534
 -0.946592   0.211345  -0.243508 -0.0509389
 -0.123433   0.460166   0.879211    1.17961
         0          0          0          1

  0.297871   0.862311  -0.409502     1.8534
 -0.946592   0.211345  -0.243508 -0.0509389
 -0.123433   0.460166   0.879211    1.17961
         0          0          0          1

  0.293745   0.864358  -0.408165    1.85471
 -0.947304   0.206154  -0.245183 -0.0495881
 -0.127781   0.458678   0.879367    1.17234
         0          0          0          1

  0.293745   0.864358  -0.408165    1.85471
 -0.947304   0.206154  -0.245183 -0.0495881
 -0.127781   0.458678   0.879367    1.17234
         0          0          0          1

   0.29668   0.864647  -0.405422    1.85434
 -0.945441   0.206089  -0.252327 -0.0456354
 -0.134621   0.458163   0.878615    1.16693
         0          0          0          1

   0.29668   0.864647  -0.405422    1.85434
 -0.945441   0.206089  -0.252327 -0.0456354
 -0.134621   0.458163   0.878615    1.16693
         0          0          0          1

  0.292825   0.867071  -0.403039    1.85573
 -0.945529   0.199888  -0.256943 -0.0449078
 -0.142225   0.456324   0.878374    1.16178
         0          0          0          1

  0.292825   0.867071  -0.403039    1.85573
 -0.945529   0.199888  -0.256943 -0.0449078
 -0.142225   0.456324   0.878374    1.16178
         0          0          0          1

  0.290709   0.869882  -0.398489    1.85615
  -0.94572   0.198004  -0.257697 -0.0445764
 -0.145264   0.451774   0.880227    1.15803
         0          0          0          1

  0.290709   0.869882  -0.398489    1.85615
  -0.94572   0.198004  -0.257697 -0.0445764
 -0.145264   0.451774   0.880227    1.15803
         0          0          0          1

   0.29214   0.871643  -0.393564    1.85494
 -0.944975   0.199732  -0.259093 -0.0418447
 -0.147229     0.4476   0.882031    1.15512
         0          0          0          1

   0.29214   0.871643  -0.393564    1.85494
 -0.944975   0.199732  -0.259093 -0.0418447
 -0.147229     0.4476   0.882031    1.15512
         0          0          0          1

  0.291395    0.87279   -0.39157     1.8541
 -0.944936   0.198887  -0.259883 -0.0409322
 -0.148945   0.445737   0.882685    1.15327
         0          0          0          1

  0.291395    0.87279   -0.39157     1.8541
 -0.944936   0.198887  -0.259883 -0.0409322
 -0.148945   0.445737   0.882685    1.15327
         0          0          0          1

    0.2901   0.873518  -0.390907    1.85354
 -0.945072   0.197214  -0.260664 -0.0410522
 -0.150602   0.445054   0.882749    1.15309
         0          0          0          1

    0.2901   0.873518  -0.390907    1.85354
 -0.945072   0.197214  -0.260664 -0.0410522
 -0.150602   0.445054   0.882749    1.15309
         0          0          0          1

    0.2898   0.876353  -0.384737    1.85176
 -0.944683   0.197404  -0.261928 -0.0396448
 -0.153593   0.439361   0.885083    1.15178
         0          0          0          1

    0.2898   0.876353  -0.384737    1.85176
 -0.944683   0.197404  -0.261928 -0.0396448
 -0.153593   0.439361   0.885083    1.15178
         0          0          0          1

  0.289171   0.878621  -0.380006    1.85036
 -0.944362   0.196843  -0.263502 -0.0390094
 -0.156717    0.43506   0.886658    1.15115
         0          0          0          1

  0.289171   0.878621  -0.380006    1.85036
 -0.944362   0.196843  -0.263502 -0.0390094
 -0.156717    0.43506   0.886658    1.15115
         0          0          0          1

  0.282926   0.882926  -0.374692    1.84671
 -0.945497   0.191079  -0.263675 -0.0384119
  -0.16121    0.42887   0.888865    1.14913
         0          0          0          1

  0.282926   0.882926  -0.374692    1.84671
 -0.945497   0.191079  -0.263675 -0.0384119
  -0.16121    0.42887   0.888865    1.14913
         0          0          0          1

  0.276479   0.883691  -0.377689    1.84439
 -0.946506   0.182347  -0.266227 -0.0380363
 -0.166392   0.431091   0.886834    1.14756
         0          0          0          1

  0.276479   0.883691  -0.377689    1.84439
 -0.946506   0.182347  -0.266227 -0.0380363
 -0.166392   0.431091   0.886834    1.14756
         0          0          0          1

 0.268136  0.885287 -0.379961   1.84112
-0.947755  0.171656 -0.268876 -0.037755
 -0.17281  0.432206  0.885062   1.14585
        0         0         0         1

 0.268136  0.885287 -0.379961   1.84112
-0.947755  0.171656 -0.268876 -0.037755
 -0.17281  0.432206  0.885062   1.14585
        0         0         0         1

  0.255141   0.888864  -0.380557    1.83536
  -0.95039   0.158113  -0.267878 -0.0370368
 -0.177936   0.430024   0.885109    1.14252
         0          0          0          1

  0.255141   0.888864  -0.380557    1.83536
