0.0841238 -0.641293  0.762671    1.1471
-0.709681 -0.575836 -0.405914   1.05544
 0.699483 -0.507106 -0.503555   2.02455
        0         0         0         1

0.0980033  -0.64037  0.761788   1.14591
-0.728359 -0.567771 -0.383574   1.03018
 0.678151 -0.517264 -0.522063   2.05264
        0         0         0         1

 0.120578 -0.632625  0.765014   1.13077
-0.748488 -0.564159 -0.348555  0.983626
 0.652095 -0.530576 -0.541537    2.0741
        0         0         0         1

 0.126959 -0.626708  0.768842   1.12531
-0.762197 -0.557675 -0.328717  0.959347
 0.634774 -0.544275 -0.548477   2.09379
        0         0         0         1

 0.133718 -0.627496  0.767052   1.12436
-0.764198 -0.558086 -0.323329  0.939424
 0.630968 -0.542945 -0.554157   2.08671
        0         0         0         1

 0.139431 -0.618586  0.773246   1.11874
-0.780857 -0.548889   -0.2983  0.915257
 0.608951 -0.562203  -0.55956   2.10568
        0         0         0         1

 0.146719 -0.620493  0.770365    1.1207
-0.784912  -0.54698 -0.291077  0.893726
 0.601985 -0.561962 -0.567285   2.10429
        0         0         0         1

 0.148052 -0.615401  0.774185   1.11819
-0.793853 -0.540807 -0.278075  0.872676
 0.589812 -0.573419 -0.568605   2.11137
        0         0         0         1

  0.15463 -0.603098  0.782535   1.11196
-0.812186 -0.528583 -0.246888  0.824646
 0.562533 -0.597388 -0.571563   2.12001
        0         0         0         1

 0.162225 -0.590165  0.790815   1.10034
-0.818193  -0.52844  -0.22652  0.807476
 0.551582 -0.610293 -0.568595   2.12148
        0         0         0         1

 0.165095 -0.593408  0.787789   1.10646
-0.832621 -0.512001 -0.211178  0.780539
 0.528664 -0.621065 -0.578613   2.13162
        0         0         0         1

 0.173782 -0.584395  0.792643   1.09609
-0.839304 -0.508929 -0.191208  0.762266
  0.51514 -0.632039 -0.578927   2.13078
        0         0         0         1

 0.188314 -0.573899   0.79698   1.07611
-0.857718  -0.49139 -0.151181  0.716888
 0.478391 -0.655115 -0.584779   2.13301
        0         0         0         1

 0.187228 -0.579663  0.793055   1.08001
-0.864978 -0.479924  -0.14658     0.699
 0.465573 -0.658532 -0.591251   2.13191
        0         0         0         1

 0.190348 -0.577301  0.794035   1.07453
 -0.87345 -0.468829 -0.131475  0.675685
 0.448167 -0.668524 -0.593484   2.13026
        0         0         0         1

 0.180062 -0.573527  0.799152   1.07374
-0.880542 -0.456096 -0.128926  0.655444
 0.438432 -0.680473 -0.587141    2.1324
        0         0         0         1

 0.167293 -0.572653  0.802547   1.07716
-0.884499 -0.446762 -0.134408  0.634478
 0.435517 -0.687366 -0.581251   2.12802
        0         0         0         1

 0.160109 -0.550928   0.81905   1.06793
-0.883598 -0.449874 -0.129878  0.618262
 0.440023 -0.702916 -0.558828   2.12421
        0         0         0         1

  0.165023  -0.517157   0.839831    1.04998
  -0.89347   -0.43901 -0.0947738   0.576132
  0.417707  -0.734723  -0.534511    2.11705
         0          0          0          1

  0.170724  -0.519671   0.837135     1.0502
 -0.902739  -0.422973 -0.0784665   0.558181
  0.394862  -0.742318  -0.541339    2.11597
         0          0          0          1

  0.180093  -0.516276   0.837273    1.04103
 -0.914209  -0.401991 -0.0512329   0.536678
  0.363027  -0.756216  -0.544379    2.11317
         0          0          0          1

  0.180183  -0.510385   0.840858    1.03714
 -0.923484  -0.382123 -0.0340528   0.519762
  0.338691  -0.770383  -0.540184    2.10878
         0          0          0          1

   0.173913   -0.484077    0.857568      1.0289
  -0.940054    -0.34102 -0.00185619    0.481033
   0.293346   -0.805838   -0.514367     2.09791
          0           0           0           1

 0.179914 -0.465806  0.866404   1.01617
-0.943901 -0.329696 0.0187514  0.464448
 0.276916 -0.821173 -0.498992    2.0941
        0         0         0         1

 0.173047 -0.465079  0.868192   1.01796
-0.950357 -0.310295 0.0232028  0.444927
 0.258604 -0.829107 -0.495687   2.08647
        0         0         0         1

  0.16623 -0.466818   0.86859   1.02136
-0.955282 -0.294685  0.024445  0.429927
 0.244549 -0.833812 -0.494928   2.08061
        0         0         0         1

 0.165354 -0.460719  0.872007   1.01497
-0.959861 -0.278285  0.034984   0.41024
 0.226548 -0.842791 -0.488242   2.07379
        0         0         0         1

  0.16547 -0.456636   0.87413   1.00892
-0.962842 -0.266623 0.0429823  0.396156
 0.213436 -0.848761 -0.483786   2.06825
        0         0         0         1

 0.162698 -0.451557  0.877283   1.00168
-0.970147 -0.235278 0.0588178  0.361466
 0.179846 -0.860663 -0.476356   2.05173
        0         0         0         1

 0.161228 -0.448413  0.879165  0.999147
-0.972568 -0.223542 0.0643408  0.347484
 0.167679 -0.865422 -0.472153   2.04467
        0         0         0         1

 0.160577 -0.445604  0.880711  0.995761
-0.975911 -0.205195 0.0741142  0.328413
 0.147692 -0.871397 -0.467819   2.03699
        0         0         0         1

 0.160079 -0.444009  0.881607  0.994019
-0.978329 -0.190192 0.0818543  0.313884
 0.131331 -0.875605 -0.464832   2.03065
        0         0         0         1

 0.163028 -0.444919  0.880607  0.989174
-0.982606 -0.153667  0.104272  0.279064
0.0889272 -0.882289 -0.462232   2.01431
        0         0         0         1

 0.161785 -0.447331  0.879614  0.987356
 -0.98373 -0.143657  0.107877  0.267459
0.0781061 -0.882756 -0.463294   2.00322
        0         0         0         1

 0.161526 -0.449083  0.878769  0.983956
-0.985212 -0.124958  0.117232  0.250246
0.0571624 -0.884709 -0.462625   1.99354
        0         0         0         1

 0.160595 -0.452072  0.877405  0.981611
-0.986082 -0.112248  0.122653  0.237555
0.0430389 -0.884891 -0.463806   1.98491
        0         0         0         1

  0.158335  -0.458509   0.874471   0.979266
 -0.987151 -0.0928235   0.130067    0.22009
 0.0215345  -0.883829  -0.467314    1.97534
         0          0          0          1

 0.156869 -0.464724  0.871449  0.977141
-0.987588 -0.080823  0.134674  0.208298
0.00784682 -0.881759 -0.471634   1.96534
        0         0         0         1

   0.15617  -0.483726   0.861174   0.972338
  -0.98719 -0.0476194   0.152275   0.178791
-0.0326505  -0.873923  -0.484966    1.94353
         0          0          0          1

  0.152437  -0.493419    0.85633    0.97234
 -0.987029 -0.0318434   0.157355   0.166439
-0.0503733  -0.869209  -0.491873    1.93484
         0          0          0          1

  0.151351  -0.501042   0.852085   0.968994
 -0.986183 -0.0178082   0.164698   0.152505
-0.0673467   -0.86524  -0.496815    1.92196
         0          0          0          1

    0.14844   -0.506699    0.849248    0.967042
  -0.985745 -0.00703777    0.168099    0.141948
 -0.0791989   -0.862094   -0.500521     1.91144
          0           0           0           1

  0.14217 -0.515405  0.845071  0.960441
-0.984093  0.018286  0.176711  0.117769
-0.106531 -0.856752 -0.504607     1.887
        0         0         0         1

 0.141486 -0.519478  0.842688  0.957387
-0.982466 0.0307195  0.183892   0.10748
-0.121415 -0.853931 -0.506024    1.8782
        0         0         0         1

 0.140905 -0.525059   0.83932  0.954369
-0.980565 0.0428914   0.19145 0.0958983
-0.136522 -0.849984 -0.508811   1.86518
        0         0         0         1

 0.140508 -0.530984  0.835652  0.952683
-0.979113 0.0507567  0.196881 0.0875721
-0.146955 -0.845861 -0.512761   1.85441
        0         0         0         1

 0.139627 -0.536975  0.831963  0.950042
 -0.97692 0.0624594  0.204269 0.0763196
-0.161651 -0.841283  -0.51586   1.84289
        0         0         0         1

 0.137966 -0.539946  0.830316  0.948198
-0.975562 0.0706632  0.208051 0.0679391
-0.171009 -0.838728 -0.517002   1.83403
        0         0         0         1

 0.136682 -0.539886  0.830566  0.943065
-0.973558 0.0817112  0.213328 0.0502246
-0.183039 -0.837762 -0.514442   1.81014
        0         0         0         1

 0.136938 -0.535562  0.833319  0.940833
-0.972624 0.0867547  0.215585 0.0434341
-0.187754 -0.840028  -0.50902   1.80038
        0         0         0         1

 0.137083 -0.528597  0.837731  0.937857
-0.971533 0.0932139  0.217794  0.034988
-0.193213  -0.84374 -0.500771   1.78804
        0         0         0         1

 0.138212 -0.522864  0.841137  0.935071
-0.970548 0.0976994  0.220208  0.028592
-0.197317 -0.846799 -0.493961   1.77854
        0         0         0         1

 0.141115 -0.511855  0.847403  0.928838
-0.968565  0.105744  0.225164 0.0146578
 -0.20486 -0.852539 -0.480843   1.75485
        0         0         0         1

   0.14163  -0.509751   0.848584   0.927085
 -0.967575    0.10982   0.227459 0.00928134
 -0.209139  -0.853284  -0.477669     1.7451
         0          0          0          1

  0.143007  -0.508933   0.848844    0.92497
 -0.965995   0.114896   0.231631 0.00270259
 -0.215414  -0.853104  -0.475195    1.73297
         0          0          0          1

   0.146559   -0.508921    0.848245    0.922561
  -0.964325    0.117594    0.237169 -0.00213188
  -0.220449   -0.852743   -0.473531     1.72305
          0           0           0           1

    0.15146   -0.509452    0.847064    0.920825
  -0.961856    0.121533    0.245079 -0.00787109
  -0.227803   -0.851873   -0.471612      1.7105
          0           0           0           1

  0.155861  -0.508962   0.846561   0.919361
 -0.959435   0.125827   0.252292 -0.0124515
 -0.234927  -0.851543  -0.468704    1.70115
         0          0          0          1

  0.158364  -0.504969   0.848485   0.914471
 -0.956514   0.134726   0.258708 -0.0222958
 -0.244953  -0.852558  -0.461674    1.67922
         0          0          0          1

  0.157419  -0.503135   0.849749   0.913125
 -0.955783    0.13881   0.259251 -0.0259054
 -0.248392  -0.852987  -0.459037    1.66992
         0          0          0          1

  0.159573  -0.498026   0.852354     0.9109
  -0.95369   0.145236   0.263405 -0.0301524
 -0.254975  -0.854913  -0.451787    1.65793
         0          0          0          1

  0.162286  -0.494508   0.853888   0.909537
 -0.950739   0.153264   0.269452 -0.0339996
 -0.264117  -0.855554  -0.445276    1.64996
         0          0          0          1

  0.170391  -0.487437   0.856372   0.906169
 -0.947374   0.157992   0.278424 -0.0413671
 -0.271014  -0.858746  -0.434865    1.62876
         0          0          0          1

 0.174027 -0.485928  0.856498  0.904952
 -0.94646  0.157616  0.281729 -0.044113
-0.271897 -0.859669 -0.432482   1.62028
        0         0         0         1

 0.177329 -0.484304   0.85674  0.903835
-0.945582  0.157478  0.284738 -0.047426
-0.272818  -0.86061 -0.430023   1.60992
        0         0         0         1

  0.179313  -0.483217   0.856941   0.903312
 -0.945063   0.157391   0.286503 -0.0500228
 -0.273318  -0.861237  -0.428448    1.60196
         0          0          0          1

  0.183686  -0.481928   0.856741   0.902412
 -0.944225   0.155828   0.290098 -0.0531191
  -0.27331  -0.862243  -0.426425    1.59219
         0          0          0          1

  0.187938  -0.481428   0.856099    0.90169
 -0.943141   0.154842   0.294122 -0.0556579
 -0.274159    -0.8627  -0.424954    1.58474
         0          0          0          1

  0.195969   -0.47828   0.856063   0.901866
 -0.941296   0.152962   0.300939 -0.0611443
 -0.274878  -0.864784  -0.420227    1.56733
         0          0          0          1

  0.201268  -0.475829     0.8562    0.90172
 -0.939948   0.152167    0.30552 -0.0633959
 -0.275661  -0.866275  -0.416628     1.5605
         0          0          0          1

 0.208421 -0.472748  0.856195   0.90181
-0.938121  0.150919  0.311694 -0.066147
-0.276568 -0.868178  -0.41204   1.55166
        0         0         0         1

  0.213447  -0.470709    0.85608   0.902371
 -0.936926   0.149633   0.315879 -0.0681519
 -0.276785  -0.869507  -0.409081    1.54478
         0          0          0          1

  0.218158  -0.467778   0.856499   0.903119
 -0.935991   0.148164   0.319325 -0.0705978
 -0.276275  -0.871339  -0.405513    1.53625
         0          0          0          1

  0.220266  -0.465567   0.857164   0.903658
 -0.935684   0.147471   0.320542 -0.0724837
  -0.27564   -0.87264  -0.403141     1.5301
         0          0          0          1

  0.224702  -0.462922   0.857445   0.906135
 -0.935612   0.143388     0.3226 -0.0766021
 -0.272286  -0.874725  -0.400895    1.51523
         0          0          0          1

  0.228832  -0.463557   0.856009    0.90758
 -0.934265   0.142447   0.326892 -0.0784085
 -0.273468  -0.874542  -0.400488    1.50959
         0          0          0          1

  0.234692  -0.464737   0.853779   0.909324
 -0.932339    0.14092   0.332994 -0.0806792
 -0.275069  -0.874163   -0.40022    1.50256
         0          0          0          1

  0.239079  -0.465916   0.851918   0.910833
 -0.931045   0.139092   0.337354 -0.0822839
 -0.275674  -0.873828  -0.400535    1.49711
         0          0          0          1

  0.247963  -0.466023   0.849315     0.9147
 -0.928466   0.135924   0.345653 -0.0858523
 -0.276525  -0.874269  -0.398982    1.48465
         0          0          0          1

  0.251381  -0.464762   0.849001    0.91661
 -0.927438    0.13527   0.348656 -0.0871604
 -0.276887  -0.875042  -0.397034    1.47954
         0          0          0          1

  0.256534  -0.461913   0.849015   0.918857
 -0.925845   0.134752   0.353062 -0.0887598
  -0.27749  -0.876629  -0.393091    1.47331
         0          0          0          1

  0.259734  -0.459372   0.849421   0.920758
 -0.924978   0.134333   0.355486 -0.0898262
 -0.277406  -0.878028  -0.390018    1.46863
         0          0          0          1

 0.263555 -0.455601  0.850275  0.923318
-0.923644   0.13506  0.358665 -0.091131
-0.278246 -0.879879 -0.385217    1.4633
        0         0         0         1

  0.265408  -0.452688   0.851253   0.925554
 -0.923291   0.134928   0.359622 -0.0919161
 -0.277655  -0.881401  -0.382151      1.459
         0          0          0          1

  0.273853   -0.44643   0.851883   0.930606
 -0.919287   0.138845   0.368283 -0.0936106
 -0.282693  -0.883981  -0.372374     1.4503
         0          0          0          1

  0.276794  -0.443179    0.85263   0.932622
 -0.917784   0.140966   0.371217 -0.0939538
 -0.284707   -0.88528  -0.367724    1.44682
         0          0          0          1

  0.281095  -0.436136   0.854851   0.934506
 -0.915753   0.144514    0.37485 -0.0943404
 -0.287024  -0.888201  -0.358771    1.44299
         0          0          0          1

  0.283579   -0.42783   0.858222    0.93556
 -0.915192   0.146515   0.375442 -0.0942679
 -0.286368  -0.891905  -0.349998    1.43981
         0          0          0          1

  0.290183  -0.397925   0.870316   0.936681
 -0.913571   0.155585   0.375742 -0.0936946
 -0.284926  -0.904129  -0.318385    1.43427
         0          0          0          1

  0.291843  -0.383091   0.876396   0.936619
 -0.914606   0.156333   0.372903 -0.0930043
 -0.279865  -0.910385  -0.304752    1.43232
         0          0          0          1

 0.294852 -0.367089  0.882218  0.936004
-0.915652  0.155438  0.370704 -0.092056
-0.273211 -0.917107 -0.290294     1.431
        0         0         0         1

 0.295978 -0.359453  0.884981  0.935517
-0.917387  0.151113  0.368193 -0.091079
 -0.26608 -0.920847 -0.285031   1.43026
        0         0         0         1

  0.308073  -0.341883    0.88781   0.932926
  -0.91865   0.135705   0.371033 -0.0882635
  -0.24733  -0.929892  -0.272264    1.42945
         0          0          0          1

  0.316002  -0.335171   0.887583   0.931195
 -0.918182   0.127552   0.375063 -0.0868009
 -0.238923  -0.933483  -0.267441    1.42966
         0          0          0          1

  0.327814  -0.326424   0.886558   0.928391
 -0.917538    0.11357   0.381085 -0.0845872
 -0.225082  -0.938376  -0.262277    1.43003
         0          0          0          1

  0.338992  -0.317069   0.885749   0.925753
 -0.916853   0.099685    0.38658 -0.0824965
 -0.210869  -0.943149  -0.256913    1.43064
         0          0          0          1

  0.354169  -0.303895   0.884428   0.921606
 -0.915665  0.0795139   0.393999 -0.0792961
 -0.190059  -0.949382  -0.250105    1.43196
         0          0          0          1

  0.366556  -0.292228   0.883312   0.917241
 -0.914658  0.0606964   0.399645 -0.0758131
 -0.170401  -0.954421   -0.24504    1.43368
         0          0          0          1

  0.393343  -0.259911   0.881889   0.905874
 -0.912294 0.00861753   0.409444 -0.0653506
 -0.114019  -0.965594  -0.233725     1.4399
         0          0          0          1

  0.404147  -0.243964   0.881559   0.900196
 -0.910543 -0.0155891    0.41312 -0.0603832
-0.0870437  -0.969659   -0.22844    1.44335
         0          0          0          1

  0.414782  -0.223679      0.882   0.892649
 -0.908442 -0.0465489   0.415412 -0.0534949
-0.0518628  -0.973551  -0.222507    1.44849
         0          0          0          1

  0.419675   -0.20802   0.883516   0.886306
 -0.907409 -0.0726075   0.413929 -0.0471951
-0.0219556  -0.975426  -0.219231    1.45257
         0          0          0          1

  0.429132  -0.171625   0.886786   0.868261
 -0.902037  -0.132129    0.41094 -0.0306131
 0.0466421  -0.976262  -0.211513    1.46423
         0          0          0          1

 0.434083 -0.157948  0.886919  0.859668
-0.897802  -0.15707  0.411437 -0.022945
0.0743229 -0.974875 -0.209987   1.46883
        0         0         0         1

  0.442532  -0.142753   0.885317   0.847945
 -0.890566  -0.185728   0.415208 -0.0130197
  0.105156  -0.972176  -0.209322    1.47524
         0          0          0          1

   0.449767   -0.133778     0.88307    0.838099
  -0.884209   -0.206213    0.419107 -0.00489523
   0.126033   -0.969319   -0.211035     1.48071
          0           0           0           1

  0.458346   -0.12534   0.879891   0.825307
 -0.875967  -0.231162   0.423374 0.00572312
  0.150332  -0.964808  -0.215746    1.48758
         0          0          0          1

 0.465142 -0.120485  0.876998  0.814581
-0.869273 -0.249457  0.426774 0.0142467
 0.167353 -0.960861 -0.220767   1.49294
        0         0         0         1

 0.483003  -0.11085  0.868574  0.786618
 -0.85224   -0.2872  0.437267 0.0348523
 0.200983 -0.951435 -0.233189   1.50574
        0         0         0         1

 0.489899 -0.106578   0.86524   0.77416
-0.845517 -0.299866  0.441794 0.0434395
 0.212371 -0.948009 -0.237017   1.51091
        0         0         0         1

 0.498388 -0.101181  0.861029  0.758014
 -0.83718 -0.314216  0.447659 0.0544431
 0.225255 -0.943944 -0.241308   1.51707
        0         0         0         1

  0.505625 -0.0963433   0.857357   0.744308
 -0.830674  -0.322824   0.453613  0.0626682
  0.233073  -0.941543  -0.243258    1.52178
         0          0          0          1

  0.520694 -0.0867608   0.849324   0.711448
 -0.817821  -0.336225   0.467034   0.082236
  0.245043  -0.937777  -0.246025    1.53338
         0          0          0          1

  0.526551 -0.0831234    0.84607   0.697147
 -0.813186   -0.33949   0.472732  0.0899181
  0.247937   -0.93693  -0.246354    1.53789
         0          0          0          1

 0.533808 -0.079938  0.841819   0.67845
-0.807411 -0.344001  0.479323 0.0994762
  0.25127  -0.93556 -0.248173   1.54258
        0         0         0         1

 0.538979 -0.077994  0.838701  0.663273
-0.803453 -0.346573  0.484098  0.106763
 0.252915 -0.934775  -0.24946   1.54602
        0         0         0         1

  0.545128 -0.0775116   0.834762   0.644378
 -0.799327  -0.348316   0.489645   0.115745
  0.252807  -0.934167  -0.251834    1.55057
         0          0          0          1

  0.548596 -0.0795339   0.832296   0.630134
 -0.797784  -0.347648   0.492627   0.122345
  0.250165  -0.934246  -0.254169    1.55469
         0          0          0          1

  0.558611 -0.0855391   0.825007    0.59384
 -0.793249  -0.345668   0.501268   0.136474
  0.242301   -0.93445  -0.260948    1.56213
         0          0          0          1

  0.562372 -0.0899735   0.821975   0.579426
 -0.791976  -0.344394    0.50415   0.142064
  0.237723  -0.934504  -0.264935    1.56426
         0          0          0          1

  0.567237 -0.0955512   0.817993   0.560877
 -0.790706   -0.34091   0.508493   0.148663
  0.230275  -0.935227   -0.26893    1.56654
         0          0          0          1

 0.571734 -0.100939  0.814206  0.545687
-0.789736 -0.336656  0.512815  0.152977
 0.222345 -0.936202 -0.272193   1.56819
        0         0         0         1

 0.578014 -0.109582  0.808635    0.5272
-0.788958 -0.328156  0.519479  0.157928
 0.208433 -0.938246 -0.276134   1.57086
        0         0         0         1

 0.580731 -0.117052  0.805637  0.514716
-0.790193 -0.319089  0.523238  0.161971
 0.195824 -0.940469 -0.277798   1.57166
        0         0         0         1

 0.586664 -0.134065  0.798656  0.483088
-0.793755 -0.290719  0.534262  0.169123
 0.160559  -0.94737 -0.276969    1.5726
        0         0         0         1

 0.586521 -0.141957  0.797396  0.471378
-0.797301 -0.274403    0.5376  0.171871
 0.142492 -0.951079 -0.274126   1.57289
        0         0         0         1

 0.584309 -0.149546  0.797634  0.456744
-0.802424 -0.253305  0.540326  0.175104
 0.121241 -0.955758 -0.268007   1.57133
        0         0         0         1

 0.580894 -0.156892  0.798716  0.446175
-0.807465 -0.234968  0.541101  0.177082
 0.102778 -0.959258 -0.263176    1.5709
        0         0         0         1

 0.576371 -0.161809  0.801009  0.418004
-0.814201 -0.197443  0.545979   0.17922
0.0698094 -0.966868 -0.245546   1.56726
        0         0         0         1

 0.572603 -0.162441  0.803579  0.408449
 -0.81756 -0.186074  0.544951  0.180838
0.0610028 -0.969015 -0.239352   1.56362
        0         0         0         1

 0.568565 -0.169895  0.804904  0.396776
-0.821408 -0.170754  0.544181  0.181991
0.0449874 -0.970556 -0.236638   1.56153
        0         0         0         1

 0.563132 -0.175826  0.807445  0.388694
-0.825641  -0.16068  0.540832  0.183461
0.0346476 -0.971219 -0.235653   1.55843
        0         0         0         1

  0.55365 -0.184483  0.812057  0.380592
-0.832479 -0.147434   0.53408  0.185862
0.0211961 -0.971715 -0.235206   1.55421
        0         0         0         1

 0.549535  -0.19069  0.813418  0.372111
 -0.83541  -0.13719  0.532231  0.185708
0.0101017 -0.972016 -0.234695   1.55114
        0         0         0         1

 0.532597 -0.207522  0.820533  0.355451
-0.846262 -0.115146  0.520176  0.186494
-0.0134672  -0.97143 -0.236944   1.54315
        0         0         0         1

 0.527132 -0.216077  0.821854   0.34871
-0.849454 -0.107036  0.516693  0.186259
-0.0236778 -0.970492 -0.239969   1.54014
        0         0         0         1

  0.521979  -0.225252   0.822678   0.339339
  -0.85228 -0.0992723    0.51358   0.185087
-0.0340159   -0.96923  -0.243796    1.53541
         0          0          0          1

  0.515148  -0.235104   0.824226   0.333768
 -0.855932 -0.0909063   0.509035   0.184674
-0.0447487   -0.96771  -0.248063    1.53371
         0          0          0          1

  0.497541  -0.259321   0.827771   0.322961
 -0.865122 -0.0786271   0.495359   0.185014
-0.0633721  -0.962585  -0.263465    1.52424
         0          0          0          1

 0.488184 -0.269273  0.830162  0.320892
-0.869867 -0.072997  0.487856  0.186115
-0.0707669 -0.960294 -0.269867   1.52052
        0         0         0         1

  0.481533  -0.280865   0.830205   0.315647
 -0.872792 -0.0674787   0.483406   0.185141
-0.0797507  -0.957372   -0.27763    1.51543
         0          0          0          1

  0.475468   -0.28925   0.830822    0.31187
 -0.875379 -0.0617109   0.479483   0.184492
-0.0874197  -0.955262  -0.282545    1.51224
         0          0          0          1

  0.465353   -0.29914   0.833044   0.309299
 -0.880205 -0.0573018   0.471122   0.184796
-0.0931963  -0.952487   -0.28997     1.5061
         0          0          0          1

  0.458414  -0.305937   0.834422   0.307298
 -0.883142 -0.0516037   0.466259   0.184548
-0.0995868  -0.950652  -0.293842    1.50206
         0          0          0          1

  0.438789  -0.318596   0.840215   0.302792
 -0.892171 -0.0428969   0.449656   0.183222
 -0.107216  -0.946919  -0.303065    1.48939
         0          0          0          1

  0.429206  -0.324286   0.842984   0.301984
 -0.896211 -0.0369721   0.442084   0.183413
 -0.112195  -0.945236  -0.306497    1.48612
         0          0          0          1

  0.420073  -0.328548   0.845928   0.300511
 -0.899759 -0.0293666   0.435399   0.182918
 -0.118207  -0.944031   -0.30795    1.48095
         0          0          0          1

  0.414141  -0.332617   0.847262   0.298824
 -0.901785 -0.0235658   0.431541   0.181446
 -0.123572  -0.942767  -0.309709    1.47736
         0          0          0          1

   0.394368   -0.331959      0.8569    0.300094
  -0.909651 -0.00867988    0.415283    0.181881
  -0.130419   -0.943254    -0.30539     1.46488
          0           0           0           1

   0.387525   -0.333383    0.859465    0.299902
   -0.91217 -0.00385271    0.409795    0.182031
  -0.133307   -0.942784   -0.305595     1.45994
          0           0           0           1

  0.381032  -0.331724   0.863003   0.299559
 -0.914179 0.00432214   0.405289   0.181513
 -0.138174  -0.943367  -0.301608    1.45344
         0          0          0          1

  0.373963  -0.332621   0.865745    0.30071
 -0.916733 0.00888848   0.399402   0.182064
 -0.140545  -0.943019    -0.3016    1.44803
         0          0          0          1

 0.364381 -0.332517  0.869861  0.302807
-0.920226  0.014732   0.39111  0.183313
-0.142865 -0.942982 -0.300622   1.44063
        0         0         0         1

 0.357408 -0.337261  0.870928  0.304253
-0.921856 0.0221846  0.386898   0.18378
-0.149807  -0.94115 -0.302977   1.43789
        0         0         0         1

  0.34749 -0.341803  0.873167  0.305176
-0.923953 0.0339616  0.380996  0.183612
 -0.15988 -0.939158 -0.304009    1.4276
        0         0         0         1

 0.345471 -0.344975  0.872721  0.303901
-0.924212 0.0361952  0.380162  0.182945
-0.162735 -0.937914 -0.306326   1.42253
        0         0         0         1

 0.336874 -0.351653  0.873416  0.305741
-0.926812 0.0396379  0.373427  0.183794
-0.165937 -0.935291 -0.312563   1.41599
        0         0         0         1

 0.331024 -0.356384  0.873735  0.306878
-0.928304 0.0431735  0.369308  0.184475
-0.169338 -0.933342 -0.316541   1.41067
        0         0         0         1

 0.320925 -0.350899  0.879703  0.308585
-0.929416 0.0619955   0.36379  0.185255
-0.182191 -0.934359 -0.306235   1.39867
        0         0         0         1

 0.315944 -0.337984  0.886536  0.307023
-0.931871 0.0650703  0.356908  0.185213
-0.178316   -0.9389 -0.294399   1.39181
        0         0         0         1

 0.306165 -0.333688   0.89158   0.30564
-0.935439 0.0683705  0.346814  0.185241
-0.176685 -0.940201 -0.291212   1.38942
        0         0         0         1

 0.297465  -0.33239  0.895004  0.305278
-0.938128 0.0723156  0.338654  0.185768
-0.177288 -0.940366 -0.290313    1.3894
        0         0         0         1

 0.290723 -0.330569  0.897889  0.302114
-0.939996 0.0764611  0.332507  0.184878
 -0.17857  -0.94068 -0.288504   1.38907
        0         0         0         1

 0.282645 -0.327058  0.901745  0.302085
 -0.94264 0.0793479  0.324242  0.185305
-0.177598 -0.941667  -0.28587    1.3877
        0         0         0         1

 0.271197 -0.333104  0.903047   0.30071
-0.945873 0.0815287  0.314131  0.185611
-0.178262 -0.939359 -0.292963   1.38714
        0         0         0         1

 0.266809  -0.33696  0.902924  0.301844
-0.946914 0.0826949  0.310669  0.186424
 -0.17935  -0.93788 -0.297008   1.38649
        0         0         0         1

 0.262126 -0.342903  0.902057  0.303282
-0.947756 0.0846101  0.307569  0.187126
 -0.18179 -0.935553  -0.30281   1.38576
        0         0         0         1

  0.26103 -0.348341   0.90029  0.303219
-0.947552 0.0857098  0.307896  0.187087
-0.184416 -0.933441 -0.307698   1.38538
        0         0         0         1

 0.254554 -0.360852  0.897211  0.304352
-0.947605 0.0920824  0.305886  0.188329
-0.192997 -0.928066 -0.318505   1.38431
        0         0         0         1

 0.253526 -0.365072  0.895794  0.303377
-0.946596 0.0970691  0.307464   0.18803
  -0.1992 -0.925905 -0.320966   1.38444
        0         0         0         1

 0.250214 -0.368161  0.895461  0.302333
-0.946438  0.101941  0.306371  0.188041
-0.204077 -0.924157 -0.322934   1.38385
        0         0         0         1

 0.247229 -0.370245  0.895431  0.301605
 -0.94623  0.106722  0.305383  0.187955
-0.208629 -0.922783 -0.323952   1.38353
        0         0         0         1

 0.239349 -0.371723  0.896958  0.302012
-0.947167  0.113758  0.299891  0.188662
-0.213512 -0.921347 -0.324856   1.38268
        0         0         0         1

 0.238259 -0.373939  0.896327  0.301292
-0.946322  0.118174  0.300849  0.188542
-0.218421 -0.919894  -0.32571    1.3825
        0         0         0         1

 0.225798  -0.38117  0.896507  0.302374
-0.947057  0.129734  0.293688  0.189677
-0.228253 -0.915357 -0.331696   1.38244
        0         0         0         1

  0.21894 -0.383054  0.897405  0.303504
-0.947665  0.135551  0.289062  0.190328
-0.232371 -0.913726 -0.333329   1.38274
        0         0         0         1

 0.215834 -0.389681  0.895301  0.304195
-0.946084  0.143356  0.290472   0.19072
-0.241538 -0.909724  -0.33773   1.38431
        0         0         0         1

 0.209804 -0.393794  0.894935  0.305763
  -0.9464  0.148108   0.28704  0.191735
-0.245581 -0.907188 -0.341613   1.38539
        0         0         0         1

 0.202476 -0.405963  0.891178  0.308129
-0.944356  0.159945  0.287419  0.193494
-0.259221 -0.899784 -0.350988    1.3898
        0         0         0         1

 0.198259 -0.412022  0.889343  0.309963
-0.942903   0.16758  0.287837  0.194812
-0.267631 -0.895631 -0.355272   1.39344
        0         0         0         1

  0.20095  -0.41821  0.885844  0.308466
-0.939491   0.17384   0.29519  0.194307
-0.277446  -0.89156 -0.357972   1.39652
        0         0         0         1

 0.196972  -0.42095  0.885439  0.309981
-0.937718  0.182716  0.295467  0.195686
 -0.28616 -0.888491 -0.358743   1.39898
        0         0         0         1

 0.194877 -0.426151  0.883413  0.311615
-0.934941  0.191557  0.298649  0.197245
-0.296493 -0.884139 -0.361097   1.40242
        0         0         0         1

  0.19472 -0.429777  0.881689  0.312655
 -0.93177  0.199758  0.303151  0.198745
-0.306412 -0.880562 -0.361556   1.40541
        0         0         0         1

 0.185404 -0.442109  0.877591  0.318716
 -0.92602  0.220221  0.306577  0.205546
-0.328804 -0.869507 -0.368572   1.41091
        0         0         0         1

 0.181164 -0.448244  0.875361  0.320163
-0.921873  0.232613  0.309904  0.208332
-0.342533 -0.863115 -0.371083   1.41569
        0         0         0         1

 0.178295 -0.449797  0.875153  0.318755
-0.916524  0.247716  0.314041  0.210786
-0.358044 -0.858091 -0.368083   1.42058
        0         0         0         1

 0.175458 -0.445645  0.877847  0.317764
-0.914181  0.257164  0.313271   0.21337
-0.365359 -0.857477 -0.362279   1.42274
        0         0         0         1

  0.16681 -0.439195   0.88277  0.313302
-0.909451  0.277323  0.309825  0.219737
-0.380886 -0.854517 -0.353166   1.43231
        0         0         0         1

 0.162058 -0.439618  0.883444  0.311387
-0.907663  0.284841  0.308243  0.222925
-0.387151 -0.851822 -0.352864   1.43932
        0         0         0         1

 0.157227 -0.435662  0.886272  0.308326
-0.905652  0.294247  0.305307  0.226371
-0.393793 -0.850657 -0.348294   1.44679
        0         0         0         1

 0.152939 -0.430676  0.889454   0.30636
-0.904863  0.300798  0.301236  0.229782
 -0.39728 -0.850905 -0.343699   1.45276
        0         0         0         1

 0.147145 -0.425949  0.892702   0.30402
-0.903808  0.308766  0.296301  0.234497
-0.401845  -0.85043 -0.339543    1.4624
        0         0         0         1

  0.14266 -0.420326  0.896089  0.302926
-0.904059  0.313195  0.290838  0.238758
-0.402897 -0.851608 -0.335319   1.46956
        0         0         0         1

 0.135737 -0.402404  0.905343  0.299395
-0.905899  0.319587  0.277869  0.249564
-0.401151 -0.857867 -0.321158    1.4872
        0         0         0         1

 0.137463 -0.395219  0.908243  0.295651
-0.906781  0.318751  0.275945  0.252415
-0.398562  -0.86151 -0.314561   1.49464
        0         0         0         1

 0.135726 -0.388304  0.911481  0.293737
-0.907373  0.320683   0.27173  0.257727
 -0.39781 -0.863934 -0.308812   1.50731
        0         0         0         1

 0.133672 -0.383975  0.913616  0.292948
-0.909571  0.318479  0.266931  0.262962
-0.393462  -0.86668 -0.306681   1.51654
        0         0         0         1

 0.135928 -0.369064   0.91941  0.294483
-0.916077  0.306566  0.258495  0.278651
-0.377262 -0.877388  -0.29642   1.53932
        0         0         0         1

 0.142657 -0.364447  0.920232  0.293327
-0.917516  0.300024  0.261056  0.284191
-0.371233 -0.881569 -0.291585   1.55093
        0         0         0         1

 0.149903 -0.361844  0.920108  0.294161
-0.920017  0.289756  0.263839  0.292757
-0.362075 -0.886064 -0.289467   1.56504
        0         0         0         1

 0.156463 -0.362579  0.918725  0.295417
-0.921415  0.281397  0.267975  0.300266
-0.355689 -0.888455 -0.290057   1.57891
        0         0         0         1

 0.167013  -0.36357  0.916474  0.297759
-0.923543  0.267773  0.274528  0.310439
-0.345217 -0.892252 -0.291051   1.59348
        0         0         0         1

 0.180291 -0.363474  0.913992  0.298025
 -0.92565  0.251574  0.282636  0.319356
-0.332667 -0.896994 -0.291093   1.60349
        0         0         0         1

 0.210225 -0.359247  0.909256  0.304313
-0.928268  0.218509  0.300953  0.342653
-0.306797 -0.907301 -0.287542   1.63367
        0         0         0         1

 0.223251 -0.352872  0.908647  0.307605
-0.929025  0.205158  0.307931  0.353481
-0.295077 -0.912903 -0.282025   1.64539
        0         0         0         1

 0.230717 -0.344734  0.909906  0.316705
-0.932423  0.188971  0.308021  0.371074
-0.278131 -0.919483 -0.277839   1.66033
        0         0         0         1

 0.239903 -0.335686  0.910913  0.319371
-0.933955  0.176236  0.310917  0.381778
-0.264906 -0.925341 -0.271235   1.67376
        0         0         0         1

 0.251664 -0.323143  0.912274  0.321257
-0.935728  0.159462  0.314618  0.395533
-0.247139 -0.932819 -0.262243   1.69166
        0         0         0         1

 0.257769 -0.310258  0.915038  0.323121
-0.937494  0.148845  0.314563  0.406368
-0.233794 -0.938928 -0.252498   1.70775
        0         0         0         1

 0.254862 -0.276617  0.926568  0.339255
-0.949358  0.110508  0.294121  0.442256
-0.183752 -0.954605 -0.234444   1.74211
        0         0         0         1

 0.257657 -0.259159  0.930833  0.341485
-0.952811 0.0918875  0.289323  0.455991
-0.160513 -0.961454 -0.223254   1.75488
        0         0         0         1

 0.253769 -0.242887  0.936273  0.349181
-0.957716 0.0725778  0.278409   0.47442
-0.135575 -0.967336 -0.214199     1.776
        0         0         0         1

 0.249192 -0.230846  0.940539  0.355084
-0.961813 0.0545521  0.268217  0.489283
-0.113225  -0.97146 -0.208437   1.79081
        0         0         0         1

  0.226944  -0.192682   0.954657   0.372212
 -0.972537 0.00714902   0.232637   0.527882
-0.0516498  -0.981235  -0.185768    1.82606
         0          0          0          1

  0.206582  -0.176771   0.962328   0.382992
 -0.978281 -0.0201784     0.2063   0.548246
-0.0170495  -0.984045    -0.1771    1.83744
         0          0          0          1

  0.186504  -0.151841    0.97065   0.391374
 -0.982122 -0.0545001   0.180182   0.569953
 0.0255415  -0.986901   -0.15929    1.85367
         0          0          0          1

  0.164676  -0.131498   0.977543    0.40234
 -0.984696 -0.0792487    0.15522   0.588481
 0.0570579  -0.988144  -0.142536    1.86939
         0          0          0          1

  0.121818 -0.0905393   0.988414   0.424899
 -0.981333  -0.160291   0.106263   0.635321
  0.148813  -0.982909  -0.108376    1.89533
         0          0          0          1

  0.107805 -0.0753184   0.991315   0.431661
 -0.976671  -0.194295  0.0914501   0.654223
   0.18572  -0.978047 -0.0945073    1.90677
         0          0          0          1

 0.0933637 -0.0654066   0.993481   0.441687
 -0.968343  -0.237985  0.0753334    0.67759
  0.231506  -0.969064 -0.0855552    1.91989
         0          0          0          1

 0.0752749 -0.0623536   0.995211   0.457576
 -0.959841  -0.275028  0.0553681   0.700885
  0.270258  -0.959412 -0.0805522     1.9287
         0          0          0          1

 0.0599535 -0.0695178   0.995778   0.481269
 -0.945595  -0.323529  0.0343457   0.731165
  0.319775  -0.943661 -0.0851323    1.93635
         0          0          0          1

 0.0551364 -0.0754016   0.995628   0.494633
 -0.932814  -0.359529  0.0244297    0.75322
  0.356115  -0.930083 -0.0901588    1.94441
         0          0          0          1

 0.0622025 -0.0976509   0.993275    0.53155
 -0.896841  -0.442172  0.0126926   0.802842
  0.437958  -0.891599  -0.115081    1.96314
         0          0          0          1

0.0697456  -0.10767  0.991737  0.549988
-0.883613 -0.468081 0.0113233  0.823719
 0.462994 -0.877102 -0.127785   1.97103
        0         0         0         1

0.0912546 -0.122168  0.988305  0.566766
-0.865979 -0.499749 0.0181839  0.850147
 0.491684 -0.857511 -0.151399    1.9796
        0         0         0         1

 0.106898 -0.147308  0.983297  0.590795
 -0.85593 -0.516856 0.0156216  0.873507
 0.505922 -0.843303 -0.181336   1.98987
        0         0         0         1

 0.150567 -0.195322  0.969112   0.64281
-0.836039 -0.548328 0.0193778  0.921717
 0.527607 -0.813133 -0.245857   2.01083
        0         0         0         1

 0.170878  -0.21464  0.961629  0.659983
-0.823913 -0.566364 0.0199915  0.945096
 0.540341 -0.795714 -0.273624   2.00925
        0         0         0         1

 0.192366 -0.234773  0.952826  0.677936
 -0.80875 -0.587864 0.0184306    0.9748
 0.555805 -0.774143 -0.302957   2.00291
        0         0         0         1

 0.203731 -0.243947  0.948147  0.688617
-0.807253 -0.589807 0.0217065   0.99047
 0.553929 -0.769817 -0.317089   2.01545
        0         0         0         1

  0.203493  -0.269085   0.941373   0.719914
 -0.804026  -0.594581 0.00384626    1.01724
  0.558688  -0.757672  -0.337344    2.02285
         0          0          0          1

 0.198529 -0.300423  0.932916  0.753249
-0.797781 -0.602461 -0.024236   1.04294
 0.569326 -0.739451 -0.359278   2.01395
        0         0         0         1

  0.195068   -0.34435   0.918353   0.787412
  -0.78069  -0.621301 -0.0671391    1.09309
  0.593693  -0.703852  -0.390027    2.00166
         0          0          0          1

  0.193529  -0.364807   0.910748   0.806455
 -0.785873   -0.61336 -0.0786926    1.10719
  0.587324  -0.700503  -0.405395     2.0149
         0          0          0          1

  0.193271  -0.380368   0.904415   0.815203
 -0.771175  -0.628777 -0.0996456    1.13438
  0.606577  -0.678204  -0.414854     1.9956
         0          0          0          1

 0.189659 -0.398862  0.897184  0.833144
-0.777663 -0.618852  -0.11073   1.14692
 0.599391 -0.676706 -0.427551   2.01217
        0         0         0         1

 0.156009 -0.456863  0.875749  0.895111
