  0.282022  -0.274702    0.91924    1.65599
 -0.630303  -0.775402 -0.0383418    1.02106
  0.723313  -0.568587  -0.391826    1.77769
         0          0          0          1

  0.296322  -0.268173   0.916666    1.66621
  -0.63491  -0.772309 -0.0206991    1.00064
    0.7135  -0.575867  -0.399118    1.77545
         0          0          0          1

 0.326569 -0.246378  0.912497   1.69502
-0.650484 -0.759008 0.0278634  0.956679
 0.685728 -0.602664 -0.408134   1.77473
        0         0         0         1

 0.340174 -0.237138  0.909971   1.70511
-0.654648   -0.7544 0.0481296  0.940297
 0.675069 -0.612083 -0.411869   1.77109
        0         0         0         1

 0.352066 -0.214416  0.911085   1.71113
-0.666833 -0.740525 0.0834054  0.918862
 0.656797 -0.636906 -0.403693   1.77887
        0         0         0         1

 0.360204 -0.198681  0.911471   1.71727
-0.671574 -0.733382  0.105538  0.903503
 0.647488 -0.650135 -0.397597    1.7798
        0         0         0         1

 0.373346  -0.18319  0.909425    1.7204
 -0.67743 -0.723583   0.13235  0.885725
 0.633799 -0.665484 -0.394245    1.7787
        0         0         0         1

 0.376038 -0.178941  0.909162   1.73206
 -0.68376 -0.715771  0.141932  0.869493
 0.625354  -0.67502  -0.39151   1.77539
        0         0         0         1

 0.379862 -0.175541  0.908235   1.75152
-0.706368 -0.688994  0.162266  0.832224
 0.597284 -0.703187 -0.385719   1.77784
        0         0         0         1

 0.382112 -0.170817  0.908192   1.74914
-0.714778 -0.677539    0.1733  0.821137
 0.585732 -0.715376 -0.380992   1.78139
        0         0         0         1

 0.382424 -0.182596  0.905765    1.7543
-0.724628 -0.667489  0.171385  0.803978
 0.573294 -0.721885 -0.387578   1.77799
        0         0         0         1

 0.385135 -0.192364  0.902589   1.76144
-0.728662 -0.663567  0.169497  0.793081
 0.566324 -0.722962 -0.395731   1.77303
        0         0         0         1

 0.391608 -0.216925  0.894196    1.7738
-0.741937 -0.649228  0.167429  0.763987
 0.544218 -0.729004 -0.415187   1.76519
        0         0         0         1

 0.395843 -0.223415  0.890727   1.77541
-0.749873 -0.638539  0.173086  0.750823
 0.530094 -0.736447 -0.420293     1.768
        0         0         0         1

 0.395316 -0.235813   0.88776   1.78373
-0.758189 -0.629363  0.170443  0.734799
 0.518531 -0.740469 -0.427588   1.76444
        0         0         0         1

 0.395109 -0.242818  0.885962   1.79068
-0.769402   -0.6144  0.174737  0.719646
 0.501906 -0.750701 -0.429579   1.76619
        0         0         0         1

 0.395106 -0.243273  0.885838   1.79474
-0.775862 -0.604682  0.179994  0.706783
 0.491863 -0.758405  -0.42766   1.75987
        0         0         0         1

 0.386498 -0.249922  0.887782   1.80738
-0.790604 -0.585465  0.179375  0.687472
 0.474936 -0.771213 -0.423871   1.76381
        0         0         0         1

 0.379862 -0.242501  0.892691   1.81372
-0.803333 -0.564955  0.188367  0.660453
 0.458651 -0.788682 -0.409414   1.75235
        0         0         0         1

 0.372796  -0.24165  0.895895   1.81886
-0.812794 -0.550818  0.189644  0.647413
 0.447648 -0.798877 -0.401754   1.75335
        0         0         0         1

 0.362303 -0.243355  0.899731   1.82192
-0.819757 -0.542571  0.183347  0.633726
 0.443549 -0.803987 -0.396066   1.74453
        0         0         0         1

 0.352724 -0.248843  0.902033   1.82812
-0.828199  -0.53169  0.177176  0.621305
 0.435513 -0.809557 -0.393632   1.74072
        0         0         0         1

 0.335544 -0.260997  0.905147   1.83041
-0.844855 -0.508394  0.166599  0.598113
  0.41669 -0.820619 -0.391094   1.73405
        0         0         0         1

 0.321763 -0.281177  0.904106   1.84152
-0.856798 -0.492849   0.15165  0.583264
 0.402947 -0.823431 -0.399493   1.72963
        0         0         0         1

 0.314772 -0.294268    0.9024   1.84282
-0.865167 -0.479983  0.145264  0.570447
  0.39039 -0.826452 -0.405676   1.72409
        0         0         0         1

 0.309269 -0.299516  0.902576    1.8409
-0.871232 -0.469681  0.142667  0.562027
 0.381191 -0.830476 -0.406206   1.72614
        0         0         0         1

 0.290713 -0.335315   0.89613   1.85101
-0.885357 -0.449409  0.119057  0.537148
 0.362808 -0.828007 -0.427523   1.71362
        0         0         0         1

 0.279765 -0.348049  0.894759   1.86274
-0.895779 -0.429938  0.112844  0.520957
 0.345416 -0.833076 -0.432057   1.70903
        0         0         0         1

 0.267951 -0.356298  0.895128   1.86169
-0.908089 -0.403766  0.111116  0.510047
 0.321832  -0.84263  -0.43174   1.70575
        0         0         0         1

 0.249362  -0.37756  0.891777   1.86332
-0.918337 -0.384473 0.0940107  0.501226
 0.307369 -0.842395   -0.4426   1.69495
        0         0         0         1

 0.223471 -0.397032  0.890183   1.86722
-0.933428 -0.350147 0.0781579  0.488701
 0.280664 -0.848388 -0.448849   1.69115
        0         0         0         1

 0.203825  -0.41079  0.888655    1.8734
 -0.94428  -0.32211 0.0676849  0.475472
  0.25844 -0.852934 -0.453555   1.68735
        0         0         0         1

 0.186294 -0.425951  0.885359   1.87984
-0.957382 -0.281136 0.0661932  0.453654
 0.220711 -0.859958 -0.460172   1.66897
        0         0         0         1

 0.174197 -0.429024  0.886337   1.88504
 -0.96435 -0.256419 0.0654117  0.439899
 0.199211 -0.866134 -0.458397   1.66783
        0         0         0         1

 0.161914 -0.435052  0.885728   1.88746
-0.968624 -0.241569 0.0584139  0.429274
 0.188551 -0.867395 -0.460515     1.655
        0         0         0         1

 0.149952 -0.434997  0.887858   1.88792
-0.972717 -0.225692 0.0537084  0.420755
 0.177019 -0.871688 -0.456972   1.64923
        0         0         0         1

 0.111561 -0.445903  0.888102   1.89327
-0.983062 -0.180284 0.0329713  0.398663
 0.145408 -0.876737 -0.458463   1.63361
        0         0         0         1

0.0965836 -0.454599  0.885444    1.8978
-0.986177  -0.16404 0.0233513  0.389495
 0.134632  -0.87546 -0.464159    1.6248
        0         0         0         1

0.0843874 -0.457252  0.885325   1.89914
-0.989516 -0.142964 0.0204806   0.37883
 0.117205 -0.877771 -0.464522   1.61902
        0         0         0         1

0.0823345  -0.46562  0.881146   1.89895
-0.991271 -0.129612 0.0241342  0.372098
  0.10297 -0.875442 -0.472227   1.61011
        0         0         0         1

 0.079004 -0.469816  0.879222   1.90106
-0.993008 -0.114694  0.027941  0.362048
0.0877146 -0.875282 -0.475592   1.60047
        0         0         0         1

0.0791757 -0.471416   0.87835   1.90213
-0.994039 -0.103587  0.034008  0.355525
0.0749541 -0.875806 -0.476808   1.59432
        0         0         0         1

 0.0688017  -0.481724   0.873618    1.90657
 -0.996724 -0.0705176  0.0396126   0.337487
 0.0425231  -0.873481  -0.484997     1.5769
         0          0          0          1

 0.0674336  -0.484471   0.872204    1.90731
 -0.997272 -0.0590458  0.0443057   0.331914
 0.0300351  -0.872812  -0.487131    1.56834
         0          0          0          1

  0.061916  -0.486875   0.871275    1.90995
 -0.997982 -0.0425387  0.0471493   0.323766
 0.0141071  -0.872435  -0.488526    1.56008
         0          0          0          1

 0.0604728  -0.489146   0.870103    1.90939
 -0.998155 -0.0344656  0.0499969   0.319493
0.00553276  -0.871521  -0.490328    1.55114
         0          0          0          1

 0.0533556  -0.491788   0.869079    1.90901
 -0.998548 -0.0198372  0.0500788   0.314071
-0.00738804  -0.870489  -0.492132    1.54341
         0          0          0          1

  0.0484817   -0.493626    0.868322     1.90849
  -0.998671 -0.00872154   0.0508015    0.309826
 -0.0175038   -0.869631   -0.493392     1.53617
          0           0           0           1

0.0378863 -0.495021  0.868055   1.91023
-0.998396 0.0178166 0.0537352  0.298889
-0.0420658 -0.868698 -0.493552    1.5195
        0         0         0         1

0.0385558 -0.493748   0.86875   1.91115
-0.997636 0.0304682 0.0615922  0.294702
-0.0568802 -0.869071 -0.491406   1.51243
        0         0         0         1

  0.04329 -0.491783  0.869641   1.91285
-0.996402 0.0422287 0.0734805  0.289476
-0.0728603 -0.869693 -0.488186   1.50305
        0         0         0         1

0.0509651 -0.488481  0.871085   1.91348
-0.995173 0.0484071 0.0853706  0.286092
-0.0838686 -0.871231 -0.483656   1.49333
        0         0         0         1

0.0755029 -0.472462  0.878111   1.91618
-0.990393 0.0667814  0.121089  0.278404
-0.115851 -0.878817 -0.462881   1.47826
        0         0         0         1

0.0873212 -0.469644  0.878527   1.91657
-0.988309 0.0698037  0.135549  0.276789
-0.124984 -0.880092 -0.458058   1.46889
        0         0         0         1

0.0983711 -0.469182  0.877606   1.91897
-0.985499 0.0765939  0.151413  0.273169
 -0.13826 -0.879774 -0.454843   1.45824
        0         0         0         1

 0.109697 -0.464622  0.878688   1.92042
-0.982839 0.0811987  0.165635  0.271568
-0.148306 -0.881779 -0.447741   1.45296
        0         0         0         1

 0.122494 -0.459599  0.879639   1.91972
-0.979517 0.0867392  0.181723  0.270978
-0.159819 -0.883881  -0.43956   1.44575
        0         0         0         1

 0.127734 -0.455844  0.880846   1.92194
-0.977848 0.0906068   0.18869  0.268794
-0.165824 -0.885436 -0.434173   1.44022
        0         0         0         1

 0.137126 -0.446007  0.884463   1.92323
-0.975811 0.0926528  0.198011  0.267017
-0.170262 -0.890221 -0.422513   1.42812
        0         0         0         1

 0.139992 -0.440914  0.886565   1.92271
-0.975828 0.0903157  0.199003  0.268015
-0.167814 -0.892994 -0.417613   1.42266
        0         0         0         1

 0.134572 -0.431801  0.891873   1.92495
-0.977052 0.0921445  0.192036  0.266241
-0.165103  -0.89725 -0.409492   1.41825
        0         0         0         1

 0.126574 -0.427454  0.895132   1.92737
-0.979055 0.0912371   0.18201  0.263854
 -0.15947 -0.899421 -0.406953   1.41171
        0         0         0         1

 0.113599 -0.406694  0.906474   1.92774
-0.981993  0.092655  0.164633  0.265562
-0.150944 -0.908854 -0.388845   1.40529
        0         0         0         1

 0.106605 -0.398611  0.910903   1.92893
-0.983183 0.0943572  0.156355  0.264779
-0.148275 -0.912253 -0.381848   1.40252
        0         0         0         1

 0.101937 -0.391494  0.914517   1.92865
-0.984132 0.0945265  0.150162  0.266093
-0.145234 -0.915313 -0.375646    1.3967
        0         0         0         1

0.0970763 -0.386728   0.91707   1.92988
-0.984662 0.0968934  0.145091  0.265219
-0.144969  -0.91709  -0.37139   1.39238
        0         0         0         1

 0.093883 -0.380415  0.920038   1.93132
-0.984488  0.102106  0.142678  0.264531
-0.148218 -0.919162 -0.364928   1.39233
        0         0         0         1

0.0907385 -0.377492  0.921556   1.93295
 -0.98441  0.106008  0.140351  0.263709
-0.150674 -0.919925 -0.361988   1.39039
        0         0         0         1

0.0873012 -0.373816  0.923385   1.93689
-0.984854  0.107002  0.136431  0.261353
-0.149804  -0.92131 -0.358813   1.38119
        0         0         0         1

0.0875595 -0.370484  0.924702   1.93715
-0.985136  0.105511  0.135555  0.261448
-0.147787 -0.922827 -0.355739   1.37708
        0         0         0         1

0.0861298 -0.366056  0.926599   1.93861
-0.985364  0.106027  0.133478  0.259959
-0.147105 -0.924533 -0.351566    1.3739
        0         0         0         1

0.0882072 -0.363393  0.927451   1.93901
-0.985203  0.105532  0.135049   0.25987
-0.146952  -0.92564 -0.348707   1.37085
        0         0         0         1

0.0898944 -0.358734  0.929101   1.94306
-0.984534  0.108844  0.137283  0.255979
-0.150375 -0.927072 -0.343401   1.36793
        0         0         0         1

0.0961026 -0.359769  0.928079   1.94197
-0.984037  0.105968  0.142975  0.257198
-0.149785 -0.927004 -0.343842    1.3654
        0         0         0         1

 0.104554 -0.359022  0.927454   1.94168
-0.983358  0.102003  0.150342  0.257613
-0.148579 -0.927738 -0.342383   1.36446
        0         0         0         1

 0.108146 -0.359165  0.926987   1.94407
-0.983181 0.0993973  0.153213  0.256187
-0.147169 -0.927966 -0.342375   1.36257
        0         0         0         1

 0.111266  -0.35684  0.927516   1.94729
-0.983208 0.0963138  0.155001  0.253787
-0.144643 -0.929187 -0.340132   1.36159
        0         0         0         1

 0.120859  -0.35667   0.92638   1.94488
-0.982529 0.0900725  0.162864  0.256128
 -0.14153 -0.929878 -0.339553   1.35961
        0         0         0         1

 0.131761 -0.347937  0.928213   1.94518
-0.982235 0.0803875  0.169563  0.255036
-0.133614 -0.934065 -0.331164   1.35819
        0         0         0         1

 0.137897 -0.340031  0.930249   1.94481
-0.981915 0.0760749  0.173363  0.255293
-0.129717 -0.937332 -0.323391   1.35883
        0         0         0         1

 0.142752 -0.332803  0.932129   1.94412
-0.982284 0.0678836   0.17467  0.255414
-0.121407  -0.94055 -0.317217   1.35921
        0         0         0         1

 0.148265 -0.326053  0.933653   1.94248
-0.982582 0.0583809  0.176423  0.255833
-0.112031 -0.943547 -0.311718   1.36124
        0         0         0         1

 0.157138 -0.321949  0.933625   1.93815
-0.984138 0.0277694  0.175216   0.25824
-0.0823369  -0.94635 -0.312479   1.36542
        0         0         0         1

 0.162141 -0.319817  0.933503   1.93475
-0.984166 0.0162433  0.176506  0.259782
-0.0716127  -0.94734 -0.312119   1.36887
        0         0         0         1

  0.164867  -0.311687   0.935772     1.9313
 -0.984637 0.00332681   0.174585   0.261814
-0.0575289  -0.950179   -0.30635    1.37369
         0          0          0          1

   0.171331   -0.302627    0.937583     1.92501
   -0.98413 -0.00794541    0.177272    0.266177
 -0.0461979   -0.953076   -0.299186     1.37818
          0           0           0           1

  0.179145  -0.291594   0.939617    1.91732
 -0.983166 -0.0181804   0.181807   0.271221
-0.0359311  -0.956369  -0.289942    1.38566
         0          0          0          1

  0.18175 -0.284367   0.94133   1.91268
-0.983045 -0.028915   0.18107  0.273906
-0.0242716 -0.958279 -0.284801   1.38923
        0         0         0         1

  0.183659  -0.261019   0.947702    1.90129
  -0.98297 -0.0548795   0.175379   0.281203
0.00623205  -0.963772  -0.266653    1.40168
         0          0          0          1

  0.188816  -0.248653   0.950011    1.89322
 -0.981787 -0.0685292   0.177195    0.28632
 0.0210433  -0.966165  -0.257063    1.40784
         0          0          0          1

  0.192832  -0.235203   0.952625    1.88477
  -0.98037 -0.0868609   0.177003   0.292227
 0.0411144  -0.968057  -0.247336     1.4156
         0          0          0          1

 0.197893 -0.220113   0.95519   1.87633
-0.978617 -0.100125  0.179674  0.297354
0.0560902 -0.970322  -0.23522   1.42553
        0         0         0         1

 0.205911 -0.194391  0.959069   1.85718
-0.973809 -0.137272  0.181252  0.310606
0.0964195 -0.971272 -0.217565   1.44153
        0         0         0         1

 0.211087  -0.18059   0.96064   1.84718
-0.970797 -0.153346  0.184492  0.317464
 0.113993 -0.971531 -0.207686   1.45005
        0         0         0         1

 0.218359 -0.163187  0.962127   1.83343
-0.966363 -0.173429  0.189906  0.326614
  0.13587 -0.971232 -0.195568   1.46005
        0         0         0         1

 0.223196  -0.14855  0.963388   1.82229
-0.963077 -0.186253  0.194404  0.333643
 0.150555 -0.971207 -0.184636   1.47034
        0         0         0         1

  0.22608 -0.137952  0.964291   1.81126
-0.958862 -0.205977   0.19534  0.340627
 0.171675 -0.968784 -0.178844   1.47869
        0         0         0         1

 0.230412 -0.126157  0.964881   1.79917
 -0.95568  -0.21608  0.199963  0.348257
 0.183265 -0.968191 -0.170353   1.48952
        0         0         0         1

 0.245703 -0.101333  0.964034   1.76704
-0.946307 -0.240612  0.215893  0.366659
 0.210081 -0.965317 -0.155011   1.51329
        0         0         0         1

  0.253714 -0.0942152    0.96268    1.75361
 -0.941826  -0.250874   0.223666   0.374839
  0.220438  -0.963424  -0.152384    1.52328
         0          0          0          1

 0.261032 -0.083603  0.961703   1.73478
-0.937328 -0.260166  0.231799  0.384534
 0.230823 -0.961938 -0.146275   1.53564
        0         0         0         1

  0.265232 -0.0796871   0.960886    1.72122
 -0.934111  -0.268197   0.235599   0.391918
  0.238933  -0.960063  -0.145571    1.54483
         0          0          0          1

  0.27753 -0.066004  0.958447   1.68645
-0.926596 -0.281909  0.248894  0.410896
 0.253767 -0.957168 -0.139397    1.5694
        0         0         0         1

  0.282797 -0.0640739   0.957037    1.67094
 -0.922081   -0.29297   0.252853   0.419669
  0.264182  -0.953972  -0.141932    1.57543
         0          0          0          1

  0.288533 -0.0576608   0.955732    1.65038
  -0.91822  -0.299534   0.259137   0.429517
  0.271332  -0.952342  -0.139371    1.58856
         0          0          0          1

  0.293552 -0.0560262     0.9543    1.63307
 -0.916443  -0.300493   0.264265   0.436849
  0.271954  -0.952137  -0.139555    1.60168
         0          0          0          1

  0.300958 -0.0508668    0.95228     1.6104
 -0.911829  -0.307781   0.271733   0.447671
  0.279272  -0.950096  -0.139011    1.61361
         0          0          0          1

  0.303715 -0.0511608   0.951388    1.59203
 -0.909384  -0.313443    0.27345   0.455892
  0.284216  -0.948228  -0.141722    1.62279
         0          0          0          1

  0.314254 -0.0508588   0.947976    1.54978
 -0.906488  -0.312698   0.283725   0.471742
     0.282   -0.94849   -0.14437    1.65156
         0          0          0          1

  0.321398 -0.0536915   0.945421    1.52942
 -0.904591  -0.312655   0.289761   0.479985
  0.280033  -0.948348  -0.149056    1.66363
         0          0          0          1

  0.320702 -0.0483177   0.945947    1.50589
 -0.900471  -0.325304   0.288668   0.491132
  0.293772  -0.944374  -0.147834    1.66791
         0          0          0          1

    0.3258 -0.0514522   0.944038    1.48319
 -0.900192  -0.322085   0.293114   0.497668
  0.288979  -0.945311  -0.151252    1.68293
         0          0          0          1

  0.335883 -0.0594813   0.940024    1.43561
  -0.89665  -0.325818   0.299768   0.513415
  0.288446  -0.943559  -0.162771     1.7025
         0          0          0          1

  0.337876 -0.0601466   0.939267    1.41439
 -0.896349  -0.324927   0.301631   0.519226
  0.287051  -0.943825  -0.163697    1.71349
         0          0          0          1

  0.339544 -0.0671762   0.938188    1.39235
 -0.896317  -0.325524   0.301082   0.527231
  0.285177  -0.943145  -0.170741     1.7215
         0          0          0          1

  0.341806 -0.0705124   0.937121    1.37104
 -0.896498  -0.323572   0.302642   0.533026
  0.281886  -0.943573  -0.173813    1.73085
         0          0          0          1

   0.34457 -0.0787118   0.935455    1.34773
 -0.896596  -0.322882   0.303089    0.54044
  0.278185   -0.94316  -0.181828    1.73703
         0          0          0          1

  0.349098 -0.0817986   0.933509    1.32417
 -0.896349  -0.319675    0.30719   0.546171
  0.273292   -0.94399  -0.184918     1.7452
         0          0          0          1

  0.351442 -0.0900615   0.931868    1.27753
 -0.899076  -0.310021   0.309112   0.557809
  0.261059  -0.946455  -0.189926    1.76134
         0          0          0          1

  0.348443 -0.0965365   0.932346     1.2613
 -0.902453  -0.303362   0.305861   0.560586
  0.253311  -0.947973  -0.192824    1.76738
         0          0          0          1

 0.348965 -0.104011  0.931346   1.23694
-0.903806 -0.300044  0.305138  0.567636
 0.247707 -0.948238  -0.19871   1.76822
        0         0         0         1

 0.350429 -0.105746    0.9306   1.21425
-0.904561 -0.295832  0.307008  0.572042
 0.242836 -0.949369 -0.199322   1.77189
        0         0         0         1

 0.346806  -0.11007  0.931456   1.19384
-0.908171 -0.287609  0.304149  0.575293
 0.234417 -0.951402 -0.199707   1.77708
        0         0         0         1

  0.34447 -0.113578  0.931902   1.17565
-0.911492 -0.278131  0.303028  0.578947
 0.224774 -0.953804 -0.199333   1.78097
        0         0         0         1

 0.339108 -0.122828  0.932695   1.13523
-0.917444 -0.262486  0.298996  0.587442
 0.208094 -0.957087 -0.201699   1.78134
        0         0         0         1

 0.337582 -0.126102  0.932811   1.11835
-0.920503 -0.251366  0.299147  0.589912
 0.196754 -0.959642 -0.200934   1.78301
        0         0         0         1

 0.335997  -0.12802  0.933122   1.09731
 -0.92343 -0.239819  0.299605  0.593408
 0.185425  -0.96234 -0.198796    1.7836
        0         0         0         1

 0.334583 -0.130449  0.933294   1.08094
-0.925938 -0.229626  0.299851  0.595909
 0.175193 -0.964497 -0.197617   1.78196
        0         0         0         1

 0.325787 -0.144181  0.934385   1.05058
-0.932824 -0.209957  0.292845  0.602398
 0.153958 -0.967021 -0.202897   1.77668
        0         0         0         1

 0.322657 -0.146945   0.93504   1.03698
-0.935153 -0.202103  0.290934  0.605363
 0.146223 -0.968278 -0.202626   1.77318
        0         0         0         1

 0.315845 -0.150149  0.936855   1.02384
-0.938806 -0.192469  0.285656   0.60789
 0.137425 -0.969748 -0.201751   1.76824
        0         0         0         1

 0.309999 -0.152787   0.93838   1.01398
-0.942113 -0.182002  0.281599  0.610304
 0.127762 -0.971355 -0.200363   1.76528
        0         0         0         1

 0.309018 -0.149112  0.939294   0.98185
-0.945386 -0.155844  0.286282  0.613657
 0.103695 -0.976462 -0.189127   1.75754
        0         0         0         1

 0.310068 -0.147946  0.939133  0.969508
-0.946099  -0.14524  0.289487  0.614891
0.0935708 -0.978273 -0.185005   1.75319
        0         0         0         1

  0.30635 -0.148069  0.940332  0.959085
-0.948078 -0.136107  0.287442  0.617568
0.0854246 -0.979566 -0.182077   1.74529
        0         0         0         1

 0.304495 -0.148004  0.940945  0.950529
-0.949515 -0.125495  0.287529  0.619169
0.0755284 -0.980992 -0.178744   1.74035
        0         0         0         1

 0.301927 -0.141534  0.942766  0.938847
-0.950934 -0.114795  0.287309  0.619607
0.0675612 -0.983255 -0.169249   1.73128
        0         0         0         1

  0.30306   -0.1315  0.943855  0.928962
-0.951135 -0.103197   0.29102  0.620707
0.0591335  -0.98593 -0.156349   1.72511
        0         0         0         1

  0.295973  -0.124221   0.947085    0.91658
  -0.95453 -0.0755038   0.288396   0.621973
 0.0356836  -0.989378   -0.14092    1.71263
         0          0          0          1

 0.288096 -0.126467  0.949214  0.915829
-0.957108 -0.069846  0.281186  0.623549
0.0307382 -0.989509 -0.141164   1.70361
        0         0         0         1

  0.284307  -0.126547   0.950345   0.910921
 -0.958488 -0.0599249   0.278763   0.624222
 0.0216726  -0.990149  -0.138331    1.69522
         0          0          0          1

  0.287822  -0.115403   0.950705   0.903645
 -0.957623 -0.0459313    0.28434   0.623929
 0.0108533  -0.992256  -0.123733    1.69026
         0          0          0          1

  0.289335  -0.101772   0.951802   0.890128
  -0.95718 -0.0208411   0.288742   0.624159
-0.00954925  -0.994589  -0.103444    1.67708
         0          0          0          1

  0.288408 -0.0984771    0.95243   0.886221
 -0.957447 -0.0184539   0.288019   0.625488
-0.0107873  -0.994968 -0.0996088    1.66528
         0          0          0          1

  0.289427 -0.0874218     0.9532   0.882486
 -0.956966 -0.0043989   0.290167   0.625122
-0.0211739  -0.996162 -0.0849328    1.65833
         0          0          0          1

  0.289202 -0.0786383   0.954033   0.878967
 -0.956755 0.00887323   0.290759    0.62423
-0.0313301  -0.996864 -0.0726714    1.65436
         0          0          0          1

  0.287594 -0.0763778   0.954702   0.875633
 -0.957095  0.0140115   0.289435   0.624326
-0.0354833   -0.99698 -0.0690711    1.64474
         0          0          0          1

  0.281535 -0.0696132   0.957023   0.876693
 -0.958702  0.0215367   0.283596   0.624812
-0.0403531  -0.997342  -0.060675    1.63886
         0          0          0          1

  0.275793 -0.0591876   0.959393   0.872817
 -0.959791  0.0373847   0.278214   0.623258
-0.0523335  -0.997547 -0.0464973    1.62528
         0          0          0          1

  0.272182 -0.0550654   0.960669    0.87312
 -0.960459  0.0452689   0.274717   0.623206
-0.0586158  -0.997456 -0.0405667    1.62111
         0          0          0          1

  0.269847 -0.0511082   0.961546   0.872613
 -0.960878  0.0504354    0.27234   0.623611
-0.0624148  -0.997419  -0.035499    1.61407
         0          0          0          1

  0.270493 -0.0460824   0.961618   0.872414
   -0.9606  0.0533546   0.272764    0.62344
-0.0638764  -0.997512 -0.0298347    1.60688
         0          0          0          1

  0.269762 -0.0344166   0.962312   0.870375
  -0.96034  0.0635845   0.271484   0.622975
-0.0705317  -0.997383 -0.0158989    1.59497
         0          0          0          1

   0.270251  -0.0280967     0.96238    0.869134
  -0.960007   0.0680765    0.271572    0.622293
 -0.0731457   -0.997284 -0.00857528     1.59153
          0           0           0           1

   0.270177  -0.0257892    0.962465    0.868063
  -0.959751   0.0724119    0.271356    0.622303
  -0.076692   -0.997041 -0.00518718     1.58764
          0           0           0           1

    0.26935   -0.020852    0.962816    0.868177
  -0.959866    0.075319    0.270156    0.621458
 -0.0781516   -0.996941 0.000272097     1.58438
          0           0           0           1

  0.266557  -0.016762   0.963673    0.86919
  -0.96065  0.0763932   0.267049   0.621735
-0.0780944  -0.996937 0.00426071    1.57968
         0          0          0          1

  0.263555 -0.0146701   0.964533   0.870819
 -0.961151  0.0810276   0.263863    0.62153
-0.0820247  -0.996604 0.00725509     1.5779
         0          0          0          1

  0.271856 -0.0151168   0.962219   0.866642
 -0.958483  0.0851514   0.272138   0.621396
-0.0860482  -0.996253  0.0086597    1.57138
         0          0          0          1

  0.275448 -0.0166746   0.961171   0.866759
 -0.957151  0.0882161   0.275826   0.621063
-0.0893901  -0.995962 0.00833875    1.57036
         0          0          0          1

  0.277178 -0.0168036   0.960672   0.868062
  -0.95646  0.0902987   0.277542   0.620628
-0.0914111  -0.995773 0.00895686    1.56634
         0          0          0          1

  0.276663 -0.0174876   0.960808   0.869738
  -0.95662  0.0899846   0.277095   0.621159
-0.0913036   -0.99579 0.00816645    1.56116
         0          0          0          1

  0.286454 -0.0179047   0.957927   0.863545
 -0.953314   0.094419   0.286839   0.619995
-0.0955823  -0.995372 0.00997786    1.55493
         0          0          0          1

  0.286215 -0.0173313   0.958009   0.865695
 -0.953166  0.0968489   0.286521   0.619722
-0.0977479  -0.995148     0.0112    1.55321
         0          0          0          1

  0.291762 -0.0169698    0.95634   0.863442
 -0.950985   0.101984   0.291938   0.619543
 -0.102486  -0.994641   0.013617    1.55203
         0          0          0          1

  0.294173 -0.0172091   0.955597   0.863907
 -0.949741   0.106699   0.294292   0.619617
 -0.107026  -0.994142  0.0150438    1.55162
         0          0          0          1

  0.293917 -0.0175766   0.955669   0.865984
 -0.949618   0.108439   0.294051   0.619808
   -0.1088  -0.993948  0.0151809    1.54765
         0          0          0          1

  0.298084 -0.0127716   0.954454   0.864924
 -0.948066   0.112298   0.297592   0.619935
 -0.110984  -0.993593  0.0213659    1.54442
         0          0          0          1

   0.301323 -0.00183455    0.953521    0.864654
  -0.946928    0.116824    0.299464    0.620505
  -0.111944   -0.993151   0.0334645     1.53587
          0           0           0           1

   0.296341 -0.00403653    0.955074    0.870013
   -0.94827    0.117978    0.294729    0.620918
  -0.113868   -0.993008   0.0311341     1.53441
          0           0           0           1

   0.298383 -0.00439941    0.954436    0.869173
  -0.947365    0.120217    0.296726    0.620617
  -0.116045   -0.992738   0.0317029     1.53203
          0           0           0           1

   0.302319 -0.00321782    0.953201    0.867048
  -0.945756    0.123771    0.300375    0.619731
  -0.118945   -0.992306    0.034375     1.53246
          0           0           0           1

   0.306166 -0.00494189    0.951965    0.865028
   -0.94426    0.125501    0.304339    0.619765
  -0.120977   -0.992081   0.0337578     1.53279
          0           0           0           1

   0.308635 -0.00734313    0.951152    0.864607
    -0.9435    0.124458    0.307113    0.619299
  -0.120634   -0.992198    0.031484     1.53198
          0           0           0           1

   0.307526 -0.00879542    0.951499    0.871389
   -0.94478    0.116156    0.306428     0.62029
  -0.113217   -0.993192   0.0274112     1.52802
          0           0           0           1

   0.309498 -0.00851673    0.950862    0.872619
  -0.944267    0.115153    0.308383    0.620484
  -0.112121   -0.993311   0.0275975     1.52858
          0           0           0           1

   0.313228 -0.00793667    0.949645     0.87131
  -0.942896    0.116689    0.311978    0.619883
   -0.11329   -0.993137    0.029067     1.52999
          0           0           0           1

   0.314347 -0.00673069    0.949284    0.871649
  -0.942553    0.116872    0.312947    0.619648
  -0.113051   -0.993124   0.0303942     1.52997
          0           0           0           1

   0.316078 -0.00406747    0.948725    0.872903
  -0.942097    0.116721     0.31437    0.619682
  -0.112014   -0.993156   0.0330608     1.52999
          0           0           0           1

   0.317333 -0.00332517    0.948308     0.87293
  -0.941811    0.115802    0.315565    0.619857
  -0.110866   -0.993267   0.0336162     1.52925
          0           0           0           1

   0.320742 -0.00301089    0.947162    0.871545
  -0.940831    0.114452    0.318963    0.619832
  -0.109365   -0.993424   0.0338768     1.52924
          0           0           0           1

   0.322659 -0.00253386    0.946512     0.87134
  -0.940468    0.112003    0.320899    0.619933
  -0.106825   -0.993705   0.0337557     1.52929
          0           0           0           1

    0.32273 -0.00237752    0.946488    0.872354
  -0.940819    0.108511    0.321069    0.620263
  -0.103467   -0.994092   0.0327828     1.52835
          0           0           0           1

   0.323507 -0.00212401    0.946223    0.872938
  -0.940619    0.107982    0.321833    0.620425
  -0.102859   -0.994151   0.0329351     1.52875
          0           0           0           1

    0.32774 6.13759e-05    0.944768     0.87178
  -0.939329    0.107175    0.325846    0.620567
  -0.101235    -0.99424    0.035183     1.52923
          0           0           0           1

   0.328789 2.43359e-05    0.944403    0.871495
  -0.939004    0.106786    0.326906    0.620447
  -0.100841   -0.994282    0.035133     1.52956
          0           0           0           1

    0.32772 0.000365134    0.944775    0.871913
  -0.939555    0.105098    0.325869    0.620508
 -0.0991753   -0.994462   0.0347859     1.52964
          0           0           0           1

   0.326516 0.000152268    0.945192    0.872717
  -0.939826     0.10646    0.324645    0.620563
  -0.100575   -0.994317   0.0349039     1.53057
          0           0           0           1

   0.323814 0.000237902    0.946121    0.873701
  -0.941079    0.103178    0.322063    0.620838
 -0.0975419   -0.994663   0.0336343     1.52985
          0           0           0           1

   0.321014 0.000340009    0.947075    0.874868
  -0.942006    0.103431    0.319259    0.621084
  -0.097848   -0.994637   0.0335229     1.53035
          0           0           0           1

    0.318688 -0.000407303      0.94786     0.875865
   -0.942766     0.103393      0.31702     0.621052
  -0.0981314     -0.99464    0.0325662      1.53101
           0            0            0            1

   0.320357 -0.00071056    0.947297    0.873621
   -0.94228    0.102546    0.318737    0.620938
 -0.0973677   -0.994728   0.0321817       1.531
          0           0           0           1

   0.318473 -0.00263594    0.947928    0.873147
  -0.942769    0.103344    0.317027    0.621027
 -0.0987981   -0.994642   0.0304271     1.53261
          0           0           0           1

   0.317599 -0.00400379    0.948217    0.872049
  -0.943167    0.101812    0.316338      0.6213
 -0.0978063   -0.994796   0.0285592     1.53245
          0           0           0           1

   0.313839 -0.00963118    0.949427    0.870535
  -0.944479   0.0992864    0.313211    0.621934
 -0.0972818   -0.995012   0.0220635     1.53393
          0           0           0           1

   0.31308 -0.0124138   0.949646   0.870001
 -0.944897  0.0966393   0.312778    0.62234
-0.0956558  -0.995242   0.018526    1.53462
         0          0          0          1

 0.312543 -0.016308  0.949764  0.868153
-0.945023 0.0958861  0.312629  0.623607
-0.0961675 -0.995259 0.0145571   1.53656
        0         0         0         1

  0.308541 -0.0191452   0.951018   0.868694
 -0.946336  0.0949141   0.308933   0.624123
-0.0961796  -0.995301  0.0111671    1.53711
         0          0          0          1

  0.305328 -0.0244424   0.951933   0.867793
 -0.946984  0.0971693   0.306236   0.627342
-0.0999839  -0.994968   0.006522     1.5427
         0          0          0          1

  0.306258  -0.027115   0.951562   0.866964
  -0.94674   0.095745   0.307435   0.628975
-0.0994434  -0.995037 0.00365185    1.54331
         0          0          0          1

   0.30679 -0.0297926   0.951311   0.865056
   -0.9464  0.0965459    0.30823   0.630063
 -0.101028  -0.994883 0.00142357    1.54564
         0          0          0          1

    0.304081   -0.0318804     0.952112     0.864805
   -0.947224    0.0963619     0.305747     0.632548
   -0.101495    -0.994836 -0.000896051      1.54869
           0            0            0            1

    0.30195  -0.0347617     0.95269    0.863229
  -0.947874   0.0957586    0.303918    0.634745
  -0.101793   -0.994797 -0.00403541     1.55243
          0           0           0           1

   0.300091  -0.0369429    0.953195    0.860696
  -0.948281    0.096849    0.302298    0.637155
  -0.103484   -0.994613 -0.00596866     1.55803
          0           0           0           1

  0.296688 -0.0436529   0.953976   0.856394
  -0.94961  0.0922471   0.299551   0.643075
 -0.101078  -0.994779 -0.0140846    1.56561
         0          0          0          1

  0.289731 -0.0484692    0.95588   0.859396
 -0.952499  0.0832947    0.29293   0.647518
-0.0938178  -0.995346 -0.0220339    1.56603
         0          0          0          1

  0.288981 -0.0536781   0.955829   0.856295
 -0.953098   0.077701   0.292519   0.650554
-0.0899707  -0.995531 -0.0287064    1.57124
         0          0          0          1

  0.287778 -0.0575708   0.955965   0.852164
  -0.95393  0.0712194   0.291455   0.654117
-0.0848625  -0.995798 -0.0344231    1.57712
         0          0          0          1

  0.276672 -0.0653298   0.958741   0.851585
 -0.958326  0.0551249   0.280308   0.665168
 -0.071163   -0.99634 -0.0473557    1.59079
         0          0          0          1

   0.26871 -0.0740532    0.96037   0.850736
  -0.96106  0.0461399   0.272461   0.669081
 -0.064488  -0.996186 -0.0587713    1.59811
         0          0          0          1

   0.26157 -0.0805814   0.961815    0.84553
 -0.964042  0.0266536   0.264409   0.676927
-0.0469423  -0.996392 -0.0707121    1.60053
         0          0          0          1

  0.248972 -0.0942985   0.963909   0.847586
 -0.967831   0.013059   0.251263    0.68328
-0.0362814  -0.995458 -0.0880137    1.60688
         0          0          0          1

  0.234113  -0.111804   0.965759   0.845877
 -0.971808 0.00163578   0.235768   0.691369
-0.0279396  -0.993729  -0.108269    1.61747
         0          0          0          1

 0.217329 -0.126716  0.967839  0.847792
-0.975958  -0.01137  0.217663  0.699263
-0.0165771 -0.991874  -0.12614   1.62389
        0         0         0         1

  0.183663  -0.144146   0.972363   0.838723
 -0.982952 -0.0355898   0.180387   0.716139
0.00860414  -0.988916  -0.148225    1.64508
         0          0          0          1

  0.169119  -0.145483   0.974799   0.835673
 -0.985188 -0.0533882   0.162953   0.724868
 0.0283358  -0.987919  -0.152357    1.65238
         0          0          0          1

  0.152845  -0.146293   0.977362   0.830628
 -0.986739 -0.0772715   0.142745   0.734452
 0.0546396  -0.986219  -0.156164    1.66118
         0          0          0          1

 0.134214 -0.141764   0.98076  0.830748
-0.987445  -0.10233  0.120338  0.745554
0.0833012 -0.984597 -0.153718   1.66821
        0         0         0         1

 0.101687 -0.130555  0.986213  0.820924
-0.984234 -0.157415 0.0806442  0.767878
 0.144716 -0.978865 -0.144503   1.68597
        0         0         0         1

0.0868203 -0.125899  0.988237  0.818163
-0.981918 -0.178324 0.0635472  0.778101
 0.168225 -0.975884 -0.139104   1.69768
        0         0         0         1

0.0631946 -0.127614  0.989809  0.823186
-0.977002 -0.210295 0.0352641  0.793097
 0.203652 -0.969273 -0.137968   1.70301
        0         0         0         1

0.0569026 -0.124599  0.990574  0.820943
-0.971524 -0.235491 0.0261871  0.804724
 0.230009 -0.963856 -0.134451   1.70966
        0         0         0         1

0.0545539 -0.133364  0.989564  0.823049
-0.964134  -0.26484 0.0174593  0.818816
 0.259747 -0.955026 -0.143029     1.718
        0         0         0         1

0.0635105 -0.140757  0.988005  0.826157
-0.955938 -0.292907 0.0197199  0.832816
 0.286618 -0.945724 -0.153158   1.72031
        0         0         0         1

 0.109267   -0.1689  0.979558  0.836909
-0.943195 -0.328676 0.0485389  0.859631
 0.313759 -0.929217 -0.195218   1.74442
        0         0         0         1

 0.135252 -0.176337  0.974993  0.844851
-0.933573 -0.352297 0.0657894  0.874618
 0.331886 -0.919126 -0.212273    1.7421
        0         0         0         1

 0.165723 -0.174427  0.970624  0.849688
-0.922728 -0.374749 0.0902008  0.890144
 0.348007 -0.910571 -0.223053   1.74403
        0         0         0         1

 0.173576 -0.176395  0.968894  0.862183
-0.917206  -0.38721 0.0938214  0.905248
 0.358616  -0.90496 -0.229001   1.74955
        0         0         0         1

 0.165512 -0.180829  0.969488  0.869157
-0.911302 -0.403842  0.080254  0.937998
 0.377008 -0.896779  -0.23163   1.75964
        0         0         0         1

 0.154537 -0.183842  0.970732  0.869136
-0.908544 -0.412459 0.0665237  0.953566
 0.388157 -0.892233 -0.230768   1.75808
        0         0         0         1

 0.134473 -0.185511  0.973398  0.873044
-0.904752 -0.423634  0.044253  0.973035
 0.404154 -0.886634 -0.224809   1.75855
        0         0         0         1

 0.111832 -0.193877  0.974631  0.889422
-0.904645 -0.425737 0.0191123  0.987313
 0.411231 -0.883832    -0.223   1.76931
        0         0         0         1

  0.0859965   -0.196269    0.976772    0.893354
  -0.896775   -0.442376 -0.00993613     1.00888
    0.43405    -0.87509   -0.214052     1.76172
          0           0           0           1

 0.0681737  -0.203644   0.976669    0.89416
 -0.888681  -0.457313 -0.0333217    1.02443
