0.00745693 -0.280748  0.959753  0.829224
-0.775708 -0.607307 -0.171623  0.884533
 0.631048 -0.743208 -0.222307   2.42297
        0         0         0         1

0.0120282 -0.273067   0.96192   0.83429
-0.779681 -0.604869 -0.161959  0.873836
 0.626061 -0.748043 -0.220181   2.43054
        0         0         0         1

0.0211712 -0.257911  0.965937   0.84411
-0.775677 -0.613799 -0.146887  0.861948
 0.630774 -0.746146 -0.213051   2.42303
        0         0         0         1

 0.0659056  -0.212538   0.974928   0.880863
 -0.797551  -0.598377 -0.0765337   0.801739
   0.59964  -0.772511  -0.208947    2.44313
         0          0          0          1

 0.0659056  -0.212538   0.974928   0.880863
 -0.797551  -0.598377 -0.0765337   0.801739
   0.59964  -0.772511  -0.208947    2.44313
         0          0          0          1

 0.0849429   -0.19947   0.976215   0.921688
  -0.79246  -0.607424 -0.0551611   0.787292
   0.60398  -0.768926  -0.209669    2.43194
         0          0          0          1

 0.0849429   -0.19947   0.976215   0.921688
  -0.79246  -0.607424 -0.0551611   0.787292
   0.60398  -0.768926  -0.209669    2.43194
         0          0          0          1

  0.109329  -0.168961    0.97954   0.944037
  -0.79092  -0.611676 -0.0172312   0.767663
  0.602073  -0.772855  -0.200509    2.42566
         0          0          0          1

  0.109329  -0.168961    0.97954   0.944037
  -0.79092  -0.611676 -0.0172312   0.767663
  0.602073  -0.772855  -0.200509    2.42566
         0          0          0          1

 0.155081 -0.138485  0.978147  0.996839
-0.787536  -0.61511 0.0377735  0.734887
 0.596437 -0.776184 -0.204454   2.41098
        0         0         0         1

 0.155081 -0.138485  0.978147  0.996839
-0.787536  -0.61511 0.0377735  0.734887
 0.596437 -0.776184 -0.204454   2.41098
        0         0         0         1

 0.181468 -0.104082  0.977873   1.01718
-0.791625 -0.605416  0.082466   0.70506
 0.583437 -0.789074 -0.192258   2.40969
        0         0         0         1

 0.181468 -0.104082  0.977873   1.01718
-0.791625 -0.605416  0.082466   0.70506
 0.583437 -0.789074 -0.192258   2.40969
        0         0         0         1

  0.200825 -0.0825197   0.976145    1.04269
 -0.790286  -0.602479   0.111656    0.68608
  0.578894  -0.793857  -0.186207    2.39987
         0          0          0          1

  0.200825 -0.0825197   0.976145    1.04269
 -0.790286  -0.602479   0.111656    0.68608
  0.578894  -0.793857  -0.186207    2.39987
         0          0          0          1

  0.212528 -0.0905622   0.972949    1.09727
 -0.791642  -0.599657   0.117107    0.65959
  0.572831  -0.795116  -0.199137    2.38678
         0          0          0          1

  0.212528 -0.0905622   0.972949    1.09727
 -0.791642  -0.599657   0.117107    0.65959
  0.572831  -0.795116  -0.199137    2.38678
         0          0          0          1

  0.222204 -0.0771847    0.97194    1.10578
 -0.795123   -0.59127   0.134826   0.641028
  0.564273  -0.802771  -0.192754    2.37904
         0          0          0          1

  0.222204 -0.0771847    0.97194    1.10578
 -0.795123   -0.59127   0.134826   0.641028
  0.564273  -0.802771  -0.192754    2.37904
         0          0          0          1

  0.240245 -0.0742253    0.96787    1.15113
 -0.799348  -0.580832   0.153871   0.606618
  0.550749  -0.810632  -0.198874    2.36162
         0          0          0          1

  0.240245 -0.0742253    0.96787    1.15113
 -0.799348  -0.580832   0.153871   0.606618
  0.550749  -0.810632  -0.198874    2.36162
         0          0          0          1

 0.257977 -0.068112  0.963747   1.18112
 -0.79843 -0.576708  0.172967  0.590264
  0.54402 -0.814106  -0.20316    2.3418
        0         0         0         1

 0.257977 -0.068112  0.963747   1.18112
 -0.79843 -0.576708  0.172967  0.590264
  0.54402 -0.814106  -0.20316    2.3418
        0         0         0         1

   0.27872 -0.0631915   0.958291    1.20892
 -0.798426  -0.569761   0.194651   0.571654
  0.533697  -0.819377  -0.209257    2.32816
         0          0          0          1

   0.27872 -0.0631915   0.958291    1.20892
 -0.798426  -0.569761   0.194651   0.571654
  0.533697  -0.819377  -0.209257    2.32816
         0          0          0          1

  0.292715 -0.0898719   0.951967    1.25461
 -0.807568  -0.556327   0.195793   0.540314
  0.512008  -0.826089  -0.235423    2.30878
         0          0          0          1

  0.292715 -0.0898719   0.951967    1.25461
 -0.807568  -0.556327   0.195793   0.540314
  0.512008  -0.826089  -0.235423    2.30878
         0          0          0          1

 0.301982 -0.109371  0.947019   1.27311
-0.814476 -0.545845  0.196678  0.520742
 0.495415 -0.830717 -0.253915   2.29466
        0         0         0         1

 0.301982 -0.109371  0.947019   1.27311
-0.814476 -0.545845  0.196678  0.520742
 0.495415 -0.830717 -0.253915   2.29466
        0         0         0         1

 0.326061  -0.13988  0.934943   1.31463
-0.826829 -0.521654   0.21031  0.487913
 0.458298 -0.841612 -0.285748   2.27045
        0         0         0         1

 0.326061  -0.13988  0.934943   1.31463
-0.826829 -0.521654   0.21031  0.487913
 0.458298 -0.841612 -0.285748   2.27045
        0         0         0         1

 0.346543 -0.148736  0.926167   1.34128
-0.830928 -0.506835  0.229513  0.468744
 0.435277 -0.849115  -0.29923    2.2495
        0         0         0         1

 0.346543 -0.148736  0.926167   1.34128
-0.830928 -0.506835  0.229513  0.468744
 0.435277 -0.849115  -0.29923    2.2495
        0         0         0         1

 0.352271 -0.160748   0.92199   1.36603
-0.835594 -0.497729  0.232482  0.451368
  0.42153 -0.852306 -0.309656   2.22657
        0         0         0         1

 0.352271 -0.160748   0.92199   1.36603
-0.835594 -0.497729  0.232482  0.451368
  0.42153 -0.852306 -0.309656   2.22657
        0         0         0         1

 0.357608 -0.196946  0.912868   1.39637
-0.851071 -0.471134  0.231755  0.417894
  0.38444 -0.859793 -0.336097   2.20063
        0         0         0         1

 0.357608 -0.196946  0.912868   1.39637
-0.851071 -0.471134  0.231755  0.417894
  0.38444 -0.859793 -0.336097   2.20063
        0         0         0         1

 0.365927 -0.224207  0.903232   1.42469
-0.855256 -0.463674  0.231394  0.401857
 0.366925 -0.857168 -0.361425   2.17603
        0         0         0         1

 0.365927 -0.224207  0.903232   1.42469
-0.855256 -0.463674  0.231394  0.401857
 0.366925 -0.857168 -0.361425   2.17603
        0         0         0         1

 0.383739 -0.241645  0.891264     1.458
-0.862338 -0.439023  0.252254  0.375837
  0.33033  -0.86537  -0.37685    2.1375
        0         0         0         1

 0.383739 -0.241645  0.891264     1.458
-0.862338 -0.439023  0.252254  0.375837
  0.33033  -0.86537  -0.37685    2.1375
        0         0         0         1

 0.393294 -0.241799  0.887047   1.47681
-0.867903 -0.416038  0.271399   0.35721
 0.303421  -0.87661 -0.373483   2.10883
        0         0         0         1

 0.393294 -0.241799  0.887047   1.47681
-0.867903 -0.416038  0.271399   0.35721
 0.303421  -0.87661 -0.373483   2.10883
        0         0         0         1

  0.39961 -0.247263  0.882708   1.48847
-0.875548 -0.388181  0.287632  0.339727
 0.271529 -0.887793 -0.371612   2.08197
        0         0         0         1

  0.39961 -0.247263  0.882708   1.48847
-0.875548 -0.388181  0.287632  0.339727
 0.271529 -0.887793 -0.371612   2.08197
        0         0         0         1

 0.386434 -0.293286  0.874444   1.51276
-0.896672 -0.341484  0.281724  0.306586
 0.215983 -0.892957 -0.394942    2.0415
        0         0         0         1

 0.386434 -0.293286  0.874444   1.51276
-0.896672 -0.341484  0.281724  0.306586
 0.215983 -0.892957 -0.394942    2.0415
        0         0         0         1

 0.384431 -0.323263  0.864705   1.53069
-0.904888 -0.317365  0.283652  0.289002
 0.182733 -0.891505 -0.414521   2.01104
        0         0         0         1

 0.384431 -0.323263  0.864705   1.53069
-0.904888 -0.317365  0.283652  0.289002
 0.182733 -0.891505 -0.414521   2.01104
        0         0         0         1

  0.39167 -0.350551   0.85071   1.55664
-0.909288  -0.28883  0.299622    0.2678
 0.140678 -0.890893 -0.431878   1.96443
        0         0         0         1

  0.39167 -0.350551   0.85071   1.55664
-0.909288  -0.28883  0.299622    0.2678
 0.140678 -0.890893 -0.431878   1.96443
        0         0         0         1

 0.397276 -0.366711  0.841246   1.56643
-0.911058 -0.267684  0.313558  0.254569
 0.110203 -0.890993 -0.440439   1.94014
        0         0         0         1

 0.397276 -0.366711  0.841246   1.56643
-0.911058 -0.267684  0.313558  0.254569
 0.110203 -0.890993 -0.440439   1.94014
        0         0         0         1

  0.38654 -0.406489  0.827861   1.58113
-0.918282 -0.253042  0.304513  0.239052
0.0857019 -0.877916 -0.471083   1.91193
        0         0         0         1

  0.38654 -0.406489  0.827861   1.58113
-0.918282 -0.253042  0.304513  0.239052
0.0857019 -0.877916 -0.471083   1.91193
        0         0         0         1

 0.377775 -0.455662  0.806013   1.60104
-0.924648 -0.230876  0.302858  0.219258
0.0480885 -0.859691 -0.508547   1.87018
        0         0         0         1

 0.377775 -0.455662  0.806013   1.60104
-0.924648 -0.230876  0.302858  0.219258
0.0480885 -0.859691 -0.508547   1.87018
        0         0         0         1

 0.382115 -0.465328  0.798409   1.60783
-0.923419 -0.225775  0.310359  0.214705
0.0358424 -0.855859 -0.515965   1.85614
        0         0         0         1

 0.391264 -0.484579  0.782365   1.62497
-0.920251 -0.212609  0.328536  0.205334
0.0071358 -0.848516 -0.529121   1.82508
        0         0         0         1

  0.39386 -0.508111  0.765962   1.64223
-0.918954  -0.19959  0.340128  0.194941
-0.0199444 -0.837846 -0.545542    1.7945
        0         0         0         1

  0.39386 -0.508111  0.765962   1.64223
-0.918954  -0.19959  0.340128  0.194941
-0.0199444 -0.837846 -0.545542    1.7945
        0         0         0         1

 0.392808 -0.538713  0.745312   1.65557
-0.918582 -0.191347  0.345822   0.18634
-0.0436853 -0.820472 -0.570015   1.76373
        0         0         0         1

 0.392808 -0.538713  0.745312   1.65557
-0.918582 -0.191347  0.345822   0.18634
-0.0436853 -0.820472 -0.570015   1.76373
        0         0         0         1

 0.384127 -0.572588  0.724286    1.6716
-0.920544 -0.177166  0.348153  0.174054
-0.0710292 -0.800472 -0.595147   1.73474
        0         0         0         1

 0.384127 -0.572588  0.724286    1.6716
-0.920544 -0.177166  0.348153  0.174054
-0.0710292 -0.800472 -0.595147   1.73474
        0         0         0         1

 0.372284 -0.613553  0.696389   1.69217
-0.921422 -0.154357  0.356588  0.160084
-0.111293  -0.77442 -0.622806   1.69033
        0         0         0         1

 0.372284 -0.613553  0.696389   1.69217
-0.921422 -0.154357  0.356588  0.160084
-0.111293  -0.77442 -0.622806   1.69033
        0         0         0         1

 0.371919 -0.631146  0.680684   1.70291
-0.918187 -0.142367  0.369682  0.155021
-0.136416 -0.762487 -0.632459   1.66132
        0         0         0         1

 0.371919 -0.631146  0.680684   1.70291
-0.918187 -0.142367  0.369682  0.155021
-0.136416 -0.762487 -0.632459   1.66132
        0         0         0         1

 0.361102 -0.664296  0.654459    1.7192
-0.916213 -0.122038  0.381654  0.145381
-0.173663  -0.73744 -0.652705   1.61892
        0         0         0         1

 0.361102 -0.664296  0.654459    1.7192
-0.916213 -0.122038  0.381654  0.145381
-0.173663  -0.73744 -0.652705   1.61892
        0         0         0         1

 0.344904 -0.687151  0.639426   1.72973
-0.918585 -0.107041  0.380451  0.138403
-0.192982 -0.718586 -0.668126   1.59424
        0         0         0         1

 0.344904 -0.687151  0.639426   1.72973
-0.918585 -0.107041  0.380451  0.138403
-0.192982 -0.718586 -0.668126   1.59424
        0         0         0         1

  0.329871  -0.705767    0.62696    1.73577
 -0.920543 -0.0932723   0.379342   0.133331
 -0.209249  -0.702278  -0.680457    1.57107
         0          0          0          1

  0.329871  -0.705767    0.62696    1.73577
 -0.920543 -0.0932723   0.379342   0.133331
 -0.209249  -0.702278  -0.680457    1.57107
         0          0          0          1

  0.312753  -0.723308   0.615639    1.74506
 -0.920561 -0.0711505   0.384064   0.127475
 -0.233993   -0.68685  -0.688102     1.5405
         0          0          0          1

  0.312753  -0.723308   0.615639    1.74506
 -0.920561 -0.0711505   0.384064   0.127475
 -0.233993   -0.68685  -0.688102     1.5405
         0          0          0          1

 0.305979 -0.736078  0.603793   1.75303
 -0.91815 -0.060445  0.391595  0.124109
-0.251748 -0.674193 -0.694325   1.52039
        0         0         0         1

 0.305979 -0.736078  0.603793   1.75303
 -0.91815 -0.060445  0.391595  0.124109
-0.251748 -0.674193 -0.694325   1.52039
        0         0         0         1

  0.290961  -0.759712   0.581532    1.76406
 -0.916951 -0.0479779   0.396104    0.12002
 -0.273024  -0.648488  -0.710578    1.49206
         0          0          0          1

  0.290961  -0.759712   0.581532    1.76406
 -0.916951 -0.0479779   0.396104    0.12002
 -0.273024  -0.648488  -0.710578    1.49206
         0          0          0          1

  0.285925   -0.77012   0.570229    1.76928
 -0.913808 -0.0400075   0.404171   0.118358
 -0.288447  -0.636643  -0.715181    1.47721
         0          0          0          1

  0.285925   -0.77012   0.570229    1.76928
 -0.913808 -0.0400075   0.404171   0.118358
 -0.288447  -0.636643  -0.715181    1.47721
         0          0          0          1

  0.278106  -0.778087   0.563238    1.77427
 -0.912459 -0.0307872   0.408007   0.116083
 -0.300125  -0.627401  -0.718535    1.46165
         0          0          0          1

  0.278106  -0.778087   0.563238    1.77427
 -0.912459 -0.0307872   0.408007   0.116083
 -0.300125  -0.627401  -0.718535    1.46165
         0          0          0          1

  0.272623  -0.780559   0.562499    1.78066
 -0.909567 -0.0185125   0.415145   0.114418
 -0.313632  -0.624808  -0.715017    1.44498
         0          0          0          1

  0.272623  -0.780559   0.562499    1.78066
 -0.909567 -0.0185125   0.415145   0.114418
 -0.313632  -0.624808  -0.715017    1.44498
         0          0          0          1

  0.267339  -0.784103     0.5601    1.78539
 -0.910171 -0.0146116   0.413975   0.112539
 -0.316415  -0.620459  -0.717574    1.43446
         0          0          0          1

  0.267339  -0.784103     0.5601    1.78539
 -0.910171 -0.0146116   0.413975   0.112539
 -0.316415  -0.620459  -0.717574    1.43446
         0          0          0          1

  0.264394  -0.788409   0.555435     1.7888
 -0.911001 -0.0151637   0.412124   0.112987
   -0.3165  -0.614965  -0.722251     1.4212
         0          0          0          1

  0.264394  -0.788409   0.555435     1.7888
 -0.911001 -0.0151637   0.412124   0.112987
   -0.3165  -0.614965  -0.722251     1.4212
         0          0          0          1

  0.261395   -0.78996   0.554649    1.79324
 -0.911357 -0.0126957   0.411421   0.111858
 -0.317965  -0.613027  -0.723254     1.4145
         0          0          0          1

  0.261395   -0.78996   0.554649    1.79324
 -0.911357 -0.0126957   0.411421   0.111858
 -0.317965  -0.613027  -0.723254     1.4145
         0          0          0          1

  0.261979  -0.789884   0.554482    1.79675
 -0.910502 -0.0118304   0.413336   0.111931
 -0.319928  -0.613142   -0.72229    1.40858
         0          0          0          1

  0.261979  -0.789884   0.554482    1.79675
 -0.910502 -0.0118304   0.413336   0.111931
 -0.319928  -0.613142   -0.72229    1.40858
         0          0          0          1

   0.26633  -0.789362    0.55315    1.80287
 -0.908651 -0.0141409   0.417317   0.113443
 -0.321592  -0.613765  -0.721021    1.39934
         0          0          0          1

   0.26633  -0.789362    0.55315    1.80287
 -0.908651 -0.0141409   0.417317   0.113443
 -0.321592  -0.613765  -0.721021    1.39934
         0          0          0          1

  0.268615  -0.791231   0.549363    1.80655
 -0.907517 -0.0167007   0.419684   0.114335
 -0.322892  -0.611289  -0.722541    1.39547
         0          0          0          1

  0.268615  -0.791231   0.549363    1.80655
 -0.907517 -0.0167007   0.419684   0.114335
 -0.322892  -0.611289  -0.722541    1.39547
         0          0          0          1

  0.266493  -0.798953   0.539124    1.81324
 -0.908818 -0.0220139   0.416612   0.114543
 -0.320985   -0.60099   -0.73197    1.38931
         0          0          0          1

  0.266493  -0.798953   0.539124    1.81324
 -0.908818 -0.0220139   0.416612   0.114543
 -0.320985   -0.60099   -0.73197    1.38931
         0          0          0          1

  0.266639  -0.800005   0.537491    1.81333
 -0.909247 -0.0238413   0.415574   0.114837
 -0.319647   -0.59952  -0.733759    1.38822
         0          0          0          1

  0.265721  -0.801589   0.535582    1.81616
 -0.910397 -0.0258949   0.412924   0.113955
 -0.317126  -0.597315  -0.736645    1.38821
         0          0          0          1

  0.269068  -0.803955   0.530338    1.81912
 -0.911289 -0.0343074   0.410337   0.115566
 -0.311698  -0.593699  -0.741866    1.38633
         0          0          0          1

  0.269068  -0.803955   0.530338    1.81912
 -0.911289 -0.0343074   0.410337   0.115566
 -0.311698  -0.593699  -0.741866    1.38633
         0          0          0          1

  0.273857   -0.80337   0.528771    1.82317
 -0.911409 -0.0411998   0.409435   0.117223
 -0.307142  -0.594053  -0.743481    1.38412
         0          0          0          1

  0.273857   -0.80337   0.528771    1.82317
 -0.911409 -0.0411998   0.409435   0.117223
 -0.307142  -0.594053  -0.743481    1.38412
         0          0          0          1

  0.276365  -0.800169   0.532308    1.82498
 -0.911019 -0.0417363   0.410247   0.119358
  -0.30605  -0.598321  -0.740503    1.38234
         0          0          0          1

  0.276365  -0.800169   0.532308    1.82498
 -0.911019 -0.0417363   0.410247   0.119358
  -0.30605  -0.598321  -0.740503    1.38234
         0          0          0          1

  0.279683   -0.79352   0.540466    1.82601
 -0.912198 -0.0440498   0.407374   0.121947
 -0.299452  -0.606948  -0.736167     1.3821
         0          0          0          1

  0.279683   -0.79352   0.540466    1.82601
 -0.912198 -0.0440498   0.407374   0.121947
 -0.299452  -0.606948  -0.736167     1.3821
         0          0          0          1

 0.274336 -0.791474  0.546176   1.82598
-0.916992 -0.044269  0.396441  0.122108
-0.289594 -0.609597  -0.73792    1.3844
        0         0         0         1

 0.274336 -0.791474  0.546176   1.82598
-0.916992 -0.044269  0.396441  0.122108
-0.289594 -0.609597  -0.73792    1.3844
        0         0         0         1

  0.270332  -0.788553   0.552362    1.82221
  -0.92324 -0.0496206   0.381006   0.124266
 -0.273035  -0.612961  -0.741438    1.39065
         0          0          0          1

  0.270332  -0.788553   0.552362    1.82221
  -0.92324 -0.0496206   0.381006   0.124266
 -0.273035  -0.612961  -0.741438    1.39065
         0          0          0          1

  0.267009  -0.777152   0.569861    1.81257
 -0.929874 -0.0524877   0.364113   0.130389
 -0.253061   -0.62712  -0.736668    1.40462
         0          0          0          1

  0.267009  -0.777152   0.569861    1.81257
 -0.929874 -0.0524877   0.364113   0.130389
 -0.253061   -0.62712  -0.736668    1.40462
         0          0          0          1

  0.267154  -0.769974   0.579455    1.80611
 -0.934046 -0.0589945   0.352245    0.13531
 -0.237035  -0.635342  -0.734953    1.41316
         0          0          0          1

  0.267154  -0.769974   0.579455    1.80611
 -0.934046 -0.0589945   0.352245    0.13531
 -0.237035  -0.635342  -0.734953    1.41316
         0          0          0          1

  0.273025   -0.76339     0.5854     1.7924
 -0.937524 -0.0747319   0.339799   0.144868
 -0.215651    -0.6416    -0.7361    1.43044
         0          0          0          1

  0.273025   -0.76339     0.5854     1.7924
 -0.937524 -0.0747319   0.339799   0.144868
 -0.215651    -0.6416    -0.7361    1.43044
         0          0          0          1

  0.280322  -0.758737   0.587995    1.78279
 -0.938637 -0.0884319   0.333377   0.151712
 -0.200948  -0.645366  -0.736968    1.44532
         0          0          0          1

  0.280322  -0.758737   0.587995    1.78279
 -0.938637 -0.0884319   0.333377   0.151712
 -0.200948  -0.645366  -0.736968    1.44532
         0          0          0          1

 0.290386 -0.756196  0.586381   1.77438
-0.938652 -0.105964  0.328184  0.159213
-0.186036 -0.645708 -0.740576   1.45652
        0         0         0         1

 0.290386 -0.756196  0.586381   1.77438
-0.938652 -0.105964  0.328184  0.159213
-0.186036 -0.645708 -0.740576   1.45652
        0         0         0         1

 0.312712 -0.742167   0.59279   1.75485
-0.935162  -0.13124  0.329011  0.176115
-0.166384  -0.65724 -0.735086   1.48089
        0         0         0         1

 0.312712 -0.742167   0.59279   1.75485
-0.935162  -0.13124  0.329011  0.176115
-0.166384  -0.65724 -0.735086   1.48089
        0         0         0         1

 0.322549 -0.733636  0.598113   1.73986
-0.935163 -0.149256  0.321237  0.186577
  -0.1464 -0.662948 -0.734212    1.4944
        0         0         0         1

 0.322549 -0.733636  0.598113   1.73986
-0.935163 -0.149256  0.321237  0.186577
  -0.1464 -0.662948 -0.734212    1.4944
        0         0         0         1

 0.324937 -0.714647  0.619432   1.71558
-0.938538 -0.163017  0.304256  0.201095
-0.116458 -0.680224 -0.723694   1.51982
        0         0         0         1

 0.324937 -0.714647  0.619432   1.71558
-0.938538 -0.163017  0.304256  0.201095
-0.116458 -0.680224 -0.723694   1.51982
        0         0         0         1

 0.335201 -0.696601   0.63434   1.69442
-0.936983 -0.176088  0.301753  0.214204
-0.0985017 -0.695514 -0.711728   1.54116
        0         0         0         1

 0.335201 -0.696601   0.63434   1.69442
-0.936983 -0.176088  0.301753  0.214204
-0.0985017 -0.695514 -0.711728   1.54116
        0         0         0         1

 0.338509 -0.685369  0.644733   1.67451
-0.937758 -0.189215  0.291218  0.226289
-0.0775982 -0.703183 -0.706761   1.55742
        0         0         0         1

 0.338509 -0.685369  0.644733   1.67451
-0.937758 -0.189215  0.291218  0.226289
-0.0775982 -0.703183 -0.706761   1.55742
        0         0         0         1

 0.346442  -0.66575  0.660875   1.63807
-0.936679 -0.207139  0.282357  0.246672
-0.0510861 -0.716848 -0.695355   1.58405
        0         0         0         1

 0.346442  -0.66575  0.660875   1.63807
-0.936679 -0.207139  0.282357  0.246672
-0.0510861 -0.716848 -0.695355   1.58405
        0         0         0         1

 0.342769 -0.655476  0.672949   1.61334
-0.938786   -0.2127  0.270997  0.258943
-0.0344955 -0.724645 -0.688259   1.60181
        0         0         0         1

 0.342769 -0.655476  0.672949   1.61334
-0.938786   -0.2127  0.270997  0.258943
-0.0344955 -0.724645 -0.688259   1.60181
        0         0         0         1

 0.341706 -0.635211  0.692636   1.56747
-0.939677 -0.218675  0.263037  0.279574
-0.0156217 -0.740735 -0.671615   1.62709
        0         0         0         1

 0.341706 -0.635211  0.692636   1.56747
-0.939677 -0.218675  0.263037  0.279574
-0.0156217 -0.740735 -0.671615   1.62709
        0         0         0         1

 0.336431 -0.620719  0.708182   1.53393
-0.941689  -0.21692  0.257231  0.291951
-0.00604896 -0.753428 -0.657503   1.64498
        0         0         0         1

 0.336431 -0.620719  0.708182   1.53393
-0.941689  -0.21692  0.257231  0.291951
-0.00604896 -0.753428 -0.657503   1.64498
        0         0         0         1

 0.331318 -0.607784  0.721684    1.4995
-0.943507 -0.217239  0.250202  0.304507
0.00470965  -0.76381 -0.645424   1.66111
        0         0         0         1

 0.331318 -0.607784  0.721684    1.4995
-0.943507 -0.217239  0.250202  0.304507
0.00470965  -0.76381 -0.645424   1.66111
        0         0         0         1

 0.319453 -0.593134  0.739014   1.44732
-0.947425 -0.214999  0.236985  0.322425
0.0183232 -0.775866 -0.630632   1.68514
        0         0         0         1

 0.319453 -0.593134  0.739014   1.44732
-0.947425 -0.214999  0.236985  0.322425
0.0183232 -0.775866 -0.630632   1.68514
        0         0         0         1

 0.308867 -0.588956  0.746815   1.41167
-0.950771 -0.211993  0.226037  0.334676
0.0251938 -0.779865  -0.62544   1.69804
        0         0         0         1

 0.308867 -0.588956  0.746815   1.41167
-0.950771 -0.211993  0.226037  0.334676
0.0251938 -0.779865  -0.62544   1.69804
        0         0         0         1

  0.29981 -0.576434  0.760157   1.34959
-0.953523  -0.20622  0.219696  0.352808
0.0301196 -0.790694  -0.61147   1.71933
        0         0         0         1

  0.29981 -0.576434  0.760157   1.34959
-0.953523  -0.20622  0.219696  0.352808
0.0301196 -0.790694  -0.61147   1.71933
        0         0         0         1

  0.29156 -0.569874  0.768268   1.30786
-0.956009 -0.200667   0.21396  0.364515
0.0322352 -0.796854 -0.603311   1.73092
        0         0         0         1

  0.29156 -0.569874  0.768268   1.30786
-0.956009 -0.200667   0.21396  0.364515
0.0322352 -0.796854 -0.603311   1.73092
        0         0         0         1

 0.280091  -0.56867   0.77341   1.26612
-0.959594 -0.188514  0.208908  0.374029
0.0269988 -0.800673 -0.598493    1.7431
        0         0         0         1

 0.280091  -0.56867   0.77341   1.26612
-0.959594 -0.188514  0.208908  0.374029
0.0269988 -0.800673 -0.598493    1.7431
        0         0         0         1

 0.265041 -0.568389  0.778902   1.20432
-0.964054 -0.171956  0.202561   0.38722
0.0188033  -0.80459 -0.593533    1.7584
        0         0         0         1

 0.265041 -0.568389  0.778902   1.20432
-0.964054 -0.171956  0.202561   0.38722
0.0188033  -0.80459 -0.593533    1.7584
        0         0         0         1

 0.258963 -0.561563  0.785866   1.15735
-0.965747  -0.16441  0.200754  0.396192
0.0164682 -0.810935 -0.584904   1.76634
        0         0         0         1

 0.258963 -0.561563  0.785866   1.15735
-0.965747  -0.16441  0.200754  0.396192
0.0164682 -0.810935 -0.584904   1.76634
        0         0         0         1

 0.253822   -0.5521  0.794204   1.10924
 -0.96718 -0.154815  0.201483  0.404874
0.0117162 -0.819279 -0.573275   1.77284
        0         0         0         1

 0.253822   -0.5521  0.794204   1.10924
 -0.96718 -0.154815  0.201483  0.404874
0.0117162 -0.819279 -0.573275   1.77284
        0         0         0         1

 0.234213 -0.537548  0.810053   1.04615
-0.972184  -0.13058  0.194438  0.415609
0.00125719 -0.833061 -0.553179   1.77824
        0         0         0         1

 0.234213 -0.537548  0.810053   1.04615
-0.972184  -0.13058  0.194438  0.415609
0.00125719 -0.833061 -0.553179   1.77824
        0         0         0         1

 0.224502 -0.520893  0.823571   1.00406
-0.974452 -0.114384  0.193286   0.42285
-0.00647834 -0.845923 -0.533265   1.77788
        0         0         0         1

 0.224502 -0.520893  0.823571   1.00406
-0.974452 -0.114384  0.193286   0.42285
-0.00647834 -0.845923 -0.533265   1.77788
        0         0         0         1

  0.214995  -0.498425   0.839851   0.945295
  -0.97603 -0.0799026   0.202436   0.430639
-0.0337929  -0.863243  -0.503657    1.77813
         0          0          0          1

  0.214995  -0.498425   0.839851   0.945295
  -0.97603 -0.0799026   0.202436   0.430639
-0.0337929  -0.863243  -0.503657    1.77813
         0          0          0          1

    0.2058  -0.489147   0.847574    0.90989
  -0.97698 -0.0529779   0.206647   0.435192
 -0.056178  -0.870591   -0.48879    1.77653
         0          0          0          1

    0.2058  -0.489147   0.847574    0.90989
  -0.97698 -0.0529779   0.206647   0.435192
 -0.056178  -0.870591   -0.48879    1.77653
         0          0          0          1

  0.200433  -0.477982   0.855196   0.872197
 -0.977523 -0.0393091   0.207132   0.442229
-0.0653885   -0.87749  -0.475117    1.76474
         0          0          0          1

  0.200433  -0.477982   0.855196   0.872197
 -0.977523 -0.0393091   0.207132   0.442229
-0.0653885   -0.87749  -0.475117    1.76474
         0          0          0          1

 0.182078 -0.467402  0.865091  0.825333
-0.978414 0.0013313  0.206649   0.44581
-0.0977396 -0.884044  -0.45707   1.75916
        0         0         0         1

 0.182078 -0.467402  0.865091  0.825333
-0.978414 0.0013313  0.206649   0.44581
-0.0977396 -0.884044  -0.45707   1.75916
        0         0         0         1

 0.168502  -0.46113  0.871187  0.796108
-0.979626 0.0196319  0.199867  0.451765
-0.109268 -0.887115 -0.448427   1.74996
        0         0         0         1

 0.168502  -0.46113  0.871187  0.796108
-0.979626 0.0196319  0.199867  0.451765
-0.109268 -0.887115 -0.448427   1.74996
        0         0         0         1

 0.163176 -0.454431  0.875709  0.747562
-0.977659 0.0447247  0.205382  0.454989
-0.132498 -0.889658 -0.436981   1.74084
        0         0         0         1

 0.163176 -0.454431  0.875709  0.747562
-0.977659 0.0447247  0.205382  0.454989
-0.132498 -0.889658 -0.436981   1.74084
        0         0         0         1

 0.149496 -0.457338  0.876637  0.725715
-0.978326 0.0600575  0.198169    0.4582
-0.143279 -0.887263 -0.438448   1.73273
        0         0         0         1

 0.149496 -0.457338  0.876637  0.725715
-0.978326 0.0600575  0.198169    0.4582
-0.143279 -0.887263 -0.438448   1.73273
        0         0         0         1

 0.146313 -0.456073  0.877833  0.697111
-0.976972 0.0726888  0.200602  0.460113
-0.155298 -0.886969 -0.434935   1.72152
        0         0         0         1

 0.146313 -0.456073  0.877833  0.697111
-0.976972 0.0726888  0.200602  0.460113
-0.155298 -0.886969 -0.434935   1.72152
        0         0         0         1

 0.131646 -0.443324  0.886641  0.662979
 -0.97546  0.101307  0.195488  0.462753
-0.176488 -0.890618 -0.419108   1.70946
        0         0         0         1

 0.131646 -0.443324  0.886641  0.662979
 -0.97546  0.101307  0.195488  0.462753
-0.176488 -0.890618 -0.419108   1.70946
        0         0         0         1

 0.127698 -0.434413  0.891616  0.639441
-0.973288   0.11805  0.196912  0.462387
-0.190796 -0.892944 -0.407734   1.70045
        0         0         0         1

 0.127698 -0.434413  0.891616  0.639441
-0.973288   0.11805  0.196912  0.462387
-0.190796 -0.892944 -0.407734   1.70045
        0         0         0         1

 0.117742 -0.420154  0.899782  0.611347
-0.972159  0.136084  0.190757  0.466187
-0.202593 -0.897191 -0.392434   1.68584
        0         0         0         1

 0.117742 -0.420154  0.899782  0.611347
-0.972159  0.136084  0.190757  0.466187
-0.202593 -0.897191 -0.392434   1.68584
        0         0         0         1

  0.11051 -0.414977  0.903095  0.595599
-0.971735  0.145609  0.185818  0.467122
-0.208609 -0.898105 -0.387157    1.6772
        0         0         0         1

  0.11051 -0.414977  0.903095  0.595599
-0.971735  0.145609  0.185818  0.467122
-0.208609 -0.898105 -0.387157    1.6772
        0         0         0         1

 0.104959 -0.408313  0.906788  0.580468
-0.969032  0.162949  0.185537  0.467287
-0.223518 -0.898181 -0.378565   1.67309
        0         0         0         1

 0.104959 -0.408313  0.906788  0.580468
-0.969032  0.162949  0.185537  0.467287
-0.223518 -0.898181 -0.378565   1.67309
        0         0         0         1

0.0908632 -0.399755  0.912108  0.565717
-0.968772  0.176699  0.173951  0.469567
-0.230706  -0.89943 -0.371216   1.66127
        0         0         0         1

0.0908632 -0.399755  0.912108  0.565717
-0.968772  0.176699  0.173951  0.469567
-0.230706  -0.89943 -0.371216   1.66127
        0         0         0         1

0.0923019 -0.390645  0.915902   0.55031
-0.966582  0.185783  0.176648  0.468446
-0.239166 -0.901599 -0.360442   1.65524
        0         0         0         1

0.0923019 -0.390645  0.915902   0.55031
-0.966582  0.185783  0.176648  0.468446
-0.239166 -0.901599 -0.360442   1.65524
        0         0         0         1

 0.070141 -0.374778  0.924457  0.543963
-0.967097  0.201645  0.155124  0.471239
 -0.24455  -0.90492 -0.348303    1.6442
        0         0         0         1

 0.070141 -0.374778  0.924457  0.543963
-0.967097  0.201645  0.155124  0.471239
 -0.24455  -0.90492 -0.348303    1.6442
        0         0         0         1

0.0680896 -0.369349  0.926793  0.534092
-0.965272  0.210454  0.154788  0.469431
-0.252218 -0.905146 -0.342193    1.6413
        0         0         0         1

0.0680896 -0.369349  0.926793  0.534092
-0.965272  0.210454  0.154788  0.469431
-0.252218 -0.905146 -0.342193    1.6413
        0         0         0         1

 0.062933 -0.366367   0.92834  0.528143
-0.964993   0.21497  0.150255  0.469475
-0.254613 -0.905297 -0.340013   1.63565
        0         0         0         1

 0.062933 -0.366367   0.92834  0.528143
-0.964993   0.21497  0.150255  0.469475
-0.254613 -0.905297 -0.340013   1.63565
        0         0         0         1

0.0594852 -0.365871  0.928762  0.522023
-0.963165  0.223396  0.149692  0.469482
 -0.26225 -0.903456 -0.339106   1.62909
        0         0         0         1

0.0594852 -0.365871  0.928762  0.522023
-0.963165  0.223396  0.149692  0.469482
 -0.26225 -0.903456 -0.339106   1.62909
        0         0         0         1

0.0597123 -0.361955  0.930281  0.519068
-0.961402  0.229905  0.151162  0.468597
 -0.26859   -0.9034 -0.334256   1.62429
        0         0         0         1

0.0597123 -0.361955  0.930281  0.519068
-0.961402  0.229905  0.151162  0.468597
 -0.26859   -0.9034 -0.334256   1.62429
        0         0         0         1

 0.051021 -0.358025  0.932317    0.5213
-0.961385  0.235184  0.142926  0.471073
-0.270437 -0.903608 -0.332201   1.61447
        0         0         0         1

 0.051021 -0.358025  0.932317    0.5213
-0.961385  0.235184  0.142926  0.471073
-0.270437 -0.903608 -0.332201   1.61447
        0         0         0         1

0.0538197 -0.355497  0.933127  0.517748
-0.959782  0.239444  0.146579  0.469919
-0.275539 -0.903487 -0.328312    1.6095
        0         0         0         1

0.0538197 -0.355497  0.933127  0.517748
-0.959782  0.239444  0.146579  0.469919
-0.275539 -0.903487 -0.328312    1.6095
        0         0         0         1

0.0571421 -0.355905  0.932774  0.514129
 -0.95799  0.243469  0.151584  0.468529
-0.281051  -0.90225 -0.327041   1.60655
        0         0         0         1

0.0571421 -0.355905  0.932774  0.514129
 -0.95799  0.243469  0.151584  0.468529
-0.281051  -0.90225 -0.327041   1.60655
        0         0         0         1

0.0551234  -0.34737  0.936107  0.514767
  -0.9564  0.250935  0.149435  0.471022
-0.286812  -0.90353 -0.318392   1.59503
        0         0         0         1

0.0551234  -0.34737  0.936107  0.514767
  -0.9564  0.250935  0.149435  0.471022
-0.286812  -0.90353 -0.318392   1.59503
        0         0         0         1

0.0496628 -0.340711  0.938855  0.517656
-0.955435   0.25767  0.144048    0.4726
-0.290993 -0.904169 -0.312731    1.5902
        0         0         0         1

0.0496628 -0.340711  0.938855  0.517656
-0.955435   0.25767  0.144048    0.4726
-0.290993 -0.904169 -0.312731    1.5902
        0         0         0         1

0.0485519 -0.336556  0.940411  0.519286
-0.953031  0.266196   0.14447  0.473745
-0.298956 -0.903255 -0.307824   1.58065
        0         0         0         1

0.0485519 -0.336556  0.940411  0.519286
-0.953031  0.266196   0.14447  0.473745
-0.298956 -0.903255 -0.307824   1.58065
        0         0         0         1

0.0488751 -0.333712  0.941407  0.520426
-0.951169  0.272054   0.14582  0.475912
-0.304776 -0.902565  -0.30412   1.57376
        0         0         0         1

0.0488751 -0.333712  0.941407  0.520426
-0.951169  0.272054   0.14582  0.475912
-0.304776 -0.902565  -0.30412   1.57376
        0         0         0         1

 0.051732  -0.33614   0.94039  0.519364
-0.947728   0.28036   0.15235  0.475729
-0.314859 -0.899115 -0.304065   1.57024
        0         0         0         1

 0.051732  -0.33614   0.94039  0.519364
-0.947728   0.28036   0.15235  0.475729
-0.314859 -0.899115 -0.304065   1.57024
        0         0         0         1

0.0548388  -0.32686   0.94348  0.520855
-0.944302  0.290085  0.155384   0.47876
-0.324479 -0.899451 -0.292747   1.55956
        0         0         0         1

0.0548388  -0.32686   0.94348  0.520855
-0.944302  0.290085  0.155384   0.47876
-0.324479 -0.899451 -0.292747   1.55956
        0         0         0         1

0.0512839 -0.319459  0.946211  0.523904
-0.943383  0.295412  0.150867  0.482152
-0.327718 -0.900377 -0.286222   1.55038
        0         0         0         1

0.0512839 -0.319459  0.946211  0.523904
-0.943383  0.295412  0.150867  0.482152
-0.327718 -0.900377 -0.286222   1.55038
        0         0         0         1

0.0512644 -0.317055  0.947021  0.524086
-0.941355  0.301324  0.151839  0.484335
-0.333501 -0.899266 -0.283014   1.54354
        0         0         0         1

0.0512644 -0.317055  0.947021  0.524086
-0.941355  0.301324  0.151839  0.484335
-0.333501 -0.899266 -0.283014   1.54354
        0         0         0         1

0.0489464 -0.317934  0.946848  0.525908
  -0.9411  0.302865  0.150346  0.485604
-0.334567 -0.898438 -0.284384   1.54156
        0         0         0         1

0.0489464 -0.317934  0.946848  0.525908
  -0.9411  0.302865  0.150346  0.485604
-0.334567 -0.898438 -0.284384   1.54156
        0         0         0         1

0.0457792 -0.317808  0.947049  0.529036
-0.940564  0.305654  0.148036  0.487228
-0.336516 -0.897538 -0.284926   1.53908
        0         0         0         1

0.0457792 -0.317808  0.947049  0.529036
-0.940564  0.305654  0.148036  0.487228
-0.336516 -0.897538 -0.284926   1.53908
        0         0         0         1

0.0382912 -0.315691  0.948089  0.533016
-0.940572  0.308996  0.140876  0.489592
-0.337429  -0.89714 -0.285098   1.53749
        0         0         0         1

0.0382912 -0.315691  0.948089  0.533016
-0.940572  0.308996  0.140876  0.489592
-0.337429  -0.89714 -0.285098   1.53749
        0         0         0         1

0.0386659 -0.312456  0.949145   0.53017
-0.940856  0.308571  0.139909  0.490395
-0.336594 -0.898418 -0.282045   1.53431
        0         0         0         1

0.0386659 -0.312456  0.949145   0.53017
-0.940856  0.308571  0.139909  0.490395
-0.336594 -0.898418 -0.282045   1.53431
        0         0         0         1

0.0370951 -0.308745  0.950421   0.52973
-0.939948  0.312138  0.138084  0.491084
-0.339296 -0.898469 -0.278625   1.53385
        0         0         0         1

0.0370951 -0.308745  0.950421   0.52973
-0.939948  0.312138  0.138084  0.491084
-0.339296 -0.898469 -0.278625   1.53385
        0         0         0         1

0.0345841 -0.307842  0.950809  0.531285
 -0.93936  0.314778  0.136083  0.491616
-0.341185 -0.897858 -0.278288   1.53345
        0         0         0         1

0.0345841 -0.307842  0.950809  0.531285
 -0.93936  0.314778  0.136083  0.491616
-0.341185 -0.897858 -0.278288   1.53345
        0         0         0         1

0.0344784 -0.304578  0.951863  0.530883
-0.939013  0.316194  0.135189  0.492636
-0.342149 -0.898473 -0.275101   1.53182
        0         0         0         1

0.0344784 -0.304578  0.951863  0.530883
-0.939013  0.316194  0.135189  0.492636
-0.342149 -0.898473 -0.275101   1.53182
        0         0         0         1

  0.03142 -0.302578  0.952606  0.529794
