-0.282635  0.920908 -0.268413   0.84772
-0.617071 0.0396806  0.785907  0.832493
 0.734399  0.387755   0.55705   2.33409
        0         0         0         1

-0.271167  0.905989 -0.325042  0.822206
-0.646264 0.0788863  0.759026  0.801047
  0.71331  0.415885  0.564117   2.32806
        0         0         0         1

-0.264333  0.899676 -0.347436  0.819641
-0.658831 0.0946405  0.746315  0.782312
 0.704323  0.426177  0.567717   2.32306
        0         0         0         1

-0.260087 0.886218 -0.38337  0.81207
-0.672875 0.118411 0.730217 0.758733
0.692527  0.44788 0.565517   2.3078
       0        0        0        1

-0.252038  0.879896 -0.402815  0.811074
-0.685789  0.131282  0.715862  0.740967
 0.682766  0.456671  0.570335   2.30059
        0         0         0         1

-0.228727  0.855567 -0.464423  0.790242
-0.731406  0.163804  0.661976  0.686351
  0.64244  0.491094  0.588301   2.28746
        0         0         0         1

 -0.22238  0.852778 -0.472565  0.795863
-0.737846   0.16962  0.653309  0.674554
 0.637283  0.493963  0.591499   2.27454
        0         0         0         1

-0.217173  0.844822 -0.488991  0.799156
-0.752908  0.173853  0.634748  0.653085
 0.621261  0.506016  0.598317   2.26382
        0         0         0         1

 -0.20543   0.83602 -0.508791  0.791634
-0.769901  0.182902  0.611391  0.633233
 0.604195  0.517317  0.606079   2.25671
        0         0         0         1

-0.184658  0.828011 -0.529433  0.790555
-0.797428  0.188647  0.573167  0.590692
 0.574464  0.528025  0.625444   2.23224
        0         0         0         1

-0.174552  0.823938 -0.539126  0.786725
-0.808596  0.192495  0.555984   0.57414
 0.561875  0.532984  0.632633   2.22247
        0         0         0         1

-0.162197   0.82697 -0.538343  0.793104
-0.821456  0.189114  0.538002  0.554698
  0.54672  0.529487  0.648646   2.20749
        0         0         0         1

-0.152375  0.824867 -0.544404  0.791564
-0.826225  0.195955  0.528161  0.544389
 0.542342  0.530279  0.651667   2.19124
        0         0         0         1

-0.145561  0.833267 -0.533365  0.805551
-0.835119  0.185568  0.517822  0.527961
  0.53046  0.520798  0.668866   2.17887
        0         0         0         1

-0.136459  0.830636 -0.539837  0.805057
-0.845304  0.186521  0.500671   0.51354
 0.516566  0.524647  0.676687   2.16832
        0         0         0         1

 -0.12515  0.820625 -0.557595  0.808365
-0.862655  0.187601  0.469715  0.482899
 0.490065  0.539797  0.684438   2.13609
        0         0         0         1

-0.124387  0.814498 -0.566676  0.811603
-0.868226  0.187121  0.459532  0.473177
 0.480324  0.549162  0.683893   2.12216
        0         0         0         1

-0.118362  0.800103 -0.588069  0.806491
-0.876103  0.194603  0.441104  0.459561
 0.467369  0.567419  0.677939   2.09968
        0         0         0         1

-0.118739   0.79341 -0.596994  0.809114
-0.882501  0.191234  0.429676  0.448869
 0.455075  0.577867  0.677478   2.08739
        0         0         0         1

-0.119978 0.786079 -0.60637 0.823332
-0.894877 0.178846 0.408913  0.42758
0.429885 0.591687 0.681986  2.04998
       0        0        0        1

-0.118579  0.785974 -0.606782  0.829525
-0.900929  0.171751  0.398533  0.418476
 0.417451  0.593925  0.687741   2.03811
        0         0         0         1

-0.111747   0.78787 -0.605618  0.836032
-0.908826  0.165467  0.382956  0.406217
  0.40193  0.593196  0.697547   2.01804
        0         0         0         1

-0.105287  0.787133 -0.607731  0.839034
-0.914994  0.162677  0.369219  0.398476
 0.389488  0.594944  0.703094   2.00451
        0         0         0         1

-0.103186 0.790796 -0.60332 0.850155
-0.922555 0.150647 0.355244 0.388481
0.371814 0.593252 0.714008  1.98563
       0        0        0        1

-0.0981665  0.789684 -0.605609  0.853397
-0.925675  0.150963  0.346896  0.384142
 0.365362  0.594651  0.716171   1.96569
        0         0         0         1

-0.0910486  0.779861 -0.619296  0.863256
-0.938317  0.141126  0.315667  0.367137
 0.333575  0.609836  0.718907   1.92889
        0         0         0         1

-0.0905296   0.77376 -0.626977  0.866348
-0.943564  0.134749  0.302537  0.360101
 0.318576  0.618982  0.717893   1.91624
        0         0         0         1

-0.0931874  0.765857 -0.636223  0.870792
-0.951081  0.120571  0.284443  0.349906
 0.294552  0.631606  0.717156   1.90014
        0         0         0         1

-0.0919883 0.766742 -0.63533 0.872019
-0.952998  0.11718   0.2794 0.346021
0.288676  0.63117 0.719924  1.88328
       0        0        0        1

-0.0952678  0.759136 -0.643923   0.88267
-0.964906 0.0885921    0.2472  0.333435
 0.244705  0.644875  0.724055   1.84431
        0         0         0         1

-0.0908907  0.756468 -0.647685  0.886682
-0.969273 0.0820835   0.23189  0.329652
 0.228581   0.64886  0.725763   1.82883
        0         0         0         1

-0.0848514  0.756467 -0.648504  0.893646
-0.975605 0.0691819  0.208349  0.323138
 0.202474  0.650363  0.732143   1.81046
        0         0         0         1

-0.0785049  0.757675 -0.647894  0.897964
-0.978396 0.0661241   0.19588  0.320004
 0.191255  0.649274  0.736115   1.79534
        0         0         0         1

-0.0716079  0.760368 -0.645533  0.903749
-0.982175 0.0590154  0.178465  0.315342
 0.173795  0.646806  0.742589   1.77634
        0         0         0         1

-0.0739039  0.762614 -0.642618  0.910349
-0.984035 0.0488513  0.171142  0.312653
 0.161908  0.645006  0.746829   1.76378
        0         0         0         1

-0.0690552   0.76219  -0.64366  0.922322
-0.988466 0.0348966  0.147371  0.307348
 0.134786  0.646412  0.750989   1.72831
        0         0         0         1

-0.068669  0.761598 -0.644402  0.927258
-0.990351 0.0258944  0.136138  0.305002
 0.120369  0.647533  0.752471   1.71659
        0         0         0         1

-0.0677095  0.758796   -0.6478  0.933508
-0.992149 0.0172215  0.123874  0.301786
 0.105151  0.651101  0.751672   1.69815
        0         0         0         1

 -0.068197   0.758538   -0.64805   0.937875
 -0.993181 0.00994305   0.116155   0.300616
 0.0945515   0.651552   0.752688     1.6866
         0          0          0          1

 -0.0620194    0.757967   -0.649338    0.946657
  -0.995716 -0.00228477   0.0924355    0.296208
  0.0685795    0.652289    0.754861     1.65953
          0           0           0           1

 -0.0613838    0.759735   -0.647329    0.951044
  -0.996304 -0.00759882   0.0855575    0.295137
  0.0600821    0.650188    0.757394     1.64959
          0           0           0           1

-0.0557202   0.763554  -0.643335   0.956263
  -0.99728 -0.0114201  0.0728217   0.293494
 0.0482564   0.645643   0.762114    1.63718
         0          0          0          1

  -0.05259   0.765487  -0.641298   0.959914
 -0.997708 -0.0129015  0.0664177   0.292891
 0.0425682   0.643321   0.764412    1.62758
         0          0          0          1

-0.0461432   0.768494  -0.638191   0.965355
 -0.998326 -0.0131674  0.0563261   0.291684
 0.0348829   0.639721   0.767815    1.61422
         0          0          0          1

 -0.048007    0.77113  -0.634866   0.972268
 -0.998501 -0.0203165  0.0508271   0.290683
  0.026296   0.636354   0.770949    1.60758
         0          0          0          1

-0.0373648   0.771537  -0.635086   0.981663
 -0.999232 -0.0213551  0.0328457   0.289156
 0.0117793   0.635826   0.771743    1.58495
         0          0          0          1

-0.0357679   0.771119  -0.635686   0.986325
 -0.999349 -0.0246381  0.0263429   0.288683
0.00465144   0.636214   0.771498    1.57727
         0          0          0          1

-0.0299464   0.769021  -0.638522   0.989808
 -0.999547 -0.0249471  0.0168327   0.288725
-0.0029846   0.638737   0.769419    1.56573
         0          0          0          1

-0.0297492   0.768497  -0.639162   0.994465
 -0.999519 -0.0284841  0.0122739   0.288244
-0.00877352   0.639219   0.768974     1.5581
         0          0          0          1

 -0.0226992    0.766913    -0.64135     1.00303
  -0.999434  -0.0333293 -0.00448173    0.287486
 -0.0248128    0.640885    0.767236     1.54173
          0           0           0           1

 -0.0184159    0.767773   -0.640457     1.00563
  -0.999547  -0.0293826 -0.00648224     0.28789
 -0.0237952    0.640047    0.767967     1.53268
          0           0           0           1

-0.0139074   0.767685  -0.640676    1.01039
 -0.999475 -0.0294212 -0.0135578   0.287334
-0.0292576   0.640152   0.767691    1.52473
         0          0          0          1

-0.00995401   0.768212  -0.640118    1.01332
 -0.999372 -0.0294157 -0.0197616    0.28687
-0.0340106   0.639519   0.768023    1.51897
         0          0          0          1

-0.00441658   0.768922  -0.639327    1.01782
 -0.999047 -0.0311549 -0.0305685    0.28657
 -0.043423   0.638583   0.768327    1.51315
         0          0          0          1

 -0.001348   0.769888  -0.638177    1.02083
 -0.998975 -0.0299061 -0.0339682   0.286401
-0.0452372   0.637478    0.76914    1.50685
         0          0          0          1

 0.0114708   0.776277  -0.630288    1.02687
 -0.998497 -0.0248913 -0.0488286   0.285665
-0.0535932   0.629901   0.774824      1.494
         0          0          0          1

 0.0111777   0.780246  -0.625373     1.0312
 -0.998492   -0.02491 -0.0489256   0.285718
-0.0537521   0.624977    0.77879    1.48915
         0          0          0          1

 0.0190675   0.784769  -0.619495    1.03122
 -0.998292 -0.0192738 -0.0551423   0.285315
 -0.055214   0.619489   0.783061    1.48431
         0          0          0          1

  0.019807   0.788461  -0.614766     1.0345
 -0.998209 -0.0191259 -0.0566908   0.284932
-0.0564564   0.614787    0.78667    1.48152
         0          0          0          1

   0.02722    0.79806  -0.601962    1.03635
 -0.997887 -0.0138483 -0.0634828   0.284006
-0.0589992   0.602418   0.795997    1.47564
         0          0          0          1

  0.0336477    0.801358   -0.597238     1.03614
  -0.997629 -0.00896187  -0.0682301    0.283652
 -0.0600291    0.598118    0.799157     1.47277
          0           0           0           1

  0.0337683    0.806323    -0.59051      1.0377
  -0.997612 -0.00842769  -0.0685561    0.282965
  -0.060255    0.591415    0.804113      1.4686
          0           0           0           1

  0.0368804    0.808253    -0.58768     1.03757
  -0.997487 -0.00582044  -0.0706034     0.28268
 -0.0604859    0.588807    0.806007     1.46483
          0           0           0           1

   0.034221    0.810746   -0.584398     1.04005
  -0.997389 -0.00950638  -0.0715932    0.281629
 -0.0635994    0.585321    0.808303     1.46176
          0           0           0           1

  0.0357255    0.812773   -0.581484     1.03969
  -0.997207 -0.00919074  -0.0741132    0.281308
 -0.0655815    0.582508    0.810175     1.45921
          0           0           0           1

  0.0398531    0.817016   -0.575237     1.03839
   -0.99679 -0.00749472  -0.0797037    0.280252
 -0.0694304    0.576567    0.814095     1.45354
          0           0           0           1

  0.0447078    0.818168   -0.573238     1.03695
  -0.996394 -0.00490015  -0.0847043    0.280096
 -0.0721113    0.574958    0.814999     1.45206
          0           0           0           1

 0.0466373   0.821294  -0.568596    1.03614
 -0.996116 -0.0043209 -0.0879445   0.279552
-0.0746851   0.570489   0.817902    1.45059
         0          0          0          1

 0.0451271   0.823874  -0.564973     1.0369
 -0.996137 -0.0055353 -0.0876381   0.278861
-0.0753301   0.566746   0.820442    1.44924
         0          0          0          1

 0.0523555   0.830703  -0.554249    1.03586
 -0.995421 -0.0010342 -0.0955796   0.277889
-0.0799714   0.556715   0.826845    1.44543
         0          0          0          1

   0.0550219     0.832639    -0.551076      1.03581
   -0.995034 -0.000125438   -0.0995382     0.277493
  -0.0829486     0.553816     0.828497      1.44414
           0            0            0            1

 0.0603822   0.834899  -0.547081    1.03536
 -0.994355 0.00240789  -0.106074   0.277033
-0.0872437   0.550398   0.830332    1.44185
         0          0          0          1

  0.0603802    0.836515   -0.544606     1.03576
  -0.994066 0.000935086   -0.108775    0.276961
 -0.0904829    0.547943    0.831608     1.44035
          0           0           0           1

 0.0643841   0.837889  -0.542031    1.03524
 -0.993418 0.00224847  -0.114526   0.276748
-0.0947409   0.545836   0.832518     1.4369
         0          0          0          1

 0.0670003   0.838144  -0.541319    1.03427
 -0.993298 0.00482149  -0.115478   0.276777
-0.0941768   0.545428    0.83285    1.43313
         0          0          0          1

 0.0709921   0.839161   -0.53923    1.03415
 -0.992234 0.00405621   -0.12432   0.276647
 -0.102137   0.543868   0.832932    1.42795
         0          0          0          1

 0.0752519   0.839428  -0.538235     1.0329
 -0.991724 0.00669673  -0.128211   0.276556
  -0.10402   0.543429   0.832986      1.425
         0          0          0          1

 0.0736883    0.83964  -0.538121    1.03482
 -0.991816 0.00528713  -0.127566   0.276123
 -0.104264   0.543118   0.833158    1.42051
         0          0          0          1

0.0751543  0.840421 -0.536698    1.0356
-0.991382 0.0050577 -0.130904  0.275878
  -0.1073   0.54191  0.833558   1.41892
        0         0         0         1

0.0851701  0.841375 -0.533698   1.03443
-0.990014 0.0110745 -0.140532  0.275328
 -0.11233  0.540338  0.833917   1.41671
        0         0         0         1

0.0853398  0.841702 -0.533156   1.03538
-0.989781 0.0102647 -0.142225  0.275091
-0.114238  0.539845  0.833976   1.41613
        0         0         0         1

0.0872287  0.842497 -0.531592   1.03636
-0.989666 0.0123244 -0.142861  0.274774
-0.113809   0.53856  0.834866   1.41482
        0         0         0         1

0.0937678  0.842407  -0.53062   1.03588
-0.988942 0.0173041 -0.147288  0.274887
-0.114894  0.538563  0.834715   1.41466
        0         0         0         1

0.0974957  0.843029 -0.528958   1.03571
-0.988952 0.0224297 -0.146533  0.274675
-0.111667    0.5374  0.835901   1.41326
        0         0         0         1

0.0994952  0.842814 -0.528928   1.03656
-0.988543 0.0230864 -0.149165  0.274487
-0.113508   0.53771  0.835455   1.41345
        0         0         0         1

 0.107645  0.838613 -0.533985    1.0373
-0.987071 0.0259925 -0.158162  0.274366
-0.118757  0.544106  0.830569   1.41279
        0         0         0         1

 0.111685  0.836848 -0.535922   1.03703
-0.986221 0.0271067 -0.163199  0.274274
-0.122046  0.546764  0.828344   1.41273
        0         0         0         1

 0.111719  0.835261 -0.538385   1.03783
-0.985993 0.0256542   -0.1648  0.274126
-0.123839  0.549255  0.826428   1.41195
        0         0         0         1

 0.112519  0.834678 -0.539121   1.03819
-0.985987 0.0265358   -0.1647  0.273907
-0.123166  0.550098  0.825967    1.4108
        0         0         0         1

 0.114811  0.835064  -0.53804   1.03828
-0.985429 0.0273198 -0.167876  0.273562
-0.125488  0.549474  0.826033   1.41107
        0         0         0         1

 0.118889  0.835486 -0.536496   1.03727
-0.985055 0.0314279 -0.169348  0.273456
-0.124627  0.548612  0.826736   1.41159
        0         0         0         1

 0.123116  0.835899 -0.534897   1.03614
-0.984691 0.0358775 -0.170578  0.273383
-0.123395  0.547709  0.827519   1.41274
        0         0         0         1

  0.12862  0.836424 -0.532777   1.03436
-0.983904 0.0404238 -0.174065  0.273133
-0.124056  0.546589  0.828161   1.41432
        0         0         0         1

 0.129837  0.837928 -0.530112   1.03426
-0.984079 0.0434533 -0.172339  0.273151
-0.121373  0.544048  0.830229   1.41578
        0         0         0         1

 0.131896  0.838008 -0.529478   1.03477
-0.983847 0.0454496 -0.173148  0.273177
-0.121035  0.543762  0.830466   1.41667
        0         0         0         1

 0.136822  0.838768 -0.527017   1.03565
-0.983209 0.0501371 -0.175461  0.273745
-0.120748  0.542175  0.831544   1.41878
        0         0         0         1

  0.14037  0.838246 -0.526915   1.03595
-0.982675 0.0528993 -0.177629  0.274001
-0.121023   0.54272  0.831149   1.41995
        0         0         0         1

 0.139013  0.839553 -0.525192   1.03763
-0.983297 0.0541033 -0.173781  0.274233
-0.117483  0.540578  0.833051     1.421
        0         0         0         1

 0.145378  0.839283 -0.523899    1.0368
-0.982323 0.0593283 -0.177543  0.275041
-0.117927  0.540449  0.833072   1.42234
        0         0         0         1

 0.154186  0.838466 -0.522687   1.03577
-0.981456 0.0689932 -0.178842  0.275894
-0.113891  0.540569  0.833555   1.42416
        0         0         0         1

 0.155277   0.83925 -0.521103   1.03615
-0.981415 0.0708441 -0.178343  0.276494
-0.112757  0.539111  0.834653   1.42613
        0         0         0         1

 0.161592  0.840803 -0.516662   1.03774
-0.981217 0.0809908 -0.175084  0.278087
-0.105366  0.535249  0.838097   1.43168
        0         0         0         1

 0.168278  0.840196 -0.515512   1.03762
-0.980426 0.0884326  -0.17591  0.279034
-0.102211  0.535023  0.838632   1.43497
        0         0         0         1

 0.176373  0.839586 -0.513798   1.03736
-0.979344 0.0972419 -0.177282  0.280453
-0.0988809  0.534453  0.839394   1.44037
        0         0         0         1

 0.180014  0.839673  -0.51239   1.03849
-0.979082  0.102731 -0.175625  0.281604
-0.094829  0.533287  0.840602   1.44333
        0         0         0         1

 0.189562  0.838253 -0.511271   1.04215
 -0.97822  0.116385 -0.171873  0.284838
-0.0845686  0.532716  0.842058   1.45033
        0         0         0         1

 0.194727  0.837357 -0.510799   1.04321
-0.977504  0.122641 -0.171597  0.286244
-0.0810432  0.532722  0.842401   1.45384
        0         0         0         1

 0.207477   0.83599 -0.508009    1.0437
-0.975306  0.136589 -0.173553  0.288794
-0.0756999  0.531473  0.843686   1.45732
        0         0         0         1

 0.214764  0.836074 -0.504833   1.04488
-0.973854  0.144123 -0.175606  0.291042
-0.0740615  0.529347  0.845166    1.4608
        0         0         0         1

 0.218762  0.836891 -0.501754   1.04881
-0.973347  0.150879 -0.172719  0.293284
-0.0688424  0.526165  0.847592   1.46447
        0         0         0         1

 0.228392  0.835754 -0.499351   1.05097
-0.971295  0.160567  -0.17551   0.29552
-0.0665039  0.525102  0.848437   1.46749
        0         0         0         1

 0.247904  0.833303 -0.494116   1.05778
-0.967236  0.184067 -0.174854  0.300669
-0.0547564  0.521274  0.851631   1.47271
        0         0         0         1

  0.25366   0.83311 -0.491513   1.06076
-0.965936  0.191251 -0.174332  0.302668
-0.0512348  0.518991  0.853243   1.47461
        0         0         0         1

 0.262904  0.831803 -0.488861   1.06567
 -0.96364  0.201303 -0.175715   0.30623
-0.0477515  0.517282  0.854482    1.4778
        0         0         0         1

 0.271443  0.830305 -0.486736   1.06902
-0.961235  0.208423 -0.180522  0.309131
-0.0484411  0.516869  0.854693   1.48133
        0         0         0         1

 0.295478  0.826933 -0.478409   1.07749
-0.954452   0.23382 -0.185335  0.316417
-0.0413977  0.511381  0.858357   1.48531
        0         0         0         1

 0.307399  0.825279  -0.47373   1.07995
-0.950786  0.246042 -0.188331  0.319849
-0.0388685  0.508309  0.860297   1.48649
        0         0         0         1

 0.320738  0.822589 -0.469547   1.08421
-0.946404   0.25842 -0.193748  0.323915
-0.0380348  0.506523  0.861387   1.48913
        0         0         0         1

 0.329904  0.820897 -0.466146   1.08804
 -0.94328  0.267173 -0.197083  0.327587
-0.0372431  0.504725  0.862477   1.49089
        0         0         0         1

 0.339835  0.818675 -0.462907   1.09453
-0.939881  0.277991 -0.198356  0.331344
-0.0337053  0.502485  0.863928   1.49163
        0         0         0         1

 0.344431  0.818826 -0.459229   1.10026
 -0.93826  0.283465 -0.198284  0.333898
-0.0321849  0.499172  0.865905   1.49236
        0         0         0         1

 0.365066  0.813887 -0.452012   1.11092
-0.930442  0.302436 -0.206906  0.341696
-0.0316933  0.496105  0.867684    1.4953
        0         0         0         1

 0.373559  0.811726 -0.448948   1.11571
-0.927109  0.310876 -0.209343  0.345227
-0.0303621  0.494426  0.868689   1.49575
        0         0         0         1

  0.38148  0.810361 -0.444733   1.12446
-0.923927  0.319259 -0.210788  0.349346
-0.0288294  0.491313  0.870506   1.49535
        0         0         0         1

 0.391452  0.807211 -0.441786   1.12838
-0.919743  0.328104 -0.215457  0.353144
-0.0289674  0.490671  0.870863   1.49482
        0         0         0         1

 0.411107  0.802514 -0.432392   1.14234
-0.911058  0.345555 -0.224865  0.362138
-0.0310422  0.486378  0.873197   1.49374
        0         0         0         1

 0.420221  0.800108 -0.428068   1.14634
-0.906962  0.355317 -0.226207  0.365441
-0.0288902  0.483298  0.874979   1.49116
        0         0         0         1

 0.429177  0.798449 -0.422239    1.1544
-0.902628  0.362214 -0.232517  0.369838
-0.0327123  0.480916  0.876156   1.49069
        0         0         0         1

 0.439176  0.794914 -0.418612   1.15743
-0.897826   0.37167 -0.236156  0.373352
-0.0321377  0.479555  0.876923   1.48903
        0         0         0         1

 0.447518  0.791339 -0.416546   1.16564
-0.893636  0.378123 -0.241738  0.378591
-0.0337913  0.480422  0.876386   1.48827
        0         0         0         1

 0.451043  0.790425 -0.414474    1.1727
-0.891811  0.380878 -0.244141    0.3812
-0.0351105  0.479751  0.876702   1.48604
        0         0         0         1

 0.467641  0.784126 -0.407992   1.18533
-0.883041  0.393868 -0.255162  0.390156
-0.0393839  0.479598  0.876604   1.48115
        0         0         0         1

 0.476195  0.780192 -0.405635   1.18794
-0.878413  0.400883 -0.260161  0.394221
-0.0403639  0.480202  0.876229    1.4791
        0         0         0         1

 0.476218  0.781496 -0.403089   1.19882
-0.878425  0.402043 -0.258323  0.398093
-0.0398193  0.477101  0.877946   1.47372
        0         0         0         1

  0.48711  0.777059 -0.398627    1.2009
-0.872388  0.411619 -0.263645  0.402484
-0.0407857  0.476181  0.878401   1.46961
        0         0         0         1

 0.499776  0.773412 -0.389945   1.21264
-0.864934  0.421739 -0.272078  0.410192
-0.0459735  0.473255  0.879725    1.4627
        0         0         0         1

 0.502062  0.773029 -0.387763   1.21948
-0.863471  0.422914 -0.274886    0.4128
-0.0485043  0.472832  0.879817   1.46006
        0         0         0         1

 0.506844  0.772601 -0.382358    1.2262
-0.860301  0.425198 -0.281228  0.416845
-0.0546995  0.471481  0.880178   1.45668
        0         0         0         1

 0.509524  0.771897 -0.380212   1.23139
 -0.85873  0.428182 -0.281503  0.419179
-0.0544913  0.469931  0.881019    1.4527
        0         0         0         1

 0.514091  0.771981 -0.373839   1.23769
 -0.85575   0.43198 -0.284755  0.422302
-0.0583348  0.466303    0.8827   1.44726
        0         0         0         1

 0.515861  0.772242 -0.370851   1.24269
-0.854515  0.433143 -0.286692  0.425515
-0.0607645   0.46479  0.883333   1.44334
        0         0         0         1

 0.523165  0.769498 -0.366295    1.2515
-0.850064  0.440538 -0.288648  0.432233
-0.0607475  0.462385  0.884596   1.43078
        0         0         0         1

 0.526011  0.768728 -0.363825   1.25393
-0.847895  0.440697 -0.294719  0.434536
-0.0662218  0.463511  0.883613   1.42927
        0         0         0         1

 0.528159  0.768734 -0.360689    1.2588
-0.846267  0.441574 -0.298069  0.437501
-0.0698647  0.462667  0.883775   1.42298
        0         0         0         1

   0.5281  0.769571 -0.358986    1.2641
-0.846089  0.440798 -0.299717  0.439252
-0.0724132  0.462015  0.883911   1.41933
        0         0         0         1

 0.528188  0.771123 -0.355509    1.2736
-0.845503  0.438973  -0.30402  0.442777
-0.0783781  0.461163  0.883847   1.41086
        0         0         0         1

 0.529164  0.771672 -0.352856   1.27594
-0.844639  0.439316 -0.305918  0.444762
-0.0810531  0.459916  0.884255   1.40683
        0         0         0         1

 0.529046  0.773062 -0.349979   1.28075
-0.844296  0.438061 -0.308653   0.44731
-0.0852958  0.458778  0.884448   1.40264
        0         0         0         1

 0.531576  0.772153 -0.348148   1.28237
-0.842528  0.439799 -0.311004  0.448859
-0.0870272  0.458647  0.884347   1.39925
        0         0         0         1

 0.530799  0.773704 -0.345884   1.28706
-0.842851  0.439242 -0.310916  0.451368
-0.0886305  0.456562  0.885266   1.39281
        0         0         0         1

 0.530761  0.774369 -0.344449    1.2898
-0.842668  0.438737 -0.312122  0.452056
-0.0905749  0.455918  0.885401   1.38925
        0         0         0         1

 0.529093  0.775281 -0.344965   1.29633
-0.843218  0.434792 -0.316132  0.454721
-0.0951028  0.458144  0.883776   1.38353
        0         0         0         1

 0.526667  0.776924  -0.34498   1.29924
-0.844725  0.432874 -0.314738  0.455334
-0.0951951  0.457176  0.884267    1.3776
        0         0         0         1

 0.524621  0.778287 -0.345024    1.3025
-0.845626  0.429529 -0.316894  0.456275
-0.0984366  0.458011   0.88348   1.37508
        0         0         0         1

 0.523893  0.778521 -0.345603   1.30359
-0.845881  0.427826 -0.318514  0.457479
-0.100112  0.459205  0.882671   1.37307
        0         0         0         1

 0.521361  0.779489 -0.347245   1.30452
-0.847255  0.424356 -0.319501  0.459869
-0.101692   0.46078  0.881669   1.36333
        0         0         0         1

 0.517947  0.781337   -0.3482   1.30813
 -0.84891  0.419404 -0.321639  0.459348
-0.105272  0.462183  0.880514   1.36432
        0         0         0         1

 0.521391  0.779588 -0.346979   1.30501
-0.846624   0.42177 -0.324558  0.461309
-0.106676  0.462982  0.879925   1.36122
        0         0         0         1

 0.516062   0.78251 -0.348365   1.30914
-0.849745  0.416537 -0.323157  0.460731
-0.107767  0.462791  0.879893   1.35994
        0         0         0         1

 0.513377  0.783861 -0.349293   1.31153
-0.851145  0.413145 -0.323827  0.460954
-0.109527  0.463545  0.879278   1.35738
        0         0         0         1

 0.512921  0.784171 -0.349268   1.31117
-0.851373  0.412607 -0.323913  0.461329
-0.109893    0.4635  0.879256   1.35437
        0         0         0         1

 0.509246  0.786417 -0.349596   1.31284
-0.852999  0.407273 -0.326375  0.462352
-0.114286   0.46441  0.878215   1.35049
        0         0         0         1

 0.509274  0.786472 -0.349431   1.31221
-0.852959  0.407266 -0.326491  0.462619
-0.114465  0.464324  0.878238   1.34846
        0         0         0         1

 0.507607  0.787403 -0.349759    1.3124
-0.854054  0.406277 -0.324854    0.4629
-0.113692  0.463612  0.878714   1.34432
        0         0         0         1

  0.50522  0.788825 -0.350012   1.31289
-0.855276  0.403562 -0.325025   0.46267
-0.115136  0.463565   0.87855   1.34366
        0         0         0         1

 0.499442  0.792586 -0.349806   1.31427
 -0.85851  0.398598 -0.322616  0.462564
-0.116269   0.46144   0.87952   1.34011
        0         0         0         1

 0.499654  0.792262 -0.350239   1.31338
-0.858039  0.397213 -0.325563  0.463217
-0.118812  0.463188   0.87826   1.34038
        0         0         0         1

 0.498711  0.793364 -0.349086   1.31264
-0.858487  0.396574 -0.325161  0.463675
-0.119533  0.461846  0.878868   1.33838
        0         0         0         1

 0.497985  0.794194 -0.348233   1.31226
-0.858768  0.395828 -0.325326  0.463841
-0.120532  0.461059  0.879145   1.33741
        0         0         0         1

 0.493363  0.797001 -0.348401   1.31453
-0.861553  0.392656 -0.321787  0.462986
-0.119662  0.458924   0.88038   1.33548
        0         0         0         1

 0.492065  0.797517 -0.349055   1.31578
-0.862217   0.39109 -0.321916  0.462931
-0.120222  0.459365  0.880074   1.33466
        0         0         0         1

 0.488442  0.799451 -0.349719   1.31696
-0.864386  0.388439 -0.319299  0.463156
 -0.11942  0.458251  0.880764   1.33227
        0         0         0         1

 0.487828  0.799716 -0.349969   1.31657
-0.864759  0.387964 -0.318866   0.46361
-0.119227   0.45819  0.880822   1.33126
        0         0         0         1

 0.488136  0.799735 -0.349495   1.31521
-0.864735  0.388968 -0.317706  0.464023
-0.118138  0.457304  0.881428   1.32891
        0         0         0         1

 0.485442  0.800949 -0.350465   1.31583
-0.866298  0.386672 -0.316247  0.463931
-0.117783  0.457127  0.881568    1.3276
        0         0         0         1

 0.479421  0.803342 -0.353265     1.317
-0.869197  0.379147 -0.317402  0.463739
-0.121043  0.459226  0.880034   1.32612
        0         0         0         1

 0.479427  0.804067 -0.351605   1.31598
-0.869066  0.379321 -0.317553  0.464604
-0.121963  0.457812  0.880644   1.32491
        0         0         0         1

  0.47775  0.804922 -0.351932   1.31515
-0.869981  0.377854 -0.316795  0.464819
-0.122016  0.457523  0.880787   1.32281
        0         0         0         1

 0.472418  0.807554 -0.353099   1.31677
 -0.87261  0.372185 -0.316276  0.464053
-0.123991  0.457532  0.880506   1.32147
        0         0         0         1

 0.472349  0.806822 -0.354859   1.31662
-0.872395  0.370514 -0.318821  0.464946
-0.125751  0.460172  0.878879   1.31972
        0         0         0         1

 0.472167  0.807063 -0.354553   1.31584
-0.872245   0.36959 -0.320299  0.465379
-0.127463  0.460492  0.878465   1.31804
        0         0         0         1

 0.465661  0.810588 -0.355116   1.31658
-0.874545  0.360114 -0.324789   0.46541
-0.135388  0.461806  0.876587   1.31661
        0         0         0         1

 0.462222  0.812807 -0.354536   1.31659
-0.876482  0.358053 -0.321835  0.465296
-0.134647  0.459503   0.87791   1.31422
        0         0         0         1

 0.463793  0.812355 -0.353519   1.31568
-0.875378  0.358756 -0.324048  0.466473
-0.136415  0.459754  0.877506   1.31221
        0         0         0         1

 0.462132  0.813355 -0.353394   1.31568
 -0.87597  0.356553 -0.324878  0.466412
-0.138237  0.459699   0.87725   1.31138
        0         0         0         1

  0.46069    0.8152 -0.351018   1.31482
-0.876405  0.355302 -0.325077  0.467643
-0.140285  0.457394  0.878129   1.30604
        0         0         0         1

 0.458114   0.81656 -0.351229    1.3157
-0.877604  0.352716 -0.324657  0.467615
-0.141218   0.45697    0.8782   1.30468
        0         0         0         1

   0.4528  0.818954 -0.352542   1.31846
-0.880257  0.347702  -0.32288  0.466887
-0.141844  0.456527   0.87833   1.30273
        0         0         0         1

 0.450063  0.820727 -0.351924   1.31925
-0.881099  0.344014 -0.324527  0.466652
-0.145282  0.456138   0.87797   1.30176
        0         0         0         1

 0.445926  0.823258 -0.351279   1.32032
-0.883064  0.340583 -0.322801  0.466178
-0.146109  0.454147  0.878864   1.29849
        0         0         0         1

 0.441357   0.82634  -0.34981    1.3217
-0.884672  0.335454 -0.323768   0.46586
-0.150198  0.452364  0.879095   1.29846
        0         0         0         1

 0.444506  0.829453 -0.338263    1.3211
-0.882719  0.341355 -0.322931  0.467001
-0.152388  0.442136  0.883908   1.29712
        0         0         0         1

 0.445836  0.829211 -0.337104   1.32074
-0.882373  0.343815  -0.32126  0.467704
-0.150491  0.440681  0.884959   1.29706
        0         0         0         1

 0.443502  0.830594 -0.336778    1.3221
-0.883898  0.343101 -0.317815  0.467723
-0.148426  0.438629  0.886326   1.29622
        0         0         0         1

 0.443468  0.830579  -0.33686    1.3222
-0.883732  0.342504 -0.318918  0.467846
-0.149511  0.439124  0.885899     1.297
        0         0         0         1

 0.443249  0.831158  -0.33572   1.32087
  -0.8839  0.342934 -0.317989  0.468437
 -0.14917  0.437691  0.886665   1.29669
        0         0         0         1

 0.440816  0.833158 -0.333959   1.32104
 -0.88543  0.342569 -0.314103  0.467751
-0.147294  0.434159  0.888713   1.29596
        0         0         0         1

 0.438613  0.835675 -0.330554   1.32204
-0.886355  0.341573 -0.312575  0.467341
-0.148303  0.430087  0.890523   1.29632
        0         0         0         1

 0.439517  0.837282 -0.325244   1.32186
-0.885727  0.343774 -0.311941  0.467696
-0.149372  0.425181  0.892698   1.29619
        0         0         0         1

 0.441701  0.838696 -0.318574   1.32118
-0.884583  0.347873  -0.31064  0.468188
-0.149709  0.419015  0.895552   1.29617
        0         0         0         1

  0.43725  0.842577 -0.314446   1.32141
-0.886647  0.345335 -0.307574  0.467607
-0.150566  0.413289  0.898066   1.29626
        0         0         0         1

 0.435768  0.848315 -0.300778   1.32292
-0.887679  0.349833 -0.299403  0.467666
-0.148766  0.397464  0.905478   1.29644
        0         0         0         1

 0.437663  0.848309 -0.298032   1.32343
-0.886636  0.352095 -0.299842  0.467945
-0.149423  0.395476   0.90624   1.29664
        0         0         0         1

 0.438994  0.848501 -0.295516   1.32379
-0.886073  0.354347 -0.298853  0.468328
-0.148862  0.393044   0.90739   1.29721
        0         0         0         1

 0.434208  0.851009 -0.295375   1.32481
-0.888567  0.350744  -0.29568  0.467786
-0.148025  0.390847  0.908475    1.2977
        0         0         0         1

 0.430966  0.853603 -0.292625   1.32945
-0.890812  0.350723 -0.288873  0.467739
-0.143952  0.385169   0.91155   1.29807
        0         0         0         1

 0.432028  0.853734 -0.290672   1.33051
-0.890146  0.351883 -0.289515  0.467823
-0.144886  0.383819  0.911971   1.30032
        0         0         0         1

 0.428538  0.856127 -0.288793   1.33559
-0.891842  0.349576 -0.287079    0.4672
-0.144821  0.380582  0.913337   1.30367
        0         0         0         1

 0.427653  0.857689 -0.285451   1.33759
-0.892733  0.351159  -0.28234  0.467194
-0.141922  0.375575  0.915861   1.30352
        0         0         0         1

  0.42884  0.858176 -0.282189   1.33824
-0.892905  0.355225  -0.27665  0.467127
-0.137174  0.370607  0.918604   1.30316
        0         0         0         1

 0.425223  0.859895 -0.282429   1.34023
-0.894566  0.351848 -0.275599  0.466157
-0.137614  0.369842  0.918847   1.30536
        0         0         0         1

 0.423311  0.861786 -0.279521   1.33989
-0.895701  0.351737  -0.27203  0.466094
-0.136114  0.365521  0.920797   1.30747
        0         0         0         1

 0.419276  0.863479 -0.280378   1.34201
 -0.89764  0.348086 -0.270329  0.465032
-0.135827  0.365021  0.921038   1.30873
        0         0         0         1

 0.415244  0.865996  -0.27861   1.34313
-0.899721  0.345689 -0.266461  0.464492
-0.134442  0.361317    0.9227   1.30815
        0         0         0         1

 0.412512  0.867069  -0.27933   1.34441
 -0.90102  0.343201 -0.265285  0.463988
-0.134154  0.361115  0.922821   1.30953
        0         0         0         1

 0.407389   0.87016 -0.277229   1.34245
-0.903529  0.339846 -0.261036   0.46298
-0.132928  0.356828  0.924664   1.31403
        0         0         0         1

 0.399264  0.874424 -0.275628   1.34397
-0.907145  0.333175 -0.257064  0.460842
-0.132951  0.352671  0.926254   1.31539
        0         0         0         1

 0.400307  0.876097 -0.268715   1.34347
-0.906871  0.336602 -0.253542  0.460863
-0.131678  0.345185  0.929252   1.31644
        0         0         0         1

 0.398175   0.87783 -0.266218   1.34331
-0.908071  0.336116 -0.249866  0.460327
-0.129859  0.341235  0.930965   1.31839
        0         0         0         1

 0.391612  0.881168 -0.264922   1.34458
-0.911898  0.333246  -0.23956  0.458442
-0.122809  0.335397  0.934038   1.32173
        0         0         0         1

 0.392497  0.881685 -0.261875   1.34372
  -0.9114  0.334549 -0.239638  0.458576
-0.123675   0.33273  0.934877   1.32485
        0         0         0         1

 0.385497  0.885642 -0.258902   1.34241
-0.915516   0.33216 -0.226937  0.456812
-0.114988  0.324513  0.938866   1.33631
        0         0         0         1

 0.382129  0.886989 -0.259285   1.34093
-0.917531   0.33075 -0.220775  0.456204
-0.110067  0.322266  0.940229   1.34086
        0         0         0         1

 0.375591   0.88921 -0.261222   1.33975
-0.921037  0.326783 -0.211905  0.454471
-0.103066  0.320185  0.941732   1.34971
        0         0         0         1

 0.372822  0.890075 -0.262241   1.33823
-0.922678  0.325659 -0.206427  0.453593
-0.098334  0.318924  0.942665   1.35672
        0         0         0         1

 0.367111  0.891547 -0.265281   1.33642
-0.925878  0.322852 -0.196256  0.451637
-0.0893249  0.317665  0.943986   1.36617
        0         0         0         1

0.367935 0.890516 -0.26759  1.33142
-0.92589 0.324334 -0.19374 0.451317
-0.0857403 0.319043 0.943854   1.3745
       0        0        0        1

 0.358578  0.891042 -0.278327   1.32319
-0.931045   0.31976  -0.17581  0.450346
-0.067656  0.322176  0.944259   1.39666
        0         0         0         1

 0.351908  0.891691  -0.28469     1.322
 -0.93425  0.315827 -0.165619  0.449228
-0.0577682  0.324255  0.944204   1.40589
        0         0         0         1

 0.344274  0.892793 -0.290511   1.31912
 -0.93755  0.310518 -0.156777  0.447516
-0.0497605  0.326343  0.943941   1.42215
        0         0         0         1

 0.339555  0.892009 -0.298366   1.31568
-0.939621  0.307322 -0.150551   0.44664
-0.0425989  0.331471  0.942503   1.43589
        0         0         0         1

0.328654 0.889722 -0.31683  1.30452
-0.944254   0.3027 -0.12945 0.445634
-0.0192698 0.341712 0.939607  1.47042
       0        0        0        1

 0.321229   0.88958 -0.324747   1.30076
-0.946978  0.299316 -0.116801  0.445056
-0.00670232  0.345048  0.938561   1.48287
        0         0         0         1

 0.316898   0.88756 -0.334385    1.2929
  -0.9484  0.300477 -0.101244  0.445789
0.0106148  0.349215  0.936982   1.50232
        0         0         0         1

 0.308806  0.887032  -0.34324   1.28921
-0.950873  0.296235 -0.089923    0.4451
0.0219152  0.354146  0.934933   1.51924
        0         0         0         1

  0.295902   0.885578  -0.358043    1.28405
 -0.954395   0.289654 -0.0723262   0.443322
  0.039658   0.363115     0.9309    1.54251
         0          0          0          1

  0.290953   0.883887  -0.366184    1.27813
 -0.955057   0.291001 -0.0564336   0.444383
  0.056679   0.366146    0.92883    1.55618
         0          0          0          1

  0.273658   0.880156  -0.387862     1.2646
 -0.957907   0.285769 -0.0273755   0.445507
 0.0867444   0.379027   0.921311    1.60282
         0          0          0          1

  0.265199   0.878878  -0.396538    1.25899
 -0.958881   0.283516 -0.0129079   0.445842
   0.10108   0.383655   0.917928    1.62011
         0          0          0          1

  0.253627   0.877278    -0.4075    1.25112
  -0.95976   0.280733 0.00701991   0.446583
  0.120557   0.389322   0.913178    1.64458
         0          0          0          1

 0.253508  0.873168 -0.416307   1.24158
-0.957809   0.28682 0.0183256  0.448558
 0.135406  0.394097   0.90904   1.66368
        0         0         0         1

 0.236857  0.871197 -0.430017   1.22505
-0.955886  0.288115 0.0571978   0.45254
 0.173725  0.397499  0.901007   1.71418
        0         0         0         1

 0.232056  0.870187 -0.434654   1.21813
-0.954419  0.289929 0.0708932  0.454305
