 -0.242882  -0.470713   0.848197    1.28382
 -0.945153 -0.0820186  -0.316162    1.12491
   0.21839  -0.878466  -0.424975    1.87846
         0          0          0          1

-0.195336 -0.462257  0.864964   1.25445
-0.951771  -0.12341 -0.280893    1.0938
  0.23659 -0.878116 -0.415857   1.89782
        0         0         0         1

-0.195336 -0.462257  0.864964   1.25445
-0.951771  -0.12341 -0.280893    1.0938
  0.23659 -0.878116 -0.415857   1.89782
        0         0         0         1

 -0.17906 -0.456286  0.871631    1.2404
-0.952594 -0.141093 -0.269552   1.06691
 0.245974 -0.878576 -0.409391   1.92233
        0         0         0         1

 -0.17906 -0.456286  0.871631    1.2404
-0.952594 -0.141093 -0.269552   1.06691
 0.245974 -0.878576 -0.409391   1.92233
        0         0         0         1

-0.157369 -0.459545  0.874101   1.22555
-0.948533 -0.175974 -0.263285   1.04851
  0.27481 -0.870547 -0.408201   1.92806
        0         0         0         1

-0.157369 -0.459545  0.874101   1.22555
-0.948533 -0.175974 -0.263285   1.04851
  0.27481 -0.870547 -0.408201   1.92806
        0         0         0         1

-0.120657 -0.480608  0.868596   1.22454
-0.950794 -0.195577 -0.240291   1.01154
 0.285363 -0.854849 -0.433361   1.96314
        0         0         0         1

-0.120657 -0.480608  0.868596   1.22454
-0.950794 -0.195577 -0.240291   1.01154
 0.285363 -0.854849 -0.433361   1.96314
        0         0         0         1

-0.084196 -0.485483  0.870182   1.21446
-0.954465 -0.211527 -0.210364   0.99081
 0.286195  -0.84827 -0.445567   1.97583
        0         0         0         1

-0.084196 -0.485483  0.870182   1.21446
-0.954465 -0.211527 -0.210364   0.99081
 0.286195  -0.84827 -0.445567   1.97583
        0         0         0         1

-0.0183246 -0.492525  0.870105   1.19889
 -0.95769 -0.241346 -0.156784  0.957924
 0.287217 -0.836164 -0.467264   1.99699
        0         0         0         1

-0.0183246 -0.492525  0.870105   1.19889
 -0.95769 -0.241346 -0.156784  0.957924
 0.287217 -0.836164 -0.467264   1.99699
        0         0         0         1

 0.012412 -0.487892  0.872816   1.19096
-0.956256 -0.260928 -0.132256   0.93561
 0.292269 -0.832994 -0.469788   2.00508
        0         0         0         1

 0.012412 -0.487892  0.872816   1.19096
-0.956256 -0.260928 -0.132256   0.93561
 0.292269 -0.832994 -0.469788   2.00508
        0         0         0         1

 0.0487761  -0.481604   0.875031     1.1722
 -0.957243  -0.272644 -0.0967006   0.911635
  0.285143    -0.8329   -0.47431    2.02675
         0          0          0          1

 0.0487761  -0.481604   0.875031     1.1722
 -0.957243  -0.272644 -0.0967006   0.911635
  0.285143    -0.8329   -0.47431    2.02675
         0          0          0          1

 0.0921303  -0.493276    0.86498    1.16675
 -0.955018  -0.289675 -0.0634738   0.883637
  0.281873  -0.820224  -0.497776      2.038
         0          0          0          1

 0.0921303  -0.493276    0.86498    1.16675
 -0.955018  -0.289675 -0.0634738   0.883637
  0.281873  -0.820224  -0.497776      2.038
         0          0          0          1

  0.127999  -0.509311    0.85101     1.1673
 -0.955172  -0.294267 -0.0324461   0.860976
  0.266949  -0.808708  -0.524146     2.0473
         0          0          0          1

  0.127999  -0.509311    0.85101     1.1673
 -0.955172  -0.294267 -0.0324461   0.860976
  0.266949  -0.808708  -0.524146     2.0473
         0          0          0          1

 0.178925 -0.509383  0.841733   1.15958
-0.951566 -0.307003 0.0164867  0.827691
 0.250016 -0.803914 -0.539642   2.06063
        0         0         0         1

 0.178925 -0.509383  0.841733   1.15958
-0.951566 -0.307003 0.0164867  0.827691
 0.250016 -0.803914 -0.539642   2.06063
        0         0         0         1

 0.189761 -0.502325    0.8436   1.15446
-0.947553 -0.318745 0.0233472  0.806946
 0.257165 -0.803786 -0.536465   2.06262
        0         0         0         1

 0.189761 -0.502325    0.8436   1.15446
-0.947553 -0.318745 0.0233472  0.806946
 0.257165 -0.803786 -0.536465   2.06262
        0         0         0         1

 0.181456 -0.491615  0.851697   1.14348
-0.946235 -0.323127 0.0150829  0.786454
 0.267791 -0.808643 -0.523817   2.06574
        0         0         0         1

 0.181456 -0.491615  0.851697   1.14348
-0.946235 -0.323127 0.0150829  0.786454
 0.267791 -0.808643 -0.523817   2.06574
        0         0         0         1

  0.159507    -0.4839   0.860464    1.13212
 -0.943974  -0.329852 -0.0105116   0.757113
  0.288912  -0.810579  -0.509402    2.07053
         0          0          0          1

  0.159507    -0.4839   0.860464    1.13212
 -0.943974  -0.329852 -0.0105116   0.757113
  0.288912  -0.810579  -0.509402    2.07053
         0          0          0          1

  0.155636  -0.464029    0.87204    1.11986
 -0.942282  -0.334674 -0.0099143   0.733883
  0.296449  -0.820165  -0.489334    2.07591
         0          0          0          1

  0.155636  -0.464029    0.87204    1.11986
 -0.942282  -0.334674 -0.0099143   0.733883
  0.296449  -0.820165  -0.489334    2.07591
         0          0          0          1

   0.155336    -0.43838    0.885265     1.10858
  -0.941891   -0.335917 -0.00107247    0.700467
   0.297846   -0.833656   -0.465086     2.07273
          0           0           0           1

   0.155336    -0.43838    0.885265     1.10858
  -0.941891   -0.335917 -0.00107247    0.700467
   0.297846   -0.833656   -0.465086     2.07273
          0           0           0           1

  0.155044  -0.428301   0.890235    1.10747
 -0.946202  -0.323446 0.00917863   0.677143
  0.284011  -0.843766  -0.455408    2.06951
         0          0          0          1

  0.155044  -0.428301   0.890235    1.10747
 -0.946202  -0.323446 0.00917863   0.677143
  0.284011  -0.843766  -0.455408    2.06951
         0          0          0          1

  0.15967 -0.411055  0.897518   1.09795
-0.949844  -0.31162 0.0262601  0.655489
  0.26889 -0.856695 -0.440195   2.06304
        0         0         0         1

  0.15967 -0.411055  0.897518   1.09795
-0.949844  -0.31162 0.0262601  0.655489
  0.26889 -0.856695 -0.440195   2.06304
        0         0         0         1

 0.168043 -0.373245  0.912387   1.07628
-0.953894 -0.295065 0.0549805  0.619604
 0.248692 -0.879559  -0.40562   2.05848
        0         0         0         1

 0.168043 -0.373245  0.912387   1.07628
-0.953894 -0.295065 0.0549805  0.619604
 0.248692 -0.879559  -0.40562   2.05848
        0         0         0         1

 0.158472 -0.361185   0.91893   1.07293
-0.958429 -0.279929 0.0552575  0.594639
 0.237277 -0.889486 -0.390531   2.05345
        0         0         0         1

 0.158472 -0.361185   0.91893   1.07293
-0.958429 -0.279929 0.0552575  0.594639
 0.237277 -0.889486 -0.390531   2.05345
        0         0         0         1

 0.167596 -0.339509  0.925551   1.06047
-0.963233 -0.256362 0.0803811  0.557598
 0.209986 -0.904993 -0.369992   2.04329
        0         0         0         1

 0.167596 -0.339509  0.925551   1.06047
-0.963233 -0.256362 0.0803811  0.557598
 0.209986 -0.904993 -0.369992   2.04329
        0         0         0         1

 0.176572  -0.33358  0.926038   1.05408
-0.967215 -0.233276  0.100392  0.531162
 0.182534 -0.913404 -0.363833   2.03826
        0         0         0         1

 0.176572  -0.33358  0.926038   1.05408
-0.967215 -0.233276  0.100392  0.531162
 0.182534 -0.913404 -0.363833   2.03826
        0         0         0         1

 0.185077 -0.328402  0.926228   1.04449
-0.968105 -0.222893  0.114416  0.508458
 0.168875 -0.917862 -0.359181   2.02449
        0         0         0         1

 0.185077 -0.328402  0.926228   1.04449
-0.968105 -0.222893  0.114416  0.508458
 0.168875 -0.917862 -0.359181   2.02449
        0         0         0         1

 0.190335  -0.32831  0.925195   1.03462
-0.971882 -0.196097  0.130353  0.470473
 0.138632 -0.923991 -0.356402    2.0123
        0         0         0         1

 0.190335  -0.32831  0.925195   1.03462
-0.971882 -0.196097  0.130353  0.470473
 0.138632 -0.923991 -0.356402    2.0123
        0         0         0         1

 0.197415 -0.334081  0.921638     1.027
-0.972662 -0.184036  0.141634  0.447713
 0.122297 -0.924403  -0.36128   1.99974
        0         0         0         1

 0.197415 -0.334081  0.921638     1.027
-0.972662 -0.184036  0.141634  0.447713
 0.122297 -0.924403  -0.36128   1.99974
        0         0         0         1

 0.204016 -0.353029  0.913098   1.02086
 -0.97602 -0.145675  0.161753  0.410361
 0.075912 -0.924202 -0.374283   1.98437
        0         0         0         1

 0.204016 -0.353029  0.913098   1.02086
 -0.97602 -0.145675  0.161753  0.410361
 0.075912 -0.924202 -0.374283   1.98437
        0         0         0         1

 0.206744  -0.36584  0.907424   1.01496
-0.977417 -0.118691  0.174839  0.387309
0.0437395 -0.923078 -0.382117   1.97117
        0         0         0         1

 0.206744  -0.36584  0.907424   1.01496
-0.977417 -0.118691  0.174839  0.387309
0.0437395 -0.923078 -0.382117   1.97117
        0         0         0         1

  0.206638  -0.376537   0.903062    1.00993
 -0.978357 -0.0897646   0.186439   0.364241
 0.0108617  -0.922042  -0.386937    1.95785
         0          0          0          1

  0.206638  -0.376537   0.903062    1.00993
 -0.978357 -0.0897646   0.186439   0.364241
 0.0108617  -0.922042  -0.386937    1.95785
         0          0          0          1

  0.195594  -0.383439   0.902617    1.00674
 -0.980159 -0.0462833   0.192735   0.332695
 -0.032126  -0.922406  -0.384884    1.93308
         0          0          0          1

  0.195594  -0.383439   0.902617    1.00674
 -0.980159 -0.0462833   0.192735   0.332695
 -0.032126  -0.922406  -0.384884    1.93308
         0          0          0          1

  0.187642  -0.378669   0.906312    1.00067
 -0.980466 -0.0168175   0.195968   0.311534
-0.0589651   -0.92538  -0.374427    1.91765
         0          0          0          1

  0.187642  -0.378669   0.906312    1.00067
 -0.980466 -0.0168175   0.195968   0.311534
-0.0589651   -0.92538  -0.374427    1.91765
         0          0          0          1

  0.16627  -0.37665  0.911312  0.995543
-0.982602   0.01427  0.185175  0.283759
-0.0827507 -0.926246 -0.367725   1.88799
        0         0         0         1

  0.16627  -0.37665  0.911312  0.995543
-0.982602   0.01427  0.185175  0.283759
-0.0827507 -0.926246 -0.367725   1.88799
        0         0         0         1

 0.165938 -0.385144  0.907815  0.989944
-0.980843 0.0307955  0.192352  0.264568
 -0.10204 -0.922342 -0.372656   1.87062
        0         0         0         1

 0.165938 -0.385144  0.907815  0.989944
-0.980843 0.0307955  0.192352  0.264568
 -0.10204 -0.922342 -0.372656   1.87062
        0         0         0         1

 0.172036   -0.4072   0.89699  0.987825
-0.977212 0.0443909  0.207574  0.246176
-0.124342 -0.912259 -0.390284    1.8529
        0         0         0         1

 0.172036   -0.4072   0.89699  0.987825
-0.977212 0.0443909  0.207574  0.246176
-0.124342 -0.912259 -0.390284    1.8529
        0         0         0         1

 0.184051 -0.437363  0.880249  0.989141
-0.968063 0.0744431    0.2394  0.221308
-0.170233 -0.896199 -0.409693   1.82296
        0         0         0         1

 0.184051 -0.437363  0.880249  0.989141
-0.968063 0.0744431    0.2394  0.221308
-0.170233 -0.896199 -0.409693   1.82296
        0         0         0         1

 0.185906 -0.440098  0.878494  0.989271
-0.962791 0.0968869  0.252283   0.20573
-0.196144 -0.892707 -0.405711   1.80383
        0         0         0         1

 0.185906 -0.440098  0.878494  0.989271
-0.962791 0.0968869  0.252283   0.20573
-0.196144 -0.892707 -0.405711   1.80383
        0         0         0         1

 0.170239 -0.441789  0.880818  0.988239
-0.959221  0.130385  0.250789  0.185399
-0.225641 -0.887593 -0.401577   1.77512
        0         0         0         1

 0.170239 -0.441789  0.880818  0.988239
-0.959221  0.130385  0.250789  0.185399
-0.225641 -0.887593 -0.401577   1.77512
        0         0         0         1

 0.155985 -0.445026  0.881828  0.990109
-0.957622  0.150711  0.245451  0.172711
-0.242133 -0.882745 -0.402658   1.75662
        0         0         0         1

 0.155985 -0.445026  0.881828  0.990109
-0.957622  0.150711  0.245451  0.172711
-0.242133 -0.882745 -0.402658   1.75662
        0         0         0         1

 0.151895 -0.450091  0.879969  0.989185
-0.953526  0.167669  0.250352  0.160718
-0.260225   -0.8771 -0.403705   1.73949
        0         0         0         1

 0.151895 -0.450091  0.879969  0.989185
-0.953526  0.167669  0.250352  0.160718
-0.260225   -0.8771 -0.403705   1.73949
        0         0         0         1

 0.147394 -0.459313   0.87596  0.991519
-0.947037  0.189924  0.258941  0.144593
-0.285301 -0.867733 -0.406992   1.71462
        0         0         0         1

 0.147394 -0.459313   0.87596  0.991519
-0.947037  0.189924  0.258941  0.144593
-0.285301 -0.867733 -0.406992   1.71462
        0         0         0         1

 0.135213 -0.463907  0.875504  0.993049
-0.945729  0.203094  0.253672  0.135494
 -0.29549  -0.86229 -0.411269   1.69875
        0         0         0         1

 0.135213 -0.463907  0.875504  0.993049
-0.945729  0.203094  0.253672  0.135494
 -0.29549  -0.86229 -0.411269   1.69875
        0         0         0         1

 0.105628  -0.46415  0.879436  0.993714
 -0.94382  0.231683  0.235639   0.12267
-0.313123 -0.854919 -0.413602   1.67952
        0         0         0         1

 0.105628  -0.46415  0.879436  0.993714
 -0.94382  0.231683  0.235639   0.12267
-0.313123 -0.854919 -0.413602   1.67952
        0         0         0         1

 0.089165 -0.467654  0.879403  0.995488
-0.941191  0.249331  0.228021   0.11437
-0.325897 -0.848018  -0.41792   1.66839
        0         0         0         1

 0.089165 -0.467654  0.879403  0.995488
-0.941191  0.249331  0.228021   0.11437
-0.325897 -0.848018  -0.41792   1.66839
        0         0         0         1

0.0790629  -0.47308  0.877465  0.998119
-0.938041  0.262599    0.2261  0.106157
-0.337385 -0.840974 -0.423006   1.65672
        0         0         0         1

0.0790629  -0.47308  0.877465  0.998119
-0.938041  0.262599    0.2261  0.106157
-0.337385 -0.840974 -0.423006   1.65672
        0         0         0         1

0.0763155 -0.472143  0.878212    1.0018
-0.931718  0.279889  0.231438 0.0936418
-0.355074 -0.835909 -0.418544   1.64111
        0         0         0         1

0.0763155 -0.472143  0.878212    1.0018
-0.931718  0.279889  0.231438 0.0936418
-0.355074 -0.835909 -0.418544   1.64111
        0         0         0         1

0.0634865 -0.465681  0.882672   1.00356
-0.931288  0.290259  0.220118 0.0859461
-0.358708 -0.835997 -0.415256   1.63193
        0         0         0         1

0.0634865 -0.465681  0.882672   1.00356
-0.931288  0.290259  0.220118 0.0859461
-0.358708 -0.835997 -0.415256   1.63193
        0         0         0         1

0.0351204 -0.458793  0.887849   1.00499
-0.931376  0.307094  0.195532 0.0746717
-0.362362 -0.833788 -0.416523   1.62118
        0         0         0         1

0.0351204 -0.458793  0.887849   1.00499
-0.931376  0.307094  0.195532 0.0746717
-0.362362 -0.833788 -0.416523   1.62118
        0         0         0         1

0.0163062 -0.454448  0.890624   1.00681
-0.932957  0.313454  0.177024 0.0675306
-0.359618   -0.8338 -0.418869    1.6145
        0         0         0         1

0.0163062 -0.454448  0.890624   1.00681
-0.932957  0.313454  0.177024 0.0675306
-0.359618   -0.8338 -0.418869    1.6145
        0         0         0         1

0.0101436 -0.456898  0.889461   1.00827
-0.931431  0.319281   0.17463 0.0593154
-0.363776 -0.830243  -0.42233   1.60814
        0         0         0         1

0.0101436 -0.456898  0.889461   1.00827
-0.931431  0.319281   0.17463 0.0593154
-0.363776 -0.830243  -0.42233   1.60814
        0         0         0         1

0.0125759 -0.465164  0.885135   1.01358
-0.928005  0.324207  0.183565 0.0475898
-0.372355 -0.823719 -0.427597   1.59854
        0         0         0         1

0.0125759 -0.465164  0.885135   1.01358
-0.928005  0.324207  0.183565 0.0475898
-0.372355 -0.823719 -0.427597   1.59854
        0         0         0         1

0.0136899 -0.466819  0.884247   1.01768
-0.925631   0.32855  0.187782 0.0408061
-0.378179 -0.821057 -0.427604   1.59175
        0         0         0         1

0.0136899 -0.466819  0.884247   1.01768
-0.925631   0.32855  0.187782 0.0408061
-0.378179 -0.821057 -0.427604   1.59175
        0         0         0         1

 0.010256 -0.468072  0.883631   1.02285
-0.921394  0.338898  0.190213 0.0310989
-0.388494 -0.816123 -0.427803   1.58398
        0         0         0         1

 0.010256 -0.468072  0.883631   1.02285
-0.921394  0.338898  0.190213 0.0310989
-0.388494 -0.816123 -0.427803   1.58398
        0         0         0         1

0.00870657 -0.471428  0.881862   1.02621
-0.919176  0.343488  0.192697 0.0252261
-0.393752 -0.812264 -0.430334   1.57843
        0         0         0         1

0.00870657 -0.471428  0.881862   1.02621
-0.919176  0.343488  0.192697 0.0252261
-0.393752 -0.812264 -0.430334   1.57843
        0         0         0         1

0.0125388 -0.476276  0.879206   1.02884
-0.917028  0.345051  0.199996 0.0194755
-0.398625 -0.808765 -0.432432   1.57296
        0         0         0         1

0.0125388 -0.476276  0.879206   1.02884
-0.917028  0.345051  0.199996 0.0194755
-0.398625 -0.808765 -0.432432   1.57296
        0         0         0         1

0.0133056 -0.482679  0.875696   1.03415
 -0.91404  0.349204  0.206368 0.0113169
-0.405406 -0.803167 -0.436542   1.56563
        0         0         0         1

0.0133056 -0.482679  0.875696   1.03415
 -0.91404  0.349204  0.206368 0.0113169
-0.405406 -0.803167 -0.436542   1.56563
        0         0         0         1

 0.0102937  -0.483279   0.875406     1.0363
 -0.914113   0.350316   0.204146 0.00632888
 -0.405328  -0.802321  -0.438166    1.56002
         0          0          0          1

 0.0102937  -0.483279   0.875406     1.0363
 -0.914113   0.350316   0.204146 0.00632888
 -0.405328  -0.802321  -0.438166    1.56002
         0          0          0          1

  0.00154097     -0.48201     0.876164      1.03932
   -0.914974     0.352862     0.195732 -0.000744164
    -0.40351    -0.801969    -0.440483      1.55196
           0            0            0            1

  0.00154097     -0.48201     0.876164      1.03932
   -0.914974     0.352862     0.195732 -0.000744164
    -0.40351    -0.801969    -0.440483      1.55196
           0            0            0            1

 0.00520406    -0.48079     0.87682     1.04211
  -0.913113    0.355181    0.200177 -0.00552815
  -0.407673   -0.801678   -0.437167      1.5466
          0           0           0           1

 0.00520406    -0.48079     0.87682     1.04211
  -0.913113    0.355181    0.200177 -0.00552815
  -0.407673   -0.801678   -0.437167      1.5466
          0           0           0           1

  0.0148818   -0.479612    0.877355     1.04561
  -0.911332    0.354521    0.209259 -0.00987405
  -0.411404   -0.802675   -0.431809     1.54046
          0           0           0           1

  0.0148818   -0.479612    0.877355     1.04561
  -0.911332    0.354521    0.209259 -0.00987405
  -0.411404   -0.802675   -0.431809     1.54046
          0           0           0           1

 0.0246581  -0.471197   0.881683    1.04977
 -0.910484   0.353602   0.214438 -0.0149152
 -0.412807  -0.808047  -0.420298    1.53103
         0          0          0          1

 0.0246581  -0.471197   0.881683    1.04977
 -0.910484   0.353602   0.214438 -0.0149152
 -0.412807  -0.808047  -0.420298    1.53103
         0          0          0          1

0.0265027 -0.462313  0.886321   1.05162
-0.908595   0.35857  0.214202 -0.017846
-0.416836 -0.810984 -0.410552   1.52579
        0         0         0         1

0.0265027 -0.462313  0.886321   1.05162
-0.908595   0.35857  0.214202 -0.017846
-0.416836 -0.810984 -0.410552   1.52579
        0         0         0         1

 0.020708 -0.454721  0.890393    1.0536
-0.909362  0.361542  0.205787 -0.019987
 -0.41549 -0.813951 -0.406019   1.51984
        0         0         0         1

 0.020708 -0.454721  0.890393    1.0536
-0.909362  0.361542  0.205787 -0.019987
 -0.41549 -0.813951 -0.406019   1.51984
        0         0         0         1

 0.0155933  -0.447624   0.894086    1.05777
 -0.910018   0.364134   0.198175 -0.0233931
 -0.414275  -0.816725  -0.401668    1.51164
         0          0          0          1

 0.0155933  -0.447624   0.894086    1.05777
 -0.910018   0.364134   0.198175 -0.0233931
 -0.414275  -0.816725  -0.401668    1.51164
         0          0          0          1

 0.0230439  -0.446158   0.894658    1.06044
  -0.90909   0.362989   0.204435 -0.0254742
 -0.415962  -0.818035  -0.397233      1.506
         0          0          0          1

 0.0230439  -0.446158   0.894658    1.06044
  -0.90909   0.362989   0.204435 -0.0254742
 -0.415962  -0.818035  -0.397233      1.506
         0          0          0          1

 0.0381438  -0.441525   0.896438    1.06446
 -0.908139   0.358977   0.215449 -0.0271706
 -0.416927  -0.822309  -0.387273    1.49732
         0          0          0          1

 0.0381438  -0.441525   0.896438    1.06446
 -0.908139   0.358977   0.215449 -0.0271706
 -0.416927  -0.822309  -0.387273    1.49732
         0          0          0          1

 0.0444877  -0.437247    0.89824    1.06546
 -0.908817   0.355629   0.218126 -0.0275881
 -0.414815   -0.82604  -0.381557     1.4921
         0          0          0          1

 0.0444877  -0.437247    0.89824    1.06546
 -0.908817   0.355629   0.218126 -0.0275881
 -0.414815   -0.82604  -0.381557     1.4921
         0          0          0          1

 0.0465757  -0.436238   0.898625    1.06586
 -0.909651   0.353194   0.218605 -0.0277232
 -0.412753  -0.827617  -0.380374    1.48753
         0          0          0          1

 0.0465757  -0.436238   0.898625    1.06586
 -0.909651   0.353194   0.218605 -0.0277232
 -0.412753  -0.827617  -0.380374    1.48753
         0          0          0          1

 0.0544304  -0.434453   0.899048    1.06638
 -0.909833    0.34938   0.223916 -0.0284131
  -0.41139  -0.830171  -0.376262    1.48206
         0          0          0          1

 0.0544304  -0.434453   0.899048    1.06638
 -0.909833    0.34938   0.223916 -0.0284131
  -0.41139  -0.830171  -0.376262    1.48206
         0          0          0          1

0.0608788 -0.436175    0.8978   1.06749
-0.909832  0.345657  0.229624 -0.029346
-0.410487 -0.830826 -0.375803   1.47949
        0         0         0         1

0.0608788 -0.436175    0.8978   1.06749
-0.909832  0.345657  0.229624 -0.029346
-0.410487 -0.830826 -0.375803   1.47949
        0         0         0         1

 0.0715355  -0.436674   0.896771     1.0679
  -0.91141   0.336654   0.236634 -0.0308089
 -0.405234  -0.834254  -0.373906    1.47751
         0          0          0          1

 0.0715355  -0.436674   0.896771     1.0679
  -0.91141   0.336654   0.236634 -0.0308089
 -0.405234  -0.834254  -0.373906    1.47751
         0          0          0          1

 0.0733842  -0.439788   0.895098    1.06711
 -0.912771   0.332002   0.237956 -0.0316387
 -0.401825  -0.834482  -0.377063    1.47736
         0          0          0          1

 0.0733842  -0.439788   0.895098    1.06711
 -0.912771   0.332002   0.237956 -0.0316387
 -0.401825  -0.834482  -0.377063    1.47736
         0          0          0          1

 0.0728856  -0.446439   0.891841     1.0663
 -0.913736   0.328498   0.239115 -0.0323883
 -0.399718  -0.832335  -0.383985    1.47786
         0          0          0          1

 0.0728856  -0.446439   0.891841     1.0663
 -0.913736   0.328498   0.239115 -0.0323883
 -0.399718  -0.832335  -0.383985    1.47786
         0          0          0          1

 0.0734042  -0.454396    0.88777    1.06608
 -0.914434   0.324601   0.241753 -0.0330428
 -0.398022  -0.829553  -0.391689    1.47895
         0          0          0          1

 0.0734042  -0.454396    0.88777    1.06608
 -0.914434   0.324601   0.241753 -0.0330428
 -0.398022  -0.829553  -0.391689    1.47895
         0          0          0          1

 0.0784126  -0.452569   0.888275    1.06542
 -0.914925   0.321205   0.244416 -0.0331653
 -0.395933  -0.831871   -0.38888    1.48021
         0          0          0          1

 0.0784126  -0.452569   0.888275    1.06542
 -0.914925   0.321205   0.244416 -0.0331653
 -0.395933  -0.831871   -0.38888    1.48021
         0          0          0          1

 0.0834875  -0.455876   0.886119    1.06373
  -0.91647   0.314043   0.247911 -0.0328848
 -0.391297  -0.832799  -0.391578    1.48437
         0          0          0          1

 0.0834875  -0.455876   0.886119    1.06373
  -0.91647   0.314043   0.247911 -0.0328848
 -0.391297  -0.832799  -0.391578    1.48437
         0          0          0          1

  0.091614   -0.45519   0.885669     1.0618
 -0.916015   0.310296    0.25423 -0.0319567
 -0.390543  -0.834577  -0.388534    1.48753
         0          0          0          1

  0.091614   -0.45519   0.885669     1.0618
 -0.916015   0.310296    0.25423 -0.0319567
 -0.390543  -0.834577  -0.388534    1.48753
         0          0          0          1

  0.104974  -0.450386   0.886641    1.05777
 -0.914492   0.306597   0.264013 -0.0304769
  -0.39075  -0.838541  -0.379689    1.49083
         0          0          0          1

  0.104974  -0.450386   0.886641    1.05777
 -0.914492   0.306597   0.264013 -0.0304769
  -0.39075  -0.838541  -0.379689    1.49083
         0          0          0          1

  0.119621   -0.44569   0.887159    1.04983
   -0.9163   0.294445   0.271473 -0.0274609
 -0.382212  -0.845377  -0.373164    1.49665
         0          0          0          1

  0.119621   -0.44569   0.887159    1.04983
   -0.9163   0.294445   0.271473 -0.0274609
 -0.382212  -0.845377  -0.373164    1.49665
         0          0          0          1

  0.124545  -0.445495   0.886579     1.0429
 -0.918671   0.285818   0.272674 -0.0252961
 -0.374875  -0.848435  -0.373666    1.50245
         0          0          0          1

  0.124545  -0.445495   0.886579     1.0429
 -0.918671   0.285818   0.272674 -0.0252961
 -0.374875  -0.848435  -0.373666    1.50245
         0          0          0          1

  0.132229  -0.450237   0.883064    1.02966
 -0.922205   0.270728   0.276123 -0.0216227
 -0.363391  -0.850878  -0.379413    1.51243
         0          0          0          1

  0.132229  -0.450237   0.883064    1.02966
 -0.922205   0.270728   0.276123 -0.0216227
 -0.363391  -0.850878  -0.379413    1.51243
         0          0          0          1

   0.14006  -0.453115   0.880381    1.01824
 -0.923448    0.26103   0.281259 -0.0190918
 -0.357248  -0.852379  -0.381868    1.51991
         0          0          0          1

   0.14006  -0.453115   0.880381    1.01824
 -0.923448    0.26103   0.281259 -0.0190918
 -0.357248  -0.852379  -0.381868    1.51991
         0          0          0          1

  0.146944  -0.456208   0.877657    1.00571
 -0.924584   0.251955   0.285767 -0.0165405
 -0.351499   -0.85346  -0.384779    1.52814
         0          0          0          1

  0.146944  -0.456208   0.877657    1.00571
 -0.924584   0.251955   0.285767 -0.0165405
 -0.351499   -0.85346  -0.384779    1.52814
         0          0          0          1

  0.161035  -0.459984   0.873203    0.98404
 -0.925723   0.236373   0.295237 -0.0123994
 -0.342206  -0.855887  -0.387753    1.54164
         0          0          0          1

  0.161035  -0.459984   0.873203    0.98404
 -0.925723   0.236373   0.295237 -0.0123994
 -0.342206  -0.855887  -0.387753    1.54164
         0          0          0          1

   0.169459   -0.464474    0.869222    0.968208
  -0.926977    0.224374    0.300615 -0.00921184
  -0.334659   -0.856691   -0.392535     1.55131
          0           0           0           1

   0.169459   -0.464474    0.869222    0.968208
  -0.926977    0.224374    0.300615 -0.00921184
  -0.334659   -0.856691   -0.392535     1.55131
          0           0           0           1

   0.176651   -0.474536    0.862328    0.942032
  -0.929019    0.209027    0.305339 -0.00405872
  -0.325145   -0.855057   -0.403928      1.5674
          0           0           0           1

   0.176651   -0.474536    0.862328    0.942032
  -0.929019    0.209027    0.305339 -0.00405872
  -0.325145   -0.855057   -0.403928      1.5674
          0           0           0           1

    0.178909    -0.481889     0.857773     0.923603
   -0.930493     0.200377     0.306646 -0.000164747
   -0.319647    -0.853014    -0.412545      1.57867
           0            0            0            1

    0.178909    -0.481889     0.857773     0.923603
   -0.930493     0.200377     0.306646 -0.000164747
   -0.319647    -0.853014    -0.412545      1.57867
           0            0            0            1

  0.182347  -0.487943   0.853616   0.904895
 -0.932031   0.190729   0.308123 0.00490403
 -0.313156  -0.851783  -0.419999    1.58943
         0          0          0          1

  0.182347  -0.487943   0.853616   0.904895
 -0.932031   0.190729   0.308123 0.00490403
 -0.313156  -0.851783  -0.419999    1.58943
         0          0          0          1

 0.190115 -0.495727  0.847415  0.875851
-0.932841   0.17786  0.313325 0.0136477
-0.306045 -0.850071 -0.428621   1.60701
        0         0         0         1

 0.190115 -0.495727  0.847415  0.875851
-0.932841   0.17786  0.313325 0.0136477
-0.306045 -0.850071 -0.428621   1.60701
        0         0         0         1

 0.191727 -0.499067  0.845088  0.855911
-0.935317  0.167975  0.311395 0.0206035
 -0.29736 -0.850127 -0.434581   1.61829
        0         0         0         1

 0.191727 -0.499067  0.845088  0.855911
-0.935317  0.167975  0.311395 0.0206035
 -0.29736 -0.850127 -0.434581   1.61829
        0         0         0         1

 0.192482 -0.500763  0.843912  0.824102
-0.939308  0.154865  0.306134 0.0320497
-0.283993 -0.851618 -0.440562   1.63589
        0         0         0         1

 0.192482 -0.500763  0.843912  0.824102
-0.939308  0.154865  0.306134 0.0320497
-0.283993 -0.851618 -0.440562   1.63589
        0         0         0         1

 0.191718 -0.502792  0.842879  0.803169
-0.941031  0.149753  0.303373 0.0408146
-0.278757 -0.851337 -0.444432   1.64796
        0         0         0         1

 0.191718 -0.502792  0.842879  0.803169
-0.941031  0.149753  0.303373 0.0408146
-0.278757 -0.851337 -0.444432   1.64796
        0         0         0         1

 0.193024  -0.50426  0.841703  0.780982
-0.942316  0.143814  0.302255 0.0501402
-0.273464 -0.851493 -0.447412   1.65953
        0         0         0         1

 0.193024  -0.50426  0.841703  0.780982
-0.942316  0.143814  0.302255 0.0501402
-0.273464 -0.851493 -0.447412   1.65953
        0         0         0         1

 0.195006  -0.50531  0.840616   0.74806
-0.944366  0.134705  0.300047  0.065556
-0.264852  -0.85236 -0.450929     1.677
        0         0         0         1

 0.195006  -0.50531  0.840616   0.74806
-0.944366  0.134705  0.300047  0.065556
-0.264852  -0.85236 -0.450929     1.677
        0         0         0         1

 0.194762  -0.50644  0.839992  0.727148
-0.945981  0.129331  0.297311 0.0769379
-0.259207 -0.852521 -0.453894   1.68944
        0         0         0         1

 0.194762  -0.50644  0.839992  0.727148
-0.945981  0.129331  0.297311 0.0769379
-0.259207 -0.852521 -0.453894   1.68944
        0         0         0         1

 0.197844 -0.511616  0.836126   0.69508
-0.947106   0.12011  0.297598 0.0952948
-0.252683 -0.850778 -0.460791   1.70795
        0         0         0         1

 0.197844 -0.511616  0.836126   0.69508
-0.947106   0.12011  0.297598 0.0952948
-0.252683 -0.850778 -0.460791   1.70795
        0         0         0         1

 0.195803 -0.512714  0.835934  0.675371
-0.948056  0.118955  0.295025  0.108395
-0.250702 -0.850279  -0.46279   1.71955
        0         0         0         1

 0.195803 -0.512714  0.835934  0.675371
-0.948056  0.118955  0.295025  0.108395
-0.250702 -0.850279  -0.46279   1.71955
        0         0         0         1

  0.19962 -0.502385  0.841285  0.654158
-0.948245  0.117335  0.295067  0.122269
 -0.24695 -0.856646 -0.452962   1.73039
        0         0         0         1

  0.19962 -0.502385  0.841285  0.654158
-0.948245  0.117335  0.295067  0.122269
 -0.24695 -0.856646 -0.452962   1.73039
        0         0         0         1

 0.206653 -0.488566  0.847702  0.623232
-0.948426  0.112834  0.296238  0.143905
-0.240381 -0.865201 -0.440051   1.74659
        0         0         0         1

 0.206653 -0.488566  0.847702  0.623232
-0.948426  0.112834  0.296238  0.143905
-0.240381 -0.865201 -0.440051   1.74659
        0         0         0         1

 0.204735 -0.484953  0.850238  0.604742
-0.949312   0.11329  0.293209  0.159304
-0.238516 -0.867171 -0.437178   1.75732
        0         0         0         1

 0.204735 -0.484953  0.850238  0.604742
-0.949312   0.11329  0.293209  0.159304
-0.238516 -0.867171 -0.437178   1.75732
        0         0         0         1

 0.197177 -0.482776  0.853258  0.574405
-0.951388  0.115826  0.285388  0.181829
-0.236607 -0.868051 -0.436469   1.77151
        0         0         0         1

 0.197177 -0.482776  0.853258  0.574405
-0.951388  0.115826  0.285388  0.181829
-0.236607 -0.868051 -0.436469   1.77151
        0         0         0         1

 0.190811 -0.480899  0.855761  0.553365
 -0.95329  0.117175  0.278404  0.196865
-0.234159 -0.868911 -0.436078   1.77887
        0         0         0         1

 0.190811 -0.480899  0.855761  0.553365
 -0.95329  0.117175  0.278404  0.196865
-0.234159 -0.868911 -0.436078   1.77887
        0         0         0         1

 0.184128 -0.482116   0.85654  0.532612
-0.953926  0.122383  0.273948  0.209686
-0.236901 -0.867517 -0.437369   1.79032
        0         0         0         1

 0.184128 -0.482116   0.85654  0.532612
-0.953926  0.122383  0.273948  0.209686
-0.236901 -0.867517 -0.437369   1.79032
        0         0         0         1

 0.162629 -0.482051  0.860917  0.506046
-0.958858  0.128553  0.253111  0.233831
-0.232686  -0.86666 -0.441313   1.79757
        0         0         0         1

 0.162629 -0.482051  0.860917  0.506046
-0.958858  0.128553  0.253111  0.233831
-0.232686  -0.86666 -0.441313   1.79757
        0         0         0         1

 0.145491 -0.479456  0.865422  0.488102
-0.962324  0.134511  0.236302  0.249245
-0.229705 -0.867196 -0.441822   1.80287
        0         0         0         1

 0.145491 -0.479456  0.865422  0.488102
-0.962324  0.134511  0.236302  0.249245
-0.229705 -0.867196 -0.441822   1.80287
        0         0         0         1

 0.126632 -0.476165   0.87019  0.456023
-0.965866  0.140663  0.217525  0.268143
-0.225981 -0.868033 -0.442099   1.81109
        0         0         0         1

 0.126632 -0.476165   0.87019  0.456023
-0.965866  0.140663  0.217525  0.268143
-0.225981 -0.868033 -0.442099   1.81109
        0         0         0         1

 0.113308 -0.481417  0.869137  0.437284
-0.967142  0.146937  0.207473  0.280664
-0.227589 -0.864087  -0.44895   1.81774
        0         0         0         1

 0.113308 -0.481417  0.869137  0.437284
-0.967142  0.146937  0.207473  0.280664
-0.227589 -0.864087  -0.44895   1.81774
        0         0         0         1

0.0979654 -0.483709  0.869729  0.419685
-0.969142  0.152269  0.193849  0.295285
-0.226199 -0.861881 -0.453866   1.81887
        0         0         0         1

0.0979654 -0.483709  0.869729  0.419685
-0.969142  0.152269  0.193849  0.295285
-0.226199 -0.861881 -0.453866   1.81887
        0         0         0         1

0.0735927 -0.488537  0.869434     0.391
-0.970733  0.164749   0.17474  0.312499
-0.228606 -0.856848 -0.462115   1.82361
        0         0         0         1

0.0735927 -0.488537  0.869434     0.391
-0.970733  0.164749   0.17474  0.312499
-0.228606 -0.856848 -0.462115   1.82361
        0         0         0         1

 0.056634 -0.491703  0.868919  0.374203
 -0.97019  0.178303  0.164133  0.323613
-0.235636 -0.852312 -0.466947   1.82785
        0         0         0         1

 0.056634 -0.491703  0.868919  0.374203
 -0.97019  0.178303  0.164133  0.323613
-0.235636 -0.852312 -0.466947   1.82785
        0         0         0         1

0.0373368 -0.481833  0.875467  0.342864
-0.969499  0.194899  0.148614   0.34007
-0.242234 -0.854313  -0.45986    1.8267
        0         0         0         1

0.0373368 -0.481833  0.875467  0.342864
-0.969499  0.194899  0.148614   0.34007
-0.242234 -0.854313  -0.45986    1.8267
        0         0         0         1

0.0221313 -0.477926  0.878121   0.32332
-0.969051   0.20575  0.136405  0.350695
-0.245865 -0.853964 -0.458581   1.82443
        0         0         0         1

0.0221313 -0.477926  0.878121   0.32332
-0.969051   0.20575  0.136405  0.350695
-0.245865 -0.853964 -0.458581   1.82443
        0         0         0         1

-0.000794825 -0.469301  0.883038  0.307931
-0.968995   0.21854  0.115274  0.363237
-0.247077 -0.855568 -0.454925   1.81938
        0         0         0         1

-0.000794825 -0.469301  0.883038  0.307931
-0.968995   0.21854  0.115274  0.363237
-0.247077 -0.855568 -0.454925   1.81938
        0         0         0         1

-0.0281619 -0.468843  0.882832  0.276047
-0.968295  0.232102 0.0923735  0.376734
-0.248216 -0.852241 -0.460515   1.81481
        0         0         0         1

-0.0281619 -0.468843  0.882832  0.276047
-0.968295  0.232102 0.0923735  0.376734
-0.248216 -0.852241 -0.460515   1.81481
        0         0         0         1

-0.0493905 -0.478795  0.876537  0.259819
-0.966909  0.242852 0.0781712  0.385776
-0.250296  -0.84367 -0.474945   1.81312
        0         0         0         1

-0.0493905 -0.478795  0.876537  0.259819
-0.966909  0.242852 0.0781712  0.385776
-0.250296  -0.84367 -0.474945   1.81312
        0         0         0         1

 -0.07872 -0.490805  0.867706  0.236194
 -0.96432  0.258184 0.0585526  0.401298
-0.252765 -0.832137 -0.493617    1.7994
        0         0         0         1

 -0.07872 -0.490805  0.867706  0.236194
 -0.96432  0.258184 0.0585526  0.401298
-0.252765 -0.832137 -0.493617    1.7994
        0         0         0         1

-0.0853552 -0.500114  0.861743   0.21536
-0.960025  0.272695 0.0631687  0.405695
-0.266584 -0.821903 -0.503397   1.79482
        0         0         0         1

-0.0853552 -0.500114  0.861743   0.21536
-0.960025  0.272695 0.0631687  0.405695
-0.266584 -0.821903 -0.503397   1.79482
        0         0         0         1

-0.102486  -0.50657  0.856086  0.200927
-0.955058  0.290747 0.0577091  0.412686
-0.278138 -0.811698 -0.513601   1.78807
        0         0         0         1

-0.102486  -0.50657  0.856086  0.200927
-0.955058  0.290747 0.0577091  0.412686
-0.278138 -0.811698 -0.513601   1.78807
        0         0         0         1

-0.136391 -0.505355  0.852064  0.182582
-0.946692  0.319871 0.0381752  0.425609
-0.291843 -0.801435 -0.522043   1.77197
        0         0         0         1

-0.136391 -0.505355  0.852064  0.182582
-0.946692  0.319871 0.0381752  0.425609
-0.291843 -0.801435 -0.522043   1.77197
        0         0         0         1

-0.152367 -0.504034  0.850138  0.165969
 -0.94147  0.335732 0.0303147  0.431194
-0.300698  -0.79576 -0.525687   1.76123
        0         0         0         1

-0.152367 -0.504034  0.850138  0.165969
 -0.94147  0.335732 0.0303147  0.431194
-0.300698  -0.79576 -0.525687   1.76123
        0         0         0         1

-0.170811 -0.498947  0.849632  0.144108
-0.931215  0.363523 0.0262668  0.437247
-0.321966 -0.786704 -0.526721   1.74493
        0         0         0         1

-0.170811 -0.498947  0.849632  0.144108
-0.931215  0.363523 0.0262668  0.437247
