-0.117581 -0.420295  0.899737   1.26143
-0.835812 -0.447389 -0.318216   1.07424
 0.536277 -0.789427 -0.298683   1.76812
        0         0         0         1

-0.108205 -0.414733  0.903487   1.26646
-0.841701 -0.445378  -0.30525   1.05529
 0.528991 -0.793495 -0.300889   1.76308
        0         0         0         1

-0.0983335  -0.40049   0.91101   1.26478
-0.856629 -0.431845 -0.282307   1.03674
 0.506476 -0.808157 -0.300606   1.77694
        0         0         0         1

-0.0879749 -0.387859  0.917511   1.26267
 -0.86999 -0.418692 -0.260412   1.01142
 0.485158 -0.821135 -0.300599   1.79072
        0         0         0         1

-0.0814801 -0.375903   0.92307   1.26152
-0.877895 -0.411412 -0.245032  0.992601
  0.47187 -0.830324 -0.296481   1.79651
        0         0         0         1

-0.0358022 -0.326278  0.944596    1.2236
-0.900399 -0.399561 -0.172142  0.955321
  0.43359 -0.856676 -0.279475   1.80933
        0         0         0         1

-0.0339896 -0.330877  0.943062   1.23266
-0.903342 -0.393521 -0.170627  0.940298
 0.427571 -0.857707 -0.285519   1.80776
        0         0         0         1

-0.0334653 -0.335722  0.941367   1.24307
-0.906743 -0.385952 -0.169877  0.921859
 0.420354 -0.859262 -0.291497   1.80372
        0         0         0         1

-0.0210224 -0.329752  0.943833   1.23686
-0.914138 -0.375948 -0.151708  0.906211
 0.404859 -0.865983 -0.293536   1.80548
        0         0         0         1

-0.011306 -0.339769  0.940441   1.23208
-0.929751 -0.342569 -0.134943  0.864433
 0.368016 -0.875902 -0.312027   1.81781
        0         0         0         1

-0.0084343 -0.346315   0.93808   1.22638
-0.933898 -0.332604 -0.131186  0.849755
 0.357441 -0.877178 -0.320618   1.81714
        0         0         0         1

-0.00392808  -0.36043  0.932778    1.2214
-0.942263 -0.311013 -0.124145  0.830087
 0.334852  -0.87941 -0.338398   1.82475
        0         0         0         1

-0.000556326 -0.366391  0.930461   1.21372
-0.949822 -0.290847 -0.115096  0.814295
 0.312791 -0.883836 -0.347845   1.83192
        0         0         0         1

-0.00231196 -0.379868  0.925038   1.20995
-0.956726 -0.268331 -0.112582  0.794914
 0.290982 -0.885268 -0.362809   1.83409
        0         0         0         1

-0.00504975 -0.388637  0.921377   1.20998
-0.962517  -0.24797 -0.109869  0.780348
 0.271173 -0.887396 -0.372817   1.83705
        0         0         0         1

-0.00671907  -0.393906   0.919126    1.20323
 -0.972319  -0.212108 -0.0980101   0.747372
  0.233561  -0.894342  -0.381577    1.83836
         0          0          0          1

-0.00528705  -0.391793   0.920038    1.19739
 -0.974806  -0.203147 -0.0921107    0.73479
  0.222991  -0.897346  -0.380848    1.83472
         0          0          0          1

-0.0104322   -0.38993   0.920785    1.19802
 -0.978156  -0.187208 -0.0903601   0.718447
  0.207612  -0.901614   -0.37946    1.83175
         0          0          0          1

-0.0145052  -0.383546   0.923408    1.19474
 -0.979834  -0.178607 -0.0895775   0.707416
  0.199284  -0.906086   -0.37322    1.82869
         0          0          0          1

-0.0433365 -0.340726  0.939163   1.18968
 -0.98054 -0.165658 -0.105346  0.680798
 0.191474 -0.925453 -0.326916   1.82146
        0         0         0         1

-0.0545547 -0.316193  0.947125   1.18071
 -0.98226 -0.153437 -0.107803  0.669768
 0.179411 -0.936205 -0.302213   1.82165
        0         0         0         1

-0.0829048 -0.293424  0.952381   1.17598
-0.982129 -0.137976 -0.128004  0.655807
 0.168965 -0.945973 -0.276742   1.82124
        0         0         0         1

-0.0962353 -0.279935  0.955183   1.17106
-0.982154 -0.129085 -0.136783  0.645863
 0.161591 -0.951301 -0.262516   1.81806
        0         0         0         1

-0.0925763 -0.278534  0.955954   1.16993
-0.984231 -0.119737 -0.130202  0.634458
 0.150729 -0.952933 -0.263057   1.81084
        0         0         0         1

-0.0791954 -0.288025  0.954342   1.17456
-0.988404 -0.101734 -0.112726  0.622691
 0.129557 -0.952204 -0.276629   1.81007
        0         0         0         1

-0.0446571  -0.319792   0.946435    1.17307
 -0.996341 -0.0548532 -0.0655463   0.599026
 0.0728761  -0.945899  -0.316172    1.80705
         0          0          0          1

-0.0358333  -0.329658    0.94342    1.17215
 -0.998058 -0.0363315 -0.0506038   0.590723
 0.0509578  -0.943401  -0.327716    1.80294
         0          0          0          1

 -0.0335091   -0.339966    0.939841     1.17348
  -0.999294 -0.00459687  -0.0372916    0.578009
  0.0169982   -0.940426   -0.339572     1.80277
          0           0           0           1

 -0.0335091   -0.339966    0.939841     1.17348
  -0.999294 -0.00459687  -0.0372916    0.578009
  0.0169982   -0.940426   -0.339572     1.80277
          0           0           0           1

-0.0507762   -0.34063   0.938825    1.16107
 -0.998246  0.0459746 -0.0373092   0.554056
-0.0304535  -0.939073  -0.342367    1.78767
         0          0          0          1

-0.0608839  -0.334506   0.940425    1.15732
 -0.997447  0.0556098 -0.0447954    0.54736
-0.0373125  -0.940752  -0.337038    1.78298
         0          0          0          1

-0.0735969  -0.329171   0.941398    1.15295
 -0.996109   0.070159 -0.0533421    0.53804
-0.0484888   -0.94166  -0.333054    1.77795
         0          0          0          1

-0.0802679  -0.324524   0.942466    1.14822
 -0.994939   0.083419 -0.0560129   0.530755
 -0.060442  -0.942192  -0.329577    1.77592
         0          0          0          1

-0.0897736  -0.320143   0.943106    1.14357
 -0.993445   0.096061 -0.0619569   0.522988
-0.0707606  -0.942486  -0.326669    1.76886
         0          0          0          1

      -0.1  -0.313472   0.944317    1.14077
 -0.991627   0.109332 -0.0687165   0.515747
-0.0817037  -0.943282  -0.321781    1.76675
         0          0          0          1

 -0.121165  -0.306965   0.943976    1.13193
 -0.987358   0.135176 -0.0827759   0.500506
 -0.102194  -0.942072  -0.319463    1.75672
         0          0          0          1

 -0.125029  -0.305822   0.943844    1.12714
 -0.985988   0.144186 -0.0838928   0.494355
 -0.110432  -0.941108  -0.319564    1.75181
         0          0          0          1

 -0.135025  -0.307563   0.941899    1.12538
 -0.983602   0.156316 -0.0899611   0.487053
 -0.119565    -0.9386  -0.323626    1.74374
         0          0          0          1

 -0.138691  -0.309084   0.940867    1.12381
 -0.981911   0.166578 -0.0900192   0.481532
 -0.128904  -0.936333  -0.326596    1.73648
         0          0          0          1

 -0.133272  -0.315652   0.939469    1.11592
 -0.979257   0.187916 -0.0757787   0.469517
 -0.152622  -0.930081  -0.334149    1.71752
         0          0          0          1

 -0.131082  -0.320048   0.938289    1.11311
 -0.976645   0.204217 -0.0667828   0.463608
 -0.170241   -0.92513  -0.339342    1.71373
         0          0          0          1

 -0.129982  -0.323758   0.937169    1.11073
 -0.973743   0.219842 -0.0591071   0.457396
 -0.186893  -0.920245  -0.343833    1.70518
         0          0          0          1

 -0.131986  -0.324479   0.936639    1.10872
 -0.971198   0.231433 -0.0566806   0.453049
 -0.198378  -0.917143   -0.34568     1.6981
         0          0          0          1

 -0.131859  -0.328146   0.935379    1.10431
 -0.968796   0.242447 -0.0515155   0.448345
 -0.209875  -0.912984  -0.349875    1.68758
         0          0          0          1

 -0.131105  -0.327708   0.935638    1.10154
 -0.967266   0.249129 -0.0482788   0.445417
 -0.217274  -0.911341  -0.349642    1.67859
         0          0          0          1

 -0.127654  -0.327381    0.93623    1.09665
 -0.962735   0.267818 -0.0376173   0.439013
 -0.238424  -0.906143  -0.349369    1.65955
         0          0          0          1

-0.121069  -0.32826  0.936797    1.0912
-0.960712  0.276195 -0.027379  0.436577
-0.249751 -0.903306 -0.348801   1.65262
        0         0         0         1

  -0.11417  -0.328222   0.937676    1.08568
 -0.957268   0.288789 -0.0154688   0.433584
 -0.265713  -0.899373  -0.347167    1.64492
         0          0          0          1

-0.112438 -0.325891  0.938697   1.08347
-0.954795  0.297052 -0.011238  0.431706
 -0.27518 -0.897527 -0.344559   1.63821
        0         0         0         1

  -0.106264    -0.31933    0.941667     1.07549
  -0.951756    0.306836 -0.00335093    0.428721
  -0.287867   -0.896594    -0.33653     1.62141
          0           0           0           1

  -0.104772    -0.31746    0.942466     1.07343
  -0.951478    0.307708 -0.00212523    0.427697
   -0.28933   -0.896958   -0.334296     1.61437
          0           0           0           1

-0.0988049   -0.31403   0.944258    1.06953
 -0.951104   0.308854 0.00319377   0.426625
 -0.292641  -0.897772  -0.329192    1.60771
         0          0          0          1

-0.0960886  -0.311839   0.945264    1.06753
 -0.951019   0.309088 0.00529352   0.425676
 -0.293821  -0.898455  -0.326265    1.60225
         0          0          0          1

-0.0899654  -0.309814   0.946531    1.06297
 -0.952331   0.304925 0.00929011   0.425463
 -0.291499  -0.900575  -0.322478    1.59393
         0          0          0          1

-0.087058 -0.308829  0.947125    1.0591
-0.952724  0.303621 0.0114291  0.425023
-0.291097 -0.901354 -0.320662   1.58929
        0         0         0         1

-0.0762145 -0.304011  0.949615   1.05132
-0.956852   0.29013 0.0160871  0.425853
-0.280402 -0.907415 -0.313005   1.57552
        0         0         0         1

-0.0696789  -0.30429  0.950028   1.05032
-0.959473  0.281114  0.019668  0.426216
 -0.27305 -0.910155 -0.311546   1.56968
        0         0         0         1

-0.0551734 -0.307098  0.950077   1.04681
-0.962704  0.268778 0.0309719  0.426515
-0.264872 -0.912934 -0.310474   1.56405
        0         0         0         1

-0.044487 -0.309945  0.949713   1.04568
-0.965296  0.258221 0.0390552  0.426637
-0.257341 -0.915017 -0.310676   1.55907
        0         0         0         1

-0.0105695 -0.313278  0.949603   1.03944
 -0.97103  0.229935 0.0650485  0.427335
-0.238725 -0.921405 -0.306632   1.54433
        0         0         0         1

0.00335767 -0.313829  0.949473   1.03634
-0.972039  0.221908 0.0767849  0.427682
-0.234793 -0.923183  -0.30431   1.54076
        0         0         0         1

0.0170004 -0.314057  0.949252   1.03356
-0.973441  0.211585 0.0874358  0.427679
-0.228307 -0.925527 -0.302119   1.53489
        0         0         0         1

0.0242248 -0.313679   0.94922   1.03207
-0.974532   0.20433 0.0923935  0.427999
-0.222936 -0.927284  -0.30074   1.52981
        0         0         0         1

0.0338264 -0.310131  0.950092    1.0303
-0.974918  0.198999 0.0996682  0.428262
-0.219978 -0.929633 -0.295621   1.52551
        0         0         0         1

0.0450315 -0.307653  0.950432   1.02638
 -0.97458  0.195482  0.109453  0.427916
-0.219466 -0.931202  -0.29103   1.52229
        0         0         0         1

0.0647605  -0.29479  0.953365   1.02047
-0.973987  0.189226  0.124672  0.427061
-0.217154 -0.936639 -0.274867   1.51174
        0         0         0         1

0.0743164 -0.288168  0.954692   1.01627
-0.973713  0.185729  0.131859  0.427069
-0.215312 -0.939395 -0.266791   1.50698
        0         0         0         1

0.0841859 -0.279244  0.956523   1.01266
-0.972444  0.186415  0.140009  0.425692
-0.217407 -0.941951 -0.255856   1.50239
        0         0         0         1

0.0904266 -0.272621  0.957863   1.01068
  -0.9724   0.18355   0.14404  0.425044
-0.215084 -0.944451 -0.248499   1.49668
        0         0         0         1

0.0957706 -0.266378  0.959099   1.01075
-0.971918  0.183042  0.147888  0.424165
-0.214949 -0.946329 -0.241368   1.49063
        0         0         0         1

 0.108772 -0.262177   0.95887   1.00673
-0.969749  0.184064  0.160334  0.423211
-0.218529 -0.947303 -0.234225   1.48757
        0         0         0         1

 0.134328 -0.260372  0.956118   1.00135
-0.965192  0.184128  0.185745  0.419821
-0.224411 -0.947789 -0.226575    1.4788
        0         0         0         1

 0.145228 -0.263321  0.953714  0.999221
-0.963589  0.181091  0.196731  0.418713
-0.224513 -0.947559 -0.227434   1.47343
        0         0         0         1

 0.157938 -0.268202  0.950328  0.997551
-0.960931  0.179794  0.210441  0.416454
-0.227304 -0.946436 -0.229328   1.46861
        0         0         0         1

 0.167123 -0.273728  0.947176  0.996412
-0.959077  0.177573  0.220541  0.414342
-0.228562 -0.945273  -0.23285   1.46428
        0         0         0         1

 0.191031 -0.289742  0.937847  0.992721
-0.953988  0.170158  0.246888  0.409911
-0.231116 -0.941858 -0.243904   1.45423
        0         0         0         1

 0.199023 -0.293838  0.934906  0.991571
-0.951049  0.172238  0.256593  0.407408
-0.236423 -0.940209 -0.245175    1.4525
        0         0         0         1

 0.213005 -0.295195  0.931391  0.987685
-0.946998  0.172236  0.271162  0.404561
-0.240465 -0.939784 -0.242862   1.44804
        0         0         0         1

 0.219848 -0.294675  0.929964  0.986242
 -0.94487  0.172811   0.27813  0.402189
-0.242666 -0.939842 -0.240438   1.44356
        0         0         0         1

 0.224506 -0.289979  0.930327   0.98519
-0.942865   0.17654  0.282558   0.39949
-0.246176 -0.940609 -0.233777   1.43934
        0         0         0         1

 0.232512 -0.285244  0.929825  0.981581
-0.940028  0.179413  0.290102  0.397271
-0.249573 -0.941513 -0.226421   1.43618
        0         0         0         1

 0.247322 -0.271951  0.929986  0.974232
 -0.93381  0.189181   0.30366  0.391547
-0.258516 -0.943532 -0.207162   1.42914
        0         0         0         1

 0.254284 -0.267809  0.929311  0.971354
-0.931187  0.191729   0.31005  0.389404
 -0.26121 -0.944203 -0.200627   1.42585
        0         0         0         1

 0.260606 -0.263935  0.928667   0.97059
-0.929097  0.192893  0.315549  0.387207
-0.262418 -0.945056 -0.194952   1.42137
        0         0         0         1

  0.26641 -0.264492   0.92686  0.969875
-0.927554  0.191084  0.321138  0.385125
-0.262047 -0.945268 -0.194424   1.41814
        0         0         0         1

 0.287608 -0.268644    0.9193  0.965909
-0.921013  0.185711  0.342414  0.380131
-0.262712 -0.945168 -0.194013   1.41449
        0         0         0         1

  0.29596 -0.268081   0.91681  0.965424
-0.918861  0.182321  0.349934  0.378204
-0.260964 -0.945987  -0.19237   1.41344
        0         0         0         1

 0.306955 -0.265442  0.913958  0.963835
-0.916583  0.176094   0.35898  0.376016
 -0.25623 -0.947909 -0.189246    1.4115
        0         0         0         1

  0.31725 -0.261915  0.911457  0.961354
-0.913664  0.173114  0.367764  0.374248
-0.254109 -0.949438 -0.184382   1.41223
        0         0         0         1

   0.3292 -0.256085  0.908872  0.958746
-0.911211  0.166267  0.376895  0.372618
-0.247632 -0.952248 -0.178612   1.41126
        0         0         0         1

 0.339082 -0.248773  0.907268  0.956962
-0.908448  0.163986  0.384488  0.371642
 -0.24443 -0.954579 -0.170393   1.41259
        0         0         0         1

 0.362936 -0.232641  0.902306  0.950229
-0.902965  0.151278  0.402205   0.36992
-0.230069 -0.960725 -0.155162   1.41419
        0         0         0         1

 0.371558 -0.224648  0.900821  0.948705
-0.900756  0.147823  0.408395  0.369549
-0.224907 -0.963162 -0.147428   1.41629
        0         0         0         1

 0.384964 -0.215298  0.897469  0.946248
-0.897093  0.141194  0.418674  0.369409
-0.216857 -0.966287 -0.138788   1.41855
        0         0         0         1

 0.397843  -0.20729  0.893729  0.942763
-0.893848  0.131979  0.428507  0.369705
-0.206779 -0.969336 -0.132778    1.4205
        0         0         0         1

 0.428175 -0.186532  0.884235  0.933509
 -0.88549  0.108814  0.451737  0.371166
-0.180481 -0.976404 -0.118581   1.42748
        0         0         0         1

 0.441546 -0.176302  0.879747  0.928979
-0.881399 0.0981951  0.462053  0.372646
-0.167848 -0.979426 -0.112034   1.43238
        0         0         0         1

 0.457375  -0.16023   0.87472  0.923527
-0.876889 0.0823293   0.47359  0.374586
-0.147899  -0.98364 -0.102849   1.43797
        0         0         0         1

  0.474133  -0.147628   0.867989    0.91593
 -0.870363  0.0702349   0.487375     0.3762
 -0.132913  -0.986546 -0.0951896    1.44411
         0          0          0          1

  0.507049   -0.11533   0.854166   0.899681
 -0.856894  0.0393814   0.513986   0.381057
-0.0929163  -0.992546 -0.0788574    1.46017
         0          0          0          1

  0.520217  -0.101631   0.847965   0.891638
 -0.850678  0.0262714    0.52503   0.383731
-0.0756368  -0.994475 -0.0727887    1.46757
         0          0          0          1

  0.529411 -0.0846926   0.844127   0.885814
 -0.846911 0.00548083   0.531707   0.387504
-0.0496581  -0.996392 -0.0688255     1.4756
         0          0          0          1

   0.541439  -0.0696566     0.83785    0.876543
  -0.840206 -0.00932364    0.542187    0.390288
 -0.0299551   -0.997527  -0.0635741     1.48345
          0           0           0           1

  0.554174 -0.0527487   0.830728    0.86552
 -0.832389 -0.0297046   0.553396   0.394478
-0.00451448  -0.998166 -0.0603689    1.49312
         0          0          0          1

  0.562348 -0.0402766   0.825919   0.857281
 -0.826757 -0.0460175   0.560674   0.397953
 0.0154247  -0.998128 -0.0591768    1.50087
         0          0          0          1

   0.586471 -0.00786348    0.809932    0.830478
  -0.807786  -0.0790565     0.58415    0.405936
  0.0594369   -0.996839  -0.0527164     1.52201
          0           0           0           1

  0.593586 0.00307754   0.804765   0.819518
 -0.800947 -0.0951057   0.591134   0.409882
  0.078357  -0.995462 -0.0539885    1.52863
         0          0          0          1

  0.603584  0.0173995   0.797109   0.805428
 -0.791218  -0.110173   0.601528   0.414201
 0.0982866   -0.99376 -0.0527322    1.53999
         0          0          0          1

  0.612923  0.0256809   0.789725   0.791949
 -0.782283  -0.120899   0.611078   0.417285
   0.11117  -0.992333 -0.0540118    1.54881
         0          0          0          1

  0.629797  0.0423547   0.775604   0.761622
 -0.763636  -0.149007   0.628217   0.424961
  0.142179  -0.987929 -0.0615009     1.5679
         0          0          0          1

  0.633015  0.0486579   0.772609   0.750351
 -0.758368  -0.161453   0.631515   0.428576
  0.155468   -0.98568 -0.0653013     1.5741
         0          0          0          1

  0.642644  0.0553314   0.764164   0.730924
 -0.747869  -0.171362   0.641348   0.431712
  0.166436  -0.983653 -0.0687444    1.58419
         0          0          0          1

  0.646502  0.0581583   0.760693   0.718032
 -0.742459  -0.181371   0.644872   0.435146
  0.175472  -0.981694 -0.0740765     1.5906
         0          0          0          1

 0.652084 0.0569681  0.756003  0.701337
-0.736011 -0.191632   0.64928  0.438462
 0.181863 -0.979812 -0.083031   1.59953
        0         0         0         1

  0.658791  0.0591264   0.749999   0.684053
 -0.728172  -0.200466   0.655423   0.440594
  0.189102  -0.977915 -0.0890114    1.60492
         0          0          0          1

 0.670975  0.055657  0.739388   0.64483
-0.715877 -0.211155  0.665533  0.444214
 0.193167 -0.975867 -0.101836    1.6219
        0         0         0         1

 0.673907 0.0558701  0.736701  0.628122
-0.712493 -0.214652  0.668041  0.445482
 0.195458 -0.975091 -0.104848   1.62726
        0         0         0         1

 0.678885  0.058955  0.731874  0.605825
-0.706613 -0.218416  0.673048  0.447674
 0.199532 -0.974073 -0.106621   1.63213
        0         0         0         1

 0.681969  0.056469  0.729198   0.58908
-0.703559 -0.221724  0.675161  0.448817
 0.199807 -0.973473  -0.11148   1.63586
        0         0         0         1

 0.685376 0.0502404  0.726454  0.569565
-0.702172 -0.218689  0.677591  0.448247
  0.19291   -0.9745 -0.114607   1.64523
        0         0         0         1

 0.690016 0.0480171    0.7222   0.54959
-0.697889 -0.220421  0.681444  0.447704
 0.191909 -0.974222 -0.118583   1.64834
        0         0         0         1

 0.696826 0.0392347  0.716166  0.504888
 -0.69304 -0.220355  0.686396  0.445751
 0.184741  -0.97463 -0.126358   1.65612
        0         0         0         1

 0.697317 0.0344629  0.715934  0.488337
-0.693672 -0.219043  0.686177  0.445139
 0.180468 -0.975106 -0.128836   1.65956
        0         0         0         1

 0.696335 0.0275978  0.717186  0.468727
-0.696129  -0.21727   0.68425   0.44506
 0.174707 -0.975721 -0.132081   1.66211
        0         0         0         1

 0.697091 0.0233709  0.716601  0.449089
-0.696836 -0.213177  0.684817  0.442759
 0.168768 -0.976734 -0.132318   1.66501
        0         0         0         1

  0.695123 0.00676067   0.718859    0.40777
 -0.702073  -0.208641   0.680854   0.440164
  0.154587  -0.977969  -0.140285    1.66639
         0          0          0          1

   0.695656 -0.00295414    0.718369    0.387141
  -0.703701   -0.203887    0.680614    0.436465
   0.144455    -0.97899   -0.143914     1.66768
          0           0           0           1

 0.694636 -0.014323  0.719219  0.362897
-0.707119 -0.197269   0.67902   0.43308
 0.132154 -0.980245 -0.147158   1.66754
        0         0         0         1

  0.688075 -0.0235047   0.725259   0.349285
 -0.715026  -0.192283   0.672134   0.432264
  0.123657  -0.981058  -0.149112    1.66645
         0          0          0          1

 0.684982 -0.032692  0.727827  0.325703
-0.720211 -0.181189  0.669676  0.427639
 0.109981 -0.982905 -0.147656    1.6665
        0         0         0         1

  0.676493 -0.0410258   0.735305   0.311779
 -0.729096  -0.178045   0.660847   0.427898
  0.103806  -0.983167  -0.150358    1.66148
         0          0          0          1

  0.660406 -0.0583324    0.74864   0.272749
 -0.746972  -0.152993   0.647013   0.421121
 0.0767947  -0.986504   -0.14461    1.65727
         0          0          0          1

  0.651668 -0.0669136   0.755547   0.257658
 -0.755641  -0.143741   0.639019   0.419183
 0.0658436  -0.987351  -0.144234    1.65376
         0          0          0          1

  0.646176 -0.0769836   0.759296   0.235058
 -0.761786  -0.125347   0.635586   0.412669
 0.0462459  -0.989122  -0.139641    1.65323
         0          0          0          1

  0.635701 -0.0838829   0.767364   0.223016
 -0.770967  -0.118778   0.625701   0.411931
 0.0386605  -0.989371  -0.140178    1.64651
         0          0          0          1

  0.616358 -0.0984505   0.781288   0.189074
 -0.787394 -0.0904954   0.609772   0.405554
 0.0106707  -0.991019  -0.133297    1.63799
         0          0          0          1

  0.602323  -0.109826   0.790661   0.181803
 -0.798247 -0.0790911   0.597115   0.406022
-0.00304472  -0.990799  -0.135307    1.63454
         0          0          0          1

  0.594298  -0.118606   0.795451    0.16379
 -0.804094 -0.0684856   0.590544   0.401096
 -0.015565  -0.990577  -0.136071    1.62626
         0          0          0          1

  0.586068  -0.121161   0.801152   0.151723
 -0.810061 -0.0655867   0.582666   0.399838
-0.0180515  -0.990464  -0.136586    1.61566
         0          0          0          1

  0.576534  -0.134217   0.805974   0.136776
 -0.816394 -0.0544236   0.574925   0.395629
-0.0333005  -0.989456  -0.140951    1.61164
         0          0          0          1

  0.566062   -0.14252    0.81195   0.129273
 -0.823165 -0.0446445   0.566044    0.39457
-0.0444237  -0.988785  -0.142589    1.60686
         0          0          0          1

  0.552808  -0.161039     0.8176   0.101118
 -0.830891 -0.0318336   0.555524   0.385803
-0.0634339  -0.986435  -0.151404    1.59357
         0          0          0          1

   0.54647  -0.177332   0.818489  0.0940515
 -0.833876 -0.0246597     0.5514   0.383596
-0.0775974  -0.983842  -0.161349    1.59087
         0          0          0          1

  0.531956  -0.183565   0.826636  0.0884456
 -0.842571 -0.0176232   0.538297   0.385681
-0.0842443   -0.98285  -0.164041    1.58073
         0          0          0          1

   0.523705    -0.19128    0.830148   0.0808921
  -0.846513 -0.00743101    0.532317    0.383591
 -0.0956525   -0.981507   -0.165812     1.57873
          0           0           0           1

 0.505247 -0.197025  0.840182 0.0660808
-0.855628 0.0123939  0.517442  0.380185
-0.112362  -0.98032 -0.162318   1.56184
        0         0         0         1

 0.499745 -0.202995   0.84205  0.059149
-0.857533 0.0210071  0.513999  0.377524
-0.122028 -0.978954 -0.163577   1.55839
        0         0         0         1

  0.48788  -0.20373  0.848804 0.0549259
-0.862671 0.0359701  0.504484  0.377792
 -0.13331 -0.978366 -0.158203   1.55159
        0         0         0         1

 0.479224 -0.204001  0.853656 0.0497735
-0.866195 0.0469897  0.497492  0.376058
-0.141602 -0.977842 -0.154186   1.54568
        0         0         0         1

  0.47049 -0.203527  0.858613 0.0424237
-0.869046 0.0618039  0.490856  0.373479
-0.152968 -0.977117 -0.147796   1.53976
        0         0         0         1

 0.467122 -0.205419      0.86 0.0341215
-0.869366 0.0706707   0.48909  0.368763
-0.161245 -0.976119 -0.145572   1.53497
        0         0         0         1

 0.447493 -0.211703  0.868868 0.0305659
-0.876179 0.0907385  0.473367  0.371043
-0.179053 -0.973113 -0.144885   1.52268
        0         0         0         1

 0.443103 -0.213096  0.870775 0.0263376
-0.877787 0.0941407   0.46971  0.370235
-0.182069 -0.972485 -0.145339    1.5137
        0         0         0         1

 0.432426 -0.221623  0.874009 0.0254678
-0.881027  0.102374  0.461857  0.369697
-0.191834 -0.969744 -0.150987   1.51003
        0         0         0         1

 0.426814 -0.232444  0.873956 0.0237639
 -0.88172   0.10783  0.459285  0.369308
-0.200997 -0.966614 -0.158927   1.50793
        0         0         0         1

 0.421088 -0.250224  0.871821 0.0170316
-0.881704  0.112582  0.458174  0.368241
-0.212797  -0.96162 -0.173217   1.49575
        0         0         0         1

 0.414891 -0.265446  0.870289 0.0189256
-0.880702   0.12309  0.457398  0.368284
-0.228538 -0.956236  -0.18271   1.49986
        0         0         0         1

 0.410083 -0.270464  0.871023  0.017259
-0.883044  0.121189  0.453373   0.36894
-0.228179 -0.955072 -0.189134   1.48888
        0         0         0         1

 0.406847 -0.275665   0.87091 0.0165999
-0.882843  0.126247  0.452382  0.369014
-0.234656 -0.952927 -0.192006   1.48579
        0         0         0         1

 0.397324  -0.28411  0.872591 0.0184081
-0.884983  0.132926  0.446246  0.371921
-0.242774 -0.949533 -0.198618   1.48272
        0         0         0         1

 0.393217 -0.284488  0.874326 0.0187732
-0.886114  0.136465  0.442921  0.372933
-0.245321 -0.948917 -0.198429    1.4768
        0         0         0         1

 0.388365 -0.288027  0.875336 0.0161664
-0.883738  0.152745  0.442353  0.373487
-0.261112 -0.945362 -0.195219    1.4702
        0         0         0         1

 0.384288 -0.282895  0.878802 0.0146657
-0.886303   0.15342  0.436955  0.374106
-0.258439 -0.946801 -0.191773   1.46469
        0         0         0         1

 0.379431 -0.285676  0.880012 0.0135797
-0.888367  0.153282  0.432792  0.373897
-0.258529 -0.945988 -0.195625   1.46309
        0         0         0         1

 0.378889  -0.29245  0.878018 0.0103081
 -0.88729  0.154809  0.434454  0.372075
-0.262981 -0.943667 -0.200833   1.46627
        0         0         0         1

 0.374879  -0.29461  0.879017 0.0105813
-0.890601  0.148894  0.429722  0.373651
-0.257481 -0.943947 -0.206563   1.46045
        0         0         0         1

 0.372331 -0.296081  0.879606 0.0128481
-0.891792  0.148364  0.427429  0.375811
-0.257055  -0.94357 -0.208802   1.45944
        0         0         0         1

 0.369407 -0.301014  0.879164 0.0151492
-0.891753  0.151271   0.42649   0.37812
-0.261371 -0.941545  -0.21255   1.46204
        0         0         0         1

 0.370398 -0.305639  0.877149 0.0153703
 -0.89024  0.152699  0.429133  0.377853
  -0.2651 -0.939823 -0.215533   1.46296
        0         0         0         1

 0.371096 -0.310643  0.875093 0.0161649
-0.888615  0.154742  0.431761  0.377751
-0.269537 -0.937846 -0.218618    1.4629
        0         0         0         1

 0.372788 -0.313211  0.873457 0.0161318
-0.887239  0.155332  0.434371  0.377751
-0.271726 -0.936894 -0.219987   1.46197
        0         0         0         1

 0.370352 -0.321748  0.871388 0.0182846
-0.887209  0.155338  0.434432  0.380413
-0.275137 -0.933996 -0.227928   1.45785
        0         0         0         1

 0.373644 -0.324137  0.869095 0.0173691
-0.885668  0.153766  0.438118  0.380083
-0.275648  -0.93343 -0.229624   1.45598
        0         0         0         1

 0.371959 -0.333591  0.866235 0.0176029
-0.884368  0.156176  0.439889  0.380873
-0.282029 -0.929691 -0.236927   1.45633
        0         0         0         1

 0.368957 -0.336618  0.866348 0.0177367
-0.884971  0.157655  0.438144  0.381636
-0.284071  -0.92835 -0.239729   1.45539
        0         0         0         1

 0.363645  -0.34162  0.866636 0.0181022
-0.884357  0.165718  0.436405  0.383789
-0.292702 -0.925112 -0.241852   1.45381
        0         0         0         1

 0.364875 -0.340272  0.866649 0.0166743
  -0.8828  0.169341  0.438163  0.383574
-0.295854 -0.924953 -0.238603   1.45232
        0         0         0         1

 0.357842 -0.340114  0.869639 0.0180802
-0.884186  0.176064  0.432686  0.385353
-0.300275 -0.923755 -0.237721   1.45053
        0         0         0         1

 0.358561 -0.342908  0.868245 0.0163525
-0.881578    0.1815   0.43575  0.384721
-0.307009 -0.921668 -0.237221   1.45085
        0         0         0         1

 0.353115 -0.347838  0.868515 0.0165318
-0.881104  0.188505   0.43373  0.385924
-0.314587 -0.918409 -0.239917   1.45093
        0         0         0         1

 0.352671 -0.351957  0.867035 0.0161885
-0.879269  0.192389  0.435744  0.386403
-0.320171 -0.916031 -0.241615   1.45026
        0         0         0         1

 0.350752 -0.361397  0.863924 0.0163339
-0.876734  0.197482  0.438564  0.388149
-0.329105 -0.911259 -0.247582   1.44773
        0         0         0         1

 0.345461 -0.368511  0.863051 0.0190086
 -0.87732  0.199633  0.436413  0.390914
-0.333116 -0.907935 -0.254337   1.44707
        0         0         0         1

 0.348557 -0.374795  0.859091 0.0195106
-0.874359  0.200162  0.442076   0.39211
-0.337645 -0.905242 -0.257937   1.44451
        0         0         0         1

 0.350369 -0.380177  0.855983 0.0191051
 -0.87055  0.204961  0.447363  0.391952
 -0.34552 -0.901918 -0.259152   1.44559
        0         0         0         1

 0.353916 -0.386817  0.851537 0.0190805
-0.865744  0.208998   0.45476  0.393184
-0.353879  -0.89816 -0.260917   1.44247
        0         0         0         1

 0.352959 -0.390276  0.850355 0.0201846
-0.863947  0.212956  0.456338  0.394826
-0.359186 -0.895731 -0.262013   1.44068
        0         0         0         1

 0.355036 -0.396574  0.846569 0.0199056
-0.859573  0.217542  0.462396  0.395359
-0.367539 -0.891855 -0.263649      1.44
        0         0         0         1

 0.350666 -0.402954  0.845377 0.0218632
-0.857603   0.22448  0.462737  0.396738
-0.376232 -0.887264 -0.266857   1.44096
        0         0         0         1

 0.342768 -0.406511  0.846911 0.0249451
-0.857458  0.232902  0.458828  0.399774
-0.383766 -0.883462 -0.268735     1.441
        0         0         0         1

  0.33708 -0.409236  0.847882  0.026765
-0.856662  0.240242  0.456524  0.401944
-0.390523 -0.880233 -0.269596   1.44063
        0         0         0         1

 0.326522 -0.415263  0.849082 0.0280486
-0.855474  0.252159  0.452305  0.404831
-0.401929 -0.874055 -0.272911   1.43901
        0         0         0         1

 0.323146 -0.419287  0.848395  0.028307
-0.852631  0.259979  0.453245  0.405657
-0.410605 -0.869833 -0.273486   1.44002
        0         0         0         1

 0.319181 -0.426558   0.84627 0.0271161
-0.848986  0.268112  0.455345  0.406216
-0.421126 -0.863808 -0.276565   1.44178
        0         0         0         1

 0.313444 -0.430726  0.846302 0.0272598
-0.847818    0.2745  0.453712  0.407237
-0.427736 -0.859723 -0.279137   1.44297
        0         0         0         1

 0.306458 -0.435762  0.846283 0.0251802
-0.844105  0.286521  0.453203  0.409627
-0.439967 -0.853239 -0.280022   1.44213
        0         0         0         1

 0.304545 -0.438136  0.845748 0.0243427
-0.840325  0.294458  0.455135  0.410755
-0.448448 -0.849313 -0.278501   1.44307
        0         0         0         1

 0.299031 -0.436227  0.848697 0.0251554
-0.840522  0.300666  0.450692   0.41445
-0.451778 -0.848119 -0.276749   1.44255
        0         0         0         1

 0.298372 -0.436295  0.848894 0.0246864
-0.838436  0.305177  0.451544  0.416795
-0.456069 -0.846472 -0.274749    1.4438
        0         0         0         1

 0.295304 -0.439746  0.848186 0.0238306
-0.834198  0.314092  0.453276  0.419227
-0.465735 -0.841409 -0.274083   1.44927
        0         0         0         1

 0.299547 -0.437971  0.847616 0.0214143
-0.831014  0.316676  0.457309  0.419589
-0.468708 -0.841367   -0.2691   1.45154
        0         0         0         1

 0.301957  -0.43221  0.849716 0.0216764
-0.828936  0.321178  0.457941  0.426741
-0.470836 -0.842638 -0.261292   1.46125
        0         0         0         1

 0.300801 -0.432317  0.850071 0.0213027
-0.828809   0.32246  0.457269  0.429691
-0.471799 -0.842094 -0.261312   1.46915
        0         0         0         1

 0.298104 -0.424892  0.854752 0.0264398
-0.831276  0.324571  0.451258  0.437253
-0.469163 -0.845057 -0.256447   1.47794
        0         0         0         1

 0.296097 -0.419583  0.858066  0.028937
-0.835431  0.321711  0.445598  0.444041
-0.463014 -0.848795 -0.255275    1.4829
        0         0         0         1

 0.303558 -0.412707  0.858793 0.0236264
-0.838484  0.312383  0.446499  0.445185
-0.452546 -0.855622 -0.251222   1.48608
        0         0         0         1

 0.306911 -0.411083   0.85838 0.0221807
-0.840715  0.305642  0.446968  0.446305
-0.446098 -0.858833 -0.251799     1.495
        0         0         0         1

 0.303728 -0.401793  0.863893 0.0289736
-0.852205  0.290872  0.434902  0.460914
-0.426023 -0.868306 -0.254064   1.52205
        0         0         0         1

 0.301728  -0.39512  0.867664 0.0304807
 -0.85794  0.284392  0.427854  0.466175
-0.415811 -0.873499 -0.253181   1.53518
        0         0         0         1

 0.297636 -0.382309  0.874787 0.0330243
-0.869798  0.269119  0.413552  0.475752
-0.393527 -0.883976 -0.252432    1.5458
        0         0         0         1

 0.302594 -0.378244  0.874853 0.0279651
-0.872362  0.259851   0.41408  0.476226
-0.383955 -0.888487 -0.251336   1.56143
        0         0         0         1

 0.299495  -0.35751  0.884584 0.0324616
-0.890156  0.228997  0.393932  0.493469
-0.343402 -0.905399 -0.249657    1.5878
        0         0         0         1

 0.299692  -0.34809  0.888267 0.0308023
-0.897634  0.212506  0.386127  0.499829
-0.323169 -0.913058 -0.248771   1.59547
        0         0         0         1

 0.289246 -0.338753  0.895312 0.0368548
-0.910092   0.19264  0.366909  0.514402
-0.296764 -0.920943 -0.252577   1.60721
        0         0         0         1

 0.285733 -0.338125  0.896676  0.035772
-0.917046  0.175136  0.358266  0.519916
-0.278179 -0.924661 -0.260034   1.61879
        0         0         0         1

 0.254974  -0.35955  0.897615 0.0391474
-0.937418  0.135747  0.320655  0.539579
 -0.23714 -0.923199 -0.302437   1.65688
        0         0         0         1

 0.232243 -0.372525  0.898492 0.0449323
-0.946821  0.124912  0.296525  0.549284
-0.222695 -0.919577 -0.323705   1.67833
        0         0         0         1

 0.203885 -0.367077  0.907571 0.0472398
-0.960734  0.103196  0.257566  0.562092
-0.188204 -0.924449 -0.331623   1.69149
        0         0         0         1

 0.186228 -0.360569  0.913952  0.044239
-0.969647 0.0825603  0.230148   0.56864
-0.158441 -0.929071  -0.33425   1.70774
        0         0         0         1

 0.167482 -0.338074  0.926097 0.0372309
-0.979035 0.0534277   0.19656  0.574819
-0.115931 -0.939602 -0.322038   1.72344
        0         0         0         1

 0.132795 -0.319618  0.938195 0.0433677
-0.988139 0.0309515  0.150409  0.588983
-0.077112 -0.947041 -0.311717   1.73479
        0         0         0         1

 0.0687561   -0.27875   0.957899  0.0501091
 -0.997485 -0.0357574  0.0611921   0.619591
 0.0171947  -0.959698  -0.280507    1.76328
         0          0          0          1

 0.0423708  -0.256224   0.965688  0.0554352
 -0.997331 -0.0683764  0.0256169   0.632888
 0.0594666  -0.964196  -0.258437    1.77288
         0          0          0          1

 0.0191153  -0.226523   0.973818  0.0545335
 -0.994344   -0.10608 -0.0051573   0.646461
  0.104471  -0.968212  -0.227269     1.7854
         0          0          0          1

 0.0191153  -0.226523   0.973818  0.0545335
 -0.994344   -0.10608 -0.0051573   0.646461
  0.104471  -0.968212  -0.227269     1.7854
         0          0          0          1

-0.0167117   -0.20181   0.979282   0.089268
  -0.97388  -0.218532 -0.0616545   0.699603
  0.226447  -0.954734  -0.192887    1.82299
         0          0          0          1

-0.0139835  -0.200984   0.979495  0.0974891
 -0.968615  -0.240406 -0.0631575   0.713118
   0.24817  -0.949637  -0.191315    1.83451
         0          0          0          1

-0.0167678   -0.19255   0.981144   0.102132
 -0.960493  -0.269534 -0.0693111   0.733494
  0.277797  -0.943544  -0.180424    1.83749
         0          0          0          1

-0.0197125  -0.199131   0.979775   0.110259
   -0.9558  -0.283782 -0.0769065   0.750246
  0.293356  -0.937984  -0.184736    1.84977
         0          0          0          1

-0.0245168  -0.203215   0.978827   0.121601
 -0.951395  -0.295933 -0.0852685   0.770661
  0.306995  -0.933342  -0.186082    1.86528
         0          0          0          1

-0.0205764  -0.198595   0.979866   0.123395
 -0.947368  -0.309313 -0.0825844    0.78329
  0.319486  -0.929992  -0.181778    1.87029
         0          0          0          1

-0.0345525 -0.218951  0.975124  0.167499
-0.935478 -0.336268 -0.108652   0.83307
 0.351693 -0.915961 -0.193205   1.88517
        0         0         0         1

-0.0360001 -0.225101   0.97367  0.182075
-0.933634 -0.339906 -0.113102  0.848369
 0.356415 -0.913123 -0.197925    1.8967
        0         0         0         1

-0.0490571 -0.240858   0.96932  0.207299
-0.921587  -0.36323 -0.136897  0.881298
 0.385059 -0.900029 -0.204152   1.89281
        0         0         0         1

-0.0461599 -0.249035  0.967394  0.218172
-0.922125 -0.361775 -0.137131  0.894531
  0.38413 -0.898388 -0.212942   1.91086
        0         0         0         1

-0.0387802 -0.275327  0.960568  0.244341
-0.914371 -0.377929 -0.145241  0.935853
 0.403015 -0.883949 -0.237095   1.92266
        0         0         0         1

-0.0329674 -0.281051  0.959126   0.25005
-0.908413 -0.391747 -0.146017  0.955101
 0.416773 -0.876096 -0.242395   1.91665
        0         0         0         1

-0.0180329 -0.292881  0.955979  0.260113
-0.909927 -0.391457 -0.137094  0.968096
 0.414377 -0.872343 -0.259441   1.93592
        0         0         0         1

-0.0226985 -0.305647  0.951874   0.28385
-0.905314 -0.397648 -0.149273  0.992824
 0.424136 -0.865133 -0.267681   1.93606
        0         0         0         1

-0.0246419 -0.320918  0.946787  0.305166
-0.899348 -0.406444 -0.161173   1.02042
 0.436539 -0.855462 -0.278601   1.93598
