-0.188433  0.982022 0.0112136   1.39309
-0.534702 -0.112164  0.837563  0.871937
 0.823764  0.151829  0.546225   2.45524
        0         0         0         1

 -0.166812   0.985647 -0.0259592     1.3802
 -0.568114 -0.0745634   0.819565   0.837979
  0.805866   0.151461   0.572398    2.47394
         0          0          0          1

 -0.149534   0.987018 -0.0586028    1.36898
 -0.590681 -0.0416433    0.80583   0.812524
  0.792929   0.155114    0.58924     2.4828
         0          0          0          1

 -0.127557   0.986261   -0.10497    1.34243
 -0.612983 0.00481103   0.790082   0.788378
  0.779732   0.165125   0.603947     2.4868
         0          0          0          1

-0.116181  0.985758 -0.121582   1.34952
-0.641853 0.0189025  0.766595   0.74881
 0.757976  0.167102  0.630516   2.50897
        0         0         0         1

-0.0751516  0.982011 -0.173222    1.3448
 -0.67185 0.0785026  0.736516  0.699414
 0.736865   0.17173  0.653864   2.51462
        0         0         0         1

-0.0606224  0.975527 -0.211357   1.32719
 -0.68757  0.112687  0.717321  0.678706
 0.723583  0.188809  0.663911     2.516
        0         0         0         1

-0.0423377  0.969223 -0.242517   1.31677
-0.698729  0.144777  0.700584  0.654518
 0.714133  0.199115  0.671094    2.5166
        0         0         0         1

-0.0265134 0.965893 -0.25758  1.31968
-0.703604 0.165004 0.691169    0.638
0.710097  0.19956 0.675232  2.51229
       0        0        0        1

0.00877661  0.952594 -0.304117   1.31505
-0.724427    0.2157  0.654735  0.589573
 0.689295  0.214565  0.691979   2.50986
        0         0         0         1

0.0202913 0.947736 -0.31841   1.3162
-0.739139 0.228677 0.633546 0.560921
0.673248 0.222494 0.705148  2.51381
       0        0        0        1

0.0370588  0.938472 -0.343361   1.30809
-0.750114  0.253146  0.610938   0.53553
 0.660269  0.234919  0.713343   2.51368
        0         0         0         1

0.0461329  0.933064 -0.356739   1.30764
-0.759919  0.264576  0.593736  0.510893
 0.648378  0.243702  0.721259   2.51281
        0         0         0         1

0.0639823  0.924788 -0.375064   1.30761
-0.768891  0.285267  0.572214  0.488566
  0.63617  0.251772  0.729314   2.50779
        0         0         0         1

0.0782439   0.92059 -0.382612   1.31331
-0.772244  0.298686  0.560736  0.472076
 0.630489  0.251596  0.734291    2.4974
        0         0         0         1

 0.103993  0.903297 -0.416221   1.31595
-0.787891  0.330217  0.519793  0.424799
 0.606971  0.273882   0.74604   2.48643
        0         0         0         1

 0.117243  0.895661 -0.429005   1.31622
-0.789493  0.346119  0.506856  0.411003
 0.602458  0.279271  0.747698   2.47466
        0         0         0         1

 0.129425  0.888893 -0.439452   1.32203
-0.796934  0.356956  0.487317  0.387324
 0.590038  0.287143  0.754589   2.46638
        0         0         0         1

 0.136041  0.877765 -0.459371   1.31706
-0.798404  0.371663  0.473728  0.370709
 0.586553  0.302317  0.751372   2.45985
        0         0         0         1

 0.154831  0.860965 -0.484527   1.32502
-0.809199  0.391878  0.437754  0.328389
 0.566766  0.324301  0.757367   2.44353
        0         0         0         1

 0.161993  0.850507 -0.500395   1.32138
-0.809943  0.404269  0.424922  0.314029
 0.563694  0.336457  0.754351   2.43133
        0         0         0         1

 0.171273  0.840471 -0.514077     1.322
-0.813951  0.414704  0.406823  0.292308
 0.555112  0.348755  0.755129   2.42286
        0         0         0         1

 0.175858  0.835919 -0.519917   1.32703
-0.819338  0.417048  0.393391  0.272511
 0.545673  0.356807  0.758241    2.4149
        0         0         0         1

 0.182734  0.830009 -0.526966   1.32957
 -0.82036  0.424132  0.383565  0.256481
 0.541865  0.362212  0.758409   2.40075
        0         0         0         1

 0.185096  0.819885 -0.541782   1.32664
-0.824669   0.42943  0.368118  0.237234
 0.534472  0.378654  0.755619   2.39511
        0         0         0         1

 0.195355  0.806711 -0.557722   1.33547
 -0.83008  0.438868   0.34404   0.20314
 0.522307  0.395744  0.755369   2.36665
        0         0         0         1

 0.198958  0.795793 -0.571952   1.33538
-0.833004  0.444768  0.329067  0.187915
 0.516255  0.410968  0.751389   2.35475
        0         0         0         1

 0.198795  0.785968 -0.585436   1.33999
-0.838013  0.446053  0.314279  0.169098
 0.508149  0.428126  0.747324   2.34062
        0         0         0         1

 0.196445  0.778684 -0.595869   1.34599
-0.843866  0.443726  0.301659  0.151047
 0.499299  0.443574  0.744273   2.32942
        0         0         0         1

 0.196088  0.755743 -0.624821    1.3494
-0.851876  0.446868  0.273158  0.118638
  0.48565  0.478707  0.731425   2.29816
        0         0         0         1

 0.191385  0.749895 -0.633269   1.35398
-0.857356  0.441819  0.264079  0.101826
 0.477821  0.492396  0.727484   2.28488
        0         0         0         1

 0.187539  0.747061 -0.637753   1.36102
-0.864055  0.434263  0.254608 0.0824421
  0.46716  0.503305  0.726943   2.26825
        0         0         0         1

 0.185459  0.742425 -0.643747   1.36294
-0.867311  0.431629  0.247926 0.0686524
 0.461926  0.512349  0.723963   2.25383
        0         0         0         1

  0.18451  0.739287  -0.64762   1.36513
-0.870403  0.428943  0.241676 0.0532101
 0.456459  0.519098  0.722622    2.2366
        0         0         0         1

 0.183245  0.739066 -0.648231   1.36892
-0.873624  0.424788  0.237352 0.0397559
 0.450779  0.522817  0.723506   2.22082
        0         0         0         1

  0.178356   0.734599   -0.65464    1.37753
 -0.882704    0.41342   0.223423 0.00910464
  0.434768   0.538005   0.722169    2.18572
         0          0          0          1

   0.175266    0.729274   -0.661394     1.38091
  -0.887478    0.407864    0.214547 -0.00429748
   0.426222     0.54937    0.718699     2.16982
          0           0           0           1

  0.172315   0.721323  -0.670821    1.38385
 -0.892997   0.401833   0.202698 -0.0185482
  0.415769   0.564113   0.713381    2.15016
         0          0          0          1

  0.168344   0.716016  -0.677481    1.38917
 -0.897983   0.394865   0.194189 -0.0310992
  0.406556   0.575676   0.709443    2.13293
         0          0          0          1

  0.161473   0.708248  -0.687249    1.39364
 -0.903924   0.385608   0.185008 -0.0450468
  0.396041   0.591347   0.702467    2.11242
         0          0          0          1

  0.156702   0.702414  -0.694305    1.39857
  -0.90903   0.377427   0.176671 -0.0570283
  0.386145    0.60346   0.697659    2.09457
         0          0          0          1

  0.146141   0.689894  -0.709006    1.40832
  -0.91988   0.358446   0.159178 -0.0816297
  0.363956   0.628937   0.687003    2.05388
         0          0          0          1

  0.142733   0.685945  -0.713517    1.41167
 -0.924495   0.349844   0.151387 -0.0924019
  0.353463   0.638035   0.684088    2.03656
         0          0          0          1

 0.136806  0.685495 -0.715109   1.41702
 -0.92937   0.33868  0.146859 -0.104124
 0.342864   0.64451  0.683412   2.01387
        0         0         0         1

 0.131555  0.686138 -0.715477   1.42176
-0.934273  0.327104  0.141906 -0.115067
 0.331403  0.649782  0.684073   1.99527
        0         0         0         1

 0.123691  0.688275 -0.714827   1.43149
-0.942392  0.307096  0.132621 -0.135832
 0.310801  0.657244   0.68661   1.95165
        0         0         0         1

  0.11859  0.689094 -0.714902   1.43556
-0.946021  0.297123  0.129469 -0.144729
  0.30163  0.660959  0.687134   1.93216
        0         0         0         1

 0.111326  0.689244 -0.715926   1.44048
-0.950927  0.283158  0.124737 -0.155748
 0.288694  0.666907  0.686943   1.90999
        0         0         0         1

 0.105221   0.68777 -0.718262   1.44379
-0.954879  0.271594   0.12018 -0.164082
 0.277732  0.673208  0.685315   1.89077
        0         0         0         1

0.0969547  0.688482 -0.718743   1.44893
-0.959155  0.257448  0.117224 -0.173341
 0.265745  0.678021  0.685322   1.86737
        0         0         0         1

0.0921584  0.686155 -0.721594   1.45189
-0.962294  0.247627  0.112566 -0.180103
 0.255924  0.684012  0.683104   1.84727
        0         0         0         1

0.0777242  0.682337 -0.726895   1.46035
-0.970471  0.218779    0.1016 -0.197033
 0.228355  0.697533  0.679192   1.80315
        0         0         0         1

0.0731324   0.68177 -0.727902   1.46376
-0.973477  0.207443 0.0964902  -0.20355
 0.216782  0.701539  0.678858   1.78325
        0         0         0         1

0.0653643  0.682938 -0.727546   1.46769
-0.976732  0.193033 0.0934461 -0.211544
 0.204259   0.70451  0.679665   1.76041
        0         0         0         1

0.0596072  0.685329  -0.72579   1.47076
-0.979092    0.1818 0.0912548 -0.217918
 0.194488  0.705176  0.681837    1.7413
        0         0         0         1

 0.046519  0.691243 -0.721123   1.47666
-0.983741  0.157062 0.0870935 -0.231443
 0.173464  0.705347  0.687311   1.69975
        0         0         0         1

0.0403769  0.693602 -0.719226   1.47892
-0.985488  0.146418 0.0858774 -0.237249
 0.164873  0.705321  0.689449   1.68212
        0         0         0         1

0.0327307  0.695171 -0.718098   1.48167
-0.987835  0.131783 0.0825504   -0.2441
  0.15202  0.706661  0.691028    1.6621
        0         0         0         1

0.0275553  0.697129 -0.716416   1.48417
-0.989306  0.121705 0.0803773 -0.249004
 0.143225   0.70654  0.693028   1.64423
        0         0         0         1

0.0219502  0.697806  -0.71595   1.48711
-0.990941  0.110091 0.0769201  -0.25447
 0.132495  0.707776  0.693901   1.62427
        0         0         0         1

0.0168782  0.697985 -0.715913   1.48948
-0.992415  0.098893 0.0730195 -0.259406
 0.121765  0.709251   0.69436   1.60788
        0         0         0         1

0.00576653  0.698488 -0.715599   1.49453
-0.994767 0.0770069 0.0671493 -0.269423
 0.102009  0.711467  0.695276   1.57333
        0         0         0         1

-0.000383584  0.699814 -0.714325   1.49613
 -0.99531 0.0688315 0.0679677 -0.273485
0.0967328  0.711001  0.696506   1.55886
        0         0         0         1

-0.00760234  0.699772 -0.714326   1.49796
-0.995937 0.0587993 0.0682008   -0.2786
0.0897269  0.711942  0.696482    1.5437
        0         0         0         1

-0.0129762   0.70013 -0.713898   1.49922
-0.996309 0.0515293  0.068645 -0.282725
0.0848471  0.712154  0.696877   1.53146
        0         0         0         1

-0.0245467   0.70196 -0.711793    1.5021
-0.996867 0.0363634 0.0702388 -0.291606
0.0751881  0.711287  0.698869   1.50563
        0         0         0         1

-0.0287789  0.702571 -0.711032   1.50373
-0.997014 0.0308162 0.0708036   -0.2952
0.0716558  0.710946  0.699586   1.49446
        0         0         0         1

-0.0326015  0.700589  -0.71282   1.50576
-0.997302 0.0241289 0.0693275 -0.299401
0.0657696  0.713157  0.697912   1.48254
        0         0         0         1

-0.0361958  0.699154 -0.714054   1.50755
-0.997433 0.0188988 0.0690649 -0.302761
0.0617818  0.714721  0.696676   1.47244
        0         0         0         1

-0.0405008  0.696865 -0.716058    1.5098
 -0.99751 0.0132157 0.0692815 -0.306921
0.0577431   0.71708  0.694594   1.46139
        0         0         0         1

  -0.04272   0.694087  -0.718623    1.51138
 -0.997571 0.00998239  0.0689442  -0.309815
 0.0550268   0.719822   0.691974    1.45285
         0          0          0          1

-0.0516836   0.687416  -0.724422    1.51419
  -0.99733 0.00194235  0.0729972  -0.316543
 0.0515865   0.726261    0.68548    1.43585
         0          0          0          1

 -0.0576159    0.684561   -0.726675     1.51549
   -0.99702 -0.00205794    0.077112    -0.31988
  0.0512924    0.728953    0.682639     1.42917
          0           0           0           1

 -0.0633152    0.681012    -0.72953     1.51674
  -0.996688 -0.00577044   0.0811149   -0.323325
  0.0510305    0.732249    0.679122     1.42167
          0           0           0           1

 -0.0665978    0.678283   -0.731776     1.51731
  -0.996451 -0.00737113   0.0838532   -0.325627
  0.0514822    0.734764    0.676367     1.41564
          0           0           0           1

  -0.07523   0.671076  -0.737562    1.51881
 -0.995965 -0.0142726  0.0886007  -0.331608
 0.0489309   0.741251   0.669442    1.40376
         0          0          0          1

-0.0781175   0.669918  -0.738314     1.5193
  -0.99574 -0.0160472  0.0907939  -0.333817
 0.0489766   0.742262   0.668318    1.39826
         0          0          0          1

 -0.082593   0.668028  -0.739538    1.52003
  -0.99541 -0.0192949    0.09374  -0.336591
 0.0483516   0.743886   0.666555    1.39222
         0          0          0          1

-0.0851135   0.666118  -0.740974    1.52085
  -0.99523 -0.0212516  0.0952145  -0.338747
 0.0476772   0.745543    0.66475    1.38743
         0          0          0          1

-0.0875689   0.660432  -0.745762    1.52243
 -0.995068 -0.0229736   0.096498   -0.34305
 0.0465975   0.750534   0.659187    1.37725
         0          0          0          1

-0.0878208   0.658609  -0.747343    1.52306
 -0.994954 -0.0214593  0.0980064  -0.344813
 0.0485105   0.752179   0.657171    1.37335
         0          0          0          1

-0.0896529  0.656087 -0.749341   1.52402
-0.994696 -0.020896  0.100712 -0.347116
0.0504179  0.754396  0.654481   1.36985
        0         0         0         1

-0.0898318   0.654708  -0.750525    1.52434
 -0.994565 -0.0191477   0.102338  -0.348603
 0.0526309   0.755639    0.65287    1.36705
         0          0          0          1

   -0.0915   0.652649  -0.752115    1.52476
 -0.994235 -0.0174755   0.105791   -0.35066
  0.055901   0.757459   0.650485    1.36427
         0          0          0          1

-0.0926846   0.649933  -0.754318    1.52504
 -0.993947 -0.0155106   0.108764  -0.352062
 0.0589895   0.759833   0.647437    1.36207
         0          0          0          1

 -0.098662   0.638055  -0.763644    1.52529
 -0.993083 -0.0140452    0.11657  -0.355147
 0.0636525   0.769863   0.635027    1.35772
         0          0          0          1

 -0.100538   0.631299  -0.768995    1.52516
 -0.992838 -0.0135229   0.118701  -0.356026
  0.064537   0.775422   0.628137    1.35602
         0          0          0          1

 -0.103788    0.62468  -0.773953    1.52495
 -0.992436 -0.0137441   0.121993  -0.357121
 0.0655696    0.78076   0.621381    1.35433
         0          0          0          1

 -0.105588   0.622663  -0.775333     1.5249
 -0.992103 -0.0128874   0.124759  -0.357812
 0.0676906   0.782384   0.619107    1.35268
         0          0          0          1

 -0.106454   0.618733  -0.778355    1.52524
 -0.991904 -0.0115749   0.126459  -0.358457
  0.069235   0.785516   0.614956    1.35148
         0          0          0          1

   -0.10736    0.616653    -0.77988     1.52594
  -0.991606 -0.00956632    0.128943   -0.359161
  0.0720524    0.787177    0.612504      1.3503
          0           0           0           1

  -0.103572     0.61471   -0.781924     1.52739
  -0.991625 -0.00284013    0.129116   -0.359443
  0.0771484    0.788748    0.609856     1.34828
          0           0           0           1

  -0.101014    0.614497   -0.782426     1.52822
  -0.991741 0.000279703    0.128257   -0.359469
  0.0790322    0.788919    0.609393     1.34803
          0           0           0           1

-0.0976814   0.614434  -0.782898    1.52919
 -0.991876 0.00430921   0.127137  -0.359398
 0.0814912   0.788956   0.609021    1.34773
         0          0          0          1

-0.0941671   0.614438  -0.783325    1.53002
 -0.992062 0.00795318   0.125499  -0.359162
 0.0833411   0.788925   0.608811    1.34756
         0          0          0          1

-0.0860716  0.612199 -0.786005   1.53145
-0.992581  0.015312  0.120619 -0.358258
0.0858781  0.790555  0.606339   1.34771
        0         0         0         1

-0.0834592  0.611444 -0.786874   1.53212
-0.992717 0.0178217   0.11914 -0.358003
 0.086871  0.791087  0.605504   1.34785
        0         0         0         1

-0.0796472  0.611037 -0.787585   1.53275
 -0.99296  0.020857  0.116598 -0.357472
0.0876724  0.791327  0.605074     1.348
        0         0         0         1

-0.0756203  0.610914 -0.788077   1.53286
-0.993241 0.0236462  0.113637 -0.356636
0.0880578  0.791343  0.604997   1.34834
        0         0         0         1

-0.0717363   0.60982 -0.789287   1.53286
-0.993496 0.0264719  0.110749 -0.355671
0.0884308  0.792098  0.603954   1.34901
        0         0         0         1

-0.0687088  0.608976 -0.790207   1.53282
-0.993676 0.0287388  0.108548 -0.354791
0.0888128  0.792668   0.60315   1.34977
        0         0         0         1

-0.0609683  0.606757 -0.792546    1.5314
-0.994019 0.0351625  0.103387 -0.351844
0.0905986  0.794109  0.600985   1.35247
        0         0         0         1

-0.0576034  0.606389 -0.793079   1.53005
-0.994034 0.0388634  0.101914 -0.350186
0.0926214  0.794218  0.600532    1.3542
        0         0         0         1

-0.0542348   0.60474 -0.794574    1.5285
 -0.99413    0.0419 0.0997454 -0.348495
0.0936127   0.79532  0.598918   1.35704
        0         0         0         1

-0.0510923  0.603278 -0.795892   1.52681
-0.994152 0.0451954 0.0980772 -0.346804
0.0951385  0.796249  0.597441   1.35981
        0         0         0         1

-0.045594  0.599989 -0.798708    1.5226
-0.993904 0.0530956  0.096622 -0.343173
  0.10038  0.798245   0.59391   1.36711
        0         0         0         1

-0.0425852  0.597917 -0.800426   1.52046
-0.993779 0.0571725 0.0955799 -0.341291
 0.102911  0.799517  0.591762   1.37062
        0         0         0         1

-0.0385573  0.594955 -0.802834   1.51767
-0.993653 0.0621375 0.0937697 -0.339012
 0.105675  0.801354  0.588783   1.37537
        0         0         0         1

-0.0358345  0.591588 -0.805444    1.5151
-0.993554 0.0656445 0.0924186 -0.337092
 0.107547  0.803563  0.585422   1.37993
        0         0         0         1

-0.0321813  0.587898 -0.808295   1.51176
-0.993385 0.0703778 0.0907383  -0.33479
 0.110231  0.805868  0.581744   1.38523
        0         0         0         1

-0.0297481  0.584233  -0.81104   1.50865
-0.993271 0.0735814 0.0894365 -0.332933
 0.111929  0.808243  0.578113   1.39013
        0         0         0         1

-0.0216658  0.575767 -0.817326   1.50003
-0.993127 0.0816551  0.083848  -0.32801
 0.115016  0.813526  0.570041   1.40153
        0         0         0         1

-0.0185043  0.572515 -0.819685   1.49587
-0.992984 0.0852401  0.081953 -0.326033
 0.116789  0.815451  0.566921   1.40661
        0         0         0         1

-0.0136145  0.569022  -0.82221   1.49032
-0.992828 0.0899835 0.0787141  -0.32341
 0.118775  0.817384  0.563716   1.41274
        0         0         0         1

-0.0101459  0.567351 -0.823413   1.48553
-0.992634 0.0937057 0.0767964 -0.321495
 0.120729  0.818127  0.562221   1.41777
        0         0         0         1

-0.00120049  0.562799 -0.826593   1.47245
-0.992106  0.102978 0.0715554 -0.316478
 0.125393  0.820154  0.558233    1.4309
        0         0         0         1

0.000593414  0.560763 -0.827976   1.46621
-0.991821  0.106011  0.071087 -0.314678
 0.127637  0.821162  0.556239   1.43686
        0         0         0         1

0.00415579  0.557501 -0.830166   1.45838
-0.991574  0.109787  0.068764 -0.312171
 0.129477  0.822885   0.55326   1.44396
        0         0         0         1

0.0068716  0.555075 -0.831772   1.45123
-0.991278  0.113256 0.0673912 -0.310093
 0.131611  0.824054  0.551012   1.44975
        0         0         0         1

 0.009607  0.551316 -0.834241   1.44267
-0.991056  0.116297 0.0654427 -0.307675
 0.133099  0.826151  0.547502   1.45652
        0         0         0         1

0.0112145  0.547886 -0.836478   1.43509
-0.990937  0.118071 0.0640503 -0.305816
 0.133856  0.828179  0.544244   1.46214
        0         0         0         1

0.0150779  0.540221 -0.841388   1.41674
-0.990803   0.12124 0.0600882 -0.301752
 0.134471  0.832743  0.537081   1.47413
        0         0         0         1

0.0174374  0.537419 -0.843135   1.40812
-0.990749  0.122792 0.0577779 -0.299891
 0.134581  0.834328  0.534588   1.47929
        0         0         0         1

0.0191812  0.534883 -0.844709   1.39764
-0.990717   0.12389 0.0559525 -0.297855
 0.134579  0.835794  0.532294   1.48502
        0         0         0         1

0.0196636  0.534406 -0.844999   1.38833
-0.990627  0.124677 0.0557974 -0.296338
  0.13517  0.835982  0.531848   1.48957
        0         0         0         1

0.0216027   0.53133 -0.846889   1.36529
-0.990733  0.124994 0.0531481 -0.292808
 0.134095  0.837893  0.529107   1.49997
        0         0         0         1

0.0208008  0.530758 -0.847268   1.35468
-0.990867  0.123872 0.0532716 -0.291467
 0.133227  0.838422  0.528487   1.50435
        0         0         0         1

0.0215819  0.529642 -0.847947    1.3415
-0.991044  0.123127 0.0516833 -0.289578
 0.131779  0.839237  0.527556    1.5092
        0         0         0         1

0.0211451  0.529855 -0.847825   1.33038
-0.991184  0.122052 0.0515566 -0.288149
 0.130796   0.83926  0.527764   1.51291
        0         0         0         1

0.0202812  0.530381 -0.847517   1.31729
 -0.99136  0.120546 0.0517154 -0.286595
 0.129594  0.839145  0.528243   1.51685
        0         0         0         1

0.0202708  0.530175 -0.847646   1.30577
-0.991558  0.119262 0.0508824 -0.285156
 0.128069  0.839458  0.528117   1.52014
        0         0         0         1

0.0193293  0.531082   -0.8471   1.27976
-0.992135  0.114991 0.0494538 -0.282325
 0.123673  0.839481  0.529128   1.52613
        0         0         0         1

0.0179163  0.531977 -0.846569   1.26833
-0.992485  0.111968 0.0493552 -0.281303
 0.121044  0.839323  0.529986   1.52821
        0         0         0         1

0.0161627  0.533352 -0.845739   1.25456
-0.992977  0.107706 0.0489468 -0.279942
 0.117197  0.839008  0.531348   1.53004
        0         0         0         1

0.0140821  0.535335 -0.844522   1.24263
-0.993539  0.102616 0.0484803 -0.278943
 0.112615  0.838383  0.533322    1.5311
        0         0         0         1

0.0096525  0.540911 -0.841024    1.2156
-0.994683 0.0914322 0.0473892 -0.276234
  0.10253  0.836095  0.538918   1.53223
        0         0         0         1

0.00716231  0.544152 -0.838956   1.20382
-0.995197 0.0857927 0.0471495 -0.275079
0.0976328  0.834589  0.542153    1.5322
        0         0         0         1

0.00333239  0.549588 -0.835429   1.19012
-0.995688 0.0792724 0.0481778 -0.273715
0.0927044  0.831666  0.547482   1.53173
        0         0         0         1

-0.000324603  0.554279 -0.832331    1.1786
-0.996134 0.0729425 0.0489635 -0.272536
0.0878518  0.829129  0.552112   1.53115
        0         0         0         1

-0.00371881  0.559069 -0.829113   1.16499
-0.996582 0.0663542 0.0492125 -0.270893
0.0825283  0.826462  0.556911   1.53014
        0         0         0         1

-0.00658141  0.562395 -0.826843   1.15318
 -0.99702 0.0598682 0.0486566 -0.269626
0.0768659  0.824699  0.560325   1.52899
        0         0         0         1

-0.0170061  0.569572 -0.821765   1.12833
-0.997724 0.0439711 0.0511242 -0.266525
0.0652528  0.820764  0.567528   1.52544
        0         0         0         1

-0.0224097  0.572631 -0.819507   1.11777
-0.997989 0.0358096 0.0523123 -0.265097
0.0593018  0.819031  0.570677   1.52351
        0         0         0         1

-0.0279271  0.575356 -0.817426    1.1054
-0.998246 0.0266502 0.0528628  -0.26326
0.0521995  0.817469  0.573602   1.52083
        0         0         0         1

-0.0329849  0.577558 -0.815683   1.09522
-0.998395 0.0185539 0.0535108   -0.2617
0.0460397  0.816139  0.576019   1.51847
        0         0         0         1

 -0.0440754    0.581559   -0.812309     1.07317
  -0.998512 0.000497044   0.0545345   -0.257857
  0.0321188    0.813504    0.580672     1.51227
          0           0           0           1

 -0.0495528    0.583023   -0.810943     1.06391
  -0.998424 -0.00750248    0.055615    -0.25596
  0.0263408    0.812421    0.582476     1.50914
          0           0           0           1

-0.0552502   0.584429  -0.809562    1.05347
  -0.99829 -0.0168463   0.055969  -0.253726
 0.0190718    0.81127   0.584361    1.50536
         0          0          0          1

-0.0603367   0.584566    -0.8091    1.04492
 -0.998101 -0.0252417  0.0561941  -0.251783
 0.0124261   0.810954   0.584979    1.50221
         0          0          0          1

-0.0664242   0.584489  -0.808678     1.0354
 -0.997777 -0.0345196  0.0570068  -0.249412
0.00540455   0.810667   0.585482    1.49814
         0          0          0          1

-0.0715625   0.584488  -0.808241    1.02769
 -0.997436 -0.0427791  0.0573779  -0.247229
-0.00103916   0.810274    0.58605    1.49475
         0          0          0          1

-0.0815228   0.583903   -0.80772    1.01094
 -0.996578 -0.0588419  0.0580472   -0.24237
-0.0136339   0.809688   0.586702    1.48651
         0          0          0          1

-0.0872175  0.584385 -0.806776   1.00429
-0.996021 -0.066039  0.059841 -0.240178
-0.0183085  0.808785  0.587819   1.48272
        0         0         0         1

-0.0920483   0.584749  -0.805975   0.996703
 -0.995474 -0.0732402  0.0605535   -0.23752
-0.0236212   0.807901   0.588844    1.47826
         0          0          0          1

 -0.095735    0.58552  -0.804985   0.990548
 -0.995022 -0.0787919  0.0610249  -0.235175
 -0.027695    0.80682   0.590149    1.47467
         0          0          0          1

 -0.104554   0.586639  -0.803071   0.978862
 -0.993843 -0.0913963  0.0626265  -0.230054
-0.0366586   0.804674   0.592583    1.46652
         0          0          0          1

 -0.107846   0.586562  -0.802692   0.974403
 -0.993367 -0.0959711  0.0633339  -0.227734
 -0.039886   0.804198   0.593021    1.46286
         0          0          0          1

 -0.11222  0.586236  -0.80233  0.969639
-0.992715 -0.101786 0.0644771 -0.225135
-0.0438668  0.803721  0.593388   1.45862
        0         0         0         1

-0.114594  0.585809 -0.802307  0.965866
 -0.99233 -0.105191 0.0649294 -0.222913
-0.0463596  0.803594   0.59337   1.45505
        0         0         0         1

-0.116834  0.585021 -0.802558   0.96181
-0.991938 -0.108671 0.0651877 -0.220332
-0.0490789  0.803704  0.593001   1.45114
        0         0         0         1

  -0.1196  0.584454 -0.802564   0.95893
-0.991498 -0.112042 0.0661628 -0.218306
-0.051252  0.803654  0.592886   1.44774
        0         0         0         1

-0.123634  0.583166  -0.80289  0.953221
-0.990692 -0.118979 0.0661341  -0.21373
-0.0569601  0.803593  0.592448   1.44062
        0         0         0         1

-0.125045  0.582751 -0.802972  0.951095
-0.990413 -0.121204 0.0662716 -0.211814
-0.0587034  0.803561   0.59232    1.4375
        0         0         0         1

-0.127644  0.582715  -0.80259  0.949155
-0.990016 -0.123641 0.0676842 -0.209654
-0.0597924  0.803216  0.592679   1.43377
        0         0         0         1

-0.129129  0.582425 -0.802563  0.947752
-0.989741 -0.125607 0.0680911 -0.207789
-0.0611499  0.803121  0.592669   1.43081
        0         0         0         1

-0.132071  0.582633 -0.801933  0.945388
-0.989243 -0.128806 0.0693378 -0.203924
-0.0628952  0.802464  0.593377   1.42419
        0         0         0         1

-0.132996  0.582664 -0.801757  0.944651
-0.989107 -0.129513  0.069953 -0.202405
-0.0630788  0.802328  0.593542   1.42137
        0         0         0         1

-0.133247  0.582174 -0.802071  0.943905
 -0.98901 -0.130417 0.0696409 -0.200661
-0.0640609  0.802536  0.593154   1.41823
        0         0         0         1

-0.134206  0.581594 -0.802333  0.943603
-0.988837 -0.131492  0.070087 -0.199306
-0.0647381  0.802782  0.592748   1.41558
        0         0         0         1

-0.135619  0.580871 -0.802619  0.943299
-0.988604 -0.132767 0.0709586 -0.197832
-0.0653437  0.803095  0.592257   1.41248
        0         0         0         1

-0.135554  0.580161 -0.803143  0.943062
-0.988525 -0.133732 0.0702402 -0.196641
-0.0666549  0.803448  0.591632   1.41011
        0         0         0         1

 -0.13966  0.576617 -0.804989  0.943655
-0.987874 -0.136817 0.0733864 -0.193998
-0.0678206  0.805477  0.588733   1.40423
        0         0         0         1

-0.141763  0.575287 -0.805573  0.943925
-0.987518 -0.138618 0.0747891 -0.192882
-0.0686417   0.80612  0.587757   1.40166
        0         0         0         1

-0.142065  0.573705 -0.806647  0.944156
 -0.98739 -0.139639 0.0745824 -0.191881
-0.0698515  0.807071  0.586308   1.39876
        0         0         0         1

-0.144578  0.572349 -0.807164  0.944673
-0.986948 -0.141883 0.0761732 -0.191007
-0.0709255  0.807642  0.585392   1.39662
        0         0         0         1

-0.146438  0.571081 -0.807726  0.945072
-0.986678 -0.142824 0.0779015 -0.190048
-0.0708746  0.808373  0.584388   1.39383
        0         0         0         1

-0.147439  0.569414 -0.808721  0.945181
-0.986493  -0.14366 0.0786993   -0.1893
-0.0713681  0.809401  0.582904   1.39161
        0         0         0         1

-0.152071  0.565908 -0.810323  0.945942
-0.985595 -0.148209 0.0814589 -0.187781
-0.0739992  0.811038  0.580295   1.38712
        0         0         0         1

-0.154268  0.564413  -0.81095   0.94651
-0.985194 -0.150005 0.0830133 -0.187049
-0.0747925  0.811749  0.579197   1.38502
        0         0         0         1

-0.155101  0.563673 -0.811305  0.947039
-0.985036 -0.150711 0.0836037 -0.186362
-0.0751477  0.812132  0.578614   1.38273
        0         0         0         1

-0.157329   0.56339 -0.811073  0.947754
-0.984774 -0.150997 0.0861372 -0.185911
-0.0739404  0.812276  0.578568    1.3811
        0         0         0         1

-0.159787  0.563847 -0.810274  0.948323
-0.984637 -0.149584 0.0900804 -0.185387
-0.0704123   0.81222  0.579087   1.37876
        0         0         0         1

 -0.16137   0.56317 -0.810432  0.948342
-0.984471  -0.14937 0.0922258 -0.185269
-0.0691157  0.812729  0.578528   1.37806
        0         0         0         1

 -0.16429  0.561319 -0.811129  0.948681
-0.984052 -0.150117 0.0954308 -0.185139
-0.068197  0.813871  0.577029   1.37756
        0         0         0         1

-0.166276  0.558859 -0.812421  0.948769
-0.983744 -0.150685 0.0976852 -0.185161
-0.0678273  0.815457   0.57483   1.37701
        0         0         0         1

-0.168047  0.555795 -0.814157  0.948698
-0.983412 -0.151721 0.0994073 -0.185068
-0.0682748  0.817357  0.572072   1.37635
        0         0         0         1

-0.170062  0.553417 -0.815358  0.948649
-0.983048 -0.152807  0.101321 -0.184986
-0.0685196  0.818767  0.570022   1.37573
        0         0         0         1

-0.174718  0.552109  -0.81526  0.948169
-0.982181 -0.155951  0.104877 -0.184829
-0.0692369  0.819058  0.569518   1.37451
        0         0         0         1

 -0.17653  0.552821 -0.814387  0.947907
-0.981853 -0.157145  0.106158 -0.184649
-0.0692904  0.818349   0.57053   1.37383
        0         0         0         1

-0.179139  0.554313 -0.812801  0.947601
-0.981431 -0.158274  0.108365 -0.184386
-0.0685774  0.817121  0.572373   1.37287
        0         0         0         1

 -0.18118  0.555839 -0.811306  0.947219
 -0.98104 -0.159871  0.109555 -0.184127
-0.0688096  0.815772  0.574266   1.37214
        0         0         0         1

-0.185109  0.559828 -0.807668  0.946745
-0.980143 -0.164638  0.110521 -0.183428
-0.0710997  0.812088  0.579188   1.37082
        0         0         0         1

-0.187771  0.561496 -0.805893  0.946678
-0.979601 -0.166847  0.111995    -0.183
-0.0715762  0.810484  0.581372   1.36993
        0         0         0         1

-0.189801  0.562793 -0.804512  0.946228
-0.979131 -0.169132  0.112681 -0.182525
-0.0726526  0.809109   0.58315   1.36898
        0         0         0         1

-0.191289  0.562707  -0.80422  0.945829
-0.978741 -0.171112  0.113074 -0.182043
-0.0739841  0.808753  0.583477   1.36839
        0         0         0         1

-0.196561  0.559561 -0.805143  0.945941
-0.977519 -0.175729  0.116515 -0.180988
-0.0762899  0.809945  0.581523   1.36687
        0         0         0         1

 -0.19899   0.55845 -0.805317  0.945889
-0.976975 -0.177578  0.118264 -0.180351
-0.0769621  0.810308  0.580928   1.36592
        0         0         0         1

-0.201121  0.557694 -0.805312  0.945585
-0.976372 -0.180472  0.118861 -0.179736
-0.0790483  0.810189  0.580814   1.36526
        0         0         0         1

-0.204092  0.557458 -0.804728  0.945596
 -0.97568 -0.182984   0.12069 -0.179177
-0.0799726  0.809788  0.581246    1.3646
        0         0         0         1

-0.206098  0.557417 -0.804245  0.945396
-0.975171 -0.185052  0.121641 -0.178468
-0.0810224  0.809346  0.581716   1.36364
        0         0         0         1

-0.207982   0.55667 -0.804278   0.94541
-0.974652 -0.187246   0.12244 -0.177779
-0.0824391  0.809356  0.581503   1.36295
        0         0         0         1

-0.211004  0.554168 -0.805217  0.945173
-0.973749 -0.191126   0.12363 -0.176299
-0.0853863  0.810166  0.579949   1.36123
        0         0         0         1

-0.212414  0.552883  -0.80573  0.945283
-0.973273 -0.193363    0.1239 -0.175632
-0.0872963  0.810513  0.579179   1.36039
        0         0         0         1

-0.213665  0.552392 -0.805736  0.945128
-0.972871 -0.195212  0.124153 -0.174866
-0.0887077  0.810405  0.579116   1.35936
        0         0         0         1

-0.215129  0.552852 -0.805031   0.94501
-0.972477  -0.19681  0.124717 -0.173992
-0.0894881  0.809704  0.579975   1.35856
        0         0         0         1

-0.219932  0.555037 -0.802225  0.944938
-0.971259 -0.201326  0.126982 -0.172109
-0.0910289  0.807095  0.583362   1.35753
        0         0         0         1

-0.222429  0.556033 -0.800845  0.944882
-0.970662 -0.203241  0.128483 -0.171152
-0.0913236  0.805929  0.584927   1.35708
        0         0         0         1

-0.225866  0.557682 -0.798733  0.944503
-0.969799  -0.20621  0.130262 -0.169883
-0.0920618  0.804032  0.587415   1.35699
        0         0         0         1

-0.226943  0.557643 -0.798455  0.943862
-0.969551 -0.206829  0.131123 -0.168981
-0.0920242    0.8039  0.587602   1.35666
        0         0         0         1

-0.229447  0.556085 -0.798826  0.943378
-0.968687 -0.210457  0.131731 -0.167588
-0.0948653  0.804038  0.586961    1.3568
        0         0         0         1

-0.232079  0.554106 -0.799441  0.943075
-0.967918 -0.212926  0.133406 -0.166484
-0.0963006  0.804754  0.585745   1.35677
        0         0         0         1

-0.238497  0.547368 -0.802189  0.942329
-0.965729 -0.220775  0.136474 -0.163223
-0.102402  0.807246  0.581264    1.3573
        0         0         0         1

-0.242556  0.544075 -0.803212  0.941997
-0.964441 -0.224819  0.138958 -0.161469
-0.104973  0.808356   0.57926    1.3577
        0         0         0         1

-0.246625  0.540902 -0.804115  0.941612
-0.963229 -0.228096  0.141993 -0.159371
-0.106611  0.809566  0.577266   1.35839
        0         0         0         1

-0.249532  0.538514 -0.804821  0.941045
-0.962352 -0.230388  0.144219 -0.157574
-0.107757  0.810508  0.575729   1.35949
        0         0         0         1

-0.255618  0.530002 -0.808553  0.939707
-0.960683 -0.233009  0.150977 -0.153457
-0.108382  0.815355  0.568726   1.36429
        0         0         0         1

-0.258339  0.524201 -0.811464  0.938943
-0.960089 -0.232514  0.155452 -0.151594
-0.107189  0.819238  0.563348   1.36754
        0         0         0         1

 -0.26207  0.515609 -0.815761  0.937979
-0.959227 -0.231885  0.161594 -0.149333
-0.105844  0.824849  0.555356   1.37234
        0         0         0         1

-0.265156  0.506491 -0.820463   0.93692
-0.958668 -0.229548  0.168116 -0.147498
-0.103186  0.831129  0.546423   1.37717
        0         0         0         1

-0.269986  0.494501 -0.826182  0.935322
-0.957767 -0.226098  0.177658 -0.145228
-0.0989455  0.839255   0.53466   1.38353
        0         0         0         1

-0.274848  0.483145 -0.831282  0.933674
-0.956768  -0.22299  0.186734 -0.143211
-0.0951477  0.846668  0.523546   1.39007
        0         0         0         1

-0.288386  0.455153 -0.842419  0.928869
-0.953854 -0.213416  0.211226  -0.13797
-0.0836455  0.864459  0.495696   1.40777
        0         0         0         1

-0.294001  0.442045 -0.847443  0.926442
-0.952706 -0.206867  0.222614 -0.135423
-0.076903  0.872813  0.481958   1.41669
        0         0         0         1

-0.301853  0.428076 -0.851843   0.92335
-0.950953 -0.198573  0.237185 -0.132078
-0.0676195  0.881658   0.46702   1.42767
        0         0         0         1

-0.307965   0.41753 -0.854884  0.920429
-0.949598 -0.190136  0.249221 -0.128837
-0.058487  0.888548  0.455041   1.43811
        0         0         0         1

-0.313531  0.405598 -0.858597  0.916725
-0.948409 -0.178601  0.261958 -0.124898
-0.0470963  0.896433   0.44067    1.4506
        0         0         0         1

 -0.31939  0.396296 -0.860778  0.913794
 -0.94691 -0.168704  0.273678 -0.120882
-0.0367594   0.90249   0.42914   1.46215
        0         0         0         1

-0.328698  0.379086 -0.865015  0.906559
-0.944375  -0.14223  0.296523 -0.110729
-0.010624  0.914366   0.40475   1.48966
        0         0         0         1

-0.331748  0.372505 -0.866708   0.90267
-0.943364 -0.128385  0.305911 -0.105609
0.00268107  0.919107  0.393999   1.50202
        0         0         0         1

 -0.339781    0.36722  -0.865851   0.899002
 -0.940294  -0.113155   0.321004 -0.0983991
 0.0199039   0.923226   0.383743    1.51752
         0          0          0          1

 -0.345471   0.362729  -0.865492   0.895217
 -0.937803 -0.0997491    0.33253   -0.09184
 0.0342861   0.926541   0.374629    1.53078
         0          0          0          1

 -0.360326   0.355251  -0.862532   0.885831
 -0.930387 -0.0700472   0.359823 -0.0748081
 0.0674096   0.932143   0.355761    1.56109
         0          0          0          1

 -0.365367   0.352549  -0.861519   0.881112
  -0.92737 -0.0577516   0.369661 -0.0666877
 0.0805697   0.934009   0.348044    1.57486
         0          0          0          1

 -0.372774   0.350071  -0.859355   0.875522
 -0.922854 -0.0432051   0.382718 -0.0563926
   0.09685   0.935726    0.33917    1.59116
         0          0          0          1

 -0.377229   0.347894  -0.858294   0.870345
 -0.919396 -0.0291972   0.392249 -0.0470558
  0.111401   0.937079   0.330866    1.60468
         0          0          0          1

 -0.384043   0.346935  -0.855656   0.864172
 -0.914523 -0.0153452   0.404242 -0.0359202
  0.127115   0.937764   0.323173     1.6209
         0          0          0          1

 -0.390086   0.346475  -0.853105   0.858549
 -0.909937 -0.0032996   0.414733 -0.0257343
   0.14088   0.938053   0.316558    1.63501
         0          0          0          1

   -0.407797     0.347324    -0.844433     0.844928
   -0.896757    0.0216979      0.44199 -0.000802855
    0.171836     0.937494     0.302617      1.66673
           0            0            0            1

-0.416872  0.348776 -0.839388  0.838252
-0.889894  0.031571  0.455074 0.0108417
 0.185219  0.936674  0.297213   1.68141
        0         0         0         1

-0.427463  0.349744 -0.833639  0.829517
-0.881296 0.0442971  0.470484 0.0251962
 0.201477  0.935797  0.289293   1.69806
        0         0         0         1

-0.436895  0.349654 -0.828773  0.821182
 -0.87375 0.0539631  0.483372 0.0375657
 0.213736  0.935324  0.281934   1.71297
        0         0         0         1

-0.461619  0.348035 -0.815953  0.803164
