 -0.729546   0.664882  -0.160298   0.621277
  -0.24142 -0.0310595   0.969923   0.836715
  0.639906   0.746303   0.183175    2.15107
         0          0          0          1

 -0.712746   0.657314  -0.244809   0.582673
 -0.326401 -0.0018867    0.94523    0.75954
  0.620851   0.753615   0.215893    2.16264
         0          0          0          1

 -0.702111   0.653435  -0.282954   0.567085
 -0.366981 0.00847808    0.93019   0.721573
  0.610218   0.756935   0.233845    2.17001
         0          0          0          1

-0.689405  0.650749 -0.318194  0.556832
-0.402351 0.0212688  0.915239  0.685636
 0.602358  0.758995  0.247166    2.1736
        0         0         0         1

-0.681621   0.64489 -0.345701  0.549149
-0.426111 0.0342321  0.904023  0.658498
 0.594829  0.763509  0.251461   2.17094
        0         0         0         1

-0.656143  0.634183 -0.409009  0.538144
-0.486328 0.0590744  0.871777  0.592291
 0.577028  0.770923  0.269659   2.17133
        0         0         0         1

-0.645137   0.62847 -0.434539  0.535033
-0.510214 0.0689958  0.857276  0.563774
 0.568754  0.774768  0.276142   2.17125
        0         0         0         1

-0.634031  0.617417 -0.465619  0.531897
-0.537556 0.0809538  0.839333  0.530975
 0.555912  0.782459  0.280569   2.17125
        0         0         0         1

 -0.62393  0.608238 -0.490672  0.530224
-0.558546 0.0920557  0.824349  0.504598
 0.546569  0.788399  0.282292   2.16929
        0         0         0         1

-0.608991  0.595678 -0.523734  0.524647
-0.584643  0.109116   0.80392  0.473528
 0.536025  0.795777  0.281808   2.16331
        0         0         0         1

-0.600815  0.586001 -0.543713  0.527365
-0.599621  0.119437  0.791321  0.451192
 0.528655  0.801459  0.279619   2.15708
        0         0         0         1

-0.575377  0.560145 -0.595968  0.528414
-0.644422  0.138226  0.752073  0.392461
 0.503649  0.816781  0.281438   2.14715
        0         0         0         1

-0.565392  0.548429 -0.616082  0.530385
-0.660161  0.146906  0.736618   0.36985
 0.494489  0.823192  0.278991   2.14075
        0         0         0         1

-0.554342   0.53396 -0.638429  0.532227
-0.678609  0.154138  0.718145  0.342779
 0.481866  0.831341  0.276905   2.13257
        0         0         0         1

-0.544656  0.520996 -0.657201  0.534616
-0.693646  0.160608  0.702182  0.320284
 0.471386  0.838312  0.273911   2.12389
        0         0         0         1

-0.521637   0.49032 -0.698199  0.536719
-0.729381  0.168256  0.663094  0.268022
 0.442604  0.855147  0.269861   2.10664
        0         0         0         1

-0.513229  0.477467 -0.713177  0.540179
-0.743516  0.167713  0.647345  0.246511
 0.428695  0.862495  0.268929   2.09769
        0         0         0         1

-0.502872  0.463747 -0.729423  0.543958
-0.758463  0.167987  0.629694  0.222388
 0.414553  0.869896  0.267259     2.086
        0         0         0         1

-0.496587  0.456299 -0.738372   0.55103
-0.768084  0.165215  0.618669  0.204368
 0.404288  0.874354  0.268432   2.07657
        0         0         0         1

-0.485166  0.445749 -0.752278  0.556701
-0.782884  0.161781  0.600765  0.182171
 0.389495  0.880417   0.27048   2.06418
        0         0         0         1

-0.476991  0.439714 -0.761007  0.563744
-0.792478  0.159262  0.588739  0.165233
 0.380076  0.883905  0.272497   2.05201
        0         0         0         1

-0.452363  0.423158 -0.785051  0.577837
-0.821913  0.143859  0.551147  0.122746
 0.346159  0.894562  0.282723   2.02627
        0         0         0         1

-0.442684  0.415714 -0.794489  0.584303
-0.833005  0.137264  0.535968  0.106166
 0.331863  0.899078  0.285527   2.01251
        0         0         0         1

-0.428737  0.408863 -0.805615  0.592617
-0.846459  0.129852  0.516376 0.0868889
 0.315738   0.90331  0.290414   1.99801
        0         0         0         1

-0.428737  0.408863 -0.805615  0.592617
-0.846459  0.129852  0.516376 0.0868889
 0.315738   0.90331  0.290414   1.99801
        0         0         0         1

-0.398781  0.389434  -0.83025  0.618144
-0.876223   0.10531  0.470259 0.0393688
 0.270568  0.915014  0.299235    1.9542
        0         0         0         1

-0.390818  0.383072 -0.836969  0.625151
-0.883456 0.0991482  0.457904  0.027117
 0.258394  0.918382  0.299678   1.93964
        0         0         0         1

-0.380572  0.376538 -0.844621  0.633594
-0.892349 0.0901248  0.442256 0.0123909
 0.242647  0.922007  0.301705   1.92161
        0         0         0         1

   -0.372321     0.375605    -0.848704     0.642146
    -0.89979    0.0780693     0.429282 -0.000274875
    0.227498     0.923486     0.308899      1.90862
           0            0            0            1

 -0.364086   0.375728  -0.852215   0.651626
 -0.906687  0.0662568   0.416569 -0.0126558
  0.212981   0.924359   0.316544    1.89122
         0          0          0          1

 -0.353234   0.375614   -0.85682   0.659301
 -0.914634  0.0538581   0.400679 -0.0246594
  0.196647    0.92521   0.324525     1.8775
         0          0          0          1

   -0.3353   0.382018  -0.861183    0.68025
 -0.926711   0.030868   0.374506 -0.0456717
  0.169651   0.923639    0.34367    1.84459
         0          0          0          1

 -0.32557  0.383489 -0.864257   0.68885
-0.932605 0.0203062  0.360327 -0.054825
 0.155731  0.923322  0.351033   1.82992
        0         0         0         1

 -0.314517   0.385082  -0.867635   0.698852
 -0.938645   0.010092   0.344737 -0.0644815
  0.141508   0.922827   0.358281    1.81186
         0          0          0          1

 -0.308635   0.386888  -0.868943   0.708257
 -0.942286 0.00027616   0.334808 -0.0713867
  0.129773   0.922127   0.364474    1.79654
         0          0          0          1

  -0.29384    0.38844  -0.873368   0.728171
 -0.950665 -0.0236753   0.309316 -0.0864633
 0.0994735    0.92117   0.376233    1.76187
         0          0          0          1

 -0.287301   0.388286   -0.87561   0.735708
 -0.954032 -0.0345676   0.297703 -0.0928516
 0.0853263    0.92089   0.380368    1.74677
         0          0          0          1

 -0.281762   0.388796  -0.877182   0.745373
  -0.95691 -0.0469438   0.286565 -0.0992044
 0.0702369   0.920127    0.38527    1.72908
         0          0          0          1

 -0.276332   0.389787  -0.878468   0.753371
  -0.95933 -0.0570121    0.27647  -0.104238
 0.0576813   0.919138   0.389689    1.71406
         0          0          0          1

 -0.271326   0.391147  -0.879424   0.763314
 -0.961526 -0.0693219   0.265824  -0.109479
 0.0430129   0.917714   0.394907    1.69696
         0          0          0          1

 -0.265092   0.391587  -0.881128   0.771347
 -0.963727 -0.0783022   0.255144   -0.11383
 0.0309167   0.916803    0.39814    1.68234
         0          0          0          1

 -0.255104   0.392241  -0.883781   0.790385
 -0.966896 -0.0980266   0.235589  -0.121561
0.00577374   0.914624   0.404263     1.6502
         0          0          0          1

-0.250954  0.392329 -0.884929  0.798099
-0.967987 -0.106147  0.227449 -0.124738
-0.00469808   0.91368  0.406408   1.63644
        0         0         0         1

-0.248661  0.392489 -0.885506  0.806904
-0.968448 -0.116429  0.220347 -0.127853
-0.0166154  0.912358  0.409056   1.62087
        0         0         0         1

-0.248661  0.392489 -0.885506  0.806904
-0.968448 -0.116429  0.220347 -0.127853
-0.0166154  0.912358  0.409056   1.62087
        0         0         0         1

-0.243708  0.390496 -0.887761  0.829369
-0.968637 -0.143742  0.202683 -0.135358
-0.0484615  0.909313   0.41328   1.58068
        0         0         0         1

-0.240565   0.38968 -0.888976   0.83587
-0.969005 -0.149436  0.196717 -0.137235
-0.0561884  0.908746  0.413551   1.56903
        0         0         0         1

-0.237597  0.389394 -0.889899  0.843774
-0.969189 -0.156299  0.190376 -0.139287
-0.0649592  0.907713  0.414532   1.55558
        0         0         0         1

-0.233806  0.390354 -0.890482   0.85027
-0.969643 -0.161062  0.183988 -0.141032
-0.0716022  0.906467  0.416161   1.54484
        0         0         0         1

-0.230142  0.391819 -0.890793  0.857797
-0.969911 -0.167049  0.177106  -0.14302
-0.0794125   0.90475  0.418475   1.53305
        0         0         0         1

-0.229225   0.39388  -0.89012  0.864406
-0.969749 -0.171253  0.173952 -0.144345
-0.0839196  0.903068   0.42122     1.523
        0         0         0         1

-0.224759  0.398481 -0.889211  0.877261
-0.970064  -0.17764   0.16559 -0.147644
-0.0919743  0.899809  0.426479   1.50277
        0         0         0         1

-0.223488  0.399502 -0.889073  0.882527
-0.970081 -0.179925  0.163002 -0.149043
-0.0948471  0.898902  0.427761   1.49462
        0         0         0         1

-0.224416  0.399405 -0.888883  0.888533
-0.969511 -0.183627  0.162262 -0.150622
-0.0984145  0.898196  0.428437   1.48597
        0         0         0         1

 -0.22463  0.397169  -0.88983  0.893242
 -0.96909 -0.186647   0.16133 -0.151969
-0.102009  0.898565  0.426819   1.47883
        0         0         0         1

-0.225668  0.388975 -0.893181  0.902813
 -0.96824 -0.190846   0.16152 -0.154833
-0.107633  0.901264  0.419689   1.46383
        0         0         0         1

-0.226703   0.38486   -0.8947  0.906744
-0.967753 -0.192587  0.162371  -0.15611
-0.109817  0.902659  0.416109   1.45798
        0         0         0         1

-0.228467  0.379575 -0.896508  0.911227
-0.967144 -0.193966  0.164345 -0.157456
-0.111511  0.904599  0.411418   1.45109
        0         0         0         1

-0.228878  0.375504 -0.898115  0.914623
-0.966898 -0.194601  0.165043 -0.158633
  -0.1128   0.90616  0.407614   1.44588
        0         0         0         1

-0.229847  0.370631 -0.899891  0.918581
-0.966522 -0.195277  0.166439 -0.160104
 -0.11404   0.90802  0.403106   1.44039
        0         0         0         1

-0.230321  0.366521 -0.901451  0.921443
-0.966363 -0.195082  0.167587 -0.161448
-0.114433  0.909728  0.399124   1.43566
        0         0         0         1

-0.233342   0.35917 -0.903631  0.927306
-0.965415 -0.196712  0.171108 -0.164415
-0.116298  0.912305  0.392649   1.42714
        0         0         0         1

 -0.23596  0.356302 -0.904086  0.929678
-0.964708 -0.197789  0.173832 -0.165613
-0.116882  0.913197  0.390397   1.42378
        0         0         0         1

-0.237824   0.35298   -0.9049  0.931955
-0.964241 -0.197978  0.176194 -0.167016
-0.116957  0.914445  0.387442   1.41994
        0         0         0         1

 -0.24059  0.349873 -0.905376  0.933983
-0.963575  -0.19833  0.179413 -0.168141
-0.116791  0.915562  0.384845   1.41705
        0         0         0         1

-0.243407  0.343444 -0.907083  0.937399
-0.962971  -0.19735  0.183682 -0.170644
-0.115928  0.918204  0.378763   1.41118
        0         0         0         1

-0.244283  0.341087 -0.907737   0.93858
-0.962654 -0.197976  0.184672 -0.171773
-0.116721  0.918948   0.37671   1.40914
        0         0         0         1

-0.246286   0.33858 -0.908134  0.940135
-0.962255 -0.197365  0.187381 -0.172883
-0.115791  0.920006  0.374408   1.40665
        0         0         0         1

-0.247072  0.337073 -0.908481  0.941408
-0.962018 -0.197646    0.1883 -0.173692
-0.116087  0.920499  0.373103    1.4048
        0         0         0         1

-0.247328  0.334931 -0.909203  0.942676
 -0.96204 -0.196609  0.189275 -0.174814
-0.115363  0.921502  0.370844   1.40268
        0         0         0         1

-0.249506  0.334096 -0.908915  0.943789
-0.961571 -0.196528  0.191722  -0.17551
-0.114573  0.921822  0.370292   1.40135
        0         0         0         1

-0.253462  0.332286 -0.908484  0.944719
-0.960822 -0.195364  0.196608 -0.177264
-0.112155  0.922724  0.368785   1.39927
        0         0         0         1

-0.255191   0.33148 -0.908294  0.944671
-0.960502 -0.194723  0.198795 -0.177972
-0.110969  0.923149  0.368079   1.39894
        0         0         0         1

 -0.25694  0.328962 -0.908717  0.944653
-0.960207  -0.19341  0.201483 -0.178718
-0.109475  0.924325  0.365566   1.39867
        0         0         0         1

  -0.2572  0.324138 -0.910375  0.944669
 -0.96019 -0.191994  0.202915 -0.179342
-0.109014  0.926322  0.360614   1.39844
        0         0         0         1

-0.257112  0.313411 -0.914148  0.944639
-0.960129 -0.190275   0.20481 -0.180504
 -0.10975  0.930359  0.349837   1.39814
        0         0         0         1

 -0.25712  0.309812 -0.915372  0.944432
 -0.96011 -0.189615  0.205511 -0.180901
-0.109898  0.931699  0.346207   1.39791
        0         0         0         1

-0.257497  0.308296 -0.915778  0.944275
-0.959989 -0.189579  0.206107  -0.18111
-0.110071  0.932209  0.344777   1.39795
        0         0         0         1

-0.257549  0.309145 -0.915477  0.944328
-0.960026 -0.189362  0.206137 -0.181211
 -0.10963  0.931972  0.345557   1.39801
        0         0         0         1

-0.256661  0.311222 -0.915022   0.94449
-0.960321 -0.189011   0.20508 -0.181242
-0.109124  0.931352  0.347385   1.39839
        0         0         0         1

-0.255116  0.313468 -0.914688  0.944597
-0.960841  -0.18802  0.203553 -0.181279
-0.108172  0.930799  0.349159    1.3988
        0         0         0         1

-0.249853  0.317036 -0.914911   0.94499
-0.962331 -0.185915  0.198379 -0.181133
-0.107202  0.930013  0.351545   1.40002
        0         0         0         1

 -0.24745  0.317355 -0.915453  0.945003
-0.963015  -0.18454  0.196333 -0.180857
 -0.10663  0.930178  0.351282   1.40056
        0         0         0         1

-0.246127  0.317377 -0.915802   0.94494
-0.963347 -0.184117  0.195098 -0.180303
-0.106695  0.930254  0.351061   1.40128
        0         0         0         1

-0.244225  0.317532 -0.916257  0.944493
-0.963838 -0.183386  0.193355 -0.179796
-0.106632  0.930346  0.350837   1.40193
        0         0         0         1

-0.243313   0.31786 -0.916386  0.943045
-0.964043 -0.183345  0.192371 -0.177735
-0.106868  0.930242  0.351041   1.40431
        0         0         0         1

-0.243201  0.318459 -0.916208  0.942192
-0.964122 -0.182981  0.192318  -0.17654
-0.106403  0.930109  0.351534    1.4058
        0         0         0         1

-0.242337  0.318991 -0.916252  0.940447
-0.964375 -0.182468  0.191539 -0.175169
-0.106088  0.930027  0.351845   1.40807
        0         0         0         1

-0.241779  0.319368 -0.916268  0.939347
-0.964692 -0.180775  0.191546 -0.173958
-0.104465  0.930228    0.3518   1.40964
        0         0         0         1

 -0.24156  0.319939 -0.916127  0.938159
 -0.96492 -0.179259  0.191823 -0.172321
-0.102853  0.930325  0.352017   1.41263
        0         0         0         1

-0.241464  0.320286 -0.916031  0.936764
-0.965226 -0.176705  0.192647 -0.170901
-0.100165  0.930695  0.351816   1.41507
        0         0         0         1

-0.240786  0.320429 -0.916159  0.932845
-0.965957 -0.171116  0.194026 -0.167325
-0.0945978  0.931689  0.350723   1.42234
        0         0         0         1

 -0.24032  0.320041 -0.916417  0.930955
-0.966426 -0.167317  0.195002 -0.165516
-0.0909237  0.932512  0.349505   1.42579
        0         0         0         1

-0.240076  0.319602 -0.916634   0.92872
-0.966832 -0.163514  0.196211 -0.163333
-0.0871734  0.933337  0.348258   1.43034
        0         0         0         1

-0.239803  0.319394 -0.916778  0.926521
-0.967226 -0.159796  0.197328 -0.161243
-0.0834717  0.934052  0.347246   1.43481
        0         0         0         1

-0.240501  0.320452 -0.916226   0.92145
-0.967825 -0.151121   0.20119 -0.156205
-0.0739896  0.935133  0.346486   1.44563
        0         0         0         1

-0.241082  0.320322 -0.916119  0.919169
-0.967999  -0.14716  0.203279  -0.15367
-0.0697012  0.935809  0.345549   1.45096
        0         0         0         1

-0.240002  0.320232 -0.916434   0.91639
-0.968604 -0.142057  0.204025  -0.15067
-0.0648502  0.936627  0.344272   1.45749
        0         0         0         1

-0.239516  0.319881 -0.916683  0.914024
-0.969074 -0.136526  0.205564 -0.147958
-0.0593949   0.93757  0.342688   1.46295
        0         0         0         1

-0.238784  0.321127 -0.916439   0.91114
-0.969642 -0.130061  0.207072 -0.144651
-0.0526967  0.938063  0.342435   1.46971
        0         0         0         1

-0.237939  0.322682 -0.916112  0.908529
-0.970087  -0.12569  0.207686 -0.141666
 -0.04813  0.938125  0.342936    1.4761
        0         0         0         1

-0.235445  0.327078 -0.915197  0.901769
-0.971294 -0.112096  0.209815 -0.134872
-0.0339635  0.938325  0.344081   1.49044
        0         0         0         1

-0.235042  0.328683 -0.914726  0.898447
-0.971588 -0.106347   0.21144 -0.131588
-0.0277813  0.938434   0.34434   1.49715
        0         0         0         1

-0.235441  0.331267  -0.91369  0.894468
-0.971667 -0.100298  0.214017  -0.12748
-0.0207443  0.938191  0.345496   1.50511
        0         0         0         1

  -0.23606   0.332682  -0.913016    0.89049
 -0.971637 -0.0943906   0.216822  -0.123801
-0.0140474   0.938303   0.345528    1.51191
         0          0          0          1

 -0.236292   0.336574  -0.911528   0.880834
 -0.971682 -0.0814924   0.221795  -0.115242
0.000367802   0.938124   0.346299     1.5278
         0          0          0          1

 -0.236913   0.339286  -0.910361   0.876389
 -0.971502 -0.0755223   0.224678  -0.110866
0.00747744   0.937647   0.347509    1.53495
         0          0          0          1

 -0.236451   0.342113  -0.909423   0.871169
 -0.971507 -0.0675501   0.227182  -0.105814
 0.0162902   0.937228   0.348337    1.54319
         0          0          0          1

 -0.235954   0.345118  -0.908416    0.86663
 -0.971489 -0.0615258   0.228962  -0.101404
 0.0231279   0.936541   0.349796     1.5504
         0          0          0          1

 -0.235208   0.349224  -0.907039   0.860869
 -0.971453 -0.0547832   0.230819 -0.0962325
 0.0309171   0.935437    0.35214    1.55879
         0          0          0          1

 -0.236174   0.353082  -0.905293   0.856606
  -0.97094 -0.0486493   0.234326 -0.0913696
 0.0386946   0.934327   0.354311    1.56584
         0          0          0          1

 -0.238018   0.363051  -0.900856   0.845065
 -0.969754 -0.0371838   0.241237 -0.0802189
  0.054084   0.931027   0.360921    1.58144
         0          0          0          1

 -0.238158   0.366173  -0.899554   0.839296
 -0.969369 -0.0323625   0.243468 -0.0753379
 0.0600397   0.929984   0.362664     1.5881
         0          0          0          1

 -0.240005   0.369759  -0.897594    0.83273
 -0.968526 -0.0283444   0.247295 -0.0691402
 0.0659978   0.928695   0.364924    1.59597
         0          0          0          1

 -0.239662   0.371853  -0.896821    0.82624
 -0.968311  -0.024711   0.248521 -0.0642862
 0.0702519   0.927963   0.365992    1.60231
         0          0          0          1

 -0.244946   0.378821  -0.892466   0.813111
 -0.966195 -0.0190192   0.257109 -0.0517028
 0.0804243   0.925275   0.370674    1.61587
         0          0          0          1

 -0.246554   0.381849  -0.890731   0.806786
 -0.965324 -0.0154016   0.260599 -0.0460119
 0.0857907   0.924096   0.372406    1.62083
         0          0          0          1

 -0.249357   0.387176  -0.887646   0.799007
 -0.964285 -0.0147428   0.264456 -0.0395254
 0.0893044   0.921888   0.377024    1.62748
         0          0          0          1

 -0.250838   0.391979  -0.885118   0.792009
 -0.963596 -0.0137001   0.267011 -0.0341928
 0.0925364   0.919872   0.381146    1.63226
         0          0          0          1

 -0.257229   0.399993  -0.879681   0.785035
 -0.961379 -0.0137056   0.274886 -0.0270071
  0.097896   0.916416    0.38807    1.63782
         0          0          0          1

 -0.259382   0.405869  -0.876351   0.777539
 -0.960292 -0.0118372   0.278745 -0.0209677
   0.10276   0.913855   0.392823    1.64159
         0          0          0          1

  -0.267161     0.41915    -0.86772    0.760712
  -0.957573  -0.0144913    0.287826 -0.00789546
   0.108068    0.907802    0.405238      1.6497
          0           0           0           1

  -0.270411     0.42564   -0.863544    0.753176
   -0.95638   -0.015793    0.291697 -0.00189003
    0.11052    0.904755    0.411344     1.65315
          0           0           0           1

 -0.273698   0.432157  -0.859261   0.744141
 -0.955439 -0.0194578   0.294547 0.00491057
  0.110571   0.901589   0.418225    1.65702
         0          0          0          1

   -0.2763   0.437042  -0.855951    0.73601
 -0.954472 -0.0205883   0.297591   0.010699
  0.112437   0.899205   0.422833    1.65888
         0          0          0          1

 -0.281159    0.44308  -0.851252   0.727598
 -0.953061 -0.0250668   0.301738  0.0175166
  0.112356   0.896131   0.429331    1.66154
         0          0          0          1

 -0.283505   0.447862  -0.847965   0.719566
 -0.952457 -0.0286195   0.303325  0.0232381
  0.111579   0.893645   0.434683    1.66305
         0          0          0          1

 -0.295799   0.456802  -0.838949   0.702535
 -0.948759 -0.0382781   0.313674  0.0372357
  0.111173   0.888745   0.444717    1.66423
         0          0          0          1

 -0.302849   0.459528  -0.834935   0.695039
 -0.946711 -0.0442686   0.319028  0.0435765
  0.109641   0.887059   0.448447     1.6641
         0          0          0          1

 -0.308211   0.460773  -0.832283   0.685283
 -0.945408 -0.0509901   0.321874  0.0501392
  0.105873   0.886052   0.451334    1.66358
         0          0          0          1

 -0.31673  0.463369  -0.82763  0.678523
-0.942799 -0.058146  0.328251 0.0565613
 0.103978  0.884256  0.455281   1.66306
        0         0         0         1

 -0.333638   0.469066  -0.817718   0.662931
 -0.937611 -0.0750956   0.339479  0.0705319
 0.0978308   0.879965   0.464856    1.66026
         0          0          0          1

 -0.339729   0.469932  -0.814707   0.655415
 -0.935823 -0.0824077     0.3427  0.0763709
 0.0939075   0.878848   0.467769     1.6585
         0          0          0          1

 -0.346198   0.470788  -0.811484   0.646278
 -0.933971 -0.0912921   0.345491  0.0826796
 0.0885705   0.877511   0.471307    1.65611
         0          0          0          1

-0.353112  0.471921 -0.807838  0.640239
-0.931883 -0.100716  0.348497 0.0884728
0.0831012  0.875869  0.475339   1.65441
        0         0         0         1

-0.361843  0.472593 -0.803571  0.633103
-0.929125 -0.112422  0.352262 0.0951736
0.0761375  0.874081  0.479777   1.65161
        0         0         0         1

-0.372364  0.470031  -0.80026  0.627879
-0.925258 -0.120742  0.359608  0.102386
0.0724021  0.874353   0.47986   1.64753
        0         0         0         1

-0.387945   0.46463 -0.796001  0.615583
  -0.9198 -0.140002  0.366561  0.115315
0.0588736  0.874367   0.48168   1.63896
        0         0         0         1

-0.391099   0.46124 -0.796429  0.608968
-0.918978 -0.148498  0.365278  0.119983
0.0502127   0.87476  0.481947   1.63426
        0         0         0         1

-0.402137  0.459456 -0.791951  0.604337
-0.914445 -0.158513  0.372376   0.12785
0.0455561  0.873942  0.483891   1.62869
        0         0         0         1

-0.406427  0.455988 -0.791765  0.599113
-0.912921 -0.167282  0.372279   0.13286
0.0373067  0.874123   0.48427   1.62366
        0         0         0         1

-0.420978   0.45006 -0.787543  0.590726
-0.906877  -0.19089  0.375679  0.145515
0.0187441  0.872357  0.488509   1.61269
        0         0         0         1

-0.427268  0.446518  -0.78617  0.587294
-0.904028 -0.198254   0.37872  0.150928
0.0132441  0.872535  0.488372   1.60587
        0         0         0         1

-0.432266  0.441668 -0.786178  0.582575
 -0.90174  -0.20857  0.378633  0.156829
0.00325687  0.872598  0.488428   1.59914
        0         0         0         1

-0.441699  0.437359 -0.783339  0.580537
-0.897161 -0.217389  0.384505  0.163113
-0.00212227  0.872617  0.488401   1.59205
        0         0         0         1

-0.447528  0.432648 -0.782646  0.577238
-0.894179 -0.228957  0.384737  0.168558
-0.0127362  0.872006  0.489329   1.58604
        0         0         0         1

 -0.45145  0.427675 -0.783126  0.574042
 -0.89204  -0.23733  0.384627  0.172745
-0.0213637   0.87222  0.488646   1.57929
        0         0         0         1

 -0.46261  0.417574 -0.782063  0.566673
-0.885694 -0.256707  0.386844  0.183128
-0.0392244  0.871627  0.488598   1.56514
        0         0         0         1

-0.471012  0.411615 -0.780206  0.565754
-0.881007 -0.264057  0.392556  0.188569
-0.0444367  0.872265   0.48701    1.5583
        0         0         0         1

-0.477881  0.403685 -0.780172  0.563693
-0.876812 -0.272993  0.395822  0.194161
-0.0531937   0.87322  0.484414   1.55102
        0         0         0         1

-0.480255  0.397501 -0.781888  0.560573
-0.875044 -0.278558  0.395859  0.197665
-0.0604465  0.874299  0.481609   1.54403
        0         0         0         1

-0.496969   0.37906 -0.780599  0.559644
-0.864247  -0.29716  0.405922  0.208307
-0.0780942  0.876361  0.475281   1.53136
        0         0         0         1

-0.503261   0.37122 -0.780336  0.559142
-0.859894 -0.304487  0.409719  0.212374
-0.0855062  0.877202  0.472447   1.52581
        0         0         0         1

-0.505807  0.360823  -0.78356  0.556729
-0.857411 -0.310205  0.410633  0.215857
-0.0948986  0.879534  0.466277   1.51732
        0         0         0         1

 -0.51002  0.354025 -0.783929   0.55565
-0.854383 -0.313973  0.414066  0.219705
-0.0995425  0.880958  0.462606   1.51029
        0         0         0         1

-0.515262  0.346831 -0.783718  0.554956
-0.850275 -0.321488  0.416747  0.224254
-0.107415  0.881109  0.460553    1.5043
        0         0         0         1

 -0.52083  0.340453 -0.782834  0.554903
-0.846234 -0.326607   0.42097  0.228035
-0.112359  0.881714  0.458209   1.49808
        0         0         0         1

-0.533776  0.329307 -0.778871  0.556011
-0.836297 -0.342006  0.428531  0.236685
-0.125261  0.880107  0.457953   1.48767
        0         0         0         1

-0.535321  0.324539 -0.779812  0.555097
-0.834653 -0.344865  0.429444  0.238845
-0.129559  0.880763  0.455491   1.48209
        0         0         0         1

-0.539508  0.317831 -0.779688  0.555075
-0.830763 -0.351592  0.431527  0.242245
-0.136979  0.880549  0.453729   1.47715
        0         0         0         1

 -0.54252  0.312871 -0.779605  0.555221
-0.828154 -0.354783  0.433924  0.244972
-0.140828  0.881045  0.451582   1.47321
        0         0         0         1

-0.548073  0.298517 -0.781347  0.555569
-0.822688 -0.361029  0.439138  0.250215
-0.150999  0.883485  0.443457   1.46356
        0         0         0         1

-0.551983  0.292227 -0.780972  0.557133
-0.819741 -0.361762  0.444019  0.253144
-0.152771  0.885286  0.439237   1.45918
        0         0         0         1

-0.555129  0.285656 -0.781174  0.557523
-0.816782  -0.36467  0.447083  0.255546
-0.157159  0.886237  0.435758   1.45491
        0         0         0         1

-0.553181  0.284357 -0.783027  0.555942
 -0.81727 -0.367385  0.443956  0.255659
-0.161431  0.885533  0.435627   1.45286
        0         0         0         1

-0.562147  0.278754 -0.778644  0.559012
-0.811071 -0.369918  0.453128  0.259879
-0.161723   0.88626  0.434037   1.44914
        0         0         0         1

-0.562656  0.275164 -0.779553  0.558651
-0.809851 -0.372827  0.452926  0.260882
-0.166009  0.886163  0.432615    1.4463
        0         0         0         1

-0.570535  0.264064 -0.777663  0.560411
-0.802785 -0.379098  0.460239  0.265053
-0.173278  0.886879  0.428276   1.43941
        0         0         0         1

-0.573188  0.259854  -0.77713  0.560529
-0.800031 -0.382571  0.462157  0.266296
-0.177214  0.886632  0.427176   1.43736
        0         0         0         1

-0.575306  0.254707 -0.777269  0.561025
-0.798246 -0.382104  0.465618  0.268026
-0.178401  0.888325  0.423146   1.43253
        0         0         0         1

-0.579951  0.251693 -0.774795  0.562782
-0.794248 -0.386214   0.46905  0.270071
 -0.18118  0.887406  0.423892   1.43155
        0         0         0         1

-0.580966  0.244573 -0.776314  0.563371
 -0.79228 -0.388442  0.470538  0.272004
-0.186472  0.888424  0.419441   1.42515
        0         0         0         1

-0.580998 0.242977 -0.77679 0.562604
-0.792076 -0.38835 0.470957 0.272476
-0.187235 0.888902 0.418087  1.42173
       0        0        0        1

-0.581712  0.241509 -0.776714  0.563115
-0.790967  -0.39065  0.470919   0.27286
-0.189692  0.888294  0.418272   1.41958
        0         0         0         1

-0.581276  0.241159 -0.777149   0.56282
-0.790874   -0.3921  0.469868  0.273404
-0.191408   0.88775  0.418645   1.41768
        0         0         0         1

-0.582528  0.240356  -0.77646  0.564497
-0.788804 -0.397627  0.468702  0.274525
-0.196086  0.885507  0.421223   1.41755
        0         0         0         1

-0.582896  0.239411 -0.776475    0.5651
-0.788016 -0.399596  0.468352  0.274896
-0.198148  0.884876  0.421583   1.41524
        0         0         0         1

-0.588078  0.234572 -0.774042  0.569021
-0.783139 -0.404317  0.472462  0.277763
-0.202133  0.884027  0.421472   1.41037
        0         0         0         1

-0.589186  0.232385 -0.773858  0.570853
-0.782138 -0.404392  0.474054  0.278704
-0.202779   0.88457   0.42002   1.40728
        0         0         0         1

-0.586563  0.231883 -0.775999  0.569737
-0.783474  -0.40523  0.471123  0.278277
-0.205213  0.884318  0.419367   1.40528
        0         0         0         1

-0.586603  0.231152 -0.776187  0.570424
-0.782935 -0.406996  0.470497  0.278545
-0.207148  0.883699  0.419722    1.4042
        0         0         0         1

-0.583335  0.229478 -0.779141  0.569428
-0.784299 -0.408542   0.46687  0.278129
-0.211176  0.883421  0.418296   1.39919
        0         0         0         1

 -0.58422  0.228325 -0.778816  0.571061
-0.783089 -0.410679  0.467027  0.278751
-0.213209  0.882729  0.418726    1.3985
        0         0         0         1

-0.584047   0.22699 -0.779336  0.571859
-0.782565 -0.412465  0.466332  0.279324
-0.215596   0.88224  0.418533   1.39631
        0         0         0         1

-0.585296  0.226275 -0.778607  0.573233
-0.781213 -0.414497  0.466796  0.280021
-0.217106  0.881472  0.419372   1.39478
        0         0         0         1

 -0.58634  0.226236 -0.777832  0.574893
-0.779821 -0.417564  0.466389  0.280622
-0.219281  0.880033  0.421258   1.39373
        0         0         0         1

-0.586332  0.225799 -0.777965  0.576364
-0.779696 -0.417826  0.466365  0.280919
 -0.21975   0.88002  0.421039   1.39118
        0         0         0         1

-0.583947  0.226727 -0.779487  0.577599
-0.779991 -0.422823   0.46134  0.281016
-0.224987  0.877391  0.423752   1.38954
        0         0         0         1

-0.581337  0.227477 -0.781218  0.576643
-0.781964 -0.421576  0.459136  0.280575
  -0.2249  0.877797  0.422956   1.38723
        0         0         0         1

-0.583042  0.226903 -0.780113  0.578209
-0.780783 -0.421925  0.460822  0.280963
-0.224588  0.877778  0.423162   1.38619
        0         0         0         1

 -0.58256  0.227602  -0.78027  0.578789
-0.780818 -0.423309  0.459491  0.280738
-0.225714   0.87693  0.424319   1.38607
        0         0         0         1

-0.583627  0.227072 -0.779626  0.580138
-0.780285  -0.42262  0.461029  0.281095
-0.224799    0.8774  0.423833   1.38406
        0         0         0         1

-0.586134  0.226096 -0.778028  0.581957
-0.778771  -0.42214  0.464019  0.282081
-0.223524  0.877883  0.423507   1.38317
        0         0         0         1

-0.585217  0.225646 -0.778849  0.580992
-0.779195 -0.422349  0.463115  0.281134
-0.224446  0.877898  0.422988   1.38293
        0         0         0         1

-0.585764  0.224676 -0.778718  0.580986
-0.778734 -0.422301  0.463934  0.280974
-0.224618   0.87817  0.422332   1.38243
        0         0         0         1

 -0.58677  0.223102 -0.778412  0.581853
-0.778102 -0.421483  0.465734  0.281518
-0.224181  0.878964   0.42091   1.38123
        0         0         0         1

-0.588192  0.221731 -0.777731  0.582766
-0.776817 -0.422357  0.467086  0.281955
-0.224913  0.878891  0.420672   1.38114
        0         0         0         1

-0.587949  0.221548 -0.777967  0.579964
-0.776626  -0.42356  0.466315  0.281065
-0.226204  0.878359  0.421091   1.38026
        0         0         0         1

-0.588599  0.221505 -0.777487   0.57942
-0.776078 -0.424146  0.466694  0.281081
-0.226393  0.878086  0.421558   1.37966
        0         0         0         1

-0.589814  0.221957 -0.776438   0.57901
-0.775056 -0.425548  0.467115  0.281299
-0.226732  0.877294  0.423023   1.37945
        0         0         0         1

-0.590605  0.222645 -0.775638  0.578432
-0.774465 -0.426407  0.467313  0.281153
-0.226693  0.876702  0.424269   1.37896
        0         0         0         1

-0.594935   0.22155 -0.772637  0.577516
 -0.77126 -0.427989  0.471151  0.282053
-0.226297  0.876208  0.425499   1.37738
        0         0         0         1

-0.595889  0.219913 -0.772369  0.577014
-0.770256 -0.428618   0.47222  0.282211
-0.227204  0.876313  0.424798   1.37635
        0         0         0         1

-0.597867  0.217238 -0.771597  0.576497
-0.768155 -0.430392  0.474026   0.28276
-0.229113  0.876111   0.42419   1.37556
        0         0         0         1

-0.597917  0.215084 -0.772162  0.575733
-0.767983 -0.429608  0.475015  0.282484
-0.229559  0.877027  0.422051   1.37374
        0         0         0         1

-0.602683  0.211325  -0.76949  0.577436
-0.764096 -0.430845  0.480135   0.28455
-0.230067  0.877334  0.421135   1.37311
        0         0         0         1

-0.601394  0.211431 -0.770469  0.576035
-0.764574 -0.432142  0.478204  0.283949
-0.231845   0.87667  0.421543   1.37288
        0         0         0         1

-0.604136  0.207526 -0.769384  0.576525
-0.761527 -0.434742  0.480704  0.285091
-0.234725  0.876318   0.42068   1.37078
        0         0         0         1

-0.604917  0.207691 -0.768726   0.57609
-0.760398 -0.437228  0.480236  0.285231
-0.236368  0.875041  0.422414   1.37133
        0         0         0         1

 -0.60597  0.206998 -0.768084  0.575958
-0.759598 -0.437317  0.481419  0.285947
-0.236243   0.87516  0.422236   1.37028
        0         0         0         1

-0.607904  0.206606  -0.76666  0.576883
-0.757949 -0.438678  0.482778  0.286713
-0.236572  0.874572  0.423271   1.36964
        0         0         0         1

-0.609978  0.208284 -0.764555  0.577803
-0.756109 -0.441698   0.48291  0.287942
 -0.23712  0.872651  0.426912   1.36903
        0         0         0         1

-0.609176  0.208318 -0.765185  0.577931
-0.756207 -0.443214  0.481365  0.288188
-0.238864  0.871874  0.427527   1.36879
        0         0         0         1

-0.607589  0.208807 -0.766313  0.577784
-0.756873 -0.444717  0.478927  0.288095
-0.240788  0.870992  0.428245   1.36867
        0         0         0         1

-0.608718  0.207122 -0.765874  0.578662
-0.755714 -0.445295  0.480218  0.289044
-0.241576  0.871099  0.427584   1.36816
        0         0         0         1

-0.610464   0.20594 -0.764802   0.58078
-0.753868 -0.447244  0.481306  0.290295
-0.242933   0.87038  0.428278   1.36819
        0         0         0         1

-0.609935    0.2054 -0.765369  0.581146
 -0.75381 -0.448301  0.480414  0.290644
-0.244438  0.869964  0.428267   1.36833
        0         0         0         1

-0.610695  0.202919 -0.765425  0.581765
-0.752623 -0.449257   0.48138  0.292074
-0.246191  0.870053   0.42708   1.36783
        0         0         0         1

-0.611405  0.202102 -0.765074  0.582229
-0.751667 -0.450538  0.481676  0.292841
-0.247347   0.86958  0.427375   1.36836
        0         0         0         1

-0.613027  0.199799 -0.764381  0.583161
-0.749964 -0.451467  0.483457  0.294413
-0.248498  0.869631  0.426604   1.36895
        0         0         0         1

-0.614218   0.19802 -0.763887  0.584525
-0.748347 -0.453348  0.484203   0.29606
-0.250424  0.869059  0.426642   1.37047
        0         0         0         1

-0.617007  0.195214 -0.762361   0.58685
-0.746667 -0.451219  0.488764  0.299318
-0.248578    0.8708  0.424165   1.37044
        0         0         0         1

-0.616719  0.196032 -0.762384   0.58665
-0.747752 -0.448574   0.48954  0.299897
 -0.24602  0.871982  0.423227   1.37099
        0         0         0         1

-0.618569  0.196133 -0.760858  0.588006
-0.746496 -0.448866  0.491185  0.301285
-0.245185  0.871809  0.424067   1.37433
        0         0         0         1

-0.619511  0.196416 -0.760018  0.588341
 -0.74628 -0.447647  0.492624  0.302003
-0.243461  0.872372  0.423904   1.37724
        0         0         0         1

-0.621115  0.195708  -0.75889  0.589312
-0.745447 -0.446429  0.494984  0.303751
-0.241918  0.873155  0.423174    1.3813
        0         0         0         1

-0.624511  0.193802 -0.756589  0.590467
-0.743424  -0.44443  0.499803  0.305931
-0.239388  0.874599  0.421628   1.38534
        0         0         0         1

-0.632822  0.187408 -0.751275   0.59091
-0.738926 -0.436076   0.51364  0.310441
-0.231353   0.88018  0.414439   1.39449
        0         0         0         1

-0.634896  0.183725 -0.750435  0.590694
-0.738077 -0.431332   0.51884  0.311901
-0.228362  0.883288  0.409454   1.39856
        0         0         0         1

-0.638333  0.180603 -0.748274  0.590666
-0.736748  -0.42497   0.52593  0.313994
-0.223009  0.887008  0.404331   1.40456
        0         0         0         1

 -0.63844  0.181205 -0.748037  0.587876
-0.737777 -0.420961  0.527709  0.314601
-0.219271  0.888795  0.402447   1.41183
        0         0         0         1

-0.644315  0.179227 -0.743462  0.587995
-0.737197 -0.404202  0.541444  0.319769
-0.203467  0.896938  0.392559   1.42297
        0         0         0         1

-0.649054  0.179109 -0.739357   0.58927
-0.735524  -0.39591  0.549781  0.322698
-0.194249  0.900653  0.388706    1.4294
        0         0         0         1

-0.655257  0.179378   -0.7338  0.591175
-0.731869 -0.391343  0.557869  0.326454
-0.187098  0.902593  0.387712   1.44002
        0         0         0         1

-0.653593  0.181456 -0.734772  0.588196
-0.735287 -0.382305  0.559639  0.326941
-0.179357  0.906044  0.383295   1.44703
        0         0         0         1

 -0.65801  0.181267 -0.730866  0.587827
 -0.73415 -0.370294  0.569127  0.331041
-0.167472  0.911057  0.376734   1.45496
        0         0         0         1

-0.663923  0.183731 -0.724879  0.588979
-0.730277 -0.367919  0.575613  0.335079
-0.160939  0.911525  0.378445    1.4672
        0         0         0         1

-0.670341  0.188668 -0.717668  0.584212
-0.729203 -0.346687  0.589975   0.34169
-0.137497   0.91881  0.369976   1.48758
        0         0         0         1

-0.675763  0.190058 -0.712195  0.582911
-0.726095 -0.338109  0.598723  0.345912
-0.127007  0.921716  0.366482   1.49815
        0         0         0         1

-0.677006  0.194595 -0.709786  0.577747
-0.727043 -0.326646  0.603912  0.348786
-0.114331  0.924897   0.36262   1.51015
        0         0         0         1

-0.682329  0.199183 -0.703387  0.576343
-0.723657 -0.320478   0.61124  0.353397
-0.103672  0.926078  0.362811   1.52388
        0         0         0         1

-0.701802  0.205134 -0.682198  0.576863
-0.709019 -0.293948  0.641005   0.36864
-0.069039   0.93355  0.351737   1.54679
        0         0         0         1

-0.705673  0.209601 -0.676826   0.57245
 -0.70637 -0.282781  0.648904   0.37415
-0.0553829  0.936003  0.347607   1.55797
        0         0         0         1

-0.712081  0.215141 -0.668322  0.568555
