-0.174441 -0.533167   0.82783 0.0425843
-0.758077 -0.463819 -0.458467  0.893382
 0.628403 -0.707534 -0.323273   2.48305
        0         0         0         1

-0.142913 -0.496731  0.856058 0.0294886
-0.796018 -0.456309 -0.397664   0.80698
 0.588159 -0.738269 -0.330195   2.51602
        0         0         0         1

-0.142913 -0.496731  0.856058 0.0294886
-0.796018 -0.456309 -0.397664   0.80698
 0.588159 -0.738269 -0.330195   2.51602
        0         0         0         1

  -0.130356   -0.452407    0.882233 -0.00891295
  -0.810592    -0.46376   -0.357586    0.746394
   0.570919   -0.761744   -0.306263     2.50896
          0           0           0           1

  -0.130356   -0.452407    0.882233 -0.00891295
  -0.810592    -0.46376   -0.357586    0.746394
   0.570919   -0.761744   -0.306263     2.50896
          0           0           0           1

  -0.141027   -0.434582    0.889522 -0.00749606
   -0.79873    -0.48092   -0.361589    0.744236
   0.584929   -0.761482   -0.279291     2.48394
          0           0           0           1

  -0.141027   -0.434582    0.889522 -0.00749606
   -0.79873    -0.48092   -0.361589    0.744236
   0.584929   -0.761482   -0.279291     2.48394
          0           0           0           1

 -0.134713   -0.42558   0.894838 -0.0166404
 -0.801474  -0.484223  -0.350952   0.729354
  0.582659  -0.764467   -0.27586    2.48455
         0          0          0          1

  -0.13029  -0.399657   0.907358 -0.0346771
 -0.803197  -0.494001  -0.332923   0.686077
   0.58129  -0.772164   -0.25664    2.47717
         0          0          0          1

 -0.122682  -0.390512   0.912387 -0.0305881
 -0.805847  -0.497402   -0.32125   0.656501
  0.579275  -0.774656   -0.25367    2.47375
         0          0          0          1

 -0.122682  -0.390512   0.912387 -0.0305881
 -0.805847  -0.497402   -0.32125   0.656501
  0.579275  -0.774656   -0.25367    2.47375
         0          0          0          1

-0.095413 -0.345895  0.933409 -0.058129
-0.831068 -0.488458  -0.26596  0.575857
 0.547925 -0.801103 -0.240857   2.47411
        0         0         0         1

-0.095413 -0.345895  0.933409 -0.058129
-0.831068 -0.488458  -0.26596  0.575857
 0.547925 -0.801103 -0.240857   2.47411
        0         0         0         1

-0.0835116  -0.330463   0.940117 -0.0617967
  -0.83786  -0.487431  -0.245766   0.550148
  0.539459  -0.808211  -0.236175    2.45499
         0          0          0          1

-0.0835116  -0.330463   0.940117 -0.0617967
  -0.83786  -0.487431  -0.245766   0.550148
  0.539459  -0.808211  -0.236175    2.45499
         0          0          0          1

-0.0766514  -0.330753   0.940599 -0.0604528
 -0.843597  -0.481348  -0.238008   0.520947
  0.531478  -0.811731  -0.242126    2.43928
         0          0          0          1

-0.0766514  -0.330753   0.940599 -0.0604528
 -0.843597  -0.481348  -0.238008   0.520947
  0.531478  -0.811731  -0.242126    2.43928
         0          0          0          1

-0.0610042  -0.334602   0.940383 -0.0757054
 -0.859069  -0.462098  -0.220151    0.46608
  0.508212  -0.821284  -0.259256    2.42459
         0          0          0          1

-0.0610042  -0.334602   0.940383 -0.0757054
 -0.859069  -0.462098  -0.220151    0.46608
  0.508212  -0.821284  -0.259256    2.42459
         0          0          0          1

-0.0594353   -0.34649   0.936169 -0.0813013
 -0.865065  -0.450105  -0.221512   0.438403
  0.498126  -0.823013  -0.272984    2.41119
         0          0          0          1

-0.0594353   -0.34649   0.936169 -0.0813013
 -0.865065  -0.450105  -0.221512   0.438403
  0.498126  -0.823013  -0.272984    2.41119
         0          0          0          1

-0.0468285 -0.359858  0.931831 -0.088276
-0.879206 -0.427935 -0.209446  0.385438
 0.474134  -0.82908  -0.29635   2.38825
        0         0         0         1

-0.0468285 -0.359858  0.931831 -0.088276
-0.879206 -0.427935 -0.209446  0.385438
 0.474134  -0.82908  -0.29635   2.38825
        0         0         0         1

-0.0282099 -0.360502  0.932332 -0.109732
 -0.89552 -0.405289 -0.183808  0.336196
 0.444127 -0.840107 -0.311404   2.37282
        0         0         0         1

-0.0282099 -0.360502  0.932332 -0.109732
 -0.89552 -0.405289 -0.183808  0.336196
 0.444127 -0.840107 -0.311404   2.37282
        0         0         0         1

-0.00984934 -0.370597  0.928741 -0.115685
-0.908982 -0.383744 -0.162766  0.301737
 0.416719 -0.845812 -0.333087   2.35193
        0         0         0         1

-0.00984934 -0.370597  0.928741 -0.115685
-0.908982 -0.383744 -0.162766  0.301737
 0.416719 -0.845812 -0.333087   2.35193
        0         0         0         1

0.00373326  -0.37966  0.925119  -0.12731
-0.928588 -0.344625 -0.137684  0.243447
 0.371092  -0.85854 -0.353834   2.31555
        0         0         0         1

0.00373326  -0.37966  0.925119  -0.12731
-0.928588 -0.344625 -0.137684  0.243447
 0.371092  -0.85854 -0.353834   2.31555
        0         0         0         1

0.0248392  -0.40178  0.915399 -0.125994
-0.942262   -0.3153 -0.112821  0.205795
 0.333955 -0.859743 -0.386414   2.30235
        0         0         0         1

0.0248392  -0.40178  0.915399 -0.125994
-0.942262   -0.3153 -0.112821  0.205795
 0.333955 -0.859743 -0.386414   2.30235
        0         0         0         1

 0.0342969  -0.408195    0.91225  -0.131819
 -0.949742  -0.297492 -0.0974094   0.179377
  0.311149  -0.863061  -0.397883    2.27295
         0          0          0          1

 0.0342969  -0.408195    0.91225  -0.131819
 -0.949742  -0.297492 -0.0974094   0.179377
  0.311149  -0.863061  -0.397883    2.27295
         0          0          0          1

0.0563019 -0.409358  0.910635 -0.144601
-0.964056 -0.259501 -0.057049  0.129389
 0.259665 -0.874691 -0.409255   2.22835
        0         0         0         1

0.0563019 -0.409358  0.910635 -0.144601
-0.964056 -0.259501 -0.057049  0.129389
 0.259665 -0.874691 -0.409255   2.22835
        0         0         0         1

  0.067315  -0.418702   0.905625  -0.144283
 -0.973936  -0.224632 -0.0314627  0.0984814
  0.216606  -0.879903   -0.42291    2.20475
         0          0          0          1

  0.067315  -0.418702   0.905625  -0.144283
 -0.973936  -0.224632 -0.0314627  0.0984814
  0.216606  -0.879903   -0.42291    2.20475
         0          0          0          1

 0.0839634  -0.436823    0.89562  -0.147213
 -0.984243  -0.176719 0.00608014  0.0574823
  0.155617  -0.882018  -0.444778    2.16416
         0          0          0          1

 0.0839634  -0.436823    0.89562  -0.147213
 -0.984243  -0.176719 0.00608014  0.0574823
  0.155617  -0.882018  -0.444778    2.16416
         0          0          0          1

 0.095514  -0.45943  0.883063  -0.14762
-0.989121 -0.143507 0.0323235 0.0305671
 0.111875 -0.876544 -0.468139   2.13767
        0         0         0         1

 0.095514  -0.45943  0.883063  -0.14762
-0.989121 -0.143507 0.0323235 0.0305671
 0.111875 -0.876544 -0.468139   2.13767
        0         0         0         1

  0.11183 -0.474034  0.873376 -0.153834
-0.990282 -0.126285 0.0582566 0.0045117
0.0826788 -0.871403  -0.48355   2.10425
        0         0         0         1

  0.11183 -0.474034  0.873376 -0.153834
-0.990282 -0.126285 0.0582566 0.0045117
0.0826788 -0.871403  -0.48355   2.10425
        0         0         0         1

   0.12205  -0.505834   0.853953  -0.145761
 -0.992299 -0.0804886  0.0941464  -0.030498
 0.0211109  -0.858867  -0.511763    2.07317
         0          0          0          1

   0.12205  -0.505834   0.853953  -0.145761
 -0.992299 -0.0804886  0.0941464  -0.030498
 0.0211109  -0.858867  -0.511763    2.07317
         0          0          0          1

   0.12033  -0.512605   0.850151  -0.146725
 -0.992725 -0.0585622   0.105199 -0.0479993
-0.00413892  -0.856625  -0.515923    2.04445
         0          0          0          1

   0.12033  -0.512605   0.850151  -0.146725
 -0.992725 -0.0585622   0.105199 -0.0479993
-0.00413892  -0.856625  -0.515923    2.04445
         0          0          0          1

  0.130468  -0.515036   0.847181  -0.152291
 -0.990061 -0.0224212   0.138841 -0.0841437
-0.0525133  -0.856875  -0.512843    2.00109
         0          0          0          1

  0.130468  -0.515036   0.847181  -0.152291
 -0.990061 -0.0224212   0.138841 -0.0841437
-0.0525133  -0.856875  -0.512843    2.00109
         0          0          0          1

  0.131043  -0.526121   0.840253  -0.150739
 -0.987784 0.00280233   0.155806  -0.100508
-0.0843274  -0.850405  -0.519327    1.97447
         0          0          0          1

  0.131043  -0.526121   0.840253  -0.150739
 -0.987784 0.00280233   0.155806  -0.100508
-0.0843274  -0.850405  -0.519327    1.97447
         0          0          0          1

 0.139147 -0.531527  0.835534 -0.152575
-0.982922  0.028473  0.181806 -0.122824
-0.120425 -0.846563 -0.518487   1.94519
        0         0         0         1

 0.139147 -0.531527  0.835534 -0.152575
-0.982922  0.028473  0.181806 -0.122824
-0.120425 -0.846563 -0.518487   1.94519
        0         0         0         1

 0.129012 -0.535461  0.834648 -0.151631
 -0.97857 0.0674737  0.194545 -0.140637
-0.160488  -0.84186 -0.515282   1.89959
        0         0         0         1

 0.129012 -0.535461  0.834648 -0.151631
 -0.97857 0.0674737  0.194545 -0.140637
-0.160488  -0.84186 -0.515282   1.89959
        0         0         0         1

 0.120911 -0.541935  0.831677 -0.153848
-0.974325 0.0955078  0.203885 -0.158372
-0.189924 -0.834976 -0.516473   1.87801
        0         0         0         1

 0.120911 -0.541935  0.831677 -0.153848
-0.974325 0.0955078  0.203885 -0.158372
-0.189924 -0.834976 -0.516473   1.87801
        0         0         0         1

  0.10445 -0.543392  0.832956 -0.158509
-0.970482  0.127378  0.204792 -0.175142
-0.217382 -0.829759 -0.514047   1.83647
        0         0         0         1

  0.10445 -0.543392  0.832956 -0.158509
-0.970482  0.127378  0.204792 -0.175142
-0.217382 -0.829759 -0.514047   1.83647
        0         0         0         1

0.0983814 -0.543508  0.833619  -0.16169
-0.966577  0.147098  0.209979 -0.188953
-0.236749 -0.826415  -0.51087   1.81366
        0         0         0         1

0.0983814 -0.543508  0.833619  -0.16169
-0.966577  0.147098  0.209979 -0.188953
-0.236749 -0.826415  -0.51087   1.81366
        0         0         0         1

0.0870545 -0.543729  0.834733  -0.16357
-0.964042  0.165212  0.208156 -0.197902
-0.251088 -0.822839 -0.509795   1.79112
        0         0         0         1

0.0870545 -0.543729  0.834733  -0.16357
-0.964042  0.165212  0.208156 -0.197902
-0.251088 -0.822839 -0.509795   1.79112
        0         0         0         1

0.0673691 -0.550106  0.832373 -0.165629
-0.958577  0.195725  0.206936 -0.210718
-0.276753 -0.811834 -0.514133   1.75979
        0         0         0         1

0.0673691 -0.550106  0.832373 -0.165629
-0.958577  0.195725  0.206936 -0.210718
-0.276753 -0.811834 -0.514133   1.75979
        0         0         0         1

0.0636836 -0.559276  0.826532 -0.166196
-0.952627  0.212743  0.217353 -0.221687
-0.297399 -0.801218 -0.519233    1.7426
        0         0         0         1

0.0636836 -0.559276  0.826532 -0.166196
-0.952627  0.212743  0.217353 -0.221687
-0.297399 -0.801218 -0.519233    1.7426
        0         0         0         1

0.0577622 -0.550685  0.832712 -0.168104
-0.943117  0.243447  0.226416 -0.232978
-0.327405 -0.798423 -0.505299   1.71191
        0         0         0         1

0.0577622 -0.550685  0.832712 -0.168104
-0.943117  0.243447  0.226416 -0.232978
-0.327405 -0.798423 -0.505299   1.71191
        0         0         0         1

0.0486409 -0.540986  0.839624 -0.168965
-0.939875  0.259707  0.221783 -0.241579
-0.338038 -0.799929 -0.495827   1.69911
        0         0         0         1

0.0486409 -0.540986  0.839624 -0.168965
-0.939875  0.259707  0.221783 -0.241579
-0.338038 -0.799929 -0.495827   1.69911
        0         0         0         1

0.0370257  -0.52658  0.849319 -0.170345
-0.939172  0.272058   0.20962 -0.248944
-0.341446 -0.805418 -0.484476   1.68676
        0         0         0         1

0.0370257  -0.52658  0.849319 -0.170345
-0.939172  0.272058   0.20962 -0.248944
-0.341446 -0.805418 -0.484476   1.68676
        0         0         0         1

0.0160823 -0.512016  0.858825 -0.172454
-0.942658  0.278617  0.183759 -0.256917
-0.333371 -0.812534 -0.478176   1.67066
        0         0         0         1

0.0160823 -0.512016  0.858825 -0.172454
-0.942658  0.278617  0.183759 -0.256917
-0.333371 -0.812534 -0.478176   1.67066
        0         0         0         1

0.00978568 -0.516846  0.856022 -0.176801
-0.943614  0.278514  0.178947  -0.27262
-0.330903 -0.809506 -0.484978    1.6651
        0         0         0         1

0.00978568 -0.516846  0.856022 -0.176801
-0.943614  0.278514  0.178947  -0.27262
-0.330903 -0.809506 -0.484978    1.6651
        0         0         0         1

0.00198897 -0.515259  0.857032 -0.176975
-0.943611  0.282756  0.172186 -0.282272
-0.331051 -0.809047 -0.485642   1.64828
        0         0         0         1

0.00198897 -0.515259  0.857032 -0.176975
-0.943611  0.282756  0.172186 -0.282272
-0.331051 -0.809047 -0.485642   1.64828
        0         0         0         1

-0.00801954 -0.519137  0.854653 -0.173576
-0.942257  0.290074  0.167357 -0.283478
-0.334794 -0.803961 -0.491487   1.64367
        0         0         0         1

-0.00801954 -0.519137  0.854653 -0.173576
-0.942257  0.290074  0.167357 -0.283478
-0.334794 -0.803961 -0.491487   1.64367
        0         0         0         1

-0.00717396 -0.517917  0.855401  -0.17342
-0.940279  0.294628  0.170501 -0.289849
 -0.34033 -0.803092   -0.4891    1.6316
        0         0         0         1

-0.00717396 -0.517917  0.855401  -0.17342
-0.940279  0.294628  0.170501 -0.289849
 -0.34033 -0.803092   -0.4891    1.6316
        0         0         0         1

-0.00665217 -0.515677  0.856757  -0.17154
-0.937535  0.301233  0.174031 -0.299098
-0.347827 -0.802082 -0.485469   1.62178
        0         0         0         1

-0.00665217 -0.515677  0.856757  -0.17154
-0.937535  0.301233  0.174031 -0.299098
-0.347827 -0.802082 -0.485469   1.62178
        0         0         0         1

-0.0114228 -0.508201  0.861163 -0.171714
-0.937178  0.305737  0.167994 -0.300051
-0.348664 -0.805144 -0.479767   1.61143
        0         0         0         1

-0.0114228 -0.508201  0.861163 -0.171714
-0.937178  0.305737  0.167994 -0.300051
-0.348664 -0.805144 -0.479767   1.61143
        0         0         0         1

-0.0211147 -0.492601  0.869999 -0.172786
-0.935207  0.317389  0.157011 -0.304795
-0.353472 -0.810314 -0.467385   1.60159
        0         0         0         1

-0.0211147 -0.492601  0.869999 -0.172786
-0.935207  0.317389  0.157011 -0.304795
-0.353472 -0.810314 -0.467385   1.60159
        0         0         0         1

-0.0274146 -0.484885  0.874148 -0.172492
-0.934563   0.32276  0.149724 -0.306746
-0.354739 -0.812842 -0.462004   1.59871
        0         0         0         1

-0.0274146 -0.484885  0.874148 -0.172492
-0.934563   0.32276  0.149724 -0.306746
-0.354739 -0.812842 -0.462004   1.59871
        0         0         0         1

-0.0307888 -0.475255  0.879309 -0.172963
-0.935703  0.323024  0.141827 -0.308629
-0.351442 -0.818406 -0.454643   1.59189
        0         0         0         1

-0.0307888 -0.475255  0.879309 -0.172963
-0.935703  0.323024  0.141827 -0.308629
-0.351442 -0.818406 -0.454643   1.59189
        0         0         0         1

-0.0354965 -0.467741  0.883152  -0.17348
 -0.93621  0.324742  0.134363 -0.314017
-0.349643 -0.822047 -0.449431   1.58523
        0         0         0         1

-0.0354965 -0.467741  0.883152  -0.17348
 -0.93621  0.324742  0.134363 -0.314017
-0.349643 -0.822047 -0.449431   1.58523
        0         0         0         1

-0.0445209 -0.467635    0.8828 -0.172848
-0.936205  0.327906  0.126483 -0.314146
-0.348624  -0.82085   -0.4524   1.58457
        0         0         0         1

-0.0445209 -0.467635    0.8828 -0.172848
-0.936205  0.327906  0.126483 -0.314146
-0.348624  -0.82085   -0.4524   1.58457
        0         0         0         1

-0.0458394 -0.467488   0.88281 -0.172817
-0.936116  0.328579   0.12539    -0.315
-0.348692 -0.820665 -0.452685   1.58413
        0         0         0         1

-0.0468448 -0.460936  0.886196 -0.173401
-0.935748  0.330695   0.12254 -0.319586
-0.349544 -0.823516 -0.446812   1.57912
        0         0         0         1

-0.0477132 -0.456291   0.88855 -0.173448
-0.935805  0.331477  0.119971 -0.321485
-0.349275 -0.825785 -0.442815    1.5766
        0         0         0         1

-0.0477132 -0.456291   0.88855 -0.173448
-0.935805  0.331477  0.119971 -0.321485
-0.349275 -0.825785 -0.442815    1.5766
        0         0         0         1

-0.0523554 -0.454823  0.889042 -0.171234
-0.936163  0.332274  0.114857  -0.32041
-0.347645 -0.826275 -0.443185   1.57528
        0         0         0         1

-0.0523554 -0.454823  0.889042 -0.171234
-0.936163  0.332274  0.114857  -0.32041
-0.347645 -0.826275 -0.443185   1.57528
        0         0         0         1

-0.0544932 -0.463443   0.88445 -0.169857
-0.934926  0.334724  0.117789 -0.323954
-0.350635 -0.820476 -0.451525   1.57624
        0         0         0         1

-0.0544932 -0.463443   0.88445 -0.169857
-0.934926  0.334724  0.117789 -0.323954
-0.350635 -0.820476 -0.451525   1.57624
        0         0         0         1

-0.0580719 -0.466703  0.882506 -0.167886
-0.935023  0.335172  0.115724 -0.322043
  -0.3498 -0.818443 -0.455842   1.57427
        0         0         0         1

-0.0580719 -0.466703  0.882506 -0.167886
-0.935023  0.335172  0.115724 -0.322043
  -0.3498 -0.818443 -0.455842   1.57427
        0         0         0         1

-0.0517528 -0.481984   0.87465 -0.165337
-0.933127  0.335377    0.1296 -0.325868
-0.355802 -0.809453 -0.467109   1.57389
        0         0         0         1

-0.0517528 -0.481984   0.87465 -0.165337
-0.933127  0.335377    0.1296 -0.325868
-0.355802 -0.809453 -0.467109   1.57389
        0         0         0         1

-0.0408222 -0.487135  0.872372 -0.161273
-0.933372  0.330182  0.140698 -0.328921
-0.356581 -0.808504 -0.468157   1.57232
        0         0         0         1

-0.0408222 -0.487135  0.872372 -0.161273
-0.933372  0.330182  0.140698 -0.328921
-0.356581 -0.808504 -0.468157   1.57232
        0         0         0         1

-0.0347173 -0.493107  0.869276 -0.155028
-0.932878  0.328015  0.148813   -0.3277
-0.358516 -0.805762 -0.471396    1.5737
        0         0         0         1

-0.0347173 -0.493107  0.869276 -0.155028
-0.932878  0.328015  0.148813   -0.3277
-0.358516 -0.805762 -0.471396    1.5737
        0         0         0         1

-0.0336645 -0.494522  0.868513  -0.15324
-0.933367  0.326264  0.149593  -0.32662
-0.357342 -0.805605 -0.472554   1.57426
        0         0         0         1

-0.0295556 -0.504312  0.863015 -0.147021
-0.934906   0.31943  0.154645   -0.3256
-0.353662 -0.802268 -0.480925   1.57767
        0         0         0         1

-0.0298698 -0.521233  0.852892 -0.142468
-0.937949  0.309539  0.156322 -0.325903
-0.345483   -0.7953 -0.498136   1.58431
        0         0         0         1

-0.0298698 -0.521233  0.852892 -0.142468
-0.937949  0.309539  0.156322 -0.325903
-0.345483   -0.7953 -0.498136   1.58431
        0         0         0         1

-0.0197805 -0.531332  0.846933 -0.133004
-0.940023  0.298409  0.165255  -0.32553
-0.340538 -0.792867 -0.505367   1.58947
        0         0         0         1

-0.0197805 -0.531332  0.846933 -0.133004
-0.940023  0.298409  0.165255  -0.32553
-0.340538 -0.792867 -0.505367   1.58947
        0         0         0         1

-0.0157432 -0.537401   0.84318 -0.122818
-0.942719  0.289009  0.166598 -0.319631
-0.333216 -0.792259 -0.511168   1.59584
        0         0         0         1

-0.0157432 -0.537401   0.84318 -0.122818
-0.942719  0.289009  0.166598 -0.319631
-0.333216 -0.792259 -0.511168   1.59584
        0         0         0         1

-0.00577391 -0.546361   0.83753 -0.112084
-0.945664  0.275268  0.173051 -0.317419
-0.325094 -0.791023 -0.518263   1.60392
        0         0         0         1

-0.00577391 -0.546361   0.83753 -0.112084
-0.945664  0.275268  0.173051 -0.317419
-0.325094 -0.791023 -0.518263   1.60392
        0         0         0         1

 0.0198996  -0.560984   0.827587 -0.0897246
 -0.951775   0.242837   0.187494  -0.310818
  -0.30615  -0.791408  -0.529098    1.61596
         0          0          0          1

 0.0198996  -0.560984   0.827587 -0.0897246
 -0.951775   0.242837   0.187494  -0.310818
  -0.30615  -0.791408  -0.529098    1.61596
         0          0          0          1

 0.0477031  -0.571563    0.81917 -0.0742743
 -0.953897   0.217222   0.207112  -0.309781
 -0.296319  -0.791284   -0.53485    1.62667
         0          0          0          1

 0.0477031  -0.571563    0.81917 -0.0742743
 -0.953897   0.217222   0.207112  -0.309781
 -0.296319  -0.791284   -0.53485    1.62667
         0          0          0          1

0.0833076 -0.579865  0.810442 -0.045673
-0.957072  0.180012  0.227177 -0.298611
-0.277622 -0.794577 -0.539976   1.64172
        0         0         0         1

0.0833076 -0.579865  0.810442 -0.045673
-0.957072  0.180012  0.227177 -0.298611
-0.277622 -0.794577 -0.539976   1.64172
        0         0         0         1

  0.107298  -0.585504   0.803537 -0.0235868
 -0.958215    0.15465   0.240639  -0.289134
 -0.265162  -0.795781  -0.544446    1.65418
         0          0          0          1

  0.107298  -0.585504   0.803537 -0.0235868
 -0.958215    0.15465   0.240639  -0.289134
 -0.265162  -0.795781  -0.544446    1.65418
         0          0          0          1

    0.130632    -0.590152     0.796653 -0.000409135
   -0.959444     0.127212     0.251564    -0.277538
   -0.249805    -0.797206      -0.5496      1.66784
           0            0            0            1

    0.130632    -0.590152     0.796653 -0.000409135
   -0.959444     0.127212     0.251564    -0.277538
   -0.249805    -0.797206      -0.5496      1.66784
           0            0            0            1

 0.174027 -0.593153  0.786056 0.0341793
-0.958512 0.0809719  0.273309 -0.263318
-0.225762 -0.801007 -0.554453   1.68537
        0         0         0         1

 0.174027 -0.593153  0.786056 0.0341793
-0.958512 0.0809719  0.273309 -0.263318
-0.225762 -0.801007 -0.554453   1.68537
        0         0         0         1

 0.198907 -0.597147  0.777078 0.0599997
-0.956946 0.0526965  0.285442 -0.251192
  -0.2114 -0.800399 -0.560956   1.70238
        0         0         0         1

 0.198907 -0.597147  0.777078 0.0599997
-0.956946 0.0526965  0.285442 -0.251192
  -0.2114 -0.800399 -0.560956   1.70238
        0         0         0         1

 0.224858 -0.597996  0.769311  0.101681
 -0.95719 0.0121364  0.289206 -0.226068
-0.182281 -0.801407 -0.569667   1.72435
        0         0         0         1

 0.224858 -0.597996  0.769311  0.101681
 -0.95719 0.0121364  0.289206 -0.226068
-0.182281 -0.801407 -0.569667   1.72435
        0         0         0         1

  0.244431  -0.597108   0.764013   0.130294
 -0.955295 -0.0131346   0.295363  -0.211073
 -0.166329  -0.802053  -0.573625    1.73994
         0          0          0          1

  0.244431  -0.597108   0.764013   0.130294
 -0.955295 -0.0131346   0.295363  -0.211073
 -0.166329  -0.802053  -0.573625    1.73994
         0          0          0          1

  0.270695  -0.597399   0.754877   0.160075
 -0.951108 -0.0448274   0.305587  -0.197076
 -0.148718   -0.80069  -0.580326    1.75518
         0          0          0          1

  0.270695  -0.597399   0.754877   0.160075
 -0.951108 -0.0448274   0.305587  -0.197076
 -0.148718   -0.80069  -0.580326    1.75518
         0          0          0          1

   0.29914  -0.600673   0.741422   0.209323
  -0.94629 -0.0868502   0.311435  -0.169586
 -0.122678  -0.794763  -0.594392    1.77811
         0          0          0          1

   0.29914  -0.600673   0.741422   0.209323
  -0.94629 -0.0868502   0.311435  -0.169586
 -0.122678  -0.794763  -0.594392    1.77811
         0          0          0          1

  0.31359 -0.603168  0.733382  0.243482
-0.943519 -0.110956  0.312188 -0.151321
-0.106929 -0.789859 -0.603895   1.79285
        0         0         0         1

  0.31359 -0.603168  0.733382  0.243482
-0.943519 -0.110956  0.312188 -0.151321
-0.106929 -0.789859 -0.603895   1.79285
        0         0         0         1

 0.331516 -0.600217  0.727899  0.296441
 -0.93981 -0.142387  0.310618 -0.123189
-0.0827949 -0.787061 -0.611293   1.81204
        0         0         0         1

 0.331516 -0.600217  0.727899  0.296441
 -0.93981 -0.142387  0.310618 -0.123189
-0.0827949 -0.787061 -0.611293   1.81204
        0         0         0         1

 0.348408  -0.59418  0.724956  0.332872
-0.935042  -0.16616  0.313188  -0.10548
-0.0656314 -0.786982 -0.613475   1.82472
        0         0         0         1

 0.348408  -0.59418  0.724956  0.332872
-0.935042  -0.16616  0.313188  -0.10548
-0.0656314 -0.786982 -0.613475   1.82472
        0         0         0         1

  0.361782  -0.588297   0.723202   0.372432
 -0.931085  -0.189035   0.312004 -0.0865743
-0.0468401   -0.78624  -0.616144    1.83698
         0          0          0          1

  0.361782  -0.588297   0.723202   0.372432
 -0.931085  -0.189035   0.312004 -0.0865743
-0.0468401   -0.78624  -0.616144    1.83698
         0          0          0          1

  0.378615  -0.584256   0.717841   0.434031
 -0.925114  -0.214985   0.312961 -0.0590241
-0.0285243  -0.782577    -0.6219    1.85332
         0          0          0          1

  0.378615  -0.584256   0.717841   0.434031
 -0.925114  -0.214985   0.312961 -0.0590241
-0.0285243  -0.782577    -0.6219    1.85332
         0          0          0          1

  0.388946  -0.578768   0.716762   0.476089
 -0.921069  -0.228453   0.315342 -0.0411075
-0.0187635  -0.782839  -0.621942    1.86033
         0          0          0          1

  0.388946  -0.578768   0.716762   0.476089
 -0.921069  -0.228453   0.315342 -0.0411075
-0.0187635  -0.782839  -0.621942    1.86033
         0          0          0          1

 0.399917 -0.564771  0.721873  0.541495
-0.916536 -0.241815  0.318571 -0.015471
-0.00535967 -0.789024 -0.614338   1.86838
        0         0         0         1

 0.399917 -0.564771  0.721873  0.541495
-0.916536 -0.241815  0.318571 -0.015471
-0.00535967 -0.789024 -0.614338   1.86838
        0         0         0         1

   0.406236   -0.556078    0.725087    0.588277
  -0.913758    -0.25105    0.319407 0.000792105
 0.00441798   -0.792308   -0.610106      1.8739
          0           0           0           1

   0.406236   -0.556078    0.725087    0.588277
  -0.913758    -0.25105    0.319407 0.000792105
 0.00441798   -0.792308   -0.610106      1.8739
          0           0           0           1

  0.41395 -0.543285  0.730402  0.634581
-0.910102 -0.263736  0.319622 0.0170473
0.0189874 -0.797048 -0.603618   1.87646
        0         0         0         1

  0.41395 -0.543285  0.730402  0.634581
-0.910102 -0.263736  0.319622 0.0170473
0.0189874 -0.797048 -0.603618   1.87646
        0         0         0         1

 0.423887 -0.528981  0.735186  0.707461
 -0.90505 -0.278491  0.321446 0.0392923
 0.034704 -0.801637 -0.596803   1.87814
        0         0         0         1

 0.423887 -0.528981  0.735186  0.707461
 -0.90505 -0.278491  0.321446 0.0392923
 0.034704 -0.801637 -0.596803   1.87814
        0         0         0         1

    0.427 -0.522756  0.737833   0.75921
-0.903273 -0.284536  0.321149 0.0534686
0.0420573 -0.803595 -0.593688   1.87677
        0         0         0         1

    0.427 -0.522756  0.737833   0.75921
-0.903273 -0.284536  0.321149 0.0534686
0.0420573 -0.803595 -0.593688   1.87677
        0         0         0         1

 0.435614 -0.513162  0.739531   0.80929
-0.898803 -0.292636  0.326371 0.0668384
0.0489321 -0.806864 -0.588707   1.87331
        0         0         0         1

 0.435614 -0.513162  0.739531   0.80929
-0.898803 -0.292636  0.326371 0.0668384
0.0489321 -0.806864 -0.588707   1.87331
        0         0         0         1

 0.441626 -0.504749  0.741752  0.888873
-0.895552 -0.298077   0.33036 0.0833298
0.0543503 -0.810172 -0.583667   1.86515
        0         0         0         1

 0.441626 -0.504749  0.741752  0.888873
-0.895552 -0.298077   0.33036 0.0833298
0.0543503 -0.810172 -0.583667   1.86515
        0         0         0         1

 0.445803 -0.497619  0.744067  0.939914
-0.893037 -0.304078  0.331695 0.0940424
0.0611967  -0.81235 -0.579951   1.85545
        0         0         0         1

 0.445803 -0.497619  0.744067  0.939914
-0.893037 -0.304078  0.331695 0.0940424
0.0611967  -0.81235 -0.579951   1.85545
        0         0         0         1

  0.45108 -0.496709   0.74149   1.01708
-0.890239 -0.309307  0.334372  0.106613
0.0632624 -0.810932 -0.581711   1.83965
        0         0         0         1

  0.45108 -0.496709   0.74149   1.01708
-0.890239 -0.309307  0.334372  0.106613
0.0632624 -0.810932 -0.581711   1.83965
        0         0         0         1

 0.454995 -0.496739  0.739073   1.06782
-0.887867 -0.316767  0.333694  0.114767
 0.068355 -0.808028 -0.585166   1.82793
        0         0         0         1

 0.454995 -0.496739  0.739073   1.06782
-0.887867 -0.316767  0.333694  0.114767
 0.068355 -0.808028 -0.585166   1.82793
        0         0         0         1

  0.45976 -0.496473  0.736299   1.11666
-0.885102 -0.323615  0.334468  0.121641
0.0722228 -0.805474 -0.588214   1.81602
        0         0         0         1

  0.45976 -0.496473  0.736299   1.11666
-0.885102 -0.323615  0.334468  0.121641
0.0722228 -0.805474 -0.588214   1.81602
        0         0         0         1

 0.465621 -0.500101  0.730134    1.1907
-0.881777 -0.332343  0.334691  0.129736
0.0752756 -0.799654 -0.595723   1.79692
        0         0         0         1

 0.465621 -0.500101  0.730134    1.1907
-0.881777 -0.332343  0.334691  0.129736
0.0752756 -0.799654 -0.595723   1.79692
        0         0         0         1

 0.468654 -0.505838  0.724217   1.23977
-0.880146 -0.337481  0.333841  0.134294
0.0755403 -0.793873 -0.603374   1.78162
        0         0         0         1

 0.468654 -0.505838  0.724217   1.23977
-0.880146 -0.337481  0.333841  0.134294
0.0755403 -0.793873 -0.603374   1.78162
        0         0         0         1

 0.476306 -0.509283  0.716773   1.30566
-0.876256 -0.342472  0.338951  0.139278
 0.072853 -0.789522 -0.609383   1.75757
        0         0         0         1

 0.476306 -0.509283  0.716773   1.30566
-0.876256 -0.342472  0.338951  0.139278
 0.072853 -0.789522 -0.609383   1.75757
        0         0         0         1

 0.477849 -0.513584  0.712665   1.34981
-0.875868 -0.340614  0.341814  0.140073
0.0671932 -0.787536 -0.612594   1.74223
        0         0         0         1

 0.477849 -0.513584  0.712665   1.34981
-0.875868 -0.340614  0.341814  0.140073
0.0671932 -0.787536 -0.612594   1.74223
        0         0         0         1

 0.478339 -0.520751  0.707114   1.39249
-0.875909 -0.340728  0.341595  0.140483
0.0630478 -0.782766 -0.619114   1.72496
        0         0         0         1

 0.478339 -0.520751  0.707114   1.39249
-0.875909 -0.340728  0.341595  0.140483
0.0630478 -0.782766 -0.619114   1.72496
        0         0         0         1

 0.485279 -0.535722  0.691018   1.45098
-0.872494 -0.348296  0.342702  0.142851
0.0570858 -0.769215 -0.636435   1.69777
        0         0         0         1

 0.485279 -0.535722  0.691018   1.45098
-0.872494 -0.348296  0.342702  0.142851
0.0570858 -0.769215 -0.636435   1.69777
        0         0         0         1

 0.490105 -0.543497  0.681475   1.48737
-0.870093 -0.351949  0.345066  0.143352
0.0523022 -0.762065 -0.645384   1.68037
        0         0         0         1

 0.490105 -0.543497  0.681475   1.48737
-0.870093 -0.351949  0.345066  0.143352
0.0523022 -0.762065 -0.645384   1.68037
        0         0         0         1

 0.493752 -0.558337  0.666685    1.5411
-0.869098 -0.342952  0.356444  0.141253
0.0296256  -0.75541 -0.654583   1.65225
        0         0         0         1

 0.493752 -0.558337  0.666685    1.5411
-0.869098 -0.342952  0.356444  0.141253
0.0296256  -0.75541 -0.654583   1.65225
        0         0         0         1

 0.489098 -0.565016  0.664485   1.57337
-0.871942 -0.336272  0.355864  0.138423
0.0223785 -0.753444 -0.657131   1.63343
        0         0         0         1

 0.489098 -0.565016  0.664485   1.57337
-0.871942 -0.336272  0.355864  0.138423
0.0223785 -0.753444 -0.657131   1.63343
        0         0         0         1

 0.486432 -0.574444   0.65833   1.60278
 -0.87365   -0.3292  0.358277  0.135578
0.0109126 -0.749427 -0.661997   1.61535
        0         0         0         1

 0.486432 -0.574444   0.65833   1.60278
 -0.87365   -0.3292  0.358277  0.135578
0.0109126 -0.749427 -0.661997   1.61535
        0         0         0         1

 0.489354 -0.592236  0.640148   1.64435
-0.872024 -0.323616  0.367214  0.132779
-0.010315 -0.737922 -0.674807   1.58702
        0         0         0         1

 0.489354 -0.592236  0.640148   1.64435
-0.872024 -0.323616  0.367214  0.132779
-0.010315 -0.737922 -0.674807   1.58702
        0         0         0         1

 0.490303 -0.603078  0.629205    1.6709
-0.871167 -0.317676  0.374366  0.129718
-0.0258887 -0.731696 -0.681139   1.57018
        0         0         0         1

 0.490303 -0.603078  0.629205    1.6709
-0.871167 -0.317676  0.374366  0.129718
-0.0258887 -0.731696 -0.681139   1.57018
        0         0         0         1

 0.486443 -0.621721   0.61387   1.70799
-0.872427 -0.307546   0.37985  0.124405
-0.047367 -0.720332  -0.69201   1.54063
        0         0         0         1

 0.486443 -0.621721   0.61387   1.70799
-0.872427 -0.307546   0.37985  0.124405
-0.047367 -0.720332  -0.69201   1.54063
        0         0         0         1

 0.487297 -0.630968  0.603673   1.72752
  -0.8709 -0.300624  0.388791  0.122463
-0.0638366 -0.715195 -0.696003   1.52351
        0         0         0         1

 0.487297 -0.630968  0.603673   1.72752
  -0.8709 -0.300624  0.388791  0.122463
-0.0638366 -0.715195 -0.696003   1.52351
        0         0         0         1

 0.482852 -0.651101  0.585595   1.75602
-0.871429 -0.291277  0.394676  0.118271
-0.0864037 -0.700875 -0.708032    1.4985
        0         0         0         1

 0.482852 -0.651101  0.585595   1.75602
-0.871429 -0.291277  0.394676  0.118271
-0.0864037 -0.700875 -0.708032    1.4985
        0         0         0         1

 0.479699 -0.663084  0.574637   1.77237
-0.872067 -0.287981  0.395684  0.115417
-0.096887 -0.690931 -0.716399   1.48296
        0         0         0         1

 0.479699 -0.663084  0.574637   1.77237
-0.872067 -0.287981  0.395684  0.115417
-0.096887 -0.690931 -0.716399   1.48296
        0         0         0         1

 0.476975 -0.674357  0.563682   1.78723
-0.872448 -0.285604  0.396566  0.113266
-0.106437 -0.680935 -0.724568   1.46775
        0         0         0         1

 0.476975 -0.674357  0.563682   1.78723
-0.872448 -0.285604  0.396566  0.113266
-0.106437 -0.680935 -0.724568   1.46775
        0         0         0         1

 0.478111 -0.686702  0.547585   1.80645
-0.870017  -0.28487  0.402393  0.110876
-0.120333 -0.668797 -0.733642   1.44842
        0         0         0         1

 0.478111 -0.686702  0.547585   1.80645
-0.870017  -0.28487  0.402393  0.110876
-0.120333 -0.668797 -0.733642   1.44842
        0         0         0         1

 0.477866 -0.695885  0.536086    1.8176
-0.868518 -0.282858  0.407022  0.109247
-0.131604 -0.660103 -0.739557   1.43715
        0         0         0         1

 0.477866 -0.695885  0.536086    1.8176
-0.868518 -0.282858  0.407022  0.109247
-0.131604 -0.660103 -0.739557   1.43715
        0         0         0         1

 0.477334 -0.704997   0.52453   1.82749
-0.867499 -0.282976  0.409109   0.10816
-0.139992 -0.650311 -0.746658   1.42675
        0         0         0         1

 0.477334 -0.704997   0.52453   1.82749
-0.867499 -0.282976  0.409109   0.10816
-0.139992 -0.650311 -0.746658   1.42675
        0         0         0         1

 0.477559 -0.714065  0.511906   1.84015
-0.865779 -0.283293  0.412519  0.106803
-0.149547   -0.6402 -0.753512   1.41392
        0         0         0         1

 0.477559 -0.714065  0.511906   1.84015
-0.865779 -0.283293  0.412519  0.106803
-0.149547   -0.6402 -0.753512   1.41392
        0         0         0         1

 0.470912 -0.722481  0.506224    1.8499
-0.868024 -0.277088  0.412014  0.103358
-0.157404 -0.633437 -0.757615    1.4056
        0         0         0         1

 0.470912 -0.722481  0.506224    1.8499
-0.868024 -0.277088  0.412014  0.103358
-0.157404 -0.633437 -0.757615    1.4056
        0         0         0         1

  0.47345 -0.724251  0.501305   1.85624
-0.865003 -0.274926  0.419745  0.105988
-0.166179 -0.632358 -0.756642   1.39836
        0         0         0         1

  0.47345 -0.724251  0.501305   1.85624
-0.865003 -0.274926  0.419745  0.105988
-0.166179 -0.632358 -0.756642   1.39836
        0         0         0         1

 0.473185 -0.726383  0.498462   1.85962
-0.864952 -0.275684  0.419351  0.107764
-0.167191 -0.629577 -0.758736   1.39222
        0         0         0         1

 0.473185 -0.726383  0.498462   1.85962
-0.864952 -0.275684  0.419351  0.107764
-0.167191 -0.629577 -0.758736   1.39222
        0         0         0         1

 0.466937 -0.728692  0.500978    1.8638
-0.868997 -0.273212  0.412552   0.10641
 -0.16375 -0.627984 -0.760804   1.38904
        0         0         0         1

 0.466937 -0.728692  0.500978    1.8638
-0.868997 -0.273212  0.412552   0.10641
 -0.16375 -0.627984 -0.760804   1.38904
        0         0         0         1

 0.457808 -0.730683  0.506472    1.8674
 -0.87471 -0.268281  0.403618  0.106037
 -0.15904 -0.627795 -0.761958   1.38876
        0         0         0         1

 0.457808 -0.730683  0.506472    1.8674
 -0.87471 -0.268281  0.403618  0.106037
 -0.15904 -0.627795 -0.761958   1.38876
        0         0         0         1

 0.454514 -0.732563  0.506723   1.86823
-0.877089 -0.268862  0.398031  0.107595
-0.155344 -0.625351 -0.764725   1.38669
        0         0         0         1

 0.454514 -0.732563  0.506723   1.86823
-0.877089 -0.268862  0.398031  0.107595
-0.155344 -0.625351 -0.764725   1.38669
        0         0         0         1

 0.449873 -0.739635  0.500554   1.87208
-0.879398 -0.269085  0.392749  0.108226
-0.155799 -0.616874 -0.771488    1.3835
        0         0         0         1

 0.449873 -0.739635  0.500554   1.87208
-0.879398 -0.269085  0.392749  0.108226
-0.155799 -0.616874 -0.771488    1.3835
        0         0         0         1

 0.448958  -0.74565  0.492385   1.87419
-0.879191 -0.270224  0.392432  0.109924
-0.159563 -0.609086 -0.776887    1.3811
        0         0         0         1

 0.448958  -0.74565  0.492385   1.87419
-0.879191 -0.270224  0.392432  0.109924
-0.159563 -0.609086 -0.776887    1.3811
        0         0         0         1

 0.448049  -0.75244   0.48279   1.87573
-0.879112 -0.272643  0.390932  0.112145
-0.162523 -0.599583 -0.783637   1.37567
        0         0         0         1

 0.448049  -0.75244   0.48279   1.87573
-0.879112 -0.272643  0.390932  0.112145
-0.162523 -0.599583 -0.783637   1.37567
        0         0         0         1

  0.44012 -0.753962  0.487684    1.8784
-0.882985  -0.26469  0.387656  0.112105
-0.163192 -0.601233 -0.782232   1.37152
        0         0         0         1

  0.44012 -0.753962  0.487684    1.8784
-0.882985  -0.26469  0.387656  0.112105
-0.163192 -0.601233 -0.782232   1.37152
        0         0         0         1

 0.434463 -0.752642  0.494744   1.87852
-0.885669 -0.257097  0.386641  0.112335
-0.163805 -0.606161 -0.778291   1.37076
