-0.851657 -0.522283   -0.0436  0.253315
   -0.524  0.850166 0.0514022  0.856574
0.0102207 0.0666234 -0.997726   2.50803
        0         0         0         1

 -0.831328   -0.55567 -0.0111156   0.200726
 -0.554854    0.82862  0.0743366   0.803346
 -0.032096  0.0679657  -0.997171    2.48071
         0          0          0          1

-0.809384 -0.586925  0.020417  0.151264
-0.583621  0.807729 0.0834239  0.771144
-0.0654549 0.0556061 -0.996305   2.44873
        0         0         0         1

 -0.79182 -0.609194  0.043633  0.115447
-0.603182  0.791219  0.100717  0.736293
-0.0958792 0.0534307 -0.993958   2.43457
        0         0         0         1

-0.778143 -0.624874 0.0634596 0.0902833
-0.616726  0.779287  0.111181  0.706603
-0.118927 0.0473773 -0.991772   2.41627
        0         0         0         1

-0.768088 -0.635268 0.0804656 0.0709546
-0.626884  0.771612  0.107845  0.690637
-0.130599 0.0323922 -0.990906   2.38504
        0         0         0         1

-0.743353 -0.659872  0.109526 0.0322606
-0.649399   0.75119  0.118296  0.657847
-0.160335 0.0168091  -0.98692   2.35581
        0         0         0         1

 -0.723158  -0.674772   0.147395 0.00224506
  -0.66066   0.738024    0.13729   0.614562
 -0.201421 0.00190423  -0.979503    2.31842
         0          0          0          1

 -0.710432  -0.682642   0.171133 -0.0156151
 -0.667925   0.730625   0.141647   0.597814
 -0.221728 -0.0136736  -0.975013    2.28545
         0          0          0          1

 -0.707973  -0.682345   0.182152 -0.0196348
 -0.666223   0.730848   0.148353   0.583909
 -0.234353  -0.016324  -0.972015    2.26716
         0          0          0          1

 -0.696284   -0.69091   0.194505 -0.0311514
 -0.670237    0.72282   0.168263   0.560802
 -0.256847 -0.0132058  -0.966362     2.2531
         0          0          0          1

 -0.651362    -0.7217   0.234259 -0.0758316
 -0.694018   0.691468   0.200528   0.505522
 -0.306704 -0.0319636  -0.951268    2.20086
         0          0          0          1

 -0.639318  -0.723444   0.260579 -0.0890313
 -0.698906   0.688009   0.195382   0.500114
 -0.320629 -0.0572085  -0.945476    2.15706
         0          0          0          1

 -0.616511  -0.739235   0.271009  -0.106898
 -0.709073   0.670912   0.217008   0.471816
 -0.342243 -0.0583775  -0.937796    2.13889
         0          0          0          1

 -0.596341  -0.750505   0.284815  -0.125738
 -0.716474   0.657635   0.232768   0.446708
 -0.361998 -0.0652533  -0.929892    2.11394
         0          0          0          1

 -0.591713  -0.748501   0.299371  -0.125584
 -0.714497   0.658911   0.235222   0.443173
 -0.373323 -0.0747156  -0.924688    2.08139
         0          0          0          1

 -0.577745  -0.755079   0.309945  -0.136241
 -0.716811   0.650993   0.249779   0.422186
 -0.390375 -0.0778637  -0.917357    2.06013
         0          0          0          1

-0.547823 -0.760074  0.349539  -0.15142
 -0.71714  0.641806  0.271653    0.3941
-0.430813 -0.101851 -0.896675   1.99868
        0         0         0         1

-0.530375  -0.75475  0.386077 -0.158246
-0.712621  0.643594  0.279209  0.381739
 -0.45921 -0.127041 -0.879197   1.96906
        0         0         0         1

-0.514979 -0.750261  0.414615 -0.164724
-0.711605  0.643848  0.281208  0.367686
-0.477928 -0.150226 -0.865458   1.93845
        0         0         0         1

 -0.49195 -0.757723  0.428767 -0.185183
-0.714399  0.632811  0.298639  0.340618
-0.497614 -0.159395 -0.852627   1.91144
        0         0         0         1

-0.487021 -0.760672  0.429172 -0.194031
-0.712491  0.630227  0.308497  0.316376
-0.505141 -0.155537 -0.848906   1.86906
        0         0         0         1

-0.480536 -0.763774  0.430969  -0.20169
-0.710248  0.627209  0.319619  0.303089
-0.514425 -0.152506 -0.843865   1.84777
        0         0         0         1

-0.476625 -0.761129  0.439899 -0.200887
-0.706826  0.629321  0.323036  0.297881
 -0.52271 -0.156965 -0.837936   1.81662
        0         0         0         1

-0.472377 -0.763797  0.439857  -0.20037
-0.703334  0.627421  0.334162  0.290158
-0.531207 -0.151516 -0.833584   1.79783
        0         0         0         1

-0.463231 -0.770112  0.438572 -0.206619
-0.700364  0.621346  0.351312  0.276051
-0.543054 -0.144422 -0.827185   1.77671
        0         0         0         1

 -0.46456 -0.769881  0.437571 -0.205614
-0.696102  0.622918  0.356952  0.273142
-0.547381 -0.138769 -0.825298   1.75419
        0         0         0         1

-0.456011 -0.775478  0.436678 -0.210847
-0.687843  0.618451  0.379986  0.257339
-0.564735 -0.127088 -0.815428   1.70582
        0         0         0         1

-0.454745 -0.780231  0.429473 -0.214863
-0.685452  0.614495  0.390577  0.246374
-0.568649  -0.11677  -0.81425   1.69137
        0         0         0         1

-0.452249 -0.782792  0.427443 -0.217324
-0.680682  0.612614  0.401717  0.237974
-0.576318 -0.109277 -0.809886   1.67136
        0         0         0         1

-0.444234 -0.789446  0.423594 -0.224662
-0.678367  0.605234  0.416546  0.224161
-0.585214 -0.102308 -0.804399   1.65332
        0         0         0         1

 -0.445138  -0.785432   0.430056  -0.223616
 -0.659153    0.61248   0.436332    0.21779
  -0.60611 -0.0892447  -0.790358    1.62042
         0          0          0          1

 -0.442203  -0.786314   0.431471  -0.226249
 -0.653107    0.61201   0.445976   0.210528
 -0.614741 -0.0845847   -0.78418    1.60475
         0          0          0          1

 -0.444805  -0.779292   0.441421  -0.221751
 -0.646514   0.620461   0.443902   0.212202
 -0.619813 -0.0879352  -0.779807    1.58354
         0          0          0          1

 -0.444521  -0.778751    0.44266  -0.223545
 -0.639856    0.62188   0.451497   0.206102
 -0.626886 -0.0825386  -0.774727    1.57209
         0          0          0          1

 -0.444387  -0.776622   0.446518  -0.224865
 -0.635214   0.624637   0.454238   0.202663
 -0.631683 -0.0817773  -0.770901    1.55558
         0          0          0          1

 -0.440434   -0.77753   0.448849  -0.227246
 -0.629882   0.623869    0.46264   0.195781
  -0.63974 -0.0789596  -0.764525    1.54336
         0          0          0          1

 -0.439726  -0.774835   0.454171   -0.22876
 -0.619158    0.62784   0.471657   0.189285
 -0.650603 -0.0738039  -0.755823    1.51747
         0          0          0          1

 -0.430611  -0.776141    0.46063   -0.23352
 -0.617937   0.625524   0.476313   0.182254
 -0.657821 -0.0795345  -0.748963    1.49869
         0          0          0          1

 -0.430299  -0.775241   0.462432  -0.231891
 -0.611609   0.627161    0.48229   0.180933
 -0.663911 -0.0752987  -0.744011    1.49083
         0          0          0          1

 -0.435502  -0.768011   0.469571  -0.225842
 -0.603117   0.636187   0.481162   0.186067
 -0.668272 -0.0736588  -0.740261    1.48168
         0          0          0          1

 -0.433714  -0.766613   0.473493  -0.225506
 -0.590645   0.638729   0.493116   0.182691
 -0.680463 -0.0657947  -0.729822    1.46544
         0          0          0          1

 -0.434571  -0.762132     0.4799  -0.221188
 -0.585289    0.64397   0.492686   0.186788
 -0.684532 -0.0667729  -0.725918     1.4546
         0          0          0          1

  -0.43448  -0.759286    0.48447  -0.219274
 -0.580319   0.647354   0.494128   0.187617
 -0.688809 -0.0664586  -0.721891     1.4466
         0          0          0          1

 -0.433825  -0.756042   0.490098  -0.217816
 -0.575927   0.651008   0.494466   0.188534
 -0.692895 -0.0677488  -0.717849    1.44034
         0          0          0          1

 -0.428041  -0.758593   0.491241  -0.222002
 -0.574929   0.647947   0.499622   0.181915
 -0.697307 -0.0685698  -0.713485    1.43386
         0          0          0          1

 -0.431653  -0.755952    0.49215  -0.218847
 -0.572104   0.651255   0.498562   0.183361
 -0.697404 -0.0663551    -0.7136    1.43179
         0          0          0          1

 -0.427675   -0.76063   0.488401  -0.217016
 -0.578713   0.645459   0.498472   0.177558
 -0.694395 -0.0694603  -0.716233    1.42276
         0          0          0          1

 -0.429794  -0.762911   0.482953  -0.214705
 -0.583663   0.642845   0.496072   0.176123
 -0.688923 -0.0686728  -0.721574    1.42339
         0          0          0          1

 -0.434038  -0.767288   0.472103  -0.211163
 -0.588091   0.638295   0.496718   0.174876
 -0.682466 -0.0620453  -0.728279    1.42669
         0          0          0          1

 -0.430975  -0.774458   0.463114  -0.208998
 -0.597973   0.629472   0.496179   0.170319
 -0.675787 -0.0630886  -0.734392    1.42543
         0          0          0          1

 -0.423342  -0.792588   0.438846  -0.201061
 -0.615753   0.607035   0.502351   0.161221
 -0.664552 -0.0575544  -0.745022     1.4298
         0          0          0          1

 -0.413364  -0.809762   0.416432  -0.194924
  -0.62893    0.58462    0.51251   0.154999
 -0.658466 -0.0500528  -0.750945    1.43257
         0          0          0          1

-0.399337 -0.829766  0.389895  -0.18734
-0.646265   0.55642  0.522244   0.14675
-0.650286 -0.043424 -0.758448   1.43468
        0         0         0         1

 -0.394401  -0.843513   0.364601  -0.178195
  -0.65691   0.536244   0.530011   0.142985
 -0.642586 -0.0304732  -0.765607     1.4413
         0          0          0          1

 -0.388251  -0.854848   0.344232   -0.16386
 -0.665892   0.518455   0.536462   0.140167
 -0.637063 -0.0209388  -0.770528    1.44822
         0          0          0          1

 -0.370333  -0.869328   0.327297  -0.152422
 -0.679252    0.49378   0.542954   0.132603
 -0.633617 -0.0212436  -0.773355    1.45075
         0          0          0          1

 -0.339176  -0.892885   0.296168   -0.12436
 -0.702724   0.449787   0.551245   0.118378
 -0.625411 -0.0211553  -0.780009    1.46165
         0          0          0          1

 -0.326352   -0.90075   0.286608  -0.106705
 -0.710529   0.433739   0.554093   0.115155
 -0.623413 -0.0228142   -0.78156    1.46677
         0          0          0          1

 -0.312253  -0.908584   0.277439 -0.0892566
  -0.72019   0.416851   0.554582   0.111275
 -0.619535 -0.0266384  -0.784517    1.47288
         0          0          0          1

 -0.296736   -0.91652   0.268215 -0.0716521
 -0.727716   0.398891   0.557956   0.105679
 -0.618367  -0.029619  -0.785331    1.47962
         0          0          0          1

 -0.258936  -0.934257   0.245185 -0.0342626
 -0.746436   0.354653   0.563077   0.091268
 -0.613014 -0.0372146  -0.789195    1.49085
         0          0          0          1

 -0.236371  -0.942975   0.234366 -0.0164049
 -0.753635   0.330168   0.568352  0.0827374
 -0.613322 -0.0422839  -0.788701    1.49693
         0          0          0          1

 -0.215152  -0.949057   0.230217 0.00822651
 -0.765251   0.310297   0.564009  0.0780002
 -0.606712 -0.0548262  -0.793028    1.49623
         0          0          0          1

 -0.190626   -0.95727   0.217475  0.0285164
 -0.773483   0.282882   0.567188  0.0695976
 -0.604472 -0.0600919  -0.794357    1.50075
         0          0          0          1

 -0.170525  -0.962809   0.209573  0.0543387
 -0.781311   0.261715   0.566621  0.0649963
 -0.600396 -0.0671185  -0.796881    1.50423
         0          0          0          1

 -0.156276  -0.967703   0.197808  0.0808227
 -0.787379   0.242967    0.56657  0.0616659
 -0.596332 -0.0672093  -0.799919    1.51117
         0          0          0          1

 -0.112281   -0.97862   0.172327    0.13122
 -0.799316   0.191979   0.569419  0.0485073
 -0.590328 -0.0738085  -0.803782    1.52103
         0          0          0          1

 -0.094343  -0.981969   0.163815   0.158641
 -0.805513    0.17199   0.567069  0.0444583
 -0.585019 -0.0784565  -0.807215    1.52393
         0          0          0          1

-0.0733518  -0.985654   0.152006   0.186367
 -0.808851   0.147959   0.569095  0.0391783
 -0.583421 -0.0812064    -0.8081    1.52853
         0          0          0          1

-0.0553768   -0.98816   0.143083   0.212986
 -0.812854   0.127836   0.568266  0.0346501
 -0.579829 -0.0848369   -0.81031    1.53209
         0          0          0          1

 -0.015013   -0.99148   0.129389   0.267659
 -0.819802  0.0862912   0.566108  0.0253937
  -0.57245 -0.0975747  -0.814113    1.53552
         0          0          0          1

0.000331053 -0.992134  0.125182  0.294912
-0.821669 0.0710795  0.565515 0.0219363
-0.569964 -0.103046 -0.815182   1.53831
        0         0         0         1

0.0200248 -0.992452  0.120988  0.321479
-0.823751 0.0522017  0.564544 0.0174916
-0.566598 -0.110969 -0.816488   1.53882
        0         0         0         1

0.0353219 -0.992466  0.117318  0.347648
 -0.82396 0.0375111  0.565405 0.0136354
-0.565546 -0.116637 -0.816427   1.54071
        0         0         0         1

0.0497182 -0.992161  0.114649  0.375041
-0.824584 0.0239944  0.565231 0.0109338
-0.563551  -0.12264 -0.816927   1.54122
        0         0         0         1

 0.0662703  -0.991413   0.112734   0.400112
  -0.82555 0.00897862   0.564257 0.00711406
 -0.560424  -0.130461  -0.817866    1.54069
         0          0          0          1

 0.0899003   -0.99036   0.105383   0.452014
 -0.824543 -0.0146626   0.565609 0.00184747
 -0.558612  -0.137741  -0.817912    1.54026
         0          0          0          1

    0.102789    -0.989515     0.101466     0.475215
   -0.823195   -0.0273606     0.567098 -0.000796954
   -0.558376    -0.141818    -0.817376       1.5383
           0            0            0            1

    0.11342   -0.988475    0.100268    0.499732
  -0.822755  -0.0368697    0.567199 -0.00260607
  -0.556966   -0.146827   -0.817454     1.53531
          0           0           0           1

  0.124629  -0.987418  0.0973361   0.521895
 -0.820516 -0.0474086   0.569654  -0.004458
 -0.557872  -0.150861  -0.816101    1.53263
         0          0          0          1

   0.138662   -0.986369   0.0885975    0.566996
  -0.817871  -0.0636081    0.571876 -0.00669686
  -0.558445   -0.151759   -0.815542     1.52551
          0           0           0           1

   0.144145   -0.985929   0.0846583    0.586991
  -0.816552  -0.0701811     0.57299 -0.00798949
  -0.558986   -0.151721   -0.815178     1.52185
          0           0           0           1

   0.149165   -0.985499   0.0808803    0.607364
  -0.816122  -0.0765186    0.572792 -0.00895723
  -0.558297   -0.151449   -0.815701     1.51668
          0           0           0           1

   0.152146   -0.985547   0.0744899    0.625847
  -0.815283  -0.0825409     0.57315 -0.00984481
  -0.558718   -0.147933   -0.816058     1.51272
          0           0           0           1

  0.154288  -0.985643  0.0685716    0.64438
 -0.813786 -0.0874146   0.574553 -0.0106114
 -0.560311   -0.14445   -0.81559    1.50853
         0          0          0          1

  0.155848  -0.985689  0.0642609   0.660391
 -0.813054 -0.0910647   0.575023 -0.0115186
 -0.560941  -0.141864   -0.81561    1.50429
         0          0          0          1

  0.157727  -0.985714  0.0590719   0.690244
 -0.814059 -0.0959326   0.572805 -0.0132171
 -0.558955  -0.138435   -0.81756    1.49529
         0          0          0          1

  0.156518   -0.98599  0.0576732   0.703428
 -0.815099 -0.0959726   0.571316 -0.0138015
 -0.557777  -0.136431  -0.818701    1.49024
         0          0          0          1

  0.154227  -0.986388   0.057037   0.715757
 -0.815096  -0.094393   0.571584 -0.0142421
  -0.55842  -0.134644  -0.818559    1.48583
         0          0          0          1

   0.15335  -0.986581  0.0560528   0.725542
 -0.814826 -0.0941544   0.572009 -0.0148321
 -0.559055  -0.133391   -0.81833    1.48138
         0          0          0          1

  0.145328  -0.987776  0.0563721   0.745576
 -0.814514  -0.087103   0.573568 -0.0150419
 -0.561647  -0.129271  -0.817216    1.47276
         0          0          0          1

  0.142049  -0.988227  0.0568298   0.753655
 -0.814462 -0.0840578   0.574095 -0.0149349
 -0.562559  -0.127836  -0.816814    1.46844
         0          0          0          1

  0.138466  -0.988652  0.0582608   0.761221
 -0.814621 -0.0802424   0.574415 -0.0147118
 -0.563222  -0.126998  -0.816488    1.46423
         0          0          0          1

  0.135974  -0.988936  0.0592966   0.767088
  -0.81369 -0.0773336   0.576131 -0.0143613
 -0.565172  -0.126588  -0.815203     1.4613
         0          0          0          1

 0.131974 -0.989408 0.0604534  0.773817
-0.813748 -0.073314  0.576575 -0.013724
-0.566036 -0.125287 -0.814805   1.45749
        0         0         0         1

  0.128963  -0.989682  0.0624404   0.778588
 -0.814157 -0.0697227   0.576443 -0.0130459
 -0.566142  -0.125176  -0.814748    1.45355
         0          0          0          1

  0.122218  -0.990434  0.0640629   0.786201
 -0.813901 -0.0630762    0.57757   -0.01173
 -0.568003   -0.12273  -0.813824    1.44775
         0          0          0          1

  0.118885  -0.990789  0.0648335    0.78917
 -0.815016 -0.0600819   0.576315 -0.0108209
 -0.567111  -0.121355  -0.814652    1.44427
         0          0          0          1

  0.115321  -0.990978  0.0682842    0.79193
 -0.815788 -0.0552645   0.575705 -0.0101647
 -0.566738  -0.122096  -0.814801    1.44241
         0          0          0          1

  0.113281  -0.991159  0.0690693   0.792859
 -0.816746 -0.0533103    0.57453 -0.0100558
 -0.565769  -0.121495  -0.815564    1.44292
         0          0          0          1

  0.106729  -0.991971  0.0678362   0.794246
 -0.821881 -0.0496205   0.567493 -0.0104631
 -0.559571  -0.116321  -0.820579    1.44415
         0          0          0          1

  0.102732  -0.992293  0.0692931   0.793605
 -0.824824 -0.0460432   0.563512 -0.0103129
 -0.555978  -0.115045  -0.823197    1.44323
         0          0          0          1

   0.100263   -0.992042   0.0761522     0.79431
  -0.823542  -0.0397962    0.565857 -0.00974191
  -0.558324   -0.119449   -0.820979     1.44282
          0           0           0           1

  0.0990317    -0.99143   0.0851965     0.79372
  -0.822982   -0.033475     0.56708 -0.00951374
  -0.559368   -0.126274   -0.819245     1.44224
          0           0           0           1

  0.0965189   -0.991127   0.0913912    0.792176
  -0.822842  -0.0277937     0.56759 -0.00919691
  -0.560014   -0.129984   -0.818223     1.44244
          0           0           0           1

  0.0944574   -0.991281   0.0918635    0.790627
  -0.822294  -0.0256726    0.568484 -0.00900597
  -0.561169   -0.129236   -0.817549     1.44329
          0           0           0           1

   0.089642   -0.992596   0.0819663    0.787178
  -0.823107  -0.0274957     0.56722 -0.00869811
  -0.560766   -0.118314   -0.819478     1.44523
          0           0           0           1

  0.0864935   -0.993363   0.0758232    0.786304
  -0.824197  -0.0285932    0.565581 -0.00835837
  -0.559659   -0.111412   -0.821199     1.44697
          0           0           0           1

  0.0844507   -0.994006     0.06943    0.784761
  -0.825425  -0.0307562    0.563674 -0.00812033
   -0.55816   -0.104912   -0.823074     1.44986
          0           0           0           1

  0.0829278   -0.994472   0.0644122    0.783218
   -0.82785  -0.0327625    0.559992 -0.00807615
  -0.554786  -0.0997625    -0.82599     1.45318
          0           0           0           1

   0.078358   -0.995474   0.0537674     0.77883
  -0.836842  -0.0363682    0.546235 -0.00807139
  -0.541807  -0.0877967   -0.835905     1.46648
          0           0           0           1

  0.0756249   -0.995774   0.0520969    0.776468
   -0.84221  -0.0358174    0.537958 -0.00763282
  -0.533819  -0.0845596    -0.84136     1.47413
          0           0           0           1

  0.0742051   -0.995858   0.0525435    0.774249
  -0.845361  -0.0348659    0.533056 -0.00710683
  -0.529016  -0.0839738   -0.844447     1.48322
          0           0           0           1

  0.0752848   -0.995652   0.0548507    0.771482
  -0.848681  -0.0350984     0.52774 -0.00658953
   -0.52352  -0.0862815   -0.847633     1.49186
          0           0           0           1

  0.0738527   -0.995614   0.0574335    0.769727
  -0.852735   -0.033183    0.521288 -0.00555792
  -0.517096  -0.0874741   -0.851446     1.50258
          0           0           0           1

  0.0735449   -0.995414   0.0611684    0.768298
  -0.857708  -0.0318374    0.513151 -0.00442705
   -0.50885  -0.0902043   -0.856116     1.51366
          0           0           0           1

  0.0789875   -0.994192   0.0730934     0.76317
  -0.867382  -0.0324033    0.496587 -0.00203928
  -0.491335   -0.102624   -0.864904     1.54056
          0           0           0           1

   0.0839512    -0.993308    0.0793138     0.760826
   -0.872516   -0.0348287     0.487343 -0.000774383
    -0.48132    -0.110116    -0.869601       1.5553
           0            0            0            1

  0.0884862   -0.992267   0.0870368    0.758862
  -0.878789  -0.0366316    0.475802 0.000818172
  -0.468935   -0.118589   -0.875235     1.57216
          0           0           0           1

 0.0949795  -0.991088  0.0933999   0.756053
 -0.883862 -0.0407912   0.465965 0.00248519
 -0.458003   -0.12681  -0.879859     1.5907
         0          0          0          1

  0.105761  -0.988357   0.109387   0.749564
 -0.896503 -0.0471768   0.440519 0.00678469
  -0.43023  -0.144656  -0.891054     1.6306
         0          0          0          1

  0.108175  -0.987149   0.117619   0.746759
 -0.902632 -0.0479488   0.427735 0.00924544
 -0.416598  -0.152437  -0.896219    1.65208
         0          0          0          1

  0.111765  -0.985483   0.127792   0.743562
 -0.908728 -0.0493146   0.414466  0.0121715
 -0.402147  -0.162451  -0.901048    1.67505
         0          0          0          1

  0.112278  -0.984213   0.136815    0.74048
 -0.915912 -0.0491099   0.398363  0.0158982
 -0.385355  -0.170038  -0.906967    1.69715
         0          0          0          1

  0.116613  -0.982354   0.146225   0.735236
 -0.921758 -0.0522258   0.384233  0.0197185
 -0.369816  -0.179591  -0.911583    1.72183
         0          0          0          1

  0.122469  -0.979832   0.157892   0.729223
 -0.926958 -0.0560844   0.370949  0.0235208
 -0.354613  -0.191789  -0.915132    1.74703
         0          0          0          1

  0.126286  -0.975866   0.178152   0.718656
 -0.939925 -0.0602927   0.336016  0.0338037
 -0.317165  -0.209884  -0.924854    1.79971
         0          0          0          1

  0.120432  -0.975453   0.184359   0.714961
 -0.947095 -0.0572437   0.315808  0.0399148
 -0.297503  -0.212638   -0.93074    1.82686
         0          0          0          1

  0.124686  -0.973541   0.191497   0.706635
 -0.952506 -0.0634049   0.297845  0.0454926
 -0.277823  -0.219539   -0.93521     1.8564
         0          0          0          1

  0.119785  -0.973271   0.195947   0.701508
 -0.959046 -0.0624086   0.276291  0.0526243
 -0.256677  -0.221018  -0.940887    1.88454
         0          0          0          1

  0.120716  -0.972393   0.199697   0.693774
 -0.962642 -0.0655513   0.262723  0.0575154
  -0.24238  -0.223951   -0.94398    1.91764
         0          0          0          1

 0.115235 -0.972106  0.204282  0.687466
-0.968622 -0.064375  0.240057 0.0654059
 -0.22021 -0.225535 -0.949021   1.94668
        0         0         0         1

  0.102701  -0.971545   0.213433   0.673071
  -0.97933 -0.0611687   0.192799   0.084509
 -0.174257  -0.228822  -0.957745    2.00572
         0          0          0          1

  0.096077  -0.971396   0.217162    0.66491
 -0.983575 -0.0591582   0.170531  0.0944199
 -0.152806  -0.229979  -0.961124    2.03457
         0          0          0          1

 0.0875318  -0.971701     0.2194   0.657662
 -0.987165 -0.0550786   0.149902   0.103587
 -0.133576  -0.229705   -0.96405    2.06678
         0          0          0          1

 0.0789396  -0.972208    0.22041   0.651887
 -0.990293 -0.0511037   0.129259   0.114256
 -0.114403  -0.228474  -0.966805     2.0951
         0          0          0          1

 0.0653022  -0.972444   0.223805   0.633206
 -0.995745 -0.0488906  0.0781081   0.141103
-0.0650138  -0.227954  -0.971499    2.14981
         0          0          0          1

    0.0552  -0.974034   0.219569   0.626903
 -0.997393 -0.0435539   0.057536   0.153026
-0.0464789  -0.222173  -0.973899    2.17892
         0          0          0          1

 0.0355293  -0.977315   0.208788    0.62664
 -0.998991 -0.0289861  0.0343167   0.166562
-0.0274862  -0.209797  -0.977359    2.21195
         0          0          0          1

 0.0224952  -0.978371   0.205629   0.619208
 -0.999733 -0.0209306 0.00978133   0.181829
-0.00526582  -0.205795  -0.978581     2.2379
         0          0          0          1

 0.00261295   -0.980725    0.195376    0.615142
  -0.999826 -0.00616973  -0.0175984     0.19963
  0.0184646   -0.195296    -0.98057     2.26544
          0           0           0           1

-0.0130911   -0.98172   0.189881   0.606899
 -0.999162 0.00547928 -0.0405568   0.215137
  0.038775  -0.190253  -0.980969    2.29242
         0          0          0          1

-0.0506743  -0.983318   0.174692   0.593278
 -0.995293  0.0352551 -0.0902661   0.250123
 0.0826016  -0.178444  -0.980477    2.34941
         0          0          0          1

-0.0667387 -0.983779  0.166508  0.585075
-0.992904 0.0490198 -0.108346  0.265297
0.0984265 -0.172557 -0.980069   2.37743
        0         0         0         1

-0.0943454 -0.984105  0.150454  0.585895
-0.987767 0.0736852 -0.137432  0.288367
 0.124161  -0.16158 -0.979018    2.4029
        0         0         0         1

-0.109549 -0.983878  0.141362  0.578719
-0.983148 0.0863143 -0.161149  0.308443
 0.146349 -0.156634 -0.976754   2.42727
        0         0         0         1

-0.157134 -0.980602  0.117167  0.575076
-0.969007  0.130191 -0.209941  0.354942
 0.190614 -0.146525 -0.970668   2.47439
        0         0         0         1

-0.181345 -0.978614 0.0970994  0.578058
-0.960406  0.155001 -0.231507  0.376121
 0.211506 -0.135237 -0.967975   2.50178
        0         0         0         1

-0.206127 -0.976179 0.0677168  0.586997
-0.950201  0.183151 -0.252138  0.401025
 0.233729 -0.116317 -0.965319   2.52956
        0         0         0         1

-0.227668 -0.972141 0.0557659   0.58372
-0.940838  0.204853 -0.269926  0.424406
 0.250982  -0.11392 -0.961265   2.54977
        0         0         0         1

-0.249542 -0.967491 0.0411221  0.580706
 -0.92831  0.226917 -0.294531  0.450436
 0.275624 -0.111672 -0.954757   2.56821
        0         0         0         1

-0.260633 -0.964909 0.0319651  0.571214
-0.919181  0.237884 -0.313874  0.474081
 0.295256 -0.111188 -0.948926   2.58909
        0         0         0         1

 -0.310053  -0.950489 -0.0209416   0.586219
 -0.884528   0.296472  -0.360159   0.534139
  0.348536 -0.0931451  -0.932656    2.63056
         0          0          0          1

 -0.331096  -0.942826 -0.0381298   0.587445
 -0.869543   0.320554  -0.375687   0.557959
   0.36643 -0.0912329  -0.925962    2.65381
         0          0          0          1

 -0.356339  -0.931589 -0.0718568   0.601985
 -0.847344   0.354606    -0.3953   0.590129
  0.393739 -0.0799736  -0.915737    2.67211
         0          0          0          1

  -0.38344  -0.918375 -0.0977749   0.611953
 -0.819262   0.387098  -0.423043   0.631649
  0.426361 -0.0821086  -0.900819    2.67999
         0          0          0          1

 -0.42253 -0.892906 -0.155522  0.631983
-0.769948  0.444146 -0.458165  0.694425
 0.478173 -0.073844 -0.875156   2.71448
        0         0         0         1

 -0.447988   -0.86911  -0.209651   0.674235
 -0.733998   0.491424  -0.468774   0.731897
  0.510444 -0.0561223  -0.858078    2.73141
         0          0          0          1

-0.467497  -0.85222 -0.234877  0.681904
-0.707524   0.52001 -0.478539  0.763257
 0.529959 -0.057535 -0.846069   2.74388
        0         0         0         1

 -0.479326  -0.832396  -0.278143    0.70699
 -0.673254   0.552054    -0.4919   0.801775
  0.563006 -0.0485196  -0.825027    2.75295
         0          0          0          1

 -0.500974   -0.80854  -0.308686   0.725709
 -0.630085   0.585251  -0.510367   0.851156
  0.593311 -0.0611823  -0.802645    2.75259
         0          0          0          1

 -0.512132  -0.787221  -0.343516   0.747267
 -0.596097   0.613709  -0.517716    0.89017
  0.618376 -0.0603703   -0.78356    2.76443
         0          0          0          1

 -0.536651   -0.73314  -0.417745   0.803461
 -0.511533   0.676393  -0.529931    0.96836
  0.671073 -0.0706975  -0.738012    2.77387
         0          0          0          1

  -0.54776  -0.690507  -0.472397   0.862344
 -0.459504   0.720152  -0.519843     1.0073
  0.699153 -0.0676807  -0.711762    2.77945
         0          0          0          1

