 0.131698 -0.732487  0.667921  0.755156
-0.845719 -0.434516 -0.309765   1.07542
 0.517121 -0.524078 -0.676704    2.2431
        0         0         0         1

 0.132819 -0.726715  0.673976  0.755413
-0.851915 -0.431243 -0.297103    1.0571
 0.506556  -0.53471 -0.676377   2.24665
        0         0         0         1

 0.137832 -0.714612  0.685807  0.745082
-0.850737 -0.439992 -0.287494   1.04453
 0.507197 -0.543816 -0.668592   2.23816
        0         0         0         1

 0.131323 -0.707496  0.694409  0.747174
-0.849513 -0.441357 -0.289019   1.03398
 0.510962 -0.551955 -0.658987   2.22618
        0         0         0         1

 0.128608 -0.696914  0.705529   0.74493
-0.861653  -0.43072 -0.268393   1.01317
 0.490932 -0.573404 -0.655892   2.24407
        0         0         0         1

 0.131407 -0.673946     0.727  0.732416
-0.863546 -0.437978 -0.249927   0.98361
 0.486848 -0.594956 -0.639536   2.23098
        0         0         0         1

 0.131139 -0.655151   0.74403  0.719786
-0.861857 -0.446224 -0.241013  0.971575
 0.489903 -0.609641 -0.623164    2.2234
        0         0         0         1

 0.141086 -0.635875  0.758787  0.704606
 -0.86693 -0.449456 -0.215457  0.947954
 0.478044 -0.627417 -0.614672   2.22509
        0         0         0         1

 0.147732 -0.619497  0.770973  0.690703
-0.872997 -0.448032 -0.192724  0.925895
 0.464813 -0.644585 -0.607008   2.23463
        0         0         0         1

 0.149943 -0.601803  0.784442  0.677162
-0.878824 -0.444631 -0.173125  0.890899
 0.452974 -0.663428 -0.595549   2.22973
        0         0         0         1

 0.148677 -0.602694  0.783999   0.68047
-0.881187 -0.440542 -0.171556  0.879509
 0.448781 -0.665344 -0.596585   2.22514
        0         0         0         1

 0.147832 -0.599873   0.78632  0.677871
-0.884172 -0.436406   -0.1667  0.863173
 0.443153 -0.670599 -0.594906   2.22025
        0         0         0         1

 0.148056 -0.596383  0.788927  0.671627
-0.886096 -0.434272 -0.161993  0.851115
 0.439219 -0.675081  -0.59275    2.2125
        0         0         0         1

 0.147255 -0.593252  0.791434  0.669922
 -0.88945 -0.429436 -0.156409  0.834254
 0.432661 -0.680909 -0.590904   2.20918
        0         0         0         1

 0.149999 -0.587696  0.795056  0.660089
-0.894848 -0.422645 -0.143588  0.816355
 0.420413 -0.689916 -0.589295   2.21233
        0         0         0         1

 0.156122 -0.579259  0.800053  0.642632
-0.903736 -0.410645 -0.120963  0.780487
 0.398606 -0.704152 -0.587608   2.20255
        0         0         0         1

 0.158205  -0.57327  0.803948  0.635758
-0.907507  -0.40527 -0.110401  0.766657
 0.389105 -0.712122 -0.584362   2.19982
        0         0         0         1

 0.161611 -0.561438  0.811585  0.620982
-0.908176 -0.406396 -0.100291  0.750321
 0.386132 -0.720853 -0.575563   2.19132
        0         0         0         1

  0.163268  -0.554517   0.815999   0.613067
 -0.911408  -0.401441 -0.0904433   0.734062
  0.377728  -0.728941  -0.570935    2.18632
         0          0          0          1

  0.153357  -0.553272   0.818763   0.611549
 -0.918259    -0.3859 -0.0887758   0.707574
  0.365078  -0.738222  -0.567227    2.16958
         0          0          0          1

   0.15692  -0.561659   0.812352   0.611915
 -0.925213  -0.371339 -0.0780224   0.688022
   0.34548  -0.739355  -0.577925    2.17737
         0          0          0          1

  0.148395  -0.564399   0.812055   0.615214
 -0.926014  -0.367512 -0.0862099    0.67824
  0.347097  -0.739181  -0.577178    2.16244
         0          0          0          1

  0.147985  -0.550619   0.821534   0.603226
 -0.927719  -0.365123 -0.0776048    0.66627
  0.342692  -0.750669  -0.564853    2.15328
         0          0          0          1

  0.155646  -0.534303    0.83084   0.585658
 -0.933823  -0.353844 -0.0526143   0.642613
    0.3221  -0.767668  -0.554019    2.15318
         0          0          0          1

  0.158475  -0.531138   0.832333   0.584094
 -0.938664  -0.342521 -0.0398529   0.628692
  0.306259  -0.774966  -0.552841    2.14587
         0          0          0          1

    0.165358    -0.505846     0.846627     0.573832
   -0.950245    -0.311503 -0.000521238     0.598362
     0.26399    -0.804417    -0.532187      2.12474
           0            0            0            1

 0.168837 -0.490369  0.855005  0.568367
-0.954252 -0.298505 0.0172343  0.585128
 0.246772   -0.8188 -0.518334   2.11621
        0         0         0         1

  0.17481 -0.476839  0.861433  0.558591
-0.958005 -0.284353 0.0370063  0.568279
 0.227305 -0.831726 -0.506522   2.10459
        0         0         0         1

 0.176882 -0.467176   0.86629  0.551445
 -0.96236 -0.266615 0.0527174  0.553347
 0.206337 -0.843008 -0.496751   2.10002
        0         0         0         1

 0.168742 -0.457355  0.873128  0.542694
-0.967905 -0.244266 0.0591089  0.529823
 0.186242 -0.855079 -0.483894   2.07243
        0         0         0         1

  0.16465 -0.455169  0.875049  0.539415
-0.970534 -0.233004 0.0614165  0.517929
 0.175935 -0.859378 -0.480122   2.06164
        0         0         0         1

 0.165219 -0.444343   0.88049  0.529994
-0.974107  -0.21322 0.0751832  0.499317
 0.154331 -0.870113 -0.468065   2.05464
        0         0         0         1

   0.1643 -0.440679  0.882501   0.52517
-0.977179 -0.194827 0.0846395  0.484937
 0.134636 -0.876268 -0.462632   2.04862
        0         0         0         1

  0.16511 -0.429314  0.887935  0.517682
-0.978997 -0.180512 0.0947655  0.471405
 0.119599 -0.884932 -0.450101   2.03322
        0         0         0         1

 0.166759 -0.421107  0.891549  0.512048
-0.980646 -0.164912  0.105531  0.459268
 0.102587 -0.891893 -0.440458   2.02248
        0         0         0         1

 0.166714 -0.405407  0.898806  0.504472
-0.984076 -0.125404  0.125967  0.434688
 0.061646 -0.905494 -0.419858   1.99528
        0         0         0         1

 0.167847 -0.399697  0.901149  0.500452
-0.984716   -0.1111  0.134135  0.424526
0.0465045  -0.90989 -0.412236   1.98206
        0         0         0         1

  0.165556  -0.400312     0.9013   0.498388
 -0.985893 -0.0899829   0.141129   0.411628
 0.0246061   -0.91195  -0.409563    1.96945
         0          0          0          1

  0.168176  -0.400223   0.900854   0.493304
 -0.985733 -0.0746729   0.150847   0.400207
0.00689716  -0.913371  -0.407071    1.95985
         0          0          0          1

 0.165184 -0.411464  0.896333  0.487777
-0.985719 -0.038705  0.163889  0.376039
-0.0327419 -0.910604 -0.411981   1.93608
        0         0         0         1

  0.169477  -0.415002   0.893896   0.479862
 -0.984234 -0.0246991   0.175137    0.36395
-0.0506038  -0.909485  -0.412645     1.9253
         0          0          0          1

   0.167806   -0.423951    0.890004    0.476555
  -0.983466 -0.00963961    0.180836    0.353025
 -0.0680862   -0.905634   -0.418559     1.90999
          0           0           0           1

  0.169011  -0.429154   0.887278    0.47187
 -0.982237 0.00111819    0.18764   0.343767
-0.0815184  -0.903231  -0.421342    1.89487
         0          0          0          1

 0.172604  -0.43631  0.883086  0.466158
 -0.97929 0.0203037   0.20144  0.331207
 -0.10582 -0.899568 -0.423769   1.88183
        0         0         0         1

 0.171652  -0.44344  0.879714  0.464442
-0.977279 0.0360628  0.208867  0.322576
-0.124345 -0.895578 -0.427174    1.8689
        0         0         0         1

 0.165027 -0.464989    0.8698  0.463226
-0.971831 0.0737874  0.223831  0.305489
-0.168259 -0.882236 -0.439713   1.84014
        0         0         0         1

 0.164612  -0.47434  0.864815   0.46022
-0.968005 0.0906627  0.233981  0.297206
-0.189393 -0.875661  -0.44424   1.82815
        0         0         0         1

 0.165526 -0.483734   0.85942  0.455429
-0.963062  0.108394  0.246499  0.287604
-0.212396 -0.868477 -0.447924   1.81277
        0         0         0         1

 0.161168 -0.493776  0.854524    0.4536
-0.959613  0.123888  0.252576  0.281011
-0.230581 -0.860719 -0.453867   1.80101
        0         0         0         1

 0.150304 -0.505175  0.849827  0.447932
-0.952406  0.156598  0.261535  0.267651
-0.265202  -0.84869 -0.457595   1.77058
        0         0         0         1

 0.148382 -0.507974  0.848496  0.442884
-0.948314  0.170279   0.26778   0.26086
-0.280507 -0.844374 -0.456452   1.75832
        0         0         0         1

  0.14048 -0.512402  0.847177  0.440967
 -0.94432  0.187793  0.270172  0.254368
-0.297531 -0.837961  -0.45749    1.7439
        0         0         0         1

 0.133803 -0.511752   0.84865  0.439568
-0.941643  0.201254  0.269824  0.250617
-0.308877 -0.835229 -0.454959   1.73071
        0         0         0         1

 0.130604 -0.510767  0.849741  0.434792
-0.937243  0.215876  0.273813  0.244539
-0.323293 -0.832174 -0.450519   1.71591
        0         0         0         1

  0.12701 -0.509763  0.850888  0.431408
-0.933074  0.229628  0.276847  0.240035
-0.336514 -0.829104 -0.446481   1.70564
        0         0         0         1

 0.123804 -0.498423  0.858048  0.423086
 -0.92483  0.255461  0.281832  0.231311
 -0.35967 -0.828441  -0.42933   1.67872
        0         0         0         1

 0.124079 -0.492483  0.861432  0.419655
-0.921145  0.265594  0.284521  0.227776
-0.368913 -0.828806 -0.420693   1.66763
        0         0         0         1

 0.126734 -0.482629  0.866607  0.415398
-0.916479  0.277256  0.288436  0.223668
 -0.37948 -0.830782 -0.407181   1.65509
        0         0         0         1

 0.125607 -0.473383  0.871855  0.413767
-0.913297  0.288034  0.287968  0.221505
-0.387443 -0.832433  -0.39616   1.64532
        0         0         0         1

 0.132679 -0.447844  0.884213  0.408818
-0.905501  0.308017   0.29188  0.216145
-0.403069 -0.839381 -0.364656   1.62341
        0         0         0         1

 0.139393 -0.434212   0.88996   0.40533
-0.902147  0.314876   0.29493   0.21353
-0.408289 -0.843986 -0.347832   1.61445
        0         0         0         1

 0.145016 -0.417355  0.897098  0.402108
-0.899647  0.321771  0.295125  0.211534
-0.411832  -0.84987  -0.32881   1.60347
        0         0         0         1

 0.147494 -0.405485  0.902124   0.40026
-0.897345  0.328726  0.294468  0.210037
-0.415954 -0.852948 -0.315375   1.59651
        0         0         0         1

 0.152708 -0.391222  0.907538   0.39691
 -0.89512  0.334451  0.294793  0.207252
-0.418857 -0.857373 -0.299117   1.58769
        0         0         0         1

  0.15433 -0.380034  0.912007  0.394399
-0.894447  0.338367  0.292356  0.206074
-0.419698 -0.860861   -0.2877    1.5803
        0         0         0         1

 0.152215  -0.36018  0.920381  0.391198
-0.894614  0.345626   0.28321  0.204478
-0.420114 -0.866495 -0.269613   1.56507
        0         0         0         1

 0.153713  -0.35419  0.922454   0.38967
-0.893919  0.347949  0.282559  0.203053
-0.421047 -0.868032 -0.263133   1.55978
        0         0         0         1

 0.155773  -0.34562  0.925355  0.387178
 -0.89435   0.34837   0.28067  0.201825
-0.419371 -0.871312 -0.254839   1.55195
        0         0         0         1

 0.154178 -0.340486  0.927523  0.387352
-0.894402  0.350807  0.277451   0.20164
-0.419849 -0.872355 -0.250445   1.54745
        0         0         0         1

 0.152639 -0.336783  0.929128  0.383809
-0.895357   0.35087  0.274272  0.198656
-0.418374 -0.873766 -0.247985   1.53748
        0         0         0         1

 0.150577 -0.339924   0.92832  0.382595
-0.895705  0.350487  0.273625  0.197462
-0.418376 -0.872703 -0.251697   1.53449
        0         0         0         1

 0.145126 -0.343352  0.927927  0.384177
-0.896281  0.351611   0.27028  0.197157
 -0.41907 -0.870907 -0.256712   1.53186
        0         0         0         1

 0.144617 -0.344015  0.927761  0.383775
-0.896787  0.350672  0.269818  0.196672
-0.418161 -0.871024 -0.257795   1.52909
        0         0         0         1

 0.149497 -0.341029   0.92809  0.382158
-0.896849  0.348435  0.272498  0.194755
-0.416308 -0.873094 -0.253761   1.52507
        0         0         0         1

 0.152901 -0.338856  0.928331  0.382282
-0.897002  0.346644  0.274272  0.194413
-0.414739 -0.874651 -0.250952   1.52345
        0         0         0         1

 0.163376 -0.334074  0.928279  0.380579
-0.896829  0.341792  0.280847  0.191995
-0.411102 -0.878392 -0.243767   1.51988
        0         0         0         1

 0.167496 -0.330365  0.928872  0.380912
-0.897038  0.339788  0.282606  0.191549
-0.408983  -0.88057 -0.239437   1.51743
        0         0         0         1

 0.172989 -0.324082  0.930078  0.380909
-0.897193  0.337745  0.284558  0.191046
 -0.40635 -0.883685 -0.232338   1.51545
        0         0         0         1

 0.177218 -0.318251  0.931295  0.381132
-0.897525  0.335975  0.285604   0.19102
-0.403785 -0.886475 -0.226097   1.51344
        0         0         0         1

 0.189053 -0.309525  0.931908  0.379475
 -0.89602  0.333901  0.292674  0.188905
-0.401755  -0.89034 -0.214216   1.51203
        0         0         0         1

  0.19238 -0.304546  0.932867  0.380634
-0.897369  0.330119  0.292831  0.189448
-0.397137 -0.893461 -0.209782   1.50881
        0         0         0         1

 0.198717 -0.305454  0.931241  0.380258
-0.896177  0.327987  0.298817   0.18856
 -0.39671 -0.893936 -0.208564   1.50754
        0         0         0         1

 0.201091  -0.30782  0.929951  0.380877
-0.895461   0.32711  0.301908  0.188222
 -0.39713 -0.893446 -0.209862   1.50759
        0         0         0         1

 0.206298 -0.310767  0.927828  0.380936
-0.894822  0.323735  0.307391  0.187754
-0.395898 -0.893655 -0.211295   1.50581
        0         0         0         1

 0.211306 -0.313916  0.925638  0.380232
-0.894389  0.319871  0.312652  0.186767
-0.394231 -0.893946 -0.213172    1.5034
        0         0         0         1

 0.219836  -0.32107  0.921188  0.380611
-0.892754   0.31446  0.322652  0.185359
 -0.39327 -0.893325 -0.217507   1.50077
        0         0         0         1

 0.221293 -0.324893  0.919496  0.382492
-0.893099  0.311165  0.324886  0.185878
-0.391668 -0.893096 -0.221303   1.49909
        0         0         0         1

 0.226196 -0.331696  0.915867  0.382625
-0.892307  0.306539  0.331395  0.185086
-0.390671 -0.892195 -0.226637   1.49724
        0         0         0         1

 0.229894 -0.334744  0.913835  0.383199
-0.891996  0.303056  0.335412  0.184569
 -0.38922 -0.892246  -0.22892   1.49515
        0         0         0         1

  0.24057 -0.337615  0.910023  0.385039
  -0.8897  0.298099  0.345791  0.183938
-0.388021 -0.892834 -0.228662   1.49128
        0         0         0         1

 0.244629 -0.335638  0.909672  0.386237
-0.888852  0.297237  0.348701   0.18366
-0.387425 -0.893867 -0.225619   1.48971
        0         0         0         1

 0.249718 -0.334849   0.90858  0.386298
-0.886754  0.297848  0.353488  0.182936
-0.388984 -0.893959  -0.22255   1.48965
        0         0         0         1

 0.252305 -0.332526  0.908718  0.386791
-0.885996  0.298178  0.355108  0.182746
-0.389043 -0.894716 -0.219385   1.48957
        0         0         0         1

 0.255426 -0.325669  0.910328  0.387793
-0.887019   0.29566  0.354658  0.183271
-0.384649 -0.898067 -0.213355   1.48595
        0         0         0         1

 0.257633   -0.3204  0.911575  0.387785
-0.887423  0.294748  0.354405  0.183165
-0.382237  -0.90026 -0.208393   1.48492
        0         0         0         1

 0.263596 -0.308485  0.913977  0.388597
-0.889311  0.289331  0.354137  0.183483
-0.373688 -0.906159 -0.198073   1.48319
        0         0         0         1

 0.266684 -0.306472  0.913758  0.388972
-0.889607   0.28647  0.355716  0.183406
-0.370782  -0.90775 -0.196243   1.48487
        0         0         0         1

 0.270365 -0.308778  0.911899  0.388878
 -0.88966  0.281893  0.359223  0.182854
-0.367978 -0.908401 -0.198493   1.48734
        0         0         0         1

 0.274237 -0.311584  0.909785  0.388389
-0.890119   0.27583  0.362775  0.182751
-0.363981 -0.909304 -0.201704   1.48813
        0         0         0         1

 0.283949 -0.317472  0.904756  0.387415
-0.889158  0.265958  0.372377  0.182946
-0.358847 -0.910207 -0.206765   1.49276
        0         0         0         1

 0.286129 -0.317211  0.904161  0.388017
-0.890032  0.261541  0.373416  0.184239
-0.354927 -0.911578 -0.207493    1.4948
        0         0         0         1

 0.293785 -0.318446  0.901267  0.385993
-0.889475    0.2542  0.379758  0.184235
-0.350034 -0.913222  -0.20857   1.49788
        0         0         0         1

 0.299434 -0.317927   0.89959  0.383786
-0.889313  0.248553  0.383855  0.184658
-0.345634 -0.914956 -0.208311   1.50167
        0         0         0         1

 0.309985 -0.312006  0.898088  0.379172
-0.888776  0.240347   0.39027  0.184963
-0.337619 -0.919177 -0.202799   1.50447
        0         0         0         1

 0.314768 -0.306593  0.898289  0.376148
-0.888507  0.237731  0.392479  0.186011
-0.333882 -0.921675  -0.19758   1.50935
        0         0         0         1

  0.33191 -0.287447  0.898449  0.366657
-0.887931  0.226336  0.400438  0.188716
-0.318455  -0.93067  -0.18011   1.51791
        0         0         0         1

 0.340404 -0.277673  0.898344  0.362491
 -0.88787   0.21959   0.40431  0.190285
-0.309534 -0.935242 -0.171789   1.52109
        0         0         0         1

 0.350423 -0.267724  0.897512  0.356351
-0.887711  0.210591  0.409415  0.192026
-0.298618   -0.9402 -0.163865   1.52596
        0         0         0         1

 0.360569 -0.259485  0.895912  0.351078
-0.886554   0.20314  0.415639  0.193506
-0.289847 -0.944141 -0.156802   1.52997
        0         0         0         1

 0.383588 -0.241853  0.891273  0.338778
-0.884315  0.181968  0.429971  0.198614
-0.266173 -0.953097 -0.144074   1.53998
        0         0         0         1

 0.393007 -0.234436  0.889149  0.332695
-0.883336  0.172387   0.43589  0.200861
-0.255466 -0.956725 -0.139337   1.54443
        0         0         0         1

 0.402284 -0.226538  0.887045  0.326501
-0.882347  0.162501  0.441654  0.204973
-0.244197 -0.960351 -0.134514   1.55139
        0         0         0         1

 0.408396 -0.221183  0.885602  0.321913
-0.882114  0.153835  0.445208  0.208712
-0.234709 -0.963023 -0.132282   1.55706
        0         0         0         1

 0.417452 -0.217981  0.882167   0.31425
-0.880254  0.143993  0.452127  0.212364
-0.225581 -0.965272 -0.131769    1.5653
        0         0         0         1

 0.427373 -0.214409  0.878283  0.305906
-0.877718  0.134463  0.459924  0.214674
-0.216708 -0.967444 -0.130724   1.57169
        0         0         0         1

 0.442882 -0.206332  0.872515  0.287997
-0.874873  0.113389  0.470893  0.222492
-0.196094  -0.97189 -0.130297   1.58584
        0         0         0         1

 0.449034 -0.205071  0.869663  0.280037
-0.873433  0.104449   0.47561  0.225862
-0.188369 -0.973158 -0.132214   1.59252
        0         0         0         1

 0.454076 -0.201011  0.867992  0.270731
-0.872894 0.0948407  0.478604  0.230353
-0.178526 -0.974987 -0.132396   1.60033
        0         0         0         1

 0.460711 -0.198063  0.865168  0.260477
-0.871061 0.0861259  0.483565  0.233025
 -0.17029 -0.976398 -0.132846   1.60598
        0         0         0         1

 0.465357 -0.187435   0.86505   0.24068
-0.872453 0.0676369  0.483995    0.2437
-0.149227 -0.979946 -0.132053   1.61766
        0         0         0         1

 0.467698 -0.184535   0.86441  0.230525
-0.872413 0.0606976  0.484986  0.247255
-0.141964  -0.98095 -0.132603   1.62383
        0         0         0         1

   0.4667 -0.183583  0.865152  0.219726
-0.874173 0.0526935  0.482747  0.252893
-0.134212 -0.981591 -0.135891   1.63243
        0         0         0         1

 0.466283 -0.183509  0.865393  0.209874
-0.874833 0.0495713  0.481881  0.255975
-0.131328 -0.981767 -0.137426   1.64027
        0         0         0         1

 0.464137 -0.180671  0.867142  0.198543
-0.877397 0.0404584  0.478056  0.262318
-0.121454 -0.982711 -0.139742   1.64475
        0         0         0         1

 0.465602 -0.181847   0.86611  0.186223
-0.877198 0.0347901  0.478867  0.265386
-0.117213 -0.982711 -0.143317   1.65145
        0         0         0         1

 0.460903 -0.175735  0.869877  0.158048
-0.880903 0.0282554  0.472453  0.272195
-0.107605 -0.984032 -0.141783   1.66458
        0         0         0         1

 0.459566 -0.172025  0.871325  0.146439
-0.882235 0.0245579  0.470169  0.275604
-0.102279 -0.984786 -0.140481   1.66856
        0         0         0         1

 0.458584  -0.16978  0.872282  0.131769
-0.883173 0.0217519  0.468544  0.280565
-0.098523 -0.985242  -0.13997   1.67521
        0         0         0         1

 0.457493 -0.162922   0.87416  0.119056
-0.884307 0.0197641  0.466487  0.285196
-0.0932782 -0.986441 -0.135032   1.67607
        0         0         0         1

 0.452206 -0.160375  0.877376  0.107991
-0.887163 0.0205175  0.461001  0.292497
-0.0919345 -0.986843    -0.133   1.68257
        0         0         0         1

  0.44843 -0.157514   0.87983 0.0967908
-0.889405 0.0190648  0.456723  0.297332
-0.0887142 -0.987333 -0.131545   1.68524
        0         0         0         1

 0.439032 -0.155025  0.884996 0.0709847
-0.894459 0.0175652  0.446804  0.309022
-0.0848109 -0.987754 -0.130952   1.68957
        0         0         0         1

 0.439434 -0.161387  0.883658 0.0565251
-0.894103 0.0161165  0.447571  0.310166
-0.0864737  -0.98676 -0.137214   1.69391
        0         0         0         1

 0.439486 -0.173796  0.881276 0.0391788
  -0.8938 0.0129156  0.448279  0.312042
-0.0892914 -0.984697 -0.149663   1.69867
        0         0         0         1

 0.441369 -0.184213  0.878213  0.021556
-0.892568 0.0105161   0.45079  0.311609
-0.0922767  -0.98283 -0.159781   1.70207
        0         0         0         1

    0.427732    -0.207147     0.879849 -6.30021e-05
   -0.898757   0.00627318     0.438401     0.326722
  -0.0963332     -0.97829    -0.183492      1.70363
           0            0            0            1

   0.42059  -0.212576   0.881995 -0.0125875
 -0.901877 0.00768402   0.431924   0.331228
 -0.098594  -0.977114  -0.188486    1.70273
         0          0          0          1

  0.410845  -0.226239   0.883189 -0.0241907
 -0.905931 0.00754835   0.423358   0.337874
 -0.102447  -0.974043  -0.201856    1.70351
         0          0          0          1

  0.400768  -0.236488   0.885132 -0.0341692
 -0.910125  0.0081191   0.414254   0.344355
 -0.105152  -0.971601  -0.211979    1.70259
         0          0          0          1

   0.39537  -0.245259   0.885173 -0.0500015
 -0.911347  0.0154676   0.411347   0.347485
 -0.114578  -0.969334    -0.2174    1.70572
         0          0          0          1

  0.390166  -0.253313   0.885213 -0.0627568
  -0.91275  0.0200034   0.408028   0.349004
 -0.121066  -0.967177  -0.223407    1.70705
         0          0          0          1

  0.381259  -0.267363   0.884963 -0.0958443
 -0.914685  0.0297994   0.403067   0.352895
 -0.134136  -0.963135  -0.233192     1.7041
         0          0          0          1

 0.368167  -0.27394  0.888488 -0.102858
-0.919455 0.0346064  0.391669  0.360383
-0.138041 -0.961124 -0.239135   1.70226
        0         0         0         1

  0.35307 -0.282887  0.891805 -0.114139
 -0.92461 0.0401507  0.378794  0.367675
-0.142962 -0.958312 -0.247384   1.69937
        0         0         0         1

 0.352601  -0.28883  0.890084 -0.131902
-0.922929 0.0497173  0.381745  0.363033
-0.154512 -0.956089 -0.249039   1.70181
        0         0         0         1

 0.329644 -0.299938  0.895194 -0.154047
-0.929058 0.0655577   0.36408  0.371271
-0.167888 -0.951703 -0.257049     1.696
        0         0         0         1

 0.313586 -0.303725  0.899675 -0.161962
-0.933393 0.0754958  0.350825  0.376534
-0.174476 -0.949764 -0.259821   1.69345
        0         0         0         1

 0.307267  -0.30589   0.90112 -0.180457
-0.933344 0.0878394  0.348072  0.372179
-0.185626 -0.948006 -0.258511   1.69304
        0         0         0         1

 0.295181 -0.305586  0.905254  -0.19072
-0.935938 0.0979781   0.33826  0.376418
-0.192063  -0.94711 -0.257089   1.68861
        0         0         0         1

 0.281381 -0.306521  0.909324  -0.20334
-0.939322  0.105779   0.32632  0.380222
-0.196211 -0.945968 -0.258157   1.67994
        0         0         0         1

 0.279071 -0.309103  0.909161 -0.218013
-0.939221  0.109289  0.325455  0.378322
 -0.19996 -0.944728 -0.259817   1.67358
        0         0         0         1

 0.263289 -0.315398  0.911704 -0.247288
-0.940996  0.124321  0.314756  0.375867
-0.212618 -0.940781 -0.264055   1.66294
        0         0         0         1

 0.257989 -0.313064   0.91402 -0.259743
-0.941205  0.132141  0.310922  0.375001
-0.218118 -0.940494 -0.260567   1.65482
        0         0         0         1

  0.24477 -0.311274  0.918257 -0.269586
-0.943234  0.142836  0.299847  0.376251
-0.224495 -0.939524 -0.258642   1.64671
        0         0         0         1

 0.231804 -0.312623  0.921159  -0.27545
-0.945456  0.150389  0.288957  0.380337
-0.228867 -0.937897  -0.26071    1.6416
        0         0         0         1

 0.198146 -0.312173  0.929132 -0.287218
-0.948724   0.17711   0.26183  0.387487
-0.246295  -0.93337 -0.261072   1.63563
        0         0         0         1

 0.191376 -0.313837   0.92999 -0.297087
-0.948218  0.185593  0.257757  0.384575
-0.253493 -0.931162 -0.262067   1.63212
        0         0         0         1

  0.19084 -0.310697  0.931154 -0.314282
-0.946708  0.192481  0.258253  0.377273
-0.259467 -0.930816 -0.257406   1.62191
        0         0         0         1

 0.168516 -0.307485  0.936512 -0.312145
-0.950835  0.199746  0.236675   0.38883
-0.259839 -0.930352 -0.258707   1.61472
        0         0         0         1

 0.165969 -0.316929  0.933815 -0.322856
-0.946917  0.213164  0.240644   0.38265
-0.275323 -0.924184 -0.264727   1.61757
        0         0         0         1

  0.16362 -0.316742  0.934293 -0.332193
-0.946269  0.217384  0.239414  0.379601
-0.278933 -0.923265 -0.264155   1.61095
        0         0         0         1

 0.153438 -0.314547  0.936759 -0.345594
-0.945506  0.228775  0.231689  0.378606
-0.287184 -0.921261 -0.262303   1.59628
        0         0         0         1

 0.145788 -0.307859  0.940196 -0.346826
-0.944693  0.238878  0.224704  0.382321
-0.293769 -0.920956 -0.256007   1.58823
        0         0         0         1

 0.140378 -0.312148  0.939605 -0.351987
-0.943514  0.245493  0.222518  0.383126
-0.300125 -0.917767 -0.260054   1.58204
        0         0         0         1

  0.12983  -0.31263   0.94096 -0.351626
-0.941832  0.257811  0.215607  0.385978
-0.309995 -0.914219 -0.260973   1.57813
        0         0         0         1

 0.130267 -0.317287   0.93934 -0.365986
-0.934192  0.278096  0.223488  0.377484
-0.332137 -0.906637 -0.260181   1.57299
        0         0         0         1

 0.131452 -0.314572  0.940088 -0.372697
-0.931904  0.284167  0.225395  0.374473
-0.338045 -0.905701 -0.255797   1.56655
        0         0         0         1

 0.129539 -0.310419  0.941732 -0.376956
-0.931635  0.287094  0.222784  0.375028
-0.339522  -0.90621 -0.252007   1.55465
        0         0         0         1

 0.121979 -0.302633  0.945269 -0.374457
-0.931217  0.294659  0.214502  0.381382
-0.343447 -0.906416 -0.245875    1.5457
        0         0         0         1

 0.125771 -0.310954  0.942067 -0.378204
-0.925031  0.306369  0.224622  0.378107
-0.358467 -0.899692  -0.24911   1.54686
        0         0         0         1

 0.130889 -0.309688  0.941786 -0.382503
-0.920145  0.315681  0.231687  0.374746
-0.369055 -0.896905 -0.243639   1.54341
        0         0         0         1

  0.13076 -0.308556  0.942176 -0.383125
 -0.91449  0.329492  0.234824  0.378767
-0.382896 -0.892316 -0.239087   1.53041
        0         0         0         1

 0.124771 -0.305138  0.944099 -0.379398
-0.911198  0.341294  0.230731  0.384177
 -0.39262  -0.88905 -0.235458   1.52745
        0         0         0         1

 0.129507 -0.314133  0.940504 -0.384074
-0.907578  0.344504  0.240039  0.379858
-0.399411 -0.884668 -0.240485   1.52678
        0         0         0         1

 0.125839 -0.307105  0.943319 -0.383254
-0.907173  0.349215  0.234706  0.381627
  -0.4015 -0.885288 -0.234653   1.52212
        0         0         0         1

 0.128078 -0.309169  0.942343 -0.387064
-0.902564  0.357488  0.239958  0.380001
-0.411064 -0.881259 -0.233258   1.51694
        0         0         0         1

 0.133418 -0.312664  0.940447  -0.39141
-0.898593  0.362074  0.247857  0.375736
-0.418007 -0.878148  -0.23265   1.51686
        0         0         0         1

 0.127616 -0.315777  0.940212 -0.391275
-0.897727   0.36624  0.244854   0.37578
-0.421663 -0.875302 -0.236744   1.51666
        0         0         0         1

 0.121844 -0.308773  0.943299 -0.388774
-0.898699  0.369082  0.236895   0.37943
-0.421301 -0.876606 -0.232524   1.51112
        0         0         0         1

 0.118166 -0.304334  0.945208 -0.386806
-0.899684  0.370031  0.231616   0.38312
-0.420245 -0.877757 -0.230079   1.50029
        0         0         0         1

 0.116758 -0.302421  0.945997 -0.385743
-0.899067  0.372501  0.230048  0.383349
-0.421956 -0.877374 -0.228404   1.49598
        0         0         0         1

 0.113225 -0.308124  0.944585 -0.387788
-0.896062  0.379058  0.231057  0.379221
-0.429247 -0.872568 -0.233179   1.49808
        0         0         0         1

 0.113353 -0.311329  0.943518 -0.390136
-0.894032  0.382306  0.233556  0.375835
-0.433426 -0.870009 -0.235002   1.49775
        0         0         0         1

 0.113015 -0.314872  0.942382 -0.391725
-0.892995  0.383668  0.235285   0.37335
-0.435646 -0.868133 -0.237819   1.49486
        0         0         0         1

 0.115288 -0.316684  0.941499 -0.394205
 -0.89079  0.386447  0.239065  0.370732
-0.439547 -0.866239 -0.237546   1.49165
        0         0         0         1

 0.113796 -0.321463   0.94006 -0.394295
-0.887735  0.391933  0.241487  0.369436
-0.446069 -0.862004 -0.240773   1.48333
        0         0         0         1

 0.114103 -0.321425  0.940036  -0.39252
-0.885436  0.396205  0.242949   0.36993
-0.450537 -0.860063 -0.239393   1.48003
        0         0         0         1

 0.104536 -0.323832  0.940322 -0.385602
-0.885017  0.401019  0.236492  0.376309
-0.453671 -0.856923 -0.244675   1.47798
        0         0         0         1

 0.107359 -0.327677   0.93867 -0.384884
-0.881227  0.405784  0.242443   0.37615
 -0.46034  -0.85321 -0.245194   1.47675
        0         0         0         1

 0.109907 -0.331543  0.937016  -0.38604
-0.879111   0.40745  0.247282  0.375464
-0.463772  -0.85092 -0.246681   1.47381
        0         0         0         1

 0.115211 -0.338054  0.934048 -0.388349
 -0.87628  0.408262  0.255845  0.371935
-0.467825 -0.847963 -0.249194   1.47333
        0         0         0         1

 0.113949 -0.346011  0.931285 -0.388296
-0.876933  0.405516  0.257965  0.371373
 -0.46691 -0.846069  -0.25722   1.47049
        0         0         0         1

 0.114136 -0.351003  0.929392  -0.38992
-0.876894  0.404102  0.260305  0.370333
-0.466937 -0.844688  -0.26167   1.47047
        0         0         0         1

  0.10799 -0.355711  0.928336 -0.388247
-0.876996  0.405694  0.257468  0.371855
-0.468205 -0.841951 -0.268146   1.47186
        0         0         0         1

 0.108002 -0.359196  0.926992 -0.388684
-0.877077  0.404573  0.258952  0.371725
-0.468051 -0.841011 -0.271348   1.47072
        0         0         0         1

 0.100608 -0.375352  0.921406 -0.389302
-0.872863  0.411153  0.262799  0.371052
-0.477481 -0.830701 -0.286266   1.47656
        0         0         0         1

 0.101908  -0.37368  0.921943 -0.390582
-0.874081  0.408857  0.262335  0.370385
-0.474971 -0.832586 -0.284961   1.47514
        0         0         0         1

0.0950103 -0.371632  0.923506 -0.390155
-0.875502  0.410332  0.255195   0.37188
-0.473783 -0.832777 -0.286379   1.47396
        0         0         0         1

0.0942883 -0.381509  0.919544 -0.391543
-0.872717   0.41277   0.26074  0.370935
-0.479035 -0.827086  -0.29403   1.47731
        0         0         0         1

0.0911626 -0.382043  0.919637 -0.391991
-0.873542  0.412718  0.258048  0.371352
-0.478136 -0.826866 -0.296106   1.47788
        0         0         0         1

0.0899716   -0.3859  0.918143  -0.39306
-0.873249  0.412717  0.259039  0.371764
-0.478896 -0.825073 -0.299854     1.479
        0         0         0         1

0.0873427 -0.393709  0.915076  -0.39628
-0.872481  0.413098  0.261011  0.371918
-0.480779 -0.821184 -0.307423    1.4847
        0         0         0         1

0.0806338  -0.39251  0.916206 -0.395193
-0.874775  0.412735  0.253807  0.374767
-0.477772  -0.82194 -0.310078   1.48531
        0         0         0         1

 0.078001 -0.398122   0.91401 -0.396254
-0.873943  0.413856  0.254848  0.374229
-0.479729 -0.818671 -0.315655   1.49246
        0         0         0         1

0.0742147 -0.397363  0.914655 -0.396221
-0.875412  0.413343  0.250604   0.37557
-0.477647 -0.819298  -0.31718   1.49344
        0         0         0         1

0.0677283 -0.397533  0.915085 -0.397282
-0.876807  0.413916   0.24471  0.377812
-0.476049 -0.818926 -0.320526   1.49879
        0         0         0         1

0.0663575 -0.403278  0.912668 -0.400724
-0.878552      0.41  0.245042     0.377
-0.473014 -0.818088 -0.327094   1.50326
        0         0         0         1

0.0615029 -0.411909  0.909147 -0.400788
-0.880963  0.405762  0.243436  0.380135
-0.469171 -0.815897 -0.337921   1.50985
        0         0         0         1

 0.063714 -0.414563  0.907787 -0.402199
-0.883042  0.400376  0.244819  0.380188
-0.464949 -0.817213 -0.340567   1.50861
        0         0         0         1

0.0634363 -0.424278  0.903307 -0.403062
-0.886931  0.390989  0.245931  0.382604
-0.457526 -0.816772 -0.351502      1.51
        0         0         0         1

0.0704927 -0.444133  0.893183 -0.406592
-0.889405  0.377439  0.257875  0.378378
-0.451653  -0.81258 -0.368407   1.51725
        0         0         0         1

0.0636037 -0.481023  0.874398 -0.399104
-0.896243   0.35787  0.262064   0.38621
-0.438979 -0.800342 -0.408351    1.5342
        0         0         0         1

0.0652474 -0.496309  0.865691 -0.398722
-0.896694  0.351471  0.269086  0.387336
-0.437815 -0.793817 -0.422105    1.5406
        0         0         0         1

0.0580944   -0.5195  0.852493 -0.395122
-0.896999  0.347664   0.27299  0.392757
-0.438199 -0.780545 -0.445793   1.55702
        0         0         0         1

0.0397507 -0.541209  0.839948 -0.383231
-0.901544  0.343044  0.263702  0.402874
-0.430857 -0.767732 -0.474288   1.56789
        0         0         0         1

0.0381056 -0.584204  0.810712  -0.38375
-0.914929  0.305829  0.263386  0.404171
-0.401811 -0.751781 -0.522851   1.58308
        0         0         0         1

0.0287538 -0.600933  0.798782 -0.379753
  -0.9211  0.294466  0.254687  0.408707
-0.388264 -0.743081 -0.545052   1.60045
        0         0         0         1

0.0257744 -0.618651  0.785243 -0.379458
-0.927866  0.277517  0.249096  0.408561
-0.372021 -0.735021 -0.566872   1.61641
        0         0         0         1

0.0257438 -0.621829   0.78273 -0.379509
 -0.93509  0.261879  0.238802  0.409044
-0.353474  -0.73807 -0.574725   1.61971
        0         0         0         1

0.00841546 -0.630442  0.776191 -0.368704
-0.944894  0.249028  0.212511  0.421691
-0.327269 -0.735206 -0.593605   1.63258
        0         0         0         1

-0.00249483 -0.631827  0.775105 -0.365383
-0.953792   0.23439  0.187993  0.430282
-0.300456  -0.73882 -0.603217   1.63577
        0         0         0         1

-0.0359565   -0.6385  0.768781 -0.346489
-0.970316    0.2064   0.12604  0.451821
-0.239153 -0.741429 -0.626969   1.66678
        0         0         0         1

-0.0500777 -0.632506  0.772935  -0.33816
-0.976012  0.195174 0.0964791  0.462611
 -0.21188 -0.749562 -0.627107   1.67526
        0         0         0         1

-0.0513734 -0.630826  0.774222 -0.339118
-0.983683  0.165807 0.0698252  0.464084
-0.172419 -0.758002 -0.629051   1.68784
        0         0         0         1

-0.0584687 -0.630314  0.774136 -0.334186
-0.986984  0.152872  0.049926  0.467842
-0.149813  -0.76114 -0.631048   1.70788
        0         0         0         1

-0.0535952 -0.621666  0.781447  -0.33638
-0.994289  0.105551  0.015776  0.471014
-0.0922896 -0.776138 -0.623773   1.73947
        0         0         0         1

 -0.0540975   -0.614931    0.786723   -0.330009
  -0.996295   0.0859971 -0.00128986    0.477339
 -0.0668627   -0.783878   -0.617304     1.75022
          0           0           0           1

-0.0560749 -0.604789  0.794409 -0.324495
-0.997888 0.0600807 -0.024698   0.48839
-0.0327916 -0.794116 -0.606881   1.76294
        0         0         0         1

-0.0720394   -0.59847   0.797899  -0.305875
 -0.997398  0.0454566 -0.0559563   0.508039
-0.00278161  -0.799854  -0.600188    1.77549
         0          0          0          1

-0.0733375  -0.591783   0.802754   -0.29615
 -0.996861  0.0194193 -0.0767548   0.520535
 0.0298333  -0.805863   -0.59135     1.7928
         0          0          0          1

-0.0983985 -0.583901  0.805839 -0.273207
-0.993761 0.0149231 -0.110532  0.543571
 0.052514 -0.811687 -0.581727   1.80444
        0         0         0         1

 -0.112994  -0.558648   0.821672  -0.261116
 -0.988117 -0.0235443  -0.151891   0.565876
  0.104199  -0.829071  -0.549349    1.81592
         0          0          0          1

 -0.107393  -0.556466   0.823901  -0.257179
 -0.986999 -0.0399983  -0.155667   0.573817
  0.119578  -0.829907  -0.544936    1.83015
         0          0          0          1

 -0.121256  -0.558835   0.820366  -0.234952
 -0.981812 -0.0541122  -0.181981   0.597966
  0.146089  -0.827512  -0.542109    1.84455
         0          0          0          1

 -0.108731  -0.556946     0.8234  -0.234774
 -0.981875 -0.0691826  -0.176453    0.60013
   0.15524  -0.827662  -0.539329    1.85647
         0          0          0          1

-0.0969388 -0.549497  0.829853 -0.222907
-0.976909  -0.10697 -0.184949  0.623663
 0.190398  -0.82862 -0.526439   1.86198
        0         0         0         1

 -0.10332 -0.551162  0.827977 -0.206159
-0.974165 -0.111992 -0.196113   0.64376
 0.200817 -0.826848 -0.525352   1.87238
        0         0         0         1

-0.108229 -0.550972  0.827476 -0.188407
 -0.97191 -0.116341 -0.204585  0.662878
  0.20899 -0.826374 -0.522904   1.89422
        0         0         0         1

 -0.11292  -0.55582  0.823598 -0.168809
-0.968318 -0.124251 -0.216615  0.679742
 0.222732 -0.821965  -0.52418   1.90569
        0         0         0         1

-0.121204  -0.55558  0.822582 -0.152566
-0.964061 -0.131492 -0.230861  0.700869
 0.236425    -0.821 -0.519676    1.9155
        0         0         0         1

-0.114229 -0.556242  0.823132  -0.15029
-0.963085 -0.141299 -0.229135  0.710018
 0.243762  -0.81892 -0.519567   1.92982
        0         0         0         1

-0.130903 -0.553169   0.82272  -0.10998
-0.950255  -0.16657 -0.263191  0.759477
  0.28263 -0.816247 -0.503847   1.93037
        0         0         0         1

-0.114927 -0.553073  0.825168 -0.113223
-0.953019 -0.172972 -0.248669  0.761755
 0.280263 -0.814979 -0.507209    1.9527
        0         0         0         1

-0.115853 -0.551969  0.825778 -0.101107
-0.950267 -0.180374 -0.253884  0.777333
 0.289085 -0.814123 -0.503621   1.96326
        0         0         0         1

-0.113878 -0.554759  0.824181 -0.087726
-0.948239 -0.186836 -0.256779  0.792761
 0.296437 -0.810762 -0.504767   1.97723
        0         0         0         1

