 -0.491509   -0.81607  -0.304054    1.26123
 -0.836752   0.539305 -0.0948503   0.820564
  0.241383   0.207798  -0.947921    2.98566
         0          0          0          1

 -0.471534  -0.840612  -0.266509      1.233
     -0.86   0.505204 -0.0718987   0.792995
   0.19508   0.195295  -0.961147    2.97061
         0          0          0          1

 -0.466922  -0.846021  -0.257357    1.23393
 -0.869081   0.492782 -0.0431695    0.75855
  0.163343   0.203508  -0.965352    2.95857
         0          0          0          1

 -0.466922  -0.846021  -0.257357    1.23393
 -0.869081   0.492782 -0.0431695    0.75855
  0.163343   0.203508  -0.965352    2.95857
         0          0          0          1

-0.432022 -0.876192 -0.213647   1.22136
-0.898096    0.4396 0.0132147  0.694072
0.0823409  0.197585 -0.976821   2.88323
        0         0         0         1

-0.425183 -0.883195 -0.197955   1.21069
  -0.9033  0.427875  0.031177  0.677443
0.0571644  0.192069 -0.979715   2.86045
        0         0         0         1

-0.429157 -0.881909 -0.195092   1.21725
-0.902163  0.429028 0.0451395  0.653699
0.0438912  0.195377 -0.979746   2.83536
        0         0         0         1

-0.423996 -0.885874 -0.188295   1.22237
-0.905569  0.417696 0.0739895  0.629092
0.0131046  0.201885 -0.979322   2.81934
        0         0         0         1

-0.399972 -0.903207  -0.15569   1.20103
-0.915869  0.387437  0.105248  0.602282
-0.0347405  0.184688 -0.982183   2.79852
        0         0         0         1

-0.391428 -0.908374 -0.147106   1.19549
-0.919416  0.379429  0.103475  0.595517
-0.0381776  0.175755 -0.983693   2.76755
        0         0         0         1

-0.381803 -0.915225 -0.128802   1.19248
-0.921699  0.366701  0.126496  0.571804
-0.0685407  0.167013 -0.983569   2.74326
        0         0         0         1

-0.373714 -0.918989 -0.125689   1.19098
-0.924317  0.357686  0.133036  0.564318
-0.0773015  0.165894 -0.983109    2.7091
        0         0         0         1

 -0.344009  -0.934113 -0.0953473    1.17711
 -0.930031   0.324999   0.171516   0.525296
 -0.129227   0.147679  -0.980557    2.65974
         0          0          0          1

 -0.333571    -0.9391 -0.0825921    1.16931
 -0.931878   0.315214   0.179564   0.519735
 -0.142595   0.136863  -0.980273    2.62266
         0          0          0          1

 -0.328486   -0.94149 -0.0754558    1.17695
 -0.930031   0.308483   0.199703   0.499646
 -0.164742   0.135776  -0.976947    2.60184
         0          0          0          1

 -0.320388  -0.944971 -0.0661897    1.17791
 -0.928165   0.299185   0.221356   0.483017
 -0.189372   0.132355  -0.972944    2.57716
         0          0          0          1

 -0.301686   -0.95188 -0.0539389    1.18284
 -0.925476   0.278785   0.256462   0.449506
 -0.229083    0.12729  -0.965048     2.5286
         0          0          0          1

 -0.286655  -0.956743 -0.0497093      1.181
 -0.925461   0.263121   0.272562   0.436273
 -0.247692   0.124135  -0.960853     2.5041
         0          0          0          1

  -0.26857  -0.962421 -0.0402017    1.17355
 -0.926582   0.246712   0.283865   0.426936
  -0.26328   0.113488  -0.958021    2.47674
         0          0          0          1

-0.253756 -0.966555 -0.037151   1.17191
-0.928427  0.232612  0.289679  0.421294
-0.271349     0.108 -0.956402   2.44785
        0         0         0         1

-0.251777 -0.966943 -0.040363     1.184
-0.924764  0.228078  0.304616  0.406471
-0.285341  0.114022  -0.95162   2.42333
        0         0         0         1

-0.239405 -0.970133 -0.039077   1.18312
-0.925523  0.215863  0.311145   0.40167
-0.293416  0.110656 -0.949559   2.39262
        0         0         0         1

 -0.227247  -0.973198 -0.0352724    1.19738
 -0.916804   0.201585   0.344723    0.37532
 -0.328373   0.110675  -0.938042    2.34561
         0          0          0          1

 -0.215025  -0.976062 -0.0326551    1.20129
 -0.914943   0.189642   0.356252   0.367772
 -0.341531   0.106481  -0.933819     2.3211
         0          0          0          1

 -0.197979  -0.979836 -0.0269396     1.2026
 -0.912945   0.174319   0.368978   0.358681
 -0.356842  0.0976442  -0.929048    2.29675
         0          0          0          1

 -0.182816  -0.982859 -0.0237853    1.20423
 -0.911186     0.1603   0.379532   0.351595
 -0.369214  0.0910575  -0.924873    2.27339
         0          0          0          1

 -0.161767   -0.98662 -0.0203062    1.21615
 -0.904837   0.140083   0.402052   0.335658
 -0.393829  0.0834124  -0.915391    2.22382
         0          0          0          1

 -0.147221  -0.988947 -0.0176094    1.22055
 -0.904222    0.12735   0.407633   0.331624
 -0.400885   0.075935  -0.912976    2.19665
         0          0          0          1

 -0.143855  -0.989505 -0.0136594    1.23153
 -0.901088    0.12527   0.415148   0.325478
 -0.409079  0.0720293  -0.909652    2.16903
         0          0          0          1

  -0.121615   -0.992564 -0.00521991     1.22901
  -0.896552    0.107592    0.429673    0.319383
  -0.425916   0.0569348    -0.90297     2.14865
          0           0           0           1

 -0.101644  -0.994818 0.00245097    1.24397
 -0.887269  0.0917689   0.452032   0.307262
 -0.449914  0.0437716  -0.891998    2.10051
         0          0          0          1

-0.0946494  -0.995503 0.00379553    1.25233
  -0.88242  0.0856614   0.462599   0.301237
 -0.460844  0.0404354   -0.88656    2.07918
         0          0          0          1

-0.078933  -0.99687 0.0044373   1.25735
-0.879509 0.0717343  0.470445  0.297018
-0.469291  0.033231 -0.882418   2.05556
        0         0         0         1

-0.0701263  -0.997527 0.00477632     1.2632
 -0.877853  0.0639859   0.474636   0.293862
 -0.473768  0.0290916  -0.880169    2.03218
         0          0          0          1

 -0.057272  -0.998346 0.00499805    1.26814
 -0.874635  0.0525877   0.481922   0.290061
 -0.481388  0.0232292    -0.8762    2.00924
         0          0          0          1

-0.0403243  -0.999146 0.00905254     1.2699
  -0.86925  0.0395467   0.492789   0.284987
 -0.492726  0.0120025  -0.870102    1.99243
         0          0          0          1

 -0.0214757   -0.999646   0.0157023      1.2813
   -0.86342   0.0264626    0.503791    0.279457
  -0.504029 -0.00273841   -0.863683     1.94603
          0           0           0           1

-0.0105131  -0.999755  0.0194659    1.28449
 -0.856902  0.0190408   0.515128   0.276661
 -0.515373 -0.0112648  -0.856892    1.92689
         0          0          0          1

-0.00333917  -0.999768  0.0212919    1.28961
 -0.853093  0.0139571   0.521572   0.275595
 -0.521748 -0.0164224  -0.852942    1.89951
         0          0          0          1

0.00743402  -0.999565  0.0285364    1.29562
 -0.846422 0.00890542   0.532438   0.273757
 -0.532461  -0.028112  -0.845988    1.87879
         0          0          0          1

  0.0285521   -0.999124   0.0306041     1.30684
  -0.832582 -0.00682761    0.553859    0.271768
  -0.553165  -0.0412943   -0.832048     1.83408
          0           0           0           1

 0.0420978  -0.998682  0.0293598    1.31102
 -0.827039 -0.0183451   0.561845   0.272193
 -0.560566 -0.0479341  -0.826721    1.81258
         0          0          0          1

 0.0530497   -0.99816  0.0293581     1.3158
 -0.820057 -0.0267704   0.571655    0.27211
 -0.569817 -0.0544014  -0.819969    1.79024
         0          0          0          1

 0.0676497  -0.997284  0.0291269    1.31906
 -0.813433 -0.0382271   0.580401   0.272379
 -0.577711 -0.0629567   -0.81381    1.77093
         0          0          0          1

 0.0803476  -0.996313  0.0300647    1.32424
 -0.805513 -0.0471356     0.5907   0.272163
 -0.587105 -0.0716788  -0.806331    1.75065
         0          0          0          1

 0.0894682  -0.995498  0.0312898    1.33022
 -0.799213 -0.0530094   0.598706   0.272672
 -0.594352 -0.0785724  -0.800358    1.72978
         0          0          0          1

  0.116042  -0.992574  0.0364731    1.34073
 -0.786764 -0.0694435   0.613335    0.27603
 -0.606248 -0.0998686   -0.78898    1.68856
         0          0          0          1

  0.128533  -0.990917  0.0395337    1.34688
  -0.77807 -0.0760466   0.623557   0.277157
 -0.614887  -0.110907  -0.780778    1.67369
         0          0          0          1

  0.141824  -0.989024  0.0414407    1.35359
 -0.770666 -0.0840447   0.631673   0.278863
 -0.621257  -0.121524  -0.774127    1.65651
         0          0          0          1

  0.154077  -0.987123  0.0430018    1.35945
 -0.763082 -0.0912346    0.63983   0.279547
 -0.627668  -0.131397  -0.767312    1.64388
         0          0          0          1

 0.168452 -0.984822 0.0418351   1.36512
 -0.75786 -0.102259  0.644353  0.281667
-0.630295 -0.140248 -0.763583   1.62859
        0         0         0         1

 0.179604 -0.982967 0.0389649   1.37036
-0.753878 -0.112083  0.647384  0.283033
 -0.63199 -0.145647 -0.761167   1.61574
        0         0         0         1

 0.210965 -0.977087 0.0282005   1.37822
-0.744324 -0.141874  0.652575  0.287601
-0.633621 -0.158661 -0.757199   1.59565
        0         0         0         1

  0.21721 -0.975938 0.0191024   1.38394
-0.746335 -0.153432  0.647644  0.288806
-0.629129 -0.154931 -0.761704   1.58305
        0         0         0         1

 0.224776 -0.974337 0.0119411   1.39171
-0.746733  -0.16437  0.644495  0.288982
-0.625992 -0.153784 -0.764516   1.57389
        0         0         0         1

 0.231094 -0.972908 0.0068202    1.3975
-0.747453 -0.173046  0.641381  0.289186
-0.622824 -0.153317 -0.767192   1.56706
        0         0         0         1

   0.252289   -0.967628 -0.00677671     1.40564
   -0.75045   -0.200076    0.629916    0.290369
  -0.610881   -0.153836   -0.776633     1.55428
          0           0           0           1

 0.261513 -0.965106 -0.013492   1.41098
-0.749911 -0.211962  0.626662  0.290818
-0.607655 -0.153762 -0.779174   1.55073
        0         0         0         1

  0.279373  -0.959934 -0.0218636    1.41322
 -0.745471  -0.231195   0.625158   0.292675
 -0.605165  -0.158353  -0.780192    1.54833
         0          0          0          1

   0.28848  -0.957062 -0.0284996    1.41804
  -0.74421  -0.242851   0.622234   0.293114
 -0.602437  -0.158293  -0.782312    1.54411
         0          0          0          1

  0.305078  -0.951665 -0.0355221    1.42218
 -0.740869  -0.260609   0.619028   0.294879
 -0.598364  -0.162535  -0.784565    1.54067
         0          0          0          1

  0.317643  -0.947411 -0.0389229    1.42699
  -0.73695  -0.272494   0.618588   0.295477
 -0.596663  -0.167806  -0.784751    1.53901
         0          0          0          1

  0.33869 -0.939864  -0.04411   1.43907
-0.731138 -0.292402  0.616391  0.294692
-0.592221 -0.176515 -0.786204   1.53673
        0         0         0         1

 0.354134 -0.934108 -0.045062   1.44182
-0.727711  -0.30551  0.614086  0.295304
-0.587389 -0.184677 -0.787952   1.53722
        0         0         0         1

  0.365587  -0.929615 -0.0464898     1.4447
 -0.726661  -0.316271   0.609866   0.294256
 -0.581644  -0.189177   -0.79114    1.53612
         0          0          0          1

  0.377055  -0.925155 -0.0438042    1.44681
 -0.721474  -0.323042    0.61247   0.293467
  -0.58078  -0.199331   -0.78928     1.5379
         0          0          0          1

  0.399842  -0.915469 -0.0451976    1.44997
 -0.711711  -0.341165   0.614063   0.290969
 -0.577576  -0.213361  -0.787961    1.53977
         0          0          0          1

  0.411735  -0.910072 -0.0473699    1.45057
 -0.703583  -0.350491   0.618164   0.289469
 -0.579176  -0.221191   -0.78462    1.54228
         0          0          0          1

  0.41873   -0.9068 -0.048775   1.45108
-0.700431 -0.356687  0.618199  0.286013
-0.577981 -0.224695 -0.784507   1.54431
        0         0         0         1

  0.425187    -0.9037 -0.0504096    1.45108
   -0.6988  -0.363159   0.616275   0.282434
 -0.575234  -0.226806  -0.785916    1.54582
         0          0          0          1

  0.433376  -0.899828 -0.0499497    1.44944
 -0.696804  -0.369714   0.614634   0.277544
 -0.571532  -0.231563  -0.787229    1.54817
         0          0          0          1

  0.437052  -0.898265 -0.0458731    1.44902
 -0.694517  -0.369447   0.617378   0.270413
 -0.571517  -0.237967  -0.785328    1.55308
         0          0          0          1

  0.452321   -0.89095 -0.0401609    1.44035
 -0.689109  -0.377726   0.618427   0.258339
 -0.566158  -0.252053  -0.784815    1.56122
         0          0          0          1

  0.455719  -0.889594 -0.0306941    1.43749
 -0.686415  -0.373171   0.624162   0.250147
 -0.566705  -0.263374  -0.780692    1.56805
         0          0          0          1

  0.459039  -0.888112 -0.0232355    1.43219
 -0.685584   -0.37075   0.626513   0.242182
 -0.565029  -0.271664  -0.779064    1.57183
         0          0          0          1

  0.464304  -0.885547 -0.0151396    1.42546
 -0.682887  -0.368827    0.63058   0.235454
 -0.563992  -0.282442  -0.775977    1.57654
         0          0          0          1

  0.463697  -0.885967 0.00691215    1.41538
 -0.684338  -0.353192   0.637916   0.215668
 -0.562731   -0.30053  -0.770075    1.58493
         0          0          0          1

 0.465939 -0.884572 0.0208102   1.40852
 -0.68532 -0.345908  0.640847  0.206694
-0.559677 -0.312857 -0.767387   1.58827
        0         0         0         1

 0.466458 -0.883833  0.035445   1.40129
-0.685396 -0.335819   0.64611  0.196423
 -0.55915 -0.325677 -0.762421   1.59351
        0         0         0         1

  0.46575 -0.883553 0.0491002   1.39523
-0.686288 -0.325624  0.650368  0.186043
-0.558646 -0.336606 -0.758031    1.5983
        0         0         0         1

 0.463978 -0.883597 0.0631016   1.38845
-0.688444 -0.314841  0.653391  0.174644
-0.557467 -0.346601 -0.754386   1.60226
        0         0         0         1

 0.466014 -0.881651 0.0743121   1.37979
-0.686728 -0.307464  0.658688  0.164731
-0.557885  -0.35799 -0.748737   1.60897
        0         0         0         1

  0.46564  -0.87974 0.0961108   1.36223
-0.689447 -0.292527  0.662639  0.141404
-0.554835 -0.374815 -0.742746   1.62111
        0         0         0         1

 0.460945 -0.881059  0.106136   1.35514
-0.692865 -0.282572  0.663394  0.129156
-0.554498 -0.379326 -0.740705   1.62707
        0         0         0         1

 0.458123 -0.881492  0.114436   1.34572
-0.695536 -0.275324  0.663647  0.115954
-0.553492 -0.383626 -0.739241   1.63259
        0         0         0         1

 0.456009 -0.881382  0.123372   1.33771
-0.698715 -0.268693  0.663024  0.104074
-0.551229 -0.388547 -0.738362     1.638
        0         0         0         1

 0.447526 -0.883284  0.139751   1.31942
-0.705574 -0.252742  0.662033 0.0773834
-0.549442 -0.394882  -0.73633   1.64878
        0         0         0         1

 0.442225  -0.88469  0.147514   1.31039
-0.709519 -0.244459  0.660926 0.0645809
-0.548653 -0.396942  -0.73581   1.65324
        0         0         0         1

 0.436077  -0.88641  0.155287   1.30157
-0.712312  -0.23454  0.661515 0.0499985
-0.549952 -0.399084 -0.733678   1.65879
        0         0         0         1

 0.429917 -0.888289  0.161601   1.29291
-0.716738 -0.226931  0.659385 0.0367767
-0.549052 -0.399307 -0.734232   1.66246
        0         0         0         1

 0.422839  -0.89026  0.169246   1.28363
-0.720503    -0.217  0.658625 0.0215405
-0.549621 -0.400434 -0.733191   1.66791
        0         0         0         1

  0.415957  -0.892509   0.174374    1.27495
 -0.724915  -0.209652   0.656158 0.00798294
  -0.54907  -0.399341    -0.7342    1.67162
         0          0          0          1

  0.399809  -0.897815    0.18461    1.25673
 -0.733397  -0.192533   0.651966 -0.0216368
 -0.549802  -0.396054  -0.735431    1.67932
         0          0          0          1

  0.392276  -0.900099   0.189582     1.2484
 -0.737138  -0.184326   0.650116 -0.0355487
 -0.550224  -0.394774  -0.735804    1.68286
         0          0          0          1

  0.382548  -0.903297   0.194196    1.23964
 -0.740538  -0.174077   0.649077 -0.0509127
 -0.552504  -0.392112  -0.735518    1.68592
         0          0          0          1

  0.372271  -0.906998   0.196896    1.23163
 -0.745258  -0.165679   0.645865 -0.0644204
 -0.553177  -0.387175  -0.737625    1.68734
         0          0          0          1

  0.354224  -0.913047   0.202164    1.21468
 -0.750828  -0.148804   0.643517 -0.0936984
 -0.557478   -0.37974  -0.738252     1.6922
         0          0          0          1

 0.343401 -0.916976  0.203051   1.20664
-0.754723  -0.14075  0.640767 -0.107127
-0.558989 -0.373288 -0.740397    1.6934
        0         0         0         1

 0.331661 -0.920827  0.205128   1.19785
-0.758635 -0.131076  0.638194 -0.122114
-0.560779 -0.367282 -0.742045   1.69579
        0         0         0         1

 0.319738 -0.924816  0.206113   1.18964
-0.764353 -0.123202  0.632919  -0.13523
 -0.55994 -0.359911 -0.746278   1.69664
        0         0         0         1

 0.306952 -0.928787  0.207691   1.18085
 -0.76934 -0.113683  0.628643 -0.149443
-0.560265 -0.352749 -0.749448   1.69802
        0         0         0         1

  0.29429 -0.932447  0.209609   1.17299
-0.773549 -0.103597  0.625211 -0.162305
-0.561262 -0.346136 -0.751781   1.69873
        0         0         0         1

  0.266425  -0.939914   0.213493    1.15701
 -0.780611 -0.0804842   0.619814  -0.188097
 -0.565389  -0.331788   -0.75515    1.69816
         0          0          0          1

  0.252591  -0.943428   0.214804    1.15007
 -0.782955 -0.0688592   0.618256  -0.199544
 -0.568489  -0.324348  -0.756055     1.6973
         0          0          0          1

  0.239205  -0.946557   0.216357    1.14184
 -0.785635 -0.0577403    0.61599  -0.211323
 -0.570577  -0.317325  -0.757461    1.69632
         0          0          0          1

   0.22614  -0.949267   0.218526    1.13408
 -0.788485 -0.0466571   0.613282  -0.221899
 -0.571972  -0.310992  -0.759034    1.69531
         0          0          0          1

  0.194536  -0.954916   0.224257    1.11786
 -0.795182 -0.0196664   0.606052  -0.243991
 -0.574318  -0.296224  -0.763158    1.69353
         0          0          0          1

  0.180084  -0.957017    0.22735    1.11026
 -0.797305 -0.0066534    0.60354  -0.253494
 -0.576085  -0.289955  -0.764233    1.69257
         0          0          0          1

 0.164398 -0.958976  0.230952     1.102
-0.799633 0.0075238  0.600442 -0.263188
-0.577547 -0.283388 -0.765592   1.69079
        0         0         0         1

 0.150298  -0.96048  0.234282   1.09473
-0.801009 0.0205938  0.598298 -0.271454
-0.579478 -0.277585 -0.766258   1.68897
        0         0         0         1

 0.133675 -0.962064  0.237831   1.08709
-0.802941 0.0355242  0.594999  -0.27995
-0.580876 -0.270501 -0.767732   1.68649
        0         0         0         1

 0.121452 -0.962828  0.241269   1.07974
-0.803323 0.0474272  0.593652 -0.287139
-0.583027 -0.265918 -0.767702   1.68447
        0         0         0         1

0.0935048 -0.964224  0.248051   1.06475
-0.803782 0.0739151  0.590314 -0.300862
 -0.58753 -0.254576 -0.768114   1.67971
        0         0         0         1

 0.081814 -0.964259  0.252012   1.05802
-0.803315 0.0858653  0.589332 -0.306488
-0.589908 -0.250661 -0.767579   1.67744
        0         0         0         1

 0.067284 -0.964366  0.255873   1.05088
-0.802892  0.099913  0.587692 -0.312139
-0.592315 -0.244981 -0.767559   1.67478
        0         0         0         1

0.0553728 -0.963861  0.260586   1.04437
-0.802712  0.112236  0.585711 -0.316847
-0.593791 -0.241608 -0.767488   1.67263
        0         0         0         1

0.0334987 -0.961442  0.272962   1.03068
-0.800924  0.137543  0.582754 -0.325403
-0.597828 -0.238143 -0.765434   1.66786
        0         0         0         1

0.0239306 -0.959689  0.280044   1.02465
-0.799989   0.14961  0.581063 -0.328762
-0.599537 -0.237937  -0.76416   1.66564
        0         0         0         1

0.0141051 -0.957527  0.287998   1.01827
-0.798509   0.16257  0.579616 -0.332117
-0.601817 -0.238145 -0.762301   1.66341
        0         0         0         1

0.00506068 -0.955343  0.295456   1.01257
-0.797132  0.174542  0.578028 -0.334873
-0.603784 -0.238442 -0.760651   1.66128
        0         0         0         1

-0.00358776 -0.952502  0.304511   1.00681
-0.795733  0.187145  0.576009  -0.33756
-0.605638 -0.240243 -0.758608   1.65889
        0         0         0         1

-0.0101127 -0.949799  0.312699   1.00153
-0.794403  0.197554  0.574366 -0.339643
-0.607307   -0.2426 -0.756521   1.65682
        0         0         0         1

-0.0236073 -0.944237   0.32842  0.991216
-0.790684  0.218664  0.571843 -0.343589
-0.611769 -0.246177 -0.751755    1.6526
        0         0         0         1

-0.0285695 -0.941454  0.335928  0.986845
-0.788643  0.227721  0.571127 -0.345148
-0.614188  -0.24861 -0.748977   1.65059
        0         0         0         1

-0.0334519  -0.93862  0.343326  0.982261
-0.787255  0.236376  0.569522 -0.346383
-0.615719 -0.251234 -0.746841   1.64815
        0         0         0         1

-0.0375605 -0.936439  0.348814  0.978425
-0.785311  0.243519  0.569197 -0.347509
-0.617961 -0.252548 -0.744542   1.64627
        0         0         0         1

-0.0454432 -0.932078  0.359396  0.971174
-0.782731  0.256761  0.566927 -0.348948
-0.620699 -0.255547 -0.741234   1.64173
        0         0         0         1

-0.0485163 -0.930283  0.363619  0.968176
-0.781612   0.26202  0.566064 -0.349308
-0.621875 -0.256746 -0.739833   1.63957
        0         0         0         1

-0.0514754 -0.928389  0.368026  0.965172
-0.780228  0.267413  0.565451 -0.349561
-0.623373 -0.258038 -0.738121   1.63725
        0         0         0         1

-0.0540882 -0.926727  0.371821  0.962584
-0.779207  0.272029  0.564657 -0.349562
-0.624429 -0.259184 -0.736826   1.63502
        0         0         0         1

-0.0576246 -0.925254  0.374945  0.960064
-0.777855  0.277032  0.564088 -0.349529
-0.625797 -0.259147 -0.735677   1.63267
        0         0         0         1

-0.0586509  -0.92408  0.377672  0.957748
-0.776817  0.279861  0.564122 -0.349424
-0.626989 -0.260296 -0.734255   1.63066
        0         0         0         1

-0.0624788 -0.922634  0.380583  0.953529
-0.775015  0.285117  0.563968 -0.348894
-0.628847 -0.259721 -0.732869    1.6264
        0         0         0         1

-0.0653454 -0.922288  0.380939  0.951978
-0.773856  0.287852   0.56417 -0.348635
-0.629982 -0.257926 -0.732528   1.62465
        0         0         0         1

-0.0665494 -0.921911  0.381642  0.950129
-0.773253  0.289385  0.564213 -0.348172
-0.630596 -0.257558 -0.732129   1.62261
        0         0         0         1

-0.0676241 -0.921644  0.382098  0.948445
-0.772561  0.290709   0.56448 -0.347591
-0.631329 -0.257022 -0.731685   1.62051
        0         0         0         1

-0.0693844 -0.921363  0.382459  0.946909
-0.771425   0.29264  0.565035 -0.346846
-0.632526 -0.255834 -0.731068    1.6183
        0         0         0         1

-0.0711856 -0.921083  0.382805  0.945414
-0.770666  0.294435   0.56514 -0.346135
-0.633251 -0.254785 -0.730806   1.61614
        0         0         0         1

 -0.07534 -0.920566  0.383252  0.942349
-0.768733  0.298419  0.565681 -0.344409
-0.635116    -0.252 -0.730153   1.61184
        0         0         0         1

-0.0765134 -0.920676  0.382756  0.940838
-0.767508  0.299427  0.566811 -0.343538
-0.636457 -0.250399 -0.729536   1.60977
        0         0         0         1

-0.0794606 -0.920734  0.382015   0.93928
-0.766666   0.30138  0.566916 -0.342227
-0.637111  -0.24783 -0.729843   1.60725
        0         0         0         1

-0.0818098 -0.918554  0.386737  0.937537
-0.766188  0.306127  0.565015 -0.341313
-0.637387  -0.25009  -0.72883   1.60535
        0         0         0         1

-0.0856624 -0.915982  0.391967  0.933785
-0.765776  0.312209   0.56224 -0.339963
-0.637377 -0.251996 -0.728181    1.6026
        0         0         0         1

-0.0877587 -0.915579  0.392446  0.932199
-0.765136  0.314225  0.561987 -0.339469
 -0.63786 -0.250956 -0.728118    1.6016
        0         0         0         1

-0.0904268 -0.914677   0.39394  0.930346
-0.764403  0.317297  0.561258 -0.338824
-0.638366 -0.250376 -0.727874   1.60013
        0         0         0         1

-0.0918728 -0.914148  0.394833  0.928462
-0.763781    0.3191  0.561082 -0.338443
-0.638903 -0.250018 -0.727526   1.59926
        0         0         0         1

-0.0976034 -0.913194  0.395664  0.924669
-0.762918  0.323948  0.559476 -0.337802
-0.639085 -0.247252 -0.728311   1.59796
        0         0         0         1

-0.0990634 -0.912576  0.396727  0.922847
-0.762032  0.325961  0.559515 -0.337587
-0.639917 -0.246891 -0.727702   1.59754
        0         0         0         1

-0.100425 -0.912236  0.397165   0.92131
-0.761237  0.327485  0.559707 -0.337252
-0.640651 -0.246128 -0.727315   1.59714
        0         0         0         1

-0.101672 -0.912827  0.395487  0.920404
-0.761152  0.327357  0.559897 -0.336977
-0.640554   -0.2441 -0.728083   1.59665
        0         0         0         1

-0.101542  -0.91396  0.392895  0.919362
 -0.76094  0.325756  0.561118 -0.336789
-0.640827 -0.241993 -0.728546   1.59649
        0         0         0         1

-0.103076 -0.915229  0.389527  0.918813
-0.761352  0.324607  0.561225  -0.33649
-0.640093 -0.238718 -0.730271   1.59621
        0         0         0         1

-0.103828 -0.918538  0.381456  0.917563
-0.761493  0.320131  0.563599  -0.33596
-0.639803 -0.231958 -0.732699   1.59611
        0         0         0         1

-0.104917 -0.920211    0.3771  0.917318
-0.761905  0.318078  0.564204 -0.335594
-0.639134  -0.22812 -0.734485   1.59611
        0         0         0         1

-0.106579 -0.922011  0.372206  0.917093
-0.762263  0.316124   0.56482 -0.335217
-0.638433 -0.223521 -0.736506   1.59615
        0         0         0         1

-0.107254 -0.923679   0.36785  0.916818
-0.762336  0.313908  0.565955 -0.334912
-0.638232 -0.219725 -0.737822   1.59625
        0         0         0         1

-0.109561 -0.926114  0.360983  0.916133
-0.761997  0.311451  0.567766 -0.334033
-0.638245 -0.212863 -0.739819   1.59639
        0         0         0         1

-0.110209 -0.926913  0.358729  0.915873
-0.762007  0.310526  0.568259 -0.333588
-0.638122 -0.210726 -0.740537   1.59652
        0         0         0         1

-0.110914 -0.927844  0.356094  0.915582
-0.761505  0.309577  0.569449 -0.333061
-0.638599 -0.208007 -0.740894   1.59679
        0         0         0         1

-0.112182 -0.928636  0.353625  0.915246
-0.761397     0.309  0.569906 -0.332486
-0.638506 -0.205316 -0.741725   1.59705
        0         0         0         1

-0.113277 -0.929321  0.351468  0.915088
-0.761883  0.308303  0.569635 -0.331703
-0.637733 -0.203251 -0.742958   1.59723
        0         0         0         1

-0.115251 -0.930019  0.348974  0.914984
-0.761671  0.308252  0.569946 -0.330964
-0.637632 -0.200116 -0.743894   1.59762
        0         0         0         1

-0.117341 -0.931217   0.34506  0.914824
-0.762632  0.307053  0.569307 -0.329196
  -0.6361 -0.196351 -0.746206   1.59829
        0         0         0         1

-0.117034 -0.931498  0.344403  0.914546
-0.762224  0.306557  0.570121 -0.328501
-0.636646 -0.195789 -0.745888   1.59875
        0         0         0         1

-0.118255 -0.931378  0.344311  0.914303
 -0.76255  0.307276  0.569297 -0.327501
-0.636029 -0.195232  -0.74656   1.59936
        0         0         0         1

-0.118825 -0.931074  0.344938  0.913979
-0.762507  0.308082  0.568919 -0.326635
-0.635975 -0.195416 -0.746558    1.6002
        0         0         0         1

 -0.11924 -0.929812  0.348184  0.913032
-0.762382    0.3104  0.567825  -0.32465
-0.636047 -0.197742 -0.745884    1.6025
        0         0         0         1

-0.118843 -0.929049  0.350348  0.912417
-0.762364  0.311444  0.567278 -0.323755
-0.636143 -0.199676 -0.745287   1.60398
        0         0         0         1

 -0.11845 -0.928073  0.353059  0.911835
-0.762752  0.312694  0.566066 -0.322566
 -0.63575 -0.202246 -0.744928   1.60574
        0         0         0         1

-0.117756 -0.927172  0.355649  0.911392
  -0.7628  0.313762  0.565411 -0.321597
-0.635822 -0.204708 -0.744194    1.6078
        0         0         0         1

-0.117428 -0.926159  0.358387  0.911232
-0.763059  0.315113  0.564309 -0.320376
-0.635572 -0.207205 -0.743717   1.61034
        0         0         0         1

-0.116564 -0.924948  0.361779  0.911099
-0.763809  0.316317  0.562619  -0.31925
 -0.63483 -0.210749 -0.743355     1.613
        0         0         0         1

-0.111208 -0.922455  0.369744   0.91059
-0.766763  0.316331  0.558577  -0.31711
-0.632224 -0.221388 -0.742483   1.62011
        0         0         0         1

-0.107478 -0.921336  0.373614  0.910587
-0.768198  0.315512  0.557067 -0.316054
-0.631126 -0.227137  -0.74168   1.62412
        0         0         0         1

-0.105489 -0.919891  0.377719  0.910603
-0.770983  0.315556  0.553182 -0.314762
-0.628059 -0.232861 -0.742508   1.62874
        0         0         0         1

-0.101368 -0.918529  0.382138  0.910367
-0.773009  0.314518   0.55094 -0.313662
-0.626244 -0.239549 -0.741913   1.63381
        0         0         0         1

-0.0896849 -0.915403   0.39242  0.908918
 -0.77776  0.310486  0.546524 -0.311449
-0.622131 -0.256193  -0.73981   1.64583
        0         0         0         1

-0.0840321 -0.913636  0.397754  0.908011
-0.780771  0.308387  0.543409 -0.310267
 -0.61914 -0.264891 -0.739255   1.65225
        0         0         0         1

-0.0783594 -0.911153   0.40455  0.907059
-0.783715  0.307107  0.539884  -0.30904
-0.616157 -0.274747 -0.738149   1.66013
        0         0         0         1

-0.0728636  -0.90871   0.41102  0.906074
-0.787699  0.305211  0.535142 -0.307718
-0.611737 -0.284767 -0.738028   1.66756
        0         0         0         1

-0.0666657 -0.905784  0.418462  0.904659
-0.791691  0.303275  0.530329 -0.306317
-0.607273 -0.295938 -0.737319   1.67658
        0         0         0         1

-0.0578059 -0.902833  0.426088  0.902782
-0.795872  0.299339  0.526292 -0.304887
-0.602699 -0.308689 -0.735843   1.68511
        0         0         0         1

-0.0429096 -0.896252  0.441464   0.89902
-0.805033  0.292703  0.515991 -0.301497
-0.591676 -0.333252 -0.734072   1.70534
        0         0         0         1

-0.0330215 -0.892614  0.449611  0.896493
-0.809759  0.287578  0.511457 -0.299613
-0.585832 -0.347188 -0.732299   1.71533
        0         0         0         1

-0.0230744 -0.888571  0.458159  0.893448
-0.814392  0.282514  0.506903 -0.297567
-0.579856 -0.361424 -0.730164   1.72718
        0         0         0         1

-0.0146119 -0.884781  0.465777  0.890681
-0.819666  0.277386  0.501203 -0.295222
-0.572655 -0.374458 -0.729279   1.73832
        0         0         0         1

-0.00460469 -0.880284  0.474425  0.887266
-0.825014  0.271445  0.495651 -0.292541
-0.565094 -0.389125 -0.727496   1.75112
        0         0         0         1

0.00478065 -0.875801  0.482648  0.883809
-0.830085  0.265663  0.490287 -0.289693
-0.557616 -0.402983  -0.72572   1.76353
        0         0         0         1

0.0228006 -0.866391  0.498846  0.875454
-0.842353  0.252092  0.476331  -0.28249
-0.538444 -0.431065 -0.724059   1.79118
        0         0         0         1

0.0323127 -0.861733  0.506332  0.870818
-0.848584  0.244007  0.469432 -0.278297
-0.528074 -0.444834 -0.723368   1.80463
        0         0         0         1

0.0412675 -0.857177  0.513366  0.865617
-0.855214  0.235369  0.461747  -0.27322
 -0.51663 -0.458093 -0.723357   1.81978
        0         0         0         1

0.0510623 -0.852893  0.519583  0.859778
-0.861602  0.225459  0.454764 -0.268069
 -0.50501 -0.470895 -0.723341   1.83372
        0         0         0         1

0.0657815  -0.84683  0.527781  0.847656
-0.874149  0.206156  0.439732 -0.256215
-0.481183 -0.490285 -0.726694   1.86578
        0         0         0         1

0.0712779 -0.845031  0.529946  0.841384
-0.880354  0.196481  0.431709 -0.250139
-0.468932 -0.497311 -0.729921   1.88133
        0         0         0         1

0.0764252 -0.843139  0.532237  0.833866
-0.886921  0.186401  0.422641 -0.242664
-0.455554 -0.504353 -0.733552    1.8984
        0         0         0         1

0.0804599 -0.841625  0.534036  0.826222
-0.892771  0.177414  0.414107 -0.236092
-0.443268 -0.510091 -0.737103   1.91473
        0         0         0         1

0.0804343 -0.840589  0.535668  0.818731
-0.900389  0.169262  0.400812 -0.227796
-0.427587 -0.514549 -0.743242   1.93288
        0         0         0         1

 0.080787 -0.839476  0.537358  0.810184
-0.906677  0.162044  0.389459 -0.219665
-0.414017 -0.518674 -0.748042   1.94953
        0         0         0         1

0.0811827 -0.836304  0.542223  0.790864
-0.919417  0.147202  0.364696 -0.201726
-0.384813 -0.528136 -0.756962   1.98652
        0         0         0         1

 0.082304 -0.833769  0.545945  0.780769
-0.925416  0.139389  0.352386 -0.191508
-0.369907 -0.534229 -0.760111    2.0025
        0         0         0         1

0.0806727 -0.833338  0.546846  0.771126
-0.930188  0.134169  0.341685 -0.181348
-0.358109 -0.536234 -0.764337   2.02187
        0         0         0         1

 0.080541 -0.831739  0.549294  0.761705
-0.934383  0.128873  0.332144 -0.170898
-0.347046 -0.540002 -0.766783   2.03866
        0         0         0         1

0.0751056 -0.828566  0.554831  0.741496
-0.943574  0.120914  0.308297 -0.146911
-0.322532 -0.546679 -0.772732   2.07504
        0         0         0         1

 0.072901 -0.827747  0.556345  0.731828
-0.948086  0.115618  0.296253  -0.13434
-0.309546  -0.54906 -0.776347    2.0912
        0         0         0         1

0.0700393 -0.827322  0.557344  0.720019
-0.952224  0.111045  0.284497 -0.121011
-0.297261 -0.550642 -0.780019   2.10934
        0         0         0         1

0.0648381  -0.82701  0.558436  0.709874
-0.955748  0.109456  0.273066 -0.109179
-0.286953 -0.551429 -0.783316   2.12772
        0         0         0         1

 0.0610284  -0.827439   0.558229   0.697373
  -0.96035   0.103749   0.258773 -0.0943783
 -0.272035  -0.551888    -0.7883    2.14558
         0          0          0          1

  0.056596  -0.829395   0.555789   0.686151
 -0.963935  0.0996041   0.246795 -0.0817262
 -0.260049  -0.549712  -0.793846     2.1641
         0          0          0          1

 0.0369258  -0.834741   0.549403   0.664099
 -0.971342  0.0991955   0.215998 -0.0503806
 -0.234801  -0.541634  -0.807156    2.20219
         0          0          0          1

 0.0209051  -0.842523   0.538255   0.658851
 -0.974454   0.103242    0.19945 -0.0349574
 -0.223612  -0.528674  -0.818841    2.22081
         0          0          0          1

0.00859341  -0.846788   0.531862   0.647913
 -0.977257   0.105591   0.183902 -0.0194991
 -0.211886  -0.521346  -0.826621    2.24105
         0          0          0          1

-0.00131975   -0.850217    0.526431    0.636245
  -0.980003    0.105848    0.168494 -0.00388338
  -0.198978   -0.515681   -0.833355     2.25819
          0           0           0           1

-0.0262492 -0.860034  0.509562  0.613767
-0.984371  0.111034  0.136695  0.030916
-0.174141 -0.498009 -0.849507    2.2952
        0         0         0         1

-0.0402394 -0.863954   0.50196  0.604186
 -0.98584  0.116175  0.120926 0.0482444
 -0.16279 -0.489986 -0.856395     2.311
        0         0         0         1

-0.0588139 -0.869395  0.490605  0.596172
-0.985858  0.127838  0.108355 0.0634076
-0.156921 -0.477294 -0.864619    2.3342
        0         0         0         1

-0.0713855 -0.872422  0.483513  0.584627
-0.986732  0.132634 0.0936363 0.0809217
 -0.14582 -0.470413 -0.870315   2.35074
        0         0         0         1

-0.0974799 -0.877872  0.468869  0.578358
-0.987743  0.143043 0.0624664  0.108017
-0.121906 -0.457033 -0.881056   2.36519
        0         0         0         1

-0.111007 -0.880527  0.460815  0.568123
-0.987378  0.150421  0.049573  0.126213
-0.112967 -0.449495 -0.886111   2.38201
        0         0         0         1

 -0.14467 -0.886778  0.438971  0.548595
-0.984602   0.17301 0.0250107  0.159304
-0.0981255 -0.428594 -0.898153   2.42216
        0         0         0         1

-0.159068 -0.888864  0.429671  0.537357
-0.983278  0.181723 0.0119128  0.179394
 -0.08867 -0.420591 -0.902907   2.43461
        0         0         0         1

  -0.17046  -0.890007   0.422885   0.520032
  -0.98128   0.192363 0.00930675   0.193025
-0.0896307  -0.413382  -0.906136    2.45667
         0          0          0          1

  -0.19403  -0.891699   0.408933   0.512691
 -0.978309   0.206716 -0.0134314   0.219419
-0.0725563  -0.402668  -0.912466    2.46741
         0          0          0          1

 -0.237715  -0.895743    0.37568   0.497421
 -0.970139   0.238132 -0.0460801   0.263751
-0.0481856  -0.375416  -0.925603    2.50319
         0          0          0          1

  -0.26384  -0.893894   0.362411    0.49045
  -0.96415   0.255445 -0.0718532    0.29116
 -0.028347  -0.368376  -0.929244    2.51151
         0          0          0          1

 -0.291573  -0.892635   0.343785   0.485485
 -0.956493   0.275953 -0.0947167    0.31909
-0.0103209  -0.356445  -0.934259    2.52759
         0          0          0          1

 -0.308971  -0.892749   0.327927   0.478487
 -0.950976    0.29488 -0.0932212   0.331695
-0.0134759  -0.340653  -0.940093    2.54998
         0          0          0          1

-0.329467 -0.890402  0.314065  0.465174
-0.944164  0.311551  -0.10719  0.356634
-0.00240487 -0.331844 -0.943331   2.56384
        0         0         0         1

-0.352027 -0.888871  0.293233  0.462461
-0.935891  0.329712 -0.124091  0.381069
0.0136184 -0.318117 -0.947954   2.57531
        0         0         0         1

-0.399287 -0.878477  0.262389  0.447529
-0.916276  0.372444 -0.147388  0.428684
0.0317518 -0.299271  -0.95364   2.60873
        0         0         0         1

-0.426103 -0.870648  0.245782  0.439933
-0.903121  0.393455 -0.171947  0.463158
 0.053001 -0.295237 -0.953953   2.61172
        0         0         0         1

-0.449705  -0.86278  0.231032  0.432785
-0.891239  0.416429 -0.179665  0.485887
0.0588033 -0.286701 -0.956214   2.62923
        0         0         0         1

-0.472114 -0.856078  0.210332   0.43112
 -0.87839  0.436696 -0.194238  0.515531
0.0744322 -0.276456  -0.95814   2.64048
        0         0         0         1

-0.535838 -0.826974  0.170273  0.434806
-0.837818  0.495803 -0.228563  0.582694
 0.104594  -0.26513 -0.958523   2.66273
        0         0         0         1

-0.549198 -0.821547   0.15311  0.426594
-0.828777  0.511913 -0.225996  0.594269
 0.107287 -0.251011  -0.96202   2.68032
        0         0         0         1

 -0.57197 -0.806269  0.150934  0.407911
-0.811804  0.530022 -0.245053  0.629642
 0.117581 -0.262691 -0.957689   2.67508
        0         0         0         1

-0.590374 -0.795359  0.137339  0.398777
-0.798555  0.550849 -0.242641   0.64796
 0.117334 -0.252921 -0.960345   2.69044
        0         0         0         1

-0.620785 -0.777028  0.104181  0.412763
-0.771189  0.581333 -0.259458  0.685158
 0.141042 -0.241411 -0.960119   2.70761
        0         0         0         1

 -0.64758 -0.758793 0.0698016  0.429419
-0.747903  0.615393 -0.248861  0.705344
 0.145879 -0.213362 -0.966021   2.73447
        0         0         0         1

-0.700378 -0.713109 0.0307811  0.437038
-0.690937  0.666519 -0.279927  0.791331
 0.179102 -0.217322 -0.959528   2.73076
        0         0         0         1

-0.722228 -0.691331 0.0211749   0.43015
-0.667393  0.688528 -0.283753  0.815301
 0.181588 -0.219066 -0.958664   2.73959
