-0.247932 -0.637739  0.729259   0.89039
-0.834505 -0.241757 -0.495131   1.10165
 0.492068 -0.731329 -0.472257   2.18212
        0         0         0         1

-0.244328 -0.640445  0.728103  0.883053
  -0.8362 -0.241035 -0.492618   1.05987
 0.490992   -0.7292 -0.476648   2.19533
        0         0         0         1

-0.244328 -0.640445  0.728103  0.883053
  -0.8362 -0.241035 -0.492618   1.05987
 0.490992   -0.7292 -0.476648   2.19533
        0         0         0         1

-0.242702 -0.640464   0.72863  0.862215
-0.835009 -0.244412 -0.492974   1.03896
 0.493818 -0.728058 -0.475474   2.18781
        0         0         0         1

-0.242702 -0.640464   0.72863  0.862215
-0.835009 -0.244412 -0.492974   1.03896
 0.493818 -0.728058 -0.475474   2.18781
        0         0         0         1

-0.233904 -0.642626  0.729603  0.829664
-0.837088 -0.248596 -0.487323  0.999657
 0.494543 -0.724729 -0.479787   2.18814
        0         0         0         1

-0.233904 -0.642626  0.729603  0.829664
-0.837088 -0.248596 -0.487323  0.999657
 0.494543 -0.724729 -0.479787   2.18814
        0         0         0         1

-0.223687   -0.6424  0.732998  0.815052
-0.846908 -0.244117 -0.472392  0.968148
 0.482402  -0.72645 -0.489447   2.19432
        0         0         0         1

-0.223687   -0.6424  0.732998  0.815052
-0.846908 -0.244117 -0.472392  0.968148
 0.482402  -0.72645 -0.489447   2.19432
        0         0         0         1

-0.207091 -0.625767  0.752016  0.785397
-0.862026 -0.246777 -0.442734  0.939221
 0.462629 -0.739944 -0.488322   2.18928
        0         0         0         1

-0.207091 -0.625767  0.752016  0.785397
-0.862026 -0.246777 -0.442734  0.939221
 0.462629 -0.739944 -0.488322   2.18928
        0         0         0         1

-0.207178 -0.609326  0.765375  0.769994
-0.870682 -0.241889 -0.428255  0.903726
 0.446082 -0.755124 -0.480415   2.18566
        0         0         0         1

-0.207178 -0.609326  0.765375  0.769994
-0.870682 -0.241889 -0.428255  0.903726
 0.446082 -0.755124 -0.480415   2.18566
        0         0         0         1

-0.215192 -0.605388  0.766288  0.755747
 -0.86646 -0.243607 -0.435779  0.885504
 0.450489 -0.757734 -0.472122   2.17222
        0         0         0         1

-0.215192 -0.605388  0.766288  0.755747
 -0.86646 -0.243607 -0.435779  0.885504
 0.450489 -0.757734 -0.472122   2.17222
        0         0         0         1

-0.214247 -0.601362  0.769716  0.703924
-0.870961 -0.239117 -0.429244  0.843493
 0.442183 -0.762356 -0.472533   2.16368
        0         0         0         1

-0.214247 -0.601362  0.769716  0.703924
-0.870961 -0.239117 -0.429244  0.843493
 0.442183 -0.762356 -0.472533   2.16368
        0         0         0         1

-0.205698 -0.616962  0.759636  0.704517
-0.878029 -0.226428 -0.421658  0.816189
 0.432149 -0.753716 -0.495135   2.17186
        0         0         0         1

-0.205698 -0.616962  0.759636  0.704517
-0.878029 -0.226428 -0.421658  0.816189
 0.432149 -0.753716 -0.495135   2.17186
        0         0         0         1

-0.187846 -0.641049  0.744158  0.700123
 -0.89263  -0.20468 -0.401644  0.793599
 0.409787 -0.739705 -0.533771    2.1649
        0         0         0         1

-0.187846 -0.641049  0.744158  0.700123
 -0.89263  -0.20468 -0.401644  0.793599
 0.409787 -0.739705 -0.533771    2.1649
        0         0         0         1

 -0.14677 -0.642297  0.752272  0.655781
-0.923186 -0.184164 -0.337358  0.747018
 0.355226 -0.744001  -0.56593   2.16035
        0         0         0         1

 -0.14677 -0.642297  0.752272  0.655781
-0.923186 -0.184164 -0.337358  0.747018
 0.355226 -0.744001  -0.56593   2.16035
        0         0         0         1

-0.135911 -0.646886  0.750378  0.639004
-0.929379 -0.179125 -0.322753   0.72426
 0.343195 -0.741251 -0.576857   2.14896
        0         0         0         1

-0.135911 -0.646886  0.750378  0.639004
-0.929379 -0.179125 -0.322753   0.72426
 0.343195 -0.741251 -0.576857   2.14896
        0         0         0         1

-0.136184 -0.661393  0.737572  0.634759
-0.930158 -0.170877 -0.324971  0.702927
 0.340968 -0.730315  -0.59193    2.1196
        0         0         0         1

-0.136184 -0.661393  0.737572  0.634759
-0.930158 -0.170877 -0.324971  0.702927
 0.340968 -0.730315  -0.59193    2.1196
        0         0         0         1

-0.122936 -0.662847  0.738594  0.621076
-0.944153 -0.151146 -0.292796  0.677229
 0.305714 -0.733341 -0.607247   2.11662
        0         0         0         1

-0.122936 -0.662847  0.738594  0.621076
-0.944153 -0.151146 -0.292796  0.677229
 0.305714 -0.733341 -0.607247   2.11662
        0         0         0         1

-0.100083 -0.658918  0.745527  0.601493
-0.965752 -0.115942  -0.23212  0.646292
 0.239386 -0.743225 -0.624748   2.11209
        0         0         0         1

-0.100083 -0.658918  0.745527  0.601493
-0.965752 -0.115942  -0.23212  0.646292
 0.239386 -0.743225 -0.624748   2.11209
        0         0         0         1

-0.0617886  -0.641387   0.764725   0.565984
 -0.987101 -0.0741091  -0.141913   0.605034
  0.147694   -0.76363  -0.628535     2.0959
         0          0          0          1

-0.0617886  -0.641387   0.764725   0.565984
 -0.987101 -0.0741091  -0.141913   0.605034
  0.147694   -0.76363  -0.628535     2.0959
         0          0          0          1

-0.0478648  -0.635575   0.770554   0.555692
 -0.992802 -0.0545219  -0.106641   0.583841
  0.109791  -0.770112   -0.62839    2.07745
         0          0          0          1

-0.0478648  -0.635575   0.770554   0.555692
 -0.992802 -0.0545219  -0.106641   0.583841
  0.109791  -0.770112   -0.62839    2.07745
         0          0          0          1

-0.0505619  -0.623007    0.78058   0.548746
 -0.995727 -0.0290253  -0.087664   0.558373
 0.0772719  -0.781677  -0.618878    2.05047
         0          0          0          1

-0.0505619  -0.623007    0.78058   0.548746
 -0.995727 -0.0290253  -0.087664   0.558373
 0.0772719  -0.781677  -0.618878    2.05047
         0          0          0          1

  -0.042167   -0.611826    0.789868    0.527215
  -0.998114 -0.00950679  -0.0606481    0.534707
  0.0446152   -0.790935   -0.610271     2.03065
          0           0           0           1

  -0.042167   -0.611826    0.789868    0.527215
  -0.998114 -0.00950679  -0.0606481    0.534707
  0.0446152   -0.790935   -0.610271     2.03065
          0           0           0           1

-0.0281213  -0.596003   0.802489   0.510115
 -0.999546 0.00807249 -0.0290312   0.515594
 0.0108246  -0.802941   -0.59596    2.00883
         0          0          0          1

-0.0281213  -0.596003   0.802489   0.510115
 -0.999546 0.00807249 -0.0290312   0.515594
 0.0108246  -0.802941   -0.59596    2.00883
         0          0          0          1

 -0.0295985   -0.583553    0.811535    0.495356
  -0.998951   0.0456431 -0.00361326    0.489345
 -0.0349325   -0.810791   -0.584292     1.97766
          0           0           0           1

 -0.0295985   -0.583553    0.811535    0.495356
  -0.998951   0.0456431 -0.00361326    0.489345
 -0.0349325   -0.810791   -0.584292     1.97766
          0           0           0           1

-0.0428604  -0.581512   0.812408   0.492606
 -0.997224  0.0744603 0.00068703   0.472653
-0.0608917  -0.810123  -0.583089    1.96445
         0          0          0          1

-0.0428604  -0.581512   0.812408   0.492606
 -0.997224  0.0744603 0.00068703   0.472653
-0.0608917  -0.810123  -0.583089    1.96445
         0          0          0          1

-0.0489811 -0.562069  0.825639  0.471604
-0.995336 0.0962464 0.0064731  0.449828
-0.0831031 -0.821471 -0.564162   1.92839
        0         0         0         1

-0.0489811 -0.562069  0.825639  0.471604
-0.995336 0.0962464 0.0064731  0.449828
-0.0831031 -0.821471 -0.564162   1.92839
        0         0         0         1

-0.0432885 -0.563111  0.825246   0.46311
-0.992591  0.118111 0.0285273  0.433556
-0.113535 -0.817897 -0.564052   1.90864
        0         0         0         1

-0.0432885 -0.563111  0.825246   0.46311
-0.992591  0.118111 0.0285273  0.433556
-0.113535 -0.817897 -0.564052   1.90864
        0         0         0         1

-0.0350543 -0.575782  0.816852  0.459401
 -0.98754  0.145429 0.0601304  0.421073
-0.153416 -0.804566 -0.573705    1.8895
        0         0         0         1

-0.0350543 -0.575782  0.816852  0.459401
 -0.98754  0.145429 0.0601304  0.421073
-0.153416 -0.804566 -0.573705    1.8895
        0         0         0         1

-0.0148574 -0.595206  0.803436  0.453608
-0.977723  0.176901  0.112973  0.404279
-0.209371 -0.783859 -0.584575   1.85683
        0         0         0         1

-0.0148574 -0.595206  0.803436  0.453608
-0.977723  0.176901  0.112973  0.404279
-0.209371 -0.783859 -0.584575   1.85683
        0         0         0         1

-0.0209958 -0.602361  0.797947  0.453187
-0.972614  0.197093  0.123192  0.396355
-0.231476 -0.773508 -0.590003   1.83602
        0         0         0         1

-0.0209958 -0.602361  0.797947  0.453187
-0.972614  0.197093  0.123192  0.396355
-0.231476 -0.773508 -0.590003   1.83602
        0         0         0         1

-0.0309164 -0.603386   0.79685  0.447303
-0.964942  0.225905   0.13362  0.383477
-0.260637 -0.764782 -0.589216   1.80592
        0         0         0         1

-0.0309164 -0.603386   0.79685  0.447303
-0.964942  0.225905   0.13362  0.383477
-0.260637 -0.764782 -0.589216   1.80592
        0         0         0         1

-0.0315246 -0.605816   0.79498  0.444674
-0.957298  0.246988  0.150257  0.375467
-0.287378 -0.756296 -0.587733   1.78556
        0         0         0         1

-0.0315246 -0.605816   0.79498  0.444674
-0.957298  0.246988  0.150257  0.375467
-0.287378 -0.756296 -0.587733   1.78556
        0         0         0         1

-0.0214038 -0.615245  0.788046  0.444549
-0.946738  0.265783  0.181789  0.369018
-0.321294 -0.742182 -0.588164   1.76597
        0         0         0         1

-0.0214038 -0.615245  0.788046  0.444549
-0.946738  0.265783  0.181789  0.369018
-0.321294 -0.742182 -0.588164   1.76597
        0         0         0         1

-0.00968878 -0.623321  0.781906  0.449967
-0.931197  0.290567  0.220096  0.365828
-0.364387 -0.725976  -0.58325   1.73049
        0         0         0         1

-0.00968878 -0.623321  0.781906  0.449967
-0.931197  0.290567  0.220096  0.365828
-0.364387 -0.725976  -0.58325   1.73049
        0         0         0         1

-0.0112737 -0.626796  0.779102  0.451313
-0.920318  0.311178  0.237029  0.362631
-0.391008  -0.71435  -0.58036   1.71134
        0         0         0         1

-0.0112737 -0.626796  0.779102  0.451313
-0.920318  0.311178  0.237029  0.362631
-0.391008  -0.71435  -0.58036   1.71134
        0         0         0         1

-0.0147585 -0.622761  0.782273  0.447184
-0.908129  0.335747  0.250153  0.356891
-0.418431 -0.706712 -0.570503   1.68336
        0         0         0         1

-0.0147585 -0.622761  0.782273  0.447184
-0.908129  0.335747  0.250153  0.356891
-0.418431 -0.706712 -0.570503   1.68336
        0         0         0         1

-0.0215108 -0.619692   0.78455  0.448899
-0.901563  0.351194  0.252679  0.355418
-0.432112 -0.701886 -0.566246   1.66352
        0         0         0         1

-0.0215108 -0.619692   0.78455  0.448899
-0.901563  0.351194  0.252679  0.355418
-0.432112 -0.701886 -0.566246   1.66352
        0         0         0         1

-0.0265932 -0.611571  0.790742  0.452869
 -0.89268  0.370539  0.256559   0.35464
-0.449905 -0.699057 -0.555792   1.64627
        0         0         0         1

-0.0265932 -0.611571  0.790742  0.452869
 -0.89268  0.370539  0.256559   0.35464
-0.449905 -0.699057 -0.555792   1.64627
        0         0         0         1

-0.0242291 -0.599092  0.800313  0.455835
-0.876997  0.397021  0.270648  0.352102
-0.479884 -0.695315 -0.535022   1.62382
        0         0         0         1

-0.0242291 -0.599092  0.800313  0.455835
-0.876997  0.397021  0.270648  0.352102
-0.479884 -0.695315 -0.535022   1.62382
        0         0         0         1

-0.0159047 -0.588543  0.808309  0.456331
-0.869417  0.407403  0.279529  0.351099
-0.493822 -0.698312 -0.518169   1.60672
        0         0         0         1

-0.0159047 -0.588543  0.808309  0.456331
-0.869417  0.407403  0.279529  0.351099
-0.493822 -0.698312 -0.518169   1.60672
        0         0         0         1

-0.00905702 -0.572311  0.819987  0.460649
-0.857669  0.426055  0.287892  0.348482
-0.514123 -0.700669 -0.494712   1.58879
        0         0         0         1

-0.00905702 -0.572311  0.819987  0.460649
-0.857669  0.426055  0.287892  0.348482
-0.514123 -0.700669 -0.494712   1.58879
        0         0         0         1

-0.0103483 -0.559959  0.828456  0.468903
-0.851576  0.439199  0.286221  0.349542
-0.524129 -0.702531 -0.481393   1.57623
        0         0         0         1

-0.0103483 -0.559959  0.828456  0.468903
-0.851576  0.439199  0.286221  0.349542
-0.524129 -0.702531 -0.481393   1.57623
        0         0         0         1

-0.00474005 -0.546726  0.837298  0.473149
  -0.8447  0.450337  0.289272   0.34964
-0.535219 -0.705895 -0.463954   1.56443
        0         0         0         1

-0.00474005 -0.546726  0.837298  0.473149
  -0.8447  0.450337  0.289272   0.34964
-0.535219 -0.705895 -0.463954   1.56443
        0         0         0         1

0.00690703 -0.527423  0.849575  0.476654
-0.838206   0.46025  0.292542  0.348792
 -0.54531 -0.714139  -0.43891   1.54879
        0         0         0         1

0.00690703 -0.527423  0.849575  0.476654
-0.838206   0.46025  0.292542  0.348792
 -0.54531 -0.714139  -0.43891   1.54879
        0         0         0         1

0.00755959 -0.514775  0.857292  0.483148
-0.834927  0.468553  0.288713  0.349475
-0.550309 -0.717958 -0.426258   1.54076
        0         0         0         1

0.00755959 -0.514775  0.857292  0.483148
-0.834927  0.468553  0.288713  0.349475
-0.550309 -0.717958 -0.426258   1.54076
        0         0         0         1

0.00700692 -0.497196   0.86761  0.489173
-0.834625  0.474973   0.27893  0.349094
-0.550774 -0.726083 -0.411644   1.52885
        0         0         0         1

0.00700692 -0.497196   0.86761  0.489173
-0.834625  0.474973   0.27893  0.349094
-0.550774 -0.726083 -0.411644   1.52885
        0         0         0         1

0.00452409 -0.489794  0.871827  0.493351
-0.834488  0.478544  0.273177  0.349954
-0.551008 -0.728765 -0.406562   1.52165
        0         0         0         1

0.00452409 -0.489794  0.871827  0.493351
-0.834488  0.478544  0.273177  0.349954
-0.551008 -0.728765 -0.406562   1.52165
        0         0         0         1

0.00860886 -0.492324   0.87037  0.493266
-0.834294  0.476293  0.277667  0.347639
-0.551253 -0.728535 -0.406642   1.51658
        0         0         0         1

0.00860886 -0.492324   0.87037  0.493266
-0.834294  0.476293  0.277667  0.347639
-0.551253 -0.728535 -0.406642   1.51658
        0         0         0         1

0.0133072  -0.48802  0.872731  0.497776
 -0.83462  0.475246  0.278478  0.347338
-0.550665 -0.732105 -0.400988   1.50576
        0         0         0         1

0.0133072  -0.48802  0.872731  0.497776
 -0.83462  0.475246  0.278478  0.347338
-0.550665 -0.732105 -0.400988   1.50576
        0         0         0         1

0.0163409 -0.487011  0.873243  0.500738
-0.831738  0.478095    0.2822    0.3467
-0.554927 -0.730921 -0.397254   1.50322
        0         0         0         1

0.0163409 -0.487011  0.873243  0.500738
-0.831738  0.478095    0.2822    0.3467
-0.554927 -0.730921 -0.397254   1.50322
        0         0         0         1

0.0196959 -0.488152  0.872536  0.503869
-0.828618  0.480376  0.287457  0.346437
-0.559468 -0.728661  -0.39503    1.4965
        0         0         0         1

0.0196959 -0.488152  0.872536  0.503869
-0.828618  0.480376  0.287457  0.346437
-0.559468 -0.728661  -0.39503    1.4965
        0         0         0         1

0.0213576 -0.494492   0.86892  0.505066
-0.827445  0.479066  0.292969  0.346376
 -0.56114 -0.725241 -0.398933   1.49487
        0         0         0         1

0.0213576 -0.494492   0.86892  0.505066
-0.827445  0.479066  0.292969  0.346376
 -0.56114 -0.725241 -0.398933   1.49487
        0         0         0         1

0.0248412 -0.507763  0.861139  0.505402
-0.829539  0.470252   0.30121  0.345048
-0.557895 -0.721831 -0.409528   1.49162
        0         0         0         1

0.0248412 -0.507763  0.861139  0.505402
-0.829539  0.470252   0.30121  0.345048
-0.557895 -0.721831 -0.409528   1.49162
        0         0         0         1

0.0291387 -0.512544  0.858167  0.505435
-0.830374  0.465515  0.306226  0.344689
-0.556443 -0.721523 -0.412039    1.4903
        0         0         0         1

0.0291387 -0.512544  0.858167  0.505435
-0.830374  0.465515  0.306226  0.344689
-0.556443 -0.721523 -0.412039    1.4903
        0         0         0         1

0.0316937 -0.511237  0.858855  0.506549
-0.829238   0.46627   0.30815  0.344884
-0.557996 -0.721962 -0.409159   1.49125
        0         0         0         1

0.0316937 -0.511237  0.858855  0.506549
-0.829238   0.46627   0.30815  0.344884
-0.557996 -0.721962 -0.409159   1.49125
        0         0         0         1

0.0334605 -0.520951   0.85293  0.504437
-0.832981  0.457056  0.311838  0.344095
-0.552289 -0.720909 -0.418649   1.48946
        0         0         0         1

0.0334605 -0.520951   0.85293  0.504437
-0.832981  0.457056  0.311838  0.344095
-0.552289 -0.720909 -0.418649   1.48946
        0         0         0         1

0.0298626 -0.528954  0.848125  0.505984
-0.836471   0.45128  0.310905  0.344411
-0.547196 -0.718716 -0.428979   1.48902
        0         0         0         1

0.0298626 -0.528954  0.848125  0.505984
-0.836471   0.45128  0.310905  0.344411
-0.547196 -0.718716 -0.428979   1.48902
        0         0         0         1

 0.028278 -0.535468  0.844082  0.506499
-0.839965  0.445048  0.310469   0.34427
-0.541904 -0.717779 -0.437189   1.48986
        0         0         0         1

 0.028278 -0.535468  0.844082  0.506499
-0.839965  0.445048  0.310469   0.34427
-0.541904 -0.717779 -0.437189   1.48986
        0         0         0         1

0.0245139 -0.529566  0.847914  0.506029
-0.844741  0.442606  0.300853  0.342849
-0.534613 -0.723643 -0.436497    1.4925
        0         0         0         1

0.0245139 -0.529566  0.847914  0.506029
-0.844741  0.442606  0.300853  0.342849
-0.534613 -0.723643 -0.436497    1.4925
        0         0         0         1

0.0191856 -0.522614  0.852354  0.504191
-0.849571  0.440941  0.289482  0.340745
-0.527125 -0.729689 -0.435538   1.49605
        0         0         0         1

0.0191856 -0.522614  0.852354  0.504191
-0.849571  0.440941  0.289482  0.340745
-0.527125 -0.729689 -0.435538   1.49605
        0         0         0         1

0.0116062 -0.525978  0.850419  0.496669
 -0.85784  0.431754  0.278744  0.335907
-0.513785 -0.732759 -0.446195   1.50163
        0         0         0         1

0.0116062 -0.525978  0.850419  0.496669
 -0.85784  0.431754  0.278744  0.335907
-0.513785 -0.732759 -0.446195   1.50163
        0         0         0         1

0.00177166 -0.529842  0.848094  0.489061
-0.868557  0.419489  0.263888  0.329182
-0.495585 -0.737086 -0.459455   1.51258
        0         0         0         1

0.00177166 -0.529842  0.848094  0.489061
-0.868557  0.419489  0.263888  0.329182
-0.495585 -0.737086 -0.459455   1.51258
        0         0         0         1

-0.00162568 -0.532602  0.846364  0.482467
-0.874522  0.411231  0.257101  0.322797
-0.484983 -0.739746 -0.466441     1.523
        0         0         0         1

-0.00162568 -0.532602  0.846364  0.482467
-0.874522  0.411231  0.257101  0.322797
-0.484983 -0.739746 -0.466441     1.523
        0         0         0         1

0.00360326 -0.531144  0.847274  0.467026
 -0.88474  0.393201  0.250255  0.310393
 -0.46607 -0.750519 -0.468508   1.53818
        0         0         0         1

0.00360326 -0.531144  0.847274  0.467026
 -0.88474  0.393201  0.250255  0.310393
 -0.46607 -0.750519 -0.468508   1.53818
        0         0         0         1

0.00111995  -0.52817  0.849138  0.461787
-0.894538  0.379028  0.236938  0.303413
-0.446991 -0.759852 -0.472044    1.5467
        0         0         0         1

0.00111995  -0.52817  0.849138  0.461787
-0.894538  0.379028  0.236938  0.303413
-0.446991 -0.759852 -0.472044    1.5467
        0         0         0         1

0.00479184 -0.526356  0.850251  0.451652
-0.901308  0.366024   0.23167   0.29262
-0.433153 -0.767448 -0.472654   1.55835
        0         0         0         1

0.00479184 -0.526356  0.850251  0.451652
-0.901308  0.366024   0.23167   0.29262
-0.433153 -0.767448 -0.472654   1.55835
        0         0         0         1

0.0121202 -0.526383  0.850161   0.43619
-0.909731  0.347083  0.227868  0.274763
-0.415022  -0.77618  -0.47466   1.57803
        0         0         0         1

0.0121202 -0.526383  0.850161   0.43619
-0.909731  0.347083  0.227868  0.274763
-0.415022  -0.77618  -0.47466   1.57803
        0         0         0         1

 0.014285 -0.526393  0.850121  0.427025
-0.915056   0.33585  0.223334  0.261658
-0.403075 -0.781098 -0.476882   1.59162
        0         0         0         1

 0.014285 -0.526393  0.850121  0.427025
-0.915056   0.33585  0.223334  0.261658
-0.403075 -0.781098 -0.476882   1.59162
        0         0         0         1

0.0222234   -0.5255  0.850503  0.407489
-0.923559  0.314952  0.218732  0.238418
-0.382811 -0.790351 -0.478331   1.61105
        0         0         0         1

0.0222234   -0.5255  0.850503  0.407489
-0.923559  0.314952  0.218732  0.238418
-0.382811 -0.790351 -0.478331   1.61105
        0         0         0         1

0.0259817  -0.52937  0.847993    0.3944
-0.926321  0.306173  0.219514   0.22039
-0.375837 -0.791218 -0.482412   1.62782
        0         0         0         1

0.0259817  -0.52937  0.847993    0.3944
-0.926321  0.306173  0.219514   0.22039
-0.375837 -0.791218 -0.482412   1.62782
        0         0         0         1

0.0291898 -0.535529  0.844012  0.382996
-0.929819  0.295349  0.219557  0.203848
-0.366857 -0.791188 -0.489324   1.64129
        0         0         0         1

0.0291898 -0.535529  0.844012  0.382996
-0.929819  0.295349  0.219557  0.203848
-0.366857 -0.791188 -0.489324   1.64129
        0         0         0         1

 0.036491 -0.548112  0.835609  0.360823
-0.933397  0.280003  0.224428  0.175348
-0.356985 -0.788144 -0.501388   1.66095
        0         0         0         1

 0.036491 -0.548112  0.835609  0.360823
-0.933397  0.280003  0.224428  0.175348
-0.356985 -0.788144 -0.501388   1.66095
        0         0         0         1

0.0413996 -0.559201  0.827998  0.346357
-0.934172  0.272293  0.230605  0.155516
-0.354412 -0.783039 -0.511118   1.67366
        0         0         0         1

0.0413996 -0.559201  0.827998  0.346357
-0.934172  0.272293  0.230605  0.155516
-0.354412 -0.783039 -0.511118   1.67366
        0         0         0         1

0.0382393 -0.575849  0.816661  0.326999
-0.935125  0.267467  0.232384  0.128132
-0.352248 -0.772567 -0.528263   1.69205
        0         0         0         1

0.0382393 -0.575849  0.816661  0.326999
-0.935125  0.267467  0.232384  0.128132
-0.352248 -0.772567 -0.528263   1.69205
        0         0         0         1

0.0360773 -0.587505  0.808416   0.31168
-0.935101  0.265524  0.234697  0.107736
-0.352539 -0.764418 -0.539797   1.70368
        0         0         0         1

0.0360773 -0.587505  0.808416   0.31168
-0.935101  0.265524  0.234697  0.107736
-0.352539 -0.764418 -0.539797   1.70368
        0         0         0         1

 0.029697 -0.596878  0.801782  0.297376
-0.936996  0.262704  0.230272 0.0900868
-0.348076 -0.758105 -0.551471   1.71155
        0         0         0         1

 0.029697 -0.596878  0.801782  0.297376
-0.936996  0.262704  0.230272 0.0900868
-0.348076 -0.758105 -0.551471   1.71155
        0         0         0         1

0.0242464 -0.615471  0.787786  0.274712
-0.936614  0.261527  0.233149 0.0607774
-0.349524 -0.743504 -0.570118   1.72597
        0         0         0         1

0.0242464 -0.615471  0.787786  0.274712
-0.936614  0.261527  0.233149 0.0607774
-0.349524 -0.743504 -0.570118   1.72597
        0         0         0         1

 0.015467 -0.625168  0.780337  0.260674
-0.937183  0.262944  0.229234 0.0434927
-0.348495 -0.734864  -0.58183   1.73293
        0         0         0         1

 0.015467 -0.625168  0.780337  0.260674
-0.937183  0.262944  0.229234 0.0434927
-0.348495 -0.734864  -0.58183   1.73293
        0         0         0         1

-0.00376883 -0.630652  0.776056  0.241978
-0.938493   0.27019  0.215009 0.0209247
-0.345278 -0.727513 -0.592881   1.74014
        0         0         0         1

-0.00376883 -0.630652  0.776056  0.241978
-0.938493   0.27019  0.215009 0.0209247
-0.345278 -0.727513 -0.592881   1.74014
        0         0         0         1

-0.0151321  -0.633717   0.773417   0.228192
 -0.938298   0.276275   0.208014 0.00472575
 -0.345498  -0.722547  -0.598796    1.74452
         0          0          0          1

-0.0151321  -0.633717   0.773417   0.228192
 -0.938298   0.276275   0.208014 0.00472575
 -0.345498  -0.722547  -0.598796    1.74452
         0          0          0          1

-0.0215632 -0.638231  0.769543  0.213007
-0.937402  0.280509  0.206378 -0.012919
-0.347581 -0.716921 -0.604328     1.748
        0         0         0         1

-0.0215632 -0.638231  0.769543  0.213007
-0.937402  0.280509  0.206378 -0.012919
-0.347581 -0.716921 -0.604328     1.748
        0         0         0         1

-0.0332128  -0.645275   0.763228   0.195127
 -0.936049   0.287736   0.202535 -0.0331546
 -0.350299  -0.707692  -0.613566    1.74829
         0          0          0          1

-0.0332128  -0.645275   0.763228   0.195127
 -0.936049   0.287736   0.202535 -0.0331546
 -0.350299  -0.707692  -0.613566    1.74829
         0          0          0          1

-0.0359792  -0.649537   0.759478   0.182606
 -0.934513   0.291151   0.204733 -0.0478461
 -0.354105  -0.702376  -0.617477    1.74777
         0          0          0          1

-0.0359792  -0.649537   0.759478   0.182606
 -0.934513   0.291151   0.204733 -0.0478461
 -0.354105  -0.702376  -0.617477    1.74777
         0          0          0          1

-0.0403015   -0.65318   0.756129   0.165936
 -0.932301     0.2968   0.206698 -0.0670098
  -0.35943   -0.69661  -0.620922     1.7447
         0          0          0          1

-0.0403015   -0.65318   0.756129   0.165936
 -0.932301     0.2968   0.206698 -0.0670098
  -0.35943   -0.69661  -0.620922     1.7447
         0          0          0          1

-0.0385877  -0.655535   0.754178   0.154614
 -0.929948   0.299742   0.212956 -0.0794994
 -0.365659  -0.693129   -0.62118    1.74125
         0          0          0          1

-0.0385877  -0.655535   0.754178   0.154614
 -0.929948   0.299742   0.212956 -0.0794994
 -0.365659  -0.693129   -0.62118    1.74125
         0          0          0          1

-0.0394863  -0.656726   0.753094   0.146286
 -0.927418   0.304627    0.21702 -0.0884078
 -0.371936  -0.689864  -0.621089    1.73698
         0          0          0          1

-0.0394863  -0.656726   0.753094   0.146286
 -0.927418   0.304627    0.21702 -0.0884078
 -0.371936  -0.689864  -0.621089    1.73698
         0          0          0          1

-0.0350268 -0.657937  0.752258   0.13046
-0.924046  0.308038   0.22639 -0.105908
-0.380674 -0.687191 -0.618753   1.73026
        0         0         0         1

-0.0350268 -0.657937  0.752258   0.13046
-0.924046  0.308038   0.22639 -0.105908
-0.380674 -0.687191 -0.618753   1.73026
        0         0         0         1

-0.0371231 -0.659879  0.750454  0.121495
 -0.92292   0.31061  0.227466 -0.115641
-0.383199 -0.684165 -0.620546   1.72686
        0         0         0         1

-0.0371231 -0.659879  0.750454  0.121495
 -0.92292   0.31061  0.227466 -0.115641
-0.383199 -0.684165 -0.620546   1.72686
        0         0         0         1

-0.0394432 -0.660067  0.750171  0.108136
-0.922195  0.313093  0.226999 -0.128918
-0.384708  -0.68285  -0.62106   1.71766
        0         0         0         1

-0.0394432 -0.660067  0.750171  0.108136
-0.922195  0.313093  0.226999 -0.128918
-0.384708  -0.68285  -0.62106   1.71766
        0         0         0         1

-0.0405986 -0.658916   0.75112 0.0987781
-0.922111   0.31421  0.225798 -0.138408
-0.384791 -0.683449  -0.62035   1.71117
        0         0         0         1

-0.0405986 -0.658916   0.75112 0.0987781
-0.922111   0.31421  0.225798 -0.138408
-0.384791 -0.683449  -0.62035   1.71117
        0         0         0         1

-0.0439243 -0.655924  0.753548  0.091644
-0.922012  0.317037   0.22222 -0.144512
-0.384663 -0.685019 -0.618695   1.70494
        0         0         0         1

-0.0439243 -0.655924  0.753548  0.091644
-0.922012  0.317037   0.22222 -0.144512
-0.384663 -0.685019 -0.618695   1.70494
        0         0         0         1

-0.0537933 -0.648519  0.759296 0.0821488
-0.922806  0.322791   0.21032 -0.151861
-0.381491 -0.689369 -0.615821   1.69326
        0         0         0         1

-0.0537933 -0.648519  0.759296 0.0821488
-0.922806  0.322791   0.21032 -0.151861
-0.381491 -0.689369 -0.615821   1.69326
        0         0         0         1

-0.0595902 -0.645232  0.761659  0.075328
 -0.92287  0.326435  0.204333 -0.158126
-0.380474 -0.690736 -0.614917    1.6859
        0         0         0         1

-0.0595902 -0.645232  0.761659  0.075328
 -0.92287  0.326435  0.204333 -0.158126
-0.380474 -0.690736 -0.614917    1.6859
        0         0         0         1

-0.0720047 -0.641112  0.764062 0.0666066
-0.923574  0.332102  0.191624 -0.164451
-0.376599  -0.69187 -0.616027   1.67418
        0         0         0         1

-0.0720047 -0.641112  0.764062 0.0666066
-0.923574  0.332102  0.191624 -0.164451
-0.376599  -0.69187 -0.616027   1.67418
        0         0         0         1

-0.0800831 -0.641805  0.762675 0.0623811
-0.922499  0.337567  0.187204 -0.168173
-0.377602 -0.688575 -0.619098   1.66807
        0         0         0         1

-0.0800831 -0.641805  0.762675 0.0623811
-0.922499  0.337567  0.187204 -0.168173
-0.377602 -0.688575 -0.619098   1.66807
        0         0         0         1

-0.0826793  -0.63664  0.766716 0.0592989
-0.920085  0.344355  0.186716 -0.169065
-0.382894 -0.690007 -0.614234   1.65972
        0         0         0         1

-0.0826793  -0.63664  0.766716 0.0592989
-0.920085  0.344355  0.186716 -0.169065
-0.382894 -0.690007 -0.614234   1.65972
        0         0         0         1

-0.0753582 -0.631389  0.771796  0.053583
-0.916016  0.349657  0.196606 -0.173701
-0.393999 -0.692162 -0.604712   1.64712
        0         0         0         1

-0.0753582 -0.631389  0.771796  0.053583
-0.916016  0.349657  0.196606 -0.173701
-0.393999 -0.692162 -0.604712   1.64712
        0         0         0         1

-0.0738602 -0.629503   0.77348 0.0497136
-0.914299   0.35247  0.199554 -0.177114
-0.398248 -0.692453 -0.601588   1.63981
        0         0         0         1

-0.0738602 -0.629503   0.77348 0.0497136
-0.914299   0.35247  0.199554 -0.177114
-0.398248 -0.692453 -0.601588   1.63981
        0         0         0         1

-0.0736724 -0.619971  0.781158  0.046497
-0.910875  0.360754  0.200408 -0.177917
-0.406053 -0.696773 -0.591294    1.6273
        0         0         0         1

-0.0736724 -0.619971  0.781158  0.046497
-0.910875  0.360754  0.200408 -0.177917
-0.406053 -0.696773 -0.591294    1.6273
        0         0         0         1

-0.0696697 -0.610197   0.78918 0.0459282
-0.906572  0.368836  0.205152 -0.177206
-0.416261 -0.701156 -0.578884   1.62003
        0         0         0         1

-0.0696697 -0.610197   0.78918 0.0459282
-0.906572  0.368836  0.205152 -0.177206
-0.416261 -0.701156 -0.578884   1.62003
        0         0         0         1

-0.0555943  -0.60053  0.797667 0.0434469
-0.902448  0.372039  0.217195 -0.180159
-0.427196 -0.707779  -0.56263   1.61154
        0         0         0         1

-0.0555943  -0.60053  0.797667 0.0434469
-0.902448  0.372039  0.217195 -0.180159
-0.427196 -0.707779  -0.56263   1.61154
        0         0         0         1

-0.0405471 -0.587542  0.808177 0.0426373
-0.899549  0.373549  0.226437  -0.17881
-0.434935 -0.717814 -0.543669   1.59713
        0         0         0         1

-0.0405471 -0.587542  0.808177 0.0426373
-0.899549  0.373549  0.226437  -0.17881
-0.434935 -0.717814 -0.543669   1.59713
        0         0         0         1

-0.0352073 -0.585361  0.810008 0.0445264
 -0.89725  0.375454  0.232327  -0.17716
-0.440116   -0.7186 -0.538434    1.5906
        0         0         0         1

-0.0352073 -0.585361  0.810008 0.0445264
 -0.89725  0.375454  0.232327  -0.17716
-0.440116   -0.7186 -0.538434    1.5906
        0         0         0         1

-0.0247821 -0.577879  0.815746 0.0457246
-0.896489  0.373933  0.237661 -0.174228
-0.442373 -0.725417 -0.527329   1.57765
        0         0         0         1

-0.0247821 -0.577879  0.815746 0.0457246
-0.896489  0.373933  0.237661 -0.174228
-0.442373 -0.725417 -0.527329   1.57765
        0         0         0         1

-0.023909  -0.57666  0.816635 0.0470133
-0.897364  0.372429  0.236715 -0.171403
-0.440643 -0.727159 -0.526378   1.56955
        0         0         0         1

-0.023909  -0.57666  0.816635 0.0470133
-0.897364  0.372429  0.236715 -0.171403
-0.440643 -0.727159 -0.526378   1.56955
        0         0         0         1

-0.0249714 -0.575381  0.817504 0.0469635
-0.897831  0.372532  0.234773 -0.171019
-0.439631 -0.728118 -0.525898   1.56413
        0         0         0         1

-0.0249714 -0.575381  0.817504 0.0469635
-0.897831  0.372532  0.234773 -0.171019
-0.439631 -0.728118 -0.525898   1.56413
        0         0         0         1

-0.0317282 -0.568103  0.822345 0.0485978
-0.899674   0.37465  0.224109 -0.166387
-0.435409 -0.732732 -0.522994   1.55668
        0         0         0         1

-0.0317282 -0.568103  0.822345 0.0485978
-0.899674   0.37465  0.224109 -0.166387
-0.435409 -0.732732 -0.522994   1.55668
        0         0         0         1

-0.0365458 -0.561139  0.826914 0.0495498
-0.900764  0.376837   0.21591 -0.163365
-0.432768 -0.736964 -0.519226   1.55141
        0         0         0         1

-0.0365458 -0.561139  0.826914 0.0495498
-0.900764  0.376837   0.21591 -0.163365
-0.432768 -0.736964 -0.519226   1.55141
        0         0         0         1

-0.0360926 -0.559842  0.827813 0.0484356
-0.900381  0.377627  0.216129 -0.163859
-0.433603 -0.737546 -0.517701    1.5467
        0         0         0         1

-0.0360926 -0.559842  0.827813 0.0484356
-0.900381  0.377627  0.216129 -0.163859
-0.433603 -0.737546 -0.517701    1.5467
        0         0         0         1

-0.0364275 -0.556912  0.829772 0.0493585
 -0.89999  0.379203  0.214997 -0.161298
-0.434386 -0.738955 -0.515028     1.544
        0         0         0         1

-0.0364275 -0.556912  0.829772 0.0493585
 -0.89999  0.379203  0.214997 -0.161298
-0.434386 -0.738955 -0.515028     1.544
        0         0         0         1

-0.0309441 -0.550413  0.834319 0.0499283
-0.899863  0.378679  0.216445 -0.158901
-0.435073 -0.744075 -0.507015   1.53823
        0         0         0         1

-0.0309441 -0.550413  0.834319 0.0499283
-0.899863  0.378679  0.216445 -0.158901
-0.435073 -0.744075 -0.507015   1.53823
        0         0         0         1

-0.0221413 -0.542928  0.839487 0.0499011
-0.898839  0.378451  0.221051 -0.158469
 -0.43772  -0.74967 -0.496384   1.53505
        0         0         0         1

-0.0221413 -0.542928  0.839487 0.0499011
-0.898839  0.378451  0.221051 -0.158469
 -0.43772  -0.74967 -0.496384   1.53505
        0         0         0         1

-0.0184641 -0.537622  0.842984 0.0507979
-0.898146  0.379375  0.222278 -0.157114
-0.439309 -0.753019 -0.489868   1.53259
        0         0         0         1

-0.0184641 -0.537622  0.842984 0.0507979
-0.898146  0.379375  0.222278 -0.157114
-0.439309 -0.753019 -0.489868   1.53259
        0         0         0         1

-0.00550193 -0.525974  0.850483 0.0515577
-0.896501  0.379376  0.228823 -0.156358
-0.443008   -0.7612 -0.473624   1.52912
        0         0         0         1

-0.00550193 -0.525974  0.850483 0.0515577
-0.896501  0.379376  0.228823 -0.156358
-0.443008   -0.7612 -0.473624   1.52912
        0         0         0         1

0.00374561 -0.518081  0.855323 0.0517541
-0.895388  0.379118  0.233558  -0.15614
 -0.44527 -0.766721 -0.462464   1.52552
        0         0         0         1

0.00374561 -0.518081  0.855323 0.0517541
-0.895388  0.379118  0.233558  -0.15614
 -0.44527 -0.766721 -0.462464   1.52552
        0         0         0         1

0.00389667 -0.511007  0.859568 0.0546127
 -0.89453  0.382443  0.231415 -0.152055
 -0.44699 -0.769811 -0.455621   1.52467
        0         0         0         1

0.00389667 -0.511007  0.859568 0.0546127
 -0.89453  0.382443  0.231415 -0.152055
 -0.44699 -0.769811 -0.455621   1.52467
        0         0         0         1

0.00827787 -0.502985  0.864255 0.0554593
-0.894195  0.383144  0.231549 -0.150065
  -0.4476  -0.77473 -0.446595   1.52331
        0         0         0         1

0.00827787 -0.502985  0.864255 0.0554593
-0.894195  0.383144  0.231549 -0.150065
  -0.4476  -0.77473 -0.446595   1.52331
        0         0         0         1

0.0114365 -0.495684  0.868428 0.0558511
-0.894546  0.383019  0.230401 -0.148254
 -0.44683 -0.779483 -0.439031   1.52353
        0         0         0         1

0.0114365 -0.495684  0.868428 0.0558511
-0.894546  0.383019  0.230401 -0.148254
 -0.44683 -0.779483 -0.439031   1.52353
        0         0         0         1

0.0231033  -0.47521  0.879569 0.0563287
-0.894358  0.383338    0.2306 -0.144264
-0.446755 -0.791977 -0.416151   1.52262
        0         0         0         1

0.0231033  -0.47521  0.879569 0.0563287
-0.894358  0.383338    0.2306 -0.144264
-0.446755 -0.791977 -0.416151   1.52262
        0         0         0         1

0.0268888  -0.46692  0.883891 0.0577508
-0.895189  0.382257  0.229162 -0.140394
-0.444874 -0.797412 -0.407703    1.5231
        0         0         0         1

0.0268888  -0.46692  0.883891 0.0577508
-0.895189  0.382257  0.229162 -0.140394
-0.444874 -0.797412 -0.407703    1.5231
        0         0         0         1

 0.026434 -0.464769  0.885037 0.0602725
-0.896112  0.381365  0.227035 -0.135061
-0.443041 -0.799094 -0.406404   1.52357
        0         0         0         1

 0.026434 -0.464769  0.885037 0.0602725
-0.896112  0.381365  0.227035 -0.135061
-0.443041 -0.799094 -0.406404   1.52357
        0         0         0         1

0.0268765 -0.475012  0.879569 0.0626928
-0.894621  0.381157  0.233181 -0.130421
-0.446017 -0.793147 -0.414712   1.53029
        0         0         0         1

0.0268765 -0.475012  0.879569 0.0626928
-0.894621  0.381157  0.233181 -0.130421
-0.446017 -0.793147 -0.414712   1.53029
        0         0         0         1

0.0289436 -0.477964  0.877902 0.0649446
 -0.89366   0.38109  0.236943 -0.125551
 -0.44781 -0.791404 -0.416107   1.53412
        0         0         0         1

0.0289436 -0.477964  0.877902 0.0649446
 -0.89366   0.38109  0.236943 -0.125551
 -0.44781 -0.791404 -0.416107   1.53412
        0         0         0         1

0.0320739 -0.478055  0.877744  0.065806
-0.893935  0.379076  0.239126 -0.120586
-0.447047 -0.792316 -0.415192   1.53799
        0         0         0         1

0.0320739 -0.478055  0.877744  0.065806
-0.893935  0.379076  0.239126 -0.120586
-0.447047 -0.792316 -0.415192   1.53799
        0         0         0         1

0.0231441 -0.483391  0.875099 0.0677381
-0.897248  0.376011  0.231433 -0.109827
 -0.44092 -0.790537 -0.425019   1.54647
        0         0         0         1

0.0231441 -0.483391  0.875099 0.0677381
-0.897248  0.376011  0.231433 -0.109827
