-0.876748 -0.460461 -0.138886  0.222265
-0.479723  0.857871  0.184179  0.857025
0.0343388  0.228106 -0.973031   2.58752
        0         0         0         1

-0.853521 -0.508861 -0.112083  0.184773
-0.521009  0.830489  0.197071  0.800934
-0.00719762  0.226601 -0.973961   2.57992
        0         0         0         1

 -0.834412  -0.543308 -0.0925891   0.181752
 -0.550596   0.814266   0.183891   0.754223
-0.0245174    0.20442  -0.978576    2.54151
         0          0          0          1

 -0.821208  -0.565159 -0.0788191   0.177795
 -0.568297   0.797542   0.202398   0.712598
-0.0515255   0.211004  -0.976126    2.54913
         0          0          0          1

 -0.811112  -0.580251 -0.0735235   0.179456
 -0.582309   0.789327   0.194627   0.693901
-0.0548987   0.200678  -0.978118    2.53184
         0          0          0          1

 -0.796975  -0.601723 -0.0525404   0.167794
 -0.599078   0.776371    0.19584    0.66476
-0.0770504   0.187555  -0.979227     2.5105
         0          0          0          1

 -0.786883   -0.61544 -0.0452623    0.16958
 -0.610223   0.765095   0.205567   0.630721
 -0.091884   0.189377  -0.977596    2.50764
         0          0          0          1

 -0.779409  -0.625907 -0.0275926   0.166275
 -0.617906   0.760678   0.198897   0.610766
 -0.103502   0.172072  -0.979632    2.48542
         0          0          0          1

 -0.752894  -0.658058 -0.0105167   0.162408
 -0.646506   0.736497   0.199006   0.553829
 -0.123212    0.15663  -0.979942    2.46355
         0          0          0          1

 -0.745367  -0.666638 0.00465497   0.165609
 -0.652777   0.731251   0.197873   0.535658
 -0.135314    0.14445  -0.980217    2.44168
         0          0          0          1

-0.723103 -0.690454 0.0199081  0.153932
-0.672395  0.710204  0.208554  0.495138
-0.158136   0.13742 -0.977808    2.4298
        0         0         0         1

-0.702166 -0.711144 0.0351843  0.139996
-0.689428  0.691409  0.215967  0.462057
-0.177911  0.127388 -0.975766   2.41394
        0         0         0         1

-0.683799 -0.727099 0.0612017   0.14601
-0.700184  0.677457  0.225376  0.414619
-0.205332  0.111259 -0.972348   2.38696
        0         0         0         1

 -0.67346 -0.734667  0.081953  0.143712
-0.706702  0.672385  0.220161  0.400829
-0.216849 0.0903535 -0.972015   2.36056
        0         0         0         1

-0.666312 -0.739274 0.0974806  0.145878
-0.711075  0.669301  0.215426  0.382453
-0.224503 0.0742252 -0.971642   2.33816
        0         0         0         1

-0.648833 -0.752616  0.112185  0.138185
-0.722288  0.655538  0.220384  0.353776
-0.239406 0.0619628  -0.96894   2.32286
        0         0         0         1

-0.626597 -0.767703  0.134192  0.129391
-0.733053  0.639035  0.232954  0.322126
-0.264593 0.0475982 -0.963185   2.30345
        0         0         0         1

-0.627159 -0.764892  0.147012  0.137628
-0.729758   0.64301  0.232359  0.309656
 -0.27226 0.0384431 -0.961455   2.28764
        0         0         0         1

-0.603924 -0.778266   0.17198  0.139696
-0.737709  0.627493  0.249075  0.262518
-0.301763 0.0235512 -0.953092   2.25777
        0         0         0         1

 -0.594567  -0.781428   0.189366    0.14057
 -0.740973   0.623952   0.248278   0.247385
 -0.312167 0.00730336  -0.949999    2.23471
         0          0          0          1

 -0.580398  -0.785553   0.214579    0.13558
 -0.745284     0.6186   0.248771   0.228391
 -0.328161 -0.0155365  -0.944494     2.2076
         0          0          0          1

 -0.569397  -0.789792   0.228068   0.134262
 -0.747516   0.612879   0.256125    0.20826
 -0.342064 -0.0246476  -0.939353    2.18955
         0          0          0          1

-0.552972 -0.792264  0.257954   0.13814
-0.746379  0.608617  0.269265  0.172476
-0.370324 -0.043635 -0.927877   2.15335
        0         0         0         1

 -0.548251  -0.791613   0.269759   0.142127
 -0.745608   0.608762   0.271067   0.159351
 -0.378799 -0.0525215  -0.923987    2.13286
         0          0          0          1

 -0.540087  -0.792284   0.283887   0.144348
 -0.746947   0.606668   0.272072   0.143942
 -0.387784 -0.0651064  -0.919448    2.11066
         0          0          0          1

 -0.532472  -0.793832   0.293775   0.145615
 -0.747055   0.603916   0.277839   0.127514
 -0.397973 -0.0715249  -0.914605    2.09518
         0          0          0          1

 -0.520435  -0.795649   0.309985   0.144385
 -0.747747   0.599944   0.284504   0.109796
 -0.412338 -0.0837244  -0.907175    2.07331
         0          0          0          1

 -0.514176  -0.794956   0.321976   0.147601
 -0.746056   0.599736   0.289338  0.0958905
 -0.423111 -0.0914414  -0.901452    2.05713
         0          0          0          1

-0.501332 -0.786935  0.359721  0.154927
-0.742976   0.60459  0.287154 0.0726823
-0.443455 -0.123305 -0.887774   2.01419
        0         0         0         1

-0.491878 -0.785471  0.375623  0.155017
-0.740883  0.604212  0.293292 0.0569428
-0.457328 -0.134028  -0.87914    1.9983
        0         0         0         1

-0.483801 -0.779572   0.39775  0.157595
-0.737539  0.607836   0.29423 0.0457433
 -0.47114 -0.151007 -0.869036   1.97546
        0         0         0         1

-0.473917 -0.775826  0.416529  0.157947
 -0.73658  0.608483  0.295295 0.0331281
-0.482549 -0.166862 -0.859828   1.95569
        0         0         0         1

 -0.458879  -0.768554    0.44582   0.163713
 -0.729307   0.612409   0.305069 0.00604953
 -0.507486   -0.18515  -0.841533    1.92192
         0          0          0          1

  -0.452813   -0.764031    0.459582    0.166949
  -0.726842    0.614856    0.306028 -0.00317737
  -0.516392    -0.19547   -0.833745     1.90343
          0           0           0           1

 -0.447238  -0.760431   0.470876   0.169517
 -0.724858    0.61658   0.307262 -0.0139731
 -0.523984  -0.203899  -0.826962    1.88535
         0          0          0          1

 -0.444134   -0.75629   0.480386   0.173006
 -0.721135   0.619933    0.30927 -0.0235419
 -0.531705  -0.209065   -0.82072    1.87008
         0          0          0          1

-0.439918 -0.752021  0.490853  0.176309
-0.720555  0.621802   0.30686  -0.03286
-0.535978 -0.218694 -0.815414    1.8509
        0         0         0         1

 -0.435034  -0.747816   0.501515   0.179509
 -0.717089   0.624591   0.309304 -0.0422412
 -0.544544  -0.225073  -0.807969    1.83586
         0          0          0          1

 -0.429581  -0.733965   0.526076   0.188592
 -0.708306   0.635231   0.307869 -0.0569604
 -0.560145  -0.240369  -0.792755    1.80339
         0          0          0          1

 -0.423506  -0.729073   0.537676   0.191853
 -0.703912   0.638448   0.311275 -0.0655487
  -0.57022  -0.246649   -0.78359    1.78953
         0          0          0          1

 -0.418229  -0.722565    0.55044     0.1956
  -0.69998   0.642572   0.311655 -0.0733158
 -0.578888  -0.254954  -0.774524    1.77356
         0          0          0          1

 -0.413796   -0.71568    0.56265   0.199252
 -0.697097   0.646598   0.309786 -0.0794111
 -0.585516  -0.264034  -0.766458    1.75825
         0          0          0          1

 -0.408533  -0.700883   0.584691   0.207408
 -0.689381   0.656777   0.305611 -0.0909774
 -0.598209  -0.278223   -0.75149    1.72992
         0          0          0          1

 -0.403292   -0.69792    0.59183   0.210244
 -0.686387   0.658443   0.308748 -0.0989067
 -0.605168  -0.281709  -0.744588     1.7193
         0          0          0          1

-0.402912 -0.691314  0.599789   0.21498
-0.682379  0.663635   0.30651 -0.104329
-0.609935 -0.285787 -0.739124   1.70659
        0         0         0         1

-0.398204 -0.688421  0.606226  0.217547
-0.679916  0.665139  0.308714 -0.111495
 -0.61575 -0.289252  -0.73293   1.69615
        0         0         0         1

-0.397453 -0.682597  0.613264  0.222034
-0.676232  0.669636   0.30708 -0.116871
-0.620275 -0.292659 -0.727743   1.68509
        0         0         0         1

-0.395507 -0.676924  0.620764  0.226144
-0.673364  0.673353  0.305249 -0.121221
-0.624624 -0.297272 -0.722132   1.67381
        0         0         0         1

-0.387406 -0.669075  0.634236  0.233248
-0.669161  0.677298  0.305763 -0.133318
-0.634145 -0.305951 -0.710108   1.65343
        0         0         0         1

-0.384359 -0.664605  0.640756   0.23733
-0.666319  0.680109   0.30573 -0.137762
-0.638974 -0.309437 -0.704245   1.64393
        0         0         0         1

-0.380808 -0.660983  0.646596  0.241148
-0.665292  0.681507  0.304851 -0.142997
-0.642162 -0.314086  -0.69927   1.63427
        0         0         0         1

-0.379066 -0.657009  0.651651  0.244503
-0.663339  0.683927  0.303686 -0.147168
-0.645206 -0.317149 -0.695073   1.62618
        0         0         0         1

-0.373894 -0.650353  0.661244  0.251855
-0.660772  0.687088  0.302144 -0.156854
-0.650833 -0.323962 -0.686633   1.60978
        0         0         0         1

-0.371297 -0.647407  0.665585  0.254788
-0.660642    0.6879  0.300574 -0.161051
-0.652449 -0.328111  -0.68312   1.60211
        0         0         0         1

-0.371297 -0.643486  0.669376  0.258675
-0.658875   0.69055  0.298368  -0.16479
-0.654234 -0.330252 -0.680376   1.59452
        0         0         0         1

-0.367867 -0.641458  0.673205  0.261553
-0.657579  0.691336  0.299406 -0.169183
-0.657467 -0.332544 -0.676129   1.58799
        0         0         0         1

-0.367472 -0.638792  0.675951  0.265026
-0.656842  0.692801  0.297633  -0.17286
-0.658425 -0.334621  -0.67417   1.58197
        0         0         0         1

-0.365916 -0.636519  0.678932  0.267906
-0.654405  0.694691  0.298595  -0.17663
 -0.66171 -0.335036 -0.670739    1.5769
        0         0         0         1

-0.360706 -0.631753  0.686133  0.273021
-0.653658  0.695992  0.297198 -0.184679
-0.665299 -0.341295 -0.663999    1.5651
        0         0         0         1

-0.357446 -0.631018  0.688512  0.275155
-0.653502  0.695665  0.298304 -0.188631
-0.667209 -0.343317 -0.661034   1.56004
        0         0         0         1

-0.356783 -0.628545  0.691112  0.278364
-0.654552  0.696038  0.295116 -0.191628
-0.666534 -0.347077  -0.65975   1.55416
        0         0         0         1

-0.355771 -0.629501  0.690764  0.280185
 -0.65452  0.695419  0.296639 -0.195472
-0.667106 -0.346583 -0.659432   1.55071
        0         0         0         1

-0.354315 -0.633825  0.687551  0.284411
-0.655257  0.692837  0.301024 -0.203317
-0.667157 -0.343866 -0.660801   1.54334
        0         0         0         1

 -0.35533 -0.635109   0.68584  0.286708
-0.655409  0.692424  0.301642 -0.205482
-0.666468 -0.342324 -0.662295   1.53983
        0         0         0         1

-0.354515 -0.638292  0.683303  0.288507
-0.656074   0.69049  0.304617 -0.208742
-0.666248 -0.340305 -0.663556   1.53632
        0         0         0         1

-0.355969 -0.640299  0.680664  0.290867
-0.656096  0.689911  0.305877 -0.210919
 -0.66545 -0.337698 -0.665685   1.53416
        0         0         0         1

-0.356116 -0.643176  0.677869  0.292475
-0.656543  0.688418  0.308272 -0.213863
 -0.66493  -0.33527  -0.66743   1.53124
        0         0         0         1

-0.355882 -0.645732  0.675558  0.293666
 -0.65668  0.687126  0.310852 -0.216708
 -0.66492 -0.332999 -0.668575   1.52902
        0         0         0         1

-0.356069 -0.649151  0.672174  0.296497
-0.656788   0.68553  0.314131 -0.220612
-0.664714 -0.329623 -0.670451   1.52362
        0         0         0         1

 -0.35635 -0.650579  0.670643  0.297875
-0.656269  0.685182   0.31597 -0.221975
-0.665076 -0.327526 -0.671119   1.52147
        0         0         0         1

-0.356109 -0.652381  0.669018  0.298751
-0.656844  0.683991  0.317353 -0.223777
-0.664637 -0.326428 -0.672088   1.51883
        0         0         0         1

-0.356151 -0.655382  0.666056  0.299654
-0.657075  0.682455  0.320168 -0.225625
-0.664386 -0.323621 -0.673692   1.51793
        0         0         0         1

-0.356503 -0.657388  0.663887   0.30133
 -0.65792  0.681158  0.321192  -0.22639
 -0.66336 -0.322279 -0.675344   1.51595
        0         0         0         1

-0.353639  -0.65831  0.664505  0.303138
-0.660041  0.679002  0.321408 -0.227301
-0.662786 -0.324938 -0.674633   1.51391
        0         0         0         1

-0.344757  -0.66515  0.662358  0.307333
-0.665072  0.671039  0.327698 -0.230835
-0.662436 -0.327539 -0.673718   1.51287
        0         0         0         1

-0.338871 -0.666559  0.663977  0.310305
-0.667454  0.667706  0.329657 -0.231666
-0.663077 -0.331463 -0.671164   1.51116
        0         0         0         1

-0.333186 -0.667514  0.665892   0.31429
-0.670125  0.664467  0.330781 -0.231964
-0.663264 -0.336019 -0.668709   1.51064
        0         0         0         1

-0.325578 -0.668378  0.668783  0.317059
-0.672912  0.660684  0.332695 -0.233206
 -0.66422 -0.341714 -0.664864   1.51052
        0         0         0         1

-0.307519 -0.674188  0.671493  0.324688
-0.682525  0.647996  0.338025 -0.235445
-0.663017 -0.354362 -0.659421   1.51141
        0         0         0         1

-0.301926 -0.676545   0.67166  0.328552
-0.686673  0.643055  0.339057 -0.235583
-0.661302 -0.358841  -0.65872   1.51268
        0         0         0         1

-0.294077 -0.682553  0.669059  0.332872
-0.692078  0.634865  0.343475 -0.236411
-0.659202 -0.362033 -0.659079   1.51469
        0         0         0         1

-0.285837 -0.689838  0.665147  0.336789
-0.697805  0.625562  0.348913 -0.237704
-0.656784 -0.364411 -0.660181   1.51696
        0         0         0         1

 -0.27766 -0.697223  0.660897  0.342211
-0.704388  0.615554  0.353456 -0.238184
-0.653256 -0.367387  -0.66203   1.51976
        0         0         0         1

-0.268545 -0.703373  0.658142  0.347691
-0.709987  0.606281  0.358248 -0.238383
-0.651001 -0.371066 -0.662199   1.52252
        0         0         0         1

-0.244801 -0.718695  0.650808  0.361594
-0.722378  0.582914  0.371997 -0.238897
-0.646717 -0.379064 -0.661867   1.52925
        0         0         0         1

-0.232498 -0.725817  0.647406  0.369506
 -0.72897  0.570698  0.378029 -0.238315
-0.643853 -0.384048 -0.661785   1.53245
        0         0         0         1

-0.216643 -0.735334  0.642145  0.378742
-0.735948  0.555195  0.387477 -0.237981
-0.641441 -0.388641 -0.661447   1.53612
        0         0         0         1

-0.203657 -0.743889  0.636517  0.388166
-0.743299  0.540623  0.393996 -0.236655
-0.637205 -0.392882 -0.663034   1.53998
        0         0         0         1

-0.170559 -0.765576  0.620324  0.409827
-0.759567  0.503177  0.412155 -0.234621
-0.627669 -0.400881 -0.667327    1.5495
        0         0         0         1

-0.155612 -0.774087  0.613656  0.421286
-0.768313  0.485301  0.417346 -0.232251
 -0.62087 -0.406536  -0.67026    1.5539
        0         0         0         1

-0.137075 -0.784685  0.604549  0.434622
-0.777022  0.463705  0.425693 -0.229955
-0.614367 -0.411396  -0.67328   1.55948
        0         0         0         1

-0.120212 -0.793842  0.596124  0.447547
-0.783642  0.444526  0.433937 -0.227332
 -0.60947 -0.414983 -0.675526   1.56533
        0         0         0         1

-0.100437 -0.803327  0.587008  0.462425
-0.790515  0.422687  0.443194 -0.224016
-0.604151 -0.419526 -0.677495   1.57174
        0         0         0         1

-0.0832224 -0.810101  0.580353   0.47703
-0.796596  0.403993  0.449693 -0.219455
-0.598756 -0.424883 -0.678945   1.57732
        0         0         0         1

-0.0396088  -0.82231   0.56766  0.509897
-0.808864  0.359934  0.464959 -0.208588
 -0.58666 -0.440743 -0.679393   1.58831
        0         0         0         1

-0.0203474 -0.826846   0.56206  0.526162
-0.814244  0.339928  0.470591 -0.202208
-0.580166 -0.448078 -0.680171   1.59322
        0         0         0         1

0.00092785 -0.831599  0.555375  0.544508
-0.818835   0.31817  0.477784 -0.194874
-0.574029 -0.455204 -0.680647   1.59926
        0         0         0         1

0.0218769 -0.835773  0.548639  0.561145
-0.822149  0.297204  0.485531 -0.187958
-0.568851 -0.461685 -0.680628   1.60471
        0         0         0         1

 0.065113 -0.843908  0.532522  0.598396
-0.828933  0.251356  0.499689 -0.171006
-0.555544 -0.473962 -0.683177    1.6161
        0         0         0         1

0.0847147  -0.84723  0.524428  0.616607
-0.830933  0.230391   0.50643 -0.161904
-0.549886 -0.478667 -0.684473   1.62142
        0         0         0         1

   0.1065 -0.850679  0.514785  0.635823
-0.832589  0.206729  0.513866 -0.152011
-0.543556 -0.483331 -0.686249    1.6273
        0         0         0         1

 0.126342 -0.852645  0.506985   0.65432
-0.834519  0.184949  0.519011 -0.142261
-0.536299 -0.488661 -0.688182   1.63205
        0         0         0         1

  0.14559 -0.854925  0.497903  0.674762
-0.836555    0.1623  0.523292 -0.130935
-0.528185 -0.492709 -0.691562   1.63698
        0         0         0         1

 0.165165 -0.856793  0.488494  0.693003
-0.837063  0.140158  0.528849 -0.120354
 -0.52158 -0.496248  -0.69404   1.64154
        0         0         0         1

  0.205493  -0.859383   0.468224   0.732109
 -0.835001  0.0955751   0.541884 -0.0969382
 -0.510437  -0.502321  -0.697946    1.65023
         0          0          0          1

  0.224176  -0.860107   0.458215   0.750153
 -0.833686  0.0742406   0.547226 -0.0855005
 -0.504691  -0.504682  -0.700416    1.65346
         0          0          0          1

  0.244872  -0.858972   0.449672   0.770041
 -0.831723  0.0522491   0.552727 -0.0724916
 -0.498272   -0.50935  -0.701632    1.65622
         0          0          0          1

  0.261343   -0.85912   0.440014   0.788133
 -0.828934  0.0337954   0.558325 -0.0606013
 -0.494538  -0.510657  -0.703322     1.6591
         0          0          0          1

   0.295402   -0.857594    0.421034    0.826922
  -0.822823 -0.00442907     0.56828  -0.0343227
  -0.485489   -0.514308   -0.706956     1.66265
          0           0           0           1

  0.310768  -0.856406     0.4123   0.844897
 -0.818984 -0.0211231   0.573428 -0.0219315
 -0.482378   -0.51587  -0.707947    1.66343
         0          0          0          1

   0.328063   -0.854827    0.402051    0.863351
  -0.814877  -0.0407874    0.578197 -0.00824008
   -0.47786   -0.517307    -0.70996     1.66364
          0           0           0           1

  0.341596  -0.853378   0.393775   0.880906
 -0.810321 -0.0551696   0.583383 0.00431516
 -0.476122  -0.518366  -0.710356    1.66428
         0          0          0          1

  0.357676    -0.8511   0.384314   0.899236
 -0.805651 -0.0731277    0.58786  0.0182403
 -0.472223  -0.519886  -0.711845    1.66278
         0          0          0          1

 0.369268 -0.849931  0.375844  0.916246
-0.801012 -0.086037  0.592433 0.0306687
 -0.47119 -0.519822 -0.712576   1.66162
        0         0         0         1

 0.398874 -0.844164  0.358171  0.950593
 -0.78792 -0.115682  0.604814 0.0576685
-0.469128 -0.523455 -0.711276   1.65721
        0         0         0         1

 0.410315 -0.842299  0.349535  0.966565
-0.781766 -0.127529  0.610392 0.0703888
-0.469556 -0.523707 -0.710808   1.65391
        0         0         0         1

 0.421772 -0.840093  0.341105  0.984016
-0.775531  -0.13935  0.615737 0.0837458
-0.469744 -0.524238 -0.710292   1.64993
        0         0         0         1

 0.429887  -0.83951  0.332295    1.0012
-0.769477 -0.148117  0.621262 0.0961063
-0.472338 -0.522766 -0.709657   1.64561
        0         0         0         1

 0.452992 -0.835586  0.310796   1.03296
-0.753491 -0.172513  0.634422  0.121927
-0.476497  -0.52157 -0.707753   1.63513
        0         0         0         1

 0.461567 -0.834228  0.301695   1.04779
-0.747594 -0.182712   0.63853  0.133885
-0.477556 -0.520269 -0.707997   1.62916
        0         0         0         1

 0.472411 -0.832148  0.290443   1.06239
-0.740607 -0.196131  0.642677   0.14674
-0.477837 -0.518712  -0.70895    1.6215
        0         0         0         1

   0.4788 -0.831926  0.280445   1.07606
-0.734146 -0.204233  0.647548  0.157712
-0.481436 -0.515933 -0.708542   1.61559
        0         0         0         1

 0.482481 -0.832576  0.272084   1.09247
-0.727581 -0.207999  0.653729  0.169042
-0.487686 -0.513375 -0.706122   1.60862
        0         0         0         1

 0.492186 -0.830009  0.262369   1.10401
 -0.71925 -0.217983  0.659669  0.180676
 -0.49034 -0.513389 -0.704272   1.60131
        0         0         0         1

 0.504585 -0.828387  0.243246   1.13224
-0.705646 -0.233368  0.669032   0.20399
-0.497451 -0.509229 -0.702302   1.58335
        0         0         0         1

 0.509297 -0.827921   0.23487    1.1451
-0.697604 -0.237352  0.676028  0.213854
-0.503951 -0.508145 -0.698443   1.57635
        0         0         0         1

 0.511242  -0.82939  0.225263   1.15895
 -0.69245 -0.242259  0.679576  0.224195
-0.509062 -0.503411 -0.698164   1.56611
        0         0         0         1

 0.516785 -0.828249  0.216649   1.16954
-0.685958 -0.249179  0.683646  0.233752
-0.512245  -0.50191 -0.696916   1.55787
        0         0         0         1

 0.525557 -0.827554  0.197342   1.19184
 -0.67253  -0.26206  0.692119  0.252962
-0.521051 -0.496466 -0.694282   1.53923
        0         0         0         1

 0.528524 -0.827718  0.188533   1.20197
-0.666991 -0.267503  0.695389   0.26148
-0.525153  -0.49328 -0.693462   1.53022
        0         0         0         1

 0.528139 -0.829517  0.181576    1.2145
-0.664039 -0.270174  0.697179   0.26941
-0.529265 -0.488782 -0.693521   1.52006
        0         0         0         1

  0.53151  -0.82903  0.173801   1.22232
-0.658863 -0.275676   0.69993  0.276979
 -0.53235 -0.486531 -0.692742   1.51157
        0         0         0         1

 0.530467 -0.830693  0.168981   1.23328
-0.655136 -0.275233  0.703593  0.284502
-0.537961 -0.483939 -0.690219   1.50284
        0         0         0         1

 0.532848 -0.830414  0.162744   1.24102
-0.650011 -0.278523  0.707044  0.291469
-0.541811 -0.482532 -0.688189   1.49497
        0         0         0         1

 0.528712 -0.834464  0.155348   1.25888
-0.647405  -0.27809    0.7096  0.303139
-0.548935 -0.475747 -0.687266    1.4783
        0         0         0         1

 0.528854 -0.835258  0.150522   1.26586
-0.644442 -0.279795  0.711625  0.308565
-0.552275 -0.473348 -0.686246   1.47195
        0         0         0         1

 0.528218  -0.83685  0.143763   1.27229
-0.643388 -0.283977  0.710921  0.314179
-0.554109 -0.468017 -0.688421   1.46188
        0         0         0         1

 0.526696 -0.838762  0.138091   1.27906
-0.642366 -0.286331  0.710901  0.318739
-0.556737 -0.463134 -0.689602   1.45408
        0         0         0         1

 0.524403 -0.842211  0.125228   1.29108
-0.636877 -0.290357  0.714199   0.32827
-0.565145 -0.454283 -0.688649   1.44217
        0         0         0         1

 0.523621 -0.843519  0.119571   1.29478
-0.635443 -0.293201  0.714314  0.332655
-0.567479  -0.45001 -0.689535   1.43592
        0         0         0         1

 0.520831 -0.845907  0.114792   1.30091
-0.636568 -0.295256  0.712465  0.335849
-0.568785 -0.444147 -0.692255   1.42848
        0         0         0         1

 0.522981 -0.844767  0.113399   1.30439
-0.632857 -0.295735  0.715565  0.339536
-0.570949 -0.445992 -0.689281   1.42667
        0         0         0         1

 0.520234 -0.847978   0.10144   1.30847
-0.631651 -0.302108  0.713966  0.342625
-0.574782 -0.435504 -0.692793   1.42499
        0         0         0         1

 0.521215 -0.848385 0.0926154    1.3097
-0.635849 -0.313657  0.705206  0.345327
-0.569237 -0.426453 -0.702928   1.41802
        0         0         0         1

 0.515419 -0.851816 0.0935614   1.32103
-0.638935 -0.309242  0.704366  0.347787
-0.571057 -0.422823 -0.703644   1.41705
        0         0         0         1

  0.51541 -0.852362 0.0884993   1.32183
-0.640307 -0.314418  0.700819  0.349907
-0.569526 -0.417876 -0.707828    1.4147
        0         0         0         1

  0.51603 -0.852353  0.084897   1.32361
-0.642604 -0.319689  0.696318  0.351634
-0.566368 -0.413876 -0.712695   1.41392
        0         0         0         1

 0.516516 -0.852353  0.081884   1.32494
-0.642491 -0.322566  0.695094  0.352966
-0.566053 -0.411637  -0.71424   1.41633
        0         0         0         1

  0.51547 -0.853463   0.07676   1.32954
-0.646671 -0.328665  0.688329  0.353952
-0.562235 -0.404451 -0.721326   1.41701
        0         0         0         1

 0.514698 -0.854308  0.072419   1.33102
-0.649596 -0.333445  0.683257  0.354839
-0.559564 -0.398714 -0.726578   1.41604
        0         0         0         1

 0.510842 -0.856489 0.0739469   1.33495
-0.652588 -0.330354  0.681906  0.354273
-0.559616 -0.396603 -0.727693   1.41761
        0         0         0         1

 0.505546 -0.859543 0.0749002   1.33974
 -0.65576 -0.326366  0.680782  0.353716
-0.560716 -0.393283 -0.728646    1.4174
        0         0         0         1

 0.505798 -0.859749 0.0707119   1.34068
-0.656492 -0.330448  0.678102  0.355049
-0.559631 -0.389404 -0.731558   1.41627
        0         0         0         1

 0.503643 -0.861246 0.0678217   1.34268
-0.659161 -0.332345  0.674577   0.35533
-0.558436 -0.384451 -0.735083   1.41581
        0         0         0         1

 0.500194  -0.86378 0.0607435    1.3447
-0.663426 -0.337202  0.667953  0.356182
-0.556481 -0.374405 -0.741721   1.41611
        0         0         0         1

 0.498126 -0.865265  0.056451   1.34633
-0.665362 -0.339673  0.664767  0.356558
-0.556025 -0.368698 -0.744915   1.41579
        0         0         0         1

 0.494459 -0.867585 0.0529714   1.34866
 -0.66918 -0.341074  0.660202  0.356329
-0.554714  -0.36189 -0.749218   1.41518
        0         0         0         1

  0.49531 -0.867378 0.0481972    1.3487
 -0.66865 -0.345233  0.658575  0.357772
-0.554595 -0.358426  -0.75097   1.41577
        0         0         0         1

 0.489844  -0.87067 0.0445698   1.35104
-0.672158 -0.344614   0.65532  0.358046
-0.555208 -0.350962 -0.754035   1.41643
        0         0         0         1

 0.486756 -0.872365  0.045258   1.35175
-0.674574 -0.342467  0.653962  0.357684
-0.554994  -0.34885 -0.755173   1.41624
        0         0         0         1

 0.482995 -0.874506 0.0442173   1.35186
-0.675929 -0.340266  0.653712  0.358232
-0.556629 -0.345627 -0.755451   1.41616
        0         0         0         1

 0.480169 -0.876054 0.0443484   1.35183
 -0.67785 -0.338495  0.652641  0.358203
-0.556737  -0.34344 -0.756368    1.4157
        0         0         0         1

 0.477816 -0.877406 0.0430109   1.35072
 -0.67895 -0.337787  0.651864  0.358705
-0.557421 -0.340673 -0.757116   1.41536
        0         0         0         1

 0.472766 -0.880108 0.0436195   1.35012
-0.682808 -0.334594  0.649476  0.358292
-0.557014 -0.336834  -0.75913   1.41471
        0         0         0         1

 0.461721 -0.885982 0.0430082   1.34935
-0.689532 -0.327997  0.645727  0.357538
-0.557996 -0.327801 -0.762356   1.41406
        0         0         0         1

 0.454357 -0.889713 0.0443852   1.34878
-0.692747 -0.321567   0.64552  0.356791
-0.560055 -0.324044 -0.762453   1.41451
        0         0         0         1

 0.443028 -0.895373 0.0451001   1.34894
-0.699816 -0.313948  0.641634  0.354987
-0.560342 -0.315823 -0.765684   1.41385
        0         0         0         1

 0.440023  -0.89691  0.043954   1.34784
-0.699557  -0.31169  0.643015  0.355496
-0.563027  -0.31369 -0.764591   1.41553
        0         0         0         1

 0.424392 -0.904551 0.0409795   1.34612
 -0.70752 -0.303027  0.638428  0.354071
-0.565072 -0.299937  -0.76859   1.41704
        0         0         0         1

 0.417374 -0.907898 0.0389822   1.34452
-0.711785 -0.299947  0.635133  0.353701
-0.564943 -0.292835 -0.771419    1.4171
        0         0         0         1

 0.408604 -0.911991 0.0362789   1.34229
-0.716348 -0.295811  0.631935  0.353553
-0.565587 -0.284199 -0.774172   1.41712
        0         0         0         1

 0.401995  -0.91494 0.0358335    1.3404
-0.718789 -0.291086  0.631356  0.353635
-0.567222 -0.279559 -0.774665     1.418
        0         0         0         1

 0.389729 -0.920276 0.0346884    1.3388
-0.724874 -0.283309  0.627929  0.352947
 -0.56804 -0.269867 -0.777498   1.41886
        0         0         0         1

 0.383018 -0.923021 0.0364496   1.33685
-0.728568 -0.277599  0.626201   0.35311
-0.567878 -0.266402 -0.778809   1.42049
        0         0         0         1

 0.361509 -0.931539 0.0393293   1.33184
-0.736044  -0.25924  0.625327   0.35317
-0.572321 -0.255009 -0.779371   1.42628
        0         0         0         1

 0.352591 -0.934827 0.0421703   1.32804
-0.739423 -0.250704  0.624821   0.35363
-0.573527 -0.251488 -0.779628   1.42917
        0         0         0         1

 0.346287 -0.937029 0.0453984   1.32344
 -0.74242 -0.244142  0.623864  0.354969
-0.573495 -0.249741 -0.780213   1.43419
        0         0         0         1

  0.33627 -0.940529 0.0482508   1.31804
-0.746645 -0.235024  0.622322  0.355831
-0.573972 -0.245295 -0.781273    1.4387
        0         0         0         1

 0.312837 -0.947944 0.0594573   1.30964
-0.756174 -0.210692  0.619524  0.357291
-0.574747  -0.23877 -0.782723   1.45194
        0         0         0         1

  0.30845 -0.949225 0.0619009   1.30061
-0.757183 -0.205615  0.619997  0.360188
-0.575788 -0.238108 -0.782159   1.46155
        0         0         0         1

 0.298436 -0.951928 0.0690664   1.29355
 -0.76379 -0.194806  0.615366  0.361722
 -0.57233   -0.2364 -0.785209   1.47033
        0         0         0         1

 0.283343 -0.955779 0.0787641   1.28879
-0.770468 -0.177962  0.612135  0.362381
-0.571049 -0.234129 -0.786821   1.48086
        0         0         0         1

 0.280546 -0.955832 0.0876314   1.27734
-0.774664 -0.171569  0.608654  0.366029
-0.566736  -0.23864 -0.788582    1.4939
        0         0         0         1

 0.268508 -0.958396 0.0968554    1.2694
-0.781666  -0.15802  0.603348  0.368463
-0.562941 -0.237712 -0.791575   1.50596
        0         0         0         1

 0.247889 -0.961796   0.11619   1.24667
-0.791937 -0.132093  0.596143  0.374974
 -0.55802 -0.239793 -0.794426   1.53773
        0         0         0         1

 0.242213 -0.962154  0.124869   1.23407
-0.796132 -0.123539  0.592378  0.379183
-0.554533 -0.242894 -0.795925   1.55433
        0         0         0         1

 0.227711 -0.964316  0.135065   1.22288
-0.804896 -0.108348   0.58344  0.383608
-0.547987 -0.241569 -0.800846   1.57113
        0         0         0         1

  0.214057  -0.966411   0.142232    1.21251
 -0.813096 -0.0955862   0.574229   0.388296
 -0.541345  -0.238566  -0.806245    1.58756
         0          0          0          1

  0.194623  -0.968193   0.157239    1.18394
 -0.823927 -0.0743852   0.561792   0.399682
 -0.532227  -0.238891  -0.812198    1.63016
         0          0          0          1

  0.181241  -0.969923   0.162485    1.17221
 -0.832728 -0.0634611   0.550034   0.405433
 -0.523179  -0.234994  -0.819183    1.64922
         0          0          0          1

  0.168382  -0.970874   0.170443    1.15875
  -0.83548 -0.0488099   0.547349   0.411647
 -0.523088  -0.234566  -0.819364    1.67661
         0          0          0          1

  0.152611  -0.973026   0.173006    1.14697
 -0.844885 -0.0376345   0.533622   0.418961
 -0.512717  -0.227607  -0.827838    1.69517
         0          0          0          1

 0.141447 -0.974565  0.173829   1.13098
 -0.85076 -0.029889  0.524703  0.426832
-0.506162 -0.222104 -0.833349   1.72007
        0         0         0         1

  0.129047   -0.97568   0.177186     1.1188
 -0.854771 -0.0188646   0.518662   0.432363
 -0.502705  -0.218385  -0.836418    1.74821
         0          0          0          1

 0.0895807  -0.980609   0.174301    1.09358
 -0.874397 0.00635952   0.485169   0.450199
 -0.476869   -0.19587  -0.856873    1.79518
         0          0          0          1

 0.081067 -0.981578  0.173011   1.07713
 -0.87727 0.0121243  0.479845  0.458383
-0.473102 -0.190677 -0.860126   1.82669
        0         0         0         1

0.0587638 -0.983871  0.168954   1.06341
-0.884119 0.0272971  0.466463   0.46677
-0.463552 -0.176787 -0.868255   1.85581
        0         0         0         1

0.0294287 -0.985402  0.167678   1.05622
 -0.89389 0.0491262  0.445586  0.476274
-0.447319 -0.162999 -0.879396   1.87809
        0         0         0         1

-0.011394 -0.987223  0.158935   1.02906
-0.904249 0.0780234  0.419818  0.496274
-0.426855 -0.138933 -0.893584   1.93882
        0         0         0         1

-0.0320336 -0.987241  0.155976   1.01847
-0.909124 0.0936225  0.405868  0.508106
-0.415292   -0.1288 -0.900524   1.96452
        0         0         0         1

-0.0447873 -0.986922  0.154851  0.998018
-0.913613  0.103167  0.393279  0.519577
-0.404111  -0.12386 -0.906285   1.99381
        0         0         0         1

-0.0752705  -0.98606  0.148391  0.993783
-0.919161  0.126309  0.373081    0.5326
-0.386624 -0.108313 -0.915855   2.01963
        0         0         0         1

-0.0984719  -0.984453   0.145452   0.984913
 -0.922321   0.145169   0.358121   0.544332
 -0.373668 -0.0988885  -0.922276    2.05197
         0          0          0          1

 -0.126584  -0.982659    0.13549   0.978108
  -0.92645   0.165929   0.337874   0.558957
 -0.354497 -0.0827557  -0.931388    2.07567
         0          0          0          1

 -0.177687  -0.977108   0.116989   0.961754
 -0.928614   0.205832   0.308724   0.582559
 -0.325736 -0.0537813   -0.94393    2.14077
         0          0          0          1

 -0.203047  -0.973332   0.106759   0.955839
 -0.931404   0.225628   0.285618   0.599588
 -0.302089 -0.0414416  -0.952379    2.16857
         0          0          0          1

 -0.221032  -0.970858  0.0926254    0.94289
 -0.934803   0.237977   0.263649   0.615693
 -0.278009 -0.0283116  -0.960161    2.19686
         0          0          0          1

 -0.258648  -0.962915  0.0767816   0.942635
 -0.932914   0.269623   0.238694   0.635027
 -0.250545 -0.0098927  -0.968055    2.22277
         0          0          0          1

 -0.280165  -0.957753  0.0649304   0.935671
 -0.930934   0.287579   0.225079   0.648793
 -0.234243 0.00261347  -0.972175    2.25724
         0          0          0          1

-0.302386  -0.95167 0.0537296  0.925125
-0.931441   0.30699  0.195383  0.666608
-0.202434 0.0090351 -0.979254   2.27947
        0         0         0         1

-0.345545 -0.938242 0.0173508  0.915671
-0.925595  0.343816  0.158319  0.701828
-0.154507 0.0386467 -0.987236   2.34062
        0         0         0         1

 -0.366691  -0.930336 0.00364507   0.911099
 -0.922488     0.3641   0.128245   0.722476
 -0.120638  0.0436638  -0.991736    2.36564
         0          0          0          1

 -0.397641  -0.917445 -0.0132997   0.917243
 -0.912683   0.394004   0.108496   0.739403
-0.0942988  0.0552808  -0.994008    2.39706
         0          0          0          1

 -0.417201  -0.908133 -0.0351886   0.922508
 -0.905667   0.412225  0.0991874   0.748316
-0.0755696  0.0732503  -0.994446    2.43834
         0          0          0          1

 -0.464192  -0.881131 -0.0901865   0.932797
 -0.885554   0.459629  0.0673395   0.784019
-0.0178826   0.111123  -0.993646     2.5064
         0          0          0          1

-0.491222 -0.863023 -0.117867  0.945188
-0.870503  0.491134 0.0318204  0.812552
0.0304266  0.118234 -0.992519   2.51767
        0         0         0         1

 -0.51405  -0.84642 -0.139018  0.956748
 -0.85593  0.516753 0.0187079  0.830809
0.0560031  0.128606 -0.990113   2.55895
        0         0         0         1

   -0.522907    -0.839763    -0.146172     0.941325
    -0.84881     0.528697 -0.000901211       0.8486
   0.0780377     0.123601    -0.989259      2.57977
           0            0            0            1

 -0.544308  -0.819133  -0.180971   0.956893
 -0.830063   0.557106 -0.0250525    0.87009
  0.121342   0.136581  -0.983169    2.60984
         0          0          0          1

 -0.553113  -0.810391  -0.193219   0.956526
   -0.8206    0.56999 -0.0415625   0.889324
  0.143815   0.135566  -0.980275    2.63469
         0          0          0          1

 -0.59044 -0.768069 -0.247892   0.99298
-0.770465  0.627873 -0.110273  0.952588
 0.240342  0.125883 -0.962491   2.66124
        0         0         0         1

-0.591961 -0.764664   -0.2547   0.98471
-0.763599  0.633213 -0.126323  0.970073
 0.257874  0.119711 -0.958734   2.68659
        0         0         0         1

-0.616355 -0.727651  -0.30105   1.02039
-0.724277  0.673883 -0.145956  0.994843
 0.309078  0.128083 -0.942372   2.71243
        0         0         0         1

-0.621418  -0.71469 -0.321025    1.0327
-0.709058  0.687312 -0.157601   1.01519
  0.33328  0.129689 -0.933866   2.73663
        0         0         0         1

