-0.202382 -0.425683   0.88195   1.01425
-0.820768 -0.417539 -0.389873   1.05957
 0.534211 -0.802779 -0.264884   1.88151
        0         0         0         1

-0.202991  -0.41925  0.884887   1.01208
-0.830402 -0.405167 -0.382456   1.04403
 0.518871 -0.812447 -0.265901   1.87794
        0         0         0         1

-0.203428 -0.416589  0.886042   1.01479
-0.843959  -0.38415 -0.374381   1.02479
 0.496336 -0.823943 -0.273437   1.87981
        0         0         0         1

-0.200688 -0.411461  0.889058   1.01158
-0.856516 -0.366798 -0.363098   1.00847
 0.475505 -0.834362 -0.278811   1.88445
        0         0         0         1

-0.188279 -0.390764  0.901029  0.986188
 -0.88632 -0.327601 -0.327282  0.968638
 0.423069 -0.860221 -0.284662   1.89005
        0         0         0         1

-0.187791 -0.393793  0.899812  0.987983
-0.897573 -0.303225 -0.320027  0.951662
 0.398869 -0.867745 -0.296516   1.89555
        0         0         0         1

-0.179465 -0.386336   0.90473  0.974246
-0.913626 -0.275578 -0.298906  0.930592
 0.364802 -0.880228  -0.30351   1.89968
        0         0         0         1

-0.187985  -0.39339  0.899948  0.979592
-0.914198 -0.264863  -0.30674  0.920326
 0.359031 -0.880393 -0.309846    1.8856
        0         0         0         1

-0.181031 -0.389082   0.90324  0.968908
-0.928949 -0.233915 -0.286946   0.90101
 0.322927  -0.89101 -0.319091   1.89022
        0         0         0         1

-0.180628  -0.39219  0.901976  0.965033
-0.936846 -0.210637 -0.279199  0.884284
 0.299488 -0.895443 -0.329375   1.88967
        0         0         0         1

-0.183277 -0.394879  0.900267  0.952336
 -0.95341 -0.151824  -0.26069  0.849225
 0.239623 -0.906101 -0.348656   1.88988
        0         0         0         1

-0.178994 -0.392511  0.902162  0.939924
-0.960233 -0.130013 -0.247081   0.83462
 0.214275 -0.910512  -0.35363   1.88552
        0         0         0         1

-0.182693  -0.39134  0.901929  0.933335
-0.962804 -0.114542 -0.244722  0.823947
 0.199078  -0.91309 -0.355857   1.87062
        0         0         0         1

 -0.191787  -0.395448   0.898242   0.936734
 -0.965999 -0.0856316  -0.243953    0.81228
  0.173388  -0.914488  -0.365579    1.86816
         0          0          0          1

 -0.198817  -0.394903   0.896952   0.924959
 -0.973638 -0.0248201  -0.226743   0.780661
  0.111804  -0.918388  -0.379558    1.86178
         0          0          0          1

 -0.202255   -0.39539   0.895968   0.917179
 -0.975927 0.00513964  -0.218037   0.767665
 0.0816047  -0.918499  -0.386912    1.86366
         0          0          0          1

-0.213454 -0.394256  0.893868  0.912485
-0.975067  0.029144  -0.21999   0.75582
0.0606814 -0.918538 -0.390647   1.85335
        0         0         0         1

-0.225255  -0.39371  0.891209  0.909769
-0.973309 0.0496876 -0.224055  0.747688
0.0439307 -0.917891 -0.394394   1.84519
        0         0         0         1

-0.246058 -0.394237  0.885456  0.911708
-0.968989 0.0786566  -0.23425  0.738138
0.0227032 -0.915636 -0.401366   1.83951
        0         0         0         1

-0.261481 -0.394884  0.880735  0.908592
-0.965184  0.100489 -0.241498   0.73022
0.00685931 -0.913219 -0.407412   1.83357
        0         0         0         1

-0.308274 -0.391601  0.866958  0.907829
-0.951219  0.138602  -0.27563  0.717291
-0.0122252 -0.909636 -0.415225   1.81654
        0         0         0         1

-0.324453 -0.383849  0.864517  0.904709
-0.945658  0.152402 -0.287238  0.711507
-0.0214982 -0.910732 -0.412437   1.80917
        0         0         0         1

-0.339161 -0.385372  0.858172  0.902669
-0.939955  0.175798 -0.292539  0.704268
-0.0381289 -0.905861 -0.421856   1.80446
        0         0         0         1

-0.349081 -0.387409  0.853262  0.902898
-0.935712  0.193517 -0.294949  0.700241
-0.0508551 -0.901369 -0.430056   1.79979
        0         0         0         1

-0.349684 -0.391411  0.851187  0.900025
-0.933545  0.222024 -0.281422  0.692321
-0.0788322  -0.89303 -0.443038   1.78068
        0         0         0         1

-0.342134 -0.391632  0.854148  0.897537
-0.934376  0.237982 -0.265154  0.687421
-0.0994286 -0.888813 -0.447353   1.77915
        0         0         0         1

-0.330528 -0.395315  0.857017   0.89402
-0.935294   0.25881 -0.241336   0.68195
-0.126401 -0.881331 -0.455279   1.77549
        0         0         0         1

-0.329377 -0.395015  0.857598  0.899413
-0.933618   0.27185 -0.233358  0.680591
-0.140958 -0.877531 -0.458334   1.76643
        0         0         0         1

-0.325953 -0.396473  0.858233  0.902786
-0.931633  0.288989 -0.220328  0.678808
-0.160666 -0.871375 -0.463564    1.7595
        0         0         0         1

-0.321351 -0.394041  0.861083  0.902562
-0.930318  0.301094 -0.209405   0.67557
-0.176753 -0.868374 -0.463341    1.7543
        0         0         0         1

-0.312114 -0.382827  0.869499  0.902537
-0.928477  0.316819 -0.193794  0.673328
-0.201284 -0.867795  -0.45433   1.74042
        0         0         0         1

-0.305199 -0.377773  0.874152  0.900941
-0.928815  0.320643 -0.185715  0.671547
-0.210133 -0.868605 -0.448742   1.73401
        0         0         0         1

-0.305137  -0.37212  0.876594  0.904922
-0.927393  0.325295  -0.18473  0.670967
 -0.21641 -0.869316 -0.444361   1.72556
        0         0         0         1

-0.298138 -0.368779  0.880406  0.901963
-0.927929   0.32818 -0.176765  0.669841
-0.223744 -0.869655 -0.440044    1.7221
        0         0         0         1

 -0.29882 -0.361752  0.883087  0.909219
-0.925483  0.335577 -0.175698   0.66853
-0.232785 -0.869783 -0.435072   1.70868
        0         0         0         1

-0.299519  -0.35933  0.883838  0.911996
-0.924576  0.337947 -0.175929   0.66806
-0.235474  -0.86987 -0.433449   1.70283
        0         0         0         1

-0.293452 -0.356305  0.887092  0.909487
-0.924713  0.341157  -0.16887  0.666506
-0.242468 -0.869861 -0.429593   1.69791
        0         0         0         1

-0.299426 -0.354689  0.885743  0.915632
-0.922465  0.344757 -0.173784  0.666393
-0.243727 -0.869102 -0.430418   1.69449
        0         0         0         1

-0.295616 -0.353385  0.887542  0.914385
 -0.92267  0.346386 -0.169399   0.66548
-0.247569 -0.868986 -0.428455    1.6899
        0         0         0         1

-0.296465 -0.350363  0.888456  0.916455
-0.922549  0.345661 -0.171529  0.666041
-0.247007 -0.870497 -0.425703   1.68306
        0         0         0         1

-0.287672 -0.344887  0.893475  0.913544
 -0.92337  0.347519 -0.163153  0.663066
-0.254231 -0.871942  -0.41843   1.67557
        0         0         0         1

-0.285528  -0.34175  0.895366  0.916834
-0.923386  0.348225 -0.161551  0.663128
-0.256579 -0.872895 -0.414995   1.67151
        0         0         0         1

-0.274074 -0.336454  0.900934  0.914241
-0.925288   0.34762 -0.151665   0.66177
-0.262155 -0.875191  -0.40659   1.66654
        0         0         0         1

-0.271371 -0.330467  0.903963   0.91799
-0.924894  0.349423 -0.149914  0.660827
-0.266324 -0.876753  -0.40047   1.66393
        0         0         0         1

-0.256645 -0.319722  0.912092  0.919417
-0.923982  0.358005 -0.134497  0.657879
-0.283532 -0.877274 -0.387298   1.65987
        0         0         0         1

-0.251959 -0.316066  0.914669  0.921062
-0.925048  0.356286 -0.131703  0.657233
-0.284257 -0.879296 -0.382146   1.65461
        0         0         0         1

  -0.2429 -0.311424  0.918703  0.920299
-0.926702  0.354447 -0.124864  0.656205
-0.286745 -0.881693 -0.374692   1.65101
        0         0         0         1

-0.236902 -0.308936  0.921106  0.921765
-0.926455  0.357284 -0.118445  0.655481
-0.292504 -0.881423 -0.370857   1.65052
        0         0         0         1

-0.240163 -0.305776  0.921316  0.928132
-0.925546  0.358325 -0.122341  0.654825
-0.292722 -0.882102 -0.369066   1.64729
        0         0         0         1

-0.229533 -0.305081  0.924251  0.925491
-0.928395  0.353741 -0.113797  0.654797
-0.292228  -0.88419 -0.364431   1.64202
        0         0         0         1

-0.219309 -0.302441  0.927595   0.92654
-0.929452  0.353874 -0.104367  0.653655
-0.296687 -0.885044 -0.358712   1.63428
        0         0         0         1

  -0.21219   -0.29925   0.930282     0.9264
 -0.930126   0.353831 -0.0983347   0.652904
 -0.299736  -0.886145  -0.353419       1.63
         0          0          0          1

 -0.20597 -0.296878  0.932438  0.927907
-0.930004   0.35581 -0.092146  0.651881
-0.304415  -0.88615 -0.349384   1.62737
        0         0         0         1

 -0.206203  -0.294359   0.933184   0.931593
 -0.928084    0.36103 -0.0911942   0.650961
 -0.310064  -0.884878  -0.347636    1.62829
         0          0          0          1

 -0.200669  -0.292084   0.935104   0.931663
 -0.927558   0.363786 -0.0854191    0.64979
 -0.315228  -0.884503  -0.343926    1.62162
         0          0          0          1

 -0.201128  -0.290551   0.935483   0.933074
 -0.926896   0.365379 -0.0857991   0.649641
 -0.316877  -0.884352  -0.342798    1.61943
         0          0          0          1

-0.199604 -0.293693  0.934827  0.931233
-0.925039  0.371155 -0.080909  0.648311
-0.323203 -0.880902 -0.345762   1.62105
        0         0         0         1

 -0.201436  -0.294248    0.93426   0.931914
 -0.924664   0.371791 -0.0822706   0.647888
 -0.323141  -0.880448  -0.346973    1.61729
         0          0          0          1

 -0.199006  -0.295054   0.934527   0.929661
 -0.924266   0.373507 -0.0788954   0.647196
 -0.325774  -0.879452  -0.347038    1.61499
         0          0          0          1

 -0.198169  -0.294175   0.934981   0.928555
 -0.923611   0.375383 -0.0776518   0.646583
 -0.328133  -0.878947  -0.346093    1.61379
         0          0          0          1

 -0.197614  -0.289329    0.93661   0.929548
 -0.922716   0.377493 -0.0780709   0.645607
 -0.330975  -0.879652  -0.341566    1.60976
         0          0          0          1

 -0.197471  -0.286726    0.93744   0.930238
 -0.922818   0.377034 -0.0790715    0.64495
 -0.330774  -0.880701   -0.33905    1.60632
         0          0          0          1

 -0.194028  -0.281992   0.939592   0.928307
 -0.923662   0.375157 -0.0781453   0.644628
 -0.330458  -0.883027  -0.333256    1.60136
         0          0          0          1

 -0.192602  -0.278393   0.940958   0.927936
 -0.923783   0.374851 -0.0781822   0.643685
 -0.330954  -0.884299  -0.329371    1.60061
         0          0          0          1

 -0.195925  -0.271033   0.942419   0.930887
 -0.922926   0.375743 -0.0838109   0.642501
 -0.331392  -0.886204  -0.323761    1.59779
         0          0          0          1

 -0.192746   -0.26952   0.943508   0.925459
 -0.923451   0.374952 -0.0815409   0.641894
 -0.331794     -0.887   -0.32116    1.59708
         0          0          0          1

  -0.19317  -0.265511   0.944558   0.922275
  -0.92333   0.374826 -0.0834668   0.640593
 -0.331883  -0.888262  -0.317559    1.59622
         0          0          0          1

 -0.194876  -0.262954   0.944922   0.920847
 -0.921962   0.377839 -0.0849954    0.63969
 -0.334679  -0.887746  -0.316066    1.59797
         0          0          0          1

 -0.197026  -0.260214   0.945235    0.91743
 -0.922754   0.374942 -0.0891224   0.638512
 -0.331218  -0.889779  -0.313988    1.59491
         0          0          0          1

   -0.1973  -0.258204   0.945729   0.913464
 -0.922769   0.374643 -0.0902252   0.637145
 -0.331014  -0.890491  -0.312179    1.59569
         0          0          0          1

-0.202087 -0.241015  0.949248  0.913798
-0.926237  0.361937 -0.105292  0.635657
-0.318191 -0.900507  -0.29638   1.59156
        0         0         0         1

-0.198432 -0.232796  0.952067  0.914889
-0.926836  0.360476 -0.105032  0.634881
-0.318746 -0.903252 -0.287293   1.59132
        0         0         0         1

 -0.188155  -0.226137   0.955751   0.914726
 -0.929868   0.354254 -0.0992409   0.633589
 -0.316137  -0.907395  -0.276932     1.5901
         0          0          0          1

  -0.17691  -0.220355   0.959243   0.914442
 -0.932001   0.350768 -0.0913078   0.632659
 -0.316351  -0.910168  -0.267425    1.59067
         0          0          0          1

 -0.139571  -0.202128   0.969363   0.912553
  -0.94131   0.330922 -0.0665288   0.629153
 -0.307336  -0.921757  -0.236452    1.58799
         0          0          0          1

 -0.132046  -0.190008   0.972862   0.914702
 -0.944166   0.322981 -0.0650697   0.628089
 -0.301852  -0.927135  -0.222047    1.58691
         0          0          0          1

   -0.1152  -0.176434   0.977548   0.914517
 -0.948999   0.310298 -0.0558305    0.62689
  -0.29348  -0.934123  -0.203182    1.58594
         0          0          0          1

 -0.105141   -0.16347    0.98093   0.915933
 -0.951898   0.302022 -0.0516981   0.625596
 -0.287811  -0.939181  -0.187362    1.58671
         0          0          0          1

-0.0866414 -0.147781  0.985218  0.915814
-0.955498  0.292247 -0.040191  0.623458
-0.281988 -0.944856 -0.166526   1.58851
        0         0         0         1

 -0.073939  -0.137639   0.987719   0.916369
 -0.958609   0.282883 -0.0323401   0.622029
 -0.274958  -0.949227  -0.152858    1.59035
         0          0          0          1

 -0.0367628   -0.113332    0.992877    0.915308
  -0.967163    0.254064 -0.00681056    0.618737
  -0.251483   -0.960524    -0.11895     1.59381
          0           0           0           1

-0.0213851  -0.101201   0.994636   0.914394
 -0.970233   0.242143 0.00377684   0.617536
 -0.241226  -0.964948  -0.103367    1.59588
         0          0          0          1

-0.000560928 -0.0874132   0.996172   0.913264
  -0.97288   0.230473   0.019676   0.615297
 -0.231311  -0.969144 -0.0851718     1.6015
         0          0          0          1

 0.0143658 -0.0734971   0.997192    0.91322
 -0.975221   0.219164  0.0302026   0.614494
 -0.220768  -0.972916 -0.0685274    1.60599
         0          0          0          1

 0.0481071 -0.0449268   0.997831   0.909281
 -0.980035   0.190824  0.0558408   0.611943
 -0.192919  -0.980596 -0.0348499    1.61608
         0          0          0          1

 0.0539401 -0.0304309    0.99808   0.910283
 -0.982529    0.17668  0.0584865   0.612416
 -0.178121  -0.983798 -0.0203691    1.62065
         0          0          0          1

  0.0703817  -0.0129998    0.997435     0.90505
  -0.983546     0.16588   0.0715636    0.610505
  -0.166385    -0.98606 -0.00111098     1.63135
          0           0           0           1

    0.07856 -0.00219714    0.996907    0.901713
  -0.985979    0.147503    0.078024    0.611114
  -0.147219   -0.989059  0.00942155     1.63428
          0           0           0           1

0.0900182 0.0131083  0.995854  0.896369
-0.986808   0.13627 0.0874068   0.60973
-0.134559 -0.990585 0.0252022   1.64594
        0         0         0         1

0.0973824  0.027339  0.994871  0.891787
-0.988439  0.119376 0.0934723  0.609564
-0.116208 -0.992473 0.0386481   1.65079
        0         0         0         1

 0.112587 0.0471952   0.99252  0.882327
 -0.98997 0.0911203  0.107965  0.607428
-0.0853433 -0.994721 0.0569808   1.66931
        0         0         0         1

 0.125255 0.0560854  0.990538  0.872214
-0.989323 0.0820405  0.120456  0.606038
-0.0745084  -0.99505 0.0657625   1.67774
        0         0         0         1

 0.136962 0.0655737  0.988403  0.863276
-0.988545 0.0729197  0.132144  0.604327
-0.0634089  -0.99518 0.0748098   1.68995
        0         0         0         1

  0.14148 0.0739496  0.987175  0.859067
-0.988721 0.0600475  0.137204  0.602964
-0.0491313 -0.995453  0.081611   1.69537
        0         0         0         1

 0.162941 0.0969155  0.981864   0.83999
  -0.9863 0.0419773  0.159534  0.597218
-0.0257547 -0.994407  0.102428   1.71523
        0         0         0         1

 0.172039  0.104573  0.979524  0.830385
-0.984953 0.0348685   0.16927  0.594942
-0.0164534 -0.993906  0.108998   1.72376
        0         0         0         1

 0.180525  0.111283  0.977255  0.820222
-0.983556 0.0258155  0.178749    0.5918
-0.00533654 -0.993453  0.114114    1.7339
        0         0         0         1

 0.189187  0.115925  0.975074  0.811009
-0.981932 0.0181047  0.188366  0.589037
0.00418288 -0.993093  0.117256   1.74111
        0         0         0         1

  0.196216    0.12003   0.973187   0.802249
 -0.980407 0.00643472   0.196878   0.585663
  0.017369  -0.992749   0.118941    1.74806
         0          0          0          1

  0.208777   0.124493   0.970007   0.790056
 -0.977659 0.00183658   0.210188   0.581421
 0.0243854  -0.992219   0.122095    1.75515
         0          0          0          1

   0.239211    0.134168    0.961653    0.755314
  -0.970299 -0.00371264    0.241879    0.569233
  0.0360227   -0.990952    0.129295     1.77569
          0           0           0           1

   0.247209      0.1331    0.959777     0.74571
  -0.968024 -0.00965671    0.250672     0.56422
  0.0426328   -0.991056    0.126457     1.78092
          0           0           0           1

   0.257712     0.13199    0.957164    0.734068
  -0.965263 -0.00896248    0.261128    0.556372
  0.0430449    -0.99121    0.125095     1.79257
          0           0           0           1

  0.263163    0.13418   0.955375   0.723045
  -0.96361 -0.0115855   0.267059   0.550997
 0.0469026  -0.990889   0.126249    1.80024
         0          0          0          1

  0.270321   0.129378   0.954038   0.701941
  -0.96148 -0.0150018   0.274464   0.536022
 0.0498219  -0.991482   0.120339     1.8196
         0          0          0          1

 0.280544  0.133204  0.950553  0.685921
-0.958194 -0.019122  0.285479  0.529341
0.0562033 -0.990904   0.12227   1.82234
        0         0         0         1

  0.288029   0.130892   0.948634   0.670427
 -0.955713 -0.0232238   0.293383   0.521406
 0.0604323  -0.991125   0.118406    1.82894
         0          0          0          1

  0.288404   0.125027   0.949311    0.66257
 -0.955471 -0.0270764   0.293841   0.515423
 0.0624421  -0.991784   0.111651     1.8347
         0          0          0          1

  0.298785   0.123325   0.946318   0.643793
 -0.952334 -0.0254166   0.303997   0.505776
 0.0615426  -0.992041   0.109852    1.84278
         0          0          0          1

 0.302371  0.119632  0.945653  0.632038
 -0.95074 -0.033241  0.308202  0.500222
0.0683052 -0.992262  0.103687   1.84298
        0         0         0         1

  0.306217    0.11286   0.945248   0.608366
 -0.949341 -0.0374275   0.312012    0.48453
  0.070592  -0.992906   0.095682    1.85161
         0          0          0          1

  0.309215   0.108677   0.944762   0.596423
 -0.948469 -0.0370796   0.314693   0.476462
 0.0692313  -0.993385  0.0916114     1.8559
         0          0          0          1

  0.310327   0.105272   0.944783   0.583916
 -0.948035 -0.0391076   0.315753   0.468176
 0.0701882  -0.993674  0.0876655    1.85835
         0          0          0          1

  0.313102   0.102845   0.944134    0.57142
 -0.947209 -0.0384145   0.318307    0.46063
 0.0690048  -0.993955  0.0853883    1.86114
         0          0          0          1

  0.316809  0.0967399   0.943543   0.542802
 -0.945891 -0.0413567   0.321837   0.444237
 0.0701564   -0.99445  0.0784033    1.86148
         0          0          0          1

  0.319563  0.0929028      0.943   0.528743
 -0.945217 -0.0387619   0.324133   0.434862
 0.0666654   -0.99492  0.0754265    1.86416
         0          0          0          1

  0.323645  0.0896866   0.941918   0.510909
 -0.944053 -0.0360804   0.327814   0.424183
 0.0633853  -0.995316  0.0729917    1.86443
         0          0          0          1

  0.326533  0.0850177   0.941354   0.497135
 -0.943352 -0.0326865   0.330179   0.415249
 0.0588406  -0.995843  0.0695284    1.86572
         0          0          0          1

  0.326574  0.0822677   0.941585   0.482318
 -0.943493 -0.0309736   0.329942   0.406625
 0.0563078  -0.996129  0.0675038    1.86321
         0          0          0          1

 0.325081 0.0778982  0.942472  0.472294
-0.944231  -0.02853  0.328046  0.398839
0.0524429 -0.996553 0.0642793   1.86305
        0         0         0         1

   0.32406  0.0684459   0.943557   0.442851
 -0.945144 -0.0198968   0.326048   0.379325
 0.0410904  -0.997456  0.0582434    1.85918
         0          0          0          1

  0.321157   0.062995   0.944928    0.43319
 -0.946216 -0.0198997   0.322922   0.374038
 0.0391463  -0.997815   0.053216     1.8543
         0          0          0          1

  0.315207  0.0565505   0.947336   0.421545
 -0.948442 -0.0161631    0.31654    0.36619
 0.0332124  -0.998269  0.0485402    1.85132
         0          0          0          1

   0.311884   0.0501035    0.948798    0.409862
  -0.949837 -0.00793101    0.312644    0.356843
  0.0231895   -0.998713   0.0451166     1.85134
          0           0           0           1

     0.3086   0.0453607     0.95011    0.393871
  -0.951055 -0.00225247    0.309015    0.347689
  0.0161572   -0.998968   0.0424454     1.84648
          0           0           0           1

  0.306987  0.0436773   0.950711   0.380571
 -0.951656 0.00308006   0.307151   0.339984
 0.0104873  -0.999041  0.0425113    1.84267
         0          0          0          1

 0.299189 0.0265495  0.953824  0.357116
-0.954175 0.0145457  0.298894  0.324169
-0.00593855 -0.999542 0.0296848   1.83577
        0         0         0         1

 0.293389  0.022609  0.955726  0.347038
-0.955926 0.0187705  0.293007  0.318657
-0.0113148 -0.999568 0.0271196   1.83121
        0         0         0         1

 0.286507 0.0155741  0.957951  0.335883
-0.957892 0.0243681  0.286093  0.311456
-0.0188878 -0.999582 0.0218999   1.82722
        0         0         0         1

 0.276467 0.0102224  0.960969  0.329821
-0.960667 0.0301567  0.276059  0.306797
-0.0261576 -0.999493 0.0181577   1.82472
        0         0         0         1

  0.266331 0.00557241   0.963866   0.303714
 -0.962877  0.0471789   0.265785   0.290734
 -0.043993  -0.998871  0.0179307    1.81713
         0          0          0          1

   0.25754 0.00527048   0.966253   0.294828
 -0.965378  0.0443052   0.257065   0.287577
-0.0414552  -0.999004  0.0164984    1.80796
         0          0          0          1

  0.251259 0.00160503   0.967918   0.282567
 -0.966844   0.047555   0.250902   0.281448
-0.0456266  -0.998867  0.0135004    1.80187
         0          0          0          1

   0.248561 0.000257898    0.968616    0.269833
  -0.967318   0.0518248    0.248214    0.274751
 -0.0501343   -0.998656   0.0131311     1.79659
          0           0           0           1

    0.24628 -0.00528427    0.969184    0.256287
  -0.967503   0.0577839    0.246168    0.266877
 -0.0573041   -0.998315  0.00911844     1.79087
          0           0           0           1

  0.238272 -0.0115884   0.971129   0.250749
 -0.969184  0.0615301   0.238529   0.264369
-0.0625179  -0.998038 0.00342958    1.78542
         0          0          0          1

   0.226325  -0.0211669    0.973822    0.232464
  -0.971125     0.07254    0.227275    0.255585
 -0.0754518   -0.997141 -0.00413802     1.77225
          0           0           0           1

   0.224031  -0.0222904    0.974327    0.222577
  -0.971203   0.0780731    0.225099    0.250185
 -0.0810863   -0.996698 -0.00415771      1.7663
          0           0           0           1

  0.214824 -0.0307707   0.976168   0.216937
 -0.972397  0.0864712    0.21672   0.246774
 -0.091079  -0.995779 -0.0113452    1.76298
         0          0          0          1

  0.209974 -0.0391581   0.976923   0.211534
 -0.972845  0.0911532   0.212751   0.244452
-0.0973805  -0.995067  -0.018955    1.75808
         0          0          0          1

  0.205532 -0.0379437   0.977915   0.190299
  -0.97248   0.104112   0.208429   0.233287
 -0.109721  -0.993841 -0.0155011    1.74359
         0          0          0          1

  0.204401  -0.041359   0.978013   0.182097
 -0.972204   0.107974   0.207753   0.228713
 -0.114192  -0.993293 -0.0181393    1.73844
         0          0          0          1

  0.202804 -0.0456099   0.978157   0.173242
 -0.971575   0.115202   0.206811   0.224255
 -0.122118  -0.992294   -0.02095    1.73201
         0          0          0          1

  0.201588 -0.0495065   0.978218   0.166768
 -0.971121   0.120026     0.2062   0.221061
  -0.12762  -0.991536  -0.023881    1.72609
         0          0          0          1

  0.198449 -0.0560419   0.978508   0.162182
 -0.970745   0.126452   0.204117   0.218487
 -0.135173  -0.990388 -0.0293081    1.72019
         0          0          0          1

  0.194361 -0.0559812   0.979331   0.157714
 -0.971091   0.130071   0.200161   0.216647
 -0.138588  -0.989923 -0.0290821    1.71399
         0          0          0          1

  0.183722 -0.0665018   0.980726   0.149272
 -0.971569   0.139281   0.191452   0.213257
 -0.149328  -0.988017 -0.0390221    1.70371
         0          0          0          1

  0.179589 -0.0709643   0.981179   0.145725
 -0.971227   0.145796   0.188312   0.211827
 -0.156416  -0.986766 -0.0427391    1.69922
         0          0          0          1

  0.178524 -0.0759872   0.980997   0.138923
  -0.97005   0.153313   0.188408   0.207742
 -0.164716  -0.985252 -0.0463413    1.69471
         0          0          0          1

  0.178689 -0.0794888   0.980689   0.132746
 -0.969002   0.158611   0.189416   0.203325
 -0.170604  -0.984136 -0.0486828    1.69128
         0          0          0          1

   0.17005 -0.0776985   0.982368   0.123583
 -0.969917   0.163021   0.180789   0.200289
 -0.174193  -0.983558 -0.0476395    1.67662
         0          0          0          1

   0.17358 -0.0813659   0.981453   0.117144
 -0.968522    0.16645   0.185092   0.196391
 -0.178423  -0.982687 -0.0499124    1.67192
         0          0          0          1

  0.171209 -0.0870124   0.981385   0.115663
 -0.967974    0.17078   0.184012   0.196399
 -0.183612   -0.98146 -0.0549866     1.6669
         0          0          0          1

  0.168229 -0.0920568    0.98144   0.115255
 -0.967758   0.173922   0.182197   0.196741
 -0.187467  -0.980447 -0.0598299    1.66279
         0          0          0          1

  0.164532  -0.101751    0.98111   0.108565
 -0.965864   0.185154   0.181177   0.193356
 -0.200092  -0.977428 -0.0678137    1.65375
         0          0          0          1

  0.163875  -0.104905   0.980887   0.105975
  -0.96485   0.190038    0.18152   0.193423
 -0.205448  -0.976156 -0.0700753     1.6487
         0          0          0          1

  0.165792  -0.108777   0.980143   0.102305
 -0.963382    0.19452   0.184545   0.191902
 -0.210732  -0.974848 -0.0725434     1.6427
         0          0          0          1

   0.16594   -0.11662   0.979216   0.100068
 -0.961854   0.199858   0.186799    0.19041
 -0.217488   -0.97286 -0.0790068    1.64175
         0          0          0          1

  0.167064  -0.119449   0.978684  0.0969286
 -0.960277   0.205314   0.188981   0.189061
 -0.223511  -0.971379 -0.0804035    1.63744
         0          0          0          1

  0.166269  -0.120856   0.978646  0.0950001
 -0.959996   0.206922   0.188654   0.189062
 -0.225304  -0.970864 -0.0816167    1.63173
         0          0          0          1

 0.163089 -0.126206  0.978506 0.0923516
-0.958934  0.212992  0.187299  0.190677
-0.232052 -0.968869 -0.086287   1.62265
        0         0         0         1

  0.162075  -0.127991   0.978443  0.0921389
 -0.957806   0.218102   0.187187   0.191132
 -0.237358  -0.967497 -0.0872418    1.61938
         0          0          0          1

  0.162897  -0.136144   0.977205   0.091214
 -0.956141   0.222585   0.190396   0.190976
 -0.243432   -0.96536 -0.0939144    1.61549
         0          0          0          1

  0.164752   -0.14243   0.975997  0.0901386
  -0.95363   0.229697   0.194497   0.190123
 -0.251886  -0.962784 -0.0979824    1.61582
         0          0          0          1

  0.170584  -0.129048   0.976856  0.0886183
 -0.952748   0.231279   0.196927   0.192928
  -0.25134  -0.964291 -0.0834979    1.60609
         0          0          0          1

  0.175714  -0.136616   0.974916  0.0855474
 -0.950435     0.2345   0.204163    0.19062
 -0.256509  -0.962469 -0.0886401    1.60645
         0          0          0          1

  0.178815  -0.131282   0.975085  0.0843143
 -0.949094   0.238193   0.206119   0.190918
 -0.259318  -0.962304 -0.0820067    1.60382
         0          0          0          1

  0.178896  -0.124457   0.975965  0.0860092
 -0.950168   0.235543   0.204204   0.194216
 -0.255297  -0.963862 -0.0761174    1.59886
         0          0          0          1

   0.18164  -0.119679   0.976055  0.0858539
 -0.949963   0.235144   0.205616   0.195542
 -0.254122  -0.964564 -0.0709792    1.59538
         0          0          0          1

  0.186515  -0.119648   0.975139  0.0836655
  -0.94877   0.235731   0.210395   0.193896
 -0.255044  -0.964425 -0.0695514    1.59485
         0          0          0          1

  0.185528  -0.117554   0.975582  0.0864352
  -0.94937   0.234708   0.208825   0.197559
 -0.253525  -0.964932 -0.0680574    1.59343
         0          0          0          1

   0.18812   -0.11712   0.975138  0.0858117
 -0.949026   0.233989   0.211186   0.197335
 -0.252906  -0.965159 -0.0671318    1.59337
         0          0          0          1

  0.188293  -0.116815   0.975141  0.0868658
 -0.949015   0.233953   0.211275   0.198588
 -0.252817  -0.965205 -0.0668075    1.59416
         0          0          0          1

  0.191235  -0.116485   0.974608  0.0852647
 -0.948347   0.234123   0.214064   0.197498
 -0.253114  -0.965203 -0.0656956     1.5946
         0          0          0          1

  0.191443  -0.116531   0.974562  0.0852033
 -0.948663   0.232731   0.214184    0.19802
 -0.251769  -0.965535 -0.0659938    1.59467
         0          0          0          1

  0.193487  -0.115197   0.974316  0.0840416
 -0.948402   0.232297   0.215806   0.197828
 -0.251191  -0.965799 -0.0643066    1.59407
         0          0          0          1

 0.194024 -0.114045  0.974345 0.0841668
-0.948705  0.230922  0.215947  0.199239
-0.249625 -0.966265 -0.063391   1.59361
        0         0         0         1

  0.193382  -0.114358   0.974436  0.0846214
 -0.948745    0.23125   0.215423   0.200081
 -0.249973   -0.96615 -0.0637773    1.59399
         0          0          0          1

  0.193601  -0.114203   0.974411   0.084622
 -0.948712   0.231222   0.215595    0.20037
 -0.249927  -0.966175 -0.0635806    1.59387
         0          0          0          1

  0.194411  -0.114567   0.974207  0.0840488
 -0.948415   0.231597     0.2165    0.20012
 -0.250427  -0.966042 -0.0636321     1.5941
         0          0          0          1

  0.195006  -0.117766   0.973706   0.083479
 -0.947882   0.232422   0.217944   0.199908
 -0.251977  -0.965459 -0.0663042    1.59585
         0          0          0          1

  0.195122  -0.120383   0.973363  0.0835185
  -0.94741   0.233537   0.218803   0.199868
 -0.253657  -0.964867 -0.0684841    1.59684
         0          0          0          1

  0.195951  -0.126088   0.972474  0.0821419
 -0.946967   0.233219    0.22105   0.199376
 -0.254671  -0.964215 -0.0737019     1.5982
         0          0          0          1

  0.199902  -0.129822   0.971177  0.0798523
 -0.945861   0.233104   0.225851   0.197981
 -0.255706  -0.963747 -0.0761956    1.59879
         0          0          0          1

  0.200846  -0.133883   0.970431  0.0787789
 -0.945463   0.232822     0.2278   0.197412
 -0.256436   -0.96326 -0.0798205    1.59863
         0          0          0          1

   0.20036  -0.141614   0.969433  0.0780992
 -0.944318   0.235686   0.229598   0.197369
 -0.260996  -0.961456 -0.0865069    1.60121
         0          0          0          1

   0.19325   -0.14976   0.969653   0.079604
 -0.945282   0.236353   0.224897   0.200054
 -0.262861  -0.960057 -0.0958902    1.60263
         0          0          0          1

  0.193178  -0.152867   0.969182  0.0793348
  -0.94447    0.23864   0.225892   0.200677
 -0.265817  -0.959001 -0.0982779    1.60384
         0          0          0          1

 0.194329 -0.156219  0.968417 0.0784547
 -0.94367  0.239761   0.22804  0.201202
-0.267812 -0.958181 -0.100827   1.60429
        0         0         0         1

 0.192684 -0.156779  0.968655 0.0786343
-0.944268  0.238868  0.226494  0.202622
-0.266891 -0.958312 -0.102015   1.60401
        0         0         0         1

  0.19847 -0.164691  0.966171 0.0771345
-0.941945  0.240346  0.234463  0.205031
-0.270829 -0.956614 -0.107429   1.60607
        0         0         0         1

 0.203774 -0.168784  0.964359 0.0756886
-0.940384   0.24024  0.240755  0.205758
-0.272313 -0.955927 -0.109767   1.60714
        0         0         0         1

 0.209043  -0.17555   0.96202 0.0751183
-0.938252  0.241297   0.24791  0.207237
-0.275653 -0.954441 -0.114269   1.60986
        0         0         0         1

 0.216986 -0.181037  0.959241 0.0735278
 -0.93592  0.240694  0.257137  0.208181
-0.277435 -0.953568 -0.117209   1.61193
        0         0         0         1

 0.217185 -0.184948  0.958449 0.0767564
-0.936595  0.237128  0.257991  0.213307
 -0.27499 -0.953711 -0.121721   1.61251
        0         0         0         1

 0.220362 -0.187902  0.957149  0.077803
-0.934801  0.239536  0.262241  0.215436
-0.278547 -0.952531 -0.122866   1.61636
        0         0         0         1

 0.224698 -0.193551  0.955012 0.0787859
-0.934037  0.236468  0.267688  0.222398
-0.277641 -0.952166  -0.12765   1.62115
        0         0         0         1

 0.224775  -0.19853  0.953972 0.0789345
-0.933973  0.235215  0.269014  0.225668
-0.277796 -0.951451 -0.132551   1.62498
        0         0         0         1

 0.230638 -0.206345  0.950909 0.0744804
-0.930979  0.237422  0.277324  0.224566
-0.282991 -0.949238 -0.137344   1.63272
        0         0         0         1

 0.229078 -0.206656  0.951218 0.0731381
-0.932928  0.232264  0.275133  0.227497
-0.277791 -0.950446 -0.139589   1.63313
        0         0         0         1

 0.215323 -0.208769  0.953966  0.074527
-0.937992  0.227553  0.261516  0.237729
-0.271674 -0.951123 -0.146826   1.64209
        0         0         0         1

  0.21009 -0.209977  0.954867 0.0739933
-0.940576  0.223108  0.256007  0.241887
-0.266794  -0.95191 -0.150627   1.64577
        0         0         0         1

 0.202998 -0.209459  0.956514 0.0739024
-0.943604  0.219073  0.248231  0.248501
 -0.26154 -0.952961 -0.153175   1.65006
        0         0         0         1

 0.197707 -0.208474  0.957836 0.0742407
-0.946261  0.214528   0.24201  0.253923
-0.255935  -0.95421 -0.154857   1.65372
        0         0         0         1

 0.194189 -0.209418   0.95835 0.0715386
-0.948648  0.208604  0.237807   0.25772
-0.249717 -0.955316 -0.158156   1.65914
        0         0         0         1

 0.190056 -0.208149  0.959454 0.0719976
-0.950749  0.204714  0.232743  0.263944
-0.244859 -0.956434  -0.15899   1.66371
        0         0         0         1

 0.192017 -0.208527  0.958982 0.0684938
-0.952211  0.196925  0.233482  0.274761
-0.237535 -0.957986 -0.160749   1.67824
        0         0         0         1

 0.196177 -0.205572  0.958778 0.0672862
-0.952664  0.191645  0.236016  0.280629
-0.232263 -0.959694 -0.158245   1.68164
        0         0         0         1

 0.201131 -0.200533  0.958818 0.0659457
-0.953621  0.183697   0.23846  0.289289
-0.223951 -0.962311 -0.154285   1.68511
        0         0         0         1

  0.20758 -0.200532  0.957443  0.065943
-0.953399  0.177601  0.243901  0.295755
-0.218953 -0.963455 -0.154321   1.69301
        0         0         0         1

 0.223117 -0.194361  0.955219 0.0645279
-0.953211  0.161549  0.255519  0.312588
-0.203977 -0.967536 -0.149223   1.70993
        0         0         0         1

  0.22707 -0.190556  0.955054 0.0672474
-0.954856  0.149316  0.256815  0.323511
-0.191542 -0.970254 -0.148048   1.71468
        0         0         0         1

 0.231481 -0.182442  0.955579 0.0669206
  -0.9568  0.134934  0.257538  0.334204
-0.175926 -0.973914 -0.143326   1.72077
        0         0         0         1

 0.237086  -0.17859  0.954932 0.0644187
-0.957453   0.12353  0.260814  0.342911
-0.164542 -0.976138 -0.141704   1.72892
        0         0         0         1

 0.232345 -0.171335  0.957424 0.0720628
-0.961486  0.108145  0.252684  0.361155
-0.146834 -0.979259 -0.139609    1.7364
        0         0         0         1

  0.24212 -0.164427  0.956212 0.0697518
-0.960858 0.0961319  0.259827  0.370033
-0.134645 -0.981694 -0.134715   1.74446
        0         0         0         1

 0.250873 -0.140742  0.957734 0.0650618
-0.963159 0.0627393  0.261513  0.395806
-0.0968935 -0.988056 -0.119818   1.75604
        0         0         0         1

   0.2492 -0.132084  0.959403 0.0663949
-0.964987 0.0498555  0.257514  0.409192
-0.0818449 -0.989984 -0.115035   1.76264
        0         0         0         1

 0.249145 -0.125825  0.960258 0.0690348
-0.965819   0.04098  0.255958  0.423992
-0.0715574 -0.991206 -0.111315   1.77785
        0         0         0         1

 0.242183 -0.113898  0.963522  0.070178
-0.968964 0.0223245   0.24619  0.439283
-0.0495507 -0.993242 -0.104956   1.77873
        0         0         0         1

  0.219446 -0.0976324   0.970727  0.0742926
 -0.975577 -0.0121632   0.219319   0.477373
-0.00960549  -0.995148 -0.0979171    1.79259
         0          0          0          1

  0.204222 -0.0931687   0.974481  0.0801229
 -0.978842 -0.0323878   0.202039    0.49667
 0.0127375  -0.995123 -0.0978117    1.79839
         0          0          0          1

  0.185022  -0.085118   0.979041  0.0836745
 -0.982111 -0.0514831   0.181127   0.517734
 0.0349869   -0.99504 -0.0931209    1.80741
         0          0          0          1

  0.175569 -0.0855273   0.980745  0.0807412
 -0.983125 -0.0672313   0.170132   0.530042
 0.0513858  -0.994065 -0.0958877    1.81743
         0          0          0          1

  0.154202 -0.0843658   0.984431  0.0822049
 -0.985354 -0.0865388    0.14693   0.549571
 0.0727956   -0.99267 -0.0964746    1.82987
         0          0          0          1

  0.121512 -0.0790071   0.989441  0.0903072
  -0.98756  -0.109851   0.112509   0.571931
 0.0998016  -0.990803 -0.0913724    1.83282
         0          0          0          1

 0.0656358 -0.0641814   0.995777  0.0902268
 -0.984864    -0.1646  0.0543074   0.613232
  0.160419   -0.98427 -0.0740136    1.84461
         0          0          0          1

 0.0340526 -0.0559859   0.997851  0.0927047
 -0.980871  -0.193342  0.0226254   0.635394
   0.19166  -0.979533 -0.0614987    1.84681
         0          0          0          1

-0.00776797 -0.0413032   0.999116  0.0977537
 -0.973341  -0.228732 -0.0170233   0.661032
  0.229233  -0.972613 -0.0384253    1.84837
         0          0          0          1

-0.0511336 -0.0343572   0.998101   0.110173
 -0.961844  -0.267275 -0.0584765   0.691621
  0.268777  -0.963008 -0.0193795    1.84236
         0          0          0          1

  -0.10609 -0.0377968   0.993638   0.135983
 -0.929774  -0.350486  -0.112604   0.751528
  0.352512  -0.935805 0.00204073    1.84315
         0          0          0          1

 -0.113318 -0.0351531   0.992937   0.142297
 -0.917442  -0.379922  -0.118153   0.772427
  0.381392   -0.92435  0.0108012    1.84195
         0          0          0          1

 -0.112043 -0.0335464   0.993137   0.144812
 -0.908181   -0.40217  -0.116043     0.7961
  0.403302   -0.91495  0.0145942    1.84934
         0          0          0          1

  -0.12658 -0.0383519   0.991215   0.152641
 -0.899593   -0.41662     -0.131    0.82013
  0.417984  -0.908271  0.0182348    1.84875
         0          0          0          1

