  0.10548 -0.360701  0.926698   1.36091
-0.712379 -0.677607 -0.182661   1.05784
 0.693823 -0.640893  -0.32843   1.96601
        0         0         0         1

 0.119084 -0.353109  0.927973    1.3586
-0.723855 -0.670596 -0.162283   1.03357
 0.679598 -0.652392 -0.335456    1.9823
        0         0         0         1

 0.127843 -0.352703  0.926961   1.36666
-0.726646 -0.669416 -0.154492   1.01463
 0.675013 -0.653822  -0.34187   1.98674
        0         0         0         1

 0.142826 -0.333912  0.931721   1.35283
-0.733014  -0.66823 -0.127116  0.994877
  0.66505 -0.664809 -0.340203   1.99581
        0         0         0         1

 0.158258 -0.317528  0.934949    1.3397
-0.739165 -0.665902 -0.101037  0.975677
 0.654667 -0.675092  -0.34009   2.00307
        0         0         0         1

  0.180529  -0.286043   0.941057     1.3355
 -0.742036  -0.667617 -0.0605789   0.937729
  0.645594  -0.687362  -0.332779    2.01186
         0          0          0          1

  0.195895  -0.273559   0.941696    1.33698
 -0.745467  -0.665445 -0.0382343   0.919839
  0.637106  -0.694513  -0.334287    2.01699
         0          0          0          1

   0.213934   -0.247459    0.944985     1.32833
  -0.747134   -0.664655 -0.00490779    0.897673
   0.629304    -0.70498   -0.327078      2.0228
          0           0           0           1

 0.229465 -0.225143   0.94692   1.32282
 -0.74394 -0.667901 0.0214745   0.88291
 0.627614 -0.709379 -0.320753   2.02062
        0         0         0         1

 0.261501 -0.165805  0.950855   1.30904
-0.744649 -0.661434 0.0894542   0.84268
 0.614096 -0.731446 -0.296432   2.03189
        0         0         0         1

 0.272256 -0.145326  0.951187   1.31028
-0.747876 -0.653951  0.114149  0.823425
 0.605441 -0.742447 -0.286728   2.03744
        0         0         0         1

 0.281668 -0.130375  0.950613   1.31581
 -0.74965  -0.64829  0.133211  0.802228
 0.598906 -0.750148 -0.280338   2.03581
        0         0         0         1

 0.291032 -0.105189  0.950913   1.31046
-0.750035  -0.64212  0.158522  0.786398
 0.593925 -0.759353 -0.265773    2.0394
        0         0         0         1

  0.299845 -0.0740997   0.951106    1.30019
 -0.753514  -0.629834   0.188482   0.765085
  0.585073  -0.773187  -0.244688    2.04851
         0          0          0          1

  0.305656 -0.0617015   0.950141    1.29673
  -0.75685  -0.621221   0.203133   0.749101
  0.577714  -0.781203  -0.236578    2.05122
         0          0          0          1

  0.301688 -0.0297169   0.952944    1.28336
 -0.757069  -0.615002   0.220498   0.717508
   0.57951  -0.787965  -0.208036    2.04808
         0          0          0          1

  0.276985 -0.0347631   0.960245     1.2883
 -0.761823  -0.616971   0.197414   0.705488
  0.585581  -0.786218  -0.197375    2.04135
         0          0          0          1

  0.241734 -0.0380599   0.969596    1.28136
 -0.780983   -0.60065   0.171132   0.683573
  0.575874  -0.798606  -0.174921    2.05203
         0          0          0          1

  0.238331 -0.0346805   0.970565     1.2786
 -0.782153  -0.599262   0.170651    0.66799
  0.575704  -0.799802  -0.169948    2.05379
         0          0          0          1

  0.276839 -0.0242293   0.960611    1.27389
 -0.795245  -0.566931   0.214882   0.630679
  0.539394  -0.823409  -0.176217    2.06013
         0          0          0          1

  0.281421 -0.0352005   0.958939    1.27625
 -0.804507  -0.553357   0.215787   0.617826
  0.523039    -0.8322  -0.184045    2.05407
         0          0          0          1

  0.275393 -0.0380015    0.96058    1.27182
 -0.819313  -0.531973   0.213847   0.601973
  0.502876  -0.845908  -0.177637    2.05283
         0          0          0          1

  0.265496 -0.0350929   0.963473    1.26564
 -0.833841  -0.510005   0.211198   0.586482
  0.483964  -0.859456  -0.164666    2.05678
         0          0          0          1

  0.246389 -0.0341496   0.968569    1.26202
 -0.850385  -0.487014   0.199154   0.570943
  0.464906  -0.872726  -0.149035    2.04988
         0          0          0          1

   0.22636 -0.0333465   0.973473    1.26172
 -0.865097  -0.466168    0.18519   0.556368
  0.447626  -0.884068  -0.134369    2.05049
         0          0          0          1

  0.194791 -0.0252625   0.980519    1.25279
 -0.885991  -0.433412   0.164845   0.523798
  0.420805  -0.900842  -0.106807    2.04533
         0          0          0          1

  0.182265 -0.0246777    0.98294    1.25229
 -0.893717  -0.420949   0.155152   0.508362
  0.409939  -0.906749 -0.0987793    2.04512
         0          0          0          1

   0.17208 -0.0199299   0.984881    1.24735
  -0.90029  -0.408987   0.149024   0.491553
  0.399834  -0.912323 -0.0883211    2.04296
         0          0          0          1

  0.167443 -0.0223116   0.985629    1.24764
 -0.905227  -0.399518    0.14474   0.476778
  0.390547  -0.916454 -0.0870934    2.03956
         0          0          0          1

  0.176062 -0.0150945   0.984263    1.23942
 -0.912534  -0.377484   0.157442   0.445828
  0.369167  -0.925893 -0.0802347    2.03098
         0          0          0          1

  0.181165 -0.0135059    0.98336    1.23873
 -0.916678  -0.364482   0.163874   0.431367
  0.356203  -0.931113 -0.0784118    2.02747
         0          0          0          1

   0.184414 -0.00804236    0.982816     1.23716
  -0.919732   -0.353978    0.169681    0.416829
   0.346531   -0.935219  -0.0726754     2.01788
          0           0           0           1

   0.187744 0.000122879    0.982218     1.23387
  -0.925004    -0.33629     0.17685    0.402318
   0.330332   -0.941758  -0.0630228     2.01431
          0           0           0           1

  0.184935  0.0101481   0.982698    1.23245
  -0.93126  -0.317615   0.178535    0.38623
  0.313932  -0.948165 -0.0492878    2.00832
         0          0          0          1

  0.176726  0.0135728   0.984166    1.23326
 -0.937991  -0.300648   0.172581   0.372408
   0.29823  -0.953639 -0.0404013    2.00358
         0          0          0          1

  0.166175 0.00246748   0.986093    1.22773
  -0.95276  -0.257413   0.161202   0.342514
  0.254231  -0.966298 -0.0404248    1.99165
         0          0          0          1

  0.164513 -0.0021429   0.986373    1.22474
 -0.958363  -0.236971   0.159327   0.328684
    0.2334  -0.971514 -0.0410384    1.98801
         0          0          0          1

   0.163126 -0.00741352    0.986577     1.22019
  -0.962948   -0.218864    0.157575    0.313737
   0.214759   -0.975727  -0.0428414     1.98106
          0           0           0           1

  0.161667 -0.0150517   0.986731    1.21798
 -0.966912  -0.202366   0.155333   0.300866
  0.197343  -0.979194 -0.0472697    1.97601
         0          0          0          1

  0.157916 -0.0384058   0.986705    1.21306
 -0.973588  -0.172913   0.149086   0.272802
  0.164889  -0.984188 -0.0646972    1.96039
         0          0          0          1

   0.15503 -0.0494884   0.986669    1.21328
 -0.976598  -0.158385   0.145503   0.260047
  0.149073  -0.986136 -0.0728846      1.954
         0          0          0          1

  0.151879  -0.056154   0.986803    1.21007
 -0.979048  -0.145559   0.142402   0.246758
  0.135641  -0.987755 -0.0770847    1.94415
         0          0          0          1

  0.146007 -0.0625988   0.987301    1.20941
 -0.981622  -0.133133   0.136726   0.234985
  0.122883  -0.989119 -0.0808866    1.93694
         0          0          0          1

  0.140559 -0.0670008   0.987803     1.2053
 -0.984139  -0.118523   0.131999   0.221847
  0.108233  -0.990688 -0.0825975    1.92803
         0          0          0          1

  0.130971 -0.0743411   0.988595    1.20432
 -0.986593  -0.107712   0.122606   0.211294
 0.0973686  -0.991399 -0.0874516    1.91907
         0          0          0          1

  0.115568 -0.0868265   0.989497    1.20123
 -0.990982 -0.0780831    0.10889   0.186886
 0.0678085  -0.993159 -0.0950675    1.90083
         0          0          0          1

  0.111909  -0.092912   0.989365    1.19968
 -0.992233 -0.0648651   0.106142   0.177152
 0.0543134  -0.993559 -0.0994494    1.89273
         0          0          0          1

  0.103992  -0.102109   0.989323    1.19966
 -0.993757 -0.0510839   0.099186   0.166063
 0.0404106  -0.993461  -0.106784    1.88152
         0          0          0          1

0.0966261 -0.106837   0.98957   1.19856
-0.994902 -0.039209 0.0929135   0.15705
0.0288734 -0.993503 -0.110081   1.87235
        0         0         0         1

   0.075695   -0.119284    0.989971     1.19726
  -0.997131 -0.00862264   0.0752035    0.136736
-0.000434392   -0.992823   -0.119594     1.85225
          0           0           0           1

0.0705778 -0.121874  0.990033   1.19492
-0.997454 0.0015165 0.0712935  0.129707
-0.0101902 -0.992544 -0.121457   1.84237
        0         0         0         1

0.0701922 -0.129025  0.989154   1.19384
-0.997198 0.0166443 0.0729341  0.120005
-0.0258741 -0.991502 -0.127495   1.83183
        0         0         0         1

0.0701423 -0.134916  0.988371   1.19365
-0.996899  0.025937  0.074288   0.11255
-0.0356581 -0.990518 -0.132678   1.82189
        0         0         0         1

0.0672914 -0.140181  0.987837    1.1944
-0.996484 0.0400934   0.07357  0.103612
-0.0499189 -0.989314  -0.13699    1.8121
        0         0         0         1

0.0694186 -0.148603  0.986457   1.19384
-0.995806 0.0487519 0.0774206 0.0978427
-0.0595966 -0.987694 -0.144596   1.80197
        0         0         0         1

0.0720888  -0.17424  0.982061   1.19517
-0.993658 0.0726486 0.0858296 0.0848548
-0.0863003  -0.98202 -0.167898   1.78032
        0         0         0         1

0.0733047 -0.181205   0.98071   1.19558
-0.992705 0.0811308 0.0891917 0.0800115
-0.0957277 -0.980093 -0.173936   1.77098
        0         0         0         1

0.0769337 -0.185164  0.979692   1.19543
-0.991475 0.0894271  0.094761 0.0748878
-0.105157  -0.97863 -0.176705   1.75926
        0         0         0         1

0.0779625 -0.185901  0.979471   1.19571
-0.990576 0.0965307 0.0971677 0.0710806
-0.112613 -0.977815 -0.176623   1.74982
        0         0         0         1

0.0805445 -0.187638   0.97893    1.1956
-0.988656  0.109873  0.102405 0.0642056
-0.126773 -0.976074  -0.17666   1.72879
        0         0         0         1

0.0798245 -0.188734  0.978779   1.19618
-0.987908  0.115948  0.102927 0.0616499
-0.132913 -0.975159 -0.177196   1.72024
        0         0         0         1

0.0788409 -0.187878  0.979023   1.19735
-0.987189  0.121938  0.102899 0.0592988
-0.138713 -0.974594 -0.175858    1.7095
        0         0         0         1

0.0806195 -0.184846  0.979455    1.1975
-0.986617  0.124927  0.104786 0.0580508
-0.141729 -0.974795 -0.172301   1.70032
        0         0         0         1

0.0810121 -0.181273   0.98009   1.19918
-0.985944  0.129583  0.105463 0.0564578
-0.146121 -0.974858 -0.168227   1.69044
        0         0         0         1

0.0837937 -0.176998  0.980638   1.19946
 -0.98539  0.131716  0.107973 0.0557972
-0.148277 -0.975358 -0.163375   1.68189
        0         0         0         1

0.0906085  -0.16699  0.981786   1.20207
-0.984637   0.13274  0.113449 0.0550641
-0.149268 -0.976982 -0.152397   1.66293
        0         0         0         1

0.0954368 -0.161406  0.982263   1.20341
-0.984252  0.132197  0.117353 0.0548691
-0.148793 -0.977994 -0.146247   1.65544
        0         0         0         1

 0.104541 -0.154045  0.982518   1.20389
-0.983642  0.129706  0.124996 0.0555092
-0.146694 -0.979513 -0.137965    1.6459
        0         0         0         1

 0.113227 -0.147637  0.982539   1.20576
-0.982841  0.128289  0.132539 0.0556881
-0.145616 -0.980686 -0.130577   1.63895
        0         0         0         1

 0.137394  -0.13557  0.981195   1.20898
-0.980783  0.119907  0.153904 0.0575598
-0.138517 -0.983485 -0.116491   1.62188
        0         0         0         1

 0.145779 -0.133358  0.980288   1.21107
-0.979966  0.116449  0.161573 0.0582147
-0.135701 -0.984203  -0.11371   1.61542
        0         0         0         1

 0.155427 -0.132083  0.978977   1.21305
-0.978889  0.112572  0.170601 0.0590485
-0.132738 -0.984826 -0.111798   1.60798
        0         0         0         1

 0.163375 -0.133354   0.97751   1.21387
-0.977969   0.10861  0.178269 0.0601352
 -0.12994 -0.985099 -0.112672   1.60165
        0         0         0         1

 0.171641 -0.135743  0.975763    1.2152
-0.976966  0.104023  0.186324 0.0614251
-0.126794 -0.985268 -0.114761   1.59458
        0         0         0         1

 0.175968 -0.138787  0.974563   1.21717
-0.976469  0.100774  0.190663 0.0622699
-0.124672 -0.985182 -0.117788   1.58881
        0         0         0         1

 0.189474  -0.14582  0.970997   1.21914
-0.974834 0.0903725  0.203794 0.0648242
-0.117469 -0.985175 -0.125027   1.57571
        0         0         0         1

 0.193623 -0.147852  0.969871   1.22018
-0.974252 0.0874217  0.207825 0.0657208
-0.115515 -0.985138 -0.127118   1.57074
        0         0         0         1

 0.197571 -0.149025  0.968895    1.2212
-0.973816 0.0835537  0.211425 0.0669274
-0.112463 -0.985297 -0.128616   1.56488
        0         0         0         1

 0.198623 -0.148948  0.968692   1.22236
-0.973752 0.0821072  0.212285 0.0675297
-0.111156  -0.98543  -0.12873   1.56081
        0         0         0         1

 0.196971 -0.150631  0.968769   1.22413
-0.974303 0.0800416  0.210541 0.0693166
-0.109256 -0.985344 -0.130994   1.55128
        0         0         0         1

 0.193782 -0.152063  0.969188   1.22516
 -0.97493 0.0802829  0.207526  0.069847
-0.109366 -0.985105 -0.132693   1.54808
        0         0         0         1

 0.189749 -0.153713  0.969725   1.22591
-0.975805 0.0797511   0.20358 0.0704802
 -0.10863 -0.984892 -0.134861   1.54432
        0         0         0         1

  0.18441  -0.15449  0.970632   1.22727
-0.976915 0.0795461  0.198265 0.0706013
 -0.10784 -0.984787 -0.136255   1.54171
        0         0         0         1

 0.178186 -0.153869  0.971892   1.22789
-0.978258 0.0788181  0.191831 0.0708768
 -0.10612 -0.984943  -0.13648   1.53912
        0         0         0         1

 0.174008 -0.154525  0.972545   1.22863
-0.979253 0.0770003  0.187442 0.0711297
-0.103851 -0.984984  -0.13792   1.53646
        0         0         0         1

 0.168027 -0.156243  0.973322   1.22937
-0.980494 0.0756499  0.181408 0.0706403
-0.101975 -0.984817 -0.140484   1.53382
        0         0         0         1

 0.164247 -0.155882  0.974025   1.23076
-0.981422 0.0734433  0.177248 0.0703138
-0.0991653 -0.985042 -0.140923   1.53241
        0         0         0         1

 0.160639 -0.154863  0.974788   1.23199
-0.982235 0.0719757  0.173301 0.0700164
-0.096999 -0.985311  -0.14055   1.53143
        0         0         0         1

 0.157834 -0.156198  0.975034   1.23254
-0.982814 0.0708849  0.170449 0.0697571
-0.0957388 -0.985179 -0.142325   1.53047
        0         0         0         1

 0.154669 -0.157711  0.975297   1.23313
-0.983216 0.0721175  0.167586 0.0692239
-0.0967663 -0.984848  -0.14391   1.53054
        0         0         0         1

 0.150628 -0.160263  0.975514   1.23426
-0.983811  0.072613  0.163839 0.0687823
-0.0970922   -0.9844 -0.146731   1.52999
        0         0         0         1

  0.14304  -0.16623  0.975657   1.23609
-0.984751 0.0747275  0.157105 0.0678586
-0.0990241 -0.983251 -0.153006   1.52908
        0         0         0         1

 0.141142  -0.16803  0.975625   1.23624
-0.985007 0.0749136  0.155402 0.0677302
-0.0991997 -0.982931 -0.154937   1.52849
        0         0         0         1

 0.137842 -0.170725  0.975629   1.23704
-0.985194 0.0777517    0.1528 0.0671101
-0.101944 -0.982246  -0.15748   1.52832
        0         0         0         1

  0.13499 -0.173024  0.975623   1.23771
-0.985454 0.0791478  0.150387 0.0668428
-0.103239 -0.981732 -0.159823   1.52724
        0         0         0         1

  0.13179 -0.166777  0.977147   1.23992
-0.985084 0.0879851  0.147878 0.0651439
-0.110637 -0.982061 -0.152694   1.52639
        0         0         0         1

  0.13149 -0.165459  0.977412      1.24
-0.984797 0.0911016  0.147905 0.0646764
-0.113516    -0.982 -0.150965   1.52561
        0         0         0         1

 0.128661 -0.163571  0.978106   1.24166
-0.984785 0.0951002  0.145443   0.06374
-0.116808 -0.981937 -0.148847   1.52426
        0         0         0         1

  0.12766 -0.160785  0.978699   1.24215
-0.984645 0.0979159  0.144521 0.0631456
-0.119067  -0.98212 -0.145817   1.52325
        0         0         0         1

 0.127061 -0.157175  0.979363   1.24248
-0.984271  0.102206  0.144101 0.0624035
-0.122746 -0.982268 -0.141716   1.52243
        0         0         0         1

 0.125947 -0.153405  0.980104   1.24284
-0.983999  0.106195  0.143069 0.0618246
 -0.12603 -0.982441 -0.137576   1.52167
        0         0         0         1

 0.122643 -0.143018  0.982092   1.24375
 -0.98399  0.111413  0.139105 0.0605698
-0.129313 -0.983429 -0.127064    1.5188
        0         0         0         1

 0.121036 -0.137907  0.983022    1.2441
-0.983987  0.113865  0.137129 0.0599153
-0.130843 -0.983878 -0.121917   1.51851
        0         0         0         1

 0.119185 -0.133112  0.983909    1.2437
-0.984191   0.11492  0.134767 0.0593894
 -0.13101 -0.984416 -0.117311   1.51789
        0         0         0         1

  0.11481 -0.130562   0.98477   1.24415
-0.984728  0.115653  0.130138 0.0587251
-0.130882 -0.984672  -0.11529    1.5175
        0         0         0         1

 0.102448 -0.122339  0.987187    1.2441
-0.986128  0.117805  0.116938 0.0573967
-0.130601 -0.985472 -0.108573   1.51742
        0         0         0         1

0.0965709 -0.118329  0.988267    1.2438
-0.986844  0.117969  0.110557  0.057088
-0.129667 -0.985942 -0.105379     1.517
        0         0         0         1

0.0887066 -0.112226  0.989715   1.24359
-0.987529  0.119842    0.1021 0.0564162
-0.130067  -0.98643 -0.100195   1.51684
        0         0         0         1

 0.0828644  -0.105312   0.990981    1.24322
 -0.988053   0.120974  0.0954756  0.0560161
 -0.129938  -0.987054 -0.0940294     1.5166
         0          0          0          1

 0.0746795 -0.0955234   0.992622    1.24347
 -0.988621   0.123256  0.0862398  0.0553938
 -0.130584  -0.987767 -0.0852318    1.51664
         0          0          0          1

  0.070539   -0.08567   0.993823    1.24327
 -0.988851   0.124976  0.0809593  0.0551026
  -0.13114  -0.988454 -0.0758992    1.51675
         0          0          0          1

 0.0655989 -0.0624959   0.995887    1.24225
 -0.988895   0.129306  0.0732528  0.0545061
 -0.133352  -0.989633 -0.0533195    1.51708
         0          0          0          1

 0.0637412 -0.0538273   0.996514    1.24237
 -0.988817   0.131497  0.0703518  0.0542381
 -0.134826  -0.989854 -0.0448435    1.51725
         0          0          0          1

 0.0639322  -0.045831   0.996901    1.24253
 -0.988635   0.133287  0.0695298  0.0540278
 -0.136061  -0.990017 -0.0367888    1.51735
         0          0          0          1

 0.0646606 -0.0427127   0.996993    1.24306
 -0.988254   0.135892  0.0699156  0.0537841
  -0.13847  -0.989803 -0.0334241    1.51775
         0          0          0          1

 0.0689801 -0.0521739   0.996253    1.24469
 -0.987675   0.137068  0.0755645  0.0536625
 -0.140497  -0.989187 -0.0420759     1.5191
         0          0          0          1

 0.0707138 -0.0582103   0.995797    1.24634
 -0.987586   0.136287  0.0780975  0.0536413
 -0.140261  -0.988958 -0.0478503    1.52015
         0          0          0          1

 0.0757219 -0.0641827   0.995061     1.2472
 -0.987432    0.13401  0.0837851  0.0541421
 -0.138726  -0.988899 -0.0532285    1.52158
         0          0          0          1

 0.0798056  -0.068409    0.99446    1.24775
 -0.987302    0.13204  0.0883142  0.0545295
  -0.13735  -0.988881 -0.0570028    1.52322
         0          0          0          1

 0.0852346  -0.073325   0.993659    1.24843
 -0.987274   0.128164  0.0941445  0.0553282
 -0.134255  -0.989039 -0.0614679    1.52542
         0          0          0          1

 0.0914658 -0.0767415   0.992847     1.2482
 -0.987169   0.124062   0.100532  0.0562781
  -0.13089  -0.989302 -0.0644093    1.52753
         0          0          0          1

  0.107996 -0.0805922   0.990879     1.2485
  -0.98701   0.110561   0.116567   0.059161
 -0.118947  -0.990596 -0.0676051    1.53308
         0          0          0          1

  0.117671 -0.0798584   0.989836    1.24803
  -0.98691   0.101286   0.125495  0.0609528
 -0.110279  -0.991647 -0.0668946     1.5351
         0          0          0          1

   0.13014 -0.0761074    0.98857    1.24669
 -0.986573  0.0892952   0.136751   0.063377
-0.0986824  -0.993093 -0.0634646    1.53822
         0          0          0          1

  0.139594 -0.0721854   0.987574    1.24581
 -0.986358  0.0777304   0.145103  0.0655338
-0.0872389  -0.994358   -0.06035    1.54081
         0          0          0          1

   0.16113 -0.0668658   0.984665    1.24241
 -0.985076  0.0502742   0.164611  0.0709599
-0.0605102  -0.996495 -0.0577673    1.54869
         0          0          0          1

  0.170528 -0.0668925    0.98308    1.24053
 -0.984141  0.0379023   0.173291   0.073739
-0.0488529   -0.99704 -0.0593683    1.55282
         0          0          0          1

  0.183874 -0.0686657   0.980548    1.23694
 -0.982376  0.0212492   0.185705  0.0776576
-0.0335874  -0.997413 -0.0635483    1.55751
         0          0          0          1

  0.193865 -0.0701765   0.978515    1.23415
 -0.980785 0.00834933   0.194913  0.0810209
-0.0218483    -0.9975 -0.0672094    1.56237
         0          0          0          1

   0.204077  -0.0739074    0.976161     1.23123
  -0.978932 -0.00851139    0.204011   0.0853021
-0.00676946   -0.997229  -0.0740872     1.56768
          0           0           0           1

  0.211886 -0.0762901   0.974312    1.22859
 -0.977278  -0.022227   0.210791  0.0892451
0.00557478  -0.996838 -0.0792663    1.57244
         0          0          0          1

   0.23054 -0.0754115   0.970136    1.22021
 -0.972446 -0.0533457   0.226942  0.0996192
 0.0346386  -0.995725  -0.085632    1.58439
         0          0          0          1

  0.235716  -0.078767   0.968625    1.21709
  -0.97075 -0.0658936   0.230874   0.104539
 0.0456409  -0.994713 -0.0919952    1.58927
         0          0          0          1

  0.241721 -0.0834714   0.966749    1.21239
 -0.968625 -0.0800576   0.235278   0.110951
 0.0577567  -0.993289  -0.100204     1.5959
         0          0          0          1

  0.244951  -0.087342   0.965593    1.20784
 -0.967213 -0.0909125   0.237138   0.116647
 0.0670724  -0.992021  -0.106747    1.60153
         0          0          0          1

  0.242919 -0.0926768   0.965609    1.19834
 -0.966003  -0.113909   0.232086   0.129945
 0.0884823  -0.989159  -0.117197    1.61648
         0          0          0          1

  0.241053 -0.0921288   0.966129    1.19329
 -0.965358  -0.125218    0.22892   0.136514
 0.0998867  -0.987842  -0.119122    1.62259
         0          0          0          1

  0.238671 -0.0908811   0.966839    1.18699
 -0.964619  -0.137023   0.225243   0.144448
  0.112009   -0.98639  -0.120369    1.63047
         0          0          0          1

  0.235596 -0.0894027    0.96773    1.18194
 -0.964238  -0.145895   0.221267   0.151229
  0.121405  -0.985252  -0.120578    1.63725
         0          0          0          1

  0.231096 -0.0876996    0.96897     1.1755
   -0.9641  -0.154524   0.215949   0.159446
  0.130791  -0.984089  -0.120261    1.64564
         0          0          0          1

  0.228474 -0.0858767   0.969755    1.16959
  -0.96346  -0.162986   0.212558   0.166931
  0.139803  -0.982884  -0.119977    1.65244
         0          0          0          1

  0.221582 -0.0817265   0.971711    1.15747
 -0.962567  -0.177845   0.204539   0.184029
  0.156098  -0.980659  -0.118074    1.66748
         0          0          0          1

  0.223302 -0.0756433    0.97181    1.15015
   -0.9615  -0.180917    0.20685   0.191499
   0.16017  -0.980585   -0.11313    1.67481
         0          0          0          1

  0.226831 -0.0685878   0.971516    1.14171
 -0.959885  -0.184561   0.211086    0.20066
  0.164826  -0.980425  -0.107701     1.6836
         0          0          0          1

  0.232381 -0.0606948   0.970729    1.13492
 -0.957552  -0.189305    0.21739   0.208698
  0.170569  -0.980041  -0.102109    1.68968
         0          0          0          1

  0.251096 -0.0412621   0.967082    1.11884
 -0.951394  -0.194583   0.238721    0.22606
  0.178328  -0.980018 -0.0881156     1.7051
         0          0          0          1

  0.260411 -0.0344948   0.964881    1.11219
 -0.948441  -0.196157   0.248961   0.233954
   0.18068  -0.979966 -0.0837977    1.71177
         0          0          0          1

  0.268747 -0.0301668   0.962738    1.10673
 -0.945111  -0.201111   0.257525   0.244159
  0.185849  -0.979104 -0.0825589    1.71788
         0          0          0          1

  0.276494 -0.0262987   0.960656    1.10073
  -0.94255  -0.202441    0.26574   0.252231
  0.187487  -0.978941 -0.0807613    1.72448
         0          0          0          1

  0.285091 -0.0229364   0.958226    1.09313
 -0.939664  -0.203904   0.274688   0.262232
  0.189086  -0.978722 -0.0796839    1.73182
         0          0          0          1

  0.290128 -0.0196423   0.956786    1.08715
 -0.938089  -0.203549   0.280279   0.270247
  0.189247  -0.978868 -0.0774813     1.7381
         0          0          0          1

  0.298675 -0.0158735   0.954223    1.07214
 -0.934331  -0.208605   0.288979   0.290445
  0.194468  -0.977871 -0.0771362    1.75057
         0          0          0          1

  0.299739 -0.0154327   0.953896      1.065
 -0.933617   -0.21043   0.289962   0.299303
  0.196254  -0.977487 -0.0774823    1.75629
         0          0          0          1

  0.301218 -0.0171005   0.953402    1.05465
 -0.932838  -0.212571   0.290908   0.309589
  0.197691  -0.976996 -0.0799823    1.76332
         0          0          0          1

  0.298972 -0.0230453   0.953984    1.04916
 -0.933313  -0.215384   0.287291   0.318228
  0.198852  -0.976258 -0.0859022     1.7691
         0          0          0          1

  0.295478 -0.0328024   0.954786    1.03139
 -0.933551   -0.22219   0.281273     0.3378
  0.202917  -0.974451 -0.0962748    1.78151
         0          0          0          1

  0.291162 -0.0367046   0.955969    1.02544
   -0.9344   -0.22528   0.275943    0.34612
  0.205232  -0.973602 -0.0998898    1.78727
         0          0          0          1

  0.284009 -0.0415552   0.957921    1.01787
 -0.935036  -0.233153    0.26711   0.358109
  0.212243  -0.971552  -0.105073     1.7898
         0          0          0          1

  0.280346 -0.0441521   0.958883    1.01039
 -0.935499  -0.236365   0.262626   0.366858
  0.215051  -0.970661  -0.107568    1.79443
         0          0          0          1

  0.276546 -0.0455641    0.95992    1.00074
 -0.936204  -0.238219   0.258406   0.376766
  0.216897  -0.970142  -0.108536    1.80193
         0          0          0          1

  0.272986 -0.0469175   0.960873   0.992893
 -0.936769  -0.240297   0.254405   0.385433
  0.218959  -0.969565  -0.109549    1.80626
         0          0          0          1

  0.257206 -0.0476807    0.96518   0.977835
 -0.939014   -0.24824    0.23797   0.407274
  0.228249  -0.967524  -0.108622    1.81203
         0          0          0          1

  0.253158 -0.0505552   0.966103   0.972064
 -0.940552  -0.246601   0.233559   0.415175
  0.226434  -0.967798  -0.109979    1.81696
         0          0          0          1

  0.249146 -0.0539216   0.966964   0.963905
 -0.941307  -0.248276   0.228691   0.426155
  0.227742  -0.967188  -0.112614    1.81957
         0          0          0          1

  0.243765 -0.0592413   0.968023   0.960189
 -0.942521  -0.249684   0.222063   0.435405
  0.228545  -0.966513  -0.116701     1.8217
         0          0          0          1

  0.234999 -0.0669917   0.969684   0.945732
 -0.946044   -0.24475   0.212362   0.454697
  0.223104  -0.967269  -0.120893    1.83048
         0          0          0          1

  0.229275 -0.0746747   0.970493   0.941297
 -0.947064  -0.247314    0.20471   0.464289
  0.224729  -0.966054  -0.127424    1.83039
         0          0          0          1

  0.225351 -0.0786295     0.9711    0.93197
 -0.948916  -0.243654   0.200474   0.473789
  0.220849   -0.96667  -0.129521    1.83395
         0          0          0          1

  0.218242 -0.0870727   0.972003    0.92838
 -0.951008  -0.242473   0.191807   0.482445
  0.218983  -0.966243  -0.135725    1.83551
         0          0          0          1

  0.214503 -0.0945567   0.972136   0.920697
 -0.952601  -0.240089    0.18684   0.492221
  0.215733  -0.966135  -0.141575    1.83748
         0          0          0          1

 0.208379 -0.101999  0.972715  0.916071
-0.953785 -0.241345  0.179016  0.501915
   0.2165 -0.965064 -0.147576   1.83656
        0         0         0         1

 0.194085   -0.1165  0.974043  0.905205
 -0.95806 -0.235915  0.162684  0.519371
 0.210838 -0.964765 -0.157402   1.83986
        0         0         0         1

 0.191364 -0.116143  0.974623  0.895614
-0.958833 -0.234379  0.160333  0.526881
  0.20981 -0.965182 -0.156214   1.83959
        0         0         0         1

 0.180848 -0.120815  0.976062  0.890485
-0.960561  -0.23484  0.148907  0.536565
 0.211229 -0.964497 -0.158521   1.83864
        0         0         0         1

 0.170393 -0.125704  0.977325  0.888191
 -0.96225 -0.234846  0.137558  0.544563
 0.212229  -0.96387 -0.160975   1.83666
        0         0         0         1

 0.153109 -0.129197  0.979727  0.874557
-0.965336 -0.231626  0.120315   0.56052
 0.211386 -0.964187 -0.160182   1.83617
        0         0         0         1

 0.142417 -0.129906  0.981245  0.870426
-0.966198 -0.233474  0.109324  0.568255
 0.214893 -0.963647 -0.158765   1.83416
        0         0         0         1

 0.133244 -0.128985  0.982654  0.863402
-0.967354 -0.232591  0.100639  0.575584
 0.215575 -0.963984 -0.155766   1.83139
        0         0         0         1

 0.121549 -0.128616  0.984217  0.859357
 -0.96842 -0.232831 0.0891721  0.582475
 0.217687 -0.963975 -0.152855   1.82919
        0         0         0         1

 0.104667 -0.130793  0.985869  0.859635
-0.968751 -0.237554 0.0713337  0.591733
 0.224868 -0.962529  -0.15157   1.82256
        0         0         0         1

 0.101994 -0.128959  0.986391  0.852265
-0.970889 -0.228932 0.0704608  0.595011
  0.21673 -0.964863 -0.148555   1.82437
        0         0         0         1

0.0897289 -0.136711  0.986539  0.841021
-0.973361 -0.221878 0.0577833   0.60673
 0.210992 -0.965443 -0.152978   1.81865
        0         0         0         1

0.0849188 -0.144321   0.98588  0.837655
-0.974782 -0.216967 0.0522014  0.611261
  0.20637 -0.965452 -0.159106    1.8164
        0         0         0         1

0.0807242 -0.149026  0.985533  0.829478
-0.976124 -0.211864 0.0479167  0.615444
 0.201658  -0.96587 -0.162571   1.81378
        0         0         0         1

0.0737348 -0.156598  0.984906  0.827436
-0.977966 -0.204765  0.040658  0.619426
 0.195308 -0.966203 -0.168246   1.81101
        0         0         0         1

0.0716113 -0.159311  0.984628  0.807768
-0.980575 -0.191971  0.040256  0.625524
 0.182607 -0.968384 -0.169963   1.80375
        0         0         0         1

0.0653401 -0.163522  0.984373  0.806364
-0.982774  -0.18145 0.0350917   0.62766
 0.172876 -0.969709 -0.172561    1.8022
        0         0         0         1

  0.05562 -0.169127  0.984024  0.804571
-0.985544 -0.167258 0.0269587  0.630074
 0.160027 -0.971298 -0.175986   1.80083
        0         0         0         1

 0.057585 -0.169354  0.983871  0.796082
-0.987604 -0.153806 0.0313288  0.629587
 0.146019  -0.97348 -0.176112   1.80162
        0         0         0         1

0.0515264 -0.176845  0.982889  0.792122
-0.989168 -0.144489 0.0258585  0.631586
 0.137444 -0.973575 -0.182374   1.79639
        0         0         0         1

0.0483747 -0.180628  0.982361  0.787208
-0.990709 -0.133832  0.024178  0.632774
 0.127104 -0.974404 -0.185423   1.79342
        0         0         0         1

0.0461063 -0.183437   0.98195  0.773931
-0.992954 -0.115841 0.0249828  0.636005
 0.109167 -0.976182 -0.187485   1.77934
        0         0         0         1

0.0449643 -0.183687  0.981956  0.768049
-0.994376 -0.102577 0.0263446  0.634955
 0.095887 -0.977618 -0.187266   1.77792
        0         0         0         1

 0.041408 -0.186671  0.981549  0.765293
-0.995576  -0.09064 0.0247618  0.634953
0.0843453 -0.978232 -0.189599   1.77213
        0         0         0         1

  0.046298   -0.18496   0.981655   0.754834
 -0.996232 -0.0807012    0.03178    0.63412
 0.0733426  -0.979427     -0.188    1.76705
         0          0          0          1

  0.040722  -0.185756   0.981752   0.749019
 -0.997891 -0.0572763  0.0305543   0.633119
 0.0505555  -0.980925  -0.187696    1.75548
         0          0          0          1

 0.0364348  -0.187321   0.981623   0.747415
  -0.99873 -0.0410361  0.0292389   0.632343
 0.0348049  -0.981441  -0.188579     1.7533
         0          0          0          1

 0.0305882  -0.186995   0.981884   0.745111
 -0.999197 -0.0311392  0.0251973   0.633394
 0.0258633  -0.981867  -0.187798    1.74437
         0          0          0          1

 0.0323722   -0.18004   0.983127   0.738977
  -0.99939 -0.0187006  0.0294831   0.631671
 0.0130769  -0.983482  -0.180535    1.73827
         0          0          0          1

 0.0324288  -0.173152   0.984361   0.735332
 -0.999442 0.00222468   0.033317   0.630789
-0.0079588  -0.984893  -0.172984    1.73603
         0          0          0          1

 0.0306458  -0.174372   0.984203   0.734495
 -0.999442 0.00772796  0.0324894   0.631381
-0.0132711  -0.984649  -0.174038    1.72606
         0          0          0          1

0.0388332 -0.179629  0.982968  0.723473
-0.998491 0.0312476 0.0451567  0.628277
-0.0388268 -0.983238 -0.178145   1.71472
        0         0         0         1

0.0399572 -0.177904  0.983236  0.721003
-0.997852 0.0440162 0.0485153  0.628061
-0.0519093 -0.983063 -0.175763    1.7113
        0         0         0         1

 0.039636  -0.17331  0.984069  0.719679
-0.997025 0.0582907 0.0504237  0.627523
-0.066101 -0.983141 -0.170484    1.7032
        0         0         0         1

0.0484963 -0.169111  0.984403  0.711435
 -0.99572 0.0694492 0.0609845   0.62566
-0.0786792 -0.983147 -0.165019   1.69877
        0         0         0         1

0.0457318 -0.168231  0.984686   0.71234
 -0.99529 0.0766713 0.0593234  0.628297
-0.0854772 -0.982761 -0.163933   1.67702
        0         0         0         1

0.0504138 -0.167261  0.984623  0.710465
-0.993577 0.0916038 0.0664332  0.626737
-0.101307 -0.981648 -0.161568   1.67646
        0         0         0         1

0.0536245  -0.17048  0.983901   0.70942
-0.991694  0.106269 0.0724623  0.626023
-0.116911 -0.979614 -0.163365   1.67348
        0         0         0         1

0.0524452 -0.170203  0.984012  0.710385
-0.990602   0.11578 0.0728226  0.626532
-0.126324 -0.978584 -0.162531   1.66868
        0         0         0         1

0.0570257 -0.166762  0.984347  0.709857
-0.988832  0.126546 0.0787243  0.627417
-0.137694 -0.977843 -0.157683    1.6625
        0         0         0         1

0.0600644 -0.165182  0.984432  0.709901
-0.988322  0.128522 0.0818669  0.628241
-0.140044 -0.977853 -0.155533    1.6524
        0         0         0         1

0.0657684  -0.16167  0.984651  0.709356
-0.984933  0.147655 0.0900308    0.6297
-0.159944 -0.975736 -0.149523   1.64169
        0         0         0         1

0.0660814 -0.159761  0.984941  0.710761
-0.983683   0.15511 0.0911563  0.630798
-0.167337 -0.974893 -0.146905   1.63657
        0         0         0         1

0.0691881  -0.15805  0.985004  0.711085
 -0.98156  0.165578 0.0955142  0.631684
-0.178191  -0.97345 -0.143679   1.63105
        0         0         0         1

0.0783163  -0.15397  0.984967  0.705995
-0.979119  0.174039  0.105057  0.632005
-0.187599 -0.972627 -0.137125   1.62775
        0         0         0         1

0.0856221 -0.151865  0.984686   0.70543
-0.974681  0.192128  0.114384  0.634665
-0.206557 -0.969548  -0.13157   1.61987
        0         0         0         1

0.0946679 -0.151939  0.983846  0.700918
-0.973075  0.194501  0.123669  0.635601
 -0.21015 -0.969063 -0.129435   1.61272
        0         0         0         1

 0.096297 -0.148177  0.984261  0.702796
-0.971597   0.20076  0.125281  0.638283
-0.216164 -0.968369 -0.124635   1.60725
        0         0         0         1

 0.103074 -0.142616  0.984396  0.701591
-0.969903  0.205078  0.131268  0.640072
-0.220599 -0.968299 -0.117186   1.60137
        0         0         0         1

 0.109567 -0.141942  0.983792  0.699317
-0.967897  0.210012  0.138098  0.641124
 -0.22621  -0.96734 -0.114375   1.59762
        0         0         0         1

 0.120036 -0.135165  0.983525   0.69507
-0.964536  0.218708  0.147775  0.640967
-0.235079 -0.966384 -0.104119    1.5963
        0         0         0         1

  0.122926    -0.1265   0.984321   0.697354
 -0.961077   0.232109   0.149852   0.644627
 -0.247426  -0.964429 -0.0930439    1.59114
         0          0          0          1

  0.125972  -0.119285   0.984836   0.696143
 -0.960509   0.233612   0.151156   0.646125
   -0.2481  -0.964985 -0.0851462    1.58503
         0          0          0          1

  0.127924  -0.115457   0.985041   0.696412
 -0.959942   0.235236   0.152237   0.648086
 -0.249293  -0.965056 -0.0807395    1.57712
         0          0          0          1

  0.126726  -0.110918   0.985717   0.699241
 -0.959619   0.237887   0.150139   0.650878
 -0.251143  -0.964939 -0.0762923    1.57272
         0          0          0          1

  0.140771  -0.108839   0.984042   0.690187
 -0.956357   0.242116   0.163589   0.651592
 -0.256058  -0.964123 -0.0700061    1.56899
         0          0          0          1

   0.14208  -0.106461   0.984113   0.691468
 -0.954628   0.248135   0.164666   0.651885
 -0.261724  -0.962858 -0.0663757    1.56782
         0          0          0          1

  0.149333  -0.102876   0.983421   0.692007
 -0.949504   0.262634   0.171657   0.654658
 -0.275939  -0.959396 -0.0584611    1.56287
         0          0          0          1

 0.154251 -0.102946  0.982654  0.690744
-0.947601   0.26618  0.176635  0.655528
-0.279747  -0.95841 -0.056493   1.55896
        0         0         0         1

  0.157441 -0.0967503   0.982777   0.692813
 -0.944886   0.274527   0.178397   0.657497
 -0.287059    -0.9567 -0.0481961    1.55665
         0          0          0          1

   0.16217 -0.0983563   0.981849   0.690951
 -0.944104   0.273936   0.183377   0.658004
    -0.287  -0.956705 -0.0484344    1.55217
         0          0          0          1

  0.168145 -0.0884365   0.981787   0.690769
 -0.941946   0.279224   0.186473    0.66101
  -0.29063  -0.956145 -0.0363522    1.54543
         0          0          0          1

  0.171621 -0.0873789    0.98128   0.688916
 -0.939689    0.28461    0.18969   0.661145
 -0.295857  -0.954653 -0.0332639    1.54659
         0          0          0          1

  0.177215 -0.0866699   0.980349   0.687481
 -0.938522   0.284975   0.194848   0.660759
 -0.296262  -0.954609 -0.0308398    1.54394
         0          0          0          1

  0.179057 -0.0888961   0.979814   0.688075
  -0.93799   0.285056   0.197276   0.661917
 -0.296839   -0.95438 -0.0323425    1.54295
         0          0          0          1

  0.181205 -0.0902606   0.979295   0.689093
 -0.937408   0.285251   0.199745   0.663203
