 -0.567937   0.820493 -0.0651095   0.284068
 -0.327696  -0.152843   0.932338   0.860598
  0.755025   0.550846   0.355677    2.55963
         0          0          0          1

-0.564066  0.812638 -0.146452  0.217436
-0.396103 -0.110671  0.911512  0.781226
 0.724522  0.572163  0.384314   2.55023
        0         0         0         1

-0.565305  0.805064  -0.17973  0.188994
-0.416326 -0.090362  0.904714  0.751974
 0.712112  0.586265  0.386251   2.53536
        0         0         0         1

 -0.568419   0.794376  -0.214164   0.167129
 -0.435505 -0.0696649   0.897487    0.72612
  0.698022   0.603418   0.385554     2.5149
         0          0          0          1

 -0.564391   0.789016  -0.242726   0.151478
 -0.458077 -0.0547287   0.887226   0.696972
  0.686752    0.61193   0.392318    2.50844
         0          0          0          1

  -0.56072    0.77593  -0.289008   0.117131
 -0.489539 -0.0291595   0.871494   0.657479
  0.667791   0.630145   0.396199    2.49237
         0          0          0          1

 -0.556696   0.769468  -0.313062    0.10495
 -0.511529 -0.0205854   0.859019   0.626079
  0.654543   0.638353   0.405065     2.4895
         0          0          0          1

 -0.557068   0.737005  -0.382751  0.0575996
  -0.56219 0.00455263   0.826995    0.55823
  0.611243   0.675872   0.411801    2.45731
         0          0          0          1

-0.551405  0.725956 -0.411024 0.0409222
-0.583995 0.0159366  0.811601  0.528931
 0.595737  0.687556  0.415167   2.44541
        0         0         0         1

-0.554909  0.709174 -0.434911 0.0257542
-0.594359  0.027822  0.803718  0.509715
 0.582077  0.704484  0.406066   2.41794
        0         0         0         1

-0.557347  0.693445 -0.456616 0.0122106
 -0.60624 0.0358826  0.794472  0.493299
 0.567307  0.719615  0.400395   2.39661
        0         0         0         1

 -0.547013    0.66344  -0.510513 -0.0190129
 -0.647511  0.0511932   0.760334   0.434336
  0.530571   0.746476   0.401581    2.35973
         0          0          0          1

 -0.539001   0.653182  -0.531819 -0.0313221
 -0.664348    0.05847   0.745133   0.409797
  0.517803    0.75494   0.402425    2.34244
         0          0          0          1

 -0.539359   0.628645  -0.560265 -0.0539837
  -0.68026  0.0668739   0.729913    0.38365
  0.496324   0.774811   0.391574    2.30994
         0          0          0          1

 -0.532932   0.621968  -0.573708 -0.0598375
 -0.696027   0.063332   0.715217   0.359709
  0.481176   0.780478   0.399155    2.29705
         0          0          0          1

 -0.528709   0.610824  -0.589373 -0.0690047
 -0.710335  0.0616895   0.701156   0.338376
  0.464641    0.78936   0.401274    2.27413
         0          0          0          1

 -0.521559   0.601765   -0.60486 -0.0764854
 -0.726361  0.0587695   0.684796   0.315849
  0.447634   0.796508   0.406447    2.25854
         0          0          0          1

 -0.520381   0.580946  -0.625863 -0.0861483
 -0.746149  0.0470963   0.664111   0.282751
  0.415289   0.812578   0.408965    2.21282
         0          0          0          1

 -0.514802    0.57098  -0.639501 -0.0945721
 -0.759849  0.0415396   0.648771   0.263226
     0.397   0.819912   0.412474    2.19356
         0          0          0          1

 -0.517238   0.564124  -0.643606 -0.0944224
   -0.7653  0.0317744   0.642889   0.253945
   0.38312   0.825078   0.415289    2.16972
         0          0          0          1

  -0.52004   0.552709  -0.651207 -0.0984049
 -0.770627  0.0251921   0.636788   0.245859
  0.368364   0.832993   0.412832    2.14396
         0          0          0          1

 -0.508216   0.543637  -0.667964  -0.103804
 -0.793156 0.00677426   0.608981   0.212118
   0.33559   0.839293   0.427746    2.10205
         0          0          0          1

  -0.502367    0.537261   -0.677479   -0.106458
  -0.804592 -0.00354083    0.593817    0.196554
   0.316636    0.843408    0.434055     2.08315
          0           0           0           1

 -0.495009   0.539462  -0.681136  -0.104319
 -0.815524 -0.0179655   0.578445   0.183552
  0.299812   0.841818   0.448837    2.06514
         0          0          0          1

-0.490202  0.534524 -0.688466 -0.105815
-0.824069 -0.026926  0.565849  0.172959
 0.283922  0.844724  0.453684   2.04351
        0         0         0         1

 -0.481206   0.531535  -0.697073  -0.107719
 -0.834888 -0.0355009   0.549273   0.159268
  0.267211   0.846292   0.460856    2.02171
         0          0          0          1

 -0.474499   0.527459  -0.704725  -0.108849
 -0.843981 -0.0451473    0.53447   0.147543
  0.250095    0.84838   0.466588    2.00264
         0          0          0          1

 -0.465938   0.519277  -0.716417   -0.10855
  -0.85689 -0.0629971   0.511636   0.131227
  0.220549   0.852281   0.474316    1.95716
         0          0          0          1

-0.464792  0.519987 -0.716646 -0.103415
-0.860369 -0.074071  0.504261  0.127877
 0.209126  0.850957  0.481808   1.94085
        0         0         0         1

 -0.453305    0.51453  -0.727856  -0.107146
 -0.871411 -0.0840387   0.483302   0.114058
  0.187505   0.853345   0.486462    1.91849
         0          0          0          1

 -0.456118   0.515885  -0.725134  -0.101514
 -0.871504 -0.0940337   0.481288   0.114145
  0.180102   0.851481   0.492486    1.90026
         0          0          0          1

-0.447314  0.518736 -0.728576 -0.100016
-0.879366 -0.106465  0.464092  0.104276
 0.163173   0.84828  0.503782   1.88371
        0         0         0         1

 -0.443115   0.516284  -0.732871 -0.0998312
 -0.883739   -0.11431   0.453805  0.0992031
  0.150518   0.848755   0.506912    1.86366
         0          0          0          1

  -0.42962   0.518866  -0.739057 -0.0949603
 -0.894495    -0.1324   0.427024  0.0882686
  0.123717    0.84454   0.521004    1.82692
         0          0          0          1

 -0.427481   0.518156  -0.740793 -0.0916454
 -0.897138  -0.142197   0.418239  0.0861562
  0.111375   0.843383   0.525644    1.81174
         0          0          0          1

-0.422205  0.519725 -0.742717 -0.088584
-0.901225  -0.15239  0.405674 0.0830852
0.0976564  0.840633  0.532729   1.79555
        0         0         0         1

  -0.41684   0.520447  -0.745238 -0.0863616
 -0.904912   -0.16012    0.39433  0.0798908
 0.0859008   0.838747   0.537703    1.78178
         0          0          0          1

-0.404426  0.517457 -0.754107 -0.078662
-0.912575 -0.173878  0.370099 0.0750291
 0.060388  0.837857  0.542539   1.74815
        0         0         0         1

 -0.399618   0.512815   -0.75982 -0.0752574
 -0.915391  -0.179265    0.36045  0.0731981
 0.0486351   0.839574   0.541064    1.73305
         0          0          0          1

 -0.389172   0.510613  -0.766694 -0.0716069
  -0.92066  -0.188044   0.342088  0.0687694
 0.0305027   0.838996   0.543282     1.7197
         0          0          0          1

 -0.385436   0.505366  -0.772039 -0.0672228
  -0.92257  -0.195227   0.332794  0.0672413
   0.01746   0.840531   0.541482    1.70587
         0          0          0          1

 -0.381068   0.505274  -0.774265 -0.0621722
 -0.924521  -0.201942   0.323235  0.0674906
0.00696546   0.838998    0.54409    1.69326
         0          0          0          1

 -0.380738   0.498601   -0.77874 -0.0580047
 -0.924682  -0.206741   0.319722  0.0691268
-0.00158419   0.841817   0.539761    1.67709
         0          0          0          1

 -0.367899    0.49347  -0.788123 -0.0526934
  -0.92964  -0.213871   0.300048  0.0647245
 -0.020492   0.843058   0.537432    1.64895
         0          0          0          1

 -0.360321   0.494764  -0.790808 -0.0509144
 -0.932372  -0.217541   0.288719  0.0612701
-0.0291861   0.841359   0.539688     1.6398
         0          0          0          1

-0.361076  0.493654 -0.791158 -0.045667
-0.931729 -0.226286  0.284036 0.0630038
-0.0388126  0.839703  0.541658   1.62855
        0         0         0         1

  -0.35533   0.495531  -0.792584 -0.0428645
 -0.933585  -0.230292   0.274563  0.0611674
-0.0464715   0.837505   0.544451    1.62034
         0          0          0          1

  -0.34488    0.49012  -0.800525 -0.0358595
 -0.936426  -0.238288   0.257537  0.0604256
 -0.064532   0.838451   0.541142    1.59627
         0          0          0          1

 -0.343411   0.486321  -0.803468 -0.0315767
 -0.936256  -0.244786   0.252002  0.0611582
-0.0741239   0.838792   0.539383    1.58723
         0          0          0          1

-0.340087  0.482995 -0.806881 -0.027264
 -0.93682 -0.248747  0.245955  0.061631
-0.081914  0.839548  0.537075   1.57678
        0         0         0         1

-0.333499  0.476496 -0.813468  -0.02505
 -0.93841 -0.250488  0.237996 0.0595828
-0.0903598  0.842738  0.530687   1.56618
        0         0         0         1

 -0.326193   0.462521  -0.824423 -0.0178055
 -0.939989  -0.251052   0.231072  0.0602311
 -0.100097   0.850322   0.516656     1.5417
         0          0          0          1

 -0.317135   0.462819  -0.827783 -0.0170985
 -0.942374  -0.251861   0.220219  0.0560865
 -0.106565    0.84992   0.516022    1.53554
         0          0          0          1

 -0.315496   0.462471  -0.828603 -0.0117885
 -0.942017  -0.257824   0.214779  0.0572399
 -0.114305    0.84832   0.516998    1.52985
         0          0          0          1

  -0.315091    0.462864   -0.828537 -0.00791741
  -0.941649    -0.26137    0.212092    0.058842
  -0.118385     0.84702    0.518211     1.52384
          0           0           0           1

 -0.310474   0.463702  -0.829811 -0.0047185
 -0.942426  -0.264259    0.20494  0.0576657
 -0.124254   0.845664    0.51905    1.51653
         0          0          0          1

  -0.305291    0.466151   -0.830362 -0.00353542
  -0.943491    -0.26613    0.197483   0.0553646
  -0.128927    0.843729    0.521056     1.51133
          0           0           0           1

 -0.298882   0.466743  -0.832358 0.00386597
 -0.944115  -0.271659    0.18668  0.0546479
 -0.138986   0.841637   0.521853    1.49904
         0          0          0          1

 -0.293856   0.465617  -0.834775 0.00565438
 -0.945212  -0.271482   0.181306  0.0534569
 -0.142207   0.842317   0.519883    1.49108
         0          0          0          1

 -0.290079   0.465217  -0.836318 0.00901327
 -0.945822  -0.272555   0.176447   0.052644
 -0.145857   0.842191   0.519075    1.48548
         0          0          0          1

-0.288303  0.462402  -0.83849 0.0114079
-0.945619  -0.27523  0.173357 0.0526432
-0.150617  0.842872  0.516606   1.48007
        0         0         0         1

-0.280376  0.456222 -0.844542 0.0163666
-0.946666 -0.276967  0.164662 0.0507346
-0.158788  0.845666  0.509544   1.46812
        0         0         0         1

-0.277063  0.452851 -0.847444 0.0184792
-0.947164 -0.277061  0.161611 0.0491434
-0.161608  0.847445  0.505688    1.4625
        0         0         0         1

-0.277078  0.449133 -0.849416 0.0215979
-0.946356 -0.280516  0.160376 0.0499695
-0.166245  0.848287  0.502765   1.45698
        0         0         0         1

-0.276756  0.444787 -0.851805 0.0243252
-0.946344 -0.280071  0.161227 0.0504377
-0.166854   0.85072  0.498432   1.44948
        0         0         0         1

-0.273564  0.444658 -0.852902 0.0259677
-0.946723 -0.281141  0.157084 0.0495778
-0.169937  0.850435  0.497878   1.44521
        0         0         0         1

-0.270228  0.445287 -0.853637 0.0275497
-0.947256 -0.281619  0.152961 0.0477566
-0.172289  0.849947  0.497901    1.4415
        0         0         0         1

-0.264163  0.445082  -0.85564 0.0337216
-0.947908 -0.283551  0.145153 0.0479478
-0.178013  0.849412    0.4968   1.43169
        0         0         0         1

-0.255358  0.447845 -0.856871 0.0332765
-0.949874 -0.281537  0.135928 0.0437869
-0.180366  0.848629  0.497289   1.42743
        0         0         0         1

-0.254429  0.450272 -0.855875 0.0370352
-0.950108 -0.281509  0.134342 0.0447185
-0.180446  0.847354  0.499431   1.42367
        0         0         0         1

-0.254154  0.447495 -0.857411 0.0408052
-0.950191 -0.280886  0.135057 0.0468749
-0.180397  0.849029  0.496594   1.41653
        0         0         0         1

-0.248014  0.448082 -0.858901 0.0431343
-0.951431  -0.27959  0.128873 0.0434579
-0.182395  0.849148  0.495661   1.40859
        0         0         0         1

-0.247497  0.447571 -0.859317 0.0463897
-0.951201 -0.280936  0.127637 0.0441942
-0.184286  0.848973  0.495261   1.40533
        0         0         0         1

-0.243624  0.446114 -0.861179 0.0477024
-0.951839 -0.280397  0.124018 0.0425459
-0.186146  0.849918   0.49294   1.39995
        0         0         0         1

-0.242873  0.444966 -0.861985 0.0507943
-0.951669 -0.281494  0.122832   0.04363
-0.187988  0.850156  0.491828    1.3966
        0         0         0         1

-0.240963  0.442567 -0.863754 0.0531319
-0.952117 -0.280352  0.121968 0.0438659
-0.188176  0.851785   0.48893   1.38908
        0         0         0         1

 -0.23762  0.444653 -0.863609 0.0536754
-0.952466 -0.281152   0.11731 0.0421467
-0.190643  0.850434  0.490324   1.38812
        0         0         0         1

-0.237573  0.443558 -0.864185 0.0619181
 -0.95261  -0.28039  0.117967 0.0459509
-0.189984  0.851256  0.489151   1.37675
        0         0         0         1

-0.237993  0.446069 -0.862775 0.0640612
 -0.95229 -0.281905  0.116936 0.0464291
-0.191059  0.849442  0.491879   1.37674
        0         0         0         1

-0.236856  0.447405 -0.862397 0.0661969
-0.952448 -0.282061  0.115258 0.0460942
-0.191681  0.848687  0.492938   1.37309
        0         0         0         1

-0.231869  0.450053 -0.862374 0.0650433
-0.953454 -0.280841  0.109793 0.0425717
-0.192777  0.847692  0.494223   1.37043
        0         0         0         1

-0.228572  0.453063 -0.861678 0.0674561
-0.954214 -0.279689  0.106061 0.0418119
 -0.19295  0.846468  0.496249   1.36675
        0         0         0         1

-0.223931  0.456741 -0.860954 0.0684168
-0.955213   -0.2782  0.100861 0.0406762
 -0.19345  0.844981  0.498583   1.36426
        0         0         0         1

-0.223461  0.461187 -0.858703 0.0747425
-0.955471 -0.277828 0.0994288  0.043186
-0.192716  0.842685  0.502735   1.35955
        0         0         0         1

-0.220718   0.46357  -0.85813 0.0759914
-0.956528 -0.274838 0.0975576 0.0425419
-0.190622  0.842358  0.504079   1.35724
        0         0         0         1

-0.216577  0.468829 -0.856326 0.0763223
-0.957942 -0.271201 0.0937974 0.0405347
-0.188262  0.840624  0.507847   1.35702
        0         0         0         1

-0.214399  0.469526 -0.856492 0.0765575
-0.958763 -0.268654  0.092725 0.0394792
-0.186563  0.841053  0.507763   1.35588
        0         0         0         1

-0.204824  0.471625 -0.857681 0.0780365
-0.961422 -0.261319 0.0859039 0.0362631
-0.183614  0.842189  0.506956   1.35488
        0         0         0         1

-0.203185  0.470034 -0.858943 0.0794035
-0.961974 -0.259376 0.0856208 0.0361697
-0.182545  0.843678  0.504862   1.35439
        0         0         0         1

 -0.19896  0.470143 -0.859872 0.0802992
-0.963538 -0.254026 0.0840551 0.0347548
-0.178912  0.845243  0.503542   1.35302
        0         0         0         1

-0.195671   0.47146 -0.859906  0.082127
-0.964936 -0.248999 0.0830518 0.0343747
 -0.17496  0.846005  0.503651   1.35262
        0         0         0         1

-0.190913  0.474823 -0.859125 0.0838552
-0.966286 -0.244936 0.0793545 0.0336605
-0.172752   0.84531  0.505577     1.354
        0         0         0         1

-0.184695  0.476329  -0.85965  0.085467
-0.967837 -0.240187 0.0748523 0.0328205
-0.170822  0.845826   0.50537   1.35432
        0         0         0         1

-0.176794  0.478669 -0.860012  0.089577
-0.970404 -0.230804 0.0710253 0.0329118
-0.164497  0.847116  0.505307   1.35526
        0         0         0         1

 -0.16824  0.480446 -0.860736 0.0905539
-0.972454 -0.223805 0.0651535 0.0309005
-0.161334  0.847988  0.504865   1.35614
        0         0         0         1

-0.158628  0.484106 -0.860511 0.0914456
-0.975061 -0.213825 0.0594504 0.0285858
-0.155219  0.848481  0.505951   1.35757
        0         0         0         1

-0.151515  0.485427 -0.861048 0.0918232
-0.977109 -0.205163 0.0562747 0.0261882
-0.149337  0.849864    0.5054   1.35813
        0         0         0         1

-0.144999  0.494416 -0.857046 0.0924392
-0.979916 -0.191602 0.0552552 0.0225826
-0.136893  0.847845  0.512268   1.36257
        0         0         0         1

-0.137357  0.498366 -0.856017 0.0920861
-0.981636 -0.183983 0.0504008 0.0189342
-0.132374   0.84722  0.514485    1.3654
        0         0         0         1

-0.130673  0.499673 -0.856301 0.0908639
-0.983751 -0.172606 0.0494024 0.0139677
-0.123118  0.848843  0.514109   1.36804
        0         0         0         1

 -0.124251   0.500313  -0.856883  0.0885914
 -0.985693  -0.161358  0.0487159 0.00883447
 -0.113892   0.850677   0.513203    1.36961
         0          0          0          1

 -0.125215   0.501557  -0.856015  0.0881918
 -0.986572  -0.154146  0.0539952 0.00621724
  -0.10487   0.851281   0.514123    1.37338
         0          0          0          1

   -0.117218     0.503866    -0.855792     0.085377
   -0.988074    -0.145815    0.0494844 -0.000926254
  -0.0998537     0.851385     0.514949      1.37817
           0            0            0            1

 -0.103916   0.506042  -0.856226  0.0790497
 -0.990941  -0.126318  0.0456097 -0.0152731
-0.0850764   0.853209   0.514584    1.38752
         0          0          0          1

 -0.101832    0.50349  -0.857979  0.0776084
 -0.991946  -0.116692  0.0492534 -0.0206762
-0.0753207   0.856085   0.511318    1.38966
         0          0          0          1

-0.0969537    0.50387  -0.858321  0.0749611
  -0.99301  -0.107292  0.0491829 -0.0280628
-0.0673093    0.85709   0.510751    1.39519
         0          0          0          1

-0.0936361   0.503199  -0.859082   0.071948
 -0.993854  -0.098417  0.0506788 -0.0351215
-0.0590467   0.858548   0.509322    1.39841
         0          0          0          1

-0.0809415   0.507164   -0.85804   0.064034
 -0.995731 -0.0794573  0.0469653 -0.0550511
-0.0443585   0.858179    0.51143     1.4104
         0          0          0          1

-0.0791129   0.508174  -0.857613  0.0600253
 -0.996227 -0.0710833  0.0497797 -0.0632108
-0.0356652   0.858316   0.511881    1.41465
         0          0          0          1

-0.0777278   0.512133  -0.855382  0.0569096
 -0.996479 -0.0669671  0.0504546 -0.0720093
-0.0314429   0.856291   0.515535    1.42231
         0          0          0          1

-0.0716378   0.513263  -0.855236  0.0523856
 -0.997148 -0.0572593  0.0491611 -0.0820861
-0.0237377   0.856319   0.515901    1.42545
         0          0          0          1

-0.0740518   0.514806  -0.854103   0.048654
 -0.997108 -0.0529119  0.0545582 -0.0907778
-0.0171053   0.855672   0.517235    1.43113
         0          0          0          1

-0.0696954   0.515663  -0.853952  0.0435072
 -0.997504 -0.0457206  0.0538028  -0.101595
-0.0112991   0.855571   0.517563    1.43473
         0          0          0          1

-0.0663811   0.515659  -0.854218  0.0325468
 -0.997792 -0.0326246   0.057844  -0.124739
 0.0019593   0.856172   0.516687     1.4432
         0          0          0          1

-0.0646819   0.516471  -0.853858  0.0272323
 -0.997902 -0.0310926  0.0567867  -0.136015
0.00277999    0.85574   0.517398    1.44917
         0          0          0          1

 -0.067516   0.515126  -0.854451  0.0220063
 -0.997698 -0.0294381  0.0610875   -0.14761
0.00631434   0.856609   0.515928    1.45344
         0          0          0          1

-0.0675965   0.513288   -0.85555  0.0165793
 -0.997681 -0.0279877   0.062035  -0.158396
0.00789697    0.85776    0.51399    1.45701
         0          0          0          1

-0.0733726   0.504525  -0.860274 0.00381386
 -0.997232 -0.0267077  0.0693905  -0.182055
 0.0120333   0.862984   0.505088    1.46176
         0          0          0          1

  -0.0778858     0.502904    -0.860826 -0.000480143
   -0.996904   -0.0299294    0.0727128     -0.19121
   0.0108035     0.863824     0.503678      1.46627
           0            0            0            1

 -0.0804678    0.501405   -0.861463 -0.00741758
  -0.996711  -0.0321445   0.0743917   -0.204764
 0.00960912    0.864615    0.502343     1.46987
          0           0           0           1

-0.0848095  0.502163 -0.860604 -0.012493
-0.996356 -0.034872 0.0778395 -0.214454
0.00907712   0.86407   0.50329   1.47283
        0         0         0         1

-0.0855537   0.501713  -0.860793 -0.0208098
 -0.996293 -0.0352717  0.0784629  -0.229161
0.00900421   0.864315   0.502871    1.47281
         0          0          0          1

-0.0896031   0.503872  -0.859119 -0.0251677
 -0.995935 -0.0373429   0.081971  -0.238246
0.00922093   0.862971   0.505169    1.47468
         0          0          0          1

-0.0961642   0.514344  -0.852175 -0.0368752
  -0.99534 -0.0435455  0.0860372  -0.261684
0.00714431   0.856478   0.516134    1.48028
         0          0          0          1

 -0.100969    0.51856  -0.849059 -0.0428487
 -0.994872 -0.0475844  0.0892474  -0.271552
0.00587808   0.853716   0.520705    1.47973
         0          0          0          1

  -0.10804   0.524603  -0.844464 -0.0486562
 -0.994142  -0.054549  0.0933026  -0.281113
0.00288217   0.849598   0.527423    1.48005
         0          0          0          1

 -0.115497   0.527374  -0.841747  -0.053734
 -0.993307 -0.0622891  0.0972667  -0.289286
-0.00113572   0.847347   0.531038    1.47967
         0          0          0          1

 -0.130331   0.529418  -0.838291 -0.0636424
 -0.991399 -0.0797479    0.10377   -0.30707
-0.0119141   0.844605   0.535258    1.47905
         0          0          0          1

 -0.133671   0.527018  -0.839276 -0.0682935
 -0.990855  -0.086812     0.1033  -0.316762
-0.0184184   0.845409   0.533803    1.47786
         0          0          0          1

 -0.136149   0.525601  -0.839766 -0.0733676
 -0.990355 -0.0942129   0.101596  -0.328118
-0.0257177   0.845499   0.533358    1.47796
         0          0          0          1

 -0.138008    0.52174  -0.841868 -0.0775729
 -0.989926 -0.0997986   0.100431  -0.337385
-0.0316185   0.847247   0.530257    1.47611
         0          0          0          1

 -0.143532   0.516246  -0.844328 -0.0812523
  -0.98872  -0.111705  0.0997788  -0.345602
-0.0428049   0.849125   0.526455    1.47407
         0          0          0          1

 -0.149947   0.510855  -0.846488 -0.0848372
 -0.987524  -0.119019   0.103102  -0.351653
-0.0480783   0.851388   0.522329     1.4709
         0          0          0          1

 -0.163679   0.501264  -0.849672 -0.0929389
 -0.984283  -0.140871   0.106503  -0.366103
-0.0663082    0.85375   0.516444    1.46497
         0          0          0          1

 -0.167795    0.49829  -0.850619 -0.0964496
 -0.983134  -0.148261   0.107084  -0.372924
-0.0727541    0.85424   0.514763    1.46186
         0          0          0          1

 -0.179437   0.496603  -0.849228 -0.0994673
 -0.980732  -0.158081   0.114782  -0.376345
-0.0772462   0.853461     0.5154    1.45836
         0          0          0          1

-0.184016  0.498424 -0.847179 -0.102799
-0.979551 -0.164327  0.116089 -0.382259
-0.0813527  0.851217   0.51847   1.45696
        0         0         0         1

-0.189829  0.498078 -0.846099 -0.109259
-0.977554 -0.176105  0.115653 -0.396079
-0.0913978  0.849062  0.520327   1.45029
        0         0         0         1

-0.192618  0.496635 -0.846317 -0.111731
-0.976436 -0.182543  0.115113  -0.40127
 -0.09732  0.848547  0.520093   1.44701
        0         0         0         1

-0.198007   0.49582 -0.845551 -0.113499
-0.974999 -0.188379  0.117857 -0.405325
-0.100848  0.847747  0.520724   1.44441
        0         0         0         1

-0.201492  0.491236 -0.847401 -0.115507
-0.973792 -0.193651  0.119286 -0.409215
-0.105502  0.849227   0.51738    1.4406
        0         0         0         1

-0.206608  0.486408 -0.848953 -0.117345
-0.972105 -0.200503    0.1217 -0.412374
-0.111022  0.850415  0.514265   1.43652
        0         0         0         1

-0.209724  0.481182 -0.851164 -0.118772
-0.970942 -0.205121  0.123277 -0.415177
-0.115273  0.852285  0.510218   1.43205
        0         0         0         1

-0.217955  0.473431  -0.85344 -0.122276
-0.968364 -0.213788  0.128709 -0.421605
-0.121521  0.854493  0.505049   1.42464
        0         0         0         1

-0.221343  0.472153 -0.853276 -0.123508
-0.967381 -0.216858  0.130945 -0.424113
-0.123214  0.854426  0.504752   1.42186
        0         0         0         1

-0.225165  0.468436 -0.854323 -0.125238
 -0.96615 -0.220666  0.133644 -0.426655
-0.125916  0.855496  0.502266   1.41645
        0         0         0         1

-0.229095  0.467965 -0.853536 -0.126357
-0.965069 -0.223698  0.136386 -0.428184
-0.127111  0.854967  0.502866   1.41286
        0         0         0         1

-0.234837  0.472859 -0.849268 -0.128538
-0.963637 -0.227851  0.139599 -0.432509
-0.127496  0.851169  0.509172   1.40673
        0         0         0         1

-0.237086  0.474409 -0.847777 -0.129372
-0.963276 -0.228031  0.141781 -0.433909
-0.126057  0.850257   0.51105   1.40253
        0         0         0         1

-0.241243   0.47525 -0.846132 -0.129794
-0.962245 -0.230376  0.144953 -0.433735
-0.126039  0.849155  0.512884   1.39795
        0         0         0         1

-0.243356  0.477203 -0.844426 -0.130393
-0.961676 -0.232096  0.145985 -0.434731
-0.126323   0.84759  0.515396   1.39541
        0         0         0         1

-0.245249  0.479703  -0.84246 -0.130497
-0.961014 -0.234756  0.146089 -0.435759
-0.127693  0.845444  0.518575   1.39285
        0         0         0         1

-0.249223  0.479477 -0.841421 -0.130105
-0.960096 -0.236171  0.149793 -0.434662
-0.126897  0.845177  0.519204   1.38865
        0         0         0         1

-0.251575  0.480844  -0.83994 -0.130788
 -0.95916 -0.239825  0.149989 -0.436819
-0.129317   0.84337   0.52154   1.38149
        0         0         0         1

-0.251046  0.481584 -0.839674 -0.131226
-0.959172 -0.240488  0.148845 -0.438425
 -0.13025  0.842759  0.522295   1.37827
        0         0         0         1

-0.250463  0.482532 -0.839304 -0.131307
-0.959152 -0.241445  0.147417 -0.440098
-0.131513  0.841943  0.523294   1.37476
        0         0         0         1

-0.250064  0.483628 -0.838792 -0.130948
-0.958959 -0.243302  0.145607 -0.440578
 -0.13366  0.840778  0.524621   1.37216
        0         0         0         1

-0.250752  0.487873 -0.836124 -0.129267
 -0.95844 -0.246525  0.143588 -0.439685
-0.136073   0.83738  0.529414   1.36709
        0         0         0         1

-0.249656  0.490061 -0.835172 -0.128798
-0.958693 -0.246496  0.141942 -0.439991
-0.136306   0.83611  0.531357   1.36489
        0         0         0         1

-0.246181  0.491875 -0.835137 -0.128094
-0.959533 -0.245227  0.138417 -0.441596
-0.136714  0.835417  0.532341    1.3613
        0         0         0         1

-0.243853  0.491927 -0.835789 -0.126975
-0.960146 -0.243831  0.136622 -0.441759
-0.136583  0.835795  0.531781    1.3581
        0         0         0         1

 -0.24043  0.493464 -0.835875 -0.125778
-0.960855 -0.243121   0.13285 -0.442906
-0.137662  0.835096  0.532601   1.35667
        0         0         0         1

-0.236889  0.496025  -0.83537 -0.124544
-0.961503  -0.24295  0.128399  -0.44353
-0.139264  0.833627  0.534482   1.35617
        0         0         0         1

-0.229066   0.49577   -0.8377 -0.122328
-0.962744 -0.242442  0.119776 -0.444507
-0.143712  0.833927  0.532834   1.35066
        0         0         0         1

-0.223791   0.49613 -0.838911 -0.122087
 -0.96373 -0.241055  0.114528 -0.446946
-0.145403  0.834114  0.532082    1.3484
        0         0         0         1

-0.224766  0.495319  -0.83913 -0.120825
-0.963536  -0.24129  0.115661 -0.445053
-0.145185  0.834529  0.531492   1.34658
        0         0         0         1

-0.225297  0.494679 -0.839365 -0.120431
-0.963324 -0.241999  0.115947 -0.444378
 -0.14577  0.834703  0.531058   1.34539
        0         0         0         1

-0.224804  0.491846  -0.84116 -0.119975
-0.963186 -0.242779  0.115458 -0.445199
-0.147428   0.83615  0.528317   1.34238
        0         0         0         1

-0.227012  0.490121 -0.841574 -0.119624
-0.962594 -0.244162  0.117461 -0.444025
-0.147911  0.836759  0.527216   1.34119
        0         0         0         1

-0.228113  0.489356 -0.841721 -0.119347
-0.962309 -0.244799  0.118473 -0.443809
-0.148077  0.837021  0.526754   1.34036
        0         0         0         1

 -0.22775  0.488538 -0.842295 -0.119271
-0.962511 -0.243826  0.118835  -0.44454
-0.147318  0.837782  0.525755   1.33919
        0         0         0         1

-0.227762  0.488352 -0.842399 -0.119202
-0.962654 -0.242973   0.11942 -0.444749
-0.146361  0.838139  0.525454   1.33834
        0         0         0         1

-0.228168  0.488148 -0.842408 -0.118872
-0.962743 -0.242099  0.120472 -0.444726
-0.145138   0.83851  0.525201   1.33758
        0         0         0         1

-0.229852   0.48666 -0.842811 -0.118013
-0.962726 -0.240561   0.12365 -0.442948
-0.142572  0.839817  0.523814   1.33614
        0         0         0         1

-0.228586  0.486398 -0.843306 -0.118379
-0.963215 -0.238726  0.123397  -0.44462
-0.141299  0.840492  0.523075    1.3358
        0         0         0         1

  -0.2299  0.485595 -0.843412 -0.117919
-0.963073   -0.2383  0.125316 -0.443504
-0.140133  0.841077  0.522449   1.33584
        0         0         0         1

-0.230487  0.484245 -0.844028 -0.117682
-0.963048 -0.237722    0.1266 -0.443353
-0.139339  0.842019  0.521142   1.33564
        0         0         0         1

-0.234755  0.481061 -0.844672 -0.118344
-0.962031 -0.239445  0.131003 -0.443429
-0.139232  0.843354  0.519007   1.33627
        0         0         0         1

-0.238008  0.477622 -0.845712 -0.119599
-0.961152 -0.241135  0.134314 -0.443597
-0.139779  0.844826  0.516459   1.33556
        0         0         0         1

-0.243131    0.4744 -0.846069 -0.120803
-0.959659 -0.244628  0.138607 -0.443648
-0.141218  0.845637  0.514739   1.33512
        0         0         0         1

-0.249669  0.469386 -0.846961 -0.122063
-0.957924 -0.247614  0.145152 -0.442639
-0.141587  0.847564  0.511457   1.33397
        0         0         0         1

-0.253389   0.46647 -0.847467 -0.123353
-0.956728 -0.250397  0.148232  -0.44251
-0.143058  0.848356  0.509733   1.33261
        0         0         0         1

-0.257227  0.464341  -0.84748 -0.124102
-0.955257  -0.25469  0.150392 -0.441611
-0.146011  0.848246  0.509078   1.33117
        0         0         0         1

-0.261375  0.469237 -0.843504 -0.125178
-0.953901 -0.259108  0.151443 -0.440749
-0.147496  0.844204   0.51533   1.33095
        0         0         0         1

-0.259153   0.47185 -0.842732 -0.125295
-0.954186 -0.260196  0.147741 -0.441417
-0.149564  0.842411  0.517663   1.33066
        0         0         0         1

-0.260855  0.475482 -0.840162 -0.125637
-0.953562 -0.262656  0.147416 -0.440804
 -0.15058    0.8396  0.521917   1.33133
        0         0         0         1

-0.261663  0.477457 -0.838789 -0.125713
-0.953141 -0.264551  0.146747 -0.439982
-0.151837  0.837883  0.524307   1.33135
        0         0         0         1

-0.261373  0.480456 -0.837165 -0.125577
-0.952577 -0.268409  0.143364 -0.438671
-0.155823  0.834936  0.527826   1.33093
        0         0         0         1

-0.260373  0.481761 -0.836727 -0.125489
-0.952421 -0.270358  0.140711 -0.438392
-0.158427  0.833554  0.529233   1.33052
        0         0         0         1

-0.258728  0.485873 -0.834858 -0.125435
-0.952366 -0.272748  0.136409 -0.438567
-0.161428  0.830383  0.533297   1.33054
        0         0         0         1

-0.257845  0.490571  -0.83238 -0.125584
-0.952329 -0.274425  0.133266 -0.438558
 -0.16305  0.827062  0.537944   1.33133
        0         0         0         1

-0.260561  0.493799  -0.82962 -0.125819
-0.951288 -0.277995  0.133308 -0.436255
-0.164803  0.823942   0.54218   1.33285
        0         0         0         1

  -0.2611  0.495009  -0.82873 -0.125826
-0.950809 -0.280135  0.132234 -0.435277
-0.166699   0.82249  0.543802     1.335
        0         0         0         1

-0.262771  0.485712 -0.833688 -0.125842
-0.949421 -0.284108  0.133726 -0.432985
-0.171906   0.82666    0.5358   1.33649
        0         0         0         1

-0.264136  0.481032 -0.835966 -0.126058
-0.948667  -0.28591  0.135227  -0.43179
-0.173963  0.828772  0.531859   1.33797
        0         0         0         1

-0.266116  0.477004 -0.837645 -0.126575
-0.947954 -0.287109  0.137664 -0.430197
-0.174829  0.830684  0.528583   1.34081
        0         0         0         1

-0.265704  0.472929 -0.840083  -0.12753
-0.948035 -0.286376   0.13863  -0.43057
-0.175018  0.833263  0.524445   1.34129
        0         0         0         1

-0.268676  0.469617 -0.840995 -0.128306
 -0.94725 -0.287198  0.142248  -0.42746
 -0.17473  0.834851  0.522008   1.34631
        0         0         0         1

-0.268815  0.469097 -0.841241 -0.129164
-0.947435 -0.286109  0.143207 -0.427204
-0.173509  0.835517  0.521349   1.34821
        0         0         0         1

-0.270459  0.470824 -0.839748 -0.129589
-0.947306 -0.285664  0.144937 -0.425625
-0.171646  0.834698  0.523275   1.35396
        0         0         0         1

-0.271592  0.471812 -0.838827 -0.129803
-0.947392 -0.284454  0.146747 -0.424176
 -0.16937  0.834554  0.524246    1.3574
        0         0         0         1

-0.274289  0.472675 -0.837463 -0.129936
-0.947249 -0.282935  0.150554 -0.421083
-0.165784  0.834582  0.525347   1.36187
        0         0         0         1

-0.274889  0.473973 -0.836532 -0.131112
-0.947683 -0.280411  0.152534 -0.420613
-0.162276  0.834697  0.526257   1.36598
        0         0         0         1

-0.277785   0.47672 -0.834011 -0.132172
-0.948668 -0.272787  0.160049 -0.417504
-0.151209  0.835659  0.528025   1.37848
        0         0         0         1

-0.277126  0.477634 -0.833707 -0.133203
-0.949453 -0.269282  0.161328 -0.417762
-0.147447  0.836273  0.528116   1.38387
        0         0         0         1

-0.277019  0.478124 -0.833461 -0.134047
-0.950277 -0.264737  0.163976 -0.415752
-0.142247  0.837444  0.527688    1.3893
        0         0         0         1

-0.277283  0.478326 -0.833258 -0.134223
-0.950768 -0.261531  0.166256 -0.413772
-0.138398  0.838335  0.527295   1.39429
        0         0         0         1

-0.275875   0.48096 -0.832208 -0.135059
-0.951902 -0.256802  0.167139 -0.412566
-0.133325   0.83829  0.528672   1.40155
        0         0         0         1

-0.276832  0.483933 -0.830164  -0.13482
-0.952069 -0.255111  0.168769 -0.410181
-0.130111  0.837094  0.531361   1.40859
        0         0         0         1

-0.274244  0.489721 -0.827625 -0.136262
-0.953965 -0.247194  0.169839  -0.40694
 -0.12141  0.836103  0.534969   1.42241
        0         0         0         1

-0.277053  0.493423 -0.824485 -0.136287
-0.953804 -0.244986  0.173894 -0.402663
-0.116184  0.834575  0.538503   1.43102
        0         0         0         1

-0.277535  0.496161 -0.822678 -0.136997
 -0.95431 -0.241096  0.176535 -0.399383
-0.110754  0.834085  0.540404   1.44055
        0         0         0         1

 -0.27432  0.495933 -0.823893 -0.137958
-0.955825 -0.234682  0.176984 -0.398816
-0.105581  0.836047  0.538403    1.4476
        0         0         0         1

-0.273091  0.496236 -0.824119 -0.138958
-0.957413 -0.223652  0.182591 -0.393022
-0.0937073  0.838886   0.53618   1.46794
        0         0         0         1

-0.272957  0.495678 -0.824498 -0.140285
-0.958067 -0.217736  0.186276 -0.390619
-0.0871904   0.84077  0.534326   1.47776
        0         0         0         1

-0.274203  0.494428 -0.824836 -0.141145
-0.958334 -0.211888  0.191571 -0.386752
-0.0800549  0.842997  0.531927   1.48978
        0         0         0         1

-0.274203  0.494428 -0.824836 -0.141145
-0.958334 -0.211888  0.191571 -0.386752
-0.0800549  0.842997  0.531927   1.48978
        0         0         0         1

-0.274008  0.490714 -0.827115 -0.146106
-0.960146 -0.188875  0.206023 -0.378777
-0.0551231  0.850603  0.522911   1.52652
        0         0         0         1

-0.274465  0.490046  -0.82736 -0.147037
-0.960575 -0.179376  0.212413 -0.374863
-0.0443165  0.853041  0.519959   1.53888
        0         0         0         1

-0.269358  0.486858 -0.830913 -0.149662
-0.962426 -0.166894  0.214202 -0.373276
-0.0343885  0.857389  0.513519   1.55287
        0         0         0         1

-0.271069  0.485016 -0.831433 -0.150103
-0.962304 -0.156469   0.22246 -0.366407
-0.022197  0.860393  0.509147   1.56573
        0         0         0         1

 -0.27019   0.48734  -0.83036 -0.150752
-0.962793 -0.141333  0.230334 -0.360618
-0.00510602  0.861699  0.507394   1.58456
        0         0         0         1

-0.264847  0.488304 -0.831514 -0.152482
-0.964273 -0.128905  0.231433 -0.358638
0.00582362  0.863101  0.504998   1.60071
        0         0         0         1

 -0.253349   0.488952   -0.83471  -0.154414
 -0.966668 -0.0949771   0.237765  -0.350097
 0.0369772   0.867125   0.496716    1.63771
         0          0          0          1

 -0.249602   0.484033  -0.838696  -0.156139
 -0.966937 -0.0778291    0.24285  -0.345171
 0.0522726   0.871582   0.487456    1.65125
         0          0          0          1

 -0.247379   0.483356  -0.839744  -0.157258
 -0.966302 -0.0594179    0.25046  -0.337321
 0.0711656   0.873405   0.481766    1.67201
         0          0          0          1

 -0.242513   0.483886  -0.840858  -0.158195
  -0.96623 -0.0426507   0.254128  -0.331407
 0.0871058   0.874091   0.477888    1.69073
         0          0          0          1

 -0.237276    0.48542  -0.841467  -0.158209
 -0.965632 -0.0232587   0.258871  -0.323488
   0.10609   0.873971   0.474256    1.71366
         0          0          0          1

  -0.233165    0.484891    -0.84292   -0.158803
  -0.964504 -0.00481771    0.264025   -0.316278
   0.123963    0.874561    0.468803     1.73232
          0           0           0           1

-0.221759  0.485431 -0.845683 -0.162093
-0.960757 0.0394412  0.274574 -0.299086
 0.166642  0.873385  0.457635   1.77488
        0         0         0         1

-0.216508  0.486338 -0.846522 -0.162862
-0.958644  0.058166  0.278602 -0.290858
 0.184733  0.871833  0.453631   1.79521
        0         0         0         1

-0.206821  0.488632 -0.847622 -0.163727
-0.956961 0.0792501  0.279185 -0.282342
 0.203593  0.868883  0.451212   1.81958
        0         0         0         1

-0.199722  0.492528  -0.84707 -0.164146
-0.954253 0.0985481  0.282294 -0.273441
 0.222515  0.864699  0.450314    1.8413
        0         0         0         1

-0.190105  0.497936  -0.84612   -0.1652
-0.945978  0.137664  0.293555 -0.249406
 0.262652  0.856217  0.444866   1.88806
        0         0         0         1

-0.185087  0.506854 -0.841927 -0.163338
-0.940945  0.155738  0.300612 -0.235298
 0.283487  0.847847  0.448097   1.91169
        0         0         0         1

-0.173986     0.514  -0.83996 -0.165824
-0.936486  0.177393  0.302533 -0.226373
 0.304505  0.839247   0.45049   1.93786
        0         0         0         1

-0.168676  0.522431 -0.835831 -0.164367
-0.930701  0.194811  0.309586 -0.211734
 0.324567  0.830129  0.453367   1.96053
        0         0         0         1

-0.165683  0.530352  -0.83143 -0.163507
-0.921519  0.216994  0.322051 -0.192927
 0.351216  0.819536  0.452777   1.98509
        0         0         0         1

-0.158352  0.536709 -0.828775 -0.162983
-0.917468  0.230248  0.324405 -0.182402
