-0.216315 -0.482704  0.848649  0.488331
-0.875729 -0.288358 -0.387233  0.843852
 0.431634  -0.82695 -0.360341   2.29845
        0         0         0         1

-0.216315 -0.482704  0.848649  0.488331
-0.875729 -0.288358 -0.387233  0.843852
 0.431634  -0.82695 -0.360341   2.29845
        0         0         0         1

-0.173136 -0.446831  0.877705  0.478482
-0.898192 -0.293983 -0.326841  0.767421
 0.404073 -0.844936  -0.35044    2.3087
        0         0         0         1

-0.173136 -0.446831  0.877705  0.478482
-0.898192 -0.293983 -0.326841  0.767421
 0.404073 -0.844936  -0.35044    2.3087
        0         0         0         1

-0.163204  -0.44854  0.878736  0.497042
-0.907848 -0.280409 -0.311742  0.724561
 0.386234 -0.848636 -0.361442   2.32182
        0         0         0         1

-0.163204  -0.44854  0.878736  0.497042
-0.907848 -0.280409 -0.311742  0.724561
 0.386234 -0.848636 -0.361442   2.32182
        0         0         0         1

-0.149326 -0.444557  0.883216  0.508792
-0.912169 -0.282825 -0.296578  0.688972
 0.381641 -0.849929 -0.363278   2.31977
        0         0         0         1

-0.149326 -0.444557  0.883216  0.508792
-0.912169 -0.282825 -0.296578  0.688972
 0.381641 -0.849929 -0.363278   2.31977
        0         0         0         1

-0.105926 -0.443123  0.890181  0.542536
-0.918558 -0.299248 -0.258265  0.636455
 0.380828  -0.84504 -0.375336   2.32314
        0         0         0         1

-0.105926 -0.443123  0.890181  0.542536
-0.918558 -0.299248 -0.258265  0.636455
 0.380828  -0.84504 -0.375336   2.32314
        0         0         0         1

-0.0853803 -0.449422   0.88923  0.574598
-0.924921  -0.29608 -0.238448  0.595641
 0.370447 -0.842826 -0.390401   2.33599
        0         0         0         1

-0.0853803 -0.449422   0.88923  0.574598
-0.924921  -0.29608 -0.238448  0.595641
 0.370447 -0.842826 -0.390401   2.33599
        0         0         0         1

-0.0410104  -0.41976  0.906708  0.576869
-0.933972 -0.306305 -0.184047  0.539801
 0.354985 -0.854388 -0.379483   2.33681
        0         0         0         1

-0.0410104  -0.41976  0.906708  0.576869
-0.933972 -0.306305 -0.184047  0.539801
 0.354985 -0.854388 -0.379483   2.33681
        0         0         0         1

-0.0381598 -0.429957  0.902043  0.615162
-0.930382 -0.314078 -0.189063   0.52126
 0.364601 -0.846459 -0.388039   2.32737
        0         0         0         1

-0.0381598 -0.429957  0.902043  0.615162
-0.930382 -0.314078 -0.189063   0.52126
 0.364601 -0.846459 -0.388039   2.32737
        0         0         0         1

-0.0161177 -0.429617  0.902867  0.633712
-0.927811 -0.330162 -0.173666  0.498478
 0.372702 -0.840489 -0.393282   2.31737
        0         0         0         1

-0.0161177 -0.429617  0.902867  0.633712
-0.927811 -0.330162 -0.173666  0.498478
 0.372702 -0.840489 -0.393282   2.31737
        0         0         0         1

0.0310758 -0.432758  0.900974  0.668718
-0.931494 -0.339392 -0.130889  0.448118
 0.362426 -0.835185 -0.413659   2.31692
        0         0         0         1

0.0310758 -0.432758  0.900974  0.668718
-0.931494 -0.339392 -0.130889  0.448118
 0.362426 -0.835185 -0.413659   2.31692
        0         0         0         1

 0.0683789   -0.41475   0.907362   0.684744
 -0.939165  -0.333605 -0.0817135   0.409382
  0.336591  -0.846575  -0.412331    2.31463
         0          0          0          1

 0.0683789   -0.41475   0.907362   0.684744
 -0.939165  -0.333605 -0.0817135   0.409382
  0.336591  -0.846575  -0.412331    2.31463
         0          0          0          1

 0.0973415  -0.400751   0.911001   0.706413
 -0.940218  -0.337192 -0.0478679   0.383992
  0.326365   -0.85188  -0.409616    2.30367
         0          0          0          1

 0.0973415  -0.400751   0.911001   0.706413
 -0.940218  -0.337192 -0.0478679   0.383992
  0.326365   -0.85188  -0.409616    2.30367
         0          0          0          1

 0.152123 -0.393521  0.906642  0.738853
 -0.94272 -0.333312 0.0135054  0.340658
  0.29688 -0.856764 -0.421685   2.28933
        0         0         0         1

 0.152123 -0.393521  0.906642  0.738853
 -0.94272 -0.333312 0.0135054  0.340658
  0.29688 -0.856764 -0.421685   2.28933
        0         0         0         1

 0.176754 -0.396005  0.901076  0.764883
 -0.94409 -0.327071 0.0414504   0.31562
 0.278302 -0.858024 -0.431675   2.27996
        0         0         0         1

 0.176754 -0.396005  0.901076  0.764883
 -0.94409 -0.327071 0.0414504   0.31562
 0.278302 -0.858024 -0.431675   2.27996
        0         0         0         1

 0.185304 -0.394388  0.900067  0.770405
-0.943914 -0.326164 0.0514136  0.307571
 0.273293 -0.859113 -0.432708    2.2762
        0         0         0         1

 0.210069 -0.392648  0.895376  0.794639
-0.946157 -0.312347 0.0850099  0.275128
  0.24629 -0.865024 -0.437121   2.26632
        0         0         0         1

 0.230821 -0.389666  0.891562  0.813288
  -0.9476 -0.298011  0.115081  0.248138
 0.220852 -0.871407 -0.438035   2.25253
        0         0         0         1

 0.230821 -0.389666  0.891562  0.813288
  -0.9476 -0.298011  0.115081  0.248138
 0.220852 -0.871407 -0.438035   2.25253
        0         0         0         1

 0.244907  -0.38813  0.888468  0.831672
-0.948992 -0.283653  0.137676  0.223422
  0.19858 -0.876867 -0.437801   2.23659
        0         0         0         1

 0.244907  -0.38813  0.888468  0.831672
-0.948992 -0.283653  0.137676  0.223422
  0.19858 -0.876867 -0.437801   2.23659
        0         0         0         1

 0.273885  -0.38729  0.880337  0.855659
-0.948595 -0.259723   0.18086  0.186404
 0.158599 -0.884619 -0.438516   2.20805
        0         0         0         1

 0.273885  -0.38729  0.880337  0.855659
-0.948595 -0.259723   0.18086  0.186404
 0.158599 -0.884619 -0.438516   2.20805
        0         0         0         1

  0.29045 -0.382406  0.877157  0.867985
-0.947545 -0.242744   0.20793  0.164228
 0.133411 -0.891539 -0.432851   2.18616
        0         0         0         1

  0.29045 -0.382406  0.877157  0.867985
-0.947545 -0.242744   0.20793  0.164228
 0.133411 -0.891539 -0.432851   2.18616
        0         0         0         1

 0.306517 -0.399283  0.864072  0.892881
-0.947251 -0.217222  0.235647  0.130234
0.0936057 -0.890723 -0.444803    2.1536
        0         0         0         1

 0.306517 -0.399283  0.864072  0.892881
-0.947251 -0.217222  0.235647  0.130234
0.0936057 -0.890723 -0.444803    2.1536
        0         0         0         1

  0.31649 -0.411613  0.854639  0.904996
-0.945541 -0.209134  0.249429  0.111599
0.0760659 -0.887038 -0.455386   2.12867
        0         0         0         1

  0.31649 -0.411613  0.854639  0.904996
-0.945541 -0.209134  0.249429  0.111599
0.0760659 -0.887038 -0.455386   2.12867
        0         0         0         1

 0.324392 -0.428061  0.843525  0.916831
 -0.94467 -0.192482  0.265611 0.0905259
0.0486655 -0.883015 -0.466816    2.1047
        0         0         0         1

 0.324392 -0.428061  0.843525  0.916831
 -0.94467 -0.192482  0.265611 0.0905259
0.0486655 -0.883015 -0.466816    2.1047
        0         0         0         1

 0.336786 -0.445358  0.829597  0.932296
-0.941522 -0.169162  0.291411 0.0625208
 0.010554 -0.879227 -0.476286   2.06503
        0         0         0         1

 0.336786 -0.445358  0.829597  0.932296
-0.941522 -0.169162  0.291411 0.0625208
 0.010554 -0.879227 -0.476286   2.06503
        0         0         0         1

 0.340682  -0.45767  0.821264  0.944027
-0.939992 -0.148404  0.307232 0.0436015
-0.018732  -0.87665 -0.480765   2.03788
        0         0         0         1

 0.340682  -0.45767  0.821264  0.944027
-0.939992 -0.148404  0.307232 0.0436015
-0.018732  -0.87665 -0.480765   2.03788
        0         0         0         1

 0.342279 -0.470442  0.813344  0.955245
-0.937899 -0.119022  0.325852 0.0175047
-0.056489 -0.874367 -0.481966   1.99672
        0         0         0         1

 0.342279 -0.470442  0.813344  0.955245
-0.937899 -0.119022  0.325852 0.0175047
-0.056489 -0.874367 -0.481966   1.99672
        0         0         0         1

    0.339844    -0.476962     0.810564     0.962811
   -0.937069   -0.0983644     0.335002 -0.000470777
  -0.0800527    -0.873402    -0.480374      1.97128
           0            0            0            1

    0.339844    -0.476962     0.810564     0.962811
   -0.937069   -0.0983644     0.335002 -0.000470777
  -0.0800527    -0.873402    -0.480374      1.97128
           0            0            0            1

  0.337789  -0.488263   0.804673   0.976435
 -0.934302 -0.0704674   0.349447 -0.0222988
 -0.113919  -0.869847  -0.479988    1.92974
         0          0          0          1

  0.337789  -0.488263   0.804673   0.976435
 -0.934302 -0.0704674   0.349447 -0.0222988
 -0.113919  -0.869847  -0.479988    1.92974
         0          0          0          1

  0.337722  -0.499724   0.797634   0.986995
 -0.930833 -0.0516174    0.36178 -0.0354125
 -0.139618  -0.864645  -0.482592    1.90162
         0          0          0          1

  0.337722  -0.499724   0.797634   0.986995
 -0.930833 -0.0516174    0.36178 -0.0354125
 -0.139618  -0.864645  -0.482592    1.90162
         0          0          0          1

  0.339112  -0.512618   0.788813   0.996672
 -0.926023 -0.0341279   0.375921 -0.0470223
 -0.165783  -0.857938  -0.486269    1.87374
         0          0          0          1

  0.339112  -0.512618   0.788813   0.996672
 -0.926023 -0.0341279   0.375921 -0.0470223
 -0.165783  -0.857938  -0.486269    1.87374
         0          0          0          1

   0.334257   -0.525524    0.782366     1.00982
  -0.920557 -0.00403569    0.390587  -0.0634726
  -0.202105   -0.850769   -0.485124     1.83318
          0           0           0           1

   0.334257   -0.525524    0.782366     1.00982
  -0.920557 -0.00403569    0.390587  -0.0634726
  -0.202105   -0.850769   -0.485124     1.83318
          0           0           0           1

  0.329981  -0.531384    0.78022    1.01594
 -0.916706  0.0168867   0.399206 -0.0733765
 -0.225307  -0.846963  -0.481551    1.80707
         0          0          0          1

  0.329981  -0.531384    0.78022    1.01594
 -0.916706  0.0168867   0.399206 -0.0733765
 -0.225307  -0.846963  -0.481551    1.80707
         0          0          0          1

  0.320577  -0.542343   0.776591     1.0249
 -0.911933  0.0449904   0.407865 -0.0868555
 -0.256142  -0.838951  -0.480158    1.77081
         0          0          0          1

  0.320577  -0.542343   0.776591     1.0249
 -0.911933  0.0449904   0.407865 -0.0868555
 -0.256142  -0.838951  -0.480158    1.77081
         0          0          0          1

   0.31432  -0.552201    0.77219    1.02804
 -0.907349  0.0644299   0.415411 -0.0954068
 -0.279142  -0.831218  -0.480788     1.7493
         0          0          0          1

   0.31432  -0.552201    0.77219    1.02804
 -0.907349  0.0644299   0.415411 -0.0954068
 -0.279142  -0.831218  -0.480788     1.7493
         0          0          0          1

 0.302854 -0.566358  0.766497   1.03125
 -0.90557 0.0796442  0.416652  -0.10302
-0.297021 -0.820302 -0.488756   1.72921
        0         0         0         1

 0.302854 -0.566358  0.766497   1.03125
 -0.90557 0.0796442  0.416652  -0.10302
-0.297021 -0.820302 -0.488756   1.72921
        0         0         0         1

 0.281956 -0.587565  0.758464   1.03451
-0.905252 0.0989643  0.413189  -0.11417
-0.317837 -0.803102 -0.503991   1.70315
        0         0         0         1

 0.281956 -0.587565  0.758464   1.03451
-0.905252 0.0989643  0.413189  -0.11417
-0.317837 -0.803102 -0.503991   1.70315
        0         0         0         1

 0.266798 -0.596113  0.757277   1.03527
 -0.90709  0.110134  0.406274 -0.121259
-0.325587 -0.795311 -0.511345   1.68862
        0         0         0         1

 0.266798 -0.596113  0.757277   1.03527
 -0.90709  0.110134  0.406274 -0.121259
-0.325587 -0.795311 -0.511345   1.68862
        0         0         0         1

   0.2504 -0.600354  0.759522   1.03537
 -0.90816  0.126192   0.39915 -0.127472
-0.335477 -0.789715  -0.51362   1.67464
        0         0         0         1

   0.2504 -0.600354  0.759522   1.03537
 -0.90816  0.126192   0.39915 -0.127472
-0.335477 -0.789715  -0.51362   1.67464
        0         0         0         1

  0.22976  -0.59916  0.766953   1.03411
-0.908766  0.149991   0.38942 -0.135786
-0.348361 -0.786454 -0.510034   1.65596
        0         0         0         1

  0.22976  -0.59916  0.766953   1.03411
-0.908766  0.149991   0.38942 -0.135786
-0.348361 -0.786454 -0.510034   1.65596
        0         0         0         1

 0.216261 -0.588203  0.779261   1.03244
-0.910883  0.165761  0.377909 -0.141152
-0.351459 -0.791543 -0.499937   1.64519
        0         0         0         1

 0.216261 -0.588203  0.779261   1.03244
-0.910883  0.165761  0.377909 -0.141152
-0.351459 -0.791543 -0.499937   1.64519
        0         0         0         1

 0.193224 -0.553998  0.809785   1.02837
-0.914586  0.197128  0.353092 -0.148937
-0.355243 -0.808843 -0.468589    1.6313
        0         0         0         1

 0.193224 -0.553998  0.809785   1.02837
-0.914586  0.197128  0.353092 -0.148937
-0.355243 -0.808843 -0.468589    1.6313
        0         0         0         1

 0.176877 -0.526455  0.831601   1.02577
-0.918033  0.216391   0.33225 -0.153653
-0.354866 -0.822204 -0.445028   1.62364
        0         0         0         1

 0.176877 -0.526455  0.831601   1.02577
-0.918033  0.216391   0.33225 -0.153653
-0.354866 -0.822204 -0.445028   1.62364
        0         0         0         1

 0.164118 -0.501568  0.849409   1.02294
-0.920972   0.23056  0.314089 -0.157823
-0.353377 -0.833829 -0.424091   1.61649
        0         0         0         1

 0.164118 -0.501568  0.849409   1.02294
-0.920972   0.23056  0.314089 -0.157823
-0.353377 -0.833829 -0.424091   1.61649
        0         0         0         1

  0.14781 -0.481981  0.863624   1.02091
-0.924203  0.243595  0.294126 -0.163633
-0.352138 -0.841639 -0.409442   1.60749
        0         0         0         1

  0.14781 -0.481981  0.863624   1.02091
-0.924203  0.243595  0.294126 -0.163633
-0.352138 -0.841639 -0.409442   1.60749
        0         0         0         1

 0.145136 -0.481071  0.864585   1.02076
-0.924223   0.24602  0.292038  -0.16514
-0.353196 -0.841454  -0.40891   1.60475
        0         0         0         1

 0.142827 -0.480809  0.865114   1.02135
-0.924046  0.248378  0.290599 -0.166573
-0.354599 -0.840911 -0.408814    1.6019
        0         0         0         1

  0.14384 -0.475218  0.868031   1.02488
-0.921482  0.255488  0.292569  -0.16966
-0.360805 -0.841958 -0.401156   1.59255
        0         0         0         1

  0.14384 -0.475218  0.868031   1.02488
-0.921482  0.255488  0.292569  -0.16966
-0.360805 -0.841958 -0.401156   1.59255
        0         0         0         1

 0.144856  -0.47129  0.870002   1.02761
-0.920647  0.257961  0.293028 -0.171429
-0.362527 -0.843411 -0.396524   1.58704
        0         0         0         1

 0.144856  -0.47129  0.870002   1.02761
-0.920647  0.257961  0.293028 -0.171429
-0.362527 -0.843411 -0.396524   1.58704
        0         0         0         1

 0.149778 -0.465551  0.872255   1.02955
-0.920185  0.257098   0.29523  -0.17373
-0.361699 -0.846855 -0.389885    1.5836
        0         0         0         1

 0.149778 -0.465551  0.872255   1.02955
-0.920185  0.257098   0.29523  -0.17373
-0.361699 -0.846855 -0.389885    1.5836
        0         0         0         1

 0.146303 -0.459647  0.875968   1.03101
-0.922875  0.255449  0.288179 -0.176747
-0.356225 -0.850571 -0.386824   1.57951
        0         0         0         1

 0.146303 -0.459647  0.875968   1.03101
-0.922875  0.255449  0.288179 -0.176747
-0.356225 -0.850571 -0.386824   1.57951
        0         0         0         1

 0.142945  -0.45401  0.879455    1.0301
-0.925857  0.252703  0.280943 -0.178979
-0.349792  -0.85441 -0.384226   1.57852
        0         0         0         1

 0.142945  -0.45401  0.879455    1.0301
-0.925857  0.252703  0.280943 -0.178979
-0.349792  -0.85441 -0.384226   1.57852
        0         0         0         1

 0.137836 -0.444231  0.885246   1.03021
-0.930836   0.24731  0.269039 -0.181293
-0.338446 -0.861102 -0.379418   1.57748
        0         0         0         1

 0.137836 -0.444231  0.885246   1.03021
-0.930836   0.24731  0.269039 -0.181293
-0.338446 -0.861102 -0.379418   1.57748
        0         0         0         1

 0.135578 -0.442873  0.886275   1.03045
-0.934026  0.241243  0.263432 -0.182421
-0.330474 -0.863519 -0.380947   1.57813
        0         0         0         1

 0.135578 -0.442873  0.886275   1.03045
-0.934026  0.241243  0.263432 -0.182421
-0.330474 -0.863519 -0.380947   1.57813
        0         0         0         1

 0.133325  -0.44409  0.886007   1.02998
-0.937806  0.232608  0.257708 -0.182881
-0.320538 -0.865262 -0.385458   1.57947
        0         0         0         1

 0.133325  -0.44409  0.886007   1.02998
-0.937806  0.232608  0.257708 -0.182881
-0.320538 -0.865262 -0.385458   1.57947
        0         0         0         1

 0.125119  -0.45447  0.881931   1.02774
-0.945113  0.215837  0.245306 -0.183106
-0.301838 -0.864217  -0.40252   1.58427
        0         0         0         1

 0.125119  -0.45447  0.881931   1.02774
-0.945113  0.215837  0.245306 -0.183106
-0.301838 -0.864217  -0.40252   1.58427
        0         0         0         1

 0.126017 -0.465142  0.876221   1.02741
-0.948184   0.20321   0.24424 -0.181867
-0.291663 -0.861597 -0.415432   1.58721
        0         0         0         1

 0.126017 -0.465142  0.876221   1.02741
-0.948184   0.20321   0.24424 -0.181867
-0.291663 -0.861597 -0.415432   1.58721
        0         0         0         1

 0.145126 -0.459641  0.876167   1.02984
-0.948826  0.186378  0.254936 -0.176742
-0.280477 -0.868328 -0.409071   1.58893
        0         0         0         1

 0.145126 -0.459641  0.876167   1.02984
-0.948826  0.186378  0.254936 -0.176742
-0.280477 -0.868328 -0.409071   1.58893
        0         0         0         1

 0.152682 -0.458089  0.875696   1.02766
-0.949932  0.176397  0.257901 -0.171545
-0.272612 -0.871228  -0.40822    1.5913
        0         0         0         1

 0.152682 -0.458089  0.875696   1.02766
-0.949932  0.176397  0.257901 -0.171545
-0.272612 -0.871228  -0.40822    1.5913
        0         0         0         1

 0.160467   -0.4553  0.875758   1.02475
-0.951469  0.164698  0.259964 -0.166079
-0.262597 -0.874972 -0.406775   1.59478
        0         0         0         1

 0.160467   -0.4553  0.875758   1.02475
-0.951469  0.164698  0.259964 -0.166079
-0.262597 -0.874972 -0.406775   1.59478
        0         0         0         1

 0.172913 -0.439879  0.881253   1.01577
-0.954688  0.145185  0.259792 -0.156073
-0.242222 -0.886243 -0.394843   1.60125
        0         0         0         1

 0.172913 -0.439879  0.881253   1.01577
-0.954688  0.145185  0.259792 -0.156073
-0.242222 -0.886243 -0.394843   1.60125
        0         0         0         1

 0.179257 -0.429636  0.885031   1.00732
-0.957132  0.131887  0.257885 -0.148467
-0.227521 -0.893319 -0.387577   1.60735
        0         0         0         1

 0.179257 -0.429636  0.885031   1.00732
-0.957132  0.131887  0.257885 -0.148467
-0.227521 -0.893319 -0.387577   1.60735
        0         0         0         1

 0.196647 -0.416724  0.887508  0.992871
-0.959296  0.105345  0.262017 -0.134823
-0.202684 -0.902908 -0.379046   1.61874
        0         0         0         1

 0.196647 -0.416724  0.887508  0.992871
-0.959296  0.105345  0.262017 -0.134823
-0.202684 -0.902908 -0.379046   1.61874
        0         0         0         1

 0.209589 -0.410417  0.887485  0.981797
-0.959231 0.0896959  0.268012 -0.124137
-0.189601 -0.907476 -0.374886    1.6262
        0         0         0         1

 0.209589 -0.410417  0.887485  0.981797
-0.959231 0.0896959  0.268012 -0.124137
-0.189601 -0.907476 -0.374886    1.6262
        0         0         0         1

 0.220895 -0.405254  0.887116  0.968881
-0.959447 0.0730279  0.272266 -0.112103
-0.175121 -0.911283 -0.372688    1.6343
        0         0         0         1

 0.220895 -0.405254  0.887116  0.968881
-0.959447 0.0730279  0.272266 -0.112103
-0.175121 -0.911283 -0.372688    1.6343
        0         0         0         1

  0.238719  -0.396534   0.886439   0.944892
 -0.958504   0.050268   0.280613 -0.0922976
 -0.155832  -0.916643  -0.368079    1.64783
         0          0          0          1

  0.238719  -0.396534   0.886439   0.944892
 -0.958504   0.050268   0.280613 -0.0922976
 -0.155832  -0.916643  -0.368079    1.64783
         0          0          0          1

  0.248382  -0.395763   0.884126   0.926613
 -0.957527  0.0376811    0.28587 -0.0779559
 -0.146452   -0.91758  -0.369594    1.65798
         0          0          0          1

  0.248382  -0.395763   0.884126   0.926613
 -0.957527  0.0376811    0.28587 -0.0779559
 -0.146452   -0.91758  -0.369594    1.65798
         0          0          0          1

  0.259712  -0.394666   0.881356   0.893293
 -0.956863  0.0179197   0.289986 -0.0545094
 -0.130241   -0.91865  -0.372987    1.67286
         0          0          0          1

  0.259712  -0.394666   0.881356   0.893293
 -0.956863  0.0179197   0.289986 -0.0545094
 -0.130241   -0.91865  -0.372987    1.67286
         0          0          0          1

   0.26134  -0.396256   0.880161   0.867955
 -0.957172  0.0113087   0.289298 -0.0388655
 -0.124589  -0.918071  -0.376329    1.68394
         0          0          0          1

   0.26134  -0.396256   0.880161   0.867955
 -0.957172  0.0113087   0.289298 -0.0388655
 -0.124589  -0.918071  -0.376329    1.68394
         0          0          0          1

  0.261817  -0.397787   0.879328   0.838929
 -0.957881 0.00426349   0.287134 -0.0223366
 -0.117967  -0.917468  -0.379916    1.69452
         0          0          0          1

  0.261817  -0.397787   0.879328   0.838929
 -0.957881 0.00426349   0.287134 -0.0223366
 -0.117967  -0.917468  -0.379916    1.69452
         0          0          0          1

   0.260735   -0.400176    0.878565     0.78965
  -0.958559 0.000914174    0.284892  0.00197112
   -0.11481   -0.916438   -0.383354     1.71057
          0           0           0           1

   0.260735   -0.400176    0.878565     0.78965
  -0.958559 0.000914174    0.284892  0.00197112
   -0.11481   -0.916438   -0.383354     1.71057
          0           0           0           1

   0.259673   -0.403237    0.877479    0.753012
  -0.958843 0.000407679    0.283938   0.0179987
  -0.114852   -0.915096   -0.386535     1.72049
          0           0           0           1

   0.259673   -0.403237    0.877479    0.753012
  -0.958843 0.000407679    0.283938   0.0179987
  -0.114852   -0.915096   -0.386535     1.72049
          0           0           0           1

  0.250524  -0.410314   0.876858   0.694009
 -0.960795 0.00575468   0.277198  0.0412221
 -0.118784  -0.911926  -0.392786    1.73691
         0          0          0          1

  0.250524  -0.410314   0.876858   0.694009
 -0.960795 0.00575468   0.277198  0.0412221
 -0.118784  -0.911926  -0.392786    1.73691
         0          0          0          1

 0.240232 -0.415138  0.877467  0.650932
 -0.96311 0.0110039  0.268885 0.0566076
 -0.12128 -0.909692  -0.39718   1.74621
        0         0         0         1

 0.240232 -0.415138  0.877467  0.650932
 -0.96311 0.0110039  0.268885 0.0566076
 -0.12128 -0.909692  -0.39718   1.74621
        0         0         0         1

 0.225675 -0.423613  0.877282    0.6071
-0.965541  0.022555   0.25927 0.0714631
-0.129617 -0.905562 -0.403926   1.75714
        0         0         0         1

 0.225675 -0.423613  0.877282    0.6071
-0.965541  0.022555   0.25927 0.0714631
-0.129617 -0.905562 -0.403926   1.75714
        0         0         0         1

 0.211886  -0.43562  0.874837  0.534407
-0.966939 0.0365218  0.252379 0.0918213
-0.141892 -0.899389  -0.41348   1.76835
        0         0         0         1

 0.211886  -0.43562  0.874837  0.534407
-0.966939 0.0365218  0.252379 0.0918213
-0.141892 -0.899389  -0.41348   1.76835
        0         0         0         1

 0.195089 -0.445422  0.873807  0.486357
-0.968523 0.0529499  0.243227  0.103748
-0.154607 -0.893753 -0.421072   1.77811
        0         0         0         1

 0.195089 -0.445422  0.873807  0.486357
-0.968523 0.0529499  0.243227  0.103748
-0.154607 -0.893753 -0.421072   1.77811
        0         0         0         1

 0.168364 -0.452774  0.875585   0.43929
   -0.972 0.0714529  0.223852  0.117873
-0.163918 -0.888757 -0.428067   1.78622
        0         0         0         1

 0.168364 -0.452774  0.875585   0.43929
   -0.972 0.0714529  0.223852  0.117873
-0.163918 -0.888757 -0.428067   1.78622
        0         0         0         1

  0.13784 -0.460759  0.876756   0.36325
-0.974183  0.096728  0.203991   0.13427
-0.178797 -0.882238 -0.435531   1.79535
        0         0         0         1

  0.13784 -0.460759  0.876756   0.36325
-0.974183  0.096728  0.203991   0.13427
-0.178797 -0.882238 -0.435531   1.79535
        0         0         0         1

 0.116937 -0.465232  0.877431  0.310792
-0.975102  0.113833  0.190311  0.143656
-0.188419 -0.877839 -0.440337   1.79957
        0         0         0         1

 0.116937 -0.465232  0.877431  0.310792
-0.975102  0.113833  0.190311  0.143656
-0.188419 -0.877839 -0.440337   1.79957
        0         0         0         1

0.0775277 -0.474235  0.876978  0.236477
-0.975221  0.146739  0.165564  0.157227
-0.207203 -0.868083 -0.451108   1.80716
        0         0         0         1

0.0775277 -0.474235  0.876978  0.236477
-0.975221  0.146739  0.165564  0.157227
-0.207203 -0.868083 -0.451108   1.80716
        0         0         0         1

0.0482807 -0.471175  0.880717   0.18597
-0.975538  0.167079  0.142865  0.166862
-0.214464 -0.866071 -0.451582    1.8045
        0         0         0         1

0.0482807 -0.471175  0.880717   0.18597
-0.975538  0.167079  0.142865  0.166862
-0.214464 -0.866071 -0.451582    1.8045
        0         0         0         1

 0.024154 -0.474232  0.880068  0.134689
-0.974921  0.183645  0.125716  0.174314
-0.221239 -0.861033 -0.457903   1.80185
        0         0         0         1

 0.024154 -0.474232  0.880068  0.134689
-0.974921  0.183645  0.125716  0.174314
-0.221239 -0.861033 -0.457903   1.80185
        0         0         0         1

-0.015985 -0.485512  0.874084  0.062224
-0.969406  0.221681  0.105405  0.183702
-0.244944 -0.845657 -0.474201   1.80117
        0         0         0         1

-0.015985 -0.485512  0.874084  0.062224
-0.969406  0.221681  0.105405  0.183702
-0.244944 -0.845657 -0.474201   1.80117
        0         0         0         1

-0.0459212 -0.487662  0.871824 0.0151364
-0.964919  0.247498 0.0876156  0.186499
-0.258502 -0.837216  -0.48192   1.80163
        0         0         0         1

-0.0459212 -0.487662  0.871824 0.0151364
-0.964919  0.247498 0.0876156  0.186499
-0.258502 -0.837216  -0.48192   1.80163
        0         0         0         1

-0.0975293  -0.478439   0.872688 -0.0467995
 -0.960631   0.274463  0.0431131   0.199528
 -0.260148  -0.834126  -0.486371    1.79454
         0          0          0          1

-0.0975293  -0.478439   0.872688 -0.0467995
 -0.960631   0.274463  0.0431131   0.199528
 -0.260148  -0.834126  -0.486371    1.79454
         0          0          0          1

 -0.131527  -0.472245   0.871599 -0.0876736
 -0.954739   0.296967  0.0168276     0.2064
 -0.266783  -0.829937   -0.48993    1.79234
         0          0          0          1

 -0.131527  -0.472245   0.871599 -0.0876736
 -0.954739   0.296967  0.0168276     0.2064
 -0.266783  -0.829937   -0.48993    1.79234
         0          0          0          1

 -0.169388  -0.456102   0.873658  -0.152171
 -0.945843    0.32432 -0.0140691   0.210393
 -0.276928  -0.828726  -0.486337    1.77956
         0          0          0          1

 -0.169388  -0.456102   0.873658  -0.152171
 -0.945843    0.32432 -0.0140691   0.210393
 -0.276928  -0.828726  -0.486337    1.77956
         0          0          0          1

 -0.195862  -0.449119    0.87174  -0.186552
 -0.938846   0.342613 -0.0344258   0.213917
 -0.283208  -0.825172  -0.488759    1.77475
         0          0          0          1

 -0.195862  -0.449119    0.87174  -0.186552
 -0.938846   0.342613 -0.0344258   0.213917
 -0.283208  -0.825172  -0.488759    1.77475
         0          0          0          1

 -0.234236  -0.431385    0.87123  -0.218668
 -0.927981   0.366352 -0.0680963   0.224455
 -0.289801  -0.824435  -0.486129    1.76583
         0          0          0          1

 -0.234236  -0.431385    0.87123  -0.218668
 -0.927981   0.366352 -0.0680963   0.224455
 -0.289801  -0.824435  -0.486129    1.76583
         0          0          0          1

-0.275794 -0.411373   0.86874 -0.267756
-0.912365  0.396495 -0.101892   0.23242
-0.302535 -0.820709 -0.484674   1.75219
        0         0         0         1

-0.275794 -0.411373   0.86874 -0.267756
-0.912365  0.396495 -0.101892   0.23242
-0.302535 -0.820709 -0.484674   1.75219
        0         0         0         1

-0.299179 -0.398761  0.866881 -0.301767
-0.903095  0.411652 -0.122319  0.234246
-0.308077 -0.819471 -0.483277    1.7364
        0         0         0         1

-0.299179 -0.398761  0.866881 -0.301767
-0.903095  0.411652 -0.122319  0.234246
-0.308077 -0.819471 -0.483277    1.7364
        0         0         0         1

-0.330735  -0.40832  0.850817 -0.343239
-0.889184  0.436873 -0.135988  0.235878
-0.316173 -0.801509 -0.507561   1.72999
        0         0         0         1

-0.330735  -0.40832  0.850817 -0.343239
-0.889184  0.436873 -0.135988  0.235878
-0.316173 -0.801509 -0.507561   1.72999
        0         0         0         1

 -0.37176 -0.403946  0.835836 -0.359472
 -0.87389  0.456069 -0.168275  0.252894
-0.313226 -0.792987 -0.522553   1.72085
        0         0         0         1

 -0.37176 -0.403946  0.835836 -0.359472
 -0.87389  0.456069 -0.168275  0.252894
-0.313226 -0.792987 -0.522553   1.72085
        0         0         0         1

-0.389601 -0.400844  0.829178 -0.384274
-0.867411  0.462289 -0.184084  0.253508
 -0.30953 -0.790957 -0.527805   1.70343
        0         0         0         1

-0.389601 -0.400844  0.829178 -0.384274
-0.867411  0.462289 -0.184084  0.253508
 -0.30953 -0.790957 -0.527805   1.70343
        0         0         0         1

-0.438257 -0.430875  0.788846 -0.412825
-0.849958  0.484156 -0.207759  0.262363
-0.292407 -0.761538 -0.578411   1.71295
        0         0         0         1

-0.438257 -0.430875  0.788846 -0.412825
-0.849958  0.484156 -0.207759  0.262363
-0.292407 -0.761538 -0.578411   1.71295
        0         0         0         1

-0.465622 -0.446101  0.764323 -0.435167
-0.839162   0.49686 -0.221219  0.264102
-0.281075 -0.744395   -0.6057    1.7106
        0         0         0         1

-0.465622 -0.446101  0.764323 -0.435167
-0.839162   0.49686 -0.221219  0.264102
-0.281075 -0.744395   -0.6057    1.7106
        0         0         0         1

-0.502589 -0.443815  0.741911 -0.453345
-0.819263   0.51854 -0.244796  0.283753
-0.276066 -0.730852 -0.624214   1.70007
        0         0         0         1

-0.502589 -0.443815  0.741911 -0.453345
-0.819263   0.51854 -0.244796  0.283753
-0.276066 -0.730852 -0.624214   1.70007
        0         0         0         1

-0.506969 -0.428149  0.748111 -0.466212
-0.807695  0.539059 -0.238841  0.282235
-0.301017 -0.725331   -0.6191   1.69814
        0         0         0         1

-0.506969 -0.428149  0.748111 -0.466212
-0.807695  0.539059 -0.238841  0.282235
-0.301017 -0.725331   -0.6191   1.69814
        0         0         0         1

-0.504864  -0.39964  0.765114 -0.488151
 -0.80449  0.539145 -0.249236  0.275537
-0.312903 -0.741357 -0.593701   1.68891
        0         0         0         1

-0.504864  -0.39964  0.765114 -0.488151
 -0.80449  0.539145 -0.249236  0.275537
-0.312903 -0.741357 -0.593701   1.68891
        0         0         0         1

-0.535757 -0.341836  0.772083 -0.501781
-0.784861  0.538808  -0.30607  0.297737
-0.311379 -0.769957 -0.556964    1.6674
        0         0         0         1

-0.535757 -0.341836  0.772083 -0.501781
-0.784861  0.538808  -0.30607  0.297737
-0.311379 -0.769957 -0.556964    1.6674
        0         0         0         1

-0.557111  -0.33223  0.761085 -0.503822
-0.770714  0.548131 -0.324888  0.309886
-0.309237 -0.767578 -0.561424   1.67133
        0         0         0         1

-0.557111  -0.33223  0.761085 -0.503822
-0.770714  0.548131 -0.324888  0.309886
-0.309237 -0.767578 -0.561424   1.67133
        0         0         0         1

-0.553183 -0.336147  0.762229 -0.520892
-0.772105  0.550437 -0.317605  0.296249
-0.312797 -0.764215 -0.564033   1.66895
        0         0         0         1

-0.553183 -0.336147  0.762229 -0.520892
-0.772105  0.550437 -0.317605  0.296249
-0.312797 -0.764215 -0.564033   1.66895
        0         0         0         1

-0.557299 -0.332097  0.761006 -0.531969
-0.766138  0.558987 -0.317121  0.296676
-0.320077 -0.759767 -0.565955   1.65546
        0         0         0         1

-0.557299 -0.332097  0.761006 -0.531969
-0.766138  0.558987 -0.317121  0.296676
-0.320077 -0.759767 -0.565955   1.65546
        0         0         0         1

-0.560972 -0.333592  0.757645 -0.537005
-0.761678  0.566497 -0.314529  0.299216
 -0.32428 -0.753523 -0.571879    1.6506
        0         0         0         1

-0.560972 -0.333592  0.757645 -0.537005
-0.761678  0.566497 -0.314529  0.299216
 -0.32428 -0.753523 -0.571879    1.6506
        0         0         0         1

-0.561682 -0.337032  0.755595 -0.546164
-0.759294  0.572722  -0.30897  0.304182
-0.328613 -0.747261 -0.577594   1.63595
        0         0         0         1

-0.561682 -0.337032  0.755595 -0.546164
-0.759294  0.572722  -0.30897  0.304182
-0.328613 -0.747261 -0.577594   1.63595
        0         0         0         1

-0.564944  -0.34437  0.749832 -0.549371
-0.757223  0.577393 -0.305337  0.301625
-0.327799 -0.740288 -0.586959   1.63569
        0         0         0         1

-0.564944  -0.34437  0.749832 -0.549371
-0.757223  0.577393 -0.305337  0.301625
-0.327799 -0.740288 -0.586959   1.63569
        0         0         0         1

-0.566178 -0.344289  0.748938 -0.550567
-0.756345  0.578206 -0.305974  0.308096
-0.327697 -0.739691 -0.587769   1.61892
        0         0         0         1

-0.566178 -0.344289  0.748938 -0.550567
-0.756345  0.578206 -0.305974  0.308096
-0.327697 -0.739691 -0.587769   1.61892
        0         0         0         1

-0.556885 -0.353844  0.751448 -0.556637
-0.757785  0.586856 -0.285241  0.299729
-0.340061 -0.728282 -0.594948   1.61988
        0         0         0         1

-0.556885 -0.353844  0.751448 -0.556637
-0.757785  0.586856 -0.285241  0.299729
-0.340061 -0.728282 -0.594948   1.61988
        0         0         0         1

-0.548616 -0.350742  0.758947 -0.557296
-0.760955   0.58553 -0.279469  0.297618
-0.346365 -0.730846  -0.58813   1.61038
        0         0         0         1

-0.548616 -0.350742  0.758947 -0.557296
-0.760955   0.58553 -0.279469  0.297618
-0.346365 -0.730846  -0.58813   1.61038
        0         0         0         1

-0.557053 -0.343798  0.755973 -0.551039
-0.755918  0.586873 -0.290117   0.30604
-0.343919 -0.733064 -0.586802   1.60836
        0         0         0         1

-0.557053 -0.343798  0.755973 -0.551039
-0.755918  0.586873 -0.290117   0.30604
-0.343919 -0.733064 -0.586802   1.60836
        0         0         0         1

-0.562278  -0.33226  0.757263 -0.549743
-0.752634  0.585015 -0.302158  0.312813
-0.342615 -0.739839 -0.579011   1.59729
        0         0         0         1

-0.562278  -0.33226  0.757263 -0.549743
-0.752634  0.585015 -0.302158  0.312813
-0.342615 -0.739839 -0.579011   1.59729
        0         0         0         1

-0.558813 -0.327474  0.761898 -0.553419
-0.753835  0.583493 -0.302106  0.309475
-0.345631 -0.743167 -0.572925   1.59209
        0         0         0         1

-0.558813 -0.327474  0.761898 -0.553419
-0.753835  0.583493 -0.302106  0.309475
-0.345631 -0.743167 -0.572925   1.59209
        0         0         0         1

-0.549914 -0.323431  0.770057 -0.556182
-0.754872   0.58703 -0.292512   0.30485
-0.357439 -0.742151 -0.566965   1.58954
        0         0         0         1

-0.549914 -0.323431  0.770057 -0.556182
-0.754872   0.58703 -0.292512   0.30485
-0.357439 -0.742151 -0.566965   1.58954
        0         0         0         1

-0.542902     -0.31  0.780485 -0.550744
-0.755549  0.586017 -0.292797  0.309638
 -0.36661 -0.748655  -0.55237   1.57597
        0         0         0         1

-0.542902     -0.31  0.780485 -0.550744
-0.755549  0.586017 -0.292797  0.309638
 -0.36661 -0.748655  -0.55237   1.57597
        0         0         0         1

-0.527837 -0.313036  0.789555 -0.547787
-0.760369  0.588375 -0.275051   0.30453
-0.378454 -0.745536 -0.548589   1.57197
        0         0         0         1

-0.527837 -0.313036  0.789555 -0.547787
-0.760369  0.588375 -0.275051   0.30453
-0.378454 -0.745536 -0.548589   1.57197
        0         0         0         1

-0.531796 -0.304736  0.790145 -0.545698
-0.757584  0.588181 -0.283036  0.309713
-0.378497 -0.749119 -0.543655   1.56379
        0         0         0         1

-0.531796 -0.304736  0.790145 -0.545698
-0.757584  0.588181 -0.283036  0.309713
-0.378497 -0.749119 -0.543655   1.56379
        0         0         0         1

-0.526354 -0.304601  0.793832 -0.550809
-0.757842  0.591385 -0.275571  0.304455
-0.385522 -0.746647 -0.542117   1.56023
        0         0         0         1

-0.526354 -0.304601  0.793832 -0.550809
-0.757842  0.591385 -0.275571  0.304455
-0.385522 -0.746647 -0.542117   1.56023
        0         0         0         1

-0.525124 -0.296151  0.797834 -0.545648
-0.753041  0.598435 -0.273506  0.309035
-0.396453 -0.744426 -0.537266   1.55534
        0         0         0         1

-0.525124 -0.296151  0.797834 -0.545648
-0.753041  0.598435 -0.273506  0.309035
-0.396453 -0.744426 -0.537266   1.55534
        0         0         0         1

-0.516399 -0.279056  0.809605 -0.535848
 -0.75382  0.596699 -0.275146  0.318265
-0.406309 -0.752382 -0.518493   1.54006
        0         0         0         1

-0.516399 -0.279056  0.809605 -0.535848
 -0.75382  0.596699 -0.275146  0.318265
-0.406309 -0.752382 -0.518493   1.54006
        0         0         0         1

-0.478204 -0.276823  0.833481 -0.535676
-0.767809  0.592504 -0.243738  0.303524
-0.426368  -0.75651 -0.495885   1.53023
        0         0         0         1

-0.478204 -0.276823  0.833481 -0.535676
-0.767809  0.592504 -0.243738  0.303524
-0.426368  -0.75651 -0.495885   1.53023
        0         0         0         1

-0.458326 -0.276934  0.844538 -0.538083
-0.776316  0.587397 -0.228688  0.293649
-0.432748 -0.760442 -0.484207   1.52424
        0         0         0         1

-0.458326 -0.276934  0.844538 -0.538083
-0.776316  0.587397 -0.228688  0.293649
-0.432748 -0.760442 -0.484207   1.52424
        0         0         0         1

-0.460411  -0.27909  0.842692 -0.537178
-0.778995  0.582218 -0.232786   0.29289
-0.425662  -0.76363 -0.485469   1.52283
        0         0         0         1

-0.460411  -0.27909  0.842692 -0.537178
-0.778995  0.582218 -0.232786   0.29289
-0.425662  -0.76363 -0.485469   1.52283
        0         0         0         1

-0.472668 -0.269051  0.839164  -0.53283
-0.774047  0.581932 -0.249412  0.301633
-0.421232 -0.767441 -0.483319   1.51887
        0         0         0         1

-0.472668 -0.269051  0.839164  -0.53283
-0.774047  0.581932 -0.249412  0.301633
-0.421232 -0.767441 -0.483319   1.51887
        0         0         0         1

-0.468572 -0.269483   0.84132  -0.53263
-0.777466  0.578024 -0.247861  0.301746
-0.419509 -0.770238 -0.480359   1.51306
