 0.244625 -0.688239  0.682997  0.780411
-0.857151  -0.48278 -0.179485   1.08206
 0.453266 -0.541526 -0.708025   2.05017
        0         0         0         1

 0.263266 -0.682485  0.681839    0.7731
-0.855779 -0.491481 -0.161521   1.06692
 0.445347 -0.540981 -0.713447   2.06114
        0         0         0         1

 0.286643  -0.67162    0.6832  0.761382
-0.856521  -0.49913 -0.131308   1.04412
 0.429194 -0.547536 -0.718329   2.08371
        0         0         0         1

 0.308547 -0.667253  0.677917  0.755954
-0.857708   -0.5033 -0.105007    1.0246
 0.411262 -0.549055   -0.7276   2.10477
        0         0         0         1

  0.331981  -0.661939   0.672031   0.761265
  -0.85172  -0.516547 -0.0880429   0.997924
  0.405415  -0.543154   -0.73527    2.11025
         0          0          0          1

  0.338951  -0.665719   0.664778    0.77003
  -0.85126  -0.517882 -0.0845834   0.985057
  0.400586   -0.53723  -0.742237    2.11718
         0          0          0          1

  0.347891  -0.661979   0.663895    0.77052
 -0.853839  -0.516174 -0.0672593   0.962657
  0.387209   -0.54346  -0.744795    2.13439
         0          0          0          1

  0.355685  -0.662198   0.659531   0.774894
   -0.8523  -0.519384 -0.0618391   0.950084
    0.3835  -0.540123  -0.749129    2.13711
         0          0          0          1

  0.374146   -0.64825   0.663164    0.75931
 -0.845113  -0.532774 -0.0439937   0.934145
  0.381836  -0.543989   -0.74718    2.13983
         0          0          0          1

  0.377635  -0.650601   0.658871   0.767209
 -0.848903  -0.527437 -0.0342642   0.918609
  0.369805  -0.546378  -0.751476    2.15415
         0          0          0          1

 0.384807 -0.642938  0.662234  0.769056
-0.849632 -0.527068 -0.018011  0.889543
 0.360622 -0.555725  -0.74908   2.16308
        0         0         0         1

  0.386313  -0.647203   0.657183   0.778915
 -0.851046  -0.524829 -0.0165875   0.878952
  0.355645  -0.552885  -0.753548    2.16338
         0          0          0          1

   0.388458   -0.646298     0.65681    0.781969
  -0.854616   -0.519232 -0.00547486    0.860068
   0.344575   -0.559194   -0.754036     2.17019
          0           0           0           1

    0.38747   -0.645426    0.658249    0.783939
  -0.854932   -0.518712 -0.00536146    0.850815
   0.344902   -0.560681   -0.752781     2.16461
          0           0           0           1

  0.392608  -0.644521   0.656088   0.786505
 -0.856316  -0.516427 0.00510299   0.822778
  0.335533  -0.563822  -0.754667    2.16225
         0          0          0          1

  0.387513  -0.649572   0.654133   0.799828
 -0.862071  -0.506732 0.00749724   0.807992
    0.3266  -0.566814  -0.756343    2.16953
         0          0          0          1

  0.383668  -0.652333   0.653652   0.805965
 -0.865727   -0.50044 0.00871789   0.794352
  0.321426  -0.569229  -0.756745    2.16681
         0          0          0          1

 0.384152 -0.652805  0.652895  0.805304
-0.868632 -0.495201 0.0159544  0.780714
   0.3129 -0.573254  -0.75728   2.16834
        0         0         0         1

 0.383397 -0.653377  0.652767  0.806394
-0.872429 -0.488161 0.0237972  0.764834
 0.303106 -0.578617 -0.757185   2.16721
        0         0         0         1

  0.38687 -0.648784  0.655294  0.800712
-0.874928  -0.48271  0.038621  0.750168
 0.291261 -0.588277 -0.754386   2.17265
        0         0         0         1

 0.386817 -0.654726  0.649389  0.801881
-0.877929 -0.476937  0.042092  0.728575
 0.282159 -0.586399  -0.75929   2.15786
        0         0         0         1

 0.391084 -0.649926  0.651652  0.793129
-0.877838  -0.47613 0.0519592   0.71526
 0.276502 -0.592365 -0.756737    2.1569
        0         0         0         1

 0.384728 -0.657908  0.647412  0.800278
 -0.88357 -0.465389 0.0521317  0.700556
    0.267  -0.59209 -0.760356   2.15626
        0         0         0         1

 0.377588 -0.665516  0.643829  0.808118
-0.887734 -0.457921 0.0472859   0.69261
 0.263353 -0.589403 -0.763707   2.14947
        0         0         0         1

 0.370257 -0.670521  0.642892   0.81045
-0.892794 -0.448015 0.0469131  0.668331
 0.256569 -0.591341 -0.764518    2.1328
        0         0         0         1

 0.363183 -0.671323  0.646083  0.812699
-0.897515 -0.438235 0.0491649  0.655202
 0.250131 -0.597725 -0.761682   2.12873
        0         0         0         1

 0.362028 -0.670974  0.647093  0.807662
-0.902834  -0.42516 0.0642569  0.638419
 0.232004 -0.607481 -0.759698   2.12515
        0         0         0         1

 0.358966 -0.677583  0.641891  0.809259
-0.908209 -0.412126 0.0728579  0.627362
 0.215172 -0.609125 -0.763327    2.1168
        0         0         0         1

 0.353289 -0.689244  0.632557  0.814691
-0.915773 -0.392968 0.0832843  0.614254
 0.191171 -0.608702 -0.770023   2.10603
        0         0         0         1

 0.353863 -0.688201  0.633372  0.809731
-0.919305 -0.380617  0.100047   0.60212
  0.17222 -0.617665 -0.767353   2.10175
        0         0         0         1

  0.34272 -0.696807  0.630081  0.809519
-0.930138 -0.345829  0.123478  0.574212
  0.13186 -0.628381 -0.766649   2.08529
        0         0         0         1

 0.338688 -0.701808  0.626702  0.811866
-0.933141 -0.335898  0.128143  0.565177
 0.120576 -0.628202 -0.768651   2.07396
        0         0         0         1

  0.33003 -0.708311     0.624  0.814494
-0.938797 -0.315392  0.138518  0.551106
0.0986912 -0.631524  -0.76905   2.06532
        0         0         0         1

 0.324707 -0.708873  0.626151  0.812801
-0.941903 -0.302504   0.14598  0.540981
0.0859321 -0.637174 -0.765915   2.05501
        0         0         0         1

 0.312321 -0.719288  0.620549  0.812542
-0.948239  -0.27554  0.157864  0.517345
0.0574363 -0.637733 -0.768113   2.03099
        0         0         0         1

 0.314704 -0.717965  0.620876  0.805128
-0.948148 -0.268412  0.170204  0.506148
  0.04445 -0.642246 -0.765208   2.02192
        0         0         0         1

 0.301199  -0.72701  0.617038   0.80925
-0.953174 -0.247977  0.173108  0.493319
0.0271601 -0.640285 -0.767657   2.00917
        0         0         0         1

 0.295685 -0.729603  0.616643  0.806767
-0.955192  -0.23482  0.180187  0.483115
0.0133354 -0.642292 -0.766344   2.00169
        0         0         0         1

 0.288131 -0.733271  0.615869  0.804123
-0.957591 -0.220749  0.185175  0.472277
0.000168955 -0.643105 -0.765778   1.98464
        0         0         0         1

 0.281576 -0.740232  0.610551  0.804064
-0.959444 -0.208222   0.19003  0.463483
-0.0135362 -0.639297 -0.768841   1.97299
        0         0         0         1

 0.264744 -0.751825  0.603879  0.800879
-0.962885 -0.171964  0.208039   0.44012
-0.0525635 -0.636543 -0.769448   1.94948
        0         0         0         1

 0.256302  -0.75564  0.602758    0.7993
-0.964202 -0.156002  0.214424  0.431667
-0.0679959 -0.636138 -0.768573   1.93867
        0         0         0         1

 0.246603 -0.758945  0.602653   0.79708
-0.965113  -0.13586  0.223826  0.421099
-0.0879951 -0.636824 -0.765971   1.92604
        0         0         0         1

 0.237126  -0.75995  0.605184   0.79504
-0.966246 -0.119928  0.228002  0.413426
-0.100692 -0.638822 -0.762737   1.91256
        0         0         0         1

 0.216572 -0.758809  0.614251  0.788042
-0.966841 -0.079489  0.242692  0.395163
-0.135331 -0.646444 -0.750863   1.88332
        0         0         0         1

  0.208193  -0.756229   0.620301   0.784378
 -0.966499 -0.0617218   0.249141   0.387839
 -0.150121  -0.651389  -0.743744     1.8721
         0          0          0          1

  0.197062  -0.752517   0.628399    0.78044
 -0.965996 -0.0396013   0.255508   0.379239
 -0.167388  -0.657381  -0.734732    1.85535
         0          0          0          1

  0.186944  -0.751032   0.633247   0.778512
 -0.964916 -0.0194089   0.261839   0.372019
 -0.184359   -0.65998  -0.728312    1.84476
         0          0          0          1

  0.171564  -0.748173    0.64094   0.776886
 -0.964053 0.00649038    0.26563   0.364537
 -0.202897  -0.663472  -0.720165    1.82933
         0          0          0          1

 0.163448 -0.744996  0.646734   0.77311
-0.962189 0.0244076  0.271288  0.357826
-0.217894 -0.666622 -0.712838   1.81859
        0         0         0         1

 0.143369 -0.735772   0.66188  0.765756
-0.958959 0.0620322  0.276676  0.342879
-0.244628 -0.674383 -0.696681   1.79067
        0         0         0         1

 0.136581 -0.732535  0.666887  0.762581
-0.957774 0.0742889  0.277757  0.337161
-0.253009 -0.676663 -0.691457   1.77894
        0         0         0         1

 0.129344 -0.730158  0.670924  0.758478
-0.955852 0.0882266   0.28029  0.330103
 -0.26385 -0.677558 -0.686512   1.76456
        0         0         0         1

 0.125808 -0.728233  0.673684  0.754994
-0.953858 0.0978244  0.283875   0.32447
 -0.27263 -0.678312 -0.682323   1.75371
        0         0         0         1

 0.110635 -0.723808  0.681074   0.75158
-0.950479  0.123198  0.285326  0.312008
-0.290429 -0.678914 -0.674335   1.72801
        0         0         0         1

 0.108636  -0.72077  0.684609  0.749139
-0.948449  0.131111  0.288539  0.306314
 -0.29773 -0.680662  -0.66937     1.718
        0         0         0         1

 0.106055 -0.715701  0.690307  0.746727
-0.947173  0.138609  0.289225  0.301017
-0.302681 -0.684514 -0.663193    1.7023
        0         0         0         1

 0.107887 -0.711938  0.693905  0.743068
-0.943923  0.145722  0.296269  0.295541
-0.312043 -0.686956 -0.656293   1.69178
        0         0         0         1

 0.104459  -0.70798  0.698465  0.741138
-0.940997   0.15695  0.299819  0.289766
 -0.32189 -0.688572 -0.649812    1.6782
        0         0         0         1

 0.104383 -0.703918  0.702569  0.739112
-0.938972  0.163067  0.302887   0.28519
-0.327773 -0.691309 -0.643938   1.66746
        0         0         0         1

 0.103377 -0.691225  0.715207  0.735662
-0.931402  0.185033  0.313454  0.272916
-0.349004 -0.698549  -0.62468   1.64412
        0         0         0         1

 0.104185  -0.68522  0.720846  0.733832
-0.928645  0.192442  0.317149  0.268256
-0.356038 -0.702453 -0.616277   1.63414
        0         0         0         1

 0.104046 -0.678491  0.727204  0.732464
-0.926543  0.199648  0.318841  0.262506
-0.361515 -0.706959 -0.607878   1.62198
        0         0         0         1

 0.105018 -0.673338  0.731838  0.731495
 -0.92528  0.203539  0.320045  0.258096
-0.364456 -0.710766 -0.601651   1.61225
        0         0         0         1

   0.1113 -0.664159   0.73926  0.728407
-0.921502  0.209544  0.326994  0.247234
-0.372083 -0.717624 -0.588701   1.59001
        0         0         0         1

 0.114991 -0.660844  0.741662  0.727336
-0.920137   0.21049  0.330216  0.242689
-0.374333 -0.720402 -0.583862   1.58133
        0         0         0         1

  0.12044 -0.656921  0.744277  0.725725
-0.918394  0.210907  0.334769   0.23688
 -0.37689 -0.723859 -0.577911   1.57083
        0         0         0         1

 0.123247 -0.654391  0.746044  0.724796
-0.916918   0.21245  0.337825  0.232458
-0.379567 -0.725698  -0.57384   1.56357
        0         0         0         1

 0.125962 -0.649892  0.749516   0.72409
-0.915861  0.214158   0.33961   0.22725
-0.381225  -0.72923 -0.568235   1.55252
        0         0         0         1

 0.128663 -0.645304  0.753013  0.722745
-0.915302  0.214962  0.340607  0.223182
-0.381665 -0.733057 -0.562991   1.54407
        0         0         0         1

 0.133795 -0.631763  0.763527  0.719849
-0.912729  0.221566   0.34327  0.213796
-0.386037 -0.742821 -0.546984   1.52536
        0         0         0         1

 0.133012 -0.623989  0.770029  0.720455
-0.911501  0.228076  0.342269  0.210392
-0.389197 -0.747408  -0.53843    1.5186
        0         0         0         1

 0.135811 -0.613364  0.778036  0.718999
-0.909277  0.234671  0.343722  0.205776
-0.393409 -0.754132 -0.525847   1.50943
        0         0         0         1

 0.140708 -0.605071  0.783639  0.716751
-0.906665  0.239192  0.347485  0.202006
-0.397693 -0.759392 -0.514941   1.50245
        0         0         0         1

 0.146666 -0.593532  0.791333  0.714698
-0.903639  0.245042  0.351272  0.197427
-0.402401 -0.766599   -0.5004   1.49471
        0         0         0         1

 0.150817 -0.581997  0.799083  0.713773
-0.903632  0.246627  0.350176  0.194176
-0.400877  -0.77489 -0.488716   1.48798
        0         0         0         1

 0.162488 -0.556839  0.814572  0.710775
 -0.90415  0.246546  0.348894  0.186544
-0.395107 -0.793187 -0.463405   1.47382
        0         0         0         1

 0.168557 -0.548759  0.818811  0.709096
-0.904434  0.244174  0.349826  0.183294
-0.391903 -0.799526 -0.455159   1.46803
        0         0         0         1

 0.174802 -0.538996  0.823971  0.707785
-0.904631  0.242453  0.350513  0.179545
-0.388699  -0.80666 -0.445212   1.46219
        0         0         0         1

 0.181831  -0.53135  0.827408  0.705799
-0.904979  0.238713  0.352177  0.176589
-0.384642 -0.812824 -0.437455   1.45738
        0         0         0         1

 0.193521 -0.517734  0.833367  0.703992
-0.906748   0.22998  0.353437  0.170708
-0.374644 -0.824052 -0.424948   1.44716
        0         0         0         1

 0.198609  -0.51245  0.835434  0.703231
-0.907906  0.224854  0.353762  0.168694
-0.369136 -0.828755 -0.420598   1.44314
        0         0         0         1

 0.205861 -0.505712  0.837781  0.702001
-0.909422  0.217261   0.35461  0.165871
-0.361348 -0.834897 -0.415181   1.43788
        0         0         0         1

 0.210474 -0.499654  0.840266  0.701966
-0.910983  0.211614   0.35402  0.164259
-0.354699 -0.839979 -0.410637   1.43351
        0         0         0         1

 0.217434 -0.492394  0.842776  0.701111
-0.911671  0.205993   0.35556  0.162103
-0.348682 -0.845645 -0.404111   1.42916
        0         0         0         1

 0.223247 -0.485863  0.845043  0.700192
-0.912422  0.200892  0.356551  0.160417
-0.342998 -0.850635 -0.398463   1.42562
        0         0         0         1

  0.23453 -0.470508  0.850657  0.699777
-0.914128  0.190946  0.357644  0.156796
-0.330704 -0.861488 -0.385322   1.41859
        0         0         0         1

 0.241016 -0.464112  0.852356  0.698579
-0.914611  0.185168  0.359445  0.155274
-0.324651 -0.866206 -0.379854   1.41514
        0         0         0         1

 0.246462 -0.455952  0.855198  0.698606
-0.915429   0.18019   0.35989  0.153779
-0.318191 -0.871573 -0.372982   1.41127
        0         0         0         1

 0.250735 -0.450238  0.856982  0.698786
-0.915777  0.176664  0.360752   0.15253
-0.313823 -0.875257 -0.368022   1.40843
        0         0         0         1

 0.262172 -0.434938  0.861449  0.698636
 -0.91534  0.170653  0.364734  0.149988
-0.305645 -0.884142 -0.353375   1.40309
        0         0         0         1

 0.267588   -0.4279  0.863307  0.698381
-0.914772    0.1686  0.367106  0.148812
-0.302638 -0.887962 -0.346315   1.40081
        0         0         0         1

 0.271812  -0.41802  0.866821  0.697985
 -0.91527  0.165991  0.367053  0.147393
 -0.29732 -0.893144 -0.337483   1.39796
        0         0         0         1

 0.274159  -0.40865  0.870542  0.696917
-0.916343  0.163672  0.365414  0.146486
 -0.29181 -0.897896 -0.329591   1.39596
        0         0         0         1

  0.27803 -0.396317  0.875004  0.695906
-0.917215  0.161053  0.364389  0.145353
-0.285335 -0.903878  -0.31873   1.39357
        0         0         0         1

 0.279278 -0.386919  0.878805  0.696002
-0.918214  0.160093  0.362288  0.144618
-0.280867  -0.90811 -0.310564   1.39209
        0         0         0         1

 0.282301 -0.369527    0.8853  0.696133
-0.920781  0.154589  0.358141  0.143303
-0.269201 -0.916271 -0.296613   1.38861
        0         0         0         1

 0.284854  -0.36541  0.886191  0.696304
-0.921079  0.151685  0.358614  0.142688
-0.265463 -0.918405 -0.293363   1.38765
        0         0         0         1

 0.286186 -0.362576  0.886925  0.698149
-0.922054  0.147545  0.357838    0.1422
-0.260605   -0.9202 -0.292089   1.38633
        0         0         0         1

 0.288371 -0.364376  0.885478  0.699289
-0.922188  0.143202  0.359254  0.141987
-0.257706 -0.920176 -0.294728   1.38579
        0         0         0         1

 0.298383 -0.365865  0.881539  0.700377
-0.920506  0.133801  0.367104  0.140977
-0.252261 -0.920999 -0.296857   1.38529
        0         0         0         1

 0.300886  -0.36537  0.880893  0.701852
-0.920301  0.130926  0.368651  0.140923
-0.250026 -0.921609 -0.296856   1.38504
        0         0         0         1

 0.303748 -0.364593  0.880232  0.703702
-0.920332   0.12668  0.370057  0.141005
-0.246428 -0.922509 -0.297068   1.38425
        0         0         0         1

 0.307301 -0.363977  0.879253  0.704148
-0.919644  0.123885  0.372702   0.14079
-0.244581 -0.923132  -0.29666   1.38402
        0         0         0         1

 0.310132 -0.362183     0.879   0.70528
-0.919341  0.121235  0.374319   0.14061
-0.242138 -0.924189 -0.295371   1.38376
        0         0         0         1

 0.311423 -0.360018  0.879433  0.706418
-0.919302  0.120201  0.374748  0.140806
-0.240625  -0.92517 -0.293531   1.38343
        0         0         0         1

 0.314874 -0.353309  0.880924  0.707655
-0.918897  0.118926  0.376144   0.14088
 -0.23766 -0.927917 -0.287208   1.38204
        0         0         0         1

 0.314726 -0.350648  0.882039  0.708626
-0.919093  0.119542   0.37547  0.141192
-0.237099 -0.928847 -0.284655   1.38157
        0         0         0         1

 0.314896 -0.347161  0.883357  0.709414
-0.919243  0.120153  0.374908  0.141716
-0.236291 -0.930077 -0.281289   1.38079
        0         0         0         1

 0.315489 -0.345526  0.883786  0.709904
-0.918722  0.121902  0.375619  0.141852
-0.237522 -0.930458 -0.278984   1.38116
        0         0         0         1

 0.314598 -0.341816  0.885545  0.711562
-0.918847  0.124466  0.374472  0.142648
-0.238221 -0.931488  -0.27492   1.38108
        0         0         0         1

 0.314579  -0.34126  0.885766  0.711888
-0.918623  0.125606   0.37464  0.142927
-0.239107 -0.931539 -0.273976   1.38145
        0         0         0         1

 0.314964 -0.341592  0.885502  0.712062
 -0.91817  0.126592  0.375418  0.143167
-0.240337 -0.931284 -0.273767   1.38225
        0         0         0         1

 0.314122 -0.342764  0.885348  0.713255
-0.918384  0.126647  0.374875  0.143706
 -0.24062 -0.930846 -0.275006   1.38252
        0         0         0         1

 0.314108 -0.345274  0.884376  0.713869
-0.917761  0.128002   0.37594  0.144249
-0.243005 -0.929732 -0.276673   1.38401
        0         0         0         1

 0.313917 -0.346069  0.884134  0.714725
-0.917702    0.1282  0.376016    0.1449
-0.243473 -0.929409 -0.277344   1.38432
        0         0         0         1

 0.315248 -0.345932  0.883713  0.715494
 -0.91645  0.130852  0.378149  0.146703
 -0.24645  -0.92909 -0.275779   1.38687
        0         0         0         1

 0.315934 -0.344805  0.883909  0.715538
-0.916084  0.131607  0.378774  0.147711
-0.246932 -0.929402 -0.274291   1.38773
        0         0         0         1

 0.316062 -0.342621  0.884712  0.716857
-0.915651  0.133965  0.378995  0.149316
-0.248372 -0.929873  -0.27138   1.39032
        0         0         0         1

 0.318074 -0.339964  0.885016   0.71606
-0.915088  0.133977  0.380347  0.150272
-0.247877 -0.930846 -0.268482    1.3914
        0         0         0         1

 0.322841 -0.332934  0.885962  0.716331
 -0.91395  0.133545  0.383224  0.153359
-0.245904 -0.933446 -0.261171   1.39656
        0         0         0         1

 0.325401 -0.330412   0.88597  0.716006
-0.913774  0.131075  0.384495  0.154845
 -0.24317 -0.934691  -0.25927   1.39826
        0         0         0         1

 0.329252 -0.328076  0.885415  0.715383
-0.913126  0.128109  0.387026  0.156543
-0.240403 -0.935924 -0.257394   1.40206
        0         0         0         1

 0.330215 -0.326399  0.885676  0.716296
-0.913541  0.125568  0.386879  0.158431
 -0.23749 -0.936854 -0.256715   1.40491
        0         0         0         1

 0.332451 -0.325839  0.885045  0.716461
 -0.91348  0.122168  0.388109  0.160634
-0.234585 -0.937499 -0.257033   1.40963
        0         0         0         1

 0.333134  -0.32617  0.884667  0.716693
-0.913794  0.119561  0.388183   0.16238
-0.232386  -0.93772 -0.258222   1.41347
        0         0         0         1

 0.334307 -0.328975  0.883184  0.716332
-0.914542   0.11318  0.388335  0.166619
-0.227711 -0.937532 -0.263025   1.42373
        0         0         0         1

 0.334934 -0.330498  0.882378  0.715521
-0.914875   0.10999  0.388467  0.168441
 -0.22544 -0.937376 -0.265525   1.42853
        0         0         0         1

 0.334962 -0.332548  0.881596  0.714482
-0.915617  0.105932  0.387846  0.170826
-0.222367 -0.937118 -0.269004   1.43512
        0         0         0         1

 0.333843 -0.333627  0.881613  0.714464
-0.916689  0.102994  0.386101   0.17281
-0.219614 -0.937062 -0.271449   1.44057
        0         0         0         1

 0.331542 -0.335203  0.881884  0.712793
-0.919691 0.0935849  0.381327  0.178145
-0.210353 -0.937486 -0.277256   1.45293
        0         0         0         1

 0.331615 -0.334453  0.882141   0.71166
 -0.92103 0.0877093  0.379488   0.18051
-0.204293 -0.938322 -0.278955    1.4574
        0         0         0         1

 0.330107 -0.333794  0.882956  0.711115
-0.922528 0.0840366  0.376671  0.183582
-0.199931 -0.938893 -0.280193   1.46528
        0         0         0         1

 0.331497 -0.332555  0.882903  0.709496
-0.923007 0.0794713  0.376488  0.185944
-0.195368  -0.93973 -0.280606   1.47089
        0         0         0         1

 0.331872 -0.332776  0.882678  0.708458
-0.923761 0.0749297  0.375567   0.18921
-0.191119 -0.940024 -0.282538   1.47925
        0         0         0         1

 0.333819 -0.332806  0.881933  0.707288
-0.923582 0.0716935  0.376638  0.191818
-0.188576 -0.940266 -0.283441   1.48623
        0         0         0         1

 0.341761  -0.33249  0.879005  0.702974
-0.922454 0.0601245  0.381397  0.198308
 -0.17966 -0.941188 -0.286158    1.5018
        0         0         0         1

 0.343699  -0.33286  0.878109  0.702321
-0.922324 0.0561987  0.382309  0.201454
-0.176604   -0.9413  -0.28769   1.50944
        0         0         0         1

 0.346818 -0.332433  0.877044  0.700591
 -0.92249 0.0480836  0.383015  0.205794
-0.169498   -0.9419  -0.28999   1.51718
        0         0         0         1

 0.351398 -0.330278  0.876034  0.698224
-0.921765 0.0417754  0.385492  0.209057
-0.163916 -0.942959 -0.289759   1.52382
        0         0         0         1

 0.356653 -0.326747  0.875234  0.694879
-0.921344 0.0320899  0.387422  0.217824
-0.154675 -0.944567 -0.289602   1.54302
        0         0         0         1

 0.357513  -0.32511  0.875493  0.693249
-0.921971  0.026543  0.386349  0.221989
-0.148844 -0.945304 -0.290253   1.55066
        0         0         0         1

 0.360492 -0.321384  0.875647  0.689924
-0.921908 0.0200343   0.38689  0.226835
-0.141883 -0.946737 -0.289064     1.561
        0         0         0         1

 0.360749 -0.319621  0.876186  0.688219
-0.922445 0.0164069   0.38578  0.231035
-0.137679 -0.947403 -0.288914   1.56992
        0         0         0         1

  0.363286  -0.314575   0.876964   0.684217
 -0.922689 0.00895686   0.385441   0.236471
 -0.129105   -0.94919  -0.287001       1.58
         0          0          0          1

  0.364558   -0.31186   0.877406    0.68102
 -0.922921 0.00421522   0.384967   0.240826
 -0.123754  -0.950119  -0.286285    1.58844
         0          0          0          1

   0.363432   -0.304646    0.880402    0.674284
  -0.925476 -0.00969936    0.378683    0.252607
  -0.106825   -0.952416   -0.285468     1.60801
          0           0           0           1

   0.36091   -0.30181   0.882414   0.672135
 -0.927323 -0.0156175   0.373936   0.257929
-0.0990766   -0.95324  -0.285512    1.61664
         0          0          0          1

  0.360185  -0.295745   0.884761   0.668856
 -0.928809 -0.0251781   0.369701   0.264766
-0.0870606  -0.954935  -0.283759    1.62725
         0          0          0          1

  0.361201  -0.292399   0.885458   0.665622
 -0.929174 -0.0328795   0.368176   0.270211
-0.0785411  -0.955731  -0.283566    1.63644
         0          0          0          1

  0.367323  -0.288159   0.884329   0.656388
 -0.928032 -0.0502737   0.369094   0.282555
 -0.061899  -0.956262  -0.285887    1.65838
         0          0          0          1

  0.368811  -0.287274   0.883998   0.652888
 -0.927839 -0.0568723    0.36862   0.287969
  -0.05562  -0.956158   -0.28752     1.6676
         0          0          0          1

   0.37459  -0.283221   0.882875   0.644988
 -0.926157 -0.0693519   0.370707   0.294485
 -0.043763  -0.956544  -0.288286    1.67783
         0          0          0          1

  0.376188   -0.27965   0.883334   0.640051
 -0.925958 -0.0795787   0.369147   0.300495
-0.0329375  -0.956798   -0.28888    1.68583
         0          0          0          1

  0.373978  -0.278972   0.884486   0.636946
 -0.927195 -0.0906364   0.363449   0.308852
-0.0212252  -0.956013  -0.292557    1.69631
         0          0          0          1

  0.375159  -0.277019   0.884599   0.632552
 -0.926865 -0.0983919   0.362272   0.314465
-0.0133187  -0.955814  -0.293671    1.70526
         0          0          0          1

 0.380128 -0.269638  0.884759  0.617935
-0.924872 -0.121916  0.360207  0.328154
0.0107407 -0.955213 -0.295724   1.72603
        0         0         0         1

 0.380902 -0.269756   0.88439  0.613388
-0.924451 -0.129165  0.358758  0.333694
0.0174549 -0.954226 -0.298575   1.73642
        0         0         0         1

 0.384576 -0.265563  0.884069  0.604549
-0.922677 -0.139342  0.359515  0.340255
0.0277142 -0.953971 -0.298617   1.74871
        0         0         0         1

 0.386027 -0.265024  0.883598   0.59872
-0.921815 -0.147396  0.358514  0.345468
0.0352244  -0.95291 -0.301202   1.75898
        0         0         0         1

 0.389477 -0.257692  0.884253  0.581433
-0.919065 -0.171514  0.354827   0.35966
0.0602255 -0.950883 -0.303637   1.77897
        0         0         0         1

 0.388021 -0.257945  0.884818  0.576289
-0.918963 -0.181546   0.35007  0.365837
0.0703366  -0.94895 -0.307486   1.78788
        0         0         0         1

 0.388613 -0.256626  0.884942  0.567362
-0.917689 -0.193922  0.346758  0.372696
0.0826225 -0.946856 -0.310864   1.79996
        0         0         0         1

 0.388396 -0.255208  0.885448  0.560168
-0.916921 -0.202634  0.343797  0.376905
0.0916821 -0.945415 -0.312707   1.80984
        0         0         0         1

 0.388093 -0.254647  0.885742  0.550066
-0.915379 -0.218166  0.338357  0.384459
 0.107077 -0.942103 -0.317767    1.8195
        0         0         0         1

 0.387402 -0.254809  0.885998  0.542662
-0.914523 -0.227639  0.334406  0.389266
 0.116478 -0.939815 -0.321217   1.82883
        0         0         0         1

 0.385189 -0.251119  0.888014  0.522788
 -0.91228 -0.248757  0.325369  0.400207
 0.139193 -0.935446 -0.324909   1.85237
        0         0         0         1

 0.386209 -0.243764  0.889619  0.510629
 -0.90972 -0.260092  0.323669  0.404103
 0.152483 -0.934308 -0.322207   1.85919
        0         0         0         1

  0.39034 -0.236801  0.889696   0.49554
-0.906203 -0.269459  0.325864  0.407673
 0.162572 -0.933444 -0.319771   1.87177
        0         0         0         1

 0.388867 -0.238655  0.889846  0.489087
-0.905549 -0.276813  0.321489  0.412267
 0.169596 -0.930816 -0.323757   1.87992
        0         0         0         1

  0.39361 -0.244256  0.886234  0.467519
-0.900967 -0.293958  0.319136  0.423013
 0.182565 -0.924082 -0.335771   1.89716
        0         0         0         1

 0.395107 -0.246407  0.884971  0.457388
-0.899838 -0.297695  0.318856  0.425996
 0.184883 -0.922313 -0.339348   1.90474
        0         0         0         1

 0.393748 -0.250939  0.884303  0.447084
-0.900042 -0.300722   0.31542  0.430314
 0.186778 -0.920106 -0.344265   1.91558
        0         0         0         1

 0.395567  -0.25152  0.883326  0.435114
-0.898359 -0.305964  0.315179   0.43268
 0.190992 -0.918218 -0.346985   1.92179
        0         0         0         1

 0.393839 -0.257816  0.882282  0.425791
-0.898206  -0.31182  0.309828  0.437071
 0.195235 -0.914494 -0.354379   1.92895
        0         0         0         1

 0.395337 -0.261889   0.88041  0.414827
-0.898058  -0.31147  0.310611  0.437752
 0.192876 -0.913455 -0.358327      1.94
        0         0         0         1

 0.397795 -0.269372  0.877039  0.386771
-0.896343 -0.318086  0.308854  0.439798
 0.195778 -0.908989 -0.367982   1.95722
        0         0         0         1

   0.3985 -0.276145  0.874609  0.376256
-0.895368 -0.323805  0.305722  0.442123
 0.198779 -0.904928 -0.376288   1.96191
        0         0         0         1

 0.397348 -0.281307  0.873488  0.363795
-0.896527 -0.322137  0.304084  0.442198
 0.195842 -0.903932   -0.3802   1.97277
        0         0         0         1

 0.398419 -0.286388  0.871346  0.352141
-0.896104 -0.324136  0.303205  0.441891
 0.195601 -0.901619 -0.385776   1.97813
        0         0         0         1

 0.390573 -0.305238  0.868494   0.33354
 -0.89961 -0.326737  0.289732  0.444363
 0.195332 -0.894468  -0.40221   1.99036
        0         0         0         1

 0.389514 -0.309477  0.867469  0.321183
-0.900276 -0.326706   0.28769  0.442723
 0.194374 -0.893021 -0.405872   1.99753
        0         0         0         1

 0.382558  -0.32681  0.864202  0.312713
-0.903471 -0.328074  0.275875  0.443727
 0.193363  -0.88632 -0.420771   2.00522
        0         0         0         1

 0.383911 -0.331904  0.861657  0.298614
-0.903849 -0.325944  0.277159  0.439654
 0.188862 -0.885212 -0.425125   2.01196
        0         0         0         1

 0.379537 -0.342723  0.859356  0.286068
-0.906624 -0.322857  0.271654  0.436348
 0.184347 -0.882216 -0.433257   2.01967
        0         0         0         1

 0.374222  -0.34981  0.858831  0.276239
-0.908439 -0.324314  0.263741  0.437202
 0.186272 -0.878893 -0.439147   2.02076
        0         0         0         1

 0.366722 -0.373165  0.852211  0.253044
-0.914718 -0.311742  0.257115   0.42876
 0.169724 -0.873822 -0.455663    2.0387
        0         0         0         1

 0.362093 -0.377373  0.852337  0.241806
-0.916588 -0.310491  0.251918  0.427125
 0.169576 -0.872459 -0.458322   2.03931
        0         0         0         1

 0.354896 -0.381755  0.853412  0.226791
-0.919342 -0.308374  0.244369  0.423985
  0.16988 -0.871303 -0.460404   2.03934
        0         0         0         1

 0.349937 -0.382214  0.855252  0.213626
-0.920859 -0.307922   0.23917  0.421423
 0.171936 -0.871261 -0.459719   2.03865
        0         0         0         1

 0.334059 -0.390461  0.857872  0.190883
-0.927042 -0.300547    0.2242  0.414751
  0.17029 -0.870179 -0.462374   2.04292
        0         0         0         1

  0.32511 -0.393363  0.859982  0.181356
-0.930959 -0.292939   0.21795  0.410881
 0.166189 -0.871466 -0.461442   2.04595
        0         0         0         1

 0.314091 -0.402268  0.859958   0.17128
-0.936366 -0.280796  0.210648  0.404342
 0.156736 -0.871397 -0.464866   2.05301
        0         0         0         1

 0.305852 -0.406651  0.860866  0.162498
-0.939807 -0.273661  0.204628  0.401169
 0.152373 -0.871634 -0.465873   2.05545
        0         0         0         1

 0.298036 -0.406282  0.863776  0.146282
-0.942393 -0.269222  0.198532  0.395628
 0.151888 -0.873186 -0.463115   2.05222
        0         0         0         1

 0.298419 -0.404106  0.864664  0.129255
-0.942653 -0.266701   0.20069  0.386666
 0.149507 -0.874968  -0.46052   2.05206
        0         0         0         1

 0.290536 -0.407667  0.865677  0.102379
 -0.94625 -0.256789   0.19665  0.369946
 0.142129  -0.87628 -0.460361   2.05265
        0         0         0         1

 0.282478 -0.412836  0.865894 0.0952376
-0.948988 -0.252093  0.189394  0.368022
 0.140097 -0.875223 -0.462988   2.05145
        0         0         0         1

 0.273286 -0.417612  0.866553 0.0833667
-0.952307 -0.244579  0.182462  0.361218
 0.135743 -0.875089 -0.464535   2.05025
        0         0         0         1

 0.262733  -0.42281  0.867296 0.0782416
-0.955192 -0.240959  0.171891  0.360339
 0.136305 -0.873596 -0.467173   2.04697
        0         0         0         1

  0.24407 -0.426821  0.870778 0.0553174
-0.960476 -0.230332  0.156312  0.349013
 0.133851 -0.874512 -0.466168    2.0395
        0         0         0         1

 0.239707 -0.427835  0.871492 0.0452117
-0.962265  -0.22378  0.154817  0.339658
 0.128786 -0.875717 -0.465332   2.03859
        0         0         0         1

 0.233885 -0.429075  0.872464 0.0324099
-0.964255  -0.21731   0.15162  0.330476
 0.124539 -0.876739 -0.464563   2.03559
        0         0         0         1

 0.230989 -0.426401  0.874544 0.0189062
-0.965668 -0.210289  0.152526  0.322001
  0.11887  -0.87975 -0.460336   2.03354
        0         0         0         1

  0.228841  -0.423008   0.876753 0.00312859
 -0.966332  -0.207531   0.152094   0.311948
  0.117617   -0.88204  -0.456258    2.02599
         0          0          0          1

    0.217663    -0.424492      0.87888 -0.000343159
   -0.969142    -0.200743     0.143059     0.309453
    0.115702    -0.882898    -0.455088      2.02319
           0            0            0            1

  0.197502  -0.430613   0.880662 -0.0127829
 -0.974248  -0.185912   0.127586   0.298884
  0.108786  -0.883181  -0.456242    2.01468
         0          0          0          1

  0.196396  -0.431998   0.880231 -0.0241167
 -0.974918    -0.1819    0.12825   0.289954
   0.10471   -0.88334  -0.456887    2.01097
         0          0          0          1

   0.19011   -0.43544   0.879915 -0.0351472
 -0.976942  -0.172612   0.125653   0.278607
 0.0971697  -0.883514  -0.458215     2.0098
         0          0          0          1

   0.18883  -0.434246    0.88078 -0.0455823
 -0.977645  -0.167598   0.126968   0.270282
 0.0924814  -0.885066  -0.456186    2.00463
         0          0          0          1

  0.184362  -0.435001   0.881354 -0.0575279
 -0.978724  -0.163412   0.124077   0.262444
 0.0900504  -0.885477  -0.455873    1.99646
         0          0          0          1

  0.175282  -0.438939   0.881254 -0.0606336
 -0.980491  -0.158708    0.11597   0.260144
 0.0889582  -0.884389  -0.458195    1.99074
         0          0          0          1

  0.174382  -0.437307   0.882243 -0.0862617
 -0.981608  -0.147901   0.120712   0.234938
 0.0776967  -0.887067  -0.455056    1.98218
         0          0          0          1

  0.171311  -0.435623   0.883677 -0.0963135
 -0.981992   -0.14801   0.117406   0.228704
 0.0796483  -0.887877  -0.453134    1.97168
         0          0          0          1

 0.165385  -0.43549  0.884871  -0.10356
-0.983386 -0.140894  0.114457  0.220787
0.0748285 -0.889099 -0.451557   1.96441
        0         0         0         1

  0.16002 -0.434987  0.886104 -0.109601
-0.984432 -0.136443  0.110797  0.215802
0.0727075 -0.890039 -0.450049    1.9595
        0         0         0         1

 0.144457 -0.428501  0.891919  -0.12377
-0.987245 -0.123382  0.100621  0.203568
 0.066931 -0.895077 -0.440859   1.94128
        0         0         0         1

 0.146858 -0.423725  0.893806 -0.135107
-0.987103 -0.120984  0.104833  0.191589
0.0637155 -0.897675 -0.436028   1.93375
        0         0         0         1

 0.146757  -0.42402  0.893683 -0.145314
-0.987405 -0.116789  0.106736  0.179526
 0.059114 -0.898091 -0.435819   1.92911
        0         0         0         1

 0.149198 -0.418753   0.89576 -0.157735
-0.987197 -0.114754  0.110782  0.167804
0.0564014  -0.90082 -0.430513   1.91881
        0         0         0         1

 0.148352 -0.416917  0.896756 -0.164508
-0.987538 -0.110634  0.111935  0.159553
0.0525437 -0.902187 -0.428134   1.91082
        0         0         0         1

  0.15271 -0.415682  0.896598 -0.175829
-0.986943 -0.111157  0.116563  0.149246
0.0512096 -0.902692  -0.42723   1.90227
        0         0         0         1

 0.154714 -0.423529  0.892573 -0.188656
-0.987011 -0.105844   0.12086  0.132362
0.0432858 -0.899678 -0.434403   1.88667
        0         0         0         1

 0.151306 -0.425937  0.892011 -0.190127
-0.987566 -0.104085  0.117813  0.133259
0.0426641 -0.898746 -0.436389   1.87341
        0         0         0         1

  0.153118  -0.431522   0.889013  -0.198051
  -0.98762 -0.0978434   0.122608   0.123209
 0.0340759  -0.896781  -0.441161    1.86829
         0          0          0          1

  0.157217  -0.436096   0.886061  -0.206727
 -0.987211 -0.0933884   0.129201   0.112173
 0.0264038  -0.895041  -0.445201    1.85995
         0          0          0          1

  0.167533  -0.447006   0.878702  -0.223573
 -0.985833 -0.0833358   0.145565  0.0908241
0.00815897  -0.890641  -0.454635    1.84033
         0          0          0          1

  0.175344  -0.448498   0.876415  -0.231283
 -0.984504 -0.0777795   0.157167    0.07961
-0.00232173  -0.890393  -0.455186    1.83326
         0          0          0          1

  0.183816  -0.447844   0.875013  -0.241857
 -0.982913 -0.0749502   0.168122  0.0666458
-0.00971025  -0.890965  -0.453969    1.81958
         0          0          0          1

  0.186208  -0.442869   0.877037   -0.24908
 -0.982413 -0.0713721   0.172541  0.0590686
 -0.013817  -0.893741  -0.448371    1.80788
         0          0          0          1

  0.189097  -0.443579   0.876059  -0.254123
 -0.981834 -0.0711868   0.175884  0.0511674
-0.0156547  -0.893404  -0.448982    1.79746
         0          0          0          1

  0.191433  -0.437681   0.878515  -0.261351
 -0.981327 -0.0682931   0.179813  0.0423597
-0.0187039  -0.896533  -0.442582    1.78429
         0          0          0          1

  0.189057  -0.437163   0.879288   -0.26818
 -0.981609 -0.0599829   0.181235  0.0345097
-0.0264867   -0.89738  -0.440463    1.75884
         0          0          0          1

  0.191084  -0.437697   0.878583  -0.272605
 -0.981105 -0.0575011   0.184736  0.0268361
-0.0303388  -0.897282  -0.440414    1.74945
         0          0          0          1

  0.195482  -0.441922   0.875495  -0.277946
 -0.979912 -0.0520732   0.192512  0.0169005
-0.0394855  -0.895541  -0.443224    1.74287
         0          0          0          1

  0.199539  -0.442215   0.874431  -0.283407
 -0.978747 -0.0468622   0.199644 0.00859292
-0.0473078  -0.895684  -0.442168    1.73138
         0          0          0          1

   0.212623   -0.443634    0.870621   -0.296074
     -0.975  -0.0374585    0.219027 -0.00772613
 -0.0645554   -0.895425   -0.440507     1.70269
          0           0           0           1

  0.218309  -0.447369   0.867296  -0.299731
 -0.972968 -0.0311802   0.228824  -0.014622
-0.0753263  -0.893806  -0.442082    1.69687
         0          0          0          1

  0.219437  -0.440998   0.870269  -0.305049
  -0.97245 -0.0269434   0.231549 -0.0206063
-0.0786647  -0.897103  -0.434761    1.67981
         0          0          0          1

  0.221149  -0.437699     0.8715  -0.308929
 -0.971661 -0.0224003   0.235316 -0.0280415
-0.0834755  -0.898843  -0.430249    1.66996
         0          0          0          1

  0.215811  -0.430931   0.876199  -0.309577
 -0.972457 -0.0139334   0.232667 -0.0286679
 -0.088055  -0.902277  -0.422069    1.65558
         0          0          0          1

   0.211685   -0.426853    0.879196   -0.310793
  -0.973098 -0.00835238    0.230239  -0.0305134
 -0.0909347   -0.904282   -0.417138     1.64587
          0           0           0           1

