-0.886672 -0.451736 0.0987278  0.242572
-0.442268  0.890828  0.104044  0.859963
 -0.13495 0.0485889  -0.98966   2.39873
        0         0         0         1

-0.875126 -0.469123  0.118652  0.223873
-0.457531  0.882017  0.112747  0.830429
-0.157545 0.0443812 -0.986514   2.38538
        0         0         0         1

-0.872511 -0.470729  0.130919  0.226181
-0.459526  0.881638  0.107476  0.816769
-0.166015 0.0336131  -0.98555   2.36613
        0         0         0         1

-0.846408 -0.506685  0.163902  0.195735
-0.489992  0.861529   0.13295  0.755361
 -0.20857 0.0322197 -0.977477   2.33749
        0         0         0         1

-0.835303 -0.518083  0.184006  0.179549
-0.500669  0.855086  0.134752  0.734446
-0.227154 0.0204326 -0.973645   2.31464
        0         0         0         1

 -0.815962  -0.540855   0.204159   0.154469
 -0.522301   0.841076   0.140687   0.704797
 -0.247805 0.00816277  -0.968776    2.29191
         0          0          0          1

  -0.811539   -0.543225    0.215197    0.152962
  -0.524836    0.839586    0.140148    0.688633
  -0.256808 0.000792172   -0.966462     2.27611
          0           0           0           1

 -0.809484  -0.541966   0.225848   0.158377
 -0.523257   0.840391   0.141224   0.677024
  -0.26634 -0.0038579  -0.963872    2.26198
         0          0          0          1

 -0.798198  -0.549912   0.245921   0.145542
  -0.53194   0.835017   0.140665   0.658341
 -0.282701 -0.0185372  -0.959029    2.23846
         0          0          0          1

-0.778279 -0.563569  0.276896  0.132138
-0.542893  0.825514  0.154253  0.614393
-0.315513 -0.030273 -0.948438   2.20764
        0         0         0         1

 -0.759628  -0.580509   0.293216   0.113745
 -0.555116   0.813642   0.172721   0.584573
 -0.338839 -0.0315655  -0.940315    2.19344
         0          0          0          1

 -0.748246  -0.586435   0.310196   0.104185
 -0.561804   0.808791   0.173878   0.567439
 -0.352852 -0.0441658  -0.934636    2.17095
         0          0          0          1

 -0.730402  -0.601246   0.324062  0.0893914
 -0.571111   0.797848   0.193059   0.538146
 -0.374628 -0.0440647  -0.926128    2.16177
         0          0          0          1

-0.720582 -0.602167  0.343739 0.0858884
-0.574543  0.796077  0.190162   0.52486
-0.388152 -0.060466  -0.91961   2.13512
        0         0         0         1

 -0.706774  -0.610313   0.357756   0.075257
 -0.582247   0.789072   0.195842   0.506974
  -0.40182 -0.0698859  -0.913048    2.11814
         0          0          0          1

 -0.694522  -0.603876   0.391118  0.0701925
 -0.582785   0.790968   0.186362   0.484539
 -0.421902 -0.0985053  -0.901274    2.07358
         0          0          0          1

-0.692371 -0.599899  0.400928 0.0722272
-0.579369   0.79341  0.186635  0.474316
-0.430063 -0.103064 -0.896897   2.06211
        0         0         0         1

-0.685938 -0.595869  0.417647  0.069689
-0.576702  0.795184  0.187344  0.462282
-0.443738 -0.112351 -0.889086   2.04461
        0         0         0         1

-0.669759 -0.603336  0.432908  0.060136
-0.583047  0.788295   0.19659  0.442479
-0.459869 -0.120738  -0.87974   2.02873
        0         0         0         1

 -0.64139 -0.613286  0.460976 0.0431501
-0.590741  0.778152  0.213318  0.406807
-0.489534 -0.135497 -0.861392   1.99402
        0         0         0         1

-0.640253 -0.606413  0.471529 0.0477695
-0.586231  0.782397  0.210209  0.400308
-0.496396 -0.141838  -0.85643   1.98052
        0         0         0         1

-0.627364 -0.608327  0.486161 0.0416258
-0.585968  0.779957  0.219792  0.384731
 -0.51289 -0.146985 -0.845777   1.96724
        0         0         0         1

-0.621152  -0.60822  0.494204 0.0395925
-0.588149  0.778553  0.218942  0.374964
-0.517929 -0.154669 -0.841324   1.95133
        0         0         0         1

-0.607031 -0.607274  0.512573 0.0328859
 -0.58935  0.776705   0.22225  0.364338
-0.533085 -0.167172 -0.829381     1.927
        0         0         0         1

-0.606706 -0.600133  0.521295 0.0366932
-0.586814  0.780498  0.215575  0.359044
-0.536243 -0.175112 -0.825699   1.91231
        0         0         0         1

-0.591766  -0.59831   0.54022 0.0334206
-0.583257   0.78039  0.225396  0.338627
-0.556439 -0.181706 -0.810777   1.88441
        0         0         0         1

-0.592537 -0.593672  0.544476 0.0366939
-0.579637  0.783598  0.223598  0.333737
-0.559394 -0.183108 -0.808424   1.87596
        0         0         0         1

-0.578387 -0.593754  0.559396 0.0331429
-0.581358  0.781066  0.227945  0.322458
-0.572269 -0.193369 -0.796942   1.85604
        0         0         0         1

-0.567898 -0.596214  0.567469 0.0276621
-0.579619  0.779177  0.238589  0.309718
-0.584409 -0.193422  -0.78807   1.84738
        0         0         0         1

-0.558845 -0.583569  0.589185 0.0306791
-0.576216  0.784211  0.230192   0.30254
-0.596378 -0.210856 -0.774515   1.81172
        0         0         0         1

-0.551101  -0.58014  0.599771 0.0311038
-0.572465  0.785807  0.234076  0.296607
-0.607101 -0.214349 -0.765169   1.79952
        0         0         0         1

-0.551509  -0.56823  0.610698 0.0369522
-0.568206  0.791898  0.223694  0.299481
-0.610721 -0.223633 -0.759611   1.78198
        0         0         0         1

-0.546143 -0.566421  0.617167 0.0372605
-0.565836  0.792708   0.22681  0.293466
-0.617703 -0.225345 -0.753434   1.77079
        0         0         0         1

-0.540075 -0.566486  0.622425 0.0364349
-0.561815  0.793319  0.234538  0.285617
-0.626644 -0.223019 -0.746712   1.76309
        0         0         0         1

-0.533136 -0.561166  0.633134  0.038386
-0.559105  0.795348  0.234141  0.283891
-0.634954 -0.229159  -0.73778     1.745
        0         0         0         1

-0.523922 -0.555261  0.645903 0.0399324
-0.551475  0.799046  0.239586  0.277535
-0.649139 -0.230675  -0.72485    1.7212
        0         0         0         1

-0.522641 -0.549957  0.651455 0.0431136
-0.546952  0.802438  0.238615  0.277868
 -0.65398 -0.231604 -0.720187   1.71107
        0         0         0         1

-0.516105 -0.550077  0.656545 0.0435425
-0.542659  0.803048  0.246243  0.273475
 -0.66269 -0.229193 -0.712961   1.70089
        0         0         0         1

-0.514297 -0.541392  0.665127 0.0476198
-0.539139  0.807241  0.240189  0.276529
-0.666954 -0.235068 -0.707047   1.68637
        0         0         0         1

-0.503808 -0.541917  0.672684 0.0479847
-0.534441  0.807346  0.250131  0.270742
-0.678639 -0.233491  -0.69637   1.66836
        0         0         0         1

-0.501229 -0.538073  0.677678 0.0507741
  -0.5299      0.81  0.251208  0.271465
-0.684087 -0.233189  -0.69112   1.65859
        0         0         0         1

 -0.50248 -0.532694  0.680992 0.0561187
-0.524568  0.813947  0.249635  0.274393
-0.687271  -0.23179 -0.688427   1.65078
        0         0         0         1

-0.498182 -0.533069  0.683851 0.0565904
-0.524094  0.813437  0.252282  0.273696
-0.690753 -0.232719 -0.684618   1.64075
        0         0         0         1

-0.492355 -0.534672  0.686814 0.0575532
-0.524551   0.81196  0.256062  0.272255
-0.694574 -0.234195 -0.680235   1.62967
        0         0         0         1

-0.490812 -0.537054  0.686059  0.060393
-0.522689  0.811489  0.261307  0.272413
-0.697065 -0.230343 -0.679001   1.62624
        0         0         0         1

-0.482466 -0.546519  0.684503 0.0629819
-0.524068  0.806275  0.274359  0.268823
 -0.70184 -0.226357 -0.675413   1.61323
        0         0         0         1

-0.479858 -0.548958  0.684384 0.0669933
-0.524268  0.804888  0.278024  0.269833
-0.703476 -0.225389 -0.674034    1.6074
        0         0         0         1

-0.475974 -0.554806  0.682378 0.0717489
-0.527287   0.80101  0.283465  0.269189
-0.703859 -0.224887 -0.673801   1.60238
        0         0         0         1

-0.470759 -0.567728   0.67533 0.0719435
-0.530642  0.793724  0.297358  0.263529
-0.704844 -0.218375 -0.674913   1.60413
        0         0         0         1

-0.460292 -0.594112  0.659668 0.0794539
-0.545112  0.775633  0.318193  0.256377
-0.700703 -0.213132 -0.680875   1.59861
        0         0         0         1

-0.456277 -0.606643  0.650996 0.0843647
-0.551528  0.766918  0.328107  0.252807
-0.698304 -0.209335 -0.684507   1.59793
        0         0         0         1

-0.449051 -0.617208   0.64607 0.0907127
-0.558739  0.758229  0.336005  0.248531
-0.697254 -0.210102 -0.685342   1.59611
        0         0         0         1

-0.448519 -0.625331  0.638586 0.0991695
-0.560795  0.753236   0.34372  0.246709
-0.695945 -0.203951 -0.688523   1.59966
        0         0         0         1

-0.439988 -0.641459  0.628443  0.106423
-0.570204  0.740204  0.356322  0.240603
-0.693742 -0.201563 -0.691444   1.60011
        0         0         0         1

-0.434103 -0.657224  0.616126  0.113601
-0.577758  0.727861  0.369342   0.23301
-0.691195 -0.195639 -0.695683   1.60321
        0         0         0         1

-0.423828 -0.686458  0.590886  0.141023
 -0.59473  0.702954  0.390067  0.221127
 -0.68313 -0.186096 -0.706188   1.60809
        0         0         0         1

-0.414508 -0.705266  0.575138  0.153803
-0.604212  0.685873  0.405593  0.212746
-0.680523 -0.179384  -0.71043   1.61121
        0         0         0         1

-0.407305 -0.721278  0.560232  0.169118
-0.615829  0.669889  0.414733  0.204854
-0.674432 -0.176085 -0.717033   1.61264
        0         0         0         1

-0.395441 -0.740084  0.543969  0.182708
 -0.62429  0.650979  0.431843  0.194649
-0.673713 -0.168826  -0.71945   1.61654
        0         0         0         1

-0.374915 -0.768935  0.517858  0.221042
 -0.64156  0.618435  0.453804  0.179937
-0.669208 -0.162099 -0.725179    1.6229
        0         0         0         1

-0.357533 -0.786339  0.503827  0.238324
-0.650763  0.596715  0.469508  0.169284
-0.669834 -0.160008 -0.725066   1.62644
        0         0         0         1

-0.344668  -0.79808   0.49424  0.262723
-0.661296  0.580107  0.475566  0.162046
-0.666252 -0.162926 -0.727711   1.62693
        0         0         0         1

 -0.33341 -0.808448  0.485026  0.285914
-0.670862  0.564908  0.480441  0.155538
-0.662406 -0.165202 -0.730703   1.62893
        0         0         0         1

-0.315576 -0.823739  0.471026  0.308709
-0.679158  0.542743   0.49414  0.144444
-0.662688 -0.163962 -0.730726   1.63524
        0         0         0         1

-0.300851 -0.834721  0.461226  0.332448
-0.690471  0.524255  0.498405  0.135936
-0.657829 -0.168517 -0.734073   1.63531
        0         0         0         1

-0.271648 -0.857048  0.437808  0.385347
-0.706112  0.486593  0.514425  0.117106
-0.653921 -0.169399 -0.737354   1.64425
        0         0         0         1

-0.253983 -0.866226  0.430286  0.410656
 -0.71425   0.46795  0.520452  0.107898
-0.652181 -0.175146 -0.737553   1.64643
        0         0         0         1

-0.237143 -0.874583  0.422927  0.439021
-0.722901  0.449692  0.524587  0.098801
-0.648981 -0.181333 -0.738878   1.64868
        0         0         0         1

-0.220055 -0.881027  0.418769  0.465375
-0.731961  0.432907  0.526141 0.0902731
-0.644832 -0.190743 -0.740141   1.64948
        0         0         0         1

-0.187624 -0.892373  0.410449  0.523592
-0.747774  0.400718  0.529394  0.072198
-0.636891 -0.207596 -0.742478   1.65491
        0         0         0         1

-0.172843 -0.896857  0.407151  0.551118
-0.754024  0.386441  0.531141 0.0639113
-0.633697 -0.215198 -0.743046   1.65733
        0         0         0         1

 -0.15372 -0.901016  0.405635   0.58054
-0.761193  0.369733  0.532806 0.0546609
-0.630044 -0.226864 -0.742683   1.65887
        0         0         0         1

-0.139313 -0.904347   0.40342  0.608196
-0.766708  0.356334  0.534027 0.0469179
-0.626698 -0.234909 -0.743012   1.66094
        0         0         0         1

-0.120247 -0.906752  0.404155  0.638051
-0.772227  0.341271   0.53591 0.0377525
-0.623864 -0.247657 -0.741255   1.66171
        0         0         0         1

-0.104426 -0.909689  0.401947  0.664953
-0.776622  0.327052  0.538419 0.0295419
-0.621251 -0.255936 -0.740637   1.66311
        0         0         0         1

-0.0771085 -0.914039  0.398229  0.725535
-0.786324   0.30132  0.539352 0.0141788
-0.612983 -0.271549 -0.741966   1.66442
        0         0         0         1

-0.0653901  -0.915729   0.396441    0.75416
 -0.789528   0.290435   0.540641 0.00648947
 -0.610221  -0.277648  -0.741985    1.66577
         0          0          0          1

 -0.0496558   -0.917965     0.39354    0.784216
  -0.792515    0.276009    0.543818 -0.00185617
  -0.607827   -0.284883   -0.741207     1.66716
          0           0           0           1

 -0.0385945   -0.919931    0.390176    0.811568
  -0.796051    0.264322    0.544459 -0.00897128
  -0.603997   -0.289587   -0.742514     1.66709
          0           0           0           1

-0.0162796   -0.92263   0.385342   0.870559
 -0.803979   0.241201   0.543544 -0.0239744
 -0.594435  -0.300958  -0.745701    1.66666
         0          0          0          1

-0.00540395 -0.923443  0.383697   0.89733
-0.805088  0.231607  0.546069 -0.031409
-0.593131 -0.305959 -0.744705   1.66683
        0         0         0         1

0.00137001  -0.923777   0.382929   0.927255
 -0.808612    0.22427   0.543921 -0.0386897
 -0.588341  -0.310386   -0.74667    1.66527
         0          0          0          1

 0.0106607  -0.924047   0.382131   0.953022
 -0.812073   0.214982   0.542512 -0.0453644
 -0.583458  -0.316102  -0.748102    1.66357
         0          0          0          1

 0.0185298   -0.92384    0.38233   0.981255
 -0.813672   0.208287   0.542728 -0.0526942
 -0.581029  -0.321148  -0.747843    1.66208
         0          0          0          1

 0.0185298   -0.92384    0.38233   0.981255
 -0.813672   0.208287   0.542728 -0.0526942
 -0.581029  -0.321148  -0.747843    1.66208
         0          0          0          1

 0.0375684   -0.92171   0.386056    1.05876
  -0.81636   0.194498   0.543808 -0.0729978
 -0.576321  -0.335591   -0.74514    1.65571
         0          0          0          1

 0.0407698  -0.920922   0.387609    1.08314
 -0.817359   0.192384   0.543058 -0.0789853
 -0.574684  -0.338956  -0.744881    1.65215
         0          0          0          1

 0.0445744  -0.920076   0.389195    1.10891
 -0.818429   0.189772   0.542366 -0.0855085
 -0.572876  -0.342704  -0.744558    1.64869
         0          0          0          1

0.0501831 -0.918712  0.391726   1.13125
-0.818578  0.186877  0.543146 -0.091082
-0.572199 -0.347915 -0.742659   1.64514
        0         0         0         1

0.0543356 -0.917029  0.395101   1.17824
-0.820287  0.184629  0.541332 -0.103335
-0.569365  -0.35351 -0.742195   1.63671
        0         0         0         1

0.0555119 -0.916089  0.397114   1.19952
-0.820734  0.184633  0.540654 -0.109118
-0.568608 -0.355937 -0.741616   1.63305
        0         0         0         1

0.0566393 -0.915383  0.398581   1.22183
 -0.82176  0.183985  0.539315 -0.114966
-0.567012 -0.358084 -0.741804   1.62873
        0         0         0         1

0.0562583   -0.9151  0.399283    1.2416
-0.822259  0.184376  0.538419 -0.120497
-0.566325 -0.358604 -0.742077   1.62472
        0         0         0         1

0.0577159 -0.914943  0.399436   1.26213
-0.823506  0.182549  0.537136 -0.126157
-0.564365 -0.359939 -0.742924   1.62045
        0         0         0         1

0.0574919 -0.914673  0.400084   1.28027
-0.824118  0.182712   0.53614 -0.131581
-0.563493  -0.36054 -0.743294   1.61706
        0         0         0         1

0.0557368 -0.914368   0.40103   1.31698
-0.826556  0.183056  0.532255  -0.14265
-0.560088  -0.36114 -0.745573   1.60848
        0         0         0         1

0.0550887 -0.913829  0.402345   1.33299
-0.826877  0.184116   0.53139 -0.147806
-0.559678 -0.361963 -0.745482   1.60531
        0         0         0         1

0.0545725 -0.913431  0.403319   1.34956
-0.827404   0.18474  0.530352 -0.152997
-0.558949  -0.36265 -0.745695   1.60139
        0         0         0         1

0.0525764 -0.913119  0.404289    1.3648
 -0.82786  0.186553  0.529005 -0.157933
-0.558465 -0.362508 -0.746127   1.59791
        0         0         0         1

 0.047885 -0.913128  0.404851   1.39427
-0.829544  0.189415  0.525337 -0.167337
-0.556385 -0.360997  -0.74841   1.58952
        0         0         0         1

0.0441203 -0.913562  0.404298   1.40723
 -0.83074  0.191237  0.522781 -0.171781
 -0.55491 -0.358932 -0.750495   1.58588
        0         0         0         1

0.0412573 -0.913928  0.403774   1.42023
-0.831591  0.192604  0.520923 -0.176358
-0.553854 -0.357267 -0.752068   1.58233
        0         0         0         1

0.0362334 -0.914491  0.402981   1.43176
-0.832449  0.195488  0.518472 -0.180805
-0.552916 -0.354247 -0.754184   1.57882
        0         0         0         1

 0.032188 -0.915248  0.401603   1.44322
-0.833746  0.197009  0.515805 -0.184809
-0.551209 -0.351437 -0.756743   1.57472
        0         0         0         1

0.0276646 -0.916201  0.399764   1.45312
-0.834602  0.198932  0.513679  -0.18828
-0.550159 -0.347854 -0.759159   1.57089
        0         0         0         1

0.0161228 -0.918377  0.395378   1.47276
-0.835885  0.204608  0.509345 -0.195761
-0.548668 -0.338703 -0.764358   1.56271
        0         0         0         1

0.0124535 -0.918915  0.394258   1.48066
 -0.83565  0.206965  0.508777 -0.198547
-0.549121 -0.335798 -0.765314   1.55934
        0         0         0         1

0.0053897 -0.920181  0.391456   1.48843
-0.835892  0.210718  0.506836 -0.201609
-0.548868 -0.329946 -0.768036   1.55469
        0         0         0         1

-0.00256445 -0.920987  0.389585   1.49546
-0.834767  0.216478  0.506262 -0.204618
-0.550598 -0.323915 -0.769364   1.55076
        0         0         0         1

-0.016249 -0.922684  0.385215    1.5068
-0.832967  0.225604  0.505242 -0.208683
-0.553085 -0.312661 -0.772231   1.54154
        0         0         0         1

-0.0250034 -0.923746  0.382188   1.51151
-0.832354  0.230979  0.503822 -0.210359
-0.553681 -0.305518 -0.774659   1.53643
        0         0         0         1

-0.0323503 -0.924337  0.380204   1.51583
-0.830923  0.236276  0.503726 -0.211829
-0.555445 -0.299624 -0.775697   1.53113
        0         0         0         1

-0.0399405 -0.925125  0.377556    1.5192
-0.829712  0.241251  0.503365 -0.212865
-0.556762 -0.293158 -0.777223   1.52603
        0         0         0         1

-0.0505031 -0.925335  0.375772   1.52224
 -0.82706   0.24966  0.503629 -0.214197
-0.559841 -0.285351 -0.777916    1.5206
        0         0         0         1

-0.0580052  -0.92545  0.374403    1.5243
-0.824954   0.25564  0.504082 -0.214565
-0.562215 -0.279626 -0.778282   1.51558
        0         0         0         1

-0.0763378 -0.925128  0.371902   1.52731
-0.819489  0.270687  0.505139 -0.215175
-0.567988 -0.266209 -0.778796   1.50463
        0         0         0         1

-0.085558 -0.924895  0.370473   1.52804
-0.816955   0.27797   0.50529 -0.215107
 -0.57032 -0.259428 -0.779379   1.49896
        0         0         0         1

-0.0948065 -0.925353   0.36706    1.5281
-0.813663  0.284468  0.506982 -0.214517
-0.573555 -0.250598 -0.779895   1.49333
        0         0         0         1

-0.105138 -0.926061  0.362431   1.52774
  -0.8122  0.290261  0.506044 -0.213837
-0.573827 -0.241162 -0.782664   1.48747
        0         0         0         1

-0.123452 -0.920075  0.371781    1.5262
-0.807808  0.310776  0.500864 -0.212643
-0.576373 -0.238495  -0.78161   1.47878
        0         0         0         1

-0.129351 -0.919993  0.369975   1.52512
-0.807572  0.314248  0.499075 -0.211931
-0.575409 -0.234225 -0.783609   1.47612
        0         0         0         1

-0.136844 -0.919566  0.368338   1.52391
-0.807603  0.318887  0.496073 -0.210987
 -0.57363 -0.229586 -0.786282   1.47342
        0         0         0         1

-0.142988 -0.917884  0.370194   1.52281
-0.806727  0.324775  0.493672 -0.210113
-0.573363 -0.228056 -0.786921   1.47084
        0         0         0         1

-0.149073 -0.916446  0.371355   1.52156
-0.805114  0.330525  0.492488 -0.209139
-0.574081 -0.225566 -0.787116   1.46819
        0         0         0         1

-0.153041 -0.915914  0.371052   1.52038
 -0.80299  0.334111  0.493535 -0.207986
-0.576008  -0.22242 -0.786603   1.46632
        0         0         0         1

-0.162309 -0.917078  0.364176   1.51771
 -0.80141  0.337836  0.493568  -0.20598
-0.575672 -0.211744 -0.789789   1.46317
        0         0         0         1

-0.165093 -0.918455  0.359423   1.51668
-0.800549  0.337646  0.495093 -0.205117
-0.576078 -0.205999 -0.791011   1.46267
        0         0         0         1

-0.168526 -0.919844  0.354239   1.51568
-0.800268  0.337496  0.495649  -0.20456
-0.575474 -0.199957 -0.792999   1.46259
        0         0         0         1

-0.172576 -0.921186  0.348761   1.51443
-0.800993  0.337314    0.4946 -0.203979
 -0.57326 -0.193999 -0.796076   1.46231
        0         0         0         1

-0.177411 -0.922234  0.343526   1.51099
-0.800259  0.338358  0.495074 -0.202472
-0.572809 -0.187078 -0.798055   1.46404
        0         0         0         1

-0.182572 -0.922319  0.340579   1.50914
-0.799172   0.34099  0.495025  -0.20184
-0.572705 -0.181804 -0.799347    1.4644
        0         0         0         1

 -0.18511 -0.923195  0.336816   1.50734
-0.797941  0.341256  0.496824 -0.200997
-0.573606 -0.176792 -0.799825   1.46503
        0         0         0         1

 -0.18934 -0.923903  0.332495   1.50529
-0.797394  0.342275  0.497002 -0.200157
-0.572986 -0.171027 -0.801521   1.46532
        0         0         0         1

-0.194134 -0.924438  0.328217   1.50328
-0.795762   0.34406  0.498383  -0.19928
 -0.57365 -0.164429 -0.802427   1.46575
        0         0         0         1

-0.197657 -0.926136  0.321253   1.50109
-0.794996  0.343178  0.500209 -0.198094
-0.573509 -0.156525 -0.804107   1.46591
        0         0         0         1

-0.208531 -0.929494  0.304229   1.49631
-0.792811  0.342802  0.503922 -0.195269
-0.572683 -0.136113 -0.808398   1.46644
        0         0         0         1

-0.214209 -0.930521   0.29706    1.4943
-0.791194  0.343636  0.505891 -0.193898
-0.572823 -0.126666 -0.809833   1.46704
        0         0         0         1

-0.220452 -0.931688   0.28872   1.49185
 -0.79025  0.344113  0.507042 -0.192237
-0.571757 -0.116382 -0.812126   1.46731
        0         0         0         1

-0.225997  -0.93237  0.282155      1.49
-0.789489  0.344985  0.507634 -0.190539
-0.570642 -0.108035 -0.814062   1.46732
        0         0         0         1

 -0.234052  -0.932814   0.274003    1.48592
 -0.787512    0.34717   0.509214  -0.185811
 -0.570127 -0.0965981  -0.815858    1.46736
         0          0          0          1

 -0.237489  -0.932237   0.273008    1.48404
 -0.786408   0.349496   0.509327  -0.183587
 -0.570229 -0.0937364   -0.81612    1.46773
         0          0          0          1

 -0.241321  -0.931162   0.273317    1.48191
 -0.785517   0.352808   0.508419  -0.180938
 -0.569849 -0.0920029  -0.816583     1.4682
         0          0          0          1

  -0.24326  -0.930041   0.275406    1.48013
 -0.784765   0.355587   0.507644  -0.178566
  -0.57006 -0.0926395  -0.816363    1.46941
         0          0          0          1

  -0.24342  -0.929134    0.27831    1.47767
 -0.785066   0.357245   0.506011  -0.175271
 -0.569577 -0.0953184  -0.816392    1.47055
         0          0          0          1

 -0.245124  -0.927133   0.283442    1.47604
 -0.784638   0.361438   0.503692  -0.172757
 -0.569436 -0.0989323   -0.81606     1.4719
         0          0          0          1

-0.245094 -0.923674  0.294543   1.47178
-0.786064  0.367157  0.497291 -0.166094
-0.567478 -0.109647 -0.816055   1.47513
        0         0         0         1

-0.245369  -0.92174  0.300315   1.47008
-0.786169  0.370451  0.494676 -0.163169
-0.567214  -0.11472 -0.815541   1.47778
        0         0         0         1

-0.245027  -0.91984  0.306361   1.46765
-0.787137  0.373222   0.49104 -0.159599
-0.566018  -0.12083  -0.81549   1.48051
        0         0         0         1

-0.245323 -0.917585  0.312816   1.46536
-0.787986    0.3767  0.487006 -0.156258
-0.564707 -0.127021 -0.815458   1.48357
        0         0         0         1

-0.243131 -0.915481  0.320595   1.46213
-0.789863    0.3787  0.482392 -0.152017
 -0.56303 -0.135941 -0.815179   1.48767
        0         0         0         1

-0.240908  -0.91378  0.327061   1.45879
-0.792378  0.379773  0.477399 -0.147749
-0.560446 -0.144146  -0.81555    1.4917
        0         0         0         1

-0.235541 -0.910236  0.340573   1.45155
-0.797267  0.381373  0.467888 -0.138901
-0.555775 -0.161321 -0.815531   1.50248
        0         0         0         1

-0.233063 -0.909226  0.344949   1.44767
-0.799958  0.380947  0.463624  -0.13403
-0.552946 -0.167891 -0.816127   1.50787
        0         0         0         1

-0.228216 -0.908306  0.350569   1.44257
-0.802452  0.379386  0.460583 -0.128347
-0.551351 -0.176202 -0.815454   1.51514
        0         0         0         1

-0.224663 -0.907249  0.355564   1.43767
-0.804512   0.37858  0.457645 -0.123067
-0.549807 -0.183239 -0.814945   1.52189
        0         0         0         1

 -0.21687 -0.905313  0.365206   1.42551
 -0.81091  0.375353  0.448926 -0.110573
  -0.5435 -0.198791  -0.81553   1.53735
        0         0         0         1

-0.214078  -0.90412   0.36978   1.41915
-0.813528  0.374561  0.444832 -0.104489
-0.540687 -0.205597 -0.815713   1.54539
        0         0         0         1

 -0.210384  -0.902919   0.374802    1.41143
 -0.816598    0.37309   0.440422 -0.0969019
   -0.5375  -0.213404  -0.815814    1.55428
         0          0          0          1

 -0.20409 -0.902244  0.379873   1.40282
-0.819502  0.369726  0.437859 -0.089693
-0.535504 -0.221945 -0.814847   1.56363
        0         0         0         1

 -0.200297  -0.901071   0.384645    1.39316
 -0.821592   0.368357   0.435085 -0.0816413
  -0.53373  -0.228875  -0.814094    1.57476
         0          0          0          1

 -0.195997  -0.899931   0.389499    1.38358
 -0.823987   0.366486   0.432127 -0.0741941
  -0.53163  -0.236246  -0.813362    1.58539
         0          0          0          1

 -0.190612  -0.896431   0.400098    1.36083
 -0.829702   0.364944   0.422386 -0.0568532
 -0.524653  -0.251451  -0.813334    1.60889
         0          0          0          1

 -0.188294  -0.895033   0.404303    1.34912
 -0.833101   0.363564    0.41685 -0.0480228
 -0.520085  -0.258334   -0.81411    1.62038
         0          0          0          1

 -0.185622  -0.892914   0.410182    1.33546
 -0.835281   0.363245   0.412746 -0.0385734
 -0.517543  -0.266002   -0.81326    1.63437
         0          0          0          1

 -0.185293  -0.890896   0.414694    1.32242
 -0.836679   0.364358   0.408914 -0.0295972
 -0.515397  -0.271197  -0.812907    1.64792
         0          0          0          1

  -0.184739   -0.887566    0.422016     1.29171
  -0.841794    0.364515    0.398135 -0.00892032
  -0.507202     -0.2817   -0.814488      1.6779
          0           0           0           1

 -0.183855  -0.885797   0.426101    1.27581
 -0.843017    0.36502   0.395072 0.00101364
 -0.505489  -0.286574  -0.813853    1.69361
         0          0          0          1

-0.183675 -0.883851  0.430199   1.25685
-0.844166  0.366056  0.391648 0.0125481
-0.503635 -0.291224 -0.813352   1.71122
        0         0         0         1

-0.183828 -0.882856  0.432171   1.23824
-0.845623  0.366186  0.388366 0.0236923
-0.501127 -0.294062 -0.813879   1.72661
        0         0         0         1

-0.190713 -0.881276  0.432414   1.21911
-0.847619  0.370027  0.380293 0.0360195
-0.495148 -0.293996 -0.817555   1.74353
        0         0         0         1

-0.197229 -0.879971  0.432148   1.20114
-0.848435  0.374065  0.374478 0.0470228
-0.491182 -0.292791 -0.820374   1.76056
        0         0         0         1

-0.213498 -0.876339  0.431797    1.1578
 -0.85031  0.384316  0.359547 0.0723764
-0.481031 -0.290399 -0.827211   1.79885
        0         0         0         1

-0.220557 -0.874665  0.431643   1.13421
-0.851233  0.388665  0.352621 0.0847845
 -0.47619 -0.289655 -0.830267   1.81805
        0         0         0         1

-0.234295 -0.872186  0.429415   1.10991
-0.852637  0.396553  0.340228 0.0986111
-0.467028 -0.286422 -0.836569   1.83927
        0         0         0         1

-0.244225 -0.869398  0.429536   1.08571
 -0.85303  0.403273  0.331226  0.111934
-0.461188 -0.285514 -0.840112   1.85943
        0         0         0         1

-0.267631 -0.863897  0.426679   1.03253
-0.853002  0.418364  0.312024  0.141155
-0.448065 -0.280451 -0.848873   1.90257
        0         0         0         1

 -0.28098  -0.86052  0.424918   1.00813
-0.852202  0.427335   0.30189  0.155389
-0.441364  -0.27729 -0.853409   1.92344
        0         0         0         1

-0.296331 -0.855895  0.423831  0.981166
-0.850337  0.438487  0.290958  0.171435
-0.434874 -0.274179 -0.857736   1.94656
        0         0         0         1

-0.307842 -0.851361  0.424756  0.953786
-0.850871  0.446111  0.277494  0.188259
-0.425736 -0.275988  -0.86173   1.96569
        0         0         0         1

-0.329141 -0.844697  0.422082  0.927988
-0.846456   0.46205  0.264615  0.205101
-0.418543 -0.270178 -0.867079   1.99132
        0         0         0         1

-0.341982 -0.838804  0.423623  0.899908
-0.845656  0.471288  0.250505  0.222231
-0.409773 -0.272571 -0.870512   2.01226
        0         0         0         1

-0.384608 -0.823655  0.416736  0.848264
-0.835382  0.502641  0.222462  0.258528
  -0.3927 -0.262573 -0.881386   2.06205
        0         0         0         1

-0.398271 -0.817853  0.415326  0.818346
 -0.83408  0.511315  0.207043  0.276733
-0.381693 -0.263956 -0.885798   2.08232
        0         0         0         1

-0.421745 -0.808913  0.409623  0.792246
-0.829442  0.526683  0.186094  0.300243
-0.366275 -0.261274 -0.893072   2.10507
        0         0         0         1

-0.443133 -0.800821  0.402888  0.767217
-0.822333  0.542071  0.172997  0.319176
-0.356933 -0.254647 -0.898751   2.12989
        0         0         0         1

-0.475345 -0.786991  0.393308  0.707117
 -0.81145  0.564927  0.149689  0.360862
-0.339995 -0.247996 -0.907139    2.1806
        0         0         0         1

-0.496957  -0.77788  0.384624   0.68345
-0.803963  0.579542   0.13332  0.383134
-0.326613 -0.242969 -0.913395   2.20089
        0         0         0         1

-0.518316 -0.767702  0.376805  0.656731
-0.798082  0.592531  0.109416  0.410612
-0.307267  -0.24401 -0.919808   2.22086
        0         0         0         1

 -0.54664 -0.756934    0.3581  0.640859
-0.786517  0.610882 0.0906315  0.436488
-0.287359 -0.232109 -0.929274   2.24547
        0         0         0         1

-0.568361 -0.744533  0.350195  0.613729
-0.776569  0.626056 0.0706698  0.464605
-0.271858 -0.231784 -0.934007    2.2649
        0         0         0         1

-0.584017 -0.735884  0.342635  0.587211
-0.766293  0.639054 0.0663715  0.483529
-0.267804 -0.223797 -0.937121   2.29195
        0         0         0         1

-0.638601 -0.700805  0.317901  0.548364
-0.733756  0.679026 0.0229253  0.545663
-0.231929 -0.218621 -0.947847   2.33504
        0         0         0         1

 -0.663136  -0.685403   0.300789   0.531381
 -0.717893   0.696144 0.00358665   0.576307
 -0.211851  -0.213556  -0.953684    2.35632
         0          0          0          1

  -0.670436   -0.677768    0.301903    0.492844
  -0.711371    0.702814 -0.00193515    0.596546
   -0.21087   -0.216063   -0.953337     2.37781
          0           0           0           1

 -0.690167  -0.662243   0.291725   0.469668
 -0.696797   0.716963 -0.0209178   0.628353
 -0.195304   -0.21771  -0.956273    2.39322
         0          0          0          1

 -0.730194  -0.629066   0.266631   0.432923
 -0.662612   0.747168 -0.0518226   0.690931
 -0.166618  -0.214513  -0.962405    2.43422
         0          0          0          1

 -0.752437  -0.607797   0.253815    0.41964
 -0.640492   0.765063 -0.0666898   0.725505
 -0.153651  -0.212746  -0.964951    2.45061
         0          0          0          1

 -0.760479   -0.59964   0.249205   0.387285
 -0.631505   0.772318 -0.0687537   0.745336
 -0.151238   -0.20966  -0.966007    2.47339
         0          0          0          1

-0.795338 -0.563748  0.222768  0.389897
-0.594694  0.796844 -0.106673  0.795058
-0.117375  -0.21732 -0.969018   2.47754
        0         0         0         1

-0.814573 -0.543457  0.202793  0.378704
-0.570923  0.812958 -0.114654  0.831432
-0.102553 -0.209173 -0.972486   2.50021
        0         0         0         1

-0.835253 -0.517683  0.185356  0.368713
 -0.54373  0.827809 -0.138165  0.873935
-0.0819142 -0.216186  -0.97291   2.50207
        0         0         0         1

 -0.87209 -0.466335  0.148294  0.349175
-0.487138  0.856086 -0.172666  0.962239
-0.0464327  -0.22282 -0.973753   2.52145
        0         0         0         1

-0.895624 -0.429774  0.114677  0.363042
-0.444461  0.874893 -0.192395   1.00574
-0.0176434 -0.223283 -0.974594   2.52771
        0         0         0         1

