-0.0999516 -0.376099  0.921173   1.00691
-0.898358 -0.363889 -0.246046   1.10867
 0.427742 -0.852135   -0.3015   2.08872
        0         0         0         1

-0.00385173 -0.324563  0.945856   0.98562
-0.909089 -0.392898 -0.138522    1.0547
 0.416584 -0.860401 -0.293544   2.11549
        0         0         0         1

-0.00385173 -0.324563  0.945856   0.98562
-0.909089 -0.392898 -0.138522    1.0547
 0.416584 -0.860401 -0.293544   2.11549
        0         0         0         1

0.0245323 -0.320757  0.946844   1.00487
-0.903455 -0.412589 -0.116362   1.02783
 0.427981 -0.852576 -0.299911   2.11471
        0         0         0         1

0.0245323 -0.320757  0.946844   1.00487
-0.903455 -0.412589 -0.116362   1.02783
 0.427981 -0.852576 -0.299911   2.11471
        0         0         0         1

0.0624871 -0.307703  0.949429   1.00232
-0.899984 -0.428581 -0.079667  0.980554
 0.431421 -0.849492 -0.303708   2.12867
        0         0         0         1

0.0624871 -0.307703  0.949429   1.00232
-0.899984 -0.428581 -0.079667  0.980554
 0.431421 -0.849492 -0.303708   2.12867
        0         0         0         1

 0.0892039  -0.311308   0.946113    1.00938
 -0.896277  -0.439406 -0.0600765   0.948584
   0.43443  -0.842621  -0.318215    2.13776
         0          0          0          1

 0.0892039  -0.311308   0.946113    1.00938
 -0.896277  -0.439406 -0.0600765   0.948584
   0.43443  -0.842621  -0.318215    2.13776
         0          0          0          1

  0.117142  -0.316009   0.941497    1.02633
 -0.897969  -0.438626 -0.0354964    0.91209
  0.424182  -0.841276  -0.335147    2.15615
         0          0          0          1

  0.117142  -0.316009   0.941497    1.02633
 -0.897969  -0.438626 -0.0354964    0.91209
  0.424182  -0.841276  -0.335147    2.15615
         0          0          0          1

    0.164897    -0.309421     0.936519      1.04249
   -0.881792    -0.471637 -0.000565391     0.879613
    0.441872    -0.825722    -0.350616      2.14715
           0            0            0            1

    0.164897    -0.309421     0.936519      1.04249
   -0.881792    -0.471637 -0.000565391     0.879613
    0.441872    -0.825722    -0.350616      2.14715
           0            0            0            1

 0.180229 -0.298966   0.93709   1.05242
-0.876768 -0.480671 0.0152756  0.849357
 0.445865 -0.824363 -0.348755   2.15597
        0         0         0         1

 0.180229 -0.298966   0.93709   1.05242
-0.876768 -0.480671 0.0152756  0.849357
 0.445865 -0.824363 -0.348755   2.15597
        0         0         0         1

 0.182681 -0.282625  0.941674   1.06567
-0.867644 -0.496815 0.0192096  0.805957
 0.462409 -0.820547 -0.335977    2.1637
        0         0         0         1

 0.182681 -0.282625  0.941674   1.06567
-0.867644 -0.496815 0.0192096  0.805957
 0.462409 -0.820547 -0.335977    2.1637
        0         0         0         1

 0.182391 -0.277379  0.943289   1.07449
-0.863926 -0.503259 0.0190598  0.778544
 0.469432 -0.818408 -0.331425   2.17021
        0         0         0         1

 0.182391 -0.277379  0.943289   1.07449
-0.863926 -0.503259 0.0190598  0.778544
 0.469432 -0.818408 -0.331425   2.17021
        0         0         0         1

 0.193502 -0.280253  0.940221   1.08191
-0.857653 -0.513697 0.0233903  0.756326
 0.476434 -0.810909 -0.339761   2.16338
        0         0         0         1

 0.193502 -0.280253  0.940221   1.08191
-0.857653 -0.513697 0.0233903  0.756326
 0.476434 -0.810909 -0.339761   2.16338
        0         0         0         1

 0.227738 -0.281892  0.932026   1.10928
-0.848964  -0.52624 0.0482802   0.71564
  0.47686 -0.802252 -0.359161   2.16229
        0         0         0         1

 0.227738 -0.281892  0.932026   1.10928
-0.848964  -0.52624 0.0482802   0.71564
  0.47686 -0.802252 -0.359161   2.16229
        0         0         0         1

  0.21486 -0.262384  0.940739   1.11598
-0.846928 -0.529742 0.0456821  0.686482
 0.486363 -0.806553 -0.336041   2.16559
        0         0         0         1

  0.21486 -0.262384  0.940739   1.11598
-0.846928 -0.529742 0.0456821  0.686482
 0.486363 -0.806553 -0.336041   2.16559
        0         0         0         1

 0.208569 -0.241288  0.947776   1.13506
-0.840786 -0.539258 0.0477388  0.648367
 0.499577 -0.806834 -0.315344   2.15935
        0         0         0         1

 0.208569 -0.241288  0.947776   1.13506
-0.840786 -0.539258 0.0477388  0.648367
 0.499577 -0.806834 -0.315344   2.15935
        0         0         0         1

 0.234039 -0.248828  0.939846   1.14864
-0.845946 -0.528558 0.0707188  0.621361
 0.479167  -0.81161 -0.334198   2.16148
        0         0         0         1

 0.234039 -0.248828  0.939846   1.14864
-0.845946 -0.528558 0.0707188  0.621361
 0.479167  -0.81161 -0.334198   2.16148
        0         0         0         1

 0.251913 -0.251064  0.934616   1.15663
-0.855682 -0.508907 0.0939311  0.596195
  0.45205 -0.823396 -0.343031   2.15647
        0         0         0         1

 0.251913 -0.251064  0.934616   1.15663
-0.855682 -0.508907 0.0939311  0.596195
  0.45205 -0.823396 -0.343031   2.15647
        0         0         0         1

 0.259953 -0.256899  0.930821   1.16712
-0.879382 -0.461186  0.118304  0.558553
 0.398889   -0.8493 -0.345799   2.14533
        0         0         0         1

 0.259953 -0.256899  0.930821   1.16712
-0.879382 -0.461186  0.118304  0.558553
 0.398889   -0.8493 -0.345799   2.14533
        0         0         0         1

 0.260037 -0.263078   0.92907     1.175
-0.891418  -0.43524  0.126255  0.531378
 0.371153 -0.861021 -0.347691   2.13921
        0         0         0         1

 0.260037 -0.263078   0.92907     1.175
-0.891418  -0.43524  0.126255  0.531378
 0.371153 -0.861021 -0.347691   2.13921
        0         0         0         1

 0.275241  -0.25058  0.928144   1.18113
-0.894979 -0.419344  0.152192  0.490833
 0.351076  -0.87256 -0.339684   2.12959
        0         0         0         1

 0.275241  -0.25058  0.928144   1.18113
-0.894979 -0.419344  0.152192  0.490833
 0.351076  -0.87256 -0.339684   2.12959
        0         0         0         1

 0.275124 -0.250938  0.928082   1.18074
-0.898406  -0.41081  0.155251  0.464333
 0.342307 -0.876508 -0.338468   2.12331
        0         0         0         1

 0.275124 -0.250938  0.928082   1.18074
-0.898406  -0.41081  0.155251  0.464333
 0.342307 -0.876508 -0.338468   2.12331
        0         0         0         1

 0.263659 -0.265525  0.927351   1.19082
-0.907726 -0.393568   0.14539  0.435998
 0.326371 -0.880114 -0.344791   2.11563
        0         0         0         1

 0.263659 -0.265525  0.927351   1.19082
-0.907726 -0.393568   0.14539  0.435998
 0.326371 -0.880114 -0.344791   2.11563
        0         0         0         1

 0.262776 -0.266714  0.927261   1.18895
-0.919582 -0.360166  0.157003  0.396174
 0.292093 -0.893949 -0.339908   2.09825
        0         0         0         1

 0.262776 -0.266714  0.927261   1.18895
-0.919582 -0.360166  0.157003  0.396174
 0.292093 -0.893949 -0.339908   2.09825
        0         0         0         1

 0.268292 -0.267118  0.925563   1.19472
-0.928884 -0.326389  0.175058  0.368483
 0.255333 -0.906707 -0.335689    2.0851
        0         0         0         1

 0.268292 -0.267118  0.925563   1.19472
-0.928884 -0.326389  0.175058  0.368483
 0.255333 -0.906707 -0.335689    2.0851
        0         0         0         1

 0.279573 -0.270924  0.921108   1.19757
-0.940387 -0.270791  0.205777  0.327795
 0.193677 -0.923728 -0.330479   2.06425
        0         0         0         1

 0.279573 -0.270924  0.921108   1.19757
-0.940387 -0.270791  0.205777  0.327795
 0.193677 -0.923728 -0.330479   2.06425
        0         0         0         1

 0.279623 -0.294788  0.913735   1.20261
-0.946752 -0.242862  0.211375  0.303402
   0.1596 -0.924185 -0.347001   2.04683
        0         0         0         1

 0.279623 -0.294788  0.913735   1.20261
-0.946752 -0.242862  0.211375  0.303402
   0.1596 -0.924185 -0.347001   2.04683
        0         0         0         1

 0.274926 -0.317329  0.907589   1.20469
-0.953016 -0.214812   0.21358  0.277863
 0.127186 -0.923666 -0.361477   2.03261
        0         0         0         1

 0.274926 -0.317329  0.907589   1.20469
-0.953016 -0.214812   0.21358  0.277863
 0.127186 -0.923666 -0.361477   2.03261
        0         0         0         1

 0.253071 -0.343952  0.904241   1.20759
-0.962771  -0.18133  0.200478  0.243255
0.0950113 -0.921312 -0.377037   2.00729
        0         0         0         1

 0.253071 -0.343952  0.904241   1.20759
-0.962771  -0.18133  0.200478  0.243255
0.0950113 -0.921312 -0.377037   2.00729
        0         0         0         1

 0.235922 -0.353524  0.905186   1.21046
-0.969028 -0.155531  0.191818  0.219838
0.0729723 -0.922405 -0.379268   1.99131
        0         0         0         1

 0.235922 -0.353524  0.905186   1.21046
-0.969028 -0.155531  0.191818  0.219838
0.0729723 -0.922405 -0.379268   1.99131
        0         0         0         1

 0.220388 -0.371787  0.901778   1.21657
-0.974579 -0.122131  0.187828  0.187411
0.0403035 -0.920249 -0.389253    1.9642
        0         0         0         1

 0.220388 -0.371787  0.901778   1.21657
-0.974579 -0.122131  0.187828  0.187411
0.0403035 -0.920249 -0.389253    1.9642
        0         0         0         1

 0.219275 -0.390527  0.894096   1.21931
-0.975516 -0.103681  0.193957  0.168274
0.0169549 -0.914734   -0.4037    1.9446
        0         0         0         1

 0.219275 -0.390527  0.894096   1.21931
-0.975516 -0.103681  0.193957  0.168274
0.0169549 -0.914734   -0.4037    1.9446
        0         0         0         1

  0.214999  -0.415381   0.883874    1.22506
 -0.976543 -0.0804701   0.199723   0.148827
-0.0118358  -0.906081  -0.422939    1.92616
         0          0          0          1

  0.214999  -0.415381   0.883874    1.22506
 -0.976543 -0.0804701   0.199723   0.148827
-0.0118358  -0.906081  -0.422939    1.92616
         0          0          0          1

  0.200784  -0.440541   0.874991    1.23462
 -0.978431 -0.0459122   0.201405   0.122538
-0.0485545  -0.896557  -0.440258    1.89694
         0          0          0          1

  0.200784  -0.440541   0.874991    1.23462
 -0.978431 -0.0459122   0.201405   0.122538
-0.0485545  -0.896557  -0.440258    1.89694
         0          0          0          1

  0.192663  -0.448198   0.872926    1.24103
  -0.97838 -0.0195809   0.205885   0.104511
-0.0751844   -0.89372   -0.44228    1.87969
         0          0          0          1

  0.192663  -0.448198   0.872926    1.24103
  -0.97838 -0.0195809   0.205885   0.104511
-0.0751844   -0.89372   -0.44228    1.87969
         0          0          0          1

  0.185929  -0.468086   0.863902    1.25165
 -0.976728 0.00763456   0.214348  0.0815248
 -0.106929   -0.88365  -0.455773    1.84992
         0          0          0          1

  0.185929  -0.468086   0.863902    1.25165
 -0.976728 0.00763456   0.214348  0.0815248
 -0.106929   -0.88365  -0.455773    1.84992
         0          0          0          1

 0.181262 -0.487471  0.854117    1.2602
-0.975031 0.0242178  0.220744 0.0664853
-0.128291 -0.872803  -0.47091   1.83171
        0         0         0         1

 0.181262 -0.487471  0.854117    1.2602
-0.975031 0.0242178  0.220744 0.0664853
-0.128291 -0.872803  -0.47091   1.83171
        0         0         0         1

 0.176071 -0.502023  0.846742   1.26712
 -0.97314 0.0408325  0.226563 0.0523412
-0.148314  -0.86389 -0.481349   1.81477
        0         0         0         1

 0.176071 -0.502023  0.846742   1.26712
 -0.97314 0.0408325  0.226563 0.0523412
-0.148314  -0.86389 -0.481349   1.81477
        0         0         0         1

 0.160099  -0.51723  0.840739   1.27906
-0.972084 0.0653864  0.225337 0.0337298
-0.171524 -0.853345 -0.492323   1.78741
        0         0         0         1

 0.160099  -0.51723  0.840739   1.27906
-0.972084 0.0653864  0.225337 0.0337298
-0.171524 -0.853345 -0.492323   1.78741
        0         0         0         1

 0.148433 -0.523741  0.838846   1.28644
-0.972085 0.0785876  0.221076 0.0229104
 -0.18171 -0.848245 -0.497456   1.76943
        0         0         0         1

 0.148433 -0.523741  0.838846   1.28644
-0.972085 0.0785876  0.221076 0.0229104
 -0.18171 -0.848245 -0.497456   1.76943
        0         0         0         1

  0.128671  -0.533202   0.836146    1.29786
 -0.971377   0.102004   0.214528 0.00825369
 -0.199677  -0.839816  -0.504815    1.74457
         0          0          0          1

  0.128671  -0.533202   0.836146    1.29786
 -0.971377   0.102004   0.214528 0.00825369
 -0.199677  -0.839816  -0.504815    1.74457
         0          0          0          1

    0.118317    -0.543271     0.831179      1.30515
   -0.969539     0.117584     0.214868 -0.000676513
   -0.214465    -0.831283     -0.51281      1.72865
           0            0            0            1

    0.118317    -0.543271     0.831179      1.30515
   -0.969539     0.117584     0.214868 -0.000676513
   -0.214465    -0.831283     -0.51281      1.72865
           0            0            0            1

  0.110711   -0.55563   0.824026    1.31239
 -0.966601   0.132632   0.219298 -0.0093444
 -0.231141  -0.820783  -0.522388    1.71346
         0          0          0          1

  0.110711   -0.55563   0.824026    1.31239
 -0.966601   0.132632   0.219298 -0.0093444
 -0.231141  -0.820783  -0.522388    1.71346
         0          0          0          1

 0.0969713  -0.573529   0.813426    1.32314
  -0.96277   0.153147   0.222756 -0.0218757
 -0.252331  -0.804742  -0.537325    1.69215
         0          0          0          1

 0.0969713  -0.573529   0.813426    1.32314
  -0.96277   0.153147   0.222756 -0.0218757
 -0.252331  -0.804742  -0.537325    1.69215
         0          0          0          1

 0.0844461  -0.580435   0.809916    1.32931
 -0.960862   0.167791   0.220434 -0.0295441
 -0.263844  -0.796832  -0.543548    1.67882
         0          0          0          1

 0.0844461  -0.580435   0.809916    1.32931
 -0.960862   0.167791   0.220434 -0.0295441
 -0.263844  -0.796832  -0.543548    1.67882
         0          0          0          1

 0.0668873  -0.589181   0.805228    1.33978
 -0.955697   0.194025   0.221353 -0.0411297
 -0.286652  -0.784359  -0.550101    1.65999
         0          0          0          1

 0.0668873  -0.589181   0.805228    1.33978
 -0.955697   0.194025   0.221353 -0.0411297
 -0.286652  -0.784359  -0.550101    1.65999
         0          0          0          1

 0.0593677  -0.588626   0.806222    1.34603
 -0.953512   0.205601   0.220323 -0.0480927
 -0.295448  -0.781823  -0.549056    1.64843
         0          0          0          1

 0.0593677  -0.588626   0.806222    1.34603
 -0.953512   0.205601   0.220323 -0.0480927
 -0.295448  -0.781823  -0.549056    1.64843
         0          0          0          1

 0.0511637  -0.586137   0.808595    1.35263
 -0.953398   0.212398    0.21429 -0.0547798
 -0.297347  -0.781877  -0.547954    1.63678
         0          0          0          1

 0.0511637  -0.586137   0.808595    1.35263
 -0.953398   0.212398    0.21429 -0.0547798
 -0.297347  -0.781877  -0.547954    1.63678
         0          0          0          1

 0.0396931  -0.586588   0.808912    1.36166
 -0.951382   0.225281   0.210048 -0.0641763
 -0.305445  -0.777922  -0.549128    1.62113
         0          0          0          1

 0.0396931  -0.586588   0.808912    1.36166
 -0.951382   0.225281   0.210048 -0.0641763
 -0.305445  -0.777922  -0.549128    1.62113
         0          0          0          1

 0.0268118  -0.585289   0.810382    1.36741
 -0.950862   0.235211   0.201338 -0.0696592
 -0.308451  -0.775959  -0.550223    1.61125
         0          0          0          1

 0.0268118  -0.585289   0.810382    1.36741
 -0.950862   0.235211   0.201338 -0.0696592
 -0.308451  -0.775959  -0.550223    1.61125
         0          0          0          1

  0.016416   -0.58514   0.810766    1.37636
 -0.947145   0.250727    0.20013 -0.0782358
 -0.320385  -0.771199  -0.550097    1.59647
         0          0          0          1

  0.016416   -0.58514   0.810766    1.37636
 -0.947145   0.250727    0.20013 -0.0782358
 -0.320385  -0.771199  -0.550097    1.59647
         0          0          0          1

 0.0130858  -0.584077   0.811593     1.3824
 -0.947018   0.253256   0.197529 -0.0836072
 -0.320913  -0.771178  -0.549818    1.58655
         0          0          0          1

 0.0130858  -0.584077   0.811593     1.3824
 -0.947018   0.253256   0.197529 -0.0836072
 -0.320913  -0.771178  -0.549818    1.58655
         0          0          0          1

 0.0161723   -0.58182   0.813157    1.38799
 -0.945994    0.25445   0.200876 -0.0886774
 -0.323781   -0.77249  -0.546283    1.57728
         0          0          0          1

 0.0161723   -0.58182   0.813157    1.38799
 -0.945994    0.25445   0.200876 -0.0886774
 -0.323781   -0.77249  -0.546283    1.57728
         0          0          0          1

  0.017351  -0.573645    0.81892    1.39579
 -0.943869   0.260817   0.202698 -0.0955594
 -0.329865   -0.77647   -0.53692    1.56388
         0          0          0          1

  0.017351  -0.573645    0.81892    1.39579
 -0.943869   0.260817   0.202698 -0.0955594
 -0.329865   -0.77647   -0.53692    1.56388
         0          0          0          1

  0.014469  -0.565798   0.824417    1.40075
 -0.942256   0.268177   0.200587 -0.0996506
 -0.334582  -0.779714  -0.529246    1.55544
         0          0          0          1

  0.014469  -0.565798   0.824417    1.40075
 -0.942256   0.268177   0.200587 -0.0996506
 -0.334582  -0.779714  -0.529246    1.55544
         0          0          0          1

0.00893598 -0.549274  0.835594   1.40726
-0.939565  0.281397  0.195023 -0.105506
-0.342255 -0.786838 -0.513564   1.54352
        0         0         0         1

0.00893598 -0.549274  0.835594   1.40726
-0.939565  0.281397  0.195023 -0.105506
-0.342255 -0.786838 -0.513564   1.54352
        0         0         0         1

-0.000180837 -0.543344   0.83951   1.41085
-0.939336  0.288044  0.186224 -0.109122
   -0.343 -0.788548 -0.510435   1.53688
        0         0         0         1

-0.000180837 -0.543344   0.83951   1.41085
-0.939336  0.288044  0.186224 -0.109122
   -0.343 -0.788548 -0.510435   1.53688
        0         0         0         1

-0.00737586  -0.54074  0.841157   1.41485
-0.940179  0.290265  0.178353 -0.112275
-0.340601 -0.789523 -0.510533   1.52938
        0         0         0         1

-0.00737586  -0.54074  0.841157   1.41485
-0.940179  0.290265  0.178353 -0.112275
-0.340601 -0.789523 -0.510533   1.52938
        0         0         0         1

-0.00562462 -0.530148  0.847887   1.42064
-0.937927  0.296841   0.17938 -0.117776
-0.346786 -0.794247  -0.49891   1.51926
        0         0         0         1

-0.00562462 -0.530148  0.847887   1.42064
-0.937927  0.296841   0.17938 -0.117776
-0.346786 -0.794247  -0.49891   1.51926
        0         0         0         1

-0.00126394 -0.522911  0.852386   1.42401
-0.936672   0.29913  0.182118  -0.12087
-0.350206 -0.798176 -0.490174   1.51289
        0         0         0         1

-0.00126394 -0.522911  0.852386   1.42401
-0.936672   0.29913  0.182118  -0.12087
-0.350206 -0.798176 -0.490174   1.51289
        0         0         0         1

0.000994622 -0.520677  0.853753   1.42809
-0.935651  0.300826  0.184554 -0.124223
-0.352924 -0.798999 -0.486873   1.50656
        0         0         0         1

0.000994622 -0.520677  0.853753   1.42809
-0.935651  0.300826  0.184554 -0.124223
-0.352924 -0.798999 -0.486873   1.50656
        0         0         0         1

-0.00637562 -0.514761   0.85731   1.43217
-0.936794  0.302994  0.174963 -0.127941
-0.349824 -0.802007 -0.484157   1.49846
        0         0         0         1

-0.00637562 -0.514761   0.85731   1.43217
-0.936794  0.302994  0.174963 -0.127941
-0.349824 -0.802007 -0.484157   1.49846
        0         0         0         1

-0.0134319 -0.508903  0.860719    1.4342
-0.937479  0.305805  0.166178 -0.130209
-0.347781 -0.804675 -0.481193   1.49388
        0         0         0         1

-0.0134319 -0.508903  0.860719    1.4342
-0.937479  0.305805  0.166178 -0.130209
-0.347781 -0.804675 -0.481193   1.49388
        0         0         0         1

-0.0255483 -0.499232  0.866091   1.43677
-0.938278  0.310918  0.151541 -0.134131
-0.344937 -0.808763 -0.476362   1.48741
        0         0         0         1

-0.0255483 -0.499232  0.866091   1.43677
-0.938278  0.310918  0.151541 -0.134131
-0.344937 -0.808763 -0.476362   1.48741
        0         0         0         1

-0.0231847 -0.493668  0.869341   1.43768
-0.937909  0.311787   0.15204 -0.136489
-0.346107 -0.811838 -0.470244    1.4832
        0         0         0         1

-0.0231847 -0.493668  0.869341   1.43768
-0.937909  0.311787   0.15204 -0.136489
-0.346107 -0.811838 -0.470244    1.4832
        0         0         0         1

-0.0189126 -0.492288  0.870227   1.43895
-0.937361  0.311542  0.155868 -0.139023
-0.347845 -0.812769 -0.467344   1.47908
        0         0         0         1

-0.0189126 -0.492288  0.870227   1.43895
-0.937361  0.311542  0.155868 -0.139023
-0.347845 -0.812769 -0.467344   1.47908
        0         0         0         1

-0.0199316 -0.501462   0.86495   1.43982
-0.937391  0.310242  0.158265 -0.141776
-0.347708 -0.807642  -0.47625   1.47414
        0         0         0         1

-0.0199316 -0.501462   0.86495   1.43982
-0.937391  0.310242  0.158265 -0.141776
-0.347708 -0.807642  -0.47625   1.47414
        0         0         0         1

-0.0197923  -0.50848  0.860847   1.44045
-0.936694  0.310491  0.161863 -0.143294
 -0.34959 -0.803146 -0.482435   1.47168
        0         0         0         1

-0.0197923  -0.50848  0.860847   1.44045
-0.936694  0.310491  0.161863 -0.143294
 -0.34959 -0.803146 -0.482435   1.47168
        0         0         0         1

-0.0165317 -0.518672  0.854814   1.44094
-0.935043  0.310833  0.170519 -0.144727
-0.354148 -0.796469 -0.490119   1.46859
        0         0         0         1

-0.0165317 -0.518672  0.854814   1.44094
-0.935043  0.310833  0.170519 -0.144727
-0.354148 -0.796469 -0.490119   1.46859
        0         0         0         1

-0.0172563 -0.524718  0.851101   1.44164
-0.934863  0.310349  0.172381 -0.145228
 -0.35459 -0.792688 -0.495895   1.46688
        0         0         0         1

-0.0172563 -0.524718  0.851101   1.44164
-0.934863  0.310349  0.172381 -0.145228
 -0.35459 -0.792688 -0.495895   1.46688
        0         0         0         1

-0.0143666 -0.524283  0.851423   1.44094
-0.935367  0.307991   0.17387 -0.145006
-0.353388 -0.793894 -0.494822   1.46644
        0         0         0         1

-0.0143666 -0.524283  0.851423   1.44094
-0.935367  0.307991   0.17387 -0.145006
-0.353388 -0.793894 -0.494822   1.46644
        0         0         0         1

-0.0102716 -0.526442  0.850149   1.44044
-0.937527   0.30075  0.174908 -0.144262
-0.347761 -0.795241 -0.496643   1.46662
        0         0         0         1

-0.0102716 -0.526442  0.850149   1.44044
-0.937527   0.30075  0.174908 -0.144262
-0.347761 -0.795241 -0.496643   1.46662
        0         0         0         1

-0.00164016 -0.531227  0.847228   1.44059
 -0.93928  0.291543  0.180984 -0.143343
-0.343147 -0.795488 -0.499449   1.46711
        0         0         0         1

-0.00164016 -0.531227  0.847228   1.44059
 -0.93928  0.291543  0.180984 -0.143343
-0.343147 -0.795488 -0.499449   1.46711
        0         0         0         1

 0.011635 -0.554259  0.832263   1.44098
-0.942303  0.272401  0.194583 -0.141408
-0.334559 -0.786508  -0.51911   1.46981
        0         0         0         1

 0.011635 -0.554259  0.832263   1.44098
-0.942303  0.272401  0.194583 -0.141408
-0.334559 -0.786508  -0.51911   1.46981
        0         0         0         1

0.0256572 -0.561511  0.827072   1.44049
-0.943016  0.260972  0.206432 -0.138846
-0.331756 -0.785238 -0.522818   1.47326
        0         0         0         1

0.0256572 -0.561511  0.827072   1.44049
-0.943016  0.260972  0.206432 -0.138846
-0.331756 -0.785238 -0.522818   1.47326
        0         0         0         1

0.0459923 -0.560696  0.826743   1.43861
-0.942971  0.248773  0.221175 -0.135476
-0.329684 -0.789767 -0.517278   1.47699
        0         0         0         1

0.0459923 -0.560696  0.826743   1.43861
-0.942971  0.248773  0.221175 -0.135476
-0.329684 -0.789767 -0.517278   1.47699
        0         0         0         1

0.0807726 -0.555376  0.827667   1.43376
-0.944888  0.221656  0.240946 -0.129042
-0.317273 -0.801515 -0.506865    1.4847
        0         0         0         1

0.0807726 -0.555376  0.827667   1.43376
-0.944888  0.221656  0.240946 -0.129042
-0.317273 -0.801515 -0.506865    1.4847
        0         0         0         1

0.0997518 -0.558484  0.823495   1.42936
-0.948183  0.197559  0.248837 -0.123501
-0.301661 -0.805646 -0.509838   1.49093
        0         0         0         1

0.0997518 -0.558484  0.823495   1.42936
-0.948183  0.197559  0.248837 -0.123501
-0.301661 -0.805646 -0.509838   1.49093
        0         0         0         1

 0.120825 -0.567986  0.814122   1.42197
 -0.95538  0.156151  0.250731 -0.114246
-0.269538  -0.80809 -0.523775   1.50348
        0         0         0         1

 0.120825 -0.567986  0.814122   1.42197
 -0.95538  0.156151  0.250731 -0.114246
-0.269538  -0.80809 -0.523775   1.50348
        0         0         0         1

  0.13446 -0.574946  0.807067   1.41538
-0.960525   0.12455  0.248754 -0.106598
-0.243541 -0.808656 -0.535503    1.5135
        0         0         0         1

  0.13446 -0.574946  0.807067   1.41538
-0.960525   0.12455  0.248754 -0.106598
-0.243541 -0.808656 -0.535503    1.5135
        0         0         0         1

  0.155542  -0.579406    0.80006    1.40428
 -0.966896  0.0765526   0.243416 -0.0935042
 -0.202284  -0.811436  -0.548318    1.53046
         0          0          0          1

  0.155542  -0.579406    0.80006    1.40428
 -0.966896  0.0765526   0.243416 -0.0935042
 -0.202284  -0.811436  -0.548318    1.53046
         0          0          0          1

  0.165196   -0.58534   0.793781    1.39625
 -0.970847   0.045226   0.235395 -0.0836887
 -0.173686  -0.809526  -0.560804    1.54271
         0          0          0          1

  0.165196   -0.58534   0.793781    1.39625
 -0.970847   0.045226   0.235395 -0.0836887
 -0.173686  -0.809526  -0.560804    1.54271
         0          0          0          1

  0.179743  -0.584777    0.79103    1.38693
  -0.97221   0.017016   0.233492 -0.0732561
 -0.150001  -0.811016  -0.565467    1.55562
         0          0          0          1

  0.179743  -0.584777    0.79103    1.38693
  -0.97221   0.017016   0.233492 -0.0732561
 -0.150001  -0.811016  -0.565467    1.55562
         0          0          0          1

  0.214999  -0.583756   0.782946    1.37142
 -0.967662 -0.0190326   0.251532 -0.0564985
 -0.131932  -0.811706   -0.56897    1.57569
         0          0          0          1

  0.214999  -0.583756   0.782946    1.37142
 -0.967662 -0.0190326   0.251532 -0.0564985
 -0.131932  -0.811706   -0.56897    1.57569
         0          0          0          1

  0.240879  -0.583888   0.775276    1.35974
 -0.962812 -0.0430598   0.266717 -0.0441741
  -0.12235  -0.810692  -0.572547    1.58883
         0          0          0          1

  0.240879  -0.583888   0.775276    1.35974
 -0.962812 -0.0430598   0.266717 -0.0441741
  -0.12235  -0.810692  -0.572547    1.58883
         0          0          0          1

  0.260778  -0.587569   0.766001    1.34785
 -0.958724 -0.0644757   0.276932 -0.0317797
 -0.113328  -0.806601   -0.58013    1.60248
         0          0          0          1

  0.260778  -0.587569   0.766001    1.34785
 -0.958724 -0.0644757   0.276932 -0.0317797
 -0.113328  -0.806601   -0.58013    1.60248
         0          0          0          1

  0.284959   -0.59347   0.752723     1.3273
 -0.953705 -0.0967641   0.284753 -0.0125703
-0.0961556  -0.799018  -0.593569    1.62384
         0          0          0          1

  0.284959   -0.59347   0.752723     1.3273
 -0.953705 -0.0967641   0.284753 -0.0125703
-0.0961556  -0.799018  -0.593569    1.62384
         0          0          0          1

  0.298086  -0.596013   0.745596    1.31305
 -0.950923  -0.117496    0.28625 0.00051868
-0.0830044  -0.794332  -0.601787    1.63757
         0          0          0          1

  0.298086  -0.596013   0.745596    1.31305
 -0.950923  -0.117496    0.28625 0.00051868
-0.0830044  -0.794332  -0.601787    1.63757
         0          0          0          1

 0.321362 -0.596253  0.735669   1.28949
-0.944359 -0.144285  0.295582 0.0210673
-0.0700956 -0.789724 -0.609444   1.65742
        0         0         0         1

 0.321362 -0.596253  0.735669   1.28949
-0.944359 -0.144285  0.295582 0.0210673
-0.0700956 -0.789724 -0.609444   1.65742
        0         0         0         1

 0.333905 -0.596943  0.729498   1.27368
-0.940354 -0.157475  0.301557 0.0347476
-0.0651341 -0.786677 -0.613919    1.6697
        0         0         0         1

 0.333905 -0.596943  0.729498   1.27368
-0.940354 -0.157475  0.301557 0.0347476
-0.0651341 -0.786677 -0.613919    1.6697
        0         0         0         1

 0.345912 -0.596447   0.72429   1.25655
-0.936164 -0.167743  0.308965 0.0484729
-0.0627868 -0.784929 -0.616397    1.6823
        0         0         0         1

 0.345912 -0.596447   0.72429   1.25655
-0.936164 -0.167743  0.308965 0.0484729
-0.0627868 -0.784929 -0.616397    1.6823
        0         0         0         1

 0.360162 -0.593222   0.71998      1.23
-0.930753 -0.176294  0.320343 0.0690258
-0.0631067 -0.785499 -0.615637   1.70081
        0         0         0         1

 0.360162 -0.593222   0.71998      1.23
-0.930753 -0.176294  0.320343 0.0690258
-0.0631067 -0.785499 -0.615637   1.70081
        0         0         0         1

 0.366427 -0.589265  0.720068   1.21115
-0.928291 -0.178873  0.326007 0.0832755
-0.0633033  -0.78789 -0.612553   1.71192
        0         0         0         1

 0.366427 -0.589265  0.720068   1.21115
-0.928291 -0.178873  0.326007 0.0832755
-0.0633033  -0.78789 -0.612553   1.71192
        0         0         0         1

 0.371381 -0.581265  0.724021   1.18245
-0.926177 -0.177029  0.332951  0.104474
-0.0653596 -0.794224   -0.6041   1.72827
        0         0         0         1

 0.371381 -0.581265  0.724021   1.18245
-0.926177 -0.177029  0.332951  0.104474
-0.0653596 -0.794224   -0.6041   1.72827
        0         0         0         1

 0.374392  -0.57279  0.729207    1.1616
-0.924741 -0.172594  0.339212  0.118683
-0.068441 -0.801326   -0.5943   1.73808
        0         0         0         1

 0.374392  -0.57279  0.729207    1.1616
-0.924741 -0.172594  0.339212  0.118683
-0.068441 -0.801326   -0.5943   1.73808
        0         0         0         1

 0.370413 -0.558285  0.742369   1.14142
-0.925716 -0.156099  0.344504  0.131809
-0.0764479 -0.814832 -0.574635    1.7491
        0         0         0         1

 0.370413 -0.558285  0.742369   1.14142
-0.925716 -0.156099  0.344504  0.131809
-0.0764479 -0.814832 -0.574635    1.7491
        0         0         0         1

 0.359846 -0.520041   0.77464   1.10869
-0.928084 -0.114297  0.354395  0.151876
-0.0957608 -0.846459 -0.523771   1.76349
        0         0         0         1

 0.359846 -0.520041   0.77464   1.10869
-0.928084 -0.114297  0.354395  0.151876
-0.0957608 -0.846459 -0.523771   1.76349
        0         0         0         1

  0.347179   -0.49587   0.795977     1.0881
 -0.931105 -0.0810339   0.355636   0.165644
 -0.111848  -0.864608   -0.48984    1.77029
         0          0          0          1

  0.347179   -0.49587   0.795977     1.0881
 -0.931105 -0.0810339   0.355636   0.165644
 -0.111848  -0.864608   -0.48984    1.77029
         0          0          0          1

  0.331815   -0.45633   0.825628    1.05559
 -0.933607 -0.0334271   0.356736   0.185445
 -0.135191  -0.889182  -0.437125    1.78139
         0          0          0          1

  0.331815   -0.45633   0.825628    1.05559
 -0.933607 -0.0334271   0.356736   0.185445
 -0.135191  -0.889182  -0.437125    1.78139
         0          0          0          1

 0.324142 -0.438068  0.838468   1.03356
-0.934864  -0.01269  0.354778  0.198674
-0.144777 -0.898852 -0.413648   1.78776
        0         0         0         1

 0.324142 -0.438068  0.838468   1.03356
-0.934864  -0.01269  0.354778  0.198674
-0.144777 -0.898852 -0.413648   1.78776
        0         0         0         1

    0.319717    -0.430324     0.844158      1.01057
   -0.935307 -0.000786756     0.353838     0.211422
   -0.151601    -0.902674    -0.402737      1.79402
           0            0            0            1

    0.319717    -0.430324     0.844158      1.01057
   -0.935307 -0.000786756     0.353838     0.211422
   -0.151601    -0.902674    -0.402737      1.79402
           0            0            0            1

  0.309404  -0.438026   0.844039    0.97654
 -0.938166 0.00433648   0.346159    0.22957
 -0.155287  -0.898952  -0.409599    1.80299
         0          0          0          1

  0.309404  -0.438026   0.844039    0.97654
 -0.938166 0.00433648   0.346159    0.22957
 -0.155287  -0.898952  -0.409599    1.80299
         0          0          0          1

  0.299637  -0.448665   0.841973   0.954178
 -0.941512 0.00356805   0.336961   0.241878
 -0.154187  -0.893693  -0.421354    1.80722
         0          0          0          1

  0.299637  -0.448665   0.841973   0.954178
 -0.941512 0.00356805   0.336961   0.241878
 -0.154187  -0.893693  -0.421354    1.80722
         0          0          0          1

  0.282287  -0.464425   0.839419   0.920011
 -0.947181 0.00388355   0.320675   0.259007
 -0.152189  -0.885604  -0.438798    1.81312
         0          0          0          1

  0.282287  -0.464425   0.839419   0.920011
 -0.947181 0.00388355   0.320675   0.259007
 -0.152189  -0.885604  -0.438798    1.81312
         0          0          0          1

  0.271336  -0.476752   0.836113   0.896488
 -0.950629 0.00318365   0.310314   0.269982
 -0.150605  -0.879032   -0.45235    1.81627
         0          0          0          1

  0.271336  -0.476752   0.836113   0.896488
 -0.950629 0.00318365   0.310314   0.269982
 -0.150605  -0.879032   -0.45235    1.81627
         0          0          0          1

 0.258414 -0.487221  0.834169  0.873472
-0.954432 0.0046585  0.298391   0.28043
-0.149268 -0.873266 -0.463816   1.81927
        0         0         0         1

 0.258414 -0.487221  0.834169  0.873472
-0.954432 0.0046585  0.298391   0.28043
-0.149268 -0.873266 -0.463816   1.81927
        0         0         0         1

 0.239763 -0.499071  0.832732  0.841049
-0.957631  0.019388  0.287344  0.293923
 -0.15955 -0.866344 -0.473277    1.8226
        0         0         0         1

 0.239763 -0.499071  0.832732  0.841049
-0.957631  0.019388  0.287344  0.293923
 -0.15955 -0.866344 -0.473277    1.8226
        0         0         0         1

 0.235269 -0.496837  0.835345  0.817598
-0.956483 0.0342697  0.289769  0.301679
-0.172595 -0.867167 -0.467153   1.82438
        0         0         0         1

 0.235269 -0.496837  0.835345  0.817598
-0.956483 0.0342697  0.289769  0.301679
-0.172595 -0.867167 -0.467153   1.82438
        0         0         0         1

 0.222572 -0.483734  0.846441  0.785136
-0.957291 0.0559061   0.28367  0.314769
-0.184542 -0.873428 -0.450631   1.82156
        0         0         0         1

 0.222572 -0.483734  0.846441  0.785136
-0.957291 0.0559061   0.28367  0.314769
-0.184542 -0.873428 -0.450631   1.82156
        0         0         0         1

 0.213263 -0.480293  0.850787   0.76555
-0.957516 0.0702737  0.279688  0.322589
 -0.19412 -0.874289 -0.444901   1.82056
        0         0         0         1

 0.213263 -0.480293  0.850787   0.76555
-0.957516 0.0702737  0.279688  0.322589
 -0.19412 -0.874289 -0.444901   1.82056
        0         0         0         1

 0.198587  -0.48219  0.853262  0.750077
-0.958442 0.0863989  0.271891  0.330433
-0.204824 -0.871796 -0.444993   1.81932
        0         0         0         1

 0.198587  -0.48219  0.853262  0.750077
-0.958442 0.0863989  0.271891  0.330433
-0.204824 -0.871796 -0.444993   1.81932
        0         0         0         1

 0.174776 -0.493871  0.851789  0.727667
-0.961838 0.0993338  0.254951  0.341906
-0.210524 -0.863843 -0.457663    1.8141
        0         0         0         1

 0.174776 -0.493871  0.851789  0.727667
-0.961838 0.0993338  0.254951  0.341906
-0.210524 -0.863843 -0.457663    1.8141
        0         0         0         1

 0.168869 -0.501414  0.848568  0.705004
-0.960832  0.108193   0.25514  0.346563
 -0.21974 -0.858416 -0.463504   1.81038
        0         0         0         1

 0.168869 -0.501414  0.848568  0.705004
-0.960832  0.108193   0.25514  0.346563
 -0.21974 -0.858416 -0.463504   1.81038
        0         0         0         1

 0.149172 -0.512095  0.845876  0.679194
-0.961895  0.123084  0.244148   0.35416
-0.229141 -0.850064 -0.474221   1.79915
        0         0         0         1

 0.149172 -0.512095  0.845876  0.679194
-0.961895  0.123084  0.244148   0.35416
-0.229141 -0.850064 -0.474221   1.79915
        0         0         0         1

 0.140015 -0.513328  0.846694  0.661364
-0.960312   0.13794  0.242434   0.35784
-0.241241 -0.847034 -0.473641   1.79063
        0         0         0         1

 0.140015 -0.513328  0.846694  0.661364
-0.960312   0.13794  0.242434   0.35784
-0.241241 -0.847034 -0.473641   1.79063
        0         0         0         1

 0.129772 -0.509625  0.850553   0.64662
-0.959412  0.152067  0.237494  0.361139
-0.250374 -0.846852 -0.469207    1.7814
        0         0         0         1

 0.129772 -0.509625  0.850553   0.64662
-0.959412  0.152067  0.237494  0.361139
-0.250374 -0.846852 -0.469207    1.7814
        0         0         0         1

 0.110747 -0.499461  0.859228   0.62901
-0.956806  0.180253  0.228104  0.365269
-0.268808 -0.847377 -0.457925   1.76563
        0         0         0         1

 0.110747 -0.499461  0.859228   0.62901
-0.956806  0.180253  0.228104  0.365269
-0.268808 -0.847377 -0.457925   1.76563
        0         0         0         1

 0.101179 -0.493801  0.863669  0.617971
-0.954349  0.197057   0.22447  0.366928
-0.281035 -0.846953  -0.45132   1.75349
        0         0         0         1

 0.101179 -0.493801  0.863669  0.617971
-0.954349  0.197057   0.22447  0.366928
-0.281035 -0.846953  -0.45132   1.75349
        0         0         0         1

0.0864945 -0.486054  0.869638  0.601902
 -0.95049   0.22126  0.218202  0.368716
-0.298474 -0.845456 -0.442852   1.73283
        0         0         0         1

0.0864945 -0.486054  0.869638  0.601902
 -0.95049   0.22126  0.218202  0.368716
-0.298474 -0.845456 -0.442852   1.73283
        0         0         0         1

0.0747013 -0.480114   0.87402  0.593426
-0.947379  0.239419  0.212488   0.36908
-0.311276 -0.843901 -0.436965    1.7185
        0         0         0         1

0.0747013 -0.480114   0.87402  0.593426
-0.947379  0.239419  0.212488   0.36908
-0.311276 -0.843901 -0.436965    1.7185
        0         0         0         1

0.0637748 -0.481408  0.874173  0.584653
-0.942488  0.258932  0.211353  0.368363
-0.328099 -0.837377 -0.437208    1.7065
        0         0         0         1

0.0637748 -0.481408  0.874173  0.584653
-0.942488  0.258932  0.211353  0.368363
-0.328099 -0.837377 -0.437208    1.7065
        0         0         0         1

0.0447991 -0.480498  0.875851  0.574366
-0.936967  0.283912  0.203681  0.367734
-0.346533 -0.829768 -0.437492   1.68329
        0         0         0         1

0.0447991 -0.480498  0.875851  0.574366
-0.936967  0.283912  0.203681  0.367734
-0.346533 -0.829768 -0.437492   1.68329
        0         0         0         1

  0.03606 -0.471506  0.881125  0.563729
