 -0.490243  -0.338297   0.803254 -0.0885775
 -0.690579  -0.411501  -0.594783    1.02604
  0.531754  -0.846299 -0.0318853    1.83385
         0          0          0          1

 -0.459777  -0.302366   0.834973  -0.144856
  -0.73921  -0.390733   -0.54854    0.96596
  0.492111  -0.869427 -0.0438627    1.83944
         0          0          0          1

 -0.456454   -0.29045   0.841004  -0.156906
 -0.745485  -0.391131  -0.539693   0.951489
  0.485696  -0.873302 -0.0379928    1.82378
         0          0          0          1

 -0.451133  -0.275844   0.848757  -0.172145
 -0.756532  -0.386305  -0.527662   0.934103
  0.473432  -0.880158 -0.0344101    1.81532
         0          0          0          1

  -0.42939  -0.264504   0.863517  -0.197236
 -0.782096  -0.369221  -0.501998   0.903575
  0.451609  -0.890906 -0.0483277    1.83257
         0          0          0          1

 -0.406905  -0.247075   0.879422   -0.22995
   -0.8028  -0.362596  -0.473324    0.86898
  0.435822  -0.898598 -0.0508095    1.83034
         0          0          0          1

 -0.398502  -0.244443   0.883993  -0.239559
 -0.813656  -0.350584  -0.463739   0.852527
  0.423272  -0.904068 -0.0591842      1.834
         0          0          0          1

 -0.380901  -0.219039   0.898296  -0.275067
 -0.832844  -0.340705  -0.436225   0.814903
  0.401604  -0.914299 -0.0526499    1.80445
         0          0          0          1

 -0.375233  -0.220043   0.900434  -0.279656
 -0.842163  -0.324904  -0.430348   0.795607
   0.38725  -0.919793 -0.0633969    1.81224
         0          0          0          1

 -0.363067  -0.219523   0.905534  -0.292211
  -0.85853  -0.298852   -0.41667   0.773043
  0.362089  -0.928707 -0.0799639    1.82315
         0          0          0          1

 -0.358793  -0.215052   0.908306  -0.300898
 -0.864496  -0.290421  -0.410247   0.756733
  0.352016  -0.932421 -0.0817105     1.8124
         0          0          0          1

 -0.343795  -0.206967   0.915953  -0.328867
 -0.882954  -0.260817  -0.390343     0.7132
  0.319684  -0.942942 -0.0930749    1.80413
         0          0          0          1

-0.335602 -0.204214  0.919602 -0.339185
-0.895127 -0.234986 -0.378853  0.696152
  0.29346 -0.950304 -0.103936   1.81208
        0         0         0         1

-0.337829  -0.20727  0.918102 -0.340164
-0.897871 -0.221612 -0.380416  0.681275
 0.282312 -0.952852 -0.111234   1.80293
        0         0         0         1

-0.330535 -0.204321  0.921412 -0.351952
-0.904413 -0.210499 -0.371115  0.666199
 0.269783 -0.956004 -0.115214   1.79646
        0         0         0         1

-0.316569 -0.190581  0.929227  -0.37716
 -0.91545 -0.195213 -0.351913  0.637138
 0.248465 -0.962066  -0.11267   1.78124
        0         0         0         1

-0.303647 -0.192317  0.933173 -0.391782
-0.923374  -0.18207 -0.337981  0.615723
 0.234903 -0.964295 -0.122295   1.77951
        0         0         0         1

-0.312499 -0.196197  0.929436 -0.398207
-0.926456 -0.153169  -0.34383  0.595107
 0.209819 -0.968528 -0.133903    1.7699
        0         0         0         1

-0.315178  -0.19275  0.929252 -0.401993
-0.929605 -0.134404 -0.343177  0.581314
 0.191042    -0.972  -0.13682   1.76852
        0         0         0         1

-0.332322 -0.191159  0.923591 -0.397694
-0.924867  -0.12591 -0.358841  0.580748
 0.184885  -0.97345 -0.134954   1.75193
        0         0         0         1

-0.327821 -0.190289  0.925378 -0.410106
-0.928784 -0.114345 -0.352541  0.566171
 0.172897 -0.975046 -0.139253   1.74683
        0         0         0         1

 -0.333117  -0.176932   0.926136  -0.412936
  -0.93065 -0.0960264  -0.353086   0.553329
  0.151406  -0.979527  -0.132674    1.73126
         0          0          0          1

 -0.321575  -0.174424    0.93068  -0.424774
 -0.936548 -0.0862394  -0.339765   0.535744
  0.139524  -0.980887  -0.135624    1.72781
         0          0          0          1

-0.316186 -0.165657  0.934122 -0.432648
-0.940234 -0.076511 -0.331823  0.523788
 0.126439 -0.983211 -0.131564   1.71507
        0         0         0         1

 -0.302458  -0.165534   0.938679  -0.438165
   -0.9471 -0.0587078  -0.315524   0.512971
  0.107338  -0.984455  -0.139021    1.71986
         0          0          0          1

 -0.293435   -0.15828   0.942785  -0.439822
 -0.951689 -0.0449579  -0.303754   0.506213
 0.0904639   -0.98637  -0.137441    1.70943
         0          0          0          1

 -0.272974    -0.1509   0.950113    -0.4461
 -0.959255 -0.0321534  -0.280707   0.495542
  0.072908  -0.988026  -0.135974    1.70233
         0          0          0          1

  -0.217512   -0.144691    0.965274    -0.46042
  -0.975248 -0.00806261   -0.220968    0.465694
  0.0397547   -0.989444   -0.139356     1.69577
          0           0           0           1

 -0.208766   -0.14585   0.967029  -0.454881
 -0.977547 0.00218177  -0.210708   0.469643
 0.0286218  -0.989304   -0.14303    1.69633
         0          0          0          1

-0.177422 -0.141538  0.973904  -0.46623
-0.984126 0.0212534 -0.176196  0.451731
0.00423956 -0.989705 -0.143062   1.69618
        0         0         0         1

-0.180773 -0.125292  0.975512 -0.464082
-0.983522 0.0255526 -0.178975  0.454057
-0.00250275 -0.991791 -0.127846   1.67705
        0         0         0         1

-0.160231  -0.12169   0.97955 -0.478285
-0.986808 0.0430106 -0.156075  0.435194
-0.0231381 -0.991636 -0.126977   1.66412
        0         0         0         1

-0.153699 -0.122437  0.980503 -0.478594
-0.987382 0.0573117 -0.147621  0.428899
 -0.03812  -0.99082 -0.129701    1.6652
        0         0         0         1

-0.148177 -0.118726  0.981808 -0.478586
-0.987749 0.0669086 -0.140982  0.423938
-0.0489533  -0.99067 -0.127186   1.66203
        0         0         0         1

-0.131416  -0.11965   0.98408 -0.485308
-0.989519 0.0757613 -0.122931  0.412196
-0.0598464 -0.989921 -0.128353   1.65949
        0         0         0         1

-0.138885 -0.114872  0.983624 -0.479658
-0.987887 0.0854933 -0.129503  0.415628
-0.069217 -0.989695 -0.125354   1.65465
        0         0         0         1

-0.149314 -0.103104    0.9834 -0.472255
-0.986368 0.0850957 -0.140843  0.423055
-0.0691617 -0.991024 -0.114404   1.63982
        0         0         0         1

-0.137786 -0.100345  0.985366 -0.475037
 -0.98707 0.0961772  -0.12823  0.416391
-0.0819026 -0.990293 -0.112299   1.62841
        0         0         0         1

 -0.132791 -0.0960864   0.986476  -0.475995
 -0.987167   0.101892   -0.12296   0.415081
-0.0886993  -0.990144  -0.108384     1.6228
         0          0          0          1

 -0.125007 -0.0983248   0.987272  -0.477167
 -0.987753   0.105973  -0.114514   0.409977
-0.0933645  -0.989496  -0.110368    1.61855
         0          0          0          1

 -0.111301   -0.10236   0.988501  -0.483942
 -0.988261   0.116146 -0.0992468   0.398836
 -0.104651  -0.987944  -0.114086    1.61969
         0          0          0          1

 -0.102957  -0.100268   0.989619  -0.482978
  -0.98703   0.133495 -0.0891622   0.391107
 -0.123169  -0.985964  -0.112711    1.61702
         0          0          0          1

 -0.102436 -0.0972487   0.989974   -0.48156
 -0.986902    0.13462 -0.0888944   0.390751
 -0.124625  -0.986114  -0.109765    1.61074
         0          0          0          1

-0.0891734 -0.0977102   0.991212  -0.484496
 -0.986635   0.144928 -0.0744751   0.383464
 -0.136378  -0.984606  -0.109328    1.60937
         0          0          0          1

-0.0991834 -0.0927234    0.99074  -0.479196
  -0.98523   0.148817 -0.0847041   0.387195
 -0.139584  -0.984508  -0.106114    1.60554
         0          0          0          1

-0.0949052 -0.0903089   0.991382  -0.478776
 -0.985113   0.151911 -0.0804669   0.386162
 -0.143335   -0.98426  -0.103382    1.60064
         0          0          0          1

-0.0922824 -0.0882557   0.991814  -0.478576
 -0.985201   0.152581 -0.0780899   0.384325
  -0.14444  -0.984342   -0.10103    1.59664
         0          0          0          1

-0.0789132 -0.0851982   0.993234  -0.483612
  -0.98442   0.163704 -0.0641706   0.373411
 -0.157129  -0.982824 -0.0967892    1.59335
         0          0          0          1

-0.0747547 -0.0852004   0.993556  -0.482724
 -0.984587   0.164286  -0.059992   0.372704
 -0.158115  -0.982726 -0.0961683    1.58984
         0          0          0          1

-0.0653344 -0.0810909   0.994563  -0.484957
 -0.984684   0.166695 -0.0510941   0.367959
 -0.161646  -0.982668 -0.0907399     1.5836
         0          0          0          1

-0.0691242 -0.0741943   0.994845  -0.480019
 -0.983513   0.172108 -0.0555012   0.370654
 -0.167103   -0.98228 -0.0848679    1.57949
         0          0          0          1

-0.0746828 -0.0741088    0.99445  -0.471851
 -0.982254   0.177519 -0.0605378   0.375972
 -0.172047  -0.981323 -0.0860512    1.57894
         0          0          0          1

 -0.073321 -0.0718724   0.994715  -0.471188
 -0.982803   0.174699 -0.0598202    0.37668
 -0.169476  -0.981995 -0.0834455    1.57268
         0          0          0          1

-0.0627613 -0.0704579   0.995538  -0.474787
 -0.983283     0.1752 -0.0495891   0.372112
 -0.170925  -0.982008 -0.0802759    1.56742
         0          0          0          1

-0.0571418 -0.0739027   0.995627  -0.476438
 -0.983282   0.176863 -0.0433052   0.368129
 -0.172889  -0.981457 -0.0827735    1.56706
         0          0          0          1

-0.0495007 -0.0792686   0.995624  -0.479594
 -0.983477   0.177665 -0.0347517   0.363703
 -0.174133  -0.980893 -0.0867534    1.56717
         0          0          0          1

-0.0488977 -0.0814852   0.995474    -0.4785
 -0.983406    0.17826 -0.0337133   0.364152
 -0.174706  -0.980604 -0.0888495    1.56526
         0          0          0          1

-0.0358216 -0.0938911   0.994938   -0.48173
 -0.982673   0.184472 -0.0179716   0.358631
 -0.181851  -0.978343 -0.0988723    1.56376
         0          0          0          1

 -0.031429  -0.101989   0.994289  -0.481911
  -0.98221   0.187414 -0.0118232   0.356324
 -0.185138  -0.976972  -0.106065    1.56501
         0          0          0          1

 -0.0293641   -0.110241    0.993471   -0.481827
  -0.981651    0.190523 -0.00787325    0.355356
  -0.188411   -0.975473   -0.113813     1.56592
          0           0           0           1

 -0.0251244   -0.115659    0.992971   -0.482886
  -0.980629    0.195864 -0.00199833     0.35268
  -0.194256   -0.973787    -0.11834     1.56578
          0           0           0           1

-0.0176112  -0.124283    0.99209  -0.487657
 -0.980337   0.197197 0.00730112   0.345123
 -0.196545  -0.972454  -0.125312    1.55737
         0          0          0          1

  -0.0265001    -0.124251     0.991897    -0.482392
   -0.979503     0.201427 -0.000936984     0.348793
   -0.199678    -0.971591    -0.127042      1.55433
           0            0            0            1

-0.0184307 -0.137322  0.990355 -0.484904
-0.977928  0.208668 0.0107343  0.344223
-0.208129 -0.968298 -0.138137   1.55749
        0         0         0         1

-0.0225554 -0.146281  0.988986 -0.484175
-0.977729  0.209689 0.0087165  0.344862
-0.208655 -0.966764 -0.147753   1.55811
        0         0         0         1

-0.0176655 -0.153765   0.98795 -0.486419
-0.976948  0.212901 0.0156671  0.341812
-0.212744 -0.964899 -0.153981   1.55773
        0         0         0         1

-0.0197746 -0.160079  0.986906 -0.485466
-0.976071  0.216891 0.0156228  0.342625
-0.216552 -0.962981 -0.160537   1.55835
        0         0         0         1

-0.00720137 -0.180444  0.983559 -0.488673
-0.973691   0.22529 0.0342027  0.336051
-0.227758 -0.957436 -0.177319   1.56037
        0         0         0         1

-0.00853212 -0.181197   0.98341 -0.488876
-0.973501  0.226252 0.0332416  0.335793
-0.228522 -0.957067 -0.178326   1.55746
        0         0         0         1

-0.00730561 -0.186332   0.98246 -0.489148
-0.972315  0.230801 0.0365433  0.334354
-0.233562 -0.954993  -0.18286   1.55654
        0         0         0         1

-0.0135574 -0.187739  0.982125 -0.487895
-0.972264  0.231837 0.0308958  0.334773
-0.233493 -0.954466 -0.185675   1.55556
        0         0         0         1

-0.0185902 -0.187491   0.98209 -0.487099
-0.971479   0.23563 0.0265947  0.335645
-0.236396 -0.953586 -0.186524    1.5526
        0         0         0         1

-0.025162 -0.188528  0.981745 -0.484665
-0.970783  0.239036  0.021022  0.337844
-0.238636 -0.952533 -0.189035   1.55359
        0         0         0         1

-0.0309477  -0.18003  0.983174 -0.481923
 -0.97017  0.242033 0.0137805  0.340807
-0.240442  -0.95342  -0.18215   1.55051
        0         0         0         1

-0.0237273 -0.178507  0.983653 -0.483928
-0.970523  0.240163 0.0201725  0.338485
-0.239838 -0.954179 -0.178943   1.54829
        0         0         0         1

-0.0111061 -0.187649  0.982173 -0.488286
-0.968677  0.245703 0.0359893   0.33117
-0.248076 -0.951009   -0.1845   1.55288
        0         0         0         1

-0.0199822 -0.184869   0.98256 -0.487323
-0.968895  0.246039 0.0265882  0.332111
-0.246664 -0.951466 -0.184036    1.5539
        0         0         0         1

-0.0216329 -0.170047  0.985199 -0.485248
-0.968069  0.249728 0.0218466  0.333801
-0.249747 -0.953268 -0.170019   1.55059
        0         0         0         1

-0.0168484  -0.16724  0.985772 -0.486405
-0.967147  0.252847 0.0263663  0.331889
-0.253659 -0.952942 -0.166006   1.55084
        0         0         0         1

-0.0105912 -0.159215  0.987187 -0.488446
-0.967032  0.252835 0.0304025  0.328563
-0.254436 -0.954319 -0.156644   1.54856
        0         0         0         1

-0.00578102  -0.15382  0.988082 -0.491714
-0.966586  0.254092 0.0339006  0.324626
-0.256278  -0.95487 -0.150149   1.54645
        0         0         0         1

-0.00931712 -0.129203  0.991574 -0.489563
-0.966832  0.254279 0.0240482  0.327673
-0.255244 -0.958462 -0.127287   1.54013
        0         0         0         1

-0.00465447 -0.118196  0.992979 -0.489296
-0.966541  0.255206  0.025847  0.327579
-0.256469 -0.959635 -0.115429   1.53817
        0         0         0         1

0.00515236 -0.109711   0.99395 -0.490516
-0.965847  0.256956 0.0333692  0.325341
-0.259063 -0.960176  -0.10464   1.53836
        0         0         0         1

-0.0012994 -0.0968406   0.995299  -0.488229
 -0.967193   0.252967  0.0233505   0.328221
 -0.254039  -0.962616 -0.0939923    1.53656
         0          0          0          1

0.00415513 -0.0907887   0.995862  -0.487582
 -0.967295    0.25221  0.0270289   0.328749
  -0.25362  -0.963404 -0.0867715    1.53621
         0          0          0          1

 0.0110532 -0.0818114   0.996587  -0.488185
 -0.968286   0.247902    0.03109   0.327838
   -0.2496  -0.965324 -0.0764767    1.53411
         0          0          0          1

0.00959356  -0.075669   0.997087  -0.486303
 -0.970192   0.240759   0.027606   0.329457
 -0.242146  -0.967631 -0.0711037    1.53112
         0          0          0          1

 0.0137192  -0.080024   0.996699  -0.486935
 -0.969848   0.241502  0.0327396   0.329051
 -0.243325  -0.967095 -0.0742979    1.53254
         0          0          0          1

 0.0183794 -0.0790882   0.996698  -0.487977
 -0.970616   0.237807  0.0367684   0.327366
  -0.23993  -0.968087 -0.0723935    1.53268
         0          0          0          1

 0.0194313 -0.0822709   0.996421  -0.487243
 -0.970689   0.237232  0.0385169   0.326717
 -0.239552  -0.967963 -0.0752497     1.5356
         0          0          0          1

 0.0244567 -0.0782476   0.996634  -0.483954
 -0.973299    0.22574  0.0416073    0.33007
 -0.228236   -0.97104 -0.0706374    1.53789
         0          0          0          1

0.0327685 -0.079912  0.996263 -0.483599
-0.974081  0.220662 0.0497386  0.329501
-0.223812 -0.972071  -0.07061   1.53974
        0         0         0         1

 0.0483713  -0.079912   0.995628  -0.484375
 -0.974349   0.215558  0.0646388   0.327405
 -0.219781  -0.973216 -0.0674354    1.54159
         0          0          0          1

 0.0600318 -0.0832582   0.994718  -0.484761
 -0.976261   0.202862  0.0758975   0.326665
  -0.20811  -0.975661 -0.0691036    1.54243
         0          0          0          1

  0.064904 -0.0804318   0.994645  -0.482388
 -0.977988   0.192954  0.0794203   0.329141
 -0.198309  -0.977906 -0.0661378    1.54337
         0          0          0          1

  0.077261 -0.0869892   0.993209  -0.479522
 -0.978384   0.185049  0.0923151   0.331222
 -0.191823  -0.978872 -0.0708117    1.54933
         0          0          0          1

  0.104111 -0.0861955   0.990824  -0.473883
 -0.981454    0.15233   0.116378    0.33787
 -0.160964  -0.984564 -0.0687376      1.557
         0          0          0          1

  0.124273 -0.0956203    0.98763  -0.475597
 -0.979817   0.145235   0.137351   0.333545
 -0.156572  -0.984766 -0.0756417    1.56732
         0          0          0          1

 0.139907 -0.100093  0.985093 -0.474779
-0.979362  0.132567  0.152563  0.329068
-0.145861 -0.986107  -0.07948   1.57835
        0         0         0         1

  0.148921  -0.098512    0.98393   -0.47527
 -0.979967   0.118359   0.160172    0.32992
 -0.132236  -0.988072 -0.0789124    1.58342
         0          0          0          1

  0.145819 -0.0967156   0.984572   -0.46385
 -0.984731  0.0814609   0.153845   0.343123
-0.0950834  -0.991973 -0.0833603    1.59366
         0          0          0          1

   0.15164  -0.088866   0.984433  -0.461323
 -0.984992  0.0694819   0.157998   0.345393
-0.0824409  -0.993617 -0.0769961    1.59557
         0          0          0          1

  0.157218 -0.0896736   0.983484  -0.458357
  -0.98523  0.0541823   0.162437   0.349273
-0.0678538  -0.994496 -0.0798307    1.60477
         0          0          0          1

  0.154605 -0.0955995    0.98334  -0.446936
 -0.986283   0.043315   0.159278   0.358246
-0.0578203  -0.994477 -0.0875914    1.61832
         0          0          0          1

  0.171728  -0.104314   0.979606  -0.452343
 -0.984168  0.0260939   0.175306   0.353869
-0.0438486  -0.994202 -0.0981814    1.62989
         0          0          0          1

  0.161499  -0.104328   0.981343   -0.43844
  -0.98659 0.00673985   0.163079   0.371001
-0.0236279   -0.99452  -0.101841    1.63097
         0          0          0          1

  0.189789  -0.113835   0.975203  -0.433763
 -0.981752 -0.0341154   0.187082     0.3713
 0.0119731  -0.992914  -0.118232    1.64405
         0          0          0          1

  0.197754  -0.121805   0.972655  -0.428715
 -0.980015 -0.0463514   0.193446    0.37379
 0.0215212  -0.991471  -0.128537    1.65513
         0          0          0          1

  0.196085  -0.129047   0.972058  -0.412075
 -0.979823 -0.0649155   0.189033   0.389399
 0.0387075  -0.989511  -0.139172    1.66699
         0          0          0          1

  0.214517  -0.135772   0.967237  -0.409891
 -0.975597 -0.0772573   0.205527   0.386543
 0.0468215  -0.987723  -0.149032    1.68071
         0          0          0          1

 0.222014 -0.142675  0.964548 -0.381741
 -0.97145 -0.117221  0.206264  0.409756
0.0836367 -0.982804 -0.164626   1.69804
        0         0         0         1

 0.223635 -0.137964  0.964859 -0.368823
-0.968894 -0.139109  0.204679  0.423243
 0.105982  -0.98062 -0.164782   1.70132
        0         0         0         1

 0.235915 -0.139385  0.961726   -0.3577
-0.963424 -0.163005  0.212707  0.430739
 0.127118  -0.97673 -0.172742   1.71314
        0         0         0         1

 0.246966 -0.141426  0.958648  -0.34918
-0.958918 -0.178173   0.22075  0.433392
 0.139585 -0.973783 -0.179619   1.72963
        0         0         0         1

 0.250226 -0.134684  0.958774 -0.334704
 -0.95486 -0.198071  0.221381  0.443744
 0.160089  -0.97089 -0.178167   1.73729
        0         0         0         1

 0.265013 -0.134955  0.954754 -0.326461
-0.948607  -0.21409  0.233045  0.445991
 0.172952 -0.967446 -0.184756     1.749
        0         0         0         1

 0.294796  -0.13877   0.94543 -0.306368
-0.937316 -0.234409   0.25786  0.448777
 0.185834 -0.962183 -0.199174   1.77917
        0         0         0         1

 0.290762 -0.133103  0.947492 -0.294104
-0.936364 -0.243138  0.253191  0.457668
 0.196671 -0.960816 -0.195328   1.78248
        0         0         0         1

 0.293129 -0.126948  0.947607 -0.285353
-0.933609   -0.2516  0.255093  0.460744
 0.206034  -0.95947 -0.192271   1.79176
        0         0         0         1

 0.287761 -0.122842  0.949791 -0.271618
-0.932569 -0.261653  0.248701  0.467957
 0.217965 -0.957313 -0.189853   1.79745
        0         0         0         1

 0.277723  -0.11584  0.953651  -0.25306
-0.932669 -0.270406  0.238766  0.479878
 0.230214 -0.955752 -0.183138   1.80486
        0         0         0         1

 0.276573 -0.107254  0.954989  -0.24395
-0.930654 -0.277622  0.238346  0.480175
 0.239562 -0.954685 -0.176599   1.81096
        0         0         0         1

  0.267143 -0.0911957   0.959332  -0.215555
 -0.926432  -0.298325   0.229622   0.488967
  0.265252  -0.950098  -0.164182    1.82369
         0          0          0          1

  0.270019 -0.0841207   0.959173  -0.204545
 -0.923256  -0.305367   0.233127   0.491332
  0.273289  -0.948512   -0.16012    1.83232
         0          0          0          1

  0.274433 -0.0808943   0.958198  -0.186132
 -0.921273  -0.307682   0.237882   0.493267
  0.275577  -0.948044  -0.158964    1.85032
         0          0          0          1

  0.280265 -0.0791221   0.956656  -0.168732
  -0.91928  -0.309042   0.243756   0.496653
   0.27636  -0.947752  -0.159349    1.86306
         0          0          0          1

  0.302892 -0.0679804   0.950597  -0.131237
 -0.909374  -0.319032   0.266942   0.503058
  0.285124  -0.945303  -0.158452    1.88408
         0          0          0          1

  0.318844 -0.0576296   0.946054  -0.118014
 -0.901561  -0.326424   0.283964   0.504137
   0.29245  -0.943465  -0.156035    1.88786
         0          0          0          1

  0.329137 -0.0474501   0.943089  -0.093586
 -0.895025  -0.334032   0.295556   0.509206
  0.300998  -0.941367  -0.152411    1.89599
         0          0          0          1

  0.337215  -0.038273   0.940649 -0.0742516
  -0.88963  -0.339814   0.305099   0.513629
  0.307969  -0.939713  -0.148639    1.90329
         0          0          0          1

   0.363685 -0.00858986    0.931482  -0.0391226
  -0.873482   -0.350593    0.337807    0.513635
   0.323669   -0.936489   -0.135009     1.91392
          0           0           0           1

  0.370863 0.00491178   0.928675 -0.0241699
 -0.868304  -0.352862   0.348621   0.513545
  0.329406  -0.935662  -0.126598    1.91926
         0          0          0          1

   0.383626   0.0107558    0.923426 0.000560164
  -0.863432   -0.350531    0.362785    0.512888
   0.327591    -0.93649   -0.125186     1.93467
          0           0           0           1

 0.389584 0.0188056  0.920799  0.020427
-0.860227 -0.349706  0.371099  0.513416
 0.328988 -0.936671 -0.120063   1.94245
        0         0         0         1

 0.397829 0.0361267  0.916748 0.0399302
-0.853868 -0.350954  0.384371   0.51315
 0.335622 -0.935696 -0.108772   1.94469
        0         0         0         1

 0.401589 0.0450841   0.91471 0.0627164
-0.850972 -0.350782  0.390895  0.515762
 0.338487 -0.935371 -0.102505   1.94971
        0         0         0         1

  0.408039  0.0684233   0.910397   0.112785
 -0.841098  -0.359627   0.404008   0.520639
  0.355047  -0.930584 -0.0891915     1.9558
         0          0          0          1

   0.41418  0.0789865   0.906761   0.131963
  -0.83677  -0.358959   0.413478   0.520286
   0.35815  -0.930005 -0.0825802    1.96198
         0          0          0          1

  0.417884  0.0849103   0.904524   0.158153
 -0.831525  -0.365326   0.418453   0.522209
  0.365977  -0.926999 -0.0820589    1.96364
         0          0          0          1

 0.424762 0.0966426  0.900132  0.172669
-0.827991 -0.360581  0.429434  0.516934
 0.366072 -0.927708 -0.073142   1.97014
        0         0         0         1

  0.435106   0.106992      0.894   0.194054
 -0.822293   -0.35724    0.44296   0.512344
  0.366766  -0.927864 -0.0674582    1.97596
         0          0          0          1

   0.44072   0.105577   0.891414   0.217313
 -0.820574  -0.355198   0.447765   0.510961
  0.363902   -0.92881 -0.0699093    1.98294
         0          0          0          1

 0.445131  0.115177  0.888027  0.268401
-0.816204 -0.355729  0.455267  0.508693
 0.368333 -0.927465 -0.064338   1.98715
        0         0         0         1

  0.447105    0.11988   0.886412   0.290412
 -0.812245  -0.360643    0.45847   0.509504
   0.37464  -0.924968 -0.0638732      1.987
         0          0          0          1

  0.451661   0.120263   0.884047   0.317646
 -0.809722  -0.360819   0.462773   0.507382
  0.374636  -0.924849 -0.0655883    1.99154
         0          0          0          1

  0.454191    0.12402    0.88223   0.338207
 -0.806767  -0.362834   0.466347   0.504213
  0.377939  -0.923564 -0.0647409    1.99228
         0          0          0          1

  0.465518   0.125405   0.876109   0.386205
 -0.800736  -0.361974   0.477281   0.495802
  0.376982  -0.923715 -0.0680894    1.99993
         0          0          0          1

  0.467869   0.121104   0.875461   0.412425
 -0.800473  -0.361813   0.477844   0.493306
  0.374622  -0.924351 -0.0723403    2.00379
         0          0          0          1

  0.474097   0.122232   0.871947   0.435507
 -0.797395  -0.360326   0.484073   0.488252
  0.373354  -0.924784 -0.0733625    2.00496
         0          0          0          1

   0.47492   0.117484   0.872152   0.462017
 -0.798222  -0.359766   0.483125   0.485958
   0.37053  -0.925616 -0.0770816    2.00745
         0          0          0          1

  0.477415   0.117677   0.870762   0.487132
 -0.797673  -0.357559   0.485664   0.480633
    0.3685  -0.926447 -0.0768365    2.00784
         0          0          0          1

 0.478808  0.115744  0.870256  0.509557
-0.798882 -0.353607  0.486569  0.474731
 0.364047 -0.928205 -0.076844   2.01253
        0         0         0         1

   0.47439   0.112261   0.873127   0.565147
 -0.801968  -0.353925   0.481233    0.46895
  0.363045  -0.928512 -0.0778693    2.00773
         0          0          0          1

 0.473212  0.111368  0.873881   0.58761
-0.803719 -0.351584  0.480025  0.463731
 0.360702 -0.929508 -0.076865   2.01002
        0         0         0         1

  0.471392   0.111247   0.874879   0.614774
  -0.80545  -0.349756   0.478457   0.458374
  0.359221  -0.930212 -0.0752681    2.00779
         0          0          0          1

 0.470144  0.111438  0.875526  0.637088
-0.806449 -0.348829   0.47745  0.453883
 0.358615 -0.930538 -0.074131   2.00684
        0         0         0         1

 0.468069  0.109533  0.876878  0.684939
-0.810271 -0.342809  0.475336  0.440088
 0.352666 -0.932998 -0.071707   2.00664
        0         0         0         1

  0.463896     0.1047   0.879681   0.709864
 -0.814179  -0.340985   0.469938    0.43577
  0.349161   -0.93422 -0.0729369    2.00409
         0          0          0          1

  0.455971   0.101723   0.884162   0.736932
 -0.821007  -0.335427   0.461992   0.428423
  0.343567  -0.936558 -0.0694293    2.00409
         0          0          0          1

  0.448264  0.0966775   0.888658   0.760702
 -0.828857   -0.32733   0.453709   0.421698
  0.334748  -0.939951 -0.0665985    2.00369
         0          0          0          1

  0.439538  0.0928005   0.893417   0.788848
 -0.834584  -0.325533   0.444407   0.416346
  0.332078  -0.940966 -0.0656344    1.99934
         0          0          0          1

  0.433776  0.0900467    0.89651   0.811018
 -0.840155  -0.319074   0.438556   0.409586
  0.325544  -0.943442 -0.0627533    1.99782
         0          0          0          1

 0.423053  0.082706  0.902322  0.860023
-0.850855 -0.306152  0.426985  0.394397
 0.311562 -0.948383 -0.059148   1.99248
        0         0         0         1

  0.419809   0.080927   0.903997   0.882205
 -0.854981  -0.298984   0.423812   0.386749
  0.304578  -0.950821 -0.0563251    1.99108
         0          0          0          1

  0.418379  0.0775967   0.904952   0.908358
  -0.85798  -0.293177   0.421802   0.378813
  0.298042  -0.952904 -0.0560828    1.98674
         0          0          0          1

  0.420237  0.0729259   0.904479   0.929202
 -0.859502  -0.287618    0.42253   0.371727
  0.290958  -0.954965 -0.0581879    1.98454
         0          0          0          1

  0.417313  0.0524025   0.907251   0.984669
   -0.8647  -0.284199   0.414156   0.356847
  0.279542  -0.957332 -0.0732875    1.97281
         0          0          0          1

  0.418563  0.0460267   0.907021    1.00395
 -0.866641  -0.278373   0.414055   0.348513
  0.271548   -0.95937 -0.0766279    1.97009
         0          0          0          1

  0.417884   0.038279   0.907693    1.02861
 -0.869521  -0.272666   0.411809    0.33925
  0.263261  -0.961347 -0.0806585    1.96508
         0          0          0          1

  0.417392  0.0288454   0.908269    1.05067
 -0.871798  -0.269325   0.409185    0.33174
  0.256423  -0.962617 -0.0872669    1.95935
         0          0          0          1

  0.415489  0.0202293   0.909373    1.07691
 -0.874504   -0.26614   0.405477   0.322959
  0.250223  -0.963722 -0.0928876    1.95132
         0          0          0          1

  0.414582  0.0161704   0.909868    1.09651
 -0.876696  -0.260967   0.404105   0.314647
   0.24398  -0.965212 -0.0940157    1.94645
         0          0          0          1

  0.409139 0.00193077    0.91247    1.14146
 -0.884223   -0.24606   0.396994   0.295438
  0.225289  -0.969253 -0.0989657    1.93375
         0          0          0          1

   0.404028 -0.00657238    0.914723     1.16187
  -0.887735   -0.244028    0.390355    0.287835
   0.220653   -0.969746   -0.104429     1.92571
          0           0           0           1

 0.395077 -0.018202  0.918468   1.18725
-0.894456 -0.235559   0.38008  0.277262
 0.209435  -0.97169 -0.109345   1.91826
        0         0         0         1

  0.384199 -0.0295316   0.922778    1.20877
  -0.90052  -0.232405   0.367494   0.269246
  0.203606  -0.972171  -0.115884    1.90943
         0          0          0          1

  0.366127 -0.0509466   0.929169    1.25257
 -0.911868  -0.218792   0.347314   0.250324
    0.1856  -0.974441  -0.126562    1.89081
         0          0          0          1

  0.360032 -0.0594399   0.931044    1.27162
 -0.915519  -0.214469   0.340336   0.242523
  0.179451   -0.97492  -0.131634    1.88119
         0          0          0          1

  0.355256 -0.0680429   0.932289    1.29404
 -0.919015  -0.207756   0.335035   0.232684
  0.170892  -0.975811  -0.136339    1.87077
         0          0          0          1

  0.348855 -0.0725463   0.934365    1.31207
 -0.923243  -0.197883   0.329339   0.223455
  0.161002  -0.977537   -0.13601    1.86327
         0          0          0          1

  0.345213 -0.0811682   0.935008    1.33265
 -0.926592  -0.187835     0.3258   0.213489
  0.149183  -0.978841  -0.140053    1.85146
         0          0          0          1

  0.343782 -0.0943678   0.934296    1.35178
 -0.928501  -0.182868   0.323179   0.205357
  0.140355  -0.978598  -0.150487    1.84043
         0          0          0          1

 0.336967  -0.11053  0.935006   1.39249
-0.933426 -0.169129  0.316404  0.186553
 0.123165 -0.979376 -0.160163   1.81581
        0         0         0         1

 0.332054 -0.118545  0.935782   1.40988
-0.936391 -0.160943  0.311881  0.178043
 0.113636 -0.979818 -0.164447   1.80506
        0         0         0         1

 0.324185 -0.131874  0.936757   1.43091
-0.940212 -0.154228  0.303669   0.16845
 0.104428 -0.979195 -0.173988   1.79063
        0         0         0         1

 0.320343 -0.140438  0.936834   1.44724
 -0.94265 -0.145144  0.300573  0.159783
0.0937634 -0.979393  -0.17888   1.78042
        0         0         0         1

  0.30786  -0.15626  0.938512   1.48273
-0.948145 -0.132312   0.28899  0.141999
0.0790185 -0.978814 -0.188891   1.75414
        0         0         0         1

 0.299485 -0.163513  0.939985   1.49808
 -0.95135 -0.125934  0.281199  0.134026
0.0723968  -0.97847 -0.193273   1.74268
        0         0         0         1

 0.291271 -0.172623  0.940937   1.51392
-0.954637  -0.11608  0.274216  0.125213
0.0618879 -0.978124 -0.198603   1.73009
        0         0         0         1

 0.281012 -0.185813  0.941544   1.52873
-0.958053 -0.111838  0.263868  0.117808
0.0562708   -0.9762 -0.209446   1.71784
        0         0         0         1

 0.269871 -0.197216  0.942483   1.54497
-0.961629 -0.105405  0.253297  0.109039
0.0493878 -0.974677 -0.218095   1.70443
        0         0         0         1

 0.269871 -0.197216  0.942483   1.54497
-0.961629 -0.105405  0.253297  0.109039
0.0493878 -0.974677 -0.218095   1.70443
        0         0         0         1

  0.237884  -0.230767   0.943482    1.58836
  -0.97092 -0.0834279   0.224396  0.0840678
 0.0269296  -0.969426  -0.243902    1.66956
         0          0          0          1

  0.228375  -0.239942   0.943543    1.60008
 -0.973253 -0.0811255   0.214936  0.0777547
 0.0249731  -0.967392  -0.252052    1.65869
         0          0          0          1

  0.212903  -0.249612   0.944651    1.61336
 -0.976936 -0.0705758   0.201531  0.0694899
 0.0163651  -0.965771  -0.258881    1.64746
         0          0          0          1

  0.200883  -0.261007   0.944204    1.62466
 -0.979527 -0.0664351   0.190033  0.0630928
 0.0131284  -0.963048  -0.269009    1.63698
         0          0          0          1

  0.174782   -0.28794   0.941563    1.64823
 -0.984599 -0.0550319   0.165942  0.0491404
0.00403485  -0.956066  -0.293124    1.61459
         0          0          0          1

   0.16318  -0.297902   0.940546    1.65799
 -0.986595 -0.0507946   0.155081   0.043263
0.00157573  -0.953244  -0.302197    1.60503
         0          0          0          1

  0.151118  -0.308258   0.939223    1.66914
 -0.988516 -0.0468255   0.143681  0.0363185
-0.000311203   -0.95015  -0.311794    1.59381
         0          0          0          1

  0.143303  -0.317614   0.937329    1.67806
 -0.989673 -0.0426423   0.136857  0.0307353
-0.00349761  -0.947261  -0.320444    1.58469
         0          0          0          1

  0.132044  -0.328863   0.935101    1.68929
  -0.99123 -0.0388049   0.126323  0.0242542
-0.00525646   -0.94358  -0.331103    1.57335
         0          0          0          1

   0.12169  -0.338025   0.933237    1.69797
 -0.992542 -0.0345529   0.116907  0.0189376
-0.00727166  -0.940503  -0.339709      1.564
         0          0          0          1

  0.102073  -0.355298   0.929163    1.71547
 -0.994682 -0.0235855   0.100252 0.00813061
-0.0137045  -0.934455  -0.355816    1.54398
         0          0          0          1

 0.0951232  -0.358838    0.92854     1.7222
 -0.995345 -0.0197996  0.0943153 0.00386241
-0.0154592   -0.93319  -0.359051    1.53637
         0          0          0          1

  0.0822189   -0.363837    0.927827     1.73064
  -0.996508  -0.0164194   0.0818664 -0.00143296
 -0.0145517   -0.931318   -0.363916     1.52648
          0           0           0           1

  0.0726048   -0.364359    0.928424     1.73645
  -0.997244  -0.0122781   0.0731682 -0.00514837
 -0.0152603   -0.931177   -0.364247     1.51907
          0           0           0           1

  0.0504468   -0.365074    0.929611      1.7494
  -0.998592 -0.00315725   0.0529503  -0.0136827
 -0.0163958   -0.930973   -0.364719     1.50357
          0           0           0           1

 0.0427406  -0.367453    0.92906    1.75408
 -0.998917  0.0014135  0.0465134 -0.0167659
-0.0184047  -0.930041  -0.366994    1.49706
         0          0          0          1

 0.0326649  -0.372026   0.927647    1.76158
 -0.999263 0.00654609  0.0378119 -0.0220066
-0.0201395  -0.928199  -0.371538     1.4893
         0          0          0          1

  0.029194  -0.375438   0.926388    1.76568
 -0.999365 0.00798082  0.0347282 -0.0245483
-0.0204316  -0.926813  -0.374967    1.48303
         0          0          0          1

  0.018405  -0.380099   0.924763    1.77085
 -0.999608  0.0125027  0.0250335 -0.0281495
-0.0210773  -0.924861   -0.37972    1.47572
         0          0          0          1

 0.0123296  -0.384675    0.92297    1.77525
 -0.999622  0.0179514  0.0208354 -0.0314212
-0.0245835  -0.922877  -0.384308    1.47041
         0          0          0          1

0.0190204  -0.40182  0.915521    1.7829
-0.999193 0.0247691 0.0316298  -0.03674
-0.0353862 -0.915384 -0.401024   1.45806
        0         0         0         1

 0.0236208  -0.405974   0.913579    1.78603
 -0.999011  0.0248374  0.0368669 -0.0391544
 -0.037658  -0.913547  -0.404986    1.45349
         0          0          0          1

 0.0316777  -0.412883   0.910233    1.78995
 -0.998653  0.0243587  0.0458041 -0.0417657
-0.0410838  -0.910458  -0.411555    1.44689
         0          0          0          1

0.0391276 -0.420135  0.906618   1.79238
-0.998194 0.0249511 0.0546425 -0.043401
-0.0455784 -0.907118   -0.4184   1.44154
        0         0         0         1

 0.0506085  -0.434938   0.899037    1.79922
 -0.997307  0.0258278  0.0686353 -0.0489237
-0.0530722   -0.90009   -0.43246    1.43158
         0          0          0          1

0.0536507 -0.439295  0.896739   1.80058
-0.996995 0.0266883 0.0727229 -0.050065
-0.0558793 -0.897946 -0.436543   1.42751
        0         0         0         1

 0.0526155  -0.444722   0.894122    1.80315
 -0.996941  0.0284252  0.0728043 -0.0521395
-0.0577932  -0.895217  -0.441866     1.4223
         0          0          0          1

 0.0517475  -0.448024   0.892523    1.80495
 -0.996876  0.0302213  0.0729681 -0.0539772
-0.0596646  -0.893511   -0.44506    1.41922
         0          0          0          1

 0.0444509  -0.446334   0.893762    1.80719
 -0.997292   0.032637  0.0658985 -0.0561286
-0.0585825  -0.894271  -0.443675    1.41692
         0          0          0          1

 0.0363146  -0.444753   0.894917    1.80822
 -0.997836  0.0329856   0.056884 -0.0568647
-0.0548187  -0.895046  -0.442592    1.41339
         0          0          0          1

 0.0213661  -0.441287   0.897112    1.81025
 -0.998426  0.0371294  0.0420429 -0.0591549
-0.0518622  -0.896598  -0.439799    1.40765
         0          0          0          1

 0.0161971  -0.439369   0.898161    1.81114
 -0.998592  0.0382739  0.0367313 -0.0602565
-0.0505148  -0.897491  -0.438131    1.40539
         0          0          0          1

 0.0091848  -0.439524   0.898184    1.81296
 -0.998743  0.0402276  0.0298984 -0.0620021
-0.0492729   -0.89733  -0.438602    1.40129
         0          0          0          1

0.00738692  -0.438329   0.898784    1.81335
 -0.998729  0.0415819  0.0284875 -0.0625973
  -0.04986  -0.897852  -0.437465     1.3993
         0          0          0          1

0.00576159  -0.439713    0.89812    1.81457
 -0.998586  0.0449352   0.028406 -0.0643896
-0.0528477  -0.897014  -0.438832    1.39326
         0          0          0          1

0.00642132  -0.440402   0.897778    1.81634
 -0.998434   0.047077  0.0302347 -0.0665973
-0.0555801  -0.896565   -0.43941    1.39172
         0          0          0          1

0.00851352 -0.441374  0.897283   1.81674
-0.998292 0.0481199 0.0331422 -0.067564
-0.0578053 -0.896032 -0.440211   1.38836
        0         0         0         1

 0.0105525  -0.441938   0.896983    1.81629
 -0.998216  0.0480654  0.0354249 -0.0673327
-0.0587695  -0.895757  -0.440643    1.38518
         0          0          0          1

 0.0150933  -0.442735   0.896525    1.81718
 -0.997918  0.0495627  0.0412761 -0.0693092
-0.0627086  -0.895282  -0.441065      1.384
