-0.401042 -0.633802  0.661408  0.643318
-0.780753  -0.14117 -0.608684   1.07314
 0.479156 -0.760504 -0.438227     2.084
        0         0         0         1

 -0.33781 -0.626755  0.702185   0.56779
-0.823088 -0.165138 -0.543374   1.00735
 0.456519 -0.761517 -0.460089   2.10714
        0         0         0         1

 -0.33781 -0.626755  0.702185   0.56779
-0.823088 -0.165138 -0.543374   1.00735
 0.456519 -0.761517 -0.460089   2.10714
        0         0         0         1

-0.311772 -0.626173  0.714637  0.548106
-0.850799 -0.150869 -0.503368  0.953815
 0.423012 -0.764949  -0.48571   2.14656
        0         0         0         1

-0.311772 -0.626173  0.714637  0.548106
-0.850799 -0.150869 -0.503368  0.953815
 0.423012 -0.764949  -0.48571   2.14656
        0         0         0         1

-0.270352 -0.599877  0.753032  0.476786
-0.873043 -0.176955 -0.454403   0.89094
 0.405839 -0.780278 -0.475878   2.14805
        0         0         0         1

-0.270352 -0.599877  0.753032  0.476786
-0.873043 -0.176955 -0.454403   0.89094
 0.405839 -0.780278 -0.475878   2.14805
        0         0         0         1

-0.252389 -0.593502  0.764235  0.442092
-0.878753 -0.190055 -0.437804  0.853907
 0.405084 -0.782071 -0.473574   2.14346
        0         0         0         1

-0.252389 -0.593502  0.764235  0.442092
-0.878753 -0.190055 -0.437804  0.853907
 0.405084 -0.782071 -0.473574   2.14346
        0         0         0         1

-0.240881  -0.59286  0.768435  0.414749
-0.881473 -0.197713 -0.428854  0.818812
  0.40618 -0.780657 -0.474965   2.13665
        0         0         0         1

-0.240881  -0.59286  0.768435  0.414749
-0.881473 -0.197713 -0.428854  0.818812
  0.40618 -0.780657 -0.474965   2.13665
        0         0         0         1

-0.195375 -0.589462  0.783813   0.36757
-0.909468 -0.190188 -0.369725   0.74845
  0.36701 -0.785088 -0.498939   2.14539
        0         0         0         1

-0.195375 -0.589462  0.783813   0.36757
-0.909468 -0.190188 -0.369725   0.74845
  0.36701 -0.785088 -0.498939   2.14539
        0         0         0         1

-0.162849 -0.574638  0.802042   0.33673
-0.928803 -0.184967  -0.32111  0.705866
 0.332873 -0.797232 -0.503604   2.13916
        0         0         0         1

-0.162849 -0.574638  0.802042   0.33673
-0.928803 -0.184967  -0.32111  0.705866
 0.332873 -0.797232 -0.503604   2.13916
        0         0         0         1

-0.127609 -0.538671  0.832796  0.286816
-0.947076 -0.183186 -0.263609  0.639818
 0.294555 -0.822361 -0.486786   2.13175
        0         0         0         1

-0.127609 -0.538671  0.832796  0.286816
-0.947076 -0.183186 -0.263609  0.639818
 0.294555 -0.822361 -0.486786   2.13175
        0         0         0         1

-0.126801 -0.486081  0.864666  0.247808
-0.952738 -0.182922 -0.242549  0.603356
 0.276065 -0.854555 -0.439913   2.10372
        0         0         0         1

-0.126801 -0.486081  0.864666  0.247808
-0.952738 -0.182922 -0.242549  0.603356
 0.276065 -0.854555 -0.439913   2.10372
        0         0         0         1

-0.142253 -0.491061  0.859432  0.237987
-0.958953 -0.146804 -0.242606   0.57439
 0.245302 -0.858666 -0.450021   2.08654
        0         0         0         1

-0.142253 -0.491061  0.859432  0.237987
-0.958953 -0.146804 -0.242606   0.57439
 0.245302 -0.858666 -0.450021   2.08654
        0         0         0         1

-0.114198 -0.488373   0.86513    0.2146
-0.977304 -0.101177 -0.186121  0.517343
 0.178427  -0.86675 -0.465734   2.07415
        0         0         0         1

-0.114198 -0.488373   0.86513    0.2146
-0.977304 -0.101177 -0.186121  0.517343
 0.178427  -0.86675 -0.465734   2.07415
        0         0         0         1

-0.0734076   -0.47386   0.877535    0.18014
 -0.989148 -0.0776943  -0.124698   0.474583
  0.127269  -0.877166  -0.463014      2.055
         0          0          0          1

-0.0734076   -0.47386   0.877535    0.18014
 -0.989148 -0.0776943  -0.124698   0.474583
  0.127269  -0.877166  -0.463014      2.055
         0          0          0          1

-0.0422607  -0.467354    0.88306   0.148462
  -0.99698 -0.0379057 -0.0677739   0.416861
 0.0651474  -0.883257  -0.464341    2.03755
         0          0          0          1

-0.0422607  -0.467354    0.88306   0.148462
  -0.99698 -0.0379057 -0.0677739   0.416861
 0.0651474  -0.883257  -0.464341    2.03755
         0          0          0          1

-0.0432217   -0.46569   0.883892   0.135997
 -0.998164 -0.0174572 -0.0580071   0.392672
 0.0424437  -0.884776   -0.46408    2.01189
         0          0          0          1

-0.0432217   -0.46569   0.883892   0.135997
 -0.998164 -0.0174572 -0.0580071   0.392672
 0.0424437  -0.884776   -0.46408    2.01189
         0          0          0          1

-0.0294045 -0.474721  0.879645  0.121444
-0.999563 0.0167399 -0.024379  0.355563
-0.00315198 -0.879977 -0.475005    2.0022
        0         0         0         1

-0.0294045 -0.474721  0.879645  0.121444
-0.999563 0.0167399 -0.024379  0.355563
-0.00315198 -0.879977 -0.475005    2.0022
        0         0         0         1

-0.0171066 -0.479123  0.877581  0.105322
-0.998278 0.0574346 0.0118976  0.315157
-0.0561039 -0.875867 -0.479281   1.97293
        0         0         0         1

-0.0171066 -0.479123  0.877581  0.105322
-0.998278 0.0574346 0.0118976  0.315157
-0.0561039 -0.875867 -0.479281   1.97293
        0         0         0         1

-0.00399114 -0.479598   0.87748 0.0930311
-0.996599 0.0741312 0.0359844  0.290696
-0.0823067 -0.874352 -0.478262   1.94833
        0         0         0         1

-0.00399114 -0.479598   0.87748 0.0930311
-0.996599 0.0741312 0.0359844  0.290696
-0.0823067 -0.874352 -0.478262   1.94833
        0         0         0         1

0.0191865 -0.485754  0.873885  0.079574
-0.991584  0.102685 0.0788489  0.250313
-0.128036 -0.868043 -0.479695   1.92642
        0         0         0         1

0.0191865 -0.485754  0.873885  0.079574
-0.991584  0.102685 0.0788489  0.250313
-0.128036 -0.868043 -0.479695   1.92642
        0         0         0         1

0.0381815 -0.482184  0.875238 0.0710505
-0.986727  0.120151  0.109238  0.224768
-0.157833 -0.867792 -0.471196   1.90863
        0         0         0         1

0.0381815 -0.482184  0.875238 0.0710505
-0.986727  0.120151  0.109238  0.224768
-0.157833 -0.867792 -0.471196   1.90863
        0         0         0         1

0.0589552 -0.478667  0.876015 0.0629645
-0.980514  0.136964  0.140827  0.198933
-0.187392 -0.867248 -0.461265   1.89487
        0         0         0         1

0.0589552 -0.478667  0.876015 0.0629645
-0.980514  0.136964  0.140827  0.198933
-0.187392 -0.867248 -0.461265   1.89487
        0         0         0         1

0.0755077 -0.487751  0.869711 0.0585485
-0.974404  0.149121  0.168227  0.169138
-0.211745 -0.860152 -0.464007   1.86683
        0         0         0         1

0.0755077 -0.487751  0.869711 0.0585485
-0.974404  0.149121  0.168227  0.169138
-0.211745 -0.860152 -0.464007   1.86683
        0         0         0         1

0.0846995  -0.50908  0.856542 0.0523486
-0.969404  0.156667  0.188974  0.146755
-0.230394 -0.846341 -0.480234   1.85303
        0         0         0         1

0.0846995  -0.50908  0.856542 0.0523486
-0.969404  0.156667  0.188974  0.146755
-0.230394 -0.846341 -0.480234   1.85303
        0         0         0         1

0.0962535 -0.541025   0.83548 0.0482277
-0.960523  0.169629  0.220505  0.115367
 -0.26102 -0.823722  -0.50334    1.8369
        0         0         0         1

0.0962535 -0.541025   0.83548 0.0482277
-0.960523  0.169629  0.220505  0.115367
 -0.26102 -0.823722  -0.50334    1.8369
        0         0         0         1

0.0953422 -0.545032  0.832976 0.0475082
-0.956328  0.182119  0.228625 0.0994881
-0.276309 -0.818396 -0.503866   1.82173
        0         0         0         1

0.0953422 -0.545032  0.832976 0.0475082
-0.956328  0.182119  0.228625 0.0994881
-0.276309 -0.818396 -0.503866   1.82173
        0         0         0         1

0.0907487 -0.550688  0.829763 0.0456294
-0.952873  0.194178  0.233083 0.0812167
-0.289477 -0.811811 -0.507115   1.81012
        0         0         0         1

0.0907487 -0.550688  0.829763 0.0456294
-0.952873  0.194178  0.233083 0.0812167
-0.289477 -0.811811 -0.507115   1.81012
        0         0         0         1

0.0825115 -0.554985  0.827758 0.0409798
-0.949892  0.207477  0.233793 0.0554516
-0.301492 -0.805571 -0.510057   1.79006
        0         0         0         1

0.0825115 -0.554985  0.827758 0.0409798
-0.949892  0.207477  0.233793 0.0554516
-0.301492 -0.805571 -0.510057   1.79006
        0         0         0         1

 0.075563 -0.560035  0.825016 0.0425972
-0.947827  0.216634  0.233866 0.0426132
  -0.3097 -0.799644 -0.514447   1.77781
        0         0         0         1

 0.075563 -0.560035  0.825016 0.0425972
-0.947827  0.216634  0.233866 0.0426132
  -0.3097 -0.799644 -0.514447   1.77781
        0         0         0         1

0.0761011 -0.566634  0.820448 0.0439327
 -0.94038  0.232778  0.247991 0.0217835
-0.331503 -0.790405 -0.515136   1.76319
        0         0         0         1

0.0761011 -0.566634  0.820448 0.0439327
 -0.94038  0.232778  0.247991 0.0217835
-0.331503 -0.790405 -0.515136   1.76319
        0         0         0         1

0.0742123 -0.561647  0.824042 0.0442858
-0.936794  0.244054  0.250708 0.0098179
 -0.34192 -0.790563 -0.508036   1.75021
        0         0         0         1

0.0742123 -0.561647  0.824042 0.0442858
-0.936794  0.244054  0.250708 0.0098179
 -0.34192 -0.790563 -0.508036   1.75021
        0         0         0         1

  0.0719929   -0.552873     0.83015    0.042617
  -0.933629     0.25549    0.251121 -0.00404048
  -0.350933   -0.793131   -0.497784     1.73895
          0           0           0           1

  0.0719929   -0.552873     0.83015    0.042617
  -0.933629     0.25549    0.251121 -0.00404048
  -0.350933   -0.793131   -0.497784     1.73895
          0           0           0           1

 0.0630932  -0.534272   0.842955  0.0420945
  -0.92986   0.275291    0.24408 -0.0194039
 -0.362463   -0.79923  -0.479429    1.72062
         0          0          0          1

 0.0630932  -0.534272   0.842955  0.0420945
  -0.92986   0.275291    0.24408 -0.0194039
 -0.362463   -0.79923  -0.479429    1.72062
         0          0          0          1

 0.0584634  -0.527485   0.847551  0.0419701
 -0.926288   0.287922   0.243087 -0.0309455
 -0.372253  -0.799288   -0.47177    1.71126
         0          0          0          1

 0.0584634  -0.527485   0.847551  0.0419701
 -0.926288   0.287922   0.243087 -0.0309455
 -0.372253  -0.799288   -0.47177    1.71126
         0          0          0          1

 0.0532015  -0.523502   0.850362  0.0422339
 -0.922057   0.301184   0.243102 -0.0437118
  -0.38338  -0.797016  -0.466675    1.69473
         0          0          0          1

 0.0532015  -0.523502   0.850362  0.0422339
 -0.922057   0.301184   0.243102 -0.0437118
  -0.38338  -0.797016  -0.466675    1.69473
         0          0          0          1

 0.0511812  -0.518931   0.853282  0.0422086
 -0.918658   0.310666   0.244037 -0.0523946
 -0.391724  -0.796365   -0.46082    1.68423
         0          0          0          1

 0.0511812  -0.518931   0.853282  0.0422086
 -0.918658   0.310666   0.244037 -0.0523946
 -0.391724  -0.796365   -0.46082    1.68423
         0          0          0          1

 0.0443065  -0.511804   0.857959  0.0425603
 -0.915603   0.322741    0.23981 -0.0595618
 -0.399634  -0.796175   -0.45431    1.67482
         0          0          0          1

 0.0443065  -0.511804   0.857959  0.0425603
 -0.915603   0.322741    0.23981 -0.0595618
 -0.399634  -0.796175   -0.45431    1.67482
         0          0          0          1

 0.0335265  -0.496425   0.867432  0.0436774
 -0.910601   0.342545   0.231231 -0.0681486
 -0.411924  -0.797637  -0.440561    1.65854
         0          0          0          1

 0.0335265  -0.496425   0.867432  0.0436774
 -0.910601   0.342545   0.231231 -0.0681486
 -0.411924  -0.797637  -0.440561    1.65854
         0          0          0          1

 0.0331853   -0.49441   0.868595  0.0440142
 -0.905685   0.352642   0.235328 -0.0751124
 -0.422651  -0.794483  -0.436077    1.64949
         0          0          0          1

 0.0331853   -0.49441   0.868595  0.0440142
 -0.905685   0.352642   0.235328 -0.0751124
 -0.422651  -0.794483  -0.436077    1.64949
         0          0          0          1

 0.0400795  -0.494916   0.868016  0.0426519
 -0.900574   0.358433    0.24595 -0.0836009
  -0.43285   -0.79157  -0.431343    1.64151
         0          0          0          1

 0.0400795  -0.494916   0.868016  0.0426519
 -0.900574   0.358433    0.24595 -0.0836009
  -0.43285   -0.79157  -0.431343    1.64151
         0          0          0          1

 0.0480816  -0.490921   0.869876   0.043395
 -0.894059   0.367155   0.256625 -0.0911487
 -0.445362  -0.790059  -0.421259    1.62759
         0          0          0          1

 0.0480816  -0.490921   0.869876   0.043395
 -0.894059   0.367155   0.256625 -0.0911487
 -0.445362  -0.790059  -0.421259    1.62759
         0          0          0          1

 0.0493194  -0.481035   0.875313  0.0444439
 -0.891389   0.374134   0.255833 -0.0930113
 -0.450549  -0.792862  -0.410337    1.61603
         0          0          0          1

 0.0493194  -0.481035   0.875313  0.0444439
 -0.891389   0.374134   0.255833 -0.0930113
 -0.450549  -0.792862  -0.410337    1.61603
         0          0          0          1

 0.0514304  -0.462879   0.884928  0.0455599
  -0.88686   0.386238   0.253573 -0.0969907
 -0.459167  -0.797849  -0.390645    1.60492
         0          0          0          1

 0.0514304  -0.462879   0.884928  0.0455599
  -0.88686   0.386238   0.253573 -0.0969907
 -0.459167  -0.797849  -0.390645    1.60492
         0          0          0          1

0.0604173  -0.45024  0.890861 0.0432403
 -0.88592  0.387008  0.255676 -0.101981
-0.459886 -0.804679 -0.375495   1.59539
        0         0         0         1

0.0604173  -0.45024  0.890861 0.0432403
 -0.88592  0.387008  0.255676 -0.101981
-0.459886 -0.804679 -0.375495   1.59539
        0         0         0         1

0.0673311 -0.430338  0.900153 0.0428155
-0.884609  0.391516  0.253341 -0.107396
-0.461446 -0.813342  -0.35432   1.58391
        0         0         0         1

0.0673311 -0.430338  0.900153 0.0428155
-0.884609  0.391516  0.253341 -0.107396
-0.461446 -0.813342  -0.35432   1.58391
        0         0         0         1

0.0746098 -0.416927  0.905873 0.0435645
-0.882716  0.395016  0.254508 -0.109739
-0.463945 -0.818617 -0.338556   1.57529
        0         0         0         1

0.0746098 -0.416927  0.905873 0.0435645
-0.882716  0.395016  0.254508 -0.109739
-0.463945 -0.818617 -0.338556   1.57529
        0         0         0         1

0.0796559  -0.40152   0.91238 0.0458711
 -0.88109  0.399701  0.252825  -0.11036
-0.466193 -0.824027 -0.321937   1.56962
        0         0         0         1

0.0796559  -0.40152   0.91238 0.0458711
 -0.88109  0.399701  0.252825  -0.11036
-0.466193 -0.824027 -0.321937   1.56962
        0         0         0         1

0.0889083 -0.379948  0.920725 0.0463749
-0.881546  0.400279  0.250305 -0.115798
 -0.46365 -0.833916 -0.299354   1.56048
        0         0         0         1

0.0889083 -0.379948  0.920725 0.0463749
-0.881546  0.400279  0.250305 -0.115798
 -0.46365 -0.833916 -0.299354   1.56048
        0         0         0         1

0.0903358  -0.37061  0.924385 0.0464473
-0.882123  0.401061  0.247001 -0.119734
-0.462275 -0.837734 -0.290693   1.55482
        0         0         0         1

0.0903358  -0.37061  0.924385 0.0464473
-0.882123  0.401061  0.247001 -0.119734
-0.462275 -0.837734 -0.290693   1.55482
        0         0         0         1

0.0923697 -0.343872  0.934462 0.0484126
 -0.88198  0.407319  0.237071 -0.123101
-0.462147 -0.846075 -0.265664   1.54666
        0         0         0         1

0.0923697 -0.343872  0.934462 0.0484126
 -0.88198  0.407319  0.237071 -0.123101
-0.462147 -0.846075 -0.265664   1.54666
        0         0         0         1

0.0995669 -0.318779  0.942585 0.0484201
-0.883209  0.407987  0.231275 -0.125368
-0.458288 -0.855527 -0.240927   1.54107
        0         0         0         1

0.0995669 -0.318779  0.942585 0.0484201
-0.883209  0.407987  0.231275 -0.125368
-0.458288 -0.855527 -0.240927   1.54107
        0         0         0         1

 0.102587 -0.298248  0.948959 0.0489412
-0.885433  0.407364   0.22375 -0.126543
-0.453305 -0.863193 -0.222288   1.53731
        0         0         0         1

 0.102587 -0.298248  0.948959 0.0489412
-0.885433  0.407364   0.22375 -0.126543
-0.453305 -0.863193 -0.222288   1.53731
        0         0         0         1

 0.118904 -0.268184  0.956002 0.0475037
 -0.88617  0.405615  0.224004 -0.131037
-0.447843 -0.873816 -0.189427    1.5316
        0         0         0         1

 0.118904 -0.268184  0.956002 0.0475037
 -0.88617  0.405615  0.224004 -0.131037
-0.447843 -0.873816 -0.189427    1.5316
        0         0         0         1

 0.130652 -0.250441  0.959275 0.0468239
 -0.88622  0.404262  0.226244  -0.13319
-0.444459 -0.879688 -0.169128   1.52844
        0         0         0         1

 0.130652 -0.250441  0.959275 0.0468239
 -0.88622  0.404262  0.226244  -0.13319
-0.444459 -0.879688 -0.169128   1.52844
        0         0         0         1

 0.148078 -0.222611  0.963596 0.0467373
-0.886153  0.402731  0.229216 -0.134596
-0.439096 -0.887836 -0.137632   1.52444
        0         0         0         1

 0.148078 -0.222611  0.963596 0.0467373
-0.886153  0.402731  0.229216 -0.134596
-0.439096 -0.887836 -0.137632   1.52444
        0         0         0         1

 0.153692 -0.213874  0.964695 0.0476043
 -0.88713  0.400104  0.230038   -0.1342
-0.435177 -0.891165 -0.128241   1.52303
        0         0         0         1

 0.153692 -0.213874  0.964695 0.0476043
 -0.88713  0.400104  0.230038   -0.1342
-0.435177 -0.891165 -0.128241   1.52303
        0         0         0         1

 0.159885 -0.214784  0.963486 0.0479295
-0.885938   0.39926  0.236021 -0.134373
-0.435375 -0.891325 -0.126449   1.52373
        0         0         0         1

 0.159885 -0.214784  0.963486 0.0479295
-0.885938   0.39926  0.236021 -0.134373
-0.435375 -0.891325 -0.126449   1.52373
        0         0         0         1

  0.17416 -0.215614  0.960822 0.0494585
-0.883894  0.395862   0.24905 -0.132644
-0.434051 -0.892639 -0.121637   1.52339
        0         0         0         1

  0.17416 -0.215614  0.960822 0.0494585
-0.883894  0.395862   0.24905 -0.132644
-0.434051 -0.892639 -0.121637   1.52339
        0         0         0         1

 0.182133  -0.21839  0.958714 0.0517027
-0.882412  0.393851  0.257355 -0.129384
-0.433794 -0.892853 -0.120977   1.52508
        0         0         0         1

 0.182133  -0.21839  0.958714 0.0517027
-0.882412  0.393851  0.257355 -0.129384
-0.433794 -0.892853 -0.120977   1.52508
        0         0         0         1

  0.18559 -0.221665  0.957299 0.0543212
-0.884928  0.385795  0.260891 -0.123964
-0.427151  -0.89556 -0.124558   1.52875
        0         0         0         1

  0.18559 -0.221665  0.957299 0.0543212
-0.884928  0.385795  0.260891 -0.123964
-0.427151  -0.89556 -0.124558   1.52875
        0         0         0         1

 0.185047 -0.225794  0.956439  0.055921
 -0.88747  0.379615  0.261322 -0.119028
-0.422084 -0.897167 -0.130138   1.53416
        0         0         0         1

 0.185047 -0.225794  0.956439  0.055921
 -0.88747  0.379615  0.261322 -0.119028
-0.422084 -0.897167 -0.130138   1.53416
        0         0         0         1

 0.183923 -0.230523  0.955527 0.0570656
-0.889153  0.375386   0.26171 -0.112104
-0.419021 -0.897744 -0.135928   1.53931
        0         0         0         1

 0.183923 -0.230523  0.955527 0.0570656
-0.889153  0.375386   0.26171 -0.112104
-0.419021 -0.897744 -0.135928   1.53931
        0         0         0         1

 0.192737 -0.232203   0.95338 0.0563269
-0.888786  0.370426  0.269898 -0.103758
-0.415828  -0.89937 -0.134984   1.54775
        0         0         0         1

 0.192737 -0.232203   0.95338 0.0563269
-0.888786  0.370426  0.269898 -0.103758
-0.415828  -0.89937 -0.134984   1.54775
        0         0         0         1

 0.194672 -0.235529  0.952171 0.0563316
  -0.8908  0.363892  0.272137 -0.096148
-0.410584 -0.901171  -0.13897   1.55408
        0         0         0         1

 0.194672 -0.235529  0.952171 0.0563316
  -0.8908  0.363892  0.272137 -0.096148
-0.410584 -0.901171  -0.13897   1.55408
        0         0         0         1

  0.196379  -0.243105   0.949913  0.0540362
 -0.893692    0.35421   0.275407 -0.0910674
 -0.403422  -0.903015  -0.147702    1.56135
         0          0          0          1

  0.196379  -0.243105   0.949913  0.0540362
 -0.893692    0.35421   0.275407 -0.0910674
 -0.403422  -0.903015  -0.147702    1.56135
         0          0          0          1

 0.182268 -0.253715  0.949951 0.0548428
-0.901414  0.342771  0.264503 -0.074031
-0.392724 -0.904509 -0.166226   1.57301
        0         0         0         1

 0.182268 -0.253715  0.949951 0.0548428
-0.901414  0.342771  0.264503 -0.074031
-0.392724 -0.904509 -0.166226   1.57301
        0         0         0         1

  0.174528  -0.264422   0.948484  0.0540604
 -0.905922   0.334305   0.259895 -0.0633293
 -0.385804  -0.904611    -0.1812    1.58258
         0          0          0          1

  0.174528  -0.264422   0.948484  0.0540604
 -0.905922   0.334305   0.259895 -0.0633293
 -0.385804  -0.904611    -0.1812    1.58258
         0          0          0          1

  0.180743  -0.284717   0.941418  0.0518628
 -0.909134   0.316827   0.270364 -0.0490025
 -0.375244  -0.904742  -0.201581    1.60049
         0          0          0          1

  0.180743  -0.284717   0.941418  0.0518628
 -0.909134   0.316827   0.270364 -0.0490025
 -0.375244  -0.904742  -0.201581    1.60049
         0          0          0          1

 0.186472 -0.305044  0.933904 0.0524611
-0.912718  0.297971  0.279569 -0.036238
-0.363557 -0.904523 -0.222856   1.61214
        0         0         0         1

 0.186472 -0.305044  0.933904 0.0524611
-0.912718  0.297971  0.279569 -0.036238
-0.363557 -0.904523 -0.222856   1.61214
        0         0         0         1

  0.196001  -0.331182   0.922986  0.0526359
 -0.914258   0.278615   0.294119 -0.0240974
 -0.354565  -0.901494  -0.248177     1.6272
         0          0          0          1

  0.196001  -0.331182   0.922986  0.0526359
 -0.914258   0.278615   0.294119 -0.0240974
 -0.354565  -0.901494  -0.248177     1.6272
         0          0          0          1

   0.215231   -0.355831    0.909429   0.0554683
  -0.916087    0.249057    0.314254 -0.00199986
  -0.338321   -0.900753   -0.272367     1.65258
          0           0           0           1

   0.215231   -0.355831    0.909429   0.0554683
  -0.916087    0.249057    0.314254 -0.00199986
  -0.338321   -0.900753   -0.272367     1.65258
          0           0           0           1

 0.236874 -0.357964   0.90319  0.055338
-0.916686  0.225607   0.32983 0.0113416
-0.321833  -0.90607   -0.2747   1.66814
        0         0         0         1

 0.236874 -0.357964   0.90319  0.055338
-0.916686  0.225607   0.32983 0.0113416
-0.321833  -0.90607   -0.2747   1.66814
        0         0         0         1

  0.26072 -0.362697  0.894693 0.0584071
-0.918748  0.191432  0.345334 0.0372388
-0.296525 -0.912033 -0.283317   1.69441
        0         0         0         1

  0.26072 -0.362697  0.894693 0.0584071
-0.918748  0.191432  0.345334 0.0372388
-0.296525 -0.912033 -0.283317   1.69441
        0         0         0         1

  0.27156 -0.367034  0.889686 0.0598691
-0.920239  0.171656  0.351701 0.0539516
-0.281807 -0.914232 -0.291144   1.71182
        0         0         0         1

  0.27156 -0.367034  0.889686 0.0598691
-0.920239  0.171656  0.351701 0.0539516
-0.281807 -0.914232 -0.291144   1.71182
        0         0         0         1

    0.275 -0.368824  0.887887 0.0625947
-0.923197  0.156586  0.350981 0.0729306
-0.268481 -0.916215 -0.297436   1.73027
        0         0         0         1

    0.275 -0.368824  0.887887 0.0625947
-0.923197  0.156586  0.350981 0.0729306
-0.268481 -0.916215 -0.297436   1.73027
        0         0         0         1

  0.27111 -0.375657  0.886218 0.0696852
-0.928518  0.140587  0.343643  0.103535
-0.253682 -0.916034 -0.310689   1.76001
        0         0         0         1

  0.27111 -0.375657  0.886218 0.0696852
-0.928518  0.140587  0.343643  0.103535
-0.253682 -0.916034 -0.310689   1.76001
        0         0         0         1

 0.270223 -0.383433  0.883152 0.0744641
-0.931742  0.126949  0.340207  0.124445
-0.242562 -0.914802 -0.322956   1.78129
        0         0         0         1

 0.270223 -0.383433  0.883152 0.0744641
-0.931742  0.126949  0.340207  0.124445
-0.242562 -0.914802 -0.322956   1.78129
        0         0         0         1

 0.267742   -0.3926  0.879875 0.0833632
-0.935479  0.112675  0.334938  0.156392
-0.230636 -0.912781 -0.337101   1.81188
        0         0         0         1

 0.267742   -0.3926  0.879875 0.0833632
-0.935479  0.112675  0.334938  0.156392
-0.230636 -0.912781 -0.337101   1.81188
        0         0         0         1

 0.260204 -0.411179  0.873628 0.0939773
-0.939484  0.101014  0.327361  0.180268
-0.222853  -0.90594 -0.360012   1.83363
        0         0         0         1

 0.260204 -0.411179  0.873628 0.0939773
-0.939484  0.101014  0.327361  0.180268
-0.222853  -0.90594 -0.360012   1.83363
        0         0         0         1

   0.2538 -0.424274  0.869239  0.101328
 -0.94393 0.0875322  0.318332   0.20274
-0.211146 -0.901293 -0.378269   1.85356
        0         0         0         1

   0.2538 -0.424274  0.869239  0.101328
 -0.94393 0.0875322  0.318332   0.20274
-0.211146 -0.901293 -0.378269   1.85356
        0         0         0         1

 0.236752 -0.445698  0.863308  0.118429
-0.954105 0.0610659  0.293179  0.240382
-0.183388 -0.893098 -0.410785   1.88525
        0         0         0         1

 0.236752 -0.445698  0.863308  0.118429
-0.954105 0.0610659  0.293179  0.240382
-0.183388 -0.893098 -0.410785   1.88525
        0         0         0         1

 0.227705 -0.451947  0.862493  0.125727
-0.960837 0.0393795  0.274303  0.262728
-0.157935 -0.891175 -0.425281   1.90418
        0         0         0         1

 0.227705 -0.451947  0.862493  0.125727
-0.960837 0.0393795  0.274303  0.262728
-0.157935 -0.891175 -0.425281   1.90418
        0         0         0         1

 0.199141 -0.465683  0.862254  0.141728
 -0.97306 0.0103429  0.230318  0.298673
-0.116174 -0.884891 -0.451078   1.93326
        0         0         0         1

 0.199141 -0.465683  0.862254  0.141728
 -0.97306 0.0103429  0.230318  0.298673
-0.116174 -0.884891 -0.451078   1.93326
        0         0         0         1

   0.177959   -0.464699    0.867402    0.150836
  -0.980381 -0.00780863    0.196955    0.324639
 -0.0847515   -0.885434   -0.456972     1.94614
          0           0           0           1

   0.177959   -0.464699    0.867402    0.150836
  -0.980381 -0.00780863    0.196955    0.324639
 -0.0847515   -0.885434   -0.456972     1.94614
          0           0           0           1

  0.163593  -0.468684   0.868085   0.159776
 -0.984626 -0.0229511   0.173164   0.349814
-0.0612356  -0.883068  -0.465233    1.95913
         0          0          0          1

  0.163593  -0.468684   0.868085   0.159776
 -0.984626 -0.0229511   0.173164   0.349814
-0.0612356  -0.883068  -0.465233    1.95913
         0          0          0          1

  0.147406  -0.481184   0.864137   0.173142
 -0.987666 -0.0249675   0.154575   0.380518
-0.0528038  -0.876264  -0.478929    1.98752
         0          0          0          1

  0.147406  -0.481184   0.864137   0.173142
 -0.987666 -0.0249675   0.154575   0.380518
-0.0528038  -0.876264  -0.478929    1.98752
         0          0          0          1

   0.14075  -0.489373   0.860641   0.176784
 -0.989506 -0.0408401   0.138602   0.405558
-0.0326794  -0.871118  -0.489986    1.99184
         0          0          0          1

   0.14075  -0.489373   0.860641   0.176784
 -0.989506 -0.0408401   0.138602   0.405558
-0.0326794  -0.871118  -0.489986    1.99184
         0          0          0          1

  0.101121  -0.505688    0.85677   0.201882
 -0.994869 -0.0486463   0.088708   0.449492
-0.00317992  -0.861344  -0.508012    2.00084
         0          0          0          1

  0.101121  -0.505688    0.85677   0.201882
 -0.994869 -0.0486463   0.088708   0.449492
-0.00317992  -0.861344  -0.508012    2.00084
         0          0          0          1

 0.0829639  -0.512384    0.85474   0.208878
 -0.996396 -0.0578646  0.0620258   0.474644
 0.0176781  -0.856805  -0.515338    2.00778
         0          0          0          1

 0.0829639  -0.512384    0.85474   0.208878
 -0.996396 -0.0578646  0.0620258   0.474644
 0.0176781  -0.856805  -0.515338    2.00778
         0          0          0          1

 0.0756728  -0.515355   0.853629   0.210065
 -0.996893 -0.0578892  0.0534238   0.488481
 0.0218837   -0.85502  -0.518134    2.02101
         0          0          0          1

 0.0756728  -0.515355   0.853629   0.210065
 -0.996893 -0.0578892  0.0534238   0.488481
 0.0218837   -0.85502  -0.518134    2.02101
         0          0          0          1

 0.0397831   -0.52966   0.847276   0.227353
 -0.998086 -0.0612487 0.00857572    0.52862
 0.0473523  -0.845996  -0.531083    2.02066
         0          0          0          1

 0.0397831   -0.52966   0.847276   0.227353
 -0.998086 -0.0612487 0.00857572    0.52862
 0.0473523  -0.845996  -0.531083    2.02066
         0          0          0          1

 0.0158238  -0.546159   0.837532   0.242322
 -0.998291 -0.0557624 -0.0175019   0.555626
 0.0562616  -0.835823  -0.546108     2.0233
         0          0          0          1

 0.0158238  -0.546159   0.837532   0.242322
 -0.998291 -0.0557624 -0.0175019   0.555626
 0.0562616  -0.835823  -0.546108     2.0233
         0          0          0          1

-0.0124664  -0.564907   0.825061   0.256907
 -0.997649 -0.0485823 -0.0483377   0.590466
 0.0673896  -0.823723  -0.562973      2.024
         0          0          0          1

-0.0124664  -0.564907   0.825061   0.256907
 -0.997649 -0.0485823 -0.0483377   0.590466
 0.0673896  -0.823723  -0.562973      2.024
         0          0          0          1

-0.0395247  -0.580164    0.81354   0.271079
 -0.996661 -0.0353224 -0.0736111   0.614843
 0.0714427  -0.813733  -0.576831    2.02307
         0          0          0          1

-0.0395247  -0.580164    0.81354   0.271079
 -0.996661 -0.0353224 -0.0736111   0.614843
 0.0714427  -0.813733  -0.576831    2.02307
         0          0          0          1

-0.0612677  -0.585844   0.808105   0.276461
 -0.995233 -0.0256957 -0.0940835   0.635787
 0.0758831  -0.810017  -0.581477    2.01993
         0          0          0          1

-0.0612677  -0.585844   0.808105   0.276461
 -0.995233 -0.0256957 -0.0940835   0.635787
 0.0758831  -0.810017  -0.581477    2.01993
         0          0          0          1

 -0.0920937   -0.596717     0.79715    0.291693
  -0.993267 -0.00145129   -0.115837    0.666653
  0.0702789   -0.802451   -0.592565     2.01521
          0           0           0           1

 -0.0920937   -0.596717     0.79715    0.291693
  -0.993267 -0.00145129   -0.115837    0.666653
  0.0702789   -0.802451   -0.592565     2.01521
          0           0           0           1

-0.136113 -0.603347  0.785777  0.320041
-0.987659 0.0206137 -0.155256  0.697991
0.0774754 -0.797212 -0.598708   1.99917
        0         0         0         1

-0.136113 -0.603347  0.785777  0.320041
-0.987659 0.0206137 -0.155256  0.697991
0.0774754 -0.797212 -0.598708   1.99917
        0         0         0         1

-0.157956 -0.593094  0.789487  0.317645
-0.984659 0.0345724 -0.171033  0.721636
0.0741441 -0.804391 -0.589456   1.97326
        0         0         0         1

-0.157956 -0.593094  0.789487  0.317645
-0.984659 0.0345724 -0.171033  0.721636
0.0741441 -0.804391 -0.589456   1.97326
        0         0         0         1

-0.185443 -0.583236  0.790852   0.32824
-0.980786 0.0602446 -0.185551   0.73942
0.0605752 -0.810066 -0.583202   1.95975
        0         0         0         1

-0.185443 -0.583236  0.790852   0.32824
-0.980786 0.0602446 -0.185551   0.73942
0.0605752 -0.810066 -0.583202   1.95975
        0         0         0         1

-0.219604 -0.572196  0.790168  0.344557
-0.974595 0.0921223  -0.20415  0.759553
0.0440217 -0.814926  -0.57789   1.94564
        0         0         0         1

-0.219604 -0.572196  0.790168  0.344557
-0.974595 0.0921223  -0.20415  0.759553
0.0440217 -0.814926  -0.57789   1.94564
        0         0         0         1

-0.275779 -0.543151  0.793053  0.366693
-0.960373  0.121049 -0.251058  0.791605
0.0403641 -0.830864  -0.55501   1.89689
        0         0         0         1

-0.275779 -0.543151  0.793053  0.366693
-0.960373  0.121049 -0.251058  0.791605
0.0403641 -0.830864  -0.55501   1.89689
        0         0         0         1

-0.284371 -0.534526  0.795874  0.362198
-0.958559   0.14357 -0.246075  0.796164
0.0172705 -0.832868 -0.553202    1.8871
        0         0         0         1

-0.284371 -0.534526  0.795874  0.362198
-0.958559   0.14357 -0.246075  0.796164
0.0172705 -0.832868 -0.553202    1.8871
        0         0         0         1

-0.310193 -0.514884  0.799171   0.36674
-0.950571  0.180315 -0.252786  0.805763
-0.0139469 -0.838082 -0.545367   1.86481
        0         0         0         1

-0.310193 -0.514884  0.799171   0.36674
-0.950571  0.180315 -0.252786  0.805763
-0.0139469 -0.838082 -0.545367   1.86481
        0         0         0         1

-0.324103 -0.505719  0.799503  0.367474
 -0.94535  0.204983 -0.253566   0.80648
-0.0356518 -0.837991 -0.544517   1.85625
        0         0         0         1

-0.324103 -0.505719  0.799503  0.367474
 -0.94535  0.204983 -0.253566   0.80648
-0.0356518 -0.837991 -0.544517   1.85625
        0         0         0         1

-0.335753 -0.487402  0.806045   0.36116
-0.940145  0.226349 -0.254742  0.806988
-0.058286  -0.84333 -0.534226   1.84073
        0         0         0         1

-0.335753 -0.487402  0.806045   0.36116
-0.940145  0.226349 -0.254742  0.806988
-0.058286  -0.84333 -0.534226   1.84073
        0         0         0         1

-0.359491 -0.464147  0.809527  0.359277
-0.930204  0.247111 -0.271398  0.812341
-0.0740739  -0.85059 -0.520585   1.80314
        0         0         0         1

-0.359491 -0.464147  0.809527  0.359277
-0.930204  0.247111 -0.271398  0.812341
-0.0740739  -0.85059 -0.520585   1.80314
        0         0         0         1

-0.381424 -0.449781  0.807597  0.364112
-0.920346  0.266506 -0.286248  0.814699
-0.0864809 -0.852451 -0.515606    1.7822
        0         0         0         1

-0.381424 -0.449781  0.807597  0.364112
-0.920346  0.266506 -0.286248  0.814699
-0.0864809 -0.852451 -0.515606    1.7822
        0         0         0         1

-0.399768 -0.430345  0.809314  0.359051
 -0.90997  0.292458 -0.293977  0.812562
-0.110179 -0.853974 -0.508516   1.75506
        0         0         0         1

-0.399768 -0.430345  0.809314  0.359051
 -0.90997  0.292458 -0.293977  0.812562
-0.110179 -0.853974 -0.508516   1.75506
        0         0         0         1

-0.409372 -0.421246    0.8093  0.352262
-0.903116  0.313092 -0.293862  0.808158
-0.129597 -0.851191 -0.508605   1.74544
        0         0         0         1

-0.409372 -0.421246    0.8093  0.352262
-0.903116  0.313092 -0.293862  0.808158
-0.129597 -0.851191 -0.508605   1.74544
        0         0         0         1

-0.422314 -0.402327  0.812271  0.352111
-0.893403  0.336233 -0.297956  0.802679
-0.153237 -0.851517 -0.501436   1.73696
        0         0         0         1

-0.422314 -0.402327  0.812271  0.352111
-0.893403  0.336233 -0.297956  0.802679
-0.153237 -0.851517 -0.501436   1.73696
        0         0         0         1

-0.412212 -0.382818   0.82676  0.315685
-0.894907  0.340389 -0.288578  0.785684
-0.170947 -0.858828 -0.482899    1.7066
        0         0         0         1

-0.412212 -0.382818   0.82676  0.315685
-0.894907  0.340389 -0.288578  0.785684
-0.170947 -0.858828 -0.482899    1.7066
        0         0         0         1

-0.415741 -0.375484  0.828355  0.307141
 -0.89032  0.354006 -0.286374  0.777641
-0.185714 -0.856558 -0.481476   1.70333
        0         0         0         1

-0.415741 -0.375484  0.828355  0.307141
 -0.89032  0.354006 -0.286374  0.777641
-0.185714 -0.856558 -0.481476   1.70333
        0         0         0         1

-0.451527  -0.35537  0.818434  0.324947
-0.869549  0.380882 -0.314346  0.781322
-0.200018 -0.853605 -0.480991   1.68431
        0         0         0         1

-0.451527  -0.35537  0.818434  0.324947
-0.869549  0.380882 -0.314346  0.781322
-0.200018 -0.853605 -0.480991   1.68431
        0         0         0         1

-0.448056  -0.34965  0.822794  0.309394
-0.865655  0.399616 -0.301578   0.77082
-0.223355 -0.847379 -0.481727    1.6804
        0         0         0         1

-0.448056  -0.34965  0.822794  0.309394
-0.865655  0.399616 -0.301578   0.77082
-0.223355 -0.847379 -0.481727    1.6804
        0         0         0         1

-0.448266 -0.340948  0.826324  0.299567
-0.859228  0.419304 -0.293107  0.763844
-0.246546 -0.841391 -0.480912   1.67423
        0         0         0         1

-0.448266 -0.340948  0.826324  0.299567
-0.859228  0.419304 -0.293107  0.763844
-0.246546 -0.841391 -0.480912   1.67423
        0         0         0         1

-0.453104 -0.330475  0.827939  0.288367
-0.848521  0.444643 -0.286887     0.755
-0.273328 -0.832514 -0.481885   1.65814
        0         0         0         1

-0.453104 -0.330475  0.827939  0.288367
-0.848521  0.444643 -0.286887     0.755
-0.273328 -0.832514 -0.481885   1.65814
        0         0         0         1

-0.465042 -0.324493  0.823675  0.292757
-0.837332   0.46329 -0.290236  0.754462
-0.287421 -0.824661 -0.487158   1.65172
        0         0         0         1

-0.465042 -0.324493  0.823675  0.292757
-0.837332   0.46329 -0.290236  0.754462
-0.287421 -0.824661 -0.487158   1.65172
        0         0         0         1

 -0.47139 -0.315914  0.823401  0.287975
-0.824742  0.488624 -0.284687  0.750578
-0.312397 -0.813292  -0.49088   1.63961
        0         0         0         1

 -0.47139 -0.315914  0.823401  0.287975
-0.824742  0.488624 -0.284687  0.750578
-0.312397 -0.813292  -0.49088   1.63961
        0         0         0         1

-0.469231 -0.310243  0.826784  0.280012
-0.821069  0.497918 -0.279148  0.746168
-0.325067 -0.809831  -0.48837   1.63008
        0         0         0         1

-0.469231 -0.310243  0.826784  0.280012
-0.821069  0.497918 -0.279148  0.746168
-0.325067 -0.809831  -0.48837   1.63008
        0         0         0         1

-0.473463 -0.305726  0.826053  0.274453
-0.814933  0.507923 -0.279104   0.74214
-0.334242 -0.805323 -0.489629   1.62153
        0         0         0         1

-0.473463 -0.305726  0.826053  0.274453
-0.814933  0.507923 -0.279104   0.74214
-0.334242 -0.805323 -0.489629   1.62153
        0         0         0         1

-0.489232 -0.290304  0.822421  0.278966
-0.800709  0.523291 -0.291601  0.741849
-0.345712 -0.801181 -0.488459   1.60718
        0         0         0         1

-0.489232 -0.290304  0.822421  0.278966
-0.800709  0.523291 -0.291601  0.741849
-0.345712 -0.801181 -0.488459   1.60718
        0         0         0         1

-0.493998 -0.280504  0.822972  0.278063
-0.793422  0.532547 -0.294745  0.740106
-0.355595 -0.798568 -0.485636   1.59649
        0         0         0         1

-0.493998 -0.280504  0.822972  0.278063
-0.793422  0.532547 -0.294745  0.740106
-0.355595 -0.798568 -0.485636   1.59649
