-0.403383  0.910015 0.0956785  0.561459
-0.541137 -0.321566  0.777023  0.860473
  0.73787  0.261663  0.622158   2.54442
        0         0         0         1

-0.403383  0.910015 0.0956785  0.561459
-0.541137 -0.321566  0.777023  0.860473
  0.73787  0.261663  0.622158   2.54442
        0         0         0         1

 -0.370427   0.928735 -0.0153231     0.5188
 -0.639342  -0.242966   0.729526   0.752013
  0.673814   0.280033   0.683781    2.50923
         0          0          0          1

 -0.370427   0.928735 -0.0153231     0.5188
 -0.639342  -0.242966   0.729526   0.752013
  0.673814   0.280033   0.683781    2.50923
         0          0          0          1

 -0.349115   0.935243 -0.0586439   0.519431
 -0.683843  -0.211483   0.698308   0.699475
  0.640685   0.283893   0.713391    2.48208
         0          0          0          1

 -0.349115   0.935243 -0.0586439   0.519431
 -0.683843  -0.211483   0.698308   0.699475
  0.640685   0.283893   0.713391    2.48208
         0          0          0          1

-0.311032  0.942651 -0.121114  0.500802
-0.736306 -0.158426  0.657841    0.6335
 0.600926  0.293787  0.743355   2.44512
        0         0         0         1

-0.311032  0.942651 -0.121114  0.500802
-0.736306 -0.158426  0.657841    0.6335
 0.600926  0.293787  0.743355   2.44512
        0         0         0         1

-0.275916   0.94084 -0.196701  0.498983
-0.794055 -0.107801   0.59821  0.562583
 0.541615  0.321247  0.776822   2.38463
        0         0         0         1

-0.275916   0.94084 -0.196701  0.498983
-0.794055 -0.107801   0.59821  0.562583
 0.541615  0.321247  0.776822   2.38463
        0         0         0         1

 -0.254152   0.937578  -0.237389   0.507639
 -0.831062 -0.0861569   0.549466   0.511246
  0.494715   0.336933   0.801082    2.35153
         0          0          0          1

 -0.254152   0.937578  -0.237389   0.507639
 -0.831062 -0.0861569   0.549466   0.511246
  0.494715   0.336933   0.801082    2.35153
         0          0          0          1

 -0.234806   0.928655  -0.287168   0.530881
 -0.867735 -0.0671149   0.492474   0.459662
  0.438066   0.364822   0.821586    2.28221
         0          0          0          1

 -0.234806   0.928655  -0.287168   0.530881
 -0.867735 -0.0671149   0.492474   0.459662
  0.438066   0.364822   0.821586    2.28221
         0          0          0          1

 -0.219664   0.920804  -0.322286   0.546359
 -0.892558 -0.0563344   0.447399   0.424549
  0.393811   0.385936   0.834246     2.2375
         0          0          0          1

 -0.219664   0.920804  -0.322286   0.546359
 -0.892558 -0.0563344   0.447399   0.424549
  0.393811   0.385936   0.834246     2.2375
         0          0          0          1

 -0.201301   0.903828  -0.377587   0.549975
 -0.915502 -0.0365224   0.400653    0.39455
  0.348332   0.426334   0.834808    2.18159
         0          0          0          1

 -0.201301   0.903828  -0.377587   0.549975
 -0.915502 -0.0365224   0.400653    0.39455
  0.348332   0.426334   0.834808    2.18159
         0          0          0          1

 -0.197751   0.887113  -0.417044   0.591721
 -0.935172 -0.0431957    0.35155   0.366722
   0.29385   0.459527   0.838145    2.10248
         0          0          0          1

 -0.197751   0.887113  -0.417044   0.591721
 -0.935172 -0.0431957    0.35155   0.366722
   0.29385   0.459527   0.838145    2.10248
         0          0          0          1

 -0.186344   0.878161  -0.440579   0.610355
 -0.948334 -0.0435636   0.314269   0.350211
  0.256785   0.476378   0.840908    2.05007
         0          0          0          1

 -0.186344   0.878161  -0.440579   0.610355
 -0.948334 -0.0435636   0.314269   0.350211
  0.256785   0.476378   0.840908    2.05007
         0          0          0          1

 -0.179461    0.87158  -0.456226   0.652894
 -0.961525 -0.0573496   0.268663   0.335535
  0.207997   0.486887   0.848338    1.97171
         0          0          0          1

 -0.179461    0.87158  -0.456226   0.652894
 -0.961525 -0.0573496   0.268663   0.335535
  0.207997   0.486887   0.848338    1.97171
         0          0          0          1

   -0.1715   0.866711  -0.468402    0.68195
 -0.969842 -0.0649458   0.234923   0.328737
  0.173189   0.494565    0.85171    1.92027
         0          0          0          1

   -0.1715   0.866711  -0.468402    0.68195
 -0.969842 -0.0649458   0.234923   0.328737
  0.173189   0.494565    0.85171    1.92027
         0          0          0          1

 -0.175519   0.861181  -0.477033   0.715241
 -0.973355 -0.0791757     0.2152    0.32755
  0.147557   0.502094   0.852132    1.86737
         0          0          0          1

 -0.175519   0.861181  -0.477033   0.715241
 -0.973355 -0.0791757     0.2152    0.32755
  0.147557   0.502094   0.852132    1.86737
         0          0          0          1

-0.180206  0.853485 -0.488967  0.760934
-0.978979 -0.107348  0.173424  0.325276
 0.095525   0.50994  0.854889   1.79591
        0         0         0         1

-0.180206  0.853485 -0.488967  0.760934
-0.978979 -0.107348  0.173424  0.325276
 0.095525   0.50994  0.854889   1.79591
        0         0         0         1

-0.180302  0.849908 -0.495124  0.788996
-0.981338 -0.121228  0.149264  0.326475
0.0668373  0.512797  0.855904   1.74679
        0         0         0         1

-0.180302  0.849908 -0.495124  0.788996
-0.981338 -0.121228  0.149264  0.326475
0.0668373  0.512797  0.855904   1.74679
        0         0         0         1

-0.191413  0.833055 -0.519019  0.839377
-0.981507 -0.163791 0.0990828  0.333063
-0.00246911  0.528386  0.849001   1.66966
        0         0         0         1

-0.191413  0.833055 -0.519019  0.839377
-0.981507 -0.163791 0.0990828  0.333063
-0.00246911  0.528386  0.849001   1.66966
        0         0         0         1

-0.188804   0.82002 -0.540296  0.872607
-0.980735 -0.185534 0.0611249  0.338518
-0.0501195  0.541428  0.839252   1.61998
        0         0         0         1

-0.188804   0.82002 -0.540296  0.872607
-0.980735 -0.185534 0.0611249  0.338518
-0.0501195  0.541428  0.839252   1.61998
        0         0         0         1

-0.190234  0.816532 -0.545056  0.902587
-0.978013 -0.205947 0.0328208  0.343878
-0.0854534  0.539315  0.837757   1.57706
        0         0         0         1

-0.190234  0.816532 -0.545056  0.902587
-0.978013 -0.205947 0.0328208  0.343878
-0.0854534  0.539315  0.837757   1.57706
        0         0         0         1

 -0.196127   0.816108  -0.543601   0.948596
 -0.971615  -0.236524 -0.0045422   0.352639
 -0.132281    0.52728   0.839332    1.51419
         0          0          0          1

 -0.196127   0.816108  -0.543601   0.948596
 -0.971615  -0.236524 -0.0045422   0.352639
 -0.132281    0.52728   0.839332    1.51419
         0          0          0          1

  -0.19058   0.813584  -0.549328   0.975414
  -0.96758  -0.250155 -0.0348068   0.358978
 -0.165735   0.524885   0.834882    1.47547
         0          0          0          1

  -0.19058   0.813584  -0.549328   0.975414
  -0.96758  -0.250155 -0.0348068   0.358978
 -0.165735   0.524885   0.834882    1.47547
         0          0          0          1

  -0.18616   0.809855  -0.556309    1.01623
   -0.9602  -0.269958 -0.0716793   0.367167
  -0.20823   0.520824   0.827878    1.42401
         0          0          0          1

  -0.18616   0.809855  -0.556309    1.01623
   -0.9602  -0.269958 -0.0716793   0.367167
  -0.20823   0.520824   0.827878    1.42401
         0          0          0          1

 -0.178126   0.808916  -0.560291    1.03508
 -0.955395  -0.278483 -0.0983212   0.371264
 -0.235565   0.517786   0.822439    1.39707
         0          0          0          1

 -0.178126   0.808916  -0.560291    1.03508
 -0.955395  -0.278483 -0.0983212   0.371264
 -0.235565   0.517786   0.822439    1.39707
         0          0          0          1

-0.181199  0.806811 -0.562337    1.0572
-0.950336 -0.290773 -0.110965  0.375559
 -0.25304  0.514303  0.819429   1.36715
        0         0         0         1

-0.181199  0.806811 -0.562337    1.0572
-0.950336 -0.290773 -0.110965  0.375559
 -0.25304  0.514303  0.819429   1.36715
        0         0         0         1

-0.183764  0.807234 -0.560895   1.08122
-0.942004 -0.307636 -0.134122  0.381055
-0.280819  0.503719   0.81695   1.32953
        0         0         0         1

-0.183764  0.807234 -0.560895   1.08122
-0.942004 -0.307636 -0.134122  0.381055
-0.280819  0.503719   0.81695   1.32953
        0         0         0         1

 -0.18092  0.806554 -0.562796   1.09515
-0.936743 -0.315656 -0.151241  0.384524
-0.299634  0.499832  0.812642   1.30691
        0         0         0         1

 -0.18092  0.806554 -0.562796   1.09515
-0.936743 -0.315656 -0.151241  0.384524
-0.299634  0.499832  0.812642   1.30691
        0         0         0         1

-0.174345  0.807871 -0.562982   1.11273
 -0.93005 -0.322899 -0.175337  0.388956
-0.323436  0.493032  0.807656   1.27458
        0         0         0         1

-0.174345  0.807871 -0.562982   1.11273
 -0.93005 -0.322899 -0.175337  0.388956
-0.323436  0.493032  0.807656   1.27458
        0         0         0         1

-0.166893  0.808252 -0.564691   1.12162
-0.924821 -0.326888 -0.194553   0.39211
-0.341839  0.489768  0.802043   1.25836
        0         0         0         1

-0.166893  0.808252 -0.564691   1.12162
-0.924821 -0.326888 -0.194553   0.39211
-0.341839  0.489768  0.802043   1.25836
        0         0         0         1

-0.174327  0.808606 -0.561931   1.13674
-0.921436 -0.335191 -0.196477  0.393728
-0.347227  0.483532  0.803512   1.24126
        0         0         0         1

-0.174327  0.808606 -0.561931   1.13674
-0.921436 -0.335191 -0.196477  0.393728
-0.347227  0.483532  0.803512   1.24126
        0         0         0         1

-0.168516  0.817407 -0.550861   1.14548
-0.917733 -0.334034 -0.214915  0.396149
-0.359679  0.469327  0.806451   1.22484
        0         0         0         1

-0.168516  0.817407 -0.550861   1.14548
-0.917733 -0.334034 -0.214915  0.396149
-0.359679  0.469327  0.806451   1.22484
        0         0         0         1

-0.161512  0.817781 -0.552402   1.15133
-0.917174  -0.33101 -0.221866   0.39646
-0.364288  0.470815  0.803509   1.21404
        0         0         0         1

-0.161512  0.817781 -0.552402   1.15133
-0.917174  -0.33101 -0.221866   0.39646
-0.364288  0.470815  0.803509   1.21404
        0         0         0         1

-0.156848  0.816457 -0.555695   1.15693
-0.914459 -0.332587 -0.230543  0.396935
-0.373045     0.472  0.798782   1.20302
        0         0         0         1

-0.156848  0.816457 -0.555695   1.15693
-0.914459 -0.332587 -0.230543  0.396935
-0.373045     0.472  0.798782   1.20302
        0         0         0         1

-0.155816   0.81524 -0.557768    1.1573
-0.914794 -0.332123 -0.229881  0.396345
-0.372656  0.474424  0.797527   1.19335
        0         0         0         1

-0.155816   0.81524 -0.557768    1.1573
-0.914794 -0.332123 -0.229881  0.396345
-0.372656  0.474424  0.797527   1.19335
        0         0         0         1

-0.150666  0.814039 -0.560928   1.15702
-0.912089 -0.333317 -0.238734  0.397457
-0.381306  0.475647  0.792695   1.19353
        0         0         0         1

-0.150666  0.814039 -0.560928   1.15702
-0.912089 -0.333317 -0.238734  0.397457
-0.381306  0.475647  0.792695   1.19353
        0         0         0         1

-0.148549  0.797092 -0.585301   1.16202
 -0.90679 -0.345931 -0.240963  0.396746
-0.394544  0.494951  0.774183   1.19029
        0         0         0         1

-0.148549  0.797092 -0.585301   1.16202
 -0.90679 -0.345931 -0.240963  0.396746
-0.394544  0.494951  0.774183   1.19029
        0         0         0         1

-0.144748  0.789661 -0.596225   1.15974
-0.904914 -0.349377 -0.243037  0.396947
-0.400224  0.504353  0.765147   1.18781
        0         0         0         1

-0.144748  0.789661 -0.596225   1.15974
-0.904914 -0.349377 -0.243037  0.396947
-0.400224  0.504353  0.765147   1.18781
        0         0         0         1

-0.143265  0.787448   -0.5995   1.16132
  -0.9056 -0.348643 -0.241531  0.394791
-0.399205  0.508304  0.763061   1.18494
        0         0         0         1

-0.143265  0.787448   -0.5995   1.16132
  -0.9056 -0.348643 -0.241531  0.394791
-0.399205  0.508304  0.763061   1.18494
        0         0         0         1

-0.139583  0.784642 -0.604031   1.16142
 -0.90624 -0.347058 -0.241411  0.393226
-0.399055  0.513701  0.759517   1.18511
        0         0         0         1

-0.139583  0.784642 -0.604031   1.16142
 -0.90624 -0.347058 -0.241411  0.393226
-0.399055  0.513701  0.759517   1.18511
        0         0         0         1

-0.132908  0.777547 -0.614618   1.15915
-0.906455 -0.346155   -0.2419  0.391543
-0.400842  0.524974  0.750819   1.18644
        0         0         0         1

-0.132908  0.777547 -0.614618   1.15915
-0.906455 -0.346155   -0.2419  0.391543
-0.400842  0.524974  0.750819   1.18644
        0         0         0         1

-0.135369  0.766201 -0.628181   1.15262
-0.904612 -0.354209 -0.237095   0.38874
 -0.40417  0.536165  0.741063   1.19052
        0         0         0         1

-0.135369  0.766201 -0.628181   1.15262
-0.904612 -0.354209 -0.237095   0.38874
 -0.40417  0.536165  0.741063   1.19052
        0         0         0         1

-0.128124  0.767539 -0.628068   1.14512
-0.905202 -0.349249 -0.242146  0.387331
-0.405208  0.537503  0.739525    1.1936
        0         0         0         1

-0.128124  0.767539 -0.628068   1.14512
-0.905202 -0.349249 -0.242146  0.387331
-0.405208  0.537503  0.739525    1.1936
        0         0         0         1

-0.116028  0.774657 -0.621647   1.14129
-0.909871   -0.3339 -0.246261  0.383207
-0.398336  0.537045   0.74358   1.19993
        0         0         0         1

-0.116028  0.774657 -0.621647   1.14129
-0.909871   -0.3339 -0.246261  0.383207
-0.398336  0.537045   0.74358   1.19993
        0         0         0         1

-0.0950309  0.789173 -0.606774   1.13304
-0.918808 -0.304104 -0.251619   0.37858
-0.383094  0.533597  0.753998   1.20859
        0         0         0         1

-0.0950309  0.789173 -0.606774   1.13304
-0.918808 -0.304104 -0.251619   0.37858
-0.383094  0.533597  0.753998   1.20859
        0         0         0         1

-0.0744759  0.800676  -0.59445    1.1307
-0.926418 -0.276161   -0.2559  0.371673
-0.369057  0.531651  0.762328   1.22576
        0         0         0         1

-0.0744759  0.800676  -0.59445    1.1307
-0.926418 -0.276161   -0.2559  0.371673
-0.369057  0.531651  0.762328   1.22576
        0         0         0         1

-0.0480537  0.811764 -0.582005   1.12402
-0.938401 -0.236308 -0.252116  0.361691
-0.342191  0.534038  0.773116   1.24889
        0         0         0         1

-0.0480537  0.811764 -0.582005   1.12402
-0.938401 -0.236308 -0.252116  0.361691
-0.342191  0.534038  0.773116   1.24889
        0         0         0         1

-0.0285915  0.814256 -0.579801   1.11641
-0.946824 -0.208027 -0.245457  0.353144
-0.320479  0.541952  0.776905    1.2655
        0         0         0         1

-0.0285915  0.814256 -0.579801   1.11641
-0.946824 -0.208027 -0.245457  0.353144
-0.320479  0.541952  0.776905    1.2655
        0         0         0         1

-0.007952  0.816239  -0.57766   1.10347
-0.957673 -0.172448 -0.230488   0.33671
 -0.28775  0.551376  0.783061   1.29784
        0         0         0         1

-0.007952  0.816239  -0.57766   1.10347
-0.957673 -0.172448 -0.230488   0.33671
 -0.28775  0.551376  0.783061   1.29784
        0         0         0         1

0.00686878  0.817294  -0.57618   1.09043
 -0.96443 -0.146847 -0.219796  0.323445
-0.264249  0.557195  0.787215     1.321
        0         0         0         1

0.00686878  0.817294  -0.57618   1.09043
 -0.96443 -0.146847 -0.219796  0.323445
-0.264249  0.557195  0.787215     1.321
        0         0         0         1

 0.020777  0.819976 -0.572021   1.07589
-0.969987 -0.122109 -0.210271   0.30863
-0.242266  0.559222  0.792829   1.34539
        0         0         0         1

 0.020777  0.819976 -0.572021   1.07589
-0.969987 -0.122109 -0.210271   0.30863
-0.242266  0.559222  0.792829   1.34539
        0         0         0         1

 0.0377734    0.81889  -0.572706    1.05426
 -0.977317 -0.0892399  -0.192061   0.282331
 -0.208385    0.56697   0.796945    1.37979
         0          0          0          1

 0.0377734    0.81889  -0.572706    1.05426
 -0.977317 -0.0892399  -0.192061   0.282331
 -0.208385    0.56697   0.796945    1.37979
         0          0          0          1

 0.0489839   0.818501  -0.572414    1.03694
 -0.981647 -0.0663023   -0.17881   0.263248
 -0.184309   0.570667   0.800231    1.40175
         0          0          0          1

 0.0489839   0.818501  -0.572414    1.03694
 -0.981647 -0.0663023   -0.17881   0.263248
 -0.184309   0.570667   0.800231    1.40175
         0          0          0          1

 0.0638966   0.813603  -0.577899    1.00952
 -0.985742 -0.0388687  -0.163713   0.232277
 -0.155659    0.58012   0.799519    1.43397
         0          0          0          1

 0.0638966   0.813603  -0.577899    1.00952
 -0.985742 -0.0388687  -0.163713   0.232277
 -0.155659    0.58012   0.799519    1.43397
         0          0          0          1

0.0712789  0.811037 -0.580636  0.991081
-0.987386 -0.025139 -0.156326  0.209684
-0.141383  0.584454  0.799015   1.45445
        0         0         0         1

0.0712789  0.811037 -0.580636  0.991081
-0.987386 -0.025139 -0.156326  0.209684
-0.141383  0.584454  0.799015   1.45445
        0         0         0         1

 0.0814361   0.807509  -0.584207   0.970772
 -0.988741 -0.0083741  -0.149402   0.186741
 -0.125535   0.589796   0.797735    1.47239
         0          0          0          1

 0.0814361   0.807509  -0.584207   0.970772
 -0.988741 -0.0083741  -0.149402   0.186741
 -0.125535   0.589796   0.797735    1.47239
         0          0          0          1

 0.0889932   0.803728  -0.588304   0.940623
 -0.990606 0.00985354  -0.136388   0.149815
 -0.103822   0.594916   0.797055    1.49597
         0          0          0          1

 0.0889932   0.803728  -0.588304   0.940623
 -0.990606 0.00985354  -0.136388   0.149815
 -0.103822   0.594916   0.797055    1.49597
         0          0          0          1

0.0925871  0.800743  -0.59181  0.919338
-0.991431 0.0191322  -0.12922   0.12413
-0.0921495  0.598703  0.795653   1.51075
        0         0         0         1

0.0925871  0.800743  -0.59181  0.919338
-0.991431 0.0191322  -0.12922   0.12413
-0.0921495  0.598703  0.795653   1.51075
        0         0         0         1

0.0940745  0.794987 -0.599288  0.887208
-0.992482 0.0275508 -0.119249 0.0846802
-0.0782909  0.606001  0.791602   1.53067
        0         0         0         1

0.0940745  0.794987 -0.599288  0.887208
-0.992482 0.0275508 -0.119249 0.0846802
-0.0782909  0.606001  0.791602   1.53067
        0         0         0         1

0.0906988  0.790862 -0.605236   0.86634
-0.993126 0.0266776 -0.113967 0.0579551
-0.0739861  0.611412  0.787846   1.54181
        0         0         0         1

0.0906988  0.790862 -0.605236   0.86634
-0.993126 0.0266776 -0.113967 0.0579551
-0.0739861  0.611412  0.787846   1.54181
        0         0         0         1

0.0858214  0.786605 -0.611463  0.845024
-0.993857 0.0245469 -0.107914 0.0317057
-0.0698761  0.616969   0.78388   1.54924
        0         0         0         1

0.0858214  0.786605 -0.611463  0.845024
-0.993857 0.0245469 -0.107914 0.0317057
-0.0698761  0.616969   0.78388   1.54924
        0         0         0         1

  0.0719254    0.780293   -0.621264    0.815137
  -0.995073   0.0135207  -0.0982206 -0.00637072
  -0.068241    0.625268    0.777421     1.55604
          0           0           0           1

  0.0719254    0.780293   -0.621264    0.815137
  -0.995073   0.0135207  -0.0982206 -0.00637072
  -0.068241    0.625268    0.777421     1.55604
          0           0           0           1

 0.0608637   0.776154    -0.6276   0.794799
 -0.995715 0.00335505 -0.0924138 -0.0310434
-0.0696217   0.630535   0.773032    1.55796
         0          0          0          1

 0.0608637   0.776154    -0.6276   0.794799
 -0.995715 0.00335505 -0.0924138 -0.0310434
-0.0696217   0.630535   0.773032    1.55796
         0          0          0          1

 0.0367644   0.769607  -0.637458   0.766415
 -0.996519 -0.0195237 -0.0810438  -0.065455
-0.0748175   0.638219   0.766211    1.55684
         0          0          0          1

 0.0367644   0.769607  -0.637458   0.766415
 -0.996519 -0.0195237 -0.0810438  -0.065455
-0.0748175   0.638219   0.766211    1.55684
         0          0          0          1

 0.0193792   0.764923  -0.643831   0.748758
 -0.996877 -0.0345234 -0.0710223 -0.0861546
-0.0765538   0.643196   0.761865    1.55192
         0          0          0          1

 0.0193792   0.764923  -0.643831   0.748758
 -0.996877 -0.0345234 -0.0710223 -0.0861546
-0.0765538   0.643196   0.761865    1.55192
         0          0          0          1

 0.0020218   0.762088   -0.64747   0.732233
 -0.996503 -0.0525509 -0.0649654  -0.105605
-0.0835345   0.645337   0.759317    1.54697
         0          0          0          1

 0.0020218   0.762088   -0.64747   0.732233
 -0.996503 -0.0525509 -0.0649654  -0.105605
-0.0835345   0.645337   0.759317    1.54697
         0          0          0          1

-0.0244359   0.761275  -0.647968   0.709404
  -0.99573 -0.0762512 -0.0520344  -0.131274
-0.0890209    0.64393   0.759888    1.53501
         0          0          0          1

-0.0244359   0.761275  -0.647968   0.709404
  -0.99573 -0.0762512 -0.0520344  -0.131274
-0.0890209    0.64393   0.759888    1.53501
         0          0          0          1

-0.0439429   0.761687  -0.646453   0.695496
  -0.99458 -0.0943908 -0.0436095  -0.146153
-0.0942361   0.641033   0.761706    1.52577
         0          0          0          1

-0.0439429   0.761687  -0.646453   0.695496
  -0.99458 -0.0943908 -0.0436095  -0.146153
-0.0942361   0.641033   0.761706    1.52577
         0          0          0          1

-0.0623054   0.759548  -0.647461   0.682918
 -0.993099  -0.111761 -0.0355429  -0.158806
-0.0993576   0.640778    0.76127    1.51473
         0          0          0          1

-0.0623054   0.759548  -0.647461   0.682918
 -0.993099  -0.111761 -0.0355429  -0.158806
-0.0993576   0.640778    0.76127    1.51473
         0          0          0          1

-0.0869893   0.752428  -0.652905    0.66563
 -0.989932  -0.138746 -0.0280025  -0.174985
 -0.111658   0.643896   0.756922    1.49673
         0          0          0          1

-0.0869893   0.752428  -0.652905    0.66563
 -0.989932  -0.138746 -0.0280025  -0.174985
 -0.111658   0.643896   0.756922    1.49673
         0          0          0          1

 -0.105326   0.748715  -0.654472   0.655862
  -0.98717  -0.158143 -0.0220477   -0.18294
 -0.120008   0.643753   0.755765    1.48435
         0          0          0          1

 -0.105326   0.748715  -0.654472   0.655862
  -0.98717  -0.158143 -0.0220477   -0.18294
 -0.120008   0.643753   0.755765    1.48435
         0          0          0          1

 -0.125926   0.745921  -0.654022   0.642901
 -0.983347  -0.180939 -0.0170294  -0.192694
  -0.13104   0.640986   0.756284    1.46402
         0          0          0          1

 -0.125926   0.745921  -0.654022   0.642901
 -0.983347  -0.180939 -0.0170294  -0.192694
  -0.13104   0.640986   0.756284    1.46402
         0          0          0          1

 -0.138045   0.746556  -0.650844   0.635912
 -0.980787  -0.194498 -0.0150736  -0.197223
 -0.137841   0.636258   0.759062    1.45049
         0          0          0          1

 -0.138045   0.746556  -0.650844   0.635912
 -0.980787  -0.194498 -0.0150736  -0.197223
 -0.137841   0.636258   0.759062    1.45049
         0          0          0          1

  -0.14747   0.749552   -0.64531   0.629518
 -0.978633  -0.205095 -0.0145834  -0.200862
 -0.143281   0.629371   0.763782    1.43753
         0          0          0          1

  -0.14747   0.749552   -0.64531   0.629518
 -0.978633  -0.205095 -0.0145834  -0.200862
 -0.143281   0.629371   0.763782    1.43753
         0          0          0          1

 -0.162774   0.753514  -0.636962   0.621753
 -0.975528  -0.219624 -0.0105177  -0.203991
 -0.147818   0.619662   0.770823    1.41927
         0          0          0          1

 -0.162774   0.753514  -0.636962   0.621753
 -0.975528  -0.219624 -0.0105177  -0.203991
 -0.147818   0.619662   0.770823    1.41927
         0          0          0          1

 -0.172245   0.754729  -0.633021    0.61773
 -0.973292  -0.229404 -0.0086783  -0.205059
 -0.151768    0.61462   0.774086    1.40747
         0          0          0          1

 -0.172245   0.754729  -0.633021    0.61773
 -0.973292  -0.229404 -0.0086783  -0.205059
 -0.151768    0.61462   0.774086    1.40747
         0          0          0          1

  -0.180493    0.756441   -0.628664    0.612896
  -0.970857   -0.239476 -0.00941086   -0.206078
  -0.157669    0.608644     0.77762     1.39047
          0           0           0           1

  -0.180493    0.756441   -0.628664    0.612896
  -0.970857   -0.239476 -0.00941086   -0.206078
  -0.157669    0.608644     0.77762     1.39047
          0           0           0           1

 -0.185622   0.758412  -0.624785   0.610622
 -0.969131  -0.246299 -0.0110502  -0.206082
 -0.162264   0.603447   0.780719    1.38054
         0          0          0          1

 -0.185622   0.758412  -0.624785   0.610622
 -0.969131  -0.246299 -0.0110502  -0.206082
 -0.162264   0.603447   0.780719    1.38054
         0          0          0          1

 -0.189782   0.759121   -0.62267   0.608862
 -0.967758  -0.251607 -0.0117835  -0.205948
 -0.165613   0.600357   0.782396    1.37121
         0          0          0          1

 -0.189782   0.759121   -0.62267   0.608862
 -0.967758  -0.251607 -0.0117835  -0.205948
 -0.165613   0.600357   0.782396    1.37121
         0          0          0          1

 -0.195397   0.759015   -0.62106     0.6069
 -0.965721  -0.259257 -0.0130115  -0.205246
  -0.17089   0.597228   0.783655    1.35873
         0          0          0          1

 -0.195397   0.759015   -0.62106     0.6069
 -0.965721  -0.259257 -0.0130115  -0.205246
  -0.17089   0.597228   0.783655    1.35873
         0          0          0          1

 -0.197966   0.758339  -0.621073   0.606056
 -0.964612    -0.2633 -0.0140241  -0.204482
 -0.174164   0.596319   0.783627    1.35114
         0          0          0          1

 -0.197966   0.758339  -0.621073   0.606056
 -0.964612    -0.2633 -0.0140241  -0.204482
 -0.174164   0.596319   0.783627    1.35114
         0          0          0          1

-0.200449  0.759804 -0.618481  0.605681
-0.963485 -0.267278 -0.016087 -0.203379
-0.177529  0.592672  0.785635   1.34149
        0         0         0         1

-0.200449  0.759804 -0.618481  0.605681
-0.963485 -0.267278 -0.016087 -0.203379
-0.177529  0.592672  0.785635   1.34149
        0         0         0         1

 -0.199529   0.762692  -0.615215   0.605726
 -0.963254   -0.26787 -0.0196763  -0.202828
 -0.179805   0.588682   0.788114      1.336
         0          0          0          1

 -0.199529   0.762692  -0.615215   0.605726
 -0.963254   -0.26787 -0.0196763  -0.202828
 -0.179805   0.588682   0.788114      1.336
         0          0          0          1

-0.197337  0.765177 -0.612832  0.606127
-0.963608 -0.266386 -0.022317 -0.202366
-0.180326  0.586126  0.789898    1.3304
        0         0         0         1

-0.197337  0.765177 -0.612832  0.606127
-0.963608 -0.266386 -0.022317 -0.202366
-0.180326  0.586126  0.789898    1.3304
        0         0         0         1

 -0.196679   0.768224   -0.60922   0.607429
 -0.963436  -0.266738 -0.0253211  -0.201318
 -0.181954   0.581965   0.792597    1.32397
         0          0          0          1

 -0.196679   0.768224   -0.60922   0.607429
 -0.963436  -0.266738 -0.0253211  -0.201318
 -0.181954   0.581965   0.792597    1.32397
         0          0          0          1

 -0.195429   0.769317  -0.608242   0.607935
 -0.963648  -0.265845 -0.0266256  -0.201209
 -0.182182   0.580928   0.793305    1.31997
         0          0          0          1

 -0.195429   0.769317  -0.608242   0.607935
 -0.963648  -0.265845 -0.0266256  -0.201209
 -0.182182   0.580928   0.793305    1.31997
         0          0          0          1

 -0.196231   0.769455  -0.607809   0.609427
 -0.963503  -0.266414 -0.0262006   -0.20062
 -0.182089   0.580484   0.793651    1.31506
         0          0          0          1

 -0.196231   0.769455  -0.607809   0.609427
 -0.963503  -0.266414 -0.0262006   -0.20062
 -0.182089   0.580484   0.793651    1.31506
         0          0          0          1

 -0.196217    0.76898  -0.608415   0.609619
 -0.963352  -0.266912 -0.0266655  -0.200808
 -0.182898   0.580885   0.793171    1.31214
         0          0          0          1

 -0.196217    0.76898  -0.608415   0.609619
 -0.963352  -0.266912 -0.0266655  -0.200808
 -0.182898   0.580885   0.793171    1.31214
         0          0          0          1

 -0.200203   0.767289   -0.60925   0.610469
  -0.96248  -0.270279 -0.0241129  -0.199853
 -0.183169   0.581564   0.792611    1.30953
         0          0          0          1

 -0.200203   0.767289   -0.60925   0.610469
  -0.96248  -0.270279 -0.0241129  -0.199853
 -0.183169   0.581564   0.792611    1.30953
         0          0          0          1

 -0.209598   0.763355  -0.611031    0.61095
 -0.960594  -0.277428 -0.0170817  -0.198578
 -0.182557   0.583372   0.791423    1.30551
         0          0          0          1

 -0.209598   0.763355  -0.611031    0.61095
 -0.960594  -0.277428 -0.0170817  -0.198578
 -0.182557   0.583372   0.791423    1.30551
         0          0          0          1

 -0.212836   0.765665  -0.607007   0.610929
 -0.960173   -0.27899 -0.0152431  -0.197999
  -0.18102   0.579588    0.79455    1.30377
         0          0          0          1

 -0.212836   0.765665  -0.607007   0.610929
 -0.960173   -0.27899 -0.0152431  -0.197999
  -0.18102   0.579588    0.79455    1.30377
         0          0          0          1

   -0.22522    0.762941   -0.605968    0.610804
  -0.957976   -0.286803 -0.00504703   -0.197023
  -0.177644    0.579366    0.795473     1.30403
          0           0           0           1

   -0.22522    0.762941   -0.605968    0.610804
  -0.957976   -0.286803 -0.00504703   -0.197023
  -0.177644    0.579366    0.795473     1.30403
          0           0           0           1

 -0.240283   0.750864  -0.615198    0.60756
 -0.954369  -0.298511 0.00841569  -0.196408
 -0.177324   0.589148   0.788328    1.30418
         0          0          0          1

 -0.240283   0.750864  -0.615198    0.60756
 -0.954369  -0.298511 0.00841569  -0.196408
 -0.177324   0.589148   0.788328    1.30418
         0          0          0          1

-0.258893  0.736029 -0.625489  0.604506
-0.949252 -0.313608 0.0238691 -0.194545
 -0.17859  0.599926  0.779868   1.30399
        0         0         0         1

-0.258893  0.736029 -0.625489  0.604506
-0.949252 -0.313608 0.0238691 -0.194545
 -0.17859  0.599926  0.779868   1.30399
        0         0         0         1

 -0.27178  0.733678 -0.622778   0.60207
-0.944915 -0.326098 0.0281923 -0.192499
-0.182403  0.596134  0.781891   1.30369
        0         0         0         1

 -0.27178  0.733678 -0.622778   0.60207
-0.944915 -0.326098 0.0281923 -0.192499
-0.182403  0.596134  0.781891   1.30369
        0         0         0         1

 -0.27288  0.742047 -0.612293  0.602604
-0.944566 -0.327432 0.0241454 -0.191175
-0.182567   0.58494  0.790262   1.30476
        0         0         0         1

 -0.27288  0.742047 -0.612293  0.602604
-0.944566 -0.327432 0.0241454 -0.191175
-0.182567   0.58494  0.790262   1.30476
        0         0         0         1

-0.270085  0.755787 -0.596524  0.603862
-0.945339 -0.325728 0.0153232 -0.189411
-0.182724  0.568056  0.802449   1.30939
        0         0         0         1

-0.270085  0.755787 -0.596524  0.603862
-0.945339 -0.325728 0.0153232 -0.189411
-0.182724  0.568056  0.802449   1.30939
        0         0         0         1

-0.268618  0.761222 -0.590242  0.604514
-0.945458 -0.325578 0.0103855 -0.188019
-0.184264  0.560839  0.807159   1.31503
        0         0         0         1

-0.268618  0.761222 -0.590242  0.604514
-0.945458 -0.325578 0.0103855 -0.188019
-0.184264  0.560839  0.807159   1.31503
        0         0         0         1

-0.271166  0.758404 -0.592699  0.605586
-0.944082 -0.329551 0.0102411 -0.185705
-0.187558  0.562333  0.805359   1.32158
        0         0         0         1

-0.271166  0.758404 -0.592699  0.605586
-0.944082 -0.329551 0.0102411 -0.185705
-0.187558  0.562333  0.805359   1.32158
        0         0         0         1

-0.277404   0.74682 -0.604406  0.605024
 -0.94146 -0.336744 0.0160118 -0.181693
-0.191572  0.573466  0.796515    1.3342
        0         0         0         1

-0.277404   0.74682 -0.604406  0.605024
 -0.94146 -0.336744 0.0160118 -0.181693
-0.191572  0.573466  0.796515    1.3342
        0         0         0         1

 -0.28142  0.739514 -0.611492  0.603031
-0.940677 -0.338483 0.0235695 -0.179078
-0.189549  0.581849    0.7909   1.34735
        0         0         0         1

 -0.28142  0.739514 -0.611492  0.603031
-0.940677 -0.338483 0.0235695 -0.179078
-0.189549  0.581849    0.7909   1.34735
        0         0         0         1

-0.289249  0.729296  -0.62005  0.599755
-0.941276 -0.334543 0.0456131 -0.174336
-0.174168  0.596832  0.783235   1.37538
        0         0         0         1

-0.289249  0.729296  -0.62005  0.599755
-0.941276 -0.334543 0.0456131 -0.174336
-0.174168  0.596832  0.783235   1.37538
        0         0         0         1

-0.290061  0.725449  -0.62417  0.597539
-0.943829 -0.324714 0.0612084 -0.171038
-0.158274  0.606864  0.778887   1.39821
        0         0         0         1

-0.290061  0.725449  -0.62417  0.597539
-0.943829 -0.324714 0.0612084 -0.171038
-0.158274  0.606864  0.778887   1.39821
        0         0         0         1

-0.285905  0.724854 -0.626774  0.595519
-0.948022 -0.309303 0.0747399 -0.167452
-0.139687  0.615564  0.775609   1.42391
        0         0         0         1

-0.285905  0.724854 -0.626774  0.595519
-0.948022 -0.309303 0.0747399 -0.167452
-0.139687  0.615564  0.775609   1.42391
        0         0         0         1

-0.273286  0.728931 -0.627673  0.592557
-0.955839  -0.27911 0.0920307  -0.16069
-0.108106  0.625105  0.773018   1.46805
        0         0         0         1

-0.273286  0.728931 -0.627673  0.592557
-0.955839  -0.27911 0.0920307  -0.16069
-0.108106  0.625105  0.773018   1.46805
        0         0         0         1

-0.262608  0.733118 -0.627356  0.590239
-0.961193 -0.255712   0.10353 -0.154599
-0.084523  0.630198   0.77182   1.50051
        0         0         0         1

-0.262608  0.733118 -0.627356  0.590239
-0.961193 -0.255712   0.10353 -0.154599
-0.084523  0.630198   0.77182   1.50051
        0         0         0         1

-0.242044  0.738492  -0.62932  0.584343
-0.968804 -0.219532  0.114998 -0.143816
-0.0532307  0.637522  0.768591   1.55198
        0         0         0         1

-0.242044  0.738492  -0.62932  0.584343
-0.968804 -0.219532  0.114998 -0.143816
-0.0532307  0.637522  0.768591   1.55198
        0         0         0         1

-0.228174  0.741294 -0.631205   0.58006
-0.973123 -0.194358  0.123517 -0.134506
-0.0311173  0.642424  0.765717   1.58894
        0         0         0         1

-0.228174  0.741294 -0.631205   0.58006
-0.973123 -0.194358  0.123517 -0.134506
-0.0311173  0.642424  0.765717   1.58894
        0         0         0         1

-0.214188   0.74782 -0.628401  0.575432
-0.976774 -0.167964  0.133047 -0.123443
-0.0060535  0.642303  0.766427   1.62881
        0         0         0         1

-0.214188   0.74782 -0.628401  0.575432
-0.976774 -0.167964  0.133047 -0.123443
-0.0060535  0.642303  0.766427   1.62881
        0         0         0         1

-0.194172  0.761794 -0.618035  0.566421
-0.980336 -0.128082  0.150123 -0.104069
0.0352038  0.635031  0.771684   1.69251
        0         0         0         1

-0.194172  0.761794 -0.618035  0.566421
-0.980336 -0.128082  0.150123 -0.104069
0.0352038  0.635031  0.771684   1.69251
        0         0         0         1

 -0.182527    0.76735  -0.614701   0.558013
 -0.981393  -0.104295   0.161217 -0.0897633
 0.0595995    0.63269   0.772109    1.73588
         0          0          0          1

 -0.182527    0.76735  -0.614701   0.558013
 -0.981393  -0.104295   0.161217 -0.0897633
 0.0595995    0.63269   0.772109    1.73588
         0          0          0          1

  -0.17386   0.777774   -0.60402    0.54419
  -0.97975 -0.0747603   0.185743 -0.0637569
 0.0993096   0.624082   0.775022    1.80504
         0          0          0          1

  -0.17386   0.777774   -0.60402    0.54419
  -0.97975 -0.0747603   0.185743 -0.0637569
 0.0993096   0.624082   0.775022    1.80504
         0          0          0          1

 -0.169412   0.783976  -0.597228   0.532131
 -0.977761 -0.0576837   0.201635 -0.0455063
  0.123627   0.618105   0.776313    1.85333
         0          0          0          1

 -0.169412   0.783976  -0.597228   0.532131
 -0.977761 -0.0576837   0.201635 -0.0455063
  0.123627   0.618105   0.776313    1.85333
         0          0          0          1

 -0.168119   0.790069  -0.589514   0.519336
 -0.974419  -0.042714   0.220642 -0.0259222
  0.149142   0.611528   0.777039    1.90265
         0          0          0          1

 -0.168119   0.790069  -0.589514   0.519336
 -0.974419  -0.042714   0.220642 -0.0259222
  0.149142   0.611528   0.777039    1.90265
         0          0          0          1

 -0.175728   0.796729  -0.578224   0.501456
 -0.965171 -0.0237971   0.260536  0.0104987
  0.193816   0.603868   0.773161      1.978
         0          0          0          1

 -0.175728   0.796729  -0.578224   0.501456
 -0.965171 -0.0237971   0.260536  0.0104987
  0.193816   0.603868   0.773161      1.978
         0          0          0          1

 -0.182963   0.797349  -0.575117   0.487634
 -0.957538 -0.0119461   0.288061  0.0359736
  0.222814     0.6034   0.765677    2.02858
         0          0          0          1

 -0.182963   0.797349  -0.575117   0.487634
 -0.957538 -0.0119461   0.288061  0.0359736
  0.222814     0.6034   0.765677    2.02858
         0          0          0          1

  -0.200525    0.803526   -0.560479    0.468304
  -0.943334 -0.00396079    0.331822    0.078073
   0.264408    0.595257    0.758787     2.10643
          0           0           0           1

  -0.200525    0.803526   -0.560479    0.468304
  -0.943334 -0.00396079    0.331822    0.078073
   0.264408    0.595257    0.758787     2.10643
          0           0           0           1

  -0.21424   0.809367  -0.546832   0.458763
  -0.93261 -0.0030467   0.360873   0.108922
  0.290413   0.587295   0.755477    2.15844
         0          0          0          1

  -0.21424   0.809367  -0.546832   0.458763
  -0.93261 -0.0030467   0.360873   0.108922
  0.290413   0.587295   0.755477    2.15844
         0          0          0          1

  -0.228231    0.813173   -0.535406     0.44883
  -0.920771 -0.00158198    0.390101    0.141612
   0.316372     0.58202    0.749107     2.20891
          0           0           0           1

  -0.228231    0.813173   -0.535406     0.44883
  -0.920771 -0.00158198    0.390101    0.141612
   0.316372     0.58202    0.749107     2.20891
          0           0           0           1

  -0.251566     0.81963   -0.514705    0.436947
  -0.899349 -0.00146697    0.437228    0.196517
    0.35761    0.572892    0.737502     2.28134
          0           0           0           1

  -0.251566     0.81963   -0.514705    0.436947
