 -0.479475   0.864801  -0.149072   0.216686
 -0.364118 -0.0414938   0.930428   0.818873
   0.79845   0.500397   0.334785    2.70825
         0          0          0          1

 -0.485313   0.851166  -0.199969   0.167521
 -0.396955 -0.0107163   0.917775   0.775049
  0.779036   0.524787   0.343076    2.69973
         0          0          0          1

-0.484725  0.843046 -0.233055  0.142966
-0.415013 0.0128685  0.909724  0.744239
 0.769939  0.537687  0.343638   2.68944
        0         0         0         1

 -0.47787  0.835069 -0.272582  0.116991
 -0.44981 0.0339177   0.89248  0.698555
 0.754527  0.549099  0.359414   2.69638
        0         0         0         1

-0.477616  0.824818 -0.302585 0.0956209
-0.464684 0.0551295  0.883759  0.670094
 0.745622  0.562704  0.356949   2.68122
        0         0         0         1

-0.471101  0.814656 -0.338229 0.0738833
-0.496173 0.0722895  0.865209   0.62806
 0.729298  0.575421  0.370155   2.67951
        0         0         0         1

-0.457384   0.79498 -0.398506 0.0391212
-0.545586  0.103015  0.831699  0.551311
 0.702236  0.597825  0.386612   2.66711
        0         0         0         1

-0.454738  0.785439  -0.41988 0.0257643
-0.561821  0.112832  0.819528  0.522879
 0.691065  0.608568  0.389967   2.65919
        0         0         0         1

 -0.44973  0.784313 -0.427313  0.028527
-0.570157  0.116163  0.813281  0.506369
 0.687505  0.609393  0.394939   2.64644
        0         0         0         1

 -0.447716   0.771219  -0.452517 0.00770476
  -0.58838   0.126982   0.798552   0.476631
   0.67332   0.623776   0.396918     2.6321
         0          0          0          1

-0.435651  0.749693 -0.498165 -0.026869
-0.633181   0.13812  0.761581  0.403509
 0.639758  0.647212  0.414519   2.60928
        0         0         0         1

 -0.432729   0.734579  -0.522628 -0.0505275
 -0.653105   0.144181   0.743415   0.369839
   0.62145   0.663028   0.417366    2.59239
         0          0          0          1

  -0.41532   0.734166   -0.53713 -0.0582513
  -0.67555   0.146515   0.722611   0.331421
  0.609214   0.662973   0.435115     2.5872
         0          0          0          1

 -0.412401   0.728259  -0.547325 -0.0649312
 -0.696066   0.135702   0.705037   0.298619
  0.587722   0.671732   0.450953    2.57854
         0          0          0          1

 -0.404929   0.723508  -0.559078 -0.0721122
 -0.710876   0.135443   0.690153   0.270861
  0.575054   0.676898    0.45948    2.55815
         0          0          0          1

 -0.402889   0.728456  -0.554106 -0.0665241
 -0.718928   0.122788   0.684153    0.25435
  0.566413      0.674   0.474237    2.55168
         0          0          0          1

 -0.400287   0.727703  -0.556972 -0.0636908
  -0.73889    0.10321   0.665875   0.211954
  0.542044   0.678083   0.496379    2.52286
         0          0          0          1

 -0.390895   0.719124  -0.574511 -0.0771775
 -0.760664  0.0990561   0.641543    0.17687
  0.518258   0.687786   0.508291    2.50989
         0          0          0          1

 -0.390955   0.716258  -0.578038 -0.0751434
 -0.768467  0.0916324   0.633295   0.160857
   0.50657   0.691793   0.514596    2.49028
         0          0          0          1

 -0.385934   0.707672  -0.591824 -0.0811819
 -0.781973  0.0894274   0.616864   0.136612
  0.489463   0.700859   0.518867    2.47481
         0          0          0          1

  -0.38473   0.680947  -0.623132 -0.0979398
 -0.805282  0.0823198    0.58715  0.0914983
  0.451114   0.727691   0.516683     2.4262
         0          0          0          1

 -0.379408   0.680961  -0.626372 -0.0927493
 -0.814741  0.0749265   0.574964  0.0704358
   0.43846   0.728477   0.526379    2.41704
         0          0          0          1

 -0.372622   0.670378  -0.641675 -0.0970997
 -0.827519  0.0728852   0.556687  0.0458406
  0.419959   0.738432   0.527591    2.39568
         0          0          0          1

-0.368298  0.668147  -0.64648 -0.094275
-0.837511 0.0634671  0.542722  0.025697
 0.403649  0.741317  0.536206   2.38461
        0         0         0         1

 -0.376073   0.660243  -0.650114 -0.0919477
 -0.837988  0.0570557   0.542698  0.0179476
  0.395405   0.748882   0.531819    2.36103
         0          0          0          1

 -0.377869   0.650161  -0.659171 -0.0922235
 -0.844566  0.0496749   0.533142 0.00215397
  0.379372   0.758171   0.530333    2.34225
         0          0          0          1

   -0.3719   0.630806  -0.681009  -0.092468
 -0.859669  0.0427446    0.50906 -0.0281008
  0.350228   0.774762   0.526388    2.30003
         0          0          0          1

 -0.369156   0.623036  -0.689602 -0.0903091
 -0.865923   0.038874   0.498665 -0.0418354
  0.337494   0.781227    0.52515    2.28149
         0          0          0          1

 -0.358667   0.615792   -0.70154 -0.0876774
 -0.877734  0.0333129   0.477988  -0.064464
  0.317712   0.787204   0.528554    2.26437
         0          0          0          1

 -0.353734   0.607215   -0.71145 -0.0847987
 -0.884007  0.0314962   0.466411 -0.0757036
   0.30562   0.793913   0.525641    2.24449
         0          0          0          1

 -0.345884   0.598341  -0.722739 -0.0724777
 -0.895841  0.0184388   0.443991 -0.0960634
  0.278985   0.801029   0.529641    2.20496
         0          0          0          1

 -0.340527   0.595181  -0.727875 -0.0696751
 -0.901271   0.013923   0.433033  -0.107762
  0.267867   0.803471   0.531678    2.18823
         0          0          0          1

 -0.345305    0.58975  -0.730041 -0.0626422
  -0.90157 0.00758835   0.432567  -0.109699
  0.260646    0.80755   0.529081    2.16452
         0          0          0          1

 -0.344282   0.583558   -0.73548 -0.0594506
 -0.905172 0.00167071   0.425042  -0.118034
  0.249265    0.81207   0.527645    2.14619
         0          0          0          1

  -0.339955    0.581942   -0.738765  -0.0524638
  -0.910182 -0.00592858    0.414165   -0.127386
   0.236641    0.813208    0.531689     2.12813
          0           0           0           1

 -0.329907   0.573016  -0.750209 -0.0515176
 -0.918226 -0.0103027   0.395923  -0.141955
  0.219141   0.819479   0.529557     2.1093
         0          0          0          1

 -0.318453    0.55842  -0.765999 -0.0442248
 -0.928337  -0.020238   0.371188  -0.158977
  0.191777   0.829311   0.524847    2.06555
         0          0          0          1

  -0.31644   0.553379  -0.770479 -0.0395594
 -0.930709 -0.0240591   0.364968  -0.161039
  0.183428   0.832582   0.522648    2.04427
         0          0          0          1

 -0.311302   0.551471  -0.773932 -0.0331451
 -0.934791 -0.0311144   0.353834  -0.166416
  0.171048   0.833614   0.525196    2.02311
         0          0          0          1

 -0.310246   0.550396   -0.77512 -0.0271374
 -0.936617 -0.0373585   0.348358  -0.168159
  0.162778   0.834067     0.5271    2.00468
         0          0          0          1

  -0.29856   0.553089  -0.777788 -0.0139171
 -0.943492 -0.0482343   0.327867  -0.175082
  0.143824   0.831725   0.536236     1.9652
         0          0          0          1

  -0.295166    0.552312   -0.779633 -0.00816433
   -0.94621  -0.0557918    0.318707   -0.176889
   0.132529    0.831768    0.539071      1.9464
          0           0           0           1

  -0.284702    0.556046    -0.78087 -0.00237164
  -0.950832  -0.0602022    0.303801   -0.182001
   0.121917    0.828968    0.545846     1.92605
          0           0           0           1

 -0.279225   0.555989  -0.782885  0.0013345
 -0.953553 -0.0646031   0.294216  -0.183448
  0.113004   0.828675   0.548204    1.90566
         0          0          0          1

 -0.269961   0.559424  -0.783687 0.00732344
 -0.957552 -0.0705451   0.279495  -0.187089
  0.101071   0.825874   0.554722    1.88559
         0          0          0          1

 -0.262687    0.56431  -0.782656  0.0134405
 -0.960318 -0.0741103   0.268882  -0.187845
   0.09373    0.82223   0.561385    1.86931
         0          0          0          1

 -0.249405   0.573052  -0.780646  0.0272242
  -0.96556 -0.0854692   0.245742  -0.188514
 0.0741017    0.81505   0.574633    1.83095
         0          0          0          1

  -0.24027   0.574424    -0.7825  0.0318148
 -0.968695 -0.0900274   0.231354  -0.189404
 0.0624489   0.813592   0.578073     1.8127
         0          0          0          1

 -0.234964   0.580678   -0.77949  0.0399172
 -0.970534 -0.0960715   0.220983  -0.187845
 0.0534333   0.808445   0.586141    1.79392
         0          0          0          1

-0.229245  0.583726 -0.778917 0.0463198
-0.972384 -0.101357  0.210228 -0.186372
0.0437671    0.8056  0.590841   1.77664
        0         0         0         1

-0.210907  0.593567 -0.776657 0.0591041
-0.977333 -0.113077  0.178982 -0.187427
0.0184156  0.796801  0.603961   1.74045
        0         0         0         1

-0.206824  0.600502 -0.772413  0.066593
-0.978325 -0.118736   0.16965 -0.184357
0.0101621  0.790759  0.612043     1.725
        0         0         0         1

 -0.19796   0.60509 -0.771154 0.0728571
 -0.98021 -0.122077  0.155838 -0.183053
0.000155715  0.786743  0.617281   1.70445
        0         0         0         1

-0.192949  0.612886 -0.766251 0.0781204
 -0.98118  -0.12652  0.145872 -0.180855
-0.00754312  0.779976  0.625764   1.68919
        0         0         0         1

-0.184681  0.623436  -0.75975 0.0845479
-0.982663 -0.129985  0.132203 -0.178714
-0.0163361  0.770994  0.636633   1.67165
        0         0         0         1

-0.180322  0.631479 -0.754134 0.0908483
-0.983325  -0.13411  0.122827 -0.175743
-0.0235743  0.763707  0.645133   1.65677
        0         0         0         1

-0.169763  0.647071  -0.74329  0.105169
-0.984566 -0.143929 0.0995712 -0.168106
-0.0425512  0.748721  0.661518   1.62572
        0         0         0         1

-0.164744  0.650923 -0.741052  0.111209
-0.985095 -0.146264 0.0905233 -0.164178
-0.0494653   0.74492  0.665317   1.61071
        0         0         0         1

-0.153162  0.658776 -0.736584  0.117489
-0.986246 -0.148769 0.0720207 -0.163255
-0.0621357  0.737484  0.672501   1.59629
        0         0         0         1

-0.144538  0.662075 -0.735368  0.123185
-0.986929 -0.149986  0.058945 -0.160869
-0.071269  0.734276    0.6751   1.58151
        0         0         0         1

-0.126686   0.66812 -0.733189  0.136597
-0.987887 -0.151755 0.0324071 -0.155467
-0.0896133  0.728414  0.679252   1.55153
        0         0         0         1

 -0.12088  0.668258 -0.734043  0.142456
-0.987919 -0.153222 0.0231974 -0.152447
-0.0969701   0.72798  0.678707   1.53812
        0         0         0         1

-0.118459  0.670289 -0.732584  0.150314
-0.987268 -0.158381 0.0147284 -0.147472
-0.106155  0.725002  0.680517   1.52485
        0         0         0         1

 -0.111074   0.670074  -0.733937   0.154928
 -0.987487  -0.157601 0.00555873  -0.146405
 -0.111944   0.725371   0.679194    1.51285
         0          0          0          1

  -0.106379    0.671807   -0.733047    0.160473
  -0.987063   -0.160291 -0.00365897   -0.144086
  -0.119959    0.723175    0.680168     1.50153
          0           0           0           1

  -0.104993    0.671234   -0.733772    0.166145
  -0.986409   -0.164067 -0.00894216   -0.141066
   -0.12639     0.72286    0.679337     1.49199
          0           0           0           1

-0.0959011   0.664906  -0.740745   0.176467
 -0.986383   -0.16337 -0.0189415  -0.137371
  -0.13361   0.728842   0.671519    1.47018
         0          0          0          1

-0.0922953   0.661474  -0.744267    0.18073
 -0.986183  -0.163989 -0.0234518  -0.136427
 -0.137564   0.731819    0.66747    1.46262
         0          0          0          1

 -0.090964   0.657362  -0.748064   0.186226
 -0.985869   -0.16555 -0.0255965  -0.134427
 -0.140668   0.735165   0.663132    1.45448
         0          0          0          1

-0.0864012   0.652408  -0.752927   0.189194
 -0.985665  -0.165906 -0.0306484   -0.13516
 -0.144911   0.739485    0.65739    1.44792
         0          0          0          1

-0.0834961   0.639638  -0.764128   0.196773
 -0.985471   -0.16681 -0.0319516    -0.1341
 -0.147902   0.750358   0.644273    1.43418
         0          0          0          1

-0.0837409   0.631974  -0.770452   0.200254
 -0.985407  -0.167499 -0.0302887   -0.13399
 -0.148191   0.756672   0.636778    1.42842
         0          0          0          1

-0.0810782   0.625362  -0.776111   0.201852
 -0.985718  -0.165623 -0.0304774  -0.136051
 -0.147601   0.762556   0.629859    1.42417
         0          0          0          1

-0.0814561   0.622308  -0.778523   0.203443
  -0.98587  -0.165023 -0.0287597  -0.137362
 -0.146372    0.76518   0.626957     1.4216
         0          0          0          1

-0.0857884   0.618978  -0.780709   0.205594
 -0.985775  -0.166405 -0.0236103  -0.137456
 -0.144528   0.767578   0.624449    1.41894
         0          0          0          1

 -0.089943   0.614765  -0.783565   0.207653
 -0.985919  -0.166326 -0.0173249  -0.136926
 -0.140978   0.770973   0.621069    1.41497
         0          0          0          1

-0.0924108   0.607284  -0.789092   0.209076
 -0.986164  -0.165352 -0.0117644  -0.139713
 -0.137622   0.777087   0.614163    1.41252
         0          0          0          1

-0.0901859   0.600414  -0.794587   0.209922
  -0.98678  -0.161741 -0.0102166  -0.141204
 -0.134651   0.783162   0.607064    1.40958
         0          0          0          1

 -0.0921737    0.595605   -0.797971    0.212444
  -0.987073   -0.160173 -0.00553619   -0.141018
  -0.131111    0.787146     0.60267      1.4082
          0           0           0           1

 -0.0888431    0.592085   -0.800963    0.212732
  -0.987677   -0.156389 -0.00605193   -0.142757
  -0.128845    0.790555    0.598683     1.40702
          0           0           0           1

 -0.0859719    0.588198   -0.804134    0.214306
  -0.988393   -0.151825 -0.00538396   -0.145786
  -0.125255    0.794337    0.594424     1.40619
          0           0           0           1

 -0.0893402    0.584667   -0.806339    0.215432
  -0.988685   -0.150007 0.000775577   -0.145391
  -0.120503    0.797285    0.591453     1.40435
          0           0           0           1

 -0.090255   0.583563  -0.807037    0.21539
 -0.988907    -0.1485 0.00321527  -0.146575
 -0.117968   0.798374   0.590493    1.40455
         0          0          0          1

-0.0934824   0.583209  -0.806925   0.215628
 -0.989004  -0.147677 0.00784183  -0.146831
 -0.114591   0.798786   0.590601    1.40447
         0          0          0          1

-0.0943669  0.584443 -0.805929   0.21492
-0.989275 -0.145708 0.0101709 -0.147965
-0.111486  0.798246  0.591925   1.40516
        0         0         0         1

-0.0952757  0.584081 -0.806084  0.214489
 -0.98963 -0.143018 0.0133404 -0.149006
-0.107493  0.798997   0.59165   1.40522
        0         0         0         1

-0.0968007  0.584235 -0.805791  0.213341
-0.990343 -0.137272 0.0194426 -0.150446
-0.0992534  0.799891  0.591881   1.40614
        0         0         0         1

-0.0956234  0.584071 -0.806051   0.21303
-0.990639 -0.135088 0.0196358 -0.151627
-0.0974189  0.800383  0.591521   1.40722
        0         0         0         1

-0.0985838  0.581752 -0.807369  0.213216
-0.990647 -0.134289 0.0242004 -0.151218
-0.0943424  0.802204   0.58955   1.40773
        0         0         0         1

-0.0967995  0.580556 -0.808446  0.212952
 -0.99091 -0.132456 0.0235287 -0.152092
-0.0934235  0.803375    0.5881   1.40831
        0         0         0         1

-0.0954738  0.576203 -0.811711  0.212416
-0.991136 -0.130699 0.0237992 -0.153172
-0.092377  0.806789  0.583574   1.40942
        0         0         0         1

-0.0943243  0.575101 -0.812627   0.21215
-0.991291 -0.129605   0.02334 -0.153618
-0.0918978  0.807751  0.582317   1.40978
        0         0         0         1

-0.0911129  0.575019 -0.813051  0.211692
-0.991558  -0.12802 0.0205766 -0.154402
-0.0922547  0.808062  0.581829   1.41063
        0         0         0         1

-0.090272  0.573643 -0.814116  0.211455
-0.991796 -0.126068 0.0211434 -0.154383
-0.0905056  0.809346  0.580317    1.4109
        0         0         0         1

-0.0883988  0.574574 -0.813665  0.211426
-0.992085  -0.12392 0.0202761 -0.154179
-0.0891792  0.809017  0.580981   1.41185
        0         0         0         1

-0.0841637  0.574009 -0.814512  0.210318
-0.992665 -0.119493 0.0183622 -0.154757
-0.0867886  0.810083  0.579856   1.41241
        0         0         0         1

-0.0797517  0.577249 -0.812665   0.20867
-0.993277 -0.114648   0.01604 -0.154433
-0.0839113   0.80848  0.582511     1.418
        0         0         0         1

-0.078659  0.577759 -0.812408  0.207698
-0.993436  -0.11332 0.0155968 -0.154085
-0.083051  0.808303   0.58288   1.42156
        0         0         0         1

-0.0769448   0.57681 -0.813246  0.206198
-0.993769 -0.110335 0.0157679 -0.154128
-0.0806342  0.809392  0.581706   1.42556
        0         0         0         1

-0.0767712  0.574227 -0.815088  0.204691
-0.994052 -0.107415  0.017954 -0.154061
-0.0772428  0.811619  0.579058   1.42824
        0         0         0         1

-0.0775066  0.568186 -0.819242  0.200473
-0.994543 -0.101621 0.0236124 -0.153838
-0.0698356  0.816602  0.572961   1.43968
        0         0         0         1

-0.0754454    0.56466  -0.821868   0.196501
 -0.994988 -0.0968796  0.0247767   -0.15598
-0.0656318   0.819618   0.569139    1.44515
         0          0          0          1

-0.0774633   0.557377  -0.826638   0.192838
 -0.995169 -0.0933881  0.0302873   -0.15611
-0.0603167   0.824991   0.561918     1.4502
         0          0          0          1

-0.0784434   0.551251  -0.830644   0.188803
 -0.995355 -0.0899547  0.0343003  -0.157341
-0.0558123   0.829476   0.555747    1.45567
         0          0          0          1

-0.0814116   0.544081  -0.835073   0.184501
 -0.995343 -0.0877726  0.0398493  -0.157364
-0.0516153   0.834429   0.548693    1.46223
         0          0          0          1

-0.0803977   0.539201  -0.838331   0.179677
 -0.995595 -0.0841424  0.0413607  -0.158857
-0.0482374   0.837963   0.543591    1.46843
         0          0          0          1

-0.0868301   0.529637  -0.843769   0.169665
 -0.995435 -0.0798048   0.052344  -0.159233
-0.0396134   0.844462   0.534148    1.48196
         0          0          0          1

-0.0876235   0.526384   -0.84572   0.164037
 -0.995557 -0.0756584  0.0560574  -0.160362
-0.0344781   0.846874   0.530674    1.48757
         0          0          0          1

-0.0890176   0.524294  -0.846872   0.157256
 -0.995606 -0.0716565  0.0602894   -0.16106
-0.0290744   0.848517   0.528369    1.49536
         0          0          0          1

-0.0910978   0.523533  -0.847121   0.151866
 -0.995555 -0.0683151  0.0648404  -0.161868
-0.0239251   0.849262   0.527429    1.50211
         0          0          0          1

-0.0944388   0.523492  -0.846781   0.136547
 -0.995463 -0.0595645  0.0741972  -0.163657
-0.0115965   0.849946   0.526742    1.51777
         0          0          0          1

-0.0985661   0.522812   -0.84673   0.129854
 -0.995109 -0.0573759  0.0804119  -0.163114
-0.00654161   0.850515    0.52591     1.5242
         0          0          0          1

  -0.10318   0.522429  -0.846417   0.121649
 -0.994662 -0.0536423  0.0881423  -0.163127
0.000644348   0.850994   0.525175    1.53147
         0          0          0          1

 -0.105344   0.523823  -0.845288   0.114296
 -0.994418 -0.0504337  0.0926759  -0.163349
0.00591474   0.850333   0.526212    1.53851
         0          0          0          1

 -0.109496   0.526445  -0.843129   0.105508
 -0.993919 -0.0480552  0.0990741  -0.163634
 0.0116404    0.84885   0.528506    1.54714
         0          0          0          1

 -0.110551   0.528704  -0.841576  0.0964925
 -0.993749 -0.0455743   0.101909  -0.165462
 0.0155257   0.847582   0.530438    1.55446
         0          0          0          1

 -0.120253   0.530355  -0.839204  0.0753651
  -0.99228 -0.0383762   0.117935  -0.165536
 0.0303419   0.846907   0.530875    1.56649
         0          0          0          1

 -0.123845   0.533731  -0.836537  0.0660737
 -0.991736 -0.0381185   0.122501  -0.166879
 0.0334951   0.844795   0.534041    1.57324
         0          0          0          1

 -0.129742    0.53465  -0.835055  0.0550024
 -0.990829 -0.0378371   0.129719  -0.166716
 0.0377584   0.844226   0.534655    1.57951
         0          0          0          1

 -0.135469   0.534844   -0.83402  0.0446219
 -0.989858 -0.0367187   0.137234  -0.166379
 0.0427748   0.844152   0.534394    1.58347
         0          0          0          1

 -0.149661   0.537042  -0.830173  0.0219743
 -0.987666 -0.0421216   0.150805  -0.164548
 0.0460204   0.842503   0.536722    1.59469
         0          0          0          1

 -0.158387   0.538866  -0.827367  0.0123336
  -0.98622 -0.0457752   0.158983  -0.162915
 0.0477978   0.841147   0.538691    1.59914
         0          0          0          1

   -0.163954      0.54343    -0.823288 -0.000512012
   -0.985172   -0.0474319     0.164883    -0.163014
   0.0505524     0.838114     0.543148       1.6046
           0            0            0            1

 -0.174691   0.544756  -0.820198 -0.0100405
  -0.98323 -0.0522123   0.174736  -0.159889
 0.0523641   0.836968   0.544741    1.60769
         0          0          0          1

 -0.184473   0.547299  -0.816354 -0.0222876
  -0.98121 -0.0547761   0.185003  -0.158128
 0.0565351   0.835143    0.54712    1.61091
         0          0          0          1

 -0.192868   0.550581  -0.812196 -0.0341145
 -0.979563 -0.0598802   0.192019  -0.157028
 0.0570877   0.832632   0.550877    1.61466
         0          0          0          1

 -0.208042    0.55571  -0.804926 -0.0592261
 -0.976588 -0.0719741    0.20272  -0.154513
 0.0547199   0.828255   0.557673     1.6202
         0          0          0          1

 -0.215102   0.559091  -0.800717 -0.0704777
 -0.974917  -0.074935   0.209576  -0.153219
 0.0571702   0.825713   0.561186    1.62131
         0          0          0          1

 -0.231593    0.56104  -0.794732 -0.0811123
 -0.970988 -0.0833057   0.224147  -0.145716
 0.0595495   0.823586   0.564057    1.62149
         0          0          0          1

 -0.237054   0.560478  -0.793517 -0.0929943
  -0.96981 -0.0884117   0.227272  -0.144762
 0.0572251   0.823436   0.564516    1.62026
         0          0          0          1

 -0.242839    0.56565   -0.78808  -0.105443
 -0.968423 -0.0940811   0.230882  -0.143932
 0.0564549   0.819261   0.570635    1.62102
         0          0          0          1

-0.251894  0.570401 -0.781788  -0.11481
-0.966398 -0.105497  0.234404 -0.140604
0.0512281  0.814563  0.577808    1.6231
        0         0         0         1

-0.266765  0.578588 -0.770761 -0.137933
-0.962509 -0.119179  0.243666 -0.134775
0.0491237  0.806865  0.588689   1.62003
        0         0         0         1

-0.272353  0.578599 -0.768796 -0.150124
 -0.96114 -0.126143  0.245557 -0.132577
0.0451015  0.805798   0.59047   1.61525
        0         0         0         1

-0.288375  0.583582 -0.759126 -0.159028
-0.956628 -0.141431  0.254676 -0.123283
0.0412601  0.799643  0.599056   1.61424
        0         0         0         1

-0.287943  0.588742 -0.755296 -0.171009
-0.956815 -0.143983  0.252536 -0.124626
0.0399292  0.795394  0.604776   1.61062
        0         0         0         1

-0.299189  0.601875 -0.740427 -0.191901
-0.953585 -0.160881  0.254545 -0.118463
 0.034083  0.782217  0.622073    1.6032
        0         0         0         1

-0.308347   0.60364 -0.735214 -0.200199
-0.950761 -0.170183   0.25902 -0.112141
0.0312335  0.778881  0.626393   1.59791
        0         0         0         1

-0.318228  0.609296 -0.726285 -0.208729
-0.947611 -0.182104  0.262433  -0.10502
0.0276401  0.771749  0.635326   1.59435
        0         0         0         1

 -0.326804    0.61367  -0.718755  -0.215561
 -0.944804  -0.193346   0.264506 -0.0993306
 0.0233509   0.765524   0.642984    1.59153
         0          0          0          1

-0.331528  0.615665 -0.714875 -0.226777
-0.943318 -0.203848  0.261912 -0.097421
0.0155245  0.761185  0.648349   1.58569
        0         0         0         1

 -0.344458   0.615161  -0.709173  -0.232876
 -0.938736  -0.216778    0.26792 -0.0889151
 0.0110812   0.758013   0.652145    1.57997
         0          0          0          1

 -0.356029   0.618049  -0.700898   -0.25027
 -0.934473  -0.237044   0.265652 -0.0816694
-0.00195737    0.74955   0.661945    1.56937
         0          0          0          1

 -0.364721   0.618738  -0.695803    -0.2573
 -0.931084  -0.248622   0.266963 -0.0761373
-0.00781175   0.745218   0.666775    1.56467
         0          0          0          1

 -0.375052   0.614555  -0.694016   -0.26506
 -0.926881  -0.260791   0.269962 -0.0686462
-0.0150868    0.74452    0.66743    1.55556
         0          0          0          1

  -0.37962   0.617404  -0.688986  -0.272145
 -0.924964  -0.267931   0.269546 -0.0672938
-0.0181817   0.739612   0.672788    1.55267
         0          0          0          1

 -0.395413   0.612309  -0.684635  -0.285198
 -0.917698  -0.294568    0.26657 -0.0580493
-0.0384485   0.733694   0.678391    1.54149
         0          0          0          1

 -0.394432   0.612896  -0.684677  -0.292684
 -0.917898  -0.297998   0.262031 -0.0601932
-0.0434348   0.731817   0.680116    1.53621
         0          0          0          1

 -0.408976   0.609481   -0.67917  -0.296792
 -0.911238   -0.31258   0.268214 -0.0504085
-0.0488236   0.728579    0.68322     1.5318
         0          0          0          1

 -0.417889   0.599602  -0.682529  -0.299717
 -0.906833  -0.320755    0.27344 -0.0423278
-0.0549691   0.733208   0.677779    1.51996
         0          0          0          1

-0.433061  0.595659 -0.676497  -0.30841
-0.899091  -0.33874  0.277293 -0.030654
-0.0639843  0.728317  0.682247   1.51055
        0         0         0         1

 -0.436505   0.595869  -0.674095  -0.312669
 -0.896906  -0.347214   0.273864 -0.0291608
-0.0708686   0.724143   0.685999     1.5093
         0          0          0          1

  -0.44069   0.590214  -0.676343  -0.316824
 -0.894469  -0.352186    0.27548 -0.0255124
-0.0756063    0.72637   0.683133    1.50062
         0          0          0          1

-0.442266  0.588057 -0.677193 -0.321408
-0.893505 -0.354371   0.27581 -0.023535
-0.0777855  0.727056  0.682157   1.49549
        0         0         0         1

 -0.455371   0.579616  -0.675783  -0.322087
 -0.886236   -0.36757    0.28192 -0.0147322
-0.0849921   0.727281   0.681057    1.48991
         0          0          0          1

  -0.468749    0.570439   -0.674443    -0.32144
  -0.878605   -0.379967    0.289272 -0.00487104
 -0.0912538    0.728165      0.6793     1.48577
          0           0           0           1

   -0.474232     0.562118    -0.677589    -0.327336
   -0.874366    -0.390663     0.287864 -0.000609708
   -0.102896     0.728975     0.676762       1.4781
           0            0            0            1

 -0.479885    0.55703  -0.677811  -0.328172
 -0.870707  -0.397147   0.290076 0.00387078
  -0.10761   0.729378   0.675595      1.474
         0          0          0          1

-0.488718  0.549419 -0.677712 -0.328378
-0.865543 -0.402833  0.297593 0.0109615
-0.109502  0.732028  0.672417   1.46745
        0         0         0         1

 -0.483051   0.549518  -0.681683  -0.332573
 -0.868185  -0.401647   0.291434 0.00666304
 -0.113648   0.732605     0.6711    1.46341
         0          0          0          1

-0.490866  0.543332 -0.681059  -0.33336
-0.862501 -0.413467  0.291784 0.0135909
 -0.12306   0.73064  0.671581   1.45757
        0         0         0         1

-0.495194  0.539897 -0.680657  -0.33259
-0.859805 -0.416894  0.294847 0.0174548
-0.124575  0.731239   0.67065   1.45443
        0         0         0         1

-0.497967  0.537244 -0.680734  -0.33191
-0.857706 -0.420939  0.295214 0.0209117
-0.127945  0.730876   0.67041   1.45061
        0         0         0         1

-0.505062  0.530716 -0.680627 -0.330088
-0.853272 -0.425604  0.301311 0.0274317
-0.129767  0.732941  0.667801   1.44456
        0         0         0         1

-0.503692  0.530577  -0.68175 -0.330786
-0.853434 -0.427988  0.297451 0.0273351
 -0.13396  0.731652  0.668386   1.44228
        0         0         0         1

-0.506096  0.526578 -0.683069 -0.329812
-0.851909 -0.428808  0.300624 0.0304189
-0.134603  0.734057  0.665614   1.43671
        0         0         0         1

-0.506107  0.526517 -0.683107 -0.330577
 -0.85172 -0.429781   0.29977 0.0316136
-0.135752  0.733532   0.66596   1.43307
        0         0         0         1

-0.507754  0.523445 -0.684245 -0.329406
 -0.85051 -0.431045  0.301385 0.0344662
-0.137182  0.734986   0.66406   1.42846
        0         0         0         1

-0.506994  0.521441 -0.686335 -0.329451
-0.850797 -0.430412  0.301478 0.0343251
-0.138204   0.73678  0.661857   1.42352
        0         0         0         1

-0.508609  0.520125 -0.686139 -0.328337
-0.849644 -0.432189  0.302189 0.0363239
-0.139365   0.73667  0.661736   1.42228
        0         0         0         1

-0.514222  0.516462 -0.684721 -0.324336
  -0.8456 -0.438697  0.304147 0.0414127
-0.143304  0.735399  0.662308   1.41962
        0         0         0         1

-0.511599   0.51651 -0.686647 -0.325316
-0.846765 -0.438677  0.300917 0.0388084
-0.145789  0.735378  0.661789   1.41814
        0         0         0         1

-0.511141  0.514203 -0.688716 -0.325212
-0.846754 -0.438733  0.300868 0.0378285
-0.147455  0.736959  0.659657   1.41533
        0         0         0         1

-0.514505  0.509608 -0.689626 -0.323763
-0.844427 -0.440948  0.304152 0.0407688
-0.149091  0.738826  0.657197   1.41223
        0         0         0         1

-0.516296   0.50604 -0.690913 -0.322753
-0.842772 -0.443618  0.304859 0.0427567
-0.152231   0.73968  0.655515   1.41011
        0         0         0         1

-0.517418  0.502606 -0.692579 -0.322318
-0.841626 -0.445239  0.305659 0.0428513
-0.154737  0.741046  0.653381    1.4083
        0         0         0         1

-0.518056  0.498985 -0.694717 -0.321205
-0.840879 -0.445859  0.306809 0.0426595
-0.156653  0.743118  0.650566   1.40572
        0         0         0         1

 -0.51768   0.49839 -0.695424 -0.320739
 -0.84101 -0.445764  0.306589 0.0418335
-0.157194  0.743573  0.649914   1.40499
        0         0         0         1

-0.523854  0.495849 -0.692612  -0.31734
-0.837341 -0.448986  0.311885 0.0461541
-0.156325  0.743334  0.650397   1.40542
        0         0         0         1

-0.523636  0.498494 -0.690876 -0.316443
-0.837354 -0.450575  0.309549 0.0460449
-0.156983  0.740599  0.653353   1.40781
        0         0         0         1

-0.521852  0.498878 -0.691947  -0.31672
 -0.83844 -0.449385  0.308338 0.0442654
-0.157127  0.741063  0.652792   1.40778
        0         0         0         1

-0.522051  0.496199 -0.693721 -0.316432
-0.838295 -0.448454  0.310081  0.044104
 -0.15724  0.743421  0.650077   1.40587
        0         0         0         1

-0.525304  0.487901 -0.697143 -0.314198
-0.836125 -0.448055  0.316453 0.0470413
 -0.15796  0.749133  0.643311   1.40162
        0         0         0         1

-0.526209  0.486994 -0.697094 -0.313319
-0.835417 -0.449045  0.316918 0.0471351
-0.158689   0.74913  0.643135   1.40258
        0         0         0         1

-0.524858  0.484852 -0.699602 -0.313345
-0.836082 -0.447826  0.316888 0.0452624
-0.159657  0.751246  0.640421   1.40195
        0         0         0         1

-0.527203  0.483318 -0.698899 -0.312739
-0.834547 -0.449337  0.318791 0.0459002
-0.159964  0.751332  0.640244   1.40274
        0         0         0         1

-0.526087  0.482131 -0.700559 -0.313253
-0.834918 -0.449434   0.31768 0.0435486
-0.161692  0.752037  0.638981   1.40288
        0         0         0         1

-0.526736  0.479231 -0.702059 -0.313324
-0.834186 -0.450145  0.318595 0.0432086
-0.163348  0.753463  0.636875   1.40108
        0         0         0         1

-0.531695  0.474203 -0.701735 -0.313249
-0.830962 -0.452245  0.324002 0.0453267
-0.163713  0.755385  0.634501   1.39876
        0         0         0         1

-0.531907  0.475914 -0.700415 -0.313155
-0.830832 -0.453184  0.323021 0.0451312
-0.163686  0.753744  0.636456   1.39873
        0         0         0         1

-0.533856  0.473674  -0.70045 -0.312605
-0.829529 -0.453994  0.325225 0.0456226
 -0.16395  0.754667  0.635294   1.39676
        0         0         0         1

-0.536508   0.47114 -0.700133 -0.311892
-0.827469 -0.456595  0.326829 0.0470504
-0.165694  0.754684  0.634821   1.39591
        0         0         0         1

-0.540783  0.467302 -0.699415 -0.311844
-0.824191  -0.46055   0.32955 0.0482957
-0.168116  0.754667  0.634204   1.39614
        0         0         0         1

-0.541834  0.464217 -0.700656 -0.311642
-0.823035 -0.462044  0.330347 0.0485742
-0.170381  0.755657  0.632418    1.3954
        0         0         0         1

-0.543405  0.463106 -0.700174 -0.311819
-0.821922 -0.463161   0.33155 0.0487957
-0.170751  0.755655  0.632321   1.39582
        0         0         0         1

-0.545777  0.461893 -0.699129  -0.31169
-0.820148 -0.465441  0.332748 0.0493548
-0.171709  0.754996  0.632848   1.39621
        0         0         0         1

-0.549834  0.454099 -0.701054 -0.312306
-0.816167 -0.470576  0.335307 0.0499171
-0.177637   0.75654  0.629359   1.39469
        0         0         0         1

 -0.55293  0.456829 -0.696833 -0.312125
-0.814325 -0.473402  0.335807 0.0504898
-0.176476  0.753126  0.633765   1.39623
        0         0         0         1

-0.556401  0.448138 -0.699708 -0.311726
-0.811119 -0.475651  0.340356 0.0523125
 -0.18029   0.75692  0.628146   1.39316
        0         0         0         1

-0.555829  0.453317  -0.69682 -0.311608
-0.811745 -0.476701  0.337382 0.0515195
-0.179234  0.753167  0.632942   1.39427
        0         0         0         1

-0.562557  0.446847 -0.695599 -0.311144
 -0.80654 -0.481548  0.342937 0.0551944
-0.181724  0.753949  0.631298   1.39288
        0         0         0         1

-0.562938  0.444037 -0.697088 -0.310159
-0.805897 -0.482043  0.343752 0.0567037
-0.183387  0.755292  0.629208   1.39061
        0         0         0         1

-0.565433   0.44145 -0.696712 -0.308898
 -0.80299 -0.487578  0.342746 0.0586217
-0.188396  0.753253  0.630172   1.39186
        0         0         0         1

 -0.56719  0.438171 -0.697354 -0.308449
-0.801268 -0.489367  0.344222 0.0598221
-0.190433  0.754007  0.628656   1.39265
        0         0         0         1

-0.568055   0.43462  -0.69887 -0.308156
-0.799553 -0.492663   0.34351 0.0605178
-0.195011  0.753915  0.627361   1.39377
        0         0         0         1

 -0.57071  0.426731 -0.701563 -0.307637
-0.796801 -0.494307  0.347519 0.0622274
-0.198491  0.757338  0.622126   1.39241
        0         0         0         1

-0.573985  0.415119 -0.705845 -0.307541
-0.792861 -0.497241   0.35231  0.064411
-0.204725  0.761858  0.614541    1.3901
        0         0         0         1

-0.577062  0.410909   -0.7058 -0.305949
-0.790162 -0.499421  0.355279 0.0671936
-0.206504  0.762714  0.612882    1.3913
        0         0         0         1

-0.582582  0.403226 -0.705696  -0.30382
-0.786075 -0.500239  0.363108 0.0726658
-0.206603   0.76627  0.608396    1.3924
        0         0         0         1

-0.582643  0.401925 -0.706387 -0.303629
 -0.78625 -0.498801  0.364704 0.0729942
-0.205763  0.767889  0.606637   1.39537
        0         0         0         1

-0.589826    0.3973 -0.703034 -0.301282
-0.781438 -0.500332  0.372857 0.0777897
-0.203614  0.769299  0.605574   1.40105
        0         0         0         1

-0.591402  0.394305 -0.703397 -0.300636
-0.780835 -0.497832   0.37744 0.0788325
-0.201347  0.772455  0.602306   1.40403
        0         0         0         1

-0.595309  0.384512 -0.705519 -0.302689
-0.778328  -0.49401  0.387505 0.0794027
-0.199533  0.779811  0.593365   1.41019
        0         0         0         1

-0.594251  0.381877 -0.707839 -0.304107
 -0.77972 -0.489365  0.390586 0.0776752
-0.197236  0.784023  0.588563   1.41227
        0         0         0         1

-0.599169  0.377439 -0.706071 -0.303287
-0.776455  -0.48899  0.397501  0.080155
-0.195229  0.786402  0.586052    1.4168
        0         0         0         1

-0.599994  0.375051 -0.706643 -0.304158
-0.776125 -0.487088  0.400469  0.080909
-0.194001  0.788722  0.583336   1.41974
        0         0         0         1

-0.606564  0.368992 -0.704219 -0.302105
-0.771505 -0.487086    0.4093 0.0873821
-0.191988  0.791576  0.580128   1.42728
        0         0         0         1

-0.607955   0.37206   -0.7014 -0.301618
-0.771044 -0.487429  0.409762 0.0886999
-0.189427  0.789927  0.583209     1.435
        0         0         0         1

 -0.61172  0.371493 -0.698421 -0.299638
-0.768998 -0.486369  0.414834 0.0943607
-0.185582  0.790846    0.5832   1.43837
        0         0         0         1

-0.609265  0.377247 -0.697482 -0.301329
-0.771643 -0.484666  0.411905 0.0924972
-0.182656  0.789167   0.58639    1.4445
        0         0         0         1

-0.609545  0.382762 -0.694224 -0.300574
-0.772651  -0.48279  0.412218  0.093842
-0.177383  0.787659  0.590024   1.45253
        0         0         0         1

-0.608471  0.387613 -0.692474 -0.301189
-0.774288 -0.481192  0.411013 0.0935736
-0.173898  0.786264  0.592915   1.46059
        0         0         0         1

-0.610266  0.393194 -0.687731  -0.29932
-0.775207 -0.475231  0.416186 0.0997036
-0.163189  0.787117  0.594824   1.47265
        0         0         0         1

-0.613813  0.393681 -0.684287 -0.295912
-0.773185 -0.474837  0.420374  0.106493
-0.159431  0.787112   0.59585   1.48081
        0         0         0         1

-0.613475  0.396859 -0.682753 -0.298488
 -0.77446 -0.471442  0.421845   0.10571
-0.154466  0.787557  0.596569   1.48957
        0         0         0         1

-0.620838  0.397119 -0.675912  -0.29395
-0.770228 -0.469547  0.431595  0.114187
-0.145978  0.788557  0.597385   1.49966
        0         0         0         1

-0.625326  0.399226 -0.670511 -0.294357
-0.769143 -0.460491  0.443133  0.121149
-0.131854  0.792822  0.595019   1.51835
        0         0         0         1

-0.620869  0.403303 -0.672212 -0.298448
-0.773793 -0.452649  0.443118  0.117827
-0.125566  0.795271  0.593109     1.526
        0         0         0         1

-0.621332  0.408195 -0.668822 -0.297704
-0.774942 -0.446293  0.447536  0.120097
-0.115808  0.796366  0.593624    1.5403
        0         0         0         1

-0.621048  0.412804 -0.666253 -0.297816
-0.776323  -0.44091  0.450467  0.122103
-0.107803  0.796989  0.594295   1.55441
        0         0         0         1

-0.625653  0.414143 -0.661094 -0.294378
-0.773883 -0.436296  0.459077  0.129267
-0.0983094  0.798831  0.593468   1.56851
        0         0         0         1

-0.626525  0.423867 -0.654067 -0.294369
-0.774725 -0.430474  0.463134  0.132257
-0.085251  0.796887  0.598083   1.58688
        0         0         0         1

-0.631027  0.429622 -0.645933 -0.293219
-0.773409 -0.413197  0.480736  0.143247
-0.0603631  0.802928  0.593012    1.6163
        0         0         0         1

-0.629558  0.429364 -0.647537 -0.294125
-0.775132 -0.404127  0.485645  0.145054
-0.0531683  0.807668  0.587235   1.62598
        0         0         0         1

-0.633721  0.438438 -0.637314 -0.291876
-0.772717 -0.397267  0.495062  0.152317
-0.0361298  0.806195  0.590545   1.65085
        0         0         0         1

-0.634716  0.442407 -0.633571  -0.29182
-0.772428 -0.386744   0.50377   0.15746
-0.0221582  0.809139    0.5872   1.66442
        0         0         0         1

