-0.117757 0.965473 -0.23237  1.04552
-0.613564 0.113251 0.781481 0.857023
0.780815 0.234599 0.579043  2.50536
       0        0        0        1

-0.0924487  0.965585 -0.243103   1.06049
-0.615515  0.136495  0.776216  0.840642
 0.782684  0.221394  0.581713   2.49252
        0         0         0         1

-0.075149  0.958096 -0.276414   1.05421
-0.636641  0.167252  0.752805  0.815605
  0.76749  0.232549  0.597394   2.49934
        0         0         0         1

-0.0496792  0.947897 -0.314678   1.04548
-0.655246  0.206853  0.726543  0.787013
  0.75378  0.242286   0.61083   2.50322
        0         0         0         1

-0.0320933  0.944179 -0.327866   1.05319
-0.663237  0.225287  0.713697  0.768485
 0.747721  0.240358  0.618984   2.50174
        0         0         0         1

0.00575975 0.928006 -0.37252  1.06629
-0.684855 0.275109 0.674751 0.719979
0.728657 0.251236 0.637134  2.49779
       0        0        0        1

0.0226399  0.915692 -0.401243   1.06118
-0.702664  0.300069  0.645152  0.691363
 0.711161  0.267333  0.650217   2.50415
        0         0         0         1

0.0372102 0.904452 -0.42495  1.06736
-0.715066 0.321153 0.620919 0.661883
0.698066 0.280763 0.658693  2.50106
       0        0        0        1

0.0553352  0.884526 -0.463197   1.05241
-0.722794  0.355537   0.59259  0.643632
 0.688845  0.302005  0.659004   2.49934
        0         0         0         1

0.0763514  0.878177 -0.472204   1.07067
 -0.72982    0.3719  0.573632  0.620605
 0.679362  0.300826  0.669306    2.4912
        0         0         0         1

0.0899917  0.862444 -0.498089   1.07297
-0.738683  0.393249  0.547452  0.601228
 0.668019  0.318664  0.672461    2.4872
        0         0         0         1

 0.118411  0.828579 -0.547207   1.08273
-0.761473  0.429461  0.485513  0.548206
  0.63729  0.359193  0.681793   2.47765
        0         0         0         1

 0.126652  0.817893 -0.561258   1.08879
-0.764241  0.441167  0.470434  0.535031
 0.632373  0.369354  0.680942   2.46711
        0         0         0         1

  0.13664  0.807938 -0.573207    1.1058
-0.770401  0.450421  0.451223  0.514613
 0.622745  0.379944  0.683982   2.45128
        0         0         0         1

 0.145658   0.78877 -0.597182   1.10372
-0.780763  0.462367  0.420269   0.49324
 0.607613  0.405042  0.683189   2.44787
        0         0         0         1

  0.16954  0.764281 -0.622199   1.12496
-0.789693  0.483066  0.378197  0.454589
 0.589611  0.427226  0.685446   2.41889
        0         0         0         1

 0.177047  0.755297 -0.631016   1.13296
-0.800942   0.48317  0.353608  0.431276
 0.571967  0.442802  0.690493   2.41347
        0         0         0         1

 0.186097  0.741814 -0.644267   1.14109
-0.807467  0.489062  0.329872  0.408601
  0.55979  0.458836  0.690003   2.39482
        0         0         0         1

 0.195414  0.731815 -0.652886   1.14645
 -0.81189  0.494151  0.310885  0.393234
 0.550134  0.469321  0.690717   2.38305
        0         0         0         1

 0.202108  0.720257 -0.663613   1.15542
-0.820611  0.494389  0.286665  0.370783
 0.534556  0.486631  0.690971   2.36558
        0         0         0         1

  0.21077   0.70895 -0.673027   1.15851
-0.825999  0.497367  0.265239  0.354924
 0.522783  0.500015  0.690422   2.35266
        0         0         0         1

 0.224866  0.686592 -0.691394   1.17521
-0.840119  0.496059  0.219376  0.314441
 0.493594  0.531523  0.688366   2.31794
        0         0         0         1

 0.223458   0.68366 -0.694749   1.18485
-0.847932  0.487869  0.207354  0.298457
 0.480705  0.542765  0.688715   2.30241
        0         0         0         1

 0.224535  0.682138 -0.695897   1.20181
-0.855506  0.479917  0.194394  0.280157
 0.466576  0.551695  0.691331    2.2757
        0         0         0         1

 0.225921  0.675191 -0.702194   1.20766
-0.862061  0.474265  0.178671  0.266373
 0.453663  0.564969  0.689202   2.25849
        0         0         0         1

 0.219347  0.665062 -0.713848   1.22721
-0.879978  0.450833  0.149628  0.228942
 0.421338   0.59535  0.684129   2.21188
        0         0         0         1

 0.218733  0.660356 -0.718392   1.23254
-0.887209  0.441079  0.135313  0.214546
 0.406222  0.607766  0.682352   2.19454
        0         0         0         1

 0.218187  0.653024 -0.725227   1.23873
-0.896178  0.428261  0.116005  0.195546
  0.38634  0.624622  0.678667   2.17053
        0         0         0         1

 0.217504  0.649822 -0.728302   1.24539
-0.901676  0.419473   0.10499  0.183505
 0.373728  0.633856  0.677166   2.15098
        0         0         0         1

 0.216784  0.643146 -0.734417   1.25424
-0.908902  0.407497 0.0885662  0.168261
 0.356233  0.648313  0.672895   2.12355
        0         0         0         1

 0.215059  0.640954 -0.736836   1.26162
-0.912957  0.399861 0.0813655  0.159176
 0.346783  0.655202  0.671157   2.10583
        0         0         0         1

 0.211605  0.628766 -0.748249   1.28071
-0.927578   0.37041 0.0489416  0.128755
 0.307932  0.683703   0.66161   2.05533
        0         0         0         1

 0.210971  0.626262 -0.750525   1.28747
-0.931323  0.361964 0.0402417  0.119931
 0.296865  0.690491  0.659616   2.03559
        0         0         0         1

 0.208373  0.623619 -0.753446   1.29832
-0.937483  0.346914 0.0278668  0.106155
 0.278759  0.700536  0.656919   2.00822
        0         0         0         1

 0.207175  0.622892 -0.754376   1.30574
-0.940387  0.339395 0.0219809 0.0983621
 0.269723  0.704852  0.656074   1.98763
        0         0         0         1

 0.196925  0.626498 -0.754136   1.32834
-0.948984  0.315018 0.0138965 0.0777617
 0.246272  0.712926  0.656571   1.93464
        0         0         0         1

 0.192691  0.625911 -0.755715   1.33529
-0.952269  0.305099 0.0098855  0.070045
 0.236755  0.717739  0.654826    1.9164
        0         0         0         1

  0.187347   0.626739  -0.756372    1.34553
 -0.956521   0.291625 0.00472096  0.0602797
  0.223536   0.722602   0.654124     1.8902
         0          0          0          1

  0.183367   0.625516  -0.758358    1.35156
 -0.959176   0.282807 0.00134359   0.054088
  0.215309   0.727152   0.651837    1.87037
         0          0          0          1

    0.174616      0.62684    -0.759329      1.36231
   -0.963578     0.267427 -0.000819544      0.04464
    0.202551     0.731816     0.650706      1.84408
           0            0            0            1

   0.170616    0.625824   -0.761074     1.36845
  -0.966524    0.256513 -0.00574436   0.0385965
   0.191631    0.736577    0.648639      1.8253
          0           0           0           1

  0.157075   0.626598   -0.76335    1.38474
 -0.972987   0.230603 -0.0109218  0.0240746
  0.169187   0.744445   0.645893    1.77691
         0          0          0          1

  0.152447   0.626532  -0.764342    1.39035
 -0.975301   0.220446 -0.0138226  0.0188884
  0.159835   0.747571   0.644663     1.7594
         0          0          0          1

  0.143752   0.628809  -0.764156    1.39934
 -0.978297   0.206738 -0.0139151  0.0116612
   0.14923   0.749572   0.644881    1.73463
         0          0          0          1

  0.138037   0.630247  -0.764025    1.40516
 -0.980048   0.198302 -0.0134867 0.00713591
  0.143007   0.750643   0.645046    1.71692
         0          0          0          1

   0.123825    0.630504   -0.766246      1.4198
  -0.984262    0.176151  -0.0141103 -0.00463564
   0.126078    0.755934    0.642393     1.67539
          0           0           0           1

   0.117805     0.62926   -0.768215     1.42501
  -0.985795     0.16736  -0.0140833 -0.00906901
   0.119707    0.758961    0.640037     1.66071
          0           0           0           1

  0.110662   0.625355  -0.772454    1.43118
 -0.987762   0.155153 -0.0158995 -0.0147823
  0.109906   0.764761   0.634872    1.64095
         0          0          0          1

  0.103346   0.624048  -0.774521    1.43625
  -0.98911   0.146521 -0.0139246 -0.0189304
  0.104794   0.767526   0.632394    1.62636
         0          0          0          1

 0.0921842   0.621164   -0.77824    1.44287
 -0.990956   0.133763 -0.0106157 -0.0247192
 0.0975059   0.772181   0.627877    1.60696
         0          0          0          1

  0.0849378    0.617008    -0.78236     1.44725
  -0.992211    0.124185 -0.00978232  -0.0291152
  0.0911214    0.777097     0.62275     1.59462
          0           0           0           1

  0.0657554    0.607516   -0.791581     1.45791
  -0.994834    0.101404 -0.00481456  -0.0392264
  0.0773445    0.787808    0.611046     1.56145
          0           0           0           1

  0.0583025    0.605496    -0.79371     1.46158
  -0.995707   0.0925229 -0.00255763  -0.0430414
  0.0718877    0.790452    0.608291     1.54989
          0           0           0           1

 0.0477061   0.602829  -0.796443    1.46665
 -0.996747  0.0805809  0.0012877 -0.0485113
 0.0649543   0.793791   0.604713     1.5346
         0          0          0          1

 0.0405882   0.603442  -0.796374    1.47037
 -0.997261  0.0737858 0.00508349 -0.0523923
 0.0618286   0.793986   0.604784    1.52392
         0          0          0          1

 0.0323937   0.602211   -0.79768    1.47972
 -0.997993  0.0629356 0.00698505 -0.0607191
 0.0544089   0.795852   0.603041    1.49965
         0          0          0          1

 0.0289546   0.603239  -0.797035    1.48375
 -0.998152  0.0600698 0.00920333 -0.0641349
 0.0534295   0.795295   0.603863    1.49088
         0          0          0          1

 0.0280782   0.602875  -0.797341    1.48863
 -0.998218  0.0589323 0.00940708 -0.0685278
 0.0526605   0.795656   0.603455    1.47988
         0          0          0          1

 0.0246708   0.602116  -0.798028    1.49254
 -0.998361  0.0560795  0.0114483 -0.0721539
 0.0516462   0.796437   0.602512     1.4727
         0          0          0          1

 0.0205297   0.601169  -0.798858    1.49745
 -0.998408  0.0543184  0.0152187 -0.0765165
 0.0525417   0.797274   0.601327    1.46235
         0          0          0          1

 0.0168921   0.600096   -0.79975    1.50069
 -0.998438  0.0527262  0.0184745 -0.0801171
 0.0532543   0.798189   0.600049    1.45567
         0          0          0          1

0.00848676   0.597071  -0.802144     1.5087
 -0.998612  0.0467614  0.0242411 -0.0886989
  0.051983   0.800824   0.596639     1.4399
         0          0          0          1

0.00468723  0.597367 -0.801955   1.51154
-0.998666 0.0440346 0.0269639  -0.09225
0.0514211  0.800758  0.596776   1.43416
        0         0         0         1

 0.0018013    0.59825  -0.801307    1.51606
 -0.998717  0.0416343  0.0288388 -0.0969039
 0.0506146   0.800227   0.597558    1.42702
         0          0          0          1

0.00240226   0.599945  -0.800038    1.51901
 -0.998756  0.0412884   0.027963 -0.0997076
 0.0498085   0.798975   0.599297    1.42213
         0          0          0          1

0.00525213   0.60569 -0.795683   1.52781
-0.998667 0.0440413 0.0269331 -0.106973
0.0513561  0.794481  0.605114   1.40988
        0         0         0         1

0.00800657  0.608203 -0.793741   1.53117
-0.998621 0.0460418 0.0252063 -0.109325
0.0518758  0.792445  0.607734    1.4054
        0         0         0         1

0.0117697  0.612368 -0.790485   1.53555
-0.998481 0.0497562 0.0236783 -0.112527
0.0538313  0.789006  0.612023   1.39896
        0         0         0         1

0.0143464  0.614476 -0.788805   1.53898
-0.998433 0.0514855 0.0219481 -0.114778
0.0540986  0.787254  0.614252   1.39566
        0         0         0         1

0.0185504  0.617755 -0.786152   1.54267
-0.998327 0.0545114 0.0192778 -0.117661
0.0547632  0.784479  0.617733   1.39057
        0         0         0         1

0.0198549  0.620988 -0.783568   1.54635
-0.998284  0.055496 0.0186858 -0.120425
0.0550885  0.781853  0.621025   1.38726
        0         0         0         1

0.0240657  0.633242  -0.77358   1.55406
-0.998041 0.0599234 0.0180039 -0.126412
0.0577564  0.771631  0.633443   1.37802
        0         0         0         1

0.0271563  0.637317 -0.770123   1.55643
-0.997926 0.0622678 0.0163407 -0.128041
0.0583681  0.768082  0.637686    1.3752
        0         0         0         1

0.0298871  0.642465 -0.765732   1.55982
-0.997812 0.0643696 0.0150621 -0.130607
0.0589667  0.763607  0.642984   1.37126
        0         0         0         1

  0.03313  0.644879 -0.763566    1.5618
-0.997744 0.0659783 0.0124323 -0.132095
0.0583961  0.761431   0.64561   1.36901
        0         0         0         1

 0.0396379   0.651157  -0.757907    1.56662
 -0.997543  0.0696337 0.00765518  -0.136008
 0.0577607   0.755742   0.652317    1.36223
         0          0          0          1

0.0432711  0.653082  -0.75605   1.56787
-0.997421 0.0716114 0.0047729 -0.136974
0.0572589  0.753894  0.654496   1.35956
        0         0         0         1

 0.0428836   0.657401   -0.75232    1.57093
 -0.997448  0.0711908 0.00535244  -0.139881
  0.057077   0.750171   0.658776    1.35611
         0          0          0          1

 0.0453331   0.661725  -0.748375      1.572
 -0.997318   0.073065 0.00419234  -0.141116
 0.0574542   0.746178   0.663262    1.35311
         0          0          0          1

 0.0471638     0.6678  -0.742845    1.57394
 -0.997259   0.073918 0.00313379  -0.143415
 0.0570023   0.740661   0.669456    1.35052
         0          0          0          1

   0.051782    0.671179   -0.739485     1.57384
  -0.997035    0.076945 2.08969e-05    -0.14378
  0.0569137    0.737291    0.673173     1.34967
          0           0           0           1

 0.0556994   0.685049  -0.726364    1.57507
 -0.996546  0.0830178 0.00187812   -0.14711
 0.0615877   0.723751   0.687307    1.34643
         0          0          0          1

 0.058737  0.689773  -0.72164   1.57519
-0.996249 0.0865221 0.0016129 -0.147848
0.0635503  0.718838  0.692267    1.3454
        0         0         0         1

  0.0631942    0.693724   -0.717463     1.57558
  -0.995945   0.0899575 -0.00074189   -0.148983
  0.0640265    0.714601    0.696596     1.34515
          0           0           0           1

  0.0662678    0.695802    -0.71517     1.57645
  -0.995695   0.0926666 -0.00210424    -0.15002
  0.0648083    0.712231    0.698947     1.34489
          0           0           0           1

 0.0746974   0.696079  -0.714069    1.57815
 -0.995302  0.0962741 -0.0102681  -0.151638
 0.0615989   0.711481        0.7    1.34319
         0          0          0          1

 0.0785976   0.695195  -0.714511    1.57856
 -0.995165  0.0970563 -0.0150376  -0.152095
 0.0588937   0.712238   0.699463    1.34245
         0          0          0          1

 0.0843024   0.695089  -0.713964    1.57917
 -0.994863  0.0990128 -0.0210747  -0.152381
 0.0560428   0.712073   0.699865    1.34111
         0          0          0          1

0.0877957  0.696309 -0.712353   1.57986
-0.994666  0.100148 -0.024698 -0.152641
 0.054143  0.710721  0.701387   1.34057
        0         0         0         1

  0.094005   0.700619  -0.707316    1.58082
 -0.994154   0.103963 -0.0291485  -0.152883
 0.0531123   0.705921   0.706297     1.3397
         0          0          0          1

 0.0988532   0.703121  -0.704166    1.58181
 -0.993732    0.10687 -0.0327918   -0.15298
 0.0521979   0.702994   0.709278    1.33983
         0          0          0          1

 0.111521  0.705982 -0.699395   1.58383
 -0.99247  0.115001 -0.042169 -0.152638
0.0506607  0.698831  0.713491   1.34008
        0         0         0         1

   0.11401   0.703991  -0.700998    1.58434
  -0.99224   0.115926 -0.0449559   -0.15257
 0.0496156   0.700684   0.711745    1.34024
         0          0          0          1

  0.117252   0.699025  -0.705419    1.58461
 -0.991975   0.116266 -0.0496702  -0.152268
 0.0472959   0.705582   0.707048    1.34048
         0          0          0          1

   0.11821   0.694577   -0.70964    1.58436
 -0.991985   0.114732 -0.0529451  -0.152041
 0.0446442   0.710211   0.702572    1.34092
         0          0          0          1

  0.119897   0.684364  -0.719215    1.58134
  -0.99201   0.111222 -0.0595407  -0.149734
 0.0392447   0.720608   0.692231    1.34396
         0          0          0          1

   0.11685   0.683596  -0.720446    1.58045
 -0.992363   0.109234 -0.0573055  -0.149719
 0.0395233    0.72164   0.691139    1.34544
         0          0          0          1

 0.115868  0.681999 -0.722117   1.57786
-0.992427  0.109343 -0.055973 -0.148234
 0.040785  0.723133  0.689503   1.34821
        0         0         0         1

  0.116684   0.679606  -0.724238    1.57548
 -0.992263   0.110906 -0.0557945  -0.146612
 0.0424044   0.725145   0.687289    1.35117
         0          0          0          1

  0.118247   0.675318  -0.727986    1.57246
 -0.991963   0.113572 -0.0557704  -0.144435
 0.0450159    0.72873    0.68332    1.35582
         0          0          0          1

  0.119491   0.671841  -0.730993    1.57039
 -0.991689   0.116136 -0.0553675  -0.142732
 0.0476961   0.731534   0.680135    1.35904
         0          0          0          1

   0.12425   0.663724  -0.737586    1.56442
 -0.990633   0.125412 -0.0540246  -0.138277
 0.0566445   0.737389   0.673089    1.36735
         0          0          0          1

   0.12735   0.659123  -0.741174    1.56175
 -0.990098   0.128969 -0.0554288  -0.136265
 0.0590541   0.740894    0.66902    1.37164
         0          0          0          1

   0.13129   0.652831  -0.746039    1.55776
 -0.989315     0.1344 -0.0564945  -0.133082
 0.0633862   0.745485   0.663502    1.37716
         0          0          0          1

    0.1345   0.647417  -0.750174    1.55485
 -0.988724   0.137977 -0.0581929  -0.130599
 0.0658318   0.749542   0.658675    1.38142
         0          0          0          1

  0.142518   0.636727  -0.757804    1.54593
  -0.98709   0.147968 -0.0613122  -0.123676
 0.0730914   0.756759   0.649595    1.39241
         0          0          0          1

 0.146294  0.634019 -0.759354    1.5417
-0.986261  0.153016  -0.06225 -0.120317
0.0767254  0.758028  0.647693   1.39693
        0         0         0         1

  0.154271   0.630865  -0.760401    1.53536
 -0.984544   0.162737 -0.0647314  -0.115118
 0.0829085   0.758635   0.646219    1.40391
         0          0          0          1

  0.158521   0.630235  -0.760049    1.53122
 -0.983426   0.169392 -0.0646499  -0.111946
 0.0880019   0.757701   0.646641    1.40884
         0          0          0          1

  0.168634   0.627549  -0.760095    1.52477
 -0.980978   0.182074 -0.0673147  -0.106293
 0.0961504   0.756988   0.646316     1.4163
         0          0          0          1

  0.176018   0.626439  -0.759337    1.52009
 -0.979129   0.191033 -0.0693678  -0.102298
  0.101604   0.755699    0.64699    1.42197
         0          0          0          1

  0.194058   0.623726   -0.75717    1.50746
 -0.974206   0.213147 -0.0741012 -0.0916991
   0.11517    0.75202   0.649001     1.4373
         0          0          0          1

  0.203004    0.62209   -0.75617    1.50219
 -0.971702   0.223234  -0.077215 -0.0869333
  0.120769   0.750447   0.649803    1.44309
         0          0          0          1

  0.212464   0.620414  -0.754947    1.49463
 -0.968833   0.234442 -0.0799936 -0.0806359
  0.127362   0.748413   0.650889    1.45178
         0          0          0          1

  0.219083   0.618137  -0.754923     1.4888
 -0.966868   0.241442 -0.0828953 -0.0763284
   0.13103   0.748072   0.650553     1.4582
         0          0          0          1

  0.236453   0.612788  -0.754043    1.47233
 -0.961298    0.26048 -0.0897594 -0.0642722
   0.14141   0.746084   0.650663    1.47424
         0          0          0          1

  0.244873   0.611069   -0.75275    1.46521
 -0.958453   0.269722 -0.0928342 -0.0588008
  0.146305   0.744208   0.651728    1.47948
         0          0          0          1

  0.252935   0.609379  -0.751453    1.45553
 -0.955627   0.278587 -0.0957425 -0.0519506
  0.151002   0.742325   0.652803     1.4875
         0          0          0          1

   0.25974   0.607399  -0.750734    1.44816
  -0.95346   0.284583 -0.0996304  -0.046771
  0.153131   0.741673   0.653049    1.49328
         0          0          0          1

   0.27076   0.605567  -0.748317    1.43732
  -0.94972   0.295002  -0.104906 -0.0391406
  0.157227   0.739096   0.654994    1.50056
         0          0          0          1

  0.275593   0.605066  -0.746956    1.43023
 -0.948122   0.299198  -0.107451 -0.0344754
  0.158473   0.737818   0.656133    1.50634
         0          0          0          1

  0.293246   0.605804    -0.7396     1.4108
 -0.942318   0.313737  -0.116641 -0.0212077
  0.161378   0.731143   0.662863    1.51922
         0          0          0          1

  0.29928  0.607085 -0.736125   1.40373
-0.940653  0.317095 -0.120924 -0.016503
 0.160011  0.728628  0.665956   1.52405
        0         0         0         1

   0.312628    0.607615   -0.730114     1.39157
  -0.936164    0.327224   -0.128534 -0.00795875
   0.160812     0.72369    0.671127     1.52938
          0           0           0           1

   0.319565    0.609481   -0.725542     1.38419
   -0.93386    0.332327   -0.132153 -0.00241387
   0.160572    0.719786     0.67537     1.53335
          0           0           0           1

 0.340838  0.611577 -0.714005   1.36267
-0.926584  0.346958 -0.145129 0.0131393
 0.158972  0.711051  0.684934   1.54263
        0         0         0         1

 0.347292  0.613702 -0.709055   1.35473
-0.924487  0.350817  -0.14917 0.0187467
 0.157202  0.707317  0.689195   1.54507
        0         0         0         1

 0.354443  0.617381  -0.70229   1.34422
-0.922261  0.354737 -0.153613  0.026267
  0.15429  0.702141   0.69512    1.5481
        0         0         0         1

 0.361144   0.61913 -0.697318    1.3361
-0.919969   0.35878 -0.157904 0.0323198
 0.152421  0.698537  0.699152   1.54985
        0         0         0         1

 0.369985  0.621635 -0.690421   1.32455
-0.917219  0.362575  -0.16507 0.0406694
 0.147716   0.69434  0.704323   1.55277
        0         0         0         1

 0.375954  0.624038 -0.685008   1.31658
-0.915386  0.364962 -0.169914 0.0466335
 0.143969  0.690926  0.708445   1.55451
        0         0         0         1

 0.389247  0.632203  -0.66993   1.29538
 -0.91122  0.370694 -0.179624 0.0624319
  0.13478  0.680371  0.720367   1.55682
        0         0         0         1

 0.395573  0.634126 -0.664384   1.28704
 -0.90928  0.372277 -0.186062 0.0687813
 0.129348  0.677713  0.723861   1.55781
        0         0         0         1

 0.402181  0.638378 -0.656296   1.27608
-0.907465  0.373056 -0.193227 0.0774203
 0.121483  0.673278  0.729342   1.55851
        0         0         0         1

 0.406404  0.642236 -0.649898   1.26802
-0.906457  0.372744  -0.19849 0.0833937
 0.114769  0.669772  0.733644   1.55804
        0         0         0         1

 0.413528  0.646165 -0.641455   1.25579
 -0.90424  0.373874 -0.206318 0.0925388
 0.106508  0.665348  0.738896    1.5576
        0         0         0         1

 0.417411  0.649288 -0.635762   1.24742
-0.903171   0.37361  -0.21142 0.0987724
 0.100254   0.66245  0.742367   1.55695
        0         0         0         1

 0.419029  0.660501 -0.623019    1.2284
-0.904129  0.366602  -0.21944  0.114284
0.0834601  0.655241  0.750795   1.55225
        0         0         0         1

 0.420009  0.663376 -0.619293   1.22099
 -0.90442   0.36232 -0.225274  0.120526
0.0749409  0.654719  0.752149   1.55089
        0         0         0         1

 0.420907   0.66772 -0.613993   1.21046
-0.904804  0.357214 -0.231793  0.129124
0.0645541  0.653106   0.75451   1.54729
        0         0         0         1

 0.419114  0.671734 -0.610833   1.20399
-0.906108    0.3521 -0.234508  0.135042
0.0575467  0.651766  0.756234   1.54396
        0         0         0         1

  0.41869  0.680886 -0.600911   1.18428
-0.907316  0.341638 -0.245074  0.151573
0.0384261  0.647826  0.760819   1.53477
        0         0         0         1

 0.416657  0.685405 -0.597174   1.17717
-0.908534   0.33639 -0.247807  0.157447
0.0310352  0.645803  0.762873   1.53119
        0         0         0         1

  0.41175  0.692872 -0.591937   1.16867
-0.911046  0.328193 -0.249567   0.16526
 0.021351  0.642042  0.766372    1.5252
        0         0         0         1

 0.408309  0.697598 -0.588762   1.16214
-0.912742   0.32163 -0.251905   0.17104
0.0136353  0.640243  0.768051   1.52129
        0         0         0         1

 0.406053  0.701171 -0.586072    1.1512
-0.913849  0.312393 -0.259404  0.178852
0.00119833  0.640913  0.767612   1.51674
        0         0         0         1

 0.399288  0.705679 -0.585309   1.14637
-0.916806  0.303163 -0.259921  0.184151
-0.00597631  0.640398   0.76802   1.51257
        0         0         0         1

 0.385368  0.711747 -0.587289   1.13131
-0.922397  0.279213 -0.266876  0.198233
-0.0259692  0.644559  0.764113   1.50195
        0         0         0         1

 0.376096  0.715533 -0.588698   1.12718
-0.925985  0.267468 -0.266482  0.203043
-0.0332191  0.645348  0.763166   1.49716
        0         0         0         1

 0.367888  0.716669 -0.592489   1.11942
-0.928955     0.255  -0.26836  0.210336
-0.0412407  0.649123  0.759565   1.48996
        0         0         0         1

 0.362154  0.717565 -0.594932    1.1142
-0.930819  0.244721 -0.271454  0.215212
-0.0491936  0.652082   0.75655   1.48605
        0         0         0         1

 0.342333  0.722551 -0.600607   1.10432
-0.936916  0.214425 -0.276061  0.227518
-0.070683  0.657223  0.750374   1.47495
        0         0         0         1

 0.334365  0.725529 -0.601504   1.10075
 -0.93946  0.205849 -0.273935  0.232009
-0.0749291  0.656684  0.750435   1.46847
        0         0         0         1

  0.32264  0.728762 -0.603995   1.09619
 -0.94295  0.192088 -0.271934  0.237661
-0.0821549  0.657274  0.749161   1.46125
        0         0         0         1

 0.313553  0.731255 -0.605764    1.0935
-0.945622  0.182347 -0.269347  0.241935
-0.0865018  0.657278  0.748667   1.45658
        0         0         0         1

  0.30255  0.733563 -0.608563   1.08903
-0.948699  0.170255 -0.266426  0.247876
-0.0918293   0.65795  0.747442   1.44963
        0         0         0         1

 0.297464  0.734538 -0.609893   1.08393
  -0.9498  0.162826 -0.267146  0.251745
-0.0969222  0.658743  0.746099   1.44454
        0         0         0         1

 0.283973  0.736684 -0.613723   1.07403
 -0.95226  0.141873 -0.270319  0.261576
-0.112069  0.661187  0.741803   1.43538
        0         0         0         1

 0.274516  0.737645 -0.616863   1.07228
-0.954622  0.132017  -0.26696  0.264635
-0.115485  0.662156  0.740414   1.43054
        0         0         0         1

 0.263184  0.739089 -0.620066   1.06931
-0.957125  0.119405 -0.263921  0.269264
-0.121022   0.66294  0.738826   1.42488
        0         0         0         1

 0.258542   0.73964  -0.62136   1.06502
-0.957608  0.111637 -0.265564  0.271992
-0.127055  0.663679  0.737148   1.42137
        0         0         0         1

 0.238239  0.740283 -0.628667    1.0574
-0.962019 0.0910524 -0.257348  0.277847
-0.133269  0.666101  0.733859   1.41031
        0         0         0         1

 0.227016  0.739396 -0.633843   1.05661
-0.964193   0.07902 -0.253154   0.27995
-0.137095  0.668617   0.73086   1.40802
        0         0         0         1

 0.216894  0.736752 -0.640432   1.05302
-0.965504 0.0650723 -0.252127  0.283029
 -0.14408  0.673025   0.72545   1.40524
        0         0         0         1

 0.207654   0.73983 -0.639947   1.05025
-0.968242 0.0623311 -0.242122  0.284344
-0.139241  0.669901  0.729277   1.40044
        0         0         0         1

 0.193936  0.740365 -0.643621   1.04438
-0.970014 0.0467474 -0.238511  0.289384
-0.146498  0.670578   0.72723    1.3916
        0         0         0         1

 0.191844  0.739274   -0.6455   1.04259
-0.968827  0.037605 -0.244869   0.29133
-0.156751  0.672354  0.723443   1.39007
        0         0         0         1

  0.19134  0.737711 -0.647435   1.04067
-0.967785 0.0318173 -0.249761  0.294057
-0.163652  0.674367  0.720033   1.38377
        0         0         0         1

 0.188299  0.737982 -0.648017   1.04127
-0.967499 0.0259892 -0.251536  0.295659
-0.168788  0.674319  0.718891    1.3797
        0         0         0         1

 0.182555  0.737766 -0.649904   1.04275
-0.967591 0.0175089 -0.251915   0.29727
-0.174475  0.674829  0.717052   1.37444
        0         0         0         1

 0.179703    0.7382 -0.650205   1.04247
 -0.96685 0.0106503 -0.255125  0.298582
-0.181408  0.674497  0.715643   1.37276
        0         0         0         1

   0.168118    0.736541   -0.655166     1.04302
  -0.968805 0.000689462   -0.247824    0.301174
  -0.182081    0.676392    0.713681      1.3662
          0           0           0           1

   0.165459    0.735958   -0.656498     1.04154
  -0.969282 -0.00147858   -0.245949    0.301695
  -0.181979    0.677026    0.713106     1.36447
          0           0           0           1

   0.161457    0.735348   -0.658175     1.04016
  -0.969612 -0.00601537   -0.244575    0.302912
  -0.183807    0.677663    0.712031       1.363
          0           0           0           1

   0.158788    0.734943   -0.659276     1.04006
  -0.970066 -0.00812788   -0.242704    0.303609
  -0.183732     0.67808    0.711653      1.3612
          0           0           0           1

  0.151179    0.73291  -0.663316    1.04066
 -0.971807 -0.0126269   -0.23544   0.304934
 -0.180932   0.680209   0.710338    1.35533
         0          0          0          1

  0.149437   0.733211  -0.663378    1.04083
 -0.971898 -0.0144952  -0.234957   0.305373
 -0.181889   0.679847    0.71044     1.3538
         0          0          0          1

  0.146781   0.733339   -0.66383    1.04097
 -0.972046 -0.0173936  -0.234146   0.305982
 -0.183254   0.679641   0.710286    1.35206
         0          0          0          1

   0.14649   0.732534  -0.664782    1.04074
 -0.971727 -0.0192363  -0.235324   0.306156
  -0.18517   0.680459   0.709005    1.35132
         0          0          0          1

 0.143594  0.732451 -0.665504   1.04162
-0.972067 -0.021764 -0.233694  0.306645
-0.185653  0.680472  0.708866   1.34901
        0         0         0         1

  0.140921   0.731795  -0.666797    1.04271
 -0.972743 -0.0229345   -0.23075   0.306669
 -0.184155   0.681139   0.708616     1.3468
         0          0          0          1

   0.13761   0.729554  -0.669936    1.04217
 -0.972174 -0.0299753  -0.232335   0.307527
 -0.189582   0.683266   0.705129    1.34665
         0          0          0          1

  0.136087   0.729655  -0.670137    1.04208
 -0.972303 -0.0313728  -0.231609   0.307469
 -0.190018   0.683096   0.705176    1.34517
         0          0          0          1

  0.138133   0.728335  -0.671154    1.04051
 -0.971941 -0.0305828  -0.233227   0.307915
 -0.190393   0.684538   0.703674    1.34344
         0          0          0          1

  0.136058   0.728158   -0.67177    1.04133
 -0.972295 -0.0319555  -0.231563   0.307894
 -0.190081   0.684664   0.703636    1.34223
         0          0          0          1

  0.133585   0.728242  -0.672174    1.04261
 -0.972284 -0.0350164  -0.231165   0.308065
 -0.191881   0.684425   0.703381    1.34158
         0          0          0          1

  0.132951     0.7285  -0.672021    1.04253
 -0.972299 -0.0356533  -0.231007   0.308307
 -0.192248   0.684118   0.703579    1.34041
         0          0          0          1

  0.130247   0.729201   -0.67179    1.04357
  -0.97311 -0.0358115  -0.227539   0.308383
 -0.189979   0.683362   0.704928     1.3364
         0          0          0          1

  0.132145    0.72915  -0.671474    1.04209
 -0.972531 -0.0355861  -0.230036   0.308953
 -0.191626   0.683428   0.704419    1.33709
         0          0          0          1

  0.131542   0.729479  -0.671235    1.04247
 -0.972362 -0.0368116   -0.23056   0.309235
 -0.192898   0.683012   0.704475    1.33715
         0          0          0          1

  0.131719   0.729961  -0.670677    1.04227
   -0.9723 -0.0366478  -0.230844   0.309325
 -0.193086   0.682506   0.704914    1.33612
         0          0          0          1

 0.131548  0.731518 -0.669012   1.04232
-0.972348 -0.036153 -0.230723  0.309817
-0.192965  0.680863  0.706534   1.33374
        0         0         0         1

  0.131304   0.731733  -0.668824    1.04255
  -0.97231 -0.0365061  -0.230825   0.310023
 -0.193318   0.680613   0.706678    1.33328
         0          0          0          1

 0.129572   0.73214 -0.668717    1.0439
-0.972682 -0.037156 -0.229149  0.310139
-0.192616   0.68014  0.707325   1.33158
        0         0         0         1

  0.128809   0.732299  -0.668691    1.04445
 -0.972664 -0.0380854  -0.229071   0.310354
 -0.193216   0.679918   0.707375    1.33139
         0          0          0          1

 0.124685  0.733263 -0.668415   1.04531
-0.972724 -0.042474 -0.228045  0.310706
-0.195607  0.678617  0.707966   1.33122
        0         0         0         1

  0.121442   0.734376  -0.667791    1.04587
 -0.973249 -0.0440952  -0.225483   0.310679
 -0.195036    0.67731   0.709375    1.32944
         0          0          0          1

  0.117776   0.739331  -0.662962    1.04534
 -0.973221 -0.0467805  -0.225063   0.311717
  -0.19741   0.671715   0.714022    1.32738
         0          0          0          1

  0.120116   0.741552  -0.660055      1.044
 -0.972242 -0.0466077   -0.22929   0.312104
 -0.200794   0.669274    0.71537     1.3278
         0          0          0          1

  0.116162   0.744901  -0.656985    1.04447
 -0.973211 -0.0467728  -0.225105   0.312328
  -0.19841   0.665534   0.719512    1.32624
         0          0          0          1

  0.116037   0.746673  -0.654992    1.04474
 -0.973396 -0.0456894  -0.224529   0.312448
 -0.197576    0.66362   0.721507    1.32544
         0          0          0          1

  0.113601   0.749153  -0.652583    1.04585
 -0.973275 -0.0480306  -0.224565   0.312479
 -0.199577   0.660653   0.723676    1.32676
         0          0          0          1

  0.113941   0.748819  -0.652907     1.0455
 -0.973333 -0.0475646  -0.224412   0.312462
 -0.199099   0.661066    0.72343     1.3272
         0          0          0          1

 0.114109   0.74767 -0.654193   1.04471
-0.973409 -0.047513 -0.224091  0.312312
-0.198629  0.662368  0.722367   1.32807
        0         0         0         1

  0.111324   0.747739  -0.654594    1.04481
 -0.973567 -0.0501305  -0.222833   0.312143
 -0.199436   0.662098   0.722393    1.32909
         0          0          0          1

  0.103707    0.74834  -0.655158    1.04544
 -0.974852 -0.0541582  -0.216174   0.311566
 -0.197254   0.661101   0.723904    1.32989
         0          0          0          1

  0.103687   0.749836  -0.653448    1.04468
 -0.974616 -0.0544735  -0.217157   0.311588
 -0.198428   0.659377   0.725154    1.33071
         0          0          0          1

  0.102716   0.755263  -0.647323    1.04216
 -0.974719 -0.0533915  -0.216961   0.311446
 -0.198424   0.653244   0.730685    1.33371
         0          0          0          1

 0.0976719   0.758695  -0.644082    1.04146
 -0.975796 -0.0542281  -0.211853   0.311199
 -0.195659   0.649185   0.735035    1.33497
         0          0          0          1

 0.0920501   0.762985  -0.639829    1.04079
 -0.977001 -0.0549127   -0.20604    0.31078
  -0.19234    0.64408   0.740383    1.33743
         0          0          0          1

 0.0901985   0.765421  -0.637177     1.0395
 -0.977808 -0.0534107  -0.202579   0.310735
  -0.18909   0.641309   0.743618    1.33923
         0          0          0          1

 0.0804322   0.764455   -0.63964    1.03655
 -0.979849 -0.0570678  -0.191416    0.31096
 -0.182832   0.642146    0.74446    1.34696
         0          0          0          1

 0.0732731   0.764187  -0.640819    1.03658
 -0.980468 -0.0623961  -0.186518   0.310958
 -0.182519   0.641969    0.74469    1.35165
         0          0          0          1

 0.0689112   0.763206   -0.64247    1.03317
 -0.981159 -0.0646675  -0.182059   0.311267
 -0.180495   0.642911    0.74437    1.35921
         0          0          0          1

 0.0669775   0.763563   -0.64225    1.02978
 -0.981769 -0.0643283  -0.178864   0.312017
 -0.177889   0.642521   0.745334    1.36474
         0          0          0          1

  0.057205   0.764009  -0.642664    1.02806
 -0.983071 -0.0691287  -0.169687    0.31225
 -0.174069   0.641491    0.74712    1.37459
         0          0          0          1

 0.0560155   0.764187  -0.642558    1.02519
  -0.98425 -0.0658146  -0.164075   0.313152
 -0.167674   0.641628   0.748464    1.38036
         0          0          0          1

 0.0493973   0.764698  -0.642493    1.01885
 -0.986856 -0.0617312  -0.149346     0.3149
 -0.153866   0.641425   0.751597    1.40178
         0          0          0          1

 0.0479766   0.764872  -0.642393    1.01547
 -0.988366 -0.0565752  -0.141177   0.315989
 -0.144326   0.641693    0.75326    1.41023
         0          0          0          1

 0.0428394   0.764679  -0.642986    1.01218
 -0.990784 -0.0502603  -0.125784   0.317614
 -0.128501   0.642448   0.755478    1.42403
         0          0          0          1

 0.0439821   0.763943  -0.643784    1.00784
  -0.99202 -0.0428188  -0.118584   0.319454
 -0.118157   0.643862   0.755963    1.43527
         0          0          0          1

 0.0364539   0.763079  -0.645276    0.99985
  -0.99535 -0.0298861 -0.0915731   0.323631
-0.0891623   0.645613   0.758441    1.46863
         0          0          0          1

 0.0327305   0.761344  -0.647521   0.997287
 -0.996414 -0.0257192 -0.0806063   0.325473
-0.0780229   0.647837   0.757773    1.48373
         0          0          0          1

 0.0309345   0.759577  -0.649682   0.990223
 -0.997952 -0.0129424  -0.062649   0.329496
-0.0559952   0.650289    0.75762    1.50272
         0          0          0          1

  0.0276239    0.760246   -0.649048    0.986565
  -0.998736 -0.00628316  -0.0498665    0.331985
 -0.0419889    0.649605    0.759112       1.519
          0           0           0           1

 0.0258063   0.759079  -0.650487   0.978042
 -0.999452 0.00611032 -0.0325201    0.33612
-0.0207107    0.65097   0.758821    1.54125
         0          0          0          1

 0.0250034   0.758172  -0.651575   0.972104
 -0.999663  0.0143735 -0.0216359   0.339048
-0.00703829   0.651896   0.758276    1.55959
         0          0          0          1

0.00696368  0.756762 -0.653653  0.962408
-0.999252 0.0301241 0.0242305  0.350069
0.0380274  0.652996  0.756406   1.60427
        0         0         0         1

0.00693892  0.754611 -0.656136  0.954294
-0.998555 0.0401982 0.0356712  0.354563
0.0532934   0.65494  0.753799   1.62256
        0         0         0         1

-0.00526145  0.754534  -0.65624  0.948798
-0.997237 0.0446713 0.0593577  0.362066
0.0741025  0.654739  0.752214   1.65077
        0         0         0         1

-0.012353  0.753228 -0.657643  0.943766
-0.995545 0.0522193 0.0785092  0.367282
 0.093477  0.655683  0.749227   1.66802
        0         0         0         1

-0.0253434  0.750127 -0.660808  0.926388
-0.990816 0.0689775  0.116301  0.383455
 0.132821  0.657687  0.741489   1.71835
        0         0         0         1

-0.0308136  0.750522 -0.660126  0.920119
-0.988534 0.0747926  0.131178  0.389585
 0.147824  0.656599  0.739612    1.7393
        0         0         0         1

-0.0421344  0.748568 -0.661717  0.910718
-0.984244 0.0827333  0.156263  0.400067
  0.17172  0.657876  0.733288   1.76633
        0         0         0         1

-0.0483952  0.748125 -0.661791  0.903741
-0.981421 0.0875423  0.170732   0.40687
