 -0.720672  -0.689525 -0.0720238    1.65895
 -0.645288   0.705138  -0.293911   0.826043
  0.253446  -0.165338  -0.953115    2.19502
         0          0          0          1

-0.703295 -0.709613  -0.04273   1.64503
-0.678098   0.68768 -0.259381  0.792727
 0.213445 -0.153446 -0.964829   2.19243
        0         0         0         1

 -0.686151  -0.727031 -0.0249637     1.6345
 -0.701627    0.67046  -0.241253   0.768492
  0.192135   -0.14802  -0.970141    2.18444
         0          0          0          1

  -0.663561   -0.748102 -0.00552884     1.63181
  -0.731675    0.650496   -0.203732    0.717432
   0.156009   -0.131143   -0.979011     2.15757
          0           0           0           1

 -0.653627  -0.756795 0.00578191    1.63308
 -0.745567   0.642579  -0.176699   0.686334
   0.13001  -0.119806  -0.984248    2.15134
         0          0          0          1

-0.635654 -0.771899 0.0107458   1.62857
-0.762387  0.625513 -0.165831  0.664291
 0.121284 -0.113604 -0.986096   2.13005
        0         0         0         1

-0.629618  -0.77669 0.0182756   1.63419
-0.769829  0.620543 -0.149301  0.639419
  0.10462 -0.108071 -0.988623     2.116
        0         0         0         1

-0.607562 -0.792878 0.0470344   1.62451
-0.791467  0.599381 -0.119676  0.609718
0.0666971 -0.109937 -0.991698   2.11095
        0         0         0         1

-0.592734 -0.803657 0.0529314   1.62235
-0.803434  0.585421 -0.108522    0.5893
0.0562274 -0.106852 -0.992684   2.09383
        0         0         0         1

 -0.557576  -0.827212  0.0694889    1.61678
 -0.829593   0.552264 -0.0823411   0.549826
 0.0297373  -0.103559  -0.994179    2.05517
         0          0          0          1

 -0.552083  -0.830316   0.076021    1.62405
 -0.833705   0.548431 -0.0644972   0.523781
 0.0118609 -0.0989868  -0.995018    2.04214
         0          0          0          1

 -0.543251  -0.835739  0.0801169    1.62565
 -0.839568   0.540983 -0.0496243   0.501851
-0.00186888  -0.094222  -0.995549     2.0224
         0          0          0          1

 -0.527696  -0.844151   0.094585    1.61765
 -0.848963   0.527829 -0.0256604     0.4819
-0.0282634 -0.0938401  -0.995186    2.01066
         0          0          0          1

 -0.508265  -0.854524    0.10703    1.62224
 -0.859161   0.511679   0.005243   0.437594
-0.0592453 -0.0892912  -0.994242     1.9831
         0          0          0          1

  -0.49357  -0.862662   0.110468    1.61823
 -0.867284   0.497681   0.011454   0.423514
 -0.064859 -0.0901541  -0.993814    1.96246
         0          0          0          1

 -0.487414  -0.866158   0.110443    1.62239
 -0.870232   0.492241  0.0198788   0.402871
-0.0715829 -0.0864221  -0.993684    1.94513
         0          0          0          1

 -0.476236  -0.871081   0.120073    1.62102
  -0.87439   0.483568  0.0400669   0.383232
-0.0929651 -0.0859097  -0.991956    1.93527
         0          0          0          1

 -0.463026  -0.878412   0.118319    1.61994
 -0.880734   0.470973  0.0499157    0.36777
-0.0995719 -0.0810957   -0.99172    1.91547
         0          0          0          1

 -0.455896  -0.881705   0.121475    1.62031
 -0.882785   0.465334  0.0644539   0.349912
 -0.113356 -0.0778521    -0.9905     1.9017
         0          0          0          1

 -0.443337  -0.887522   0.125527    1.62229
 -0.885513   0.455374  0.0922015   0.314205
 -0.138993 -0.0702797  -0.987796    1.86537
         0          0          0          1

 -0.436168   -0.89114   0.125011    1.62342
 -0.887767   0.448834   0.102062    0.29922
  -0.14706 -0.0664647  -0.986892    1.84621
         0          0          0          1

 -0.432389   -0.89212   0.131003     1.6267
 -0.886754   0.447048   0.117537   0.280739
 -0.163421 -0.0653457   -0.98439    1.83122
         0          0          0          1

 -0.431215  -0.892431   0.132741    1.63093
 -0.885489   0.446825     0.1275   0.265396
 -0.173097 -0.0625611  -0.982916    1.81163
         0          0          0          1

-0.397664 -0.893164  0.210049   1.62379
-0.891727  0.430128  0.140761  0.237849
 -0.21607 -0.131331 -0.967505    1.7757
        0         0         0         1

 -0.40032 -0.888137  0.225736   1.62268
-0.889896  0.435562  0.135538  0.225308
-0.218699 -0.146623 -0.964714   1.75886
        0         0         0         1

-0.404738 -0.884739  0.231134   1.62141
-0.888034  0.440586  0.131449  0.212518
-0.218133 -0.152053 -0.964001   1.74233
        0         0         0         1

-0.406913 -0.884508  0.228183   1.62082
-0.887851  0.441706  0.128907  0.200382
-0.214809 -0.150138 -0.965047   1.72475
        0         0         0         1

-0.408253  -0.88322  0.230762   1.62424
-0.885075   0.44487   0.13687  0.184167
-0.223545 -0.148365 -0.963336   1.71154
        0         0         0         1

-0.403957 -0.883763  0.236181   1.62515
-0.883684  0.443738  0.148994  0.170314
-0.236478 -0.148523 -0.960218   1.69392
        0         0         0         1

-0.386229 -0.889872  0.242807   1.62918
-0.880713   0.43401  0.189682  0.145328
-0.274174 -0.140583 -0.951349   1.65177
        0         0         0         1

-0.376352  -0.89421  0.242379   1.63377
-0.878448  0.427553   0.21337  0.134043
-0.294428 -0.132615 -0.946428   1.63303
        0         0         0         1

-0.360486 -0.901554   0.23927   1.63619
-0.880252  0.413664  0.232462  0.122614
-0.308554 -0.126818 -0.942715   1.61235
        0         0         0         1

-0.352644 -0.905584   0.23571   1.64163
-0.880154   0.40653  0.245074  0.109869
-0.317758 -0.121037 -0.940415   1.59511
        0         0         0         1

-0.332518 -0.915319  0.227206    1.6465
-0.880689   0.38755  0.272381 0.0874781
 -0.33737 -0.109527 -0.934979   1.56089
        0         0         0         1

-0.326203  -0.91886   0.22201   1.64964
-0.878052   0.38152  0.288907 0.0760312
-0.350167 -0.100693 -0.931259   1.54692
        0         0         0         1

 -0.318824  -0.922801   0.216308    1.65048
 -0.876132   0.373998   0.304167  0.0658395
 -0.361584 -0.0925386  -0.927736    1.53032
         0          0          0          1

 -0.313232  -0.926149    0.21008    1.65178
 -0.873181   0.367849   0.319754  0.0563525
 -0.373418 -0.0832809  -0.923917    1.51524
         0          0          0          1

 -0.310344  -0.928959   0.201796    1.65353
 -0.869172   0.363259   0.335535  0.0463753
 -0.385003 -0.0712644   -0.92016    1.49908
         0          0          0          1

 -0.308248  -0.930834   0.196293    1.65531
 -0.864741   0.360169   0.350002  0.0367836
 -0.396493 -0.0618555  -0.915952      1.485
         0          0          0          1

 -0.300742  -0.935698   0.184453     1.6588
 -0.858073    0.34989   0.375883  0.0188128
 -0.416252 -0.0452301  -0.908124    1.45611
         0          0          0          1

 -0.298936  -0.937639   0.177397    1.65939
 -0.855257   0.345707   0.386034  0.0110536
 -0.423288 -0.0363209  -0.905267    1.44088
         0          0          0          1

 -0.294007  -0.939797   0.174187    1.66017
 -0.851591   0.340314   0.398722 0.00317752
 -0.433996 -0.0311086  -0.900377    1.42745
         0          0          0          1

 -0.295677  -0.939358   0.173727    1.66275
 -0.845372   0.341986   0.410356 -0.0056854
 -0.444884 -0.0255311  -0.895224    1.41512
         0          0          0          1

 -0.294751  -0.938483    0.17992    1.66503
 -0.836073    0.34445   0.427008 -0.0203475
 -0.462714 -0.0245653  -0.886167     1.3872
         0          0          0          1

 -0.292394  -0.937828   0.187043    1.66571
 -0.831845   0.345914   0.434024 -0.0261902
 -0.471741 -0.0286852  -0.881271     1.3737
         0          0          0          1

 -0.286802  -0.937311    0.19797    1.66678
 -0.828317   0.346448   0.440301 -0.0316809
 -0.481285 -0.0377028  -0.875753    1.36099
         0          0          0          1

 -0.283981  -0.935782   0.208966    1.66773
 -0.825017   0.349526   0.444049 -0.0369249
 -0.488572 -0.0462991  -0.871294    1.34871
         0          0          0          1

 -0.280823  -0.933657   0.222312    1.66872
 -0.821617   0.353588   0.447125 -0.0423943
 -0.496068 -0.0570922  -0.866405    1.33641
         0          0          0          1

 -0.272125  -0.932359   0.238022    1.67003
 -0.818185   0.354384   0.452752 -0.0463582
 -0.506479 -0.0715407  -0.859279    1.32705
         0          0          0          1

 -0.260552  -0.927931   0.266566    1.67262
 -0.813302   0.359736   0.457307 -0.0541823
 -0.520243 -0.0976458  -0.848418    1.30535
         0          0          0          1

 -0.255808  -0.926157   0.277121    1.67329
  -0.81118   0.361576   0.459619 -0.0572562
 -0.525879  -0.107221  -0.843774    1.29616
         0          0          0          1

 -0.251024  -0.923216   0.290963    1.67481
 -0.809398   0.365055   0.460011 -0.0615502
 -0.530907  -0.120031  -0.838887    1.28873
         0          0          0          1

 -0.245808  -0.921552   0.300534    1.67506
 -0.810315   0.365509   0.458031 -0.0645438
 -0.531947   -0.13094  -0.836592    1.28147
         0          0          0          1

 -0.234264  -0.916808   0.323392    1.67435
 -0.811979   0.367448   0.453511 -0.0694887
 -0.534612  -0.156346  -0.830509    1.27171
         0          0          0          1

 -0.231055  -0.913705     0.3343    1.67481
 -0.812919   0.370089   0.449664 -0.0729451
 -0.534581  -0.167862  -0.828279    1.26906
         0          0          0          1

 -0.223257  -0.913703   0.339563    1.67286
 -0.819348   0.364616   0.442407 -0.0745174
 -0.528039   -0.17945  -0.830044    1.26657
         0          0          0          1

-0.221888 -0.912527  0.343598    1.6714
-0.825751  0.363257  0.431485 -0.077431
-0.518557 -0.187985 -0.834123   1.26618
        0         0         0         1

 -0.218833   -0.91239   0.345915    1.66898
 -0.830425   0.360287   0.424955 -0.0791497
 -0.512353  -0.194263  -0.836514    1.26621
         0          0          0          1

 -0.211867  -0.913466   0.347409    1.66726
 -0.833428   0.354528    0.42392 -0.0805443
 -0.510402  -0.199726  -0.836421    1.26686
         0          0          0          1

 -0.194455  -0.913073   0.358447     1.6635
 -0.838747    0.34425   0.421895 -0.0824502
 -0.508617  -0.218607  -0.832779    1.26826
         0          0          0          1

 -0.183998    -0.9114   0.368095    1.66108
  -0.84038   0.340101   0.422011 -0.0828976
  -0.50981  -0.231691    -0.8285    1.26966
         0          0          0          1

 -0.174663  -0.908231   0.380275    1.65792
  -0.84149   0.338227   0.421303 -0.0835174
  -0.51126  -0.246411  -0.823343    1.27135
         0          0          0          1

 -0.164574  -0.905057   0.392158    1.65261
  -0.84265   0.335661   0.421038 -0.0829642
 -0.512696   -0.26116  -0.817887    1.27357
         0          0          0          1

  -0.14664  -0.895578   0.420044    1.63594
 -0.844007   0.334739    0.41905 -0.0816509
 -0.515897   -0.29307   -0.80496    1.28113
         0          0          0          1

 -0.137813  -0.889798   0.435047    1.62642
 -0.845286   0.334596   0.416578 -0.0808949
 -0.516236  -0.310329  -0.798246    1.28563
         0          0          0          1

  -0.13332  -0.881581   0.452813    1.61613
 -0.845413   0.339598   0.412251 -0.0811201
 -0.517207  -0.327853  -0.790575    1.29101
         0          0          0          1

 -0.127469  -0.875574   0.465964    1.60378
 -0.846786   0.340684   0.408518 -0.0802787
 -0.516434  -0.342498  -0.784851    1.29536
         0          0          0          1

  -0.12179  -0.867839   0.481687    1.59071
 -0.846395   0.344293   0.406298 -0.0800995
 -0.518443  -0.358214  -0.776466    1.30277
         0          0          0          1

 -0.119131  -0.861863   0.492951    1.57662
 -0.845796   0.348135   0.404267 -0.0800296
 -0.520036  -0.368775  -0.770433    1.30927
         0          0          0          1

 -0.112576  -0.850321   0.514082    1.54268
  -0.84687   0.352731   0.397986 -0.0792721
 -0.519748  -0.390557  -0.759821    1.32341
         0          0          0          1

 -0.112018    -0.8431    0.52596    1.52555
 -0.846339   0.358311   0.394112 -0.0797055
 -0.520733  -0.400992  -0.753686    1.33038
         0          0          0          1

-0.112729 -0.836575  0.536129   1.50591
-0.845906  0.363873  0.389923 -0.080103
-0.521282 -0.409559 -0.748683   1.33742
        0         0         0         1

 -0.110376   -0.83089   0.545379    1.48611
 -0.845603   0.366859   0.387776 -0.0802519
 -0.522277  -0.418373  -0.743096    1.34436
         0          0          0          1

 -0.109702  -0.823057   0.557264    1.44214
 -0.842547   0.374444   0.387178 -0.0812892
 -0.527334  -0.427046  -0.734541    1.36017
         0          0          0          1

 -0.111936  -0.821551   0.559038    1.42014
 -0.840616     0.3783   0.387626 -0.0822854
 -0.529939  -0.426547  -0.732954     1.3681
         0          0          0          1

 -0.113302   -0.82169   0.558559    1.39615
 -0.839456   0.379895   0.388579 -0.0837911
 -0.531485  -0.424859  -0.732816    1.37575
         0          0          0          1

 -0.116195  -0.821665   0.558002    1.37337
 -0.837548   0.383033   0.389613 -0.0853938
 -0.533864  -0.422082  -0.732691    1.38313
         0          0          0          1

 -0.119882  -0.821485   0.557486    1.34914
 -0.835533   0.386768    0.39025 -0.0875582
 -0.536202  -0.419014  -0.732745    1.39025
         0          0          0          1

  -0.12295  -0.821909   0.556192    1.32539
 -0.833091   0.390036   0.392213 -0.0894517
 -0.539298  -0.415136   -0.73268    1.39671
         0          0          0          1

 -0.131714  -0.822351   0.553526    1.27674
 -0.827151   0.398919   0.395834 -0.0940837
 -0.546326  -0.405713  -0.732752    1.40857
         0          0          0          1

 -0.136553  -0.822235   0.552524    1.25305
 -0.823522   0.404223   0.398014 -0.0964386
 -0.550604  -0.400666  -0.732326    1.41323
         0          0          0          1

 -0.142779  -0.821764   0.551651    1.22848
 -0.818844   0.411162    0.40055 -0.0987049
 -0.555975  -0.394526  -0.731602    1.41765
         0          0          0          1

-0.150481  -0.82087  0.550934   1.20509
-0.812967  0.419846  0.403502 -0.100785
-0.562531 -0.387172 -0.730519    1.4211
        0         0         0         1

 -0.16672 -0.821561  0.545199   1.15849
-0.800693  0.435488  0.411389 -0.104832
-0.575408 -0.367951 -0.730423   1.42666
        0         0         0         1

-0.174613 -0.823122  0.540352   1.13649
-0.795396  0.441394   0.41535 -0.106808
-0.580392 -0.357268 -0.731782   1.42849
        0         0         0         1

-0.184881 -0.824412  0.534942   1.11453
-0.789078  0.448992   0.41924 -0.108795
-0.585811 -0.344602 -0.733536   1.43037
        0         0         0         1

-0.193454 -0.826262  0.529024   1.09407
 -0.78362   0.45458  0.423436 -0.110511
-0.590353 -0.332639 -0.735415   1.43178
        0         0         0         1

-0.201963 -0.828132  0.522885   1.07362
-0.777282  0.460343  0.428856 -0.112146
-0.595856 -0.319816 -0.736664   1.43336
        0         0         0         1

 -0.21133 -0.829735  0.516605   1.05508
-0.771678  0.466024  0.432821 -0.113698
-0.599877 -0.307185 -0.738773   1.43436
        0         0         0         1

-0.225169 -0.835318  0.501541   1.01955
-0.760934  0.472256  0.444919 -0.116196
-0.608505 -0.281457 -0.741959   1.43643
        0         0         0         1

-0.233798 -0.837425  0.494021   1.00436
-0.756186  0.475999  0.449007 -0.117081
-0.611163 -0.268595 -0.744537   1.43708
        0         0         0         1

-0.240966 -0.840071   0.48602  0.989328
-0.752208  0.478098  0.453438 -0.117999
-0.613286 -0.256325 -0.747113   1.43779
        0         0         0         1

-0.247075 -0.842799  0.478167  0.976048
-0.748589  0.479351   0.45808 -0.118827
-0.615279  -0.24477 -0.749346   1.43825
        0         0         0         1

 -0.25854 -0.849609  0.459696  0.951225
-0.744116  0.478613  0.466069 -0.119963
-0.615994  -0.22157 -0.755949   1.43838
        0         0         0         1

-0.263692 -0.852806  0.450765  0.940662
 -0.74163  0.478052  0.470586 -0.119932
-0.616808 -0.210211 -0.758525   1.43843
        0         0         0         1

-0.267491 -0.856637   0.44116  0.930718
-0.738901   0.47622  0.476696 -0.120011
-0.618444 -0.198462 -0.760355   1.43857
        0         0         0         1

-0.271874  -0.86009   0.43166  0.922077
-0.737095  0.474495  0.481192 -0.119846
-0.618688 -0.187351 -0.762971   1.43817
        0         0         0         1

-0.275498 -0.863213  0.423042  0.913908
-0.734835  0.472831   0.48626 -0.119432
-0.619773 -0.176902 -0.764583   1.43755
        0         0         0         1

-0.279505 -0.865423  0.415837  0.907024
-0.732664  0.472158  0.490174 -0.118796
-0.620548 -0.167663 -0.766035   1.43688
        0         0         0         1

-0.284332 -0.869439  0.404019  0.894827
-0.726674  0.470329  0.500735 -0.117215
 -0.62538 -0.151215 -0.765528   1.43536
        0         0         0         1

 -0.28498 -0.871128  0.399903  0.889225
-0.725272  0.468743  0.504242   -0.1164
-0.626711  -0.14634 -0.765388   1.43367
        0         0         0         1

-0.287981 -0.870934  0.398173  0.884714
-0.723011  0.470383   0.50596 -0.115143
-0.627951 -0.142176 -0.765156   1.43176
        0         0         0         1

-0.288682  -0.87099  0.397541   0.88036
-0.721287  0.470899  0.507937 -0.114011
 -0.62961 -0.140109 -0.764174   1.42941
        0         0         0         1

-0.290814 -0.869546  0.399144  0.872727
-0.716838  0.474322  0.511039 -0.111381
-0.633695 -0.137504 -0.761264   1.42436
        0         0         0         1

 -0.29242 -0.868079  0.401159  0.869626
  -0.7142  0.477211  0.512042 -0.109978
-0.635931 -0.136776 -0.759529   1.42182
        0         0         0         1

-0.293628 -0.866274  0.404168  0.866336
-0.711494   0.48042  0.512808 -0.108491
-0.638403 -0.136988 -0.757414   1.41877
        0         0         0         1

-0.293707 -0.864722  0.407422  0.863075
-0.708753  0.482994  0.514184 -0.106986
-0.641408 -0.137742 -0.754733   1.41595
        0         0         0         1

-0.295424  -0.86257  0.410729  0.860447
-0.705863  0.486783  0.514587 -0.105203
-0.643803 -0.137897 -0.752664   1.41291
        0         0         0         1

-0.296645 -0.860427  0.414328  0.858091
-0.703877  0.490209  0.514054  -0.10359
-0.645413 -0.139145 -0.751053   1.40949
        0         0         0         1

 -0.298663  -0.856296   0.421376   0.854082
 -0.697823   0.497138   0.515651 -0.0996024
 -0.651032   -0.14004   -0.74602    1.40315
         0          0          0          1

-0.300682 -0.853504  0.425583  0.852074
-0.697069  0.501223  0.512709 -0.097897
-0.650911 -0.142498  -0.74566   1.40057
        0         0         0         1

 -0.303161  -0.851485   0.427863   0.850417
  -0.69618   0.504491   0.510707 -0.0964682
 -0.650712  -0.143043  -0.745729    1.39942
         0          0          0          1

 -0.303699  -0.851814   0.426825   0.849217
 -0.696346   0.504203   0.510766 -0.0957504
 -0.650284  -0.142099  -0.746283    1.39883
         0          0          0          1

 -0.303335  -0.852903   0.424904   0.847799
 -0.699991   0.502002   0.507943 -0.0947586
 -0.646529  -0.143352    -0.7493    1.39769
         0          0          0          1

 -0.303924  -0.852883   0.424524   0.848217
 -0.700567   0.502054   0.507096 -0.0943415
 -0.645628  -0.143289  -0.750089    1.39847
         0          0          0          1

-0.302682 -0.853466   0.42424  0.848062
-0.702324  0.500635  0.506069 -0.094063
-0.644302 -0.144776 -0.750943   1.39894
        0         0         0         1

 -0.301419  -0.854083   0.423897   0.848089
 -0.703984   0.499184   0.505195 -0.0937726
 -0.643081  -0.146141  -0.751724     1.3998
         0          0          0          1

 -0.299924  -0.855039   0.423029   0.848261
 -0.705936   0.497191   0.504435 -0.0934863
 -0.641638  -0.147339  -0.752723    1.40111
         0          0          0          1

 -0.298537  -0.855741    0.42259   0.848433
 -0.708004   0.495494   0.503205 -0.0931023
 -0.640005   -0.14897  -0.753792    1.40245
         0          0          0          1

 -0.294779  -0.855606   0.425493   0.848204
 -0.714206   0.493098   0.496754 -0.0921157
 -0.634835  -0.157457  -0.756433    1.40673
         0          0          0          1

 -0.292771  -0.854308   0.429468    0.84728
 -0.717338   0.493215   0.492102 -0.0910353
 -0.632227  -0.164001  -0.757227    1.41012
         0          0          0          1

   -0.2904  -0.852308   0.435015   0.846027
 -0.720221   0.493999    0.48708 -0.0896105
 -0.630039  -0.171859  -0.757308    1.41472
         0          0          0          1

 -0.288706  -0.849206   0.442152   0.844806
 -0.722495   0.496264   0.481377 -0.0878597
 -0.628212  -0.180476  -0.756821    1.41962
         0          0          0          1

 -0.28236 -0.840921  0.461655  0.840892
-0.729234  0.500825  0.466253 -0.084337
 -0.62329 -0.205004 -0.754641   1.43142
        0         0         0         1

 -0.278411  -0.836516    0.47194   0.838939
 -0.733652   0.502345   0.457607 -0.0825417
 -0.619873  -0.218837   -0.75357    1.43819
         0          0          0          1

 -0.272316  -0.833171   0.481322   0.836088
 -0.738671   0.501577   0.450317 -0.0807363
 -0.616611  -0.232909  -0.752026    1.44681
         0          0          0          1

 -0.267671  -0.829562   0.490081    0.83339
 -0.744792   0.500831    0.44097 -0.0788185
 -0.611259  -0.246973  -0.751909    1.45614
         0          0          0          1

 -0.262703  -0.826678   0.497586   0.830219
 -0.751785   0.498627   0.431498 -0.0769177
 -0.604819  -0.260721  -0.752474    1.46678
         0          0          0          1

  -0.25811  -0.824175   0.504098   0.827139
 -0.758998   0.495814   0.422007 -0.0748054
 -0.597747  -0.273685  -0.753522    1.47877
         0          0          0          1

 -0.245908  -0.820448   0.516135   0.818639
 -0.776313   0.485552   0.401967 -0.0699498
 -0.580403  -0.301835  -0.756325    1.50629
         0          0          0          1

 -0.238935  -0.818859   0.521901   0.813669
 -0.786486   0.478424   0.390577 -0.0669227
 -0.569517  -0.317145  -0.758333    1.52066
         0          0          0          1

 -0.231458  -0.816547   0.528847   0.808407
 -0.795915   0.471532   0.379707 -0.0633545
 -0.559417  -0.333031  -0.759041    1.53726
         0          0          0          1

 -0.224279   -0.81336   0.536791   0.803109
 -0.805298   0.464884   0.367939 -0.0591625
 -0.548812  -0.349756  -0.759261    1.55353
         0          0          0          1

 -0.216485  -0.809027   0.546452   0.797267
 -0.814547   0.458231    0.35572 -0.0539933
 -0.538189  -0.368103  -0.758191    1.57128
         0          0          0          1

   -0.2078  -0.804504    0.55641   0.790993
 -0.823095   0.451157   0.344923 -0.0482313
  -0.52852  -0.386303  -0.755934    1.58941
         0          0          0          1

 -0.193276  -0.793014   0.577731    0.77667
 -0.841153   0.437051   0.318509 -0.0338912
  -0.50508    -0.4244  -0.751518     1.6284
         0          0          0          1

 -0.184457  -0.786708   0.589124   0.768441
 -0.849475   0.429095   0.307033 -0.0258582
 -0.494336  -0.443811  -0.747438    1.64816
         0          0          0          1

 -0.175786  -0.780468   0.599974   0.758473
 -0.858295   0.419985    0.29486 -0.0166517
 -0.482109  -0.463123  -0.743699    1.66968
         0          0          0          1

     -0.173   -0.773575    0.609633    0.750219
   -0.86555    0.414772    0.280689 -0.00686347
  -0.469993   -0.479109   -0.741324     1.69089
          0           0           0           1

-0.161956 -0.760048  0.629362  0.730392
-0.880151  0.399654  0.256149 0.0154866
-0.446212 -0.512449 -0.733683   1.73567
        0         0         0         1

-0.157415 -0.754868  0.636706  0.719311
-0.887089  0.391393  0.244711 0.0269396
-0.433927 -0.526294 -0.731247   1.75788
        0         0         0         1

-0.158277 -0.750675  0.641432  0.708297
-0.893605   0.38524   0.23035 0.0403364
-0.420023 -0.536728 -0.731781   1.78172
        0         0         0         1

-0.159438 -0.748469  0.643718  0.697193
-0.901064  0.376726  0.214852 0.0543079
-0.403315 -0.545776 -0.734483   1.80454
        0         0         0         1

-0.164743 -0.747088  0.643987  0.686774
-0.906752  0.371652  0.199189 0.0691692
 -0.38815 -0.551122  -0.73865   1.82968
        0         0         0         1

-0.170398 -0.747264   0.64231  0.674977
-0.912082  0.366305  0.184195 0.0841455
-0.372923 -0.554452 -0.743983   1.85414
        0         0         0         1

-0.184262 -0.749215  0.636179  0.649158
-0.921917  0.356148  0.152406  0.116746
-0.340759 -0.558422 -0.756339   1.90574
        0         0         0         1

-0.189519 -0.750683  0.632897  0.635668
-0.926134  0.350763  0.138713  0.132631
-0.326126 -0.559858 -0.761709   1.93149
        0         0         0         1

-0.198425 -0.751712  0.628933  0.621833
-0.929664  0.347578  0.122128  0.148938
-0.310408 -0.560463 -0.767807    1.9591
        0         0         0         1

-0.209807 -0.753994  0.622474  0.610137
-0.932463  0.345799  0.104572  0.167652
-0.294097 -0.558495 -0.775623   1.98561
        0         0         0         1

-0.238821 -0.756759  0.608506  0.588576
-0.936959  0.344194 0.0603221  0.209849
-0.255093 -0.555739 -0.791253   2.03671
        0         0         0         1

-0.250027 -0.754969  0.606225  0.575625
 -0.93829  0.343442 0.0407282  0.230251
-0.238952 -0.558632 -0.794249   2.06136
        0         0         0         1

-0.271095 -0.759558  0.591252  0.569905
-0.936576  0.349891 0.0200619  0.251937
-0.222112 -0.548314 -0.806237   2.09168
        0         0         0         1

  -0.292133   -0.760712    0.579633    0.563311
  -0.934904    0.354858 -0.00547168    0.275567
  -0.201525     -0.5435   -0.814859     2.11633
          0           0           0           1

 -0.304615  -0.763851   0.568983    0.55053
 -0.934738   0.354491 -0.0245293   0.298454
 -0.182963  -0.539322  -0.821983    2.14224
         0          0          0          1

 -0.315931  -0.765911   0.559971   0.536459
 -0.933984   0.354893 -0.0415338   0.319402
 -0.166919  -0.536126   -0.82747    2.16672
         0          0          0          1

 -0.353811  -0.772858    0.52679   0.518559
 -0.926439   0.366998 -0.0838042   0.365481
 -0.128562   -0.51769  -0.845854    2.22223
         0          0          0          1

-0.379554 -0.775212  0.504962   0.51588
-0.918878  0.379414 -0.108202  0.393079
 -0.10771 -0.505067 -0.856333   2.25005
        0         0         0         1

 -0.40799 -0.774669  0.483147  0.513784
-0.909391  0.391737 -0.139826  0.423462
-0.0809478 -0.496417 -0.864302    2.2721
        0         0         0         1

-0.425793 -0.771669  0.472468  0.500716
-0.902543  0.399244 -0.161307  0.448296
-0.0641542 -0.495107  -0.86646   2.29112
        0         0         0         1

-0.485731 -0.765922  0.421222  0.504223
-0.874031  0.431956 -0.222448  0.512757
-0.0115714 -0.476211 -0.879255   2.33805
        0         0         0         1

-0.500211 -0.764707  0.406218  0.495094
-0.865901  0.440697 -0.236644  0.534179
0.00194445 -0.470117 -0.882602   2.36097
        0         0         0         1

-0.517761  -0.76008  0.392686  0.483217
-0.855418  0.452651 -0.251729  0.560519
0.0135844 -0.466246 -0.884551   2.38786
        0         0         0         1

-0.551293 -0.757519   0.34963   0.49913
-0.832474  0.471649 -0.290749  0.601489
0.0553452 -0.451346 -0.890631   2.40709
        0         0         0         1

-0.568927 -0.748826  0.339973   0.48633
-0.819839  0.483907 -0.306102  0.630537
0.0647011 -0.452873 -0.889224   2.42266
        0         0         0         1

-0.586712   -0.7466   0.31362  0.481562
-0.804641  0.493856 -0.329635   0.66271
0.0912228 -0.445752 -0.890496   2.43924
        0         0         0         1

-0.640095 -0.729661  0.240569  0.501928
-0.754478  0.537855 -0.376132   0.73507
 0.145058 -0.422264 -0.894791   2.48226
        0         0         0         1

  -0.6741 -0.713514  0.191016  0.532017
-0.718444  0.573306   -0.3939  0.772569
 0.171542 -0.402763 -0.899086   2.50401
        0         0         0         1

-0.693713 -0.699947  0.169811  0.526176
-0.693574  0.585616 -0.419535   0.81201
 0.194208 -0.408813 -0.891715   2.50595
        0         0         0         1

-0.708898 -0.691139  0.140676  0.528143
-0.671126  0.599645 -0.435909   0.84402
 0.216918 -0.403427 -0.888928   2.52277
        0         0         0         1

-0.742871 -0.666545 0.0621338  0.548917
-0.618069  0.647254 -0.446155  0.899447
 0.257166 -0.369838 -0.892796   2.57545
        0         0         0         1

  -0.773118   -0.634238 -0.00553258    0.595226
  -0.556749    0.682789   -0.473107    0.953864
    0.30384   -0.362687   -0.880988     2.57838
          0           0           0           1

 -0.784963  -0.618446 -0.0368388   0.607902
 -0.520218   0.690245  -0.502927    1.00777
  0.336461  -0.375615  -0.863544    2.57003
         0          0          0          1

