 -0.729343  -0.653578  -0.202222   0.942171
 -0.614203   0.755718  -0.227254     0.8113
  0.301351 -0.0415414  -0.952608    2.61414
         0          0          0          1

 -0.715733  -0.680057    -0.1589   0.904556
 -0.651178   0.732083  -0.200053   0.768521
  0.252376 -0.0397122  -0.966814    2.60664
         0          0          0          1

-0.703345 -0.697879 -0.135168  0.887889
-0.673278  0.715017 -0.188274  0.743836
 0.228039 -0.041416 -0.972771   2.58121
        0         0         0         1

 -0.690087  -0.713713  -0.119974   0.881066
  -0.69324   0.699478  -0.173631   0.715603
  0.207842 -0.0366498  -0.977476    2.56462
         0          0          0          1

 -0.675648  -0.729835  -0.104121   0.870463
 -0.715679   0.683223  -0.144948   0.680684
  0.176926 -0.0234166  -0.983946     2.5605
         0          0          0          1

 -0.648235  -0.759938 -0.0478126   0.829453
  -0.75327   0.649187   -0.10555   0.622417
  0.111251 -0.0324055  -0.993264     2.5174
         0          0          0          1

  -0.64291  -0.765368 -0.0296388   0.824692
 -0.761519   0.642871 -0.0824994   0.593909
 0.0821964 -0.0304692   -0.99615    2.50431
         0          0          0          1

 -0.627326  -0.778628 -0.0141553   0.814411
 -0.776385    0.62673 -0.0665994   0.572492
 0.0607277 -0.0307896  -0.997679    2.48236
         0          0          0          1

  -0.61502  -0.788505 0.00312791   0.805265
  -0.78694    0.61354 -0.0655287   0.560956
 0.0497506 -0.0427629  -0.997846    2.44928
         0          0          0          1

  -0.60342  -0.797259  0.0161999   0.800902
 -0.797147   0.602552 -0.0385717   0.534317
 0.0209904 -0.0361887  -0.999125    2.43154
         0          0          0          1

  -0.578451   -0.814728   0.0401627    0.781355
  -0.815461    0.578802 -0.00342294    0.499304
 -0.0204575  -0.0347311   -0.999187     2.42022
          0           0           0           1

   -0.5552  -0.829387  0.0622137   0.771649
  -0.83002   0.557291  0.0222263   0.464189
-0.0531053 -0.0392986  -0.997815    2.37089
         0          0          0          1

  -0.54237  -0.836441  0.0787414   0.761817
 -0.836516   0.546349   0.041747   0.439144
-0.0779392 -0.0432262  -0.996021    2.34986
         0          0          0          1

-0.535281 -0.839623 0.0922385  0.759611
 -0.83885  0.541212 0.0584746  0.419703
-0.0990172 -0.046074 -0.994019   2.32579
        0         0         0         1

 -0.525356  -0.844073   0.107435   0.755128
 -0.841795    0.53399  0.0789688   0.398975
 -0.124024 -0.0489511  -0.991071      2.304
         0          0          0          1

 -0.493371  -0.856732   0.150319   0.737308
 -0.851066   0.511163       0.12   0.357551
 -0.179645 -0.0687271  -0.981328    2.25504
         0          0          0          1

  -0.48422  -0.860066    0.16068   0.737563
  -0.85359   0.504694   0.129107   0.344684
 -0.192134 -0.0746385  -0.978526    2.22628
         0          0          0          1

-0.470631 -0.865354  0.172248  0.731314
-0.856573  0.494927  0.146048  0.326118
-0.211633 -0.078808 -0.974167   2.20226
        0         0         0         1

 -0.461627   -0.86753   0.185185   0.730905
 -0.856914   0.490079   0.159754   0.311681
 -0.229346 -0.0849408  -0.969632     2.1754
         0          0          0          1

-0.441327 -0.871653  0.213191  0.724802
-0.858251  0.479377  0.183312  0.293265
-0.261983 -0.102071 -0.959659    2.1482
        0         0         0         1

-0.428361 -0.872214  0.236113  0.722171
-0.857343  0.474848  0.198703  0.277541
-0.285429 -0.117313 -0.951193   2.12178
        0         0         0         1

-0.398746 -0.872113  0.283585  0.713794
-0.854634  0.465531  0.229961   0.24221
 -0.33257 -0.150666 -0.930966   2.07287
        0         0         0         1

-0.389549 -0.872656  0.294487  0.710834
-0.854882  0.461567  0.236922  0.228165
-0.342677 -0.159459 -0.925821   2.04829
        0         0         0         1

-0.382899 -0.872947  0.302244  0.709959
-0.850554  0.460812  0.253399  0.212048
-0.360481 -0.160048 -0.918933   2.02648
        0         0         0         1

-0.374692 -0.873434  0.310996  0.708581
-0.849081  0.457985  0.263271  0.200028
-0.372382 -0.165415 -0.913219   1.99809
        0         0         0         1

-0.359419 -0.876619  0.319933  0.707531
 -0.84029  0.453142  0.297615  0.174593
 -0.40587 -0.161868 -0.899482   1.94545
        0         0         0         1

-0.350133 -0.879357  0.322705  0.707847
-0.835071  0.449105  0.317744  0.162869
-0.424339 -0.158229 -0.891572   1.92019
        0         0         0         1

-0.339743 -0.881562  0.327755   0.70696
-0.830203  0.444855  0.335956  0.152182
 -0.44197 -0.157965 -0.883012   1.89142
        0         0         0         1

-0.332162 -0.883229   0.33102  0.706199
-0.823851  0.442556  0.354137  0.141527
-0.459279  -0.15508  -0.87465   1.86692
        0         0         0         1

 -0.32419 -0.883818  0.337294  0.708073
-0.817659  0.441106  0.369945  0.131376
-0.475746 -0.155859 -0.865664   1.84169
        0         0         0         1

-0.315069 -0.884799  0.343311   0.70881
-0.812785   0.43832  0.383739  0.122383
-0.490012 -0.158134 -0.857253    1.8165
        0         0         0         1

-0.303097 -0.885112  0.353141  0.711527
-0.799746  0.437769   0.41081  0.105425
-0.518207 -0.157908 -0.840551   1.76719
        0         0         0         1

-0.298706 -0.885402  0.356144  0.712906
-0.792641  0.438006  0.424111 0.0980494
-0.531502  -0.15561 -0.832641   1.74544
        0         0         0         1

-0.297669 -0.883914   0.36068  0.714294
-0.785923  0.441369  0.433034 0.0919514
-0.541957 -0.154566  -0.82607   1.72091
        0         0         0         1

-0.291953 -0.882363  0.369051  0.714497
-0.777643  0.443632  0.445491 0.0854505
-0.556807 -0.156928 -0.815683   1.70018
        0         0         0         1

-0.290267 -0.876817  0.383325  0.717523
-0.761599  0.454205  0.462238 0.0763257
-0.579406 -0.157767 -0.799623   1.65621
        0         0         0         1

-0.286174 -0.874195  0.392286  0.717949
-0.753591  0.458199  0.471332 0.0722686
-0.591781  -0.16074  -0.78991   1.63622
        0         0         0         1

-0.281465 -0.869527  0.405833   0.71889
 -0.74477  0.464638  0.478988 0.0686463
-0.605058 -0.167434 -0.778377   1.61634
        0         0         0         1

-0.277196 -0.864204  0.419897  0.720048
  -0.7365  0.471772  0.484767 0.0659914
-0.617034 -0.174879 -0.767259   1.59772
        0         0         0         1

-0.272636 -0.857486  0.436333  0.722743
-0.726705  0.480746  0.490696 0.0639521
-0.630531 -0.183304 -0.754209   1.57908
        0         0         0         1

 -0.26473   -0.8531  0.449599  0.724002
-0.718484  0.485465  0.498101 0.0614902
-0.643195 -0.191167 -0.741455   1.56205
        0         0         0         1

-0.259601 -0.841031   0.47463  0.730396
-0.702471  0.501711  0.504797 0.0594514
-0.662677 -0.202368 -0.721045   1.53001
        0         0         0         1

-0.255131 -0.836515  0.484924  0.732397
-0.698133  0.506354  0.506177 0.0586141
-0.668968   -0.2094 -0.713185   1.51442
        0         0         0         1

-0.251537 -0.832371  0.493851  0.734629
-0.692521  0.511246  0.508963 0.0576866
-0.676124 -0.213979 -0.705031   1.50088
        0         0         0         1

-0.249054 -0.828984  0.500756  0.736604
-0.689215  0.514957  0.509708 0.0569866
-0.680408 -0.218184 -0.699601   1.48795
        0         0         0         1

 -0.24496 -0.821048  0.515631  0.742452
-0.679502  0.524748  0.512754 0.0564003
-0.691572 -0.224768 -0.686446    1.4657
        0         0         0         1

-0.241799 -0.818443  0.521234  0.744678
 -0.67712  0.527081  0.513511 0.0562131
-0.695012 -0.228772 -0.681632   1.45515
        0         0         0         1

-0.237028 -0.816147  0.526992  0.746765
-0.673649  0.528934  0.516164 0.0560255
 -0.70001 -0.232662 -0.675169   1.44538
        0         0         0         1

-0.232835 -0.814087  0.532024   0.74916
-0.670256  0.530712  0.518749 0.0557847
-0.704659 -0.235809 -0.669216   1.43752
        0         0         0         1

-0.229501 -0.811895  0.536802  0.752295
-0.668213   0.53244  0.519614 0.0557594
-0.707687 -0.239446 -0.664714    1.4291
        0         0         0         1

-0.225662 -0.810705  0.540217   0.75516
-0.665908  0.533113  0.521879 0.0555301
-0.711086 -0.241966 -0.660158   1.42246
        0         0         0         1

 -0.21357 -0.810987  0.544691  0.760793
-0.664107  0.529437  0.527882  0.054675
-0.716484 -0.248993 -0.651654   1.40923
        0         0         0         1

-0.206441 -0.811982  0.545955  0.763677
-0.664808  0.525801  0.530625 0.0539194
-0.717922 -0.253412  -0.64836   1.40302
        0         0         0         1

-0.201543 -0.813108   0.54611   0.76709
-0.663652  0.523424   0.53441 0.0536579
 -0.72038  -0.25472 -0.645113   1.39824
        0         0         0         1

-0.195788 -0.813686  0.547341  0.770115
-0.664398  0.520586  0.536252 0.0530293
-0.721279  -0.25866 -0.642536   1.39311
        0         0         0         1

-0.188706 -0.817588  0.544003  0.774855
-0.666643  0.513412  0.540365 0.0507687
-0.721094 -0.260685 -0.641924   1.38663
        0         0         0         1

-0.187997 -0.819756  0.540977  0.777904
-0.670015  0.509776  0.539637 0.0489339
-0.718148 -0.261013 -0.645086   1.38471
        0         0         0         1

-0.185329 -0.823341  0.536436  0.779665
-0.674115  0.503714  0.540223 0.0465856
-0.714998   -0.2615  -0.64838   1.38386
        0         0         0         1

-0.181766 -0.826448  0.532865  0.781659
-0.676812  0.498258  0.541907 0.0440236
-0.713363 -0.262149 -0.649916   1.38394
        0         0         0         1

-0.177532 -0.829276   0.52989  0.784157
-0.681354  0.492094  0.541848 0.0411784
-0.710098 -0.264847 -0.652394   1.38314
        0         0         0         1

-0.170595 -0.833183  0.526025  0.786699
-0.685717  0.483757  0.543848 0.0385173
-0.707594 -0.267926 -0.653855   1.38446
        0         0         0         1

-0.153454 -0.845017  0.512249  0.794373
-0.697185   0.45995   0.54989 0.0322326
-0.700275 -0.272749 -0.659714   1.38834
        0         0         0         1

-0.146872 -0.851549  0.503282  0.798789
-0.703381  0.447647  0.552148 0.0295027
-0.695474 -0.272904  -0.66471   1.39078
        0         0         0         1

 -0.14298 -0.857101  0.494909  0.805005
-0.709448  0.437421  0.552582 0.0273044
-0.690102 -0.272104 -0.670611   1.39374
        0         0         0         1

-0.132414 -0.864419  0.485022  0.811735
-0.715521  0.421988  0.556737  0.025018
-0.685927 -0.273324 -0.674387   1.39647
        0         0         0         1

 -0.11027 -0.883706  0.454867   0.82976
-0.729428  0.382821  0.566907 0.0210314
-0.675112  -0.26928 -0.686813   1.40327
        0         0         0         1

-0.0999117 -0.893577  0.437649  0.840769
-0.736984  0.361972  0.570815 0.0196545
-0.668485  -0.26551 -0.694718   1.40675
        0         0         0         1

-0.0872356 -0.903562  0.419483  0.853605
-0.744304  0.338995  0.575408 0.0186056
-0.662119 -0.262027 -0.702097   1.41085
        0         0         0         1

-0.074305 -0.912371  0.402564  0.866985
-0.750988  0.316792  0.579362 0.0179598
-0.656122 -0.259271 -0.708719   1.41427
        0         0         0         1

-0.0589759 -0.920861  0.385405  0.881497
-0.758088  0.292501  0.582877 0.0177491
 -0.64948 -0.257795 -0.715344   1.41742
        0         0         0         1

-0.0424133 -0.928081  0.369954   0.89668
-0.763465  0.268955  0.587183 0.0177937
-0.644455 -0.257543 -0.719965   1.42059
        0         0         0         1

-0.00590051 -0.939863  0.341501  0.931848
-0.775253  0.220007  0.592097 0.0190076
-0.631623 -0.261256  -0.72993   1.42548
        0         0         0         1

0.0110253 -0.944192  0.329211  0.951152
-0.780007  0.197883  0.593659 0.0201045
-0.625674 -0.263332 -0.734294   1.42776
        0         0         0         1

0.0308198 -0.948409  0.315547  0.972234
-0.783705  0.173012  0.596551 0.0216337
-0.620368 -0.265681 -0.737941   1.42961
        0         0         0         1

0.0510793 -0.951749  0.302597  0.992831
-0.787054   0.14815   0.59883 0.0233783
-0.614765 -0.268748 -0.741511   1.43169
        0         0         0         1

0.0896262 -0.957119  0.275481   1.03897
-0.795324 0.0977165  0.598257 0.0280118
-0.599522 -0.272716 -0.752462   1.43423
        0         0         0         1

 0.108798 -0.958797  0.262435   1.06225
-0.797139 0.0735814  0.599296 0.0305176
-0.593914 -0.274399 -0.756288   1.43573
        0         0         0         1

 0.127714 -0.959932   0.24944   1.08701
 -0.79958 0.0491527  0.598544  0.033389
-0.586822  -0.27589 -0.761265   1.43678
        0         0         0         1

 0.146696 -0.960202   0.23768   1.11153
-0.801581 0.0253995  0.597347 0.0359749
-0.579611 -0.278148 -0.765954   1.43792
        0         0         0         1

   0.16498  -0.960176   0.225484    1.13737
  -0.80438 0.00130931   0.594114  0.0390492
  -0.57075  -0.279392   -0.77213    1.43822
         0          0          0          1

  0.179827  -0.959801   0.215511    1.16324
 -0.807193 -0.0187595   0.589989  0.0417836
 -0.562229  -0.280055  -0.778118    1.43837
         0          0          0          1

  0.211819  -0.957642   0.195075    1.21645
 -0.809436 -0.0600482   0.584129  0.0481439
 -0.547673  -0.281631   -0.78787     1.4373
         0          0          0          1

  0.225628  -0.956232    0.18631    1.24281
 -0.810525 -0.0781514   0.580467  0.0513797
 -0.540501  -0.281978  -0.792684     1.4356
         0          0          0          1

  0.238948  -0.954592   0.177924     1.2707
  -0.81013 -0.0949602   0.578509  0.0545906
 -0.535344  -0.282375  -0.796034    1.43416
         0          0          0          1

  0.25421 -0.952465  0.167893   1.29604
-0.808166 -0.113839  0.577848 0.0582721
-0.531267  -0.28258 -0.798689   1.43244
        0         0         0         1

 0.275847 -0.949282  0.150907   1.34926
-0.808888 -0.144447  0.569943  0.064058
-0.519239 -0.279284 -0.807708   1.42675
        0         0         0         1

 0.288048 -0.947129  0.141334   1.37349
-0.807521 -0.160909  0.567467 0.0674768
-0.514722 -0.277588 -0.811176   1.42399
        0         0         0         1

 0.300062 -0.944845  0.131265   1.39815
-0.807852 -0.178521  0.561698 0.0709547
-0.507284 -0.274587 -0.816863   1.41966
        0         0         0         1

  0.30582 -0.943982  0.123983     1.423
-0.807525 -0.188193  0.559005 0.0730477
-0.504358 -0.271074 -0.819842   1.41652
        0         0         0         1

 0.314403 -0.942411   0.11407   1.44699
-0.807155 -0.202144  0.554651 0.0759915
-0.499651 -0.266456 -0.824227   1.41122
        0         0         0         1

 0.321223 -0.941004  0.106426   1.47013
  -0.8064 -0.212875  0.551727 0.0781795
-0.496522 -0.263049 -0.827207   1.40686
        0         0         0         1

 0.338056 -0.936718 0.0909771   1.51346
-0.800799  -0.23552  0.550683 0.0848596
-0.494408 -0.259016 -0.829742   1.39699
        0         0         0         1

  0.34258 -0.935737 0.0838817   1.53399
-0.799012 -0.243227  0.549927 0.0872269
-0.494185 -0.255417  -0.83099   1.39153
        0         0         0         1

 0.348057 -0.934309 0.0769668   1.55398
-0.796223 -0.251279  0.550352 0.0902052
-0.494859 -0.252837 -0.831377   1.38591
        0         0         0         1

 0.351635 -0.933458 0.0707777   1.57233
-0.795054 -0.257871  0.548992 0.0925173
-0.494209 -0.249317 -0.832826   1.38016
        0         0         0         1

 0.361494 -0.930592 0.0576331   1.60765
-0.790277 -0.273014  0.548566 0.0984911
-0.494756  -0.24385 -0.834118   1.36911
        0         0         0         1

 0.360384 -0.931265 0.0535677   1.62381
-0.790582 -0.274454  0.547408 0.0995709
 -0.49508 -0.239626  -0.83515   1.36327
        0         0         0         1

 0.367159 -0.928751 0.0511465   1.63838
-0.788264 -0.281487  0.547179  0.103294
-0.493796 -0.241219 -0.835451   1.35859
        0         0         0         1

 0.370339 -0.927356  0.053469   1.65123
-0.788123 -0.283228  0.546483  0.105382
 -0.49164 -0.244524 -0.835762   1.35465
        0         0         0         1

 0.368064 -0.928176 0.0549432   1.66564
-0.789938 -0.280984  0.545019  0.105829
-0.490435 -0.244003 -0.836622   1.35071
        0         0         0         1

 0.367736 -0.928366 0.0539194   1.67677
-0.790493 -0.281531  0.543931  0.107836
-0.489787 -0.242646 -0.837396   1.34533
        0         0         0         1

 0.368822  -0.92795 0.0536615   1.69668
-0.788336 -0.281702  0.546965  0.112441
-0.492439 -0.244036 -0.835434    1.3369
        0         0         0         1

 0.365926 -0.929082 0.0538982   1.70644
 -0.78897 -0.278983  0.547444  0.112898
-0.493584 -0.242848 -0.835105   1.33109
        0         0         0         1

 0.364339 -0.929761 0.0529252   1.71475
-0.788113 -0.277559  0.549398  0.114733
-0.496119 -0.241878 -0.833883   1.32541
        0         0         0         1

 0.361994 -0.930683 0.0528143   1.72254
-0.787678 -0.275089  0.551262  0.115327
-0.498522 -0.241154 -0.832659    1.3203
        0         0         0         1

 0.357994 -0.932274 0.0520137   1.73403
-0.785523 -0.270591  0.556538  0.119467
-0.504772 -0.240095 -0.829192   1.31054
        0         0         0         1

 0.354243 -0.933712 0.0519011   1.74085
-0.785882 -0.267158  0.557688  0.119641
-0.506854 -0.238345 -0.828427   1.30519
        0         0         0         1

 0.352021 -0.934604 0.0509603    1.7449
 -0.78475 -0.265028  0.560293  0.121361
-0.510146 -0.237226 -0.826726   1.30103
        0         0         0         1

  0.34727 -0.936501 0.0486658   1.74911
 -0.78558 -0.262181  0.560468  0.122076
 -0.51212 -0.232865 -0.826745   1.29523
        0         0         0         1

 0.341494 -0.938724 0.0466758   1.75273
-0.786773 -0.258342  0.560578  0.122491
 -0.51417 -0.228157 -0.826785   1.29026
        0         0         0         1

 0.339558 -0.939497 0.0452369   1.75468
-0.786532  -0.25724  0.561422  0.124027
-0.515817 -0.226216 -0.826293    1.2879
        0         0         0         1

 0.328731 -0.943609 0.0392123    1.7596
-0.788034 -0.251176  0.562061  0.124764
-0.520517 -0.215668 -0.826165   1.28029
        0         0         0         1

  0.32006 -0.946738 0.0353407   1.76109
-0.790141 -0.246167  0.561319  0.124641
-0.522722  -0.20758 -0.826845   1.27525
        0         0         0         1

 0.317477 -0.947758 0.0310241   1.76218
-0.789343 -0.245999  0.562514  0.125946
-0.525495 -0.203074 -0.826206   1.27229
        0         0         0         1

 0.312123 -0.949642 0.0275537   1.76305
-0.789163 -0.243011  0.564063  0.126814
-0.528962 -0.197801 -0.825272     1.269
        0         0         0         1

 0.301218 -0.953326 0.0209112   1.76445
-0.789881  -0.23717  0.565542  0.127816
-0.534186 -0.186869 -0.824454    1.2623
        0         0         0         1

 0.296457 -0.954915 0.0158433   1.76415
 -0.79024  -0.23595  0.565552  0.128555
-0.536316 -0.180182 -0.824561   1.25825
        0         0         0         1

 0.299294 -0.954048  0.014693   1.76376
-0.788777 -0.238723   0.56643  0.130742
-0.536894 -0.181118 -0.823979   1.25796
        0         0         0         1

  0.293266  -0.955981 0.00974957    1.76563
 -0.791869  -0.237183    0.56275   0.129964
 -0.535666  -0.172756   -0.82657    1.25726
         0          0          0          1

  0.290505  -0.956856 0.00577696    1.76648
 -0.795005  -0.237998   0.557964   0.129694
 -0.532516  -0.166684  -0.829845    1.25759
         0          0          0          1

  0.289716  -0.957106 0.00342638    1.76593
 -0.796837  -0.239217   0.554821   0.130726
 -0.530203  -0.163471  -0.831963    1.25767
         0          0          0          1

   0.28283  -0.959169 0.00175513    1.76646
 -0.800194  -0.234943   0.551807   0.130779
 -0.528864  -0.157472   -0.83397    1.25814
         0          0          0          1

  0.279343  -0.960191 0.00103368     1.7658
 -0.801589  -0.232609   0.550771   0.130629
 -0.528605  -0.154683  -0.834656     1.2579
         0          0          0          1

   0.277698   -0.960668 0.000466793     1.76519
  -0.800967   -0.231265     0.55224    0.131634
  -0.530412    -0.15373   -0.833685     1.25879
          0           0           0           1

    0.274782    -0.961506 -0.000745037      1.76405
   -0.801974    -0.229618     0.551465      0.13228
   -0.530408    -0.150935    -0.834198      1.26001
           0            0            0            1

   0.264741   -0.964282 -0.00850698     1.76158
  -0.806804   -0.226321    0.545753    0.132613
  -0.528185    -0.13762   -0.837903     1.26298
          0           0           0           1

  0.260065  -0.965533 -0.0106015    1.76129
 -0.810514  -0.224252   0.541089   0.131737
 -0.524817  -0.132126  -0.840898    1.26605
         0          0          0          1

  0.258995  -0.965773 -0.0142989    1.75998
 -0.814068  -0.226232   0.534896   0.132184
 -0.519822  -0.126895  -0.844797    1.26915
         0          0          0          1

  0.262316   -0.96483 -0.0171214    1.75745
 -0.814877  -0.230981   0.531623   0.135051
 -0.516881  -0.125502  -0.846808    1.27553
         0          0          0          1

  0.261832  -0.964983 -0.0159045    1.75506
 -0.817401  -0.230489   0.527948   0.136513
 -0.513127  -0.125233  -0.849127    1.28343
         0          0          0          1

 0.262244 -0.964891 -0.014624   1.75277
-0.820131 -0.230835  0.523545  0.138008
 -0.50854 -0.125303 -0.851872   1.29031
        0         0         0         1

   0.261192   -0.965249 -0.00849627     1.74875
  -0.826073   -0.228068    0.515353    0.140573
  -0.499382   -0.127588   -0.856936     1.30528
          0           0           0           1

   0.264938   -0.964259 -0.00353341     1.74428
  -0.827068   -0.229124    0.513285    0.143786
  -0.495749   -0.133066   -0.858211     1.31588
          0           0           0           1

   0.2651 -0.964217 0.0027729   1.74215
-0.830687 -0.226925  0.508394  0.144681
-0.489573 -0.137078  -0.86112   1.32624
        0         0         0         1

  0.269176  -0.963058 0.00795124    1.73782
 -0.833452  -0.228798   0.503001   0.147543
   -0.4826  -0.142023  -0.864249    1.33741
         0          0          0          1

 0.272597 -0.961997 0.0158591    1.7339
-0.837511 -0.229144  0.496053  0.150121
-0.473568 -0.148505 -0.868147   1.35081
        0         0         0         1

 0.278789 -0.960089 0.0224815   1.72799
-0.840959 -0.232758  0.488479  0.154027
-0.463751 -0.155089 -0.872286   1.36438
        0         0         0         1

 0.287355 -0.956957 0.0407545   1.71481
-0.849623 -0.235018   0.47213  0.161006
 -0.44223 -0.170295 -0.880586   1.39413
        0         0         0         1

 0.288393 -0.956031 0.0532386   1.70793
-0.854037 -0.231689  0.465769  0.163757
-0.432955 -0.179793 -0.883303   1.40924
        0         0         0         1

 0.295255 -0.953036 0.0674354   1.69858
-0.856197 -0.232612  0.461323  0.168949
-0.423971 -0.193946 -0.884666   1.42724
        0         0         0         1

 0.297922 -0.950717 0.0859092   1.69083
-0.860663  -0.22859  0.454979  0.172598
-0.412918 -0.209487 -0.886349   1.44593
        0         0         0         1

 0.296544 -0.947205  0.121923   1.67085
 -0.87136   -0.2161  0.440491  0.181125
-0.390887 -0.236864  -0.88944   1.48246
        0         0         0         1

 0.302001 -0.942526  0.142967   1.65931
-0.873546 -0.213552  0.437394   0.18635
-0.381724 -0.256982 -0.887833   1.50455
        0         0         0         1

 0.306925 -0.938237  0.159714   1.64292
-0.877208 -0.213781  0.429888  0.194188
-0.369193 -0.272046 -0.888644   1.52417
        0         0         0         1

 0.302686 -0.936284  0.178194   1.63089
-0.883467 -0.205481  0.421028  0.198218
-0.357586 -0.284868 -0.889372   1.54468
        0         0         0         1

 0.309342 -0.930457   0.19636   1.61342
-0.886276 -0.207242  0.414204   0.20672
-0.344705  -0.30216 -0.888751   1.56816
        0         0         0         1

 0.302462 -0.928387  0.215903   1.60024
-0.892319 -0.196164  0.406554  0.210575
-0.335087 -0.315621  -0.88775   1.59222
        0         0         0         1

 0.294818 -0.921326  0.253458   1.56661
-0.902935 -0.181799  0.389433  0.222912
-0.312716 -0.343668 -0.885495   1.64119
        0         0         0         1

 0.290184 -0.918653  0.268085   1.54763
-0.908672 -0.176633  0.378306  0.229757
-0.300179  -0.35338 -0.886011    1.6648
        0         0         0         1

 0.278969 -0.917431  0.283719   1.52953
 -0.91598 -0.165494  0.365503  0.235791
 -0.28837 -0.361845 -0.886516   1.69098
        0         0         0         1

 0.276243 -0.913539  0.298556   1.50793
-0.920463 -0.162115  0.355621   0.24382
-0.276473 -0.373047 -0.885663    1.7169
        0         0         0         1

 0.251809 -0.911246  0.325918   1.46571
-0.935018 -0.142195  0.324841  0.258899
-0.249666 -0.386537 -0.887838   1.76956
        0         0         0         1

 0.243286 -0.909497  0.337086   1.44241
-0.940994 -0.137022  0.309445   0.26807
-0.235251 -0.392479 -0.889166   1.79512
        0         0         0         1

 0.231121 -0.907876  0.349778   1.41896
-0.946158 -0.125987  0.298181  0.275966
-0.226644 -0.399861 -0.888112   1.82571
        0         0         0         1

 0.213403 -0.907996  0.360558   1.39598
-0.952562 -0.111414  0.283217   0.28384
-0.216989 -0.403894 -0.888699   1.85335
        0         0         0         1

  0.194641  -0.907977   0.371069    1.37271
 -0.959151 -0.0970076   0.265743   0.292741
 -0.205293  -0.407635  -0.889769    1.88076
         0          0          0          1

  0.168196   -0.91051   0.377731    1.35295
 -0.966214 -0.0763606    0.24617   0.301292
 -0.195297  -0.406374  -0.892591    1.90523
         0          0          0          1

  0.122961  -0.909832   0.396341    1.30409
 -0.975428 -0.0372313    0.21715   0.320493
 -0.182813  -0.413303  -0.892054    1.96104
         0          0          0          1

0.0992665 -0.909555  0.403554   1.27897
-0.979817 -0.018631  0.199025  0.331468
-0.173505 -0.415166 -0.893047   1.98477
        0         0         0         1

  0.0788823   -0.908683    0.409967     1.25002
  -0.983937 -0.00490533    0.178448    0.345993
  -0.160142   -0.417458   -0.894474     2.00953
          0           0           0           1

0.0553098 -0.905553  0.420611   1.22257
-0.986673 0.0149931  0.162026  0.358544
-0.153029 -0.423967 -0.892655   2.03653
        0         0         0         1

-0.00139923 -0.901485  0.432809    1.1692
-0.990527 0.0606792  0.123185  0.385954
-0.137312 -0.428536  -0.89303   2.08689
        0         0         0         1

-0.0331565 -0.898901  0.436896   1.14307
-0.992095 0.0825385 0.0945292   0.40196
-0.121033 -0.430308 -0.894531   2.10656
        0         0         0         1

-0.0675135 -0.897352  0.436122   1.12136
-0.990717  0.111991 0.0770617  0.415555
-0.117993  -0.42687 -0.896582   2.13587
        0         0         0         1

-0.0938419 -0.891358   0.44348   1.09109
-0.989824  0.131392 0.0546372  0.433165
-0.106971  -0.43384 -0.894617   2.15684
        0         0         0         1

 -0.174909   -0.88126   0.439075    1.05062
  -0.98029   0.197479 0.00584931   0.468147
-0.0918626  -0.429397  -0.898431    2.20567
         0          0          0          1

 -0.211737  -0.873837   0.437694     1.0267
 -0.974842   0.220751 -0.0308653   0.492748
-0.0696503  -0.433218  -0.898594    2.21845
         0          0          0          1

 -0.234858  -0.866256   0.440955   0.990843
 -0.969238   0.243054 -0.0387493   0.507897
 -0.073609  -0.436491  -0.896692    2.24719
         0          0          0          1

 -0.277603  -0.854916    0.43824   0.969566
 -0.958231   0.279057 -0.0626103   0.524043
-0.0687673  -0.437316  -0.896675    2.27507
         0          0          0          1

 -0.306873  -0.847207    0.43367   0.936812
 -0.950269   0.298149 -0.0899712   0.549344
-0.0530742  -0.439713  -0.896569    2.29088
         0          0          0          1

-0.347642 -0.835879  0.424795  0.918887
-0.936552  0.331255 -0.114633  0.571206
-0.044896 -0.437694 -0.898002    2.3156
        0         0         0         1

-0.425374 -0.815864  0.391691  0.878281
-0.904861   0.39145 -0.167312  0.621333
-0.0168235 -0.425596 -0.904757   2.35049
        0         0         0         1

-0.445687 -0.804262  0.393098  0.839402
-0.895026  0.408714 -0.178552  0.644254
-0.017062 -0.431411 -0.901994   2.36874
        0         0         0         1

-0.490195 -0.792411  0.363034  0.832732
-0.871575  0.441758 -0.212618   0.67633
0.00810798 -0.420636 -0.907193   2.38708
        0         0         0         1

-0.530382  -0.77835  0.335955  0.824875
-0.847481  0.476659 -0.233605  0.703164
0.0216904 -0.408615 -0.912449   2.40843
        0         0         0         1

-0.597097 -0.753169  0.276063  0.793625
-0.800423  0.536713 -0.266949  0.762202
0.0528914 -0.380362 -0.923324   2.44837
        0         0         0         1

-0.641345 -0.729263  0.238435  0.791689
-0.761932   0.56883 -0.309664  0.807033
0.0901972 -0.380273 -0.920466   2.44657
        0         0         0         1

-0.660955  -0.71965  0.212701  0.772277
-0.745219  0.596123 -0.298806  0.821514
0.0882393 -0.356006 -0.930308   2.47659
        0         0         0         1

-0.696212 -0.698687  0.164699  0.771162
-0.707616  0.629414  -0.32112  0.860124
 0.120698 -0.340111 -0.932607   2.48931
        0         0         0         1

-0.722492 -0.680598   0.12162  0.764919
-0.676857  0.660422 -0.325126  0.894886
  0.14096  -0.31722 -0.937817    2.5077
        0         0         0         1

-0.754612 -0.653039 0.0640345   0.77694
-0.632728  0.698327 -0.334656  0.930607
 0.173826 -0.293052 -0.940162   2.52016
        0         0         0         1

 -0.801598  -0.596492 -0.0404555   0.788182
 -0.549606   0.761841  -0.342829     1.0119
  0.235315  -0.252576  -0.938526    2.54187
         0          0          0          1

