-0.278967  0.920701  0.272923  0.508648
-0.592669 -0.388692  0.705452  0.861156
 0.755593 0.0350448  0.654103   2.60938
        0         0         0         1

-0.278967  0.920701  0.272923  0.508648
-0.592669 -0.388692  0.705452  0.861156
 0.755593 0.0350448  0.654103   2.60938
        0         0         0         1

-0.231626  0.962002  0.144571  0.425399
-0.653755 -0.263983  0.709167    0.7689
 0.720384 0.0697473  0.690059   2.57776
        0         0         0         1

-0.231626  0.962002  0.144571  0.425399
-0.653755 -0.263983  0.709167    0.7689
 0.720384 0.0697473  0.690059   2.57776
        0         0         0         1

-0.195366  0.976049 0.0957088  0.409411
 -0.69368 -0.206511  0.690045  0.704048
 0.693283 0.0684198  0.717411   2.57516
        0         0         0         1

-0.195366  0.976049 0.0957088  0.409411
 -0.69368 -0.206511  0.690045  0.704048
 0.693283 0.0684198  0.717411   2.57516
        0         0         0         1

-0.163352  0.985936 0.0352961  0.382209
-0.720777 -0.143696  0.678109  0.652363
 0.673644 0.0853299  0.734113   2.55737
        0         0         0         1

-0.163352  0.985936 0.0352961  0.382209
-0.720777 -0.143696  0.678109  0.652363
 0.673644 0.0853299  0.734113   2.55737
        0         0         0         1

 -0.124686   0.990894 -0.0508132    0.34897
 -0.759798 -0.0624207   0.647156   0.567831
  0.638091   0.119299   0.760663    2.53163
         0          0          0          1

 -0.124686   0.990894 -0.0508132    0.34897
 -0.759798 -0.0624207   0.647156   0.567831
  0.638091   0.119299   0.760663    2.53163
         0          0          0          1

-0.101223  0.988743 -0.110189  0.324134
-0.782177  -0.01065  0.622966  0.516904
 0.614779  0.149246  0.774449   2.50788
        0         0         0         1

-0.101223  0.988743 -0.110189  0.324134
-0.782177  -0.01065  0.622966  0.516904
 0.614779  0.149246  0.774449   2.50788
        0         0         0         1

-0.0708181  0.981585 -0.177413  0.309042
 -0.79944 0.0505179  0.598618  0.455991
 0.596557  0.184224  0.781141   2.46904
        0         0         0         1

-0.0708181  0.981585 -0.177413  0.309042
 -0.79944 0.0505179  0.598618  0.455991
 0.596557  0.184224  0.781141   2.46904
        0         0         0         1

-0.0524459  0.970459 -0.235496  0.284525
 -0.80873 0.0970678  0.580115  0.413426
 0.585837  0.220877  0.779749   2.44014
        0         0         0         1

-0.0524459  0.970459 -0.235496  0.284525
 -0.80873 0.0970678  0.580115  0.413426
 0.585837  0.220877  0.779749   2.44014
        0         0         0         1

-0.0400504  0.960722 -0.274606  0.281827
-0.821174  0.124929  0.556836  0.368594
 0.569271  0.247801  0.783917   2.42069
        0         0         0         1

-0.0400504  0.960722 -0.274606  0.281827
-0.821174  0.124929  0.556836  0.368594
 0.569271  0.247801  0.783917   2.42069
        0         0         0         1

-0.0133975 0.940918 -0.33837 0.267285
-0.846013 0.169715 0.505429 0.300908
0.532994 0.293037 0.793755  2.38146
       0        0        0        1

-0.0133975 0.940918 -0.33837 0.267285
-0.846013 0.169715 0.505429 0.300908
0.532994 0.293037 0.793755  2.38146
       0        0        0        1

0.00216023  0.930841 -0.365417  0.262686
-0.855915  0.190684  0.480676  0.266631
 0.517112  0.311727  0.797133   2.34913
        0         0         0         1

0.00216023  0.930841 -0.365417  0.262686
-0.855915  0.190684  0.480676  0.266631
 0.517112  0.311727  0.797133   2.34913
        0         0         0         1

0.0224436  0.917869 -0.396249  0.260147
-0.872126  0.211746   0.44109  0.215901
 0.488767  0.335679  0.805249   2.30107
        0         0         0         1

0.0224436  0.917869 -0.396249  0.260147
-0.872126  0.211746   0.44109  0.215901
 0.488767  0.335679  0.805249   2.30107
        0         0         0         1

0.0329157  0.905397 -0.423288  0.261553
 -0.88254  0.225103  0.412858  0.184438
 0.469084  0.359979  0.806459   2.27549
        0         0         0         1

0.0329157  0.905397 -0.423288  0.261553
 -0.88254  0.225103  0.412858  0.184438
 0.469084  0.359979  0.806459   2.27549
        0         0         0         1

0.0368713  0.894882 -0.444776  0.257305
-0.884441  0.236411  0.402335   0.17165
 0.465193  0.378544  0.800188   2.25526
        0         0         0         1

0.0477217  0.878119 -0.476057  0.262165
-0.894515  0.249653  0.370832  0.142981
 0.444484  0.408143  0.797404   2.22471
        0         0         0         1

0.0589911  0.865625 -0.497205  0.267522
-0.906962  0.254565  0.335585  0.113667
 0.417062  0.431149  0.800106   2.19636
        0         0         0         1

0.0589911  0.865625 -0.497205  0.267522
-0.906962  0.254565  0.335585  0.113667
 0.417062  0.431149  0.800106   2.19636
        0         0         0         1

0.0655735  0.856401  -0.51213  0.272177
-0.912448  0.259207  0.316624 0.0955672
 0.403905   0.44653  0.798418   2.15744
        0         0         0         1

0.0655735  0.856401  -0.51213  0.272177
-0.912448  0.259207  0.316624 0.0955672
 0.403905   0.44653  0.798418   2.15744
        0         0         0         1

 0.078987  0.841989 -0.533682  0.280589
-0.926115   0.26008  0.273259 0.0611015
  0.36888  0.472667  0.800321   2.10949
        0         0         0         1

 0.078987  0.841989 -0.533682  0.280589
-0.926115   0.26008  0.273259 0.0611015
  0.36888  0.472667  0.800321   2.10949
        0         0         0         1

0.0759166  0.836375 -0.542875  0.294722
-0.934875  0.249045  0.252954 0.0479945
 0.346765  0.488317  0.800812   2.07752
        0         0         0         1

0.0759166  0.836375 -0.542875  0.294722
-0.934875  0.249045  0.252954 0.0479945
 0.346765  0.488317  0.800812   2.07752
        0         0         0         1

 0.087303  0.818065 -0.568461  0.295653
-0.944055  0.250113  0.214949 0.0255004
 0.318022  0.517893  0.794134   2.04215
        0         0         0         1

 0.087303  0.818065 -0.568461  0.295653
-0.944055  0.250113  0.214949 0.0255004
 0.318022  0.517893  0.794134   2.04215
        0         0         0         1

 0.0892066   0.808891  -0.581152   0.311196
 -0.955253   0.234692    0.18003 0.00874042
  0.282016   0.539088   0.793632    1.98728
         0          0          0          1

 0.0892066   0.808891  -0.581152   0.311196
 -0.955253   0.234692    0.18003 0.00874042
  0.282016   0.539088   0.793632    1.98728
         0          0          0          1

  0.0939649    0.805549   -0.585031    0.320502
  -0.961368    0.226132    0.156959 -0.00075042
   0.258732    0.547681    0.795678     1.95015
          0           0           0           1

  0.0939649    0.805549   -0.585031    0.320502
  -0.961368    0.226132    0.156959 -0.00075042
   0.258732    0.547681    0.795678     1.95015
          0           0           0           1

  0.104647   0.802904  -0.586851   0.333791
 -0.970034   0.212515   0.117779 -0.0144939
   0.21928    0.55694   0.801083    1.89671
         0          0          0          1

  0.104647   0.802904  -0.586851   0.333791
 -0.970034   0.212515   0.117779 -0.0144939
   0.21928    0.55694   0.801083    1.89671
         0          0          0          1

  0.109604    0.80003  -0.589863   0.341837
 -0.975871   0.199358  0.0890591 -0.0234121
  0.188844   0.565869   0.802577    1.86286
         0          0          0          1

  0.109604    0.80003  -0.589863   0.341837
 -0.975871   0.199358  0.0890591 -0.0234121
  0.188844   0.565869   0.802577    1.86286
         0          0          0          1

  0.108307   0.794716   -0.59724   0.349888
 -0.980643   0.183987  0.0669865 -0.0279391
   0.16312   0.578425    0.79926    1.82652
         0          0          0          1

  0.108307   0.794716   -0.59724   0.349888
 -0.980643   0.183987  0.0669865 -0.0279391
   0.16312   0.578425    0.79926    1.82652
         0          0          0          1

  0.109525   0.793498  -0.598636   0.362344
 -0.986374   0.161144  0.0331346 -0.0314194
  0.122759    0.58685   0.800336    1.77166
         0          0          0          1

  0.109525   0.793498  -0.598636   0.362344
 -0.986374   0.161144  0.0331346 -0.0314194
  0.122759    0.58685   0.800336    1.77166
         0          0          0          1

  0.115784   0.796221  -0.593823    0.36961
 -0.988335   0.151903  0.0109713 -0.0327411
  0.098939   0.585626   0.804521    1.73576
         0          0          0          1

  0.115784   0.796221  -0.593823    0.36961
 -0.988335   0.151903  0.0109713 -0.0327411
  0.098939   0.585626   0.804521    1.73576
         0          0          0          1

  0.124198   0.805033  -0.580083   0.383654
   -0.9906   0.134374 -0.0256074 -0.0330669
 0.0573334   0.577811   0.814155    1.68659
         0          0          0          1

  0.124198   0.805033  -0.580083   0.383654
   -0.9906   0.134374 -0.0256074 -0.0330669
 0.0573334   0.577811   0.814155    1.68659
         0          0          0          1

  0.127807   0.809684  -0.572781   0.392736
 -0.991252   0.123466 -0.0466493 -0.0308889
 0.0329479   0.573732    0.81838    1.65441
         0          0          0          1

  0.127807   0.809684  -0.572781   0.392736
 -0.991252   0.123466 -0.0466493 -0.0308889
 0.0329479   0.573732    0.81838    1.65441
         0          0          0          1

  0.131017    0.81106  -0.570102   0.400212
 -0.991315   0.113744 -0.0659993 -0.0275662
 0.0113162   0.573798   0.818919    1.62132
         0          0          0          1

  0.131017    0.81106  -0.570102   0.400212
 -0.991315   0.113744 -0.0659993 -0.0275662
 0.0113162   0.573798   0.818919    1.62132
         0          0          0          1

  0.140616   0.819238  -0.555945   0.411299
 -0.989872   0.105264 -0.0952533 -0.0231866
 -0.019514   0.563709   0.825743     1.5772
         0          0          0          1

  0.140616   0.819238  -0.555945   0.411299
 -0.989872   0.105264 -0.0952533 -0.0231866
 -0.019514   0.563709   0.825743     1.5772
         0          0          0          1

  0.141882   0.826124  -0.545334   0.418944
 -0.989185  0.0976392  -0.109448 -0.0182395
-0.0371713   0.554965   0.831043    1.55027
         0          0          0          1

  0.141882   0.826124  -0.545334   0.418944
 -0.989185  0.0976392  -0.109448 -0.0182395
-0.0371713   0.554965   0.831043    1.55027
         0          0          0          1

  0.145639   0.831093  -0.536724   0.424602
 -0.987843  0.0923505  -0.125049 -0.0141234
-0.0543609   0.548411    0.83444    1.52467
         0          0          0          1

  0.145639   0.831093  -0.536724   0.424602
 -0.987843  0.0923505  -0.125049 -0.0141234
-0.0543609   0.548411    0.83444    1.52467
         0          0          0          1

   0.154623    0.835823   -0.526774    0.430669
  -0.985079   0.0896459   -0.146909 -0.00788279
 -0.0755669     0.54163    0.837214     1.48742
          0           0           0           1

   0.154623    0.835823   -0.526774    0.430669
  -0.985079   0.0896459   -0.146909 -0.00788279
 -0.0755669     0.54163    0.837214     1.48742
          0           0           0           1

   0.154387    0.842597   -0.515941    0.436043
   -0.98387   0.0833566   -0.158275 -0.00148453
 -0.0903546    0.532055    0.841875     1.46472
          0           0           0           1

   0.154387    0.842597   -0.515941    0.436043
   -0.98387   0.0833566   -0.158275 -0.00148453
 -0.0903546    0.532055    0.841875     1.46472
          0           0           0           1

  0.162293   0.854126  -0.494095   0.442307
  -0.98103  0.0858641  -0.173803 0.00706764
 -0.106025   0.512929   0.851858    1.43283
         0          0          0          1

  0.162293   0.854126  -0.494095   0.442307
  -0.98103  0.0858641  -0.173803 0.00706764
 -0.106025   0.512929   0.851858    1.43283
         0          0          0          1

 0.171054  0.862371 -0.476505  0.444721
-0.977899  0.089584 -0.188914 0.0123366
-0.120227  0.498288  0.858635   1.41592
        0         0         0         1

 0.171054  0.862371 -0.476505  0.444721
-0.977899  0.089584 -0.188914 0.0123366
-0.120227  0.498288  0.858635   1.41592
        0         0         0         1

 0.177609  0.868209 -0.463322  0.448071
-0.975751  0.094161 -0.197596 0.0179771
-0.127928  0.487182   0.86388   1.39705
        0         0         0         1

 0.177609  0.868209 -0.463322  0.448071
-0.975751  0.094161 -0.197596 0.0179771
-0.127928  0.487182   0.86388   1.39705
        0         0         0         1

 0.184852  0.877769 -0.441985  0.453463
-0.972481  0.098478 -0.211148 0.0278753
-0.141813  0.468853  0.871818   1.37214
        0         0         0         1

 0.184852  0.877769 -0.441985  0.453463
-0.972481  0.098478 -0.211148 0.0278753
-0.141813  0.468853  0.871818   1.37214
        0         0         0         1

 0.196799  0.882962 -0.426201   0.45438
-0.968334  0.106934 -0.225596 0.0320119
-0.153618  0.457102  0.876047   1.35718
        0         0         0         1

 0.196799  0.882962 -0.426201   0.45438
-0.968334  0.106934 -0.225596 0.0320119
-0.153618  0.457102  0.876047   1.35718
        0         0         0         1

 0.210571  0.889828 -0.404803  0.457191
-0.963482  0.118838 -0.239959 0.0391372
-0.165417  0.440549  0.882357   1.33595
        0         0         0         1

 0.210571  0.889828 -0.404803  0.457191
-0.963482  0.118838 -0.239959 0.0391372
-0.165417  0.440549  0.882357   1.33595
        0         0         0         1

 0.215751  0.894974 -0.390478  0.458968
-0.961509  0.125038 -0.244677 0.0429005
-0.170155  0.428238  0.887502   1.32623
        0         0         0         1

 0.215751  0.894974 -0.390478  0.458968
-0.961509  0.125038 -0.244677 0.0429005
-0.170155  0.428238  0.887502   1.32623
        0         0         0         1

 0.223817  0.897029 -0.381109  0.459371
-0.960218   0.13595 -0.243926 0.0444217
-0.166997  0.420543  0.891771   1.31814
        0         0         0         1

 0.223817  0.897029 -0.381109  0.459371
-0.960218   0.13595 -0.243926 0.0444217
-0.166997  0.420543  0.891771   1.31814
        0         0         0         1

 0.224973  0.895206 -0.384698  0.459053
-0.961559   0.14018 -0.236121 0.0438556
 -0.15745  0.423031  0.892331    1.3129
        0         0         0         1

 0.224973  0.895206 -0.384698  0.459053
-0.961559   0.14018 -0.236121 0.0438556
 -0.15745  0.423031  0.892331    1.3129
        0         0         0         1

  0.22464  0.890038 -0.396697  0.458668
-0.962229   0.13836 -0.234461 0.0424807
-0.153792  0.434383  0.887502    1.3118
        0         0         0         1

  0.22464  0.890038 -0.396697  0.458668
-0.962229   0.13836 -0.234461 0.0424807
-0.153792  0.434383  0.887502    1.3118
        0         0         0         1

 0.229187  0.880843 -0.414234  0.458792
-0.962016   0.14013 -0.234285 0.0397758
-0.148322  0.452194    0.8795   1.31071
        0         0         0         1

 0.229187  0.880843 -0.414234  0.458792
-0.962016   0.14013 -0.234285 0.0397758
-0.148322  0.452194    0.8795   1.31071
        0         0         0         1

 0.233421  0.878158 -0.417557  0.459627
-0.961261  0.143653 -0.235246 0.0377191
  -0.1466  0.456292  0.877671   1.31308
        0         0         0         1

 0.233421  0.878158 -0.417557  0.459627
-0.961261  0.143653 -0.235246 0.0377191
  -0.1466  0.456292  0.877671   1.31308
        0         0         0         1

 0.238394  0.876292 -0.418665  0.460933
-0.960603  0.149348 -0.234387 0.0357025
-0.142865  0.458048  0.877372   1.31366
        0         0         0         1

 0.238394  0.876292 -0.418665  0.460933
-0.960603  0.149348 -0.234387 0.0357025
-0.142865  0.458048  0.877372   1.31366
        0         0         0         1

 0.253626  0.871714 -0.419271  0.462891
-0.957191  0.163667 -0.238743 0.0324194
-0.139494  0.461874  0.875907   1.31483
        0         0         0         1

 0.253626  0.871714 -0.419271  0.462891
-0.957191  0.163667 -0.238743 0.0324194
-0.139494  0.461874  0.875907   1.31483
        0         0         0         1

 0.265844  0.866536 -0.422424  0.464676
-0.954438  0.174973 -0.241727  0.028885
-0.135553   0.46744  0.873571   1.31551
        0         0         0         1

 0.265844  0.866536 -0.422424  0.464676
-0.954438  0.174973 -0.241727  0.028885
-0.135553   0.46744  0.873571   1.31551
        0         0         0         1

 0.279937  0.863727 -0.419061  0.469531
-0.951803  0.192718 -0.238603 0.0235507
-0.125327  0.465657  0.876046   1.32069
        0         0         0         1

 0.279937  0.863727 -0.419061  0.469531
-0.951803  0.192718 -0.238603 0.0235507
-0.125327  0.465657  0.876046   1.32069
        0         0         0         1

 0.292614  0.861235 -0.415514  0.472729
-0.949469  0.210097 -0.233169 0.0188845
-0.113515  0.462746  0.879193   1.32693
        0         0         0         1

 0.292614  0.861235 -0.415514  0.472729
-0.949469  0.210097 -0.233169 0.0188845
-0.113515  0.462746  0.879193   1.32693
        0         0         0         1

 0.307185  0.859618 -0.408281  0.476447
-0.946561  0.231685 -0.224375 0.0127316
-0.0982838  0.455388  0.884852   1.33383
        0         0         0         1

 0.307185  0.859618 -0.408281  0.476447
-0.946561  0.231685 -0.224375 0.0127316
-0.0982838  0.455388  0.884852   1.33383
        0         0         0         1

  0.324667   0.859551  -0.394668   0.482962
  -0.94282   0.260857  -0.207472 0.00219638
-0.0753809   0.439461   0.895093    1.34739
         0          0          0          1

  0.324667   0.859551  -0.394668   0.482962
  -0.94282   0.260857  -0.207472 0.00219638
-0.0753809   0.439461   0.895093    1.34739
         0          0          0          1

     0.3409    0.853989   -0.393051    0.485075
  -0.938295    0.283189   -0.198511 -0.00833293
  -0.058219    0.436471    0.897833     1.35672
          0           0           0           1

     0.3409    0.853989   -0.393051    0.485075
  -0.938295    0.283189   -0.198511 -0.00833293
  -0.058219    0.436471    0.897833     1.35672
          0           0           0           1

 0.346827  0.849933 -0.396643  0.490654
-0.937084  0.296059 -0.184991 -0.025646
-0.0398005  0.435848   0.89914   1.37663
        0         0         0         1

 0.346827  0.849933 -0.396643  0.490654
-0.937084  0.296059 -0.184991 -0.025646
-0.0398005  0.435848   0.89914   1.37663
        0         0         0         1

  0.351502    0.84327  -0.406623   0.492211
 -0.935847   0.304789  -0.176903 -0.0400758
-0.0252429   0.442719   0.896305    1.38994
         0          0          0          1

  0.351502    0.84327  -0.406623   0.492211
 -0.935847   0.304789  -0.176903 -0.0400758
-0.0252429   0.442719   0.896305    1.38994
         0          0          0          1

  0.355371   0.837814  -0.414463   0.493829
 -0.934632    0.31222  -0.170241 -0.0562963
-0.0132261   0.447869   0.894001    1.40492
         0          0          0          1

  0.355371   0.837814  -0.414463   0.493829
 -0.934632    0.31222  -0.170241 -0.0562963
-0.0132261   0.447869   0.894001    1.40492
         0          0          0          1

  0.360806   0.830483  -0.424402   0.496543
 -0.932638   0.322421  -0.161959 -0.0827879
0.00233181   0.454249   0.890872    1.42494
         0          0          0          1

  0.360806   0.830483  -0.424402   0.496543
 -0.932638   0.322421  -0.161959 -0.0827879
0.00233181   0.454249   0.890872    1.42494
         0          0          0          1

 0.362429  0.828383 -0.427115  0.497911
-0.931936  0.327928 -0.154784 -0.101407
0.0118424  0.454142  0.890851   1.43781
        0         0         0         1

 0.362429  0.828383 -0.427115  0.497911
-0.931936  0.327928 -0.154784 -0.101407
0.0118424  0.454142  0.890851   1.43781
        0         0         0         1

  0.36368  0.827854 -0.427076  0.501005
-0.931324  0.332641 -0.148277 -0.130742
0.0193109  0.451672  0.891975   1.45371
        0         0         0         1

  0.36368  0.827854 -0.427076  0.501005
-0.931324  0.332641 -0.148277 -0.130742
0.0193109  0.451672  0.891975   1.45371
        0         0         0         1

 0.364545  0.826542 -0.428878  0.501814
-0.930919  0.334522 -0.146579 -0.151281
0.0223154  0.452685  0.891391   1.46112
        0         0         0         1

 0.364545  0.826542 -0.428878  0.501814
-0.930919  0.334522 -0.146579 -0.151281
0.0223154  0.452685  0.891391   1.46112
        0         0         0         1

 0.362292  0.828023 -0.427929  0.502382
-0.931865  0.331278 -0.147926 -0.172423
0.0192772  0.452365  0.891625   1.46802
        0         0         0         1

 0.362292  0.828023 -0.427929  0.502382
-0.931865  0.331278 -0.147926 -0.172423
0.0192772  0.452365  0.891625   1.46802
        0         0         0         1

 0.355911  0.830487 -0.428507  0.500748
-0.934423  0.322872  -0.15036 -0.204229
0.0134804  0.453922   0.89094   1.47357
        0         0         0         1

 0.355911  0.830487 -0.428507  0.500748
-0.934423  0.322872  -0.15036 -0.204229
0.0134804  0.453922   0.89094   1.47357
        0         0         0         1

 0.351425  0.834087 -0.425204  0.499538
-0.936208   0.31496 -0.155931 -0.224986
0.00386271  0.452878  0.891564   1.47618
        0         0         0         1

 0.351425  0.834087 -0.425204  0.499538
-0.936208   0.31496 -0.155931 -0.224986
0.00386271  0.452878  0.891564   1.47618
        0         0         0         1

 0.343162  0.841751 -0.416767  0.499568
-0.939135  0.299782 -0.167801 -0.252958
-0.0163073  0.448983  0.893392    1.4742
        0         0         0         1

 0.343162  0.841751 -0.416767  0.499568
-0.939135  0.299782 -0.167801 -0.252958
-0.0163073  0.448983  0.893392    1.4742
        0         0         0         1

 0.335563   0.84473 -0.416928  0.500247
 -0.94157   0.28712 -0.176091  -0.26999
-0.0290412  0.451657  0.891719   1.47151
        0         0         0         1

 0.335563   0.84473 -0.416928  0.500247
 -0.94157   0.28712 -0.176091  -0.26999
-0.0290412  0.451657  0.891719   1.47151
        0         0         0         1

 0.326496  0.846222  -0.42108   0.50114
 -0.94444  0.274228 -0.181196 -0.286339
-0.0378597  0.456845   0.88874   1.46916
        0         0         0         1

 0.326496  0.846222  -0.42108   0.50114
 -0.94444  0.274228 -0.181196 -0.286339
-0.0378597  0.456845   0.88874   1.46916
        0         0         0         1

 0.314937  0.849934 -0.422405  0.502603
-0.947857  0.258768 -0.186029 -0.309144
-0.0488071  0.458967  0.887112   1.46702
        0         0         0         1

 0.314937  0.849934 -0.422405  0.502603
-0.947857  0.258768 -0.186029 -0.309144
-0.0488071  0.458967  0.887112   1.46702
        0         0         0         1

  0.30837  0.850954 -0.425188  0.503966
 -0.94969  0.249674 -0.189081 -0.322656
-0.0547404  0.462104  0.885135   1.46464
        0         0         0         1

  0.30837  0.850954 -0.425188  0.503966
 -0.94969  0.249674 -0.189081 -0.322656
-0.0547404  0.462104  0.885135   1.46464
        0         0         0         1

 0.298234  0.852525 -0.429253  0.506971
-0.952394   0.23598 -0.193026 -0.340491
-0.0632645  0.466385  0.882317   1.45969
        0         0         0         1

 0.298234  0.852525 -0.429253  0.506971
-0.952394   0.23598 -0.193026 -0.340491
-0.0632645  0.466385  0.882317   1.45969
        0         0         0         1

 0.291123  0.853726 -0.431739  0.509162
-0.954063  0.225685 -0.197056 -0.351212
-0.0707945  0.469273  0.880211   1.45553
        0         0         0         1

 0.291123  0.853726 -0.431739  0.509162
-0.954063  0.225685 -0.197056 -0.351212
-0.0707945  0.469273  0.880211   1.45553
        0         0         0         1

 0.284675  0.855122 -0.433274   0.51072
-0.955405  0.216078 -0.201273 -0.361152
-0.0784917   0.47125    0.8785   1.44992
        0         0         0         1

 0.284675  0.855122 -0.433274   0.51072
-0.955405  0.216078 -0.201273 -0.361152
-0.0784917   0.47125    0.8785   1.44992
        0         0         0         1

 0.276312  0.858447 -0.432113   0.51356
-0.956557  0.202136 -0.210095 -0.373793
-0.0930099  0.471392  0.877006   1.43966
        0         0         0         1

 0.276312  0.858447 -0.432113   0.51356
-0.956557  0.202136 -0.210095 -0.373793
-0.0930099  0.471392  0.877006   1.43966
        0         0         0         1

 0.271535  0.860737 -0.430582  0.515331
-0.957034   0.19418  -0.21536 -0.380796
-0.101757   0.47056  0.876481   1.43166
        0         0         0         1

 0.271535  0.860737 -0.430582  0.515331
-0.957034   0.19418  -0.21536 -0.380796
-0.101757   0.47056  0.876481   1.43166
        0         0         0         1

 0.263579  0.864823 -0.427325  0.518079
-0.957938  0.182546  -0.22143  -0.38959
-0.113492  0.467715  0.876563   1.42016
        0         0         0         1

 0.263579  0.864823 -0.427325  0.518079
-0.957938  0.182546  -0.22143  -0.38959
-0.113492  0.467715  0.876563   1.42016
        0         0         0         1

 0.257395  0.867116 -0.426447  0.519243
-0.958754    0.1741 -0.224677 -0.394818
-0.120576  0.466689  0.876164   1.41259
        0         0         0         1

 0.257395  0.867116 -0.426447  0.519243
-0.958754    0.1741 -0.224677 -0.394818
-0.120576  0.466689  0.876164   1.41259
        0         0         0         1

 0.251708  0.868734  -0.42655  0.520176
-0.959409  0.166059 -0.227946 -0.399102
-0.127192  0.466611  0.875269   1.40493
        0         0         0         1

 0.251708  0.868734  -0.42655  0.520176
-0.959409  0.166059 -0.227946 -0.399102
-0.127192  0.466611  0.875269   1.40493
        0         0         0         1

 0.245709  0.871299 -0.424811  0.521839
 -0.95997  0.157922  -0.23134 -0.403577
 -0.13448  0.464648  0.875224   1.39382
        0         0         0         1

 0.245709  0.871299 -0.424811  0.521839
 -0.95997  0.157922  -0.23134 -0.403577
 -0.13448  0.464648  0.875224   1.39382
        0         0         0         1

 0.240945  0.873586  -0.42284  0.522993
-0.960692  0.152772   -0.2318 -0.405509
-0.137899   0.46207  0.876057   1.38719
        0         0         0         1

 0.240945  0.873586  -0.42284  0.522993
-0.960692  0.152772   -0.2318 -0.405509
-0.137899   0.46207  0.876057   1.38719
        0         0         0         1

  0.23641  0.875001 -0.422474   0.52467
-0.961208  0.147023 -0.233375 -0.407074
 -0.14209  0.461257  0.875815   1.37769
        0         0         0         1

  0.23641  0.875001 -0.422474   0.52467
-0.961208  0.147023 -0.233375 -0.407074
 -0.14209  0.461257  0.875815   1.37769
        0         0         0         1

 0.234247  0.875466 -0.422715  0.525393
-0.961225  0.143484 -0.235498 -0.407609
-0.145518  0.461489   0.87513   1.37176
        0         0         0         1

 0.234247  0.875466 -0.422715  0.525393
-0.961225  0.143484 -0.235498 -0.407609
-0.145518  0.461489   0.87513   1.37176
        0         0         0         1

 0.232678  0.875461  -0.42359  0.526176
-0.961304  0.140971 -0.236689 -0.407159
-0.147499  0.462271  0.874385   1.36572
        0         0         0         1

 0.232678  0.875461  -0.42359  0.526176
-0.961304  0.140971 -0.236689 -0.407159
-0.147499  0.462271  0.874385   1.36572
        0         0         0         1

 0.231417  0.875613 -0.423967  0.527167
-0.961232  0.138633 -0.238358 -0.405996
-0.149933   0.46269  0.873749   1.35749
        0         0         0         1

 0.231417  0.875613 -0.423967  0.527167
-0.961232  0.138633 -0.238358 -0.405996
-0.149933   0.46269  0.873749   1.35749
        0         0         0         1

 0.228576  0.875768 -0.425186  0.527645
-0.961834  0.135666 -0.237636 -0.404648
-0.150431  0.463276  0.873353     1.353
        0         0         0         1

 0.228576  0.875768 -0.425186  0.527645
-0.961834  0.135666 -0.237636 -0.404648
-0.150431  0.463276  0.873353     1.353
        0         0         0         1

 0.226317  0.874075 -0.429853  0.527733
-0.962513   0.13295 -0.236417 -0.403112
-0.149498  0.467245  0.871397   1.34687
        0         0         0         1

 0.226317  0.874075 -0.429853  0.527733
-0.962513   0.13295 -0.236417 -0.403112
-0.149498  0.467245  0.871397   1.34687
        0         0         0         1

 0.224543  0.874287 -0.430351  0.527659
-0.963033  0.131649 -0.235025 -0.401759
-0.148824  0.467215  0.871528   1.34364
        0         0         0         1

 0.224543  0.874287 -0.430351  0.527659
-0.963033  0.131649 -0.235025 -0.401759
-0.148824  0.467215  0.871528   1.34364
        0         0         0         1

  0.22425  0.874668  -0.42973  0.527495
 -0.96328  0.132132 -0.233736 -0.400367
 -0.14766  0.466366  0.872181   1.34021
        0         0         0         1

  0.22425  0.874668  -0.42973  0.527495
 -0.96328  0.132132 -0.233736 -0.400367
 -0.14766  0.466366  0.872181   1.34021
        0         0         0         1

  0.22495  0.876829 -0.424933  0.527271
-0.963124  0.134024 -0.233304 -0.398068
-0.147617  0.461745  0.874643    1.3348
        0         0         0         1

  0.22495  0.876829 -0.424933  0.527271
-0.963124  0.134024 -0.233304 -0.398068
-0.147617  0.461745  0.874643    1.3348
        0         0         0         1

 0.222257  0.879775 -0.420236  0.527319
-0.963557  0.132393 -0.232444 -0.395525
-0.148862  0.456584  0.877138   1.33117
        0         0         0         1

 0.222257  0.879775 -0.420236  0.527319
-0.963557  0.132393 -0.232444 -0.395525
-0.148862  0.456584  0.877138   1.33117
        0         0         0         1

  0.21654   0.88257  -0.41735  0.525804
-0.964224  0.126382 -0.233023 -0.392191
-0.152914  0.452878  0.878362   1.32494
        0         0         0         1

  0.21654   0.88257  -0.41735  0.525804
-0.964224  0.126382 -0.233023 -0.392191
-0.152914  0.452878  0.878362   1.32494
        0         0         0         1

  0.21173  0.882895 -0.419126  0.524243
-0.965076  0.121182 -0.232255 -0.390538
-0.154267  0.453664  0.877719   1.32206
        0         0         0         1

  0.21173  0.882895 -0.419126  0.524243
-0.965076  0.121182 -0.232255 -0.390538
-0.154267  0.453664  0.877719   1.32206
        0         0         0         1

 0.205806  0.884057 -0.419627  0.522761
-0.966521  0.116483 -0.228626 -0.389275
-0.153239  0.452631  0.878432   1.32053
        0         0         0         1

 0.205806  0.884057 -0.419627  0.522761
-0.966521  0.116483 -0.228626 -0.389275
-0.153239  0.452631  0.878432   1.32053
        0         0         0         1

  0.20139  0.888979 -0.411288  0.521633
-0.967707  0.115583 -0.224016 -0.388045
-0.151608  0.443121  0.883549   1.32055
        0         0         0         1

  0.20139  0.888979 -0.411288  0.521633
-0.967707  0.115583 -0.224016 -0.388045
-0.151608  0.443121  0.883549   1.32055
        0         0         0         1

 0.199479  0.892857 -0.403751  0.521008
-0.967966  0.115431 -0.222974 -0.387135
-0.152478  0.435296  0.887281   1.32046
        0         0         0         1

 0.199479  0.892857 -0.403751  0.521008
-0.967966  0.115431 -0.222974 -0.387135
-0.152478  0.435296  0.887281   1.32046
        0         0         0         1

 0.200902  0.901258 -0.383891  0.520828
-0.967068  0.119956 -0.224478  -0.38524
-0.156263  0.416347  0.895677   1.32041
        0         0         0         1

 0.200902  0.901258 -0.383891  0.520828
-0.967068  0.119956 -0.224478  -0.38524
-0.156263  0.416347  0.895677   1.32041
        0         0         0         1

 0.202064  0.905661 -0.372758   0.52084
-0.965975  0.121561 -0.228287 -0.383572
-0.161438  0.406203  0.899409   1.32033
        0         0         0         1

 0.202064  0.905661 -0.372758   0.52084
-0.965975  0.121561 -0.228287 -0.383572
-0.161438  0.406203  0.899409   1.32033
        0         0         0         1

 0.199837  0.909284 -0.365059  0.520377
-0.965159  0.118444  -0.23332 -0.381669
-0.168916  0.398966  0.901273   1.32103
        0         0         0         1

 0.199837  0.909284 -0.365059  0.520377
-0.965159  0.118444  -0.23332 -0.381669
-0.168916  0.398966  0.901273   1.32103
        0         0         0         1

 0.191196  0.912665  -0.36123  0.517979
-0.965953  0.109603 -0.234355 -0.379141
-0.174295  0.393738  0.902547   1.32471
        0         0         0         1

 0.191196  0.912665  -0.36123  0.517979
-0.965953  0.109603 -0.234355 -0.379141
-0.174295  0.393738  0.902547   1.32471
        0         0         0         1

 0.184353  0.912874 -0.364246  0.515737
-0.967056   0.10228 -0.233114  -0.37726
-0.175549  0.395221  0.901656   1.32899
        0         0         0         1

 0.184353  0.912874 -0.364246  0.515737
-0.967056   0.10228 -0.233114  -0.37726
-0.175549  0.395221  0.901656   1.32899
        0         0         0         1

  0.17644  0.911985 -0.370341  0.513572
-0.968282 0.0931885 -0.231832 -0.374799
-0.176916  0.399499  0.899501   1.33544
        0         0         0         1

  0.17644  0.911985 -0.370341  0.513572
-0.968282 0.0931885 -0.231832 -0.374799
-0.176916  0.399499  0.899501   1.33544
        0         0         0         1

 0.165434  0.908472  -0.38381  0.510471
 -0.97067 0.0811521 -0.226303 -0.370875
-0.174443  0.409991  0.895252   1.34968
        0         0         0         1

 0.165434  0.908472  -0.38381  0.510471
 -0.97067 0.0811521 -0.226303 -0.370875
-0.174443  0.409991  0.895252   1.34968
        0         0         0         1

 0.160549  0.905351 -0.393145  0.508126
-0.972805 0.0777677 -0.218179 -0.368731
-0.166954  0.417482  0.893216   1.36237
        0         0         0         1

 0.160549  0.905351 -0.393145  0.508126
-0.972805 0.0777677 -0.218179 -0.368731
-0.166954  0.417482  0.893216   1.36237
        0         0         0         1

 0.157652  0.900307 -0.405702  0.504331
-0.976185 0.0800851 -0.201617 -0.365278
-0.149026  0.427825  0.891491   1.38691
        0         0         0         1

 0.157652  0.900307 -0.405702  0.504331
-0.976185 0.0800851 -0.201617 -0.365278
-0.149026  0.427825  0.891491   1.38691
        0         0         0         1

 0.158105   0.89702 -0.412744  0.502088
-0.978573 0.0865046  -0.18685 -0.362544
-0.131904  0.433442  0.891476   1.40693
        0         0         0         1

 0.158105   0.89702 -0.412744  0.502088
-0.978573 0.0865046  -0.18685 -0.362544
-0.131904  0.433442  0.891476   1.40693
        0         0         0         1

 0.159024  0.893451 -0.420067  0.499278
-0.981048  0.095293 -0.168713 -0.359491
-0.110708  0.438935  0.891672   1.42968
        0         0         0         1

 0.159024  0.893451 -0.420067  0.499278
-0.981048  0.095293 -0.168713 -0.359491
-0.110708  0.438935  0.891672   1.42968
        0         0         0         1

 0.162296  0.887481 -0.431321  0.493218
-0.983627  0.110804 -0.142126  -0.35509
-0.0783419  0.447325  0.890934   1.46916
        0         0         0         1

 0.162296  0.887481 -0.431321  0.493218
-0.983627  0.110804 -0.142126  -0.35509
-0.0783419  0.447325  0.890934   1.46916
        0         0         0         1

 0.164048  0.882292  -0.44119  0.488428
-0.984977  0.122057 -0.122154 -0.350711
-0.0539251  0.454601  0.889061   1.49758
        0         0         0         1

 0.164048  0.882292  -0.44119  0.488428
-0.984977  0.122057 -0.122154 -0.350711
-0.0539251  0.454601  0.889061   1.49758
        0         0         0         1

 0.169873  0.875234 -0.452889  0.480379
-0.985359  0.144083 -0.091147 -0.341499
-0.0145212  0.461742  0.886896   1.54392
        0         0         0         1

 0.169873  0.875234 -0.452889  0.480379
-0.985359  0.144083 -0.091147 -0.341499
-0.0145212  0.461742  0.886896   1.54392
        0         0         0         1

  0.174025   0.870654  -0.460084   0.473894
 -0.984641   0.160517 -0.0686767  -0.333235
 0.0140576   0.464969   0.885215    1.57722
         0          0          0          1

  0.174025   0.870654  -0.460084   0.473894
 -0.984641   0.160517 -0.0686767  -0.333235
 0.0140576   0.464969   0.885215    1.57722
         0          0          0          1

  0.176777   0.866087  -0.467592   0.466232
 -0.983218   0.177154 -0.0435847  -0.322722
 0.0450875    0.46745   0.882869    1.61253
         0          0          0          1

  0.176777   0.866087  -0.467592   0.466232
 -0.983218   0.177154 -0.0435847  -0.322722
 0.0450875    0.46745   0.882869    1.61253
         0          0          0          1

   0.181318    0.856902   -0.482538    0.452401
  -0.979223    0.202624 -0.00812715   -0.302981
  0.0908097    0.473986    0.875837     1.66702
          0           0           0           1

   0.181318    0.856902   -0.482538    0.452401
  -0.979223    0.202624 -0.00812715   -0.302981
  0.0908097    0.473986    0.875837     1.66702
          0           0           0           1

 0.184354  0.852276  -0.48953  0.443404
-0.976081  0.217156  0.010484 -0.286651
  0.11524  0.475887  0.871924   1.70447
        0         0         0         1

 0.184354  0.852276  -0.48953  0.443404
-0.976081  0.217156  0.010484 -0.286651
  0.11524  0.475887  0.871924   1.70447
        0         0         0         1

 0.184829  0.847386  -0.49777  0.428039
-0.969809  0.239254 0.0471937 -0.255968
 0.159085  0.474019  0.866024   1.76023
        0         0         0         1

 0.184829  0.847386  -0.49777  0.428039
-0.969809  0.239254 0.0471937 -0.255968
 0.159085  0.474019  0.866024   1.76023
        0         0         0         1

 0.186628  0.844179 -0.502526  0.414179
-0.964137  0.255631 0.0713672  -0.23505
 0.188708  0.471185  0.861611   1.79929
        0         0         0         1

 0.186628  0.844179 -0.502526  0.414179
-0.964137  0.255631 0.0713672  -0.23505
 0.188708  0.471185  0.861611   1.79929
        0         0         0         1

 0.182136  0.846045 -0.501033  0.393917
-0.954374  0.274741  0.116993 -0.196886
 0.236636  0.456864  0.857484   1.86136
        0         0         0         1

 0.182136  0.846045 -0.501033  0.393917
-0.954374  0.274741  0.116993 -0.196886
 0.236636  0.456864  0.857484   1.86136
        0         0         0         1

 0.179174  0.847869 -0.499015  0.377968
-0.945962  0.287821  0.149381 -0.168282
 0.270283  0.445284  0.853621   1.90199
        0         0         0         1

 0.179174  0.847869 -0.499015  0.377968
-0.945962  0.287821  0.149381 -0.168282
 0.270283  0.445284  0.853621   1.90199
        0         0         0         1

 0.171482  0.853541 -0.491998  0.363415
-0.938911  0.292846  0.180794 -0.137711
 0.298395   0.43094  0.851617   1.94498
        0         0         0         1

 0.171482  0.853541 -0.491998  0.363415
-0.938911  0.292846  0.180794 -0.137711
 0.298395   0.43094  0.851617   1.94498
        0         0         0         1

  0.158791   0.865424  -0.475212   0.339031
 -0.926763   0.296615     0.2305 -0.0892729
  0.340435   0.403807   0.849143    2.00831
         0          0          0          1

  0.158791   0.865424  -0.475212   0.339031
 -0.926763   0.296615     0.2305 -0.0892729
  0.340435   0.403807   0.849143    2.00831
         0          0          0          1

  0.145479   0.873631  -0.464333   0.321217
 -0.917993   0.294215   0.265944 -0.0537338
  0.368951   0.387566   0.844789    2.04903
         0          0          0          1

  0.145479   0.873631  -0.464333   0.321217
 -0.917993   0.294215   0.265944 -0.0537338
  0.368951   0.387566   0.844789    2.04903
         0          0          0          1

 0.121923  0.889412 -0.440546   0.29544
-0.905979  0.281012  0.316597 0.0015588
 0.405384  0.360525  0.840051    2.1108
        0         0         0         1

 0.121923  0.889412 -0.440546   0.29544
-0.905979  0.281012  0.316597 0.0015588
 0.405384  0.360525  0.840051    2.1108
        0         0         0         1

 0.098507  0.903142 -0.417889  0.280643
-0.897524  0.262009  0.354686 0.0426507
 0.429822  0.340127  0.836401   2.15132
        0         0         0         1

 0.098507  0.903142 -0.417889  0.280643
-0.897524  0.262009  0.354686 0.0426507
 0.429822  0.340127  0.836401   2.15132
        0         0         0         1

