-0.753055 -0.532273 -0.386774   1.09018
-0.619113   0.77223  0.142689   0.87601
 0.222729   0.34691 -0.911068   2.69757
        0         0         0         1

-0.731946 -0.560879 -0.386871   1.09519
-0.651103  0.743088  0.154549  0.834977
 0.200796  0.365014  -0.90909   2.69345
        0         0         0         1

-0.717269 -0.587946 -0.373958   1.09226
-0.671285  0.726954  0.144621  0.811962
 0.186821  0.354764 -0.916101    2.6708
        0         0         0         1

-0.685623 -0.630715 -0.363484    1.0994
-0.709276  0.691184  0.138537  0.759654
 0.163857  0.352794 -0.921242   2.63385
        0         0         0         1

-0.672298  -0.64924 -0.355672   1.10366
-0.725207  0.674075  0.140349  0.731546
  0.14863  0.352292 -0.924013   2.61638
        0         0         0         1

-0.646745 -0.686255 -0.332829   1.08665
-0.753751  0.641758  0.141441  0.695189
 0.116531  0.342347 -0.932319   2.59998
        0         0         0         1

-0.629071 -0.702895 -0.331976   1.08763
-0.768927  0.625348  0.133007  0.673007
 0.114111  0.338936 -0.933863   2.58038
        0         0         0         1

-0.589524 -0.748285  -0.30419   1.08262
-0.805345  0.573539  0.149904  0.606527
 0.062294   0.33335 -0.940743   2.55375
        0         0         0         1

-0.565703 -0.773699 -0.285253   1.06912
-0.823054  0.551011  0.137727  0.591655
0.0506183  0.312692 -0.948505    2.5255
        0         0         0         1

-0.544468  -0.79385 -0.270846   1.06641
 -0.83834   0.52551     0.145  0.560538
0.0272239  0.306009 -0.951639   2.51013
        0         0         0         1

-0.524732 -0.811592 -0.256854   1.06368
-0.851267    0.5002  0.158567  0.525567
-0.000213283  0.301857 -0.953353   2.50346
        0         0         0         1

-0.518492 -0.815797 -0.256206   1.07726
-0.855082  0.494574  0.155663   0.50936
-0.000277149  0.299787 -0.954006    2.4755
        0         0         0         1

-0.503823 -0.827905 -0.246445   1.08393
-0.863708  0.478501  0.158258  0.489257
-0.0130979  0.292591 -0.956148   2.45664
        0         0         0         1

-0.467424  -0.85543 -0.223059   1.08266
-0.883549  0.443701  0.149901  0.454557
-0.029258   0.26715 -0.963211    2.4064
        0         0         0         1

-0.451078 -0.867397  -0.21012    1.0854
-0.890911  0.423648  0.163709   0.42858
-0.0529841  0.261044 -0.963872   2.39141
        0         0         0         1

-0.429385 -0.883005 -0.189555   1.08084
-0.899998  0.400927  0.171057  0.408643
-0.0750463  0.244049 -0.966855   2.36937
        0         0         0         1

-0.417722 -0.891159  -0.17704   1.08492
-0.904095  0.388368  0.178276  0.390001
-0.0901152  0.234531 -0.967923   2.34631
        0         0         0         1

 -0.37854 -0.913861 -0.146851   1.08825
-0.916157  0.347352  0.200008  0.350241
 -0.13177  0.210249 -0.968727   2.30541
        0         0         0         1

-0.366528 -0.920608 -0.134675   1.09302
-0.919242  0.335958  0.205248  0.335375
-0.143707  0.199028   -0.9694   2.27905
        0         0         0         1

-0.347695 -0.930234  -0.11736   1.09383
-0.924217  0.318954   0.20998  0.319691
-0.157898  0.181475 -0.970636   2.25373
        0         0         0         1

-0.339592 -0.933983 -0.111146   1.10334
-0.924823  0.310032  0.220415  0.302978
-0.171405  0.177641 -0.969053   2.23423
        0         0         0         1

 -0.323938  -0.941208 -0.0958745    1.10566
 -0.928299    0.29666   0.224173   0.289286
 -0.182551   0.161618  -0.969822    2.20944
         0          0          0          1

 -0.305496  -0.948787 -0.0804674    1.10546
 -0.932366    0.28091   0.227559   0.275633
 -0.193301   0.144543  -0.970434    2.18627
         0          0          0          1

 -0.287447  -0.955346 -0.0684738    1.12099
 -0.934944   0.264347   0.236645   0.244877
 -0.207977   0.132042   -0.96918      2.145
         0          0          0          1

  -0.27286  -0.960406 -0.0562775    1.12422
 -0.936313   0.251663   0.244914   0.228945
 -0.221054   0.119521   -0.96791    2.12792
         0          0          0          1

 -0.263539  -0.963338 -0.0502748    1.13043
 -0.938366   0.243927   0.244886   0.215951
 -0.223644   0.111713  -0.968248    2.10514
         0          0          0          1

 -0.256462  -0.965707 -0.0404669    1.13704
 -0.938824   0.238929   0.248037   0.203682
 -0.229862   0.101603  -0.967905    2.08459
         0          0          0          1

 -0.238084  -0.970944 -0.0241619    1.13999
 -0.940141   0.224143   0.256699   0.190043
 -0.243824  0.0838316  -0.966189     2.0647
         0          0          0          1

-0.228358  -0.97347 -0.014418   1.14676
-0.940894  0.216863   0.26017  0.177382
-0.250141 0.0729778 -0.965455   2.04535
        0         0         0         1

   -0.212332    -0.977197 -0.000585284      1.16398
   -0.939651     0.204009     0.274657     0.154921
   -0.268274    0.0588683    -0.961542      1.99935
           0            0            0            1

-0.196369 -0.980423 0.0145016   1.17005
-0.939043  0.192297  0.284991  0.144968
  -0.2822 0.0423459  -0.95842   1.97575
        0         0         0         1

 -0.18284 -0.982739 0.0281652   1.17769
-0.938776  0.183026  0.291891  0.135406
-0.292008 0.0269286 -0.956037   1.95147
        0         0         0         1

 -0.17121 -0.984297 0.0429723    1.1855
 -0.93664   0.17614  0.302787  0.125191
-0.305602 0.0115906 -0.952089   1.92924
        0         0         0         1

 -0.144285  -0.987014  0.0706011    1.20228
 -0.933315   0.159447   0.321713   0.105477
 -0.328792 -0.0194748  -0.944201    1.88466
         0          0          0          1

 -0.131985  -0.987863  0.0818972    1.21093
 -0.932402   0.151769   0.328013  0.0974429
 -0.336461 -0.0330682  -0.941117    1.86211
         0          0          0          1

 -0.119853  -0.988299  0.0943405    1.22104
 -0.928915   0.145169   0.340652  0.0868904
 -0.350361 -0.0468061  -0.935444    1.84218
         0          0          0          1

 -0.106113  -0.989141   0.101685    1.22994
 -0.926487   0.135484   0.351091  0.0788247
 -0.361056 -0.0569551  -0.930803    1.82073
         0          0          0          1

 -0.100586  -0.989265    0.10601    1.24297
  -0.92312    0.13254   0.360948  0.0694748
 -0.371123 -0.0615533  -0.926541    1.79927
         0          0          0          1

-0.084803 -0.990423   0.10895   1.25185
-0.922168  0.119428  0.367891 0.0626246
 -0.37738 -0.069272 -0.923464   1.77884
        0         0         0         1

 -0.067774  -0.992047   0.106062    1.27347
 -0.917821   0.103674   0.383217   0.046611
 -0.391165 -0.0713734  -0.917549    1.73912
         0          0          0          1

-0.0590943  -0.992936   0.102887     1.2836
 -0.915573  0.0949815   0.390774  0.0390356
 -0.397786 -0.0711076  -0.914719    1.72094
         0          0          0          1

-0.0495532  -0.993784  0.0996893    1.29323
 -0.913372  0.0854734   0.398053  0.0317807
 -0.404099 -0.0713286   -0.91193    1.70224
         0          0          0          1

-0.0401718  -0.994362  0.0981361    1.30261
  -0.91131  0.0767383   0.404506  0.0250647
 -0.409757 -0.0731826  -0.909255     1.6842
         0          0          0          1

-0.0278985  -0.994843  0.0975189    1.32352
 -0.906279  0.0663344   0.417442  0.0111765
 -0.421758 -0.0767334  -0.903456    1.64869
         0          0          0          1

-0.0206761   -0.99518  0.0958654    1.33219
 -0.904934  0.0593931   0.421386 0.00555625
 -0.425048 -0.0780393    -0.9018    1.63098
         0          0          0          1

  -0.0139944    -0.995282     0.096008       1.3413
   -0.901501    0.0540953     0.429382 -0.000665914
    -0.43255   -0.0805424    -0.898005      1.61527
           0            0            0            1

 -0.0108336   -0.995483   0.0943198     1.35032
  -0.899277   0.0509452    0.434402 -0.00644966
  -0.437245  -0.0801136   -0.895767     1.59983
          0           0           0           1

-0.00623676  -0.995958  0.0896073    1.35887
 -0.897477  0.0450948    0.43875 -0.0119952
 -0.441017 -0.0776841   -0.89413    1.58419
         0          0          0          1

-0.00132199  -0.996247  0.0865424    1.36675
 -0.895567  0.0396844   0.443153 -0.0173152
 -0.444925 -0.0769187  -0.892259    1.57092
         0          0          0          1

0.00539791   -0.99717  0.0749793    1.38111
 -0.893673  0.0288327   0.447792 -0.0267031
 -0.448686 -0.0694241  -0.890989    1.54253
         0          0          0          1

0.00632785  -0.997613  0.0687645    1.38801
 -0.891825  0.0254758   0.451662 -0.0316045
 -0.452336  -0.064184  -0.889535    1.53078
         0          0          0          1

0.00823533  -0.998049  0.0618908    1.39377
 -0.890269  0.0208667   0.454957 -0.0358113
 -0.455361 -0.0588461   -0.88836    1.51848
         0          0          0          1

0.00840622  -0.998374  0.0563726    1.39949
 -0.889348  0.0183083   0.456864 -0.0396643
 -0.457154 -0.0539753  -0.887748    1.50688
         0          0          0          1

 0.0117331   -0.99876   0.048382    1.40877
 -0.888088  0.0118272   0.459521 -0.0459801
 -0.459524 -0.0483591  -0.886848    1.48494
         0          0          0          1

 0.0143104   -0.99886  0.0455468    1.41284
 -0.887285  0.0083158   0.461146    -0.0488
 -0.460999 -0.0470122  -0.886154    1.47576
         0          0          0          1

 0.0155679  -0.998958  0.0429073     1.4166
 -0.886495 0.00605866   0.462699 -0.0513652
 -0.462477 -0.0452404  -0.885477     1.4662
         0          0          0          1

 0.0147203  -0.999011  0.0419549    1.42171
 -0.885735 0.00644134   0.464147  -0.054449
 -0.463959 -0.0439933  -0.884764    1.45799
         0          0          0          1

 0.0191166  -0.998971  0.0411277    1.42476
 -0.884909 0.00224137   0.465758 -0.0562852
 -0.465371  -0.045298  -0.883956    1.44912
         0          0          0          1

 0.0204592  -0.998929  0.0415006    1.42858
 -0.884197  0.0012968   0.467111   -0.05841
 -0.466665 -0.0462515  -0.883224    1.44088
         0          0          0          1

  0.0320181   -0.998533   0.0436694     1.43455
  -0.880042 -0.00745235    0.474837  -0.0609456
  -0.473815  -0.0536343    -0.87899      1.4251
          0           0           0           1

 0.0411219  -0.998282  0.0417273     1.4371
  -0.87716 -0.0160719   0.479929 -0.0612859
 -0.478434 -0.0563371  -0.876315    1.41795
         0          0          0          1

 0.0440125  -0.998256  0.0393463     1.4406
 -0.875555 -0.0195762   0.482721 -0.0630309
 -0.481109 -0.0556957   -0.87489    1.41041
         0          0          0          1

 0.0519822  -0.997922  0.0380772    1.44322
 -0.874177 -0.0270359   0.484855 -0.0636007
 -0.482818   -0.05849  -0.873765    1.40377
         0          0          0          1

 0.0656016  -0.997025  0.0404678    1.44834
 -0.871469 -0.0374919   0.489015  -0.065077
 -0.486043 -0.0673466  -0.871336     1.3906
         0          0          0          1

 0.0719033    -0.9965  0.0426362    1.45121
 -0.868734  -0.041568   0.493531 -0.0656042
 -0.490032 -0.0725261  -0.868682    1.38558
         0          0          0          1

 0.0803649  -0.995833  0.0430975    1.45369
 -0.866862  -0.048483   0.496185 -0.0657153
 -0.492028 -0.0772355  -0.867146    1.38041
         0          0          0          1

 0.0887071  -0.995133  0.0429129    1.45638
 -0.864081 -0.0554512   0.500289 -0.0657721
 -0.495474 -0.0814594  -0.864795    1.37694
         0          0          0          1

  0.103357   -0.99403  0.0349439     1.4622
 -0.861751 -0.0719488   0.502203 -0.0661281
 -0.496691 -0.0820193  -0.864043     1.3703
         0          0          0          1

  0.112352  -0.993207  0.0302819    1.46537
 -0.861124 -0.0821141   0.501721 -0.0664812
 -0.495826  -0.082446    -0.8645    1.37033
         0          0          0          1

  0.119586  -0.992664  0.0178001    1.46851
 -0.861629 -0.0948598   0.498595 -0.0671494
 -0.493249 -0.0749622  -0.866652    1.37081
         0          0          0          1

  0.128368  -0.991716 0.00463642    1.47104
 -0.861695  -0.109221   0.495533 -0.0673874
 -0.490922 -0.0676057  -0.868577    1.37264
         0          0          0          1

   0.136853   -0.990568 -0.00679949     1.47402
   -0.86158   -0.122414     0.49264  -0.0680389
  -0.488826  -0.0615607   -0.870207     1.37562
          0           0           0           1

  0.144523  -0.989329 -0.0184719    1.47709
 -0.862237  -0.135072   0.488162 -0.0689872
 -0.485448 -0.0546234  -0.872557    1.37858
         0          0          0          1

  0.167148  -0.984886 -0.0454042    1.48408
 -0.862637  -0.168389   0.476972 -0.0699422
 -0.477408 -0.0405574  -0.877745    1.38751
         0          0          0          1

  0.179997  -0.982053 -0.0563254    1.48761
 -0.862997  -0.185136   0.470064  -0.070591
 -0.472056 -0.0360016  -0.880833    1.39153
         0          0          0          1

  0.190209  -0.979749  -0.062545    1.49164
 -0.862606  -0.197206   0.465855 -0.0716208
 -0.468755 -0.0346579  -0.882648    1.39484
         0          0          0          1

  0.202997   -0.97675 -0.0689368    1.49573
 -0.859464  -0.211469   0.465405 -0.0719341
 -0.469162 -0.0352273  -0.882409    1.39755
         0          0          0          1

  0.216047  -0.973233 -0.0783635    1.49961
 -0.855851  -0.227395   0.464555 -0.0725256
  -0.46994 -0.0332982   -0.88207    1.39973
         0          0          0          1

  0.227211  -0.969865 -0.0879573    1.50363
 -0.852288  -0.241734   0.463863 -0.0736732
 -0.471147 -0.0304297  -0.881529    1.40172
         0          0          0          1

   0.24343  -0.964018  -0.106819    1.51029
 -0.847099  -0.264952   0.460676  -0.078286
 -0.472403 -0.0216559  -0.881117    1.40528
         0          0          0          1

  0.249996  -0.961863  -0.111002     1.5124
 -0.844919  -0.272705   0.460157 -0.0819247
 -0.472879 -0.0212497  -0.880871    1.40815
         0          0          0          1

  0.257048   -0.96017  -0.109542    1.51294
 -0.842667  -0.278186   0.461005 -0.0860098
 -0.473116 -0.0261932  -0.880611    1.41098
         0          0          0          1

  0.258185  -0.960463  -0.104167    1.51326
 -0.841322  -0.276529   0.464444 -0.0917933
 -0.474886 -0.0322748  -0.879455    1.41322
         0          0          0          1

  0.260513  -0.961691 -0.0853409    1.51053
 -0.838936  -0.269232   0.472969  -0.104289
 -0.477827 -0.0516193  -0.876936    1.41713
         0          0          0          1

   0.25895  -0.963168 -0.0724777    1.50941
 -0.838075  -0.261353   0.478879  -0.112055
 -0.480183 -0.0632637  -0.874884    1.41967
         0          0          0          1

  0.257199  -0.964435 -0.0609473    1.50704
 -0.837016  -0.253851   0.484731  -0.119664
 -0.482963 -0.0736585  -0.872537    1.42153
         0          0          0          1

  0.255101   -0.96554 -0.0515376    1.50485
 -0.837467  -0.247276   0.487344  -0.127742
 -0.483294 -0.0811609  -0.871688    1.42303
         0          0          0          1

  0.252122  -0.966704 -0.0437883    1.50288
 -0.838842  -0.240888   0.488178  -0.136452
 -0.482472 -0.0863491  -0.871645    1.42524
         0          0          0          1

  0.249081  -0.967743 -0.0378462    1.50128
 -0.840536  -0.235422    0.48793  -0.145331
   -0.4811 -0.0897231  -0.872062    1.42849
         0          0          0          1

  0.242067  -0.969928   -0.02536    1.49641
  -0.84517  -0.223624   0.485468  -0.164665
 -0.476541 -0.0960821  -0.873886    1.43746
         0          0          0          1

  0.236543   -0.97143 -0.0192416     1.4944
 -0.848423  -0.216162   0.483169  -0.174809
 -0.473525 -0.0979655  -0.875315    1.44218
         0          0          0          1

  0.229374  -0.973267 -0.0117809    1.49231
 -0.851978  -0.206612   0.481087  -0.185833
  -0.47066  -0.100312  -0.876594    1.44743
         0          0          0          1

   0.223375   -0.974719 -0.00516566     1.48979
  -0.855024   -0.198484    0.479101   -0.196072
  -0.468014   -0.102602   -0.877744     1.45207
          0           0           0           1

  0.211953  -0.977247 0.00806365    1.48549
 -0.859509  -0.182478   0.477437  -0.217244
 -0.465102  -0.108125  -0.878629    1.46098
         0          0          0          1

 0.206849   -0.9783 0.0119328   1.48384
 -0.86112 -0.176256  0.476871 -0.227333
 -0.46442 -0.108916 -0.878892   1.46454
        0         0         0         1

 0.202533 -0.979186 0.0132595    1.4825
-0.862095 -0.171859  0.476714 -0.237828
-0.464513 -0.107981 -0.878958   1.46843
        0         0         0         1

 0.197052 -0.980325 0.0115303   1.48147
-0.863982 -0.168083  0.474641 -0.248087
-0.463364 -0.103491 -0.880104    1.4717
        0         0         0         1

  0.191937  -0.981379 0.00748836    1.48066
 -0.865134  -0.165589   0.473417  -0.258712
 -0.463362 -0.0973445  -0.880806    1.47563
         0          0          0          1

   0.186029   -0.982544 0.000109944     1.47966
  -0.867313    -0.16416    0.469915   -0.268666
  -0.461694  -0.0875134   -0.882712     1.47835
          0           0           0           1

  0.172591  -0.984827 -0.0181181    1.47793
 -0.870789  -0.161152   0.464496  -0.289365
 -0.460367 -0.0643909   -0.88539    1.48466
         0          0          0          1

  0.162908  -0.986153 -0.0310342    1.47621
 -0.873606  -0.158791   0.459998  -0.299157
 -0.458557 -0.0478255  -0.887377    1.48653
         0          0          0          1

  0.15139 -0.987453 -0.044912   1.47431
-0.876434 -0.155103  0.455858 -0.309543
-0.457105  -0.02965 -0.888918   1.48903
        0         0         0         1

   0.13857  -0.988678 -0.0575631    1.47219
 -0.879076  -0.149561   0.452611  -0.319455
 -0.456096 -0.0121161  -0.889848     1.4909
         0          0          0          1

  0.112934   -0.99033 -0.0805722    1.46742
 -0.882893  -0.137219   0.449078  -0.338151
 -0.455792  0.0204203  -0.889852    1.49223
         0          0          0          1

  0.101124  -0.990874 -0.0891226    1.46502
 -0.883389  -0.130635   0.450066  -0.346709
 -0.457601  0.0332175  -0.888537    1.49233
         0          0          0          1

 0.0868939  -0.991509 -0.0967419    1.46236
 -0.884065   -0.12151   0.451292  -0.355321
 -0.459215  0.0463116  -0.887117    1.49205
         0          0          0          1

0.0742879 -0.991969 -0.102369   1.45952
-0.884642 -0.112936  0.452388 -0.362969
-0.460315 0.0569529 -0.885927   1.49139
        0         0         0         1

0.0610745 -0.992442 -0.106435   1.45644
-0.884928 -0.103164  0.454159 -0.370535
-0.461707 0.0664493  -0.88454   1.49061
        0         0         0         1

 0.0494847  -0.992885  -0.108304    1.45336
 -0.884814 -0.0938815   0.456388  -0.377167
 -0.463309  0.0732448  -0.883165    1.48955
         0          0          0          1

  0.022338  -0.994016  -0.106925    1.44699
 -0.883383 -0.0697035    0.46344  -0.390285
  -0.46812  0.0841035  -0.879654     1.4864
         0          0          0          1

 0.0105282  -0.994502  -0.104191    1.44372
   -0.8817 -0.0583845   0.468184  -0.395543
 -0.471693  0.0869365  -0.877467    1.48442
         0          0          0          1

-0.00337632  -0.994811  -0.101688    1.44037
 -0.880232 -0.0452981   0.472376  -0.400745
 -0.474531  0.0911039  -0.875512    1.48162
         0          0          0          1

-0.0155943  -0.995043  -0.098216    1.43723
 -0.878401 -0.0332927   0.476763   -0.40516
 -0.477669  0.0937079  -0.873528    1.47888
         0          0          0          1

 -0.0392722   -0.995253   -0.089048     1.43084
  -0.873588 -0.00906448    0.486582   -0.412502
  -0.485079   0.0969004   -0.869085     1.47274
          0           0           0           1

-0.0499107  -0.995156 -0.0846945    1.42779
 -0.871301 0.00193313   0.490746  -0.415204
 -0.488205  0.0982878  -0.867177    1.46932
         0          0          0          1

-0.0610977  -0.994941 -0.0797464    1.42499
 -0.868632  0.0136445   0.495269  -0.417918
 -0.491675  0.0995301  -0.865072    1.46589
         0          0          0          1

-0.0700581  -0.994715 -0.0750634    1.42234
 -0.865992  0.0232976   0.499514  -0.419764
 -0.495125  0.0999993  -0.863048    1.46244
         0          0          0          1

-0.0798866  -0.994356 -0.0698156     1.4198
 -0.863373  0.0340176   0.503418  -0.421588
 -0.498201   0.100493  -0.861218    1.45879
         0          0          0          1

-0.0882871  -0.993908 -0.0659761    1.41749
 -0.861062  0.0428522   0.506692  -0.422859
 -0.500778   0.101544  -0.859599    1.45499
         0          0          0          1

 -0.104136  -0.992938 -0.0568312     1.4131
 -0.855533  0.0602936   0.514225  -0.424572
 -0.507167    0.10217   -0.85577    1.44741
         0          0          0          1

 -0.111526  -0.992306 -0.0537587     1.4111
 -0.853076  0.0678495   0.517356  -0.424983
 -0.509729   0.103559   -0.85408    1.44355
         0          0          0          1

 -0.120058  -0.991466 -0.0507978    1.40909
 -0.850008  0.0762234   0.521226    -0.4254
 -0.512906   0.105756  -0.851906    1.43964
         0          0          0          1

 -0.126931  -0.990737 -0.0482634    1.40723
 -0.847446  0.0830291   0.524349  -0.425472
 -0.515485   0.107457  -0.850134      1.436
         0          0          0          1

 -0.141061  -0.988994 -0.0446483    1.40366
 -0.842481  0.0962344   0.530061  -0.425173
  -0.51993   0.112386  -0.846783    1.42886
         0          0          0          1

 -0.147568  -0.988085 -0.0437196    1.40213
 -0.840263   0.101929   0.532512  -0.424789
 -0.521711   0.115318  -0.845293     1.4255
         0          0          0          1

 -0.153556  -0.987192 -0.0432617    1.40044
 -0.838249   0.106956   0.534696  -0.424016
  -0.52322    0.11837  -0.843937    1.42181
         0          0          0          1

  -0.15935   -0.98636 -0.0412493      1.399
 -0.835883   0.112572    0.53724  -0.423409
 -0.525269   0.120089   -0.84242    1.41884
         0          0          0          1

 -0.163618  -0.985743 -0.0392482     1.3978
 -0.833533   0.116854    0.53997  -0.422581
 -0.527686   0.121063  -0.840768    1.41556
         0          0          0          1

 -0.166707  -0.985262 -0.0383159    1.39669
 -0.833173    0.11998   0.539841   -0.42202
 -0.527288   0.121919  -0.840894    1.41374
         0          0          0          1

 -0.174953  -0.983915 -0.0360899    1.39484
   -0.8336    0.12852   0.537209    -0.4218
  -0.52393   0.124071  -0.842676    1.41231
         0          0          0          1

 -0.178349  -0.983374 -0.0341718    1.39438
 -0.832997   0.132409   0.537199  -0.421804
 -0.523743   0.124274  -0.842763    1.41218
         0          0          0          1

 -0.17986 -0.983144 -0.032842   1.39417
-0.832633  0.134377  0.537276 -0.421581
-0.523806   0.12398 -0.842767    1.4121
        0         0         0         1

 -0.180378  -0.983142 -0.0299442    1.39405
 -0.832368   0.136354   0.537188  -0.421376
 -0.524048   0.121821  -0.842931    1.41233
         0          0          0          1

 -0.181172  -0.983195 -0.0224593    1.39396
 -0.831485   0.140942   0.537372   -0.42075
 -0.525176   0.116032  -0.843046    1.41301
         0          0          0          1

 -0.180114   -0.98347 -0.0185858    1.39412
 -0.830922    0.14201    0.53796  -0.420159
 -0.526428   0.112338  -0.842765    1.41366
         0          0          0          1

 -0.179311  -0.983669 -0.0156021    1.39459
 -0.830687   0.142889   0.538091  -0.419714
 -0.527074   0.109446  -0.842742    1.41473
         0          0          0          1

-0.178834 -0.983767  -0.01489   1.39528
-0.831037  0.142934  0.537538 -0.419428
-0.526683  0.108504 -0.843108   1.41627
        0         0         0         1

 -0.177322   -0.98403 -0.0155463    1.39614
  -0.83194   0.141439   0.536535   -0.41906
 -0.525768   0.108073  -0.843735     1.4184
         0          0          0          1

 -0.176279   -0.98421 -0.0159908    1.39697
 -0.833083   0.140519   0.535002  -0.418839
 -0.524308   0.107632  -0.844699    1.42107
         0          0          0          1

 -0.173448   -0.98473 -0.0149342    1.39812
 -0.835557   0.139112   0.531501   -0.41782
 -0.521307   0.104666  -0.846926    1.42897
         0          0          0          1

 -0.171564  -0.985071 -0.0141972    1.39832
 -0.837022   0.138149   0.529442  -0.417327
 -0.519576   0.102716  -0.848228    1.43305
         0          0          0          1

 -0.167686   -0.98576 -0.0125962    1.39834
 -0.838893   0.135968   0.527039  -0.416732
 -0.517822  0.0989442  -0.849747      1.438
         0          0          0          1

 -0.163418  -0.986506 -0.0100057    1.39836
 -0.840801   0.133962   0.524508  -0.416234
  -0.51609  0.0941269  -0.851347     1.4432
         0          0          0          1

  -0.153146   -0.988202 -0.00180839     1.39775
  -0.845193    0.130035      0.5184   -0.414952
  -0.512049   0.0809196   -0.855136     1.45517
          0           0           0           1

 -0.148283  -0.988937 0.00387009    1.39699
 -0.847079    0.12903   0.515566  -0.414071
 -0.510362  0.0731715  -0.856841    1.46135
         0          0          0          1

-0.141468 -0.989882 0.0109265   1.39587
-0.848969  0.126992  0.512956 -0.412723
-0.509154 0.0632909 -0.858345   1.46821
        0         0         0         1

-0.134379  -0.99076 0.0183452   1.39466
-0.850765  0.124844  0.510503 -0.411255
-0.508076 0.0529936  -0.85968   1.47535
        0         0         0         1

-0.125822 -0.991714 0.0259295   1.39332
-0.852908  0.121486  0.507728 -0.409401
-0.506671 0.0417679 -0.861127   1.48339
        0         0         0         1

-0.117122 -0.992563 0.0331764   1.39165
-0.855337  0.117792  0.504503  -0.40723
-0.504659 0.0307112 -0.862772   1.49156
        0         0         0         1

-0.0986138  -0.993829   0.050784    1.38724
 -0.860841   0.110797   0.496666  -0.402155
 -0.499228 0.00526125  -0.866455    1.50992
         0          0          0          1

 -0.0889524    -0.99422   0.0601097     1.38436
  -0.864161    0.107044    0.491698   -0.399027
   -0.49529 -0.00820683   -0.868689     1.51945
          0           0           0           1

-0.0785927    -0.9944  0.0706476    1.38099
 -0.867815   0.103121    0.48607  -0.395698
 -0.490633 -0.0231075   -0.87106    1.53003
         0          0          0          1

-0.0683374  -0.994343  0.0813104    1.37719
 -0.871486  0.0991686    0.48029  -0.392033
 -0.485636 -0.0380391  -0.873333    1.54083
         0          0          0          1

-0.0491244  -0.993638   0.101338    1.36699
 -0.881271  0.0908699   0.463794  -0.383389
 -0.470052 -0.0665226  -0.880128    1.56483
         0          0          0          1

-0.0400228  -0.992888   0.112126    1.36099
 -0.886202  0.0871092   0.455037  -0.378716
 -0.461568 -0.0811543  -0.883385    1.57764
         0          0          0          1

-0.0309349  -0.991965   0.122673    1.35382
 -0.891262  0.0829301   0.445842  -0.373244
 -0.452433 -0.0955416  -0.886666    1.59098
         0          0          0          1

-0.0208875 -0.990834  0.133457   1.34611
-0.896366 0.0776831  0.436456 -0.367483
-0.442823  -0.11051 -0.889773   1.60444
        0         0         0         1

-0.0141351 -0.989693  0.142507   1.33741
 -0.90141 0.0742929  0.426545 -0.361303
-0.432736 -0.122428 -0.893169   1.61835
        0         0         0         1

-0.00630362 -0.988348  0.152082   1.32779
-0.905578 0.0701475  0.418339   -0.3547
-0.424133 -0.135085 -0.895468   1.63252
        0         0         0         1

0.00614154 -0.985445  0.169882   1.30504
-0.914943 0.0630184  0.398632 -0.339329
-0.403536  -0.15788 -0.901239    1.6614
        0         0         0         1

0.0127291 -0.983931  0.178093   1.29216
-0.918978 0.0586863  0.389916  -0.33066
-0.394102 -0.168626 -0.903465   1.67529
        0         0         0         1

 0.016191  -0.98225  0.186877   1.27824
-0.922239 0.0575353  0.382315 -0.321753
-0.386281 -0.178535 -0.904938   1.69008
        0         0         0         1

 0.020595 -0.980868   0.19358   1.26384
-0.925284  0.054643  0.375317 -0.312152
-0.378714 -0.186846 -0.906457   1.70391
        0         0         0         1

0.0232054 -0.979611  0.199558   1.24811
-0.927694 0.0532995  0.369518 -0.301843
-0.372621 -0.193703 -0.907542    1.7183
        0         0         0         1

0.0257225 -0.978531  0.204491   1.23204
-0.929695 0.0517695  0.364673 -0.291397
 -0.36743 -0.199494 -0.908404   1.73192
        0         0         0         1

0.0276924 -0.976944  0.211693   1.19579
-0.933282 0.0505922  0.355564 -0.267801
-0.358076 -0.207416 -0.910363   1.75956
        0         0         0         1

0.0258053 -0.976269  0.215019   1.17699
-0.934603  0.052769  0.351757 -0.255732
-0.354756 -0.210035 -0.911062   1.77281
        0         0         0         1

  0.02356 -0.975992  0.216527   1.15633
-0.935569 0.0548124  0.348865  -0.24251
-0.352358 -0.210795 -0.911817   1.78634
        0         0         0         1

0.0181886 -0.976138  0.216386    1.1361
-0.936637 0.0590879  0.345281 -0.229583
-0.349828 -0.208955 -0.913213   1.79936
        0         0         0         1

0.00510605 -0.976439  0.215732   1.09047
-0.938025 0.0700826  0.339407 -0.201783
 -0.34653 -0.204095 -0.915567   1.82703
        0         0         0         1

-0.00297784  -0.97663  0.214907   1.06657
-0.938866 0.0767173  0.335627 -0.187517
 -0.34427 -0.200769 -0.917153   1.84052
        0         0         0         1

-0.0153385 -0.977071  0.212363   1.04175
-0.939779 0.0866137  0.330627 -0.171997
 -0.34144 -0.194503 -0.919558   1.85445
        0         0         0         1

-0.0284914 -0.977343  0.209735   1.01704
-0.940554 0.0972538  0.325424 -0.157429
-0.338448 -0.187995 -0.922014    1.8679
        0         0         0         1

-0.0681267 -0.977444  0.199905  0.960065
 -0.94005  0.130002  0.315285 -0.124868
-0.334162 -0.166441 -0.927703   1.89812
        0         0         0         1

-0.0879151 -0.977122  0.193661     0.932
-0.939544  0.145931  0.309778 -0.108126
-0.330952 -0.154719 -0.930878   1.91217
        0         0         0         1

 -0.109821  -0.976127    0.18739   0.901733
 -0.938126   0.164088    0.30495 -0.0906544
 -0.328418  -0.142306  -0.933751    1.92747
         0          0          0          1

 -0.134906  -0.974157   0.181161   0.873002
 -0.936796   0.184962    0.29699 -0.0723222
 -0.322823  -0.129645  -0.937538    1.94177
         0          0          0          1

 -0.160355  -0.971694   0.173486   0.841724
 -0.934287   0.206119   0.290899 -0.0532042
 -0.318424  -0.115439  -0.940893    1.95737
         0          0          0          1

 -0.189583  -0.967972   0.164586   0.813341
 -0.929519   0.230938   0.287509 -0.0343533
  -0.31631 -0.0984788  -0.943531    1.97328
         0          0          0          1

 -0.247324  -0.956824   0.152702   0.750363
 -0.918892   0.281611   0.276283 0.00721933
 -0.307357 -0.0719856  -0.948868     2.0048
         0          0          0          1

-0.278691 -0.949026  0.147245  0.719416
-0.912862  0.309399  0.266374 0.0304529
-0.298353 -0.060178 -0.952556   2.01918
        0         0         0         1

 -0.305947    -0.9409   0.145272   0.684909
 -0.904453    0.33489   0.264221  0.0509963
 -0.297256 -0.0505537  -0.953459    2.03702
         0          0          0          1

 -0.336686  -0.931386   0.138429    0.65451
 -0.895096   0.362212    0.26001  0.0735137
 -0.292311 -0.0363657  -0.955632    2.05398
         0          0          0          1

 -0.402899  -0.906421   0.126778   0.592227
 -0.872354   0.422223   0.246427   0.124825
 -0.276895 -0.0113096  -0.960834    2.08703
         0          0          0          1

   -0.43214   -0.893107    0.124958    0.560819
  -0.859548    0.449837    0.242538    0.148942
  -0.272823 -0.00259687   -0.962061       2.103
          0           0           0           1

  -0.46621  -0.876765   0.118028   0.531632
 -0.845588   0.480847   0.231877   0.179151
 -0.260055 0.00829995  -0.965558    2.11842
         0          0          0          1

-0.496018 -0.860955  0.112797  0.503674
  -0.8312  0.508366  0.225102  0.206811
-0.251144 0.0178979 -0.967784   2.13462
        0         0         0         1

-0.531299 -0.841132  0.101086  0.477129
-0.812806  0.539743  0.219143  0.237413
-0.238888 0.0342675 -0.970442   2.15411
        0         0         0         1

-0.565849 -0.819559 0.0902143  0.454468
-0.792602  0.570829  0.214325  0.267279
-0.227149 0.0497714 -0.972587   2.17232
        0         0         0         1

-0.620077 -0.781146 0.0729076  0.399711
-0.755893  0.619732  0.211086  0.325595
-0.210073 0.0757794 -0.974745   2.20687
        0         0         0         1

-0.655971 -0.752651  0.056723  0.384988
-0.730727  0.652089  0.202034  0.362189
 -0.18905 0.0910795 -0.977735   2.22723
        0         0         0         1

-0.678116  -0.73331 0.0491404  0.357207
-0.712465  0.672308  0.200987  0.392027
-0.180423  0.101281 -0.978361   2.24558
        0         0         0         1

-0.706012 -0.707075 0.0398918   0.33732
-0.688334  0.698366  0.196167  0.424631
-0.166564  0.111037 -0.979759   2.26301
        0         0         0         1

-0.765857 -0.642717 0.0194577  0.309337
-0.629901  0.755978  0.178107  0.505604
-0.129182  0.124148 -0.983819    2.2918
        0         0         0         1

 -0.796405  -0.604729 0.00647592   0.304797
 -0.594806   0.785182   0.172322   0.546682
 -0.109293   0.133386  -0.985019    2.31181
         0          0          0          1

  -0.813571   -0.581465 0.000863502    0.283171
  -0.571787    0.800298    0.180505    0.574761
  -0.105648     0.14636   -0.983574     2.33661
          0           0           0           1

-0.839917 -0.542577 -0.012209   0.27616
-0.536296  0.826324  0.171975   0.61551
-0.0832211  0.150992 -0.985026   2.35296
        0         0         0         1

 -0.857375  -0.514532 -0.0128498   0.258532
  -0.50904   0.844006   0.168913   0.652891
-0.0760655   0.151363  -0.985547    2.36189
         0          0          0          1

  -0.87551  -0.482649 -0.0230822   0.250464
 -0.479428   0.861726   0.166061   0.687079
-0.0602588   0.156455  -0.985845    2.38449
         0          0          0          1

 -0.914674   -0.40204 -0.0416614   0.247214
  -0.40365   0.903234   0.145724   0.775417
-0.0209568   0.150106  -0.988448     2.4124
         0          0          0          1

  -0.93558  -0.349208 -0.0523866   0.262554
 -0.353114   0.924758   0.141892   0.821235
-0.0011051    0.15125  -0.988495    2.43454
         0          0          0          1

 -0.948972  -0.309964 -0.0580856   0.262009
 -0.314983   0.940622   0.126557   0.871274
 0.0154084   0.138395  -0.990257    2.43793
         0          0          0          1

 -0.963743  -0.259131 -0.0636436   0.273082
 -0.264749   0.958367   0.106958   0.926886
 0.0332777    0.11993  -0.992224    2.43918
         0          0          0          1

 -0.982769   -0.16178 -0.0894036   0.307835
 -0.170279    0.98057  0.0974016    1.01404
 0.0719089   0.110947  -0.991221    2.47325
         0          0          0          1

