-0.844017 -0.520062  -0.13104  0.701732
 -0.52797  0.848637 0.0325994   0.82897
 0.094252 0.0966999 -0.990841   2.58588
        0         0         0         1

-0.825463 -0.551099 -0.122066  0.706228
-0.559766  0.827053 0.0514294  0.781494
0.0726127  0.110782 -0.991189   2.59395
        0         0         0         1

-0.816359 -0.564543 -0.121856  0.721156
-0.572381  0.818997 0.0402933  0.763822
0.0770524  0.102642  -0.99173    2.5754
        0         0         0         1

-0.788829 -0.605236 -0.106946  0.751812
-0.612458  0.788629 0.0544032  0.698789
 0.051414  0.108415 -0.992775   2.56411
        0         0         0         1

-0.771637 -0.628071 -0.100513  0.759907
 -0.63476  0.770492  0.058507   0.66865
0.0406979  0.108948 -0.993214   2.55421
        0         0         0         1

 -0.748827  -0.657556 -0.0829352   0.761525
 -0.662404    0.74667  0.0608655   0.636506
 0.0219028   0.100514  -0.994695    2.53891
         0          0          0          1

 -0.719496  -0.692228 -0.0560864   0.750709
 -0.694396   0.715674  0.0749965   0.597593
-0.0117751  0.0929059  -0.995605    2.53278
         0          0          0          1

 -0.688943  -0.723681 -0.0405489   0.781505
  -0.72403   0.684514  0.0849714   0.537809
-0.0337358  0.0878991  -0.995558    2.51347
         0          0          0          1

 -0.658991  -0.751517 -0.0308819   0.783405
  -0.75071   0.654632   0.088835   0.510856
-0.0465447  0.0817248  -0.995568    2.49962
         0          0          0          1

 -0.630977   -0.77575 -0.0089119   0.785272
 -0.772201   0.626901   0.103445   0.475124
-0.0746608  0.0721534  -0.994595    2.48683
         0          0          0          1

 -0.608242  -0.793748 0.00222154   0.794564
 -0.788851   0.604795   0.109254   0.448736
 -0.088064  0.0647006  -0.994011    2.47728
         0          0          0          1

-0.567173 -0.823015 0.0310146  0.817067
-0.815324  0.566401  0.120153  0.397948
-0.116455 0.0428607 -0.992271   2.44609
        0         0         0         1

-0.557184 -0.829936 0.0274195   0.83987
-0.820803  0.555455  0.133238  0.369566
-0.125809 0.0517323 -0.990705   2.44324
        0         0         0         1

-0.531611 -0.846225 0.0359691  0.849321
-0.837734  0.531588   0.12496  0.353938
-0.124865 0.0362973  -0.99151   2.41996
        0         0         0         1

-0.512403 -0.857332 0.0492456  0.861805
-0.846333   0.51388  0.140169  0.326677
-0.145477 0.0301446 -0.988902   2.41099
        0         0         0         1

-0.491417 -0.868988 0.0580494  0.874509
 -0.85767  0.494446  0.141156  0.304165
-0.151366 0.0195795 -0.988284   2.39347
        0         0         0         1

 -0.471329  -0.879146  0.0703649   0.885913
 -0.867017    0.47649   0.145733   0.284636
 -0.161648 0.00768032  -0.986819    2.37429
         0          0          0          1

 -0.421586  -0.901668  0.0962235   0.904413
 -0.884499   0.432285   0.175474   0.232691
 -0.199815 -0.0111321   -0.97977    2.34827
         0          0          0          1

 -0.406728  -0.908162  0.0990656   0.922044
 -0.890977   0.418296   0.176602   0.215548
 -0.201822 -0.0164362  -0.979284     2.3312
         0          0          0          1

-0.390873 -0.914349  0.105753  0.939616
-0.895966  0.404279  0.183855  0.195797
-0.210862 -0.022887 -0.977248   2.31339
        0         0         0         1

 -0.372889  -0.920588    0.11607   0.952212
 -0.901478   0.389061   0.189656   0.177328
 -0.219754 -0.0339135  -0.974966    2.29681
         0          0          0          1

 -0.341525  -0.931571   0.124644   0.984941
 -0.909878   0.360941   0.204557   0.139105
 -0.235548 -0.0435499  -0.970886    2.26291
         0          0          0          1

 -0.323117  -0.936709   0.134799   0.997656
 -0.911993   0.346245   0.219962   0.118908
 -0.252714 -0.0518628   -0.96615    2.24828
         0          0          0          1

-0.305777 -0.941382   0.14248   1.01149
-0.914719  0.331985   0.23038 0.0994335
-0.264177 -0.059884 -0.962613   2.23106
        0         0         0         1

 -0.293213  -0.944477   0.148289    1.02613
 -0.916287   0.321883   0.238348  0.0819276
 -0.272846 -0.0659885  -0.959792    2.21533
         0          0          0          1

 -0.274742  -0.948605   0.157054    1.03942
 -0.918876   0.307135    0.24766  0.0648916
 -0.283168 -0.0762703  -0.956033    2.19612
         0          0          0          1

 -0.260593  -0.951515   0.163436     1.0533
 -0.919896   0.296099   0.257131  0.0476684
 -0.293057 -0.0833377  -0.952456    2.18081
         0          0          0          1

-0.233336 -0.956182  0.176834   1.08298
 -0.92044  0.275834  0.276959 0.0132864
  -0.3136  -0.09814  -0.94447   2.14564
        0         0         0         1

  -0.222796   -0.957645    0.182423      1.0969
  -0.919472    0.268605    0.287094 -0.00277677
  -0.323934   -0.103769   -0.940372      2.1295
          0           0           0           1

 -0.209598  -0.959282   0.189332    1.11034
 -0.919462   0.259241   0.295607 -0.0187047
 -0.332653  -0.112125   -0.93636    2.11174
         0          0          0          1

 -0.198047  -0.960465   0.195664    1.12313
 -0.919672   0.251135   0.301885 -0.0322806
 -0.339088   -0.12016  -0.933049    2.09403
         0          0          0          1

 -0.176102   -0.96205   0.208444    1.15015
 -0.917237   0.237232   0.319997 -0.0620043
 -0.357302   -0.13484  -0.924204    2.05888
         0          0          0          1

 -0.165178  -0.962669   0.214442    1.16137
 -0.915848   0.230398   0.328847 -0.0754695
 -0.365977  -0.142078  -0.919714    2.04301
         0          0          0          1

 -0.158554  -0.962816   0.218739    1.17581
 -0.913759   0.227017   0.336909 -0.0904888
 -0.374038  -0.146456  -0.915776    2.02532
         0          0          0          1

-0.150603 -0.962634  0.225066   1.18729
-0.912184  0.223077  0.343739 -0.102467
-0.381102 -0.153534 -0.911696   2.00815
        0         0         0         1

-0.143179 -0.962111  0.232039   1.19948
-0.910061  0.220131  0.351185 -0.115288
-0.388958 -0.160887 -0.907098   1.98946
        0         0         0         1

-0.138823 -0.961311  0.237928   1.21138
-0.907595  0.219627  0.357819 -0.126775
-0.396231 -0.166269 -0.902971   1.97245
        0         0         0         1

-0.129974 -0.958594  0.253387   1.23582
-0.901857   0.22049  0.371535 -0.150096
 -0.41202 -0.180229 -0.893172   1.93628
        0         0         0         1

-0.124478 -0.957022  0.261945   1.24546
-0.898392  0.220772  0.379674   -0.1606
-0.421186 -0.188068 -0.887261   1.92001
        0         0         0         1

-0.121244 -0.955189  0.270025   1.25698
-0.894994  0.222843  0.386429 -0.171246
-0.429286 -0.194818 -0.881907   1.90144
        0         0         0         1

 -0.11865  -0.95349  0.277091   1.26753
-0.891553  0.225148   0.39299 -0.180703
-0.437099 -0.200413 -0.876801   1.88463
        0         0         0         1

-0.113974  -0.95117  0.286855   1.27779
-0.888586  0.226733  0.398757 -0.189842
-0.444325 -0.209448 -0.871038   1.86604
        0         0         0         1

-0.110808 -0.949199  0.294521   1.28739
-0.885332  0.228924  0.404699 -0.198352
-0.451563 -0.215905 -0.865723   1.84969
        0         0         0         1

-0.105557 -0.944048  0.312459   1.30726
-0.877781  0.236111  0.416836 -0.215503
-0.467288 -0.230271 -0.853591    1.8154
        0         0         0         1

-0.105175 -0.941595  0.319903   1.31653
-0.873856  0.241056  0.422218 -0.223091
-0.474673 -0.235142 -0.848171   1.79963
        0         0         0         1

-0.104342 -0.938813  0.328243   1.32597
-0.869538  0.246308   0.42806 -0.230972
-0.482717 -0.240755 -0.842034   1.78241
        0         0         0         1

 -0.10435 -0.936596  0.334513   1.33448
 -0.86654  0.250688  0.431584 -0.237694
-0.488078 -0.244833 -0.837757   1.76689
        0         0         0         1

 -0.10359 -0.931598  0.348417    1.3507
-0.860397  0.259673  0.438505  -0.25052
-0.498984 -0.254352 -0.828444   1.73578
        0         0         0         1

 -0.10395 -0.929241  0.354551    1.3582
-0.856857  0.264664  0.442436 -0.256904
-0.504966 -0.257808 -0.823738   1.72257
        0         0         0         1

-0.105652 -0.926655   0.36076   1.36587
-0.854127  0.270346  0.444274 -0.263051
-0.509219 -0.261197 -0.820044   1.70763
        0         0         0         1

-0.107805 -0.924083  0.366673   1.37291
-0.851289  0.276305  0.446053 -0.268575
-0.513503 -0.264058 -0.816448    1.6947
        0         0         0         1

-0.109612 -0.921298   0.37309   1.38021
-0.848475  0.282245  0.447691 -0.274101
-0.517759 -0.267485 -0.812636   1.68073
        0         0         0         1

-0.110557 -0.918662  0.379259   1.38649
-0.845849  0.287332  0.449421 -0.278888
-0.521839 -0.271109 -0.808816   1.66863
        0         0         0         1

 -0.11306 -0.913872  0.389943   1.39954
-0.841069   0.29697  0.452119 -0.287891
 -0.52898 -0.276852 -0.802205   1.64293
        0         0         0         1

-0.115401 -0.911863   0.39394    1.4057
-0.838453  0.302072  0.453596 -0.292076
-0.532616 -0.277955 -0.799413   1.63164
        0         0         0         1

-0.116504 -0.909937  0.398046    1.4119
-0.836031  0.306206  0.455292 -0.296062
-0.536171 -0.279735  -0.79641   1.61959
        0         0         0         1

-0.117652 -0.908198  0.401665   1.41729
-0.833757  0.310058  0.456851 -0.299608
-0.539451 -0.281142 -0.793695   1.60931
        0         0         0         1

-0.121568 -0.906135  0.405142   1.42808
-0.830668  0.316305  0.458193 -0.306256
-0.543334 -0.280837  -0.79115   1.58751
        0         0         0         1

-0.122988 -0.904785  0.407724   1.43281
-0.828934  0.319553  0.459079 -0.309367
-0.545657 -0.281515 -0.789308   1.57833
        0         0         0         1

-0.125472 -0.903469  0.409879   1.43745
-0.827551   0.32318  0.459036 -0.312372
-0.547189 -0.281599 -0.788217   1.56814
        0         0         0         1

-0.126717 -0.901856  0.413036   1.44138
-0.826028   0.32648  0.459443 -0.314836
  -0.5492  -0.28296 -0.786329    1.5595
        0         0         0         1

-0.128732 -0.900064  0.416309   1.44567
-0.824401  0.330455  0.459524 -0.317462
-0.551172 -0.284051 -0.784554   1.55015
        0         0         0         1

 -0.12907 -0.898762  0.419008   1.44954
-0.823212  0.332694   0.46004 -0.319533
-0.552868 -0.285555 -0.782812   1.54202
        0         0         0         1

-0.128998 -0.896621  0.423593   1.45787
-0.820187   0.33656  0.462624 -0.323593
-0.557363 -0.287748 -0.778812   1.52568
        0         0         0         1

-0.127998 -0.896514  0.424123   1.46163
-0.818918  0.336767  0.464716 -0.325075
-0.559455 -0.287839 -0.777277   1.51847
        0         0         0         1

 -0.12839 -0.896687  0.423637   1.46581
-0.817742    0.3374  0.466325 -0.326934
-0.561083 -0.286554 -0.776578   1.51116
        0         0         0         1

-0.127313 -0.897408  0.422433   1.46919
 -0.81751  0.336117  0.467657 -0.328027
-0.561666 -0.285804 -0.776432   1.50478
        0         0         0         1

-0.127336 -0.898299   0.42053   1.47623
-0.816392  0.335705    0.4699 -0.331012
-0.563284 -0.283482 -0.776111   1.49246
        0         0         0         1

-0.126904 -0.898885  0.419405   1.47928
-0.816455  0.334773  0.470455 -0.332264
-0.563291 -0.282722 -0.776384   1.48707
        0         0         0         1

-0.126485 -0.899177  0.418906   1.48261
-0.816374   0.33425  0.470967 -0.333631
-0.563502 -0.282414 -0.776343   1.48153
        0         0         0         1

-0.124931 -0.899658   0.41834   1.48522
-0.816719  0.332659  0.471495 -0.334375
-0.563349 -0.282762 -0.776327   1.47643
        0         0         0         1

-0.123231 -0.899945  0.418227   1.48828
-0.816767  0.331348  0.472335 -0.335462
-0.563654 -0.283388 -0.775877   1.47153
        0         0         0         1

-0.121199 -0.900296  0.418064   1.49099
-0.817041  0.329656  0.473045 -0.336388
-0.563698 -0.284243 -0.775533   1.46734
        0         0         0         1

-0.116222 -0.901166  0.417603   1.49637
-0.817619   0.32552  0.474906 -0.338175
-0.563907 -0.286246 -0.774643   1.45941
        0         0         0         1

-0.111655 -0.901404  0.418335   1.49871
-0.818452  0.322173  0.475753 -0.338732
-0.563622 -0.289266 -0.773728    1.4569
        0         0         0         1

-0.109756 -0.901959  0.417641   1.50116
 -0.81962  0.319829  0.475324 -0.339782
-0.562296 -0.290137 -0.774367    1.4541
        0         0         0         1

-0.107081 -0.902084  0.418064   1.50314
-0.820801  0.317497  0.474848 -0.340564
-0.561087 -0.292301  -0.77443   1.45187
        0         0         0         1

-0.0961587 -0.901713  0.421506   1.50663
-0.823663  0.309849  0.474946 -0.341486
-0.558868 -0.301509 -0.772502   1.44848
        0         0         0         1

-0.0910686 -0.900224  0.425797   1.50789
-0.824278  0.308072  0.475034 -0.341749
-0.558814 -0.307715  -0.77009   1.44727
        0         0         0         1

-0.0847904 -0.898566  0.430569   1.50902
-0.825017  0.305618  0.475336  -0.34182
 -0.55871 -0.314923 -0.767246   1.44618
        0         0         0         1

-0.0783512 -0.896692  0.435666   1.51004
-0.825238  0.303521  0.476296 -0.341862
-0.559325  -0.32221 -0.763765   1.44595
        0         0         0         1

-0.071737 -0.894563  0.441147   1.51076
-0.825537   0.30147  0.477079  -0.34161
 -0.55977 -0.329959 -0.760121    1.4456
        0         0         0         1

-0.0655717 -0.892691  0.445874    1.5111
-0.826053  0.299224  0.477599 -0.341269
-0.559765 -0.336998 -0.757031   1.44592
        0         0         0         1

-0.0504214 -0.886824  0.459348   1.51051
-0.826856  0.295026  0.478821 -0.339761
-0.560149 -0.355672 -0.748151   1.44836
        0         0         0         1

-0.0445147 -0.883665  0.465998   1.50959
-0.827559  0.293913   0.47829  -0.33891
-0.559611  -0.36435 -0.744369   1.44979
        0         0         0         1

-0.037087 -0.880351  0.472871   1.50827
-0.828318  0.291794  0.478273 -0.337648
-0.559029  -0.37395 -0.740033   1.45172
        0         0         0         1

-0.0294756 -0.876883    0.4798    1.5063
-0.828741  0.289811  0.478747  -0.33608
-0.558856 -0.383518 -0.735251    1.4543
        0         0         0         1

-0.0158151 -0.868801  0.494909   1.49915
-0.829805  0.287548  0.478267 -0.331905
-0.557829 -0.403114 -0.725483    1.4618
        0         0         0         1

-0.00848878 -0.864647  0.502308   1.49556
-0.830478  0.285895   0.47809 -0.329735
-0.556987 -0.413097 -0.720498   1.46541
        0         0         0         1

-0.00107453 -0.859928  0.510414   1.49098
-0.831179  0.284561  0.477668 -0.327332
-0.556004 -0.423732  -0.71506   1.46945
        0         0         0         1

0.00645973  -0.85553  0.517713   1.48633
-0.831844  0.282731  0.477597 -0.324904
-0.554972 -0.433742 -0.709841   1.47356
        0         0         0         1

0.0148015 -0.850545  0.525694   1.48023
-0.832112  0.281036   0.47813 -0.321928
 -0.55441 -0.444514 -0.703588    1.4787
        0         0         0         1

0.0223273 -0.846267  0.532291   1.47392
-0.832743  0.278873  0.478298 -0.319054
 -0.55321 -0.453941 -0.698496   1.48362
        0         0         0         1

0.0346474 -0.837536  0.545283   1.45773
-0.834749  0.275763  0.476602 -0.312926
 -0.54954 -0.471687 -0.689577   1.49455
        0         0         0         1

0.0397379 -0.833183  0.551568   1.44876
-0.835404  0.275144  0.475811 -0.309699
-0.548198  -0.47969 -0.685111   1.49992
        0         0         0         1

0.0444939 -0.828858  0.557686   1.43805
-0.836373  0.274391  0.474541  -0.30605
-0.546351 -0.487548 -0.681026   1.50568
        0         0         0         1

0.0493924 -0.824767  0.563311   1.42715
-0.836966  0.273589   0.47396 -0.302471
-0.545022 -0.494882 -0.676789   1.51124
        0         0         0         1

0.0580091 -0.815509  0.575829   1.40101
-0.838284  0.273443  0.471708 -0.294521
-0.542139 -0.510072 -0.667767   1.52348
        0         0         0         1

0.0612644 -0.810792   0.58212   1.38748
-0.838963  0.274124  0.470103 -0.290569
-0.540729 -0.517178  -0.66343   1.52891
        0         0         0         1

0.0659928  -0.80494  0.589676    1.3715
-0.839367  0.274766  0.469007 -0.285982
-0.539545 -0.525905 -0.657507   1.53487
        0         0         0         1

0.0684419 -0.800118  0.595926   1.35599
-0.839279  0.276764  0.467988 -0.281885
-0.539376 -0.532178 -0.652579   1.54022
        0         0         0         1

0.0701481 -0.794547  0.603137   1.33824
 -0.83945  0.279613  0.465984 -0.277463
-0.538891 -0.538991 -0.647368   1.54588
        0         0         0         1

0.0705867 -0.789174    0.6101   1.32113
-0.839261  0.283584   0.46392 -0.273348
-0.539128 -0.544779 -0.642306    1.5509
        0         0         0         1

0.0710022 -0.777421   0.62496   1.28135
-0.838541  0.292789  0.459483 -0.263837
-0.540193 -0.556678 -0.631111   1.56057
        0         0         0         1

 0.070321 -0.771947  0.631786   1.26151
 -0.83791  0.297948  0.457311 -0.259133
-0.541259 -0.561538  -0.62587   1.56467
        0         0         0         1

 0.069683 -0.765861  0.639219    1.2388
-0.837254  0.303476  0.454871 -0.253814
-0.542356 -0.566886 -0.620073   1.56888
        0         0         0         1

0.0663652 -0.760966  0.645389   1.21741
-0.836583  0.310083  0.451639 -0.249092
-0.543806 -0.569895 -0.616032   1.57249
        0         0         0         1

0.0578232 -0.751203  0.657533   1.16908
 -0.83392  0.325752  0.445492 -0.238187
-0.548848  -0.57409 -0.607607    1.5797
        0         0         0         1

0.0531336 -0.746725  0.663008   1.14509
-0.832671  0.333362  0.442186 -0.232778
-0.551213 -0.575562 -0.604063   1.58266
        0         0         0         1

0.0459864 -0.741829   0.66901    1.1187
-0.830811  0.343452  0.437943 -0.226823
-0.554651 -0.575961 -0.600526   1.58583
        0         0         0         1

0.0385082 -0.737947  0.673759   1.09368
-0.829275  0.352586  0.433573 -0.221132
-0.557512 -0.575428 -0.598384   1.58831
        0         0         0         1

0.0311543 -0.733534  0.678939   1.06542
-0.826875  0.362695  0.429802 -0.214711
-0.561522 -0.574788 -0.595241   1.59101
        0         0         0         1

0.0228669 -0.729391  0.683715   1.03962
-0.824903  0.372607  0.425088 -0.208816
-0.564812 -0.573719 -0.593156   1.59308
        0         0         0         1

0.00158246 -0.721221  0.692703  0.982657
-0.819329  0.396208  0.414391 -0.195309
-0.573322 -0.568208  -0.59029    1.5975
        0         0         0         1

-0.00830289 -0.717636  0.696369  0.955791
-0.816176  0.407214  0.409918 -0.188646
-0.577743 -0.564957 -0.589098   1.59929
        0         0         0         1

-0.0216945 -0.713429  0.700391  0.925983
-0.812998  0.420312  0.402954 -0.180927
-0.581862 -0.560675 -0.589135   1.60071
        0         0         0         1

-0.0332819 -0.709757   0.70366  0.898274
-0.809091  0.432457  0.397936 -0.173664
 -0.58674 -0.556081 -0.588651   1.60201
        0         0         0         1

-0.0600986 -0.701588  0.710044  0.838695
-0.800758  0.458581  0.385344 -0.157198
-0.595966 -0.545414 -0.589362   1.60402
        0         0         0         1

-0.0744764 -0.698074  0.712142  0.811114
-0.796619  0.471227  0.378607 -0.148873
-0.599877 -0.539108 -0.591194   1.60474
        0         0         0         1

-0.0904377 -0.694191  0.714087  0.780869
-0.791451  0.485327  0.371568 -0.139677
-0.604505 -0.531561  -0.59331   1.60545
        0         0         0         1

-0.104443 -0.689986  0.716248  0.753085
-0.785808  0.498685  0.365814 -0.130818
-0.609589 -0.524627  -0.59428   1.60574
        0         0         0         1

-0.121294 -0.685245  0.718142  0.722876
 -0.77965  0.513551  0.358344 -0.120809
-0.614356 -0.516435 -0.596542   1.60573
        0         0         0         1

-0.136622 -0.680507  0.719892  0.695335
-0.772999  0.527706  0.352134 -0.111346
-0.619521 -0.508367 -0.598127   1.60626
        0         0         0         1

 -0.168807  -0.667953   0.724806   0.637468
 -0.759662   0.556717   0.336124 -0.0900156
 -0.628027  -0.493867  -0.601396    1.60467
         0          0          0          1

 -0.182026  -0.663709   0.725504   0.610452
 -0.751635   0.569625   0.332524 -0.0803439
 -0.633964  -0.484787  -0.602554    1.60502
         0          0          0          1

 -0.199009   -0.65839   0.725891   0.581631
   -0.7444   0.583312   0.324986 -0.0687907
 -0.637388  -0.475678   -0.60619    1.60454
         0          0          0          1

-0.217986 -0.652413  0.725837  0.556848
-0.737032   0.59756  0.315763 -0.057268
-0.639739 -0.466133 -0.611109   1.60435
        0         0         0         1

 -0.252522   -0.64207   0.723864   0.504103
 -0.721098   0.623708   0.301673 -0.0332102
 -0.645175  -0.445797  -0.620495     1.6036
         0          0          0          1

 -0.26857 -0.638565  0.721183  0.480156
-0.712615  0.635456  0.297279  -0.02218
-0.648112 -0.434086 -0.625716   1.60309
        0         0         0         1

  -0.285954   -0.632884    0.719506    0.455041
  -0.705429    0.647214    0.288936 -0.00928398
  -0.648537   -0.424938   -0.631528     1.60148
          0           0           0           1

-0.300165 -0.629302  0.716854  0.432638
-0.696194  0.658266  0.286355 0.0018812
-0.652085 -0.413116 -0.635705    1.6011
        0         0         0         1

 -0.31425 -0.624253  0.715231  0.409111
-0.687076  0.669453  0.282417 0.0141232
-0.655113 -0.402669 -0.639285   1.59959
        0         0         0         1

-0.327133 -0.619324  0.713738  0.388163
 -0.67758  0.680202  0.279663 0.0256869
-0.658688 -0.392128 -0.642157   1.59841
        0         0         0         1

-0.353865 -0.609745  0.709219  0.347413
-0.659845  0.700161  0.272727 0.0497405
-0.662861 -0.371466 -0.650099   1.59657
        0         0         0         1

-0.365719 -0.603201  0.708801  0.329824
-0.652092  0.709456  0.267299 0.0618619
-0.664098 -0.364447 -0.652804   1.59418
        0         0         0         1

-0.378168 -0.598372  0.706357  0.311094
-0.643956  0.718201  0.263646   0.07433
-0.665064  -0.35516 -0.656926   1.59252
        0         0         0         1

-0.387682  -0.59239  0.706241  0.295848
 -0.63767  0.725608  0.258593 0.0858041
-0.665642 -0.350097 -0.659054   1.58937
        0         0         0         1

-0.410646 -0.578141  0.705069  0.267015
-0.621632  0.743222  0.247375  0.110497
-0.667041  -0.33671 -0.664592   1.58568
        0         0         0         1

-0.420422 -0.572909  0.703577  0.255513
-0.613184  0.750959  0.245083   0.12188
-0.668768 -0.328384 -0.667018    1.5851
        0         0         0         1

-0.423663  -0.57059  0.703518  0.240327
-0.606687  0.755471  0.247375  0.130585
-0.672637 -0.322012 -0.666234   1.58307
        0         0         0         1

 -0.43314 -0.564008  0.703054  0.231607
-0.599238  0.762862  0.242807  0.141833
-0.673278 -0.316128 -0.668401   1.58072
        0         0         0         1

-0.440644 -0.558507  0.702782  0.221245
-0.590781  0.769871  0.241403  0.153324
-0.675877 -0.308818 -0.669195    1.5798
        0         0         0         1

-0.445432 -0.556154  0.701629  0.212022
-0.586095  0.773547  0.241076  0.161542
-0.676818 -0.303838 -0.670522   1.57792
        0         0         0         1

 -0.45684 -0.543373  0.704303  0.197066
-0.575905  0.784091  0.231375   0.18299
-0.677961  -0.29991 -0.671136   1.57053
        0         0         0         1

-0.461663 -0.537425  0.705721  0.192311
-0.570003  0.789316  0.228205  0.192144
 -0.67968 -0.296909 -0.670731   1.56762
        0         0         0         1

-0.467213 -0.532704  0.705647  0.186842
-0.563479  0.794433  0.226647  0.201591
-0.681325 -0.291725 -0.671337   1.56599
        0         0         0         1

-0.472077 -0.528146  0.705836  0.182758
-0.559954   0.79805  0.222637  0.209577
-0.680877 -0.290134 -0.672479   1.56231
        0         0         0         1

-0.479783 -0.518282  0.707949  0.177874
-0.552069  0.805461  0.215528  0.227572
 -0.68193  -0.28743 -0.672574   1.55364
        0         0         0         1

-0.478448  -0.52239   0.70583  0.171492
-0.550356   0.80473  0.222527  0.230299
-0.684248  -0.28199 -0.672522   1.55238
        0         0         0         1

-0.477556 -0.521857  0.706828  0.168236
-0.548899  0.805381  0.223766  0.235404
-0.686039 -0.281116 -0.671062   1.54801
        0         0         0         1

-0.477153 -0.522102  0.706919  0.166537
-0.545883  0.806476  0.227173  0.239752
-0.688721 -0.277499 -0.669819   1.54556
        0         0         0         1

-0.482552 -0.518936  0.705584  0.167318
-0.542542  0.809521  0.224332  0.247209
-0.687599 -0.274557  -0.67218   1.54279
        0         0         0         1

-0.481209 -0.520728  0.705181  0.164523
-0.540955  0.809403  0.228546  0.249965
-0.689786 -0.271493 -0.671183     1.541
        0         0         0         1

-0.483707 -0.513184  0.708992  0.167438
-0.535119  0.814424  0.224416  0.262434
-0.692586 -0.270843 -0.668557   1.53299
        0         0         0         1

-0.485006 -0.512736  0.708429  0.167145
-0.532713  0.815661  0.225641  0.265717
-0.693532 -0.267952 -0.668741   1.53272
        0         0         0         1

-0.482544 -0.513856  0.709298  0.164005
-0.533944  0.814523  0.226838  0.266996
-0.694301 -0.269266 -0.667414   1.52675
        0         0         0         1

-0.483925 -0.511436  0.710106  0.165717
-0.531831  0.816283  0.225474  0.270729
-0.694963 -0.268543 -0.667017   1.52533
        0         0         0         1

-0.481483 -0.508378   0.71395  0.162198
-0.528734  0.818147  0.225998  0.273201
-0.699009 -0.268676 -0.662721   1.52266
        0         0         0         1

-0.482358 -0.505305   0.71554  0.162246
-0.526673  0.820012  0.224043  0.275601
-0.699962 -0.268787  -0.66167   1.52079
        0         0         0         1

-0.482506  -0.50069  0.718678   0.16491
-0.525701  0.821833   0.21961  0.279434
-0.700589 -0.271847 -0.659753   1.51551
        0         0         0         1

-0.480666 -0.499552    0.7207   0.16324
-0.526123  0.821797  0.218733  0.279706
-0.701537  -0.27404 -0.657835   1.51262
        0         0         0         1

-0.481262 -0.496141  0.722656  0.163788
-0.523519  0.823913  0.217015  0.281704
-0.703076 -0.273883 -0.656257   1.51216
        0         0         0         1

 -0.48064 -0.493281  0.725023   0.16423
 -0.52258   0.82506  0.214908  0.282876
-0.704198  -0.27559 -0.654336   1.51069
        0         0         0         1

-0.480225 -0.489125  0.728108  0.163093
-0.523614  0.825817  0.209413  0.284457
-0.703713 -0.280682 -0.652691   1.50793
        0         0         0         1

-0.480562 -0.488902  0.728035  0.162728
-0.523643  0.825909  0.208981  0.284799
-0.703462 -0.280803  -0.65291   1.50789
        0         0         0         1

-0.478556 -0.487836  0.730069  0.162758
-0.523439  0.826066   0.20887  0.285104
-0.704979 -0.282191 -0.650671   1.50654
        0         0         0         1

-0.475765 -0.490003  0.730442  0.161204
 -0.52489   0.82454  0.211246  0.283929
 -0.70579 -0.282898 -0.649484   1.50533
        0         0         0         1

 -0.47961 -0.486421  0.730321  0.164248
-0.523261  0.826661  0.206955  0.287208
-0.704395 -0.282891    -0.651   1.50437
        0         0         0         1

-0.478273 -0.489056  0.729438  0.163039
-0.523579  0.825627   0.21025  0.286586
-0.705068 -0.281361 -0.650934   1.50468
        0         0         0         1

-0.477818 -0.490574  0.728716  0.162799
-0.522733   0.82547  0.212953  0.286701
-0.706002 -0.279171 -0.650864   1.50495
        0         0         0         1

-0.478386 -0.490555  0.728356  0.163027
-0.522934  0.825462  0.212492  0.287437
-0.705469 -0.279229 -0.651417   1.50438
        0         0         0         1

-0.479144 -0.490651  0.727793  0.162723
-0.522559  0.825669  0.212608   0.28815
-0.705232 -0.278445 -0.652009   1.50358
        0         0         0         1

-0.479784 -0.491095  0.727072  0.161958
-0.521492  0.826033  0.213812  0.288491
-0.705587 -0.276579  -0.65242   1.50452
        0         0         0         1

-0.479834 -0.490009  0.727771   0.16016
-0.519258   0.82723  0.214618  0.289546
-0.707199  -0.27492 -0.651374   1.50511
        0         0         0         1

-0.481791 -0.487851  0.727927    0.1605
-0.517724  0.828683  0.212713  0.291385
-0.706993 -0.274382 -0.651824   1.50593
        0         0         0         1

 -0.48211 -0.485832  0.729066  0.159578
-0.516132  0.829924  0.211738  0.292964
-0.707939 -0.274213 -0.650868   1.50672
        0         0         0         1

-0.482717 -0.485842  0.728658  0.156649
-0.515286  0.830317  0.212261  0.293732
-0.708142 -0.273005 -0.651155   1.50914
        0         0         0         1

 -0.48434 -0.484568  0.728429  0.154333
-0.515082  0.830947  0.210282  0.295573
-0.707181 -0.273353 -0.652053   1.51069
        0         0         0         1

 -0.48762 -0.477261   0.73106  0.155653
-0.513792  0.833872   0.20168  0.300283
-0.705865  -0.27727 -0.651826   1.51002
        0         0         0         1

-0.492945 -0.466951   0.73414  0.153418
-0.510772  0.838391  0.190298  0.306989
-0.704356 -0.281172 -0.651786   1.51454
        0         0         0         1

-0.497019 -0.460254  0.735621  0.153106
 -0.50962  0.840964  0.181842   0.31186
-0.702325 -0.284508  -0.65253   1.51817
        0         0         0         1

-0.495395 -0.457129  0.738659  0.149868
-0.510276  0.841299  0.178423  0.314235
-0.702995  -0.28853 -0.650037   1.52103
        0         0         0         1

-0.496766 -0.454577  0.739313  0.146502
-0.510758  0.841844  0.174427  0.317171
-0.701676 -0.290961 -0.650378   1.52653
        0         0         0         1

 -0.49946 -0.449596  0.740543  0.142287
-0.510149  0.843511  0.168039  0.325806
-0.700206 -0.293858  -0.65066   1.54045
        0         0         0         1

-0.499192 -0.449686  0.740668  0.137449
-0.512357  0.842533  0.166216  0.329356
-0.698783 -0.296512 -0.650986   1.54534
        0         0         0         1

-0.499058 -0.450321  0.740373  0.131671
 -0.51697  0.840401  0.162691  0.332476
-0.695473 -0.301559 -0.652212   1.54761
        0         0         0         1

-0.504279 -0.448518  0.737925  0.131263
-0.516581  0.841454  0.158426  0.339402
-0.691987 -0.301307 -0.656024   1.55691
        0         0         0         1

-0.507288 -0.449184  0.735454  0.127593
-0.519795  0.840183  0.154614  0.345223
-0.687366 -0.303852 -0.659699   1.56305
        0         0         0         1

-0.507662 -0.453179   0.73274  0.119358
 -0.52578   0.83671  0.153207  0.348151
-0.682521 -0.307482 -0.663038    1.5676
        0         0         0         1

-0.517684  -0.45784  0.722763  0.109735
-0.532059   0.83383  0.147105  0.359759
-0.670013 -0.308399 -0.675258   1.58884
        0         0         0         1

-0.523522 -0.457984  0.718453   0.10519
-0.534133  0.833383  0.142036  0.367534
-0.663798  -0.30939 -0.680919   1.59806
        0         0         0         1

-0.529935 -0.456428  0.714733  0.101632
-0.537429  0.832708  0.133294  0.376987
-0.656003 -0.313481 -0.686578   1.60748
        0         0         0         1

-0.535602 -0.457586   0.70975  0.097024
-0.540711  0.831415  0.127986  0.384925
-0.648662  -0.31522 -0.692729   1.61944
        0         0         0         1

-0.550924 -0.459592  0.696604 0.0862574
-0.543004  0.831257  0.118985  0.404179
-0.633742 -0.312708  -0.70752   1.64792
        0         0         0         1

-0.557932 -0.463351   0.68849 0.0793526
-0.546638  0.829406  0.115208  0.411339
-0.624419 -0.312076 -0.716037   1.66259
        0         0         0         1

-0.562304 -0.463071  0.685112 0.0719568
-0.547556  0.829353  0.111158  0.421328
-0.619674 -0.312633 -0.719906   1.67679
        0         0         0         1

-0.568952 -0.463952  0.679001 0.0660906
-0.549864  0.828576   0.10541  0.431411
-0.611509 -0.313385  -0.72653   1.69098
        0         0         0         1

-0.575675  -0.46415  0.673174 0.0574901
 -0.55645  0.825615 0.0934002  0.443196
-0.599134  -0.32082 -0.733562    1.6999
        0         0         0         1

-0.582305 -0.464807   0.66699 0.0492343
-0.556886  0.825776 0.0892806  0.454129
-0.592283 -0.319449 -0.739698   1.71839
        0         0         0         1

-0.597684   -0.4643  0.653605 0.0313319
 -0.55738   0.82663 0.0775199  0.477557
-0.576283 -0.317974 -0.752855   1.75333
        0         0         0         1

-0.613683 -0.459382  0.642154 0.0265738
-0.551654  0.831335  0.067522  0.491935
-0.564864  -0.31281 -0.763596   1.77231
        0         0         0         1

-0.620954 -0.461027  0.633932 0.0156675
 -0.55462  0.829917 0.0602912  0.505578
-0.553907 -0.314153 -0.771035   1.78535
        0         0         0         1

-0.637174 -0.452574  0.623847 0.0147941
-0.550436  0.833785   0.04268  0.527675
-0.539471 -0.316194  -0.78038   1.80068
        0         0         0         1

  -0.657216   -0.450514    0.604239 -0.00571498
  -0.543479    0.838725   0.0342162    0.556934
  -0.522205   -0.305904   -0.796068     1.83919
          0           0           0           1

 -0.672984  -0.445815   0.590204 -0.0118686
 -0.540336   0.841228  0.0193061   0.577675
 -0.505103  -0.305916  -0.807023    1.85546
         0          0          0          1

  -0.692803   -0.424159    0.583192 -0.00876758
  -0.527738    0.849358 -0.00918375    0.610825
  -0.491443   -0.314135   -0.812282     1.86106
          0           0           0           1

 -0.696143  -0.431277   0.573921 -0.0256277
 -0.530741   0.847506 -0.0069027   0.619234
 -0.483425  -0.309409  -0.818881    1.87844
         0          0          0          1

 -0.716656  -0.420811   0.556167 -0.0275151
 -0.520488   0.853506 -0.0248961   0.645967
 -0.464215   -0.30732  -0.830698    1.89996
         0          0          0          1

 -0.728972  -0.411446   0.547095 -0.0310769
 -0.509908   0.859598 -0.0329574    0.66972
 -0.456721  -0.302993  -0.836422    1.91714
         0          0          0          1

 -0.746831  -0.409033   0.524343 -0.0551824
 -0.501902   0.863957 -0.0409078   0.706109
 -0.436277   -0.29372  -0.850524    1.95103
         0          0          0          1

 -0.762612  -0.397209   0.510537 -0.0560184
 -0.488916   0.870727 -0.0528714   0.733731
 -0.423538   -0.28993  -0.858228    1.96677
         0          0          0          1

 -0.791456  -0.365443   0.489949 -0.0393875
  -0.45936   0.884423 -0.0823698   0.776414
  -0.40322  -0.290255  -0.867851    1.98198
         0          0          0          1

  -0.80229  -0.358337   0.477415 -0.0450769
  -0.45014   0.888451 -0.0896031   0.800586
 -0.392052  -0.286791  -0.874097    1.99904
         0          0          0          1

 -0.849707  -0.315166   0.422691 -0.0175979
 -0.400214   0.907451  -0.127911   0.873828
 -0.343258  -0.277853  -0.897202    2.04259
         0          0          0          1

 -0.860155  -0.302038   0.410983 -0.0228354
 -0.385534   0.912583   -0.13622   0.902101
 -0.333912  -0.275618  -0.901409     2.0555
         0          0          0          1

  -0.86892  -0.287006   0.403243 -0.0314345
 -0.373348   0.914937    -0.1533   0.931129
 -0.324944  -0.283756  -0.902161     2.0538
         0          0          0          1

 -0.887522  -0.266094   0.376163 -0.0190859
 -0.350767   0.919561  -0.177114   0.971433
 -0.298776  -0.289139  -0.909468     2.0638
         0          0          0          1

 -0.897502  -0.255047    0.35978 -0.0179668
 -0.332947   0.926841  -0.173529   0.998467
 -0.289201   -0.27553  -0.916759    2.08542
         0          0          0          1

-0.908478 -0.245529  0.338206 -0.017191
-0.318695  0.930503 -0.180548   1.02645
-0.270372 -0.271808  -0.92359    2.1049
        0         0         0         1

