 -0.473516  -0.270105   0.838347  0.0898872
 -0.855291 -0.0863423  -0.510904   0.873405
  0.210383  -0.958952  -0.190134    2.13528
         0          0          0          1

  -0.43491  -0.282699   0.854947   0.088321
 -0.874059 -0.0957452  -0.476291   0.837262
  0.216504  -0.954418  -0.205455    2.13715
         0          0          0          1

  -0.43491  -0.282699   0.854947   0.088321
 -0.874059 -0.0957452  -0.476291   0.837262
  0.216504  -0.954418  -0.205455    2.13715
         0          0          0          1

 -0.413901  -0.290336   0.862781  0.0980978
 -0.889588 -0.0721275  -0.451033   0.791314
  0.193181  -0.954203  -0.228426    2.16661
         0          0          0          1

 -0.413901  -0.290336   0.862781  0.0980978
 -0.889588 -0.0721275  -0.451033   0.791314
  0.193181  -0.954203  -0.228426    2.16661
         0          0          0          1

  -0.35793  -0.288394   0.888096  0.0833956
 -0.915691 -0.0777305  -0.394294    0.72562
  0.182744  -0.954352  -0.236258    2.17155
         0          0          0          1

  -0.35793  -0.288394   0.888096  0.0833956
 -0.915691 -0.0777305  -0.394294    0.72562
  0.182744  -0.954352  -0.236258    2.17155
         0          0          0          1

 -0.339464  -0.298811   0.891895  0.0963767
 -0.924292 -0.0699335  -0.375225   0.687604
  0.174495  -0.951746  -0.252448     2.1884
         0          0          0          1

 -0.339464  -0.298811   0.891895  0.0963767
 -0.924292 -0.0699335  -0.375225   0.687604
  0.174495  -0.951746  -0.252448     2.1884
         0          0          0          1

 -0.308026  -0.296809   0.903894   0.102105
 -0.934013 -0.0863513  -0.346645   0.645661
   0.18094  -0.951025  -0.250625    2.17706
         0          0          0          1

 -0.308026  -0.296809   0.903894   0.102105
 -0.934013 -0.0863513  -0.346645   0.645661
   0.18094  -0.951025  -0.250625    2.17706
         0          0          0          1

  -0.28241  -0.303964   0.909863   0.108099
 -0.945586 -0.0715588  -0.317405   0.600251
  0.161588  -0.949992  -0.267215    2.18943
         0          0          0          1

  -0.28241  -0.303964   0.909863   0.108099
 -0.945586 -0.0715588  -0.317405   0.600251
  0.161588  -0.949992  -0.267215    2.18943
         0          0          0          1

 -0.264618  -0.319091   0.910032   0.115833
 -0.952019 -0.0640054   -0.29927   0.567202
  0.153741   -0.94556  -0.286844    2.19222
         0          0          0          1

 -0.264618  -0.319091   0.910032   0.115833
 -0.952019 -0.0640054   -0.29927   0.567202
  0.153741   -0.94556  -0.286844    2.19222
         0          0          0          1

-0.210022  -0.33318  0.919174  0.110926
-0.970801 -0.040395 -0.236461  0.499116
 0.115914 -0.941997 -0.314968   2.20066
        0         0         0         1

-0.210022  -0.33318  0.919174  0.110926
-0.970801 -0.040395 -0.236461  0.499116
 0.115914 -0.941997 -0.314968   2.20066
        0         0         0         1

 -0.184762  -0.342853    0.92104   0.118291
 -0.977186 -0.0357896  -0.209347   0.471887
  0.104739  -0.938707  -0.328418    2.18508
         0          0          0          1

 -0.184762  -0.342853    0.92104   0.118291
 -0.977186 -0.0357896  -0.209347   0.471887
  0.104739  -0.938707  -0.328418    2.18508
         0          0          0          1

 -0.145109   -0.34782   0.926264   0.125289
 -0.986084 -0.0259199  -0.164214   0.430435
 0.0811255  -0.937203  -0.339219    2.16813
         0          0          0          1

 -0.145109   -0.34782   0.926264   0.125289
 -0.986084 -0.0259199  -0.164214   0.430435
 0.0811255  -0.937203  -0.339219    2.16813
         0          0          0          1

 -0.138019  -0.357136   0.923799    0.13962
  -0.98796 -0.0161839  -0.153861   0.408756
 0.0699001  -0.933912  -0.350602    2.15618
         0          0          0          1

 -0.138019  -0.357136   0.923799    0.13962
  -0.98796 -0.0161839  -0.153861   0.408756
 0.0699001  -0.933912  -0.350602    2.15618
         0          0          0          1

  -0.105761   -0.373312    0.921657    0.143458
  -0.993321 -0.00333905   -0.115336     0.37421
   0.046134     -0.9277   -0.370466     2.15021
          0           0           0           1

  -0.105761   -0.373312    0.921657    0.143458
  -0.993321 -0.00333905   -0.115336     0.37421
   0.046134     -0.9277   -0.370466     2.15021
          0           0           0           1

-0.0919012   -0.39503    0.91406   0.165185
 -0.995432  0.0125792 -0.0946461   0.347952
 0.0258899  -0.918582  -0.394381    2.12233
         0          0          0          1

-0.0919012   -0.39503    0.91406   0.165185
 -0.995432  0.0125792 -0.0946461   0.347952
 0.0258899  -0.918582  -0.394381    2.12233
         0          0          0          1

-0.0669596   -0.40672   0.911096   0.168543
 -0.997744  0.0316695 -0.0591902   0.319139
-0.00478012  -0.913004  -0.407923    2.10573
         0          0          0          1

-0.0669596   -0.40672   0.911096   0.168543
 -0.997744  0.0316695 -0.0591902   0.319139
-0.00478012  -0.913004  -0.407923    2.10573
         0          0          0          1

-0.0606154  -0.422561   0.904305   0.179288
 -0.997704   0.053061 -0.0420817   0.299019
-0.0302012   -0.90478  -0.424807    2.08449
         0          0          0          1

-0.0606154  -0.422561   0.904305   0.179288
 -0.997704   0.053061 -0.0420817   0.299019
-0.0302012   -0.90478  -0.424807    2.08449
         0          0          0          1

-0.0556463   -0.45606   0.888207    0.19788
 -0.996209  0.0849393 -0.0187995   0.271688
  -0.06687  -0.885886  -0.459058    2.05344
         0          0          0          1

-0.0556463   -0.45606   0.888207    0.19788
 -0.996209  0.0849393 -0.0187995   0.271688
  -0.06687  -0.885886  -0.459058    2.05344
         0          0          0          1

-0.0348519 -0.485138  0.873743  0.206914
-0.994496  0.103275  0.017674  0.247534
 -0.09881 -0.868318 -0.486067   2.03762
        0         0         0         1

-0.0348519 -0.485138  0.873743  0.206914
-0.994496  0.103275  0.017674  0.247534
 -0.09881 -0.868318 -0.486067   2.03762
        0         0         0         1

-0.00535188 -0.512133  0.858889  0.226868
-0.989839  0.124761 0.0682237  0.225862
-0.142095 -0.849797 -0.507597   1.99785
        0         0         0         1

-0.00535188 -0.512133  0.858889  0.226868
-0.989839  0.124761 0.0682237  0.225862
-0.142095 -0.849797 -0.507597   1.99785
        0         0         0         1

0.0210227 -0.542131  0.840031  0.241732
-0.982076  0.146216  0.118941  0.207516
-0.187307 -0.827475  -0.52934   1.97982
        0         0         0         1

0.0210227 -0.542131  0.840031  0.241732
-0.982076  0.146216  0.118941  0.207516
-0.187307 -0.827475  -0.52934   1.97982
        0         0         0         1

0.0381904 -0.558017   0.82895  0.251635
-0.974865  0.161412  0.153569  0.194318
-0.219497  -0.81398 -0.537828   1.95013
        0         0         0         1

0.0381904 -0.558017   0.82895  0.251635
-0.974865  0.161412  0.153569  0.194318
-0.219497  -0.81398 -0.537828   1.95013
        0         0         0         1

0.0500482 -0.585799  0.808909  0.272064
-0.960964   0.19242  0.198803  0.179025
-0.272109 -0.787283 -0.553302   1.91149
        0         0         0         1

0.0500482 -0.585799  0.808909  0.272064
-0.960964   0.19242  0.198803  0.179025
-0.272109 -0.787283 -0.553302   1.91149
        0         0         0         1

0.0587502 -0.601499  0.796711     0.282
-0.951437  0.207849  0.227081  0.169524
-0.302184 -0.771361 -0.560077   1.88877
        0         0         0         1

0.0587502 -0.601499  0.796711     0.282
-0.951437  0.207849  0.227081  0.169524
-0.302184 -0.771361 -0.560077   1.88877
        0         0         0         1

0.0536439 -0.616216  0.785748  0.294399
-0.944761  0.223477   0.23976  0.158367
 -0.32334 -0.755206 -0.570189   1.85095
        0         0         0         1

0.0536439 -0.616216  0.785748  0.294399
-0.944761  0.223477   0.23976  0.158367
 -0.32334 -0.755206 -0.570189   1.85095
        0         0         0         1

0.0481482 -0.627339  0.777257  0.299483
-0.940481  0.233617  0.246816  0.149571
-0.336417 -0.742879 -0.578752   1.82986
        0         0         0         1

0.0481482 -0.627339  0.777257  0.299483
-0.940481  0.233617  0.246816  0.149571
-0.336417 -0.742879 -0.578752   1.82986
        0         0         0         1

0.0365897 -0.639092  0.768259  0.307226
-0.936311  0.246759  0.249864  0.144106
-0.349261 -0.728472  -0.58936   1.80813
        0         0         0         1

0.0365897 -0.639092  0.768259  0.307226
-0.936311  0.246759  0.249864  0.144106
-0.349261 -0.728472  -0.58936   1.80813
        0         0         0         1

0.0310984 -0.649459   0.75976  0.320011
-0.926079  0.267259  0.266365  0.137567
-0.376045 -0.711882  -0.59314   1.77663
        0         0         0         1

0.0310984 -0.649459   0.75976  0.320011
-0.926079  0.267259  0.266365  0.137567
-0.376045 -0.711882  -0.59314   1.77663
        0         0         0         1

0.0347765 -0.652877  0.756665  0.329481
-0.916798   0.28055  0.284204   0.13285
-0.397833 -0.703593   -0.5888   1.75573
        0         0         0         1

0.0347765 -0.652877  0.756665  0.329481
-0.916798   0.28055  0.284204   0.13285
-0.397833 -0.703593   -0.5888   1.75573
        0         0         0         1

 0.040931  -0.65298  0.756269  0.342497
-0.905478  0.295754  0.304368  0.128217
-0.422415 -0.697242 -0.579153   1.72366
        0         0         0         1

 0.040931  -0.65298  0.756269  0.342497
-0.905478  0.295754  0.304368  0.128217
-0.422415 -0.697242 -0.579153   1.72366
        0         0         0         1

0.0445331 -0.650462  0.758232  0.349554
-0.898048  0.306425  0.315617  0.125657
-0.437638 -0.694984   -0.5705   1.70623
        0         0         0         1

0.0445331 -0.650462  0.758232  0.349554
-0.898048  0.306425  0.315617  0.125657
-0.437638 -0.694984   -0.5705   1.70623
        0         0         0         1

0.0410191 -0.645995  0.762238  0.359848
-0.893508  0.317709  0.317341  0.124568
 -0.44717 -0.694083  -0.56417   1.68744
        0         0         0         1

0.0410191 -0.645995  0.762238  0.359848
-0.893508  0.317709  0.317341  0.124568
 -0.44717 -0.694083  -0.56417   1.68744
        0         0         0         1

0.0373289 -0.645462   0.76288  0.364815
-0.886772  0.330551  0.323066  0.119882
-0.460697  -0.68856 -0.560038   1.66612
        0         0         0         1

0.0373289 -0.645462   0.76288  0.364815
-0.886772  0.330551  0.323066  0.119882
-0.460697  -0.68856 -0.560038   1.66612
        0         0         0         1

 0.023645 -0.644295  0.764411   0.36758
-0.885298  0.341714  0.315403  0.118828
-0.464423 -0.684189 -0.562313   1.65319
        0         0         0         1

 0.023645 -0.644295  0.764411   0.36758
-0.885298  0.341714  0.315403  0.118828
-0.464423 -0.684189 -0.562313   1.65319
        0         0         0         1

0.0147376 -0.631016  0.775629  0.372039
-0.880251  0.359757  0.309407  0.117781
-0.474279 -0.687309 -0.550151    1.6361
        0         0         0         1

0.0147376 -0.631016  0.775629  0.372039
-0.880251  0.359757  0.309407  0.117781
-0.474279 -0.687309 -0.550151    1.6361
        0         0         0         1

 0.018092 -0.619262  0.784976  0.377289
-0.876806   0.36748  0.310111  0.118112
-0.480503 -0.693882 -0.536324   1.62357
        0         0         0         1

 0.018092 -0.619262  0.784976  0.377289
-0.876806   0.36748  0.310111  0.118112
-0.480503 -0.693882 -0.536324   1.62357
        0         0         0         1

0.0195742 -0.614537  0.788645  0.379454
-0.875264  0.370726  0.310605  0.118338
 -0.48325 -0.696352 -0.530625   1.61832
        0         0         0         1

0.0224418  -0.60737  0.794102  0.382821
-0.870833  0.378278  0.313937  0.117636
-0.491067 -0.698575 -0.520428   1.61022
        0         0         0         1

0.0200009 -0.602937  0.797538  0.386705
-0.869784  0.382872  0.311263  0.119659
-0.493027 -0.699911 -0.516768   1.60034
        0         0         0         1

0.0200009 -0.602937  0.797538  0.386705
-0.869784  0.382872  0.311263  0.119659
-0.493027 -0.699911 -0.516768   1.60034
        0         0         0         1

0.0155132 -0.59992  0.79991 0.390646
-0.86915 0.387404 0.307403 0.121006
-0.494306 -0.70001 -0.51541  1.59192
       0        0        0        1

0.0155132 -0.59992  0.79991 0.390646
-0.86915 0.387404 0.307403 0.121006
-0.494306 -0.70001 -0.51541  1.59192
       0        0        0        1

0.0114124 -0.602749   0.79785  0.393949
-0.867901  0.390297  0.307271  0.121149
-0.496606 -0.695961 -0.518672   1.58429
        0         0         0         1

0.0114124 -0.602749   0.79785  0.393949
-0.867901  0.390297  0.307271  0.121149
-0.496606 -0.695961 -0.518672   1.58429
        0         0         0         1

0.00581207 -0.603834  0.797089   0.39488
 -0.86721  0.393848  0.304682  0.120722
-0.497909 -0.693014 -0.521362   1.58019
        0         0         0         1

0.00581207 -0.603834  0.797089   0.39488
 -0.86721  0.393848  0.304682  0.120722
-0.497909 -0.693014 -0.521362   1.58019
        0         0         0         1

0.00315811 -0.600387  0.799704  0.396103
-0.867989  0.395469  0.300331  0.121884
-0.496573 -0.695083  -0.51988   1.57268
        0         0         0         1

0.00315811 -0.600387  0.799704  0.396103
-0.867989  0.395469  0.300331  0.121884
-0.496573 -0.695083  -0.51988   1.57268
        0         0         0         1

0.00375786 -0.591453  0.806331  0.395752
-0.867341  0.399389  0.296998  0.121018
  -0.4977  -0.70048  -0.51149   1.56561
        0         0         0         1

0.00375786 -0.591453  0.806331  0.395752
-0.867341  0.399389  0.296998  0.121018
  -0.4977  -0.70048  -0.51149   1.56561
        0         0         0         1

0.0050492 -0.584691   0.81124  0.395325
-0.867395  0.401118  0.294499  0.121099
-0.497594 -0.705153 -0.505133   1.56151
        0         0         0         1

0.0050492 -0.584691   0.81124  0.395325
-0.867395  0.401118  0.294499  0.121099
-0.497594 -0.705153 -0.505133   1.56151
        0         0         0         1

-0.00215075 -0.583249  0.812291  0.395499
 -0.86902  0.402991  0.287058  0.120681
-0.494772  -0.70528 -0.507722   1.55874
        0         0         0         1

-0.00215075 -0.583249  0.812291  0.395499
 -0.86902  0.402991  0.287058  0.120681
-0.494772  -0.70528 -0.507722   1.55874
        0         0         0         1

-0.00255674 -0.583379  0.812196  0.394595
-0.869907  0.401883  0.285923  0.120239
-0.493209 -0.705804 -0.508513   1.55805
        0         0         0         1

-0.00381021 -0.584077  0.811689   0.39285
-0.871222  0.400383  0.284019  0.119406
-0.490875 -0.706079 -0.510386   1.55661
        0         0         0         1

-0.00561473 -0.588221  0.808681  0.389078
-0.872777  0.397601  0.283149  0.117145
-0.488087 -0.704208 -0.515618   1.55559
        0         0         0         1

-0.00561473 -0.588221  0.808681  0.389078
-0.872777  0.397601  0.283149  0.117145
-0.488087 -0.704208 -0.515618   1.55559
        0         0         0         1

-0.0109744 -0.595681  0.803146  0.388882
-0.875073  0.394383   0.28055  0.116093
-0.483866 -0.699733 -0.525592   1.55461
        0         0         0         1

-0.0109744 -0.595681  0.803146  0.388882
-0.875073  0.394383   0.28055  0.116093
-0.483866 -0.699733 -0.525592   1.55461
        0         0         0         1

-0.0136194 -0.607471  0.794225  0.390955
-0.878238     0.387  0.280941  0.115716
-0.478029 -0.693693 -0.538775   1.55485
        0         0         0         1

-0.0136194 -0.607471  0.794225  0.390955
-0.878238     0.387  0.280941  0.115716
-0.478029 -0.693693 -0.538775   1.55485
        0         0         0         1

-0.00569247 -0.616972  0.786964  0.394835
 -0.87885  0.378532  0.290408  0.113317
-0.477065  -0.68997 -0.544381   1.55557
        0         0         0         1

-0.00569247 -0.616972  0.786964  0.394835
 -0.87885  0.378532  0.290408  0.113317
-0.477065  -0.68997 -0.544381   1.55557
        0         0         0         1

0.000639925 -0.618015  0.786166  0.396177
  -0.8798  0.373351  0.294212  0.111557
-0.475343 -0.691858  -0.54349   1.55537
        0         0         0         1

0.000639925 -0.618015  0.786166  0.396177
  -0.8798  0.373351  0.294212  0.111557
-0.475343 -0.691858  -0.54349   1.55537
        0         0         0         1

0.0069576 -0.620081  0.784507  0.397941
 -0.88201  0.365856  0.296998  0.108141
-0.471179 -0.694009 -0.544372   1.55557
        0         0         0         1

0.0069576 -0.620081  0.784507  0.397941
 -0.88201  0.365856  0.296998  0.108141
-0.471179 -0.694009 -0.544372   1.55557
        0         0         0         1

0.0122616 -0.631197  0.775526   0.40475
-0.887618  0.350248  0.299099  0.101862
-0.460417 -0.692038 -0.555967   1.55939
        0         0         0         1

0.0122616 -0.631197  0.775526   0.40475
-0.887618  0.350248  0.299099  0.101862
-0.460417 -0.692038 -0.555967   1.55939
        0         0         0         1

0.0170793 -0.634462  0.772765  0.410505
-0.891508  0.340256  0.299064 0.0970836
-0.452683 -0.694034 -0.559817   1.56336
        0         0         0         1

0.0170793 -0.634462  0.772765  0.410505
-0.891508  0.340256  0.299064 0.0970836
-0.452683 -0.694034 -0.559817   1.56336
        0         0         0         1

0.0264566 -0.637891  0.769672  0.420781
-0.896401  0.325644  0.300701 0.0871327
-0.442453 -0.697891 -0.563191   1.57145
        0         0         0         1

0.0264566 -0.637891  0.769672  0.420781
-0.896401  0.325644  0.300701 0.0871327
-0.442453 -0.697891 -0.563191   1.57145
        0         0         0         1

0.0313105 -0.638961  0.768601  0.422217
-0.897376  0.320664  0.303134 0.0843388
-0.440154 -0.699216 -0.563349   1.57333
        0         0         0         1

0.0384139 -0.641724  0.765973  0.428098
-0.899737  0.311278  0.305908  0.078669
-0.434739 -0.700925 -0.565425    1.5773
        0         0         0         1

0.0475598 -0.642592  0.764731  0.439412
-0.904186  0.297656  0.306348 0.0706201
-0.424484 -0.706029 -0.566866   1.58345
        0         0         0         1

0.0475598 -0.642592  0.764731  0.439412
-0.904186  0.297656  0.306348 0.0706201
-0.424484 -0.706029 -0.566866   1.58345
        0         0         0         1

0.0661447 -0.646247  0.760257  0.457856
-0.907961  0.276996  0.314453 0.0560862
-0.413803 -0.711082 -0.568445     1.594
        0         0         0         1

0.0661447 -0.646247  0.760257  0.457856
-0.907961  0.276996  0.314453 0.0560862
-0.413803 -0.711082 -0.568445     1.594
        0         0         0         1

0.0823862 -0.646586   0.75838  0.469849
-0.910464   0.26064  0.321126  0.044896
  -0.4053 -0.716934  -0.56722   1.60097
        0         0         0         1

0.0823862 -0.646586   0.75838  0.469849
-0.910464   0.26064  0.321126  0.044896
  -0.4053 -0.716934  -0.56722   1.60097
        0         0         0         1

0.0979722 -0.647134  0.756055  0.491846
-0.913031  0.243812  0.327001 0.0273708
-0.395948 -0.722339 -0.566966   1.61297
        0         0         0         1

0.0979722 -0.647134  0.756055  0.491846
-0.913031  0.243812  0.327001 0.0273708
-0.395948 -0.722339 -0.566966   1.61297
        0         0         0         1

 0.108778 -0.646027  0.755524  0.508505
-0.914823  0.232307  0.330352 0.0162127
 -0.38893 -0.727106 -0.565731   1.61941
        0         0         0         1

 0.108778 -0.646027  0.755524  0.508505
-0.914823  0.232307  0.330352 0.0162127
 -0.38893 -0.727106 -0.565731   1.61941
        0         0         0         1

  0.120914  -0.644872   0.754665   0.525244
 -0.916026   0.220425   0.335125 0.00424361
  -0.38246  -0.731815  -0.564067    1.62579
         0          0          0          1

  0.120914  -0.644872   0.754665   0.525244
 -0.916026   0.220425   0.335125 0.00424361
  -0.38246  -0.731815  -0.564067    1.62579
         0          0          0          1

  0.136093  -0.645446   0.751584   0.549997
 -0.918359   0.202376   0.340088 -0.0150273
 -0.371611  -0.736508  -0.565209    1.63532
         0          0          0          1

  0.136093  -0.645446   0.751584   0.549997
 -0.918359   0.202376   0.340088 -0.0150273
 -0.371611  -0.736508  -0.565209    1.63532
         0          0          0          1

  0.145323  -0.640041   0.754472   0.567237
 -0.918319   0.196531   0.343606 -0.0280267
 -0.368199  -0.742781  -0.559202    1.64102
         0          0          0          1

  0.145323  -0.640041   0.754472   0.567237
 -0.918319   0.196531   0.343606 -0.0280267
 -0.368199  -0.742781  -0.559202    1.64102
         0          0          0          1

  0.156603  -0.626366   0.763637   0.590847
  -0.91876   0.191337   0.345357 -0.0476437
 -0.362431  -0.755682  -0.545516     1.6466
         0          0          0          1

  0.156603  -0.626366   0.763637   0.590847
  -0.91876   0.191337   0.345357 -0.0476437
 -0.362431  -0.755682  -0.545516     1.6466
         0          0          0          1

  0.159446  -0.617842   0.769966   0.608224
 -0.919993   0.189872   0.342872 -0.0600439
 -0.358036  -0.763033  -0.538136    1.65063
         0          0          0          1

  0.159446  -0.617842   0.769966   0.608224
 -0.919993   0.189872   0.342872 -0.0600439
 -0.358036  -0.763033  -0.538136    1.65063
         0          0          0          1

  0.167057  -0.612501   0.772615    0.62261
 -0.919154   0.186769   0.346806 -0.0733375
 -0.356719  -0.768088  -0.531782    1.65301
         0          0          0          1

  0.167057  -0.612501   0.772615    0.62261
 -0.919154   0.186769   0.346806 -0.0733375
 -0.356719  -0.768088  -0.531782    1.65301
         0          0          0          1

  0.171742  -0.604803   0.777636   0.645996
 -0.918992   0.186018   0.347635 -0.0917578
 -0.354905  -0.774346  -0.523862    1.65469
         0          0          0          1

  0.171742  -0.604803   0.777636   0.645996
 -0.918992   0.186018   0.347635 -0.0917578
 -0.354905  -0.774346  -0.523862    1.65469
         0          0          0          1

 0.169412 -0.601739  0.780519  0.661514
-0.920308  0.186761  0.343736 -0.103433
 -0.35261  -0.77655 -0.522145   1.65552
        0         0         0         1

 0.169412 -0.601739  0.780519  0.661514
-0.920308  0.186761  0.343736 -0.103433
 -0.35261  -0.77655 -0.522145   1.65552
        0         0         0         1

 0.172974 -0.591773  0.787327  0.682587
-0.919956   0.18845  0.343756 -0.121908
-0.351797 -0.783767 -0.511808   1.65571
        0         0         0         1

 0.172974 -0.591773  0.787327  0.682587
-0.919956   0.18845  0.343756 -0.121908
-0.351797 -0.783767 -0.511808   1.65571
        0         0         0         1

 0.174693 -0.586602   0.79081  0.697009
-0.919249   0.19061  0.344454 -0.132617
-0.352794 -0.787125 -0.505935   1.65302
        0         0         0         1

 0.174693 -0.586602   0.79081  0.697009
-0.919249   0.19061  0.344454 -0.132617
-0.352794 -0.787125 -0.505935   1.65302
        0         0         0         1

 0.175115 -0.583568  0.792958  0.710615
 -0.91817  0.193923  0.345482 -0.143456
-0.355385  -0.78857 -0.501856   1.65063
        0         0         0         1

 0.175115 -0.583568  0.792958  0.710615
 -0.91817  0.193923  0.345482 -0.143456
-0.355385  -0.78857 -0.501856   1.65063
        0         0         0         1

 0.172786 -0.581426   0.79504  0.730569
-0.917171  0.199295  0.345077  -0.15899
-0.359085 -0.788812 -0.498832   1.64599
        0         0         0         1

 0.172786 -0.581426   0.79504  0.730569
-0.917171  0.199295  0.345077  -0.15899
-0.359085 -0.788812 -0.498832   1.64599
        0         0         0         1

 0.170759 -0.578527  0.797589  0.741662
-0.917017   0.20281  0.343435 -0.169573
-0.360445 -0.790047 -0.495888   1.64358
        0         0         0         1

 0.170759 -0.578527  0.797589  0.741662
-0.917017   0.20281  0.343435 -0.169573
-0.360445 -0.790047 -0.495888   1.64358
        0         0         0         1

 0.168515  -0.57066   0.80371  0.757976
-0.917419  0.207386  0.339607 -0.184569
-0.360478 -0.794568 -0.488587   1.63936
        0         0         0         1

 0.168515  -0.57066   0.80371  0.757976
-0.917419  0.207386  0.339607 -0.184569
-0.360478 -0.794568 -0.488587   1.63936
        0         0         0         1

 0.166126 -0.571287  0.803762  0.769688
-0.917278  0.209648  0.338599 -0.193926
-0.361944 -0.793523 -0.489201    1.6365
        0         0         0         1

 0.166126 -0.571287  0.803762  0.769688
-0.917278  0.209648  0.338599 -0.193926
-0.361944 -0.793523 -0.489201    1.6365
        0         0         0         1

 0.165995  -0.56913  0.805317  0.781117
-0.916894  0.211517  0.338476 -0.202771
-0.362975 -0.794576 -0.486721   1.63306
        0         0         0         1

 0.165995  -0.56913  0.805317  0.781117
-0.916894  0.211517  0.338476 -0.202771
-0.362975 -0.794576 -0.486721   1.63306
        0         0         0         1

 0.162669  -0.56534  0.808659  0.795995
-0.916867  0.216196  0.335581 -0.215909
-0.364546 -0.796021 -0.483173   1.62842
        0         0         0         1

 0.162669  -0.56534  0.808659  0.795995
-0.916867  0.216196  0.335581 -0.215909
-0.364546 -0.796021 -0.483173   1.62842
        0         0         0         1

 0.160427 -0.557473  0.814547  0.806187
-0.917624  0.219786   0.33115 -0.224244
-0.363633 -0.800573 -0.476291   1.62558
        0         0         0         1

 0.160427 -0.557473  0.814547  0.806187
-0.917624  0.219786   0.33115 -0.224244
-0.363633 -0.800573 -0.476291   1.62558
        0         0         0         1

 0.154853 -0.552971  0.818684  0.820471
-0.919219  0.223014  0.324502 -0.236085
-0.362018   -0.8028 -0.473768   1.62114
        0         0         0         1

 0.154853 -0.552971  0.818684  0.820471
-0.919219  0.223014  0.324502 -0.236085
-0.362018   -0.8028 -0.473768   1.62114
        0         0         0         1

 0.157171 -0.551304  0.819366  0.830314
-0.918587  0.223035  0.326272 -0.243759
-0.362622 -0.803939 -0.471366   1.61842
        0         0         0         1

 0.157171 -0.551304  0.819366  0.830314
-0.918587  0.223035  0.326272 -0.243759
-0.362622 -0.803939 -0.471366   1.61842
        0         0         0         1

  0.16091 -0.550255  0.819346  0.840758
-0.917575  0.222383  0.329548  -0.25087
-0.363544 -0.804839 -0.469116   1.61603
        0         0         0         1

  0.16091 -0.550255  0.819346  0.840758
-0.917575  0.222383  0.329548  -0.25087
-0.363544 -0.804839 -0.469116   1.61603
        0         0         0         1

 0.161997  -0.55016  0.819195  0.854551
-0.918674  0.219003  0.328748 -0.260807
 -0.36027  -0.80583  -0.46994   1.61362
        0         0         0         1

 0.161997  -0.55016  0.819195  0.854551
-0.918674  0.219003  0.328748 -0.260807
 -0.36027  -0.80583  -0.46994   1.61362
        0         0         0         1

  0.15998  -0.55263  0.817928  0.861707
-0.921307  0.213895  0.324718 -0.267943
-0.354399 -0.805512 -0.474923   1.61402
        0         0         0         1

  0.15998  -0.55263  0.817928  0.861707
-0.921307  0.213895  0.324718 -0.267943
-0.354399 -0.805512 -0.474923   1.61402
        0         0         0         1

 0.154233 -0.554585  0.817709  0.867849
-0.925502   0.20866  0.316081 -0.275215
-0.345917 -0.805541 -0.481087   1.61562
        0         0         0         1

 0.154233 -0.554585  0.817709  0.867849
-0.925502   0.20866  0.316081 -0.275215
-0.345917 -0.805541 -0.481087   1.61562
        0         0         0         1

 0.150609 -0.553801  0.818915  0.877075
-0.928853  0.204325  0.309005 -0.285218
-0.338452  -0.80719 -0.483626   1.61744
        0         0         0         1

 0.150609 -0.553801  0.818915  0.877075
-0.928853  0.204325  0.309005 -0.285218
-0.338452  -0.80719 -0.483626   1.61744
        0         0         0         1

 0.151389 -0.550919  0.820713  0.883796
-0.930112  0.201678  0.306949 -0.291339
-0.334624 -0.809824 -0.481884    1.6185
        0         0         0         1

 0.151389 -0.550919  0.820713  0.883796
-0.930112  0.201678  0.306949 -0.291339
-0.334624 -0.809824 -0.481884    1.6185
        0         0         0         1

 0.149277 -0.554683  0.818562  0.893583
-0.931507  0.198799  0.304587 -0.299882
-0.331679 -0.807964 -0.487015   1.61964
        0         0         0         1

 0.149277 -0.554683  0.818562  0.893583
-0.931507  0.198799  0.304587 -0.299882
-0.331679 -0.807964 -0.487015   1.61964
        0         0         0         1

 0.149387 -0.558343   0.81605  0.899034
-0.931842   0.19652  0.305043 -0.305099
-0.330688 -0.805999 -0.490929   1.61937
        0         0         0         1

 0.149387 -0.558343   0.81605  0.899034
-0.931842   0.19652  0.305043 -0.305099
-0.330688 -0.805999 -0.490929   1.61937
        0         0         0         1

 0.149904 -0.560243  0.814651  0.904749
-0.931743  0.195576  0.305949 -0.309585
-0.330732 -0.804909 -0.492684   1.61798
        0         0         0         1

 0.149904 -0.560243  0.814651  0.904749
-0.931743  0.195576  0.305949 -0.309585
-0.330732 -0.804909 -0.492684   1.61798
        0         0         0         1

 0.151972 -0.556576  0.816779  0.912576
-0.931333  0.196059  0.306887 -0.314735
-0.330942 -0.807332 -0.488562   1.61405
        0         0         0         1

 0.151972 -0.556576  0.816779  0.912576
-0.931333  0.196059  0.306887 -0.314735
-0.330942 -0.807332 -0.488562   1.61405
        0         0         0         1

 0.151364 -0.553466  0.819002  0.917021
 -0.93115  0.198228  0.306049 -0.317554
-0.331737 -0.808938 -0.485355   1.61108
        0         0         0         1

 0.151364 -0.553466  0.819002  0.917021
 -0.93115  0.198228  0.306049 -0.317554
-0.331737 -0.808938 -0.485355   1.61108
        0         0         0         1

 0.144223 -0.545205  0.825803  0.920678
-0.931778  0.206138  0.298825 -0.320752
 -0.33315 -0.812563  -0.47828   1.60536
        0         0         0         1

 0.144223 -0.545205  0.825803  0.920678
-0.931778  0.206138  0.298825 -0.320752
 -0.33315 -0.812563  -0.47828   1.60536
        0         0         0         1

 0.137705 -0.541038  0.829647  0.921766
-0.933156  0.209942  0.291795 -0.322282
 -0.33205 -0.814372 -0.475963   1.60097
        0         0         0         1

 0.137705 -0.541038  0.829647  0.921766
-0.933156  0.209942  0.291795 -0.322282
 -0.33205 -0.814372 -0.475963   1.60097
        0         0         0         1

 0.132615 -0.540944  0.830537  0.922634
-0.933384  0.213767  0.288267 -0.323448
-0.333478 -0.813439  -0.47656   1.59662
        0         0         0         1

 0.132615 -0.540944  0.830537  0.922634
-0.933384  0.213767  0.288267 -0.323448
-0.333478 -0.813439  -0.47656   1.59662
        0         0         0         1

 0.129739 -0.542045  0.830274  0.925177
-0.932414  0.218153   0.28812 -0.323683
-0.337301  -0.81154 -0.477108   1.58891
        0         0         0         1

 0.129739 -0.542045  0.830274  0.925177
-0.932414  0.218153   0.28812 -0.323683
-0.337301  -0.81154 -0.477108   1.58891
        0         0         0         1

 0.129232 -0.541057  0.830997  0.926914
-0.931175  0.221882  0.289277 -0.323216
-0.340898 -0.811188 -0.475145   1.58343
        0         0         0         1

 0.129232 -0.541057  0.830997  0.926914
-0.931175  0.221882  0.289277 -0.323216
-0.340898 -0.811188 -0.475145   1.58343
        0         0         0         1

 0.126415 -0.542746  0.830329  0.928311
-0.928621    0.2296  0.291458 -0.322241
-0.348831 -0.807905  -0.47498   1.57543
        0         0         0         1

 0.126415 -0.542746  0.830329  0.928311
-0.928621    0.2296  0.291458 -0.322241
-0.348831 -0.807905  -0.47498   1.57543
        0         0         0         1

 0.124295 -0.545312  0.828967  0.928632
-0.927287  0.233475  0.292622 -0.321595
-0.353113 -0.805061 -0.476641   1.57059
        0         0         0         1

 0.124295 -0.545312  0.828967  0.928632
-0.927287  0.233475  0.292622 -0.321595
-0.353113 -0.805061 -0.476641   1.57059
        0         0         0         1

 0.122386 -0.548835  0.826923  0.929077
-0.926552  0.235428  0.293387 -0.320659
-0.355702 -0.802093 -0.479711   1.56605
        0         0         0         1

 0.122386 -0.548835  0.826923  0.929077
-0.926552  0.235428  0.293387 -0.320659
-0.355702 -0.802093 -0.479711   1.56605
        0         0         0         1

 0.118595 -0.554295  0.823828  0.930083
-0.925371  0.239138  0.294112 -0.317959
-0.360033 -0.797227 -0.484568    1.5584
        0         0         0         1

 0.118595 -0.554295  0.823828  0.930083
-0.925371  0.239138  0.294112 -0.317959
-0.360033 -0.797227 -0.484568    1.5584
        0         0         0         1

 0.115098  -0.55383  0.824636  0.928188
 -0.92636  0.239859  0.290386 -0.316426
-0.358621 -0.797333 -0.485439   1.55473
        0         0         0         1

 0.115098  -0.55383  0.824636  0.928188
 -0.92636  0.239859  0.290386 -0.316426
-0.358621 -0.797333 -0.485439   1.55473
        0         0         0         1

 0.111238 -0.551187  0.826934  0.926653
-0.927961  0.240207  0.284936 -0.314184
-0.355689 -0.799058  -0.48476   1.55007
        0         0         0         1

 0.111238 -0.551187  0.826934  0.926653
-0.927961  0.240207  0.284936 -0.314184
-0.355689 -0.799058  -0.48476   1.55007
        0         0         0         1

  0.10524 -0.553613  0.826098   0.92477
-0.930505  0.238249  0.278204 -0.313312
-0.350835 -0.797966 -0.490066   1.54943
        0         0         0         1

  0.10524 -0.553613  0.826098   0.92477
-0.930505  0.238249  0.278204 -0.313312
-0.350835 -0.797966 -0.490066   1.54943
        0         0         0         1

0.0973358 -0.559764  0.822916  0.922276
-0.933095  0.236298  0.271103  -0.31315
-0.346207 -0.794247 -0.499313   1.54958
        0         0         0         1

0.0973358 -0.559764  0.822916  0.922276
-0.933095  0.236298  0.271103  -0.31315
-0.346207 -0.794247 -0.499313   1.54958
        0         0         0         1

0.0966226 -0.560797  0.822296  0.921512
-0.933255   0.23613  0.270699 -0.312638
-0.345976 -0.793567 -0.500551   1.54875
        0         0         0         1

0.0966226 -0.560797  0.822296  0.921512
-0.933255   0.23613  0.270699 -0.312638
-0.345976 -0.793567 -0.500551   1.54875
        0         0         0         1

0.0990516 -0.563026  0.820482   0.92223
 -0.93213  0.236119  0.274558 -0.312371
-0.348315 -0.791991 -0.501425   1.54868
        0         0         0         1

0.0990516 -0.563026  0.820482   0.92223
 -0.93213  0.236119  0.274558 -0.312371
-0.348315 -0.791991 -0.501425   1.54868
        0         0         0         1

 0.105106 -0.568611  0.815864  0.923414
-0.929643  0.235162  0.283658 -0.312434
-0.353152 -0.788277 -0.503888   1.54901
        0         0         0         1

 0.105106 -0.568611  0.815864  0.923414
-0.929643  0.235162  0.283658 -0.312434
-0.353152 -0.788277 -0.503888   1.54901
        0         0         0         1

 0.109196 -0.575336  0.810595  0.924553
-0.927299  0.234768  0.291549 -0.312402
-0.358041   -0.7835 -0.507873   1.54911
        0         0         0         1

 0.109196 -0.575336  0.810595  0.924553
-0.927299  0.234768  0.291549 -0.312402
-0.358041   -0.7835 -0.507873   1.54911
        0         0         0         1

 0.114276 -0.579859  0.806663  0.925816
-0.925128  0.233802  0.299124 -0.312265
-0.362049 -0.780449 -0.509726   1.54914
        0         0         0         1

 0.114276 -0.579859  0.806663  0.925816
-0.925128  0.233802  0.299124 -0.312265
-0.362049 -0.780449 -0.509726   1.54914
        0         0         0         1

 0.117514 -0.584581   0.80278  0.926966
-0.922585  0.234856  0.306073 -0.311896
-0.367462   -0.7766 -0.511727   1.54993
        0         0         0         1

 0.117514 -0.584581   0.80278  0.926966
-0.922585  0.234856  0.306073 -0.311896
-0.367462   -0.7766 -0.511727   1.54993
        0         0         0         1

 0.117888 -0.587631  0.800495  0.926638
-0.922335  0.233914  0.307544 -0.311685
-0.367969  -0.77458 -0.514416   1.55106
        0         0         0         1

 0.117888 -0.587631  0.800495  0.926638
-0.922335  0.233914  0.307544 -0.311685
-0.367969  -0.77458 -0.514416   1.55106
        0         0         0         1

 0.114762 -0.587502  0.801044  0.925798
-0.924334  0.232251  0.302763 -0.311537
-0.363917 -0.775178 -0.516395    1.5535
        0         0         0         1

 0.114762 -0.587502  0.801044  0.925798
-0.924334  0.232251  0.302763 -0.311537
-0.363917 -0.775178 -0.516395    1.5535
        0         0         0         1

 0.111562 -0.588242  0.800952  0.925151
-0.924982   0.23316  0.300076 -0.311442
-0.363267 -0.774343 -0.518102   1.55511
        0         0         0         1

 0.111562 -0.588242  0.800952  0.925151
-0.924982   0.23316  0.300076 -0.311442
-0.363267 -0.774343 -0.518102   1.55511
        0         0         0         1

 0.109568 -0.586575  0.802449  0.924112
-0.924927  0.235483  0.298425 -0.311052
-0.364011 -0.774905 -0.516738   1.55585
        0         0         0         1

 0.109568 -0.586575  0.802449  0.924112
-0.924927  0.235483  0.298425 -0.311052
-0.364011 -0.774905 -0.516738   1.55585
        0         0         0         1

 0.110696 -0.581916   0.80568  0.923478
-0.923891  0.238527  0.299218 -0.309972
-0.366296 -0.777482 -0.511223   1.55603
        0         0         0         1

 0.110696 -0.581916   0.80568  0.923478
-0.923891  0.238527  0.299218 -0.309972
-0.366296 -0.777482 -0.511223   1.55603
        0         0         0         1

 0.114757 -0.577692  0.808148  0.924164
-0.922755  0.239299   0.30209 -0.308905
-0.367904  -0.78039 -0.505607   1.55594
        0         0         0         1

 0.114757 -0.577692  0.808148  0.924164
-0.922755  0.239299   0.30209 -0.308905
-0.367904  -0.78039 -0.505607   1.55594
        0         0         0         1

 0.118884 -0.576337  0.808519  0.923979
-0.922283   0.23752  0.304923 -0.307398
-0.367778 -0.781934 -0.503308   1.55748
        0         0         0         1

 0.118884 -0.576337  0.808519  0.923979
-0.922283   0.23752  0.304923 -0.307398
-0.367778 -0.781934 -0.503308   1.55748
        0         0         0         1

  0.11473 -0.581048  0.805742  0.922461
-0.923897  0.235637   0.30148 -0.306754
-0.365037 -0.779011 -0.509794    1.5601
        0         0         0         1

  0.11473 -0.581048  0.805742  0.922461
-0.923897  0.235637   0.30148 -0.306754
-0.365037 -0.779011 -0.509794    1.5601
        0         0         0         1

 0.109855 -0.585614  0.803112  0.919826
-0.926144  0.233006  0.296588 -0.306241
-0.360816 -0.776379 -0.516766   1.56365
        0         0         0         1

 0.109855 -0.585614  0.803112  0.919826
-0.926144  0.233006  0.296588 -0.306241
-0.360816 -0.776379 -0.516766   1.56365
        0         0         0         1

 0.100201 -0.588192   0.80249  0.914939
 -0.93225  0.226324  0.282289 -0.305578
-0.347663 -0.776407 -0.525664    1.5714
        0         0         0         1

 0.100201 -0.588192   0.80249  0.914939
 -0.93225  0.226324  0.282289 -0.305578
-0.347663 -0.776407 -0.525664    1.5714
        0         0         0         1

0.0954583 -0.586995  0.803943  0.912082
-0.936008  0.221939  0.273187 -0.304558
-0.338786 -0.778576 -0.528246    1.5771
        0         0         0         1

0.0954583 -0.586995  0.803943  0.912082
-0.936008  0.221939  0.273187 -0.304558
-0.338786 -0.778576 -0.528246    1.5771
        0         0         0         1

0.0955548 -0.585517  0.805009  0.908495
-0.938276  0.217092  0.269274 -0.301806
-0.332425 -0.781051 -0.528633   1.58497
        0         0         0         1

0.0955548 -0.585517  0.805009  0.908495
-0.938276  0.217092  0.269274 -0.301806
-0.332425 -0.781051 -0.528633   1.58497
        0         0         0         1

 0.100929 -0.584313  0.805227  0.906879
-0.938209  0.213394  0.272447    -0.299
