-0.570364  0.765609 -0.297538  0.558923
-0.688639 -0.248257  0.681282  0.864163
  0.44773  0.593475  0.668824   2.25608
        0         0         0         1

-0.519358  0.784682 -0.338439  0.556362
-0.735281 -0.208515   0.64489  0.801702
 0.435464  0.583776  0.685256     2.281
        0         0         0         1

-0.487894  0.788702 -0.374045   0.53833
-0.762513 -0.176502  0.622432  0.771713
 0.424893  0.588894  0.687509   2.28725
        0         0         0         1

-0.459359   0.79315 -0.399879  0.534976
-0.786044 -0.153321  0.598855  0.737505
 0.413672  0.589411   0.69388   2.29911
        0         0         0         1

-0.427391  0.797238  -0.42632  0.526965
-0.810425 -0.128854  0.571497  0.706406
 0.400685  0.589753  0.701172   2.31169
        0         0         0         1

 -0.396716   0.793991  -0.460645   0.514506
 -0.832561 -0.0998828   0.544854   0.672941
  0.386599   0.599668   0.700671    2.31283
         0          0          0          1

 -0.370957    0.79479  -0.480311   0.514796
 -0.849857 -0.0820558   0.520586   0.645252
  0.374344   0.601311   0.705898     2.3183
         0          0          0          1

 -0.343846   0.800419  -0.491019   0.548454
 -0.863166 -0.0635165    0.50091    0.60729
   0.36975   0.596067   0.712734    2.32072
         0          0          0          1

 -0.331255   0.799514  -0.501045   0.554806
  -0.86843 -0.0507191   0.493212    0.59068
  0.368917   0.598502   0.711123    2.31734
         0          0          0          1

-0.310255  0.794993 -0.521275  0.554458
-0.878066 -0.029494   0.47763  0.566799
 0.364338  0.605901  0.707207   2.31261
        0         0         0         1

 -0.290216   0.791013  -0.538584   0.553149
 -0.893016 -0.0215792   0.449508   0.533718
  0.343945   0.611418    0.71265    2.32067
         0          0          0          1

-0.241867  0.769612 -0.590929  0.541145
-0.914881 0.0220076  0.403123  0.476609
 0.323254  0.638132  0.698781   2.31128
        0         0         0         1

-0.235568   0.77041 -0.592432    0.5603
-0.916078 0.0275264  0.400054  0.463603
 0.324513  0.636954  0.699271   2.30678
        0         0         0         1

-0.216632  0.759228 -0.613713  0.564954
 -0.92138 0.0487868  0.385589  0.446458
 0.322691  0.648994  0.688969   2.29504
        0         0         0         1

-0.205271  0.751771 -0.626661  0.572336
 -0.92834 0.0531964  0.367906  0.424948
 0.309918  0.657275   0.68698   2.29078
        0         0         0         1

-0.192142  0.749208 -0.633852  0.584223
-0.933806 0.0590564  0.352873  0.403211
 0.301808  0.659696  0.688268   2.28424
        0         0         0         1

-0.177689  0.740724 -0.647885  0.588834
-0.941382 0.0638975  0.331236   0.38066
 0.286753  0.668764   0.68595   2.27649
        0         0         0         1

-0.153511  0.724855  -0.67158  0.599359
-0.953043 0.0709358  0.294411  0.333665
 0.261044   0.68524  0.679928   2.25799
        0         0         0         1

-0.153175  0.722034 -0.674688   0.61152
-0.952491 0.0740015  0.295439  0.324888
 0.263245  0.687888  0.676396   2.24216
        0         0         0         1

-0.141267  0.713321 -0.686452  0.617145
-0.957744  0.077009  0.277121  0.303131
 0.250539  0.696593  0.672301   2.23057
        0         0         0         1

-0.133393  0.705448 -0.696096  0.622293
-0.961601 0.0778587  0.263177  0.284761
 0.239855  0.704472  0.667973   2.22105
        0         0         0         1

 -0.11966  0.683401  -0.72017  0.632486
-0.966153 0.0868221   0.24292   0.25264
 0.228539  0.724862  0.649881   2.18864
        0         0         0         1

-0.115537  0.673123 -0.730449  0.637489
-0.968929 0.0855334  0.232079  0.236195
 0.218695  0.734567  0.642327   2.17594
        0         0         0         1

-0.114227  0.665622 -0.737495  0.648961
-0.970796 0.0828567  0.225144  0.221045
 0.210967  0.741675  0.636719    2.1612
        0         0         0         1

-0.113662  0.657113 -0.745173  0.657919
-0.972954 0.0781971  0.217362  0.206907
 0.201102  0.749725  0.630453    2.1478
        0         0         0         1

 -0.11119  0.646577 -0.754702  0.665018
-0.975351  0.074645  0.207649   0.19154
 0.190596  0.759188   0.62234   2.12939
        0         0         0         1

-0.112834  0.641482 -0.758795  0.674111
-0.977308 0.0661335  0.201236  0.177682
 0.179271  0.764282  0.619463     2.116
        0         0         0         1

-0.111923  0.623651 -0.773649  0.685045
-0.981213 0.0537586  0.185287  0.149093
 0.157144  0.779853  0.605917   2.07891
        0         0         0         1

-0.113582  0.620485 -0.775949  0.691924
-0.982099 0.0480073  0.182146  0.139168
  0.15027  0.782747  0.603925   2.06204
        0         0         0         1

-0.115754  0.615449  -0.77963  0.698452
-0.983767 0.0373245  0.175527  0.124834
 0.137127  0.787292  0.601138     2.044
        0         0         0         1

-0.116847  0.609331 -0.784259  0.702236
-0.984057  0.035582   0.17426  0.115955
 0.134088  0.792117  0.595459   2.02502
        0         0         0         1

-0.125869  0.597235 -0.792128  0.715708
-0.985376 0.0171794  0.169528 0.0947722
 0.114856  0.801882  0.586338   1.98756
        0         0         0         1

  -0.12829   0.593056  -0.794875   0.722397
  -0.98649 0.00602184   0.163709  0.0853179
  0.101875   0.805139   0.584271    1.97091
         0          0          0          1

  -0.131549    0.584809   -0.800433    0.730252
  -0.987118 -0.00309924    0.159965    0.076866
  0.0910684    0.811165    0.577683     1.94814
          0           0           0           1

 -0.136149   0.580325  -0.802924   0.738424
 -0.987467 -0.0141834    0.15719  0.0704142
 0.0798328   0.814262   0.574982    1.93013
         0          0          0          1

 -0.138966   0.572262  -0.808211   0.746373
    -0.988 -0.0245667   0.152484  0.0634835
  0.067406   0.819703   0.568809    1.90725
         0          0          0          1

 -0.141248   0.566655  -0.811758   0.752452
 -0.988404 -0.0345525   0.147865  0.0570792
 0.0557402    0.82323   0.564965    1.88927
         0          0          0          1

-0.147389  0.553854 -0.819465  0.765074
-0.988693 -0.059364  0.137704 0.0439873
0.0276209  0.830495  0.556341   1.84795
        0         0         0         1

 -0.150638   0.549571  -0.821754   0.770531
 -0.988458 -0.0701933   0.134254  0.0392134
 0.0161004   0.832493   0.553802    1.83008
         0          0          0          1

 -0.157109   0.547191  -0.822131   0.777107
 -0.987564 -0.0821737    0.13403   0.034502
0.00578267   0.832965   0.553296    1.80944
         0          0          0          1

 -0.161832   0.543867   -0.82342    0.78253
 -0.986813 -0.0920382   0.133153  0.0307288
-0.00336846   0.834109   0.551589    1.79193
         0          0          0          1

-0.169163  0.536156 -0.826995  0.794412
-0.985248 -0.114038  0.127601 0.0234813
-0.0258951   0.83638  0.547538   1.75387
        0         0         0         1

-0.172838  0.534795 -0.827116   0.80027
-0.984432  -0.12103  0.127456  0.021563
-0.031943  0.836269  0.547388   1.73683
        0         0         0         1

-0.173844  0.529853 -0.830081   0.80596
-0.983753 -0.131808  0.121892 0.0183957
-0.0448263  0.837784  0.544158   1.71796
        0         0         0         1

-0.174312  0.526532 -0.832093  0.810857
-0.983053 -0.141768  0.116228 0.0158587
-0.0567665  0.838252  0.542321   1.70229
        0         0         0         1

-0.175391  0.521688 -0.834913  0.817545
 -0.98223 -0.150264  0.112447 0.0143597
-0.0667947  0.839799  0.538773   1.68233
        0         0         0         1

-0.174378  0.519658  -0.83639  0.823848
-0.981673  -0.15806  0.106463 0.0130804
-0.0768751  0.839627  0.537696   1.66636
        0         0         0         1

-0.175135  0.520991 -0.835402  0.837586
-0.979541 -0.177644 0.0945664 0.0104675
-0.0991363  0.834872  0.541443   1.63373
        0         0         0         1

 -0.174871   0.521837  -0.834929   0.842783
 -0.978913  -0.183093  0.0905933 0.00943456
 -0.105595   0.833164   0.542851    1.61934
         0          0          0          1

 -0.175078   0.524201  -0.833403   0.848676
 -0.978031  -0.189881  0.0860276 0.00834395
 -0.113152   0.830156   0.545929    1.60403
         0          0          0          1

 -0.176174   0.526119  -0.831962   0.853538
 -0.976923  -0.197139  0.0822029 0.00736278
 -0.120763   0.827245   0.548709    1.59165
         0          0          0          1

 -0.177504   0.527238  -0.830971   0.864129
  -0.97512  -0.208161  0.0762214 0.00594535
 -0.132789   0.823826    0.55107    1.56433
         0          0          0          1

 -0.173927   0.526912  -0.831933   0.867733
 -0.974759  -0.212206  0.0693844 0.00482451
 -0.139981   0.823002    0.55052    1.55276
         0          0          0          1

 -0.173491   0.526997   -0.83197   0.873171
 -0.973805  -0.217879  0.0650563 0.00414681
 -0.146984   0.821464   0.550993    1.53997
         0          0          0          1

 -0.171766   0.527741  -0.831857    0.87792
 -0.973195  -0.221986  0.0601191 0.00357821
 -0.152933   0.819885   0.551724    1.52923
         0          0          0          1

 -0.169484   0.530139    -0.8308   0.882667
 -0.972209  -0.228086  0.0527878 0.00288805
 -0.161509   0.816658   0.554062    1.51788
         0          0          0          1

 -0.168232   0.531815  -0.829983   0.887075
 -0.971596  -0.231619  0.0485244 0.00240494
 -0.166434   0.814571   0.555674    1.50834
         0          0          0          1

 -0.161588   0.533962  -0.829924   0.895864
 -0.970718  -0.237477  0.0362116 0.00133436
 -0.177753   0.811474     0.5567    1.48916
         0          0          0          1

  -0.159373    0.536127   -0.828956     0.90044
  -0.970335     -0.2397   0.0315277 0.000857775
  -0.181798     0.80939    0.558424     1.48147
          0           0           0           1

  -0.156341    0.539019   -0.827657    0.905148
  -0.969918   -0.242088   0.0255513 0.000477492
  -0.186593    0.806754    0.560653     1.47328
          0           0           0           1

  -0.154202    0.541598   -0.826373    0.909545
  -0.969894   -0.242531   0.0220307 4.59103e-06
  -0.188489    0.804891    0.562691      1.4661
          0           0           0           1

  -0.147705    0.545659   -0.824888    0.918283
  -0.969461   -0.244975   0.0115423 -0.00125885
  -0.195779    0.801401    0.565179     1.45126
          0           0           0           1

  -0.147104     0.54611   -0.824697    0.922569
  -0.968496   -0.248901  0.00793317 -0.00164832
  -0.200936    0.799883    0.565519      1.4456
          0           0           0           1

   -0.14228    0.545768   -0.825769     0.92596
  -0.968367   -0.249524  0.00193495 -0.00227438
  -0.204993    0.799922    0.564006     1.43876
          0           0           0           1

    -0.1397    0.544659    -0.82694    0.928657
  -0.968064   -0.250697 -0.00157952 -0.00307429
  -0.208172    0.800311    0.562287     1.43314
          0           0           0           1

  -0.140262    0.541717   -0.828776    0.932765
  -0.967214   -0.253953 -0.00230109 -0.00367905
  -0.211716    0.801281    0.559576     1.42708
          0           0           0           1

   -0.13961    0.539508   -0.830325    0.935515
  -0.966591   -0.256292 -0.00400599 -0.00423705
  -0.214967    0.802026    0.557265     1.42246
          0           0           0           1

  -0.137161    0.531694   -0.835756     0.93995
  -0.965469   -0.260419 -0.00722564 -0.00622845
  -0.221489    0.805905    0.549053     1.41356
          0           0           0           1

  -0.137966    0.527866   -0.838047    0.942043
   -0.96498   -0.262247 -0.00632077   -0.007228
  -0.223112    0.807827    0.545561     1.40987
          0           0           0           1

  -0.140425    0.522833   -0.840789    0.944482
  -0.964189   -0.265186 -0.00386692 -0.00826566
  -0.224987    0.810137    0.541349     1.40579
          0           0           0           1

  -0.143134     0.51774    -0.84348    0.946219
  -0.963304    -0.26841 -0.00128607 -0.00885411
  -0.227064    0.812343     0.53716     1.40279
          0           0           0           1

 -0.145633   0.510547  -0.847427   0.947369
 -0.962221  -0.272265 0.00132957 -0.0096973
 -0.230046   0.815606    0.53091    1.39928
         0          0          0          1

 -0.147251     0.5041     -0.851   0.948167
 -0.961248  -0.275669 0.00303217 -0.0104601
 -0.233065   0.818468   0.525157    1.39664
         0          0          0          1

 -0.153889   0.490663  -0.857652   0.951414
 -0.959473  -0.281583  0.0110646 -0.0117585
 -0.236071   0.824597   0.514111    1.38981
         0          0          0          1

 -0.154025   0.487457  -0.859455   0.952689
 -0.958952  -0.283351   0.011148 -0.0121471
 -0.238093   0.825892    0.51109    1.38717
         0          0          0          1

 -0.155057   0.483393  -0.861561   0.954638
 -0.958238  -0.285715  0.0121511 -0.0124215
 -0.240287   0.827465   0.507508    1.38426
         0          0          0          1

 -0.154396   0.481754  -0.862598   0.956421
 -0.958313  -0.285464   0.012099 -0.0130048
 -0.240412   0.828507   0.505745    1.38179
         0          0          0          1

 -0.153841   0.479391  -0.864012   0.960419
 -0.958962  -0.283209   0.013611 -0.0139466
 -0.238171   0.830649   0.503287    1.37695
         0          0          0          1

-0.153059   0.47788 -0.864987   0.96194
-0.959454 -0.281505 0.0142514 -0.014443
-0.236688  0.832097  0.501591    1.3754
        0         0         0         1

 -0.153252   0.475845  -0.866075   0.963115
 -0.960003  -0.279514  0.0162997 -0.0149509
 -0.234324   0.833933   0.499649    1.37347
         0          0          0          1

 -0.154833    0.47318  -0.867253    0.96449
 -0.959861  -0.279852  0.0186775 -0.0152389
 -0.233865   0.835334   0.497518    1.37231
         0          0          0          1

 -0.160365   0.463894  -0.871255   0.966904
 -0.959605      -0.28  0.0275423 -0.0158039
 -0.231175   0.840477   0.490058    1.36953
         0          0          0          1

 -0.162331   0.459578  -0.873176   0.967317
 -0.959462  -0.280134  0.0309291 -0.0158663
 -0.230392     0.8428   0.486422    1.36834
         0          0          0          1

 -0.163571   0.453704  -0.876012   0.967363
  -0.95916  -0.280858  0.0336344 -0.0161337
 -0.230775   0.845737   0.481115    1.36737
         0          0          0          1

 -0.166754   0.447992  -0.878349    0.96882
 -0.959308   -0.27958   0.039527 -0.0161629
 -0.227861   0.849198   0.476384    1.36629
         0          0          0          1

 -0.167547   0.443387  -0.880532   0.969004
 -0.960038  -0.276476  0.0434573 -0.0164224
 -0.224178   0.852625   0.471991     1.3647
         0          0          0          1

-0.169787  0.439085 -0.882257  0.969693
-0.959656 -0.277275 0.0466862 -0.016599
-0.224129  0.854589  0.468448    1.3644
        0         0         0         1

  -0.17419   0.429554  -0.886082   0.971023
 -0.959867  -0.274926  0.0554161 -0.0167095
 -0.219803   0.860174   0.460204    1.36393
         0          0          0          1

 -0.177691   0.424814   -0.88767   0.971382
 -0.959826   -0.27387  0.0610687 -0.0168813
 -0.217163    0.86286   0.456412     1.3642
         0          0          0          1

 -0.181101   0.421679  -0.888476   0.971107
 -0.959789  -0.272814  0.0661569 -0.0171553
 -0.214492   0.864731    0.45413    1.36482
         0          0          0          1

 -0.181084   0.419015  -0.889739   0.970528
 -0.960132   -0.27123  0.0676774 -0.0172396
 -0.212966   0.866522   0.451425    1.36544
         0          0          0          1

 -0.182533   0.413252  -0.892135   0.970333
 -0.960393  -0.269245  0.0717804 -0.0172112
 -0.210539   0.869903    0.44603    1.36692
         0          0          0          1

 -0.181468   0.412034  -0.892915   0.970277
 -0.960782  -0.267892  0.0716424 -0.0172131
 -0.209686   0.870897   0.444489    1.36759
         0          0          0          1

-0.179347  0.411928 -0.893392  0.969919
-0.961547 -0.265397 0.0706586 -0.017259
-0.207997  0.871711  0.443686   1.36816
        0         0         0         1

  -0.18018   0.412774  -0.892834   0.970148
 -0.961801  -0.264112  0.0719944 -0.0169979
 -0.206091   0.871701   0.444595    1.36868
         0          0          0          1

 -0.177147   0.416315  -0.891796   0.970227
 -0.962262  -0.263449  0.0681594 -0.0167843
 -0.206567   0.870216   0.447274    1.36983
         0          0          0          1

 -0.174399   0.419974  -0.890621    0.97051
 -0.962945  -0.261711  0.0651505 -0.0166498
 -0.205724   0.868981   0.450054    1.37105
         0          0          0          1

 -0.166511   0.425902  -0.889315   0.971088
 -0.965275  -0.254523  0.0588396 -0.0164364
 -0.201291   0.868231   0.453494    1.37484
         0          0          0          1

 -0.162438   0.428361  -0.888887   0.970761
  -0.96675  -0.249411  0.0564738 -0.0163394
 -0.197507   0.868505   0.454632    1.37721
         0          0          0          1

 -0.156948    0.43152  -0.888345   0.970398
 -0.968221  -0.244576  0.0522553 -0.0163361
 -0.194719   0.868316   0.456193    1.38161
         0          0          0          1

  -0.15149   0.433274  -0.888439   0.969921
 -0.970118  -0.237511  0.0495881 -0.0163667
 -0.189529   0.869403   0.456308    1.38518
         0          0          0          1

 -0.139718   0.433469  -0.890272   0.967721
 -0.973367  -0.225158  0.0431307 -0.0173377
 -0.181756   0.872587   0.453383    1.39469
         0          0          0          1

 -0.135241   0.433011  -0.891185   0.966513
 -0.974476  -0.220789   0.040603 -0.0176853
 -0.179183    0.87393   0.451818    1.39955
         0          0          0          1

 -0.131744   0.431692  -0.892348   0.965128
 -0.975593  -0.215997  0.0395415 -0.0182312
 -0.175675   0.875778   0.449612    1.40542
         0          0          0          1

 -0.127089   0.431527  -0.893103   0.963255
 -0.976815  -0.210841   0.037128 -0.0188525
 -0.172281   0.877115   0.448318    1.41074
         0          0          0          1

 -0.120398   0.431825  -0.893886   0.960462
 -0.978569  -0.203146  0.0336663 -0.0197499
 -0.167052   0.878782   0.447029     1.4173
         0          0          0          1

 -0.117687   0.431555  -0.894377   0.958746
 -0.979747  -0.197385  0.0336783 -0.0206083
 -0.162003   0.880227   0.446045    1.42344
         0          0          0          1

 -0.109738   0.433538  -0.894429   0.952836
  -0.98251  -0.183507  0.0315966 -0.0228847
 -0.150436   0.882253   0.446093    1.43849
         0          0          0          1

 -0.105365   0.434638   -0.89442   0.949293
 -0.983915  -0.176038  0.0303628 -0.0242772
 -0.144256   0.883233   0.446195    1.44552
         0          0          0          1

-0.0997759   0.435093   -0.89484   0.944764
 -0.985615  -0.166513  0.0289346 -0.0259354
 -0.136414   0.884855   0.445448    1.45402
         0          0          0          1

-0.0958217   0.436188  -0.894739   0.940507
 -0.986637  -0.160619   0.027361 -0.0275656
 -0.131778   0.885405    0.44575    1.46181
         0          0          0          1

-0.0914801   0.435515  -0.895521   0.930166
 -0.988852  -0.145829  0.0300937 -0.0313997
 -0.117487   0.888291      0.444    1.47873
         0          0          0          1

-0.0895836   0.435227  -0.895853   0.924444
 -0.989587  -0.140642  0.0306294 -0.0333937
 -0.112664   0.889268   0.443294      1.487
         0          0          0          1

-0.0867512   0.434433  -0.896517   0.917659
 -0.990478  -0.134175  0.0308248 -0.0359039
 -0.106899   0.890654   0.441936    1.49667
         0          0          0          1

-0.0851056   0.433711  -0.897024    0.91123
 -0.991347  -0.127158  0.0325737 -0.0382045
-0.0999362   0.892034   0.440781    1.50448
         0          0          0          1

-0.0845952   0.433822  -0.897018   0.903427
 -0.992028  -0.121057  0.0350087 -0.0409944
 -0.093403   0.892829   0.440605    1.51394
         0          0          0          1

-0.0795235   0.433137  -0.897813    0.89496
 -0.992914  -0.114209  0.0328487 -0.0437743
-0.0883101   0.894063    0.43915    1.52224
         0          0          0          1

-0.0744687   0.432343  -0.898629   0.876077
 -0.994058  -0.103924  0.0323774 -0.0503144
-0.0793913     0.8957   0.437513    1.54062
         0          0          0          1

-0.0745289     0.4328  -0.898404   0.867563
 -0.994452  -0.099323  0.0346486 -0.0531019
-0.0742363   0.896002   0.437802    1.54835
         0          0          0          1

-0.0713723   0.433352  -0.898394   0.856383
 -0.995005 -0.0939487  0.0337302  -0.057036
-0.0697859   0.896315   0.437893    1.55734
         0          0          0          1

-0.0708943   0.434531  -0.897862   0.846418
 -0.995347 -0.0897001  0.0351802 -0.0603763
-0.0652515   0.896179   0.438869    1.56493
         0          0          0          1

-0.0694325   0.436737  -0.896906   0.834215
 -0.995712 -0.0854279  0.0354833 -0.0647778
-0.0611239   0.895524   0.440796    1.57379
         0          0          0          1

-0.0707806   0.438446  -0.895966   0.823877
 -0.995774  -0.083749  0.0376823 -0.0683855
-0.0585146   0.894847   0.442521    1.58155
         0          0          0          1

-0.0737696   0.441339  -0.894303   0.798853
 -0.996034 -0.0773266  0.0440005 -0.0765612
-0.0497343   0.894002   0.445293    1.59705
         0          0          0          1

-0.0745085   0.442063  -0.893884   0.786805
 -0.996136 -0.0747828  0.0460484 -0.0806073
-0.0464908   0.893861   0.445927    1.60375
         0          0          0          1

-0.0757941   0.442505  -0.893557   0.772397
 -0.996208 -0.0720063  0.0488424 -0.0852726
-0.0427287   0.893871   0.446284    1.61121
         0          0          0          1

 -0.078169    0.44332  -0.892948   0.760071
  -0.99609 -0.0717031  0.0515999 -0.0894544
-0.0411519   0.893491   0.447192    1.61721
         0          0          0          1

-0.0820418   0.444041  -0.892242   0.731599
  -0.99595 -0.0695567  0.0569616 -0.0990075
-0.0367682   0.893302    0.44795    1.62994
         0          0          0          1

-0.0849876    0.44498  -0.891499   0.718904
 -0.995748 -0.0698451  0.0600636  -0.103274
-0.0355397   0.892813   0.449024     1.6352
         0          0          0          1

-0.0886015   0.445663  -0.890805   0.703847
 -0.995443 -0.0712736  0.0633514   -0.10844
-0.0352575   0.892359   0.449947    1.64108
         0          0          0          1

-0.0923296   0.445964  -0.890276   0.690755
 -0.995195 -0.0705919  0.0678493  -0.112117
-0.0325879   0.892263   0.450339    1.64471
         0          0          0          1

-0.0938993   0.446829  -0.889678   0.675054
 -0.995025 -0.0720041  0.0688549  -0.117462
-0.0332942   0.891717   0.451367    1.64959
         0          0          0          1

-0.0946359   0.446629    -0.8897   0.660721
 -0.994992 -0.0713237  0.0700311  -0.121913
-0.0321788   0.891872   0.451142    1.65229
         0          0          0          1

 -0.102463   0.450384  -0.886936   0.631662
  -0.99419 -0.0759179  0.0763021  -0.131046
-0.0329691   0.889601   0.455546    1.65964
         0          0          0          1

 -0.107406   0.453015  -0.885009   0.618501
 -0.993694 -0.0777344  0.0808053  -0.134691
-0.0321896   0.888107   0.458508    1.66236
         0          0          0          1

 -0.110111   0.455725  -0.883284   0.602457
 -0.993341 -0.0807784  0.0821538   -0.14007
-0.0339107   0.886448   0.461585    1.66561
         0          0          0          1

 -0.114289     0.4581  -0.881523   0.589049
 -0.992874 -0.0828292  0.0856822  -0.143877
-0.0337647   0.885033   0.464302    1.66766
         0          0          0          1

 -0.122875   0.462024  -0.878314   0.559256
 -0.991818 -0.0880507  0.0924366  -0.152391
-0.0346283   0.882486   0.469063    1.67111
         0          0          0          1

 -0.125832   0.462478  -0.877656   0.546079
 -0.991397 -0.0907572  0.0943156  -0.156268
-0.0360348   0.881974   0.469919    1.67195
         0          0          0          1

 -0.131376   0.463903  -0.876091   0.531624
 -0.990567 -0.0961681    0.09762  -0.160209
-0.0389658   0.880651   0.472161    1.67298
         0          0          0          1

 -0.134946   0.463224  -0.875907   0.518914
 -0.990066 -0.0982542   0.100572   -0.16318
 -0.039474   0.880778   0.471882    1.67235
         0          0          0          1

-0.140872  0.463764 -0.874687  0.504494
-0.989133 -0.103475  0.104441 -0.166426
-0.0420721  0.879895  0.473301   1.67179
        0         0         0         1

-0.142669  0.465451 -0.873499  0.491562
-0.988734 -0.107408  0.104257 -0.170061
-0.0452943  0.878532  0.475531   1.67111
        0         0         0         1

-0.150715  0.468814 -0.870344  0.464378
 -0.98726 -0.116818  0.108036 -0.175991
-0.0510228  0.875538  0.480447   1.66713
        0         0         0         1

-0.153051  0.471099 -0.868701  0.452459
-0.986706 -0.121469  0.107968 -0.178717
-0.0546562  0.873676  0.483427   1.66482
        0         0         0         1

-0.157681  0.474864 -0.865818  0.439866
-0.985776 -0.127332  0.109691 -0.180934
-0.0581581  0.870799  0.488187   1.66229
        0         0         0         1

-0.159329  0.478834 -0.863326  0.428629
-0.985316 -0.131491  0.108913 -0.183436
-0.0613684  0.868003  0.492753   1.65961
        0         0         0         1

-0.164034  0.486952 -0.857887  0.404937
-0.984062  -0.14131  0.107949 -0.187096
-0.0686622  0.861922  0.502371   1.65201
        0         0         0         1

-0.163347   0.49136 -0.855502  0.394599
-0.983903 -0.144841  0.104674 -0.189317
-0.072479  0.858829  0.507109   1.64825
        0         0         0         1

-0.165362  0.496318 -0.852247  0.383666
-0.983237 -0.150266  0.103268 -0.190479
-0.0768099  0.855037  0.512847     1.643
        0         0         0         1

-0.164885  0.500224 -0.850052   0.37404
-0.982988 -0.154047  0.100019  -0.19163
-0.0809156  0.852083  0.517114   1.63804
        0         0         0         1

-0.165948   0.50504 -0.846992  0.363527
-0.982496 -0.158392 0.0980517 -0.192881
-0.0846366  0.848438  0.522485   1.63241
        0         0         0         1

-0.168141  0.509555  -0.84385  0.355374
-0.981744 -0.163783 0.0967176 -0.193155
-0.0889256  0.844706  0.527791   1.62762
        0         0         0         1

-0.169546  0.514018 -0.840856  0.336545
-0.980491 -0.174081 0.0912855 -0.194055
-0.0994546  0.839929  0.533505   1.61448
        0         0         0         1

-0.171135  0.514772 -0.840073  0.328737
-0.979837 -0.178159  0.090436  -0.19382
-0.103113  0.838611  0.534882   1.60803
        0         0         0         1

 -0.17301  0.516628 -0.838548  0.320469
-0.978853 -0.184542 0.0882622 -0.193281
-0.109148  0.836086  0.537631   1.60099
        0         0         0         1

-0.175299  0.518416 -0.836968   0.31385
-0.977936 -0.189806 0.0872591  -0.19257
-0.113625  0.833798   0.54025   1.59444
        0         0         0         1

-0.176337   0.52182 -0.834631  0.298838
-0.976374 -0.200316 0.0810444 -0.191287
-0.124899  0.829203  0.544815   1.57874
        0         0         0         1

  -0.1762  0.522891  -0.83399  0.292611
-0.975673  -0.20505 0.0775722 -0.190823
-0.130448  0.827369    0.5463   1.57184
        0         0         0         1

-0.179101  0.525727 -0.831585  0.286434
-0.974395 -0.211571  0.076103 -0.189199
 -0.13593  0.823923  0.550159   1.56504
        0         0         0         1

 -0.18339  0.526729 -0.830015  0.281431
-0.973119 -0.216929 0.0773445 -0.187459
-0.139314  0.821887  0.552353   1.55852
        0         0         0         1

-0.185251  0.527718 -0.828973  0.274775
-0.972213 -0.221282  0.076395 -0.186567
-0.143122   0.82009  0.554047   1.55107
        0         0         0         1

 -0.18778  0.527228 -0.828716  0.269931
-0.970923 -0.227187 0.0754669 -0.185141
-0.148485   0.81879  0.554558   1.54482
        0         0         0         1

-0.191746  0.523475 -0.830185  0.259076
 -0.96858 -0.237439 0.0739933 -0.182959
-0.158385  0.818289  0.552556   1.53042
        0         0         0         1

-0.193202  0.521862 -0.830863  0.254917
-0.967437 -0.242452 0.0726771 -0.181731
-0.163517  0.817849  0.551711   1.52459
        0         0         0         1

-0.193885  0.519495 -0.832186  0.250166
-0.966378 -0.247173 0.0708512  -0.18067
-0.168887  0.817943  0.549951   1.51754
        0         0         0         1

-0.196379  0.518035 -0.832511  0.246816
-0.965301 -0.251187 0.0714003 -0.179063
-0.172128  0.817646  0.549388   1.51182
        0         0         0         1

-0.199717  0.513423 -0.834572  0.239929
 -0.96398 -0.255642 0.0734159 -0.175682
-0.175658  0.819173  0.545986    1.4982
        0         0         0         1

-0.199742  0.513097 -0.834766  0.236439
-0.963402 -0.258276 0.0717702 -0.175444
-0.178775   0.81855  0.545907   1.49397
        0         0         0         1

-0.200386  0.513158 -0.834574   0.23323
-0.962825 -0.260653 0.0709109 -0.174837
-0.181146  0.817758  0.546313   1.48946
        0         0         0         1

-0.206396  0.509492 -0.835355  0.232519
-0.961595 -0.263482 0.0768859 -0.171374
-0.180928  0.819143  0.544307   1.48439
        0         0         0         1

-0.208625  0.507624 -0.835939  0.229461
-0.960889 -0.265563 0.0785453 -0.170272
-0.182123  0.819631  0.543173   1.48059
        0         0         0         1

-0.208454    0.5039 -0.838231    0.2274
-0.960654 -0.266338 0.0787902 -0.169855
-0.183551  0.821674  0.539593   1.47622
        0         0         0         1

-0.212241  0.495001 -0.842572  0.223145
-0.959372  -0.26957 0.0832939 -0.167469
-0.185902  0.826018  0.532104   1.46727
        0         0         0         1

-0.213033  0.491692 -0.844308  0.221135
-0.959058 -0.270284 0.0845835 -0.166954
-0.186614  0.827759   0.52914   1.46385
        0         0         0         1

-0.217337  0.487816 -0.845458  0.219781
-0.958267 -0.271431 0.0897248 -0.165079
-0.185714  0.829675   0.52645   1.46019
        0         0         0         1

 -0.21823  0.485146 -0.846764  0.217899
-0.957901 -0.272351 0.0908318 -0.164707
 -0.18655  0.830938  0.524157   1.45752
        0         0         0         1

-0.220846  0.481263   -0.8483  0.215008
-0.957598    -0.272 0.0949874 -0.163104
-0.185024  0.833308  0.520927   1.45132
        0         0         0         1

-0.224293  0.479104 -0.848618  0.214459
-0.957019 -0.272587   0.09905 -0.161407
-0.183867  0.834359  0.519651   1.44931
        0         0         0         1

-0.224956  0.476005 -0.850185  0.213307
-0.957031 -0.271813  0.101043 -0.161012
-0.182994  0.836383  0.516697   1.44602
        0         0         0         1

-0.226813  0.473704 -0.850976   0.21255
-0.956788 -0.271625  0.103813 -0.160141
 -0.18197   0.83775  0.514842   1.44373
        0         0         0         1

-0.228559  0.472674 -0.851082  0.211918
-0.956195 -0.273238  0.105036 -0.158941
  -0.1829  0.837807  0.514419   1.44221
        0         0         0         1

-0.228564  0.470054 -0.852531  0.210831
-0.956251 -0.272653  0.106041 -0.158636
  -0.1826   0.83947  0.511808   1.43958
        0         0         0         1

-0.229642  0.464465 -0.855299  0.209708
-0.955874  -0.27306  0.108362  -0.15719
-0.183217  0.842443  0.506676   1.43414
        0         0         0         1

-0.228736  0.463062 -0.856302  0.209191
-0.955809 -0.273704  0.107306 -0.157539
-0.184684  0.843006  0.505205   1.43228
        0         0         0         1

-0.229854  0.460866 -0.857187  0.209334
-0.955375 -0.274768  0.108454  -0.15626
-0.185544  0.843863  0.503456   1.42971
        0         0         0         1

-0.231572  0.459653 -0.857376  0.209889
-0.954815  -0.27616  0.109835 -0.154853
-0.186287   0.84407  0.502834   1.42734
        0         0         0         1

-0.229832  0.458301 -0.858567  0.208484
-0.955027 -0.276028   0.10831 -0.155023
 -0.18735  0.844848   0.50113    1.4219
        0         0         0         1

-0.229158  0.458397 -0.858696  0.208638
-0.954927 -0.276873  0.107036 -0.154677
-0.188685   0.84452  0.501183   1.42023
        0         0         0         1

-0.228639  0.457877 -0.859112  0.209039
-0.954954 -0.276972   0.10653 -0.154458
-0.189172  0.844769  0.500578   1.41721
        0         0         0         1

-0.230182  0.457431 -0.858937  0.210019
-0.954413  -0.27847  0.107467 -0.153078
 -0.19003  0.844518  0.500678   1.41575
        0         0         0         1

-0.230323   0.45612 -0.859596  0.210382
-0.954055 -0.279817  0.107156 -0.152303
-0.191654  0.844782  0.499612   1.41291
        0         0         0         1

-0.228751  0.456438 -0.859848    0.2095
-0.954261 -0.279805  0.105338 -0.152899
-0.192509  0.844615  0.499566   1.41093
        0         0         0         1

-0.229357  0.455989 -0.859924  0.211274
-0.953692 -0.281907   0.10488 -0.151083
-0.194595  0.844158   0.49953   1.40669
        0         0         0         1

-0.228031  0.455764 -0.860396  0.211345
-0.953865 -0.281826  0.103516 -0.151252
-0.195303  0.844307  0.499002   1.40415
        0         0         0         1

-0.226893  0.457065 -0.860006  0.212279
  -0.9537 -0.283271  0.101063 -0.151093
-0.197423  0.843119  0.500175   1.40378
        0         0         0         1

-0.225236  0.456855 -0.860553  0.213298
-0.953733 -0.283924 0.0988931 -0.150781
-0.199152  0.843013  0.499668   1.40126
        0         0         0         1

-0.221056  0.457536 -0.861275  0.215954
-0.954023 -0.284748 0.0935932 -0.149837
-0.202424  0.842365  0.499445   1.39652
        0         0         0         1

 -0.22026  0.457758 -0.861361  0.217468
-0.953649 -0.286668 0.0915134  -0.14893
-0.205033  0.841593  0.499682   1.39435
        0         0         0         1

 -0.21812   0.45832 -0.861607  0.219005
-0.953984 -0.286274 0.0892267 -0.148312
-0.205761  0.841421  0.499672   1.39145
        0         0         0         1

   -0.216  0.458641  -0.86197  0.220199
-0.954071 -0.286833 0.0864599 -0.147673
-0.207588  0.841056  0.499532   1.38926
        0         0         0         1

-0.216329  0.459095 -0.861646  0.222248
-0.953911 -0.287394 0.0863666 -0.146586
-0.207982  0.840616  0.500108   1.38695
        0         0         0         1

-0.212443  0.461408 -0.861378  0.221824
-0.954363 -0.287324 0.0814671 -0.147702
-0.209905  0.839374   0.50139    1.3859
        0         0         0         1

-0.214773  0.460874 -0.861085  0.224333
-0.953409 -0.290183 0.0824874  -0.14565
-0.211856  0.838683  0.501725    1.3827
        0         0         0         1

-0.211728  0.459477 -0.862584  0.224171
-0.953724 -0.289942 0.0796539 -0.146293
  -0.2135  0.839532  0.499603   1.38108
        0         0         0         1

-0.211635  0.458175 -0.863299  0.225139
-0.953252 -0.291702 0.0788733 -0.145751
-0.215688  0.839634  0.498491   1.38015
        0         0         0         1

-0.211976  0.456901 -0.863891  0.226187
  -0.9531 -0.292054 0.0794019 -0.144957
-0.216024  0.840206  0.497381   1.37905
        0         0         0         1

-0.211541  0.454935 -0.865034  0.227496
 -0.95356  -0.29023 0.0805531 -0.144773
-0.214413  0.841903  0.495204   1.37604
        0         0         0         1

-0.212688  0.454695 -0.864879  0.228332
-0.953186 -0.291256 0.0812819  -0.14407
-0.214942  0.841678  0.495355   1.37696
        0         0         0         1

-0.214193  0.453155 -0.865316  0.228876
 -0.95299 -0.291314  0.083337 -0.143492
-0.214314  0.842488   0.49425   1.37659
        0         0         0         1

-0.215156  0.451195 -0.866101  0.229133
-0.952849  -0.29131 0.0849476 -0.143448
-0.213976  0.843541  0.492598   1.37609
        0         0         0         1

-0.216204  0.449026 -0.866967  0.228926
-0.952702  -0.29127 0.0867277 -0.143591
-0.213578  0.844711  0.490762   1.37582
        0         0         0         1

-0.217494   0.44583 -0.868293  0.228827
-0.952501 -0.291225 0.0890555 -0.143736
-0.213165  0.846418  0.487993   1.37517
        0         0         0         1

-0.219636  0.443479 -0.868957  0.228038
-0.951998 -0.292091 0.0915549 -0.144238
-0.213212  0.847354  0.486345   1.37518
        0         0         0         1

-0.221556  0.442781 -0.868826  0.227768
-0.951664 -0.292531 0.0935972 -0.143981
-0.212716  0.847567  0.486191   1.37499
        0         0         0         1

-0.223521  0.443076 -0.868172   0.22742
-0.951359 -0.292929 0.0954411 -0.143618
-0.212025  0.847276     0.487   1.37489
        0         0         0         1

 -0.22534  0.443663 -0.867401   0.22731
-0.951098 -0.293232 0.0970992 -0.143204
-0.211271  0.846864  0.488044   1.37478
        0         0         0         1

-0.228419  0.445495 -0.865655  0.226884
-0.950519 -0.294362 0.0993235 -0.142882
-0.210568  0.845509  0.490689   1.37539
        0         0         0         1

-0.231639  0.445106 -0.864999  0.226472
-0.949955 -0.295076  0.102551 -0.142425
-0.209594  0.845465  0.491182   1.37541
        0         0         0         1

-0.234701  0.444876 -0.864292  0.225849
-0.949376 -0.295898  0.105499  -0.14232
-0.208808  0.845299  0.491802   1.37566
        0         0         0         1

-0.238992  0.443007 -0.864076  0.224999
-0.948482  -0.29712  0.110006 -0.141779
-0.208001  0.845851  0.491194   1.37573
        0         0         0         1

-0.241385  0.442113 -0.863869  0.224101
-0.947909 -0.298084  0.112313 -0.141755
-0.207851   0.84598  0.491036   1.37571
        0         0         0         1

-0.246725  0.442476 -0.862173  0.223111
-0.946784 -0.299827  0.117063 -0.141197
-0.206705  0.845174  0.492904   1.37635
        0         0         0         1

-0.248913  0.443314 -0.861113  0.221975
-0.946324 -0.300597  0.118793 -0.141422
-0.206185  0.844461  0.494341    1.3769
        0         0         0         1

-0.251067  0.443103 -0.860596   0.22136
-0.945845 -0.301304  0.120803 -0.141203
-0.205772   0.84432  0.494754   1.37711
        0         0         0         1

-0.254469  0.442308 -0.860005  0.220799
-0.945123 -0.302169  0.124246 -0.140723
-0.204912  0.844427  0.494928   1.37721
        0         0         0         1

-0.255065   0.44293 -0.859509  0.220584
-0.944861 -0.302982  0.124259 -0.140574
-0.205378   0.84381  0.495787   1.37732
        0         0         0         1

-0.262135  0.442894 -0.857397  0.218926
-0.943089 -0.305952  0.130292 -0.139689
-0.204617  0.842756   0.49789   1.37803
        0         0         0         1

-0.262059  0.444334 -0.856675  0.218769
-0.942901  -0.30699  0.129208 -0.139517
-0.205579   0.84162  0.499412    1.3782
        0         0         0         1

-0.263039  0.446751 -0.855117    0.2183
-0.942556 -0.308159   0.12894 -0.139174
-0.205908  0.839912  0.502145   1.37878
        0         0         0         1

-0.265578   0.44889 -0.853209  0.218012
-0.941734 -0.310266  0.129895 -0.137966
-0.206413  0.837993  0.505135   1.37914
        0         0         0         1

-0.266156  0.454236 -0.850195  0.217501
-0.941461 -0.311823  0.128129 -0.137271
 -0.20691  0.834527  0.510639   1.37997
        0         0         0         1

-0.269959  0.458576 -0.846659  0.217627
-0.940207 -0.315205  0.129063 -0.135411
-0.207686  0.830876  0.516248   1.38105
        0         0         0         1

-0.273357  0.467185 -0.840841  0.217536
-0.938549 -0.321028  0.126753 -0.132479
-0.210717   0.82382  0.526231   1.38428
        0         0         0         1

-0.275305  0.469897 -0.838692  0.217138
-0.937695 -0.323617   0.12649 -0.130992
-0.211978  0.821261  0.529713   1.38619
        0         0         0         1

-0.277788  0.471927 -0.836731  0.215965
-0.936746 -0.326138  0.127046 -0.129704
-0.212934  0.819096  0.532673   1.38811
        0         0         0         1

-0.282546  0.471998 -0.835096  0.216026
-0.935106 -0.329632  0.130074 -0.127336
