-0.697449  -0.66523  0.266523  0.751078
-0.714165  0.614342 -0.335487  0.826015
  0.05944 -0.424327 -0.903556   2.43159
        0         0         0         1

-0.688661 -0.661998  0.295813  0.737938
-0.724835  0.617848  -0.30476  0.790033
 0.018983 -0.424291 -0.905327   2.42781
        0         0         0         1

-0.674277  -0.66572  0.319637  0.720738
-0.738475  0.606471 -0.294699  0.764139
0.00233659 -0.434752 -0.900547   2.40622
        0         0         0         1

-0.669842 -0.659205  0.341703   0.71169
-0.742029  0.610775  -0.27631  0.735823
-0.0265584 -0.438638 -0.898272    2.3988
        0         0         0         1

-0.641109 -0.651707  0.405286  0.676575
-0.763123  0.597346 -0.246617  0.682712
-0.0813739 -0.467391 -0.880297   2.35878
        0         0         0         1

-0.627344 -0.647989  0.431914  0.659497
-0.771549    0.5924 -0.231894  0.658675
-0.105601  -0.47872 -0.871593   2.34034
        0         0         0         1

-0.606092 -0.646488  0.463363  0.638825
-0.783816  0.584493 -0.209764  0.631536
-0.135222 -0.490328 -0.860984   2.31996
        0         0         0         1

-0.596542 -0.640781  0.483257  0.637283
 -0.78691  0.585389 -0.195171  0.606882
-0.157832 -0.496708 -0.853446   2.30298
        0         0         0         1

-0.571854  -0.64138  0.511482  0.619364
-0.799639  0.575036 -0.172949   0.58094
-0.183195 -0.507903 -0.841709   2.27883
        0         0         0         1

-0.556315 -0.634815  0.536213  0.607195
-0.804842  0.572174 -0.157626  0.561851
-0.206743 -0.519257 -0.829235   2.25691
        0         0         0         1

-0.538791 -0.627421   0.56218  0.606089
-0.803407  0.583455 -0.118816  0.516766
-0.253459 -0.515677 -0.818435   2.22203
        0         0         0         1

-0.525817 -0.618604   0.58382  0.596857
 -0.80593   0.58182 -0.109375  0.502262
-0.272018 -0.528029 -0.804482   2.19109
        0         0         0         1

 -0.509391  -0.615186   0.601719   0.589887
 -0.806752   0.584722 -0.0851547   0.479194
 -0.299453  -0.528815  -0.794155    2.17084
         0          0          0          1

 -0.499821  -0.606359   0.618472   0.585797
 -0.807006   0.585326 -0.0783242   0.465744
 -0.314515  -0.538259  -0.781894    2.14231
         0          0          0          1

 -0.473625  -0.596566    0.64791   0.574012
  -0.80457   0.592317 -0.0427657   0.426679
 -0.358256  -0.541544  -0.760515    2.09235
         0          0          0          1

 -0.469177  -0.594877   0.652682   0.572518
 -0.799987   0.599325 -0.0288209   0.411914
 -0.374024  -0.535659  -0.757084    2.07222
         0          0          0          1

  -0.448159   -0.585894     0.67519     0.56761
  -0.799377    0.600759 -0.00928096    0.392962
  -0.400189    -0.54389   -0.737585     2.04159
          0           0           0           1

 -0.429962  -0.569458   0.700607    0.56626
  -0.79582   0.605521 0.00377672   0.377309
 -0.426383  -0.555934  -0.713537    2.01613
         0          0          0          1

-0.406502 -0.548504  0.730684  0.563662
-0.794044   0.60769 0.0144246  0.360037
-0.451941 -0.574331 -0.682564   1.98561
        0         0         0         1

-0.396097 -0.531576  0.748688  0.563901
-0.790922  0.611711 0.0158793  0.347621
-0.466422 -0.585865 -0.662732   1.95843
        0         0         0         1

-0.379554 -0.509292  0.772374  0.557252
-0.780295  0.624761 0.0285116  0.318286
 -0.49707 -0.591858 -0.634528   1.90619
        0         0         0         1

-0.380871 -0.501434  0.776853  0.557149
-0.773218  0.633441 0.0297774  0.307697
-0.507022 -0.589335 -0.628977   1.88218
        0         0         0         1

-0.369991 -0.497105  0.784853  0.552285
 -0.76866  0.638283  0.041914  0.294188
-0.521794 -0.587777 -0.618263   1.85037
        0         0         0         1

-0.365672  -0.49262  0.789689  0.552894
-0.763415    0.6441 0.0482936  0.284785
 -0.53243 -0.585201 -0.611603   1.82282
        0         0         0         1

-0.355009 -0.492217   0.79479  0.553761
-0.755488  0.651807 0.0662132  0.272519
-0.550642 -0.576949 -0.603261   1.79499
        0         0         0         1

-0.348901 -0.491926   0.79767  0.557039
-0.747481  0.659478 0.0797546  0.263231
-0.565279 -0.568417 -0.597798   1.77008
        0         0         0         1

-0.333957 -0.500467  0.798753  0.559941
-0.730536  0.672917  0.116187  0.243696
-0.595642 -0.544716 -0.590334   1.71568
        0         0         0         1

-0.326031 -0.505914  0.798595   0.56018
-0.722799  0.677873  0.134348  0.235106
-0.609315 -0.533422 -0.586682   1.69096
        0         0         0         1

 -0.32593 -0.510414  0.795768  0.563916
-0.711643   0.68658  0.148905  0.227293
-0.622362  -0.51777  -0.58701   1.66524
        0         0         0         1

-0.324183 -0.514545  0.793819  0.567312
-0.700544  0.694492  0.164071   0.22186
-0.635723 -0.502916 -0.585603   1.64205
        0         0         0         1

-0.320183 -0.529114  0.785825  0.570484
-0.677832  0.707446  0.200158    0.2084
-0.661835  -0.46857 -0.585163   1.59451
        0         0         0         1

-0.317753 -0.534227  0.783348  0.571995
-0.669267  0.711594  0.213815  0.202795
-0.671651 -0.456329 -0.583651   1.57326
        0         0         0         1

-0.316723 -0.536468  0.782233  0.574742
-0.659434  0.717319  0.224947  0.197953
-0.681787 -0.444585 -0.580956   1.54935
        0         0         0         1

-0.318177 -0.541339  0.778277  0.576928
-0.648718  0.722969  0.237658  0.193881
-0.691323 -0.429265 -0.581209   1.53165
        0         0         0         1

-0.318268 -0.543947   0.77642  0.580272
-0.636165  0.729762  0.250484  0.189352
-0.702851  -0.41421   -0.5783     1.512
        0         0         0         1

-0.312209 -0.547294  0.776527   0.58166
 -0.62911  0.731587  0.262682   0.18472
-0.711861 -0.406509 -0.572716   1.49512
        0         0         0         1

-0.304472 -0.547797   0.77924  0.587367
-0.615016  0.737758  0.278331  0.175948
 -0.72736 -0.394501 -0.561531   1.45904
        0         0         0         1

-0.300433 -0.548065  0.780618  0.590598
 -0.60949  0.739847  0.284867  0.172068
-0.733664 -0.390195 -0.556314   1.44408
        0         0         0         1

-0.294942   -0.5484  0.782475   0.59459
-0.605291  0.740872  0.291087  0.167565
-0.739346 -0.387771 -0.550455   1.42735
        0         0         0         1

-0.294083 -0.547226  0.783619  0.598191
-0.599467  0.744169  0.294704  0.164724
-0.744415 -0.383087 -0.546892   1.41495
        0         0         0         1

-0.288942 -0.548227  0.784831  0.606108
-0.588623  0.748265  0.305979  0.158583
-0.755007 -0.373559 -0.538904   1.38909
        0         0         0         1

-0.288052 -0.548437  0.785011  0.610083
-0.584867  0.749857  0.309266  0.156286
-0.758259 -0.370043  -0.53676   1.37829
        0         0         0         1

-0.284256 -0.549071  0.785951  0.613279
-0.581103    0.7507  0.314275  0.153424
-0.762573 -0.367384 -0.532458   1.36572
        0         0         0         1

-0.282378 -0.546014  0.788753  0.617051
-0.578429  0.752845  0.314077  0.151869
-0.765299 -0.367549 -0.528417   1.35491
        0         0         0         1

-0.277623 -0.544757  0.791306  0.620488
-0.575401  0.753888  0.317122  0.149706
 -0.76931 -0.367278 -0.522751   1.34378
        0         0         0         1

-0.275315 -0.540895  0.794754  0.624249
-0.572316  0.756462  0.316576  0.148647
-0.772435 -0.367692 -0.517828   1.33507
        0         0         0         1

-0.262617 -0.536702  0.801863  0.629808
-0.568005  0.757775  0.321166  0.144875
-0.780002 -0.371118 -0.503854   1.31657
        0         0         0         1

-0.256369 -0.534432  0.805393  0.632363
-0.566647  0.758138  0.322703   0.14339
-0.783061 -0.373643 -0.497198   1.30934
        0         0         0         1

-0.250025 -0.528441  0.811318  0.635469
-0.566965  0.759155  0.319742  0.142078
-0.784881 -0.380045 -0.489415   1.30032
        0         0         0         1

-0.244969 -0.524484  0.815418   0.63689
-0.567145  0.759654  0.318233  0.140395
-0.786343 -0.384503 -0.483551   1.29407
        0         0         0         1

-0.238013 -0.515915  0.822911  0.640744
-0.569009  0.760705  0.312339  0.137701
-0.787133 -0.393903 -0.474618    1.2816
        0         0         0         1

-0.235368 -0.515214  0.824109  0.642011
-0.569586  0.760178  0.312571  0.135983
-0.787511 -0.395832  -0.47238   1.27761
        0         0         0         1

 -0.23121 -0.518755  0.823065  0.642322
-0.572613    0.7565  0.315946  0.133307
-0.786547 -0.398248 -0.471956   1.27187
        0         0         0         1

 -0.22913 -0.524079  0.820269  0.643496
-0.573422  0.753619  0.321318  0.131698
-0.786566 -0.396737 -0.473195   1.26848
        0         0         0         1

-0.225754 -0.529329   0.81783   0.64445
-0.575318  0.749912   0.32656  0.129685
-0.786158  -0.39679 -0.473828   1.26428
        0         0         0         1

-0.222487 -0.532116  0.816916  0.646369
 -0.57809  0.746727  0.328954  0.128115
-0.785055 -0.399064 -0.473748   1.26081
        0         0         0         1

-0.215271 -0.551977  0.805593   0.65032
-0.588192    0.7318  0.344238  0.121915
-0.779544 -0.399739 -0.482203    1.2561
        0         0         0         1

-0.211364 -0.564213  0.798116  0.653045
-0.594532  0.722345  0.353199  0.118619
-0.775794 -0.399852  -0.48812   1.25415
        0         0         0         1

-0.205086 -0.578544  0.789447  0.656284
-0.600057  0.711543  0.365566  0.114896
-0.773221 -0.398741 -0.493087   1.25392
        0         0         0         1

-0.200702 -0.588078  0.783507  0.660439
-0.604788  0.703557  0.373148   0.11168
-0.770682 -0.398964 -0.496867   1.25326
        0         0         0         1

 -0.18887 -0.612478  0.767593  0.666573
-0.616991  0.682123  0.392466  0.101687
 -0.76397 -0.399473 -0.506726   1.25335
        0         0         0         1

-0.182654 -0.621938  0.761466  0.669253
-0.623681  0.672014  0.399273 0.0963918
-0.760039 -0.401983 -0.510637   1.25344
        0         0         0         1

-0.178595 -0.632066  0.754054  0.673657
-0.629528  0.662386  0.406127 0.0903102
-0.756174 -0.402165 -0.516202   1.25466
        0         0         0         1

-0.175352 -0.641255  0.747023   0.67679
-0.634092  0.654003  0.412561 0.0845039
-0.753113 -0.401338 -0.521296   1.25656
        0         0         0         1

-0.164881 -0.662786  0.730431  0.684939
-0.645378  0.632519   0.42826 0.0687987
-0.745856 -0.400792 -0.532038   1.26121
        0         0         0         1

-0.162146 -0.673419  0.721259  0.689372
-0.651601  0.621977  0.434236 0.0607932
 -0.74103 -0.399563 -0.539652   1.26323
        0         0         0         1

-0.156574 -0.687386  0.709215  0.694279
 -0.65821  0.607992  0.443965 0.0509499
-0.736372 -0.397299  -0.54764   1.26671
        0         0         0         1

-0.152584 -0.700032   0.69762    0.6992
-0.664175   0.59535  0.452139 0.0417536
 -0.73184 -0.394353 -0.555785    1.2698
        0         0         0         1

-0.148649 -0.714992  0.683147  0.705878
-0.670628   0.58058  0.461719 0.0306894
-0.726747 -0.389504 -0.565797    1.2738
        0         0         0         1

-0.143713 -0.728833  0.669439  0.711539
-0.676801  0.565914  0.470831 0.0202762
-0.722002 -0.385413 -0.574604   1.27773
        0         0         0         1

  -0.132707   -0.757149    0.639621    0.725652
  -0.689696    0.534008    0.489034 -0.00404995
  -0.711834   -0.376246   -0.593069     1.28753
          0           0           0           1

 -0.126925  -0.768826   0.626735   0.732765
  -0.69597   0.519234   0.496007 -0.0156786
 -0.706765  -0.373233  -0.600983    1.29214
         0          0          0          1

-0.120757 -0.780232  0.613723  0.740896
-0.702198  0.504141  0.502753 -0.029231
-0.701667 -0.370244 -0.608756   1.29756
        0         0         0         1

 -0.115213  -0.788253    0.60447   0.748853
 -0.707049   0.492498   0.507472 -0.0410045
 -0.697716  -0.368923  -0.614075    1.30181
         0          0          0          1

 -0.109792  -0.797087   0.593799   0.757985
 -0.712569    0.47962   0.512065 -0.0546652
 -0.692959  -0.366902  -0.620638    1.30668
         0          0          0          1

  -0.10399  -0.803979   0.585495   0.765841
 -0.717086   0.468533   0.516008 -0.0668783
 -0.689183  -0.366191  -0.625245    1.31082
         0          0          0          1

-0.0966909  -0.813295   0.573762   0.783598
 -0.726796   0.451541    0.51757 -0.0938951
 -0.680014  -0.366963  -0.634759    1.31956
         0          0          0          1

-0.0940231  -0.81645   0.56971  0.791526
-0.731544  0.444803  0.516714 -0.106086
 -0.67528 -0.368185 -0.639091   1.32291
        0         0         0         1

-0.0906106 -0.819807  0.565426  0.800532
-0.734941  0.438186  0.517547 -0.120106
-0.672051 -0.368659 -0.642214   1.32723
        0         0         0         1

-0.0887389 -0.821317  0.563527  0.808347
 -0.73816  0.434084  0.516421 -0.132092
-0.668764 -0.370146 -0.644784   1.33022
        0         0         0         1

-0.0833115 -0.821925   0.56347  0.825032
-0.742256  0.428462  0.515245 -0.157922
-0.664918 -0.375313 -0.645774   1.33565
        0         0         0         1

-0.0818504  -0.82156  0.564215  0.832196
 -0.74319   0.42751  0.514688 -0.169051
-0.664055 -0.377192 -0.645567   1.33765
        0         0         0         1

-0.0811772 -0.820653  0.565632  0.840288
-0.744558  0.427206  0.512961 -0.181588
-0.662604 -0.379505 -0.645703   1.33942
        0         0         0         1

-0.0818361 -0.820089  0.566354  0.846828
-0.745222  0.427677  0.511601 -0.191945
-0.661775 -0.380192 -0.646148   1.34087
        0         0         0         1

-0.0831023 -0.819639   0.56682  0.853843
-0.746279  0.428131  0.509678 -0.203671
-0.660426 -0.380651 -0.647258   1.34209
        0         0         0         1

-0.0842557 -0.819026  0.567536  0.859806
-0.746461  0.429174  0.508533 -0.213352
-0.660074 -0.380797 -0.647531   1.34308
        0         0         0         1

-0.0872761 -0.815918  0.571542  0.872737
-0.746395  0.433531  0.504921  -0.23361
-0.659756 -0.382528 -0.646834    1.3437
        0         0         0         1

-0.0886978 -0.815424  0.572028  0.878228
 -0.74613  0.434847   0.50418 -0.242079
-0.659866 -0.382087 -0.646983   1.34343
        0         0         0         1

-0.0910953 -0.815935  0.570922  0.884464
-0.746025  0.435679  0.503617 -0.251485
-0.659658 -0.380045 -0.648396   1.34291
        0         0         0         1

-0.0944224 -0.817355  0.568344  0.889499
-0.746122  0.436055  0.503149  -0.25924
 -0.65908 -0.376545  -0.65102   1.34259
        0         0         0         1

-0.105044 -0.822649  0.558761  0.898892
-0.746024  0.436718  0.502719 -0.275086
-0.657582 -0.364041  -0.65959    1.3416
        0         0         0         1

-0.110147  -0.82513  0.554101  0.902385
-0.745172  0.437472  0.503326 -0.281385
-0.657713  -0.35746 -0.663051   1.34103
        0         0         0         1

-0.115568 -0.826517  0.550921  0.906355
-0.743614  0.439708  0.503681 -0.287981
-0.658545 -0.351463 -0.665426    1.3401
        0         0         0         1

 -0.11882 -0.826175  0.550742  0.909822
-0.742077  0.442417  0.503576 -0.293131
  -0.6597 -0.348858 -0.665653   1.33887
        0         0         0         1

-0.121214 -0.825297  0.551537  0.913501
-0.740023  0.445454  0.503921   -0.2985
-0.661569 -0.347067 -0.664734   1.33721
        0         0         0         1

-0.123695 -0.823812  0.553203  0.916706
-0.737814  0.449148  0.503882 -0.302538
-0.663574 -0.345833 -0.663377   1.33585
        0         0         0         1

-0.130167 -0.819602  0.557951   0.92278
-0.734771  0.457575  0.500737 -0.310075
-0.665709 -0.344787 -0.661781   1.33248
        0         0         0         1

 -0.13348 -0.817108  0.560818  0.924871
-0.733517  0.461983  0.498523 -0.312856
-0.666436 -0.344827 -0.661028   1.33101
        0         0         0         1

-0.136738 -0.814087  0.564416     0.927
-0.731905  0.466978  0.496232 -0.315564
-0.667546 -0.345245 -0.659688   1.32913
        0         0         0         1

-0.140042  -0.81183  0.566851  0.928673
-0.729891  0.471488  0.494932 -0.317456
-0.669064 -0.344428 -0.658576   1.32754
        0         0         0         1

-0.147621 -0.809017  0.568946  0.931189
-0.726914  0.478826  0.492262 -0.320771
-0.670675 -0.340907  -0.65877   1.32387
        0         0         0         1

-0.151543 -0.808215  0.569055   0.93184
-0.725824  0.481787  0.490979 -0.321819
 -0.67098 -0.338629 -0.659633   1.32233
        0         0         0         1

-0.155634 -0.807778   0.56857  0.932359
-0.725534  0.484083  0.489146 -0.322758
-0.670357  -0.33639 -0.661411   1.32027
        0         0         0         1

-0.158555 -0.808249  0.567092  0.932963
 -0.72338  0.486006  0.490428 -0.323145
-0.671998 -0.332463  -0.66173   1.31906
        0         0         0         1

-0.160732 -0.802916  0.574013  0.933233
-0.722321  0.492022  0.485969  -0.32323
-0.672619 -0.336511 -0.659048   1.31729
        0         0         0         1

-0.164677 -0.801297  0.575156  0.932693
-0.721603   0.49541  0.483589 -0.323276
-0.672436 -0.335399 -0.659801   1.31645
        0         0         0         1

-0.169499 -0.795493  0.581774  0.931588
-0.718842  0.503622  0.479198 -0.322804
-0.674193  -0.33698 -0.657198   1.31447
        0         0         0         1

-0.170977 -0.792756  0.585068  0.931182
 -0.71815  0.506818  0.476861 -0.322449
-0.674558 -0.338634 -0.655972   1.31365
        0         0         0         1

-0.171839 -0.790449   0.58793  0.930931
-0.717052  0.509595  0.475551 -0.321888
-0.675505 -0.339859 -0.654361   1.31287
        0         0         0         1

-0.170853 -0.788057  0.591418  0.931115
-0.717312  0.510987  0.473662 -0.321477
-0.675479 -0.343305 -0.652587   1.31231
        0         0         0         1

-0.171126 -0.791906  0.586175  0.931591
-0.719235  0.507023  0.475004 -0.320939
-0.673362 -0.340312 -0.656331   1.31311
        0         0         0         1

-0.170848 -0.793647  0.583897  0.931898
-0.720503  0.504855  0.475392 -0.320618
-0.672076  -0.33948 -0.658078    1.3138
        0         0         0         1

-0.170951  -0.79516  0.581805  0.932185
-0.721932  0.502941  0.475252 -0.320085
-0.670515 -0.338778 -0.660029   1.31483
        0         0         0         1

-0.170201 -0.796255  0.580525  0.932333
-0.723095  0.501147  0.475379 -0.319448
-0.669451 -0.338865 -0.661064   1.31596
        0         0         0         1

-0.169051 -0.796176   0.58097   0.93237
-0.724592  0.499974  0.474334 -0.318492
-0.668122  -0.34078 -0.661424   1.31743
        0         0         0         1

-0.167317 -0.794853  0.583279  0.932185
-0.725589  0.499815  0.472974  -0.31715
-0.667477 -0.344084 -0.660364   1.31929
        0         0         0         1

-0.160951 -0.787604   0.59479  0.931288
-0.727813   0.50176  0.467468 -0.312305
-0.666621 -0.357656 -0.653987    1.3258
        0         0         0         1

-0.155246 -0.781482  0.604305  0.931018
-0.729929   0.50294  0.462878  -0.31006
 -0.66566 -0.369239 -0.648505    1.3296
        0         0         0         1

-0.148693 -0.774277   0.61513  0.930687
-0.733304  0.503664  0.456714 -0.307564
-0.663442 -0.383167 -0.642672   1.33458
        0         0         0         1

-0.141788 -0.768772  0.623607  0.930257
-0.737152   0.50246  0.451819 -0.305281
-0.660684 -0.395631 -0.637945   1.33962
        0         0         0         1

-0.125029 -0.759329  0.638583  0.928939
  -0.7478  0.495119  0.442326 -0.299506
-0.652045 -0.422228  -0.62973   1.35296
        0         0         0         1

-0.116304 -0.756817  0.643197  0.928284
-0.753369  0.489227  0.439423 -0.296475
-0.647232 -0.433458 -0.627061   1.36026
        0         0         0         1

-0.105659 -0.754504  0.647734  0.927252
-0.760643   0.48089  0.436081 -0.292611
-0.640514 -0.446619 -0.624719   1.36966
        0         0         0         1

  -0.0973   -0.7527  0.651134  0.925893
 -0.76825  0.472721  0.431656  -0.28874
-0.632712 -0.458234 -0.624257   1.37892
        0         0         0         1

-0.0873746 -0.750248  0.655357  0.924059
-0.777274  0.462816    0.4262 -0.283691
-0.623066 -0.472153 -0.623587   1.39048
        0         0         0         1

-0.0775629 -0.747518  0.659698  0.922095
-0.785477  0.453331  0.421328 -0.278734
-0.614012 -0.485498  -0.62232   1.40144
        0         0         0         1

-0.0516268 -0.739074  0.671643  0.916804
-0.803108  0.430473   0.41196 -0.265377
-0.593593 -0.518133  -0.61578   1.42847
        0         0         0         1

-0.0399878 -0.734379  0.677561  0.913974
-0.810907   0.42005  0.407417 -0.258246
-0.583808 -0.533147  -0.61231   1.44195
        0         0         0         1

-0.0272304 -0.728704  0.684287   0.91043
-0.820547  0.407264  0.401047 -0.249284
 -0.57093 -0.550569 -0.609026   1.45821
        0         0         0         1

-0.0158235 -0.725127  0.688433  0.906755
-0.828589  0.394877  0.396879 -0.240948
-0.559634 -0.564148  -0.60708   1.47301
        0         0         0         1

0.00624094 -0.721769  0.692106   0.89663
-0.847668  0.363351  0.386567 -0.219631
 -0.53049 -0.589089 -0.609553   1.51075
        0         0         0         1

0.0122676 -0.722383  0.691384  0.891025
-0.856433  0.349295  0.380152 -0.209221
-0.516113 -0.596788 -0.614388    1.5291
        0         0         0         1

0.0170185 -0.724448  0.689119  0.883756
-0.866385  0.333345  0.371831 -0.196634
-0.499087  -0.60337 -0.621978   1.55135
        0         0         0         1

0.0196231 -0.727859  0.685447  0.877374
-0.874756  0.319499  0.364311 -0.185163
-0.484166 -0.606747 -0.630429   1.57118
        0         0         0         1

0.0215544   -0.7335  0.679347  0.869733
-0.884309   0.30301  0.355221 -0.171051
-0.466404 -0.608409  -0.64211   1.59448
        0         0         0         1

0.0241783 -0.738141  0.674213  0.862469
-0.891487  0.289273  0.348671 -0.158378
  -0.4524 -0.609483 -0.651049   1.61564
        0         0         0         1

0.0251739 -0.753458  0.657014  0.845639
-0.907984  0.257736  0.330359 -0.128161
-0.418247 -0.604875  -0.67764   1.66382
        0         0         0         1

0.0232062  -0.76119  0.648113  0.837522
-0.915074  0.244909  0.320404 -0.113732
-0.402617 -0.600507 -0.690862   1.68657
        0         0         0         1

 0.0192001  -0.770743   0.636857   0.828214
 -0.922832   0.231442    0.30792 -0.0965481
 -0.384723  -0.593624  -0.706823    1.71325
         0          0          0          1

 0.0154658  -0.778158   0.627879   0.819909
 -0.928696   0.221518   0.297413 -0.0812762
  -0.37052  -0.587708  -0.719245    1.73702
         0          0          0          1

-0.000765288 -0.795448  0.606021  0.803398
-0.941175  0.205359   0.26836 -0.043999
-0.337918 -0.570166 -0.748813   1.79044
        0         0         0         1

-0.00661575  -0.802762   0.596263   0.795825
 -0.945821   0.198591   0.256873 -0.0267296
  -0.32462  -0.562259  -0.760583    1.81527
         0          0          0          1

 -0.0151493   -0.811733    0.583832    0.787899
  -0.951027    0.191989    0.242255 -0.00628785
  -0.308735    -0.55157   -0.774889      1.8439
          0           0           0           1

-0.0251707 -0.821035  0.570323  0.781901
-0.955561   0.18738  0.227578 0.0125628
-0.293717  -0.53925 -0.789265   1.86939
        0         0         0         1

-0.0320372 -0.829366  0.557786  0.773128
-0.959775  0.181274  0.214409 0.0338429
-0.278935 -0.528481 -0.801813   1.89973
        0         0         0         1

-0.0458915 -0.839653  0.541182  0.768692
-0.963673  0.179905  0.197407 0.0538263
-0.263114 -0.512463 -0.817406   1.92528
        0         0         0         1

-0.071475 -0.860734  0.504012  0.756667
-0.970729  0.176189  0.163228  0.098644
-0.229297 -0.477593 -0.848132   1.98332
        0         0         0         1

-0.084642 -0.869612  0.486427  0.750828
-0.973709  0.175802  0.144859  0.119381
-0.211486 -0.461377 -0.861629   2.00883
        0         0         0         1

-0.108031  -0.88055  0.461477  0.749499
-0.974625  0.185347  0.125506  0.142945
-0.196048 -0.436209 -0.878229   2.03965
        0         0         0         1

-0.122825 -0.886774  0.445584  0.745444
-0.976617  0.187827  0.104598   0.16587
-0.176448 -0.422317 -0.889109   2.06131
        0         0         0         1

-0.142052 -0.894731  0.423412  0.743143
-0.976122  0.197635 0.0901482  0.188997
 -0.16434 -0.400496 -0.901441   2.09238
        0         0         0         1

-0.164207 -0.900602  0.402434  0.743895
-0.975809  0.208003 0.0673226  0.212298
-0.144338 -0.381643  -0.91297   2.11593
        0         0         0         1

-0.198761 -0.909326  0.365542  0.735314
-0.973271  0.226931 0.0353061  0.259386
-0.115058 -0.348754 -0.930125   2.16853
        0         0         0         1

-0.210694 -0.911247  0.353887  0.725795
-0.971869  0.234242 0.0245429  0.279631
 -0.10526 -0.338761 -0.934966   2.19013
        0         0         0         1

   -0.244094    -0.912258     0.328942     0.729028
   -0.966098     0.258172 -0.000909125     0.309964
  -0.0840944    -0.318012     -0.94435      2.21409
           0            0            0            1

 -0.263477  -0.912323   0.313444   0.726363
 -0.962394   0.270878 -0.0205505   0.334017
-0.0661562  -0.307071  -0.949384    2.23328
         0          0          0          1

  -0.32939  -0.906215   0.265099   0.735256
 -0.943716    0.32491 -0.0619101   0.388673
-0.0300294  -0.270571  -0.962232    2.28293
         0          0          0          1

 -0.347421  -0.902685   0.253887   0.729198
 -0.937604   0.338459 -0.0796474   0.414633
-0.0140338  -0.265717  -0.963949    2.29887
         0          0          0          1

 -0.366062  -0.900052   0.236443   0.719393
 -0.930588   0.353434 -0.0953448    0.43937
0.00224837  -0.254933  -0.966956    2.32363
         0          0          0          1

-0.394414 -0.893835  0.213299  0.724157
-0.918669  0.377966 -0.114848  0.465467
0.0220357 -0.241249 -0.970213    2.3455
        0         0         0         1

-0.417811 -0.885344  0.203959  0.716377
-0.907972  0.399004 -0.127993  0.489561
0.0319372 -0.238666 -0.970576   2.37282
        0         0         0         1

-0.444534 -0.878069  0.177157  0.719561
-0.893907  0.422128 -0.150794  0.519414
0.0576251 -0.225395 -0.972562   2.39097
        0         0         0         1

-0.504737 -0.855542  0.115279   0.73746
-0.856465  0.479533 -0.191089  0.580694
 0.108205 -0.195182  -0.97478   2.44143
        0         0         0         1

-0.532219 -0.841764 0.0904245   0.74395
-0.835655  0.505204 -0.215523  0.613468
 0.135737 -0.190269 -0.972303   2.45479
        0         0         0         1

-0.553211  -0.83042 0.0660401  0.742829
 -0.81658   0.52489 -0.240185  0.647291
  0.16479   -0.1868 -0.968478   2.46947
        0         0         0         1

-0.580284  -0.81375 0.0328798  0.758346
-0.792826  0.555207 -0.251339  0.672849
 0.186272 -0.171916 -0.967341   2.49732
        0         0         0         1

 -0.639977  -0.766764 -0.0500145   0.794913
  -0.72522   0.624248  -0.290466   0.746164
  0.253941   -0.14962  -0.955577    2.53424
         0          0          0          1

 -0.660259  -0.747032 -0.0774676    0.80183
 -0.694013   0.646297  -0.317247   0.788595
  0.287061  -0.155702  -0.945173    2.53694
         0          0          0          1

  -0.66885  -0.737342 -0.0946936      0.789
 -0.681213   0.658908  -0.319044   0.811555
  0.297639  -0.148886  -0.942997    2.56312
         0          0          0          1

-0.691073 -0.711637  -0.12646  0.800033
-0.644669  0.685992 -0.337368  0.849487
 0.326834 -0.151621  -0.93284   2.57001
        0         0         0         1

 -0.71147 -0.684553 -0.158741  0.810875
-0.605789  0.711963 -0.355145  0.894713
 0.356133 -0.156511 -0.921235   2.57851
        0         0         0         1

-0.730819 -0.653227 -0.197986  0.838674
 -0.55665   0.73824 -0.380976  0.945545
 0.395025 -0.168215 -0.903138   2.57351
        0         0         0         1

-0.757854 -0.597316 -0.262433  0.866457
-0.496831  0.789083 -0.361259   0.98595
 0.422867 -0.143397 -0.894774    2.6356
        0         0         0         1

-0.775306 -0.550258 -0.310029  0.899093
-0.432922  0.820416 -0.373492   1.03324
 0.459869 -0.155352 -0.874292   2.62904
        0         0         0         1

