 -0.389739   -0.17034   0.905035   0.700852
 -0.859217  -0.286427  -0.423917   0.872753
  0.331436  -0.942838 -0.0347272    2.05359
         0          0          0          1

 -0.324891  -0.172306   0.929923   0.754281
 -0.877978  -0.310564  -0.364287   0.832798
   0.35157  -0.934805 -0.0503813    2.05791
         0          0          0          1

 -0.324891  -0.172306   0.929923   0.754281
 -0.877978  -0.310564  -0.364287   0.832798
   0.35157  -0.934805 -0.0503813    2.05791
         0          0          0          1

 -0.262153   -0.15485   0.952522     0.7728
 -0.907003   -0.29756  -0.297999   0.786306
  0.329578  -0.942061 -0.0624433    2.08366
         0          0          0          1

 -0.262153   -0.15485   0.952522     0.7728
 -0.907003   -0.29756  -0.297999   0.786306
  0.329578  -0.942061 -0.0624433    2.08366
         0          0          0          1

  -0.22599  -0.158864   0.961088   0.814693
 -0.919751  -0.290231  -0.264244   0.751821
  0.320917  -0.943678 -0.0805265    2.10053
         0          0          0          1

  -0.22599  -0.158864   0.961088   0.814693
 -0.919751  -0.290231  -0.264244   0.751821
  0.320917  -0.943678 -0.0805265    2.10053
         0          0          0          1

-0.168666 -0.164826  0.971794  0.868512
 -0.93099 -0.297185 -0.211989  0.708022
 0.323744 -0.940486 -0.103326    2.1096
        0         0         0         1

-0.168666 -0.164826  0.971794  0.868512
 -0.93099 -0.297185 -0.211989  0.708022
 0.323744 -0.940486 -0.103326    2.1096
        0         0         0         1

-0.156983 -0.164847  0.973746  0.879282
-0.932154 -0.300989 -0.201233  0.699299
 0.326259 -0.939272 -0.106412   2.10824
        0         0         0         1

-0.132659 -0.167319  0.976937   0.90315
-0.933068 -0.311402 -0.180035  0.684081
 0.334344 -0.935432  -0.11481   2.10693
        0         0         0         1

-0.0733124 -0.163483  0.983818  0.939336
-0.939786 -0.318857 -0.123016  0.643956
 0.333809 -0.933597 -0.130263    2.1164
        0         0         0         1

-0.0733124 -0.163483  0.983818  0.939336
-0.939786 -0.318857 -0.123016  0.643956
 0.333809 -0.933597 -0.130263    2.1164
        0         0         0         1

-0.0407542  -0.164512   0.985533   0.967227
 -0.944905  -0.314285 -0.0915369   0.613687
  0.324797  -0.934966   -0.14264    2.12718
         0          0          0          1

-0.0407542  -0.164512   0.985533   0.967227
 -0.944905  -0.314285 -0.0915369   0.613687
  0.324797  -0.934966   -0.14264    2.12718
         0          0          0          1

-0.0245302  -0.172573   0.984691   0.998371
 -0.942567  -0.324221 -0.0803024   0.594123
  0.333116  -0.930107  -0.154708    2.12157
         0          0          0          1

-0.0245302  -0.172573   0.984691   0.998371
 -0.942567  -0.324221 -0.0803024   0.594123
  0.333116  -0.930107  -0.154708    2.12157
         0          0          0          1

0.00777501  -0.184292   0.982841    1.03326
 -0.947592  -0.315286 -0.0516228   0.555086
   0.31939   -0.93093  -0.177084    2.11672
         0          0          0          1

0.00777501  -0.184292   0.982841    1.03326
 -0.947592  -0.315286 -0.0516228   0.555086
   0.31939   -0.93093  -0.177084    2.11672
         0          0          0          1

0.00691916  -0.190653   0.981633    1.04533
 -0.955646  -0.290303 -0.0496466    0.52822
  0.294437   -0.93775  -0.184205    2.11764
         0          0          0          1

0.00691916  -0.190653   0.981633    1.04533
 -0.955646  -0.290303 -0.0496466    0.52822
  0.294437   -0.93775  -0.184205    2.11764
         0          0          0          1

 0.0100545  -0.215098   0.976541    1.07682
 -0.961294  -0.270989 -0.0497918   0.501815
  0.275342  -0.938242  -0.209497    2.11221
         0          0          0          1

 0.0100545  -0.215098   0.976541    1.07682
 -0.961294  -0.270989 -0.0497918   0.501815
  0.275342  -0.938242  -0.209497    2.11221
         0          0          0          1

0.0802092 -0.252823  0.964182     1.127
-0.965527 -0.260021 0.0121395  0.465004
 0.247638 -0.931917 -0.264964   2.09675
        0         0         0         1

0.0802092 -0.252823  0.964182     1.127
-0.965527 -0.260021 0.0121395  0.465004
 0.247638 -0.931917 -0.264964   2.09675
        0         0         0         1

 0.115508 -0.279869  0.953064   1.16829
 -0.96615  -0.25448 0.0423655  0.440703
 0.230679 -0.925696  -0.29979   2.08338
        0         0         0         1

 0.115508 -0.279869  0.953064   1.16829
 -0.96615  -0.25448 0.0423655  0.440703
 0.230679 -0.925696  -0.29979   2.08338
        0         0         0         1

 0.126405 -0.321671  0.938376   1.20816
-0.974001 -0.219526 0.0559511  0.403672
 0.188001 -0.921052 -0.341057    2.0685
        0         0         0         1

 0.126405 -0.321671  0.938376   1.20816
-0.974001 -0.219526 0.0559511  0.403672
 0.188001 -0.921052 -0.341057    2.0685
        0         0         0         1

 0.132564 -0.350179  0.927255   1.23207
-0.977905 -0.198774 0.0647378  0.380393
 0.161644 -0.915349 -0.368792   2.05036
        0         0         0         1

 0.132564 -0.350179  0.927255   1.23207
-0.977905 -0.198774 0.0647378  0.380393
 0.161644 -0.915349 -0.368792   2.05036
        0         0         0         1

 0.155471 -0.364518  0.918126   1.26163
-0.977466 -0.191114  0.089643  0.358553
  0.14279 -0.911374 -0.386016   2.03056
        0         0         0         1

 0.155471 -0.364518  0.918126   1.26163
-0.977466 -0.191114  0.089643  0.358553
  0.14279 -0.911374 -0.386016   2.03056
        0         0         0         1

 0.203679 -0.372091  0.905573   1.30763
-0.972003 -0.187538  0.141563   0.32683
 0.117155 -0.909053 -0.399871   2.00121
        0         0         0         1

 0.203679 -0.372091  0.905573   1.30763
-0.972003 -0.187538  0.141563   0.32683
 0.117155 -0.909053 -0.399871   2.00121
        0         0         0         1

 0.225958 -0.389253  0.892987    1.3409
-0.968909 -0.184655  0.164678  0.305126
 0.100793 -0.902433 -0.418875   1.98318
        0         0         0         1

 0.225958 -0.389253  0.892987    1.3409
-0.968909 -0.184655  0.164678  0.305126
 0.100793 -0.902433 -0.418875   1.98318
        0         0         0         1

 0.254861  -0.41848  0.871734   1.37646
-0.963793 -0.183039  0.193906   0.27568
0.0784156  -0.88959 -0.449978    1.9563
        0         0         0         1

 0.254861  -0.41848  0.871734   1.37646
-0.963793 -0.183039  0.193906   0.27568
0.0784156  -0.88959 -0.449978    1.9563
        0         0         0         1

 0.266316 -0.439146  0.858036   1.40562
-0.962066 -0.175773  0.208644    0.2545
0.0591942 -0.881053 -0.469299   1.93573
        0         0         0         1

 0.266316 -0.439146  0.858036   1.40562
-0.962066 -0.175773  0.208644    0.2545
0.0591942 -0.881053 -0.469299   1.93573
        0         0         0         1

 0.273712 -0.446324  0.851984   1.41922
-0.960475 -0.173525  0.217662  0.246073
0.0506929 -0.877886 -0.476178   1.92314
        0         0         0         1

 0.282203 -0.462901  0.840288    1.4475
-0.959154 -0.154059  0.237254  0.224017
0.0196291  -0.87292 -0.487469   1.89858
        0         0         0         1

 0.289676 -0.473457  0.831821   1.46614
-0.957121 -0.140934  0.253093  0.206353
-0.00259673 -0.869469 -0.493981    1.8757
        0         0         0         1

 0.289676 -0.473457  0.831821   1.46614
-0.957121 -0.140934  0.253093  0.206353
-0.00259673 -0.869469 -0.493981    1.8757
        0         0         0         1

 0.284706  -0.49343  0.821869    1.4849
-0.958289 -0.124131  0.257438  0.186742
-0.0250086 -0.860882 -0.508189   1.85421
        0         0         0         1

 0.284706  -0.49343  0.821869    1.4849
-0.958289 -0.124131  0.257438  0.186742
-0.0250086 -0.860882 -0.508189   1.85421
        0         0         0         1

 0.283603 -0.525099  0.802396   1.50994
-0.957645 -0.111581  0.265455  0.160794
-0.0498578 -0.843694 -0.534503   1.82402
        0         0         0         1

 0.283603 -0.525099  0.802396   1.50994
-0.957645 -0.111581  0.265455  0.160794
-0.0498578 -0.843694 -0.534503   1.82402
        0         0         0         1

 0.278839   -0.5484  0.788356   1.52764
-0.958083 -0.102631  0.267478  0.143765
-0.0657753 -0.829894  -0.55403   1.80241
        0         0         0         1

 0.278839   -0.5484  0.788356   1.52764
-0.958083 -0.102631  0.267478  0.143765
-0.0657753 -0.829894  -0.55403   1.80241
        0         0         0         1

  0.274684   -0.57026   0.774178    1.54555
 -0.957685 -0.0902772   0.273295   0.126033
-0.0859586  -0.816488  -0.570927     1.7795
         0          0          0          1

  0.274684   -0.57026   0.774178    1.54555
 -0.957685 -0.0902772   0.273295   0.126033
-0.0859586  -0.816488  -0.570927     1.7795
         0          0          0          1

  0.280455  -0.586898   0.759537       1.57
 -0.952701 -0.0736879   0.294841   0.104791
 -0.117073  -0.806301  -0.579804    1.74549
         0          0          0          1

  0.280455  -0.586898   0.759537       1.57
 -0.952701 -0.0736879   0.294841   0.104791
 -0.117073  -0.806301  -0.579804    1.74549
         0          0          0          1

  0.284033  -0.602235   0.746082    1.58414
 -0.949617 -0.0691706   0.305685  0.0917091
 -0.132487  -0.795317  -0.591539    1.72301
         0          0          0          1

  0.284033  -0.602235   0.746082    1.58414
 -0.949617 -0.0691706   0.305685  0.0917091
 -0.132487  -0.795317  -0.591539    1.72301
         0          0          0          1

  0.273496  -0.635546   0.721998    1.60689
 -0.949801 -0.0598905   0.307069  0.0722914
 -0.151916  -0.769737  -0.620022    1.69133
         0          0          0          1

  0.273496  -0.635546   0.721998    1.60689
 -0.949801 -0.0598905   0.307069  0.0722914
 -0.151916  -0.769737  -0.620022    1.69133
         0          0          0          1

  0.257667  -0.656851   0.708629    1.61988
 -0.952519 -0.0495494   0.300421  0.0588346
 -0.162219  -0.752391   -0.63843    1.67038
         0          0          0          1

  0.257667  -0.656851   0.708629    1.61988
 -0.952519 -0.0495494   0.300421  0.0588346
 -0.162219  -0.752391   -0.63843    1.67038
         0          0          0          1

  0.248433   -0.66945   0.700084    1.63039
 -0.952849 -0.0388863   0.300944  0.0477715
 -0.174244  -0.741839  -0.647545    1.65126
         0          0          0          1

  0.248433   -0.66945   0.700084    1.63039
 -0.952849 -0.0388863   0.300944  0.0477715
 -0.174244  -0.741839  -0.647545    1.65126
         0          0          0          1

  0.230588  -0.682158   0.693895    1.64919
   -0.9535 -0.0161719   0.300959  0.0306062
  -0.19408  -0.731026  -0.654167     1.6205
         0          0          0          1

  0.230588  -0.682158   0.693895    1.64919
   -0.9535 -0.0161719   0.300959  0.0306062
  -0.19408  -0.731026  -0.654167     1.6205
         0          0          0          1

    0.22271   -0.683457    0.695189     1.65927
   -0.95345 -0.00398709    0.301526   0.0213879
  -0.203308    -0.72998   -0.652529     1.60152
          0           0           0           1

    0.22271   -0.683457    0.695189     1.65927
   -0.95345 -0.00398709    0.301526   0.0213879
  -0.203308    -0.72998   -0.652529     1.60152
          0           0           0           1

  0.201784  -0.679584   0.705301    1.67175
 -0.955759  0.0207368    0.29342 0.00734738
 -0.214029  -0.733305  -0.645333    1.57609
         0          0          0          1

  0.201784  -0.679584   0.705301    1.67175
 -0.955759  0.0207368    0.29342 0.00734738
 -0.214029  -0.733305  -0.645333    1.57609
         0          0          0          1

   0.185674   -0.673675    0.715323     1.67936
  -0.957169   0.0405841     0.28667 -0.00128832
  -0.222153   -0.737912   -0.637286     1.55925
          0           0           0           1

   0.185674   -0.673675    0.715323     1.67936
  -0.957169   0.0405841     0.28667 -0.00128832
  -0.222153   -0.737912   -0.637286     1.55925
          0           0           0           1

   0.173283   -0.668979    0.722801     1.68436
   -0.95772   0.0566817    0.282063 -0.00708201
  -0.229663   -0.741117   -0.630872     1.54298
          0           0           0           1

   0.173283   -0.668979    0.722801     1.68436
   -0.95772   0.0566817    0.282063 -0.00708201
  -0.229663   -0.741117   -0.630872     1.54298
          0           0           0           1

 0.159123 -0.665793  0.728972   1.69119
-0.956319  0.079457  0.281319 -0.013525
-0.245222 -0.741894 -0.624067   1.52243
        0         0         0         1

 0.159123 -0.665793  0.728972   1.69119
-0.956319  0.079457  0.281319 -0.013525
-0.245222 -0.741894 -0.624067   1.52243
        0         0         0         1

   0.15554   -0.66748   0.728201    1.69346
 -0.955897  0.0842161   0.281368 -0.0154084
 -0.249134   -0.73985  -0.624944    1.51806
         0          0          0          1

  0.146827  -0.670556   0.727184    1.69842
 -0.955302  0.0945748   0.280096 -0.0193794
 -0.256593  -0.735806  -0.626697    1.50876
         0          0          0          1

  0.136952   -0.68179   0.718614    1.70538
 -0.953562   0.105723   0.282033 -0.0238155
 -0.268261  -0.723868   -0.63565     1.4903
         0          0          0          1

  0.136952   -0.68179   0.718614    1.70538
 -0.953562   0.105723   0.282033 -0.0238155
 -0.268261  -0.723868   -0.63565     1.4903
         0          0          0          1

  0.131433  -0.684841   0.716742    1.70967
 -0.952198    0.11391    0.28345 -0.0269788
 -0.275762  -0.719734  -0.637132    1.48218
         0          0          0          1

  0.131433  -0.684841   0.716742    1.70967
 -0.952198    0.11391    0.28345 -0.0269788
 -0.275762  -0.719734  -0.637132    1.48218
         0          0          0          1

  0.125366   -0.68374   0.718877    1.71205
 -0.951779   0.121612   0.281651 -0.0298008
     -0.28  -0.719521  -0.635523    1.47221
         0          0          0          1

  0.125366   -0.68374   0.718877    1.71205
 -0.951779   0.121612   0.281651 -0.0298008
     -0.28  -0.719521  -0.635523    1.47221
         0          0          0          1

  0.119528  -0.680592   0.722847    1.71498
 -0.952342   0.127204   0.277245 -0.0328304
  -0.28064  -0.721536  -0.632952    1.46883
         0          0          0          1

  0.110436  -0.673738   0.730672    1.71532
 -0.953754   0.134952   0.268591 -0.0361705
 -0.279565  -0.726543  -0.627677    1.46329
         0          0          0          1

  0.102106  -0.668917   0.736291    1.71506
 -0.956664   0.136876   0.257018 -0.0390886
 -0.272704  -0.730626  -0.625953    1.45838
         0          0          0          1

  0.102106  -0.668917   0.736291    1.71506
 -0.956664   0.136876   0.257018 -0.0390886
 -0.272704  -0.730626  -0.625953    1.45838
         0          0          0          1

  0.091998  -0.671604   0.735176    1.71752
 -0.957607   0.142741    0.25023 -0.0438882
 -0.272995   -0.72703  -0.630001    1.45335
         0          0          0          1

  0.091998  -0.671604   0.735176    1.71752
 -0.957607   0.142741    0.25023 -0.0438882
 -0.272995   -0.72703  -0.630001    1.45335
         0          0          0          1

 0.0917718  -0.676996   0.730243    1.71858
 -0.956599   0.143749   0.253486 -0.0450588
 -0.276581  -0.721812  -0.634421    1.44765
         0          0          0          1

 0.0917718  -0.676996   0.730243    1.71858
 -0.956599   0.143749   0.253486 -0.0450588
 -0.276581  -0.721812  -0.634421    1.44765
         0          0          0          1

 0.0920039  -0.682769   0.724819    1.71948
  -0.95561   0.144068   0.257009 -0.0461307
 -0.279901   -0.71629  -0.639206    1.44431
         0          0          0          1

 0.0920039  -0.682769   0.724819    1.71948
  -0.95561   0.144068   0.257009 -0.0461307
 -0.279901   -0.71629  -0.639206    1.44431
         0          0          0          1

0.0903531 -0.689564  0.718567    1.7198
-0.955136   0.14434  0.258614 -0.047995
-0.282049 -0.709696 -0.645586   1.44037
        0         0         0         1

0.0903531 -0.689564  0.718567    1.7198
-0.955136   0.14434  0.258614 -0.047995
-0.282049 -0.709696 -0.645586   1.44037
        0         0         0         1

 0.0919697  -0.695951   0.712176    1.71903
 -0.955605   0.139372   0.259603 -0.0475649
 -0.279929  -0.704435  -0.652236    1.43821
         0          0          0          1

 0.0919697  -0.695951   0.712176    1.71903
 -0.955605   0.139372   0.259603 -0.0475649
 -0.279929  -0.704435  -0.652236    1.43821
         0          0          0          1

 0.0956745   -0.71165   0.695989    1.71855
  -0.95527   0.130916   0.265179 -0.0472326
  -0.27983  -0.690228  -0.667293     1.4363
         0          0          0          1

 0.0956745   -0.71165   0.695989    1.71855
  -0.95527   0.130916   0.265179 -0.0472326
  -0.27983  -0.690228  -0.667293     1.4363
         0          0          0          1

0.0967471 -0.718774  0.688479   1.71875
-0.955534  0.126518   0.26636 -0.047884
-0.278558 -0.683635 -0.674573    1.4357
        0         0         0         1

0.0967471 -0.718774  0.688479   1.71875
-0.955534  0.126518   0.26636 -0.047884
-0.278558 -0.683635 -0.674573    1.4357
        0         0         0         1

 0.0942418  -0.721549   0.685919    1.71776
 -0.956448   0.125576    0.26351 -0.0481916
 -0.276271   -0.68088   -0.67829    1.43543
         0          0          0          1

 0.0942418  -0.721549   0.685919    1.71776
 -0.956448   0.125576    0.26351 -0.0481916
 -0.276271   -0.68088   -0.67829    1.43543
         0          0          0          1

 0.0994855  -0.718014   0.688882    1.71456
 -0.956356   0.122164   0.265443 -0.0457529
 -0.274748  -0.685224  -0.674523    1.43595
         0          0          0          1

 0.0994855  -0.718014   0.688882    1.71456
 -0.956356   0.122164   0.265443 -0.0457529
 -0.274748  -0.685224  -0.674523    1.43595
         0          0          0          1

  0.104323  -0.716135   0.690121    1.71057
 -0.956387   0.118126   0.267152 -0.0425585
 -0.272838  -0.687893  -0.672579    1.43708
         0          0          0          1

  0.104323  -0.716135   0.690121    1.71057
 -0.956387   0.118126   0.267152 -0.0425585
 -0.272838  -0.687893  -0.672579    1.43708
         0          0          0          1

  0.106062  -0.712655   0.693451    1.70604
 -0.958558    0.11217   0.261886 -0.0394725
 -0.264419  -0.692489  -0.671224    1.43968
         0          0          0          1

  0.106062  -0.712655   0.693451    1.70604
 -0.958558    0.11217   0.261886 -0.0394725
 -0.264419  -0.692489  -0.671224    1.43968
         0          0          0          1

  0.112655  -0.707369   0.697809    1.69969
 -0.960485   0.102363   0.258827 -0.0349744
 -0.254516  -0.699393  -0.667885    1.44459
         0          0          0          1

  0.112655  -0.707369   0.697809    1.69969
 -0.960485   0.102363   0.258827 -0.0349744
 -0.254516  -0.699393  -0.667885    1.44459
         0          0          0          1

  0.121481  -0.701971   0.701768    1.69515
 -0.961997  0.0909243   0.257478 -0.0308035
  -0.24455  -0.706377  -0.664249    1.45173
         0          0          0          1

  0.121481  -0.701971   0.701768    1.69515
 -0.961997  0.0909243   0.257478 -0.0308035
  -0.24455  -0.706377  -0.664249    1.45173
         0          0          0          1

  0.140909  -0.695801   0.704276    1.68551
 -0.963835  0.0661207   0.258165 -0.0222136
 -0.226199  -0.715184  -0.661321    1.46505
         0          0          0          1

  0.140909  -0.695801   0.704276    1.68551
 -0.963835  0.0661207   0.258165 -0.0222136
 -0.226199  -0.715184  -0.661321    1.46505
         0          0          0          1

  0.150542  -0.690118   0.707866    1.67736
 -0.965329  0.0518404   0.255838 -0.0166231
 -0.213254  -0.721837  -0.658387    1.47501
         0          0          0          1

  0.150542  -0.690118   0.707866    1.67736
 -0.965329  0.0518404   0.255838 -0.0166231
 -0.213254  -0.721837  -0.658387    1.47501
         0          0          0          1

   0.170249   -0.679617    0.713538      1.6619
  -0.966038   0.0277287    0.256906 -0.00533676
  -0.194383   -0.733043   -0.651815     1.49321
          0           0           0           1

   0.170249   -0.679617    0.713538      1.6619
  -0.966038   0.0277287    0.256906 -0.00533676
  -0.194383   -0.733043   -0.651815     1.49321
          0           0           0           1

  0.186114  -0.677371    0.71171    1.64718
 -0.965109 0.00975954   0.261667  0.0047087
 -0.184191  -0.735577   -0.65192    1.50539
         0          0          0          1

  0.186114  -0.677371    0.71171    1.64718
 -0.965109 0.00975954   0.261667  0.0047087
 -0.184191  -0.735577   -0.65192    1.50539
         0          0          0          1

   0.198496   -0.671522    0.713903     1.63066
  -0.964437 -0.00411786    0.264282   0.0146544
  -0.174531   -0.740973   -0.648458     1.51681
          0           0           0           1

   0.198496   -0.671522    0.713903     1.63066
  -0.964437 -0.00411786    0.264282   0.0146544
  -0.174531   -0.740973   -0.648458     1.51681
          0           0           0           1

  0.214293  -0.659368   0.720634    1.60023
 -0.963449 -0.0212564   0.267049  0.0299225
 -0.160765   -0.75152  -0.639822    1.53559
         0          0          0          1

  0.214293  -0.659368   0.720634    1.60023
 -0.963449 -0.0212564   0.267049  0.0299225
 -0.160765   -0.75152  -0.639822    1.53559
         0          0          0          1

  0.221315  -0.651542   0.725612    1.57728
 -0.963324 -0.0302831   0.266626  0.0405379
 -0.151745  -0.758008  -0.634349    1.54916
         0          0          0          1

  0.221315  -0.651542   0.725612    1.57728
 -0.963324 -0.0302831   0.266626  0.0405379
 -0.151745  -0.758008  -0.634349    1.54916
         0          0          0          1

  0.235818  -0.643137   0.728536     1.5372
  -0.96158 -0.0459987   0.270645   0.058164
  -0.14055  -0.764368  -0.629275    1.56803
         0          0          0          1

  0.235818  -0.643137   0.728536     1.5372
  -0.96158 -0.0459987   0.270645   0.058164
  -0.14055  -0.764368  -0.629275    1.56803
         0          0          0          1

 0.245117 -0.638638  0.729423   1.50718
-0.959899 -0.054285  0.275039 0.0703692
-0.136053  -0.76759 -0.626335   1.58083
        0         0         0         1

 0.245117 -0.638638  0.729423   1.50718
-0.959899 -0.054285  0.275039 0.0703692
-0.136053  -0.76759 -0.626335   1.58083
        0         0         0         1

 0.253056 -0.634626  0.730214   1.47433
-0.957934 -0.058756  0.280909 0.0816559
-0.135367 -0.770583 -0.622798   1.59314
        0         0         0         1

 0.253056 -0.634626  0.730214   1.47433
-0.957934 -0.058756  0.280909 0.0816559
-0.135367 -0.770583 -0.622798   1.59314
        0         0         0         1

  0.253498  -0.630695    0.73346    1.42187
 -0.958015 -0.0586811   0.280649   0.097045
 -0.133964  -0.773809   -0.61909    1.60899
         0          0          0          1

  0.253498  -0.630695    0.73346    1.42187
 -0.958015 -0.0586811   0.280649   0.097045
 -0.133964  -0.773809   -0.61909    1.60899
         0          0          0          1

  0.256861  -0.622628    0.73916     1.3813
 -0.956751 -0.0557473   0.285517   0.107059
 -0.136564   -0.78053  -0.610019    1.62212
         0          0          0          1

  0.256861  -0.622628    0.73916     1.3813
 -0.956751 -0.0557473   0.285517   0.107059
 -0.136564   -0.78053  -0.610019    1.62212
         0          0          0          1

   0.25719  -0.615272    0.74518    1.31954
 -0.956107 -0.0499783   0.288724   0.121381
 -0.140401  -0.786729   -0.60112    1.63652
         0          0          0          1

   0.25719  -0.615272    0.74518    1.31954
 -0.956107 -0.0499783   0.288724   0.121381
 -0.140401  -0.786729   -0.60112    1.63652
         0          0          0          1

  0.254517  -0.611272   0.749378    1.27723
 -0.955854 -0.0413477   0.290917   0.129551
 -0.146844   -0.79034  -0.594811    1.64533
         0          0          0          1

  0.254517  -0.611272   0.749378    1.27723
 -0.955854 -0.0413477   0.290917   0.129551
 -0.146844   -0.79034  -0.594811    1.64533
         0          0          0          1

  0.251949  -0.604089   0.756041    1.23136
 -0.954801 -0.0278439   0.295938   0.136923
 -0.157722   -0.79643    -0.5838    1.65363
         0          0          0          1

  0.251949  -0.604089   0.756041    1.23136
 -0.954801 -0.0278439   0.295938   0.136923
 -0.157722   -0.79643    -0.5838    1.65363
         0          0          0          1

   0.240909   -0.587522    0.772516     1.16159
  -0.954481 0.000811172    0.298272    0.146187
  -0.175868   -0.809208   -0.560583     1.66405
          0           0           0           1

   0.240909   -0.587522    0.772516     1.16159
  -0.954481 0.000811172    0.298272    0.146187
  -0.175868   -0.809208   -0.560583     1.66405
          0           0           0           1

 0.231282 -0.574083  0.785454   1.11416
-0.954931 0.0204391  0.296124    0.1514
-0.186054 -0.818542 -0.543482   1.67021
        0         0         0         1

 0.231282 -0.574083  0.785454   1.11416
-0.954931 0.0204391  0.296124    0.1514
-0.186054 -0.818542 -0.543482   1.67021
        0         0         0         1

  0.22352 -0.559073  0.798421   1.06478
-0.953721 0.0435883  0.297518  0.155319
-0.201136 -0.827972 -0.523457   1.67595
        0         0         0         1

  0.22352 -0.559073  0.798421   1.06478
-0.953721 0.0435883  0.297518  0.155319
-0.201136 -0.827972 -0.523457   1.67595
        0         0         0         1

 0.216179 -0.537364  0.815173  0.989884
-0.949208 0.0798346  0.304352  0.159307
-0.228627 -0.839563 -0.492812   1.68185
        0         0         0         1

 0.216179 -0.537364  0.815173  0.989884
-0.949208 0.0798346  0.304352  0.159307
-0.228627 -0.839563 -0.492812   1.68185
        0         0         0         1

 0.204022 -0.528362  0.824141  0.944231
-0.948521  0.101627  0.299966  0.161223
-0.242246 -0.842915 -0.480428   1.68208
        0         0         0         1

 0.204022 -0.528362  0.824141  0.944231
-0.948521  0.101627  0.299966  0.161223
-0.242246 -0.842915 -0.480428   1.68208
        0         0         0         1

 0.188184 -0.519282  0.833626  0.873666
 -0.94543  0.134094  0.296953  0.162386
-0.265987 -0.844017  -0.46571   1.68168
        0         0         0         1

 0.188184 -0.519282  0.833626  0.873666
 -0.94543  0.134094  0.296953  0.162386
-0.265987 -0.844017  -0.46571   1.68168
        0         0         0         1

 0.176715 -0.516867  0.837627  0.826864
-0.943313  0.153978  0.294026   0.16211
-0.280948 -0.842104 -0.460357   1.67907
        0         0         0         1

 0.176715 -0.516867  0.837627  0.826864
-0.943313  0.153978  0.294026   0.16211
-0.280948 -0.842104 -0.460357   1.67907
        0         0         0         1

 0.160277 -0.519341  0.839402  0.783186
 -0.94128  0.175597  0.288372  0.161186
 -0.29716 -0.836331 -0.460701   1.67661
        0         0         0         1

 0.160277 -0.519341  0.839402  0.783186
 -0.94128  0.175597  0.288372  0.161186
 -0.29716 -0.836331 -0.460701   1.67661
        0         0         0         1

 0.133593 -0.528769  0.838186  0.717709
-0.937229  0.207485   0.28027  0.158642
 -0.32211 -0.823015 -0.467859   1.66905
        0         0         0         1

 0.133593 -0.528769  0.838186  0.717709
-0.937229  0.207485   0.28027  0.158642
 -0.32211 -0.823015 -0.467859   1.66905
        0         0         0         1

 0.116639 -0.545013  0.830275  0.680254
-0.934456  0.222962  0.277633  0.158311
-0.336433 -0.808238 -0.483284   1.65826
        0         0         0         1

 0.116639 -0.545013  0.830275  0.680254
-0.934456  0.222962  0.277633  0.158311
-0.336433 -0.808238 -0.483284   1.65826
        0         0         0         1

  0.09576 -0.567546  0.817754  0.626498
 -0.92603  0.250532  0.282316  0.156616
-0.365101 -0.784299 -0.501573   1.64469
        0         0         0         1

  0.09576 -0.567546  0.817754  0.626498
 -0.92603  0.250532  0.282316  0.156616
-0.365101 -0.784299 -0.501573   1.64469
        0         0         0         1

0.0765087 -0.584538  0.807751  0.595585
-0.924432   0.26196  0.277131  0.155138
-0.373592 -0.767914 -0.520324   1.63637
        0         0         0         1

0.0765087 -0.584538  0.807751  0.595585
-0.924432   0.26196  0.277131  0.155138
-0.373592 -0.767914 -0.520324   1.63637
        0         0         0         1

0.0559215 -0.602787   0.79594  0.567649
-0.922568  0.273616  0.272035  0.153422
 -0.38176 -0.749522 -0.540811   1.63001
        0         0         0         1

0.0559215 -0.602787   0.79594  0.567649
-0.922568  0.273616  0.272035  0.153422
 -0.38176 -0.749522 -0.540811   1.63001
        0         0         0         1

0.0312073 -0.622446  0.782041  0.528253
-0.918744  0.290261  0.267689  0.149473
-0.393618 -0.726849  -0.56281   1.62245
        0         0         0         1

0.0312073 -0.622446  0.782041  0.528253
-0.918744  0.290261  0.267689  0.149473
-0.393618 -0.726849  -0.56281   1.62245
        0         0         0         1

0.0280383 -0.625962  0.779349  0.515791
-0.919045  0.290503  0.266392  0.148488
-0.393154 -0.723726 -0.567142   1.61826
        0         0         0         1

0.0106465 -0.632679  0.774341  0.495477
   -0.917  0.302622  0.259867   0.14682
-0.398745 -0.712837 -0.576945   1.61468
        0         0         0         1

-0.00934728  -0.62956  0.776895  0.479267
 -0.91632  0.316441  0.245405  0.147312
-0.400339 -0.709591 -0.579836   1.60823
        0         0         0         1

-0.00934728  -0.62956  0.776895  0.479267
 -0.91632  0.316441  0.245405  0.147312
-0.400339 -0.709591 -0.579836   1.60823
        0         0         0         1

-0.0241106 -0.626356  0.779165  0.461736
-0.914645  0.328426  0.235713  0.145376
-0.403538 -0.706976 -0.580812   1.60413
        0         0         0         1

-0.0241106 -0.626356  0.779165  0.461736
-0.914645  0.328426  0.235713  0.145376
-0.403538 -0.706976 -0.580812   1.60413
        0         0         0         1

-0.034004 -0.622343  0.782006  0.445445
-0.912016  0.339331  0.230393  0.142228
-0.408742 -0.705367 -0.579126   1.60128
        0         0         0         1

-0.034004 -0.622343  0.782006  0.445445
-0.912016  0.339331  0.230393  0.142228
-0.408742 -0.705367 -0.579126   1.60128
        0         0         0         1

-0.0449686 -0.614534  0.787607  0.423584
-0.909297  0.351681  0.222484  0.139115
-0.413711 -0.706164 -0.574609   1.59334
        0         0         0         1

-0.0449686 -0.614534  0.787607  0.423584
-0.909297  0.351681  0.222484  0.139115
-0.413711 -0.706164 -0.574609   1.59334
        0         0         0         1

-0.0491516 -0.608811  0.791792  0.411552
-0.907666  0.358049   0.21896   0.13684
-0.416805  -0.70792 -0.570195     1.587
        0         0         0         1

-0.0491516 -0.608811  0.791792  0.411552
-0.907666  0.358049   0.21896   0.13684
-0.416805  -0.70792 -0.570195     1.587
        0         0         0         1

-0.0646523 -0.596111  0.800294  0.399972
-0.901561  0.378691   0.20924  0.135471
-0.427794 -0.707986 -0.561914   1.58181
        0         0         0         1

-0.0646523 -0.596111  0.800294  0.399972
-0.901561  0.378691   0.20924  0.135471
-0.427794 -0.707986 -0.561914   1.58181
        0         0         0         1

-0.0678009 -0.584519  0.808542  0.391514
-0.898714   0.38771  0.204925  0.133597
-0.433263 -0.712754 -0.551602   1.57638
        0         0         0         1

-0.0678009 -0.584519  0.808542  0.391514
-0.898714   0.38771  0.204925  0.133597
-0.433263 -0.712754 -0.551602   1.57638
        0         0         0         1

-0.0732559 -0.571034  0.817652  0.382781
-0.895445  0.398631  0.198172  0.131629
-0.439104 -0.717645 -0.540531   1.56917
        0         0         0         1

-0.0732559 -0.571034  0.817652  0.382781
-0.895445  0.398631  0.198172  0.131629
-0.439104 -0.717645 -0.540531   1.56917
        0         0         0         1

-0.0702357 -0.564862  0.822191  0.376819
-0.893849  0.401537  0.199507  0.129611
-0.442834 -0.720901 -0.533104   1.56416
        0         0         0         1

-0.0702357 -0.564862  0.822191  0.376819
-0.893849  0.401537  0.199507  0.129611
-0.442834 -0.720901 -0.533104   1.56416
        0         0         0         1

-0.0705319 -0.559704  0.825686  0.372744
-0.892271  0.405461  0.198628  0.127765
-0.445957 -0.722726 -0.528005   1.55989
        0         0         0         1

-0.0705319 -0.559704  0.825686  0.372744
-0.892271  0.405461  0.198628  0.127765
-0.445957 -0.722726 -0.528005   1.55989
        0         0         0         1

-0.0752207 -0.549077   0.83238  0.369846
-0.888319  0.416133  0.194225  0.127791
-0.453025 -0.724809 -0.519057   1.55712
        0         0         0         1

-0.0752207 -0.549077   0.83238  0.369846
-0.888319  0.416133  0.194225  0.127791
-0.453025 -0.724809 -0.519057   1.55712
        0         0         0         1

-0.0765171 -0.545464  0.834634  0.367801
-0.888087  0.417821  0.191644  0.126424
-0.453263 -0.726563  -0.51639   1.55433
        0         0         0         1

-0.0765171 -0.545464  0.834634  0.367801
-0.888087  0.417821  0.191644  0.126424
-0.453263 -0.726563  -0.51639   1.55433
        0         0         0         1

-0.0738724 -0.542582  0.836748  0.363537
-0.887175   0.41897  0.193353  0.123886
-0.455482 -0.728058 -0.512315   1.55214
        0         0         0         1

-0.0738724 -0.542582  0.836748  0.363537
-0.887175   0.41897  0.193353  0.123886
-0.455482 -0.728058 -0.512315   1.55214
        0         0         0         1

-0.0771632 -0.538199  0.839278  0.362748
-0.885885  0.423231  0.189955  0.124502
-0.457442 -0.728846  -0.50944   1.54808
        0         0         0         1

-0.0771632 -0.538199  0.839278  0.362748
-0.885885  0.423231  0.189955  0.124502
-0.457442 -0.728846  -0.50944   1.54808
        0         0         0         1

-0.0781679 -0.534956  0.841256  0.362359
-0.885482  0.424964  0.187958  0.124667
-0.458053 -0.730224 -0.506912   1.54425
        0         0         0         1

-0.0781679 -0.534956  0.841256  0.362359
-0.885482  0.424964  0.187958  0.124667
-0.458053 -0.730224 -0.506912   1.54425
        0         0         0         1

-0.0761296 -0.533304  0.842491  0.360409
-0.884105  0.426796  0.190275  0.124246
-0.461046 -0.730364 -0.503988   1.53904
        0         0         0         1

-0.0761296 -0.533304  0.842491  0.360409
-0.884105  0.426796  0.190275  0.124246
-0.461046 -0.730364 -0.503988   1.53904
        0         0         0         1

-0.0744632 -0.531482   0.84379  0.359649
-0.882477  0.429181  0.192453  0.124347
-0.464424 -0.730295 -0.500979   1.53664
        0         0         0         1

-0.0744632 -0.531482   0.84379  0.359649
-0.882477  0.429181  0.192453  0.124347
-0.464424 -0.730295 -0.500979   1.53664
        0         0         0         1

-0.0796383 -0.526349  0.846531  0.362581
-0.881777  0.433257  0.186433  0.127145
-0.464894 -0.731604 -0.498627   1.53263
        0         0         0         1

-0.0796383 -0.526349  0.846531  0.362581
-0.881777  0.433257  0.186433  0.127145
-0.464894 -0.731604 -0.498627   1.53263
        0         0         0         1

-0.0827891 -0.520527  0.849822  0.362572
-0.878746  0.440349  0.184113  0.127936
-0.470054 -0.731536 -0.493867   1.52911
        0         0         0         1

-0.0827891 -0.520527  0.849822  0.362572
-0.878746  0.440349  0.184113  0.127936
-0.470054 -0.731536 -0.493867   1.52911
        0         0         0         1

-0.0834985 -0.518539  0.850967  0.363284
-0.878385  0.441579  0.182888   0.12897
-0.470604 -0.732206 -0.492348    1.5269
        0         0         0         1

-0.0834985 -0.518539  0.850967  0.363284
-0.878385  0.441579  0.182888   0.12897
-0.470604 -0.732206 -0.492348    1.5269
        0         0         0         1

-0.0793634 -0.524309  0.847821  0.360997
-0.877671  0.440013  0.189955  0.126791
-0.472647 -0.729033 -0.495092   1.52761
        0         0         0         1

-0.0793634 -0.524309  0.847821  0.360997
-0.877671  0.440013  0.189955  0.126791
-0.472647 -0.729033 -0.495092   1.52761
        0         0         0         1

-0.0811279  -0.52279  0.848593   0.36133
-0.879523  0.438082  0.185803  0.126675
-0.468889 -0.731283 -0.495346   1.52651
        0         0         0         1

-0.0811279  -0.52279  0.848593   0.36133
-0.879523  0.438082  0.185803  0.126675
-0.468889 -0.731283 -0.495346   1.52651
        0         0         0         1

-0.0814689 -0.522085  0.848993  0.361859
-0.879703  0.438072  0.184975  0.126625
-0.468493 -0.731793 -0.494969   1.52699
        0         0         0         1

-0.0814689 -0.522085  0.848993  0.361859
-0.879703  0.438072  0.184975  0.126625
-0.468493 -0.731793 -0.494969   1.52699
        0         0         0         1

-0.0785102 -0.524432  0.847825   0.36241
-0.880809   0.43481  0.187392  0.126118
-0.466917  -0.73206 -0.496062   1.52575
        0         0         0         1

-0.0785102 -0.524432  0.847825   0.36241
-0.880809   0.43481  0.187392  0.126118
-0.466917  -0.73206 -0.496062   1.52575
        0         0         0         1

-0.0775938 -0.525753  0.847091  0.362446
-0.880702  0.434365  0.188919  0.125829
-0.467272 -0.731376 -0.496736   1.52593
        0         0         0         1

-0.0736616 -0.529886  0.844863  0.362644
-0.880168  0.432871  0.194751   0.12496
-0.468913 -0.729276 -0.498275   1.52616
        0         0         0         1

-0.0668072 -0.535413  0.841944  0.362672
-0.880267  0.428906  0.202903  0.122923
-0.469752 -0.727581  -0.49996   1.52636
        0         0         0         1

-0.0668072 -0.535413  0.841944  0.362672
-0.880267  0.428906  0.202903  0.122923
-0.469752 -0.727581  -0.49996   1.52636
        0         0         0         1

-0.0656148  -0.53755  0.840675  0.363469
-0.879734  0.428763    0.2055  0.122223
-0.470917 -0.726087 -0.501034   1.52703
        0         0         0         1

-0.0656148  -0.53755  0.840675  0.363469
-0.879734  0.428763    0.2055  0.122223
-0.470917 -0.726087 -0.501034   1.52703
        0         0         0         1

-0.062377 -0.543142  0.837321  0.363672
 -0.87916   0.42702    0.2115  0.120621
-0.472427 -0.722946 -0.504145   1.52836
        0         0         0         1

-0.062377 -0.543142  0.837321  0.363672
 -0.87916   0.42702    0.2115  0.120621
-0.472427 -0.722946 -0.504145   1.52836
        0         0         0         1

-0.062458 -0.551479  0.831847  0.365777
-0.877634  0.427227  0.217337  0.121065
-0.475245 -0.716483  -0.51068   1.52919
        0         0         0         1

-0.062458 -0.551479  0.831847  0.365777
-0.877634  0.427227  0.217337  0.121065
-0.475245 -0.716483  -0.51068   1.52919
        0         0         0         1

-0.0581629 -0.556805  0.828605  0.365229
-0.877503  0.424296  0.223522  0.120686
-0.476032 -0.714102 -0.513276   1.52899
        0         0         0         1

-0.0581629 -0.556805  0.828605  0.365229
-0.877503  0.424296  0.223522  0.120686
-0.476032 -0.714102 -0.513276   1.52899
        0         0         0         1

-0.0597356 -0.560178  0.826216  0.365037
-0.875373  0.427188  0.226346  0.120534
-0.479743 -0.709726 -0.515883   1.52935
        0         0         0         1

-0.0597356 -0.560178  0.826216  0.365037
-0.875373  0.427188  0.226346  0.120534
-0.479743 -0.709726 -0.515883   1.52935
        0         0         0         1

-0.0622495  -0.56168  0.825009  0.365445
-0.875956  0.426932  0.224569  0.121134
-0.478359 -0.708692 -0.518583   1.52981
        0         0         0         1

-0.0622495  -0.56168  0.825009  0.365445
-0.875956  0.426932  0.224569  0.121134
-0.478359 -0.708692 -0.518583   1.52981
