 -0.88697 -0.425435  0.179692  0.417681
-0.450446  0.882787 -0.133364  0.868924
-0.101892 -0.199231 -0.974641    2.3515
        0         0         0         1

-0.872665 -0.443273  0.204855  0.387956
-0.469772  0.876596 -0.104374  0.837127
-0.133309 -0.187318 -0.973212   2.34276
        0         0         0         1

 -0.855656  -0.461448   0.234347   0.352179
 -0.491726   0.866085 -0.0900174   0.807614
 -0.161426  -0.192258  -0.967977    2.31801
         0          0          0          1

 -0.847803  -0.461667   0.260948   0.335151
 -0.497786    0.86247 -0.0913994   0.795409
 -0.182863  -0.207385  -0.961016    2.28415
         0          0          0          1

 -0.832725  -0.464077   0.301997   0.311287
 -0.505856   0.859423 -0.0741729   0.759521
 -0.225122  -0.214533  -0.950419    2.24159
         0          0          0          1

 -0.819809  -0.473345   0.322269   0.289193
 -0.517709    0.85317 -0.0638553    0.73888
 -0.244725  -0.219191  -0.944492    2.21667
         0          0          0          1

 -0.801299  -0.485142   0.350081   0.260545
 -0.532291   0.845255 -0.0470059   0.711783
 -0.273104  -0.224011  -0.935539    2.19169
         0          0          0          1

 -0.788801  -0.490686   0.370162   0.243011
 -0.536786   0.843319 -0.0259693    0.68914
 -0.299422  -0.219183  -0.928604    2.17892
         0          0          0          1

   -0.76798   -0.499702    0.400631    0.216009
  -0.548724    0.835953 -0.00919051    0.664362
  -0.330316   -0.226894   -0.916193       2.151
          0           0           0           1

  -0.754444   -0.500351     0.42481    0.198893
  -0.552476    0.833528 0.000574346    0.647787
  -0.354379   -0.234264   -0.905282     2.12363
          0           0           0           1

 -0.728787  -0.497027   0.470992   0.171415
 -0.561713   0.827323 0.00389138   0.622041
 -0.391597  -0.261726  -0.882129    2.05839
         0          0          0          1

 -0.723269  -0.492403   0.484171   0.164908
 -0.558995   0.829131 0.00818646   0.611071
 -0.405472  -0.264728  -0.874935    2.03764
         0          0          0          1

-0.715201 -0.483346  0.504841  0.157176
-0.553753  0.832585 0.0126419  0.598096
-0.426433 -0.270516  -0.86312   2.01636
        0         0         0         1

-0.708162 -0.474888  0.522482  0.149698
-0.549879  0.835131  0.013762  0.584678
-0.442876 -0.277556 -0.852539   1.99277
        0         0         0         1

 -0.651404  -0.442416   0.616393   0.122669
 -0.561127   0.827729 0.00110395   0.553574
 -0.510695  -0.345156  -0.787438    1.92149
         0          0          0          1

  -0.618503   -0.425549    0.660577    0.102633
  -0.568455    0.822711 -0.00225241    0.534042
  -0.542505   -0.376902   -0.750755     1.88917
          0           0           0           1

  -0.605667   -0.414062      0.6795   0.0888386
  -0.564067    0.825729 0.000390653    0.517293
  -0.561244   -0.383047   -0.733675      1.8713
          0           0           0           1

  -0.605711   -0.399258    0.688263   0.0860893
  -0.551652    0.834073 -0.00164298    0.509688
  -0.573406   -0.380677   -0.725459     1.85062
          0           0           0           1

  -0.596063   -0.389426     0.70218   0.0792468
  -0.547896    0.836546 -0.00114988    0.500966
  -0.586958   -0.385407   -0.711999     1.81719
          0           0           0           1

 -0.586606  -0.386464   0.711716  0.0742138
  -0.54568   0.837977 0.00526697   0.491584
 -0.598437   -0.38528  -0.702448    1.79531
         0          0          0          1

-0.555411 -0.388945  0.735011 0.0673136
-0.546138  0.837147 0.0303029  0.469727
-0.627098 -0.384587 -0.677378    1.7396
        0         0         0         1

 -0.53327 -0.401794  0.744436 0.0602737
-0.545188  0.836111 0.0607335  0.455375
-0.646833  -0.37347 -0.664926   1.71986
        0         0         0         1

-0.520864 -0.415444  0.745726 0.0589857
-0.539023  0.837462 0.0900618  0.444687
-0.661933 -0.355053 -0.660138   1.70174
        0         0         0         1

-0.496303 -0.430562  0.753857 0.0554736
-0.541042  0.832494  0.119279  0.435507
-0.678938  -0.34867 -0.646121   1.67124
        0         0         0         1

-0.460086 -0.469226  0.753756 0.0472426
-0.543794  0.820007  0.178541  0.415106
-0.701861 -0.327744 -0.632436   1.61717
        0         0         0         1

-0.473507 -0.480336  0.738288 0.0477587
-0.534195  0.823063  0.192881  0.412277
-0.700305  -0.30306 -0.646319   1.60803
        0         0         0         1

 -0.47887 -0.495513  0.724673 0.0371361
-0.525574  0.823014  0.215452  0.400078
-0.703175 -0.277696 -0.654545   1.59537
        0         0         0         1

-0.490506 -0.496126  0.716423  0.032876
-0.519253  0.826629  0.216933  0.395393
-0.699842 -0.265598 -0.663082   1.58058
        0         0         0         1

-0.498125 -0.489553  0.715688 0.0300646
-0.508458  0.833492  0.216243  0.391438
-0.702383 -0.256181 -0.664101   1.56259
        0         0         0         1

-0.500466 -0.482269  0.718992 0.0292324
 -0.49836  0.839566  0.216254  0.389153
-0.707934 -0.250089 -0.660518   1.54944
        0         0         0         1

-0.487441 -0.471941  0.734624 0.0207511
-0.487291  0.845169  0.219629  0.374539
-0.724534 -0.250919 -0.641943   1.51322
        0         0         0         1

 -0.48143 -0.467522  0.741383 0.0150458
-0.483814  0.847069  0.219996  0.367409
-0.730855 -0.252778 -0.633998   1.49763
        0         0         0         1

-0.476011 -0.462633   0.74792 0.0113563
-0.480462  0.849118  0.219441  0.361629
-0.736593 -0.254891 -0.626467   1.48132
        0         0         0         1

  -0.46949  -0.458189   0.754747 0.00745687
  -0.47814    0.85056   0.218928    0.35592
 -0.742268   -0.25809  -0.618407    1.46709
         0          0          0          1

 -0.457799  -0.443292   0.770657 0.00384844
  -0.47035   0.856345   0.213175   0.346664
 -0.754448  -0.264887  -0.600536    1.44017
         0          0          0          1

 -0.449449  -0.438538   0.778255 0.00111277
 -0.468511   0.857491   0.212618    0.33983
 -0.760588  -0.269059  -0.590858    1.42763
         0          0          0          1

 -0.448229  -0.427502   0.785068 0.00527968
 -0.464092   0.861889   0.204365    0.33863
 -0.764009  -0.272742  -0.584724    1.41777
         0          0          0          1

 -0.444497  -0.421017   0.790675 0.00343112
 -0.458967   0.865045   0.202598   0.335124
 -0.769267  -0.272839  -0.577743    1.41064
         0          0          0          1

 -0.438232  -0.413567    0.79807 0.00187795
  -0.46025   0.865888   0.195981    0.33163
  -0.77209  -0.281427  -0.569804    1.39451
         0          0          0          1

 -0.437973  -0.407527   0.801312 0.00201463
 -0.457469   0.868343   0.191578   0.328309
 -0.773887   -0.28267  -0.566742    1.38914
         0          0          0          1

  -0.426312   -0.402959    0.809866 -0.00466199
  -0.455091    0.869285    0.192965    0.318046
  -0.781761     -0.2863   -0.553969     1.37339
          0           0           0           1

 -0.424396  -0.397679   0.813474 -0.0022765
 -0.453042   0.871116   0.189502   0.317482
  -0.78399  -0.288114  -0.549863    1.36655
         0          0          0          1

  -0.418181    -0.39826    0.816403 -0.00584714
  -0.457359    0.868842    0.189571    0.310972
  -0.784823   -0.294114   -0.545481     1.35691
          0           0           0           1

  -0.418521   -0.396944    0.816869 -0.00600973
  -0.456003    0.869684    0.188976    0.308767
  -0.785431   -0.293404   -0.544989     1.35432
          0           0           0           1

   -0.4115  -0.397764   0.820031 -0.0097024
 -0.456588   0.868662   0.192233    0.30125
 -0.788794  -0.295312  -0.539069    1.34088
         0          0          0          1

  -0.410853      -0.396    0.821209 -0.00865605
  -0.456493    0.869053    0.190686    0.300466
  -0.789186   -0.296532   -0.537824     1.33597
          0           0           0           1

 -0.404542  -0.396462   0.824114 -0.0106055
  -0.45856   0.867611   0.192289   0.297057
 -0.791245  -0.300117  -0.532786    1.32831
         0          0          0          1

  -0.406809   -0.395249    0.823581 -0.00933229
  -0.457054    0.868662    0.191122    0.297865
  -0.790954   -0.298671   -0.534029     1.32836
          0           0           0           1

 -0.403138  -0.398387   0.823874 -0.0129655
 -0.457624   0.867386   0.195503   0.293165
 -0.792503  -0.298209  -0.531987    1.32501
         0          0          0          1

-0.398163 -0.398816  0.826082 -0.013273
-0.460097  0.865902  0.196279  0.291193
-0.793585 -0.301927 -0.528264   1.31758
        0         0         0         1

 -0.393677  -0.406599   0.824437 -0.0128126
  -0.46115   0.863196    0.20551   0.288017
 -0.795211  -0.299284  -0.527323     1.3121
         0          0          0          1

-0.392244  -0.41721  0.819805 -0.015721
-0.462651  0.859776  0.216192  0.284118
-0.795046 -0.294484 -0.530265   1.31177
        0         0         0         1

 -0.392559  -0.429852   0.813095 -0.0157865
 -0.463789   0.855947   0.228591   0.282493
 -0.794227  -0.287369  -0.535371    1.31017
         0          0          0          1

-0.393409 -0.447032  0.803363 -0.017321
-0.465466  0.850403  0.245268  0.280322
-0.792825 -0.277447 -0.542634   1.30946
        0         0         0         1

 -0.394571  -0.476792   0.785483 -0.0159883
 -0.465949   0.840602    0.27619   0.279833
 -0.791963  -0.257018  -0.553838    1.30469
         0          0          0          1

 -0.393123    -0.4932   0.776021 -0.0186379
 -0.468564   0.833622    0.29244   0.276963
  -0.79114   -0.24865  -0.558812    1.30091
         0          0          0          1

-0.400048 -0.498555  0.769029 -0.016037
-0.464326  0.833691  0.298932  0.280696
-0.790166 -0.237493 -0.565008   1.29924
        0         0         0         1

 -0.393107  -0.522344   0.756719 -0.0192722
 -0.468651   0.821876   0.323861   0.275764
 -0.791096  -0.227325  -0.567882     1.2971
         0          0          0          1

-0.396981 -0.538627   0.74316 -0.019367
 -0.47118  0.814455  0.338605  0.274384
-0.787652 -0.215742 -0.577113   1.29523
        0         0         0         1

 -0.395936  -0.556144   0.730711 -0.0182679
 -0.473716   0.805386   0.356295   0.273457
 -0.786656   -0.20508  -0.582335    1.29347
         0          0          0          1

 -0.397882  -0.589832   0.702701 -0.0178728
 -0.480023   0.786573   0.388434   0.269791
 -0.781836  -0.182762  -0.596096    1.29225
         0          0          0          1

 -0.393479  -0.595483    0.70041 -0.0148708
 -0.482015   0.782381   0.394386   0.269955
 -0.782838  -0.182425  -0.594883     1.2897
         0          0          0          1

 -0.392595  -0.602852   0.694578 -0.0117718
 -0.485973    0.77715   0.399834   0.270149
 -0.780832  -0.180573  -0.598076    1.28833
         0          0          0          1

  -0.389731   -0.611571    0.688542 -0.00784188
  -0.492207    0.770242    0.405537    0.269008
  -0.778359   -0.180855   -0.601206     1.28611
          0           0           0           1

 -0.380355  -0.633231   0.674054 -0.0027718
 -0.499338    0.75408   0.426644   0.265525
 -0.778455  -0.174305  -0.603014     1.2878
         0          0          0          1

 -0.372282  -0.641024   0.671189 0.00251717
 -0.503457   0.747004   0.434184   0.264773
 -0.779703  -0.176276  -0.600824    1.28764
         0          0          0          1

-0.365863 -0.648553  0.667475 0.0103787
-0.508618  0.739958  0.440193  0.265304
-0.779392  -0.17844 -0.600589   1.28714
        0         0         0         1

-0.352131 -0.662296  0.661337 0.0169086
-0.513544  0.727451  0.455068  0.263016
-0.782481 -0.179382 -0.596277   1.28634
        0         0         0         1

-0.342368 -0.673478  0.655142  0.027779
-0.520579  0.716441  0.464446  0.262369
-0.782165 -0.182041 -0.595885   1.28533
        0         0         0         1

-0.329808 -0.686562  0.647965 0.0363511
 -0.52566  0.703678  0.478037  0.260417
-0.784161 -0.182949 -0.592976   1.28558
        0         0         0         1

 -0.31093 -0.710515  0.631262 0.0612384
-0.536581  0.679438  0.500445  0.260226
-0.784477  -0.18312 -0.592506   1.28998
        0         0         0         1

-0.302706 -0.720303  0.624125 0.0730838
 -0.54301  0.668512  0.508166  0.259698
-0.783268 -0.185082 -0.593494   1.29211
        0         0         0         1

-0.286786  -0.73554  0.613787 0.0840447
-0.549684  0.651079  0.523395  0.255978
-0.784602 -0.187286 -0.591035   1.29572
        0         0         0         1

-0.268531 -0.748815  0.605944 0.0941456
-0.560208   0.63313  0.534148  0.251089
-0.783618  -0.19602 -0.589507   1.29504
        0         0         0         1

-0.243517 -0.765701  0.595317  0.130404
-0.575919  0.608025  0.546465  0.250377
-0.780396 -0.209781 -0.589046   1.30035
        0         0         0         1

-0.222979 -0.780724  0.583738  0.140069
-0.583157  0.586681  0.561902  0.243959
-0.781158 -0.215119 -0.586102   1.30419
        0         0         0         1

-0.204854 -0.790025  0.577836  0.159507
-0.593411  0.569731  0.568569  0.241117
-0.778395 -0.226421 -0.585521    1.3039
        0         0         0         1

 -0.19076 -0.798318  0.571226  0.174948
-0.604586  0.553993  0.572335  0.238306
-0.773361 -0.236177 -0.588332   1.30492
        0         0         0         1

-0.175884 -0.807763  0.562658  0.195938
-0.614061  0.536762  0.578633  0.235833
-0.769411 -0.243735 -0.590423   1.30921
        0         0         0         1

-0.163816 -0.815465  0.555141  0.214429
-0.622449  0.522023  0.583138   0.23448
-0.765325  -0.25002   -0.5931   1.31092
        0         0         0         1

-0.132463 -0.837334  0.530401  0.250852
-0.640483  0.480703  0.598921  0.225187
-0.756462 -0.260378 -0.599974    1.3188
        0         0         0         1

-0.114056  -0.84549  0.521669   0.26855
-0.652302  0.459786  0.602577  0.219656
-0.749328 -0.271558 -0.603956   1.31747
        0         0         0         1

-0.103708 -0.854866  0.508379  0.289432
-0.660197   0.44146  0.607661  0.215901
-0.743898 -0.272611 -0.610163   1.32201
        0         0         0         1

-0.0947255 -0.863448  0.495465  0.306495
-0.667698   0.42426  0.611705  0.211256
-0.738381 -0.272877 -0.616711   1.32669
        0         0         0         1

-0.0758293 -0.875862  0.476566  0.344947
-0.688665  0.391644  0.610209  0.200596
-0.721103 -0.281923 -0.632874   1.33276
        0         0         0         1

-0.0693822 -0.879493  0.470828  0.365144
-0.694228  0.381502  0.610331  0.197039
-0.716403 -0.284516 -0.637038   1.33675
        0         0         0         1

-0.0517395 -0.885603  0.461552  0.384401
-0.702163  0.360903  0.613772  0.190286
-0.710134 -0.292328 -0.640511   1.33766
        0         0         0         1

-0.0399534 -0.888554  0.457029  0.403341
-0.708748  0.347615  0.613873  0.185993
 -0.70433 -0.299392 -0.643649    1.3381
        0         0         0         1

-0.0258593 -0.889538  0.456129  0.427066
 -0.71534  0.335193  0.613135  0.181903
-0.698298 -0.310432  -0.64499   1.33761
        0         0         0         1

-0.0123413 -0.891994  0.451879  0.445589
-0.718058  0.322405  0.616804  0.177361
-0.695874 -0.316863 -0.644482    1.3386
        0         0         0         1

0.0122224 -0.895078  0.445742  0.485052
-0.727456  0.297885   0.61812  0.166929
-0.686045 -0.331813 -0.647489   1.34083
        0         0         0         1

0.0203437 -0.895871  0.443848  0.502077
-0.735087  0.287503  0.613994  0.161821
-0.677668 -0.338758 -0.652694   1.34057
        0         0         0         1

0.0291627 -0.896895  0.441281  0.522299
-0.740279  0.277267  0.612462  0.156462
-0.671666 -0.344532 -0.655867   1.34134
        0         0         0         1

0.0395044 -0.897933  0.438355  0.538778
-0.741868  0.267528  0.614866  0.152003
-0.669381 -0.349491 -0.655579   1.34222
        0         0         0         1

0.0611505 -0.895515  0.440811   0.57685
-0.745541  0.252661  0.616709  0.143829
-0.663648 -0.366355 -0.652193   1.33948
        0         0         0         1

0.0714949 -0.894778   0.44075  0.593704
-0.744599  0.246139  0.620475  0.140956
-0.663673 -0.372543 -0.648653   1.33841
        0         0         0         1

 0.078023 -0.893076  0.443089  0.614192
-0.745765  0.242671   0.62044  0.137988
-0.661625 -0.378849 -0.647091   1.33667
        0         0         0         1

0.0876496 -0.893755  0.439909  0.628009
-0.746189  0.233654  0.623384  0.134452
-0.659939 -0.382895  -0.64643   1.33569
        0         0         0         1

0.0933644 -0.893568  0.439112  0.645822
 -0.74663  0.228929  0.624608  0.131483
-0.658656  -0.38617 -0.645791    1.3348
        0         0         0         1

0.0997912 -0.894503  0.435783  0.659632
-0.747058  0.221933  0.626618  0.128624
-0.657226 -0.388086 -0.646098   1.33304
        0         0         0         1

 0.110325 -0.896239  0.429632  0.688072
-0.748671  0.209371  0.629011  0.123502
-0.653697 -0.391048  -0.64789   1.32825
        0         0         0         1

 0.115071 -0.898003  0.424676    0.6985
-0.747092  0.203524  0.632797  0.121266
-0.654685 -0.390089 -0.647471   1.32726
        0         0         0         1

  0.11578 -0.898234  0.423993  0.711804
-0.747627  0.202229  0.632579  0.119255
-0.653948 -0.390229  -0.64813   1.32518
        0         0         0         1

 0.119411 -0.898944  0.421474  0.721039
-0.747941  0.197728  0.633631  0.117256
-0.652936   -0.3909 -0.648746   1.32242
        0         0         0         1

 0.123169 -0.898985  0.420304  0.730769
-0.748439  0.193968  0.634205  0.114948
-0.651666 -0.392687 -0.648944   1.31904
        0         0         0         1

 0.123142 -0.898783  0.420744  0.739172
-0.748159  0.194466  0.634382   0.11386
-0.651992 -0.392903 -0.648486   1.31683
        0         0         0         1

 0.121362 -0.898897  0.421017  0.753903
-0.750215  0.194669  0.631887  0.110757
 -0.64996 -0.392541 -0.650741   1.31317
        0         0         0         1

 0.118808 -0.898847  0.421851  0.758604
-0.752303  0.195791  0.629051   0.10911
-0.648016 -0.392096 -0.652944   1.31198
        0         0         0         1

 0.114811 -0.899278   0.42204  0.763901
 -0.75361  0.197953  0.626807   0.10775
-0.647218 -0.390018 -0.654977   1.31094
        0         0         0         1

 0.111108 -0.899311  0.422959  0.768854
-0.754009  0.200963  0.625367  0.107055
-0.647399 -0.388399  -0.65576   1.30869
        0         0         0         1

 0.108067 -0.897965   0.42659  0.777882
-0.753082  0.206181  0.624785  0.106942
 -0.64899 -0.388777  -0.65396   1.30197
        0         0         0         1

 0.107801 -0.897416  0.427812  0.780847
-0.751495  0.208168  0.626036  0.106779
-0.650872 -0.388986 -0.651963   1.29988
        0         0         0         1

 0.106906 -0.897331  0.428214  0.783586
-0.750111  0.209899  0.627117   0.10675
-0.652613 -0.388251 -0.650659   1.29745
        0         0         0         1

 0.105321 -0.897534  0.428182  0.785845
-0.748581  0.211886  0.628276  0.106871
-0.654625 -0.386699 -0.649561   1.29635
        0         0         0         1

 0.102024 -0.897367   0.42933  0.789265
-0.748937  0.214767  0.626871  0.107516
-0.654739 -0.385497  -0.65016   1.29257
        0         0         0         1

 0.100177 -0.897385  0.429726  0.790388
-0.747343  0.217258  0.627915  0.107764
-0.656843 -0.384055  -0.64889   1.29154
        0         0         0         1

0.0945475 -0.899299  0.426993  0.793194
-0.744378  0.220938  0.630148  0.109188
-0.661031 -0.377423 -0.648529   1.28636
        0         0         0         1

0.0956892 -0.899851  0.425573  0.793359
 -0.74282  0.220045  0.632296  0.110335
-0.662617 -0.376628 -0.647371    1.2831
        0         0         0         1

0.0924501 -0.901569  0.422642  0.794979
-0.741986   0.22068  0.633054  0.111793
-0.664011  -0.37212  -0.64855   1.28114
        0         0         0         1

0.0901654 -0.902709  0.420699  0.794761
-0.742077  0.220833  0.632894  0.112168
-0.664223 -0.369256 -0.649967   1.27906
        0         0         0         1

0.0839599 -0.902261  0.422937  0.796113
-0.742245  0.226558   0.63067  0.114826
-0.664849 -0.366873 -0.650677   1.27554
        0         0         0         1

0.0819442 -0.902994  0.421767  0.794859
-0.742435  0.227015  0.630281  0.115616
-0.664888 -0.364782 -0.651811   1.27558
        0         0         0         1

0.0787503 -0.903359  0.421592  0.794055
 -0.74193  0.229353  0.630029  0.116487
-0.665836 -0.362407 -0.652168   1.27699
        0         0         0         1

0.0780443 -0.902664  0.423211  0.792943
-0.742066  0.230889  0.629307  0.117175
-0.665768 -0.363164 -0.651817    1.2772
        0         0         0         1

   0.0753 -0.901448  0.426288  0.793273
-0.741633  0.235141  0.628243  0.118193
-0.666566 -0.363456 -0.650837   1.27817
        0         0         0         1

0.0747435 -0.900943  0.427452  0.792216
-0.740739  0.236818  0.628667  0.118932
-0.667622 -0.363619 -0.649663   1.27918
        0         0         0         1

0.0722795 -0.900325  0.429174  0.791089
-0.739294  0.240476   0.62898  0.121166
-0.669492 -0.362748 -0.648224   1.28374
        0         0         0         1

0.0692648 -0.900003  0.430345  0.790877
-0.738812   0.24359  0.628347  0.122318
-0.670342 -0.361466 -0.648061   1.28635
        0         0         0         1

0.0689515 -0.899889  0.430633   0.79017
-0.737005  0.244976   0.62993  0.124074
-0.672361 -0.360813 -0.646331   1.29066
        0         0         0         1

0.0679949 -0.898022  0.434665  0.790376
-0.735367  0.249323  0.630137  0.126404
-0.674249 -0.362485 -0.643423   1.29468
        0         0         0         1

0.0694629 -0.890134  0.450374  0.789089
-0.731269  0.261645   0.62991  0.133099
-0.678542   -0.3731 -0.632753   1.30594
        0         0         0         1

 0.070962   -0.8867  0.456867   0.78842
-0.732228   0.26472  0.627507  0.135689
-0.677352  -0.37906 -0.630482   1.31077
        0         0         0         1

0.0714793 -0.884155  0.461693   0.78695
-0.731461  0.268229  0.626911  0.139367
-0.678126 -0.382522 -0.627552   1.31912
        0         0         0         1

0.0744512 -0.883211  0.463028  0.784205
-0.730168  0.267961  0.628532  0.142532
  -0.6792 -0.384883 -0.624942   1.32773
        0         0         0         1

0.0737704 -0.881508  0.466371   0.78258
-0.731217  0.270187  0.626356  0.146872
-0.678145 -0.387224 -0.624641   1.33802
        0         0         0         1

0.0740051 -0.880488  0.468257  0.779758
-0.734539  0.269461  0.622771  0.150691
-0.674519 -0.390041 -0.626811   1.34699
        0         0         0         1

0.0695803   -0.8789  0.471903  0.772107
-0.744032  0.269388  0.611429  0.158618
-0.664511 -0.393655 -0.635186   1.37514
        0         0         0         1

0.0651506 -0.878084   0.47405  0.768006
 -0.75041  0.270025    0.6033  0.162808
-0.657753 -0.395037 -0.641331   1.38895
        0         0         0         1

0.0595497 -0.876401  0.477886   0.76184
-0.760174  0.270471  0.590746  0.167046
-0.646985 -0.398455  -0.65011   1.40668
        0         0         0         1

0.0499972 -0.874465  0.482506  0.756518
-0.771111  0.273233  0.575093  0.171212
-0.634735 -0.400819 -0.660648   1.42333
        0         0         0         1

0.0278376 -0.870184   0.49194  0.740917
-0.796168  0.278275  0.537288  0.180934
-0.604434 -0.406624 -0.685066   1.46312
        0         0         0         1

0.0210136 -0.868263  0.495659  0.731081
-0.807877  0.277314  0.520031  0.185462
-0.588977 -0.411359 -0.695622   1.48169
        0         0         0         1

0.0109112 -0.867451  0.497403  0.719194
-0.820035   0.27689  0.500874  0.191355
 -0.57221 -0.413353 -0.708318   1.50372
        0         0         0         1

-0.00192972 -0.867175     0.498  0.711456
-0.827306  0.281136  0.486341  0.198009
-0.561748  -0.41106 -0.717962   1.52442
        0         0         0         1

-0.019415 -0.866352  0.499057   0.69133
 -0.83925  0.285411  0.462818  0.213805
-0.543399 -0.409848 -0.732627   1.56761
        0         0         0         1

-0.0252429 -0.865047  0.501055  0.682488
-0.844404  0.286742  0.452505  0.221514
-0.535111 -0.411671 -0.737688   1.58678
        0         0         0         1

-0.0378028 -0.863923  0.502202  0.673873
-0.850735  0.291472  0.437372  0.232651
-0.524234 -0.410707 -0.745988   1.60891
        0         0         0         1

-0.0460328 -0.863035  0.503042  0.665205
 -0.85494  0.294501   0.42702  0.241543
 -0.51668 -0.410414   -0.7514   1.62873
        0         0         0         1

-0.055792 -0.864771  0.499058  0.653971
 -0.85965  0.295832  0.416515  0.252059
-0.507828 -0.405777 -0.759905    1.6523
        0         0         0         1

-0.0708087 -0.865323  0.496188  0.646236
-0.867174  0.299228  0.398086  0.263382
-0.492946 -0.402093 -0.771573   1.67087
        0         0         0         1

-0.0926728 -0.871428  0.481691  0.623095
-0.877406  0.300173  0.374239  0.286219
-0.470713 -0.387956 -0.792413   1.71983
        0         0         0         1

 -0.10686 -0.876445  0.469493  0.611879
-0.882888  0.300806  0.360589    0.2977
-0.457263 -0.375977 -0.805947   1.74097
        0         0         0         1

-0.122682 -0.884332  0.450451  0.598862
-0.889976  0.298889  0.344394  0.311303
-0.439194  -0.35864 -0.823703   1.76695
        0         0         0         1

-0.142958 -0.893117  0.426503  0.590464
-0.893221   0.30203  0.333069  0.322506
-0.426286 -0.333346 -0.840928   1.79172
        0         0         0         1

-0.169058 -0.902278  0.396627  0.580425
-0.896725  0.307813  0.318017  0.337758
-0.409027 -0.301902 -0.861134   1.81956
        0         0         0         1

-0.180383 -0.911294  0.370142  0.564353
-0.899733  0.304923  0.312254  0.348378
 -0.39742 -0.276704 -0.874924   1.84612
        0         0         0         1

-0.253057 -0.918003   0.30534  0.553617
-0.899386  0.339519  0.275377  0.385023
-0.356466 -0.204932 -0.911556   1.90465
        0         0         0         1

-0.277822 -0.917974  0.283088  0.544851
-0.899711  0.351922  0.258206  0.401935
-0.336651 -0.182962 -0.923683   1.92899
        0         0         0         1

-0.301312 -0.915617  0.266189  0.532641
-0.897761   0.36648  0.244371  0.420867
-0.321303 -0.165342  -0.93243   1.95635
        0         0         0         1

-0.323447 -0.911118  0.255433  0.525579
-0.893535   0.38293  0.234436  0.436275
-0.311412 -0.152411 -0.937973    1.9813
        0         0         0         1

-0.366324 -0.896363  0.249679  0.511003
 -0.88831  0.416766  0.192904  0.479134
 -0.27697 -0.151127  -0.94892    2.0274
        0         0         0         1

-0.384987 -0.889354  0.246648  0.503645
-0.884483  0.431857  0.176603  0.496281
 -0.26358 -0.150166 -0.952878   2.04981
        0         0         0         1

 -0.41299 -0.878414  0.240474  0.501588
-0.876234  0.455231  0.158044  0.518936
-0.248299 -0.145441 -0.957703   2.08051
        0         0         0         1

-0.435098 -0.869669  0.233163  0.498108
-0.869803    0.4729  0.140745  0.538853
-0.232664 -0.141568 -0.962199   2.10752
        0         0         0         1

-0.468239 -0.853954  0.226969  0.495194
-0.860924  0.498736  0.100365  0.570658
-0.198905 -0.148409 -0.968717   2.11956
        0         0         0         1

-0.501647 -0.839084  0.210447  0.502527
-0.846577  0.526209 0.0800727  0.594463
-0.177927 -0.137992  -0.97432   2.14484
        0         0         0         1

-0.551953 -0.814357  0.179363  0.498306
-0.822931  0.566694 0.0405422  0.642928
 -0.13466 -0.125226 -0.982947   2.20049
        0         0         0         1

-0.574873 -0.800453  0.169695  0.492995
-0.810458  0.585563 0.0165339  0.670362
-0.112602 -0.128026 -0.985358   2.21476
        0         0         0         1

  -0.593609   -0.789526    0.155807    0.484555
   -0.80004    0.599891 -0.00822469    0.697249
 -0.0869735   -0.129534   -0.987753     2.23623
          0           0           0           1

 -0.616378  -0.773589     0.1471   0.485429
 -0.784097   0.620172 -0.0240797   0.719544
-0.0725992  -0.130183  -0.988829    2.26289
         0          0          0          1

  -0.66741  -0.734857    0.12062   0.490732
 -0.744358   0.663141 -0.0785808   0.780619
-0.0222423   -0.14223  -0.989584     2.3036
         0          0          0          1

-0.693635 -0.714238 0.0934548  0.505522
-0.720224  0.685494 -0.106654  0.814908
0.0121138 -0.141287 -0.989894   2.32339
        0         0         0         1

-0.725312 -0.685205 0.0664617  0.524539
  -0.6874  0.715599 -0.124098  0.847171
0.0374727 -0.135696 -0.990042   2.35033
        0         0         0         1

-0.747662 -0.663232  0.033536  0.540367
-0.660395  0.737252 -0.142612  0.878248
0.0698604 -0.128773  -0.98921   2.36632
        0         0         0         1

 -0.785126  -0.619333 0.00172835   0.545686
 -0.611179   0.774332  -0.163924    0.93785
  0.100185  -0.129758  -0.986471    2.40474
         0          0          0          1

 -0.804535  -0.593113 -0.0306841   0.567765
 -0.578681   0.794486  -0.184173   0.975546
  0.133613  -0.130417  -0.982415    2.41509
         0          0          0          1

 -0.819299  -0.571364 -0.0478786   0.577984
 -0.555455   0.811642  -0.180852   0.996205
  0.142193  -0.121577  -0.982344    2.44827
         0          0          0          1

