-0.244948  0.946301  0.210984  0.769462
-0.490159 -0.308623  0.815167    0.8133
 0.836508 0.0962579  0.539434   2.70442
        0         0         0         1

-0.244948  0.946301  0.210984  0.769462
-0.490159 -0.308623  0.815167    0.8133
 0.836508 0.0962579  0.539434   2.70442
        0         0         0         1

-0.191289    0.9744  0.118124  0.764038
-0.551436 -0.206245   0.80832  0.717677
 0.811989 0.0894851  0.576772   2.70725
        0         0         0         1

-0.191289    0.9744  0.118124  0.764038
-0.551436 -0.206245   0.80832  0.717677
 0.811989 0.0894851  0.576772   2.70725
        0         0         0         1

-0.155232   0.98627 0.0563509  0.771234
-0.581139 -0.137298  0.802139  0.658932
 0.798862 0.0917699  0.594472   2.70417
        0         0         0         1

-0.155232   0.98627 0.0563509  0.771234
-0.581139 -0.137298  0.802139  0.658932
 0.798862 0.0917699  0.594472   2.70417
        0         0         0         1

 -0.104982   0.993575 -0.0422801    0.77215
 -0.619578 -0.0320914   0.784278   0.570209
  0.777883   0.108531   0.618967    2.69227
         0          0          0          1

 -0.104982   0.993575 -0.0422801    0.77215
 -0.619578 -0.0320914   0.784278   0.570209
  0.777883   0.108531   0.618967    2.69227
         0          0          0          1

-0.0728675  0.993938 -0.082323  0.796448
-0.635241   0.01738  0.772118  0.522285
 0.768868  0.108557  0.630124   2.68171
        0         0         0         1

-0.0728675  0.993938 -0.082323  0.796448
-0.635241   0.01738  0.772118  0.522285
 0.768868  0.108557  0.630124   2.68171
        0         0         0         1

-0.0390657  0.992231  -0.11812  0.824143
-0.661194 0.0629622  0.747568  0.458415
 0.749197  0.107305  0.653597    2.6799
        0         0         0         1

-0.0390657  0.992231  -0.11812  0.824143
-0.661194 0.0629622  0.747568  0.458415
 0.749197  0.107305  0.653597    2.6799
        0         0         0         1

0.00328241  0.982073 -0.188471  0.855549
-0.691498  0.138377  0.709001  0.377977
 0.722371     0.128  0.679555   2.65821
        0         0         0         1

0.00328241  0.982073 -0.188471  0.855549
-0.691498  0.138377  0.709001  0.377977
 0.722371     0.128  0.679555   2.65821
        0         0         0         1

 0.026738  0.970837 -0.238245  0.876567
-0.704113  0.187466  0.684895  0.330483
 0.709585  0.149438  0.688591   2.63893
        0         0         0         1

 0.026738  0.970837 -0.238245  0.876567
-0.704113  0.187466  0.684895  0.330483
 0.709585  0.149438  0.688591   2.63893
        0         0         0         1

0.0627483  0.954487 -0.291578  0.925439
-0.713665  0.247142  0.655442  0.273966
 0.697671  0.166961  0.696691   2.60079
        0         0         0         1

0.0627483  0.954487 -0.291578  0.925439
-0.713665  0.247142  0.655442  0.273966
 0.697671  0.166961  0.696691   2.60079
        0         0         0         1

0.0843133  0.941387 -0.326622  0.954702
-0.733065  0.280621  0.619571  0.222349
 0.674913  0.187197  0.713758   2.58083
        0         0         0         1

0.0843133  0.941387 -0.326622  0.954702
-0.733065  0.280621  0.619571  0.222349
 0.674913  0.187197  0.713758   2.58083
        0         0         0         1

0.105367 0.927069 -0.35978 0.981735
-0.747113 0.312571 0.586618 0.180873
0.656292 0.206986  0.72556  2.55348
       0        0        0        1

0.105367 0.927069 -0.35978 0.981735
-0.747113 0.312571 0.586618 0.180873
0.656292 0.206986  0.72556  2.55348
       0        0        0        1

 0.132075   0.90988 -0.393288   1.03365
-0.766582  0.345294  0.541409  0.121543
 0.628417  0.229981  0.743102   2.50604
        0         0         0         1

 0.132075   0.90988 -0.393288   1.03365
-0.766582  0.345294  0.541409  0.121543
 0.628417  0.229981  0.743102   2.50604
        0         0         0         1

 0.140462   0.89886 -0.415116   1.06525
 -0.78064  0.358434  0.511983 0.0833021
 0.608993  0.252143  0.752032   2.47372
        0         0         0         1

 0.140462   0.89886 -0.415116   1.06525
 -0.78064  0.358434  0.511983 0.0833021
 0.608993  0.252143  0.752032   2.47372
        0         0         0         1

 0.154061  0.879859  -0.44957   1.11082
-0.799896  0.378166  0.466001 0.0308138
 0.580028  0.287816  0.762056   2.41936
        0         0         0         1

 0.154061  0.879859  -0.44957   1.11082
-0.799896  0.378166  0.466001 0.0308138
 0.580028  0.287816  0.762056   2.41936
        0         0         0         1

   0.159815     0.86426   -0.476984     1.13928
  -0.813969    0.388747    0.431659 -0.00146338
   0.558492    0.319265    0.765609     2.37921
          0           0           0           1

   0.159815     0.86426   -0.476984     1.13928
  -0.813969    0.388747    0.431659 -0.00146338
   0.558492    0.319265    0.765609     2.37921
          0           0           0           1

  0.163562   0.855091  -0.492004    1.17451
 -0.830322   0.388636   0.399409 -0.0345473
  0.532741   0.343193   0.773566     2.3373
         0          0          0          1

  0.163562   0.855091  -0.492004    1.17451
 -0.830322   0.388636   0.399409 -0.0345473
  0.532741   0.343193   0.773566     2.3373
         0          0          0          1

 0.164938  0.837867  -0.52036   1.21915
-0.851079  0.387536  0.354231 -0.075805
 0.498457  0.384442   0.77701   2.26846
        0         0         0         1

 0.164938  0.837867  -0.52036   1.21915
-0.851079  0.387536  0.354231 -0.075805
 0.498457  0.384442   0.77701   2.26846
        0         0         0         1

 0.164792  0.824676 -0.541066   1.24917
-0.864661  0.384722  0.323033 -0.101067
 0.474558  0.414606  0.776464   2.22176
        0         0         0         1

 0.164792  0.824676 -0.541066   1.24917
-0.864661  0.384722  0.323033 -0.101067
 0.474558  0.414606  0.776464   2.22176
        0         0         0         1

 0.153807  0.806047 -0.571517   1.29432
-0.888123  0.366299  0.277603 -0.137854
 0.433107   0.46488  0.772208      2.15
        0         0         0         1

 0.153807  0.806047 -0.571517   1.29432
-0.888123  0.366299  0.277603 -0.137854
 0.433107   0.46488  0.772208      2.15
        0         0         0         1

 0.146277  0.797131  -0.58582   1.32451
 -0.90239  0.350166  0.251151 -0.159947
 0.405334    0.4919  0.770544   2.10059
        0         0         0         1

 0.146277  0.797131  -0.58582   1.32451
 -0.90239  0.350166  0.251151 -0.159947
 0.405334    0.4919  0.770544   2.10059
        0         0         0         1

 0.139792  0.788932 -0.598369   1.35286
-0.913795  0.335531  0.228906 -0.177553
 0.381362  0.514787  0.767826   2.04818
        0         0         0         1

 0.139792  0.788932 -0.598369   1.35286
-0.913795  0.335531  0.228906 -0.177553
 0.381362  0.514787  0.767826   2.04818
        0         0         0         1

 0.127341  0.781202 -0.611153   1.39607
-0.930141  0.308015  0.199913 -0.203252
 0.344417  0.543001  0.765851   1.97009
        0         0         0         1

 0.127341  0.781202 -0.611153   1.39607
-0.930141  0.308015  0.199913 -0.203252
 0.344417  0.543001  0.765851   1.97009
        0         0         0         1

 0.118215   0.78009 -0.614398   1.42167
-0.939238  0.288651  0.185778 -0.218191
  0.32227  0.555104  0.766812   1.91934
        0         0         0         1

 0.118215   0.78009 -0.614398   1.42167
-0.939238  0.288651  0.185778 -0.218191
  0.32227  0.555104  0.766812   1.91934
        0         0         0         1

 0.100005  0.791058 -0.603512   1.45909
-0.950871  0.254593  0.176145 -0.239669
 0.292991  0.556246  0.777654   1.84589
        0         0         0         1

 0.100005  0.791058 -0.603512   1.45909
-0.950871  0.254593  0.176145 -0.239669
 0.292991  0.556246  0.777654   1.84589
        0         0         0         1

0.0897772   0.79838 -0.595423   1.48243
-0.957373   0.23398  0.169383 -0.252323
 0.274549  0.554836  0.785354   1.79801
        0         0         0         1

0.0897772   0.79838 -0.595423   1.48243
-0.957373   0.23398  0.169383 -0.252323
 0.274549  0.554836  0.785354   1.79801
        0         0         0         1

0.0788055  0.801739 -0.592457   1.50407
-0.963539  0.213695  0.161017 -0.263845
 0.255699  0.558166  0.789347   1.75149
        0         0         0         1

0.0788055  0.801739 -0.592457   1.50407
-0.963539  0.213695  0.161017 -0.263845
 0.255699  0.558166  0.789347   1.75149
        0         0         0         1

0.0571486  0.802171 -0.594353   1.53402
-0.972023  0.180559   0.15023 -0.281686
 0.227826  0.569139  0.790048   1.68654
        0         0         0         1

0.0571486  0.802171 -0.594353   1.53402
-0.972023  0.180559   0.15023 -0.281686
 0.227826  0.569139  0.790048   1.68654
        0         0         0         1

0.0436531 0.806741 -0.58929  1.55205
-0.975855 0.160788  0.14783 -0.29306
0.214011 0.568609 0.794282   1.6469
       0        0        0        1

0.0436531 0.806741 -0.58929  1.55205
-0.975855 0.160788  0.14783 -0.29306
0.214011 0.568609 0.794282   1.6469
       0        0        0        1

0.0327418  0.821557 -0.569186   1.57775
-0.979697  0.139083  0.144395 -0.310046
 0.197793  0.552902   0.80943   1.59286
        0         0         0         1

0.0327418  0.821557 -0.569186   1.57775
-0.979697  0.139083  0.144395 -0.310046
 0.197793  0.552902   0.80943   1.59286
        0         0         0         1

0.0283706  0.832101 -0.553899   1.59339
-0.981605  0.127854  0.141792 -0.321377
 0.188803  0.539687  0.820421   1.56085
        0         0         0         1

0.0283706  0.832101 -0.553899   1.59339
-0.981605  0.127854  0.141792 -0.321377
 0.188803  0.539687  0.820421   1.56085
        0         0         0         1

0.0250763  0.840333  -0.54149   1.60701
-0.983187  0.118734  0.138731 -0.332269
 0.180874  0.528907  0.829181   1.53337
        0         0         0         1

0.0248526  0.840777 -0.540811   1.60776
-0.983271  0.118206  0.138585 -0.332892
 0.180446   0.52832  0.829649   1.53185
        0         0         0         1

0.0180942  0.851704 -0.523711   1.62599
-0.985705   0.10295  0.133371 -0.350789
 0.167508  0.513811  0.841391   1.49441
        0         0         0         1

0.0180942  0.851704 -0.523711   1.62599
-0.985705   0.10295  0.133371 -0.350789
 0.167508  0.513811  0.841391   1.49441
        0         0         0         1

0.0161067  0.860536 -0.509135    1.6365
-0.987258 0.0943099  0.128169 -0.362256
 0.158311  0.500584   0.85109   1.47144
        0         0         0         1

0.0161067  0.860536 -0.509135    1.6365
-0.987258 0.0943099  0.128169 -0.362256
 0.158311  0.500584   0.85109   1.47144
        0         0         0         1

0.0180341  0.874118 -0.485378   1.65086
-0.989911 0.0838458  0.114218 -0.379021
 0.140537  0.478421  0.866812   1.43937
        0         0         0         1

0.0180341  0.874118 -0.485378   1.65086
-0.989911 0.0838458  0.114218 -0.379021
 0.140537  0.478421  0.866812   1.43937
        0         0         0         1

0.0176388  0.882622 -0.469752    1.6595
 -0.99169 0.0753255  0.104293 -0.390676
 0.127435  0.464009  0.876616   1.41914
        0         0         0         1

0.0176388  0.882622 -0.469752    1.6595
 -0.99169 0.0753255  0.104293 -0.390676
 0.127435  0.464009  0.876616   1.41914
        0         0         0         1

0.0167133  0.889971 -0.455711   1.66678
-0.993297 0.0669157 0.0942521 -0.401757
 0.114376  0.451081  0.885124   1.40001
        0         0         0         1

0.0167133  0.889971 -0.455711   1.66678
-0.993297 0.0669157 0.0942521 -0.401757
 0.114376  0.451081  0.885124   1.40001
        0         0         0         1

0.0125148  0.897701 -0.440427   1.67547
-0.995402 0.0530139 0.0797712 -0.417618
0.0949594  0.437404  0.894237   1.37385
        0         0         0         1

0.0125148  0.897701 -0.440427   1.67547
-0.995402 0.0530139 0.0797712 -0.417618
0.0949594  0.437404  0.894237   1.37385
        0         0         0         1

0.00817725  0.903511 -0.428486   1.68016
-0.996604 0.0424737 0.0705413 -0.427979
0.0819342  0.426454   0.90079   1.35798
        0         0         0         1

0.00817725  0.903511 -0.428486   1.68016
-0.996604 0.0424737 0.0705413 -0.427979
0.0819342  0.426454   0.90079   1.35798
        0         0         0         1

0.00549495  0.915676 -0.401879   1.68616
-0.997739 0.0319409 0.0591346 -0.442051
0.0669845  0.400645  0.913781   1.33602
        0         0         0         1

0.00549495  0.915676 -0.401879   1.68616
-0.997739 0.0319409 0.0591346 -0.442051
0.0669845  0.400645  0.913781   1.33602
        0         0         0         1

0.00483507  0.922856 -0.385114   1.69006
-0.998253 0.0271344 0.0524898 -0.450631
0.0588904  0.384187  0.921375   1.32291
        0         0         0         1

0.00483507  0.922856 -0.385114   1.69006
-0.998253 0.0271344 0.0524898 -0.450631
0.0588904  0.384187  0.921375   1.32291
        0         0         0         1

0.00229917  0.928415 -0.371537   1.69373
-0.998733 0.0208092 0.0458186 -0.459393
0.0502701  0.370961  0.927287   1.31093
        0         0         0         1

0.00229917  0.928415 -0.371537   1.69373
-0.998733 0.0208092 0.0458186 -0.459393
0.0502701  0.370961  0.927287   1.31093
        0         0         0         1

-0.00266246  0.933985 -0.357302   1.69805
-0.999175 0.0119909 0.0387895 -0.470748
0.0405132   0.35711  0.933183   1.29429
        0         0         0         1

-0.00266246  0.933985 -0.357302   1.69805
-0.999175 0.0119909 0.0387895 -0.470748
0.0405132   0.35711  0.933183   1.29429
        0         0         0         1

-0.0107827   0.935908  -0.352079    1.70002
 -0.999274 0.00278215  0.0379993  -0.478416
 0.0365434   0.352233   0.935199    1.28438
         0          0          0          1

-0.0107827   0.935908  -0.352079    1.70002
 -0.999274 0.00278215  0.0379993  -0.478416
 0.0365434   0.352233   0.935199    1.28438
         0          0          0          1

-0.0252292   0.938153  -0.345302    1.70199
 -0.999039 -0.0112753  0.0423599  -0.489071
 0.0358466   0.346039   0.937535     1.2715
         0          0          0          1

-0.0252292   0.938153  -0.345302    1.70199
 -0.999039 -0.0112753  0.0423599  -0.489071
 0.0358466   0.346039   0.937535     1.2715
         0          0          0          1

-0.0330971   0.939243  -0.341654    1.70295
 -0.998707 -0.0178827  0.0475866  -0.494944
 0.0385857   0.342787    0.93862    1.26445
         0          0          0          1

-0.0330971   0.939243  -0.341654    1.70295
 -0.998707 -0.0178827  0.0475866  -0.494944
 0.0385857   0.342787    0.93862    1.26445
         0          0          0          1

-0.0439062   0.939233   -0.34046    1.70393
 -0.998074 -0.0262857  0.0561982  -0.501122
  0.043834   0.342271   0.938578    1.25845
         0          0          0          1

-0.0439062   0.939233   -0.34046    1.70393
 -0.998074 -0.0262857  0.0561982  -0.501122
  0.043834   0.342271   0.938578    1.25845
         0          0          0          1

-0.0601024   0.936003  -0.346824    1.70508
   -0.9968 -0.0379324  0.0703676  -0.508367
 0.0527084   0.349943   0.935287     1.2508
         0          0          0          1

-0.0601024   0.936003  -0.346824    1.70508
   -0.9968 -0.0379324  0.0703676  -0.508367
 0.0527084   0.349943   0.935287     1.2508
         0          0          0          1

-0.0717976   0.933524  -0.351251    1.70496
 -0.995569 -0.0456331    0.08222  -0.512307
 0.0607257   0.355598   0.932664    1.24599
         0          0          0          1

-0.0717976   0.933524  -0.351251    1.70496
 -0.995569 -0.0456331    0.08222  -0.512307
 0.0607257   0.355598   0.932664    1.24599
         0          0          0          1

 -0.082991   0.931935     -0.353    1.70477
 -0.994145 -0.0528246  0.0942662  -0.515793
 0.0692029   0.358756   0.930862     1.2421
         0          0          0          1

 -0.082991   0.931935     -0.353    1.70477
 -0.994145 -0.0528246  0.0942662  -0.515793
 0.0692029   0.358756   0.930862     1.2421
         0          0          0          1

-0.0925332   0.932696  -0.348592    1.70498
 -0.992596 -0.0587433   0.106309   -0.51918
 0.0786767   0.355848   0.931226     1.2369
         0          0          0          1

-0.0925332   0.932696  -0.348592    1.70498
 -0.992596 -0.0587433   0.106309   -0.51918
 0.0786767   0.355848   0.931226     1.2369
         0          0          0          1

-0.0953364   0.933083  -0.346796    1.70725
 -0.991327 -0.0573357   0.118255  -0.522443
 0.0904584   0.355062   0.930456    1.23538
         0          0          0          1

-0.0953364   0.933083  -0.346796    1.70725
 -0.991327 -0.0573357   0.118255  -0.522443
 0.0904584   0.355062   0.930456    1.23538
         0          0          0          1

 -0.104796   0.922009  -0.372716    1.70912
 -0.988623 -0.0559206   0.139636  -0.526089
  0.107904   0.383109   0.917379    1.23804
         0          0          0          1

 -0.104796   0.922009  -0.372716    1.70912
 -0.988623 -0.0559206   0.139636  -0.526089
  0.107904   0.383109   0.917379    1.23804
         0          0          0          1

 -0.112827   0.916123  -0.384693    1.70915
 -0.986761 -0.0579148   0.151487  -0.528377
  0.116501   0.396692   0.910529    1.23986
         0          0          0          1

 -0.112827   0.916123  -0.384693    1.70915
 -0.986761 -0.0579148   0.151487  -0.528377
  0.116501   0.396692   0.910529    1.23986
         0          0          0          1

 -0.118522   0.908269  -0.401247    1.70915
 -0.986193 -0.0606091    0.15411  -0.529707
  0.115654   0.413973   0.902912    1.24013
         0          0          0          1

 -0.118522   0.908269  -0.401247    1.70915
 -0.986193 -0.0606091    0.15411  -0.529707
  0.115654   0.413973   0.902912    1.24013
         0          0          0          1

  -0.12119   0.897111  -0.424858    1.70821
 -0.987613 -0.0659981   0.142356  -0.529783
 0.0996691   0.436847   0.893997    1.23768
         0          0          0          1

  -0.12119   0.897111  -0.424858    1.70821
 -0.987613 -0.0659981   0.142356  -0.529783
 0.0996691   0.436847   0.893997    1.23768
         0          0          0          1

 -0.116553   0.894152  -0.432329    1.70757
 -0.989514 -0.0671527    0.12788   -0.52835
 0.0853125     0.4427   0.892602    1.23586
         0          0          0          1

 -0.116553   0.894152  -0.432329    1.70757
 -0.989514 -0.0671527    0.12788   -0.52835
 0.0853125     0.4427   0.892602    1.23586
         0          0          0          1

 -0.107969    0.89453  -0.433773    1.70648
 -0.991432 -0.0646154   0.113523  -0.524326
  0.073521   0.442314   0.893842    1.23664
         0          0          0          1

 -0.107969    0.89453  -0.433773    1.70648
 -0.991432 -0.0646154   0.113523  -0.524326
  0.073521   0.442314   0.893842    1.23664
         0          0          0          1

 -0.111238   0.886561  -0.449039    1.70462
 -0.991248 -0.0666567   0.113952  -0.519957
 0.0710943   0.457785   0.886216    1.24143
         0          0          0          1

 -0.111238   0.886561  -0.449039    1.70462
 -0.991248 -0.0666567   0.113952  -0.519957
 0.0710943   0.457785   0.886216    1.24143
         0          0          0          1

-0.115825   0.87423 -0.471494   1.70106
-0.990658 -0.067274  0.118622 -0.512915
0.0719839  0.480829  0.873854   1.24852
        0         0         0         1

-0.115825   0.87423 -0.471494   1.70106
-0.990658 -0.067274  0.118622 -0.512915
0.0719839  0.480829  0.873854   1.24852
        0         0         0         1

 -0.114569   0.858929  -0.499115    1.69603
 -0.990335 -0.0592152   0.125422  -0.500155
 0.0781736    0.50866   0.857411    1.26208
         0          0          0          1

 -0.114569   0.858929  -0.499115    1.69603
 -0.990335 -0.0592152   0.125422  -0.500155
 0.0781736    0.50866   0.857411    1.26208
         0          0          0          1

 -0.107461   0.849543  -0.516458    1.69249
 -0.990545 -0.0469269   0.128913  -0.489825
 0.0852815   0.525428   0.846553     1.2741
         0          0          0          1

 -0.107461   0.849543  -0.516458    1.69249
 -0.990545 -0.0469269   0.128913  -0.489825
 0.0852815   0.525428   0.846553     1.2741
         0          0          0          1

 -0.09397  0.834648 -0.542708   1.68507
-0.990981 -0.026111  0.131432 -0.471404
0.0955285  0.550164  0.829574   1.29603
        0         0         0         1

 -0.09397  0.834648 -0.542708   1.68507
-0.990981 -0.026111  0.131432 -0.471404
0.0955285  0.550164  0.829574   1.29603
        0         0         0         1

-0.0808222   0.825752  -0.558213    1.67879
 -0.991638 -0.0100869   0.128655  -0.457093
  0.100607   0.563944   0.819662    1.31241
         0          0          0          1

-0.0808222   0.825752  -0.558213    1.67879
 -0.991638 -0.0100869   0.128655  -0.457093
  0.100607   0.563944   0.819662    1.31241
         0          0          0          1

-0.0614289  0.820467 -0.568383   1.67171
 -0.99242 0.0105212  0.122445 -0.440695
 0.106442  0.571596  0.813602   1.32904
        0         0         0         1

-0.0614289  0.820467 -0.568383   1.67171
 -0.99242 0.0105212  0.122445 -0.440695
 0.106442  0.571596  0.813602   1.32904
        0         0         0         1

-0.0277365  0.813667 -0.580669   1.65977
 -0.99342 0.0421346  0.106493 -0.414151
 0.111116  0.579802  0.807144   1.35583
        0         0         0         1

-0.0277365  0.813667 -0.580669   1.65977
 -0.99342 0.0421346  0.106493 -0.414151
 0.111116  0.579802  0.807144   1.35583
        0         0         0         1

-0.00265482  0.809614 -0.586957   1.65058
-0.993496 0.0646829 0.0937135 -0.394241
 0.113838  0.583388  0.804176   1.37336
        0         0         0         1

-0.00265482  0.809614 -0.586957   1.65058
-0.993496 0.0646829 0.0937135 -0.394241
 0.113838  0.583388  0.804176   1.37336
        0         0         0         1

0.0286347  0.802114 -0.596484   1.63501
-0.992878 0.0918577 0.0758606 -0.363172
  0.11564  0.590063  0.799032    1.3974
        0         0         0         1

0.0286347  0.802114 -0.596484   1.63501
-0.992878 0.0918577 0.0758606 -0.363172
  0.11564  0.590063  0.799032    1.3974
        0         0         0         1

 0.048781  0.797597 -0.601215   1.62265
 -0.99218  0.107935 0.0626878 -0.340873
 0.114892  0.593455  0.796625   1.41263
        0         0         0         1

 0.048781  0.797597 -0.601215   1.62265
 -0.99218  0.107935 0.0626878 -0.340873
 0.114892  0.593455  0.796625   1.41263
        0         0         0         1

0.0669578  0.793985 -0.604239   1.60865
-0.991192  0.122283 0.0508452 -0.318059
 0.114258  0.595512  0.795179   1.42774
        0         0         0         1

0.0669578  0.793985 -0.604239   1.60865
-0.991192  0.122283 0.0508452 -0.318059
 0.114258  0.595512  0.795179   1.42774
        0         0         0         1

0.0907192  0.787215  -0.60997    1.5859
-0.989678  0.139494 0.0328356   -0.2835
 0.110936  0.600695  0.791744   1.44881
        0         0         0         1

0.0907192  0.787215  -0.60997    1.5859
-0.989678  0.139494 0.0328356   -0.2835
 0.110936  0.600695  0.791744   1.44881
        0         0         0         1

 0.106351  0.783733 -0.611925   1.56998
-0.988732  0.148556 0.0184266 -0.259904
 0.105347   0.60307  0.790701   1.46031
        0         0         0         1

 0.106351  0.783733 -0.611925   1.56998
-0.988732  0.148556 0.0184266 -0.259904
 0.105347   0.60307  0.790701   1.46031
        0         0         0         1

    0.12752     0.78565   -0.605386     1.54565
  -0.987498    0.157592 -0.00349031   -0.224094
  0.0926621    0.598263    0.795924     1.47278
          0           0           0           1

    0.12752     0.78565   -0.605386     1.54565
  -0.987498    0.157592 -0.00349031   -0.224094
  0.0926621    0.598263    0.795924     1.47278
          0           0           0           1

  0.143287   0.789612  -0.596642    1.52804
 -0.986165   0.164685 -0.0188842  -0.199484
 0.0833469   0.591094   0.802285    1.47917
         0          0          0          1

  0.143287   0.789612  -0.596642    1.52804
 -0.986165   0.164685 -0.0188842  -0.199484
 0.0833469   0.591094   0.802285    1.47917
         0          0          0          1

  0.156677   0.794732   -0.58639    1.50991
  -0.98479   0.170861 -0.0315576  -0.175167
 0.0751114   0.582415   0.809414    1.48396
         0          0          0          1

  0.156677   0.794732   -0.58639    1.50991
  -0.98479   0.170861 -0.0315576  -0.175167
 0.0751114   0.582415   0.809414    1.48396
         0          0          0          1

  0.170038   0.799785    -0.5757    1.48271
 -0.983638   0.173039 -0.0501327  -0.139371
 0.0595233   0.574805   0.816122    1.48787
         0          0          0          1

  0.170038   0.799785    -0.5757    1.48271
 -0.983638   0.173039 -0.0501327  -0.139371
 0.0595233   0.574805   0.816122    1.48787
         0          0          0          1

  0.173883   0.802353  -0.570959    1.46463
 -0.983613   0.169563 -0.0612721  -0.115809
 0.0476516   0.572257   0.818689    1.48788
         0          0          0          1

  0.173883   0.802353  -0.570959    1.46463
 -0.983613   0.169563 -0.0612721  -0.115809
 0.0476516   0.572257   0.818689    1.48788
         0          0          0          1

  0.175177   0.807291  -0.563554    1.43715
 -0.984106   0.160511 -0.0759711  -0.079785
 0.0291259   0.567906   0.822578    1.48408
         0          0          0          1

  0.175177   0.807291  -0.563554    1.43715
 -0.984106   0.160511 -0.0759711  -0.079785
 0.0291259   0.567906   0.822578    1.48408
         0          0          0          1

   0.17125   0.808923  -0.562421     1.4179
 -0.985116   0.149187 -0.0853823  -0.056347
 0.0148381   0.568672   0.822431    1.48109
         0          0          0          1

   0.17125   0.808923  -0.562421     1.4179
 -0.985116   0.149187 -0.0853823  -0.056347
 0.0148381   0.568672   0.822431    1.48109
         0          0          0          1

  0.163487   0.808486  -0.565352    1.39873
 -0.986544   0.135096 -0.0920913 -0.0336429
0.00192208     0.5728   0.819693    1.47615
         0          0          0          1

  0.163487   0.808486  -0.565352    1.39873
 -0.986544   0.135096 -0.0920913 -0.0336429
0.00192208     0.5728   0.819693    1.47615
         0          0          0          1

    0.143174     0.805561    -0.574955      1.36907
   -0.989437     0.103165    -0.101843 -0.000326813
  -0.0227256     0.583462     0.811822      1.46655
           0            0            0            1

    0.143174     0.805561    -0.574955      1.36907
   -0.989437     0.103165    -0.101843 -0.000326813
  -0.0227256     0.583462     0.811822      1.46655
           0            0            0            1

 0.129569  0.801939 -0.583186   1.34958
-0.990717  0.080302 -0.109689   0.02203
-0.0411327  0.591985  0.804899   1.45806
        0         0         0         1

 0.129569  0.801939 -0.583186   1.34958
-0.990717  0.080302 -0.109689   0.02203
-0.0411327  0.591985  0.804899   1.45806
        0         0         0         1

0.0995675  0.800086 -0.591565    1.3219
-0.992889 0.0408999 -0.111798 0.0540082
-0.0652534  0.598489  0.798469   1.44258
        0         0         0         1

0.0995675  0.800086 -0.591565    1.3219
-0.992889 0.0408999 -0.111798 0.0540082
-0.0652534  0.598489  0.798469   1.44258
        0         0         0         1

0.0794982  0.799569  -0.59529    1.3041
-0.993363 0.0137429   -0.1142 0.0742834
-0.0831298  0.600417  0.795354   1.43275
        0         0         0         1

0.0794982  0.799569  -0.59529    1.3041
-0.993363 0.0137429   -0.1142 0.0742834
-0.0831298  0.600417  0.795354   1.43275
        0         0         0         1

  0.0625276    0.800145   -0.596539     1.28554
  -0.993169 -0.00911863   -0.116332    0.093974
 -0.0985221    0.599738    0.794108     1.42285
          0           0           0           1

  0.0625276    0.800145   -0.596539     1.28554
  -0.993169 -0.00911863   -0.116332    0.093974
 -0.0985221    0.599738    0.794108     1.42285
          0           0           0           1

 0.0366779   0.797962  -0.601591    1.26059
 -0.991744 -0.0449573  -0.120097   0.122872
 -0.122879   0.601029   0.789725    1.40761
         0          0          0          1

 0.0366779   0.797962  -0.601591    1.26059
 -0.991744 -0.0449573  -0.120097   0.122872
 -0.122879   0.601029   0.789725    1.40761
         0          0          0          1

 0.0225807   0.795917  -0.604985    1.24421
  -0.98999 -0.0665265  -0.124473   0.141694
 -0.139318    0.60174   0.786448     1.3976
         0          0          0          1

 0.0225807   0.795917  -0.604985    1.24421
  -0.98999 -0.0665265  -0.124473   0.141694
 -0.139318    0.60174   0.786448     1.3976
         0          0          0          1

-0.00442146  0.794018 -0.607878   1.22238
-0.986271  -0.10381 -0.128424  0.168416
-0.165075  0.598965  0.783576   1.38086
        0         0         0         1

-0.00442146  0.794018 -0.607878   1.22238
-0.986271  -0.10381 -0.128424  0.168416
-0.165075  0.598965  0.783576   1.38086
        0         0         0         1

-0.0237385   0.79381 -0.607702   1.20893
  -0.9839 -0.126257 -0.126489  0.185361
-0.177135  0.594915  0.784027   1.36942
        0         0         0         1

-0.0237385   0.79381 -0.607702   1.20893
  -0.9839 -0.126257 -0.126489  0.185361
-0.177135  0.594915  0.784027   1.36942
        0         0         0         1

-0.0416643  0.791958 -0.609152   1.19919
-0.980052 -0.150974 -0.129248  0.201805
-0.194325  0.591615  0.782451    1.3592
        0         0         0         1

-0.0416643  0.791958 -0.609152   1.19919
-0.980052 -0.150974 -0.129248  0.201805
-0.194325  0.591615  0.782451    1.3592
        0         0         0         1

-0.0572161  0.789328   -0.6113   1.18402
-0.974235 -0.177941 -0.138576  0.227666
-0.218157  0.587621  0.779172   1.34184
        0         0         0         1

-0.0572161  0.789328   -0.6113   1.18402
-0.974235 -0.177941 -0.138576  0.227666
-0.218157  0.587621  0.779172   1.34184
        0         0         0         1

-0.0726906  0.783651 -0.616933   1.17697
-0.969294 -0.201205  -0.14137  0.242735
-0.234915  0.587713  0.774214    1.3308
        0         0         0         1

-0.0726906  0.783651 -0.616933   1.17697
-0.969294 -0.201205  -0.14137  0.242735
-0.234915  0.587713  0.774214    1.3308
        0         0         0         1

-0.0921612  0.777222 -0.622441   1.16695
-0.961338 -0.232351 -0.147789  0.265297
-0.259489  0.584756  0.768587   1.31409
        0         0         0         1

-0.0921612  0.777222 -0.622441   1.16695
-0.961338 -0.232351 -0.147789  0.265297
-0.259489  0.584756  0.768587   1.31409
        0         0         0         1

-0.106582  0.775032 -0.622869   1.16249
-0.956596 -0.250808 -0.148391  0.278843
-0.271228  0.580018  0.768124   1.30057
        0         0         0         1

-0.106582  0.775032 -0.622869   1.16249
-0.956596 -0.250808 -0.148391  0.278843
-0.271228  0.580018  0.768124   1.30057
        0         0         0         1

-0.117975  0.773373 -0.622877   1.15693
-0.950501 -0.269522 -0.154615  0.292739
-0.287454  0.573805  0.766889   1.28759
        0         0         0         1

-0.117975  0.773373 -0.622877   1.15693
-0.950501 -0.269522 -0.154615  0.292739
-0.287454  0.573805  0.766889   1.28759
        0         0         0         1

-0.136369  0.769004 -0.624529   1.15289
-0.939869 -0.299695 -0.163799  0.312541
 -0.31313  0.564638  0.763632   1.26939
        0         0         0         1

-0.136369  0.769004 -0.624529   1.15289
-0.939869 -0.299695 -0.163799  0.312541
 -0.31313  0.564638  0.763632   1.26939
        0         0         0         1

-0.146513  0.760748 -0.632294   1.15164
-0.932744 -0.319109 -0.167806  0.324658
-0.329429  0.565183  0.756337   1.25572
        0         0         0         1

-0.146513  0.760748 -0.632294   1.15164
-0.932744 -0.319109 -0.167806  0.324658
-0.329429  0.565183  0.756337   1.25572
        0         0         0         1

-0.161858  0.745535 -0.646513   1.15155
-0.919489 -0.351785 -0.175466  0.341425
-0.358249  0.566061  0.742451   1.23827
        0         0         0         1

-0.161858  0.745535 -0.646513   1.15155
-0.919489 -0.351785 -0.175466  0.341425
-0.358249  0.566061  0.742451   1.23827
        0         0         0         1

 -0.17181   0.73739 -0.653252   1.15248
-0.913671 -0.367224  -0.17422  0.350753
-0.368357  0.566924  0.736824   1.22404
        0         0         0         1

 -0.17181   0.73739 -0.653252   1.15248
-0.913671 -0.367224  -0.17422  0.350753
-0.368357  0.566924  0.736824   1.22404
        0         0         0         1

-0.179731  0.728852  -0.66066   1.15233
-0.905033 -0.385702 -0.179302  0.361009
-0.385503  0.565693  0.728958   1.21372
        0         0         0         1

-0.179731  0.728852  -0.66066   1.15233
-0.905033 -0.385702 -0.179302  0.361009
-0.385503  0.565693  0.728958   1.21372
        0         0         0         1

-0.189459  0.719856 -0.667766   1.15432
-0.894233  -0.40738 -0.185445  0.372596
-0.405528  0.562004  0.720901   1.19646
        0         0         0         1

-0.189459  0.719856 -0.667766   1.15432
-0.894233  -0.40738 -0.185445  0.372596
-0.405528  0.562004  0.720901   1.19646
        0         0         0         1

-0.193782  0.716138 -0.670518   1.15613
 -0.88796 -0.418623 -0.190481  0.379736
-0.417105  0.558481  0.717023   1.18631
        0         0         0         1

-0.193782  0.716138 -0.670518   1.15613
 -0.88796 -0.418623 -0.190481  0.379736
-0.417105  0.558481  0.717023   1.18631
        0         0         0         1

-0.195511  0.713841 -0.672463   1.15724
-0.880046 -0.430295 -0.200909  0.388781
-0.432775  0.552519   0.71234   1.17255
        0         0         0         1

-0.195511  0.713841 -0.672463   1.15724
-0.880046 -0.430295 -0.200909  0.388781
-0.432775  0.552519   0.71234   1.17255
        0         0         0         1

-0.200834  0.709243 -0.675751   1.16086
-0.874228 -0.441016 -0.203052  0.394541
-0.442031  0.549981  0.708612   1.16462
        0         0         0         1

-0.200834  0.709243 -0.675751   1.16086
-0.874228 -0.441016 -0.203052  0.394541
-0.442031  0.549981  0.708612   1.16462
        0         0         0         1

-0.203983  0.701639 -0.682711   1.16299
-0.869568 -0.450211 -0.202881  0.397535
-0.449713  0.552279  0.701958   1.15586
        0         0         0         1

-0.203983  0.701639 -0.682711   1.16299
-0.869568 -0.450211 -0.202881  0.397535
-0.449713  0.552279  0.701958   1.15586
        0         0         0         1

-0.207205  0.697122 -0.686358   1.16456
  -0.8609 -0.463169 -0.210535  0.403729
-0.464669  0.547262  0.696123   1.14862
        0         0         0         1

-0.207205  0.697122 -0.686358   1.16456
  -0.8609 -0.463169 -0.210535  0.403729
-0.464669  0.547262  0.696123   1.14862
        0         0         0         1

-0.211858  0.691995 -0.690115    1.1687
-0.859351 -0.468206  -0.20567  0.406026
-0.465438  0.549478  0.693859   1.13965
        0         0         0         1

-0.211858  0.691995 -0.690115    1.1687
-0.859351 -0.468206  -0.20567  0.406026
-0.465438  0.549478  0.693859   1.13965
        0         0         0         1

-0.213711  0.687251 -0.694272   1.17208
-0.852517 -0.478231 -0.210973  0.409797
-0.477014  0.546792  0.688097   1.13527
        0         0         0         1

-0.213711  0.687251 -0.694272   1.17208
-0.852517 -0.478231 -0.210973  0.409797
-0.477014  0.546792  0.688097   1.13527
        0         0         0         1

-0.217423  0.683734 -0.696588   1.17412
-0.850964  -0.48235 -0.207842  0.410546
-0.478108  0.547582  0.686707   1.12909
        0         0         0         1

-0.217423  0.683734 -0.696588   1.17412
-0.850964  -0.48235 -0.207842  0.410546
-0.478108  0.547582  0.686707   1.12909
        0         0         0         1

 -0.21765  0.679992 -0.700171   1.17726
-0.847761 -0.487194 -0.209625  0.412763
-0.483662  0.547953  0.682509   1.12589
        0         0         0         1

 -0.21765  0.679992 -0.700171   1.17726
-0.847761 -0.487194 -0.209625  0.412763
-0.483662  0.547953  0.682509   1.12589
        0         0         0         1

 -0.22098  0.669502 -0.709179   1.18278
-0.844282 -0.495329 -0.204539  0.413288
-0.488217  0.553548  0.674706   1.11905
        0         0         0         1

 -0.22098  0.669502 -0.709179   1.18278
-0.844282 -0.495329 -0.204539  0.413288
-0.488217  0.553548  0.674706   1.11905
        0         0         0         1

-0.223749   0.66685 -0.710808   1.18278
 -0.84151 -0.500122 -0.204301  0.414512
-0.491729  0.552439  0.673062   1.11747
        0         0         0         1

-0.223749   0.66685 -0.710808   1.18278
 -0.84151 -0.500122 -0.204301  0.414512
-0.491729  0.552439  0.673062   1.11747
        0         0         0         1

-0.234011  0.657259 -0.716414   1.18339
-0.838218 -0.509723 -0.193839  0.414469
-0.492575  0.555151  0.670207   1.11293
        0         0         0         1

-0.234011  0.657259 -0.716414   1.18339
-0.838218 -0.509723 -0.193839  0.414469
-0.492575  0.555151  0.670207   1.11293
        0         0         0         1

-0.235192  0.654901 -0.718184   1.18415
-0.833547 -0.515938 -0.197504  0.415923
-0.499884  0.552189  0.667236    1.1139
        0         0         0         1

-0.235192  0.654901 -0.718184   1.18415
-0.833547 -0.515938 -0.197504  0.415923
-0.499884  0.552189  0.667236    1.1139
        0         0         0         1

-0.237475  0.653726 -0.718504     1.185
-0.831448 -0.519261 -0.197641  0.416359
-0.502294  0.550464  0.666851   1.11349
        0         0         0         1

-0.237475  0.653726 -0.718504     1.185
-0.831448 -0.519261 -0.197641  0.416359
-0.502294  0.550464  0.666851   1.11349
        0         0         0         1

-0.235786  0.653668 -0.719113    1.1845
-0.832137 -0.518011 -0.198023  0.415825
 -0.50195  0.551709   0.66608   1.11356
        0         0         0         1

-0.235786  0.653668 -0.719113    1.1845
-0.832137 -0.518011 -0.198023  0.415825
 -0.50195  0.551709   0.66608   1.11356
        0         0         0         1

-0.235712  0.654313 -0.718551   1.18362
 -0.83309 -0.516762 -0.197279  0.415308
-0.500401  0.552116  0.666908   1.11484
        0         0         0         1

-0.235712  0.654313 -0.718551   1.18362
 -0.83309 -0.516762 -0.197279  0.415308
-0.500401  0.552116  0.666908   1.11484
        0         0         0         1

-0.240022  0.653428 -0.717929    1.1831
-0.831384 -0.520177  -0.19549  0.415382
-0.501189  0.549952  0.668103   1.11749
        0         0         0         1

-0.240022  0.653428 -0.717929    1.1831
-0.831384 -0.520177  -0.19549  0.415382
-0.501189  0.549952  0.668103   1.11749
        0         0         0         1

-0.243887  0.652241 -0.717706   1.18188
-0.830935 -0.522136 -0.192146  0.415167
-0.500066  0.549505  0.669312   1.12449
        0         0         0         1

-0.243887  0.652241 -0.717706   1.18188
-0.830935 -0.522136 -0.192146  0.415167
-0.500066  0.549505  0.669312   1.12449
        0         0         0         1

-0.246981  0.649938 -0.718736   1.18031
-0.831761 -0.522734 -0.186877  0.415013
-0.497166  0.551661  0.669698    1.1285
        0         0         0         1

-0.246981  0.649938 -0.718736   1.18031
-0.831761 -0.522734 -0.186877  0.415013
-0.497166  0.551661  0.669698    1.1285
        0         0         0         1

-0.250029    0.6489  -0.71862   1.17149
-0.836691 -0.518313 -0.176917  0.414539
-0.487272  0.557028  0.672522   1.13759
        0         0         0         1

-0.250029    0.6489  -0.71862   1.17149
-0.836691 -0.518313 -0.176917  0.414539
-0.487272  0.557028  0.672522   1.13759
        0         0         0         1

-0.248142  0.649861 -0.718405   1.16245
-0.840216 -0.513484 -0.174275  0.413931
-0.482143  0.560371  0.673441    1.1522
