  -0.811261   -0.584039  -0.0274577    0.639645
  -0.583609    0.811723  -0.0225202    0.889908
  0.0354407 -0.00224516   -0.999369     2.41623
          0           0           0           1

  -0.804445   -0.594025 -0.00165989    0.625546
  -0.593855    0.804276  -0.0218296    0.865275
  0.0143023   -0.016575    -0.99976      2.4013
          0           0           0           1

 -0.789693   -0.61244  0.0360827   0.590915
 -0.613342   0.789465 -0.0235906    0.83804
-0.0140382 -0.0407604   -0.99907    2.38043
         0          0          0          1

  -0.77463  -0.628953  0.0660758   0.561919
 -0.630939   0.775726 -0.0128548   0.806625
-0.0431716 -0.0516476  -0.997732    2.37157
         0          0          0          1

 -0.752583  -0.651245  0.0974605   0.523286
 -0.653797   0.756634 0.00736145   0.765287
-0.0785361 -0.0581793  -0.995212    2.36433
         0          0          0          1

 -0.737861  -0.663385   0.124422   0.494825
 -0.666681     0.7451  0.0190451   0.735078
 -0.105341 -0.0688974  -0.992047    2.34944
         0          0          0          1

 -0.724289  -0.671658   0.155828   0.472383
 -0.675198   0.736705  0.0370611   0.684644
 -0.139691 -0.0783717  -0.987089    2.32396
         0          0          0          1

 -0.713922  -0.678208    0.17421   0.452793
 -0.682633    0.72952  0.0425872   0.661491
 -0.155972 -0.0885173  -0.983787     2.3059
         0          0          0          1

 -0.699335  -0.687122   0.196965   0.427587
 -0.691708   0.720014  0.0558565    0.63139
 -0.180198 -0.0971798  -0.978818    2.28884
         0          0          0          1

-0.688368 -0.693005  0.214226  0.409237
-0.698012  0.713199 0.0642405  0.606463
-0.197305 -0.105311 -0.974669   2.27428
        0         0         0         1

-0.665098  -0.69878  0.263345   0.36684
-0.707084  0.702719 0.0788544  0.557279
 -0.24016 -0.133761 -0.961473   2.23069
        0         0         0         1

-0.655866 -0.700424  0.281506  0.352301
-0.708713  0.699749 0.0898738  0.533201
-0.259933 -0.140562 -0.955341   2.21551
        0         0         0         1

-0.632639 -0.709179   0.31118  0.323581
-0.720804  0.686135 0.0982841  0.502874
-0.283212 -0.162121 -0.945255   2.18798
        0         0         0         1

-0.628641 -0.702464  0.333697  0.313188
 -0.71586  0.690353  0.104674  0.483641
-0.303898 -0.173078 -0.936851   2.17071
        0         0         0         1

-0.613596 -0.700521  0.364377  0.293562
-0.720307  0.685635  0.105178  0.461385
-0.323509 -0.197927 -0.925293   2.13861
        0         0         0         1

-0.606861 -0.695837  0.384098  0.283943
-0.715664  0.688613  0.116778  0.437229
-0.345753 -0.204017 -0.915878   2.12683
        0         0         0         1

 -0.58042 -0.690361  0.431874  0.251149
-0.716393  0.685046  0.132262  0.389909
-0.387162 -0.232624 -0.892184   2.07745
        0         0         0         1

-0.569249 -0.687129  0.451453   0.24085
-0.717325  0.683402  0.135671  0.371045
-0.401747 -0.246607  -0.88192   2.05538
        0         0         0         1

-0.560074 -0.682714  0.469274  0.229667
-0.713779  0.685204  0.144967  0.348495
-0.420519 -0.253766 -0.871072   2.03464
        0         0         0         1

-0.551788 -0.679059  0.484158  0.218694
 -0.71299  0.685262  0.148533  0.329552
-0.432637 -0.263241 -0.862281   2.01196
        0         0         0         1

-0.503137  -0.65797  0.560294  0.190564
-0.713031  0.682384  0.161052  0.279934
-0.488303 -0.318476 -0.812486   1.95752
        0         0         0         1

-0.486798 -0.642339  0.591969  0.172661
-0.713514   0.68334  0.154736  0.257929
-0.503909 -0.347053 -0.790967   1.93085
        0         0         0         1

-0.488568  -0.63374  0.599729  0.158909
-0.712604  0.686449  0.144857  0.238132
-0.503486 -0.356597 -0.786982   1.90754
        0         0         0         1

-0.493723 -0.638923  0.589928  0.149416
-0.709123  0.688469  0.152168  0.219217
-0.503371 -0.343203 -0.792988   1.89415
        0         0         0         1

-0.490064 -0.649901  0.580918  0.138664
-0.706193  0.686688  0.172485  0.196202
-0.511007 -0.325712 -0.795477   1.87425
        0         0         0         1

 -0.48663 -0.653479   0.57979  0.132594
-0.701477  0.687854  0.186512  0.182232
-0.520692 -0.315947 -0.793131   1.85202
        0         0         0         1

-0.478358  -0.66159  0.577471  0.119926
-0.690414  0.689704  0.218257  0.149585
-0.542681 -0.294289 -0.786697   1.80771
        0         0         0         1

-0.474997 -0.665382  0.575886  0.114821
-0.685244  0.690262  0.232336   0.13454
-0.552104 -0.284263 -0.783821   1.79015
        0         0         0         1

-0.472556 -0.669538  0.573071  0.108453
-0.680846  0.690235  0.244997  0.119353
-0.559588 -0.274398 -0.782027   1.76719
        0         0         0         1

-0.471716 -0.674377  0.568066   0.10384
-0.675668  0.690389  0.258524  0.105714
 -0.56653 -0.261874 -0.781323   1.75049
        0         0         0         1

-0.467737 -0.688113  0.554727 0.0918323
 -0.66167  0.688718  0.296413 0.0758122
-0.586016 -0.228403 -0.777443   1.71577
        0         0         0         1

-0.469966 -0.688227  0.552698 0.0902443
-0.656923  0.690932  0.301769 0.0671932
-0.589563 -0.221259 -0.776827   1.69778
        0         0         0         1

-0.467834 -0.691426  0.550509 0.0825485
-0.653339  0.690036  0.311447 0.0521397
-0.595214 -0.213963 -0.774558   1.67861
        0         0         0         1

 -0.46953 -0.690864  0.549771 0.0790572
-0.648166  0.692524  0.316689 0.0415499
-0.599518 -0.207648 -0.772955   1.66442
        0         0         0         1

-0.463098 -0.691565  0.554327 0.0731762
-0.643792  0.692332  0.325897 0.0260128
-0.609157 -0.205949 -0.765841   1.64703
        0         0         0         1

-0.460891 -0.685516  0.563602 0.0734328
-0.640523  0.696524  0.323397 0.0196633
-0.614256 -0.211949  -0.76011   1.62834
        0         0         0         1

  -0.446857   -0.677712    0.583974    0.067505
  -0.635579    0.699885    0.325884 -0.00554902
   -0.62957   -0.225538   -0.743488     1.59675
          0           0           0           1

-0.437722 -0.671119  0.598329  0.067225
-0.632005  0.702989  0.326152 -0.013922
-0.639506 -0.235383 -0.731865   1.58188
        0         0         0         1

 -0.419517  -0.665588    0.61725  0.0666142
 -0.628819   0.703487   0.331199 -0.0257459
  -0.65467  -0.249195  -0.713659    1.56426
         0          0          0          1

 -0.402116  -0.661092   0.633452  0.0666471
 -0.627964   0.702619   0.334645 -0.0362904
 -0.666306  -0.263219  -0.697676    1.54854
         0          0          0          1

 -0.390585  -0.655824   0.646017  0.0657001
 -0.627992   0.702938   0.333922 -0.0474993
 -0.673104  -0.275269  -0.686409    1.53356
         0          0          0          1

 -0.383973  -0.651752   0.654052  0.0638029
 -0.626493   0.704248   0.333978 -0.0574395
 -0.678286  -0.281521   -0.67873     1.5224
         0          0          0          1

-0.373717 -0.644201  0.667338 0.0589761
-0.628003  0.705212  0.329072  -0.07824
-0.682603 -0.296111  -0.66811   1.49833
        0         0         0         1

 -0.367879  -0.641158   0.673485  0.0569612
 -0.627876   0.705508   0.328679 -0.0874672
 -0.685884  -0.301951  -0.662109    1.48745
         0          0          0          1

  -0.36455  -0.636831   0.679375  0.0551308
 -0.628248    0.70672   0.325348 -0.0974786
 -0.687319  -0.308211  -0.657722    1.47623
         0          0          0          1

-0.358623 -0.636374  0.682948 0.0518658
-0.629184  0.705238  0.326753 -0.107833
-0.689578 -0.312519 -0.653311   1.46807
        0         0         0         1

 -0.35421 -0.622859  0.697554  0.049846
-0.627958  0.711148  0.316127 -0.122456
-0.692967 -0.326059 -0.643026   1.44868
        0         0         0         1

-0.350769 -0.621721  0.700303 0.0471467
-0.628675  0.710589  0.315961 -0.131164
-0.694067 -0.329434 -0.640113   1.44225
        0         0         0         1

-0.345509 -0.618759  0.705522 0.0454371
-0.630264  0.710026  0.314056 -0.140095
-0.695263 -0.336155 -0.635302   1.43282
        0         0         0         1

-0.343913 -0.615463  0.709175 0.0443708
-0.630443  0.711053  0.311361 -0.146465
-0.695892 -0.340013 -0.632555    1.4262
        0         0         0         1

-0.339513 -0.612855   0.71354 0.0421407
-0.632443  0.710258  0.309111 -0.155826
-0.696238 -0.346326 -0.628737   1.41828
        0         0         0         1

-0.334496 -0.609683  0.718609 0.0407315
-0.633417  0.710053  0.307583 -0.163008
-0.697779 -0.352295 -0.623693   1.41176
        0         0         0         1

-0.325125 -0.599425  0.731425 0.0403671
-0.634887  0.711581  0.300949 -0.175266
-0.700865 -0.366527  -0.61192   1.39716
        0         0         0         1

-0.320703  -0.59992  0.732971 0.0387504
-0.636412  0.709621  0.302354 -0.182246
-0.701519 -0.369506 -0.609374   1.39288
        0         0         0         1

-0.318245 -0.599124  0.734691 0.0384325
 -0.63591  0.709679  0.303271 -0.187659
-0.703092 -0.370683  -0.60684   1.38853
        0         0         0         1

-0.314967 -0.599318  0.735944 0.0382791
-0.636948  0.708335  0.304235 -0.192614
-0.703628 -0.372934 -0.604837   1.38341
        0         0         0         1

-0.306963 -0.603479  0.735926 0.0375316
-0.640146  0.703123  0.309567 -0.203724
-0.704263 -0.376074 -0.602147   1.37377
        0         0         0         1

-0.303668 -0.604868  0.736152  0.037766
 -0.64071  0.701491  0.312091 -0.207426
-0.705178 -0.376888 -0.600566   1.36942
        0         0         0         1

-0.298476 -0.609752  0.734244 0.0363064
-0.641963  0.697541  0.318308 -0.213263
-0.706255  -0.37635 -0.599637   1.36516
        0         0         0         1

-0.296177 -0.612889  0.732561 0.0365919
-0.643288  0.694933  0.321324 -0.216568
-0.706017 -0.376078 -0.600088   1.36159
        0         0         0         1

-0.291197 -0.616993  0.731111 0.0364758
-0.645236  0.690905  0.326069 -0.220402
-0.706311 -0.376789 -0.599295   1.35702
        0         0         0         1

 -0.28753 -0.618646  0.731166 0.0377358
-0.646107  0.688823  0.328739 -0.221902
-0.707016 -0.377889 -0.597769   1.35357
        0         0         0         1

-0.270938 -0.626443  0.730864 0.0383809
-0.650248  0.678948  0.340892 -0.229768
-0.709768 -0.382882 -0.591296   1.34601
        0         0         0         1

-0.265588 -0.627353  0.732046 0.0389052
-0.650248  0.677169  0.344412 -0.231715
-0.711787  -0.38454 -0.587783   1.34389
        0         0         0         1

-0.259109 -0.627401  0.734323 0.0397864
-0.651362  0.674885  0.346781 -0.233729
-0.713155 -0.388457 -0.583534   1.34057
        0         0         0         1

-0.253644 -0.626557  0.736947 0.0399395
 -0.65275  0.673111  0.347619 -0.235463
 -0.71385 -0.392871 -0.579715   1.33759
        0         0         0         1

-0.244837 -0.622989  0.742927 0.0397031
-0.657056  0.670077  0.345362 -0.238654
-0.712975 -0.403587 -0.573398   1.33232
        0         0         0         1

-0.241086 -0.622375  0.744665 0.0397273
-0.657652  0.669033  0.346248 -0.239824
-0.713702 -0.406255 -0.570601   1.33365
        0         0         0         1

-0.227725 -0.610742  0.758377   0.04116
-0.661167  0.668757  0.340033 -0.241101
-0.714842  -0.42398 -0.556095   1.33006
        0         0         0         1

-0.217755 -0.594941  0.773711 0.0417133
-0.663971  0.671325  0.329342 -0.241967
 -0.71535 -0.442005 -0.541208   1.32763
        0         0         0         1

-0.202119 -0.581515  0.788028 0.0423398
-0.668315  0.670068  0.323053 -0.244701
-0.715893 -0.461356 -0.524069   1.32396
        0         0         0         1

-0.193495 -0.576085  0.794157 0.0439705
-0.671779  0.667732  0.320698 -0.245132
-0.715033 -0.471445 -0.516205   1.32342
        0         0         0         1

-0.181993 -0.585649  0.789869 0.0459994
-0.679213  0.655724   0.32969 -0.245732
-0.711019 -0.476489 -0.517118   1.32651
        0         0         0         1

-0.176128 -0.588448  0.789119 0.0464433
-0.681482  0.651367  0.333622 -0.245299
-0.710325  -0.47901  -0.51574   1.32758
        0         0         0         1

-0.171258 -0.583435  0.793898 0.0471284
-0.683919  0.650422  0.330462 -0.242789
-0.709172 -0.486368 -0.510412   1.32835
        0         0         0         1

-0.159913 -0.576991  0.800943 0.0468844
 -0.68557  0.648695  0.330436 -0.242611
-0.710226 -0.496262 -0.499303   1.32884
        0         0         0         1

-0.133264 -0.551337  0.823571 0.0489054
-0.692077  0.646586  0.320868 -0.237368
-0.709415 -0.527214 -0.467734   1.32968
        0         0         0         1

 -0.12173 -0.544785  0.829693 0.0484659
-0.696251  0.642621    0.3198 -0.234439
-0.707401 -0.538746 -0.457534   1.33073
        0         0         0         1

-0.115962 -0.535646  0.836443 0.0477272
-0.699384  0.641998  0.314166 -0.227789
-0.705277 -0.548563 -0.449069   1.33364
        0         0         0         1

-0.107923 -0.526344  0.843394 0.0473357
-0.703898  0.639542  0.309052 -0.221612
-0.702054  -0.56031 -0.439514   1.33414
        0         0         0         1

-0.0974339 -0.517478  0.850131 0.0464059
-0.706389  0.637684  0.307202 -0.214601
-0.701085 -0.570592 -0.427673    1.3362
        0         0         0         1

-0.0861473 -0.511524  0.854939 0.0448198
-0.710556  0.633054  0.307168  -0.20951
-0.698347 -0.581021 -0.418003   1.33678
        0         0         0         1

-0.0681232 -0.497678  0.864682 0.0418253
-0.715965  0.627973  0.305031 -0.192215
-0.694804 -0.598303   -0.3991    1.3408
        0         0         0         1

-0.0607039 -0.494305  0.867166 0.0389667
-0.718282  0.624888  0.305919 -0.184626
-0.693099 -0.604299 -0.392984   1.34374
        0         0         0         1

-0.0552571  -0.48629  0.872049 0.0365168
-0.721936  0.622796  0.301551 -0.172525
 -0.68975 -0.612901 -0.385484   1.34473
        0         0         0         1

-0.0515503 -0.486838   0.87197 0.0324082
-0.723467  0.620096  0.303441 -0.163061
-0.688431 -0.615199 -0.384178   1.34816
        0         0         0         1

-0.0480784 -0.491739  0.869415 0.0218551
-0.726844  0.614255  0.307227 -0.138835
-0.685118 -0.617158  -0.38695   1.35474
        0         0         0         1

-0.0485081 -0.493487  0.868399 0.0166491
-0.726143  0.614403  0.308586 -0.126571
 -0.68583 -0.615613 -0.388146   1.35848
        0         0         0         1

-0.0439962  -0.496544   0.866896 0.00755986
   -0.7273   0.610815   0.312953  -0.116258
 -0.684909  -0.616724   -0.38801    1.36059
         0          0          0          1

 -0.0436498   -0.498008    0.866073 0.000482461
  -0.725991    0.611347    0.314947   -0.104527
  -0.686318   -0.615014   -0.388235     1.36476
          0           0           0           1

  -0.044216   -0.497457    0.866361 -0.00702037
  -0.725717    0.611977    0.314354  -0.0894151
  -0.686571   -0.614833   -0.388072     1.36644
          0           0           0           1

-0.0484769  -0.498597   0.865477 -0.0142197
 -0.723949   0.614518   0.313472 -0.0760618
 -0.688148  -0.611365  -0.390749    1.37187
         0          0          0          1

-0.0516689  -0.503457   0.862474 -0.0314781
 -0.722012   0.615488   0.316028 -0.0489802
 -0.689949  -0.606388  -0.395303    1.37646
         0          0          0          1

-0.0557229  -0.507484   0.859857  -0.039197
 -0.719965   0.617099   0.317552 -0.0347738
  -0.69177  -0.601372  -0.399757    1.38101
         0          0          0          1

-0.0634026  -0.510565   0.857498 -0.0463412
 -0.718005   0.620106    0.31613 -0.0161392
 -0.693145  -0.595644  -0.405904    1.38469
         0          0          0          1

 -0.0710367   -0.517241    0.852887  -0.0562284
  -0.715944    0.621803    0.317467 -0.00403078
  -0.694534   -0.588067   -0.414486     1.38744
          0           0           0           1

-0.0881327   -0.52904   0.844008 -0.0772312
 -0.709774   0.627843   0.319428  0.0249856
 -0.698895  -0.570903  -0.430833     1.3908
         0          0          0          1

-0.0970218 -0.531886   0.84124 -0.085311
-0.704378  0.633845   0.31952 0.0392289
-0.703164  -0.56155 -0.436145   1.39321
        0         0         0         1

 -0.112387   -0.53245   0.838967 -0.0936638
 -0.697326   0.643754   0.315145  0.0585802
 -0.707888  -0.549616  -0.443641    1.39822
         0          0          0          1

-0.121501 -0.530209  0.839116 -0.101586
-0.693276  0.650333  0.310539 0.0730473
-0.710356 -0.544009 -0.446597   1.39847
        0         0         0         1

-0.130784 -0.531869  0.836667 -0.114505
-0.687384  0.656782  0.310067 0.0863895
-0.714422 -0.534559 -0.451494   1.40169
        0         0         0         1

-0.137291 -0.532442  0.835259 -0.125839
-0.680976  0.663097  0.310765 0.0974105
-0.719321 -0.526126 -0.453617   1.40384
        0         0         0         1

-0.162974 -0.518489   0.83941 -0.140451
-0.667948  0.684145  0.292901  0.132382
-0.726144 -0.512947 -0.457821   1.40402
        0         0         0         1

 -0.17203 -0.518247  0.837751 -0.150303
-0.661263  0.691101  0.291738  0.142722
-0.730162 -0.503786 -0.461587   1.40669
        0         0         0         1

 -0.18507 -0.509511  0.840326 -0.157353
-0.654466  0.701786  0.281373  0.159445
-0.733091 -0.497891 -0.463337   1.40557
        0         0         0         1

-0.190708 -0.507903  0.840038 -0.167501
-0.647992  0.707945  0.280928  0.169224
-0.737385 -0.490763 -0.464128   1.40476
        0         0         0         1

-0.209491 -0.491998  0.845016 -0.181986
-0.636357  0.724738  0.264206  0.198719
-0.742404 -0.482383 -0.464912   1.39784
        0         0         0         1

-0.212374 -0.486317   0.84758 -0.189297
-0.632458  0.729601  0.260152  0.207289
-0.744912 -0.480809 -0.462524   1.39213
        0         0         0         1

-0.225983 -0.483956   0.84541 -0.197309
 -0.62454  0.738007  0.255529  0.218203
-0.747583 -0.470248 -0.469027   1.39559
        0         0         0         1

-0.235407 -0.476212  0.847234 -0.201448
 -0.62017  0.744794  0.246316  0.230024
-0.748314 -0.467444 -0.470662   1.39153
        0         0         0         1

-0.236211 -0.478126  0.845932  -0.21357
 -0.61626  0.746803  0.250019  0.233301
-0.751285 -0.462256 -0.471053   1.38782
        0         0         0         1

-0.241279 -0.476444   0.84545 -0.219513
-0.612615  0.750442  0.248072  0.240224
-0.752653 -0.458081 -0.472943   1.38508
        0         0         0         1

 -0.26551 -0.462893  0.845715 -0.225211
-0.593856  0.769557  0.234769  0.264801
-0.759499   -0.4399 -0.479217   1.38365
        0         0         0         1

 -0.27268  -0.46017  0.844919 -0.229025
-0.588776  0.774367   0.23173  0.272712
-0.760913  -0.43428 -0.482092    1.3809
        0         0         0         1

-0.272203 -0.463595  0.843199 -0.235809
-0.585881  0.774982  0.236953  0.274244
-0.763315 -0.429515 -0.482564   1.37538
        0         0         0         1

-0.275824 -0.454338  0.847053 -0.235289
-0.582076  0.780234  0.228958  0.284378
-0.764924 -0.429897 -0.479667   1.36795
        0         0         0         1

  -0.2908 -0.446743  0.846083 -0.239467
-0.574825  0.788491  0.218766  0.299249
-0.764861 -0.422732 -0.486092   1.35902
        0         0         0         1

-0.289633 -0.449418  0.845066 -0.243354
-0.574457  0.787829  0.222092  0.300483
-0.765579 -0.421129 -0.486352   1.35383
        0         0         0         1

-0.297426 -0.449244  0.842447 -0.247262
-0.568218  0.792384  0.221938  0.304602
-0.767246 -0.412684 -0.490944   1.35435
        0         0         0         1

-0.297906  -0.44488  0.844591 -0.248694
-0.566628  0.794446  0.218604  0.308669
-0.768234 -0.413446 -0.488752   1.34688
        0         0         0         1

-0.300114 -0.436572  0.848137 -0.246906
-0.564481  0.798015   0.21103  0.317178
-0.768956 -0.415424 -0.485932     1.335
        0         0         0         1

-0.304223 -0.436185  0.846871 -0.247128
-0.562241  0.799866      0.21  0.321418
-0.768982 -0.412259 -0.488579   1.33291
        0         0         0         1

-0.312345 -0.428461  0.847857 -0.247237
-0.551967  0.808248  0.205105  0.331685
-0.773158 -0.403925 -0.488948   1.32381
        0         0         0         1

-0.316899 -0.427148  0.846829 -0.248418
-0.546799  0.811814  0.204863  0.333593
-0.774974 -0.398125 -0.490827   1.32084
        0         0         0         1

-0.318967 -0.427916  0.845664 -0.251217
-0.543321  0.813658  0.206791  0.333909
-0.776571 -0.393508 -0.492026   1.31779
        0         0         0         1

-0.318748 -0.429907  0.844736 -0.254489
-0.542694  0.813458  0.209211  0.332331
-0.777099 -0.391748 -0.492596   1.31248
        0         0         0         1

-0.320411 -0.415233  0.851421  -0.25206
 -0.53582  0.820647  0.198583  0.340256
-0.781175  -0.39258 -0.485435   1.29754
        0         0         0         1

-0.321522 -0.412316   0.85242 -0.254517
 -0.52949   0.82461  0.199147  0.340123
-0.785025 -0.387317 -0.483447    1.3003
        0         0         0         1

-0.321902 -0.400116  0.858071 -0.252099
-0.529702  0.827301  0.187052  0.342965
-0.784726  -0.39431 -0.478252   1.29303
        0         0         0         1

-0.325375 -0.398449  0.857537 -0.254595
 -0.52907  0.828357  0.184145  0.342683
-0.783719 -0.393781 -0.480334   1.29658
        0         0         0         1

-0.333391 -0.389635  0.858507  -0.25157
-0.528405  0.831363  0.172116  0.348132
-0.780793 -0.396258 -0.483055   1.29774
        0         0         0         1

-0.334359 -0.386143  0.859708 -0.250688
-0.529768  0.831455  0.167415  0.348479
-0.779455 -0.399469 -0.482571   1.29608
        0         0         0         1

-0.344363 -0.365258   0.86487 -0.244967
-0.525572  0.838338  0.144788   0.35718
-0.777939 -0.404692 -0.480662   1.29907
        0         0         0         1

-0.343622 -0.355723  0.869129 -0.242027
-0.524646  0.840306    0.1365  0.360869
 -0.77889 -0.409081 -0.475376   1.29954
        0         0         0         1

-0.346507 -0.356345  0.867728 -0.242193
-0.520666  0.842521  0.138077  0.362157
-0.780282 -0.403951 -0.477476   1.30741
        0         0         0         1

 -0.34651  -0.35198  0.869506 -0.241606
-0.523962  0.841478  0.131829  0.362334
-0.778072 -0.409908 -0.476004    1.3097
        0         0         0         1

-0.352185 -0.329839  0.875884 -0.234588
-0.527699  0.842888  0.105231  0.371768
-0.772981 -0.425142 -0.470908   1.31484
        0         0         0         1

-0.353014 -0.327034  0.876601 -0.231597
-0.531545  0.841137 0.0997463  0.376426
-0.769962 -0.430741 -0.470766   1.32009
        0         0         0         1

-0.356009 -0.327743  0.875124 -0.230266
-0.530981  0.841561 0.0991655  0.379104
-0.768971 -0.429371 -0.473629   1.33277
        0         0         0         1

-0.361225 -0.321728  0.875218  -0.22357
-0.533614   0.84104 0.0889278  0.386956
-0.764704 -0.434906 -0.475483   1.34086
        0         0         0         1

-0.366091  -0.32041  0.873679 -0.218151
-0.539399  0.838112 0.0813461  0.394944
-0.758305 -0.441481 -0.479653   1.35236
        0         0         0         1

  -0.3699 -0.328217  0.869165 -0.220929
-0.542481  0.835783 0.0847412  0.394117
-0.754247  -0.44016 -0.487207   1.36982
        0         0         0         1

-0.388847 -0.334576  0.858403 -0.214483
-0.555556  0.828422 0.0712299  0.406023
-0.734952 -0.449194 -0.508006   1.40027
        0         0         0         1

-0.399904 -0.339019  0.851553 -0.213641
-0.563036  0.823979 0.0636303  0.410892
-0.723234 -0.454009 -0.520392   1.41721
        0         0         0         1

-0.412259 -0.351403   0.84057 -0.214715
-0.573227  0.817162 0.0604767  0.413533
-0.708134 -0.456905 -0.538316   1.44543
        0         0         0         1

-0.423915 -0.349765   0.83544 -0.208552
-0.577848  0.814738 0.0478893  0.424184
-0.697415 -0.462456 -0.547491    1.4648
        0         0         0         1

-0.437761 -0.354652  0.826188  -0.20342
-0.598868  0.800417 0.0262755  0.439811
-0.670613 -0.483275 -0.562781   1.50189
        0         0         0         1

-0.448791 -0.364556  0.815896  -0.19913
  -0.6039  0.796705 0.0238006  0.445748
-0.658705 -0.482038 -0.577709   1.53526
        0         0         0         1

-0.461679 -0.364695  0.808609 -0.188403
-0.611996  0.790828 0.0072534  0.460253
-0.642116 -0.491517 -0.588301    1.5614
        0         0         0         1

  -0.469271   -0.368244    0.802609   -0.182154
  -0.622892     0.78229 -0.00527206    0.472421
  -0.625932   -0.502413   -0.596482     1.58103
          0           0           0           1

  -0.477477    -0.38567    0.789477    -0.18353
  -0.630322    0.776331 -0.00197189    0.475103
  -0.612135   -0.498566   -0.613777     1.62328
          0           0           0           1

 -0.492606  -0.388525   0.778709  -0.175014
 -0.636374   0.771175 -0.0177998   0.487251
 -0.593605  -0.504318  -0.627133    1.65376
         0          0          0          1

 -0.513682  -0.405036   0.756357  -0.164262
 -0.659194    0.75058 -0.0457516   0.510174
 -0.549175  -0.522088  -0.652557    1.71461
         0          0          0          1

 -0.519254  -0.419577   0.744534  -0.164082
 -0.670021   0.740663 -0.0498919   0.513374
 -0.530515   -0.52476  -0.665718    1.75063
         0          0          0          1

-0.535976 -0.426562  0.728543 -0.153559
-0.672819  0.737084 -0.063419   0.52606
-0.509945 -0.524169 -0.682058   1.79306
        0         0         0         1

 -0.552784   -0.43227   0.712441  -0.144955
 -0.680785   0.727306 -0.0869324   0.542216
 -0.480584  -0.533074  -0.696326    1.82097
         0          0          0          1

-0.596496 -0.441053   0.67057 -0.121028
-0.684076  0.716364 -0.137337   0.58305
  -0.4198 -0.540642 -0.729023   1.89246
        0         0         0         1

-0.615397 -0.451283  0.646243 -0.107847
-0.681717  0.716286 -0.148983  0.599419
-0.395662 -0.532239 -0.748448   1.93667
        0         0         0         1

 -0.635089  -0.453973   0.624956 -0.0985617
 -0.682572   0.708578  -0.178922   0.625626
 -0.361604  -0.540209   -0.75988    1.96438
         0          0          0          1

 -0.648683   -0.46514   0.602375 -0.0902809
 -0.682507   0.705748  -0.190012   0.636898
 -0.336742  -0.534382  -0.775268    2.00253
         0          0          0          1

 -0.666829  -0.472422   0.576331 -0.0775509
 -0.677201   0.706937  -0.204056   0.654156
 -0.311029  -0.526362  -0.791331    2.04749
         0          0          0          1

 -0.668068  -0.491933   0.558289 -0.0831592
 -0.686114   0.697624  -0.206321   0.657122
  -0.28798  -0.520887  -0.803582    2.07955
         0          0          0          1

 -0.707213  -0.499514   0.500335 -0.0532762
 -0.668737   0.702279   -0.24412   0.708164
 -0.229433  -0.507238  -0.830705     2.1575
         0          0          0          1

 -0.740044  -0.495885   0.454349 -0.0175797
 -0.648179   0.706103    -0.2851   0.746312
 -0.179441  -0.505486   -0.84397     2.1837
         0          0          0          1

-0.767804  -0.49298  0.409204 0.0155323
-0.625071   0.71654 -0.309607  0.782844
-0.140581 -0.493499  -0.85831   2.22492
        0         0         0         1

-0.773264 -0.499411  0.390706 0.0139246
 -0.62125  0.720048 -0.309159  0.791535
 -0.12693 -0.481788 -0.867046   2.26282
        0         0         0         1

-0.810785 -0.499094  0.305831 0.0481555
-0.582883  0.736263  -0.34375  0.853447
-0.0536082 -0.456972 -0.887864   2.33331
        0         0         0         1

-0.829864 -0.500054  0.247532 0.0841289
-0.557648  0.758284 -0.337688  0.871053
-0.0188373 -0.418271 -0.908127   2.39505
        0         0         0         1

-0.849675 -0.486573  0.203223  0.105099
-0.527113    0.7733 -0.352362  0.908523
0.0142976 -0.406514 -0.913532   2.41471
        0         0         0         1

-0.870719 -0.471897  0.138427  0.147059
-0.487556  0.791516 -0.368499  0.952494
0.0643262  -0.38835 -0.919264   2.44375
        0         0         0         1

-0.884267 -0.459315 0.0842747  0.171121
-0.455079  0.807093 -0.376171  0.990764
 0.104763 -0.370987  -0.92271   2.47064
        0         0         0         1

