 -0.784802  -0.610066  -0.109116   0.943619
 -0.610827   0.791187 -0.0302214   0.878343
  0.104768  0.0429334  -0.993569    2.51985
         0          0          0          1

 -0.767878  -0.631343  -0.108491   0.950225
 -0.633012   0.773809 -0.0227058   0.847882
 0.0982864  0.0512407  -0.993838    2.51133
         0          0          0          1

 -0.726685  -0.684166 -0.0620131   0.948578
 -0.685156   0.728364 -0.0069203   0.787453
 0.0499027  0.0374598  -0.998051    2.47826
         0          0          0          1

 -0.726685  -0.684166 -0.0620131   0.948578
 -0.685156   0.728364 -0.0069203   0.787453
 0.0499027  0.0374598  -0.998051    2.47826
         0          0          0          1

-0.637534  -0.77025 0.0162924   0.91001
 -0.76905  0.637518 0.0461928  0.668586
-0.0459667 0.0169198   -0.9988    2.4493
        0         0         0         1

-0.623269 -0.781621 0.0245775  0.920776
-0.780219  0.623661 0.0480121  0.646988
-0.0528553 0.0107486 -0.998544   2.43408
        0         0         0         1

 -0.604222  -0.796079  0.0342619   0.933485
 -0.793872   0.605126  0.0599187   0.614719
-0.0684328 0.00900469  -0.997615    2.41912
         0          0          0          1

  -0.581617   -0.811622   0.0546965     0.93627
  -0.808447    0.584178   0.0717575    0.585642
 -0.0901924 -0.00248392   -0.995921      2.4054
          0           0           0           1

 -0.552033  -0.830254  0.0770546   0.931825
 -0.825789   0.557172  0.0873601   0.551932
 -0.115464 -0.0154052  -0.993192    2.39014
         0          0          0          1

 -0.536164  -0.839949  0.0837475   0.941548
 -0.834802   0.542329  0.0947934   0.527646
  -0.12504 -0.0190878  -0.991968    2.37601
         0          0          0          1

 -0.502553  -0.857204   0.112439   0.937831
 -0.851283   0.513334   0.108653   0.497767
 -0.150856 -0.0411132    -0.9877    2.35859
         0          0          0          1

 -0.477295  -0.869214   0.129063   0.938482
 -0.863439   0.491188   0.114921    0.47487
 -0.163285 -0.0565873  -0.984955     2.3432
         0          0          0          1

 -0.425108  -0.890519   0.162044   0.946694
 -0.885125   0.446433   0.131345   0.426018
 -0.189307 -0.0875937  -0.978003    2.30577
         0          0          0          1

-0.400585 -0.898405  0.179998  0.950103
-0.892487  0.427048  0.145252  0.402468
-0.207363  -0.10246 -0.972884   2.29255
        0         0         0         1

-0.378106 -0.905849   0.19098   0.96124
-0.900823  0.407567  0.149691  0.379937
-0.213435  -0.11544 -0.970113   2.27166
        0         0         0         1

-0.352973 -0.912637  0.206165  0.966251
-0.907802    0.3874  0.160676  0.359524
-0.226507 -0.130443 -0.965235   2.25534
        0         0         0         1

-0.308216 -0.922425  0.232671  0.982979
-0.915357  0.354168   0.19154  0.310945
-0.259086 -0.153941 -0.953508   2.22266
        0         0         0         1

-0.288887 -0.925488  0.244984   0.99008
-0.917688  0.340599  0.204553  0.290467
-0.272752 -0.165726 -0.947703   2.20752
        0         0         0         1

-0.263363 -0.929665  0.257608  0.998455
-0.919734  0.322545  0.223729  0.265954
-0.291083 -0.178009 -0.939991   2.19177
        0         0         0         1

-0.246378 -0.931725  0.266807   1.00797
-0.922027  0.310154  0.231671  0.248564
-0.298605 -0.188924 -0.935491    2.1727
        0         0         0         1

-0.216603 -0.934621  0.282076   1.01388
 -0.92635  0.287965  0.242799  0.229918
-0.308153  -0.20871  -0.92816   2.14927
        0         0         0         1

-0.204075 -0.935485   0.28848   1.02613
-0.925402  0.280474  0.254883  0.209987
 -0.31935 -0.214945 -0.922938   2.13557
        0         0         0         1

-0.165238 -0.938108  0.304384   1.04873
-0.924943   0.25452  0.282312  0.172671
-0.342311 -0.234889 -0.909753   2.09644
        0         0         0         1

-0.147926 -0.935989  0.319442   1.05991
-0.922159  0.247261  0.297464  0.156256
-0.357408 -0.250573 -0.899707   2.07699
        0         0         0         1

-0.124287 -0.932003  0.340474   1.06907
 -0.92109  0.235968  0.309697  0.138661
-0.368979 -0.275116 -0.887787   2.05482
        0         0         0         1

-0.112216 -0.926879  0.358195   1.08064
-0.921049  0.232305  0.312575  0.123643
-0.372929 -0.294839 -0.879769   2.03536
        0         0         0         1

-0.0806064 -0.920215  0.383023   1.10236
-0.918203  0.218069  0.330679 0.0894636
-0.387822 -0.325038 -0.862522   1.99392
        0         0         0         1

-0.069734 -0.918011  0.390374   1.11317
-0.916884  0.213155  0.337473 0.0755082
-0.393015 -0.334395 -0.856574   1.97386
        0         0         0         1

-0.0581986 -0.915266  0.398625   1.12685
-0.912965  0.210334  0.349648 0.0582195
-0.403865 -0.343581 -0.847847   1.95213
        0         0         0         1

-0.044393 -0.913509  0.404389   1.13718
-0.909105  0.204767  0.362766 0.0448529
-0.414196 -0.351528 -0.839565    1.9319
        0         0         0         1

-0.0210194 -0.910841  0.412221    1.1594
-0.901549  0.195495  0.385993  0.015184
-0.432165 -0.363525 -0.825277   1.88748
        0         0         0         1

-0.0107589  -0.909556   0.415443    1.16872
 -0.897983   0.191562   0.396144 0.00308416
 -0.439898  -0.368798  -0.818827    1.86668
         0          0          0          1

-0.00558838  -0.909056   0.416636    1.18136
 -0.893157   0.191908   0.406744 -0.0111564
 -0.449709  -0.369848  -0.813003    1.84215
         0          0          0          1

0.000309889  -0.908972   0.416856    1.19143
 -0.887957   0.191473   0.418176 -0.0231144
 -0.459927   -0.37028  -0.807069    1.82161
         0          0          0          1

0.00521324  -0.908682   0.417456    1.20152
 -0.882322   0.192288   0.429574 -0.0365366
 -0.470618   -0.37057  -0.800748    1.79772
         0          0          0          1

 0.0061693  -0.909102   0.416528    1.21021
 -0.878398   0.194135   0.436725 -0.0474074
  -0.47789  -0.368571  -0.797356    1.77635
         0          0          0          1

0.00466512  -0.908956   0.416866    1.22896
 -0.867812   0.203453   0.453331 -0.0717186
 -0.496871  -0.363876  -0.787854    1.73124
         0          0          0          1

0.00575451  -0.907294   0.420457    1.23701
 -0.862854    0.20801   0.460668 -0.0817502
  -0.50542  -0.365444  -0.781665    1.71055
         0          0          0          1

0.00417438  -0.904354   0.426763    1.24623
 -0.857196   0.216539   0.467253 -0.0930011
 -0.514973   -0.36777  -0.774305    1.68667
         0          0          0          1

0.00345304  -0.90003  0.435814   1.25386
-0.851656  0.225762  0.472984 -0.102568
 -0.52409 -0.372797 -0.765736   1.66629
        0         0         0         1

-0.00128058 -0.888647  0.458589   1.27019
-0.839541  0.250105  0.482306 -0.122591
-0.543295 -0.384387 -0.746376   1.62168
        0         0         0         1

-0.00613729 -0.882765  0.469775   1.27774
-0.835343  0.262769  0.482861 -0.131116
-0.549695  -0.38946 -0.739024   1.60218
        0         0         0         1

-0.0121428 -0.876235  0.481732   1.28611
-0.830329  0.277268    0.4834 -0.140952
-0.557141 -0.394126  -0.73093   1.58086
        0         0         0         1

-0.0134224 -0.870766  0.491515   1.29213
-0.825951  0.286714  0.485386 -0.148611
-0.563582 -0.399452 -0.723059   1.56374
        0         0         0         1

-0.0218121 -0.865614  0.500236   1.29967
-0.821676   0.30056  0.484265 -0.157813
-0.569538 -0.400469  -0.71781   1.54432
        0         0         0         1

-0.0269727 -0.862716  0.504969   1.30534
-0.818466  0.309083  0.484336 -0.165159
-0.573922 -0.400236 -0.714441   1.52869
        0         0         0         1

-0.0427565   -0.8542  0.518183   1.31798
-0.811908  0.331955   0.48022 -0.181215
-0.582218 -0.400184 -0.707725   1.49533
        0         0         0         1

-0.0486838 -0.848806  0.526459   1.32355
-0.808838  0.342748  0.477814 -0.188003
-0.586013 -0.402558 -0.703232   1.48152
        0         0         0         1

-0.0579475 -0.842595  0.535421   1.33015
-0.805486  0.356303   0.47354 -0.195744
-0.589775 -0.403834 -0.699345   1.46587
        0         0         0         1

-0.0651566 -0.837279  0.542881    1.3357
-0.803797  0.366425  0.468661 -0.202063
-0.591325 -0.405829 -0.696877   1.45235
        0         0         0         1

-0.0713652 -0.830747  0.552057   1.34221
-0.800215  0.378091  0.465514 -0.209006
-0.595451 -0.408543 -0.691759   1.43835
        0         0         0         1

-0.0762253 -0.825268  0.559573   1.34772
-0.797819  0.387095  0.462215 -0.214694
-0.598059 -0.411206 -0.687921   1.42618
        0         0         0         1

-0.0864355 -0.812283  0.576824   1.35974
 -0.79211  0.407189  0.454708 -0.226513
-0.604228 -0.417605 -0.678613   1.40094
        0         0         0         1

-0.0920927 -0.805789  0.584998   1.36456
-0.789824  0.416877  0.449879 -0.231253
 -0.60638 -0.420615 -0.674823   1.39023
        0         0         0         1

-0.0979057 -0.798203  0.594379   1.36995
-0.786641  0.427909  0.445073 -0.236399
-0.609599 -0.423987 -0.669794   1.37871
        0         0         0         1

-0.103426 -0.792779   0.60067   1.37399
-0.784738  0.436101  0.440456 -0.240361
-0.611137 -0.425814 -0.667229   1.36889
        0         0         0         1

-0.116907 -0.780749  0.613811   1.38285
-0.780023  0.454742  0.429853 -0.248894
-0.614733 -0.428534 -0.662165   1.34895
        0         0         0         1

-0.123743 -0.775596  0.618982   1.38668
-0.777872  0.463114  0.424783 -0.252565
 -0.61612 -0.428924 -0.660621   1.34037
        0         0         0         1

-0.129337 -0.769636  0.625245   1.39117
-0.775418  0.471514  0.420002 -0.256571
 -0.61806 -0.430505 -0.657774   1.33088
        0         0         0         1

-0.132663 -0.764612   0.63069   1.39504
-0.773269  0.477903  0.416729 -0.259809
-0.620045 -0.432409 -0.654651   1.32303
        0         0         0         1

-0.134842 -0.758956  0.637027   1.39963
 -0.77125  0.484015  0.413404 -0.263494
-0.622086 -0.435563 -0.650611   1.31402
        0         0         0         1

-0.134407 -0.754369  0.642543   1.40357
-0.769453  0.488038  0.412021 -0.266322
-0.624401 -0.439028 -0.646047   1.30679
        0         0         0         1

 -0.13557 -0.744136  0.654127   1.41237
-0.766182  0.497333  0.406972 -0.273169
-0.628161 -0.446007 -0.637567   1.29162
        0         0         0         1

-0.137375 -0.740466  0.657904   1.41599
-0.765447  0.500916  0.403948 -0.276339
-0.628665 -0.448099 -0.635601   1.28553
        0         0         0         1

-0.138126 -0.738006  0.660507   1.41951
-0.764983   0.50308  0.402134 -0.279534
-0.629065 -0.449731  -0.63405   1.27923
        0         0         0         1

-0.140217 -0.737575  0.660547   1.42216
-0.765349  0.503988  0.400295 -0.282542
-0.628155 -0.449421  -0.63517   1.27414
        0         0         0         1

-0.144805 -0.740005  0.656829   1.42759
-0.766939  0.503366  0.398029  -0.28913
-0.625169 -0.446111 -0.640429    1.2642
        0         0         0         1

-0.145947 -0.741947  0.654381   1.42972
-0.768264  0.501737  0.397531 -0.291904
-0.623274 -0.444719 -0.643238   1.26008
        0         0         0         1

-0.147438  -0.74361  0.652155   1.43219
-0.769312  0.500625  0.396905 -0.295128
-0.621628 -0.443192 -0.645879   1.25568
        0         0         0         1

-0.147295 -0.745059  0.650532   1.43429
-0.770202  0.499045  0.397169 -0.297593
-0.620558  -0.44254 -0.647353    1.2521
        0         0         0         1

-0.147113 -0.745939  0.649563   1.43654
-0.771133  0.497763   0.39697  -0.30029
-0.619444   -0.4425 -0.648446   1.24805
        0         0         0         1

-0.145973 -0.746101  0.649634   1.43806
-0.772057  0.496505  0.396751 -0.302202
-0.618563 -0.443639 -0.648509   1.24451
        0         0         0         1

-0.141166 -0.745259   0.65166   1.44228
-0.773446  0.493901  0.397293 -0.306305
-0.617942 -0.447939  -0.64614    1.2378
        0         0         0         1

-0.137943 -0.744747  0.652934    1.4443
 -0.77455  0.491981  0.397526 -0.307851
-0.617288 -0.450894  -0.64471   1.23476
        0         0         0         1

-0.134393 -0.743277  0.655346   1.44679
-0.775458  0.490626  0.397431 -0.309505
-0.616931 -0.454781 -0.642316   1.23162
        0         0         0         1

-0.129257 -0.740637  0.659356     1.449
-0.776125  0.489425   0.39761 -0.310365
-0.617189 -0.460348 -0.638088    1.2293
        0         0         0         1

  -0.1175 -0.732607  0.670434   1.45345
-0.779605   0.48624  0.394699  -0.31183
 -0.61515 -0.476297 -0.628277   1.22433
        0         0         0         1

-0.111102 -0.726657  0.677957   1.45568
-0.780268  0.486277   0.39334  -0.31219
-0.615499 -0.485287 -0.621014   1.22296
        0         0         0         1

-0.104255 -0.720347  0.685734   1.45721
-0.781671  0.485651  0.391323  -0.31224
-0.614915 -0.495221 -0.613706     1.221
        0         0         0         1

-0.0984766 -0.712998  0.694216   1.45812
-0.781389  0.487384  0.389728 -0.311707
-0.616226 -0.504073 -0.605125   1.21972
        0         0         0         1

-0.0912914 -0.703881  0.704427    1.4586
-0.780675  0.489746  0.388194   -0.3106
-0.618233  -0.51449 -0.594212   1.21814
        0         0         0         1

-0.0840712 -0.695705   0.71339   1.45887
-0.779233   0.49212   0.38809 -0.309093
 -0.62107  -0.52327  -0.58349    1.2171
        0         0         0         1

-0.0716837 -0.679797  0.729889   1.45729
-0.777558  0.496411  0.385978 -0.305431
-0.624712 -0.539863 -0.564166   1.21557
        0         0         0         1

-0.0659407 -0.670561  0.738918   1.45598
-0.776303  0.499728  0.384221 -0.303333
-0.626901 -0.548289 -0.553511   1.21521
        0         0         0         1

-0.0580339 -0.661012  0.748128   1.45379
-0.774797  0.502391  0.383787 -0.300445
 -0.62954 -0.557375 -0.541306   1.21503
        0         0         0         1

-0.0521473 -0.653927  0.754759   1.45014
-0.773926  0.504109  0.383291 -0.297237
-0.631125  -0.56414 -0.532379   1.21529
        0         0         0         1

-0.0388027 -0.640627  0.766871   1.43992
-0.772408  0.506113  0.383713 -0.289283
 -0.63394 -0.577448 -0.514464   1.21763
        0         0         0         1

-0.0322338 -0.634894  0.771927   1.43484
-0.771761  0.506568  0.384414 -0.285606
-0.635095 -0.583352 -0.506315   1.21925
        0         0         0         1

-0.0231182 -0.627323  0.778416    1.4285
-0.770646  0.507177  0.385844 -0.280935
-0.636843 -0.590964 -0.495169   1.22141
        0         0         0         1

-0.0140448 -0.620832  0.783817   1.42227
-0.770035   0.50677  0.387596 -0.276583
-0.637847 -0.598123  -0.48518   1.22344
        0         0         0         1

-0.0042771 -0.612541  0.790427   1.41498
-0.769806  0.506527  0.388367 -0.271724
-0.638263 -0.606814 -0.473705   1.22605
        0         0         0         1

0.0058894 -0.604975  0.796222   1.40784
-0.769806  0.505465   0.38975 -0.267118
-0.638251 -0.615232 -0.462737   1.22881
        0         0         0         1

0.0309505 -0.586664  0.809239   1.39042
 -0.76927  0.502949  0.394038 -0.255687
-0.638174 -0.634719 -0.435736   1.23639
        0         0         0         1

0.0424795 -0.578279  0.814732   1.38139
-0.768934  0.501746   0.39622 -0.249992
-0.637915 -0.643307 -0.423345   1.24045
        0         0         0         1

0.0556481 -0.568485  0.820809   1.37025
-0.768866  0.500068  0.398469 -0.243063
-0.636984 -0.653266 -0.409261   1.24528
        0         0         0         1

0.0654667 -0.558742  0.826754   1.35978
-0.769079  0.499653  0.398578 -0.236995
-0.635792 -0.661932 -0.397006    1.2497
        0         0         0         1

0.0912734 -0.535111  0.839837   1.33312
-0.767873  0.499166  0.401501 -0.220941
-0.634066 -0.681535 -0.365336   1.26016
        0         0         0         1

 0.100499 -0.523506  0.846074    1.3202
 -0.76712  0.500756  0.400961 -0.213145
-0.633582 -0.689337 -0.351266     1.265
        0         0         0         1

 0.111762 -0.511004  0.852281   1.30363
-0.766254  0.501781  0.401335 -0.203517
-0.632743 -0.697918 -0.335479   1.27025
        0         0         0         1

 0.120415  -0.49867  0.858387   1.28846
-0.765207  0.504226  0.400268 -0.194735
-0.632423 -0.705042 -0.320869   1.27519
        0         0         0         1

 0.128404 -0.484727  0.865189   1.27005
-0.764156  0.507714   0.39786 -0.184329
-0.632122 -0.712226 -0.305214    1.2808
        0         0         0         1

 0.135024 -0.473351  0.870464   1.25266
-0.762729  0.511108  0.396249 -0.174679
-0.632465 -0.717431 -0.292027   1.28572
        0         0         0         1

 0.142445 -0.447724  0.882753   1.21074
-0.761354  0.520338  0.386766 -0.152837
-0.632495  -0.72718 -0.266757   1.29631
        0         0         0         1

 0.144476 -0.437141  0.887713    1.1902
-0.760047  0.525425  0.382435 -0.142559
-0.633605 -0.729957 -0.256336   1.30139
        0         0         0         1

 0.146208 -0.427044  0.892332   1.16513
-0.758442  0.530737  0.378265 -0.130488
-0.635129 -0.732087  -0.24629   1.30694
        0         0         0         1

 0.145269 -0.419937  0.895852   1.14239
-0.756751  0.536128  0.374026 -0.119906
-0.637358 -0.732271 -0.239905   1.31166
        0         0         0         1

  0.138736  -0.411189   0.900931    1.08803
 -0.753908   0.546048   0.365314 -0.0964568
 -0.642165  -0.729901  -0.234242    1.32088
         0          0          0          1

  0.133256  -0.408867   0.902812    1.06218
 -0.752036   0.551596   0.360809 -0.0859493
 -0.645511  -0.727028  -0.233979    1.32506
         0          0          0          1

  0.125637  -0.407412   0.904561     1.0313
 -0.749253   0.558665   0.355687 -0.0738406
 -0.650257  -0.722433  -0.235065    1.32907
         0          0          0          1

  0.117314   -0.40616    0.90624    1.00383
 -0.747259   0.564938   0.349928 -0.0633491
 -0.654096  -0.718248  -0.237231    1.33212
         0          0          0          1

  0.105505  -0.404278   0.908531   0.972257
  -0.74452   0.573541   0.341673 -0.0515778
 -0.659211  -0.712468  -0.240482    1.33508
         0          0          0          1

 0.0964845  -0.404341   0.909505   0.943023
 -0.741317   0.580562   0.336745 -0.0414722
 -0.664183  -0.706722   -0.24373    1.33761
         0          0          0          1

 0.0672472  -0.406071   0.911364   0.875757
 -0.731583   0.601035   0.321781 -0.0189216
 -0.678428  -0.688377  -0.256656    1.34286
         0          0          0          1

  0.0515951   -0.407263    0.911853    0.845077
  -0.726865    0.610825    0.313942 -0.00907496
  -0.684839   -0.678992    -0.26451     1.34454
          0           0           0           1

 0.0333282  -0.409824   0.911556   0.808231
  -0.72076   0.621992   0.305992 0.00204574
 -0.692383  -0.667211  -0.274654    1.34673
         0          0          0          1

0.0158945 -0.409604  0.912125  0.776271
-0.715093  0.632942  0.296693 0.0115483
-0.698849  -0.65697 -0.282844   1.34856
        0         0         0         1

-0.0259313 -0.407843  0.912684  0.704756
-0.703544   0.65605  0.273174  0.031562
-0.710178  -0.63503 -0.303948    1.3528
        0         0         0         1

-0.0466039 -0.408302  0.911657  0.672066
-0.696762  0.667259  0.263225 0.0403746
-0.715786 -0.622941 -0.315586   1.35573
        0         0         0         1

-0.0660055 -0.409264  0.910025  0.633617
-0.689591  0.677879  0.254844 0.0492743
-0.721185 -0.610724 -0.326968   1.35843
        0         0         0         1

-0.0875261 -0.407056    0.9092  0.601722
-0.683541  0.688475  0.242433 0.0575291
-0.724645 -0.600257 -0.338499   1.36097
        0         0         0         1

-0.111908 -0.404839  0.907514  0.565759
-0.675757  0.700585  0.229199 0.0665075
 -0.72858  -0.58761 -0.351974    1.3641
        0         0         0         1

 -0.13391 -0.402969  0.905364  0.534684
 -0.66777  0.711725  0.218014  0.074572
-0.732223 -0.575381 -0.364398   1.36755
        0         0         0         1

-0.172627 -0.406681  0.897113  0.462862
-0.651274  0.730407  0.205788 0.0878031
-0.738947 -0.548741 -0.390948   1.37345
        0         0         0         1

-0.194317 -0.403712  0.894012  0.434052
-0.643445  0.740376  0.194478 0.0951558
-0.740418 -0.537457 -0.403635   1.37574
        0         0         0         1

-0.219673 -0.400104  0.889753  0.401583
-0.633368  0.752177  0.181865  0.103662
-0.742016 -0.523591 -0.418646   1.37799
        0         0         0         1

  -0.2398 -0.398507  0.885262  0.372646
-0.623574  0.762118  0.174159  0.110157
-0.744078 -0.510263 -0.431254   1.38085
        0         0         0         1

-0.286453 -0.391391  0.874504  0.311779
-0.603287  0.782765   0.15272  0.124748
-0.744305  -0.48383 -0.460346   1.38301
        0         0         0         1

-0.307014 -0.386134  0.869852   0.28648
-0.593388  0.792247  0.142248   0.13171
-0.744065 -0.472488 -0.472358   1.38291
        0         0         0         1

-0.327813 -0.384428  0.862991  0.256345
-0.581051  0.802308   0.13668  0.138082
-0.744928 -0.456636  -0.48638   1.38397
        0         0         0         1

-0.347747 -0.382494   0.85602  0.231641
-0.567579  0.812585  0.132514  0.144192
-0.746275 -0.439778  -0.49967   1.38673
        0         0         0         1

-0.368025 -0.380609  0.848348  0.203653
  -0.5565   0.82109  0.126962  0.150051
-0.744893 -0.425381  -0.51399    1.3863
        0         0         0         1

-0.385881  -0.37859  0.841288  0.182169
-0.546376  0.828569  0.122256  0.156048
 -0.74335 -0.412483 -0.526582   1.38668
        0         0         0         1

 -0.42359 -0.373535  0.825253  0.134621
-0.520825  0.845813  0.115509  0.168507
-0.741156 -0.380884 -0.552824   1.38591
        0         0         0         1

 -0.43936 -0.373206  0.817117  0.114566
-0.509201  0.852832  0.115723  0.173424
-0.740052 -0.365233 -0.564737   1.38659
        0         0         0         1

-0.458209 -0.367098  0.809496 0.0957877
-0.495892  0.861397   0.10994  0.181739
-0.737656 -0.351047 -0.576741   1.38509
        0         0         0         1

-0.471643 -0.362626  0.803776 0.0795034
-0.485312  0.867801  0.106738  0.188248
-0.736224  -0.33974 -0.585279   1.38307
        0         0         0         1

-0.490157  -0.35986  0.793881  0.061084
-0.471489  0.875508  0.105755   0.19371
-0.733107 -0.322469 -0.598806   1.38522
        0         0         0         1

-0.499428 -0.353136  0.791117 0.0467401
-0.461829  0.881112  0.101758  0.199442
-0.732998  -0.31454 -0.603141   1.38152
        0         0         0         1

-0.523515 -0.341322  0.780661 0.0166225
-0.439246  0.893225 0.0959774  0.209502
-0.730066 -0.292656 -0.617541   1.38044
        0         0         0         1

-0.530889 -0.332504  0.779485  0.006072
-0.430635  0.898049  0.089785  0.215728
 -0.72987 -0.288008 -0.619952   1.37639
        0         0         0         1

  -0.537297   -0.324293    0.778554 -0.00709329
  -0.423386    0.902088   0.0835607    0.219624
  -0.729422   -0.284732    -0.62199     1.37149
          0           0           0           1

 -0.541354  -0.319165   0.777862 -0.0173636
 -0.416725   0.905375  0.0814639   0.222723
 -0.730257  -0.280054  -0.623133    1.36939
         0          0          0          1

 -0.549381  -0.298286   0.780516 -0.0339534
 -0.403559   0.912661  0.0647342   0.232598
 -0.731656  -0.279421  -0.621775    1.36217
         0          0          0          1

 -0.551745  -0.283121   0.784487 -0.0361955
 -0.399142   0.915541  0.0496944    0.23884
   -0.7323  -0.285703   -0.61815    1.35415
         0          0          0          1

 -0.551855  -0.272208   0.788263 -0.0423338
 -0.395497   0.917596  0.0399867   0.243371
 -0.734192  -0.289689  -0.614037    1.34858
         0          0          0          1

 -0.556035  -0.260285   0.789352 -0.0444867
 -0.390104   0.920324  0.0286747   0.249324
 -0.733923  -0.291986  -0.613271    1.34699
         0          0          0          1

  -0.55379  -0.244422   0.795974 -0.0522545
 -0.385199   0.922706   0.015339   0.254163
 -0.738199  -0.298114  -0.605137    1.33847
         0          0          0          1

 -0.553085  -0.238747   0.798183 -0.0549214
 -0.385444   0.922688 0.00890254   0.256418
   -0.7386  -0.302731  -0.602349     1.3339
         0          0          0          1

  -0.55078  -0.231448   0.801919  -0.056958
 -0.385312   0.922785 0.00168922   0.258988
 -0.740389  -0.308059  -0.597431    1.32821
         0          0          0          1

  -0.547612   -0.226454    0.805506  -0.0573058
  -0.385303    0.922787 -0.00251729    0.261534
   -0.74274   -0.311743   -0.592582     1.32354
          0           0           0           1

    -0.5458   -0.222674    0.807787  -0.0573579
  -0.387838    0.921693 -0.00797847    0.263695
  -0.742755   -0.317645   -0.589421     1.31874
          0           0           0           1

 -0.543631  -0.219399   0.810141 -0.0569474
 -0.387431   0.921841 -0.0103298   0.266219
 -0.744555   -0.31949  -0.586144    1.31655
         0          0          0          1

 -0.540664  -0.208768   0.814922 -0.0506653
 -0.387576   0.921598 -0.0210421   0.272942
 -0.746637  -0.327221  -0.579188    1.30787
         0          0          0          1

 -0.537019  -0.209459   0.817152 -0.0499249
 -0.390781   0.920246 -0.0209303   0.273477
 -0.747597  -0.330567  -0.576042    1.30317
         0          0          0          1

 -0.531885  -0.216623   0.818641 -0.0525948
 -0.393526   0.919229 -0.0124401   0.270814
 -0.749824  -0.328773  -0.574171    1.30222
         0          0          0          1

 -0.532386  -0.213489   0.819138  -0.049127
 -0.392053   0.919819 -0.0150797   0.274248
  -0.75024  -0.329174  -0.573398    1.30046
         0          0          0          1

 -0.524569  -0.211208   0.824754 -0.0498179
 -0.395582   0.918283 -0.0164437   0.274595
 -0.753884  -0.334884  -0.565253    1.29445
         0          0          0          1

 -0.525169  -0.206064   0.825673 -0.0473822
 -0.395341   0.918264 -0.0222843   0.277046
 -0.753593  -0.338125  -0.563709    1.29384
         0          0          0          1

 -0.520785  -0.208806   0.827758 -0.0489247
 -0.401056   0.915806 -0.0213082   0.275164
 -0.753616  -0.343074   -0.56068    1.29044
         0          0          0          1

  -0.51888   -0.20759   0.829259 -0.0483715
 -0.404415   0.914256  -0.024181   0.275295
 -0.753135  -0.347912  -0.558341    1.28772
         0          0          0          1

 -0.515716  -0.205964   0.831635  -0.046864
  -0.40866   0.912273 -0.0274849   0.275332
 -0.753017   -0.35403  -0.554643    1.28462
         0          0          0          1

 -0.516333  -0.202838    0.83202 -0.0446059
 -0.408708    0.91213 -0.0312673   0.277562
 -0.752567  -0.356197  -0.553864    1.28411
         0          0          0          1

 -0.511949  -0.197255   0.836062 -0.0408656
 -0.414028    0.90943 -0.0389586   0.279825
 -0.752655  -0.366098   -0.54725     1.2795
         0          0          0          1

 -0.513073  -0.192947   0.836377 -0.0380712
 -0.411359   0.910491 -0.0423021   0.283013
 -0.753352  -0.365755  -0.546519     1.2812
         0          0          0          1

 -0.510405  -0.194039   0.837757 -0.0387645
 -0.414444   0.909108 -0.0419357    0.28175
 -0.753474  -0.368607  -0.544431     1.2803
         0          0          0          1

  -0.50726  -0.195344   0.839362 -0.0394937
 -0.417589   0.907705 -0.0411161   0.280399
 -0.753861  -0.371364  -0.542016    1.27931
         0          0          0          1

 -0.506834  -0.187467   0.841413 -0.0363596
 -0.417541   0.907316 -0.0493596   0.283795
 -0.754174  -0.376342  -0.538134    1.27911
         0          0          0          1

 -0.504593  -0.187926   0.842656 -0.0366209
 -0.420092   0.906132 -0.0494736   0.283079
  -0.75426  -0.378957  -0.536174    1.27909
         0          0          0          1

 -0.504785  -0.180437   0.844177 -0.0345434
 -0.417365    0.90703 -0.0556974    0.28619
 -0.755644  -0.380446  -0.533163    1.27956
         0          0          0          1

 -0.504165  -0.177578   0.845153 -0.0340297
 -0.417663   0.906708 -0.0586405   0.287278
 -0.755894  -0.382554  -0.531298    1.28059
         0          0          0          1

 -0.502618  -0.174722   0.846668 -0.0340913
 -0.417298   0.906747 -0.0606055   0.287677
 -0.757124  -0.383774  -0.528659    1.28261
         0          0          0          1

  -0.50305  -0.169539   0.847465 -0.0342581
  -0.41682   0.906586 -0.0660554   0.289055
   -0.7571   -0.38647  -0.526726    1.28564
         0          0          0          1

 -0.505178  -0.147283   0.850355 -0.0303211
 -0.416204   0.904751  -0.090554   0.297492
 -0.756022  -0.399667   -0.51836     1.2933
         0          0          0          1

 -0.500829  -0.146181   0.853113 -0.0310262
 -0.417733   0.904069 -0.0903223   0.297338
  -0.75807  -0.401609  -0.513849    1.29735
         0          0          0          1

 -0.503696  -0.136044   0.853101 -0.0290336
 -0.418016   0.902596  -0.102872   0.301359
 -0.756011  -0.408426  -0.511503    1.30247
         0          0          0          1

 -0.502596  -0.126519   0.855213 -0.0250883
 -0.416174   0.902476  -0.111069   0.307484
 -0.757757   -0.41174  -0.506235    1.30793
         0          0          0          1

 -0.500271  -0.110853   0.858743 -0.0184602
 -0.420175   0.898252  -0.128825   0.316799
 -0.757088   -0.42527  -0.495947    1.31983
         0          0          0          1

 -0.496052  -0.113764   0.860808 -0.0192015
 -0.428828   0.894136  -0.128949    0.31653
 -0.755009  -0.433104  -0.492323    1.32443
         0          0          0          1

 -0.494164   -0.11262   0.862043 -0.0158302
 -0.434132   0.891059  -0.132454   0.321238
 -0.753214  -0.439695  -0.489221    1.33503
         0          0          0          1

 -0.494301   -0.11263   0.861963 -0.0114323
 -0.436959   0.889389  -0.134364   0.326093
 -0.751487  -0.443059  -0.488841    1.34632
         0          0          0          1

  -0.492486     -0.1134    0.862901 -0.00804926
  -0.443036    0.886065   -0.136411    0.330712
  -0.749117   -0.449477   -0.486615     1.35786
          0           0           0           1

  -0.490515   -0.114927    0.863821 -0.00363604
  -0.450568    0.881931   -0.138515    0.335413
  -0.745911   -0.457154   -0.484383     1.36778
          0           0           0           1

 -0.479973  -0.122663   0.868665 0.00633031
 -0.479335   0.865975  -0.142569   0.343722
 -0.734754  -0.484811  -0.474441    1.38705
         0          0          0          1

 -0.476706  -0.134121   0.868771 0.00806953
 -0.492243   0.859544  -0.137404    0.34536
 -0.728319  -0.493148   -0.47577    1.40177
         0          0          0          1

-0.476311  -0.14463  0.867301 0.0137232
-0.503945  0.853203 -0.134481  0.350682
-0.720533 -0.501126 -0.479275   1.42177
        0         0         0         1

-0.476565 -0.150476  0.866165 0.0222018
-0.515052  0.846242 -0.136368  0.358971
-0.712465 -0.511108 -0.480792   1.43632
        0         0         0         1

-0.464085 -0.160264  0.871172 0.0257729
-0.536738  0.833258 -0.132638  0.362364
-0.704654 -0.529146 -0.472723   1.44498
        0         0         0         1

-0.465657   -0.1701  0.868464 0.0326868
-0.549053  0.825174 -0.132773  0.370288
 -0.69405 -0.538659 -0.477642   1.46514
        0         0         0         1

-0.461889 -0.189767  0.866399 0.0478556
-0.576841  0.806297 -0.130918  0.387484
-0.673731 -0.560244 -0.481885   1.50664
        0         0         0         1

-0.456529 -0.197328   0.86755 0.0555225
-0.591451  0.795753 -0.130241  0.394623
-0.664656 -0.572572 -0.479994   1.52304
        0         0         0         1

-0.456355 -0.207616  0.865237 0.0647932
 -0.60775  0.782967 -0.132673  0.406352
-0.649907 -0.586394  -0.48349    1.5447
        0         0         0         1

-0.458794 -0.219428  0.861023 0.0735807
-0.619495  0.773663 -0.132932  0.416635
-0.636973 -0.594387 -0.490886   1.56717
        0         0         0         1

-0.467525  -0.24337  0.849819 0.0955107
-0.644593   0.75172 -0.139344  0.442362
-0.604914 -0.612934 -0.508323   1.61546
        0         0         0         1

-0.471471 -0.251376  0.845296  0.108832
-0.654206  0.742463 -0.144094  0.456309
-0.591379 -0.620934 -0.514502    1.6354
        0         0         0         1

-0.473801 -0.272237  0.837496  0.116047
 -0.66974    0.7289 -0.141959  0.466419
-0.571805 -0.628165 -0.527681   1.65988
        0         0         0         1

 -0.48065 -0.286145  0.828913  0.127668
-0.679221  0.719362 -0.145522  0.479691
-0.554648  -0.63296 -0.540117   1.68231
        0         0         0         1

-0.490556 -0.303246  0.816944  0.143522
-0.690285   0.70741 -0.151913  0.496629
-0.531847 -0.638446  -0.55635   1.70722
        0         0         0         1

-0.498167 -0.328809  0.802318  0.151743
-0.694837  0.704898 -0.142547  0.505767
-0.518682 -0.628493 -0.579626    1.7432
        0         0         0         1

-0.525357  -0.36498  0.768628  0.182983
-0.706539   0.69048 -0.155047  0.540523
-0.474133 -0.624521 -0.620621   1.80093
        0         0         0         1

-0.540567 -0.384213  0.748444  0.196727
-0.708064  0.688221 -0.158104  0.554167
-0.454349 -0.615412 -0.644077   1.83315
        0         0         0         1

-0.553582 -0.406547   0.72682  0.211019
-0.713396  0.681778 -0.162005   0.57048
-0.429667 -0.608193 -0.667449   1.86518
        0         0         0         1

-0.562791 -0.419147  0.712448  0.223163
-0.715913  0.678011 -0.166641  0.584682
-0.413201 -0.603835 -0.681651   1.88982
        0         0         0         1

-0.602787 -0.445161  0.662178  0.261953
-0.716644  0.666935 -0.204009  0.631563
-0.350813  -0.59752 -0.721041   1.94332
        0         0         0         1

-0.625184 -0.451826  0.636394  0.285455
-0.709306   0.66911 -0.221759  0.651958
-0.325621 -0.590039   -0.7388   1.97343
        0         0         0         1

-0.639513 -0.467926  0.609974   0.30238
-0.708362  0.666976 -0.231011  0.668071
-0.298742 -0.579817 -0.758001   2.00431
        0         0         0         1

-0.649797 -0.480303  0.589129  0.313685
-0.709253  0.661863  -0.24269  0.688639
-0.273357 -0.575541 -0.770733    2.0296
        0         0         0         1

-0.664378 -0.490803  0.563661  0.329521
 -0.70604  0.659537 -0.257911  0.708492
-0.245172 -0.569318 -0.784709   2.05907
        0         0         0         1

-0.672529 -0.503393  0.542495  0.339903
-0.705401  0.657753 -0.264141  0.720364
-0.223861 -0.560319 -0.797452   2.08715
        0         0         0         1

-0.717237 -0.509841  0.475009    0.3939
-0.680834  0.657944  -0.32183  0.777559
-0.148447  -0.55423 -0.819019   2.13792
        0         0         0         1

-0.733309 -0.513813  0.445257  0.415798
 -0.67001  0.657391 -0.344853  0.801527
-0.115518 -0.551211 -0.826331   2.15698
        0         0         0         1

-0.751735 -0.513075  0.414304  0.440428
-0.654136  0.659845 -0.369744  0.829901
-0.0836701 -0.548961  -0.83165   2.17747
        0         0         0         1

-0.762732 -0.518162  0.386972  0.456522
-0.644741  0.655965 -0.392453  0.852879
-0.0504861 -0.548833 -0.834406   2.19404
        0         0         0         1

-0.793947 -0.520488   0.31423  0.506921
-0.607961  0.674875 -0.418243  0.896992
0.00562384 -0.523102 -0.852251   2.25464
        0         0         0         1

-0.804965 -0.526116  0.274287  0.533562
-0.592268  0.684978 -0.424291  0.914141
0.0353453 -0.503991 -0.862985   2.29134
        0         0         0         1

-0.811998 -0.527048  0.250759  0.543932
-0.580609  0.685522 -0.439265  0.935222
0.0596124 -0.502275 -0.862651   2.30629
        0         0         0         1

-0.822917  -0.52171     0.225  0.562032
-0.560709  0.681799 -0.469846  0.969625
0.0917187 -0.512805 -0.853592   2.30698
        0         0         0         1

-0.839798 -0.514151  0.174319  0.607644
-0.527406  0.696476 -0.486583  0.995637
 0.128768 -0.500569 -0.856066   2.33905
        0         0         0         1

