  0.084959  -0.447269   0.890355    1.38394
 -0.981567  -0.191102 -0.0023371    1.13557
  0.171194  -0.873745   -0.45526    1.83684
         0          0          0          1

 0.114335 -0.449161  0.886105   1.38267
-0.975345 -0.220227 0.0142182   1.12073
 0.188758 -0.865883 -0.463267     1.844
        0         0         0         1

 0.114335 -0.449161  0.886105   1.38267
-0.975345 -0.220227 0.0142182   1.12073
 0.188758 -0.865883 -0.463267     1.844
        0         0         0         1

 0.138472 -0.445032  0.884744   1.38743
-0.966885 -0.254129 0.0234987   1.09173
 0.214382 -0.858699 -0.465485   1.85069
        0         0         0         1

 0.138472 -0.445032  0.884744   1.38743
-0.966885 -0.254129 0.0234987   1.09173
 0.214382 -0.858699 -0.465485   1.85069
        0         0         0         1

 0.136576 -0.442725  0.886195   1.40381
-0.965827 -0.258433 0.0197402   1.06662
 0.220283 -0.858608 -0.462892   1.87313
        0         0         0         1

 0.136576 -0.442725  0.886195   1.40381
-0.965827 -0.258433 0.0197402   1.06662
 0.220283 -0.858608 -0.462892   1.87313
        0         0         0         1

 0.166387 -0.429463  0.887624   1.40472
-0.957944 -0.283829  0.042242   1.03772
 0.233792 -0.857323 -0.458627   1.88794
        0         0         0         1

 0.166387 -0.429463  0.887624   1.40472
-0.957944 -0.283829  0.042242   1.03772
 0.233792 -0.857323 -0.458627   1.88794
        0         0         0         1

 0.192425 -0.414962  0.889257   1.40848
-0.947136 -0.315605 0.0576758   1.02217
 0.256721 -0.853346 -0.453756   1.88825
        0         0         0         1

 0.192425 -0.414962  0.889257   1.40848
-0.947136 -0.315605 0.0576758   1.02217
 0.256721 -0.853346 -0.453756   1.88825
        0         0         0         1

 0.207733 -0.404224  0.890758   1.41064
-0.941987 -0.328099 0.0707897  0.998394
 0.263641 -0.853788 -0.448931   1.90359
        0         0         0         1

 0.207733 -0.404224  0.890758   1.41064
-0.941987 -0.328099 0.0707897  0.998394
 0.263641 -0.853788 -0.448931   1.90359
        0         0         0         1

 0.222101 -0.431056  0.874564   1.43336
-0.934853 -0.348957 0.0654179  0.970451
 0.276986 -0.832118 -0.480477   1.90581
        0         0         0         1

 0.222101 -0.431056  0.874564   1.43336
-0.934853 -0.348957 0.0654179  0.970451
 0.276986 -0.832118 -0.480477   1.90581
        0         0         0         1

 0.263653 -0.428326  0.864306   1.42214
-0.922121 -0.374934 0.0954828  0.957443
  0.28316 -0.822169 -0.493821   1.91011
        0         0         0         1

 0.263653 -0.428326  0.864306   1.42214
-0.922121 -0.374934 0.0954828  0.957443
  0.28316 -0.822169 -0.493821   1.91011
        0         0         0         1

   0.3301 -0.432464  0.839052   1.43689
-0.906363 -0.393532  0.153748  0.924705
 0.263703 -0.811238 -0.521874   1.91953
        0         0         0         1

   0.3301 -0.432464  0.839052   1.43689
-0.906363 -0.393532  0.153748  0.924705
 0.263703 -0.811238 -0.521874   1.91953
        0         0         0         1

 0.357748  -0.41986  0.834107   1.44573
 -0.89784 -0.400201  0.183637  0.905932
 0.256709  -0.81459 -0.520138   1.92183
        0         0         0         1

 0.357748  -0.41986  0.834107   1.44573
 -0.89784 -0.400201  0.183637  0.905932
 0.256709  -0.81459 -0.520138   1.92183
        0         0         0         1

 0.367368 -0.400116  0.839612   1.45097
-0.892054 -0.407054  0.196333  0.889987
 0.263211 -0.821106 -0.506463    1.9185
        0         0         0         1

 0.367368 -0.400116  0.839612   1.45097
-0.892054 -0.407054  0.196333  0.889987
 0.263211 -0.821106 -0.506463    1.9185
        0         0         0         1

 0.362145 -0.374515  0.853574   1.46785
-0.889168  -0.41358  0.195784  0.860944
 0.279698 -0.829873 -0.482783   1.91882
        0         0         0         1

 0.362145 -0.374515  0.853574   1.46785
-0.889168  -0.41358  0.195784  0.860944
 0.279698 -0.829873 -0.482783   1.91882
        0         0         0         1

 0.368236 -0.371416  0.852321   1.47763
-0.886959   -0.4152  0.202269  0.839311
 0.278758 -0.830457 -0.482323   1.91963
        0         0         0         1

 0.368236 -0.371416  0.852321   1.47763
-0.886959   -0.4152  0.202269  0.839311
 0.278758 -0.830457 -0.482323   1.91963
        0         0         0         1

 0.388031  -0.37477  0.842009   1.48812
-0.880987 -0.419186  0.219418  0.818306
 0.270727 -0.826941 -0.492825   1.91915
        0         0         0         1

 0.388031  -0.37477  0.842009   1.48812
-0.880987 -0.419186  0.219418  0.818306
 0.270727 -0.826941 -0.492825   1.91915
        0         0         0         1

 0.445645 -0.375529  0.812637   1.49582
-0.855454 -0.446157  0.262951  0.792923
 0.263818 -0.812356 -0.520075    1.9145
        0         0         0         1

 0.445645 -0.375529  0.812637   1.49582
-0.855454 -0.446157  0.262951  0.792923
 0.263818 -0.812356 -0.520075    1.9145
        0         0         0         1

 0.461629 -0.381552  0.800823   1.50904
-0.844968 -0.463964   0.26602  0.771104
 0.270052 -0.799472 -0.536578   1.90886
        0         0         0         1

 0.461629 -0.381552  0.800823   1.50904
-0.844968 -0.463964   0.26602  0.771104
 0.270052 -0.799472 -0.536578   1.90886
        0         0         0         1

 0.477495 -0.389731  0.787469   1.52267
 -0.83586 -0.477723  0.270405   0.74274
 0.270807 -0.787331 -0.553871   1.90304
        0         0         0         1

 0.477495 -0.389731  0.787469   1.52267
 -0.83586 -0.477723  0.270405   0.74274
 0.270807 -0.787331 -0.553871   1.90304
        0         0         0         1

 0.481563 -0.385728  0.786963    1.5294
-0.833092 -0.480284   0.27438  0.724275
  0.27213 -0.787744 -0.552634    1.8968
        0         0         0         1

 0.481563 -0.385728  0.786963    1.5294
-0.833092 -0.480284   0.27438  0.724275
  0.27213 -0.787744 -0.552634    1.8968
        0         0         0         1

 0.475563 -0.380787  0.792995    1.5373
-0.834263 -0.481142  0.269272  0.704884
 0.279008 -0.789622  -0.54649   1.88892
        0         0         0         1

 0.475563 -0.380787  0.792995    1.5373
-0.834263 -0.481142  0.269272  0.704884
 0.279008 -0.789622  -0.54649   1.88892
        0         0         0         1

 0.457635 -0.382649  0.802589   1.54726
-0.843194 -0.473182   0.25519  0.675411
 0.282123 -0.793523 -0.539192   1.88219
        0         0         0         1

 0.457635 -0.382649  0.802589   1.54726
-0.843194 -0.473182   0.25519  0.675411
 0.282123 -0.793523 -0.539192   1.88219
        0         0         0         1

 0.447445 -0.390387  0.804606   1.55742
-0.848927 -0.468375  0.244841  0.657805
 0.281275 -0.792605 -0.540983   1.86859
        0         0         0         1

 0.447445 -0.390387  0.804606   1.55742
-0.848927 -0.468375  0.244841  0.657805
 0.281275 -0.792605 -0.540983   1.86859
        0         0         0         1

 0.445403  -0.39142  0.805237   1.56652
-0.852974 -0.458862  0.248759  0.629077
 0.272123 -0.797644  -0.53825   1.85623
        0         0         0         1

 0.445403  -0.39142  0.805237   1.56652
-0.852974 -0.458862  0.248759  0.629077
 0.272123 -0.797644  -0.53825   1.85623
        0         0         0         1

 0.441172 -0.392721  0.806931   1.57496
-0.858406 -0.446915  0.251807  0.609584
 0.261739 -0.803764  -0.53428     1.848
        0         0         0         1

 0.441172 -0.392721  0.806931   1.57496
-0.858406 -0.446915  0.251807  0.609584
 0.261739 -0.803764  -0.53428     1.848
        0         0         0         1

 0.438783 -0.382353  0.813188   1.58227
-0.857237 -0.449488  0.251207  0.596094
 0.269469 -0.807321 -0.524995   1.82655
        0         0         0         1

 0.438783 -0.382353  0.813188   1.58227
-0.857237 -0.449488  0.251207  0.596094
 0.269469 -0.807321 -0.524995   1.82655
        0         0         0         1

 0.405734 -0.386827  0.828097   1.59375
-0.878728  -0.41433  0.236996  0.567488
 0.251429 -0.823829 -0.508024   1.81284
        0         0         0         1

 0.405734 -0.386827  0.828097   1.59375
-0.878728  -0.41433  0.236996  0.567488
 0.251429 -0.823829 -0.508024   1.81284
        0         0         0         1

 0.401325 -0.392223  0.827707   1.59642
-0.887919 -0.388396  0.246471  0.552913
 0.224807 -0.833852 -0.504136   1.79726
        0         0         0         1

 0.401325 -0.392223  0.827707   1.59642
-0.887919 -0.388396  0.246471  0.552913
 0.224807 -0.833852 -0.504136   1.79726
        0         0         0         1

 0.394485 -0.407319  0.823695   1.60907
-0.899655 -0.353705  0.255956  0.525164
  0.18709 -0.842012 -0.505978    1.7796
        0         0         0         1

 0.394485 -0.407319  0.823695   1.60907
-0.899655 -0.353705  0.255956  0.525164
  0.18709 -0.842012 -0.505978    1.7796
        0         0         0         1

 0.387877  -0.41581   0.82259    1.6147
-0.905831 -0.336917   0.25682  0.510026
 0.170356 -0.844742 -0.507336    1.7584
        0         0         0         1

 0.387877  -0.41581   0.82259    1.6147
-0.905831 -0.336917   0.25682  0.510026
 0.170356 -0.844742 -0.507336    1.7584
        0         0         0         1

 0.378629 -0.425917  0.821727   1.62108
-0.915524 -0.302664  0.264972  0.492766
 0.135851 -0.852637 -0.504535   1.74543
        0         0         0         1

 0.378629 -0.425917  0.821727   1.62108
-0.915524 -0.302664  0.264972  0.492766
 0.135851 -0.852637 -0.504535   1.74543
        0         0         0         1

 0.363055 -0.446198  0.817984   1.62974
-0.927235 -0.259498  0.269993  0.469098
0.0917948 -0.856486 -0.507942   1.72026
        0         0         0         1

 0.363055 -0.446198  0.817984   1.62974
-0.927235 -0.259498  0.269993  0.469098
0.0917948 -0.856486 -0.507942   1.72026
        0         0         0         1

  0.35445  -0.45423  0.817337   1.63348
-0.932555 -0.235846  0.273346  0.454264
0.0686036 -0.859099 -0.507191   1.70385
        0         0         0         1

  0.35445  -0.45423  0.817337   1.63348
-0.932555 -0.235846  0.273346  0.454264
0.0686036 -0.859099 -0.507191   1.70385
        0         0         0         1

 0.340822  -0.48214  0.807082   1.64117
-0.939697 -0.200694  0.276932   0.43405
0.0284565 -0.852797 -0.521466   1.67199
        0         0         0         1

 0.340822  -0.48214  0.807082   1.64117
-0.939697 -0.200694  0.276932   0.43405
0.0284565 -0.852797 -0.521466   1.67199
        0         0         0         1

 0.329363 -0.506416  0.796909   1.64803
-0.944202 -0.175295  0.278844  0.420082
-0.00151631 -0.844283 -0.535895   1.64943
        0         0         0         1

 0.329363 -0.506416  0.796909   1.64803
-0.944202 -0.175295  0.278844  0.420082
-0.00151631 -0.844283 -0.535895   1.64943
        0         0         0         1

 0.312863 -0.524437  0.791886   1.65527
-0.948493 -0.128809  0.289431  0.398735
-0.0497863  -0.84165 -0.537724   1.62248
        0         0         0         1

 0.312863 -0.524437  0.791886   1.65527
-0.948493 -0.128809  0.289431  0.398735
-0.0497863  -0.84165 -0.537724   1.62248
        0         0         0         1

  0.297781   -0.52239   0.799021    1.65864
 -0.951684 -0.0966934   0.291459   0.387291
 -0.074995  -0.847206  -0.525944    1.60313
         0          0          0          1

  0.297781   -0.52239   0.799021    1.65864
 -0.951684 -0.0966934   0.291459   0.387291
 -0.074995  -0.847206  -0.525944    1.60313
         0          0          0          1

  0.275528  -0.510829   0.814333    1.66196
 -0.957179 -0.0674985   0.281518   0.375752
-0.0888413  -0.857029  -0.507552    1.58338
         0          0          0          1

  0.275528  -0.510829   0.814333    1.66196
 -0.957179 -0.0674985   0.281518   0.375752
-0.0888413  -0.857029  -0.507552    1.58338
         0          0          0          1

  0.233587  -0.502399   0.832486    1.67152
 -0.966688 -0.0278453   0.254438   0.359411
 -0.104649  -0.864188  -0.492167    1.55346
         0          0          0          1

  0.233587  -0.502399   0.832486    1.67152
 -0.966688 -0.0278453   0.254438   0.359411
 -0.104649  -0.864188  -0.492167    1.55346
         0          0          0          1

   0.221708   -0.514684    0.828218      1.6774
  -0.966483 -0.00323843    0.256708    0.348455
  -0.129442   -0.857374   -0.498152      1.5374
          0           0           0           1

   0.221708   -0.514684    0.828218      1.6774
  -0.966483 -0.00323843    0.256708    0.348455
  -0.129442   -0.857374   -0.498152      1.5374
          0           0           0           1

 0.217056 -0.538816   0.81398   1.68604
-0.962986 0.0183333  0.268926  0.338795
-0.159825 -0.842224 -0.514893   1.51703
        0         0         0         1

 0.217056 -0.538816   0.81398   1.68604
-0.962986 0.0183333  0.268926  0.338795
-0.159825 -0.842224 -0.514893   1.51703
        0         0         0         1

 0.198379 -0.560253  0.804216   1.69521
 -0.95929 0.0572998  0.276549  0.326262
-0.201019 -0.826337 -0.526078   1.48839
        0         0         0         1

 0.198379 -0.560253  0.804216   1.69521
 -0.95929 0.0572998  0.276549  0.326262
-0.201019 -0.826337 -0.526078   1.48839
        0         0         0         1

 0.177751 -0.559356  0.809646   1.69878
-0.958115 0.0893623  0.272083  0.320403
-0.224543 -0.824097 -0.520043   1.47382
        0         0         0         1

 0.177751 -0.559356  0.809646   1.69878
-0.958115 0.0893623  0.272083  0.320403
-0.224543 -0.824097 -0.520043   1.47382
        0         0         0         1

  0.15719 -0.561437  0.812453   1.70563
-0.952067  0.132447  0.275728  0.313099
-0.262411 -0.816852 -0.513706   1.45017
        0         0         0         1

  0.15719 -0.561437  0.812453   1.70563
-0.952067  0.132447  0.275728  0.313099
-0.262411 -0.816852 -0.513706   1.45017
        0         0         0         1

 0.136516 -0.565195  0.813583   1.71434
-0.949482  0.159612  0.270201  0.306737
-0.282574 -0.809369 -0.514853   1.43202
        0         0         0         1

 0.136516 -0.565195  0.813583   1.71434
-0.949482  0.159612  0.270201  0.306737
-0.282574 -0.809369 -0.514853   1.43202
        0         0         0         1

 0.137863 -0.567098  0.812031   1.71522
-0.942965  0.175663   0.28277  0.305481
-0.303002   -0.8047 -0.510536   1.41708
        0         0         0         1

 0.137863 -0.567098  0.812031   1.71522
-0.942965  0.175663   0.28277  0.305481
-0.303002   -0.8047 -0.510536   1.41708
        0         0         0         1

 0.128018 -0.566817  0.813837   1.72581
-0.933611  0.208003  0.291728  0.297475
-0.334637 -0.797153 -0.502558   1.39661
        0         0         0         1

 0.128018 -0.566817  0.813837   1.72581
-0.933611  0.208003  0.291728  0.297475
-0.334637 -0.797153 -0.502558   1.39661
        0         0         0         1

 0.124672 -0.562119  0.817606   1.72837
-0.929008  0.223241  0.295141  0.295855
-0.348428 -0.796358 -0.494381   1.38519
        0         0         0         1

 0.124672 -0.562119  0.817606   1.72837
-0.929008  0.223241  0.295141  0.295855
-0.348428 -0.796358 -0.494381   1.38519
        0         0         0         1

 0.107727 -0.543596  0.832405   1.73709
-0.927507  0.246504  0.281012   0.29044
-0.357948 -0.802334 -0.477634   1.36924
        0         0         0         1

 0.107727 -0.543596  0.832405   1.73709
-0.927507  0.246504  0.281012   0.29044
-0.357948 -0.802334 -0.477634   1.36924
        0         0         0         1

 0.101885 -0.530219  0.841717   1.74369
-0.925084  0.260666  0.276176  0.286483
-0.365841 -0.806797 -0.463939   1.35853
        0         0         0         1

 0.101885 -0.530219  0.841717   1.74369
-0.925084  0.260666  0.276176  0.286483
-0.365841 -0.806797 -0.463939   1.35853
        0         0         0         1

 0.104737 -0.514953  0.850796   1.74988
-0.918104  0.278757  0.281744  0.282629
 -0.38225 -0.810628 -0.443584   1.35102
        0         0         0         1

 0.104737 -0.514953  0.850796   1.74988
-0.918104  0.278757  0.281744  0.282629
 -0.38225 -0.810628 -0.443584   1.35102
        0         0         0         1

 0.121428 -0.493927  0.860983   1.75377
-0.908641  0.293825  0.296711  0.280813
-0.399532 -0.818353 -0.413124   1.34057
        0         0         0         1

 0.121428 -0.493927  0.860983   1.75377
-0.908641  0.293825  0.296711  0.280813
-0.399532 -0.818353 -0.413124   1.34057
        0         0         0         1

 0.116844 -0.481637  0.868547   1.75744
-0.908936  0.300568  0.288952  0.278907
-0.400227 -0.823216 -0.402658   1.33247
        0         0         0         1

 0.116844 -0.481637  0.868547   1.75744
-0.908936  0.300568  0.288952  0.278907
-0.400227 -0.823216 -0.402658   1.33247
        0         0         0         1

 0.119613 -0.456299  0.881751   1.76389
-0.906821  0.311355  0.284138  0.275677
-0.404189 -0.833577 -0.376539   1.32426
        0         0         0         1

 0.119613 -0.456299  0.881751   1.76389
-0.906821  0.311355  0.284138  0.275677
-0.404189 -0.833577 -0.376539   1.32426
        0         0         0         1

  0.11176 -0.443594  0.889232   1.77172
-0.906937  0.320218  0.273726  0.270979
-0.406171 -0.837069 -0.366524   1.31852
        0         0         0         1

  0.11176 -0.443594  0.889232   1.77172
-0.906937  0.320218  0.273726  0.270979
-0.406171 -0.837069 -0.366524   1.31852
        0         0         0         1

 0.118056 -0.434681  0.892813   1.77411
-0.903187  0.326663  0.278469  0.268992
-0.412694 -0.839252 -0.354034   1.31327
        0         0         0         1

 0.118056 -0.434681  0.892813   1.77411
-0.903187  0.326663  0.278469  0.268992
-0.412694 -0.839252 -0.354034   1.31327
        0         0         0         1

  0.13421 -0.414299  0.900191   1.77463
-0.896208  0.336878   0.28866  0.267857
-0.422846 -0.845499 -0.326086   1.30916
        0         0         0         1

  0.13421 -0.414299  0.900191   1.77463
-0.896208  0.336878   0.28866  0.267857
-0.422846 -0.845499 -0.326086   1.30916
        0         0         0         1

 0.119074 -0.410226  0.904177   1.77668
-0.899741  0.340512  0.272981  0.266527
-0.419867  -0.84603 -0.328551    1.3046
        0         0         0         1

 0.119074 -0.410226  0.904177   1.77668
-0.899741  0.340512  0.272981  0.266527
-0.419867  -0.84603 -0.328551    1.3046
        0         0         0         1

 0.109182 -0.408129  0.906372   1.77929
-0.903245  0.339952  0.261882  0.264506
-0.415004 -0.847268 -0.331523   1.30079
        0         0         0         1

 0.109182 -0.408129  0.906372   1.77929
-0.903245  0.339952  0.261882  0.264506
-0.415004 -0.847268 -0.331523   1.30079
        0         0         0         1

 0.114979 -0.406432  0.906418    1.7801
-0.902465  0.338588  0.266298  0.264526
-0.415134 -0.848629  -0.32786   1.29979
        0         0         0         1

 0.114979 -0.406432  0.906418    1.7801
-0.902465  0.338588  0.266298  0.264526
-0.415134 -0.848629  -0.32786   1.29979
        0         0         0         1

 0.123255 -0.409623   0.90389   1.78141
-0.900873  0.335831  0.275035  0.264242
-0.416215  -0.84819 -0.327625   1.29918
        0         0         0         1

 0.123255 -0.409623   0.90389   1.78141
-0.900873  0.335831  0.275035  0.264242
-0.416215  -0.84819 -0.327625   1.29918
        0         0         0         1

  0.14012 -0.404394  0.903788   1.78328
-0.897919  0.332771  0.288106  0.264356
-0.417262 -0.851897 -0.316485   1.29807
        0         0         0         1

  0.14012 -0.404394  0.903788   1.78328
-0.897919  0.332771  0.288106  0.264356
-0.417262 -0.851897 -0.316485   1.29807
        0         0         0         1

 0.151547 -0.393772   0.90663   1.78487
-0.896097  0.332392  0.294153  0.263633
-0.417185 -0.857006 -0.302484   1.29684
        0         0         0         1

 0.151547 -0.393772   0.90663   1.78487
-0.896097  0.332392  0.294153  0.263633
-0.417185 -0.857006 -0.302484   1.29684
        0         0         0         1

 0.165795 -0.371926  0.913336   1.78447
-0.893586  0.335111  0.298673  0.264916
-0.417153 -0.865662 -0.276788   1.29666
        0         0         0         1

 0.165795 -0.371926  0.913336   1.78447
-0.893586  0.335111  0.298673  0.264916
-0.417153 -0.865662 -0.276788   1.29666
        0         0         0         1

 0.185644  -0.35376  0.916728   1.78213
-0.889547  0.335817   0.30973  0.267169
-0.417423 -0.872972 -0.252344   1.29837
        0         0         0         1

 0.185644  -0.35376  0.916728   1.78213
-0.889547  0.335817   0.30973  0.267169
-0.417423 -0.872972 -0.252344   1.29837
        0         0         0         1

 0.203743   -0.3402  0.918016   1.78214
-0.884891  0.337197  0.321351  0.268228
-0.418876 -0.877817 -0.232338   1.29864
        0         0         0         1

 0.203743   -0.3402  0.918016   1.78214
-0.884891  0.337197  0.321351  0.268228
-0.418876 -0.877817 -0.232338   1.29864
        0         0         0         1

 0.232799 -0.347807  0.908204   1.78183
-0.877119   0.32829  0.350554   0.26992
 -0.42008 -0.878212 -0.228642   1.29865
        0         0         0         1

 0.232799 -0.347807  0.908204   1.78183
-0.877119   0.32829  0.350554   0.26992
 -0.42008 -0.878212 -0.228642   1.29865
        0         0         0         1

 0.256696 -0.348852  0.901337   1.78023
 -0.87066  0.321406  0.372356  0.273073
-0.419592 -0.880341 -0.221228   1.30119
        0         0         0         1

 0.256696 -0.348852  0.901337   1.78023
 -0.87066  0.321406  0.372356  0.273073
-0.419592 -0.880341 -0.221228   1.30119
        0         0         0         1

 0.275824 -0.339361  0.899308   1.77598
-0.871615  0.306127   0.38285  0.279268
-0.405227 -0.889449 -0.211355    1.3075
        0         0         0         1

 0.275824 -0.339361  0.899308   1.77598
-0.871615  0.306127   0.38285  0.279268
-0.405227 -0.889449 -0.211355    1.3075
        0         0         0         1

 0.280303  -0.32793   0.90216    1.7695
-0.878268   0.29168  0.378904  0.286268
-0.387396 -0.898546 -0.206251   1.31391
        0         0         0         1

 0.280303  -0.32793   0.90216    1.7695
-0.878268   0.29168  0.378904  0.286268
-0.387396 -0.898546 -0.206251   1.31391
        0         0         0         1

 0.275605 -0.314616  0.908327   1.76301
-0.888142  0.278164  0.365827  0.293038
-0.367759 -0.907547  -0.20276   1.32171
        0         0         0         1

 0.275605 -0.314616  0.908327   1.76301
-0.888142  0.278164  0.365827  0.293038
-0.367759 -0.907547  -0.20276   1.32171
        0         0         0         1

 0.263654 -0.290328  0.919889   1.75236
-0.903919  0.258577  0.340687  0.303737
-0.336773 -0.921329 -0.194258   1.33445
        0         0         0         1

 0.263654 -0.290328  0.919889   1.75236
-0.903919  0.258577  0.340687  0.303737
-0.336773 -0.921329 -0.194258   1.33445
        0         0         0         1

 0.259896 -0.272225  0.926471   1.74392
-0.913853  0.240631  0.327061    0.3128
-0.311972  -0.93166 -0.186234   1.34593
        0         0         0         1

 0.259896 -0.272225  0.926471   1.74392
-0.913853  0.240631  0.327061    0.3128
-0.311972  -0.93166 -0.186234   1.34593
        0         0         0         1

 0.267703 -0.260682  0.927567   1.72293
-0.922871  0.207243  0.324591  0.331771
-0.276847 -0.942918 -0.185096   1.36614
        0         0         0         1

 0.267703 -0.260682  0.927567   1.72293
-0.922871  0.207243  0.324591  0.331771
-0.276847 -0.942918 -0.185096   1.36614
        0         0         0         1

 0.266168 -0.256789  0.929093   1.70906
-0.930954  0.181461  0.316855   0.34489
-0.249959 -0.949279 -0.190759   1.38027
        0         0         0         1

 0.266168 -0.256789  0.929093   1.70906
-0.930954  0.181461  0.316855   0.34489
-0.249959 -0.949279 -0.190759   1.38027
        0         0         0         1

 0.256746 -0.250334  0.933496   1.69694
-0.939516  0.161907   0.30182  0.357387
-0.226695 -0.954526 -0.193624   1.40134
        0         0         0         1

 0.256746 -0.250334  0.933496   1.69694
-0.939516  0.161907   0.30182  0.357387
-0.226695 -0.954526 -0.193624   1.40134
        0         0         0         1

 0.225911 -0.255619  0.940012   1.66843
-0.956112  0.126646  0.264219  0.382972
-0.186588 -0.958446  -0.21579   1.43176
        0         0         0         1

 0.225911 -0.255619  0.940012   1.66843
-0.956112  0.126646  0.264219  0.382972
-0.186588 -0.958446  -0.21579   1.43176
        0         0         0         1

 0.193123 -0.250938  0.948543    1.6497
-0.969814 0.0978685  0.223345  0.399846
-0.148878 -0.963043 -0.224463   1.44886
        0         0         0         1

 0.193123 -0.250938  0.948543    1.6497
-0.969814 0.0978685  0.223345  0.399846
-0.148878 -0.963043 -0.224463   1.44886
        0         0         0         1

  0.19638 -0.210946  0.957568    1.6142
-0.974728 0.0640603  0.214011  0.425342
-0.106487 -0.975396 -0.193035   1.48893
        0         0         0         1

  0.19638 -0.210946  0.957568    1.6142
-0.974728 0.0640603  0.214011  0.425342
-0.106487 -0.975396 -0.193035   1.48893
        0         0         0         1

 0.194976 -0.192836  0.961664   1.59043
-0.977921 0.0369558  0.205682  0.441541
-0.0752021 -0.980535 -0.181373    1.5154
        0         0         0         1

 0.194976 -0.192836  0.961664   1.59043
-0.977921 0.0369558  0.205682  0.441541
-0.0752021 -0.980535 -0.181373    1.5154
        0         0         0         1

 0.190239 -0.176327  0.965773   1.56269
-0.981274 -0.003913  0.192578   0.45992
-0.0301776 -0.984324  -0.17377   1.53626
        0         0         0         1

 0.190239 -0.176327  0.965773   1.56269
-0.981274 -0.003913  0.192578   0.45992
-0.0301776 -0.984324  -0.17377   1.53626
        0         0         0         1

  0.168569  -0.144571    0.97503     1.5227
 -0.985369 -0.0499582   0.162949   0.485458
 0.0251531  -0.988233  -0.150877    1.57286
         0          0          0          1

  0.168569  -0.144571    0.97503     1.5227
 -0.985369 -0.0499582   0.162949   0.485458
 0.0251531  -0.988233  -0.150877    1.57286
         0          0          0          1

  0.163789  -0.128205   0.978129    1.49162
 -0.985147 -0.0730803   0.155386   0.503127
 0.0515607  -0.989051  -0.138271     1.5973
         0          0          0          1

  0.163789  -0.128205   0.978129    1.49162
 -0.985147 -0.0730803   0.155386   0.503127
 0.0515607  -0.989051  -0.138271     1.5973
         0          0          0          1

  0.165443  -0.138484   0.976448     1.4589
 -0.984288 -0.0851155     0.1547   0.519439
 0.0616874    -0.9867  -0.150389    1.62421
         0          0          0          1

  0.165443  -0.138484   0.976448     1.4589
 -0.984288 -0.0851155     0.1547   0.519439
 0.0616874    -0.9867  -0.150389    1.62421
         0          0          0          1

  0.167283  -0.159825   0.972868     1.4078
 -0.983388 -0.0975704   0.153063   0.543984
 0.0704599  -0.982312  -0.173492    1.66513
         0          0          0          1

  0.167283  -0.159825   0.972868     1.4078
 -0.983388 -0.0975704   0.153063   0.543984
 0.0704599  -0.982312  -0.173492    1.66513
         0          0          0          1

   0.1741 -0.181485   0.96786   1.36815
-0.981786 -0.107906  0.156372  0.560001
 0.076059 -0.977456 -0.196966   1.69044
        0         0         0         1

   0.1741 -0.181485   0.96786   1.36815
-0.981786 -0.107906  0.156372  0.560001
 0.076059 -0.977456 -0.196966   1.69044
        0         0         0         1

  0.18259 -0.212873  0.959868   1.30873
-0.979928 -0.118846  0.160049  0.582996
0.0800065 -0.969825 -0.230301    1.7278
        0         0         0         1

  0.18259 -0.212873  0.959868   1.30873
-0.979928 -0.118846  0.160049  0.582996
0.0800065 -0.969825 -0.230301    1.7278
        0         0         0         1

 0.172705  -0.23103  0.957496   1.27595
-0.981703 -0.119525  0.148232  0.595741
0.0801985 -0.965577 -0.247445   1.74948
        0         0         0         1

 0.172705  -0.23103  0.957496   1.27595
-0.981703 -0.119525  0.148232  0.595741
0.0801985 -0.965577 -0.247445   1.74948
        0         0         0         1

 0.165371 -0.244225  0.955514   1.23667
 -0.98292  -0.12014  0.139407  0.608929
0.0807489 -0.962248 -0.259922   1.77342
        0         0         0         1

 0.165371 -0.244225  0.955514   1.23667
 -0.98292  -0.12014  0.139407  0.608929
0.0807489 -0.962248 -0.259922   1.77342
        0         0         0         1

 0.149842 -0.252285  0.955981   1.17491
-0.984982 -0.121981  0.122196   0.63003
0.0857835 -0.959934 -0.266774   1.80417
        0         0         0         1

 0.149842 -0.252285  0.955981   1.17491
-0.984982 -0.121981  0.122196   0.63003
0.0857835 -0.959934 -0.266774   1.80417
        0         0         0         1

 0.136484 -0.259487  0.956054   1.13217
 -0.98651 -0.123655   0.10727  0.642267
0.0903854 -0.957797 -0.272864   1.81992
        0         0         0         1

 0.136484 -0.259487  0.956054   1.13217
 -0.98651 -0.123655   0.10727  0.642267
0.0903854 -0.957797 -0.272864   1.81992
        0         0         0         1

 0.115892 -0.278254   0.95349   1.07392
-0.989781 -0.112653 0.0874277  0.656859
0.0830865 -0.953878 -0.288466   1.85302
        0         0         0         1

 0.115892 -0.278254   0.95349   1.07392
-0.989781 -0.112653 0.0874277  0.656859
0.0830865 -0.953878 -0.288466   1.85302
        0         0         0         1

 0.107395 -0.288666  0.951388   1.02986
-0.991086 -0.106955  0.079424  0.667576
0.0788289 -0.951437 -0.297579   1.87071
        0         0         0         1

 0.107395 -0.288666  0.951388   1.02986
-0.991086 -0.106955  0.079424  0.667576
0.0788289 -0.951437 -0.297579   1.87071
        0         0         0         1

 0.0925075  -0.307987   0.946882   0.966914
 -0.993131 -0.0969663  0.0654861    0.68209
 0.0716468  -0.946436  -0.314842      1.889
         0          0          0          1

 0.0925075  -0.307987   0.946882   0.966914
 -0.993131 -0.0969663  0.0654861    0.68209
 0.0716468  -0.946436  -0.314842      1.889
         0          0          0          1

  0.076226  -0.319966   0.944358     0.9317
 -0.995192 -0.0828298  0.0522649   0.688776
  0.061498  -0.943801  -0.324741    1.90782
         0          0          0          1

  0.076226  -0.319966   0.944358     0.9317
 -0.995192 -0.0828298  0.0522649   0.688776
  0.061498  -0.943801  -0.324741    1.90782
         0          0          0          1

 0.0530193  -0.332403   0.941646   0.896443
 -0.997029 -0.0703868  0.0312909   0.695592
 0.0558782  -0.940507  -0.335147    1.92026
         0          0          0          1

 0.0530193  -0.332403   0.941646   0.896443
 -0.997029 -0.0703868  0.0312909   0.695592
 0.0558782  -0.940507  -0.335147    1.92026
         0          0          0          1

 0.0301733   -0.33735   0.940896   0.830176
 -0.998565 -0.0518312  0.0134391   0.700933
  0.044234  -0.939951   -0.33843     1.9441
         0          0          0          1

 0.0301733   -0.33735   0.940896   0.830176
 -0.998565 -0.0518312  0.0134391   0.700933
  0.044234  -0.939951   -0.33843     1.9441
         0          0          0          1

  0.0145987   -0.341845    0.939643     0.78515
  -0.998784  -0.0492345 -0.00239413    0.708495
  0.0470813   -0.938466   -0.342149     1.94747
          0           0           0           1

  0.0145987   -0.341845    0.939643     0.78515
  -0.998784  -0.0492345 -0.00239413    0.708495
  0.0470813   -0.938466   -0.342149     1.94747
          0           0           0           1

-0.00595648  -0.348921   0.937133   0.719039
 -0.998989 -0.0396772 -0.0211226   0.713202
 0.0445529  -0.936312  -0.348332    1.95776
         0          0          0          1

-0.00595648  -0.348921   0.937133   0.719039
 -0.998989 -0.0396772 -0.0211226   0.713202
 0.0445529  -0.936312  -0.348332    1.95776
         0          0          0          1

-0.0246264   -0.35572   0.934268   0.679727
 -0.998706 -0.0328487  -0.038832   0.717751
 0.0445028  -0.934015  -0.354451    1.95908
         0          0          0          1

-0.0246264   -0.35572   0.934268   0.679727
 -0.998706 -0.0328487  -0.038832   0.717751
 0.0445028  -0.934015  -0.354451    1.95908
         0          0          0          1

-0.0446929  -0.359379   0.932121   0.638664
 -0.998403 -0.0162122 -0.0541216   0.716601
 0.0345619  -0.933051   -0.35808    1.96725
         0          0          0          1

-0.0446929  -0.359379   0.932121   0.638664
 -0.998403 -0.0162122 -0.0541216   0.716601
 0.0345619  -0.933051   -0.35808    1.96725
         0          0          0          1

-0.0667651  -0.368581   0.927195    0.57597
 -0.997479 0.00227378 -0.0709222    0.71643
 0.0240324  -0.929593  -0.367804    1.97486
         0          0          0          1

-0.0667651  -0.368581   0.927195    0.57597
 -0.997479 0.00227378 -0.0709222    0.71643
 0.0240324  -0.929593  -0.367804    1.97486
         0          0          0          1

-0.0740461  -0.378284   0.922723   0.530133
 -0.997087  0.0110943 -0.0754652   0.714317
 0.0183103  -0.925623  -0.378003    1.97727
         0          0          0          1

-0.0740461  -0.378284   0.922723   0.530133
 -0.997087  0.0110943 -0.0754652   0.714317
 0.0183103  -0.925623  -0.378003    1.97727
         0          0          0          1

-0.0917902  -0.394805   0.914168   0.469065
 -0.995758  0.0305856 -0.0867734   0.708523
 0.0062982  -0.918256  -0.395938    1.98076
         0          0          0          1

-0.0917902  -0.394805   0.914168   0.469065
 -0.995758  0.0305856 -0.0867734   0.708523
 0.0062982  -0.918256  -0.395938    1.98076
         0          0          0          1

 -0.104035  -0.398025   0.911456     0.4267
 -0.994571  0.0437389 -0.0944215   0.703929
-0.00228395  -0.916331  -0.400415    1.97768
         0          0          0          1

 -0.104035  -0.398025   0.911456     0.4267
 -0.994571  0.0437389 -0.0944215   0.703929
-0.00228395  -0.916331  -0.400415    1.97768
         0          0          0          1

-0.121523 -0.407851  0.904925  0.391802
-0.992513 0.0611536 -0.105724  0.699907
-0.0122199 -0.910998  -0.41223   1.98298
        0         0         0         1

-0.121523 -0.407851  0.904925  0.391802
-0.992513 0.0611536 -0.105724  0.699907
-0.0122199 -0.910998  -0.41223   1.98298
        0         0         0         1

-0.134436 -0.412468  0.900998  0.325205
-0.990767 0.0720437  -0.11485  0.693085
-0.0175394 -0.908119 -0.418345   1.96881
        0         0         0         1

-0.134436 -0.412468  0.900998  0.325205
-0.990767 0.0720437  -0.11485  0.693085
-0.0175394 -0.908119 -0.418345   1.96881
        0         0         0         1

-0.151058 -0.419826  0.894946  0.291646
-0.988067 0.0916899 -0.123764   0.68596
-0.0300983 -0.902961 -0.428666   1.96984
        0         0         0         1

-0.151058 -0.419826  0.894946  0.291646
-0.988067 0.0916899 -0.123764   0.68596
-0.0300983 -0.902961 -0.428666   1.96984
        0         0         0         1

-0.166015 -0.421936  0.891296  0.258118
-0.985327  0.107294 -0.132737  0.680564
-0.0396247 -0.900254 -0.433557   1.96539
        0         0         0         1

-0.166015 -0.421936  0.891296  0.258118
-0.985327  0.107294 -0.132737  0.680564
-0.0396247 -0.900254 -0.433557   1.96539
        0         0         0         1

-0.184285 -0.421628  0.887845  0.212286
-0.981454  0.127452 -0.143189  0.673184
-0.0527857 -0.897767 -0.437296   1.94745
        0         0         0         1

-0.184285 -0.421628  0.887845  0.212286
-0.981454  0.127452 -0.143189  0.673184
-0.0527857 -0.897767 -0.437296   1.94745
        0         0         0         1

-0.184171 -0.415634   0.89069  0.163173
-0.980587  0.139753 -0.137545  0.657129
-0.0673086 -0.898731 -0.433304   1.94165
        0         0         0         1

-0.184171 -0.415634   0.89069  0.163173
-0.980587  0.139753 -0.137545  0.657129
-0.0673086 -0.898731 -0.433304   1.94165
        0         0         0         1

-0.195438 -0.415085  0.888543  0.112361
-0.976823  0.163038 -0.138692  0.641994
-0.0872971 -0.895055 -0.437328   1.92687
        0         0         0         1

-0.195438 -0.415085  0.888543  0.112361
-0.976823  0.163038 -0.138692  0.641994
-0.0872971 -0.895055 -0.437328   1.92687
        0         0         0         1

-0.218936 -0.408345  0.886184  0.100544
-0.971512  0.175673 -0.159068  0.649029
-0.0907241 -0.895764 -0.435173   1.90398
        0         0         0         1

-0.218936 -0.408345  0.886184  0.100544
-0.971512  0.175673 -0.159068  0.649029
-0.0907241 -0.895764 -0.435173   1.90398
        0         0         0         1

-0.230981 -0.401591  0.886212 0.0540546
-0.966922  0.196051 -0.163175  0.634442
-0.108213 -0.894588 -0.433591   1.87738
        0         0         0         1

-0.230981 -0.401591  0.886212 0.0540546
-0.966922  0.196051 -0.163175  0.634442
-0.108213 -0.894588 -0.433591   1.87738
        0         0         0         1

-0.230571 -0.400659  0.886741 0.0204456
-0.965065  0.210706 -0.155733  0.620228
-0.124446  -0.89167 -0.435244   1.86756
        0         0         0         1

-0.230571 -0.400659  0.886741 0.0204456
-0.965065  0.210706 -0.155733  0.620228
-0.124446  -0.89167 -0.435244   1.86756
        0         0         0         1

  -0.235368   -0.399114    0.886177 -0.00449014
   -0.96248    0.222396   -0.155472    0.610573
  -0.135031   -0.889521   -0.436485     1.85273
          0           0           0           1

  -0.235368   -0.399114    0.886177 -0.00449014
   -0.96248    0.222396   -0.155472    0.610573
  -0.135031   -0.889521   -0.436485     1.85273
          0           0           0           1

 -0.248026  -0.395551    0.88432 -0.0336589
 -0.956435   0.245096  -0.158622   0.599273
    -0.154  -0.885137  -0.439109    1.82815
         0          0          0          1

 -0.248026  -0.395551    0.88432 -0.0336589
 -0.956435   0.245096  -0.158622   0.599273
    -0.154  -0.885137  -0.439109    1.82815
         0          0          0          1

 -0.242632  -0.394787   0.886156 -0.0638793
 -0.954683   0.259463  -0.145803   0.578755
 -0.172364  -0.881375  -0.439851    1.81512
         0          0          0          1

 -0.242632  -0.394787   0.886156 -0.0638793
 -0.954683   0.259463  -0.145803   0.578755
 -0.172364  -0.881375  -0.439851    1.81512
         0          0          0          1

 -0.250294  -0.386541   0.887659 -0.0715808
 -0.950612   0.271934  -0.149629   0.580927
 -0.183547  -0.881271  -0.435514    1.79202
         0          0          0          1

 -0.250294  -0.386541   0.887659 -0.0715808
 -0.950612   0.271934  -0.149629   0.580927
 -0.183547  -0.881271  -0.435514    1.79202
         0          0          0          1

-0.236151 -0.377351  0.895455  -0.10963
-0.946706  0.297073 -0.124478  0.558193
-0.219043 -0.877128 -0.427395   1.76753
        0         0         0         1

-0.236151 -0.377351  0.895455  -0.10963
-0.946706  0.297073 -0.124478  0.558193
-0.219043 -0.877128 -0.427395   1.76753
        0         0         0         1

-0.234956 -0.369325  0.899108 -0.120183
-0.942586  0.312429 -0.117982  0.553246
-0.237334 -0.875207 -0.421528   1.75295
        0         0         0         1

-0.234956 -0.369325  0.899108 -0.120183
-0.942586  0.312429 -0.117982  0.553246
-0.237334 -0.875207 -0.421528   1.75295
        0         0         0         1

-0.232862 -0.361342  0.902888 -0.144832
-0.935805  0.335913 -0.106916  0.540928
-0.264659 -0.869824 -0.416367   1.72637
        0         0         0         1

-0.232862 -0.361342  0.902888 -0.144832
-0.935805  0.335913 -0.106916  0.540928
-0.264659 -0.869824 -0.416367   1.72637
        0         0         0         1

 -0.229629  -0.357231   0.905349  -0.156434
 -0.929896   0.355148 -0.0957211   0.532103
 -0.287339  -0.863861   -0.41374    1.71357
         0          0          0          1

 -0.229629  -0.357231   0.905349  -0.156434
 -0.929896   0.355148 -0.0957211   0.532103
