-0.791437 -0.552197 -0.262119  0.847249
-0.593288  0.797158  0.112017  0.757214
 0.147095  0.244166 -0.958512   2.59259
        0         0         0         1

-0.763434 -0.598019  -0.24401  0.832121
-0.634651  0.764718  0.111465  0.716095
 0.119941  0.239957 -0.963345   2.57742
        0         0         0         1

-0.742533 -0.627872 -0.233284  0.835974
-0.663079  0.738298  0.123459   0.66877
 0.094717  0.246358 -0.964539   2.57695
        0         0         0         1

 -0.71906 -0.661753 -0.212219  0.829479
-0.691587    0.7114  0.124973  0.631834
0.0682712  0.236631 -0.969198   2.55767
        0         0         0         1

-0.697448 -0.688491 -0.198862   0.82994
-0.715303  0.685724  0.134626  0.592394
0.0436756  0.236141 -0.970737   2.54543
        0         0         0         1

-0.645398 -0.744571 -0.170516  0.830382
 -0.76377   0.63221  0.130254  0.531744
0.0108189  0.214301 -0.976708   2.50966
        0         0         0         1

-0.626061  -0.76304 -0.160679  0.839449
-0.779773   0.61226  0.130736  0.502826
-0.00137881  0.207142  -0.97831   2.49378
        0         0         0         1

-0.596624 -0.789962 -0.141422    0.8374
-0.802106  0.581312  0.136759  0.467901
-0.0258238  0.195029 -0.980457   2.47889
        0         0         0         1

-0.576067 -0.807188 -0.128819  0.842004
-0.816419  0.560457  0.139095  0.437859
-0.0400779  0.185298 -0.981865    2.4595
        0         0         0         1

 -0.529284   -0.84259 -0.0994989   0.853132
 -0.844559   0.512013   0.156728   0.371267
-0.0811129   0.166986  -0.982617    2.43045
         0          0          0          1

 -0.512338  -0.854039 -0.0901484    0.86223
 -0.853962    0.49554   0.158708   0.346208
-0.0908707   0.158296  -0.983201    2.40946
         0          0          0          1

 -0.489744  -0.868347 -0.0782638   0.869245
 -0.864977   0.472649   0.168577   0.315793
 -0.109392   0.150256  -0.982576    2.39485
         0          0          0          1

 -0.471322  -0.879595 -0.0645683   0.875962
  -0.87334   0.455251   0.173275   0.289063
 -0.123017   0.138058  -0.982755    2.37678
         0          0          0          1

 -0.448069  -0.892747 -0.0472974   0.881208
  -0.88218   0.432952   0.185231   0.258848
 -0.144887   0.124721  -0.981556    2.35978
         0          0          0          1

-0.424229 -0.905049 -0.030264  0.884244
-0.891256  0.411381   0.19086  0.234524
-0.160287  0.107941 -0.981151   2.33756
        0         0         0         1

  -0.380446   -0.924797 -0.00347604    0.897811
  -0.906348    0.372104    0.200179    0.184362
  -0.183832   0.0793079   -0.979753     2.29773
          0           0           0           1

-0.362799 -0.931803 0.0109754  0.905665
-0.910353  0.356915  0.209449  0.159602
-0.199082 0.0659964 -0.977758   2.27904
        0         0         0         1

-0.347321 -0.937559 0.0187156  0.917022
-0.913888   0.34289  0.217338  0.135021
-0.210185 0.0583821 -0.975917   2.25821
        0         0         0         1

-0.323879 -0.945482 0.0341656  0.920602
-0.919112  0.322999  0.225622  0.111988
-0.224357 0.0416723 -0.973616   2.23751
        0         0         0         1

-0.308629 -0.950101  0.045355  0.930792
-0.920577  0.310357  0.237101 0.0872454
-0.239346 0.0314233 -0.970426   2.21773
        0         0         0         1

-0.293037 -0.954364 0.0576093   0.93896
-0.922451  0.298055  0.245453 0.0661971
-0.251423 0.0187854 -0.967695    2.1956
        0         0         0         1

  -0.265003   -0.960708   0.0825418    0.957414
   -0.92337    0.277497    0.265298   0.0220736
  -0.277779 -0.00591201   -0.960627     2.15132
          0           0           0           1

 -0.246171  -0.964205  0.0985343    0.96361
 -0.924144   0.264149   0.276013 0.00217984
 -0.292161 -0.0231134   -0.95609     2.1293
         0          0          0          1

 -0.233236  -0.965864   0.112726   0.972699
 -0.922122   0.256481   0.289671 -0.0187537
 -0.308695 -0.0363857  -0.950465    2.10657
         0          0          0          1

 -0.221158  -0.966986   0.126599   0.982377
 -0.920953   0.249787   0.299087 -0.0368495
 -0.320835 -0.0504459  -0.945791    2.08312
         0          0          0          1

 -0.197968  -0.967595   0.156741     1.0016
 -0.915843   0.239578   0.322233 -0.0735046
 -0.349343 -0.0797577  -0.933594    2.03553
         0          0          0          1

  -0.18892  -0.967604   0.167485    1.01166
  -0.91385   0.235661   0.330669 -0.0892469
 -0.359426 -0.0905866  -0.928766    2.01115
         0          0          0          1

-0.179462  -0.96712  0.180199   1.02198
-0.910241  0.232723  0.342493 -0.106282
-0.373169  -0.10256 -0.922077   1.98755
        0         0         0         1

-0.169953  -0.96683  0.190669   1.03173
-0.907594  0.228946  0.351933  -0.12155
-0.383913 -0.113238   -0.9164   1.96455
        0         0         0         1

-0.161458 -0.966179  0.201073   1.04192
-0.904241  0.226451  0.362033 -0.136875
-0.395321 -0.123365 -0.910221    1.9406
        0         0         0         1

 -0.15655 -0.965113  0.209877   1.05261
-0.900168  0.226866  0.371791 -0.150959
-0.406434 -0.130721  -0.90428   1.91833
        0         0         0         1

-0.146351 -0.961974  0.230624    1.0745
-0.891686  0.229233  0.390319 -0.178372
-0.428343  -0.14852 -0.891327   1.87147
        0         0         0         1

-0.141918 -0.959826   0.24206   1.08463
-0.887483  0.231686  0.398366 -0.190298
-0.438444 -0.158289  -0.88471    1.8485
        0         0         0         1

-0.136665 -0.957211  0.255088   1.09514
 -0.88228  0.234705  0.408038 -0.202712
-0.450449 -0.169295 -0.876604   1.82581
        0         0         0         1

-0.133372 -0.954537  0.266593   1.10562
-0.877515  0.238763  0.415884 -0.213851
-0.460629 -0.178472 -0.869464   1.80413
        0         0         0         1

-0.129689 -0.949558  0.285517    1.1277
 -0.86937  0.247367  0.427792 -0.235146
-0.476841  -0.19274 -0.857598    1.7605
        0         0         0         1

-0.127454 -0.947749  0.292449   1.13771
-0.865547  0.250263  0.433817 -0.244743
-0.484339 -0.197837 -0.852219   1.74101
        0         0         0         1

-0.128085 -0.946043  0.297651   1.14846
-0.862543  0.254393  0.437384  -0.25424
-0.489504 -0.200715 -0.848586   1.72136
        0         0         0         1

-0.127101 -0.944812  0.301953   1.15812
 -0.86045  0.256464  0.440287 -0.262842
-0.493429 -0.203854  -0.84556   1.70311
        0         0         0         1

-0.128959 -0.943592  0.304966   1.16853
-0.857648  0.260509  0.443369  -0.27161
-0.497806 -0.204377 -0.842864   1.68512
        0         0         0         1

-0.129238 -0.942795  0.307302   1.17823
-0.855989  0.262511  0.445387 -0.279263
-0.500579 -0.205486 -0.840949   1.66818
        0         0         0         1

-0.133268 -0.941193  0.310477   1.19831
-0.851282  0.269124  0.450434 -0.294075
-0.507502 -0.204275 -0.837086    1.6352
        0         0         0         1

-0.135202 -0.939827  0.313761   1.20791
-0.848837  0.273207  0.452585 -0.300662
-0.511073 -0.205141 -0.834698   1.62002
        0         0         0         1

-0.136186 -0.938257  0.318004   1.21759
-0.846454  0.276988  0.454745 -0.306941
-0.514751 -0.207246 -0.831914    1.6046
        0         0         0         1

-0.138675 -0.936006  0.323516   1.22664
 -0.84398   0.28261  0.455883 -0.312549
-0.518138 -0.209822 -0.829161   1.59029
        0         0         0         1

-0.142762 -0.928835  0.341883   1.24388
-0.839505  0.296601  0.455257  -0.32296
-0.524261 -0.222019 -0.822105   1.56243
        0         0         0         1

-0.144759 -0.924265   0.35324   1.25182
-0.836876  0.304835  0.454658 -0.327523
-0.527905 -0.229802 -0.817623   1.54979
        0         0         0         1

-0.145753 -0.919238  0.365729   1.25972
-0.834235  0.312913  0.454023 -0.331798
-0.531797 -0.238929 -0.812468   1.53701
        0         0         0         1

 -0.14622 -0.914497  0.377247   1.26706
-0.832162  0.319907  0.452952 -0.335572
-0.534907 -0.247699 -0.807787    1.5253
        0         0         0         1

-0.148212 -0.909413   0.38859   1.27467
-0.829579  0.328227  0.451736 -0.339339
 -0.53836 -0.255413 -0.803077   1.51367
        0         0         0         1

-0.148856  -0.90518  0.398109    1.2817
-0.827608  0.334383  0.450836 -0.342676
-0.541208 -0.262368  -0.79891   1.50283
        0         0         0         1

-0.151695 -0.898653  0.411597   1.29542
  -0.8237  0.345108  0.449909 -0.348965
-0.546357 -0.270784 -0.792572   1.48237
        0         0         0         1

-0.153919 -0.896696  0.415024   1.30163
 -0.82239  0.349087  0.449236 -0.351829
-0.547707 -0.272166 -0.791165   1.47305
        0         0         0         1

-0.155489 -0.895482  0.417055   1.30789
-0.821224   0.35182  0.449237 -0.354536
-0.549012 -0.272644 -0.790095   1.46396
        0         0         0         1

-0.157132 -0.894775  0.417955   1.31355
-0.819951  0.354087   0.44978 -0.356979
-0.550445 -0.272028 -0.789311    1.4557
        0         0         0         1

-0.161547 -0.894614  0.416616   1.32438
-0.816757  0.358152  0.452366 -0.361532
-0.553905 -0.267195 -0.788541   1.43958
        0         0         0         1

-0.163527    -0.895  0.415011   1.32924
-0.815443  0.359394   0.45375 -0.363524
-0.555259 -0.264217 -0.788592   1.43233
        0         0         0         1

-0.164229 -0.895885  0.412819   1.33373
-0.814246  0.359353  0.455927 -0.365141
-0.556805  -0.26126 -0.788487    1.4253
        0         0         0         1

-0.165825 -0.896769  0.410252   1.33772
-0.813066  0.359744  0.457721 -0.366568
-0.558056 -0.257661 -0.788787   1.41879
        0         0         0         1

-0.166737 -0.897513  0.408251   1.34148
-0.811937  0.359897  0.459601  -0.36781
-0.559426 -0.254841 -0.788732   1.41231
        0         0         0         1

 -0.16741 -0.898142   0.40659   1.34475
-0.810904  0.359999  0.461341 -0.368828
-0.560722 -0.252472 -0.788574   1.40631
        0         0         0         1

 -0.16852 -0.899216  0.403746    1.3508
 -0.80804  0.360607  0.465869 -0.370584
-0.564511 -0.247735 -0.787372   1.39452
        0         0         0         1

-0.168372 -0.900158  0.401704   1.35322
-0.806786  0.359986  0.468516 -0.371221
-0.566346 -0.245205 -0.786846   1.38913
        0         0         0         1

-0.167716 -0.901111  0.399838   1.35535
-0.805592  0.359052  0.471279 -0.371775
-0.568237 -0.243065 -0.786146   1.38416
        0         0         0         1

-0.168312 -0.901834  0.397954   1.35728
-0.804309  0.359041  0.473473 -0.372537
-0.569876 -0.240387 -0.785784   1.37981
        0         0         0         1

-0.168376 -0.902515   0.39638   1.35995
 -0.80268  0.358941  0.476305 -0.373909
-0.572149 -0.237968 -0.784867   1.37181
        0         0         0         1

-0.167963 -0.902839  0.395816   1.36066
-0.802404  0.358459  0.477132 -0.374532
-0.572657 -0.237464 -0.784649   1.36829
        0         0         0         1

-0.167934 -0.902538  0.396515   1.36133
-0.801681  0.359107   0.47786  -0.37527
-0.573678 -0.237629 -0.783854   1.36524
        0         0         0         1

-0.168125 -0.902211  0.397178   1.36165
-0.801419  0.359705   0.47785 -0.375994
-0.573988 -0.237967 -0.783524   1.36258
        0         0         0         1

-0.168213 -0.901558  0.398619   1.36207
-0.801072  0.360676  0.477699 -0.376882
-0.574446 -0.238967 -0.782883   1.36024
        0         0         0         1

-0.167426 -0.901346  0.399429   1.36239
-0.801006  0.360565  0.477894 -0.377589
-0.574768 -0.239933 -0.782351   1.35834
        0         0         0         1

-0.164803 -0.900296  0.402873   1.36341
-0.802117  0.360029  0.476431 -0.379183
-0.573975 -0.244634 -0.781477   1.35587
        0         0         0         1

-0.162197 -0.899599  0.405479   1.36381
-0.802922  0.359186  0.475712 -0.379578
-0.573592 -0.248409 -0.780567   1.35479
        0         0         0         1

-0.156273  -0.89846  0.410303   1.36486
-0.803061  0.357424  0.476803 -0.379745
-0.575041 -0.254987 -0.777374   1.35467
        0         0         0         1

-0.150943 -0.899071   0.41096   1.36551
-0.804279  0.353404  0.477745 -0.379718
-0.574762 -0.258414 -0.776448   1.35456
        0         0         0         1

-0.137501  -0.89604  0.422144     1.366
-0.805054   0.34939   0.47939 -0.378442
-0.577045 -0.273932 -0.769402   1.35449
        0         0         0         1

-0.130596 -0.894867  0.426801   1.36569
-0.805458  0.346772  0.480611 -0.377235
-0.578085 -0.281004 -0.766064    1.3547
        0         0         0         1

-0.123899 -0.893602  0.431422   1.36506
-0.805925  0.344267  0.481628  -0.37578
-0.578908  -0.28802  -0.76283   1.35527
        0         0         0         1

-0.117632 -0.891981    0.4365   1.36394
-0.806854  0.342092  0.481622  -0.37401
-0.578921 -0.295537 -0.759939   1.35593
        0         0         0         1

-0.109897 -0.889793  0.442934   1.36151
-0.807723  0.339646  0.481897 -0.371129
-0.579229 -0.304809 -0.756032   1.35716
        0         0         0         1

-0.103437 -0.886726  0.450575   1.35837
-0.808399  0.338869   0.48131 -0.367873
-0.579476 -0.314459  -0.75188   1.35873
        0         0         0         1

-0.0876011 -0.879587  0.467604   1.35019
-0.811004  0.335548   0.47925 -0.360066
-0.578445 -0.337246 -0.742742   1.36307
        0         0         0         1

-0.0774453 -0.874548  0.478716   1.34562
-0.812353   0.33372   0.47824 -0.355671
-0.578001 -0.351849 -0.736286   1.36581
        0         0         0         1

-0.0678289 -0.867532  0.492735   1.34026
-0.813784  0.333826  0.475726  -0.35085
-0.577196 -0.368711 -0.728627   1.36865
        0         0         0         1

-0.0574001 -0.859602   0.50773   1.33469
-0.814915  0.334133  0.473569 -0.345735
-0.576731 -0.386574 -0.719682   1.37156
        0         0         0         1

-0.0337148 -0.840886  0.540161   1.32124
 -0.81709  0.334421  0.469603 -0.333627
-0.575524 -0.425528 -0.698354   1.37841
        0         0         0         1

-0.0221971  -0.83202  0.554301   1.31344
-0.818657  0.333371  0.467616 -0.327045
-0.573854 -0.443402 -0.688539   1.38199
        0         0         0         1

-0.0102791 -0.822736  0.568331   1.30436
-0.820666  0.331672  0.465297 -0.319831
-0.571316 -0.461627 -0.678601   1.38624
        0         0         0         1

0.000227798 -0.814252  0.580512   1.29483
-0.822679  0.329872  0.463016 -0.312568
-0.568506 -0.477681 -0.669793   1.39053
        0         0         0         1

0.0103791 -0.805404  0.592635   1.28397
-0.824727  0.328238  0.460526 -0.304444
-0.565435 -0.493542 -0.660832   1.39527
        0         0         0         1

0.0210282 -0.796886  0.603763   1.27266
-0.826485  0.325951  0.458997 -0.295949
-0.562566 -0.508653  -0.65176   1.40016
        0         0         0         1

0.0400156 -0.778997   0.62575    1.2464
 -0.83014  0.322629  0.454728 -0.276736
-0.556117 -0.537656 -0.633766   1.41047
        0         0         0         1

0.0480126 -0.769868  0.636394   1.23225
-0.831366  0.322351  0.452681 -0.266497
-0.553647 -0.550811 -0.624566   1.41554
        0         0         0         1

0.0555848 -0.761116  0.646229   1.21649
-0.832419  0.322078  0.450937 -0.254925
-0.551352 -0.562999 -0.615665   1.42076
        0         0         0         1

0.0612952 -0.752786  0.655405   1.20033
-0.833069  0.323092  0.449008 -0.243362
-0.549763  -0.57352 -0.607318   1.42573
        0         0         0         1

0.0698997 -0.737218   0.67203   1.16338
-0.833575  0.326892  0.445303 -0.217619
-0.547966 -0.591313 -0.591677   1.43582
        0         0         0         1

0.0715906 -0.729721  0.679987   1.14376
-0.833206  0.331011  0.442944  -0.20428
-0.548309  -0.59828 -0.584311   1.44067
        0         0         0         1

 0.071714  -0.72228  0.687873   1.12236
-0.832452  0.336555  0.440176  -0.19005
-0.549437 -0.604188 -0.577127   1.44533
        0         0         0         1

0.0688296 -0.716091  0.694605   1.10079
-0.831904  0.343096  0.436144 -0.176048
-0.550635 -0.607864 -0.572104   1.44936
        0         0         0         1

0.0648412 -0.710285  0.700921    1.0774
-0.829756  0.351817  0.433277 -0.160901
-0.554346 -0.609688 -0.566552   1.45371
        0         0         0         1

0.0598941 -0.705199  0.706475     1.054
-0.827747  0.360471  0.429996 -0.146109
-0.557896 -0.610536 -0.562136   1.45756
        0         0         0         1

0.0436587 -0.694375  0.718288   1.00357
-0.822712  0.382899  0.420158 -0.114509
-0.566779 -0.609288 -0.554554   1.46389
        0         0         0         1

 0.0320769  -0.689105   0.723951    0.97815
 -0.818498   0.397584   0.414714 -0.0984348
 -0.573613  -0.605855  -0.551278    1.46691
         0          0          0          1

 0.0171311   -0.68301   0.730208    0.95095
 -0.814112   0.414449    0.40676 -0.0812828
 -0.580455  -0.601439  -0.548947    1.46887
         0          0          0          1

0.00257856  -0.676059   0.736843   0.923569
 -0.809198    0.43151   0.398746 -0.0645338
 -0.587531  -0.597279  -0.545953    1.47019
         0          0          0          1

-0.0345083  -0.662094   0.748626   0.865955
 -0.795389    0.47174   0.380549 -0.0289086
 -0.605116  -0.582317  -0.542901    1.47326
         0          0          0          1

-0.0536281  -0.654583   0.754085    0.83666
 -0.787212   0.492319   0.371374 -0.0112848
 -0.614346  -0.573709  -0.541698    1.47367
         0          0          0          1

-0.076439 -0.645615  0.759828  0.807159
-0.777966  0.515262  0.359547 0.0078335
 -0.62364 -0.563637 -0.541652    1.4744
        0         0         0         1

-0.0960122 -0.636882  0.764959  0.777302
-0.769243  0.535198  0.349039 0.0260341
-0.631701 -0.554928 -0.541303   1.47381
        0         0         0         1

 -0.11858 -0.627002   0.76994  0.746522
-0.757928  0.558093  0.337754 0.0453365
 -0.64147 -0.543509 -0.541401   1.47414
        0         0         0         1

-0.142023 -0.615208  0.775467  0.717242
-0.745365  0.581966  0.325187 0.0642554
-0.651353 -0.531822 -0.541207   1.47405
        0         0         0         1

-0.187269  -0.58951  0.785753  0.656267
-0.721276  0.625545  0.297412  0.103458
-0.666851 -0.511049 -0.542345   1.47151
        0         0         0         1

-0.210924 -0.575634  0.790035  0.627562
 -0.70711  0.647882  0.283274  0.122942
-0.674912 -0.498893 -0.543691   1.47093
        0         0         0         1

-0.234566 -0.561428  0.793585  0.597606
-0.691264  0.670307  0.269893  0.142621
-0.683471  -0.48527 -0.545326   1.47081
        0         0         0         1

-0.262097 -0.545974  0.795749  0.570947
-0.674886  0.693101  0.253258  0.162601
-0.689807 -0.470662  -0.55013   1.47101
        0         0         0         1

-0.307385 -0.519046  0.797563   0.51344
-0.642128  0.731689  0.228696   0.20145
-0.702272  -0.44184 -0.558204   1.46962
        0         0         0         1

-0.329647 -0.508632  0.795378  0.487029
 -0.62649  0.748103   0.21875  0.219686
-0.706288 -0.426186 -0.565263   1.46885
        0         0         0         1

-0.349992 -0.502031  0.790867  0.458657
-0.611745  0.761867    0.2129  0.237042
-0.709418 -0.409296 -0.573762   1.46792
        0         0         0         1

-0.371459 -0.494981  0.785501  0.433764
-0.595622  0.776041  0.207353    0.2547
-0.712216 -0.390839 -0.583089   1.46738
        0         0         0         1

-0.398365 -0.483766  0.779279  0.411871
-0.576862  0.792682  0.197197  0.275591
-0.713117  -0.37098 -0.594843    1.4666
        0         0         0         1

-0.423544  -0.47328  0.772409  0.392351
-0.560056  0.806989  0.187366  0.294863
-0.712002 -0.353235 -0.606859   1.46316
        0         0         0         1

-0.459165 -0.462327  0.758565  0.349479
-0.524504   0.83027  0.188543  0.328273
-0.716982 -0.311297 -0.623723   1.46162
        0         0         0         1

-0.474181 -0.457001  0.752531  0.330867
-0.507364  0.840378  0.190651   0.34397
-0.719538 -0.291404 -0.630356   1.45996
        0         0         0         1

-0.491206 -0.450144  0.745712   0.31288
-0.490655  0.850361  0.190117  0.360713
-0.719704 -0.272501 -0.638568   1.45752
        0         0         0         1

-0.502991 -0.443472  0.741844  0.296333
-0.477217  0.858128   0.18942  0.375409
  -0.7206 -0.258744 -0.643263   1.45254
        0         0         0         1

-0.531536 -0.426148  0.732029  0.269642
-0.443677  0.876257  0.187949  0.406189
 -0.72154 -0.224883 -0.654834    1.4482
        0         0         0         1

-0.543692 -0.419057   0.72718  0.258104
-0.429242  0.883377  0.188137  0.419702
-0.721214 -0.209848 -0.660162   1.44677
        0         0         0         1

-0.551538 -0.413014  0.724724  0.246095
-0.419303  0.888345  0.187157  0.431614
-0.721104 -0.200655 -0.663134   1.43878
        0         0         0         1

-0.560802 -0.405011  0.722127  0.236735
-0.407443  0.894267  0.185137  0.444025
-0.720757 -0.190401 -0.666526   1.43463
        0         0         0         1

-0.567091 -0.399461  0.720304  0.228386
-0.396351  0.898958  0.186493  0.456496
-0.722021 -0.179734 -0.668118   1.42987
        0         0         0         1

 -0.57416 -0.394337  0.717522  0.220287
-0.387423  0.902902  0.186204  0.466295
 -0.72128 -0.171074 -0.671185   1.42554
        0         0         0         1

-0.580653 -0.392253  0.713428  0.204452
-0.370599  0.907579  0.197373  0.482375
-0.724912 -0.149791 -0.672358   1.41899
        0         0         0         1

 -0.58689 -0.379664  0.715133  0.207175
-0.358782  0.913741  0.190662  0.495149
-0.725834  -0.14468 -0.672482    1.4131
        0         0         0         1

-0.587457  -0.37814  0.715475  0.202746
-0.352455  0.915411  0.194418  0.502837
-0.728471  -0.13796 -0.671042   1.40781
        0         0         0         1

 -0.58444 -0.379944  0.716988  0.196333
-0.355162  0.914246  0.194971  0.506419
-0.729582 -0.140698 -0.669264   1.39635
        0         0         0         1

-0.590413 -0.364919  0.719894  0.202454
-0.341888   0.92105  0.186492  0.524698
-0.731113 -0.136016 -0.668561   1.38394
        0         0         0         1

-0.589928 -0.366127  0.719677  0.199533
-0.338762  0.921281  0.191003  0.528573
-0.732956 -0.131121  -0.66752      1.38
        0         0         0         1

-0.591004 -0.365338  0.719195  0.198364
-0.335206  0.922168  0.192987  0.533847
-0.733724 -0.127022 -0.667469   1.37563
        0         0         0         1

-0.589249 -0.363634  0.721495   0.20017
-0.332479  0.923013  0.193662  0.539187
-0.736372 -0.125767 -0.664785   1.36723
        0         0         0         1

-0.589874 -0.362249  0.721682  0.201658
-0.329248  0.923959  0.194668  0.544032
-0.737323 -0.122783 -0.664289    1.3612
        0         0         0         1

 -0.59075 -0.359918  0.722131  0.200868
-0.327181  0.924967  0.193359   0.54702
-0.737541  -0.12204 -0.664183   1.35817
        0         0         0         1

-0.594561 -0.339557  0.728833  0.208318
-0.317696  0.931904  0.174999  0.560337
-0.738624   -0.1275  -0.66195   1.34893
        0         0         0         1

  -0.5944 -0.333358   0.73182  0.206342
-0.317858   0.93332  0.166974  0.563112
-0.738685 -0.133365 -0.660726   1.34364
        0         0         0         1

-0.593885 -0.333788  0.732042  0.200775
 -0.31947  0.932908  0.166199  0.562532
-0.738403 -0.135163 -0.660676    1.3461
        0         0         0         1

-0.592424 -0.327629  0.735998  0.204109
-0.323314  0.933464  0.155286  0.564373
-0.737904 -0.145964 -0.658933   1.33779
        0         0         0         1

-0.593582 -0.323692  0.736807  0.205055
-0.321804  0.934631   0.15135  0.566288
-0.737633 -0.147269 -0.658946   1.34225
        0         0         0         1

-0.593397 -0.313984  0.741144  0.209603
-0.323358  0.936201  0.137723  0.569288
-0.737102  -0.15793 -0.657068   1.33966
        0         0         0         1

-0.592564 -0.298195  0.748297  0.213278
-0.326625  0.938109  0.115186  0.572539
-0.736332 -0.176157 -0.653287    1.3386
        0         0         0         1

-0.589364  -0.29321   0.75278  0.213655
-0.332397  0.937294  0.104839  0.572297
-0.736316 -0.188434  -0.64987   1.33573
        0         0         0         1

-0.592954 -0.283966  0.753504  0.216048
 -0.33319  0.938414 0.0914547  0.574829
-0.733068 -0.196832 -0.651051   1.33406
        0         0         0         1

-0.591693 -0.287734  0.753066  0.214746
-0.337613  0.936715 0.0926365   0.57409
-0.732064 -0.199433 -0.651391   1.33457
        0         0         0         1

-0.592593 -0.288397  0.752104  0.212716
-0.340254   0.93594 0.0907993   0.57417
 -0.73011 -0.202099  -0.65276   1.33514
        0         0         0         1

-0.595978 -0.285724  0.750448  0.214527
 -0.33829  0.936913  0.088061  0.576599
-0.728265 -0.201387 -0.655037    1.3364
        0         0         0         1

-0.597023 -0.285866  0.749563  0.215522
 -0.33706  0.937268 0.0889867  0.578075
 -0.72798  -0.19952 -0.655925   1.33674
        0         0         0         1

 -0.59492 -0.289162   0.74997    0.2156
-0.339342  0.936176 0.0917695   0.57783
 -0.72864 -0.199901 -0.655075   1.33564
        0         0         0         1

-0.595175 -0.289712  0.749556  0.215823
-0.338138  0.936445 0.0934526  0.579233
-0.728992 -0.197833 -0.655311   1.33533
        0         0         0         1

-0.597422 -0.288621  0.748188  0.219098
-0.335877  0.937267 0.0933656   0.58277
-0.728199 -0.195521 -0.656885   1.33569
        0         0         0         1

-0.597249 -0.295126  0.745784  0.219553
-0.331474  0.937541  0.105553  0.584138
-0.730355 -0.184167 -0.657772   1.34575
        0         0         0         1

-0.595301 -0.295506   0.74719  0.220561
-0.331887  0.937313  0.106276  0.584542
-0.731756 -0.184717 -0.656058   1.34834
        0         0         0         1

-0.592425  -0.29828  0.748373  0.219258
-0.335074  0.936003  0.107813  0.584376
-0.732638  -0.18689 -0.654457   1.35154
        0         0         0         1

-0.591351   -0.2955  0.750322  0.222682
-0.335073  0.936358  0.104686  0.587246
-0.733506 -0.189506  -0.65273   1.35772
        0         0         0         1

-0.587449 -0.297926  0.752425  0.218183
-0.341815  0.934106  0.102995  0.588346
 -0.73353 -0.196686 -0.650576   1.37485
        0         0         0         1

-0.587078 -0.296737  0.753184  0.220982
-0.345421   0.93327 0.0984439  0.591385
-0.732136 -0.202372 -0.650402   1.38172
        0         0         0         1

-0.588512 -0.293449  0.753353  0.226577
-0.350394  0.932323  0.089437   0.59598
-0.728613 -0.211335 -0.651506   1.38992
        0         0         0         1

-0.590856 -0.294901  0.750948  0.226225
-0.357108  0.930248 0.0843354  0.598088
-0.723439 -0.218339 -0.654954   1.40175
        0         0         0         1

-0.592722 -0.300851  0.747107  0.219913
-0.364692  0.927323 0.0840915  0.597241
-0.718109 -0.222621 -0.659363   1.41877
        0         0         0         1

-0.596047 -0.303213  0.743498   0.21859
-0.374831  0.923947 0.0763098  0.598721
-0.710091 -0.233202  -0.66437   1.43014
        0         0         0         1

-0.600837 -0.308532   0.73743  0.212842
-0.399141  0.915076 0.0576482  0.601883
-0.692591 -0.259701 -0.672959   1.45737
        0         0         0         1

-0.601758 -0.318276  0.732521   0.20433
-0.413004  0.909025 0.0556879   0.60188
-0.683604 -0.269023 -0.678463   1.47512
        0         0         0         1

-0.601145 -0.329201  0.728184  0.193835
-0.425696  0.903079   0.05684  0.599363
 -0.67632 -0.275816 -0.683021    1.4959
        0         0         0         1

-0.608777 -0.328721  0.722034  0.192526
-0.434772  0.899516 0.0429489     0.605
-0.663599 -0.287774 -0.690524   1.51321
        0         0         0         1

-0.620871 -0.334842  0.708802  0.182212
-0.452946  0.891208 0.0242558  0.614271
-0.639811 -0.305989 -0.704991   1.55259
        0         0         0         1

-0.637912 -0.332934  0.694423  0.183444
-0.455421  0.890236 0.0084555   0.62329
-0.621015 -0.310861 -0.719517   1.57818
        0         0         0         1

  -0.651788   -0.330796    0.682457    0.180897
  -0.460139      0.8878 -0.00913185    0.633319
  -0.602864   -0.319977   -0.730869     1.59959
          0           0           0           1

 -0.655902  -0.339737    0.67407   0.169432
 -0.469822   0.882676 -0.0122835    0.63574
 -0.590812   -0.32475  -0.738565    1.62397
         0          0          0          1

 -0.666142  -0.344751   0.661363   0.160647
 -0.474954   0.879788 -0.0197755   0.642025
 -0.575042   -0.32729  -0.749805    1.65173
         0          0          0          1

 -0.685372  -0.340057   0.643915    0.16053
 -0.473389   0.879983 -0.0391412   0.657032
 -0.553324  -0.331649  -0.764095    1.67765
         0          0          0          1

 -0.694161  -0.369853   0.617535   0.122416
 -0.494228   0.868614 -0.0353248   0.661219
 -0.523335  -0.329724  -0.785749    1.73362
         0          0          0          1

 -0.708628  -0.371023   0.600157   0.118017
 -0.493691   0.868417 -0.0460566   0.674944
 -0.504098  -0.328929  -0.798555    1.76294
         0          0          0          1

 -0.725672   -0.37115   0.579351   0.113611
 -0.492994   0.867854 -0.0615314   0.688956
 -0.479955  -0.330269  -0.812752     1.7914
         0          0          0          1

 -0.744049  -0.365662   0.559181   0.113878
 -0.486376   0.870252 -0.0780952   0.706791
 -0.458072  -0.330079  -0.825359    1.82042
         0          0          0          1

-0.780476 -0.358672  0.512066  0.109988
-0.475393  0.872421 -0.113501  0.745181
-0.406028 -0.332017 -0.851414   1.87817
        0         0         0         1

-0.792681 -0.355675  0.495129  0.100847
-0.469955  0.873844 -0.124655  0.762892
-0.388329   -0.3315  -0.85983   1.90176
        0         0         0         1

-0.817016 -0.343079  0.463445  0.104196
-0.452622  0.879529 -0.146838  0.790531
-0.357236 -0.329734 -0.873875   1.93574
        0         0         0         1

-0.819619 -0.351947  0.452059 0.0863525
-0.454376  0.879938 -0.138752  0.795956
 -0.34895 -0.319129  -0.88113   1.96998
        0         0         0         1

-0.838781 -0.345115   0.42112 0.0853764
 -0.44039  0.884843 -0.152018  0.820462
-0.320162 -0.312967 -0.894175   2.00235
        0         0         0         1

-0.854038 -0.336858  0.396416 0.0850464
-0.425499  0.890742 -0.159778  0.845162
-0.299282 -0.305132  -0.90406   2.03428
        0         0         0         1

-0.891798 -0.302376   0.33655  0.106694
-0.381802   0.90207 -0.201237  0.908053
-0.242742 -0.307958 -0.919912   2.08536
        0         0         0         1

 -0.90509 -0.290785  0.310252  0.109879
-0.363423  0.907793  -0.20937  0.933861
-0.220763 -0.302252 -0.927312   2.11967
        0         0         0         1

-0.919371 -0.274526  0.281767  0.113436
-0.342812  0.910426 -0.231525  0.965807
-0.192969 -0.309451  -0.93113   2.13951
        0         0         0         1

-0.938894 -0.239395  0.247323  0.143806
-0.302156  0.917375 -0.259085   1.01054
-0.164864 -0.317983 -0.933652   2.16033
        0         0         0         1

