 -0.796999  -0.585766   0.147208   0.211288
 -0.591184   0.806493  0.0084467   0.872955
  -0.12367 -0.0802947   -0.98907    2.33395
         0          0          0          1

 -0.785121  -0.598923    0.15772   0.208413
 -0.602987   0.797324  0.0261098   0.845206
 -0.141391 -0.0746035  -0.987139    2.33232
         0          0          0          1

 -0.764235  -0.617876   0.184859   0.197201
  -0.62256   0.781613    0.03872   0.803835
 -0.168413 -0.0854948  -0.982002    2.30088
         0          0          0          1

 -0.756047  -0.625234   0.193587    0.19384
 -0.628585   0.776036  0.0514709   0.779476
 -0.182412 -0.0827715  -0.979732    2.29384
         0          0          0          1

 -0.737526  -0.642193   0.208909   0.176196
  -0.64193   0.762741  0.0784359   0.743699
 -0.209714 -0.0762563  -0.974785    2.29289
         0          0          0          1

 -0.712432  -0.662888   0.230261   0.150451
 -0.661243   0.744006  0.0959831   0.712031
 -0.234941 -0.0838771  -0.968384    2.27524
         0          0          0          1

-0.676797 -0.685271   0.26898    0.1298
-0.683003  0.720837  0.117905  0.672156
-0.274687 -0.103916 -0.955902   2.22872
        0         0         0         1

-0.663512 -0.692693  0.282714  0.120928
-0.689578  0.712798  0.128069  0.648346
-0.290231 -0.109978 -0.950616   2.21928
        0         0         0         1

 -0.65956 -0.691183  0.295375  0.127007
-0.689742  0.712721  0.127614  0.638393
-0.298725 -0.119564  -0.94682   2.19901
        0         0         0         1

-0.640473 -0.698186  0.319891  0.114768
-0.697859   0.70299  0.137105  0.619747
-0.320605 -0.135427 -0.937482   2.17776
        0         0         0         1

-0.628489 -0.695791  0.347673  0.113339
-0.699188  0.701215  0.139405  0.593226
 -0.34079 -0.155474 -0.927195   2.14714
        0         0         0         1

-0.617259 -0.699418  0.360286  0.109445
-0.699935  0.697297  0.154491  0.573006
 -0.35928 -0.156816  -0.91996   2.13607
        0         0         0         1

-0.608438 -0.703916  0.366477  0.106562
-0.701314  0.693052  0.166843  0.555646
-0.371432 -0.155502 -0.915346   2.12761
        0         0         0         1

 -0.58972 -0.705868  0.392404 0.0953301
-0.707511  0.685842  0.170438  0.541249
-0.389434 -0.177119 -0.903864   2.09457
        0         0         0         1

-0.579318 -0.710435  0.399591 0.0912057
-0.705566  0.682538  0.190573   0.52104
-0.408126 -0.171535 -0.896666    2.0901
        0         0         0         1

-0.568655 -0.707141  0.420217 0.0860474
-0.704598  0.682353  0.194771  0.510092
-0.424467 -0.185326 -0.886274   2.06876
        0         0         0         1

-0.560628 -0.699621  0.442975 0.0891485
 -0.70058  0.685931  0.196688  0.490718
-0.441457 -0.200071 -0.874693   2.03676
        0         0         0         1

-0.555466 -0.696966  0.453537 0.0891504
-0.699605  0.686507  0.198144  0.480431
-0.449456 -0.207235 -0.868932    2.0194
        0         0         0         1

-0.540284 -0.695071   0.47431 0.0837007
 -0.70135  0.683418  0.202601  0.467283
-0.464974 -0.223196 -0.856728    1.9936
        0         0         0         1

-0.537242 -0.688491  0.487188  0.086508
-0.697413  0.687475  0.202469  0.460334
-0.474327 -0.230997 -0.849502   1.97932
        0         0         0         1

-0.528255 -0.682533   0.50507 0.0846773
-0.697511  0.688026  0.200245  0.451506
-0.484175 -0.246512 -0.839528   1.95668
        0         0         0         1

-0.516122 -0.684376  0.515022 0.0795711
-0.698956  0.684076   0.20857  0.437016
-0.495054  -0.25233 -0.831415   1.94351
        0         0         0         1

-0.503307 -0.671626  0.543691 0.0845756
-0.687791  0.692259   0.21845  0.420165
-0.523092 -0.263999 -0.810358   1.91471
        0         0         0         1

-0.482608 -0.673357  0.560071 0.0773484
 -0.69195  0.685162  0.227502  0.406901
 -0.53693 -0.277747 -0.796595   1.89346
        0         0         0         1

-0.475673 -0.666841  0.573636 0.0789253
-0.687275  0.688765  0.230772  0.398377
-0.548989 -0.284473  -0.78593   1.87428
        0         0         0         1

-0.469492 -0.656121  0.590833 0.0837647
-0.682899  0.694006  0.228045  0.395604
-0.559667 -0.296414 -0.773894   1.85441
        0         0         0         1

-0.465783 -0.645352  0.605447 0.0937149
-0.672153  0.703036  0.232272   0.38557
-0.575549 -0.298765 -0.761238   1.82592
        0         0         0         1

-0.456889  -0.64307  0.614583 0.0942378
-0.670776  0.702852  0.236767  0.377587
-0.584219 -0.304071 -0.752482    1.8085
        0         0         0         1

-0.450351  -0.63879  0.623805 0.0974747
-0.668624  0.704308  0.238519  0.373856
-0.591714 -0.309674 -0.744296   1.79003
        0         0         0         1

-0.440699 -0.638477  0.630977 0.0960159
-0.671752  0.700827   0.23998  0.367439
-0.595427 -0.318101 -0.737752   1.76952
        0         0         0         1

-0.434717 -0.635779  0.637814 0.0990229
-0.668332  0.702462  0.244704  0.361215
-0.603618 -0.319895 -0.730283   1.75608
        0         0         0         1

 -0.43048 -0.633601  0.642835  0.101693
 -0.66503  0.704181  0.248724  0.356315
-0.610264 -0.320434   -0.7245   1.74456
        0         0         0         1

-0.413468 -0.628614  0.658702  0.107291
-0.658305  0.706169  0.260693  0.344508
 -0.62903 -0.325839 -0.705798    1.7179
        0         0         0         1

-0.407143 -0.626502  0.664628  0.111152
-0.652901  0.708489  0.267888  0.339295
-0.638714 -0.324867   -0.6975   1.70859
        0         0         0         1

-0.405969 -0.617105   0.67407  0.119723
-0.648679  0.714136  0.263107  0.340077
-0.643743 -0.330442  -0.69022   1.69386
        0         0         0         1

-0.395884 -0.616343  0.680733  0.122407
-0.645965  0.713792  0.270612  0.333755
-0.652691 -0.332599 -0.680715   1.68432
        0         0         0         1

-0.386716 -0.608337  0.693092  0.132228
-0.643834  0.716182  0.269372  0.328413
-0.660249 -0.342065 -0.668627   1.66022
        0         0         0         1

-0.375254 -0.611809  0.696329  0.129642
-0.645049  0.711846  0.277824  0.321268
-0.665654 -0.344912  -0.66177   1.64876
        0         0         0         1

-0.375324 -0.606488  0.700931  0.136042
-0.643336  0.714853  0.274051  0.320922
-0.667271 -0.348076 -0.658477   1.63995
        0         0         0         1

-0.370473 -0.605715  0.704173   0.13862
 -0.64518  0.713194  0.274038  0.317436
-0.668201 -0.352795 -0.655014   1.62792
        0         0         0         1

-0.366063 -0.607296  0.705117  0.140419
-0.643568  0.712509  0.279553  0.312965
-0.672174 -0.351457  -0.65166   1.62345
        0         0         0         1

-0.357836 -0.607371  0.709263  0.142715
-0.645075   0.70997  0.282525  0.307779
-0.675153  -0.35643 -0.645853   1.61219
        0         0         0         1

-0.348461 -0.606202  0.714908  0.149043
-0.643197  0.709448  0.288065  0.301973
-0.681816 -0.359447 -0.637122   1.60039
        0         0         0         1

-0.346393 -0.603879  0.717874   0.15462
-0.643673  0.709688  0.286404  0.300837
 -0.68242 -0.362868 -0.634532   1.59273
        0         0         0         1

-0.344824 -0.602103  0.720117  0.159324
-0.645956  0.708837  0.283359  0.300208
-0.681056 -0.367455 -0.633356   1.58342
        0         0         0         1

-0.341355 -0.605118  0.719242  0.160036
-0.646419  0.706649  0.287731  0.295607
-0.682363 -0.366714 -0.632378   1.58163
        0         0         0         1

-0.336745 -0.611565  0.715954  0.162287
-0.650014  0.701103   0.29315  0.287678
-0.681238 -0.366664 -0.633619   1.57321
        0         0         0         1

-0.336103 -0.615767  0.712647  0.164272
-0.649404  0.699548  0.298172  0.284067
-0.682136 -0.362579 -0.635002   1.57357
        0         0         0         1

-0.333289 -0.618203  0.711859  0.165907
-0.651357  0.696855  0.300212  0.281234
-0.681655 -0.363617 -0.634925   1.56698
        0         0         0         1

-0.331256   -0.6203  0.710984  0.167271
-0.652662  0.694811  0.302107  0.278974
-0.681397 -0.363958 -0.635007   1.56185
        0         0         0         1

-0.327601 -0.625063  0.708501  0.165702
-0.652898  0.691802  0.308438  0.273651
-0.682936 -0.361535 -0.634737   1.56109
        0         0         0         1

-0.325609 -0.626179  0.708434  0.167977
-0.652904  0.690851   0.31055  0.271617
-0.683882 -0.361421 -0.633782   1.55825
        0         0         0         1

-0.323808 -0.627616  0.707988  0.171962
-0.651565  0.690504  0.314115  0.268559
-0.686011 -0.359587 -0.632523   1.55405
        0         0         0         1

-0.319305 -0.630209   0.70773   0.17215
-0.654349  0.686829  0.316376  0.265706
-0.685472 -0.362082 -0.631684   1.54944
        0         0         0         1

-0.318091 -0.634761  0.704199  0.173632
-0.656073   0.68358  0.319824  0.262594
-0.684388 -0.360273  -0.63389    1.5488
        0         0         0         1

-0.314807  -0.64303  0.698147  0.173797
-0.659929   0.67695  0.325933  0.258205
-0.682196 -0.358121 -0.637462   1.54903
        0         0         0         1

-0.309028 -0.663206  0.681659  0.176488
 -0.67295  0.658953  0.336034  0.249756
-0.672041 -0.354879  -0.64994   1.54822
        0         0         0         1

-0.306936 -0.670452  0.675488  0.178349
-0.678305  0.651964  0.338888    0.2468
-0.667602  -0.35417 -0.654882   1.54748
        0         0         0         1

-0.303831 -0.676413  0.670934  0.177719
-0.679142   0.64766  0.345402  0.242253
-0.668171 -0.350716  -0.65616   1.54954
        0         0         0         1

-0.297682 -0.682373  0.667647  0.177006
-0.680978  0.641913  0.352444  0.236864
 -0.66907 -0.349737 -0.655767   1.55189
        0         0         0         1

-0.296414 -0.683104  0.667463  0.178584
-0.683831  0.639676  0.350983  0.233315
-0.666718 -0.352396 -0.656737   1.55298
        0         0         0         1

-0.292606  -0.68428  0.667939  0.179112
-0.687488  0.636046  0.350436  0.229085
-0.664636  -0.35666 -0.656546   1.55223
        0         0         0         1

-0.286587 -0.688251  0.666467  0.177149
-0.691405  0.630126  0.353412  0.217192
-0.663195 -0.359516 -0.656446   1.55727
        0         0         0         1

-0.281606 -0.693685  0.662947  0.173401
-0.691578  0.625669  0.360912  0.208188
-0.665145 -0.356845  -0.65593   1.56274
        0         0         0         1

-0.278506 -0.697981   0.65974  0.172005
-0.694895  0.620621  0.363249  0.200171
-0.662989 -0.357284  -0.65787    1.5647
        0         0         0         1

-0.274918 -0.705977    0.6527  0.169441
-0.697574  0.613642  0.369912  0.190992
-0.661673 -0.353611 -0.661172   1.56867
        0         0         0         1

-0.276097 -0.714456  0.642902  0.169828
-0.701853  0.606861  0.372991  0.176138
-0.656638 -0.348241 -0.668995   1.57529
        0         0         0         1

-0.273756 -0.720628  0.636987  0.168511
-0.704994  0.600856   0.37677  0.167267
-0.654248 -0.345929 -0.672526   1.57883
        0         0         0         1

-0.273246 -0.725897  0.631197  0.168477
-0.708603   0.59565  0.378263  0.158241
-0.650553 -0.343909 -0.677132   1.58135
        0         0         0         1

 -0.26792 -0.733802  0.624302  0.166422
-0.711865  0.587418  0.384952  0.146253
-0.649205 -0.341283 -0.679749   1.58419
        0         0         0         1

-0.264381 -0.742552  0.615401  0.164736
-0.714906  0.579188  0.391728  0.134452
-0.647311 -0.336389 -0.683981   1.58895
        0         0         0         1

-0.265678 -0.749159  0.606775  0.166583
-0.716956  0.574307  0.395152  0.125178
-0.644507 -0.330048 -0.689695   1.59366
        0         0         0         1

-0.262306 -0.762972  0.590821  0.167515
-0.722685  0.561048  0.403673  0.101912
 -0.63947 -0.321092 -0.698554    1.6011
        0         0         0         1

-0.259864 -0.769328  0.583614  0.167816
-0.725959  0.554175  0.407275 0.0907295
-0.636752 -0.317844 -0.702511   1.60378
        0         0         0         1

-0.256486 -0.773661  0.579364  0.168376
-0.728907  0.548473  0.409722 0.0780521
-0.634752 -0.317215 -0.704603   1.60596
        0         0         0         1

-0.258213 -0.775991  0.575468  0.171676
-0.729418  0.547175  0.410548 0.0686215
-0.633463 -0.313748 -0.707309   1.60959
        0         0         0         1

-0.252785 -0.779564  0.573045  0.175285
-0.734115  0.540337  0.411231 0.0448461
-0.630218 -0.316728 -0.708879   1.61096
        0         0         0         1

-0.252144  -0.78048  0.572079  0.178332
-0.735444  0.538779  0.410902 0.0343767
-0.628924 -0.317125 -0.709849   1.61224
        0         0         0         1

 -0.25105 -0.782028  0.570443  0.179913
-0.736387  0.536791  0.411813 0.0220368
-0.628258 -0.316681 -0.710637   1.61472
        0         0         0         1

 -0.248441  -0.782962   0.570305   0.181712
 -0.736954   0.534877   0.413285 0.00994947
  -0.62863  -0.317612  -0.709892    1.61476
         0          0          0          1

 -0.244775  -0.785331    0.56863   0.182495
 -0.738594   0.530974   0.415386 -0.0036045
 -0.628143  -0.318311   -0.71001    1.61543
         0          0          0          1

 -0.244169  -0.785576   0.568552   0.184955
 -0.739659   0.530029   0.414696 -0.0139199
 -0.627125  -0.319279  -0.710476    1.61531
         0          0          0          1

 -0.245885  -0.787507   0.565131    0.19013
 -0.740124   0.529018   0.415159 -0.0376064
 -0.625905  -0.316186   -0.71293    1.61668
         0          0          0          1

 -0.244444  -0.788188   0.564807   0.191451
  -0.74122   0.527426   0.415229 -0.0494475
 -0.625172  -0.317146  -0.713147    1.61544
         0          0          0          1

 -0.245484  -0.788562   0.563833   0.194484
 -0.740912   0.527694   0.415437 -0.0612094
 -0.625129  -0.315768  -0.713796    1.61647
         0          0          0          1

 -0.246165  -0.787504   0.565014   0.198094
 -0.741364   0.528495   0.413609 -0.0701435
 -0.624325  -0.317065  -0.713924    1.61488
         0          0          0          1

 -0.248792  -0.787243   0.564227   0.203748
  -0.74033   0.530183     0.4133 -0.0927747
 -0.624511  -0.314888  -0.714725    1.61544
         0          0          0          1

-0.250616 -0.786306  0.564725  0.207539
-0.739997  0.531708  0.411935 -0.101622
-0.624176 -0.314657 -0.715119   1.61469
        0         0         0         1

-0.251275 -0.785686  0.565294  0.210108
-0.739848  0.532476  0.411209 -0.112601
-0.624088 -0.314906 -0.715087   1.61331
        0         0         0         1

-0.250971 -0.785952   0.56506  0.211692
-0.739005  0.532596  0.412569 -0.124122
-0.625208 -0.314039 -0.714489   1.61345
        0         0         0         1

-0.252155 -0.785537  0.565111  0.214974
-0.738095  0.533789  0.412656 -0.134433
-0.625806 -0.313052 -0.714398   1.61317
        0         0         0         1

-0.253885 -0.785073   0.56498  0.218433
-0.737348   0.53513  0.412253 -0.143277
-0.625987 -0.311922 -0.714734   1.61194
        0         0         0         1

-0.255603 -0.782885  0.567237  0.223774
-0.735881  0.538075   0.41104 -0.161573
-0.627013 -0.312356 -0.713644   1.60541
        0         0         0         1

-0.259764 -0.780792  0.568231  0.227856
  -0.7343  0.541866  0.408883 -0.167948
-0.627157  -0.31104 -0.714092   1.60415
        0         0         0         1

-0.261758 -0.780262  0.568044  0.229837
-0.732467  0.543862  0.409519 -0.177671
 -0.62847 -0.308879 -0.713876   1.60284
        0         0         0         1

 -0.26561  -0.77944  0.567384  0.232907
 -0.73096  0.546549  0.408634 -0.184667
-0.628608 -0.306198 -0.714909   1.60114
        0         0         0         1

-0.272301 -0.778533  0.565454  0.237697
-0.727037  0.551417  0.409092 -0.199194
-0.630293  -0.29971 -0.716174   1.59688
        0         0         0         1

-0.274657 -0.778271  0.564676  0.239716
-0.725543  0.553121  0.409443 -0.205809
-0.630992  -0.29724 -0.716587   1.59454
        0         0         0         1

-0.276062 -0.778836  0.563209  0.241519
-0.723845  0.553983  0.411279 -0.213161
-0.632328 -0.294138  -0.71669   1.59252
        0         0         0         1

-0.279695 -0.777601  0.563123  0.244205
-0.722023  0.556956  0.410467 -0.218099
-0.632814 -0.291782 -0.717223   1.59059
        0         0         0         1

-0.284313 -0.776002  0.563015  0.247222
-0.719425  0.560852  0.409723 -0.222663
-0.633714 -0.288558 -0.717733   1.58846
        0         0         0         1

-0.287486 -0.775034  0.562738  0.249761
-0.717386  0.563526  0.409628 -0.226829
-0.634593 -0.285938 -0.718004   1.58635
        0         0         0         1

-0.292546 -0.773267  0.562561  0.255056
-0.714245  0.567863  0.409128 -0.235029
-0.635823 -0.282118 -0.718428   1.58082
        0         0         0         1

-0.295091 -0.772196  0.562703  0.257379
 -0.71193  0.570481   0.40952 -0.238015
-0.637241  -0.27976 -0.718093   1.57855
        0         0         0         1

-0.295262   -0.7716   0.56343  0.259526
-0.710593  0.571554  0.410345   -0.2419
-0.638654  -0.27921 -0.717052   1.57512
        0         0         0         1

-0.297246 -0.770308  0.564155  0.261692
-0.708229  0.574154  0.410803  -0.24446
-0.640357 -0.277441 -0.716219   1.57284
        0         0         0         1

-0.296774 -0.770511  0.564126   0.26337
 -0.70634  0.574671  0.413324 -0.247985
-0.642658 -0.275801  -0.71479   1.57043
        0         0         0         1

 -0.29869 -0.768511   0.56584  0.265392
-0.704746  0.577416  0.412219 -0.249767
 -0.64352 -0.275647 -0.714074   1.56775
        0         0         0         1

-0.299437 -0.764996  0.570192  0.268994
 -0.70167  0.581515  0.411703 -0.253379
-0.646526 -0.276808 -0.710902   1.56172
        0         0         0         1

-0.300612 -0.763349  0.571778  0.270869
-0.698781  0.584296  0.412678 -0.254599
-0.649105 -0.275492 -0.709061   1.56011
        0         0         0         1

-0.302453 -0.760999  0.573936  0.272929
 -0.69699  0.587308   0.41143 -0.255232
-0.650175 -0.275589 -0.708042   1.55754
        0         0         0         1

-0.303653 -0.758833  0.576167  0.274515
-0.695653  0.589786  0.410145 -0.255634
-0.651046 -0.276271 -0.706975   1.55505
        0         0         0         1

-0.305869 -0.755969  0.578753  0.277722
-0.693057  0.593583  0.409061 -0.256474
-0.652775  -0.27599 -0.705488   1.55098
        0         0         0         1

-0.306675 -0.754701   0.57998  0.278885
-0.691401  0.595417  0.409198 -0.256687
-0.654152 -0.275508 -0.704401    1.5487
        0         0         0         1

-0.306529 -0.754902  0.579795  0.279673
-0.690608  0.595565  0.410321 -0.257381
-0.655058 -0.274635   -0.7039   1.54672
        0         0         0         1

-0.305541 -0.752379  0.583585  0.281067
-0.689582  0.597481  0.409258 -0.257073
-0.656598 -0.277385 -0.701382   1.54393
        0         0         0         1

-0.305011 -0.752013  0.584332  0.281879
-0.689506  0.597613  0.409195  -0.25747
-0.656924 -0.278092 -0.700796   1.54178
        0         0         0         1

-0.306479 -0.750719  0.585228  0.282931
-0.688968  0.599179  0.407808  -0.25674
-0.656805 -0.278219 -0.700857   1.54009
        0         0         0         1

-0.306774 -0.748157  0.588346  0.283972
-0.686733  0.601993  0.407435 -0.256407
-0.659005 -0.279046 -0.698459   1.53684
        0         0         0         1

 -0.30836 -0.747243  0.588678   0.28504
-0.685798  0.603484  0.406803 -0.255273
-0.659238 -0.278272 -0.698548   1.53559
        0         0         0         1

-0.309324 -0.745923  0.589846  0.285911
-0.685551  0.604778  0.405294 -0.254261
-0.659044 -0.279002 -0.698441   1.53419
        0         0         0         1

-0.308849 -0.746474  0.589397  0.285806
 -0.68612   0.60402  0.405462 -0.254646
-0.658675  -0.27917 -0.698721   1.53329
        0         0         0         1

-0.309649 -0.749039  0.585712  0.286301
-0.687171  0.602037  0.406629 -0.255051
-0.657201 -0.276572 -0.701138   1.53277
        0         0         0         1

-0.309579 -0.750105  0.584383  0.286523
 -0.68729  0.601225  0.407629 -0.255138
 -0.65711 -0.275447 -0.701666   1.53254
        0         0         0         1

-0.310277 -0.750544  0.583448  0.287656
-0.687268  0.601132  0.407804 -0.254066
-0.656804 -0.274453 -0.702342   1.53228
        0         0         0         1

-0.310396 -0.752152  0.581311  0.287958
-0.687289   0.60003  0.409388 -0.254016
-0.656726 -0.272456 -0.703192   1.53255
        0         0         0         1

-0.312299 -0.754606  0.577096  0.288829
-0.687198  0.598884  0.411214 -0.252434
-0.655918 -0.268157 -0.705594   1.53225
        0         0         0         1

-0.315072 -0.756126  0.573588  0.288903
-0.686493  0.598887  0.412386 -0.251386
 -0.65533 -0.263833 -0.707768   1.53291
        0         0         0         1

-0.316273 -0.758772  0.569417  0.288511
-0.685862   0.59757  0.415335  -0.25086
-0.655411 -0.259183 -0.709409    1.5332
        0         0         0         1

-0.318931 -0.760342  0.565829  0.288348
-0.685365  0.597379  0.416429 -0.249715
-0.654643 -0.254987 -0.711635   1.53353
        0         0         0         1

-0.320692 -0.764603  0.559052  0.287409
-0.684378  0.595087  0.421305 -0.249461
-0.654816 -0.247494 -0.714117   1.53492
        0         0         0         1

-0.324384 -0.766065  0.554905  0.286681
-0.684551  0.594965  0.421196 -0.248402
-0.652812 -0.243232 -0.717408   1.53592
        0         0         0         1

-0.332775 -0.768342  0.546728  0.284765
-0.682721  0.596236  0.422368  -0.24511
-0.650502 -0.232709 -0.722976   1.54028
        0         0         0         1

-0.334764 -0.768399  0.545432  0.283396
-0.681484  0.597179  0.423033 -0.243352
-0.650779 -0.230087 -0.723565   1.54294
        0         0         0         1

-0.337696 -0.765989  0.547013  0.282384
 -0.68063  0.600143  0.420203 -0.240221
-0.650157 -0.230413 -0.724021   1.54521
        0         0         0         1

-0.338103 -0.763967  0.549583  0.281058
-0.679979  0.602032  0.418553 -0.237692
-0.650627 -0.232191  -0.72303   1.54754
        0         0         0         1

-0.338193 -0.761284  0.553238  0.277247
-0.678282  0.604697  0.417463 -0.232885
-0.652349 -0.234068  -0.72087   1.55399
        0         0         0         1

-0.339996 -0.758709  0.555665  0.275936
-0.677171  0.607517  0.415166 -0.229292
-0.652566 -0.235126 -0.720329   1.55715
        0         0         0         1

-0.339751 -0.758052   0.55671  0.272597
 -0.67693  0.608028  0.414811  -0.22679
-0.652943 -0.235921 -0.719727     1.561
        0         0         0         1

-0.341551  -0.75707  0.556945  0.270384
-0.677078  0.609188  0.412862 -0.222799
 -0.65185 -0.236081 -0.720665    1.5653
        0         0         0         1

-0.342327 -0.757661  0.555663  0.266034
-0.677263  0.608891  0.412998 -0.220339
-0.651251  -0.23495 -0.721575   1.57133
        0         0         0         1

-0.344557 -0.757751  0.554161  0.263033
-0.678364  0.609024  0.410989 -0.216354
-0.648924 -0.234314 -0.723874   1.57614
        0         0         0         1

-0.349922 -0.759451  0.548443  0.253609
-0.680625  0.608382  0.408193 -0.208408
-0.643665 -0.230448 -0.729787   1.58966
        0         0         0         1

 -0.35293 -0.761252     0.544  0.247748
-0.682204  0.607275  0.407204 -0.205202
-0.640342 -0.227404 -0.733655   1.59728
        0         0         0         1

-0.360373 -0.760028  0.540823  0.242313
-0.683404   0.60973  0.401483 -0.198504
-0.634893 -0.224917 -0.739136   1.60563
        0         0         0         1

-0.362675 -0.761399  0.537344  0.235288
 -0.68507  0.608726  0.400164 -0.194961
 -0.63178 -0.222988 -0.742382   1.61331
        0         0         0         1

-0.367811 -0.760237  0.535495   0.22791
-0.687169   0.61019  0.394292 -0.188482
 -0.62651  -0.22295 -0.746846   1.62127
        0         0         0         1

-0.372451 -0.761546  0.530404  0.219977
-0.688227  0.610062  0.392642 -0.184237
-0.622594 -0.218799 -0.751335   1.63135
        0         0         0         1

-0.384034  -0.75956  0.524963  0.201879
-0.690987  0.613542  0.382235 -0.170857
-0.612417 -0.215952 -0.760467   1.65055
        0         0         0         1

-0.390737 -0.757712  0.522682   0.19322
-0.692336  0.616116  0.375595 -0.163257
-0.606626 -0.215113 -0.765331   1.66029
        0         0         0         1

-0.396494 -0.757759  0.518261  0.182105
-0.693024    0.6173   0.37237  -0.15712
-0.602089 -0.211525   -0.7699   1.67237
        0         0         0         1

-0.400103 -0.758128  0.514937  0.170935
  -0.6932   0.61788  0.371076 -0.150889
-0.599492 -0.208485  -0.77275   1.68314
        0         0         0         1

-0.419064 -0.753016    0.5073   0.14836
-0.694235  0.625836  0.355481  -0.13097
-0.585169 -0.203216 -0.785035   1.70694
        0         0         0         1

-0.425356 -0.751718  0.503976  0.135632
 -0.69421  0.628274  0.351204 -0.122992
-0.580641 -0.200478 -0.789091    1.7188
        0         0         0         1

-0.438444 -0.748635  0.497304  0.122782
-0.694968   0.63326  0.340588 -0.111024
  -0.5699 -0.196282 -0.797927   1.73273
        0         0         0         1

-0.444437 -0.748831  0.491659  0.107767
-0.693824  0.634917  0.339838 -0.103954
-0.566643 -0.190088 -0.801737    1.7465
        0         0         0         1

 -0.453648  -0.745882   0.487713  0.0924776
 -0.694472   0.638842   0.331045 -0.0923574
 -0.558492  -0.188525  -0.807803     1.7593
         0          0          0          1

-0.463098 -0.742384  0.484155 0.0784743
-0.692929  0.643864  0.324483 -0.081319
-0.552621 -0.185218 -0.812591   1.77228
        0         0         0         1

-0.487324 -0.735946  0.469999 0.0461749
-0.687727  0.655139  0.312769 -0.057777
-0.538096 -0.170812 -0.825395   1.80481
        0         0         0         1

-0.504929 -0.727176   0.46504 0.0332782
-0.682913  0.666053  0.300006 -0.039966
-0.527898   -0.1661 -0.832907   1.81938
        0         0         0         1

 -0.516629  -0.724287   0.456621  0.0157071
 -0.679347   0.671353   0.296265 -0.0273559
 -0.521134  -0.157145  -0.838883    1.83677
         0          0          0          1

  -0.528017   -0.719558    0.451036 -0.00256492
  -0.676974    0.677309    0.288025  -0.0148599
  -0.512742   -0.153258   -0.844753     1.85122
          0           0           0           1

  -0.55552  -0.704195   0.442161 -0.0374078
 -0.668421   0.694488   0.266269  0.0183121
 -0.494581  -0.147632  -0.856501    1.88246
         0          0          0          1

 -0.571603   -0.69559   0.435229 -0.0539963
 -0.660401   0.704799   0.259092  0.0344507
 -0.486971  -0.139327  -0.862234    1.90185
         0          0          0          1

   -0.5919  -0.683313   0.427478 -0.0693558
 -0.652214   0.717661   0.244087   0.057684
 -0.473573  -0.134332   -0.87045    1.92106
         0          0          0          1

 -0.602254  -0.677716    0.42189 -0.0887357
 -0.647067   0.723934   0.239215   0.071259
  -0.46754  -0.128923   -0.87452    1.93739
         0          0          0          1

-0.619957 -0.663392  0.419004 -0.105715
-0.638057  0.737035  0.222852  0.095981
-0.456658  -0.12919 -0.880212   1.95208
        0         0         0         1

-0.636274 -0.653212   0.41045 -0.121547
-0.630896  0.746778  0.210456  0.115214
-0.443988 -0.125044 -0.887265   1.97211
        0         0         0         1

 -0.66973 -0.625839  0.399735 -0.154763
-0.609731  0.770699  0.185069  0.160569
-0.423899 -0.119784 -0.897754   2.00927
        0         0         0         1

-0.683439 -0.614506  0.394073 -0.170418
-0.600533  0.780191  0.175104  0.181791
-0.415055 -0.116981 -0.902244   2.02746
        0         0         0         1

-0.703777 -0.600668  0.379337 -0.184031
-0.589799  0.791673  0.159346  0.207229
-0.396025 -0.111588 -0.911434   2.05256
        0         0         0         1

-0.718306 -0.587331  0.372933 -0.198019
-0.580081   0.80154  0.145049  0.231503
-0.384113 -0.112141 -0.916451    2.0679
        0         0         0         1

-0.745459  -0.56462  0.354254 -0.230607
-0.558881  0.819086  0.129423  0.273097
-0.363239 -0.101506  -0.92615   2.11388
        0         0         0         1

 -0.755492  -0.557646   0.343893  -0.248815
 -0.551813   0.824572   0.124834     0.2909
 -0.353177 -0.0954534  -0.930674    2.13325
         0          0          0          1

 -0.768136  -0.546292   0.333966  -0.266849
  -0.54179   0.832517   0.115668   0.314296
 -0.341221 -0.0920906  -0.935461    2.15398
         0          0          0          1

 -0.784422  -0.527016   0.327011   -0.27795
 -0.525892   0.844676  0.0998005   0.344713
 -0.328815 -0.0936871  -0.939736    2.16774
         0          0          0          1

-0.810965 -0.496655  0.309304 -0.275067
 -0.49789  0.863446 0.0810337  0.388382
-0.307314 -0.088284 -0.947504   2.19301
        0         0         0         1

 -0.825915   -0.48111   0.293933    -0.2842
 -0.483786   0.872485  0.0687059   0.416367
 -0.289507 -0.0854555  -0.953354    2.21631
         0          0          0          1

 -0.862164  -0.429729    0.26834  -0.290746
  -0.43769   0.898533  0.0326635   0.492495
 -0.255149 -0.0892886   -0.96277    2.25313
         0          0          0          1

-0.864589 -0.430151  0.259724 -0.313245
-0.435843  0.899204  0.038379  0.500094
-0.250054 -0.080017  -0.96492   2.27426
        0         0         0         1

 -0.885469  -0.394645   0.245357  -0.312304
 -0.403537   0.914838  0.0151471   0.547235
 -0.230439 -0.0855984  -0.969315    2.29134
         0          0          0          1

 -0.892889  -0.390352   0.224442  -0.319568
 -0.395326    0.91822  0.0242696   0.562095
 -0.215561 -0.0670578  -0.974185    2.32458
         0          0          0          1

 -0.909638  -0.359376   0.208346   -0.34518
  -0.36426   0.931163  0.0158072   0.614025
 -0.199685 -0.0615132  -0.977927    2.35503
         0          0          0          1

  -0.91695  -0.351343   0.189104  -0.351947
 -0.355738   0.934517  0.0113286   0.636517
 -0.180701 -0.0568835  -0.981892    2.37471
         0          0          0          1

  -0.935156   -0.309674    0.172004    -0.33926
  -0.315763      0.9488 -0.00854432    0.691422
  -0.160552  -0.0623029   -0.985059     2.38515
          0           0           0           1

 -0.942991  -0.288463   0.166005  -0.341937
 -0.296504   0.954696 -0.0253347   0.735374
 -0.151176 -0.0731113  -0.985799    2.38465
         0          0          0          1

 -0.953602  -0.264996   0.142901  -0.336594
  -0.27093   0.962314 -0.0234403   0.766207
 -0.131304  -0.061069  -0.989459    2.41376
         0          0          0          1

 -0.966145  -0.226115   0.124241  -0.318565
 -0.233313   0.971284 -0.0466202   0.826538
 -0.110132 -0.0740289  -0.991156    2.41636
         0          0          0          1

 -0.984193  -0.156239  0.0833913  -0.283212
 -0.161947   0.984543 -0.0667001   0.931014
-0.0716811 -0.0791507  -0.994282    2.43571
         0          0          0          1

 -0.986575  -0.149883  0.0648468  -0.284715
 -0.152451   0.987632   -0.03662   0.930036
-0.0585561 -0.0460143  -0.997223    2.49293
         0          0          0          1

 -0.993765   -0.10132  0.0465268  -0.256356
 -0.104152   0.992556 -0.0631235   0.996822
-0.0397848 -0.0675758  -0.996921    2.47592
         0          0          0          1

 -0.996584 -0.0768704  0.0301719  -0.240677
-0.0783533   0.995594 -0.0515028    1.02926
-0.0260799  -0.053691  -0.998217    2.50038
         0          0          0          1

