 -0.672427   0.736793 -0.0705539 -0.0791701
 -0.405748  -0.287214   0.867684   0.836189
   0.61904   0.612082   0.492083    2.47798
         0          0          0          1

-0.657129  0.741606 -0.134916 -0.134608
-0.464567 -0.257509   0.84727   0.75934
 0.593599  0.619443  0.513742   2.45314
        0         0         0         1

-0.646872  0.742384 -0.174421 -0.166986
 -0.49966 -0.239815  0.832363  0.717799
 0.576105  0.625583  0.526069   2.44282
        0         0         0         1

-0.646292  0.736892 -0.198236 -0.186319
-0.518028 -0.232926  0.823039  0.692002
 0.560316  0.634615  0.532269   2.41977
        0         0         0         1

-0.642386  0.739605  -0.20081 -0.184043
-0.531592 -0.241275  0.811909  0.669775
 0.552041  0.628308   0.54816   2.42363
        0         0         0         1

-0.633646  0.734916 -0.241642 -0.218057
-0.568513 -0.230512   0.78972  0.615492
 0.524676  0.637779  0.563873   2.38786
        0         0         0         1

-0.629603  0.736542 -0.247195 -0.225793
-0.580673 -0.234731  0.779564  0.594189
 0.516158  0.634355  0.575478   2.37945
        0         0         0         1

-0.623762   0.72991 -0.279557 -0.260758
-0.605729 -0.225377  0.763085  0.551645
 0.493977  0.645319  0.582709   2.35034
        0         0         0         1

-0.619373  0.730077  -0.28873 -0.272395
-0.623272  -0.23362  0.746293  0.523964
 0.477398  0.642191  0.599734   2.34229
        0         0         0         1

-0.617242  0.730313  -0.29267 -0.276278
-0.630935 -0.237228  0.738677  0.510562
 0.470035  0.640598  0.607207   2.32204
        0         0         0         1

-0.607555  0.732673 -0.306703 -0.290842
-0.646761 -0.232201  0.726487  0.486575
 0.461061  0.639744  0.614939   2.30297
        0         0         0         1

-0.593016  0.734397 -0.330142 -0.307189
 -0.67603 -0.231385  0.699603  0.439457
 0.437397  0.638062  0.633689   2.26621
        0         0         0         1

 -0.58922   0.73241 -0.341169 -0.314505
 -0.69002 -0.236464  0.684073  0.418111
 0.420348  0.638483  0.644707   2.24964
        0         0         0         1

-0.583596  0.728067  -0.35963 -0.327372
-0.704236 -0.233276  0.670547  0.396019
  0.40431  0.644593   0.64887   2.22108
        0         0         0         1

-0.578904  0.729708 -0.363862 -0.326624
-0.713647 -0.237563  0.658993  0.378229
 0.394433  0.641163  0.658281   2.21073
        0         0         0         1

-0.565407  0.726485 -0.390557 -0.338577
-0.740413 -0.238389  0.628458  0.333956
 0.363461  0.644507  0.672686   2.17618
        0         0         0         1

-0.572531  0.713278  -0.40428 -0.345208
-0.742309 -0.241597  0.624986  0.328599
 0.348116  0.657925  0.667795   2.14283
        0         0         0         1

-0.571899  0.706548 -0.416798 -0.348836
-0.748387 -0.241318  0.617804   0.31694
 0.335928  0.665248  0.666781   2.11792
        0         0         0         1

-0.575569  0.702147 -0.419178 -0.343322
-0.749492 -0.247922  0.613837  0.313228
  0.32708  0.667476   0.66895   2.10312
        0         0         0         1

-0.572398  0.695175 -0.434848 -0.348586
-0.758919 -0.248336  0.601973  0.296599
 0.310488  0.674582  0.669728   2.07834
        0         0         0         1

-0.565185  0.689961 -0.452239  -0.35501
-0.772716 -0.250767  0.583117  0.275257
 0.288921  0.679021  0.674874   2.06222
        0         0         0         1

 -0.56761  0.670592 -0.477625  -0.35858
-0.781745 -0.257019  0.568168  0.254079
  0.25825  0.695879  0.670119   2.01072
        0         0         0         1

-0.569611  0.663003 -0.485768 -0.359143
-0.783928 -0.260647  0.563489  0.250155
  0.24698  0.701777  0.668214   1.99032
        0         0         0         1

 -0.56792    0.6593 -0.492737 -0.358129
-0.788647 -0.264529  0.555031  0.237759
 0.235589  0.703809  0.670187   1.97175
        0         0         0         1

-0.568048  0.647174 -0.508416   -0.3622
-0.794519 -0.270139  0.543843  0.227557
 0.214618  0.712875  0.667644   1.95061
        0         0         0         1

-0.566039  0.625672 -0.536782 -0.371228
-0.803021 -0.271221  0.530656  0.205713
  0.18643  0.731419  0.655949   1.90145
        0         0         0         1

-0.565411  0.621951 -0.541745 -0.368276
-0.805326 -0.274364  0.525522  0.199157
 0.178214  0.733417  0.656002   1.88849
        0         0         0         1

-0.567341  0.614566 -0.548117 -0.365353
-0.807275 -0.283668  0.517531  0.193022
 0.162574  0.736098  0.657061   1.87272
        0         0         0         1

-0.563269  0.609839 -0.557516  -0.36657
-0.811812 -0.282766  0.510886  0.184092
 0.153912  0.740365  0.654348   1.85381
        0         0         0         1

-0.569867  0.598956 -0.562587 -0.363331
-0.810432 -0.296485  0.505268  0.182381
 0.135834  0.743874   0.65437   1.83399
        0         0         0         1

-0.569284  0.594494 -0.567885 -0.361233
-0.812239 -0.299812   0.50038  0.179053
 0.127214  0.746117  0.653549   1.81808
        0         0         0         1

-0.553124  0.586122 -0.592043 -0.370434
-0.827682  -0.30571   0.47062  0.148079
0.0948473  0.750335  0.654218   1.78057
        0         0         0         1

 -0.55934  0.580658 -0.591587 -0.364028
-0.824355   -0.3147  0.470535   0.15172
0.0870478  0.750866  0.654693   1.76481
        0         0         0         1

-0.561057  0.574984  -0.59549  -0.36237
-0.824829 -0.327664  0.460753  0.150448
0.0698051  0.749686  0.658102   1.74903
        0         0         0         1

-0.562365  0.568699 -0.600273  -0.35956
-0.824529 -0.330856  0.459006  0.149839
0.0624322  0.753071  0.654971   1.73126
        0         0         0         1

-0.562264  0.560371 -0.608148 -0.356122
-0.825836   -0.3422  0.448211  0.143165
0.0430563  0.754244  0.655181   1.70598
        0         0         0         1

-0.555398  0.554938 -0.619336 -0.357665
-0.831156 -0.346538  0.434846  0.133424
0.0266892  0.756278  0.653706   1.69085
        0         0         0         1

-0.552313  0.550898 -0.625669 -0.356408
-0.833517 -0.352234  0.425652  0.127887
0.0141086  0.756599  0.653727   1.67764
        0         0         0         1

 -0.55987   0.54246 -0.626325 -0.349967
 -0.82857  -0.36262   0.42659  0.132469
0.00428999  0.757789  0.652486   1.66626
        0         0         0         1

-0.555065  0.534959 -0.636963 -0.351517
-0.831768 -0.364402  0.418775  0.124883
-0.00808303  0.762253  0.647229   1.64973
        0         0         0         1

-0.559562  0.530985 -0.636353 -0.347307
-0.828644 -0.372791  0.417583  0.127084
-0.0154967  0.760974  0.648597   1.64314
        0         0         0         1

-0.551815  0.522337 -0.650126  -0.34778
 -0.83318 -0.379145  0.402568  0.116573
-0.0362159  0.763815  0.644418   1.61404
        0         0         0         1

-0.546023  0.521295 -0.655829  -0.34874
-0.836611  -0.38046  0.394123  0.109366
-0.0440624  0.763873   0.64386    1.6026
        0         0         0         1

-0.547915  0.515125 -0.659118  -0.34574
-0.834891  -0.38609  0.392289  0.110344
-0.052401  0.765232  0.641618   1.59014
        0         0         0         1

-0.546629  0.514014 -0.661049 -0.343452
-0.835126 -0.392464  0.385405  0.109513
-0.0613345  0.762733  0.643799   1.58372
        0         0         0         1

 -0.53929  0.513082 -0.667767 -0.342912
-0.838447 -0.401126  0.368924 0.0998598
-0.0785699  0.758844  0.646515   1.56863
        0         0         0         1

 -0.53939  0.504536 -0.674168 -0.342093
-0.837809 -0.401864  0.369569 0.0997295
-0.0844632  0.764166  0.639466   1.55275
        0         0         0         1

 -0.53658  0.498833 -0.680623 -0.340511
-0.838589 -0.405136  0.364189 0.0969982
-0.0940752  0.766179  0.635704   1.54003
        0         0         0         1

-0.538208   0.49337 -0.683314 -0.338134
-0.836915 -0.408599  0.364171 0.0982756
-0.0995304  0.767876   0.63282   1.53219
        0         0         0         1

-0.534144  0.491932 -0.687527 -0.339766
-0.838599 -0.411221   0.35728 0.0930853
-0.106968  0.767399  0.632184   1.52757
        0         0         0         1

-0.532767  0.489417 -0.690384 -0.340213
 -0.83898 -0.412255  0.355188 0.0892398
-0.110779  0.768451  0.630247   1.52212
        0         0         0         1

-0.533393  0.483164 -0.694295 -0.337936
-0.837402 -0.417468  0.352816 0.0861665
-0.119377  0.769593  0.627276   1.51139
        0         0         0         1

-0.534185    0.4767 -0.698143 -0.336599
-0.835591 -0.422979  0.350538  0.086089
-0.128198  0.770614  0.624275   1.50603
        0         0         0         1

-0.537881  0.469881 -0.699925 -0.335487
-0.833211 -0.422605  0.356601 0.0865767
-0.128231  0.774995  0.618821    1.4975
        0         0         0         1

-0.538523  0.463939 -0.703387 -0.335282
-0.832584  -0.42138  0.359505 0.0851351
-0.129605   0.77923  0.613191   1.49047
        0         0         0         1

-0.541362  0.451224 -0.709454 -0.336149
 -0.82952 -0.424326  0.363103 0.0801368
-0.137199  0.785077  0.604013   1.48123
        0         0         0         1

-0.539422  0.447744 -0.713127 -0.337747
-0.829962 -0.425624  0.360566 0.0755474
-0.142083  0.786365  0.601201   1.47974
        0         0         0         1

-0.544977  0.438853 -0.714429 -0.335256
-0.826054 -0.427015  0.367823 0.0787945
-0.143651  0.790612  0.595229   1.47451
        0         0         0         1

-0.541155   0.43051 -0.722366 -0.337689
-0.827536 -0.425298  0.366476 0.0731657
-0.149449  0.796105  0.586415   1.46648
        0         0         0         1

-0.544376  0.422026 -0.724948 -0.336783
-0.824965 -0.425889  0.371552 0.0731416
-0.151943  0.800321      0.58   1.46185
        0         0         0         1

-0.543394  0.418662 -0.727629 -0.338189
-0.825557 -0.423701  0.372738 0.0703567
-0.152246  0.803243  0.575866    1.4598
        0         0         0         1

-0.556368  0.406027 -0.724981 -0.334812
-0.816545 -0.428832  0.386468 0.0746759
-0.153978  0.806998  0.570127   1.45701
        0         0         0         1

-0.558568  0.400268 -0.726489 -0.336058
-0.814647 -0.429513  0.389704  0.072943
 -0.15605  0.809509   0.56599   1.45424
        0         0         0         1

-0.564886  0.392061 -0.726079 -0.335674
 -0.81034 -0.429637   0.39845 0.0745438
-0.155734   0.81345  0.560399   1.45118
        0         0         0         1

-0.563595    0.3876  -0.72947 -0.337085
-0.811243 -0.426167  0.400332 0.0712736
-0.155707  0.817403  0.554624    1.4471
        0         0         0         1

-0.566797  0.383842 -0.728976  -0.33825
-0.809217 -0.425454  0.405163 0.0686555
-0.154627  0.819545  0.551758   1.44403
        0         0         0         1

-0.573904  0.377454 -0.726748 -0.336961
-0.804756 -0.424298  0.415137 0.0726966
-0.151663  0.823104  0.547264   1.44104
        0         0         0         1

-0.576124  0.377913  -0.72475  -0.33655
-0.803821 -0.422693  0.418571 0.0730058
-0.148164  0.823718  0.547298   1.43898
        0         0         0         1

-0.577736  0.378326 -0.723251 -0.336148
-0.802871 -0.423029  0.420054 0.0734755
-0.147039  0.823357  0.548145   1.43871
        0         0         0         1

-0.579549  0.378597 -0.721656 -0.336163
-0.801898 -0.422712  0.422226 0.0729365
-0.145199  0.823395  0.548578   1.43731
        0         0         0         1

-0.582803  0.371113 -0.722921 -0.334551
-0.799245 -0.422486  0.427449 0.0759358
-0.146792   0.82691  0.542837   1.43089
        0         0         0         1

-0.584728  0.372809 -0.720491 -0.335053
-0.798066 -0.423707  0.428443 0.0734065
 -0.14555  0.825521  0.545279    1.4351
        0         0         0         1

-0.584584  0.374455 -0.719754 -0.336422
-0.798529 -0.422531  0.428741 0.0709042
-0.143574  0.825379  0.546018   1.43729
        0         0         0         1

-0.585344   0.36938 -0.721756 -0.336583
-0.797665 -0.421853  0.431011 0.0706926
-0.145268  0.828009  0.541571   1.43586
        0         0         0         1

-0.585338  0.365542 -0.723712 -0.337633
 -0.79768 -0.419495   0.43328  0.070024
-0.145211  0.830905  0.537131   1.43473
        0         0         0         1

-0.588419  0.358101 -0.724932  -0.33643
-0.794943 -0.420047  0.437752 0.0719105
-0.147746  0.833861  0.531834   1.43404
        0         0         0         1

 -0.58747  0.353135 -0.728131 -0.337347
-0.795627 -0.416423  0.439967 0.0710453
-0.147843  0.837787  0.525599    1.4322
        0         0         0         1

-0.591621  0.343859 -0.729209 -0.336282
-0.792317 -0.415206  0.447031 0.0729755
-0.149056  0.842238   0.51809   1.43248
        0         0         0         1

-0.590435  0.342065 -0.731012 -0.336048
-0.793125 -0.413651  0.447042 0.0730784
-0.149466  0.843732  0.515534     1.432
        0         0         0         1

 -0.59065  0.341739 -0.730991 -0.335226
-0.792759  -0.41477  0.446654 0.0741751
-0.150554  0.843315    0.5159   1.43192
        0         0         0         1

-0.590473  0.342769 -0.730651 -0.334469
-0.792758 -0.416005  0.445505 0.0747197
-0.151249  0.842288  0.517373   1.43191
        0         0         0         1

-0.590909  0.349406 -0.727147 -0.330992
-0.792642 -0.419216  0.442693 0.0788477
-0.150152  0.837958  0.524672   1.43577
        0         0         0         1

-0.588339  0.353158 -0.727418 -0.329723
 -0.79452 -0.419702  0.438849  0.078418
-0.150316   0.83614  0.527518   1.43719
        0         0         0         1

-0.586461   0.35774 -0.726695 -0.327335
   -0.796 -0.420507  0.435383 0.0788913
-0.149826  0.833784  0.531372   1.43937
        0         0         0         1

-0.583876  0.359851 -0.727734 -0.326447
-0.797801 -0.420326  0.432249 0.0784478
 -0.15034  0.832967  0.532508   1.43955
        0         0         0         1

-0.583094  0.365195 -0.725696 -0.321008
-0.798591 -0.421682   0.42946 0.0818187
-0.149176   0.82995  0.537522    1.4448
        0         0         0         1

-0.580298  0.371083 -0.724949 -0.318862
-0.800929 -0.421298  0.425466 0.0826427
-0.147536   0.82753   0.54169   1.44749
        0         0         0         1

 -0.57334  0.381074 -0.725303 -0.312084
-0.806811 -0.416685  0.418844  0.083704
-0.142613  0.825322  0.546357   1.44896
        0         0         0         1

-0.566291  0.393338 -0.724292 -0.310548
-0.812353 -0.414859  0.409846 0.0805094
-0.139271  0.820474   0.55446   1.45609
        0         0         0         1

-0.565389  0.396632   -0.7232 -0.304836
-0.813557 -0.412594  0.409746 0.0837425
-0.135869   0.82003  0.555959   1.45911
        0         0         0         1

-0.557022  0.404696 -0.725223 -0.301918
-0.819745 -0.407987  0.401952 0.0811969
-0.133213  0.818394  0.559005   1.46286
        0         0         0         1

-0.547987  0.415746 -0.725855 -0.292086
-0.827343 -0.397333  0.397026 0.0821419
-0.123344  0.818096  0.561698   1.47193
        0         0         0         1

-0.539802  0.421621 -0.728594 -0.287747
-0.833423 -0.389422  0.392118 0.0804266
-0.118405  0.818894  0.561599   1.47629
        0         0         0         1

-0.530226  0.431351 -0.729929 -0.281959
-0.840375  -0.38149  0.385014 0.0773072
-0.112384  0.817558  0.564773   1.48431
        0         0         0         1

-0.526374  0.435561 -0.730217 -0.274679
-0.843437 -0.376012  0.383704 0.0785876
-0.107443  0.817864  0.565291   1.49018
        0         0         0         1

-0.522492  0.437898 -0.731606  -0.26578
-0.846717 -0.367475  0.384751 0.0805047
-0.100365  0.820492  0.562778    1.4948
        0         0         0         1

 -0.51515  0.446785 -0.731439 -0.259895
-0.851898 -0.360781  0.379613 0.0783249
-0.094284  0.818669  0.566472   1.50577
        0         0         0         1

-0.496104  0.462675 -0.734719 -0.244901
-0.864706 -0.339798  0.369894 0.0732609
-0.0785155  0.818822  0.568653    1.5241
        0         0         0         1

 -0.48352  0.470859 -0.737903 -0.239437
-0.872168 -0.330783  0.360425  0.067785
-0.0743766  0.817848  0.570608   1.53354
        0         0         0         1

-0.473519  0.477499 -0.740117 -0.230026
-0.878499 -0.316528   0.35784 0.0660234
-0.0633996  0.819637  0.569365   1.54062
        0         0         0         1

-0.472386  0.481535 -0.738225 -0.218393
 -0.87965 -0.310208  0.360538 0.0706001
-0.0553912  0.819692  0.570119   1.54905
        0         0         0         1

-0.447171  0.497813 -0.743115 -0.200382
-0.893473 -0.287405  0.345116 0.0599693
-0.041772  0.818279  0.573301   1.57041
        0         0         0         1

-0.438331  0.505551 -0.743158 -0.192117
-0.898143 -0.278288  0.340433 0.0577035
-0.0347053  0.816685   0.57604   1.58114
        0         0         0         1

-0.429991   0.50758  -0.74664 -0.179843
-0.902467 -0.265211  0.339436  0.057375
-0.0257257  0.819772  0.572112   1.58766
        0         0         0         1

-0.421289  0.512208 -0.748437  -0.16911
-0.906796 -0.251912  0.338026 0.0564675
-0.0154005  0.821086  0.570596   1.59562
        0         0         0         1

-0.409621  0.518343 -0.750687 -0.155826
-0.912227 -0.239222  0.332587 0.0537212
-0.00718642  0.821032  0.570837   1.60733
        0         0         0         1

-0.397041  0.526025 -0.752102 -0.144869
-0.917801 -0.226945  0.325788 0.0496536
0.000686545   0.81963  0.572892   1.61836
        0         0         0         1

-0.372813  0.534129  -0.75876 -0.119371
 -0.92774 -0.199066  0.315708 0.0425336
0.0175855  0.821632  0.569748   1.63739
        0         0         0         1

-0.364717  0.539782 -0.758694 -0.104522
-0.930769 -0.189018  0.312957  0.041814
0.0255219   0.82031   0.57135   1.64812
        0         0         0         1

   -0.3513   0.546517  -0.760203 -0.0884578
 -0.935675  -0.176169   0.305739  0.0388935
  0.033167   0.818709    0.57325    1.66068
         0          0          0          1

 -0.339953   0.551995  -0.761402 -0.0741446
 -0.939543  -0.163945   0.300634   0.036982
 0.0411207   0.817572   0.574357    1.67047
         0          0          0          1

 -0.309844   0.562308  -0.766686 -0.0408244
 -0.949075  -0.134547   0.284873  0.0304633
 0.0570313   0.815909   0.575361     1.6909
         0          0          0          1

 -0.301426   0.567834  -0.765968 -0.0230964
 -0.951007  -0.121106   0.284464  0.0318757
 0.0687647   0.814186   0.576518    1.70039
         0          0          0          1

  -0.282125    0.571679   -0.770447 -0.00582487
  -0.956467   -0.105093    0.272263   0.0258603
  0.0746789    0.813719    0.576441     1.71086
          0           0           0           1

 -0.271023    0.57689  -0.770548  0.0121361
 -0.958838 -0.0913445   0.268862  0.0248383
 0.0847184   0.811698     0.5779    1.72102
         0          0          0          1

 -0.252361   0.584399  -0.771227   0.032837
 -0.963372 -0.0770279   0.256867  0.0208629
 0.0907068   0.807802   0.582433    1.73476
         0          0          0          1

 -0.239678   0.585063  -0.774762  0.0507861
 -0.965843 -0.0627308   0.251419  0.0198713
 0.0984948   0.808558   0.580114    1.74201
         0          0          0          1

 -0.208711   0.594299   -0.77669  0.0942848
 -0.971285 -0.0332129   0.235589  0.0163434
  0.114214   0.803558   0.584166    1.76453
         0          0          0          1

 -0.195282   0.595674  -0.779126   0.114109
 -0.973353 -0.0203442   0.228409  0.0158334
  0.120207   0.802968   0.583774    1.77246
         0          0          0          1

  -0.178717     0.59658   -0.782402    0.137896
  -0.975759 -0.00537751    0.218784   0.0154996
   0.126314    0.802536    0.583079     1.78127
          0           0           0           1

-0.159952  0.597685 -0.785613  0.157049
-0.978119 0.0112945  0.207739 0.0131796
 0.133035  0.801652    0.5828   1.78744
        0         0         0         1

-0.124385  0.605806 -0.785829  0.204707
-0.981363  0.041802  0.187561 0.0114643
 0.146475  0.794514  0.589316   1.80473
        0         0         0         1

-0.112026  0.612102 -0.782804  0.228263
-0.981516 0.0548513  0.183353 0.0136054
 0.155169  0.788874  0.594643   1.81211
        0         0         0         1

-0.0967614  0.614099 -0.783275  0.254857
-0.982077 0.0689809  0.175402 0.0142565
 0.161745  0.786208  0.596418   1.81975
        0         0         0         1

-0.0833594  0.615406  -0.78379  0.277115
-0.982103 0.0825696  0.169282 0.0152859
 0.168894  0.783873  0.597509   1.82604
        0         0         0         1

-0.067369   0.61885 -0.782615  0.304523
-0.982329 0.0961395  0.160583 0.0160155
 0.174617  0.779604  0.601437   1.83444
        0         0         0         1

-0.0544755  0.618853 -0.783616  0.327917
  -0.9825  0.106771  0.152623 0.0167375
 0.178118  0.778217  0.602207   1.84068
        0         0         0         1

-0.0250755   0.61513 -0.788027  0.380042
-0.981815  0.133229   0.13524  0.018885
 0.188178  0.777087  0.600603   1.85067
        0         0         0         1

-0.011809  0.611758 -0.790957  0.403112
-0.981081  0.145775  0.127396 0.0204304
 0.193238  0.777497  0.598463   1.85333
        0         0         0         1

0.00232939  0.609136 -0.793062  0.430828
-0.979711  0.160322  0.120263 0.0230843
 0.200402  0.776691  0.597151   1.85721
        0         0         0         1

0.00232939  0.609136 -0.793062  0.430828
-0.979711  0.160322  0.120263 0.0230843
 0.200402  0.776691  0.597151   1.85721
        0         0         0         1

0.0425572  0.600673 -0.798362  0.510191
-0.975984  0.195868 0.0953422  0.029551
 0.213643  0.775131  0.594583   1.86726
        0         0         0         1

0.0532243  0.596633 -0.800747  0.534816
-0.974738  0.205229 0.0881262 0.0316514
 0.216916  0.775829  0.592484   1.86902
        0         0         0         1

0.0646812  0.592689  -0.80283  0.565467
-0.972575   0.21756 0.0822566  0.036193
 0.223416  0.775492  0.590506   1.87003
        0         0         0         1

0.0755764  0.587518 -0.805674  0.590586
 -0.97108  0.226882  0.074356 0.0385369
 0.226478  0.776754  0.587674   1.87131
        0         0         0         1

0.0899524  0.581772 -0.808362  0.619627
-0.969399  0.237295 0.0629073 0.0408163
 0.228418  0.777967  0.585315   1.87287
        0         0         0         1

 0.101013  0.575812 -0.811318  0.644944
-0.967932  0.245414 0.0536639 0.0430396
 0.230009   0.77988  0.582136    1.8721
        0         0         0         1

 0.126002  0.562538 -0.817114  0.700582
-0.963651  0.265011  0.033847 0.0495106
 0.235584  0.783148  0.575482   1.87017
        0         0         0         1

 0.134046  0.559911 -0.817638  0.726842
-0.961414  0.273501 0.0296737  0.053626
 0.240239   0.78211  0.574968   1.86799
        0         0         0         1

 0.144127  0.554128  -0.81986    0.7565
-0.958513   0.28408  0.023503 0.0582009
 0.245929  0.782459  0.572082   1.86443
        0         0         0         1

 0.151505  0.551988 -0.819973  0.783063
-0.956996  0.289536 0.0180868 0.0612799
 0.247395  0.781971  0.572116   1.86235
        0         0         0         1

  0.169583   0.543894   -0.82184   0.841034
 -0.952918     0.3032 0.00402788  0.0680361
  0.251373   0.782463   0.569704    1.85468
         0          0          0          1

   0.178247    0.538795   -0.823364    0.865975
  -0.951064    0.308973 -0.00370637   0.0711073
     0.2524    0.783732    0.567502      1.8503
          0           0           0           1

  0.185565   0.534515  -0.824536   0.897046
 -0.949495    0.31361 -0.0103857   0.074278
  0.253031    0.78482   0.565715    1.84515
         0          0          0          1

  0.194279   0.529721  -0.825622   0.922269
 -0.947797    0.31832 -0.0187933  0.0770405
  0.252856   0.786173   0.563911    1.84002
         0          0          0          1

  0.203348   0.522098   -0.82829   0.951376
 -0.945487    0.32449 -0.0275843  0.0808636
   0.25437   0.788746   0.559621    1.83282
         0          0          0          1

  0.208381   0.519022  -0.828972   0.977803
 -0.945096   0.325009 -0.0340826  0.0830612
  0.251734    0.79056   0.558251     1.8266
         0          0          0          1

  0.221671   0.508801  -0.831855    1.03419
 -0.941603   0.333432 -0.0469744  0.0904332
  0.253466    0.79369   0.553001    1.80812
         0          0          0          1

  0.228086   0.505727  -0.831996    1.05859
  -0.94088   0.334289 -0.0547393  0.0928286
  0.250444   0.795293   0.552074    1.79934
         0          0          0          1

  0.232956   0.503075  -0.832254     1.0879
 -0.941122   0.332219 -0.0626121  0.0945158
  0.244992   0.797838   0.550847    1.79004
         0          0          0          1

  0.237225   0.500377  -0.832675    1.11245
  -0.94088   0.331695 -0.0687267  0.0964393
  0.241805   0.799751   0.549481    1.78021
         0          0          0          1

   0.24676   0.493412  -0.834059    1.16608
 -0.940511   0.329366 -0.0834079  0.0995978
  0.233556   0.805023   0.545334    1.75838
         0          0          0          1

  0.247996      0.493  -0.833936    1.18989
 -0.941167   0.326604 -0.0868049   0.100437
  0.229572     0.8064   0.544992    1.74776
         0          0          0          1

  0.251281   0.491859  -0.833626    1.21646
 -0.941388   0.324441 -0.0923362   0.101681
  0.225046   0.807968   0.544556    1.73509
         0          0          0          1

  0.251742   0.491642  -0.833615    1.23876
 -0.941838   0.322605 -0.0941609   0.102432
  0.222635   0.808835    0.54426    1.72362
         0          0          0          1

   0.25214   0.490592  -0.834113    1.26489
 -0.943001   0.318032 -0.0980012   0.102616
  0.217196    0.81128   0.542818    1.71091
         0          0          0          1

 0.252474  0.488784 -0.835073   1.28598
-0.944432  0.312222 -0.102788  0.101807
 0.210487  0.814621  0.540452   1.69991
        0         0         0         1

 0.257113  0.483996 -0.836445   1.33119
-0.946111  0.302416 -0.115835  0.101828
 0.196891  0.821153  0.535669   1.67219
        0         0         0         1

 0.257183  0.484524 -0.836118   1.35122
-0.947771   0.29537 -0.120362  0.100866
 0.188646  0.823403  0.535182    1.6604
        0         0         0         1

 0.253989  0.486908 -0.835709   1.37505
-0.949958  0.288034 -0.120895 0.0992426
 0.181848  0.824595    0.5357   1.64596
        0         0         0         1

 0.253125  0.489622 -0.834385    1.3941
-0.951037  0.284055 -0.121828  0.098295
 0.177362  0.824368   0.53755   1.63276
        0         0         0         1

 0.251092  0.494713 -0.831993   1.43478
 -0.95379  0.272998 -0.125522 0.0959917
 0.165035  0.825064    0.5404   1.60626
        0         0         0         1

 0.249108   0.49756  -0.83089   1.45264
-0.954746  0.270117 -0.124488 0.0943185
 0.162498    0.8243  0.542332   1.59317
        0         0         0         1

 0.245467   0.49989 -0.830576   1.47312
-0.956524  0.264106 -0.123735 0.0923736
 0.157507  0.824838  0.542986   1.58002
        0         0         0         1

 0.244633   0.50086 -0.830237   1.48934
-0.957582  0.259282 -0.125738 0.0910362
 0.152288   0.82578  0.543044   1.56843
        0         0         0         1

  0.24119  0.503967 -0.829364   1.50808
 -0.95958  0.251552 -0.126202 0.0887806
 0.145027   0.82628  0.544269   1.55453
        0         0         0         1

 0.239395   0.50438 -0.829633    1.5236
 -0.96113   0.24416   -0.1289 0.0864927
 0.137548  0.828243  0.543226   1.54318
        0         0         0         1

 0.234897  0.509514  -0.82778   1.55562
-0.963849  0.232282 -0.130535 0.0826828
 0.125768  0.828517  0.545657   1.51538
        0         0         0         1

 0.229242  0.514127 -0.826512   1.57006
-0.965943  0.224852 -0.128048 0.0801181
  0.12001  0.827717  0.548162   1.50364
        0         0         0         1

 0.225201  0.518373 -0.824969   1.58521
-0.967742  0.217174 -0.127713 0.0777308
 0.112959  0.827118  0.550559   1.49039
        0         0         0         1

 0.221871  0.522873 -0.823029   1.59769
  -0.9691  0.211551  -0.12685 0.0753206
 0.107786  0.825742  0.553653   1.47948
        0         0         0         1

 0.218393  0.530648 -0.818973   1.62312
-0.970977  0.202017 -0.128032 0.0720419
0.0975069  0.823165  0.559367   1.45532
        0         0         0         1

 0.214226   0.53293 -0.818592   1.63427
-0.972572  0.194122 -0.128143 0.0688165
0.0906153  0.823591  0.559898   1.44662
        0         0         0         1

  0.21487   0.53659 -0.816028   1.64481
-0.973031  0.189405 -0.131665 0.0678192
0.0839098  0.822312  0.562816   1.43488
        0         0         0         1

 0.212256  0.538617 -0.815377   1.65514
 -0.97412  0.182963 -0.132719 0.0657872
0.0776991  0.822445  0.563513    1.4262
        0         0         0         1

 0.209958  0.542898  -0.81313   1.66566
-0.975041  0.177677 -0.133136 0.0635047
 0.072195  0.820788  0.566652   1.41445
        0         0         0         1

 0.206804  0.546489 -0.811531   1.67459
-0.976183  0.170836 -0.133721 0.0615331
0.0655618  0.819857  0.568803   1.40584
        0         0         0         1

 0.207208  0.555514 -0.805276   1.68888
-0.976766  0.163503 -0.138544 0.0603484
 0.054702  0.815274  0.576486   1.38701
        0         0         0         1

 0.203585  0.560328 -0.802861   1.69608
-0.977674  0.159931 -0.136295  0.058617
0.0520322  0.812683  0.580378   1.37937
        0         0         0         1

 0.202745  0.565424 -0.799494   1.70292
-0.978114  0.155926 -0.137767 0.0573355
0.0467651  0.809928  0.584662   1.37099
        0         0         0         1

 0.201266  0.567977 -0.798057   1.70929
-0.978611  0.152003 -0.138621 0.0561375
0.0425734  0.808887  0.586421   1.36525
        0         0         0         1

 0.199008  0.571328 -0.796229   1.72196
-0.979429  0.143633 -0.141734 0.0535398
0.0333874  0.808056  0.588159     1.352
        0         0         0         1

 0.197646  0.573554 -0.794966   1.72668
-0.979826  0.140102 -0.142525 0.0524291
0.0296305  0.807098  0.589674   1.34569
        0         0         0         1

 0.197908  0.574651 -0.794109    1.7319
-0.979957  0.134772 -0.146698 0.0519052
 0.022723  0.807226  0.589805   1.33916
        0         0         0         1

 0.199243  0.576722 -0.792271   1.73476
 -0.97976  0.133161 -0.149461 0.0524421
0.0193026  0.806015  0.591581   1.33316
        0         0         0         1

 0.197876  0.578273 -0.791483   1.73898
-0.980129  0.128142 -0.151415 0.0515068
0.0138627  0.805717  0.592139   1.32804
        0         0         0         1

 0.195504  0.580607 -0.790363   1.74237
-0.980632   0.12545 -0.150413 0.0504517
0.0118199  0.804461  0.593888   1.32389
        0         0         0         1

 0.191617  0.587834 -0.785961   1.74908
-0.981445  0.120508 -0.149146 0.0489093
0.00704177  0.799956  0.600018   1.31353
        0         0         0         1

 0.192474  0.588561 -0.785207   1.75155
-0.981288   0.11964 -0.150861 0.0484584
0.00515089  0.799551  0.600576   1.31052
        0         0         0         1

 0.191361  0.589295 -0.784928   1.75432
-0.981514  0.117636  -0.15097 0.0478061
0.00337014  0.799308  0.600912   1.30644
        0         0         0         1

 0.190631  0.589611 -0.784869   1.75749
-0.981662  0.114713 -0.152253 0.0466017
0.000265019    0.7995  0.600666   1.30379
        0         0         0         1

 0.190272  0.590417  -0.78435   1.76083
-0.981701  0.108124 -0.156756 0.0460663
-0.00774423  0.799823  0.600185   1.29713
        0         0         0         1

 0.189314  0.593388 -0.782337   1.76214
 -0.98188  0.107484 -0.156076 0.0460862
-0.00852489  0.797708  0.602983    1.2922
        0         0         0         1

 0.188823  0.594699 -0.781459   1.76419
-0.981936   0.10449 -0.157746 0.0455865
-0.0121568  0.797129  0.603687   1.29028
        0         0         0         1

 0.190766  0.596754 -0.779418   1.76383
-0.981538  0.104739 -0.160043 0.0467334
-0.013871  0.795559  0.605718   1.28723
        0         0         0         1

 0.186778   0.59862 -0.778953   1.76628
-0.982284  0.101479 -0.157547 0.0448931
-0.0152631  0.794579  0.606969   1.28512
        0         0         0         1

  0.18772  0.601236 -0.776709   1.76589
  -0.9821  0.102395 -0.158099 0.0455602
-0.0155238  0.792484  0.609695   1.28175
        0         0         0         1

 0.184836  0.603185 -0.775888   1.76856
-0.982591 0.0983787 -0.157597 0.0442172
-0.0187293  0.791511  0.610868   1.27928
        0         0         0         1

 0.182729  0.604393 -0.775447   1.76962
-0.982971 0.0966967 -0.156264  0.043572
-0.019462  0.790796   0.61177   1.27705
        0         0         0         1

   0.1841  0.605313 -0.774405   1.76922
 -0.98269 0.0967857 -0.157963 0.0445512
-0.0206659  0.790081  0.612654   1.27497
        0         0         0         1

 0.182077  0.606507 -0.773949   1.76983
-0.983056 0.0953094 -0.156581 0.0438655
-0.0212027  0.789345  0.613584   1.27292
        0         0         0         1

 0.183346  0.606675 -0.773517   1.76927
-0.982769 0.0943515 -0.158944 0.0449792
-0.0234451  0.789331  0.613521   1.27199
        0         0         0         1

 0.182219  0.608422 -0.772411   1.76999
-0.982965 0.0935571 -0.158197 0.0447771
-0.0239857   0.78808  0.615106   1.27019
        0         0         0         1

 0.181676  0.609198 -0.771927   1.77108
-0.983059 0.0931479 -0.157856 0.0445031
-0.024262  0.787528  0.615801   1.26911
        0         0         0         1

 0.179713   0.60986 -0.771864   1.77224
-0.983429 0.0923393 -0.156014 0.0434954
-0.0238732  0.787111  0.616349   1.26893
        0         0         0         1

 0.180133  0.611159 -0.770738    1.7725
-0.983373 0.0935594 -0.155641 0.0437534
-0.0230118  0.785959   0.61785   1.26776
        0         0         0         1

 0.178888  0.612313 -0.770111   1.77337
-0.983633 0.0941624 -0.153619  0.043156
-0.0215471  0.784988  0.619136   1.26693
        0         0         0         1

 0.178244  0.610037 -0.772064   1.77443
-0.983754 0.0934124 -0.153307 0.0432292
-0.0214028  0.786847  0.616777   1.26773
        0         0         0         1

  0.17698  0.610664 -0.771859   1.77417
-0.984001 0.0934507 -0.151688 0.0432521
-0.0204997  0.786356  0.617433   1.26697
        0         0         0         1

  0.17393  0.611646 -0.771776   1.77443
-0.984571 0.0927572 -0.148375  0.042515
-0.0191653  0.785675  0.618342   1.26689
        0         0         0         1

 0.171246   0.61337 -0.771007   1.77419
-0.985054 0.0918872 -0.145688 0.0424883
-0.0185146  0.784433  0.619938   1.26707
        0         0         0         1

 0.170034  0.615075 -0.769917   1.77319
-0.985259 0.0912114 -0.144724 0.0432188
-0.0187911  0.783175  0.621517   1.26771
        0         0         0         1

 0.166261  0.618779 -0.767769     1.773
-0.985927 0.0905227 -0.140547 0.0428203
-0.0174672  0.780332  0.625122    1.2678
        0         0         0         1

  0.16285  0.627344 -0.761525    1.7729
-0.986456 0.0881808 -0.138307 0.0427677
-0.0196143  0.773734  0.633207   1.26703
        0         0         0         1

 0.160274  0.632869 -0.757489   1.77276
-0.986907 0.0887017 -0.134707 0.0424322
-0.0180612  0.769161    0.6388   1.26618
        0         0         0         1

 0.159617  0.636195 -0.754837    1.7733
-0.986982 0.0875547 -0.134912 0.0422115
-0.0197412  0.766544  0.641888   1.26557
        0         0         0         1

 0.158729  0.640262 -0.751578   1.77383
-0.987113 0.0872453 -0.134149 0.0423381
-0.020319  0.763186  0.645859   1.26438
        0         0         0         1

 0.154931  0.643445  -0.74965    1.7756
-0.987604  0.081534 -0.134127 0.0409939
-0.0251811  0.761138  0.648101   1.26318
        0         0         0         1

 0.154815  0.644662 -0.748628   1.77594
-0.987568 0.0800827 -0.135266 0.0412585
-0.0272485  0.760262  0.649045   1.26285
        0         0         0         1

 0.153956  0.647727 -0.746155   1.77536
-0.987652 0.0787188  -0.13545 0.0418439
-0.0289984  0.757795  0.651848   1.26143
        0         0         0         1

 0.152221  0.648341 -0.745978   1.77527
-0.987783 0.0743105 -0.136979 0.0420562
-0.0333748  0.757715  0.651731    1.2612
        0         0         0         1

 0.151596  0.651264 -0.743555   1.77482
-0.987774 0.0721445 -0.138197 0.0427063
-0.0363593  0.755414  0.654238    1.2606
        0         0         0         1

   0.1457   0.65473 -0.741687   1.77463
-0.988604 0.0676645 -0.134474 0.0418176
-0.0378581  0.752828  0.657128   1.26005
        0         0         0         1

 0.145796   0.66011 -0.736884   1.77409
-0.988364 0.0645477  -0.13773 0.0425771
-0.0433527  0.748391   0.66184   1.25879
        0         0         0         1

 0.146414  0.660948  -0.73601   1.77371
 -0.98811 0.0624205  -0.14051 0.0433677
-0.0469275  0.747831  0.662229   1.25904
        0         0         0         1

  0.14728  0.663869 -0.733203   1.77295
-0.987924 0.0626711 -0.141702 0.0442238
-0.048121  0.745218  0.665082   1.25895
        0         0         0         1

 0.145669  0.666406 -0.731221   1.77251
-0.988084 0.0608686 -0.141366 0.0444489
-0.0496986  0.743101  0.667332   1.25885
        0         0         0         1

  0.14248  0.673519 -0.725308   1.77143
 -0.98836 0.0573358 -0.140912 0.0448711
-0.0533207  0.736943  0.673849   1.25868
        0         0         0         1

  0.14013  0.674966  -0.72442   1.77085
-0.988534 0.0538035 -0.141088 0.0450046
-0.0562536  0.735884  0.674766   1.25917
        0         0         0         1

 0.138565  0.678185 -0.721709   1.76968
-0.988578 0.0511017 -0.141782 0.0455389
-0.059274  0.733112   0.67752   1.25924
        0         0         0         1

 0.137446  0.679334 -0.720843   1.76781
-0.988685 0.0499423  -0.14145 0.0465338
-0.060091  0.732128  0.678512   1.25973
        0         0         0         1

  0.13518  0.681959  -0.71879   1.76523
 -0.98872 0.0456219  -0.14266 0.0479902
-0.0644959  0.729966  0.680433   1.26083
        0         0         0         1

 0.135523   0.68379 -0.716983   1.76165
-0.988445 0.0437215 -0.145138 0.0504289
-0.0678961  0.728368  0.681814   1.26319
        0         0         0         1

 0.130593  0.689184 -0.712721   1.75611
-0.988806 0.0382083 -0.144233 0.0527931
-0.0721714  0.723578  0.686459   1.26909
        0         0         0         1

 0.127114  0.690707 -0.711875   1.75343
-0.989319 0.0366695 -0.141075 0.0537148
-0.0713377  0.722204  0.687991   1.27212
        0         0         0         1

 0.121797  0.693444 -0.710141   1.75029
-0.990119 0.0347889 -0.135846 0.0543839
-0.0694964   0.71967  0.690829   1.27572
        0         0         0         1

 0.117757  0.695059 -0.709244   1.74726
-0.990681 0.0330031 -0.132141 0.0553547
-0.0684384  0.718195  0.692468   1.27996
        0         0         0         1

 0.113801  0.692173 -0.712704   1.73745
-0.991307 0.0314293 -0.127763 0.0596971
-0.0660341  0.721047  0.689732   1.29486
        0         0         0         1

 0.113924  0.689525 -0.715245   1.73247
-0.991482 0.0331672 -0.125949 0.0624886
-0.0631221  0.723502  0.687431   1.30211
        0         0         0         1

 0.110217  0.688534  -0.71678   1.72796
-0.992309 0.0353463  -0.11863 0.0640244
-0.0563454  0.724342  0.687134   1.30905
        0         0         0         1

 0.109183  0.685586 -0.719758   1.72338
-0.992701 0.0378923 -0.114494 0.0664275
-0.0512221  0.727005  0.684719   1.31799
        0         0         0         1

  0.104232   0.676642  -0.728897    1.71333
 -0.994037  0.0472785 -0.0982582  0.0702253
-0.0320245   0.734792   0.677536    1.34152
         0          0          0          1

   0.10587   0.671522  -0.733383    1.70747
 -0.994074  0.0531778 -0.0948102  0.0742822
-0.0246675   0.739074   0.673172    1.35476
         0          0          0          1

  0.10705  0.667334 -0.737025   1.70043
-0.994198 0.0639995 -0.086456 0.0782415
-0.0105258  0.742004  0.670313   1.36902
        0         0         0         1

  0.106234   0.662046  -0.741896    1.69473
 -0.994338   0.072449 -0.0777309   0.081176
