-0.241493 -0.541664  0.805159  0.132764
-0.671056 -0.506134 -0.541768  0.967863
 0.700975  -0.67114 -0.241259   2.05511
        0         0         0         1

-0.212555 -0.513485  0.831357  0.107876
-0.695918 -0.517698 -0.497682  0.929986
 0.685944 -0.684341 -0.247304    2.0688
        0         0         0         1

-0.195424 -0.475606  0.857676 0.0908142
-0.714575 -0.529931  -0.45668  0.898521
 0.671709  -0.70212 -0.236295   2.06988
        0         0         0         1

-0.176493 -0.432234  0.884321 0.0670861
-0.727146 -0.548272 -0.413106  0.870312
 0.663407 -0.715941 -0.217531   2.06041
        0         0         0         1

-0.135819 -0.388558  0.911359 0.0437634
-0.752751 -0.557605 -0.349917   0.82852
 0.644142 -0.733552 -0.216754   2.07686
        0         0         0         1

-0.110655 -0.340801  0.933601 0.0159461
-0.764422 -0.571142 -0.299092    0.7951
 0.635149 -0.746761 -0.197316   2.07105
        0         0         0         1

-0.0776783  -0.265845   0.960881 -0.0122496
  -0.78736  -0.574865  -0.222698    0.73516
   0.61158  -0.773858  -0.164661    2.06586
         0          0          0          1

 -0.0718537   -0.260658    0.962754 -0.00106017
  -0.795136    -0.56777   -0.213063    0.719868
   0.602159    -0.78083   -0.166462     2.07082
          0           0           0           1

-0.0522653  -0.235716   0.970415 -0.0195934
 -0.809329  -0.559275  -0.179439   0.684475
  0.585026  -0.794763  -0.161541    2.07783
         0          0          0          1

-0.0538862  -0.226092   0.972614 -0.0203277
 -0.816727  -0.550418  -0.173198   0.664861
  0.574503  -0.803693  -0.154995    2.07607
         0          0          0          1

-0.0599336  -0.199097   0.978145 -0.0330211
 -0.836119  -0.525258  -0.158145    0.61072
  0.545265  -0.827324  -0.134988    2.08792
         0          0          0          1

-0.0891446  -0.161703   0.982805 -0.0412603
 -0.829936  -0.533497  -0.163056   0.598508
  0.550691    -0.8302 -0.0866447     2.0673
         0          0          0          1

 -0.109722   -0.11968   0.986731 -0.0539353
 -0.842887  -0.514926  -0.156182    0.57237
  0.526786  -0.848839 -0.0443777    2.05495
         0          0          0          1

 -0.108548  -0.119541   0.986877 -0.0617377
   -0.8545  -0.496074  -0.154078   0.549468
  0.507983  -0.860012 -0.0482998    2.05267
         0          0          0          1

-0.0826959  -0.126103   0.988564 -0.0779884
 -0.877936   -0.46018  -0.132143   0.508119
  0.471582  -0.878824 -0.0726557    2.06527
         0          0          0          1

-0.0616442  -0.133623   0.989113 -0.0716345
 -0.889965  -0.441271  -0.115078   0.492045
  0.451844   -0.88737 -0.0917181    2.06778
         0          0          0          1

 0.0110853 -0.0832159    0.99647 -0.0888127
 -0.917307  -0.397516 -0.0229921   0.435698
  0.398026  -0.913814 -0.0807411     2.0585
         0          0          0          1

 0.0457228 -0.0690269   0.996566 -0.0956342
  -0.92807  -0.372026  0.0168119   0.407549
  0.369588  -0.925652 -0.0810718    2.06253
         0          0          0          1

 0.0613038 -0.0587996   0.996386 -0.0947914
 -0.935654  -0.350989  0.0368544   0.389169
  0.347554  -0.934532 -0.0765331    2.05856
         0          0          0          1

 0.0694332 -0.0482124   0.996421  -0.101027
 -0.940898  -0.335076  0.0493514    0.36959
  0.331497  -0.940957 -0.0686283    2.05063
         0          0          0          1

 0.0912603 -0.0317126   0.995322  -0.121354
 -0.953152  -0.292242  0.0780824   0.313648
  0.288398  -0.955819  -0.056897    2.04421
         0          0          0          1

 0.0894915 -0.0203181    0.99578   -0.12974
 -0.956001  -0.282201  0.0801584   0.296616
  0.279382   -0.95914 -0.0446788    2.03068
         0          0          0          1

 0.0863424 -0.0196313   0.996072  -0.131413
 -0.958925  -0.272797   0.077746   0.278855
  0.270199  -0.961871 -0.0423789     2.0202
         0          0          0          1

  0.100703 -0.0184705   0.994745  -0.140467
 -0.963562   -0.25084  0.0928889   0.252404
  0.247806  -0.967852 -0.0430578    2.01791
         0          0          0          1

  0.104252 -0.0292169   0.994122  -0.136697
 -0.967398   -0.23495  0.0945447   0.237907
  0.230807  -0.971568 -0.0527584    2.01042
         0          0          0          1

  0.124702 -0.0313216     0.9917  -0.147221
  -0.97019  -0.213178   0.115264   0.209644
  0.207798  -0.976511 -0.0569716    2.00849
         0          0          0          1

  0.150236  -0.046478   0.987557   -0.15237
 -0.975311    -0.1705   0.140349   0.169509
  0.161855  -0.984261 -0.0709458    1.99185
         0          0          0          1

  0.155356 -0.0499074   0.986597  -0.153851
 -0.976453  -0.159082   0.145711   0.156052
  0.149678  -0.986003 -0.0734467    1.98028
         0          0          0          1

  0.169589  -0.058846   0.983757  -0.157437
 -0.977453  -0.137461   0.160279   0.132553
  0.125797  -0.988758 -0.0808311    1.97477
         0          0          0          1

  0.176179 -0.0635449   0.982305  -0.160237
 -0.978577  -0.119296   0.167793   0.114936
  0.106523  -0.990823 -0.0832011     1.9683
         0          0          0          1

  0.190887 -0.0745034   0.978781  -0.166883
 -0.977739  -0.102923    0.18285   0.092113
 0.0871166  -0.991895 -0.0924917    1.96037
         0          0          0          1

  0.199618 -0.0798613   0.976614   -0.17064
 -0.977225 -0.0894553   0.192428   0.075368
 0.0719957  -0.992784 -0.0958994    1.94913
         0          0          0          1

  0.220769  -0.101395   0.970041  -0.177865
 -0.974866 -0.0534862   0.216276  0.0363144
 0.0299544  -0.993407  -0.110655    1.93038
         0          0          0          1

  0.227474  -0.105143   0.968091  -0.183306
 -0.973647 -0.0412592   0.224299  0.0209297
 0.0163593  -0.993601  -0.111757    1.91593
         0          0          0          1

  0.232831  -0.118112   0.965318  -0.186296
 -0.972517 -0.0276599   0.231183 0.00323719
-0.000604874  -0.992615  -0.121306    1.90324
         0          0          0          1

   0.230406   -0.131817    0.964125   -0.186188
  -0.972959  -0.0146476    0.230515 -0.00765902
 -0.0162636   -0.991166   -0.131627     1.89484
          0           0           0           1

  0.238748  -0.162523   0.957385  -0.196266
 -0.969513   0.016116   0.244509 -0.0472945
-0.0551676  -0.986573  -0.153721    1.87499
         0          0          0          1

  0.237649  -0.175061   0.955446  -0.198022
 -0.968901  0.0270924    0.24596 -0.0585693
-0.0689434  -0.984185  -0.163179    1.86283
         0          0          0          1

 0.229152 -0.189073  0.954851 -0.199998
-0.969949  0.038068  0.240313 -0.069133
-0.0817862 -0.981225 -0.174668   1.84604
        0         0         0         1

  0.225354   -0.20863   0.951677  -0.203064
 -0.969139  0.0521802   0.240928 -0.0843289
-0.0999234  -0.976602  -0.190432       1.84
         0          0          0          1

 0.221298 -0.226954   0.94843 -0.206622
-0.967991 0.0669667  0.241887 -0.099211
-0.118411   -0.9716  -0.20487   1.82825
        0         0         0         1

 0.210734 -0.243058  0.946844 -0.206133
-0.968193 0.0817484  0.236471 -0.107255
-0.134879 -0.966561   -0.2181    1.8182
        0         0         0         1

 0.201417 -0.274634  0.940217 -0.211113
-0.964593  0.111247  0.239134 -0.128911
-0.170271 -0.955092 -0.242503   1.79187
        0         0         0         1

 0.193527 -0.286989  0.938181 -0.211111
-0.963575   0.12431  0.236792 -0.135447
-0.184582 -0.949834 -0.252478   1.78216
        0         0         0         1

 0.194849 -0.308209   0.93115 -0.213919
-0.959488  0.137083  0.246153 -0.148324
-0.203512  -0.94139 -0.269012   1.77256
        0         0         0         1

 0.198682 -0.322719  0.925407 -0.216718
-0.955511  0.146245  0.256146 -0.160319
   -0.218 -0.935128 -0.279305   1.76483
        0         0         0         1

 0.198416 -0.346027  0.917004 -0.217455
-0.949868  0.162763  0.266944 -0.173293
-0.241624 -0.923999 -0.296385   1.74367
        0         0         0         1

 0.200271 -0.355173  0.913096  -0.21834
-0.948611  0.162769  0.271374 -0.178341
-0.245009 -0.920521 -0.304323   1.73214
        0         0         0         1

 0.203422 -0.366811  0.907783 -0.219946
-0.945283  0.167961  0.279694 -0.187763
-0.255067 -0.915008 -0.312573   1.72274
        0         0         0         1

 0.205554 -0.376503  0.903323 -0.220834
 -0.94284  0.171205  0.285904 -0.193447
-0.262297 -0.910458 -0.319791   1.71624
        0         0         0         1

 0.212027 -0.379522  0.900559 -0.221467
-0.939097  0.175892  0.295227  -0.20087
-0.270447 -0.908309 -0.319114   1.70585
        0         0         0         1

 0.219326 -0.380198  0.898524 -0.222554
-0.936226  0.177141  0.303484 -0.207053
-0.274549 -0.907783   -0.3171   1.69757
        0         0         0         1

 0.227871 -0.373037  0.899399 -0.224089
-0.932207  0.183165  0.312154 -0.215305
-0.281184 -0.909557  -0.30601   1.67703
        0         0         0         1

 0.229805 -0.372115  0.899289 -0.223985
-0.930578  0.186556  0.314995  -0.21893
-0.284982 -0.909245 -0.303411   1.67144
        0         0         0         1

 0.231032 -0.368091  0.900629 -0.224681
-0.930196  0.187812  0.315376 -0.222011
-0.285237 -0.910624 -0.299006   1.66089
        0         0         0         1

 0.232096 -0.364877  0.901663 -0.225545
-0.929354  0.190431  0.316286 -0.226916
-0.287111 -0.911373 -0.294901    1.6532
        0         0         0         1

 0.231108 -0.355952  0.905476 -0.228845
-0.928784   0.19644   0.31428 -0.235978
 -0.28974 -0.913624 -0.285204   1.63488
        0         0         0         1

 0.229135 -0.350918  0.907939 -0.228316
-0.929077    0.1994  0.311538 -0.235345
-0.290368 -0.914929  -0.28034   1.62532
        0         0         0         1

 0.225509 -0.345573  0.910893 -0.227893
-0.929678  0.203211  0.307253 -0.235363
-0.291282 -0.916125 -0.275445   1.61555
        0         0         0         1

 0.224141 -0.341949  0.912596   -0.2279
-0.929187  0.207408  0.305931  -0.23796
-0.293892 -0.916544 -0.271246   1.60921
        0         0         0         1

 0.222542 -0.332676  0.916407 -0.227563
-0.929452  0.211326  0.302426 -0.238424
 -0.29427 -0.919058 -0.262178   1.59964
        0         0         0         1

 0.220194 -0.321753  0.920864 -0.226816
-0.930315  0.214587  0.297431 -0.238298
-0.293305 -0.922186 -0.252081   1.59189
        0         0         0         1

   0.2159 -0.309176  0.926174 -0.228399
-0.933033  0.214273  0.289028 -0.243725
-0.287815 -0.926551 -0.242209   1.57733
        0         0         0         1

 0.213622 -0.309366  0.926638 -0.228423
-0.934419  0.212016  0.286199 -0.245697
-0.285002 -0.927007 -0.243786   1.57382
        0         0         0         1

 0.210877 -0.306038   0.92837 -0.228903
-0.936432  0.209187  0.281667 -0.247477
-0.280404 -0.928753 -0.242471    1.5656
        0         0         0         1

 0.208545 -0.301463  0.930392 -0.227245
-0.937501  0.209344  0.277969 -0.246322
 -0.27857 -0.930212 -0.238964   1.56062
        0         0         0         1

 0.206932 -0.299021  0.931539 -0.224668
-0.940848  0.200292  0.273292 -0.247591
  -0.2683  -0.93299 -0.239887   1.55172
        0         0         0         1

 0.207417 -0.305376  0.929367 -0.222578
-0.941051  0.197213  0.274826 -0.247626
-0.267209 -0.931586 -0.246469    1.5506
        0         0         0         1

 0.208554 -0.311801  0.926976 -0.220618
-0.941641  0.192056  0.276454 -0.246426
 -0.26423 -0.930535  -0.25355   1.54662
        0         0         0         1

 0.209942 -0.318567  0.924359 -0.219023
-0.941345  0.189602  0.279144 -0.245907
-0.264187 -0.928744 -0.260076   1.54581
        0         0         0         1

 0.213816 -0.325751  0.920961 -0.217054
-0.940519  0.186155  0.284201 -0.246076
 -0.26402 -0.926948 -0.266572   1.54431
        0         0         0         1

  0.21751 -0.331146  0.918168 -0.215514
-0.939642  0.183514  0.288784 -0.246598
-0.264126 -0.925562 -0.271242   1.54235
        0         0         0         1

 0.234085 -0.341755  0.910169 -0.215735
-0.935105  0.177043  0.306975 -0.250472
-0.266049 -0.922962 -0.278134   1.53834
        0         0         0         1

 0.243459 -0.344129  0.906809 -0.215995
-0.932813  0.173026  0.316103 -0.253412
-0.265682 -0.922842 -0.278883   1.53717
        0         0         0         1

 0.248413 -0.342888  0.905935  -0.21453
-0.931113   0.17332  0.320917 -0.252174
-0.267056 -0.923248 -0.276213   1.53544
        0         0         0         1

 0.249501 -0.339713  0.906832 -0.213174
-0.931485  0.171816  0.320648 -0.249629
-0.264737 -0.924702 -0.273569   1.53249
        0         0         0         1

 0.250504 -0.335326  0.908187 -0.211435
 -0.93141  0.172386  0.320559 -0.247595
-0.264051 -0.926196 -0.269143   1.52961
        0         0         0         1

 0.252152 -0.333315  0.908472 -0.211642
-0.931093  0.172164  0.321597 -0.248232
-0.263599 -0.926963 -0.266936   1.52737
        0         0         0         1

 0.253594 -0.333607  0.907963 -0.211664
-0.930686  0.171693  0.323024 -0.247595
-0.263654 -0.926946 -0.266943    1.5254
        0         0         0         1

 0.253739  -0.33575  0.907132 -0.210885
-0.930519  0.171334  0.323696 -0.246814
-0.264104 -0.926238 -0.268947   1.52398
        0         0         0         1

 0.257103 -0.341072  0.904195 -0.211909
-0.928997  0.170504  0.328471 -0.249501
-0.266201 -0.924445 -0.273018   1.52298
        0         0         0         1

 0.256869  -0.34588  0.902433 -0.211185
-0.928497  0.170775  0.329741  -0.24812
-0.268164 -0.922607 -0.277282   1.52141
        0         0         0         1

 0.256582 -0.364462  0.895172 -0.209762
-0.926926  0.169595  0.334733 -0.245872
-0.273814 -0.915644 -0.294315   1.51714
        0         0         0         1

  0.25542  -0.37418  0.891488 -0.209308
-0.926123  0.170051  0.336718 -0.245466
-0.277591 -0.911632 -0.303102   1.51664
        0         0         0         1

 0.254631 -0.384007  0.887526 -0.209547
-0.924825  0.171504  0.339537 -0.247078
-0.282599 -0.907262 -0.311469   1.51626
        0         0         0         1

 0.250737 -0.386482   0.88756 -0.209507
-0.926031   0.17145  0.336262 -0.246471
-0.282131 -0.906221 -0.314905   1.51412
        0         0         0         1

 0.241961 -0.387259  0.889655 -0.209684
-0.927949  0.175535  0.328784 -0.246131
 -0.28349 -0.905107 -0.316884   1.51012
        0         0         0         1

  0.23984 -0.384334  0.891495   -0.2104
-0.927947    0.1791  0.326859 -0.246779
 -0.28529 -0.905655 -0.313687   1.50861
        0         0         0         1

 0.239684 -0.379497  0.893607 -0.211754
-0.928223  0.180173  0.325484 -0.248654
-0.284524  -0.90748 -0.309073   1.50585
        0         0         0         1

 0.235931 -0.372181  0.897674 -0.211161
-0.929082   0.18439  0.320635  -0.24642
-0.284856  -0.90966 -0.302283   1.50381
        0         0         0         1

 0.238583 -0.360827    0.9016 -0.213059
-0.928165  0.188348  0.320992 -0.249117
-0.285637 -0.913416  -0.28997    1.5004
        0         0         0         1

 0.240099 -0.350328   0.90533 -0.213837
-0.927351  0.192957  0.320606 -0.249598
-0.287007 -0.916536 -0.278548   1.49817
        0         0         0         1

 0.243226  -0.31205  0.918404 -0.214073
-0.925363  0.209182  0.316143 -0.247696
-0.290766 -0.926751 -0.237881   1.49183
        0         0         0         1

 0.246614 -0.293719  0.923532 -0.214865
 -0.92452  0.214447  0.315081 -0.248541
-0.290594 -0.931527 -0.218663   1.48844
        0         0         0         1

 0.247458 -0.276227  0.928689 -0.214711
-0.924331  0.220054   0.31175 -0.247181
-0.290476 -0.935561 -0.200871   1.48614
        0         0         0         1

  0.25081 -0.265611  0.930884 -0.215049
-0.923438   0.22287  0.312396 -0.248391
-0.290441 -0.937966 -0.189378   1.48371
        0         0         0         1

 0.249239  -0.25207  0.935062 -0.215173
 -0.92401  0.227206  0.307543 -0.249723
-0.289974 -0.940658 -0.176286   1.48062
        0         0         0         1

 0.245027 -0.252184  0.936144 -0.214196
-0.925094  0.228116  0.303586 -0.248862
-0.290109 -0.940407 -0.177399   1.47968
        0         0         0         1

 0.241061 -0.255534  0.936265 -0.213752
-0.925543   0.22972  0.300997  -0.24991
-0.291994 -0.939112 -0.181132   1.47946
        0         0         0         1

 0.236542 -0.258942  0.936481  -0.21254
-0.926501  0.230192  0.297671 -0.249298
 -0.29265 -0.938062  -0.18546   1.47939
        0         0         0         1

 0.232807  -0.26025  0.937054 -0.210983
-0.927418  0.230622  0.294464 -0.248355
-0.292739 -0.937595  -0.18767   1.47818
        0         0         0         1

  0.23144 -0.265257  0.935988 -0.209735
-0.927114  0.231388   0.29482 -0.248993
 -0.29478 -0.936001 -0.192371   1.47924
        0         0         0         1

 0.232702 -0.270589  0.934148 -0.207221
-0.925263  0.234262  0.298345 -0.250619
-0.299564 -0.933758 -0.195853   1.48186
        0         0         0         1

 0.234486 -0.269857  0.933913 -0.206157
-0.923993  0.236663   0.30038   -0.2511
-0.302082 -0.933364 -0.193852   1.48286
        0         0         0         1

 0.237304 -0.266899  0.934051 -0.205046
-0.923049  0.237723  0.302437 -0.251752
-0.302765 -0.933945 -0.189948   1.48338
        0         0         0         1

 0.241301 -0.264818  0.933619 -0.204684
-0.921559   0.23898   0.30597 -0.253327
-0.304143 -0.934216 -0.186379   1.48335
        0         0         0         1

 0.243151 -0.266174  0.932753 -0.202915
-0.919866  0.241841  0.308804 -0.255163
-0.307774 -0.933094 -0.186041   1.48376
        0         0         0         1

 0.243584 -0.267431  0.932281 -0.202333
-0.919248  0.242857  0.309844 -0.255419
-0.309273  -0.93247 -0.186679   1.48333
        0         0         0         1

 0.245525  -0.26983   0.93108 -0.201242
-0.917551  0.245196  0.313017 -0.255243
-0.312758 -0.931166 -0.187381   1.48425
        0         0         0         1

 0.248409 -0.269591  0.930384 -0.199436
-0.915964  0.247093  0.316157 -0.254042
-0.315124 -0.930734 -0.185556   1.48495
        0         0         0         1

 0.253956 -0.264018  0.930484 -0.198066
-0.914309  0.248284   0.31999 -0.253674
-0.315508 -0.932014 -0.178341   1.48426
        0         0         0         1

 0.258612  -0.26086  0.930092 -0.196598
-0.913275   0.24767    0.3234 -0.252688
-0.314718 -0.933066 -0.174187    1.4847
        0         0         0         1

 0.271509 -0.257853  0.927251 -0.192899
-0.912119  0.238501  0.333401 -0.250497
-0.307119 -0.936285 -0.170437   1.48706
        0         0         0         1

 0.278539 -0.259342  0.924747 -0.191645
-0.911712  0.231353  0.339495 -0.250072
-0.301989 -0.937666 -0.172004   1.48881
        0         0         0         1

 0.285015 -0.260513  0.922442   -0.1884
-0.911819   0.22305  0.344725 -0.247894
-0.295556 -0.939352 -0.173968   1.49217
        0         0         0         1

 0.293752 -0.262027  0.919267  -0.18664
-0.911486  0.212897   0.35195 -0.247904
 -0.28793 -0.941285 -0.176295   1.49522
        0         0         0         1

 0.298448 -0.262204  0.917702 -0.182907
-0.912849  0.202282  0.354666 -0.244001
 -0.27863 -0.943573 -0.178982   1.49864
        0         0         0         1

 0.300977  -0.25855  0.917913 -0.179872
-0.915097   0.19255   0.35429 -0.239633
-0.268346 -0.946613 -0.178645   1.49905
        0         0         0         1

 0.309553 -0.254063  0.916313  -0.17411
-0.917398  0.173676  0.358074 -0.235827
-0.250115 -0.951467 -0.179315   1.50747
        0         0         0         1

 0.308038 -0.248574  0.918327 -0.169329
-0.920493  0.166066  0.353715 -0.229559
-0.240427 -0.954271 -0.177656   1.50976
        0         0         0         1

 0.311111  -0.24167  0.919133 -0.165809
-0.922659  0.155049  0.353071 -0.225844
-0.227837 -0.957891 -0.174742   1.51214
        0         0         0         1

 0.316919 -0.236509  0.918491 -0.163257
-0.923647   0.14307  0.355539 -0.223792
-0.215496 -0.961038 -0.173109   1.51501
        0         0         0         1

 0.329698 -0.230363   0.91555 -0.154275
-0.924178  0.119352  0.362836 -0.215922
-0.192857 -0.965758 -0.173546   1.52305
        0         0         0         1

 0.337605 -0.229186   0.91296 -0.150145
-0.923328  0.107929  0.368533 -0.212685
-0.182998 -0.967381 -0.175176   1.52546
        0         0         0         1

 0.343937 -0.231414   0.91003 -0.143373
-0.923029  0.094627  0.372912 -0.205751
-0.172411 -0.968242 -0.181056   1.53012
        0         0         0         1

 0.355156 -0.236791   0.90432 -0.138929
-0.919798 0.0841358  0.383265 -0.203778
-0.166839 -0.967911 -0.187918   1.53636
        0         0         0         1

 0.365499 -0.243831  0.898308 -0.132239
-0.917211 0.0700285  0.392198 -0.198476
-0.158537 -0.967286 -0.198049   1.54361
        0         0         0         1

 0.376157 -0.249187  0.892419  -0.12705
-0.913959 0.0584895  0.401568 -0.196123
-0.152263 -0.966688 -0.205745   1.54987
        0         0         0         1

 0.396609 -0.257967  0.880996  -0.11254
-0.908029 0.0307373  0.417779 -0.185613
-0.134853 -0.965665 -0.222051   1.56342
        0         0         0         1

 0.408763 -0.259073  0.875096  -0.10741
-0.903764 0.0185003  0.427631  -0.18347
-0.126977 -0.965681 -0.226579   1.56916
        0         0         0         1

  0.422241  -0.259384   0.868581  -0.100713
 -0.898881 0.00403307   0.438175  -0.179778
 -0.117159  -0.965766  -0.231452    1.57636
         0          0          0          1

   0.428091   -0.258266    0.866047  -0.0929339
   -0.89716 -0.00605514    0.441665   -0.173058
  -0.108823   -0.966055   -0.234298     1.58179
          0           0           0           1

   0.44953  -0.253937    0.85641 -0.0786388
   -0.8888 -0.0314084   0.457219  -0.163813
-0.0892063  -0.966711  -0.239818    1.59517
         0          0          0          1

  0.456324  -0.254178   0.852738 -0.0712946
 -0.885686 -0.0375379   0.462766  -0.159582
 -0.085615  -0.966429  -0.242252    1.60403
         0          0          0          1

  0.466702  -0.251249   0.847976 -0.0632138
 -0.880939 -0.0471458   0.470875  -0.155583
-0.0783284  -0.966774  -0.243338    1.61246
         0          0          0          1

  0.473085  -0.245393   0.846152 -0.0559023
  -0.87819 -0.0544738   0.475199  -0.151027
-0.0705174  -0.967892  -0.241272    1.61697
         0          0          0          1

  0.488094  -0.241875   0.838606 -0.0391957
 -0.870635 -0.0674334   0.487286  -0.144179
-0.0613124  -0.967961  -0.243499    1.63446
         0          0          0          1

  0.496484  -0.237846   0.834825 -0.0332699
 -0.866212 -0.0732722   0.494275  -0.142614
-0.0563919  -0.968535  -0.242404    1.64074
         0          0          0          1

  0.502598  -0.235326   0.831876 -0.0237325
  -0.86303 -0.0800862   0.498765  -0.137504
-0.0507507  -0.968611  -0.243345    1.64846
         0          0          0          1

  0.511791   -0.22889   0.828057 -0.0182656
 -0.857992 -0.0870169    0.50624  -0.136711
-0.0438182  -0.969555   -0.24092    1.65358
         0          0          0          1

   0.520002   -0.226116    0.823692 -0.00919759
  -0.853189  -0.0914112     0.51353   -0.133966
 -0.0408227   -0.969802   -0.240454     1.66268
          0           0           0           1

    0.52333   -0.223815    0.822212 0.000152394
  -0.851378  -0.0968033    0.515543   -0.129172
 -0.0357934   -0.969812   -0.241211     1.66915
          0           0           0           1

 0.536124 -0.217462  0.815648 0.0204309
-0.843605 -0.103657  0.526864 -0.122135
-0.0300259 -0.970549 -0.239025   1.68648
        0         0         0         1

 0.541386  -0.21344  0.813231 0.0289635
 -0.84036 -0.107012   0.53136 -0.119418
-0.026388 -0.971078 -0.237301   1.69334
        0         0         0         1

 0.549008 -0.207999  0.809523 0.0384453
-0.835529 -0.111125  0.538092 -0.117449
-0.0219641 -0.971796 -0.234798   1.70169
        0         0         0         1

 0.551287 -0.205168  0.808696 0.0487215
-0.834134 -0.115299  0.539377  -0.11275
-0.0174211 -0.971912   -0.2347   1.70813
        0         0         0         1

 0.560998  -0.20044  0.803184 0.0699323
-0.827766 -0.125017  0.546969 -0.106651
-0.00922302 -0.971697 -0.236052   1.72424
        0         0         0         1

 0.564987 -0.198828  0.800785 0.0790317
 -0.82508 -0.129496  0.549975 -0.105058
-0.00565161 -0.971441 -0.237213   1.73117
        0         0         0         1

 0.570641 -0.197915  0.796993 0.0896334
-0.821195 -0.134245  0.554633 -0.103298
-0.00277754 -0.970983 -0.239133   1.73986
        0         0         0         1

 0.574232 -0.196655  0.794723 0.0986958
-0.818691 -0.139825   0.55695 -0.101341
0.00159533 -0.970451 -0.241292   1.74562
        0         0         0         1

 0.577591 -0.198192  0.791902  0.110646
-0.816322 -0.143517  0.559483 -0.099371
0.00276624 -0.969599 -0.244682   1.75518
        0         0         0         1

  0.576555  -0.199543   0.792317   0.122768
 -0.817049  -0.145513   0.557905 -0.0960159
0.00396689  -0.969025  -0.246933    1.76302
         0          0          0          1

  0.578795  -0.198839    0.79086   0.145419
  -0.81543  -0.151115   0.558783 -0.0927682
 0.0084023  -0.968312  -0.249604    1.77854
         0          0          0          1

  0.579019  -0.200829   0.790193   0.156166
 -0.815274  -0.152275   0.558696 -0.0918833
0.00812404  -0.967719  -0.251901    1.78646
         0          0          0          1

 0.577614 -0.200856  0.791214  0.168844
-0.816231 -0.155567  0.556386 -0.089084
0.0113335  -0.96719 -0.253802   1.79285
        0         0         0         1

  0.578517  -0.200755   0.790579    0.17813
 -0.815576  -0.157107   0.556914 -0.0887746
 0.0124021  -0.966962   -0.25462    1.79966
         0          0          0          1

  0.578806  -0.201924    0.79007   0.201499
 -0.815351  -0.159529   0.556555 -0.0877988
 0.0136572  -0.966322  -0.256975    1.81373
         0          0          0          1

  0.578432  -0.202207   0.790271    0.21172
 -0.815621  -0.159224   0.556246 -0.0871884
 0.0133538  -0.966313  -0.257024    1.81953
         0          0          0          1

   0.57668  -0.201242   0.791797   0.223929
  -0.81684  -0.159349   0.554419 -0.0858134
 0.0145995  -0.966493  -0.256276     1.8247
         0          0          0          1

  0.574497  -0.201858   0.793225   0.235008
 -0.818393  -0.157807   0.552567 -0.0853941
 0.0136363  -0.966618  -0.255858    1.83093
         0          0          0          1

  0.569762  -0.200551   0.796963    0.24858
 -0.821662  -0.157364   0.547821 -0.0830072
 0.0155475  -0.966962  -0.254445    1.83505
         0          0          0          1

  0.565482  -0.197579   0.800745    0.25765
 -0.824588  -0.155278   0.544006 -0.0831712
  0.016854  -0.967911  -0.250728    1.83944
         0          0          0          1

 0.548733 -0.192891  0.813441  0.280091
-0.835815 -0.146915  0.528988 -0.084022
  0.01747 -0.970159 -0.241838   1.84869
        0         0         0         1

   0.54133  -0.190865    0.81886   0.289063
  -0.84066  -0.141299   0.522806 -0.0850131
 0.0159183  -0.971393  -0.236942    1.85273
         0          0          0          1

  0.530975  -0.187573   0.826367   0.300706
 -0.847248  -0.135214     0.5137 -0.0852021
 0.0153801    -0.9729  -0.230716    1.85592
         0          0          0          1

 0.523374 -0.187471  0.831225  0.310222
-0.852033 -0.127656  0.507685 -0.086447
0.0109345  -0.97394 -0.226544   1.85982
        0         0         0         1

  0.510767  -0.189254    0.83863    0.32324
 -0.859697  -0.119492   0.496632 -0.0857233
0.00621954   -0.97463  -0.223734    1.86282
         0          0          0          1

  0.50104 -0.189396  0.844445  0.332236
-0.865424  -0.10888  0.489068 -0.087389
-0.000684306 -0.975846 -0.218461   1.86592
        0         0         0         1

  0.471724  -0.190721   0.860873   0.355356
 -0.881575 -0.0827563   0.464733 -0.0889238
-0.0173918   -0.97815  -0.207173    1.87154
         0          0          0          1

   0.46063  -0.190871   0.866826   0.364118
  -0.88729 -0.0735407   0.455311 -0.0899767
-0.0231589  -0.978856  -0.203233    1.87244
         0          0          0          1

  0.455055  -0.194485   0.868965   0.375412
     -0.89 -0.0678514   0.450884 -0.0925012
-0.0287298  -0.978556  -0.203968    1.87567
         0          0          0          1

  0.455434  -0.198311   0.867901   0.385209
 -0.889735 -0.0676269   0.451439 -0.0935825
-0.0308317  -0.977803  -0.207244     1.8762
         0          0          0          1

  0.465432  -0.224723    0.85608   0.406533
 -0.883879 -0.0675696   0.462809  -0.101084
-0.0461588  -0.972077  -0.230077    1.88095
         0          0          0          1

  0.464873  -0.233648   0.853992   0.415663
 -0.883918 -0.0671097   0.462802  -0.103831
-0.0508216  -0.970003  -0.237723    1.88206
         0          0          0          1

  0.461609  -0.239482   0.854146   0.425133
  -0.88549 -0.0667023   0.459846  -0.107523
-0.0531512  -0.968607  -0.242849    1.88222
         0          0          0          1

  0.456783  -0.243749   0.855532   0.433549
 -0.887926 -0.0663445   0.455177  -0.110682
-0.0541892  -0.967566  -0.246736    1.88233
         0          0          0          1

  0.452491  -0.249395   0.856186   0.442719
 -0.890023 -0.0662431   0.451078  -0.115247
-0.0557801  -0.966133  -0.251942     1.8826
         0          0          0          1

  0.443386  -0.254586   0.859415   0.451688
 -0.894567 -0.0655602     0.4421  -0.117284
-0.0562092  -0.964825  -0.256813    1.88112
         0          0          0          1

  0.429461   -0.26644   0.862887   0.468051
 -0.901053 -0.0623586   0.429202  -0.126749
-0.0605479  -0.961832  -0.266857    1.87892
         0          0          0          1

  0.426492  -0.272139   0.862581    0.47476
 -0.902223 -0.0604929   0.427007  -0.131082
-0.0640251  -0.960355   -0.27133    1.87695
         0          0          0          1

 0.423429 -0.282062    0.8609  0.483319
-0.903219 -0.057991  0.425244  -0.13643
-0.0700209 -0.957642 -0.279319   1.87476
        0         0         0         1

  0.420506  -0.291193   0.859291   0.490848
 -0.904252 -0.0570709   0.423168  -0.141128
-0.0741831  -0.954961   -0.28731    1.87305
         0          0          0          1

 0.416857 -0.300991  0.857691    0.5055
-0.905524 -0.055398  0.420664 -0.152507
-0.0791019 -0.952016 -0.295648   1.86591
        0         0         0         1

  0.417628  -0.305469   0.855731   0.511281
    -0.905 -0.0558812   0.421725  -0.157778
-0.0810048  -0.950561  -0.299787    1.86191
         0          0          0          1

  0.417241  -0.310484   0.854113   0.518896
 -0.904934 -0.0553899   0.421932  -0.163581
 -0.083694  -0.948963  -0.304079    1.85689
         0          0          0          1

  0.413677  -0.312291   0.855187      0.525
 -0.906504 -0.0542137   0.418703  -0.168058
-0.0843942  -0.948438   -0.30552    1.85198
         0          0          0          1

  0.409545  -0.313052   0.856896   0.531576
 -0.908227 -0.0513657   0.415313  -0.173973
-0.0859993  -0.948346  -0.305359    1.84585
         0          0          0          1

  0.410078  -0.314067    0.85627   0.536329
 -0.907703 -0.0489843   0.416744  -0.179451
-0.0889414  -0.948136  -0.305167    1.84023
         0          0          0          1

  0.412594  -0.319859    0.85291   0.548352
 -0.905576 -0.0428084   0.422017  -0.189616
-0.0984743  -0.946498  -0.307319    1.82501
         0          0          0          1

  0.412338  -0.326415   0.850547   0.553471
 -0.904737 -0.0371667   0.424345  -0.194458
 -0.106901  -0.944496  -0.310645     1.8191
         0          0          0          1

  0.410963  -0.329139   0.850163   0.558433
 -0.904568 -0.0311901   0.425187  -0.200077
 -0.113429  -0.943766  -0.310546    1.81095
         0          0          0          1

 0.409901 -0.327812  0.851188  0.562698
-0.904665 -0.026965  0.425269 -0.204123
-0.116456 -0.944358 -0.307613    1.8035
        0         0         0         1

  0.408841  -0.330508   0.850655   0.571488
 -0.903649 -0.0163418   0.427961  -0.213576
 -0.127543  -0.943662  -0.305344    1.78605
         0          0          0          1

  0.406676  -0.332373   0.850966    0.57545
 -0.904014 -0.0120133   0.427335  -0.217146
 -0.131812  -0.943072  -0.305355    1.77821
         0          0          0          1

   0.403132   -0.331776    0.852883    0.578831
  -0.905185 -0.00745696    0.424953   -0.221829
  -0.134629   -0.943329   -0.303325     1.76856
          0           0           0           1

   0.397305   -0.330909    0.855949    0.581554
   -0.90742 -0.00252937    0.420218   -0.225845
  -0.136889   -0.943659   -0.301278     1.76107
          0           0           0           1

  0.389497   -0.32824   0.860553   0.584274
 -0.910461 0.00390855   0.413577   -0.23034
 -0.139116  -0.944586  -0.297327    1.75157
         0          0          0          1

  0.381571  -0.324573    0.86548   0.586453
 -0.913652 0.00953988   0.406386  -0.233804
 -0.140159  -0.945812  -0.292907    1.74344
         0          0          0          1

  0.36665 -0.316266  0.874953  0.590534
-0.918931 0.0238411  0.393697 -0.241565
-0.145373 -0.948371 -0.281886   1.72465
        0         0         0         1

 0.364401 -0.314687  0.876461  0.592146
-0.919042 0.0303216  0.392992 -0.245132
-0.150245 -0.948711 -0.278161   1.71665
        0         0         0         1

 0.364567 -0.313036  0.876983  0.594128
 -0.91804 0.0368118  0.394775 -0.249023
-0.155862 -0.949028 -0.273959   1.70686
        0         0         0         1

 0.366396 -0.313761  0.875961  0.596303
 -0.91625 0.0422308  0.398374 -0.251924
-0.161987 -0.948563  -0.27201   1.69882
        0         0         0         1

 0.361363 -0.313889  0.878004  0.600014
 -0.91632 0.0547092  0.396692 -0.258138
-0.172552 -0.947882 -0.267853    1.6804
        0         0         0         1

 0.355547 -0.312885  0.880732  0.600977
-0.917936  0.060557  0.392079 -0.260793
 -0.17601 -0.947859 -0.265677   1.67253
        0         0         0         1

 0.348869  -0.31087   0.88411   0.60193
 -0.92019 0.0651477  0.386014  -0.26386
-0.177598 -0.948217 -0.263332   1.66313
        0         0         0         1

 0.344948 -0.311185  0.885537  0.602734
-0.921127 0.0690756  0.383085 -0.266375
-0.180379 -0.947836 -0.262813   1.65537
        0         0         0         1

 0.342367 -0.315519  0.885004  0.603627
-0.921125 0.0729903  0.382362  -0.26937
-0.185239 -0.946108 -0.265643   1.64633
        0         0         0         1

 0.341863 -0.320165  0.883529  0.604363
-0.920366 0.0759035  0.383622  -0.27178
-0.189885 -0.944316 -0.268721   1.63881
        0         0         0         1

 0.343734  -0.32951  0.879358  0.606182
-0.917787 0.0803394   0.38886 -0.276654
 -0.19878 -0.940728 -0.274804    1.6217
        0         0         0         1

 0.346112 -0.333829  0.876792  0.606953
-0.915934 0.0821324  0.392835 -0.278687
-0.203153 -0.939049 -0.277338   1.61443
        0         0         0         1

 0.349504 -0.340016  0.873061  0.607556
-0.913276 0.0844502  0.398492 -0.281232
-0.209224  -0.93662 -0.281012   1.60609
        0         0         0         1

 0.352012 -0.346103  0.869655  0.608222
-0.910922 0.0869363  0.403314 -0.283067
-0.215193  -0.93416  -0.28467   1.59936
        0         0         0         1

 0.353074 -0.355877  0.865269  0.609109
-0.908266 0.0915212  0.408261 -0.286829
-0.224481 -0.930041 -0.290917   1.58405
        0         0         0         1

  0.35183 -0.358502  0.864692   0.60919
-0.907988 0.0938393  0.408353 -0.288379
-0.227537 -0.928801   -0.2925    1.5777
        0         0         0         1

 0.349234 -0.361469  0.864509  0.609484
-0.908242 0.0963738  0.407197 -0.289992
-0.230505  -0.92739 -0.294644   1.57027
        0         0         0         1

 0.347903 -0.363479  0.864203  0.609327
-0.908083 0.0985672  0.407025 -0.291506
-0.233127 -0.926373 -0.295777    1.5643
        0         0         0         1

 0.347304 -0.366442  0.863192  0.609264
-0.907397  0.100987  0.407961 -0.293189
-0.236665 -0.924944 -0.297435   1.55724
        0         0         0         1

 0.347891 -0.369831  0.861508  0.609366
-0.906122  0.103239  0.410226 -0.294464
-0.240655 -0.923345 -0.299196   1.55164
        0         0         0         1

 0.348136 -0.378322  0.857715  0.610011
-0.903726  0.107737  0.414332 -0.296987
-0.249159 -0.919383 -0.304392   1.53947
        0         0         0         1

 0.347219 -0.379987   0.85735  0.610006
-0.903578  0.109105  0.414297 -0.298069
-0.250969 -0.918535 -0.305465    1.5344
        0         0         0         1

 0.344677 -0.380971  0.857939  0.609875
-0.904255  0.110633  0.412412 -0.299392
-0.252034 -0.917944 -0.306362   1.52867
        0         0         0         1

 0.341111 -0.380541  0.859553   0.60966
-0.905626  0.112055  0.409004 -0.300444
 -0.25196  -0.91795 -0.306404   1.52412
        0         0         0         1

 0.330808 -0.378503  0.864466  0.609004
-0.909854  0.115198  0.398616 -0.302703
-0.250462 -0.918404 -0.306274    1.5141
        0         0         0         1

 0.326447 -0.377505  0.866558  0.608814
-0.911494  0.116967  0.394331 -0.303544
 -0.25022 -0.918591  -0.30591   1.50991
        0         0         0         1

 0.322552 -0.375887  0.868717  0.608731
-0.912835  0.119246   0.39053 -0.304449
-0.250386 -0.918961  -0.30466   1.50496
        0         0         0         1

 0.320617 -0.375153   0.86975  0.608844
-0.913156  0.121577  0.389058 -0.305116
-0.251698 -0.918955 -0.303594   1.50107
        0         0         0         1

 0.318463 -0.375077  0.870574   0.60928
-0.913198  0.124949  0.387888 -0.305617
-0.254265 -0.918534 -0.302728   1.49653
        0         0         0         1

 0.316517 -0.375404  0.871142  0.609586
-0.913101  0.128261  0.387034 -0.306086
-0.257027 -0.917944 -0.302185   1.49292
        0         0         0         1

 0.309519 -0.374555  0.874017    0.6101
-0.914003  0.136347   0.38211 -0.307034
-0.262291 -0.917125 -0.300143   1.48535
        0         0         0         1

  0.30494 -0.372912  0.876326  0.610487
-0.915234  0.139704  0.377929 -0.307179
-0.263361 -0.917289   -0.2987   1.48222
        0         0         0         1

 0.300412 -0.370818  0.878776  0.610659
-0.916359  0.143432  0.373783 -0.307529
 -0.26465 -0.917563 -0.296714   1.47868
        0         0         0         1

 0.297136 -0.368197  0.880989  0.610823
-0.917278  0.146155  0.370459 -0.307782
-0.265163 -0.918188 -0.294311   1.47577
        0         0         0         1

  0.29408 -0.360404  0.885226  0.611545
-0.917879  0.151741  0.366706 -0.307833
-0.266488 -0.920372 -0.286183    1.4692
        0         0         0         1

  0.29542 -0.360134   0.88489   0.61183
-0.917807  0.150178  0.367529  -0.30732
 -0.26525 -0.920734 -0.286168   1.46506
        0         0         0         1

 0.298552 -0.359029  0.884287   0.61339
-0.915199  0.155099   0.37196 -0.306851
-0.270697 -0.920349 -0.282278   1.46299
        0         0         0         1

 0.301486 -0.353999   0.88532    0.6144
 -0.91385  0.157602  0.374219 -0.306048
-0.272002 -0.921871 -0.275987   1.46047
        0         0         0         1

  0.30581 -0.348207  0.886133  0.614903
-0.912496  0.158428  0.377163 -0.305409
-0.271719 -0.923933 -0.269289   1.45768
        0         0         0         1

 0.308482 -0.342693  0.887356  0.615188
-0.911794  0.159291  0.378495 -0.305088
-0.271056 -0.925844 -0.263327   1.45526
        0         0         0         1

 0.311059 -0.336697   0.88875  0.616545
-0.912378  0.156039  0.378443 -0.304618
  -0.2661 -0.928594 -0.258658   1.45184
        0         0         0         1

