-0.0433549 -0.792354  0.608519  0.851522
-0.952522  -0.15095 -0.264416   1.11645
 0.301367 -0.591091 -0.748191   1.95608
        0         0         0         1

-0.0423472  -0.78313  0.620414  0.837383
-0.955111 -0.150503 -0.255168   1.09721
 0.293204 -0.603371 -0.741603   1.96348
        0         0         0         1

-0.0402016 -0.773601  0.632397  0.824353
-0.960647 -0.144169 -0.237428   1.07884
 0.274846 -0.617055 -0.737362   1.97907
        0         0         0         1

-0.044507 -0.769392  0.637225   0.81653
-0.961459 -0.140248  -0.23649   1.06454
 0.271323 -0.623191 -0.733496   1.97696
        0         0         0         1

-0.0383086 -0.760578  0.648116  0.796988
-0.966084 -0.137563 -0.218536   1.04713
 0.255371 -0.634506 -0.729512   1.98728
        0         0         0         1

-0.0299475 -0.751426  0.659137  0.766395
-0.969384 -0.138952 -0.202451   1.01705
 0.243716  -0.64502  -0.72426     1.985
        0         0         0         1

-0.0268361 -0.752262  0.658318  0.757951
-0.970629 -0.137895  -0.19714    1.0027
  0.23908 -0.644273 -0.726467   1.98243
        0         0         0         1

-0.0368682 -0.757431  0.651874  0.764433
-0.974781 -0.116412 -0.190393  0.986163
 0.220096 -0.642454 -0.734038   1.99493
        0         0         0         1

-0.029967 -0.755064  0.654965  0.748272
-0.978248 -0.112407 -0.174345  0.971466
 0.205264 -0.645943 -0.735272   1.99769
        0         0         0         1

-0.0352558  -0.760693   0.648154   0.739145
 -0.980965 -0.0975814  -0.167883   0.945965
  0.190955  -0.641735  -0.742773    1.98979
         0          0          0          1

-0.0365849  -0.759643    0.64931   0.731087
 -0.982535 -0.0912801  -0.162151   0.933099
  0.182446  -0.643902  -0.743037    1.99004
         0          0          0          1

 -0.042783  -0.759959   0.648562   0.726657
 -0.984638 -0.0779218  -0.156258     0.9163
  0.169287  -0.645284   -0.74495    1.99474
         0          0          0          1

-0.0422203  -0.763075    0.64493    0.72017
 -0.986068 -0.0721278  -0.149894   0.902147
  0.160898  -0.642273  -0.749398     1.9949
         0          0          0          1

-0.0419188  -0.761302   0.647041     0.7084
 -0.988969 -0.0604676  -0.135216   0.884856
  0.142065  -0.645572  -0.750369    1.99983
         0          0          0          1

-0.0382682  -0.760811   0.647844   0.697946
 -0.991605 -0.0512215  -0.118727   0.868306
  0.123513  -0.646949  -0.752464    2.00371
         0          0          0          1

-0.0425589  -0.761812   0.646399   0.681931
 -0.993205 -0.0378806  -0.110037   0.843243
  0.108313   -0.64669  -0.755023    1.99635
         0          0          0          1

-0.0472508  -0.766282   0.640764   0.680157
 -0.993689 -0.0292716  -0.108282   0.832135
   0.10173  -0.641837  -0.760063     1.9922
         0          0          0          1

-0.0477001  -0.766253   0.640766   0.670655
 -0.994971 -0.0201176 -0.0981254   0.816788
 0.0880796  -0.642224   -0.76144    1.99237
         0          0          0          1

-0.0490271  -0.769561   0.636688   0.665374
 -0.995829 -0.0114444  -0.090515   0.804272
 0.0769434   -0.63847  -0.765791    1.99226
         0          0          0          1

 -0.0421571   -0.770744    0.635748    0.651136
  -0.997128 -0.00761216  -0.0753491    0.788761
  0.0629144   -0.637099    -0.76821      1.9869
          0           0           0           1

 -0.0447486   -0.773136     0.63266    0.645306
  -0.997587 0.000930955  -0.0694226    0.778246
  0.0530841    -0.63424   -0.771312     1.98287
          0           0           0           1

-0.056054 -0.782572  0.620031   0.64665
-0.997709 0.0203384 -0.064528  0.759109
0.0378874 -0.622227 -0.781919   1.96772
        0         0         0         1

-0.0508481  -0.786352   0.615683   0.636439
 -0.998402   0.024811 -0.0507676   0.747036
 0.0246455  -0.617281  -0.786357    1.96699
         0          0          0          1

-0.0483074  -0.793895   0.606133   0.629555
 -0.998822  0.0355639 -0.0330233   0.732341
0.00466053  -0.607014  -0.794677     1.9647
         0          0          0          1

-0.0435336  -0.800857   0.597271   0.625504
 -0.999027  0.0391451 -0.0203286   0.720964
-0.00709994  -0.597575  -0.801782    1.96197
         0          0          0          1

-0.0331521 -0.788683  0.613906  0.605223
-0.998413  0.054112 0.0156013  0.695597
-0.0455241 -0.612414 -0.789225   1.94999
        0         0         0         1

-0.0363498 -0.787349  0.615435  0.604633
-0.997474 0.0661901 0.0257652   0.68637
-0.0610219 -0.612944 -0.787767    1.9442
        0         0         0         1

-0.038208 -0.785088  0.618205  0.600596
-0.996548 0.0755644 0.0343713  0.679434
-0.0736988 -0.614758 -0.785265   1.93249
        0         0         0         1

-0.0340864 -0.783907  0.619942  0.593912
-0.995366 0.0824354 0.0495099  0.669225
-0.0899163 -0.615381 -0.783084   1.92834
        0         0         0         1

-0.0250346 -0.780577  0.624558  0.578039
-0.994482 0.0831119 0.0640114  0.657311
-0.101874  -0.61951 -0.778351   1.91549
        0         0         0         1

-0.0307657 -0.777345  0.628322   0.57785
-0.991918  0.101159 0.0765817  0.648586
-0.123091 -0.620888 -0.774175   1.91125
        0         0         0         1

-0.0374323 -0.766462  0.641198  0.567288
-0.985275  0.135428  0.104366  0.633277
-0.166828 -0.627849 -0.760246   1.88896
        0         0         0         1

-0.0413472 -0.760477  0.648047  0.563846
-0.981404  0.152595  0.116452  0.627282
-0.187448 -0.631181 -0.752644   1.88164
        0         0         0         1

-0.0412939 -0.756397  0.652809  0.557366
-0.977818  0.164875  0.129185  0.618787
-0.205347 -0.632993 -0.746426   1.86808
        0         0         0         1

-0.0444513 -0.752314  0.657304  0.555168
-0.974359  0.177912  0.137736  0.612805
-0.220563 -0.634327 -0.740932   1.85905
        0         0         0         1

-0.0384263 -0.742411  0.668842  0.539416
-0.967462  0.195152  0.161035  0.598036
-0.250079 -0.640892 -0.725754   1.83527
        0         0         0         1

-0.0412532 -0.738726  0.672742  0.536947
 -0.96523  0.203414  0.164177  0.593185
-0.258127 -0.642578 -0.721432   1.82367
        0         0         0         1

-0.0406998   -0.7366  0.675103  0.531351
-0.960664  0.214617  0.176252  0.585099
-0.274716 -0.641374  -0.71636   1.81427
        0         0         0         1

-0.0367786 -0.732648  0.679613  0.523481
-0.957719  0.220028   0.18537  0.578255
-0.285345 -0.644061 -0.709763    1.8039
        0         0         0         1

-0.037821 -0.725615  0.687061  0.519549
-0.955232  0.228145  0.188364  0.573458
-0.293429 -0.649178  -0.70176   1.78902
        0         0         0         1

-0.0449903 -0.724133  0.688191  0.521307
-0.950685  0.242655  0.193177   0.56809
-0.306879 -0.645561 -0.699339   1.78515
        0         0         0         1

-0.0382257 -0.713675  0.699433  0.506445
-0.945845   0.25164  0.205071  0.556054
-0.322359 -0.653717 -0.684645    1.7601
        0         0         0         1

-0.0408966 -0.707161  0.705869  0.503799
-0.943843  0.259151  0.204941  0.551736
-0.327853 -0.657849 -0.678047   1.75103
        0         0         0         1

-0.0423868 -0.698814  0.714046  0.501498
 -0.94206  0.265985  0.204389  0.547934
-0.332755 -0.664011 -0.669599   1.73534
        0         0         0         1

-0.0438095 -0.692846  0.719754  0.499992
-0.937276  0.277892  0.210453   0.54509
-0.345825 -0.665388 -0.661562   1.72696
        0         0         0         1

-0.035631 -0.685212  0.727471  0.488923
-0.924198  0.299565  0.236896  0.532874
-0.380249 -0.663886 -0.643945   1.70528
        0         0         0         1

-0.0295691 -0.683838  0.729035    0.4842
-0.916787  0.309169  0.252817  0.528337
-0.398281 -0.660894 -0.636075   1.69655
        0         0         0         1

-0.028075  -0.67699  0.735457  0.480074
-0.910887  0.320353  0.260114  0.524438
  -0.4117 -0.662615 -0.625655   1.68466
        0         0         0         1

-0.0276094 -0.673464  0.738704  0.477734
-0.907601  0.326586  0.263821  0.521357
-0.418924 -0.663165 -0.620254     1.675
        0         0         0         1

-0.0298188 -0.668135  0.743442  0.475053
-0.903749   0.33577   0.26551  0.517535
-0.427022 -0.663968 -0.613839   1.66683
        0         0         0         1

-0.030113 -0.660083  0.750589  0.472722
-0.902709  0.340402   0.26314  0.515148
-0.429196  -0.66964 -0.606113   1.65649
        0         0         0         1

-0.022923 -0.640649  0.767492  0.463859
-0.894861  0.355442  0.269971  0.508184
-0.445756  -0.68061  -0.58144   1.63799
        0         0         0         1

-0.0137408 -0.631669  0.775117  0.458291
-0.889047  0.362486  0.279642  0.504202
 -0.45761 -0.685273 -0.566564   1.62999
        0         0         0         1

-0.00664794 -0.617569  0.786488  0.456538
-0.881531  0.374921  0.286945  0.501667
-0.472079 -0.691406 -0.546899   1.62017
        0         0         0         1

0.00478329 -0.606164  0.795325  0.454047
-0.874937  0.382578  0.296847  0.499812
-0.484212  -0.69728 -0.528526   1.61336
        0         0         0         1

0.0339425 -0.577458  0.815715   0.44728
-0.866531  0.389665  0.311907  0.496185
-0.497968 -0.717429 -0.487159   1.59217
        0         0         0         1

0.0437656 -0.567644   0.82211  0.443414
-0.863621  0.392192  0.316773  0.493501
-0.502239 -0.723855 -0.473065   1.58666
        0         0         0         1

0.0449046 -0.554272  0.831123  0.445987
-0.860507   0.40115  0.314017  0.492623
-0.507456 -0.729288 -0.458941   1.58138
        0         0         0         1

0.0492829  -0.54648  0.836021  0.443225
-0.858492  0.404612  0.315089  0.490516
-0.510454 -0.733246 -0.449208   1.57661
        0         0         0         1

 0.052621 -0.534576  0.843481   0.44092
-0.860058  0.404974  0.310317    0.4899
-0.507475 -0.741772 -0.438456   1.56728
        0         0         0         1

0.0504056 -0.529534   0.84679  0.439415
-0.858491  0.410284   0.30767  0.488001
-0.510346  -0.74247 -0.433919   1.56558
        0         0         0         1

0.0432346 -0.512239  0.857754  0.439065
-0.860479  0.417161  0.292495  0.487257
-0.507649 -0.750725 -0.422735     1.553
        0         0         0         1

0.0450256 -0.509365  0.859372  0.435371
-0.859712  0.418372   0.29302  0.484752
-0.508791 -0.752006  -0.41907    1.5501
        0         0         0         1

0.0461752 -0.503833  0.862566  0.432831
 -0.86114  0.417544   0.28999  0.482793
-0.506266 -0.756181 -0.414591    1.5434
        0         0         0         1

0.0470104 -0.500497  0.864461  0.433782
-0.860023  0.419913  0.289886   0.48241
-0.508086 -0.757084 -0.410699   1.54185
        0         0         0         1

0.0560955 -0.488535  0.870739  0.433393
-0.858995  0.420905  0.291491  0.481859
-0.508902 -0.764312 -0.396038   1.53026
        0         0         0         1

0.0588123 -0.482668  0.873826   0.43453
-0.857038  0.424439  0.292126   0.48123
-0.511886 -0.766083 -0.388703   1.52635
        0         0         0         1

0.0654757 -0.478256  0.875776  0.432194
-0.854645  0.426149  0.296613  0.479741
-0.515068 -0.767899 -0.380837   1.52239
        0         0         0         1

0.0703241  -0.47289  0.878311  0.429714
-0.853803  0.426771  0.298139  0.478512
-0.515824 -0.770871 -0.373743   1.51731
        0         0         0         1

0.0732297 -0.466214  0.881636  0.430307
-0.851968  0.430302  0.298312  0.478529
-0.518447 -0.772971 -0.365689   1.51424
        0         0         0         1

0.0819234 -0.461866  0.883158  0.424628
-0.850986  0.428826  0.303202  0.476072
 -0.51876 -0.776395 -0.357911   1.50918
        0         0         0         1

0.0854252 -0.445617  0.891139  0.427598
-0.849746  0.434415  0.298688  0.476277
-0.520225 -0.782757 -0.341551   1.50039
        0         0         0         1

0.0950708  -0.43964  0.893128  0.424684
-0.846788  0.435979  0.304748  0.474799
-0.523365 -0.785263 -0.330833   1.49734
        0         0         0         1

0.0979515  -0.42956   0.89771   0.42626
-0.845468  0.439914  0.302753  0.475905
-0.524965 -0.788641 -0.320089   1.49339
        0         0         0         1

  0.10782 -0.422794  0.899789  0.425101
-0.841788  0.442698  0.308886  0.475266
 -0.52893 -0.790736 -0.308172   1.49122
        0         0         0         1

 0.119753 -0.416484  0.901221  0.424417
-0.834616  0.449366  0.318569   0.47431
-0.537658 -0.790323 -0.293792   1.48898
        0         0         0         1

 0.123239 -0.411387  0.903091  0.424731
-0.835875  0.447488  0.317912  0.474939
-0.534907  -0.79405  -0.28872   1.48442
        0         0         0         1

 0.124227 -0.405628  0.905557  0.427469
 -0.83528  0.449875    0.3161  0.475959
-0.535607 -0.795662 -0.282927   1.48143
        0         0         0         1

 0.131988 -0.403003  0.905631  0.425861
-0.833313  0.449663  0.321547  0.475352
-0.536813 -0.797115 -0.276478   1.48071
        0         0         0         1

 0.133253 -0.398275  0.907535  0.426765
-0.833382  0.450567  0.320099  0.475689
-0.536393 -0.798978 -0.271876   1.47965
        0         0         0         1

 0.134069 -0.393526  0.909485  0.427785
-0.836238  0.447521   0.31691  0.476162
-0.531726 -0.803033 -0.269083   1.47589
        0         0         0         1

 0.136061 -0.389253  0.911027  0.426749
-0.839639  0.442769  0.314581  0.475748
-0.525826 -0.807736 -0.266589   1.47257
        0         0         0         1

 0.136345 -0.386969  0.911957  0.426493
-0.840679  0.441804  0.313158  0.475498
-0.524088 -0.809361 -0.265079   1.47242
        0         0         0         1

 0.139241 -0.383788  0.912863  0.423888
-0.843263  0.437332  0.312489  0.474841
-0.519153 -0.813294 -0.262739   1.47018
        0         0         0         1

   0.1381 -0.380421  0.914444  0.423451
-0.845784  0.435116  0.308745  0.474663
-0.515342  -0.81606 -0.261665   1.46848
        0         0         0         1

 0.134958 -0.374501  0.917352  0.421125
-0.849244  0.433241  0.301805   0.47423
-0.510461 -0.819787 -0.259573   1.46807
        0         0         0         1

 0.132267 -0.371362  0.919019  0.420797
-0.850185  0.434166    0.2978  0.473582
-0.509599 -0.820725 -0.258301   1.46893
        0         0         0         1

 0.131753 -0.370564  0.919415  0.417982
-0.850169  0.434719   0.29704  0.472456
-0.509759 -0.820793 -0.257767   1.47061
        0         0         0         1

 0.129057 -0.365727  0.921731  0.418064
-0.853707   0.43192  0.290911  0.472246
-0.504508 -0.824433 -0.256481   1.46872
        0         0         0         1

 0.131142 -0.363056  0.922492  0.415247
 -0.85634  0.427347  0.289924  0.471531
-0.499484 -0.827988 -0.254856   1.46629
        0         0         0         1

 0.131071 -0.363213   0.92244  0.413866
-0.856241  0.427499  0.289994  0.470568
-0.499672 -0.827841 -0.254965   1.46688
        0         0         0         1

   0.1275 -0.357628  0.925119  0.415524
-0.859629  0.425425  0.282933   0.47093
-0.494754 -0.831334 -0.253185   1.46527
        0         0         0         1

 0.130866 -0.355273  0.925557  0.415638
-0.859963  0.423847  0.284284  0.470674
-0.493293 -0.833147 -0.250055   1.46443
        0         0         0         1

 0.137926 -0.354137  0.924967  0.414841
-0.858497  0.422976  0.289957  0.469701
-0.493923 -0.834074 -0.245686   1.46398
        0         0         0         1

 0.140779 -0.352338  0.925224   0.41569
-0.856893  0.424732  0.292125  0.469547
-0.495899 -0.833943 -0.242122   1.46494
        0         0         0         1

 0.149326 -0.351481  0.924209  0.414688
-0.854674  0.424141  0.299394   0.46829
-0.497227 -0.834605 -0.237066   1.46551
        0         0         0         1

 0.153293 -0.350911  0.923776  0.414613
-0.854533  0.422392  0.302255  0.467842
-0.496261 -0.835731 -0.235116   1.46537
        0         0         0         1

 0.164854 -0.339354    0.9261  0.416341
-0.857064  0.415393  0.304779  0.467726
-0.488124 -0.843971 -0.222369   1.46346
        0         0         0         1

 0.167957 -0.331565  0.928362  0.418032
-0.857294  0.415784  0.303597  0.468079
 -0.48666  -0.84687 -0.214414   1.46399
        0         0         0         1

 0.183654 -0.324891  0.927748  0.417552
-0.855688   0.41168  0.313557  0.467285
-0.483807 -0.851449 -0.202399   1.46483
        0         0         0         1

 0.188066 -0.315016  0.930267  0.418945
-0.857093  0.409881  0.312071   0.46753
-0.479606 -0.856015 -0.192913   1.46533
        0         0         0         1

 0.212703 -0.298729  0.930333  0.423495
-0.856246  0.401717  0.324755   0.46798
-0.470744  -0.86567 -0.170339   1.46757
        0         0         0         1

 0.225127 -0.292423  0.929412   0.42686
 -0.85534  0.397496   0.33225  0.468436
-0.466595 -0.869762 -0.160634   1.46939
        0         0         0         1

 0.238916  -0.28221  0.929127  0.434074
 -0.85465  0.393113  0.339168  0.470264
-0.460968 -0.875111  -0.14727   1.47128
        0         0         0         1

 0.251382 -0.275002  0.927998   0.44029
-0.853139  0.389869  0.346637  0.472589
-0.457123 -0.878849 -0.136609   1.47392
        0         0         0         1

 0.293429 -0.262184  0.919325  0.448138
-0.844931  0.378732  0.377696  0.474195
-0.447203 -0.887593 -0.110396   1.48055
        0         0         0         1

 0.305585  -0.25485  0.917426  0.457819
-0.844054  0.373421  0.384877   0.47811
-0.440672 -0.891969 -0.100995   1.48303
        0         0         0         1

  0.325408  -0.247417   0.912631   0.466166
  -0.84079   0.365898   0.398988   0.480957
 -0.432646  -0.897164 -0.0889593    1.48615
         0          0          0          1

  0.344941  -0.243253   0.906556   0.470193
 -0.836555   0.358333   0.414456   0.482655
 -0.425666  -0.901347 -0.0798907    1.48961
         0          0          0          1

  0.366833  -0.239772   0.898857   0.474982
 -0.831254    0.34932   0.432425   0.483956
 -0.417672  -0.905806 -0.0711699    1.49434
         0          0          0          1

  0.379364  -0.234944   0.894921   0.483637
 -0.828355    0.34466    0.44163   0.486473
 -0.412202  -0.908851 -0.0638655    1.49981
         0          0          0          1

  0.413522  -0.231253   0.880637   0.492682
 -0.820282   0.325132   0.470559   0.489551
 -0.395141  -0.916958 -0.0552432    1.50995
         0          0          0          1

  0.419952  -0.226795   0.878751   0.500689
 -0.821252   0.317123   0.474319   0.491398
 -0.386245  -0.920868 -0.0530792     1.5149
         0          0          0          1

  0.425078  -0.222405   0.877408   0.511021
  -0.82472    0.30431   0.476689   0.495112
 -0.373022  -0.926246 -0.0540664    1.51911
         0          0          0          1

  0.429662  -0.216406   0.876675   0.518158
 -0.828595   0.291404   0.478031   0.496709
 -0.358915    -0.9318 -0.0541082    1.52045
         0          0          0          1

   0.43171  -0.211405   0.876889   0.537783
 -0.834977   0.274105   0.477158   0.500425
 -0.341233  -0.938176 -0.0581842    1.53487
         0          0          0          1

  0.433696  -0.211329   0.875927   0.543571
 -0.835957   0.268428   0.478667   0.500376
 -0.336279  -0.939833 -0.0602458    1.54183
         0          0          0          1

  0.437248  -0.209627   0.874569   0.550288
 -0.838272   0.257236   0.480759   0.499854
 -0.325751  -0.943338 -0.0632488    1.54619
         0          0          0          1

  0.437746  -0.206211   0.875132   0.560843
  -0.84153   0.248721   0.479546   0.500813
 -0.316551  -0.946369 -0.0646559    1.55099
         0          0          0          1

  0.442238  -0.206371   0.872833   0.571253
 -0.841938   0.239904   0.483307   0.500164
 -0.309137  -0.948608 -0.0676572    1.55834
         0          0          0          1

  0.446501  -0.205951   0.870759   0.581159
 -0.842296   0.231654   0.486696   0.499823
  -0.30195  -0.950747 -0.0700376    1.56315
         0          0          0          1

   0.45777  -0.202891   0.865611   0.603546
 -0.843116   0.209902   0.495072   0.499033
 -0.282139  -0.956439 -0.0749736    1.56946
         0          0          0          1

   0.45926  -0.203773   0.864613   0.615504
 -0.843727   0.204388   0.496336   0.498608
 -0.277857  -0.957446 -0.0780619    1.57522
         0          0          0          1

  0.460739  -0.203462   0.863899   0.628457
 -0.845495   0.195405   0.496945   0.497715
  -0.26992  -0.959385 -0.0819957    1.58027
         0          0          0          1

  0.459503  -0.200849   0.865169   0.640114
 -0.848471   0.188727   0.494447   0.496039
  -0.26259  -0.961271 -0.0836939    1.58322
         0          0          0          1

  0.445861  -0.196202   0.873334   0.669005
 -0.861748   0.169775   0.478087    0.49486
 -0.242071  -0.965754 -0.0933805    1.58862
         0          0          0          1

  0.435924  -0.194973    0.87861   0.680971
 -0.869568   0.160408   0.467034   0.493547
 -0.231996  -0.967603 -0.0996164    1.59061
         0          0          0          1

 0.420625 -0.192075  0.886669  0.696716
-0.879409  0.153874  0.450514  0.491342
-0.222968 -0.969242 -0.104189   1.59662
        0         0         0         1

 0.411253 -0.188177  0.891886  0.707612
-0.886224   0.14637  0.439525  0.488861
-0.213254 -0.971167 -0.106572   1.59888
        0         0         0         1

 0.401599 -0.182555  0.897436  0.724136
-0.893563  0.136597  0.427652  0.486816
-0.200657 -0.973661 -0.108267   1.60002
        0         0         0         1

 0.403782 -0.178847  0.897204  0.736916
-0.894284   0.12964   0.42831  0.484408
-0.192915 -0.975299 -0.107593   1.60076
        0         0         0         1

 0.413542 -0.177969  0.892922  0.775118
-0.891066  0.122357   0.43707  0.478047
 -0.18704 -0.976399 -0.107982   1.60541
        0         0         0         1

 0.421407 -0.176216  0.889586  0.788859
-0.888369  0.116923  0.443992  0.475343
-0.182252 -0.977383 -0.107272   1.60494
        0         0         0         1

   0.4301 -0.174566  0.885743  0.804082
-0.885255  0.110835  0.451707  0.471587
-0.177025 -0.978387 -0.106865   1.60478
        0         0         0         1

  0.43432 -0.173937  0.883806  0.819606
-0.883628  0.108176  0.455522  0.468124
-0.174839 -0.978797 -0.106713    1.6063
        0         0         0         1

 0.436491 -0.168383  0.883812  0.852514
-0.884104   0.10189  0.456047  0.460446
-0.166842 -0.980441 -0.104394   1.60739
        0         0         0         1

 0.431024 -0.166368  0.886871  0.868712
-0.887893  0.096979  0.449712  0.458472
-0.160825 -0.981283 -0.105916   1.60613
        0         0         0         1

 0.429238 -0.164295  0.888123  0.886175
-0.889587 0.0931222  0.447173  0.454391
-0.156172 -0.982006 -0.106183   1.60538
        0         0         0         1

 0.430106 -0.167085  0.887182  0.901747
 -0.88928 0.0908878  0.448241  0.451116
-0.155528 -0.981744 -0.109494   1.60464
        0         0         0         1

 0.435377  -0.17329  0.883413  0.923067
-0.886627 0.0875202  0.454129  0.446758
-0.156012 -0.980974 -0.115539   1.60259
        0         0         0         1

 0.447693  -0.17973  0.875938  0.937909
 -0.87993 0.0856797  0.467313   0.44205
-0.159041 -0.979978 -0.119792   1.60217
        0         0         0         1

 0.488077 -0.197782  0.850096  0.975416
-0.856849 0.0767788  0.509818  0.432439
-0.166102 -0.977234 -0.131996   1.59512
        0         0         0         1

 0.500818 -0.198723  0.842432  0.992291
-0.849783 0.0720546  0.522185  0.428869
-0.164471 -0.977403 -0.132785   1.59172
        0         0         0         1

 0.512385 -0.198274  0.835553    1.0109
-0.843037 0.0691762  0.533389  0.423421
-0.163557 -0.977703 -0.131707   1.58914
        0         0         0         1

 0.516698 -0.198414  0.832859   1.02527
-0.840542 0.0674417  0.537531  0.419325
-0.162823 -0.977795 -0.131928   1.58668
        0         0         0         1

  0.51544 -0.198178  0.833695   1.05711
-0.842299 0.0618175  0.535454  0.409715
-0.157652 -0.978215 -0.135062   1.57796
        0         0         0         1

 0.511378 -0.196253  0.836647   1.06993
-0.845029 0.0621978  0.531091  0.405443
-0.156266 -0.978579 -0.134033   1.57503
        0         0         0         1

 0.499857 -0.194483   0.84399   1.08842
-0.851976 0.0649076  0.519543    0.3997
-0.155824 -0.978756  -0.13325    1.5721
        0         0         0         1

 0.490019 -0.191506  0.850416   1.10293
-0.858201 0.0651108  0.509167  0.395262
 -0.15288 -0.979329 -0.132446   1.56703
        0         0         0         1

 0.481299  -0.18587  0.856623   1.11825
-0.863231 0.0692462  0.500037  0.389822
 -0.15226 -0.980131 -0.127121   1.56402
        0         0         0         1

 0.475461 -0.182213   0.86066   1.13095
-0.866569 0.0716301  0.493891  0.385358
-0.151642 -0.980646 -0.123843   1.55968
        0         0         0         1

 0.465616 -0.175309   0.86745   1.16195
-0.871928 0.0768876  0.483559  0.374729
-0.151468 -0.981507 -0.117057   1.54746
        0         0         0         1

 0.463205 -0.172918  0.869218   1.17551
-0.872737 0.0816283  0.481319  0.369479
-0.154181 -0.981548 -0.113101   1.54319
        0         0         0         1

 0.461929  -0.16919   0.87063   1.19027
-0.873293 0.0846291  0.479788  0.364173
-0.154856 -0.981943  -0.10866   1.53509
        0         0         0         1

 0.459043 -0.167091  0.872559    1.2052
  -0.8736 0.0937099  0.477536  0.358171
 -0.16156 -0.981478 -0.102954   1.53285
        0         0         0         1

  0.457353  -0.165252   0.873797    1.21831
 -0.874083  0.0973728   0.475918    0.35304
  -0.16373  -0.981433 -0.0999098    1.52316
         0          0          0          1

  0.455804  -0.164995   0.874654    1.22896
 -0.874094   0.102433   0.474834   0.347987
 -0.167939  -0.980961 -0.0975317    1.51751
         0          0          0          1

  0.448505   -0.16986   0.877491    1.25375
 -0.875798   0.112426   0.469402   0.336734
 -0.178386  -0.979034 -0.0983391    1.50448
         0          0          0          1

  0.44244 -0.173765  0.879803   1.26621
-0.878185  0.114892  0.464318  0.331689
-0.181765 -0.978062 -0.101765   1.49755
        0         0         0         1

 0.438256  -0.18057  0.880526   1.27784
-0.878778  0.119789  0.461952  0.325708
-0.188892  -0.97624 -0.106183   1.49203
        0         0         0         1

 0.434843 -0.187253  0.880822   1.28735
-0.879424  0.122108  0.460111  0.321036
-0.193713 -0.974693 -0.111577   1.48622
        0         0         0         1

 0.421734 -0.205467  0.883133   1.30946
-0.883883  0.124059  0.450955    0.3106
-0.202217 -0.970769 -0.129289   1.47069
        0         0         0         1

 0.414941 -0.214855  0.884116   1.31669
-0.885863  0.126246  0.446441  0.306422
-0.207536 -0.968452 -0.137947   1.46471
        0         0         0         1

 0.399712 -0.226562  0.888201   1.32759
-0.892127  0.126437   0.43373  0.301454
-0.210568 -0.965755 -0.151583   1.45651
        0         0         0         1

 0.396186  -0.23309  0.888091   1.33352
-0.893089    0.1267  0.431669  0.297874
-0.213139 -0.964166 -0.157974   1.45097
        0         0         0         1

 0.385408 -0.239608  0.891094   1.34374
-0.897989  0.124803  0.421948  0.293304
-0.212313 -0.962815 -0.167065   1.44168
        0         0         0         1

 0.378387 -0.245555  0.892483   1.35147
-0.899288  0.130937  0.417297  0.289464
-0.219329 -0.960499  -0.17128   1.43762
        0         0         0         1

  0.36232 -0.257291  0.895838   1.36718
-0.904159   0.13636  0.404849  0.282051
 -0.22632 -0.956665 -0.183226   1.42359
        0         0         0         1

 0.361646 -0.259145  0.895576   1.37317
-0.903492  0.139595  0.405236   0.27882
-0.230032 -0.955697 -0.183652   1.41897
        0         0         0         1

  0.35842 -0.259079  0.896891   1.37949
-0.903948   0.14374  0.402762  0.275823
-0.233266   -0.9551 -0.182675   1.41295
        0         0         0         1

 0.351739 -0.261587  0.898806   1.38559
-0.904706  0.151574  0.398162  0.273131
-0.240389 -0.953204 -0.183345   1.40825
        0         0         0         1

 0.334124 -0.260506  0.905813   1.39657
 -0.91046  0.159353  0.381667  0.268813
 -0.24377 -0.952231 -0.183936   1.39628
        0         0         0         1

 0.329641 -0.261556  0.907152   1.40131
-0.910923  0.164394   0.37841  0.266681
-0.248106 -0.951085 -0.184066   1.39217
        0         0         0         1

 0.329283 -0.262858  0.906906    1.4073
-0.910016  0.167868  0.379067  0.264465
-0.251882 -0.950119 -0.183929   1.38676
        0         0         0         1

  0.33662 -0.262905  0.904195    1.4097
 -0.90653  0.169288  0.386712  0.263119
-0.254737 -0.949854 -0.181345   1.38235
        0         0         0         1

 0.341704 -0.262501  0.902403   1.41547
-0.903246   0.17349   0.39249  0.260573
-0.259587 -0.949207  -0.17782   1.37771
        0         0         0         1

 0.347129 -0.262244  0.900405   1.41825
-0.900771  0.173953  0.397934  0.259528
-0.260985 -0.949193 -0.175838    1.3728
        0         0         0         1

  0.35373 -0.262234  0.897835   1.42596
-0.896842  0.177494   0.40518  0.256245
-0.265612 -0.948541 -0.172397   1.36434
        0         0         0         1

 0.354844 -0.263098  0.897143   1.42916
-0.895905  0.178645  0.406744   0.25522
-0.267283 -0.948085  -0.17232   1.35962
        0         0         0         1

 0.357127 -0.263668  0.896069   1.43055
-0.894071  0.181187  0.409645    0.2546
-0.270366 -0.947444 -0.171031   1.35621
        0         0         0         1

  0.35619 -0.265795  0.895813   1.43251
-0.893322   0.18431  0.409885  0.253795
-0.274052 -0.946247 -0.171791   1.35356
        0         0         0         1

  0.34471 -0.271593  0.898561   1.43629
-0.896628  0.188131  0.400831  0.252639
 -0.27791 -0.943845 -0.178667   1.34565
        0         0         0         1

   0.3391 -0.273736  0.900044   1.43763
-0.898542  0.189117  0.396051  0.252544
-0.278627 -0.943029 -0.181834   1.34299
        0         0         0         1

 0.332081 -0.278407  0.901228   1.43864
-0.901463  0.187561  0.390109  0.252467
-0.277644 -0.941972 -0.188688   1.33657
        0         0         0         1

 0.330034 -0.277847  0.902152   1.43975
-0.901586  0.190375  0.388459  0.251758
-0.279679 -0.941572 -0.187673   1.33816
        0         0         0         1

 0.329187 -0.283048  0.900844   1.44076
-0.901545  0.189496  0.388983    0.2517
-0.280807   -0.9402 -0.192801   1.33563
        0         0         0         1

 0.330595 -0.289851  0.898161   1.44128
 -0.90064  0.187522  0.392024  0.251942
-0.282054 -0.938521 -0.199058   1.33281
        0         0         0         1

 0.340257 -0.299368  0.891405   1.44252
-0.896123  0.184018  0.403858  0.251658
-0.284937 -0.936224 -0.205657   1.32805
        0         0         0         1

  0.34538 -0.302146  0.888493    1.4431
-0.893381  0.184054  0.409871  0.251379
-0.287372 -0.935324 -0.206363   1.32695
        0         0         0         1

 0.351982 -0.304733  0.885012   1.44299
-0.889927  0.184061  0.417314  0.251306
-0.290066 -0.934483 -0.206404   1.32608
        0         0         0         1

 0.355216 -0.305952  0.883298   1.44291
-0.888045  0.184603  0.421067  0.251266
-0.291886 -0.933978 -0.206125   1.32505
        0         0         0         1

 0.357371  -0.30274  0.883535   1.44346
-0.886435   0.18799  0.422958  0.250672
-0.294142 -0.934349 -0.201177   1.32521
        0         0         0         1

  0.35598 -0.301726  0.884443   1.44303
-0.887019  0.188728  0.421401  0.250761
-0.294067 -0.934528 -0.200453   1.32503
        0         0         0         1

 0.354466 -0.300426  0.885493   1.44105
-0.887798  0.189159  0.419565  0.251345
-0.293547  -0.93486 -0.199667    1.3258
        0         0         0         1

 0.351001 -0.301254  0.886592   1.44083
-0.889288  0.189227  0.416365  0.251282
-0.293199  -0.93458 -0.201483   1.32686
        0         0         0         1

 0.346843 -0.305533  0.886763   1.44001
-0.890946   0.18814  0.413303   0.25155
-0.293113 -0.933409 -0.206958   1.32815
        0         0         0         1

 0.344644  -0.31031  0.885962   1.43852
-0.891806  0.186437  0.412218  0.252023
-0.293091 -0.932174 -0.212481   1.32904
        0         0         0         1

 0.341394 -0.319112  0.884092   1.43684
-0.892493  0.184955  0.411397  0.252985
-0.294799 -0.929494 -0.221663   1.33285
        0         0         0         1

 0.342855 -0.322159  0.882419   1.43547
-0.891272   0.18522  0.413916  0.253721
-0.296789  -0.92839 -0.223628   1.33521
        0         0         0         1

 0.346249 -0.325897  0.879717    1.4337
-0.889007  0.185512   0.41863  0.254827
-0.299629 -0.927025 -0.225492   1.33828
        0         0         0         1

 0.350974 -0.328499  0.876872   1.43218
-0.885859  0.186968  0.424614   0.25582
-0.303432 -0.925814 -0.225383    1.3426
        0         0         0         1

 0.366989 -0.345995  0.863485   1.42693
-0.874796  0.187271  0.446835  0.259154
-0.316308 -0.919357 -0.233949   1.34766
        0         0         0         1

 0.375462 -0.353891  0.856615     1.425
-0.869934  0.184297  0.457438  0.260748
-0.319755 -0.916949 -0.238665   1.34981
        0         0         0         1

 0.384156 -0.360457  0.849997   1.42319
-0.864735  0.182115  0.468047  0.262198
-0.323508 -0.914825  -0.24174   1.35302
        0         0         0         1

 0.389438 -0.363665  0.846218   1.42299
-0.860669  0.183502  0.474949  0.263411
-0.328005 -0.913277 -0.241533   1.35712
        0         0         0         1

 0.399641 -0.367191  0.839915   1.42072
-0.854547  0.182336  0.486316  0.265659
-0.331718 -0.912099 -0.240913    1.3617
        0         0         0         1

 0.410587 -0.370107   0.83333   1.41682
-0.848825  0.178661   0.49757  0.268277
-0.333038 -0.911647 -0.240801   1.36504
        0         0         0         1

 0.424083 -0.380788  0.821677   1.41021
-0.839785  0.174269   0.51419  0.273941
 -0.33899 -0.908092 -0.245876   1.37497
        0         0         0         1

 0.426721 -0.382169  0.819668   1.40794
-0.839072  0.170869   0.51649  0.276366
-0.337442 -0.908158 -0.247754   1.37986
        0         0         0         1

 0.431667 -0.379259  0.818429   1.40378
-0.838115  0.166825  0.519357  0.280041
-0.333505 -0.910128  -0.24585   1.38698
        0         0         0         1

 0.435159 -0.374912  0.818583   1.39962
-0.838187  0.163285  0.520365  0.283674
-0.328754 -0.912567 -0.243191   1.39306
        0         0         0         1

 0.439581 -0.367223  0.819705   1.39074
-0.840212  0.154485  0.519787  0.292587
 -0.31751 -0.917214 -0.240636   1.40743
        0         0         0         1

   0.4388 -0.365769  0.820772   1.38691
-0.842757  0.149419  0.517141  0.296725
-0.311793 -0.918633  -0.24269   1.41304
        0         0         0         1

 0.437951 -0.360923  0.823367   1.38363
-0.845839  0.144845  0.513397  0.301488
-0.304557 -0.921279 -0.241847   1.42272
        0         0         0         1

  0.43614  -0.35923  0.825067   1.38077
 -0.84914  0.139232  0.509486  0.306211
-0.297898 -0.922805 -0.244312   1.42908
        0         0         0         1

 0.434633 -0.355983  0.827267   1.37805
-0.852756  0.132763  0.505154  0.312332
-0.289656 -0.925014 -0.245863   1.44087
        0         0         0         1

 0.438416 -0.349825  0.827897   1.37508
-0.855512  0.119909  0.503707  0.318006
-0.275481 -0.929109  -0.24671   1.44888
        0         0         0         1

 0.462925 -0.332884  0.821516    1.3682
-0.853448 0.0829576  0.514533  0.332908
-0.239431 -0.939311 -0.245696   1.46848
        0         0         0         1

 0.480838 -0.319717  0.816441   1.36402
-0.847623 0.0687513  0.526126  0.340936
-0.224343 -0.945015 -0.237941   1.48038
        0         0         0         1

 0.497925 -0.307727  0.810787   1.36054
-0.842313 0.0508468  0.536584  0.350645
-0.206347 -0.950115 -0.233884   1.49305
        0         0         0         1

 0.509334 -0.298903  0.806992   1.35855
-0.839192 0.0352015  0.542695  0.359523
 -0.19062 -0.953634 -0.232907   1.50377
        0         0         0         1

  0.529911  -0.277681   0.801304    1.35331
 -0.834296 -0.0011932   0.551316   0.383149
 -0.152134  -0.960673  -0.232301    1.53103
         0          0          0          1

  0.532137  -0.272894   0.801473     1.3528
 -0.836503 -0.0232853   0.547467   0.394575
 -0.130738  -0.961762  -0.240667    1.53951
         0          0          0          1

  0.532411  -0.264865   0.803981    1.35246
 -0.839749 -0.0456791   0.541049   0.408291
  -0.10658  -0.963203   -0.24674    1.55403
         0          0          0          1

  0.534308  -0.253897   0.806258    1.34801
    -0.841 -0.0636989   0.537272   0.421072
 -0.085054  -0.965131  -0.247562    1.56817
         0          0          0          1

  0.530304  -0.241053   0.812817    1.34497
 -0.845753 -0.0837081   0.526967   0.436041
-0.0589879  -0.966895  -0.248262    1.58585
         0          0          0          1

 0.521995 -0.229635  0.821456   1.34275
-0.852252 -0.101501   0.51319  0.449664
-0.0344682  -0.96797  -0.24869   1.60009
        0         0         0         1

 0.492576 -0.204234  0.845965   1.33462
-0.869745 -0.149289   0.47038  0.483918
0.0302254 -0.967472 -0.251168   1.62965
        0         0         0         1

 0.471963 -0.189158  0.861087   1.33155
-0.879926  -0.16155  0.446801  0.497604
0.0545929 -0.968566 -0.242691   1.64807
        0         0         0         1

 0.443121 -0.172085   0.87979   1.32797
-0.892031 -0.182096  0.413669  0.516048
0.0890194 -0.968105 -0.234196   1.66574
        0         0         0         1

 0.412746 -0.157042  0.897206   1.32852
-0.902919 -0.200214   0.38033  0.531535
 0.119905 -0.967084 -0.224434   1.68049
        0         0         0         1

 0.361368 -0.105327  0.926455   1.32174
-0.911198 -0.250688  0.326917  0.569066
 0.197818 -0.962321 -0.186564   1.71355
        0         0         0         1

  0.339632 -0.0908305   0.936162    1.32235
 -0.911334  -0.277964   0.303655   0.584992
  0.232638  -0.956288  -0.177182    1.72349
         0          0          0          1

  0.321563 -0.0686536   0.944396    1.31645
 -0.908322  -0.304112   0.287172   0.605376
  0.267487  -0.950159  -0.160151    1.74145
         0          0          0          1

  0.305254 -0.0546291   0.950703    1.31412
 -0.906111  -0.323722   0.272335   0.621757
  0.292886  -0.944574  -0.148318    1.75726
         0          0          0          1

  0.287758 -0.0430354   0.956736    1.31106
 -0.901673  -0.348861   0.255505    0.64268
  0.322772  -0.936186  -0.139191    1.77276
         0          0          0          1

  0.270298 -0.0389288   0.961989    1.31213
 -0.895752  -0.376456   0.236453   0.660091
  0.352942  -0.925616  -0.136626    1.78038
         0          0          0          1

  0.236912 -0.0344856   0.970919    1.31608
 -0.881028  -0.428825   0.199747   0.699114
  0.409466  -0.902729  -0.131976    1.80606
         0          0          0          1

  0.241546 -0.0373768   0.969669    1.31468
  -0.86907  -0.452884    0.19903   0.717467
  0.431708  -0.890786  -0.141876    1.81337
         0          0          0          1

  0.260735 -0.0538497   0.963908    1.31838
 -0.856614  -0.473369   0.205267   0.737174
  0.445231  -0.879216  -0.169552    1.82762
         0          0          0          1

  0.286412 -0.0722314    0.95538    1.32112
 -0.840036   -0.49848   0.214146   0.756667
  0.460769  -0.863887  -0.203447    1.82871
         0          0          0          1

 0.334182 -0.118005  0.935092   1.33395
-0.819211 -0.526969  0.226267  0.794551
 0.466064 -0.841652 -0.272775   1.85241
        0         0         0         1

 0.354195 -0.136941  0.925091    1.3387
-0.811757  -0.53618  0.231432  0.810631
 0.464323 -0.832921 -0.301075   1.86371
