-0.451353 -0.432184  0.780703  0.159604
-0.831921 -0.112668 -0.543336  0.891887
 0.322782 -0.894719  -0.30869   2.11992
        0         0         0         1

-0.451353 -0.432184  0.780703  0.159604
-0.831921 -0.112668 -0.543336  0.891887
 0.322782 -0.894719  -0.30869   2.11992
        0         0         0         1

-0.422107 -0.422046  0.802311  0.156926
-0.857302 -0.101881 -0.504632  0.845078
 0.294718 -0.900832 -0.318816   2.12164
        0         0         0         1

-0.422107 -0.422046  0.802311  0.156926
-0.857302 -0.101881 -0.504632  0.845078
 0.294718 -0.900832 -0.318816   2.12164
        0         0         0         1

 -0.391569  -0.417848   0.819802   0.152562
 -0.878905 -0.0939054  -0.467662    0.80775
  0.272396  -0.903651  -0.330478    2.11963
         0          0          0          1

 -0.391569  -0.417848   0.819802   0.152562
 -0.878905 -0.0939054  -0.467662    0.80775
  0.272396  -0.903651  -0.330478    2.11963
         0          0          0          1

-0.376167 -0.428741  0.821389  0.170809
-0.890927 -0.076085 -0.447727   0.77045
 0.254454 -0.900218 -0.353356   2.11772
        0         0         0         1

-0.376167 -0.428741  0.821389  0.170809
-0.890927 -0.076085 -0.447727   0.77045
 0.254454 -0.900218 -0.353356   2.11772
        0         0         0         1

  -0.34625  -0.423216   0.837257   0.169464
 -0.909637 -0.0668705  -0.409986   0.739642
    0.2295  -0.903558  -0.361819    2.10906
         0          0          0          1

  -0.34625  -0.423216   0.837257   0.169464
 -0.909637 -0.0668705  -0.409986   0.739642
    0.2295  -0.903558  -0.361819    2.10906
         0          0          0          1

 -0.304859  -0.428394   0.850611   0.164626
 -0.932322 -0.0481733  -0.358406   0.697706
  0.194516  -0.902307  -0.384715    2.10568
         0          0          0          1

 -0.304859  -0.428394   0.850611   0.164626
 -0.932322 -0.0481733  -0.358406   0.697706
  0.194516  -0.902307  -0.384715    2.10568
         0          0          0          1

  -0.27701  -0.448038   0.850016   0.185463
 -0.947244 -0.0210986  -0.319817   0.665553
  0.161224  -0.893766  -0.418557    2.08888
         0          0          0          1

  -0.27701  -0.448038   0.850016   0.185463
 -0.947244 -0.0210986  -0.319817   0.665553
  0.161224  -0.893766  -0.418557    2.08888
         0          0          0          1

 -0.260071  -0.476627   0.839756   0.206905
  -0.95543 0.00119839  -0.295215   0.649563
  0.139701  -0.879105  -0.455695    2.08011
         0          0          0          1

 -0.260071  -0.476627   0.839756   0.206905
  -0.95543 0.00119839  -0.295215   0.649563
  0.139701  -0.879105  -0.455695    2.08011
         0          0          0          1

-0.238227 -0.511475  0.825616  0.237164
  -0.9644 0.0240925 -0.263347  0.629605
 0.114804  -0.85896 -0.499006   2.05268
        0         0         0         1

-0.238227 -0.511475  0.825616  0.237164
  -0.9644 0.0240925 -0.263347  0.629605
 0.114804  -0.85896 -0.499006   2.05268
        0         0         0         1

-0.212445 -0.539456  0.814772  0.254886
-0.973173 0.0414317 -0.226314  0.609738
0.0883293 -0.840994 -0.533786   2.03132
        0         0         0         1

-0.212445 -0.539456  0.814772  0.254886
-0.973173 0.0414317 -0.226314  0.609738
0.0883293 -0.840994 -0.533786   2.03132
        0         0         0         1

-0.170772  -0.58518  0.792718   0.27205
-0.984685 0.0726832 -0.158472  0.574234
0.0351175  -0.80764  -0.58863   2.01212
        0         0         0         1

-0.170772  -0.58518  0.792718   0.27205
-0.984685 0.0726832 -0.158472  0.574234
0.0351175  -0.80764  -0.58863   2.01212
        0         0         0         1

-0.153539  -0.61214    0.7757  0.291697
-0.988122  0.100209 -0.116506  0.553577
-0.00641428 -0.784374 -0.620255   1.99986
        0         0         0         1

-0.153539  -0.61214    0.7757  0.291697
-0.988122  0.100209 -0.116506  0.553577
-0.00641428 -0.784374 -0.620255   1.99986
        0         0         0         1

 -0.142102  -0.630064   0.763431   0.306545
 -0.989301   0.116142 -0.0882918    0.54156
 -0.033037  -0.767809  -0.639826    1.97702
         0          0          0          1

 -0.142102  -0.630064   0.763431   0.306545
 -0.989301   0.116142 -0.0882918    0.54156
 -0.033037  -0.767809  -0.639826    1.97702
         0          0          0          1

 -0.129361  -0.642603     0.7552   0.323015
  -0.98914   0.137208 -0.0526819   0.525059
-0.0697662  -0.753814  -0.653374    1.94222
         0          0          0          1

 -0.129361  -0.642603     0.7552   0.323015
  -0.98914   0.137208 -0.0526819   0.525059
-0.0697662  -0.753814  -0.653374    1.94222
         0          0          0          1

  -0.10756  -0.641434   0.759601   0.323672
 -0.990361   0.136189 -0.0252325   0.510195
-0.0872644  -0.754993    -0.6499    1.91775
         0          0          0          1

  -0.10756  -0.641434   0.759601   0.323672
 -0.990361   0.136189 -0.0252325   0.510195
-0.0872644  -0.754993    -0.6499    1.91775
         0          0          0          1

 -0.0998872   -0.636054    0.765152    0.334032
  -0.988739    0.149576 -0.00473662    0.494502
  -0.111435   -0.757009   -0.643832     1.88286
          0           0           0           1

 -0.0998872   -0.636054    0.765152    0.334032
  -0.988739    0.149576 -0.00473662    0.494502
  -0.111435   -0.757009   -0.643832     1.88286
          0           0           0           1

  -0.109161    -0.63153    0.767629    0.351323
  -0.986261    0.165137 -0.00439238    0.490744
   -0.12399   -0.757562    -0.64088     1.86436
          0           0           0           1

  -0.109161    -0.63153    0.767629    0.351323
  -0.986261    0.165137 -0.00439238    0.490744
   -0.12399   -0.757562    -0.64088     1.86436
          0           0           0           1

-0.105332 -0.631316  0.768339  0.361008
 -0.98285  0.183696 0.0161964   0.48121
-0.151366 -0.753456 -0.639838    1.8507
        0         0         0         1

-0.105332 -0.631316  0.768339  0.361008
 -0.98285  0.183696 0.0161964   0.48121
-0.151366 -0.753456 -0.639838    1.8507
        0         0         0         1

-0.101771 -0.633623  0.766919   0.36844
-0.979849  0.197033 0.0327599  0.473777
-0.171866 -0.748131 -0.640908   1.81248
        0         0         0         1

-0.101771 -0.633623  0.766919   0.36844
-0.979849  0.197033 0.0327599  0.473777
-0.171866 -0.748131 -0.640908   1.81248
        0         0         0         1

-0.100128 -0.635191  0.765837  0.387377
-0.975563  0.213973 0.0499222  0.472839
-0.195579 -0.742124 -0.641094    1.7905
        0         0         0         1

-0.100128 -0.635191  0.765837  0.387377
-0.975563  0.213973 0.0499222  0.472839
-0.195579 -0.742124 -0.641094    1.7905
        0         0         0         1

-0.0888069 -0.634143  0.768099  0.395363
-0.970968  0.227078  0.075213  0.467879
-0.222114  -0.73912 -0.635898   1.76731
        0         0         0         1

-0.0888069 -0.634143  0.768099  0.395363
-0.970968  0.227078  0.075213  0.467879
-0.222114  -0.73912 -0.635898   1.76731
        0         0         0         1

-0.102354 -0.628403  0.771124   0.41089
-0.964243   0.25318 0.0783336  0.467343
-0.244458 -0.735533 -0.631847   1.73996
        0         0         0         1

-0.102354 -0.628403  0.771124   0.41089
-0.964243   0.25318 0.0783336  0.467343
-0.244458 -0.735533 -0.631847   1.73996
        0         0         0         1

-0.106906 -0.625776  0.772642  0.409179
 -0.96074  0.265119 0.0817928  0.463399
-0.256026 -0.733564 -0.629551   1.72381
        0         0         0         1

-0.106906 -0.625776  0.772642  0.409179
 -0.96074  0.265119 0.0817928  0.463399
-0.256026 -0.733564 -0.629551   1.72381
        0         0         0         1

-0.124046 -0.621065  0.773881  0.412162
-0.955671  0.284655 0.0752587  0.460887
-0.267029  -0.73024 -0.628844   1.70522
        0         0         0         1

-0.124046 -0.621065  0.773881  0.412162
-0.955671  0.284655 0.0752587  0.460887
-0.267029  -0.73024 -0.628844   1.70522
        0         0         0         1

-0.133875 -0.610133  0.780907  0.409829
-0.951428  0.299582  0.070959  0.457911
 -0.27724 -0.733477 -0.620604     1.692
        0         0         0         1

-0.133875 -0.610133  0.780907  0.409829
-0.951428  0.299582  0.070959  0.457911
 -0.27724 -0.733477 -0.620604     1.692
        0         0         0         1

-0.141834 -0.593124  0.792519  0.414586
-0.948947  0.309345 0.0616854  0.460259
-0.281749  -0.74331 -0.606719   1.67389
        0         0         0         1

-0.141834 -0.593124  0.792519  0.414586
-0.948947  0.309345 0.0616854  0.460259
-0.281749  -0.74331 -0.606719   1.67389
        0         0         0         1

-0.155421 -0.573004   0.80468  0.414191
-0.941036  0.333666 0.0558425  0.459241
-0.300493 -0.748554 -0.591076   1.65526
        0         0         0         1

-0.155421 -0.573004   0.80468  0.414191
-0.941036  0.333666 0.0558425  0.459241
-0.300493 -0.748554 -0.591076   1.65526
        0         0         0         1

-0.168927 -0.568884  0.804882  0.420018
 -0.93256  0.356597 0.0563156  0.461504
-0.319055 -0.741087 -0.590757   1.65248
        0         0         0         1

-0.168927 -0.568884  0.804882  0.420018
 -0.93256  0.356597 0.0563156  0.461504
-0.319055 -0.741087 -0.590757   1.65248
        0         0         0         1

-0.162494 -0.565654  0.808475  0.427525
-0.928452  0.365029 0.0687866  0.463322
-0.334026 -0.739453 -0.584497   1.63426
        0         0         0         1

-0.162494 -0.565654  0.808475  0.427525
-0.928452  0.365029 0.0687866  0.463322
-0.334026 -0.739453 -0.584497   1.63426
        0         0         0         1

-0.157316 -0.563399  0.811069  0.434232
-0.928061  0.365085 0.0735943  0.465344
-0.337572 -0.741144 -0.580303   1.61876
        0         0         0         1

-0.157316 -0.563399  0.811069  0.434232
-0.928061  0.365085 0.0735943  0.465344
-0.337572 -0.741144 -0.580303   1.61876
        0         0         0         1

-0.157211 -0.560881  0.812833  0.437125
-0.926489  0.368725 0.0752385  0.465291
-0.341911 -0.741252 -0.577617   1.60994
        0         0         0         1

-0.157211 -0.560881  0.812833  0.437125
-0.926489  0.368725 0.0752385  0.465291
-0.341911 -0.741252 -0.577617   1.60994
        0         0         0         1

 -0.16904 -0.560209   0.81092  0.436515
 -0.92224  0.380159 0.0703802  0.462023
-0.347706 -0.735966 -0.580909   1.60823
        0         0         0         1

 -0.16904 -0.560209   0.81092  0.436515
 -0.92224  0.380159 0.0703802  0.462023
-0.347706 -0.735966 -0.580909   1.60823
        0         0         0         1

-0.180974 -0.555564   0.81154  0.436605
-0.921629  0.383829 0.0572377  0.464535
-0.343292  -0.73758 -0.581487    1.6001
        0         0         0         1

-0.180974 -0.555564   0.81154  0.436605
-0.921629  0.383829 0.0572377  0.464535
-0.343292  -0.73758 -0.581487    1.6001
        0         0         0         1

 -0.19097 -0.551121  0.812279   0.43775
-0.918723   0.39175 0.0498024  0.463558
-0.345658 -0.736748  -0.58114   1.59614
        0         0         0         1

 -0.19097 -0.551121  0.812279   0.43775
-0.918723   0.39175 0.0498024  0.463558
-0.345658 -0.736748  -0.58114   1.59614
        0         0         0         1

-0.187603 -0.545618  0.816766  0.440989
 -0.91678  0.395752 0.0537957  0.462573
-0.352589 -0.738703 -0.574456   1.59227
        0         0         0         1

-0.187603 -0.545618  0.816766  0.440989
 -0.91678  0.395752 0.0537957  0.462573
-0.352589 -0.738703 -0.574456   1.59227
        0         0         0         1

-0.184877 -0.540052  0.821075  0.446523
-0.917141  0.394985 0.0532897    0.4628
-0.353092 -0.743189 -0.568327    1.5839
        0         0         0         1

-0.184877 -0.540052  0.821075  0.446523
-0.917141  0.394985 0.0532897    0.4628
-0.353092 -0.743189 -0.568327    1.5839
        0         0         0         1

-0.179483 -0.536834  0.824376  0.447537
-0.917713  0.393237 0.0562722  0.460668
-0.354384 -0.746441 -0.563239   1.58069
        0         0         0         1

-0.179483 -0.536834  0.824376  0.447537
-0.917713  0.393237 0.0562722  0.460668
-0.354384 -0.746441 -0.563239   1.58069
        0         0         0         1

 -0.18125 -0.533796   0.82596  0.449955
-0.917887  0.393317 0.0527676  0.459914
-0.353031 -0.748574 -0.561253   1.58044
        0         0         0         1

 -0.18125 -0.533796   0.82596  0.449955
-0.917887  0.393317 0.0527676  0.459914
-0.353031 -0.748574 -0.561253   1.58044
        0         0         0         1

-0.186758  -0.52886  0.827906  0.455469
-0.916881  0.396453 0.0464217  0.459983
-0.352776 -0.750421 -0.558942   1.58006
        0         0         0         1

-0.186758  -0.52886  0.827906  0.455469
-0.916881  0.396453 0.0464217  0.459983
-0.352776 -0.750421 -0.558942   1.58006
        0         0         0         1

-0.184076 -0.526887  0.829763  0.456939
-0.917553  0.394809 0.0471459  0.459118
-0.352439 -0.752673 -0.556121   1.57912
        0         0         0         1

-0.184076 -0.526887  0.829763  0.456939
-0.917553  0.394809 0.0471459  0.459118
-0.352439 -0.752673 -0.556121   1.57912
        0         0         0         1

-0.184612 -0.527348  0.829351  0.458699
-0.917282  0.395426 0.0472486  0.458806
-0.352864 -0.752025 -0.556727    1.5803
        0         0         0         1

-0.179822 -0.527541   0.83028  0.458759
-0.918316  0.392606 0.0505632  0.457045
-0.352647 -0.753367 -0.555049   1.58064
        0         0         0         1

-0.179906 -0.531802  0.827539  0.464839
-0.921403  0.385689 0.0475439  0.454324
-0.344457 -0.753943 -0.559392   1.58496
        0         0         0         1

-0.179906 -0.531802  0.827539  0.464839
-0.921403  0.385689 0.0475439  0.454324
-0.344457 -0.753943 -0.559392   1.58496
        0         0         0         1

-0.177011 -0.536445  0.825163  0.474016
 -0.92573  0.375439 0.0454912  0.449652
-0.334202 -0.755826  -0.56306   1.59194
        0         0         0         1

-0.177011 -0.536445  0.825163  0.474016
 -0.92573  0.375439 0.0454912  0.449652
-0.334202 -0.755826  -0.56306   1.59194
        0         0         0         1

-0.157202 -0.545584   0.82318  0.487939
-0.934222  0.352403 0.0551565  0.441256
-0.320184 -0.760362 -0.565095   1.60009
        0         0         0         1

-0.157202 -0.545584   0.82318  0.487939
-0.934222  0.352403 0.0551565  0.441256
-0.320184 -0.760362 -0.565095   1.60009
        0         0         0         1

-0.136186 -0.552061  0.822607  0.500815
-0.940236  0.333618 0.0682349  0.435537
-0.312106 -0.764152 -0.564502   1.60564
        0         0         0         1

-0.136186 -0.552061  0.822607  0.500815
-0.940236  0.333618 0.0682349  0.435537
-0.312106 -0.764152 -0.564502   1.60564
        0         0         0         1

-0.121725 -0.558784  0.820331  0.512045
-0.942455   0.32435 0.0810908  0.427749
-0.311386 -0.763255  -0.56611   1.61858
        0         0         0         1

-0.121725 -0.558784  0.820331  0.512045
-0.942455   0.32435 0.0810908  0.427749
-0.311386 -0.763255  -0.56611   1.61858
        0         0         0         1

-0.111868 -0.567783  0.815541  0.534846
-0.948561  0.305615 0.0826569  0.416438
-0.296173 -0.764344 -0.572765   1.63217
        0         0         0         1

-0.111868 -0.567783  0.815541  0.534846
-0.948561  0.305615 0.0826569  0.416438
-0.296173 -0.764344 -0.572765   1.63217
        0         0         0         1

-0.0926363 -0.567979  0.817813  0.552171
-0.953883  0.286152 0.0906854  0.406829
-0.285526 -0.771698 -0.568293   1.63924
        0         0         0         1

-0.0926363 -0.567979  0.817813  0.552171
-0.953883  0.286152 0.0906854  0.406829
-0.285526 -0.771698 -0.568293   1.63924
        0         0         0         1

-0.0532362 -0.567767  0.821466  0.576701
 -0.95879  0.258971  0.116855  0.387552
-0.279082 -0.781393 -0.558156   1.65276
        0         0         0         1

-0.0532362 -0.567767  0.821466  0.576701
 -0.95879  0.258971  0.116855  0.387552
-0.279082 -0.781393 -0.558156   1.65276
        0         0         0         1

-0.0339099 -0.568432  0.822031  0.591945
-0.960488  0.245881  0.130405  0.374536
-0.276248 -0.785129  -0.55431   1.66024
        0         0         0         1

-0.0339099 -0.568432  0.822031  0.591945
-0.960488  0.245881  0.130405  0.374536
-0.276248 -0.785129  -0.55431   1.66024
        0         0         0         1

-0.0141951 -0.569863  0.821617  0.610734
-0.960308  0.236702  0.147582  0.360807
 -0.27858 -0.786911 -0.550604   1.66775
        0         0         0         1

-0.0141951 -0.569863  0.821617  0.610734
-0.960308  0.236702  0.147582  0.360807
 -0.27858 -0.786911 -0.550604   1.66775
        0         0         0         1

0.0117853 -0.567502  0.823287  0.637107
-0.960503  0.222499  0.167121  0.338874
-0.278022 -0.792739 -0.542465   1.67358
        0         0         0         1

0.0117853 -0.567502  0.823287  0.637107
-0.960503  0.222499  0.167121  0.338874
-0.278022 -0.792739 -0.542465   1.67358
        0         0         0         1

0.0295464  -0.57418  0.818196  0.654815
-0.958247  0.216636  0.186631  0.323004
 -0.28441 -0.789548 -0.543806   1.68098
        0         0         0         1

0.0295464  -0.57418  0.818196  0.654815
-0.958247  0.216636  0.186631  0.323004
 -0.28441 -0.789548 -0.543806   1.68098
        0         0         0         1

0.0607162 -0.577396  0.814203  0.681716
-0.956089  0.200669  0.213602  0.297451
-0.286719  -0.79142 -0.539858   1.68766
        0         0         0         1

0.0607162 -0.577396  0.814203  0.681716
-0.956089  0.200669  0.213602  0.297451
-0.286719  -0.79142 -0.539858   1.68766
        0         0         0         1

0.0685946 -0.582217  0.810135  0.700727
-0.951942  0.204769  0.227762  0.279971
-0.298497 -0.786825 -0.540191   1.69142
        0         0         0         1

0.0685946 -0.582217  0.810135  0.700727
-0.951942  0.204769  0.227762  0.279971
-0.298497 -0.786825 -0.540191   1.69142
        0         0         0         1

0.0851371 -0.583491  0.807645  0.714575
-0.945573  0.208198  0.250091  0.259224
-0.314076 -0.784979 -0.534008   1.69397
        0         0         0         1

0.0851371 -0.583491  0.807645  0.714575
-0.945573  0.208198  0.250091  0.259224
-0.314076 -0.784979 -0.534008   1.69397
        0         0         0         1

0.0989866 -0.576046  0.811402  0.737327
-0.942782  0.206599  0.261687  0.230222
-0.318378 -0.790878 -0.522635   1.70018
        0         0         0         1

0.0989866 -0.576046  0.811402  0.737327
-0.942782  0.206599  0.261687  0.230222
-0.318378 -0.790878 -0.522635   1.70018
        0         0         0         1

 0.101095 -0.574294  0.812383  0.741846
-0.943129  0.204603  0.262004  0.223004
-0.316683 -0.792669 -0.520949   1.70214
        0         0         0         1

 0.106434 -0.571087  0.813961   0.75029
-0.943348  0.200738  0.264194  0.207888
-0.314271 -0.795967 -0.517368   1.70704
        0         0         0         1

 0.115091 -0.562112  0.819014  0.771346
-0.945636  0.190476  0.263613   0.17575
-0.304183 -0.804829 -0.509631   1.71403
        0         0         0         1

 0.115091 -0.562112  0.819014  0.771346
-0.945636  0.190476  0.263613   0.17575
-0.304183 -0.804829 -0.509631   1.71403
        0         0         0         1

 0.119996 -0.556637  0.822044  0.788585
-0.946611  0.185407  0.263726   0.15563
-0.299212 -0.809802 -0.504671   1.71593
        0         0         0         1

 0.119996 -0.556637  0.822044  0.788585
-0.946611  0.185407  0.263726   0.15563
-0.299212 -0.809802 -0.504671   1.71593
        0         0         0         1

 0.132389 -0.549201  0.825137  0.803857
-0.944863  0.181621  0.272484  0.134739
-0.299511 -0.815716 -0.494875   1.71826
        0         0         0         1

 0.132389 -0.549201  0.825137  0.803857
-0.944863  0.181621  0.272484  0.134739
-0.299511 -0.815716 -0.494875   1.71826
        0         0         0         1

  0.14722 -0.541917  0.827437  0.825567
-0.942212  0.177686  0.284013  0.104473
-0.300936 -0.821434 -0.484442   1.71871
        0         0         0         1

  0.14722 -0.541917  0.827437  0.825567
-0.942212  0.177686  0.284013  0.104473
-0.300936 -0.821434 -0.484442   1.71871
        0         0         0         1

 0.152987 -0.540342  0.827421  0.841107
-0.940961  0.176196  0.289044 0.0850416
-0.301971 -0.822791 -0.481485   1.71729
        0         0         0         1

 0.152987 -0.540342  0.827421  0.841107
-0.940961  0.176196  0.289044 0.0850416
-0.301971 -0.822791 -0.481485   1.71729
        0         0         0         1

 0.172458 -0.535988  0.826423  0.860135
-0.937257  0.168788  0.305057  0.057632
-0.302997  -0.82718  -0.47325   1.71288
        0         0         0         1

 0.172458 -0.535988  0.826423  0.860135
-0.937257  0.168788  0.305057  0.057632
-0.302997  -0.82718  -0.47325   1.71288
        0         0         0         1

 0.179135 -0.529118  0.829425  0.872773
-0.935373  0.169713  0.310282 0.0393266
 -0.30494 -0.831404 -0.464521   1.71235
        0         0         0         1

 0.179135 -0.529118  0.829425  0.872773
-0.935373  0.169713  0.310282 0.0393266
 -0.30494 -0.831404 -0.464521   1.71235
        0         0         0         1

  0.17502 -0.522999   0.83417  0.882471
-0.937939  0.169073  0.302796 0.0216547
-0.299397 -0.835396  -0.46095   1.71041
        0         0         0         1

  0.17502 -0.522999   0.83417  0.882471
-0.937939  0.169073  0.302796 0.0216547
-0.299397 -0.835396  -0.46095   1.71041
        0         0         0         1

   0.153378   -0.510076    0.846343    0.893334
  -0.944594    0.175847    0.277164 -0.00347342
  -0.290201   -0.841962   -0.454844     1.70671
          0           0           0           1

   0.153378   -0.510076    0.846343    0.893334
  -0.944594    0.175847    0.277164 -0.00347342
  -0.290201   -0.841962   -0.454844     1.70671
          0           0           0           1

  0.133907  -0.492768   0.859796   0.897474
 -0.950298   0.182229   0.252441 -0.0198273
 -0.281075  -0.850865  -0.443875    1.70518
         0          0          0          1

  0.133907  -0.492768   0.859796   0.897474
 -0.950298   0.182229   0.252441 -0.0198273
 -0.281075  -0.850865  -0.443875    1.70518
         0          0          0          1

  0.110676  -0.470172   0.875608   0.905679
 -0.955286   0.192734   0.224238 -0.0417131
  -0.27419  -0.861274  -0.427817    1.70031
         0          0          0          1

  0.110676  -0.470172   0.875608   0.905679
 -0.955286   0.192734   0.224238 -0.0417131
  -0.27419  -0.861274  -0.427817    1.70031
         0          0          0          1

 0.0991496  -0.462316   0.881154    0.91214
 -0.955472   0.203094    0.21407 -0.0544313
 -0.277925  -0.863143  -0.421593    1.69477
         0          0          0          1

 0.0991496  -0.462316   0.881154    0.91214
 -0.955472   0.203094    0.21407 -0.0544313
 -0.277925  -0.863143  -0.421593    1.69477
         0          0          0          1

 0.0935056  -0.454835   0.885653   0.920069
  -0.95366   0.214603   0.210897 -0.0654696
 -0.285988  -0.864332  -0.413691    1.68728
         0          0          0          1

 0.0935056  -0.454835   0.885653   0.920069
  -0.95366   0.214603   0.210897 -0.0654696
 -0.285988  -0.864332  -0.413691    1.68728
         0          0          0          1

 0.0906118  -0.439941   0.893443   0.932528
 -0.948836   0.234356   0.211629 -0.0797142
 -0.302488  -0.866908  -0.396197    1.67419
         0          0          0          1

 0.0906118  -0.439941   0.893443   0.932528
 -0.948836   0.234356   0.211629 -0.0797142
 -0.302488  -0.866908  -0.396197    1.67419
         0          0          0          1

 0.0847218  -0.438984   0.894492   0.938972
 -0.945236   0.248574   0.211519 -0.0888155
   -0.3152  -0.863426  -0.393884    1.66603
         0          0          0          1

 0.0847218  -0.438984   0.894492   0.938972
 -0.945236   0.248574   0.211519 -0.0888155
   -0.3152  -0.863426  -0.393884    1.66603
         0          0          0          1

0.0854919 -0.442091  0.892887  0.949877
 -0.94099  0.258708  0.218191 -0.101847
-0.327457 -0.858852 -0.393886   1.65508
        0         0         0         1

0.0854919 -0.442091  0.892887  0.949877
 -0.94099  0.258708  0.218191 -0.101847
-0.327457 -0.858852 -0.393886   1.65508
        0         0         0         1

0.0880652 -0.446822  0.890278  0.956866
-0.938018  0.263564  0.225068 -0.109797
 -0.33521 -0.854918 -0.395917   1.64819
        0         0         0         1

0.0880652 -0.446822  0.890278  0.956866
-0.938018  0.263564  0.225068 -0.109797
 -0.33521 -0.854918 -0.395917   1.64819
        0         0         0         1

0.0927185 -0.452721  0.886818  0.963794
-0.935148  0.266246   0.23369 -0.116892
-0.341908 -0.850974 -0.398676   1.64095
        0         0         0         1

0.0927185 -0.452721  0.886818  0.963794
-0.935148  0.266246   0.23369 -0.116892
-0.341908 -0.850974 -0.398676   1.64095
        0         0         0         1

 0.101969 -0.455183   0.88454  0.975661
-0.930836  0.270008  0.246251 -0.127171
-0.350923 -0.848472 -0.396168   1.63122
        0         0         0         1

 0.101969 -0.455183   0.88454  0.975661
-0.930836  0.270008  0.246251 -0.127171
-0.350923 -0.848472 -0.396168   1.63122
        0         0         0         1

 0.106405 -0.457302  0.882923  0.981103
-0.928803  0.271288  0.252445 -0.133385
 -0.35497 -0.846923 -0.395877   1.62462
        0         0         0         1

 0.106405 -0.457302  0.882923  0.981103
-0.928803  0.271288  0.252445 -0.133385
 -0.35497 -0.846923 -0.395877   1.62462
        0         0         0         1

 0.105551 -0.453066  0.885206  0.988429
-0.929241  0.272023  0.250029 -0.142513
-0.354076 -0.848961 -0.392295   1.61672
        0         0         0         1

 0.105551 -0.453066  0.885206  0.988429
-0.929241  0.272023  0.250029 -0.142513
-0.354076 -0.848961 -0.392295   1.61672
        0         0         0         1

 0.100254  -0.45209   0.88632  0.991258
-0.928984  0.276454  0.246092 -0.148011
-0.356283 -0.848049 -0.392269   1.61133
        0         0         0         1

 0.100254  -0.45209   0.88632  0.991258
-0.928984  0.276454  0.246092 -0.148011
-0.356283 -0.848049 -0.392269   1.61133
        0         0         0         1

0.0955499 -0.447256  0.889287  0.993451
-0.928527  0.281932   0.24156 -0.152715
-0.358758 -0.848809 -0.388351   1.60558
        0         0         0         1

0.0955499 -0.447256  0.889287  0.993451
-0.928527  0.281932   0.24156 -0.152715
-0.358758 -0.848809 -0.388351   1.60558
        0         0         0         1

0.0877893 -0.435082  0.896101  0.996703
  -0.9281  0.291032  0.232228 -0.159564
-0.361833 -0.852059  -0.37825   1.59817
        0         0         0         1

0.0877893 -0.435082  0.896101  0.996703
  -0.9281  0.291032  0.232228 -0.159564
-0.361833 -0.852059  -0.37825   1.59817
        0         0         0         1

 0.078518 -0.428383   0.90018  0.997875
-0.928875  0.296426  0.222086 -0.164038
-0.361974 -0.853592 -0.374639   1.59423
        0         0         0         1

 0.078518 -0.428383   0.90018  0.997875
-0.928875  0.296426  0.222086 -0.164038
-0.361974 -0.853592 -0.374639   1.59423
        0         0         0         1

0.0643641  -0.42538  0.902723  0.999827
-0.930696  0.300824  0.208112 -0.170052
-0.360088 -0.853556 -0.376537   1.58945
        0         0         0         1

0.0643641  -0.42538  0.902723  0.999827
-0.930696  0.300824  0.208112 -0.170052
-0.360088 -0.853556 -0.376537   1.58945
        0         0         0         1

 0.054664 -0.426561  0.902806   1.00183
-0.931335  0.304238  0.200139 -0.173752
-0.360039 -0.851754  -0.38064   1.58746
        0         0         0         1

 0.054664 -0.426561  0.902806   1.00183
-0.931335  0.304238  0.200139 -0.173752
-0.360039 -0.851754  -0.38064   1.58746
        0         0         0         1

0.0509651 -0.422528  0.904916   1.00433
-0.932402  0.304501  0.194692 -0.177247
 -0.35781 -0.853668 -0.378447   1.58545
        0         0         0         1

0.0509651 -0.422528  0.904916   1.00433
-0.932402  0.304501  0.194692 -0.177247
 -0.35781 -0.853668 -0.378447   1.58545
        0         0         0         1

0.0491981 -0.418704  0.906789   1.00869
 -0.93265  0.305624  0.191721 -0.182246
-0.357411 -0.855149 -0.375468   1.58291
        0         0         0         1

0.0491981 -0.418704  0.906789   1.00869
 -0.93265  0.305624  0.191721 -0.182246
-0.357411 -0.855149 -0.375468   1.58291
        0         0         0         1

0.0501284 -0.420564  0.905877   1.01257
-0.931094  0.308455  0.194728 -0.185378
-0.361318 -0.853218 -0.376123   1.58106
        0         0         0         1

0.0501284 -0.420564  0.905877   1.01257
-0.931094  0.308455  0.194728 -0.185378
-0.361318 -0.853218 -0.376123   1.58106
        0         0         0         1

0.0542918 -0.423863  0.904097   1.01702
-0.929702  0.308869  0.200635 -0.188389
-0.364289 -0.851434 -0.377298   1.57916
        0         0         0         1

0.0542918 -0.423863  0.904097   1.01702
-0.929702  0.308869  0.200635 -0.188389
-0.364289 -0.851434 -0.377298   1.57916
        0         0         0         1

0.0622977 -0.431787  0.899821    1.0236
-0.927456  0.308017  0.212016 -0.192336
-0.368706 -0.847753 -0.381275   1.57638
        0         0         0         1

0.0622977 -0.431787  0.899821    1.0236
-0.927456  0.308017  0.212016 -0.192336
-0.368706 -0.847753 -0.381275   1.57638
        0         0         0         1

0.0675663 -0.438721  0.896079   1.02726
-0.925914  0.306976  0.220112 -0.194987
-0.371642 -0.844565 -0.385477   1.57463
        0         0         0         1

0.0675663 -0.438721  0.896079   1.02726
-0.925914  0.306976  0.220112 -0.194987
-0.371642 -0.844565 -0.385477   1.57463
        0         0         0         1

0.0777033 -0.445018  0.892144   1.03356
-0.923832  0.304294  0.232251 -0.197916
 -0.37483 -0.842238 -0.387477   1.57076
        0         0         0         1

0.0777033 -0.445018  0.892144   1.03356
-0.923832  0.304294  0.232251 -0.197916
 -0.37483 -0.842238 -0.387477   1.57076
        0         0         0         1

0.0812265 -0.448601  0.890033   1.03756
-0.922422  0.304425  0.237621 -0.199784
-0.377546 -0.840287 -0.389072   1.56901
        0         0         0         1

0.0812265 -0.448601  0.890033   1.03756
-0.922422  0.304425  0.237621 -0.199784
-0.377546 -0.840287 -0.389072   1.56901
        0         0         0         1

0.0819208 -0.449561  0.889485   1.04098
-0.921505  0.305789   0.23942 -0.201303
-0.379628 -0.839279 -0.389222   1.56709
        0         0         0         1

0.0819208 -0.449561  0.889485   1.04098
-0.921505  0.305789   0.23942 -0.201303
-0.379628 -0.839279 -0.389222   1.56709
        0         0         0         1

0.0774907 -0.450679  0.889316   1.04419
-0.921833   0.30738  0.236095 -0.202109
-0.379761 -0.838097 -0.391632   1.56309
        0         0         0         1

0.0774907 -0.450679  0.889316   1.04419
-0.921833   0.30738  0.236095 -0.202109
-0.379761 -0.838097 -0.391632   1.56309
        0         0         0         1

0.0726539 -0.452977  0.888557   1.04496
-0.921099  0.311191  0.233957 -0.202556
-0.382488 -0.835447 -0.394627   1.56042
        0         0         0         1

0.0726539 -0.452977  0.888557   1.04496
-0.921099  0.311191  0.233957 -0.202556
-0.382488 -0.835447 -0.394627   1.56042
        0         0         0         1

0.0672633 -0.453272  0.888831   1.04549
-0.920535  0.315406  0.230508 -0.202548
-0.384825 -0.833705 -0.396038   1.55542
        0         0         0         1

0.0672633 -0.453272  0.888831   1.04549
-0.920535  0.315406  0.230508 -0.202548
-0.384825 -0.833705 -0.396038   1.55542
        0         0         0         1

0.0665343 -0.452464  0.889297   1.04604
-0.919586  0.318073  0.230632 -0.202301
-0.387214  -0.83313 -0.394917   1.55167
        0         0         0         1

0.0665343 -0.452464  0.889297   1.04604
-0.919586  0.318073  0.230632 -0.202301
-0.387214  -0.83313 -0.394917   1.55167
        0         0         0         1

0.0673884  -0.45158  0.889682   1.04753
-0.918103  0.321002  0.232473  -0.20172
 -0.39057 -0.832486 -0.392965   1.54783
        0         0         0         1

0.0673884  -0.45158  0.889682   1.04753
-0.918103  0.321002  0.232473  -0.20172
 -0.39057 -0.832486 -0.392965   1.54783
        0         0         0         1

0.0675948 -0.446822  0.892066   1.04807
-0.916847  0.324798  0.232159 -0.200429
-0.393475 -0.833581 -0.387712   1.54192
        0         0         0         1

0.0675948 -0.446822  0.892066   1.04807
-0.916847  0.324798  0.232159 -0.200429
-0.393475 -0.833581 -0.387712   1.54192
        0         0         0         1

0.0619932 -0.446401  0.892683   1.04692
-0.917601  0.326363  0.226927 -0.200343
-0.392639 -0.833195 -0.389385   1.54012
        0         0         0         1

0.0619932 -0.446401  0.892683   1.04692
-0.917601  0.326363  0.226927 -0.200343
-0.392639 -0.833195 -0.389385   1.54012
        0         0         0         1

0.0546104 -0.449158  0.891782   1.04492
-0.920482  0.323461  0.219283 -0.200758
 -0.38695 -0.832845 -0.395777   1.53935
        0         0         0         1

0.0546104 -0.449158  0.891782   1.04492
-0.920482  0.323461  0.219283 -0.200758
 -0.38695 -0.832845 -0.395777   1.53935
        0         0         0         1

0.0523905 -0.449609  0.891688   1.04488
-0.921225  0.322921   0.21695 -0.201012
-0.385487 -0.832811 -0.397273   1.53887
        0         0         0         1

0.0523905 -0.449609  0.891688   1.04488
-0.921225  0.322921   0.21695 -0.201012
-0.385487 -0.832811 -0.397273   1.53887
        0         0         0         1

0.0552436 -0.450397  0.891118   1.04528
-0.921028  0.321644  0.219666 -0.200966
 -0.38556 -0.832879 -0.397059    1.5381
        0         0         0         1

0.0552436 -0.450397  0.891118   1.04528
-0.921028  0.321644  0.219666 -0.200966
 -0.38556 -0.832879 -0.397059    1.5381
        0         0         0         1

0.0608398 -0.452685  0.889592   1.04594
-0.920401  0.319406  0.225482 -0.200776
-0.386214   -0.8325 -0.397219   1.53771
        0         0         0         1

0.0608398 -0.452685  0.889592   1.04594
-0.920401  0.319406  0.225482 -0.200776
-0.386214   -0.8325 -0.397219   1.53771
        0         0         0         1

0.0631675 -0.454498  0.888505   1.04551
-0.919794   0.31897  0.228555 -0.200605
-0.387284 -0.831679 -0.397896   1.53782
        0         0         0         1

0.0631675 -0.454498  0.888505   1.04551
-0.919794   0.31897  0.228555 -0.200605
-0.387284 -0.831679 -0.397896   1.53782
        0         0         0         1

0.0672548 -0.455774  0.887551   1.04414
-0.919078  0.317897   0.23289 -0.200039
-0.388295 -0.831392 -0.397511   1.53779
        0         0         0         1

0.0672548 -0.455774  0.887551   1.04414
-0.919078  0.317897   0.23289 -0.200039
-0.388295 -0.831392 -0.397511   1.53779
        0         0         0         1

0.0694094 -0.454067   0.88826   1.04333
-0.918615  0.318123  0.234401 -0.199683
-0.389009 -0.832239 -0.395032    1.5382
        0         0         0         1

0.0694094 -0.454067   0.88826   1.04333
-0.918615  0.318123  0.234401 -0.199683
-0.389009 -0.832239 -0.395032    1.5382
        0         0         0         1

0.0735853 -0.450858  0.889557   1.04268
-0.918336  0.317201  0.236734 -0.199129
-0.388902 -0.834332 -0.390697    1.5384
        0         0         0         1

0.0735853 -0.450858  0.889557   1.04268
-0.918336  0.317201  0.236734 -0.199129
-0.388902 -0.834332 -0.390697    1.5384
        0         0         0         1

0.0809161 -0.447754  0.890488   1.04147
-0.917528  0.315536  0.242031 -0.197785
-0.389351 -0.836632 -0.385296   1.53904
        0         0         0         1

0.0809161 -0.447754  0.890488   1.04147
-0.917528  0.315536  0.242031 -0.197785
-0.389351 -0.836632 -0.385296   1.53904
        0         0         0         1

0.0840796 -0.447304  0.890421   1.03994
-0.916552  0.315896  0.245238 -0.196647
-0.390976 -0.836737 -0.383417   1.53955
        0         0         0         1

0.0840796 -0.447304  0.890421   1.03994
-0.916552  0.315896  0.245238 -0.196647
-0.390976 -0.836737 -0.383417   1.53955
        0         0         0         1

0.0845129 -0.446857  0.890604   1.03593
-0.917006   0.31479  0.244963  -0.19416
-0.389817 -0.837392 -0.383167    1.5409
        0         0         0         1

0.0845129 -0.446857  0.890604   1.03593
-0.917006   0.31479  0.244963  -0.19416
-0.389817 -0.837392 -0.383167    1.5409
        0         0         0         1

  0.08468 -0.445772  0.891132   1.03278
-0.918024  0.312794  0.243705 -0.192656
-0.387377 -0.838718 -0.382743   1.54342
        0         0         0         1

  0.08468 -0.445772  0.891132   1.03278
-0.918024  0.312794  0.243705 -0.192656
-0.387377 -0.838718 -0.382743   1.54342
        0         0         0         1

0.0841427 -0.445886  0.891126   1.02939
-0.919883   0.30903  0.241485 -0.190872
 -0.38306 -0.840051 -0.384161   1.54672
        0         0         0         1

0.0841427 -0.445886  0.891126   1.02939
-0.919883   0.30903  0.241485 -0.190872
 -0.38306 -0.840051 -0.384161   1.54672
        0         0         0         1

0.0846415 -0.449366  0.889329   1.02284
-0.922952  0.300989  0.239927 -0.186707
-0.375494 -0.841116 -0.389267   1.55259
        0         0         0         1

0.0846415 -0.449366  0.889329   1.02284
-0.922952  0.300989  0.239927 -0.186707
-0.375494 -0.841116 -0.389267   1.55259
        0         0         0         1

0.0822927   -0.4542  0.887091   1.01713
-0.925404  0.295583  0.237188 -0.183347
 -0.36994 -0.840436 -0.395994   1.55822
        0         0         0         1

0.0822927   -0.4542  0.887091   1.01713
-0.925404  0.295583  0.237188 -0.183347
 -0.36994 -0.840436 -0.395994   1.55822
        0         0         0         1

0.0732901 -0.465598  0.881957   1.00557
-0.931807  0.283241   0.22696 -0.177666
-0.355478 -0.838447 -0.413088   1.57126
        0         0         0         1

0.0732901 -0.465598  0.881957   1.00557
-0.931807  0.283241   0.22696 -0.177666
-0.355478 -0.838447 -0.413088   1.57126
        0         0         0         1

0.0687965 -0.468053  0.881018  0.996679
-0.938548  0.269033  0.216216 -0.173006
-0.338224 -0.841753 -0.420782   1.58204
        0         0         0         1

0.0687965 -0.468053  0.881018  0.996679
-0.938548  0.269033  0.216216 -0.173006
-0.338224 -0.841753 -0.420782   1.58204
        0         0         0         1

0.0655429 -0.468996  0.880765  0.987061
-0.944014  0.256861  0.207025 -0.167464
-0.323328 -0.845024 -0.425904   1.59374
        0         0         0         1

0.0655429 -0.468996  0.880765  0.987061
-0.944014  0.256861  0.207025 -0.167464
-0.323328 -0.845024 -0.425904   1.59374
        0         0         0         1

0.0685522  -0.46336  0.883514  0.972588
 -0.95074  0.238017  0.198597  -0.15694
-0.302313 -0.853607 -0.424219    1.6134
        0         0         0         1

0.0685522  -0.46336  0.883514  0.972588
 -0.95074  0.238017  0.198597  -0.15694
-0.302313 -0.853607 -0.424219    1.6134
        0         0         0         1

0.0736577  -0.45576   0.88705  0.963631
-0.955569  0.222305  0.193566 -0.148294
-0.285415 -0.861895 -0.419136   1.62882
        0         0         0         1

0.0736577  -0.45576   0.88705  0.963631
-0.955569  0.222305  0.193566 -0.148294
-0.285415 -0.861895 -0.419136   1.62882
        0         0         0         1

0.0866214 -0.446497  0.890583  0.948728
-0.963995  0.188033  0.188033  -0.13338
-0.251415 -0.874805 -0.414133   1.65711
        0         0         0         1

0.0866214 -0.446497  0.890583  0.948728
-0.963995  0.188033  0.188033  -0.13338
-0.251415 -0.874805 -0.414133   1.65711
        0         0         0         1

 0.101336  -0.44536  0.889599  0.940942
