 -0.712422  -0.696073  0.0890952   0.829456
 -0.700855   0.712169 -0.0402215   0.878707
-0.0354537 -0.0910975  -0.995211    2.35171
         0          0          0          1

 -0.698182     -0.708   0.106199   0.823415
 -0.714163   0.699151 -0.0340547   0.855251
-0.0501381 -0.0996194  -0.993762    2.33214
         0          0          0          1

 -0.693754   -0.71002   0.120734   0.826632
  -0.71736   0.696132 -0.0281884   0.838751
-0.0640324  -0.106165  -0.992285    2.31396
         0          0          0          1

  -0.657205   -0.734369    0.169657    0.795266
  -0.745073    0.666983 0.000862409    0.789923
  -0.113792    -0.12584   -0.985503     2.27013
          0           0           0           1

-0.617442 -0.757338  0.212612  0.758573
-0.771251   0.63601 0.0257353  0.761805
-0.154714 -0.148087 -0.976798   2.25114
        0         0         0         1

-0.605298 -0.761517  0.231744  0.751891
-0.778853  0.626705 0.0250627  0.742512
-0.164321 -0.165324 -0.972454   2.22171
        0         0         0         1

-0.588547 -0.767347  0.254543  0.746279
-0.785885  0.616903   0.04262  0.720256
-0.189733 -0.174958 -0.966122   2.20747
        0         0         0         1

-0.574107 -0.771157   0.27517  0.741104
-0.792088  0.608199  0.051871  0.698037
-0.207359  -0.18818 -0.959995   2.18414
        0         0         0         1

-0.566804 -0.770596  0.291403  0.742257
-0.793539  0.605722 0.0582894  0.681558
-0.221426 -0.198201 -0.954823   2.16342
        0         0         0         1

-0.541776 -0.773215   0.32957  0.738297
-0.800647  0.594086 0.0776303  0.645885
-0.255818 -0.221811 -0.940934   2.12109
        0         0         0         1

-0.506764 -0.785626   0.35494  0.717165
-0.813815  0.571797  0.103697  0.621131
-0.284421 -0.236306  -0.92912   2.10113
        0         0         0         1

-0.480885 -0.791135  0.377962  0.701053
-0.822487  0.556381  0.118135  0.599926
-0.303751 -0.254059 -0.918253   2.07458
        0         0         0         1

-0.468781  -0.79478  0.385448   0.69986
-0.822518  0.551854  0.137559  0.581113
 -0.32204 -0.252553 -0.912418   2.06017
        0         0         0         1

-0.427769 -0.802995  0.414985  0.684398
-0.833021  0.528429  0.163827  0.547559
-0.350842 -0.275611 -0.894957   2.01071
        0         0         0         1

-0.410911 -0.806628  0.424858  0.679084
-0.834874   0.52015  0.180081  0.528283
-0.366248 -0.280706 -0.887168   1.99445
        0         0         0         1

-0.387452 -0.811042  0.438282  0.670058
-0.835282   0.51002  0.205385  0.505731
-0.390109 -0.286513 -0.875057   1.97697
        0         0         0         1

-0.376061  -0.81312  0.444313  0.667843
-0.835123   0.50517  0.217653  0.491296
-0.401432 -0.289205  -0.86903   1.95599
        0         0         0         1

-0.355868  -0.81445  0.458289   0.66248
-0.836976  0.495913  0.231391  0.473672
-0.415728 -0.301232 -0.858155   1.93138
        0         0         0         1

-0.349004 -0.813137  0.465838  0.664019
-0.836034   0.49474  0.237233  0.462131
-0.423371 -0.306662 -0.852476   1.91302
        0         0         0         1

-0.307942 -0.805053  0.507013  0.659252
-0.832057  0.486305   0.26681  0.427899
 -0.46136 -0.339702 -0.819603   1.87056
        0         0         0         1

-0.273584  -0.78034  0.562336  0.660199
-0.830894  0.486249  0.270514   0.41526
-0.484528 -0.393233 -0.781409   1.84396
        0         0         0         1

-0.234708 -0.757119  0.609659  0.653968
-0.826989  0.485147  0.284115  0.398386
-0.510883 -0.437497 -0.739997   1.81905
        0         0         0         1

 -0.22715 -0.744223   0.62812  0.655501
-0.819843  0.494239  0.289111  0.387067
-0.525604 -0.449289 -0.722413   1.79686
        0         0         0         1

-0.216551 -0.742695  0.633648  0.656994
-0.804033  0.503821  0.315745  0.362137
-0.553748 -0.441099 -0.706254   1.75757
        0         0         0         1

-0.209031 -0.739539  0.639834    0.6598
-0.804668  0.501884   0.31721  0.351451
-0.555712 -0.448547 -0.699993   1.73422
        0         0         0         1

-0.183366 -0.742401  0.644374   0.65645
-0.801988  0.492046  0.338682  0.335088
-0.568499 -0.454678 -0.685621   1.71676
        0         0         0         1

-0.163426 -0.746794  0.644663  0.658376
-0.801144  0.481793  0.355027  0.322231
-0.575726 -0.458447 -0.677027   1.69767
        0         0         0         1

-0.141662   -0.7553  0.639885  0.664063
-0.799799  0.468226  0.375614  0.309546
-0.583313 -0.458569 -0.670418   1.67605
        0         0         0         1

-0.118113 -0.764204  0.634067  0.668753
-0.797396  0.453533   0.39808  0.298663
-0.591785 -0.458584 -0.662942    1.6571
        0         0         0         1

-0.0670766 -0.786635  0.613764  0.676115
 -0.78412  0.421949  0.455099  0.275408
-0.616974 -0.450738 -0.645119   1.61573
        0         0         0         1

-0.0668732 -0.802554   0.59282  0.677808
-0.775297  0.415788  0.475432  0.265643
-0.628047 -0.427818 -0.650022   1.60132
        0         0         0         1

-0.0652115 -0.811634  0.580514  0.677754
-0.768786  0.411749  0.489317  0.254437
-0.636173 -0.414382 -0.650824   1.58481
        0         0         0         1

-0.0618871 -0.814797  0.576434  0.676325
-0.763038  0.410919  0.498918  0.244825
-0.643384 -0.408964 -0.647151   1.56991
        0         0         0         1

-0.0604031 -0.813871  0.577898  0.677781
-0.755186  0.415849  0.506719   0.22584
-0.652722 -0.405813 -0.639742   1.53628
        0         0         0         1

-0.0554137 -0.813894  0.578365  0.675683
-0.750191  0.416195  0.513805  0.217021
-0.658895 -0.405413 -0.633638    1.5222
        0         0         0         1

-0.0525253 -0.810554  0.583303  0.677715
 -0.74482  0.420882  0.517785  0.208193
-0.665195 -0.407259 -0.625824   1.50535
        0         0         0         1

-0.0431927 -0.808778  0.586525  0.676795
-0.738475  0.421254  0.526497  0.200637
-0.672896 -0.410394 -0.615458   1.49026
        0         0         0         1

-0.0379409  -0.80591  0.590821  0.679808
-0.729286  0.426537  0.534985  0.193233
-0.683156 -0.410579 -0.603922   1.47546
        0         0         0         1

-0.0265733 -0.804948   0.59275  0.680603
-0.721182  0.426049   0.54624  0.186593
-0.692235 -0.412965 -0.591836   1.46066
        0         0         0         1

-0.00399308  -0.80005   0.59992  0.686983
-0.704553  0.427985  0.566069  0.173961
 -0.70964 -0.420415 -0.565386   1.43003
        0         0         0         1

0.0054303 -0.797555  0.603221  0.689755
-0.698065  0.428904  0.573364  0.168114
-0.716014 -0.424201 -0.554416   1.41852
        0         0         0         1

0.0127262 -0.792914  0.609201  0.695675
-0.691857  0.432884  0.577879  0.162329
-0.721922 -0.428835 -0.543074   1.40563
        0         0         0         1

0.0217397 -0.791305  0.611035  0.698957
-0.688302  0.431424  0.583193  0.157218
-0.725098 -0.433255 -0.535278   1.39451
        0         0         0         1

0.0509723  -0.79027  0.610634  0.707326
-0.672993  0.424575  0.605654  0.146827
-0.737891 -0.441824 -0.510205    1.3725
        0         0         0         1

0.0618241 -0.789955   0.61004  0.713468
-0.665914  0.422635  0.614767  0.143377
-0.743462 -0.444242 -0.499914   1.36369
        0         0         0         1

0.0763674 -0.788824  0.609856  0.719946
-0.658398  0.419435  0.624969   0.13969
-0.748786 -0.449255 -0.487329   1.35272
        0         0         0         1

0.0913929 -0.790546  0.605545  0.724267
-0.649975  0.413339  0.637717  0.136937
 -0.75444 -0.451872 -0.476059   1.34402
        0         0         0         1

  0.10949 -0.788909  0.604677  0.730745
 -0.64109  0.408847  0.649498  0.134049
-0.759615 -0.458766 -0.460997   1.33444
        0         0         0         1

 0.121721 -0.787124  0.604665  0.736799
-0.632496  0.407978   0.65841    0.1324
 -0.76494 -0.462591 -0.448193    1.3278
        0         0         0         1

 0.146983 -0.784393  0.602597  0.747427
-0.621246  0.400858  0.673324  0.128265
-0.769707 -0.473329 -0.428382    1.3132
        0         0         0         1

 0.158177 -0.785214  0.598682  0.750361
-0.617139  0.394683  0.680709  0.126224
-0.770791 -0.477142 -0.422156   1.30773
        0         0         0         1

 0.166755 -0.784522  0.597259  0.753367
-0.613852  0.391428  0.685543  0.124211
-0.771608 -0.480946 -0.416308   1.30193
        0         0         0         1

 0.172942 -0.780476   0.60079  0.756355
-0.612341  0.392567  0.686243  0.122868
-0.771447 -0.486569 -0.410026    1.2984
        0         0         0         1

 0.182108 -0.771822  0.609203  0.758935
-0.612212   0.39582  0.684487  0.120953
-0.769437 -0.497612 -0.400437   1.29446
        0         0         0         1

 0.190007 -0.762884  0.617985  0.760847
-0.613183  0.399375  0.681547  0.118841
-0.766749 -0.508437 -0.391903   1.29092
        0         0         0         1

  0.20121 -0.752765  0.626785  0.763922
-0.614419  0.401356  0.679266  0.115844
-0.762892 -0.521784 -0.381756   1.28507
        0         0         0         1

  0.21006 -0.753721   0.62272  0.764875
-0.613445  0.394345  0.684234    0.1144
-0.761288 -0.525735  -0.37953   1.28327
        0         0         0         1

 0.221364  -0.75212  0.620736  0.767146
-0.612294  0.388226   0.68875  0.113387
-0.759009 -0.532537 -0.374579   1.28132
        0         0         0         1

 0.232921 -0.748545  0.620829  0.769055
 -0.61183  0.383424  0.691846  0.112792
-0.755918 -0.540987 -0.368675   1.28068
        0         0         0         1

 0.249508 -0.739173  0.625595  0.772451
 -0.61734  0.376316  0.690853  0.109842
-0.746081 -0.558578 -0.362428   1.28046
        0         0         0         1

 0.253351 -0.735851  0.627962  0.773661
-0.621718   0.37347  0.688467  0.108509
-0.741134 -0.564839 -0.362873   1.28131
        0         0         0         1

  0.25711  -0.73452  0.627992  0.772211
-0.627114  0.367614  0.686723  0.105863
-0.735271 -0.570386 -0.366111   1.28288
        0         0         0         1

 0.258781 -0.734421  0.627421  0.769388
-0.632313  0.362236   0.68481  0.103163
-0.730214 -0.573943 -0.370644   1.28484
        0         0         0         1

 0.258078 -0.732257  0.630234  0.765379
-0.641286  0.358065  0.678633 0.0999307
-0.722598   -0.5793 -0.377178   1.28659
        0         0         0         1

 0.255451 -0.728927  0.635146  0.760572
-0.648812  0.357802   0.67158 0.0966072
 -0.71679 -0.583646 -0.381536   1.28874
        0         0         0         1

 0.250074 -0.718927  0.648542  0.744988
  -0.6618  0.362009  0.656484  0.088786
-0.706742 -0.593375 -0.385256   1.29336
        0         0         0         1

 0.251242 -0.712968   0.65464  0.738515
-0.664234  0.364946  0.652386 0.0855494
-0.704039 -0.598741 -0.381888   1.29503
        0         0         0         1

 0.257574 -0.706886  0.658763  0.730364
 -0.66303  0.366637  0.652663  0.082034
-0.702885 -0.604888  -0.37425   1.29759
        0         0         0         1

 0.262523  -0.70044  0.663675  0.725032
-0.662563  0.369173  0.651707 0.0794914
-0.701493 -0.610815 -0.367169   1.29924
        0         0         0         1

 0.276141 -0.686004   0.67316  0.709429
-0.661499  0.372456  0.650919 0.0722494
-0.697256  -0.62504 -0.350941   1.30427
        0         0         0         1

 0.278271 -0.679801  0.678554  0.703078
-0.663765  0.374522  0.647417 0.0685759
-0.694249 -0.630558  -0.34701   1.30695
        0         0         0         1

 0.282274 -0.675023  0.681664  0.693413
-0.665877  0.373653  0.645749 0.0636613
-0.690601 -0.636182 -0.344009   1.31079
        0         0         0         1

 0.282625 -0.671754   0.68474  0.684648
 -0.66877   0.37375  0.642696 0.0586979
-0.687655 -0.639576 -0.343618   1.31467
        0         0         0         1

 0.283395 -0.665082  0.690907  0.662911
-0.677127  0.371403  0.635263 0.0466566
-0.679107 -0.647863 -0.345091   1.32239
        0         0         0         1

 0.284367  -0.66291  0.692593  0.651399
-0.679473  0.370293  0.633403 0.0405576
-0.676352 -0.650717  -0.34513   1.32651
        0         0         0         1

 0.281826 -0.660749   0.69569  0.639108
-0.683716  0.370391  0.628763 0.0336101
-0.673132 -0.652856 -0.347379     1.331
        0         0         0         1

 0.281263 -0.660553  0.696104  0.626181
-0.685942  0.368898  0.627215 0.0265939
  -0.6711 -0.653899 -0.349344   1.33508
        0         0         0         1

 0.278205 -0.660145  0.697718  0.611554
-0.688819  0.369135  0.623913 0.0185253
-0.669425 -0.654178 -0.352025   1.33996
        0         0         0         1

 0.275981  -0.66063  0.698142  0.597359
-0.691353  0.368165  0.621679 0.0108003
-0.667731 -0.654234 -0.355122   1.34409
        0         0         0         1

   0.268019    -0.66243    0.699537    0.564437
  -0.699262    0.365719    0.614233 -0.00826061
   -0.66272   -0.653787   -0.365192     1.35147
          0           0           0           1

  0.261671  -0.664291   0.700175   0.549637
 -0.702978   0.365902   0.609867 -0.0168215
 -0.661325  -0.651792  -0.371236    1.35558
         0          0          0          1

  0.252353  -0.665936   0.702031   0.532147
 -0.708753   0.366729   0.602643 -0.0272944
 -0.658777  -0.649645   -0.37944     1.3593
         0          0          0          1

  0.245584   -0.66718   0.703249   0.515259
 -0.712434   0.367737   0.597668 -0.0368756
 -0.657363  -0.647796  -0.385012    1.36245
         0          0          0          1

  0.227942  -0.669763   0.706725     0.4788
 -0.718526   0.374122   0.586304 -0.0587182
 -0.657086  -0.641444  -0.395964    1.36963
         0          0          0          1

 0.220474 -0.670688  0.708215  0.461474
-0.720824  0.377125  0.581541 -0.069359
-0.657118 -0.638713 -0.400302   1.37242
        0         0         0         1

  0.206986  -0.671939   0.711094   0.442915
  -0.72368   0.383958   0.573466 -0.0802585
 -0.658365  -0.633304  -0.406795    1.37576
         0          0          0          1

  0.198273  -0.673053   0.712522   0.425979
 -0.725182   0.388324   0.568609 -0.0903883
 -0.659393  -0.629448  -0.411091    1.37811
         0          0          0          1

 0.187281  -0.67371  0.714871  0.407014
-0.725183  0.396065  0.563242 -0.101517
-0.662597 -0.623897 -0.414388   1.38035
        0         0         0         1

 0.177203 -0.673089  0.718019  0.391427
-0.727006   0.40223  0.556482  -0.11056
-0.663371 -0.620615 -0.418063   1.38115
        0         0         0         1

 0.157829 -0.676579  0.719257  0.355275
-0.728248  0.412169  0.547514 -0.131966
-0.666892 -0.610212 -0.427665   1.38156
        0         0         0         1

 0.148256  -0.67849  0.719494  0.339921
-0.728224  0.417342  0.543613 -0.140966
-0.669111 -0.604547  -0.43222   1.38123
        0         0         0         1

 0.133526 -0.681999  0.719061  0.323064
-0.728553   0.42432  0.537739  -0.14999
-0.671849 -0.595676 -0.440215   1.38123
        0         0         0         1

 0.121679 -0.687144  0.716259  0.307891
-0.728504  0.428295  0.534644 -0.158508
-0.674148 -0.586853 -0.448473   1.38094
        0         0         0         1

0.0937641 -0.698318   0.70962  0.275366
-0.726893  0.439034  0.528087 -0.175178
 -0.68032 -0.565333 -0.466437   1.37949
        0         0         0         1

0.0802452 -0.704315  0.705338  0.261395
-0.725782  0.443745  0.525672 -0.182067
-0.683228 -0.554104 -0.475571   1.37863
        0         0         0         1

0.0662822 -0.711045  0.700015  0.245428
-0.724562  0.448041  0.523707     -0.19
-0.686015 -0.541917   -0.4855    1.3765
        0         0         0         1

 0.054374 -0.716067   0.69591  0.232573
-0.722991  0.452471  0.522067 -0.195886
-0.688714 -0.531524 -0.493108   1.37403
        0         0         0         1

0.0412416 -0.721833  0.690838  0.218247
-0.720093  0.457852  0.521381 -0.202008
-0.692651  -0.51897 -0.500904   1.37119
        0         0         0         1

0.0274455 -0.727695  0.685351  0.206225
-0.717009  0.463392  0.520736 -0.206556
-0.696523 -0.505695 -0.509046   1.36975
        0         0         0         1

0.00151059 -0.736295  0.676659  0.182064
-0.710411  0.475434   0.51892  -0.21569
-0.703785  -0.48149 -0.522354   1.36373
        0         0         0         1

-0.00938473 -0.739958  0.672587  0.171516
-0.707181  0.480452  0.518711 -0.219523
 -0.70697 -0.470773 -0.527793   1.36134
        0         0         0         1

-0.021123 -0.742685  0.669308  0.160553
-0.703608  0.486647  0.517793 -0.223598
-0.710274 -0.459993 -0.532839   1.35794
        0         0         0         1

-0.0331247 -0.743688  0.667706   0.15208
  -0.7003  0.493921  0.515385 -0.225207
-0.713079 -0.450523 -0.537166    1.3551
        0         0         0         1

-0.0428083 -0.745769  0.664828    0.1418
-0.696948  0.499077  0.514962 -0.229108
-0.715843 -0.441306 -0.541126   1.35158
        0         0         0         1

-0.0515124  -0.74615  0.663782  0.134385
-0.694568  0.504352  0.513035 -0.231155
-0.717581 -0.434614 -0.544232   1.34843
        0         0         0         1

-0.0738615 -0.746888  0.660835   0.11875
-0.687095  0.518386  0.509093 -0.234196
-0.722803 -0.416454 -0.551472   1.34415
        0         0         0         1

-0.0794469 -0.746094  0.661084  0.112772
-0.684433  0.522981  0.507979 -0.236036
-0.724735  -0.41211   -0.5522   1.34146
        0         0         0         1

-0.0873654  -0.74429  0.662118  0.106687
 -0.68184   0.52925  0.504965  -0.23732
-0.726266 -0.407342 -0.553725   1.33846
        0         0         0         1

-0.0948387 -0.739757  0.666157  0.102389
-0.679266  0.537277  0.499932 -0.236689
-0.727739 -0.405085 -0.553446   1.33582
        0         0         0         1

-0.104328 -0.731356  0.673969 0.0931334
-0.675316  0.549582  0.491841  -0.23891
-0.730112 -0.403829 -0.551233   1.33096
        0         0         0         1

-0.108374 -0.724442  0.680764 0.0903299
-0.673461  0.557217  0.485757  -0.23852
-0.731236 -0.405824 -0.548271   1.32808
        0         0         0         1

-0.110073  -0.71817  0.687107 0.0864022
-0.672435  0.562888  0.480613 -0.239719
-0.731926 -0.409132 -0.544881   1.32463
        0         0         0         1

-0.111357 -0.713374  0.691879 0.0836697
-0.670306   0.56791  0.477669 -0.240554
-0.733682  -0.41058  -0.54142   1.32268
        0         0         0         1

-0.112472 -0.707186  0.698024 0.0804896
-0.668921  0.573349  0.473092 -0.241403
-0.734776 -0.413713 -0.537537   1.32014
        0         0         0         1

-0.113848 -0.700689  0.704325 0.0782855
-0.667039  0.579295  0.468483 -0.241745
-0.736273 -0.416476 -0.533338   1.31808
        0         0         0         1

-0.117585 -0.690118  0.714081 0.0742281
-0.664713  0.588922  0.459703 -0.242392
-0.737787 -0.420605 -0.527979   1.31474
        0         0         0         1

-0.120912 -0.685982  0.717502 0.0732003
-0.664356  0.592982  0.454976 -0.241605
-0.737571 -0.421664 -0.527435   1.31332
        0         0         0         1

-0.122364 -0.681834    0.7212  0.072191
-0.663006  0.596893  0.451821 -0.242267
-0.738546 -0.422873 -0.525098   1.31313
        0         0         0         1

 -0.12203  -0.67561   0.72709 0.0716986
-0.664433  0.599807  0.445826 -0.242319
-0.737318 -0.428698 -0.522092   1.31088
        0         0         0         1

-0.127124 -0.678285  0.723719 0.0693334
 -0.66827  0.597751  0.442842 -0.243717
-0.732977 -0.427344 -0.529266   1.31185
        0         0         0         1

-0.128807 -0.677938  0.723747 0.0686186
-0.668623  0.598357  0.441488 -0.244553
 -0.73236 -0.427047 -0.530358   1.31252
        0         0         0         1

-0.128225 -0.678865  0.722981  0.068022
-0.669735  0.596935  0.441729 -0.246007
-0.731446 -0.427564 -0.531201   1.31286
        0         0         0         1

-0.128797 -0.679171  0.722591 0.0674502
-0.670244  0.596654  0.441334 -0.246654
-0.730879  -0.42747 -0.532058   1.31345
        0         0         0         1

-0.128901 -0.681219  0.720642 0.0666411
-0.670952  0.595024  0.442459 -0.247684
-0.730211 -0.426483 -0.533765   1.31445
        0         0         0         1

-0.132674 -0.680109  0.721006 0.0669376
-0.671609  0.596666  0.439239 -0.246352
 -0.72893 -0.425959 -0.535929   1.31554
        0         0         0         1

-0.135688 -0.680491  0.720084  0.066096
 -0.67311  0.596629  0.436987 -0.246318
-0.726988 -0.425402    -0.539   1.31883
        0         0         0         1

-0.137844 -0.680259  0.719894 0.0655933
-0.673384  0.597373  0.435545 -0.246227
-0.726328 -0.424728  -0.54042   1.32123
        0         0         0         1

-0.138852 -0.679287  0.720618 0.0644626
 -0.67385  0.598043  0.433903 -0.246485
-0.725705  -0.42534 -0.540776   1.32403
        0         0         0         1

-0.139028 -0.677364  0.722391 0.0636333
-0.674613   0.59881  0.431653 -0.245804
-0.724961 -0.427323  -0.54021   1.32637
        0         0         0         1

-0.138323 -0.669804   0.72954 0.0613865
-0.674605  0.603032  0.425747 -0.243524
-0.725103 -0.433261 -0.535267   1.33347
        0         0         0         1

-0.134958 -0.662117  0.737148 0.0611635
-0.675141  0.605975   0.42069 -0.241801
-0.725239 -0.440903 -0.528803   1.33509
        0         0         0         1

-0.130977 -0.653022  0.745927 0.0607039
-0.674663   0.61002  0.415579  -0.23908
-0.726413 -0.448818 -0.520468   1.33915
        0         0         0         1

-0.124254 -0.644399  0.754527 0.0599253
-0.676992  0.610993  0.410329 -0.237978
-0.725426 -0.459824 -0.512171   1.34121
        0         0         0         1

-0.119676 -0.635202  0.763017 0.0595306
 -0.67992  0.612467  0.403229 -0.234729
-0.723455 -0.470534 -0.505184    1.3454
        0         0         0         1

-0.116447 -0.631853  0.766291 0.0584767
-0.682979  0.611108  0.400109 -0.233027
-0.721096 -0.476769 -0.502704   1.35061
        0         0         0         1

-0.111315 -0.624286  0.773224 0.0566035
-0.689026  0.609165  0.392634 -0.226101
-0.716137 -0.489066 -0.497958   1.36367
        0         0         0         1

-0.108148 -0.625367  0.772801 0.0545487
-0.693637  0.604338  0.391974 -0.224125
 -0.71216 -0.493652 -0.499135   1.37044
        0         0         0         1

-0.101873 -0.625379  0.773643 0.0533279
-0.698907  0.598415    0.3917  -0.22074
-0.707921   -0.5008 -0.498044   1.37653
        0         0         0         1

-0.0999429 -0.628611  0.771271 0.0518675
-0.704138  0.592354  0.391544 -0.217445
-0.702995 -0.503949  -0.50183     1.385
        0         0         0         1

-0.0952501 -0.641557  0.761138 0.0473715
-0.715781  0.575516  0.395524 -0.210591
-0.691799 -0.507134 -0.514032   1.40674
        0         0         0         1

-0.0932408 -0.645032  0.758446 0.0465374
-0.721835  0.568464  0.394719 -0.204314
-0.685756 -0.510669  -0.51861   1.41455
        0         0         0         1

-0.0930392 -0.651776  0.752683 0.0453218
-0.729291  0.559271  0.394145 -0.197517
-0.677848 -0.512254 -0.527368   1.42793
        0         0         0         1

-0.0904792 -0.658361  0.747245 0.0432118
 -0.73706   0.54886  0.394328 -0.193366
-0.669743 -0.515086 -0.534912   1.43912
        0         0         0         1

-0.0871773 -0.665065   0.74168 0.0407133
-0.744891  0.537872  0.394755 -0.187311
-0.661467 -0.518057 -0.542291   1.45299
        0         0         0         1

-0.0827184 -0.668872  0.738761 0.0389658
-0.751301  0.528894  0.394737  -0.18124
-0.654755  -0.52238 -0.546274   1.46461
        0         0         0         1

-0.0726159 -0.678687  0.730829 0.0333552
-0.766236  0.507029   0.39472  -0.16752
-0.638443 -0.531324 -0.556852   1.49364
        0         0         0         1

-0.0683185 -0.680454    0.7296 0.0318972
 -0.77247  0.498883  0.392945 -0.159785
-0.631365 -0.536749 -0.559713   1.50748
        0         0         0         1

-0.0619294 -0.681878   0.72884 0.0300926
-0.781123  0.487683  0.389888 -0.150432
-0.621298 -0.545168 -0.562833   1.52228
        0         0         0         1

-0.0542123 -0.685806  0.725762 0.0273857
-0.787816  0.475959  0.390908 -0.143001
 -0.61352 -0.550575 -0.566092    1.5366
        0         0         0         1

-0.0503372 -0.687902  0.724056 0.0239195
-0.803413  0.458558  0.379806 -0.119472
-0.593291 -0.562597 -0.575752    1.5718
        0         0         0         1

-0.054215 -0.688862  0.722862 0.0236019
-0.811446  0.452272  0.370141 -0.106409
-0.581907 -0.566496 -0.583495   1.58898
        0         0         0         1

-0.0609377  -0.693364   0.718006  0.0219787
  -0.82037   0.444555   0.359672 -0.0920905
 -0.568577  -0.567113  -0.595905    1.61261
         0          0          0          1

-0.0591365  -0.697876   0.713773   0.019292
 -0.826026   0.435699   0.357558 -0.0822773
 -0.560521   -0.56845  -0.602229    1.63205
         0          0          0          1

-0.0635852  -0.703728   0.707618  0.0160517
 -0.834071   0.426808   0.349514 -0.0690277
  -0.54798   -0.56798  -0.614098    1.65601
         0          0          0          1

-0.0660139  -0.709395   0.701712  0.0138135
 -0.841131   0.417882   0.343327 -0.0563314
 -0.536788  -0.567568   -0.62428    1.67548
         0          0          0          1

-0.0761559  -0.718747   0.691088 0.00960452
 -0.856608   0.401893   0.323582 -0.0238348
 -0.510317  -0.567348  -0.646291    1.71879
         0          0          0          1

 -0.0815685    -0.72409    0.684866  0.00955521
  -0.863184    0.394848    0.314656 -0.00669927
  -0.498257   -0.565499    -0.65723     1.74085
          0           0           0           1

-0.0895197  -0.727486   0.680258 0.00892444
 -0.871603   0.387733   0.299952  0.0133204
 -0.481969  -0.566063  -0.668789     1.7633
         0          0          0          1

-0.0996789  -0.734291   0.671476 0.00925661
 -0.878597    0.38171   0.286993  0.0304211
 -0.467046   -0.56135  -0.683195    1.78392
         0          0          0          1

 -0.122672  -0.749519   0.650517 0.00702807
 -0.888756   0.374662   0.264084  0.0688259
 -0.441661  -0.545756    -0.7121    1.83789
         0          0          0          1

 -0.130463  -0.759403   0.637407 0.00413153
 -0.894405   0.367555   0.254839  0.0826214
 -0.427807  -0.536853  -0.727166     1.8618
         0          0          0          1

 -0.140941  -0.766779   0.626247 0.00200764
 -0.898687    0.36446   0.243991   0.102099
 -0.415329  -0.528412  -0.740461    1.88724
         0          0          0          1

  -0.146396   -0.770825    0.619997 -0.00284478
  -0.904106    0.358607    0.232366    0.117893
  -0.401449   -0.526526   -0.749406     1.90475
          0           0           0           1

  -0.164458   -0.777792    0.606625 -0.00505796
  -0.908256    0.359289    0.214435    0.139829
  -0.384739   -0.515705   -0.765522     1.93324
          0           0           0           1

   -0.17505   -0.782806    0.597137 -0.00746812
  -0.910887    0.358961    0.203548     0.15627
  -0.373688   -0.508293   -0.775884     1.95614
          0           0           0           1

  -0.215784   -0.791531    0.571766 -0.00377582
  -0.912595    0.371747     0.17022    0.201669
  -0.347287    -0.48506   -0.802564     2.01353
          0           0           0           1

 -0.243604  -0.793018   0.558373 0.00351001
 -0.912972   0.381794   0.143928   0.228918
  -0.32732  -0.474718  -0.817009    2.03693
         0          0          0          1

 -0.271927   -0.79169   0.547068 0.00840122
 -0.912755   0.392281   0.113992   0.259329
 -0.304851  -0.468341   -0.82929    2.06025
         0          0          0          1

 -0.288129  -0.790455    0.54052 0.00606442
 -0.915047   0.393652  0.0879012   0.282718
 -0.282259  -0.469275  -0.836726    2.07438
         0          0          0          1

 -0.323895  -0.795846   0.511587 0.00980643
 -0.910318   0.409447  0.0606126   0.323199
 -0.257706  -0.446075  -0.857091    2.13628
         0          0          0          1

 -0.338206  -0.793933    0.50526 0.00848704
  -0.90803   0.416329   0.046385   0.341907
 -0.247181  -0.443104  -0.861719    2.15649
         0          0          0          1

-0.360528 -0.798694  0.481775  0.012198
-0.904248  0.425985 0.0295259  0.362694
-0.228811 -0.424999 -0.875798   2.19196
        0         0         0         1

 -0.372921  -0.794416   0.479409 0.00919336
  -0.90426   0.426962 0.00410432   0.387295
  -0.20795   -0.43198  -0.877582    2.20227
         0          0          0          1

 -0.402789   -0.78309   0.473848  0.0175692
 -0.894914   0.445574 -0.0243479   0.421766
 -0.192067   -0.43386   -0.88027    2.22098
         0          0          0          1

 -0.417408  -0.780413   0.465539  0.0182646
 -0.890839   0.452546 -0.0401066   0.440751
 -0.179378  -0.431461  -0.884118    2.24199
         0          0          0          1

 -0.477703  -0.767658   0.427201  0.0479342
  -0.86804   0.487331 -0.0949481   0.504828
   -0.1353  -0.416184  -0.899158    2.29357
         0          0          0          1

-0.503441 -0.762874  0.405673 0.0611271
-0.856271  0.503289 -0.116193  0.530624
 -0.11553 -0.405862 -0.906603   2.32013
        0         0         0         1

-0.520846 -0.760171  0.388407 0.0661324
-0.847065  0.516641 -0.124752  0.545988
-0.105834 -0.393982 -0.913004   2.35355
        0         0         0         1

-0.539322 -0.750112  0.382707 0.0659884
-0.837807  0.523788  -0.15403   0.57731
-0.0849171 -0.403706 -0.910939   2.35887
        0         0         0         1

-0.575815 -0.740166  0.347263 0.0797232
-0.816067  0.546156 -0.189071  0.624402
-0.0497159  -0.39226  -0.91851   2.41254
        0         0         0         1

-0.600286 -0.730532  0.325547 0.0943084
-0.799368  0.561171 -0.214703   0.65402
 -0.02584 -0.389115 -0.920827   2.42792
        0         0         0         1

-0.631913 -0.712057  0.306042  0.106663
-0.774925   0.57368 -0.265299  0.704965
0.0133374 -0.404805 -0.914306   2.41989
        0         0         0         1

-0.653147  -0.70637  0.272837  0.128855
-0.756644  0.594614 -0.271891   0.72556
0.0298229 -0.384025 -0.922841   2.45748
        0         0         0         1

-0.691234 -0.685214  0.229517  0.163229
-0.718935  0.620008 -0.314201  0.777034
0.0729927 -0.382194 -0.921195   2.46951
        0         0         0         1

-0.714041 -0.672888  0.193305  0.189249
-0.691737  0.635523 -0.342944  0.817858
 0.107913 -0.378592 -0.919251   2.48055
        0         0         0         1

-0.767403 -0.634748 0.0904817  0.261201
-0.612276  0.683608 -0.397238  0.910575
 0.190292 -0.360241 -0.913244   2.51445
        0         0         0         1

-0.779884 -0.624155 0.0470195  0.283648
-0.586896  0.703079 -0.401538  0.933301
 0.217564 -0.340749 -0.914635   2.54889
        0         0         0         1

-0.796462 -0.604322 0.0210522  0.286025
 -0.55512  0.716926 -0.421733   0.96966
 0.239769 -0.347581 -0.906476   2.54041
        0         0         0         1

