0.00581052  0.940504 -0.339732   1.10577
-0.640173  0.264492  0.721264  0.829464
 0.768209  0.213296  0.603623   2.57752
        0         0         0         1

0.0283537  0.930074 -0.366276   1.12188
-0.649754  0.295601  0.700314   0.81142
 0.759616  0.218132  0.612701   2.56374
        0         0         0         1

0.0534464  0.921508 -0.384664   1.13103
-0.659871  0.321715  0.679021  0.794768
 0.749475  0.217538  0.625271   2.55721
        0         0         0         1

0.0777149   0.89956 -0.429828   1.12886
-0.688917  0.360097  0.629065  0.756762
 0.720662  0.247228  0.647708   2.55983
        0         0         0         1

0.0985155  0.882806 -0.459291   1.12595
-0.703477  0.388224  0.595317  0.733065
 0.703857  0.264452   0.65928   2.56024
        0         0         0         1

 0.148348  0.850105 -0.505286   1.15283
-0.711337  0.446677  0.542659  0.705309
 0.687017  0.278927  0.670975   2.52097
        0         0         0         1

 0.163501  0.830898 -0.531861   1.16174
 -0.72459  0.467005  0.506828  0.685006
 0.669504  0.302514  0.678416   2.51817
        0         0         0         1

 0.185404  0.812375 -0.552876   1.18371
-0.740372  0.485425  0.464986  0.657457
 0.646123  0.323124   0.69146   2.51127
        0         0         0         1

 0.199602  0.789788 -0.579995   1.18746
-0.741191  0.508854  0.437838    0.6467
 0.640932  0.342494  0.686953    2.4994
        0         0         0         1

 0.223815  0.748024 -0.624793   1.21585
-0.749299  0.542009  0.380495  0.613762
 0.623263  0.382997  0.681804    2.4679
        0         0         0         1

 0.233356  0.723889 -0.649253    1.2175
-0.746366  0.561314   0.35758  0.606699
 0.623283  0.401137  0.671273   2.45397
        0         0         0         1

 0.245703  0.709081 -0.660935   1.24224
-0.754303  0.568101  0.329071  0.587263
 0.608816  0.417692  0.674446   2.43704
        0         0         0         1

 0.257371   0.69263 -0.673813   1.25556
-0.754797  0.579488  0.307368  0.578077
 0.603359  0.429485  0.671938    2.4213
        0         0         0         1

 0.267263  0.688739 -0.673951   1.29134
-0.765015  0.576922  0.286206   0.55776
 0.585938   0.43909  0.681085   2.39899
        0         0         0         1

 0.282479  0.665941 -0.690455   1.29408
 -0.76525   0.59046  0.256417  0.549649
 0.578444  0.455938  0.676404   2.38539
        0         0         0         1

  0.31658  0.642681 -0.697667   1.33809
-0.775202   0.59916  0.200175  0.519838
 0.546662  0.477461  0.687889   2.33876
        0         0         0         1

 0.323838  0.638482 -0.698191   1.35475
-0.780439  0.597435  0.184356  0.508429
 0.534831  0.485194  0.691768   2.32679
        0         0         0         1

0.337775 0.626778 -0.70218  1.37682
-0.788437  0.59588 0.152625 0.489432
0.514077 0.502072 0.695449  2.30406
       0        0        0        1

 0.34798 0.614679 -0.70787  1.38415
-0.791718 0.597056 0.129255 0.480065
0.502089 0.515455 0.694416  2.28889
       0        0        0        1

0.362459 0.614458 -0.70076  1.42969
-0.797813  0.59324 0.107521 0.458297
0.481786 0.520103 0.705248  2.23544
       0        0        0        1

 0.368508  0.615007 -0.697114   1.44204
-0.800463   0.59124 0.0984626  0.449465
 0.472717   0.52173  0.710167   2.21687
        0         0         0         1

 0.376237  0.615346 -0.692673   1.45693
-0.803181   0.58931  0.087261  0.437476
 0.461895  0.523511  0.715954   2.19193
        0         0         0         1

  0.38228   0.61485 -0.689798   1.46634
 -0.80559  0.587429 0.0771526  0.427966
 0.452644    0.5262  0.719879   2.17536
        0         0         0         1

 0.388966  0.621549 -0.679987   1.48516
-0.807971  0.584765 0.0723345  0.416337
 0.442592  0.521274  0.729648   2.14586
        0         0         0         1

 0.393387  0.625344 -0.673938   1.49734
-0.809661  0.582913 0.0682721  0.408034
 0.435541  0.518804  0.735627   2.12481
        0         0         0         1

 0.398146  0.636234 -0.660822   1.53032
-0.823806  0.564877 0.0475143  0.379289
 0.403513  0.525471  0.749038   2.07939
        0         0         0         1

  0.39835  0.639728 -0.657316    1.5406
-0.828032  0.559082 0.0423147  0.371676
 0.394564  0.527423  0.752426   2.05785
        0         0         0         1

   0.3981  0.641932 -0.655316   1.55376
-0.836858  0.546745 0.0271931  0.358719
 0.375747  0.537581  0.754865   2.03382
        0         0         0         1

 0.393659   0.64883 -0.651193   1.56693
 -0.84256  0.537942 0.0266463  0.349857
 0.367593   0.53818  0.758445   2.00871
        0         0         0         1

  0.384318   0.654927  -0.650669    1.58599
 -0.858587   0.512592 0.00882129   0.328269
  0.339305   0.555266    0.75931    1.95686
         0          0          0          1

  0.378452    0.66109  -0.647868    1.59435
 -0.865564    0.50077 0.00537054   0.320041
  0.327983   0.558739   0.761733    1.93458
         0          0          0          1

  0.374215    0.66343  -0.647939    1.60226
 -0.874188   0.485527 -0.0077493    0.30865
   0.30945    0.56932   0.761653    1.90715
         0          0          0          1

  0.365896   0.668204  -0.647784    1.61037
 -0.882957   0.469224 -0.0147165   0.297887
  0.294122    0.57735   0.761682    1.89109
         0          0          0          1

  0.352991     0.6768  -0.646018    1.62014
 -0.894577   0.446415 -0.0211187   0.285023
  0.274099   0.585367    0.76303    1.86382
         0          0          0          1

  0.345217   0.684194   -0.64242    1.62681
 -0.900969    0.43329 -0.0226879   0.276957
  0.262831   0.586633   0.766017    1.84119
         0          0          0          1

  0.326304   0.694206  -0.641564    1.63953
 -0.915638   0.400721 -0.0320984   0.261043
  0.234805   0.597914   0.766398    1.78955
         0          0          0          1

  0.311144   0.704041  -0.638369     1.6473
 -0.924212   0.380647 -0.0306595   0.251422
  0.221408   0.599528    0.76912    1.76985
         0          0          0          1

  0.291858   0.714496  -0.635858    1.65571
 -0.935487   0.351705 -0.0341863   0.239553
  0.199208   0.604814   0.771049    1.74361
         0          0          0          1

  0.285502   0.719949  -0.632583    1.65922
 -0.939481   0.340672 -0.0362915   0.235399
  0.189375   0.604662   0.773642    1.72319
         0          0          0          1

  0.261421   0.732456  -0.628623    1.66684
  -0.95182   0.303787 -0.0418621    0.22396
  0.160305    0.60928   0.776583    1.67283
         0          0          0          1

 0.249262  0.736363 -0.628998   1.67231
-0.957358  0.285322 -0.045362  0.217552
 0.146064  0.613483  0.776082   1.65594
        0         0         0         1

  0.230227   0.746238  -0.624599    1.67936
 -0.964403   0.260762 -0.0439342   0.210647
  0.130086    0.61248   0.779709    1.62639
         0          0          0          1

  0.218967   0.741609   -0.63409    1.68222
 -0.969188   0.240449 -0.0534632    0.20615
  0.112818   0.626259   0.771409    1.61284
         0          0          0          1

 0.202879  0.748607 -0.631211   1.68641
-0.973921  0.221136 -0.050765  0.200831
 0.101581  0.625049  0.773948   1.59113
        0         0         0         1

  0.195742   0.758311  -0.621812    1.68862
 -0.975999   0.212362 -0.0482575   0.197898
 0.0954551   0.616334   0.781678    1.57702
         0          0          0          1

  0.191922   0.781259   -0.59397    1.69815
 -0.978748    0.19691 -0.0572516   0.192859
 0.0722305   0.592335   0.802447    1.53927
         0          0          0          1

  0.194563   0.787914  -0.584241    1.70478
 -0.979137   0.191603 -0.0676722   0.190425
 0.0586224   0.585218   0.808754     1.5235
         0          0          0          1

  0.204727    0.79633  -0.569162    1.71446
 -0.978128   0.188283 -0.0883989   0.188828
 0.0367691   0.574811    0.81746    1.49969
         0          0          0          1

 0.217726  0.800046 -0.559037   1.72023
-0.975795  0.190459  -0.10747  0.189335
0.0204932  0.568904  0.822148   1.48488
        0         0         0         1

  0.23907  0.814272 -0.528967   1.73976
-0.970737  0.187699 -0.149793  0.186714
-0.0226855  0.549299  0.835318   1.44618
        0         0         0         1

  0.24605  0.817145 -0.521281   1.74467
-0.968696  0.189016 -0.160939  0.187328
-0.0329804  0.544562  0.838072   1.43359
        0         0         0         1

 0.245673  0.824151 -0.510314   1.75421
-0.968352  0.184741 -0.167825  0.184527
-0.0440375  0.535394  0.843454   1.41691
        0         0         0         1

 0.246136  0.826925 -0.505581   1.75854
-0.967994  0.183341 -0.171385  0.183833
-0.0490288  0.531584  0.845585   1.40585
        0         0         0         1

 0.247431  0.829404 -0.500866   1.76376
-0.967268  0.181403 -0.177443  0.183412
-0.0563136  0.528376  0.847141   1.39152
        0         0         0         1

 0.252134  0.829147 -0.498942   1.76667
-0.965527  0.181082 -0.186993  0.185049
-0.0646949  0.528889  0.846221    1.3823
        0         0         0         1

 0.253287  0.829466 -0.497827   1.77861
-0.963182  0.168279 -0.209671  0.183966
-0.0901409  0.532605   0.84155   1.35805
        0         0         0         1

 0.252301  0.830289 -0.496955    1.7838
-0.962598   0.16295 -0.216455   0.18262
-0.0987409  0.532979  0.840347   1.34741
        0         0         0         1

 0.262217   0.82933  -0.49341   1.78806
 -0.95828  0.163501 -0.234452  0.185185
-0.113765  0.534302  0.837603   1.33459
        0         0         0         1

 0.264437  0.831349 -0.488807   1.79382
-0.956897  0.163068 -0.240326  0.185505
-0.120086  0.531289  0.838636   1.32351
        0         0         0         1

 0.266821  0.833652 -0.483561   1.80051
-0.954916  0.160921 -0.249481  0.184449
-0.130166  0.528326  0.839004   1.31057
        0         0         0         1

 0.270986  0.835815 -0.477473   1.80415
-0.952909  0.162786  -0.25586  0.185303
-0.136125  0.524323  0.840568   1.30217
        0         0         0         1

 0.278725  0.840001 -0.465523   1.81359
 -0.94957  0.168553   -0.2644  0.185679
-0.143631  0.515741  0.844619   1.28421
        0         0         0         1

 0.278757  0.840908 -0.463861   1.81834
-0.949085  0.167416 -0.266851  0.184517
 -0.14674  0.514631  0.844762   1.27992
        0         0         0         1

 0.286414  0.841129 -0.458769   1.82059
-0.946383  0.173692  -0.27238  0.187958
-0.149422  0.512184  0.845778   1.27129
        0         0         0         1

  0.28564  0.841126 -0.459257   1.82418
-0.946512  0.172562 -0.272648  0.187123
-0.150081  0.512571  0.845427   1.26675
        0         0         0         1

  0.29007  0.839443 -0.459559   1.83074
-0.944254  0.172918 -0.280148   0.18824
-0.155703  0.515203  0.842806    1.2557
        0         0         0         1

 0.289798  0.839567 -0.459505   1.83343
-0.944021  0.171678 -0.281693   0.18791
-0.157613  0.515416  0.842321    1.2507
        0         0         0         1

 0.290558  0.838269  -0.46139   1.83566
-0.943554  0.170882 -0.283735   0.18829
-0.159003  0.517788  0.840603   1.24492
        0         0         0         1

 0.290309  0.837835 -0.462334   1.83767
-0.943573  0.170176 -0.284096  0.187975
-0.159348  0.518721  0.839962   1.23981
        0         0         0         1

 0.290953   0.83447 -0.467981   1.84137
-0.943312  0.168554 -0.285923  0.188139
-0.159714  0.524642  0.836207    1.2371
        0         0         0         1

 0.295913  0.830618 -0.471709   1.83902
-0.941837  0.171355 -0.289102  0.191082
-0.159304  0.529822  0.833013   1.23471
        0         0         0         1

 0.294532  0.820408 -0.490083    1.8439
-0.942581  0.164901 -0.290429  0.189248
-0.157455  0.547483   0.82187   1.23085
        0         0         0         1

 0.291258  0.817707 -0.496512   1.84576
-0.943766  0.160731 -0.288913  0.187733
-0.156441   0.55274  0.818538   1.23043
        0         0         0         1

 0.294519  0.815032  -0.49898   1.84525
-0.942772  0.162385 -0.291225  0.189068
-0.156331  0.556195  0.816215   1.22924
        0         0         0         1

 0.296352  0.815178 -0.497655   1.84501
-0.942595  0.165665 -0.289947  0.189718
-0.153915  0.555014  0.817478   1.22698
        0         0         0         1

 0.302029  0.816827   -0.4915   1.84642
-0.941277  0.173905 -0.289404  0.190691
-0.150918  0.550046  0.821385   1.22402
        0         0         0         1

 0.305832  0.817148 -0.488607   1.84718
-0.940394  0.179084 -0.289117   0.19122
-0.148749  0.547904   0.82321   1.22271
        0         0         0         1

 0.312821  0.816577 -0.485123   1.84706
-0.938386   0.18672 -0.290803  0.193119
-0.146881  0.546202  0.824675   1.22144
        0         0         0         1

 0.316157  0.815769  -0.48432   1.84728
-0.937737  0.191305 -0.289916  0.193585
-0.143852  0.545824  0.825459   1.21949
        0         0         0         1

 0.321008  0.813252 -0.485361   1.84745
-0.936686  0.196919 -0.289555  0.194558
-0.139904   0.54758  0.824974   1.21704
        0         0         0         1

 0.321496  0.809904 -0.490608   1.84897
-0.936583  0.195665 -0.290737  0.193738
-0.139474  0.552966  0.821447   1.21981
        0         0         0         1

  0.32622  0.805686  -0.49442     1.849
-0.935573  0.200365 -0.290788  0.193876
-0.135219  0.557427  0.819141    1.2218
        0         0         0         1

 0.330068  0.805494 -0.492174   1.84803
-0.934355  0.204609 -0.291745  0.194925
-0.134295  0.556161  0.820153   1.22121
        0         0         0         1

 0.333837  0.805805 -0.489113   1.84897
-0.932855  0.207886 -0.294218  0.195321
-0.135403  0.554493  0.821099   1.22096
        0         0         0         1

 0.339808  0.804619 -0.486949   1.84929
-0.930408  0.211973 -0.299011  0.196312
 -0.13737  0.554668  0.820654   1.22083
        0         0         0         1

 0.355024   0.80153 -0.481153   1.85223
 -0.92411  0.223074 -0.310256  0.198225
-0.141347  0.554786  0.819898   1.21897
        0         0         0         1

 0.361326  0.799222   -0.4803   1.85372
-0.921656  0.228008 -0.313947  0.198929
-0.141401  0.556108  0.818993   1.21885
        0         0         0         1

 0.367191  0.797139 -0.479311   1.85547
-0.919314  0.232607 -0.317421  0.199742
-0.141538  0.557192  0.818232   1.21947
        0         0         0         1

 0.372561  0.794482 -0.479579   1.85625
-0.917531  0.237922 -0.318637   0.20032
-0.139049  0.558741  0.817603   1.22134
        0         0         0         1

 0.381969  0.791984 -0.476299   1.85803
-0.915077  0.251972 -0.314872  0.200868
 -0.12936  0.556122  0.820972   1.22525
        0         0         0         1

  0.38463  0.790021 -0.477416   1.85816
 -0.91431  0.254979 -0.314678   0.20069
-0.126872  0.557541  0.820397   1.22726
        0         0         0         1

 0.388359  0.785811  -0.48133   1.85933
 -0.91328  0.258571 -0.314737  0.199729
-0.122866   0.56182  0.818084   1.23203
        0         0         0         1

 0.389473  0.784268 -0.482943   1.86034
-0.913374  0.261377 -0.312138  0.198462
 -0.11857  0.562677  0.818129   1.23382
        0         0         0         1

 0.396385  0.778511  -0.48662   1.86073
-0.910742  0.266537 -0.315448  0.198365
-0.115878  0.568224  0.814674     1.239
        0         0         0         1

 0.397298  0.775548 -0.490591   1.86174
-0.910827  0.267994 -0.313964  0.196656
-0.112019  0.571581  0.812863   1.24296
        0         0         0         1

 0.405201  0.765171 -0.500326   1.86073
-0.909011  0.278821 -0.309771  0.195401
-0.097526  0.580321  0.808527   1.25108
        0         0         0         1

 0.408028  0.759355 -0.506847   1.85993
-0.908223  0.281076 -0.310043   0.19419
 -0.09297  0.586836  0.804351   1.25694
        0         0         0         1

 0.409209   0.75299  -0.51532   1.85911
-0.908433  0.283339 -0.307357  0.191376
-0.0854264  0.593907  0.799985   1.26426
        0         0         0         1

 0.407693  0.749232 -0.521956   1.85837
-0.909728  0.284058 -0.302831  0.188018
-0.0786246    0.5983  0.797406    1.2689
        0         0         0         1

 0.407667  0.737993 -0.537749   1.85644
-0.911043  0.288925 -0.294149  0.180862
-0.0617106  0.609827  0.790128   1.28245
        0         0         0         1

 0.410637  0.732233 -0.543334   1.85389
-0.910147  0.293313 -0.292575  0.179955
-0.0548661  0.614656  0.786885   1.28857
        0         0         0         1

 0.408815  0.725229 -0.553997   1.85341
-0.911429  0.293492 -0.288373  0.174563
-0.046543   0.62282  0.780979   1.29933
        0         0         0         1

 0.410005  0.721725 -0.557681   1.85187
-0.911207  0.297336 -0.285119  0.171044
-0.039959  0.625063   0.77955    1.3042
        0         0         0         1

 0.413179  0.715262 -0.563634   1.84999
-0.910171  0.304278 -0.281077  0.167816
-0.0295418  0.629139  0.776732   1.31098
        0         0         0         1

 0.413173  0.711733 -0.568088   1.84857
-0.910348  0.306681 -0.277872  0.163435
-0.0235488  0.631967  0.774637   1.31795
        0         0         0         1

  0.41523  0.702394 -0.578123   1.84447
 -0.90969   0.31573 -0.269775  0.154083
-0.00695764  0.637932  0.770062   1.33372
        0         0         0         1

 0.416833  0.698916 -0.581178   1.84213
-0.908981  0.318915 -0.268417  0.150448
-0.00225477  0.640164  0.768235   1.33993
        0         0         0         1

 0.416199  0.693748 -0.587785   1.84012
-0.909251  0.322095 -0.263662  0.143764
0.00640803   0.64418  0.764847   1.35011
        0         0         0         1

 0.412022  0.692372 -0.592333   1.83983
-0.911094  0.321642 -0.257786   0.13713
0.0120349  0.645885   0.76334   1.35601
        0         0         0         1

 0.408489  0.690482 -0.596968   1.83764
-0.912539  0.323447 -0.250311  0.129094
0.0202526  0.647006  0.762216     1.363
        0         0         0         1

 0.410717  0.687804  -0.59853   1.83488
-0.911423   0.32765 -0.248906  0.125408
0.0249096  0.647743  0.761451   1.36775
        0         0         0         1

0.408347 0.681658 -0.60712  1.83026
-0.912078 0.331617 -0.24113 0.110433
0.0369632 0.652205 0.757141  1.38361
       0        0        0        1

 0.409579  0.678662 -0.609642   1.82754
-0.911363  0.334266 -0.240175  0.105584
0.0407851  0.653975  0.755416   1.38946
        0         0         0         1

 0.404795  0.680386 -0.610914   1.82592
-0.913279  0.334001 -0.233161 0.0957899
0.0454067  0.652317  0.756585   1.39521
        0         0         0         1

 0.406324  0.678823 -0.611638   1.82284
-0.912362  0.338015 -0.230957 0.0907505
0.0499638  0.651879  0.756675   1.39977
        0         0         0         1

 0.402624  0.682446  -0.61005   1.81833
-0.913437  0.342781 -0.219396 0.0740602
0.0593882  0.645576  0.761383    1.4077
        0         0         0         1

 0.402649  0.682064 -0.610461   1.81577
-0.913206  0.344985 -0.216885  0.068231
0.0626705  0.644806  0.761773   1.41135
        0         0         0         1

 0.401714  0.682701 -0.610364   1.81208
-0.913289   0.34765 -0.212234 0.0597407
 0.067301  0.642696  0.763159   1.41583
        0         0         0         1

 0.398497    0.6839 -0.611131   1.81073
-0.914461  0.347438  -0.20748 0.0527402
 0.070434  0.641536  0.763853   1.41875
        0         0         0         1

  0.39704  0.685116 -0.610717   1.80291
-0.914498  0.351719 -0.199968 0.0364988
0.0777997  0.637895  0.766183   1.42646
        0         0         0         1

 0.394766  0.685916 -0.611293   1.80085
-0.915434  0.350385 -0.198019 0.0295673
 0.078364   0.63777   0.76623    1.4296
        0         0         0         1

  0.39062  0.686039 -0.613812   1.79759
 -0.91691  0.349211 -0.193204 0.0199795
0.0818046   0.63828  0.765445   1.43249
        0         0         0         1

 0.386887  0.686022 -0.616192    1.7952
-0.918463  0.346193 -0.191248 0.0131051
0.0821212  0.639941  0.764023    1.4346
        0         0         0         1

  0.381096   0.684787  -0.621154    1.79135
  -0.92084    0.34115  -0.188864 0.00397493
 0.0825744   0.643959   0.760591     1.4374
         0          0          0          1

    0.37609    0.684329     -0.6247     1.78892
  -0.923008    0.335858   -0.187766 -0.00304847
  0.0813168     0.64722    0.757954     1.43857
          0           0           0           1

  0.359372   0.686508  -0.632106    1.77999
 -0.929956   0.319834  -0.181348 -0.0206353
 0.0776722   0.653003   0.753362    1.43774
         0          0          0          1

  0.350349   0.688435  -0.635068    1.77672
  -0.93365    0.31064  -0.178325 -0.0282256
 0.0745123   0.655408   0.751591    1.43802
         0          0          0          1

  0.341228   0.691983  -0.636178    1.77175
 -0.937277    0.30177  -0.174488 -0.0374497
 0.0712367   0.655816   0.751552    1.43705
         0          0          0          1

  0.334599   0.695494  -0.635871    1.76866
 -0.939727   0.296665  -0.170008 -0.0441559
 0.0704008    0.65443   0.752838    1.43575
         0          0          0          1

  0.331019   0.698194  -0.634785    1.76304
 -0.941078   0.293645  -0.167763 -0.0511658
 0.0692703   0.652915   0.754257    1.43427
         0          0          0          1

  0.327139   0.701185  -0.633499    1.75976
 -0.942537   0.290252  -0.165462 -0.0566261
 0.0678546   0.651225   0.755845    1.43333
         0          0          0          1

  0.315057   0.706573  -0.633635    1.75109
 -0.946938   0.278781  -0.159966 -0.0709997
 0.0636179   0.650411   0.756913    1.43052
         0          0          0          1

  0.311622   0.707836  -0.633924    1.74671
 -0.948206   0.274915  -0.159147 -0.0752566
 0.0616253   0.650684   0.756844    1.42861
         0          0          0          1

  0.303559    0.70967  -0.635783    1.74166
 -0.950977   0.267065  -0.155949 -0.0819668
 0.0591229   0.651954    0.75595    1.42589
         0          0          0          1

  0.295758   0.711706  -0.637182    1.73815
 -0.953571   0.259641  -0.152606 -0.0875289
  0.056828   0.652733   0.755454     1.4234
         0          0          0          1

  0.277245   0.712677  -0.644381    1.72748
 -0.959555   0.239506  -0.147958 -0.0991617
 0.0488867    0.65934   0.750254    1.41763
         0          0          0          1

 0.270739   0.71235 -0.647501   1.72306
 -0.96154  0.232448 -0.146319 -0.102875
0.0462805  0.662213  0.747885   1.41507
        0         0         0         1

 0.257063  0.713013 -0.652327   1.71772
-0.965447  0.219361 -0.140686 -0.109291
0.0427836  0.665952  0.744766   1.41188
        0         0         0         1

 0.250538   0.71247 -0.655452   1.71285
-0.967206  0.213414 -0.137722 -0.112451
0.0417601  0.668461  0.742574   1.40913
        0         0         0         1

 0.237971  0.712164 -0.660448   1.70656
-0.970486  0.201701 -0.132187  -0.11775
0.0390742  0.672412  0.739145   1.40607
        0         0         0         1

 0.230023  0.712103 -0.663324   1.70224
-0.972442  0.194819 -0.128072 -0.121237
0.0380273  0.674503  0.737292    1.4033
        0         0         0         1

 0.209345  0.710104 -0.672255   1.69121
-0.977243  0.175997 -0.118414 -0.129798
0.0342282  0.681745  0.730788    1.3963
        0         0         0         1

 0.202325  0.708957 -0.675607   1.68742
-0.978816  0.168493 -0.116317 -0.132747
0.0313711  0.684829  0.728028   1.39339
        0         0         0         1

 0.192569  0.705928 -0.681603   1.68181
-0.980871  0.158611 -0.112848 -0.136583
0.0284465  0.690295  0.722968   1.38935
        0         0         0         1

 0.187034  0.703674 -0.685464   1.67763
-0.981985  0.153039 -0.110838 -0.138552
0.0269091  0.693846   0.71962   1.38603
        0         0         0         1

 0.169036  0.697616 -0.696246   1.66711
-0.985377  0.134985 -0.103981 -0.144476
0.0214443  0.703641  0.710232    1.3783
        0         0         0         1

 0.162756  0.694896  -0.70045    1.6627
-0.986473  0.128656  -0.10158 -0.146246
0.0195298  0.707508  0.706435    1.3756
        0         0         0         1

  0.150632      0.692  -0.706007    1.65717
 -0.988434   0.118108 -0.0951255  -0.149753
  0.017558    0.71217   0.701787    1.37181
         0          0          0          1

  0.144652   0.689492  -0.709702     1.6528
 -0.989371   0.111565 -0.0932672  -0.151449
 0.0148708    0.71565   0.698301    1.36916
         0          0          0          1

  0.134945   0.687783  -0.713263     1.6467
  -0.99077   0.103012 -0.0881152  -0.153611
 0.0128704    0.71857   0.695335    1.36494
         0          0          0          1

   0.13028   0.685888  -0.715951     1.6427
 -0.991416   0.098168 -0.0863593  -0.154655
 0.0110507   0.721056   0.692789    1.36253
         0          0          0          1

 0.117923  0.682957 -0.720878   1.63381
-0.992996 0.0864123  -0.08057 -0.158028
0.00726687   0.72533  0.688363   1.35556
        0         0         0         1

  0.113975   0.682306  -0.722128    1.63061
 -0.993456  0.0836655 -0.0777474  -0.159073
0.00736963   0.726263   0.687377    1.35244
         0          0          0          1

  0.106299   0.680444  -0.725049    1.62686
 -0.994317  0.0770811 -0.0734372  -0.161261
0.00591771   0.728735    0.68477    1.34902
         0          0          0          1

  0.104624   0.679057  -0.726591    1.62379
 -0.994503  0.0745425 -0.0735354  -0.161761
 0.0042272   0.730291   0.683123    1.34661
         0          0          0          1

 0.0958472   0.675756  -0.730867    1.61669
 -0.995391  0.0673666 -0.0682505  -0.163295
0.00311541   0.734041   0.679099    1.33998
         0          0          0          1

 0.0931907   0.673649  -0.733152    1.61395
 -0.995647  0.0642029 -0.0675642  -0.163786
0.00155598   0.736257     0.6767      1.338
         0          0          0          1

 0.0887821   0.671722  -0.735464    1.61033
  -0.99605  0.0607331 -0.0647696  -0.164615
0.00115987    0.73831   0.674461    1.33496
         0          0          0          1

 0.0859868   0.669852  -0.737499    1.60802
 -0.996296  0.0579693 -0.0635085  -0.164923
0.000210941   0.740228   0.672356    1.33332
         0          0          0          1

 0.0825414   0.667583  -0.739946    1.60509
 -0.996588  0.0551119 -0.0614478   -0.16519
-0.000241659   0.742493   0.669854     1.3306
         0          0          0          1

 0.0794897   0.666281  -0.741452    1.60329
 -0.996835  0.0524886 -0.0597018  -0.165564
-0.000860427   0.743851   0.668345    1.32895
         0          0          0          1

 0.0731146    0.66301  -0.745031    1.59925
 -0.997324  0.0487821 -0.0544619  -0.166371
0.000235442   0.747019   0.664802    1.32434
         0          0          0          1

 0.0716964   0.661388  -0.746609    1.59776
 -0.997426  0.0471833 -0.0539846  -0.166209
-0.00047727   0.748558   0.663069    1.32293
         0          0          0          1

 0.0682012   0.660044  -0.748125    1.59635
 -0.997672  0.0449074 -0.0513303  -0.166674
-0.000283906   0.749884    0.66157     1.3206
         0          0          0          1

 0.0677573   0.658773  -0.749284    1.59528
 -0.997702  0.0445575 -0.0510464  -0.166451
-0.000241813   0.751021   0.660278    1.31912
         0          0          0          1

 0.0638281   0.654548  -0.753322     1.5933
 -0.997961  0.0411904 -0.0487664  -0.166267
-0.000890305   0.754898   0.655842    1.31586
         0          0          0          1

 0.0620013   0.652795  -0.754993    1.59292
 -0.998075  0.0396993 -0.0476382  -0.166265
-0.00112531   0.756493      0.654    1.31465
         0          0          0          1

 0.0610847   0.650485  -0.757059    1.59218
  -0.99813  0.0382071 -0.0477075   -0.16582
-0.00210804   0.758557   0.651603    1.31257
         0          0          0          1

    0.0592   0.649084   -0.75841    1.59195
 -0.998244  0.0367613 -0.0464589  -0.165852
-0.00227561   0.759828    0.65012    1.31134
         0          0          0          1

 0.0578789   0.647008  -0.760283    1.59137
 -0.998321  0.0358136 -0.0455226  -0.165435
-0.00222507   0.761641   0.647995    1.30961
         0          0          0          1

 0.0590525   0.645398  -0.761561    1.59115
 -0.998249  0.0356287 -0.0472115  -0.164657
-0.00333682   0.763015   0.646372    1.30858
         0          0          0          1

 0.0573908   0.643686  -0.763135     1.5919
  -0.99833  0.0319286 -0.0481474  -0.164278
-0.00662596   0.764624   0.644443    1.30586
         0          0          0          1

 0.0574761   0.645735  -0.761396    1.59225
 -0.998327  0.0323167 -0.0479539  -0.164127
-0.00635968   0.762878   0.646512    1.30472
         0          0          0          1

0.0602022  0.648615 -0.758732   1.59234
-0.998175 0.0355236 -0.048833 -0.163091
-0.00472094  0.760288  0.649569   1.30345
        0         0         0         1

 0.0601728   0.649508   -0.75797    1.59306
 -0.998182  0.0365452 -0.0479268  -0.163302
-0.00342867   0.759476   0.650527    1.30302
         0          0          0          1

 0.0622422   0.650385  -0.757051    1.59435
  -0.99806  0.0393813 -0.0482246   -0.16299
-0.00155093   0.758583   0.651574     1.3022
         0          0          0          1

 0.0629731    0.65119  -0.756298    1.59467
 -0.998014  0.0399137 -0.0487329  -0.162773
-0.0015477   0.757865    0.65241    1.30166
         0          0          0          1

 0.0646875   0.651887  -0.755552    1.59474
 -0.997904  0.0409302 -0.0501223  -0.162112
-0.00174915   0.757211   0.653168    1.30102
         0          0          0          1

 0.0658503    0.65257  -0.754862    1.59497
 -0.997826    0.04117 -0.0514543  -0.161969
-0.00249984   0.756609   0.653863    1.30073
         0          0          0          1

0.0674681  0.654914 -0.752686    1.5949
-0.997716 0.0418224 -0.053042  -0.16167
-0.00325872  0.754546  0.656239   1.30006
        0         0         0         1

 0.0675289   0.657264  -0.750629    1.59521
 -0.997711  0.0417218 -0.0532247  -0.161975
-0.00366503   0.752505   0.658576    1.29967
         0          0          0          1

 0.0683211   0.664987  -0.743723    1.59561
 -0.997654  0.0423515 -0.0537803  -0.162629
-0.00426537   0.745653   0.666321    1.29929
         0          0          0          1

 0.0701498     0.6675  -0.741298    1.59548
 -0.997527   0.043627 -0.0551131  -0.162384
-0.00444733   0.743331   0.668909    1.29968
         0          0          0          1

 0.0704189   0.670676    -0.7384    1.59512
 -0.997505  0.0435828 -0.0555433  -0.162564
-0.00506999   0.740469   0.672071    1.30034
         0          0          0          1

 0.0699111    0.67292  -0.736404    1.59487
 -0.997543  0.0437793 -0.0546973  -0.162863
-0.00456765   0.738419   0.674327    1.30083
         0          0          0          1

 0.0721415   0.676637  -0.732774    1.59472
 -0.997386  0.0459131 -0.0557968  -0.162888
-0.00411022   0.734884    0.67818    1.30151
         0          0          0          1

 0.0698695   0.678281  -0.731474    1.59464
 -0.997541  0.0435119 -0.0549364  -0.163499
-0.00543448   0.733514   0.679653    1.30218
         0          0          0          1

  0.074252   0.682832  -0.726792    1.59479
  -0.99721  0.0452094 -0.0594041  -0.163501
-0.00770522   0.729175   0.684284    1.30363
         0          0          0          1

 0.0745176   0.684575  -0.725124     1.5944
 -0.997182  0.0448306 -0.0601521    -0.1635
-0.00867088   0.727562   0.685987     1.3046
         0          0          0          1

 0.0760106   0.687274  -0.722411    1.59359
 -0.997048  0.0445077 -0.0625644  -0.163482
-0.0108461   0.725034   0.688628    1.30627
         0          0          0          1

 0.0772797   0.688606  -0.721006    1.59314
 -0.996933  0.0443962 -0.0644532  -0.163435
-0.0123729   0.723775   0.689925    1.30814
         0          0          0          1

 0.0764643   0.693944  -0.715957    1.59143
 -0.996984  0.0436692 -0.0641515  -0.163986
-0.0132523   0.718703   0.695191    1.31184
         0          0          0          1

 0.0760544   0.694817  -0.715154    1.59061
 -0.997008  0.0430621 -0.0641912  -0.164002
-0.0138051   0.717896   0.696013    1.31396
         0          0          0          1

 0.0717468   0.696704  -0.713762    1.58963
 -0.997333  0.0405307 -0.0606892  -0.164733
-0.0133531   0.716213   0.697754     1.3167
         0          0          0          1

 0.0704329   0.697365  -0.713247    1.58802
 -0.997431  0.0398948 -0.0594896  -0.164432
-0.0130311   0.715605   0.698383     1.3189
         0          0          0          1

 0.0648878   0.698656  -0.712509    1.58368
 -0.997796   0.035472 -0.0560864  -0.163864
 -0.013911   0.714578   0.699417    1.32576
         0          0          0          1

 0.0636929   0.699771  -0.711522    1.58198
 -0.997854  0.0338246 -0.0560583  -0.163269
 -0.015161   0.713566   0.700424    1.32903
         0          0          0          1

 0.0625849   0.701989  -0.709432    1.58004
 -0.997905  0.0323207 -0.0560517  -0.162313
-0.0164183   0.711454   0.702541    1.33382
         0          0          0          1

 0.0606184   0.704912    -0.7067    1.57879
 -0.998025  0.0311158 -0.0545703  -0.161884
-0.0164777   0.708612   0.705406    1.33734
         0          0          0          1

 0.0595263   0.709386  -0.702302    1.57655
 -0.998119  0.0319406 -0.0523365  -0.160361
-0.0146949   0.704096   0.709953    1.34261
         0          0          0          1

0.0585138  0.712046  -0.69969   1.57512
-0.998211 0.0331059 -0.049788 -0.159339
-0.0122875  0.701352   0.71271   1.34694
        0         0         0         1

 0.052152  0.713183 -0.699036   1.57048
-0.998616 0.0325065 -0.041338 -0.156721
-0.00675835  0.700224  0.713891   1.36003
        0         0         0         1

 0.0508126   0.711771  -0.700572    1.56816
 -0.998694  0.0324824 -0.0394338  -0.154868
-0.00531155    0.70166   0.712492     1.3656
         0          0          0          1

 0.0500615   0.708064  -0.704372    1.56442
 -0.998735   0.032088 -0.0387264  -0.151652
-0.00481882   0.705419   0.708774    1.37434
         0          0          0          1

 0.0472726   0.704771  -0.707858    1.56258
  -0.99887  0.0298947 -0.0369428   -0.15029
-0.00487502   0.708804   0.705388    1.38071
         0          0          0          1

 0.0476916   0.696866  -0.715614    1.55522
 -0.998854  0.0303574 -0.0370058  -0.143215
-0.00406393   0.716558   0.697515     1.3975
         0          0          0          1

  0.047321   0.693779  -0.718632    1.55309
 -0.998877  0.0311049 -0.0357456  -0.140852
-0.00244662   0.719516   0.694472    1.40477
         0          0          0          1

  0.045834   0.689058  -0.723256    1.55025
 -0.998948  0.0327558 -0.0320982  -0.137727
0.00157335   0.723966   0.689834    1.41617
         0          0          0          1

 0.0479824   0.685711   -0.72629     1.5466
 -0.998833  0.0368929 -0.0311563  -0.134164
0.00543073   0.726938   0.686682    1.42548
         0          0          0          1

  0.051179   0.682448   -0.72914    1.54211
 -0.998575  0.0460328 -0.0270059  -0.129081
 0.0151342   0.729483   0.683831    1.43841
         0          0          0          1

 0.0523796   0.679923   -0.73141    1.53953
 -0.998355  0.0527422 -0.0224673  -0.126257
 0.0233001   0.731384   0.681568    1.44942
         0          0          0          1

 0.0599145   0.668738   -0.74108    1.53086
 -0.997024  0.0761777 -0.0118655  -0.116563
 0.0485189   0.739585   0.671312    1.48074
         0          0          0          1

  0.0619691    0.663601   -0.745516     1.52744
  -0.996382   0.0846644 -0.00745993   -0.112556
  0.0581683    0.743281    0.666446     1.49331
          0           0           0           1

  0.0651762    0.654804   -0.752983     1.52201
   -0.99531   0.0967129 -0.00204859   -0.107207
  0.0714818    0.749586    0.658036     1.51201
          0           0           0           1

 0.0677245   0.649226  -0.757574    1.51766
 -0.994287   0.106707 0.00255975  -0.102883
 0.0825002   0.753073   0.652744    1.52543
         0          0          0          1

 0.0759728   0.634216  -0.769414    1.50432
 -0.990937   0.133753  0.0124046 -0.0908772
  0.110779   0.761498    0.63863    1.56411
         0          0          0          1

 0.0774586   0.630167  -0.772586    1.49938
 -0.989475   0.143589  0.0179157 -0.0864258
  0.122225   0.763067   0.634657    1.58023
         0          0          0          1

 0.0842088   0.621915  -0.778544    1.49076
 -0.986556   0.161854  0.0225837 -0.0787104
  0.140055   0.766175   0.627184    1.60405
         0          0          0          1

 0.0895478   0.617086  -0.781784    1.48437
 -0.984041   0.175999  0.0262065 -0.0730462
  0.153765   0.766961   0.622999    1.62127
         0          0          0          1

 0.0961937   0.610663  -0.786026    1.47589
 -0.980164   0.195587  0.0319989 -0.0651593
  0.173277   0.767357   0.617365    1.64663
         0          0          0          1

   0.10045   0.606609  -0.788628    1.46964
 -0.976736   0.211064  0.0379402 -0.0588038
  0.189466    0.76647   0.613698    1.66452
         0          0          0          1

 0.112041  0.591151 -0.798741   1.45137
-0.966915  0.250236 0.0495695 -0.041379
 0.229177  0.766761  0.599629   1.71469
        0         0         0         1

  0.116065   0.584372  -0.803143    1.44381
 -0.962958   0.264354  0.0531858 -0.0343791
  0.243394    0.76722   0.593408    1.73485
         0          0          0          1

   0.12286   0.573915  -0.809646    1.43186
 -0.956132   0.287059  0.0583925 -0.0234383
  0.265928   0.766954   0.584006    1.76236
         0          0          0          1

 0.126415  0.566527 -0.814289   1.42275
-0.951634  0.300982 0.0616661 -0.015774
 0.280022  0.767109  0.577175   1.78309
        0         0         0         1

  0.132718   0.546812  -0.826669    1.39807
 -0.938726   0.337015  0.0722153 0.00504138
  0.318088   0.766431   0.558035    1.83767
         0          0          0          1

 0.133902  0.539353 -0.831365   1.38731
-0.933031  0.351318 0.0776428 0.0140167
 0.333951  0.765293  0.550275   1.85844
        0         0         0         1

 0.135931  0.531364 -0.836167   1.37204
-0.924699   0.37099 0.0854323 0.0265604
 0.355605   0.76159  0.541781   1.88819
        0         0         0         1

 0.135728    0.5259 -0.839647   1.36085
-0.918585  0.384313  0.092221 0.0355941
 0.371187   0.75877  0.535246   1.90967
        0         0         0         1

  0.13725  0.518755 -0.843834   1.34414
-0.908984  0.404461  0.100799 0.0490976
 0.393588  0.753196  0.527052   1.94103
        0         0         0         1

  0.13928  0.509893 -0.848888   1.33038
 -0.90203  0.419033  0.103698  0.059054
 0.408587  0.751279  0.518302   1.96427
        0         0         0         1

 0.141816  0.494882  -0.85731   1.29824
-0.881596  0.457022  0.117982 0.0870902
 0.450196  0.739069  0.501099    2.0213
        0         0         0         1

 0.144273  0.484363 -0.862889   1.28267
-0.873969  0.471328  0.118444 0.0983931
 0.464074   0.73705  0.491318   2.04392
        0         0         0         1

0.145336 0.476934 -0.86684  1.26481
-0.863771 0.488414 0.123903 0.114196
0.482471 0.730744 0.482945  2.07461
       0        0        0        1

0.146292 0.473372 -0.86863  1.25306
-0.855821 0.500962 0.128871 0.126233
0.496154 0.724539 0.478409  2.09494
       0        0        0        1

 0.147517  0.465542 -0.872645   1.22062
-0.834096   0.53271  0.143192  0.159454
 0.531529  0.706747   0.46689   2.14716
        0         0         0         1

 0.147454  0.463077 -0.873967   1.20795
-0.827926  0.541209  0.147077  0.170702
 0.541107  0.701892  0.463196   2.16868
        0         0         0         1

 0.146802  0.462934 -0.874152   1.19128
-0.816552  0.555498  0.157052  0.189273
 0.558294  0.690735  0.459558   2.19523
        0         0         0         1

