-0.363102 -0.487697   0.79392  0.428277
-0.854636  -0.16509 -0.492284   1.06394
 0.371154 -0.857261 -0.356858   1.79048
        0         0         0         1

-0.348317 -0.490364  0.798886  0.416838
-0.868261 -0.152412 -0.472116   1.03715
 0.353269 -0.858087 -0.372676   1.79852
        0         0         0         1

-0.334775 -0.490806  0.804385  0.405105
 -0.88084 -0.140242 -0.452165   1.01483
 0.334734 -0.859908 -0.385372   1.80884
        0         0         0         1

 -0.30395 -0.490075   0.81697  0.384641
-0.907235 -0.112822 -0.405211  0.964149
 0.290756 -0.864348 -0.410321   1.83076
        0         0         0         1

-0.290457 -0.479252  0.828222  0.369825
-0.915003 -0.114172 -0.386956  0.946573
 0.280009  -0.87022 -0.405355   1.82375
        0         0         0         1

-0.271943  -0.46787  0.840919  0.354021
-0.926481 -0.108945 -0.360228  0.921413
 0.260154 -0.877057 -0.403846    1.8265
        0         0         0         1

  -0.25053  -0.458385   0.852712   0.335287
 -0.939385 -0.0978594  -0.328601   0.896491
  0.234072  -0.883349  -0.406084    1.84032
         0          0          0          1

 -0.23712 -0.450378  0.860775  0.325908
-0.947436 -0.088703 -0.307404  0.872921
 0.214801 -0.888421 -0.405671   1.84561
        0         0         0         1

  -0.22979  -0.435941   0.870145    0.31642
 -0.951857 -0.0857204  -0.294314   0.854905
  0.202893  -0.895884  -0.395255    1.83966
         0          0          0          1

 -0.215751  -0.407639   0.887289   0.292596
 -0.958674 -0.0841585  -0.271773   0.817999
  0.185458  -0.909257  -0.372636    1.82233
         0          0          0          1

 -0.215882  -0.408058   0.887064   0.294014
 -0.960263 -0.0758552  -0.268591   0.804616
  0.176889  -0.909799  -0.375468    1.82389
         0          0          0          1

 -0.208964  -0.401997   0.891478   0.283977
  -0.96463 -0.0650654  -0.255451   0.782789
  0.160695  -0.913326  -0.374182    1.82458
         0          0          0          1

 -0.199103  -0.403502   0.893053   0.273227
 -0.969438 -0.0521987  -0.239718   0.764153
  0.143343  -0.913489  -0.380777    1.82912
         0          0          0          1

 -0.180313  -0.409333    0.89439   0.260585
 -0.978699 -0.0160775  -0.204668   0.723607
  0.098157  -0.912243  -0.397715    1.83814
         0          0          0          1

 -0.170924  -0.396579   0.901948   0.244147
 -0.981376 -0.0129265   -0.19166   0.705067
 0.0876673  -0.917909  -0.386984     1.8311
         0          0          0          1

  -0.171593   -0.396742    0.901749    0.239822
  -0.982291 -0.00100348    -0.18736    0.688981
  0.0752387   -0.917929   -0.389544     1.83251
          0           0           0           1

 -0.170586  -0.388514   0.905515   0.230577
 -0.983397 0.00940674  -0.181222   0.673339
 0.0618893  -0.921395  -0.383668    1.82502
         0          0          0          1

-0.166984 -0.390642  0.905271  0.224405
-0.985079 0.0273119  -0.16992  0.657483
0.0416532 -0.920137 -0.389374   1.81637
        0         0         0         1

-0.152413 -0.401311  0.903172  0.219709
-0.988133 0.0442278 -0.147098  0.642792
0.0190867 -0.914873  -0.40329   1.81459
        0         0         0         1

 -0.111653  -0.427813   0.896945   0.209095
  -0.99242    0.09463 -0.0784029   0.612139
-0.0513361    -0.8989  -0.435136    1.81034
         0          0          0          1

 -0.100091  -0.439863    0.89247   0.205368
 -0.992499   0.107416 -0.0583677    0.60303
-0.0701919  -0.891618  -0.447315    1.80012
         0          0          0          1

-0.0865275  -0.450391   0.888629   0.201323
 -0.990357   0.135756 -0.0276264   0.587552
 -0.108194   -0.88245  -0.457795    1.79658
         0          0          0          1

-0.0756575  -0.453591   0.887993   0.192975
 -0.988498   0.151071 -0.0070529   0.574717
 -0.130951  -0.878313  -0.459803    1.78737
         0          0          0          1

-0.0555089 -0.454539  0.888995  0.177385
-0.980953  0.190819 0.0363142  0.549505
-0.186144 -0.870047 -0.456474   1.77263
        0         0         0         1

-0.0538113 -0.452773      0.89  0.174336
-0.977833  0.204512 0.0449205   0.54152
-0.202355 -0.867854 -0.453741   1.76433
        0         0         0         1

-0.037595 -0.447584  0.893451  0.160653
-0.973371  0.218726 0.0686151  0.525622
-0.226132  -0.86708 -0.443888   1.75713
        0         0         0         1

-0.0352493 -0.437879  0.898343  0.158735
-0.970375  0.229985 0.0740258  0.519296
-0.239019  -0.86912 -0.433014   1.74665
        0         0         0         1

-0.0321088 -0.426361  0.903983   0.15744
-0.967363  0.240708 0.0791693  0.513482
-0.251351 -0.871938 -0.420175   1.73128
        0         0         0         1

-0.0286718 -0.421368  0.906436  0.157909
-0.961959    0.2581  0.089553  0.507986
-0.271686 -0.869387 -0.412739   1.72886
        0         0         0         1

0.00601711 -0.402861  0.915241  0.141643
 -0.94964   0.28444  0.131445   0.48957
-0.313285 -0.869941 -0.380862   1.70758
        0         0         0         1

0.0107084 -0.392501  0.919689  0.143122
 -0.94514  0.296331  0.137472  0.487371
 -0.32649 -0.870707 -0.367795   1.69751
        0         0         0         1

0.0334019 -0.386722  0.921591  0.134883
 -0.93698  0.308756  0.163521  0.477748
-0.347784 -0.868974 -0.352038   1.69084
        0         0         0         1

0.0414013 -0.372969   0.92692  0.134343
-0.933952  0.315169  0.168531  0.476265
-0.354993 -0.872676 -0.335286   1.67875
        0         0         0         1

0.0546717 -0.358186  0.932048  0.134368
-0.925647   0.33184  0.181822  0.472249
-0.374417 -0.872688 -0.313411   1.66475
        0         0         0         1

 0.059408 -0.351483  0.934307  0.131902
-0.923212  0.336641  0.185346  0.470485
-0.379672 -0.873575 -0.304495   1.65794
        0         0         0         1

0.0627364 -0.345907  0.936169  0.129449
-0.921926  0.339181  0.187107  0.468145
-0.382253 -0.874817 -0.297622   1.64889
        0         0         0         1

0.0640431 -0.344915  0.936446   0.12795
-0.920748  0.341467   0.18874  0.465639
-0.384865 -0.874319 -0.295712   1.64409
        0         0         0         1

0.0624898 -0.345401  0.936372   0.12904
-0.920493  0.342658  0.187827  0.466603
-0.385731 -0.873661 -0.296527   1.63525
        0         0         0         1

0.0705939  -0.34812  0.934788  0.124077
-0.918889   0.34196  0.196741  0.462915
-0.388149 -0.872855 -0.295743   1.62933
        0         0         0         1

0.0781132 -0.362115  0.928855   0.12215
-0.914009  0.346037  0.211768  0.459542
-0.398102 -0.865524 -0.303947   1.62363
        0         0         0         1

0.0828495 -0.373837  0.923787  0.119143
-0.911119  0.347123  0.222187  0.456591
-0.403729 -0.860088 -0.311851   1.62404
        0         0         0         1

 0.081167  -0.37975  0.921521    0.1235
-0.911872  0.344958  0.222471  0.460285
 -0.40237 -0.858367 -0.318285   1.61261
        0         0         0         1

0.0807053 -0.384787   0.91947  0.125074
-0.911797  0.344135  0.224048  0.461656
-0.402633 -0.856452 -0.323074   1.60592
        0         0         0         1

0.0831131 -0.406238   0.90998  0.126846
-0.912443  0.336121  0.233391  0.461216
-0.400675 -0.849702 -0.342732   1.59936
        0         0         0         1

 0.085465 -0.418984  0.903962  0.128636
-0.913078  0.330151  0.239351   0.46176
-0.398728 -0.845844 -0.354349   1.59615
        0         0         0         1

0.0903877 -0.433785  0.896471  0.129355
-0.913488  0.322446  0.248129  0.461127
-0.396698 -0.841344 -0.367113   1.59113
        0         0         0         1

0.0911965  -0.44566  0.890545  0.131889
-0.913645  0.318306  0.252853  0.461486
-0.396153 -0.836701 -0.378146   1.58783
        0         0         0         1

 0.100048 -0.458015  0.883296  0.131109
-0.911329  0.314117  0.266102  0.459372
-0.399337 -0.831596 -0.385976    1.5843
        0         0         0         1

 0.102455 -0.465642  0.879022  0.132437
-0.910879  0.311202  0.271021   0.45872
-0.399753 -0.828451 -0.392259   1.58103
        0         0         0         1

 0.114859 -0.485731  0.866529   0.12835
 -0.90945  0.299509  0.288437  0.451235
-0.399636 -0.821194 -0.407346   1.57643
        0         0         0         1

 0.119479  -0.49282  0.861889  0.126007
 -0.90865  0.295558  0.294958  0.447627
-0.400099 -0.818397 -0.412488   1.57588
        0         0         0         1

 0.125027 -0.497903  0.858173  0.123756
-0.908319  0.290541  0.300902  0.444004
-0.399155 -0.817116 -0.415929   1.57567
        0         0         0         1

 0.128871 -0.497682  0.857732  0.122592
-0.911145  0.281976  0.300507  0.440855
-0.391417 -0.820245 -0.417122   1.57239
        0         0         0         1

 0.128114 -0.497537   0.85793  0.124691
-0.920674   0.26194   0.28939  0.437785
-0.368708 -0.826949 -0.424511   1.56577
        0         0         0         1

 0.130554 -0.499296  0.856539  0.124871
-0.922279  0.255859   0.28972  0.434681
-0.363809 -0.827792 -0.427087   1.56771
        0         0         0         1

 0.138228 -0.507042  0.850765  0.122501
-0.923166  0.245142  0.296092  0.428819
-0.358689 -0.826325 -0.434199   1.57415
        0         0         0         1

 0.149397 -0.511399  0.846257  0.119358
-0.924635   0.23098  0.302817  0.423822
-0.350329 -0.827719  -0.43835   1.57555
        0         0         0         1

 0.155813  -0.51796  0.841094  0.119086
-0.928267  0.214327  0.303948  0.418957
-0.337702 -0.828119  -0.44741   1.57683
        0         0         0         1

 0.168487  -0.52528  0.834082  0.116842
-0.927683  0.201526   0.31431  0.411506
 -0.33319 -0.826721 -0.453339   1.58133
        0         0         0         1

 0.188498 -0.534506  0.823876  0.115382
 -0.92879  0.175548  0.326392  0.398484
-0.319088 -0.826732 -0.463353   1.58915
        0         0         0         1

 0.194314  -0.53911  0.819514  0.116787
-0.929057  0.166957  0.330119  0.393396
-0.314795 -0.825521 -0.468422   1.59239
        0         0         0         1

 0.204758 -0.537771  0.817849  0.117284
-0.930734  0.151681  0.332757  0.387427
-0.302999 -0.829334 -0.469464   1.59101
        0         0         0         1

 0.211892  -0.54051  0.814218  0.117859
-0.930492  0.143153  0.337182  0.381336
-0.298809 -0.829069 -0.472607   1.59407
        0         0         0         1

 0.231683 -0.548094  0.803689  0.118562
-0.928663  0.121393  0.350497   0.36311
-0.289668 -0.827561  -0.48087   1.60499
        0         0         0         1

 0.238017 -0.548886  0.801294  0.119187
-0.928472  0.113591  0.353604  0.356265
-0.285108 -0.828143 -0.482589   1.60818
        0         0         0         1

 0.248966 -0.549409    0.7976  0.117724
-0.927874  0.100745  0.359026  0.345433
-0.277607 -0.829458   -0.4847   1.61196
        0         0         0         1

 0.256162 -0.548601  0.795875  0.117885
-0.928391 0.0896687  0.360623  0.336733
-0.269203 -0.831262 -0.486347   1.61297
        0         0         0         1

 0.270655 -0.549797  0.790233  0.113451
-0.926393 0.0744926  0.369117  0.322181
-0.261806  -0.83197 -0.489167   1.61719
        0         0         0         1

 0.273348 -0.548369  0.790299  0.115504
  -0.9282 0.0652442  0.366316  0.314632
-0.252439 -0.833687 -0.491162   1.61848
        0         0         0         1

 0.280883 -0.548478  0.787577  0.118644
-0.930632 0.0449239  0.363188  0.292349
-0.234582 -0.834957 -0.497813   1.62352
        0         0         0         1

 0.291499 -0.547717  0.784242  0.114303
-0.928477 0.0352305  0.369716  0.278036
-0.230129 -0.835922 -0.498272   1.62675
        0         0         0         1

  0.29101 -0.547677  0.784451  0.118077
 -0.93085  0.027299  0.364379  0.265804
-0.220977 -0.836244 -0.501861   1.62818
        0         0         0         1

  0.29928 -0.546741  0.781988   0.11374
-0.929138 0.0194858   0.36922  0.251321
-0.217106 -0.837075 -0.502166   1.63184
        0         0         0         1

  0.308008  -0.547408   0.778123   0.111211
 -0.929161 0.00266029   0.369665   0.218881
 -0.204428  -0.836862  -0.507811    1.63562
         0          0          0          1

  0.307739  -0.549322    0.77688   0.111995
 -0.930204 -0.0020322   0.367037   0.206546
 -0.200042  -0.835609  -0.511607    1.63784
         0          0          0          1

  0.306922  -0.551058   0.775973   0.111599
 -0.931712 -0.0076096   0.363118   0.189887
 -0.194194  -0.834433  -0.515763     1.6403
         0          0          0          1

  0.308116  -0.554578   0.772986   0.110021
 -0.932436 -0.0148336   0.361031   0.176404
 -0.188754     -0.832  -0.521679    1.64132
         0          0          0          1

  0.311526  -0.558791   0.768573   0.107156
 -0.931818 -0.0211641   0.362307   0.156518
 -0.186188  -0.829039  -0.527285    1.64268
         0          0          0          1

  0.310544  -0.562582   0.766201   0.107251
 -0.932613 -0.0244379   0.360049   0.143801
 -0.183833   -0.82638  -0.532261    1.64135
         0          0          0          1

  0.314087  -0.575842   0.754821   0.103251
 -0.930672 -0.0296332   0.364653   0.108513
 -0.187615  -0.817024  -0.545228    1.64174
         0          0          0          1

  0.316246  -0.582649   0.748671   0.100812
 -0.929143 -0.0309048   0.368427  0.0927771
 -0.191526  -0.812136  -0.551138    1.64236
         0          0          0          1

  0.314754  -0.591886   0.742025  0.0999584
 -0.928319 -0.0289899   0.370653  0.0750349
 -0.197873    -0.8055  -0.558584    1.64268
         0          0          0          1

   0.31421  -0.597319    0.73789  0.0976305
 -0.927502 -0.0273439   0.372817  0.0602339
 -0.202514  -0.801537  -0.562607    1.64156
         0          0          0          1

  0.304883  -0.609769   0.731593  0.0928546
 -0.928268 -0.0184663   0.371454  0.0262157
 -0.212991  -0.792364  -0.571659    1.64051
         0          0          0          1

  0.300537  -0.612568   0.731053  0.0895655
 -0.928779 -0.0136527   0.370383  0.0111196
 -0.216904    -0.7903  -0.573043    1.63943
         0          0          0          1

     0.2929   -0.616904    0.730506   0.0866097
  -0.929944 -0.00617619    0.367649 -0.00667453
  -0.222293   -0.787014   -0.575495     1.63904
          0           0           0           1

    0.284529    -0.619285     0.731799    0.0840254
   -0.932034 -1.45398e-05      0.36237   -0.0196478
   -0.224399    -0.785167    -0.577199      1.63706
           0            0            0            1

  0.274524  -0.623446   0.732087  0.0789593
 -0.933872 0.00858676   0.357504 -0.0379594
 -0.229171  -0.781819  -0.579862    1.63496
         0          0          0          1

  0.260665  -0.629209   0.732223  0.0772698
 -0.937026  0.0177306    0.34881 -0.0491975
 -0.232457  -0.777034  -0.584963    1.63268
         0          0          0          1

  0.236252  -0.647348   0.724655  0.0682008
 -0.940487  0.0351396   0.338009 -0.0820182
 -0.244274  -0.761384  -0.600521    1.62896
         0          0          0          1

  0.227512  -0.657047   0.718698  0.0647659
 -0.940759   0.042249   0.336433 -0.0949449
 -0.251416  -0.752664  -0.608511    1.62873
         0          0          0          1

 0.211582 -0.668279  0.713187 0.0629691
-0.942314 0.0541703  0.330317 -0.107365
-0.259378 -0.741936 -0.618268   1.62705
        0         0         0         1

 0.205517 -0.674401  0.709187  0.058978
-0.941779 0.0607572  0.330697 -0.119511
-0.266111 -0.735861  -0.62265   1.62526
        0         0         0         1

 0.181106 -0.686194  0.704513 0.0538436
-0.943366 0.0812553  0.321649 -0.142455
-0.277959 -0.722866 -0.632616   1.62062
        0         0         0         1

 0.174046 -0.687865  0.704663 0.0510272
-0.943537 0.0883325  0.319272 -0.152073
-0.281861 -0.720444 -0.633652   1.61768
        0         0         0         1

 0.160578 -0.689345  0.706412 0.0489582
 -0.94446  0.100593  0.312852 -0.161678
-0.286723 -0.717415 -0.634906     1.615
        0         0         0         1

 0.153672 -0.688185  0.709074 0.0462266
-0.945058  0.107176  0.308834 -0.170636
-0.288531 -0.717575 -0.633905   1.61173
        0         0         0         1

 0.144492 -0.689285  0.709935 0.0436714
-0.944947  0.116757  0.305685 -0.180744
-0.293594  -0.71502 -0.634467   1.61051
        0         0         0         1

 0.139328 -0.687623  0.712575 0.0407816
-0.945016  0.122665  0.303147 -0.189158
-0.295859 -0.715631 -0.632724   1.60802
        0         0         0         1

 0.122127 -0.684837  0.718389 0.0361136
-0.947776  0.134393  0.289239 -0.205038
-0.294628 -0.716196 -0.632659   1.60294
        0         0         0         1

 0.112576 -0.682846  0.721836 0.0351909
-0.949793  0.139477   0.28007 -0.209627
-0.291925 -0.717124 -0.632861   1.60111
        0         0         0         1

 0.103944 -0.679961  0.725843 0.0336671
-0.951148  0.145357  0.272378 -0.216514
-0.290713 -0.718696 -0.631634   1.59889
        0         0         0         1

0.0969829 -0.678816  0.727876 0.0329115
-0.952065    0.1499  0.266651 -0.221038
-0.290115 -0.718845 -0.631739   1.59811
        0         0         0         1

0.0917242 -0.676538  0.730673  0.031599
-0.953039  0.153035  0.261336 -0.226553
-0.288622 -0.720331  -0.63073   1.59606
        0         0         0         1

0.0926203 -0.673696  0.733181 0.0290878
-0.952542  0.154492  0.262289 -0.232818
-0.289974 -0.722679 -0.627415   1.59451
        0         0         0         1

0.0902597 -0.668495   0.73822 0.0265315
-0.953922   0.15495  0.256948 -0.241453
-0.286156 -0.727396 -0.623706   1.58941
        0         0         0         1

0.0906625 -0.667746  0.738848 0.0249337
-0.954473  0.153448  0.255803 -0.246519
-0.284186 -0.728402 -0.623433   1.58799
        0         0         0         1

0.0891792 -0.667979  0.738817 0.0233961
-0.955545  0.151921  0.252694 -0.250848
-0.281036 -0.728508 -0.624736   1.58662
        0         0         0         1

0.0865224 -0.666767  0.740227 0.0223721
 -0.95692  0.151089  0.247946 -0.252863
-0.277162  -0.72979  -0.62497    1.5838
        0         0         0         1

0.0805335 -0.667871  0.739907 0.0200389
-0.958623  0.151453  0.241047 -0.259788
 -0.27305 -0.728704  -0.62804   1.57968
        0         0         0         1

0.0792852 -0.670129  0.737998 0.0189126
 -0.95827  0.152738  0.241641 -0.262853
-0.274651  -0.72636 -0.630054   1.57899
        0         0         0         1

0.0800862 -0.672082  0.736133 0.0183215
-0.956996  0.154737  0.245388 -0.265641
-0.278828 -0.724128 -0.630788   1.57593
        0         0         0         1

 0.081504 -0.673481  0.734698 0.0176963
-0.955686  0.156412  0.249399 -0.267539
-0.282881 -0.722467 -0.630888   1.57331
        0         0         0         1

0.0847688 -0.676035  0.731977 0.0167068
-0.953723  0.157647  0.256047 -0.270774
-0.288491 -0.719808 -0.631387   1.57038
        0         0         0         1

0.0871311 -0.676738   0.73105 0.0158891
-0.952199  0.159105  0.260774 -0.272471
 -0.29279 -0.718827 -0.630526    1.5666
        0         0         0         1

0.0889353 -0.681846  0.726069 0.0157021
-0.949852  0.161342  0.267861  -0.27506
-0.299786 -0.713481 -0.633304   1.56153
        0         0         0         1

0.0894272 -0.679154  0.728528 0.0151779
-0.950435  0.160504  0.266292  -0.27585
-0.297785 -0.716232 -0.631138   1.55902
        0         0         0         1

0.0887726 -0.681556  0.726362 0.0150352
 -0.95255   0.15507  0.261921 -0.278051
-0.291151 -0.715147  -0.63545   1.55737
        0         0         0         1

0.0874926 -0.687904  0.720509 0.0159778
-0.953983  0.150384  0.259423  -0.27943
-0.286811 -0.710051 -0.643091    1.5588
        0         0         0         1

0.0880811 -0.697549  0.711103 0.0181577
-0.955279   0.14315  0.258748 -0.280897
-0.282284 -0.702092 -0.653745   1.55814
        0         0         0         1

0.0896595 -0.701793  0.706716  0.018857
-0.955565   0.13945  0.259709 -0.281471
-0.280813 -0.698599 -0.658106   1.55742
        0         0         0         1

0.0926172 -0.708913  0.699189 0.0200195
 -0.95539  0.134512  0.262937 -0.282479
-0.280449 -0.692351  -0.66483   1.55731
        0         0         0         1

 0.093237  -0.71557   0.69229 0.0211279
-0.955819  0.130358  0.263471 -0.282546
-0.278777 -0.686269 -0.671802   1.55736
        0         0         0         1

0.0964702 -0.723667  0.683374 0.0223988
-0.955688  0.124503  0.266756 -0.283614
-0.278124 -0.678827 -0.679589   1.55742
        0         0         0         1

 0.101528 -0.729042  0.676897 0.0228421
-0.955387  0.118247  0.270655 -0.285889
 -0.27736 -0.674177 -0.684512   1.55726
        0         0         0         1

 0.103822 -0.741855  0.662475 0.0258889
-0.955135   0.11139  0.274425 -0.286319
-0.277377 -0.661244 -0.697007   1.55762
        0         0         0         1

 0.107072 -0.746459  0.656761 0.0267133
-0.954353  0.108088  0.278439 -0.287457
-0.278831 -0.656594 -0.700812   1.55748
        0         0         0         1

 0.107695 -0.751514  0.650868 0.0281142
-0.954007  0.106112  0.280375 -0.287815
-0.279771 -0.651128 -0.705522   1.55789
        0         0         0         1

  0.10921 -0.754079   0.64764 0.0289009
-0.953469  0.104725  0.282718 -0.288575
-0.281016 -0.648381 -0.707554   1.55801
        0         0         0         1

 0.111045 -0.756834  0.644105 0.0289047
-0.951998  0.105018  0.287525 -0.291607
-0.285251 -0.645115 -0.708843   1.55886
        0         0         0         1

 0.109619  -0.75605  0.645269 0.0286801
-0.952083  0.106611  0.286656 -0.292059
-0.285519 -0.645773 -0.708135   1.55878
        0         0         0         1

 0.109418 -0.755655  0.645765  0.027753
-0.951376  0.108583  0.288261 -0.294019
-0.287945 -0.645906 -0.707031   1.55911
        0         0         0         1

  0.10719 -0.754246  0.647784 0.0272155
-0.951108   0.11203  0.287823  -0.29463
-0.289661 -0.646964 -0.705361   1.55924
        0         0         0         1

 0.102354 -0.753306  0.649657 0.0269098
-0.950971  0.117511  0.286086 -0.294665
-0.291853 -0.647087 -0.704344   1.55976
        0         0         0         1

0.0983741 -0.752006  0.651774 0.0264544
-0.950855  0.122198  0.284505 -0.294654
-0.293595  -0.64773 -0.703028      1.56
        0         0         0         1

0.0919141 -0.750683  0.654238 0.0242921
-0.949931  0.130942  0.283701 -0.295984
-0.298636 -0.647557 -0.701061   1.56036
        0         0         0         1

0.0895909  -0.75061  0.654643 0.0231607
-0.949384  0.134329  0.283948 -0.296677
-0.301071 -0.646947 -0.700582   1.56073
        0         0         0         1

0.0850654 -0.750958  0.654848 0.0221145
-0.948967  0.139255  0.282965 -0.296649
-0.303685   -0.6455 -0.700789   1.56092
        0         0         0         1

  0.08219 -0.751961  0.654064  0.021573
-0.948291  0.142879  0.283427  -0.29649
-0.306577 -0.643538 -0.701334   1.56077
        0         0         0         1

0.0754535 -0.753174  0.653479 0.0204658
-0.947294  0.150486  0.282823 -0.296055
-0.311354 -0.640377 -0.702123   1.56066
        0         0         0         1

0.0721547 -0.751782  0.655452 0.0202224
-0.946723  0.155174  0.282199 -0.295157
-0.313861 -0.640894 -0.700533   1.56092
        0         0         0         1

0.0708138 -0.748153  0.659737 0.0196042
-0.945595  0.160202  0.283169 -0.294693
-0.317545 -0.643896 -0.696105   1.56155
        0         0         0         1

0.0718385 -0.746122  0.661922 0.0187388
-0.944651  0.162095  0.285237 -0.294984
-0.320116 -0.645776  -0.69318   1.56243
        0         0         0         1

0.0710765 -0.742233  0.666362 0.0184396
-0.943697  0.166347  0.285945 -0.293414
-0.323085 -0.649168 -0.688619   1.56367
        0         0         0         1

0.0748088 -0.736313  0.672493 0.0175943
-0.942654  0.167764  0.288547 -0.292843
-0.325281 -0.655514 -0.681538   1.56407
        0         0         0         1

0.0872441 -0.717349   0.69123 0.0155178
-0.940383  0.169672  0.294775 -0.290004
-0.328739 -0.675738  -0.65978    1.5663
        0         0         0         1

0.0951891 -0.708121  0.699645 0.0145946
 -0.94004  0.167294  0.297216 -0.288582
-0.327512 -0.685986 -0.649737   1.56667
        0         0         0         1

 0.102935 -0.696556  0.710081 0.0144091
-0.940718  0.163781  0.297029 -0.285343
-0.323195  -0.69856 -0.638403   1.56722
        0         0         0         1

 0.110153 -0.691647  0.713786 0.0136918
-0.941274  0.158023  0.298381 -0.284413
-0.319169 -0.704736 -0.633623   1.56905
        0         0         0         1

 0.117059 -0.683492  0.720511 0.0147431
-0.944663  0.147234  0.293146 -0.276842
-0.306446 -0.714955 -0.628435     1.574
        0         0         0         1

 0.119852 -0.683027  0.720493 0.0147137
-0.946338  0.140797  0.290896 -0.275241
-0.300133 -0.716694 -0.629499   1.57697
        0         0         0         1

  0.11996 -0.683061  0.720443 0.0154366
-0.949842  0.132141  0.283442 -0.270628
-0.288808 -0.718308 -0.632948   1.58051
        0         0         0         1

 0.118108 -0.683719  0.720125 0.0162431
 -0.95295   0.12584  0.275772 -0.266823
-0.279171 -0.718814 -0.636687   1.58397
        0         0         0         1

 0.115244 -0.685461  0.718931 0.0163885
-0.956829   0.11781  0.265705 -0.263271
-0.266828 -0.718515 -0.642292   1.58944
        0         0         0         1

 0.112966  -0.68482  0.719903 0.0166068
-0.960637  0.109799  0.255189 -0.259379
-0.253803 -0.720393  -0.64546   1.59152
        0         0         0         1

 0.112886 -0.684847   0.71989 0.0177256
-0.968515 0.0859577  0.233646 -0.248921
-0.221892 -0.723599 -0.653581   1.60022
        0         0         0         1

 0.119864 -0.685905  0.717751 0.0169563
-0.969341 0.0753465  0.233883 -0.247211
-0.214502  -0.72378 -0.655844   1.60583
        0         0         0         1

 0.126075 -0.686135  0.716466 0.0180964
-0.970643 0.0638072  0.231909 -0.240575
-0.204836  -0.72467 -0.657947   1.61177
        0         0         0         1

 0.131623 -0.686152  0.715451 0.0190124
-0.971208 0.0553115  0.231722 -0.234631
-0.198569 -0.725352 -0.659116   1.61691
        0         0         0         1

 0.154965 -0.681303  0.715411 0.0198495
-0.970919 0.0287379  0.237678 -0.222149
 -0.18249 -0.731437 -0.657036   1.62917
        0         0         0         1

 0.164219 -0.677357  0.717091 0.0205334
-0.971134 0.0164819  0.237966 -0.215334
-0.173007  -0.73547 -0.655097   1.63417
        0         0         0         1

  0.172905  -0.668577   0.723262  0.0217028
 -0.972015 0.00273897   0.234905  -0.204692
 -0.159033  -0.743638  -0.649393    1.63981
         0          0          0          1

   0.18405  -0.660449   0.727965  0.0208653
 -0.971896 -0.0116865   0.235119  -0.199096
 -0.146777   -0.75078  -0.644038    1.64487
         0          0          0          1

  0.193082  -0.651734   0.733459  0.0222111
 -0.972463 -0.0276777   0.231406  -0.189233
 -0.130515  -0.757942  -0.639132     1.6528
         0          0          0          1

  0.202627  -0.642879   0.738681  0.0222717
 -0.972159 -0.0414087   0.230634  -0.181836
 -0.117682  -0.764848  -0.633371    1.65928
         0          0          0          1

  0.228265  -0.616694   0.753381  0.0208979
 -0.969947 -0.0770855   0.230782   -0.16454
-0.0842475  -0.783419  -0.615757     1.6732
         0          0          0          1

  0.239307   -0.60785   0.757133  0.0212213
 -0.968321 -0.0921297   0.232092  -0.156528
-0.0713226  -0.788689  -0.610641    1.68081
         0          0          0          1

 0.252965 -0.594754  0.763071 0.0220244
-0.965965 -0.111204  0.233551 -0.144143
-0.0540484 -0.796179 -0.602642    1.6888
        0         0         0         1

 0.264461 -0.584786  0.766868 0.0225193
-0.963483 -0.125608  0.236481 -0.134061
-0.0419657 -0.801404  -0.59665   1.69606
        0         0         0         1

 0.292146 -0.563198  0.772955  0.024711
-0.956273 -0.160313  0.244624 -0.107179
-0.0138573 -0.810622 -0.585406   1.71423
        0         0         0         1

  0.305483  -0.552184   0.775741  0.0250129
 -0.952197  -0.176879   0.249066 -0.0959343
-0.000318359  -0.814744  -0.579821    1.72058
         0          0          0          1

  0.320193  -0.538462   0.779446  0.0258117
 -0.947225  -0.195469    0.25408 -0.0800356
 0.0155452  -0.819665  -0.572632    1.72899
         0          0          0          1

  0.330313  -0.529777   0.781172  0.0268504
 -0.943513   -0.20812   0.257815 -0.0673998
 0.0259927  -0.822206  -0.568597     1.7376
         0          0          0          1

  0.342838  -0.518059    0.78363  0.0282685
 -0.938569  -0.223856   0.262633 -0.0508188
  0.039361  -0.825532  -0.562981    1.74676
         0          0          0          1

  0.355105  -0.506871   0.785483   0.028079
 -0.933499  -0.237027   0.269068 -0.0387306
  0.049798  -0.828795  -0.557333     1.7531
         0          0          0          1

   0.377829   -0.488022    0.786817   0.0333058
  -0.922898   -0.266608    0.277812 -0.00263703
  0.0741931   -0.831117   -0.551126     1.76975
          0           0           0           1

 0.390033  -0.47939  0.786167 0.0341035
-0.916969 -0.280026  0.284171 0.0117905
 0.083918 -0.831727 -0.548805   1.77549
        0         0         0         1

 0.400324  -0.47733  0.782238 0.0401365
-0.911854 -0.292177  0.288368 0.0334662
0.0909051 -0.828727  -0.55222   1.78671
        0         0         0         1

 0.412834 -0.475605  0.776768 0.0421765
-0.905933 -0.302521  0.296253 0.0476449
0.0940894 -0.826003 -0.555758    1.7959
        0         0         0         1

 0.439749   -0.4701  0.765262 0.0474294
-0.891683 -0.330366  0.309452 0.0857098
 0.107343 -0.818453 -0.564458   1.81319
        0         0         0         1

 0.451402 -0.468113  0.759675 0.0486865
-0.885351 -0.341157  0.315858  0.100463
 0.111312 -0.815158 -0.568443   1.82071
        0         0         0         1

 0.462521 -0.469195  0.752283 0.0538269
-0.878878 -0.354436  0.319295  0.122878
 0.116824 -0.808846 -0.576299   1.82946
        0         0         0         1

 0.473274 -0.469334  0.745478 0.0559278
 -0.87262 -0.365641  0.323792  0.138296
  0.12061 -0.803761 -0.582599   1.83733
        0         0         0         1

 0.484315 -0.473041  0.735984  0.061164
-0.866154 -0.377854  0.327114  0.160622
 0.123356 -0.795901 -0.592726   1.84799
        0         0         0         1

 0.491967 -0.474119  0.730192 0.0655449
-0.861152 -0.388321  0.328062  0.178879
 0.128009 -0.790201 -0.599329   1.85489
        0         0         0         1

 0.507502 -0.487586  0.710424 0.0797781
-0.850984 -0.412958  0.324488  0.225048
  0.13516 -0.769237 -0.624505   1.87227
        0         0         0         1

 0.515023 -0.500691  0.695744 0.0876693
-0.847014 -0.421882  0.323394  0.244526
 0.131601  -0.75586 -0.641371   1.88372
        0         0         0         1

 0.527373 -0.508207  0.680884 0.0918518
-0.839604 -0.434495  0.326004  0.266575
 0.130163 -0.743599 -0.655834   1.89637
        0         0         0         1

  0.53447 -0.517595   0.66816 0.0979189
-0.835569 -0.442513  0.325587  0.283797
 0.127147  -0.73231 -0.668996   1.90622
        0         0         0         1

 0.551171 -0.533741  0.641352  0.107753
-0.824622 -0.465725  0.321089  0.326665
 0.127315 -0.705848 -0.696828   1.92503
        0         0         0         1

  0.55348 -0.550525  0.624966  0.118361
-0.824108 -0.470518   0.31537  0.346605
 0.120438 -0.689591 -0.714114   1.93815
        0         0         0         1

 0.556863 -0.562309   0.61132  0.127275
-0.821863  -0.47952  0.307575  0.371853
 0.120188 -0.673698 -0.729168   1.94626
        0         0         0         1

 0.563762 -0.570559  0.597189  0.131551
-0.818176 -0.484675  0.309318  0.388123
 0.112958 -0.662988 -0.740059   1.95823
        0         0         0         1

 0.561735 -0.583117  0.586879  0.145755
-0.819068 -0.491904  0.295225  0.418265
 0.116538 -0.646532 -0.753933   1.96224
        0         0         0         1

   0.5631 -0.589451  0.579194  0.152836
-0.818006 -0.497153   0.28932  0.439141
 0.117408   -0.6367 -0.762121   1.96811
        0         0         0         1

 0.566777 -0.616702  0.546299   0.17365
-0.817436 -0.503659  0.279511  0.484197
 0.102773 -0.604985 -0.789577   1.99754
        0         0         0         1

 0.568946 -0.623001  0.536815  0.180029
-0.815936 -0.509162  0.273865  0.502677
 0.102708 -0.593821 -0.798015   2.00371
        0         0         0         1

 0.572048 -0.626617  0.529256  0.183946
 -0.81393  -0.51343   0.27186  0.524641
 0.101384 -0.586294 -0.803729   2.01412
        0         0         0         1

   0.5662 -0.637073  0.523025  0.196293
-0.817303 -0.516227  0.255979   0.54886
 0.106923 -0.572405  -0.81297   2.01739
        0         0         0         1

 0.549541 -0.662797  0.508629  0.224658
-0.828087 -0.512855  0.226391   0.60102
 0.110801   -0.5456 -0.830688   2.03338
        0         0         0         1

  0.54886 -0.668444  0.501932   0.22746
 -0.82854 -0.514612  0.220673  0.618166
 0.110793 -0.536989 -0.836282   2.04496
        0         0         0         1

 0.537515 -0.678501  0.500713  0.236034
-0.834102 -0.515051  0.197477  0.643659
 0.123904 -0.523793 -0.842787   2.04713
        0         0         0         1

  0.52298 -0.695963  0.492064  0.251508
-0.843048 -0.507402   0.17836  0.665888
 0.125543 -0.508112 -0.852092   2.05607
        0         0         0         1

 0.508881 -0.712158  0.483602  0.265179
-0.850659 -0.502145   0.15566  0.691142
 0.131984 -0.490593 -0.861336   2.06885
        0         0         0         1

 0.495345 -0.727459  0.474802  0.281762
-0.858649   -0.4929  0.140612   0.71188
 0.131741 -0.477339 -0.868787    2.0806
        0         0         0         1

 0.450032 -0.765267  0.460259  0.310926
-0.879892 -0.468015 0.0821773  0.763464
  0.15252  -0.44196 -0.883973   2.08927
        0         0         0         1

 0.441967 -0.772914  0.455268  0.311452
-0.882553 -0.465486 0.0665085  0.777557
 0.160516 -0.431193 -0.887867   2.09981
        0         0         0         1

 0.423301 -0.781066  0.459078  0.320982
-0.887356 -0.459666 0.0361352  0.800847
 0.182798 -0.422662 -0.887661   2.10437
        0         0         0         1

 0.411966 -0.785667  0.461531  0.324727
-0.888915 -0.457856 0.0140421   0.81768
 0.200282 -0.416047 -0.887013   2.10797
        0         0         0         1

  0.357107  -0.812124   0.461442   0.360935
 -0.895928  -0.437529 -0.0766852    0.87745
  0.264172  -0.386034   -0.88385    2.09845
         0          0          0          1

 0.322285 -0.828972  0.457097  0.386723
-0.899917 -0.418122 -0.123785  0.903866
 0.293737 -0.371455 -0.880761    2.0932
        0         0         0         1

 0.296829 -0.835852  0.461783  0.389029
-0.899641  -0.40693 -0.158285  0.925995
 0.320216 -0.368456 -0.872755   2.09932
        0         0         0         1

 0.262772 -0.854265  0.448533  0.415018
-0.897762 -0.386799 -0.210736  0.955469
 0.353516 -0.347301 -0.868567   2.08858
        0         0         0         1

 0.232707 -0.867597  0.439458  0.433319
-0.895182 -0.367695 -0.251891  0.984017
 0.380126 -0.334778 -0.862222   2.08447
        0         0         0         1

 0.203369 -0.876661  0.436012   0.44763
-0.894744 -0.347233 -0.280824   1.00214
 0.397586 -0.333008 -0.855004   2.08372
        0         0         0         1

 0.147563 -0.887357  0.436832   0.45975
-0.894663 -0.308053 -0.323544   1.03813
 0.421667 -0.343075 -0.839343   2.09718
        0         0         0         1

 0.115495 -0.898703  0.423076  0.478878
-0.890705 -0.282228 -0.356359   1.06106
 0.439665 -0.335678 -0.833075   2.09268
        0         0         0         1

0.0783129 -0.906268  0.415386   0.49625
-0.887906 -0.252866 -0.384294   1.08473
  0.45331 -0.338729 -0.824483   2.09558
        0         0         0         1

0.0361408 -0.914441  0.403102  0.523824
-0.878402 -0.221419 -0.423538   1.10976
 0.476555 -0.338778 -0.811249   2.08105
        0         0         0         1

-0.0602134 -0.924986  0.375201  0.577022
-0.839346 -0.156522 -0.520576   1.17523
 0.540253 -0.346269 -0.766958   2.03079
        0         0         0         1

-0.088337 -0.924266  0.371389  0.583086
-0.828249  -0.13897 -0.542855   1.19678
 0.553354 -0.355556 -0.753246   2.02637
        0         0         0         1

-0.123129 -0.927356  0.353341  0.599756
-0.803258 -0.115953 -0.584235   1.22566
 0.582765 -0.355761 -0.730629   1.99991
        0         0         0         1

