  -0.8829 -0.455504  0.114037  0.239972
-0.411389  0.867445  0.279818  0.829469
-0.226379  0.200137 -0.953256   2.14582
        0         0         0         1

-0.873552 -0.471081  0.122434  0.229368
-0.424217  0.860202  0.283006   0.80836
-0.238637  0.195282 -0.951271   2.12399
        0         0         0         1

-0.869781 -0.475968  0.130139  0.229957
-0.429544  0.860145  0.275031  0.795726
-0.242844  0.183316 -0.952587   2.08975
        0         0         0         1

-0.857232 -0.496126  0.137884     0.215
-0.442218  0.846487  0.296485  0.763974
 -0.26381  0.193182 -0.945032   2.08262
        0         0         0         1

-0.851294 -0.502447  0.151145   0.21003
-0.444854  0.843916  0.299851  0.745808
-0.278213  0.188023 -0.941937    2.0577
        0         0         0         1

-0.834563 -0.524087  0.169817  0.195539
-0.460822  0.833017  0.306146   0.72345
-0.301908  0.177242 -0.936716   2.03099
        0         0         0         1

-0.804799 -0.556062  0.207589   0.16908
-0.484784  0.817608  0.310646  0.685397
-0.342465  0.149372 -0.927581   1.97115
        0         0         0         1

-0.803223 -0.553689  0.219683    0.1724
-0.479418  0.819771  0.313263  0.673738
 -0.35354    0.1463 -0.923908   1.95616
        0         0         0         1

-0.794457 -0.560784  0.233149  0.170745
-0.482319  0.815884  0.318907  0.658648
-0.369061  0.140906 -0.918662   1.93561
        0         0         0         1

-0.787407 -0.563604  0.249682  0.169297
-0.481505  0.815247  0.321752  0.646165
-0.384893  0.133127  -0.91331   1.91583
        0         0         0         1

-0.758686 -0.578733  0.299106  0.157548
-0.486247   0.80862  0.331206  0.612307
-0.433543  0.105841 -0.894896    1.8775
        0         0         0         1

-0.739232 -0.573731  0.352659  0.146354
-0.483376  0.816645   0.31534  0.603398
-0.468917 0.0626423 -0.881018   1.83727
        0         0         0         1

-0.735002 -0.558309   0.38479  0.148481
-0.459829  0.827466  0.322269  0.600656
-0.498326 0.0599309 -0.864916    1.8133
        0         0         0         1

-0.720296 -0.557412  0.412876  0.145834
-0.445413  0.827953  0.340737  0.593813
-0.531773 0.0615315 -0.844649   1.78522
        0         0         0         1

-0.705325 -0.566938  0.425556  0.141662
-0.442135  0.821071  0.361052  0.584409
-0.554106 0.0665061 -0.829785   1.76016
        0         0         0         1

 -0.69348 -0.575593  0.433334  0.140704
-0.441899  0.814847  0.375166  0.575886
-0.569044 0.0686807 -0.819434   1.73494
        0         0         0         1

-0.671818 -0.603202  0.429893  0.147547
-0.448145  0.793103  0.412497  0.561079
-0.589769 0.0844684 -0.803143   1.69586
        0         0         0         1

-0.659493 -0.622742  0.421025  0.145311
-0.455917  0.776676  0.434642  0.552232
 -0.59767 0.0946912 -0.796131   1.67842
        0         0         0         1

 -0.64966 -0.640049  0.410217   0.14823
-0.462492   0.76101  0.454934  0.543594
-0.603359   0.10583 -0.790416   1.66098
        0         0         0         1

-0.637516 -0.658386  0.400127  0.146262
-0.469501  0.743772  0.475786  0.535615
-0.610854  0.115461 -0.783279   1.63997
        0         0         0         1

 -0.64816 -0.670473  0.361047  0.147669
-0.466339  0.724299  0.507858   0.52532
-0.602011  0.160803 -0.782129   1.61696
        0         0         0         1

-0.650681 -0.672896  0.351888  0.145715
-0.464752  0.719375  0.516241  0.522142
-0.600516  0.172367 -0.780814   1.60594
        0         0         0         1

-0.648137 -0.677534  0.347658  0.140598
-0.464952  0.713638  0.523967  0.515506
-0.603107  0.177958 -0.777555   1.59396
        0         0         0         1

-0.645346 -0.678516   0.35092  0.139144
-0.464709  0.713317  0.524618  0.512529
-0.606279  0.175484 -0.775649   1.57726
        0         0         0         1

-0.647894  -0.67178  0.359089  0.146478
-0.460226  0.720865  0.518214  0.515979
 -0.60698  0.170486 -0.776215   1.55974
        0         0         0         1

-0.643322 -0.675542  0.360249  0.141601
-0.458291  0.716729  0.525614  0.510155
-0.613275   0.17304 -0.770682    1.5538
        0         0         0         1

 -0.63456 -0.681593  0.364369  0.138362
-0.455047  0.710556  0.536696  0.503123
-0.624713  0.174761 -0.761047   1.53044
        0         0         0         1

-0.633801 -0.682872  0.363294  0.140448
-0.451846  0.708072   0.54265  0.502572
-0.627799  0.179779  -0.75733   1.52353
        0         0         0         1

-0.629966 -0.686914  0.362342  0.139591
-0.451087   0.70343  0.549278  0.500112
 -0.63219  0.182578 -0.752995   1.51098
        0         0         0         1

-0.630124 -0.687316  0.361303  0.144787
-0.447837  0.701797  0.554006  0.502321
-0.634339  0.187287 -0.750025   1.50477
        0         0         0         1

-0.619782  -0.69988  0.355019  0.139328
 -0.45368  0.688667  0.565608  0.498531
-0.640347  0.189489 -0.744345   1.48707
        0         0         0         1

 -0.61972 -0.699074  0.356711  0.145419
-0.450516  0.689041  0.567678  0.501326
-0.642637  0.191097 -0.741957   1.48174
        0         0         0         1

-0.614178 -0.704751  0.355122  0.143719
-0.454389  0.683723  0.571011   0.49897
-0.645225  0.189339 -0.740159   1.47329
        0         0         0         1

-0.609209 -0.709484  0.354256  0.144709
-0.455661  0.678795  0.575856  0.498428
-0.649027  0.189397 -0.736812   1.46859
        0         0         0         1

-0.599297 -0.720311  0.349278  0.144434
-0.460654  0.667136  0.585429  0.495259
-0.654707   0.18995 -0.731627   1.46433
        0         0         0         1

-0.597128 -0.724722  0.343826  0.147513
-0.464066  0.661732  0.588857  0.494503
-0.654278  0.192065 -0.731458    1.4617
        0         0         0         1

-0.585473 -0.735495  0.340981  0.150413
-0.474039  0.651796  0.591987  0.490352
-0.657653  0.184954 -0.730263   1.46116
        0         0         0         1

-0.580788 -0.737704  0.344208  0.153982
-0.480197  0.651895  0.586893  0.488617
-0.657341  0.175573 -0.732856   1.45964
        0         0         0         1

-0.571028 -0.745237  0.344309  0.154522
-0.491062  0.646184  0.584213  0.484484
-0.657864  0.164525 -0.734947   1.45756
        0         0         0         1

-0.565526 -0.750349  0.342281  0.156636
-0.499767  0.641931  0.581514  0.480898
-0.656059    0.1578 -0.738028   1.45795
        0         0         0         1

-0.551615 -0.769455  0.321962  0.159098
-0.524043  0.620011  0.583922  0.469267
-0.648922  0.153379 -0.745235   1.46094
        0         0         0         1

-0.544445 -0.779244  0.310416  0.160801
-0.534828  0.607588  0.587194  0.463527
-0.646172  0.153675 -0.747559   1.46334
        0         0         0         1

-0.537108 -0.786887  0.303848  0.164939
-0.546215  0.598949  0.585584  0.458496
-0.642778  0.148555  -0.75151   1.46391
        0         0         0         1

-0.531642 -0.795956  0.289499  0.169044
-0.559238  0.586594    0.5858   0.45216
-0.636089  0.149537 -0.756987    1.4651
        0         0         0         1

-0.525745 -0.807321  0.268001   0.17272
-0.570201  0.568265   0.59325  0.443271
-0.631239  0.159084 -0.759098   1.46949
        0         0         0         1

-0.519798 -0.817724  0.247259  0.176812
-0.580695   0.55049  0.599796  0.434643
-0.626581  0.168191 -0.760992   1.47407
        0         0         0         1

-0.503201 -0.836677  0.216243  0.186342
-0.599871  0.518311  0.609515  0.415433
-0.622048   0.17699 -0.762713   1.48116
        0         0         0         1

-0.493763 -0.845284  0.204188   0.18907
-0.610869  0.504273  0.610366  0.405377
  -0.6189  0.176644  -0.76535   1.48309
        0         0         0         1

-0.486503 -0.852279  0.192183  0.194337
-0.616875  0.490861  0.615241  0.394985
-0.618692  0.180764 -0.764555   1.49207
        0         0         0         1

-0.475546  -0.85948  0.187484  0.199605
-0.625908  0.480339  0.614422   0.38426
-0.618139  0.174838 -0.766378   1.49352
        0         0         0         1

-0.446863 -0.877519  0.173994  0.206517
-0.647769  0.451532  0.613608  0.357882
-0.617016  0.161491 -0.770202   1.49822
        0         0         0         1

-0.437184 -0.883982  0.165669  0.213062
-0.656235  0.439498  0.613349  0.345959
-0.615001  0.159428 -0.772241   1.50324
        0         0         0         1

-0.428571 -0.889839  0.156566  0.222114
-0.664684  0.427891  0.612457  0.334494
-0.611982  0.158414 -0.774844   1.50833
        0         0         0         1

-0.409714 -0.901121  0.141832  0.225913
-0.678371  0.404929  0.613062   0.31644
-0.609874  0.154965 -0.777199   1.51194
        0         0         0         1

-0.398238 -0.908427   0.12715  0.233398
-0.687413  0.387339  0.614355  0.302624
-0.607346  0.157255 -0.778718    1.5202
        0         0         0         1

-0.391284 -0.912843  0.116678  0.245501
-0.696503  0.376619  0.610771  0.290906
-0.601481  0.157719 -0.783164   1.52404
        0         0         0         1

-0.357431 -0.928808 0.0977679  0.263895
-0.720908  0.340937  0.603368  0.259118
-0.593746  0.145181 -0.791447   1.52976
        0         0         0         1

-0.340182 -0.936482 0.0853076   0.27239
-0.730361  0.320267  0.603326  0.241978
-0.592325  0.142935 -0.792919   1.53582
        0         0         0         1

-0.324755 -0.942397 0.0801375  0.282452
-0.739794  0.305897  0.599276  0.225105
 -0.58927  0.135333 -0.796521   1.53997
        0         0         0         1

-0.308755 -0.947936 0.0780283  0.293864
-0.747981  0.292663  0.595712   0.20947
-0.587532  0.125565 -0.799399   1.54379
        0         0         0         1

-0.273153 -0.958873 0.0771315  0.317149
-0.766128  0.265332  0.585361  0.175132
-0.581753    0.1008 -0.807095   1.54935
        0         0         0         1

-0.259251 -0.962581 0.0789097  0.329258
-0.771426   0.25554  0.582753  0.158624
-0.581112 0.0902063 -0.808809   1.55355
        0         0         0         1

-0.248256 -0.965032 0.0841577  0.343878
-0.775228  0.250017  0.580098  0.143267
-0.580854 0.0787712 -0.810188   1.55747
        0         0         0         1

-0.231146 -0.968821 0.0892027  0.354445
-0.781422  0.239489  0.576216  0.125386
-0.579613 0.0634849 -0.812415   1.55893
        0         0         0         1

-0.213858 -0.972381 0.0934857  0.366857
-0.785853  0.228097   0.57481   0.10668
-0.580259 0.0494616 -0.812929   1.56179
        0         0         0         1

-0.200524 -0.974553  0.100179  0.378623
-0.790805  0.221374  0.570633 0.0900872
-0.578289 0.0352037 -0.815072   1.56321
        0         0         0         1

-0.177609 -0.977914  0.110175  0.404416
-0.799963  0.208674  0.562597  0.055665
-0.573162 0.0117862 -0.819357   1.56616
        0         0         0         1

-0.167897 -0.979556  0.110818  0.416356
-0.803106  0.201105  0.560872 0.0379153
-0.571691   0.00517 -0.820453   1.56856
        0         0         0         1

  -0.159167   -0.980376     0.11631    0.428777
  -0.807772    0.197057    0.555583   0.0206839
    -0.5676 -0.00552113   -0.823286     1.56781
          0           0           0           1

 -0.151047  -0.981431   0.118226   0.439789
 -0.808868   0.191459   0.555947 0.00359072
 -0.568259 -0.0116553  -0.822767       1.57
         0          0          0          1

 -0.137964  -0.982324   0.126513   0.461867
 -0.814388   0.185208   0.549973  -0.030555
 -0.563683 -0.0271538  -0.825545    1.56915
         0          0          0          1

 -0.135391  -0.982149   0.130588   0.472471
 -0.815246   0.185334   0.548658 -0.0464139
 -0.563066 -0.0321778  -0.825785    1.56926
         0          0          0          1

 -0.129811  -0.982306   0.134998   0.481922
 -0.816162    0.18317   0.548023   -0.06332
 -0.563054 -0.0390407  -0.825498    1.56797
         0          0          0          1

 -0.129437  -0.981481   0.141211   0.491995
 -0.816394    0.18631   0.546617 -0.0779558
 -0.562803 -0.0445316   -0.82539    1.56632
         0          0          0          1

 -0.126002  -0.980735   0.149271   0.502318
 -0.814162   0.188205    0.54929  -0.093028
 -0.566801 -0.0523189  -0.822192    1.56381
         0          0          0          1

 -0.119587  -0.980382   0.156682   0.511032
 -0.810642   0.187533     0.5547  -0.107638
 -0.573201 -0.0606784  -0.817165    1.56078
         0          0          0          1

 -0.109958  -0.978264   0.175806   0.529058
 -0.800108    0.19206   0.568278  -0.134691
 -0.589691 -0.0781773  -0.803836    1.55196
         0          0          0          1

 -0.107803  -0.976884     0.1846   0.537219
 -0.794132   0.196323   0.575163  -0.146696
 -0.598108 -0.0845927  -0.796938    1.54706
         0          0          0          1

 -0.104179  -0.975603   0.193252   0.544922
 -0.787944   0.199529   0.582523  -0.158921
  -0.60687 -0.0915851  -0.789507    1.54136
         0          0          0          1

 -0.105494  -0.974264   0.199199   0.552151
 -0.782248   0.204982   0.588278  -0.169837
  -0.61397 -0.0937629   -0.78374    1.53709
         0          0          0          1

 -0.109542  -0.972313   0.206416   0.564487
 -0.776682   0.213323   0.592671  -0.192629
 -0.620295 -0.0953973  -0.778546    1.52943
         0          0          0          1

  -0.11479   -0.97138   0.207954   0.569355
 -0.776298   0.218333   0.591347  -0.203651
 -0.619826 -0.0935532  -0.779143    1.52739
         0          0          0          1

 -0.122042  -0.970447    0.20818   0.574086
 -0.776418   0.224008   0.589064  -0.214834
 -0.618289 -0.0897442   -0.78081    1.52596
         0          0          0          1

 -0.127913  -0.969826   0.207547   0.577696
 -0.777235   0.228013   0.586443  -0.225484
 -0.616071 -0.0862995  -0.782949    1.52467
         0          0          0          1

 -0.135891  -0.968872   0.206933   0.581901
 -0.778343   0.233633    0.58275  -0.235243
 -0.612957 -0.0818745  -0.785863    1.52289
         0          0          0          1

 -0.143067  -0.968109   0.205662   0.585396
 -0.778775   0.238355   0.580256  -0.244273
 -0.610771 -0.0771485   -0.78804    1.52106
         0          0          0          1

 -0.156913   -0.96641   0.203546   0.592453
 -0.777113   0.248008   0.578435  -0.260608
 -0.609487 -0.0674144  -0.789925    1.51718
         0          0          0          1

 -0.164336  -0.964929   0.204709   0.595567
 -0.775502   0.254637   0.577717  -0.267194
 -0.609583 -0.0638124   -0.79015    1.51469
         0          0          0          1

-0.170885  -0.96314   0.20775  0.598636
-0.774029  0.261692  0.576539 -0.273194
-0.609654 -0.062283 -0.790217   1.51149
        0         0         0         1

 -0.176103  -0.961555   0.210714   0.601375
 -0.772519   0.267666   0.575821  -0.278784
 -0.610084 -0.0613765  -0.789956    1.50873
         0          0          0          1

 -0.181386  -0.959774   0.214318   0.604203
 -0.770453   0.274127   0.575548  -0.283979
 -0.611147 -0.0607259  -0.789184     1.5061
         0          0          0          1

 -0.187498  -0.957648   0.218528   0.606806
 -0.768368   0.281588   0.574733  -0.288196
 -0.611927 -0.0601482  -0.788624    1.50361
         0          0          0          1

-0.197514 -0.953683  0.226884  0.610752
-0.764726  0.294701  0.573014 -0.296398
-0.613337 -0.060326 -0.787514   1.49844
        0         0         0         1

 -0.203387   -0.95155   0.230622   0.612418
 -0.762932   0.301652   0.571787  -0.299533
 -0.613652 -0.0596549   -0.78732    1.49596
         0          0          0          1

  -0.20995  -0.949234   0.234258   0.614046
 -0.761411   0.309042   0.569865  -0.302227
 -0.613331 -0.0587235   -0.78764    1.49329
         0          0          0          1

 -0.215058  -0.947809   0.235389     0.6152
 -0.760477   0.313749   0.568539  -0.304893
 -0.612719 -0.0567392  -0.788261    1.49071
         0          0          0          1

 -0.227083  -0.945206   0.234562   0.617494
 -0.758037    0.32276   0.566751  -0.308893
 -0.611403 -0.0491071  -0.789794    1.48595
         0          0          0          1

 -0.231628  -0.944341     0.2336   0.618354
  -0.75738   0.325759   0.565913  -0.310359
 -0.610512 -0.0458426  -0.790679    1.48326
         0          0          0          1

 -0.238742  -0.942923    0.23216   0.619499
  -0.75578   0.330538    0.56528  -0.310974
 -0.609753 -0.0405056  -0.791556    1.48084
         0          0          0          1

 -0.242945  -0.942372   0.230026   0.620238
 -0.754638   0.332604   0.565593  -0.311761
 -0.609507 -0.0361786  -0.791955    1.47818
         0          0          0          1

 -0.245541  -0.942289     0.2276   0.620839
 -0.753033   0.333261   0.567343  -0.312403
 -0.610451 -0.0320845  -0.791404    1.47519
         0          0          0          1

 -0.250594  -0.941631   0.224798   0.621718
 -0.751306   0.335603   0.568251  -0.312216
 -0.610526 -0.0264914  -0.791553    1.47255
         0          0          0          1

 -0.255904  -0.938042   0.233645   0.623679
 -0.747639   0.345263   0.567301  -0.310919
 -0.612821 -0.0295071  -0.789671    1.46692
         0          0          0          1

 -0.256889  -0.936775   0.237616   0.624908
 -0.747234    0.34845   0.565883  -0.310606
 -0.612902 -0.0321859  -0.789503    1.46485
         0          0          0          1

 -0.258115  -0.936204   0.238536   0.626471
 -0.747454   0.349948   0.564667  -0.310571
 -0.612119 -0.0325458  -0.790096    1.46354
         0          0          0          1

 -0.259539  -0.935572   0.239468   0.627795
 -0.748415   0.351567   0.562384  -0.310585
 -0.610339 -0.0332607  -0.791442    1.46282
         0          0          0          1

 -0.260556  -0.934494   0.242552   0.630117
 -0.750615   0.354081   0.557856  -0.310861
 -0.607196 -0.0367104  -0.793703    1.46186
         0          0          0          1

  -0.26071  -0.934574    0.24208   0.631731
 -0.751894   0.353842   0.556283  -0.310723
 -0.605546 -0.0369899   -0.79495    1.46164
         0          0          0          1

 -0.259602  -0.935332   0.240336   0.633309
 -0.753359   0.351849   0.555566  -0.310497
   -0.6042 -0.0368331  -0.795981     1.4614
         0          0          0          1

 -0.259493  -0.936343   0.236484   0.635369
 -0.755174   0.349372   0.554663  -0.309761
 -0.601976 -0.0346554  -0.797762    1.46158
         0          0          0          1

 -0.259162  -0.939397   0.224427   0.638174
 -0.759755   0.341753   0.553152  -0.308572
 -0.596328 -0.0271536  -0.802281    1.46402
         0          0          0          1

 -0.258107  -0.940816   0.219651    0.63891
 -0.762509   0.337988   0.551674  -0.307961
 -0.593263 -0.0250949  -0.804617    1.46565
         0          0          0          1

 -0.255849  -0.942305   0.215876   0.639856
 -0.764873   0.333882   0.550901  -0.307179
 -0.591194 -0.0241703  -0.806167    1.46721
         0          0          0          1

 -0.252725  -0.943906   0.212538   0.640687
 -0.766958   0.329355   0.550727  -0.306306
 -0.589835 -0.0238256  -0.807172     1.4691
         0          0          0          1

 -0.249484  -0.945114   0.210993   0.641583
 -0.769548   0.325757   0.549252  -0.305069
 -0.587838 -0.0253397  -0.808582    1.47104
         0          0          0          1

 -0.24678 -0.945758  0.211284  0.642129
-0.771913  0.323657  0.547172 -0.303489
-0.585876 -0.028062 -0.809915   1.47364
        0         0         0         1

 -0.241894  -0.946009   0.215764   0.641924
 -0.777916   0.321984   0.539604  -0.299515
 -0.579943 -0.0373191  -0.813802    1.48157
         0          0          0          1

 -0.240405  -0.945156   0.221102   0.640973
 -0.781614   0.323558   0.533282  -0.297377
 -0.575574 -0.0446131  -0.816532    1.48649
         0          0          0          1

 -0.239557  -0.943401   0.229362   0.639231
 -0.785666   0.327159   0.525067  -0.295395
 -0.570386 -0.0544184  -0.819572    1.49256
         0          0          0          1

 -0.239161  -0.940833   0.240072   0.636736
 -0.789853   0.332312   0.515462  -0.293396
 -0.564743 -0.0663427  -0.822596    1.49874
         0          0          0          1

 -0.240143  -0.933319   0.266922   0.629476
 -0.797652    0.34643   0.493698  -0.288501
 -0.553248 -0.0943527  -0.827656    1.51286
         0          0          0          1

-0.240174 -0.929562  0.279699  0.624826
-0.800823  0.352579  0.484119 -0.285839
-0.548635 -0.107717 -0.829094   1.52031
        0         0         0         1

 -0.24128 -0.924939  0.293722  0.619452
 -0.80452  0.359901   0.47246  -0.28234
-0.542707 -0.122311 -0.830969   1.52789
        0         0         0         1

-0.243568 -0.920156  0.306574  0.614013
-0.807132  0.367572  0.461983   -0.2785
-0.537784 -0.134922 -0.832216   1.53555
        0         0         0         1

-0.244074 -0.915012   0.32122  0.607302
-0.810307  0.374402  0.450806 -0.273971
-0.532758 -0.150256 -0.832822   1.54419
        0         0         0         1

-0.243946 -0.910122  0.334915  0.600475
-0.813058  0.380178  0.440909 -0.269204
-0.528609 -0.164747 -0.832725   1.55229
        0         0         0         1

-0.243546  -0.90077  0.359582   0.58537
-0.818528  0.389772  0.422006 -0.257938
-0.520285  -0.19155 -0.832233   1.56966
        0         0         0         1

-0.243647 -0.896856  0.369168  0.577749
 -0.82109  0.393331  0.413645 -0.251542
-0.516185 -0.202337 -0.832234   1.57849
        0         0         0         1

-0.243774 -0.893495  0.377148  0.569448
-0.823405  0.396148   0.40629 -0.244345
-0.512424 -0.211503 -0.832279   1.58859
        0         0         0         1

-0.243738 -0.890799  0.383497  0.560601
-0.825995  0.397894  0.399265 -0.236807
-0.508256  -0.21945 -0.832777   1.59812
        0         0         0         1

-0.243374 -0.888819  0.388291  0.550966
-0.828674  0.398582  0.392979 -0.228424
-0.504053 -0.226126 -0.833545   1.60825
        0         0         0         1

-0.242056 -0.888024  0.390925  0.540806
-0.831075  0.397687  0.388792 -0.220476
-0.500723 -0.230778 -0.834277    1.6185
        0         0         0         1

-0.243012 -0.886791  0.393126  0.517675
-0.835724  0.397149   0.37926 -0.202097
-0.492453  -0.23638 -0.837624   1.64121
        0         0         0         1

-0.245618  -0.88665  0.391821  0.505315
 -0.83788   0.39745  0.374153 -0.192116
-0.487472   -0.2364 -0.840527   1.65251
        0         0         0         1

-0.248723 -0.886713  0.389714  0.491515
-0.840092  0.397751  0.368836 -0.181037
-0.482061 -0.235658  -0.84385   1.66445
        0         0         0         1

-0.253654 -0.886807  0.386306  0.477604
-0.841779  0.399112   0.36348  -0.16973
-0.476516 -0.232987 -0.847732   1.67658
        0         0         0         1

-0.268214 -0.887736  0.374147  0.446034
-0.843672   0.40394  0.353624   -0.1455
-0.465058 -0.220811   -0.8573   1.70363
        0         0         0         1

-0.277358 -0.888154  0.366409  0.429371
-0.843448  0.407711   0.34981 -0.133424
-0.460074 -0.212024 -0.862193   1.71852
        0         0         0         1

-0.291047 -0.888124  0.355706  0.411611
-0.843226  0.413775  0.343161 -0.119732
-0.451952 -0.200065 -0.869318   1.73453
        0         0         0         1

-0.307443 -0.885834  0.347529  0.392662
-0.843147  0.422899  0.332055 -0.104858
-0.441115  -0.19093 -0.876905   1.74943
        0         0         0         1

 -0.321219  -0.884661   0.337925   0.371907
 -0.840885   0.430575   0.327899 -0.0906451
 -0.435581  -0.178829  -0.882207    1.76689
         0          0          0          1

  -0.33974  -0.880146   0.331541   0.352645
 -0.838983   0.442925   0.316108 -0.0738165
  -0.42507  -0.170763  -0.888907    1.78165
         0          0          0          1

-0.376221 -0.870893  0.316231  0.310473
-0.831832  0.467804  0.298689  -0.03882
-0.408061 -0.150678 -0.900435    1.8158
        0         0         0         1

 -0.392505  -0.865919    0.31004   0.289574
 -0.826968   0.479799   0.293116 -0.0224479
 -0.402572  -0.141344   -0.90441    1.83329
         0          0          0          1

   -0.416432    -0.857401     0.302403     0.268979
   -0.819812     0.497922     0.282811 -0.000551223
   -0.393056    -0.130143    -0.910258      1.85098
           0            0            0            1

-0.435824 -0.850915  0.293258  0.246977
-0.813343  0.511876  0.276507   0.01771
-0.385396 -0.118011 -0.915174   1.87014
        0         0         0         1

 -0.486503   -0.83163   0.267782   0.206037
 -0.794491    0.54862   0.260384  0.0613178
 -0.363453 -0.0860727  -0.927628    1.91222
         0          0          0          1

 -0.502893  -0.824604   0.259089   0.179554
 -0.787699   0.560629   0.255393  0.0799164
 -0.355851 -0.0756487  -0.931476    1.93001
         0          0          0          1

 -0.525694  -0.814326   0.246005   0.155963
 -0.778645   0.577082   0.246351   0.101764
 -0.342575 -0.0620455  -0.937439    1.95039
         0          0          0          1

-0.549349 -0.803142  0.230603   0.13457
-0.767901  0.594053  0.239644  0.124621
-0.329458 -0.045432 -0.943076   1.97235
        0         0         0         1

   -0.5797   -0.78528   0.217447   0.115788
 -0.751227   0.618431   0.230652   0.152725
 -0.315602 -0.0296435  -0.948428    1.99558
         0          0          0          1

  -0.602329   -0.772783    0.200015   0.0959047
  -0.737986    0.634601    0.229473    0.175971
  -0.304263 -0.00939048   -0.952542     2.02089
          0           0           0           1

-0.654925 -0.734275  0.178643 0.0598097
-0.702978  0.678715  0.212525  0.235679
-0.277299 0.0136054 -0.960687   2.06259
        0         0         0         1

-0.673969 -0.720591  0.162831  0.041122
-0.690076  0.692762  0.209467  0.259399
-0.263743 0.0288085 -0.964163   2.08643
        0         0         0         1

-0.698162 -0.700322  0.148723 0.0234141
-0.671424  0.712576  0.203532  0.288293
-0.248515 0.0422422 -0.967707   2.10894
        0         0         0         1

 -0.719117  -0.681015    0.13816 0.00557812
 -0.654533   0.730601   0.194446   0.318545
  -0.23336  0.0493989  -0.971135    2.12961
         0          0          0          1

 -0.753974  -0.647421   0.111217 -0.0336699
 -0.621445   0.757851   0.198665   0.367007
 -0.212906  0.0806732  -0.973737    2.18048
         0          0          0          1

 -0.778151  -0.620178  0.0992984 -0.0421301
 -0.596606   0.779282   0.191785   0.400783
 -0.196322  0.0899953  -0.976401     2.2066
         0          0          0          1

 -0.807211  -0.584782  0.0802532 -0.0425315
 -0.566441   0.805676   0.173294   0.446796
 -0.165997   0.094426  -0.981595    2.22829
         0          0          0          1

 -0.822413  -0.564027  0.0742314 -0.0575092
 -0.546438   0.819498   0.172713   0.475386
 -0.158247   0.101479  -0.982171     2.2504
         0          0          0          1

 -0.837178  -0.542768  0.0673423 -0.0750951
 -0.527603   0.833892   0.162048   0.504802
 -0.144111   0.100133  -0.984482    2.27203
         0          0          0          1

 -0.853359  -0.517401  0.0638394 -0.0864128
 -0.504171   0.850223   0.151436   0.536844
 -0.132631  0.0970432  -0.986403    2.29415
         0          0          0          1

 -0.899182  -0.435255  0.0449986 -0.0731577
 -0.428912   0.897069   0.106313   0.637874
-0.0866402  0.0762943  -0.993314    2.32513
         0          0          0          1

 -0.916852  -0.398185  0.0288379 -0.0621716
 -0.394059   0.914204  0.0945937   0.678043
-0.0640295  0.0753645  -0.995098    2.35422
         0          0          0          1

 -0.927527  -0.372949  0.0245695 -0.0683142
 -0.369523   0.924902  0.0894875   0.707708
-0.0560986   0.073923  -0.995685    2.38289
         0          0          0          1

 -0.939313  -0.342523  0.0192334 -0.0676863
   -0.3402   0.937237  0.0764901   0.747798
-0.0442259  0.0653049  -0.996885    2.40345
         0          0          0          1

  -0.965023   -0.262051 -0.00773033  -0.0350756
  -0.262155    0.964823   0.0197958    0.853641
  0.0022709   0.0211299   -0.999774      2.4172
          0           0           0           1

 -0.970916  -0.238862 -0.0163225    -0.0341
 -0.239175   0.970748  0.0210688   0.881465
 0.0108125  0.0243599  -0.999645    2.44727
         0          0          0          1

   -0.98061   -0.191456  -0.0418049 -0.00512315
  -0.191369    0.981499  -0.0061171     0.94085
  0.0422027  0.00200168   -0.999107     2.46041
          0           0           0           1

 -0.987774  -0.136888 -0.0745864  0.0415729
 -0.135694   0.990531 -0.0208796   0.998857
 0.0767382 -0.0105034  -0.996996    2.48241
         0          0          0          1

 -0.991506 -0.0843209 -0.0990195  0.0794909
-0.0787762   0.995166 -0.0586364      1.071
  0.103485 -0.0503379  -0.993356    2.46239
         0          0          0          1

