-0.542305 -0.489142  0.683114  0.345604
-0.798635 0.0475971 -0.599931   1.06132
 0.260937 -0.870904 -0.416458    1.9275
        0         0         0         1

-0.508795 -0.495654  0.703886  0.297802
-0.826576 0.0527291  -0.56035   1.01057
 0.240624 -0.866918 -0.436524   1.96476
        0         0         0         1

-0.508795 -0.495654  0.703886  0.297802
-0.826576 0.0527291  -0.56035   1.01057
 0.240624 -0.866918 -0.436524   1.96476
        0         0         0         1

-0.464811 -0.485586  0.740376  0.225782
-0.860015 0.0487716 -0.507933   0.95594
 0.210536 -0.872827 -0.440281   1.97378
        0         0         0         1

-0.464811 -0.485586  0.740376  0.225782
-0.860015 0.0487716 -0.507933   0.95594
 0.210536 -0.872827 -0.440281   1.97378
        0         0         0         1

 -0.45739 -0.485531  0.745019  0.218899
-0.868037  0.061801 -0.492638  0.927248
 0.193148 -0.872032 -0.449727   1.98558
        0         0         0         1

 -0.45739 -0.485531  0.745019  0.218899
-0.868037  0.061801 -0.492638  0.927248
 0.193148 -0.872032 -0.449727   1.98558
        0         0         0         1

-0.458115 -0.475029  0.751317  0.205546
-0.868554 0.0594443 -0.492016  0.912816
  0.18906  -0.87796 -0.439821   1.96667
        0         0         0         1

-0.458115 -0.475029  0.751317  0.205546
-0.868554 0.0594443 -0.492016  0.912816
  0.18906  -0.87796 -0.439821   1.96667
        0         0         0         1

-0.445007 -0.463598  0.766189  0.167283
 -0.87986 0.0670053 -0.470485  0.870938
 0.166777 -0.883508 -0.437719   1.96262
        0         0         0         1

-0.445007 -0.463598  0.766189  0.167283
 -0.87986 0.0670053 -0.470485  0.870938
 0.166777 -0.883508 -0.437719   1.96262
        0         0         0         1

-0.421011 -0.462511  0.780278   0.12771
-0.895905 0.0775655 -0.437422  0.833854
  0.14179 -0.883214 -0.447022   1.96754
        0         0         0         1

-0.421011 -0.462511  0.780278   0.12771
-0.895905 0.0775655 -0.437422  0.833854
  0.14179 -0.883214 -0.447022   1.96754
        0         0         0         1

-0.394377 -0.454018  0.798958 0.0831259
-0.913499 0.0991429 -0.394577  0.787015
0.0999337 -0.885459 -0.453844   1.96035
        0         0         0         1

-0.394377 -0.454018  0.798958 0.0831259
-0.913499 0.0991429 -0.394577  0.787015
0.0999337 -0.885459 -0.453844   1.96035
        0         0         0         1

-0.377711 -0.444854  0.812059  0.048353
-0.923009  0.111369 -0.368308  0.757125
0.0734046 -0.888652  -0.45267    1.9443
        0         0         0         1

-0.377711 -0.444854  0.812059  0.048353
-0.923009  0.111369 -0.368308  0.757125
0.0734046 -0.888652  -0.45267    1.9443
        0         0         0         1

-0.382325  -0.44395  0.810392 0.0440698
-0.922245  0.128874 -0.364495  0.743072
0.0573794 -0.886736 -0.458702   1.93021
        0         0         0         1

-0.382325  -0.44395  0.810392 0.0440698
-0.922245  0.128874 -0.364495  0.743072
0.0573794 -0.886736 -0.458702   1.93021
        0         0         0         1

  -0.349828    -0.45055    0.821356 -0.00858206
  -0.936696    0.154333   -0.314295    0.690805
  0.0148429    -0.87931   -0.476019     1.91537
          0           0           0           1

  -0.349828    -0.45055    0.821356 -0.00858206
  -0.936696    0.154333   -0.314295    0.690805
  0.0148429    -0.87931   -0.476019     1.91537
          0           0           0           1

 -0.342617  -0.457808   0.820381 -0.0181679
 -0.939473   0.165148  -0.300193    0.67858
0.00194655  -0.873577  -0.486681    1.91348
         0          0          0          1

 -0.358629  -0.457692   0.813574 -0.0193869
  -0.93348   0.175463  -0.312774   0.673996
0.000401723  -0.871625  -0.490173    1.88597
         0          0          0          1

 -0.354302  -0.464873   0.811395 -0.0296236
 -0.935036   0.188476  -0.300308   0.656144
-0.0133234  -0.865084  -0.501451    1.87504
         0          0          0          1

 -0.354302  -0.464873   0.811395 -0.0296236
 -0.935036   0.188476  -0.300308   0.656144
-0.0133234  -0.865084  -0.501451    1.87504
         0          0          0          1

 -0.340675  -0.459716   0.820123 -0.0581108
 -0.939457    0.20068  -0.277756   0.627706
 -0.036894  -0.865095   -0.50025     1.8597
         0          0          0          1

 -0.340675  -0.459716   0.820123 -0.0581108
 -0.939457    0.20068  -0.277756   0.627706
 -0.036894  -0.865095   -0.50025     1.8597
         0          0          0          1

 -0.322251  -0.460252   0.827238 -0.0835681
 -0.944441   0.216032  -0.247714   0.598121
-0.0646989  -0.861103  -0.504297    1.84401
         0          0          0          1

 -0.322251  -0.460252   0.827238 -0.0835681
 -0.944441   0.216032  -0.247714   0.598121
-0.0646989  -0.861103  -0.504297    1.84401
         0          0          0          1

-0.304232  -0.44883  0.840235 -0.102408
-0.945847  0.247154 -0.210448  0.574793
-0.113212 -0.858759 -0.499717   1.81708
        0         0         0         1

-0.304232  -0.44883  0.840235 -0.102408
-0.945847  0.247154 -0.210448  0.574793
-0.113212 -0.858759 -0.499717   1.81708
        0         0         0         1

-0.292443 -0.443455  0.847245 -0.113484
-0.944292  0.273777 -0.182643   0.56207
-0.150963  -0.85346 -0.498816    1.7959
        0         0         0         1

-0.292443 -0.443455  0.847245 -0.113484
-0.944292  0.273777 -0.182643   0.56207
-0.150963  -0.85346 -0.498816    1.7959
        0         0         0         1

-0.276659 -0.436558  0.856082 -0.124212
-0.936247  0.323217 -0.137742  0.543579
-0.216568 -0.839612 -0.498147   1.77984
        0         0         0         1

-0.276659 -0.436558  0.856082 -0.124212
-0.936247  0.323217 -0.137742  0.543579
-0.216568 -0.839612 -0.498147   1.77984
        0         0         0         1

 -0.26399 -0.424237  0.866217 -0.139761
-0.932267  0.342551 -0.116353  0.527384
-0.247362 -0.838261 -0.485932   1.75546
        0         0         0         1

 -0.26399 -0.424237  0.866217 -0.139761
-0.932267  0.342551 -0.116353  0.527384
-0.247362 -0.838261 -0.485932   1.75546
        0         0         0         1

 -0.254515  -0.418887    0.87164  -0.156177
 -0.926907   0.362714 -0.0963421   0.513031
   -0.2758  -0.832449  -0.480585    1.73224
         0          0          0          1

 -0.254515  -0.418887    0.87164  -0.156177
 -0.926907   0.362714 -0.0963421   0.513031
   -0.2758  -0.832449  -0.480585    1.73224
         0          0          0          1

 -0.249068  -0.418261   0.873512  -0.175936
 -0.910919   0.407495 -0.0646149   0.491565
 -0.328925  -0.811792  -0.482496    1.71581
         0          0          0          1

 -0.249068  -0.418261   0.873512  -0.175936
 -0.910919   0.407495 -0.0646149   0.491565
 -0.328925  -0.811792  -0.482496    1.71581
         0          0          0          1

-0.245108 -0.406489  0.880164 -0.177062
-0.902422   0.42747 -0.053887  0.490848
-0.354339 -0.807488 -0.471601   1.69141
        0         0         0         1

-0.245108 -0.406489  0.880164 -0.177062
-0.902422   0.42747 -0.053887  0.490848
-0.354339 -0.807488 -0.471601   1.69141
        0         0         0         1

 -0.227487  -0.398614   0.888457  -0.190454
 -0.885193   0.464872 -0.0180821   0.476798
 -0.405811   -0.79057  -0.458603    1.66787
         0          0          0          1

 -0.227487  -0.398614   0.888457  -0.190454
 -0.885193   0.464872 -0.0180821   0.476798
 -0.405811   -0.79057  -0.458603    1.66787
         0          0          0          1

   -0.22484   -0.391227    0.892406   -0.193961
   -0.87229    0.488959 -0.00541438    0.473722
  -0.434232   -0.779654   -0.451201     1.65048
          0           0           0           1

   -0.22484   -0.391227    0.892406   -0.193961
   -0.87229    0.488959 -0.00541438    0.473722
  -0.434232   -0.779654   -0.451201     1.65048
          0           0           0           1

 -0.217113  -0.381666   0.898439  -0.200047
 -0.864599   0.502442 0.00450735   0.468779
 -0.453134  -0.775811  -0.439074    1.62996
         0          0          0          1

 -0.217113  -0.381666   0.898439  -0.200047
 -0.864599   0.502442 0.00450735   0.468779
 -0.453134  -0.775811  -0.439074    1.62996
         0          0          0          1

  -0.21358  -0.362466   0.907195   -0.20297
 -0.851141   0.524854 0.00931956   0.463628
 -0.479523   -0.77016  -0.420608    1.60974
         0          0          0          1

  -0.21358  -0.362466   0.907195   -0.20297
 -0.851141   0.524854 0.00931956   0.463628
 -0.479523   -0.77016  -0.420608    1.60974
         0          0          0          1

 -0.211551  -0.348931   0.912959  -0.204207
 -0.843542   0.536974 0.00976433   0.464072
 -0.493642  -0.768053  -0.407935     1.5964
         0          0          0          1

 -0.211551  -0.348931   0.912959  -0.204207
 -0.843542   0.536974 0.00976433   0.464072
 -0.493642  -0.768053  -0.407935     1.5964
         0          0          0          1

-0.189324 -0.334513  0.923178 -0.214288
-0.835778  0.548389 0.0273088  0.454979
-0.515395 -0.766401 -0.383402   1.57868
        0         0         0         1

-0.189324 -0.334513  0.923178 -0.214288
-0.835778  0.548389 0.0273088  0.454979
-0.515395 -0.766401 -0.383402   1.57868
        0         0         0         1

-0.194127 -0.323939  0.925947 -0.216882
-0.831155  0.555676 0.0201477  0.452956
-0.521053 -0.765694 -0.377115   1.56954
        0         0         0         1

-0.194127 -0.323939  0.925947 -0.216882
-0.831155  0.555676 0.0201477  0.452956
-0.521053 -0.765694 -0.377115   1.56954
        0         0         0         1

 -0.200314  -0.306408   0.930585  -0.212459
 -0.826873   0.562344 0.00717026    0.45636
 -0.525506  -0.768039  -0.366006     1.5568
         0          0          0          1

 -0.200314  -0.306408   0.930585  -0.212459
 -0.826873   0.562344 0.00717026    0.45636
 -0.525506  -0.768039  -0.366006     1.5568
         0          0          0          1

  -0.206633   -0.288213    0.935006   -0.214228
  -0.819256    0.573412 -0.00429983    0.453254
  -0.534905   -0.766897   -0.354606     1.54769
          0           0           0           1

  -0.206633   -0.288213    0.935006   -0.214228
  -0.819256    0.573412 -0.00429983    0.453254
  -0.534905   -0.766897   -0.354606     1.54769
          0           0           0           1

  -0.200174   -0.279322      0.9391   -0.216664
  -0.814909    0.579588 -0.00131167     0.45137
  -0.543925   -0.765543   -0.343641     1.53776
          0           0           0           1

  -0.200174   -0.279322      0.9391   -0.216664
  -0.814909    0.579588 -0.00131167     0.45137
  -0.543925   -0.765543   -0.343641     1.53776
          0           0           0           1

-0.182893 -0.265342  0.946649 -0.220049
-0.809411  0.587185 0.0082073  0.447658
-0.558036 -0.764727 -0.322163    1.5234
        0         0         0         1

-0.182893 -0.265342  0.946649 -0.220049
-0.809411  0.587185 0.0082073  0.447658
-0.558036 -0.764727 -0.322163    1.5234
        0         0         0         1

-0.168874 -0.249497  0.953537 -0.217437
-0.807375  0.589929 0.0113694   0.44842
-0.565356 -0.767942 -0.301061   1.50956
        0         0         0         1

-0.168874 -0.249497  0.953537 -0.217437
-0.807375  0.589929 0.0113694   0.44842
-0.565356 -0.767942 -0.301061   1.50956
        0         0         0         1

-0.151981 -0.247346  0.956934 -0.226222
-0.805381  0.592223  0.025165  0.439819
-0.572943 -0.766871 -0.289214   1.50885
        0         0         0         1

-0.151981 -0.247346  0.956934 -0.226222
-0.805381  0.592223  0.025165  0.439819
-0.572943 -0.766871 -0.289214   1.50885
        0         0         0         1

-0.133847 -0.230574  0.963805 -0.228242
-0.806881  0.589997 0.0290924  0.441157
 -0.57535 -0.773782 -0.265016   1.49308
        0         0         0         1

-0.133847 -0.230574  0.963805 -0.228242
-0.806881  0.589997 0.0290924  0.441157
 -0.57535 -0.773782 -0.265016   1.49308
        0         0         0         1

-0.112926 -0.231573  0.966241 -0.238531
-0.805504  0.590689 0.0474264  0.430183
-0.581731 -0.772956 -0.253237   1.48976
        0         0         0         1

-0.112926 -0.231573  0.966241 -0.238531
-0.805504  0.590689 0.0474264  0.430183
-0.581731 -0.772956 -0.253237   1.48976
        0         0         0         1

-0.121396 -0.227714  0.966131  -0.23271
-0.804404  0.592824 0.0386517  0.435699
-0.581547 -0.772468 -0.255141   1.48376
        0         0         0         1

-0.121396 -0.227714  0.966131  -0.23271
-0.804404  0.592824 0.0386517  0.435699
-0.581547 -0.772468 -0.255141   1.48376
        0         0         0         1

-0.118809 -0.231853  0.965468 -0.236108
-0.805324  0.591281  0.042892  0.434654
-0.580807 -0.772419 -0.256967   1.47841
        0         0         0         1

-0.118809 -0.231853  0.965468 -0.236108
-0.805324  0.591281  0.042892  0.434654
-0.580807 -0.772419 -0.256967   1.47841
        0         0         0         1

 -0.11274 -0.233982  0.965682 -0.240662
-0.804884  0.591379 0.0493225  0.430469
-0.582625 -0.771701    -0.255   1.47335
        0         0         0         1

 -0.11274 -0.233982  0.965682 -0.240662
-0.804884  0.591379 0.0493225  0.430469
-0.582625 -0.771701    -0.255   1.47335
        0         0         0         1

-0.118684 -0.220475  0.968145 -0.234266
-0.805046   0.59211 0.0361509  0.437865
-0.581218 -0.775111 -0.247767   1.46607
        0         0         0         1

-0.118684 -0.220475  0.968145 -0.234266
-0.805046   0.59211 0.0361509  0.437865
-0.581218 -0.775111 -0.247767   1.46607
        0         0         0         1

-0.114952 -0.221092  0.968455 -0.237427
-0.805582  0.591176 0.0393422  0.435505
-0.581225 -0.775647 -0.246065   1.46468
        0         0         0         1

-0.114952 -0.221092  0.968455 -0.237427
-0.805582  0.591176 0.0393422  0.435505
-0.581225 -0.775647 -0.246065   1.46468
        0         0         0         1

 -0.10674 -0.212135  0.971393 -0.238832
-0.808485  0.587196 0.0393943  0.434082
-0.578755 -0.781152 -0.234186   1.45985
        0         0         0         1

 -0.10674 -0.212135  0.971393 -0.238832
-0.808485  0.587196 0.0393943  0.434082
-0.578755 -0.781152 -0.234186   1.45985
        0         0         0         1

-0.100702 -0.212285  0.972005 -0.239729
-0.810554   0.58404 0.0435788  0.431945
-0.576941 -0.783474 -0.230883   1.46148
        0         0         0         1

-0.100702 -0.212285  0.972005 -0.239729
-0.810554   0.58404 0.0435788  0.431945
-0.576941 -0.783474 -0.230883   1.46148
        0         0         0         1

-0.0909447 -0.215732  0.972208 -0.240635
-0.813028  0.579842 0.0526123  0.430115
-0.575078 -0.785648  -0.22813   1.46488
        0         0         0         1

-0.0909447 -0.215732  0.972208 -0.240635
-0.813028  0.579842 0.0526123  0.430115
-0.575078 -0.785648  -0.22813   1.46488
        0         0         0         1

-0.071846 -0.217447  0.973424 -0.234811
-0.823244   0.56393  0.065211  0.432114
-0.563123 -0.796681 -0.219528   1.46924
        0         0         0         1

-0.071846 -0.217447  0.973424 -0.234811
-0.823244   0.56393  0.065211  0.432114
-0.563123 -0.796681 -0.219528   1.46924
        0         0         0         1

-0.052699 -0.222738  0.973453 -0.229911
-0.833397  0.546853 0.0800098  0.433457
-0.550157 -0.807056 -0.214448   1.47121
        0         0         0         1

-0.052699 -0.222738  0.973453 -0.229911
-0.833397  0.546853 0.0800098  0.433457
-0.550157 -0.807056 -0.214448   1.47121
        0         0         0         1

-0.0124579 -0.238185   0.97114 -0.223199
-0.845467  0.521064  0.116952  0.432228
-0.533882  -0.81961 -0.207869   1.48092
        0         0         0         1

-0.0124579 -0.238185   0.97114 -0.223199
-0.845467  0.521064  0.116952  0.432228
-0.533882  -0.81961 -0.207869   1.48092
        0         0         0         1

0.0162098 -0.257811  0.966059 -0.213769
-0.850819   0.50396  0.148767  0.433666
-0.525209 -0.824353 -0.211181   1.50044
        0         0         0         1

0.0162098 -0.257811  0.966059 -0.213769
-0.850819   0.50396  0.148767  0.433666
-0.525209 -0.824353 -0.211181   1.50044
        0         0         0         1

0.0254865  -0.27124  0.962174 -0.193878
-0.862581  0.480513  0.158307  0.443691
-0.505276 -0.833988  -0.22172   1.51874
        0         0         0         1

0.0254865  -0.27124  0.962174 -0.193878
-0.862581  0.480513  0.158307  0.443691
-0.505276 -0.833988  -0.22172   1.51874
        0         0         0         1

0.0508075 -0.299544  0.952729 -0.181953
-0.880964  0.435927  0.184039  0.443186
-0.470448  -0.84867 -0.241739    1.5401
        0         0         0         1

0.0508075 -0.299544  0.952729 -0.181953
-0.880964  0.435927  0.184039  0.443186
-0.470448  -0.84867 -0.241739    1.5401
        0         0         0         1

0.0636644 -0.325275  0.943474 -0.174325
-0.891403  0.406542  0.200312  0.440096
-0.448718 -0.853768 -0.264069   1.56438
        0         0         0         1

0.0636644 -0.325275  0.943474 -0.174325
-0.891403  0.406542  0.200312  0.440096
-0.448718 -0.853768 -0.264069   1.56438
        0         0         0         1

 0.083449 -0.345871  0.934564  -0.15166
-0.915208  0.344432  0.209191  0.447464
-0.394247 -0.872777 -0.287802    1.5884
        0         0         0         1

 0.083449 -0.345871  0.934564  -0.15166
-0.915208  0.344432  0.209191  0.447464
-0.394247 -0.872777 -0.287802    1.5884
        0         0         0         1

0.0795033  -0.35888  0.929991 -0.126446
-0.931144  0.306332  0.197814  0.458624
-0.355878 -0.881683 -0.309815   1.61157
        0         0         0         1

0.0795033  -0.35888  0.929991 -0.126446
-0.931144  0.306332  0.197814  0.458624
-0.355878 -0.881683 -0.309815   1.61157
        0         0         0         1

 0.087568 -0.382892  0.919633 -0.117352
-0.944459   0.26163  0.198862  0.452408
-0.316747  -0.88597 -0.338716   1.64362
        0         0         0         1

 0.087568 -0.382892  0.919633 -0.117352
-0.944459   0.26163  0.198862  0.452408
-0.316747  -0.88597 -0.338716   1.64362
        0         0         0         1

0.0762482 -0.389882  0.917703  -0.08789
-0.968207  0.190965  0.161575  0.460525
-0.238245 -0.900846 -0.362926   1.67728
        0         0         0         1

0.0762482 -0.389882  0.917703  -0.08789
-0.968207  0.190965  0.161575  0.460525
-0.238245 -0.900846 -0.362926   1.67728
        0         0         0         1

 0.0811148  -0.399399   0.913182 -0.0664053
 -0.975269   0.157186   0.155378   0.461981
 -0.205597  -0.903201  -0.376772    1.70289
         0          0          0          1

 0.0811148  -0.399399   0.913182 -0.0664053
 -0.975269   0.157186   0.155378   0.461981
 -0.205597  -0.903201  -0.376772    1.70289
         0          0          0          1

  0.120641  -0.413515   0.902469 -0.0400326
 -0.977965   0.106525   0.179543   0.454602
  -0.17038  -0.904244  -0.391553    1.73871
         0          0          0          1

  0.120641  -0.413515   0.902469 -0.0400326
 -0.977965   0.106525   0.179543   0.454602
  -0.17038  -0.904244  -0.391553    1.73871
         0          0          0          1

  0.148036  -0.417494    0.89654 -0.0114889
 -0.976296  0.0830435   0.199877   0.456014
 -0.157899  -0.904877  -0.395304     1.7646
         0          0          0          1

  0.148036  -0.417494    0.89654 -0.0114889
 -0.976296  0.0830435   0.199877   0.456014
 -0.157899  -0.904877  -0.395304     1.7646
         0          0          0          1

 0.165607 -0.421748  0.891461 0.0158957
-0.975765 0.0610261  0.210139  0.455537
-0.143028 -0.904657 -0.401421   1.78956
        0         0         0         1

 0.165607 -0.421748  0.891461 0.0158957
-0.975765 0.0610261  0.210139  0.455537
-0.143028 -0.904657 -0.401421   1.78956
        0         0         0         1

 0.207658 -0.411615  0.887385  0.044535
-0.970992 0.0231998  0.237984   0.44338
-0.118545 -0.911063 -0.394857   1.81921
        0         0         0         1

 0.207658 -0.411615  0.887385  0.044535
-0.970992 0.0231998  0.237984   0.44338
-0.118545 -0.911063 -0.394857   1.81921
        0         0         0         1

  0.227475  -0.405514   0.885333  0.0646104
 -0.968302 0.00214059   0.249773   0.436361
 -0.103182  -0.914086  -0.392173    1.83771
         0          0          0          1

  0.227475  -0.405514   0.885333  0.0646104
 -0.968302 0.00214059   0.249773   0.436361
 -0.103182  -0.914086  -0.392173    1.83771
         0          0          0          1

  0.246589  -0.405463   0.880223  0.0938335
 -0.965245 -0.0216103   0.260453   0.432951
-0.0865822  -0.913856    -0.3967    1.85388
         0          0          0          1

  0.246589  -0.405463   0.880223  0.0938335
 -0.965245 -0.0216103   0.260453   0.432951
-0.0865822  -0.913856    -0.3967    1.85388
         0          0          0          1

   0.27883  -0.403693    0.87137   0.136478
  -0.95776 -0.0504176   0.283116   0.423449
-0.0703596  -0.913504  -0.400699    1.88183
         0          0          0          1

   0.27883  -0.403693    0.87137   0.136478
  -0.95776 -0.0504176   0.283116   0.423449
-0.0703596  -0.913504  -0.400699    1.88183
         0          0          0          1

   0.30289  -0.400115   0.864966   0.157392
 -0.951113 -0.0694428   0.300934   0.409534
-0.0603426   -0.91383  -0.401588    1.90022
         0          0          0          1

   0.30289  -0.400115   0.864966   0.157392
 -0.951113 -0.0694428   0.300934   0.409534
-0.0603426   -0.91383  -0.401588    1.90022
         0          0          0          1

   0.29945  -0.388771   0.871313   0.196276
 -0.953477 -0.0886126   0.288149   0.393892
-0.0348146  -0.917063  -0.397219    1.92287
         0          0          0          1

   0.29945  -0.388771   0.871313   0.196276
 -0.953477 -0.0886126   0.288149   0.393892
-0.0348146  -0.917063  -0.397219    1.92287
         0          0          0          1

  0.289459  -0.389614   0.874308   0.226566
 -0.956923 -0.0962035    0.27394   0.383561
-0.0226192   -0.91594  -0.400678    1.94018
         0          0          0          1

  0.289459  -0.389614   0.874308   0.226566
 -0.956923 -0.0962035    0.27394   0.383561
-0.0226192   -0.91594  -0.400678    1.94018
         0          0          0          1

 0.291837 -0.382258  0.876761  0.253406
 -0.95645 -0.110921  0.270001  0.372145
-0.00595858 -0.917374 -0.397981   1.94948
        0         0         0         1

 0.291837 -0.382258  0.876761  0.253406
 -0.95645 -0.110921  0.270001  0.372145
-0.00595858 -0.917374 -0.397981   1.94948
        0         0         0         1

 0.315111 -0.376291  0.871269  0.299404
-0.949032 -0.118521  0.292048  0.352184
-0.00663103 -0.918889  -0.39446    1.9699
        0         0         0         1

 0.315111 -0.376291  0.871269  0.299404
-0.949032 -0.118521  0.292048  0.352184
-0.00663103 -0.918889  -0.39446    1.9699
        0         0         0         1

 0.333981 -0.367542  0.867969  0.325152
 -0.94256 -0.124274  0.310059  0.338204
-0.00609367 -0.921666 -0.387936   1.97702
        0         0         0         1

 0.333981 -0.367542  0.867969  0.325152
 -0.94256 -0.124274  0.310059  0.338204
-0.00609367 -0.921666 -0.387936   1.97702
        0         0         0         1

 0.346026 -0.361315  0.865862  0.372333
-0.938211 -0.128223  0.321432  0.317929
-0.00511485 -0.923586 -0.383358   1.99088
        0         0         0         1

 0.346026 -0.361315  0.865862  0.372333
-0.938211 -0.128223  0.321432  0.317929
-0.00511485 -0.923586 -0.383358   1.99088
        0         0         0         1

 0.336709  -0.36213  0.869189  0.403126
-0.941607 -0.127972  0.311446  0.302862
-0.00155216 -0.923301 -0.384074   2.00127
        0         0         0         1

 0.336709  -0.36213  0.869189  0.403126
-0.941607 -0.127972  0.311446  0.302862
-0.00155216 -0.923301 -0.384074   2.00127
        0         0         0         1

 0.326312 -0.362538  0.872976  0.425625
-0.945223 -0.133495  0.297878  0.286403
0.00854584 -0.922358 -0.386241   2.00501
        0         0         0         1

 0.326312 -0.362538  0.872976  0.425625
-0.945223 -0.133495  0.297878  0.286403
0.00854584 -0.922358 -0.386241   2.00501
        0         0         0         1

 0.329962 -0.367313  0.869601  0.472494
-0.943925 -0.139552  0.299218   0.26269
0.0114475 -0.919569 -0.392763     2.013
        0         0         0         1

 0.329962 -0.367313  0.869601  0.472494
-0.943925 -0.139552  0.299218   0.26269
0.0114475 -0.919569 -0.392763     2.013
        0         0         0         1

 0.341809 -0.369365  0.864139  0.507551
-0.939713 -0.144418  0.309973   0.24866
0.0103037 -0.917994 -0.396461   2.01534
        0         0         0         1

 0.341809 -0.369365  0.864139  0.507551
-0.939713 -0.144418  0.309973   0.24866
0.0103037 -0.917994 -0.396461   2.01534
        0         0         0         1

 0.355141 -0.365317  0.860476  0.556241
-0.934807 -0.142111  0.325485  0.225137
0.00337821 -0.919972  -0.39197   2.01744
        0         0         0         1

 0.355141 -0.365317  0.860476  0.556241
-0.934807 -0.142111  0.325485  0.225137
0.00337821 -0.919972  -0.39197   2.01744
        0         0         0         1

 0.358317 -0.360143  0.861339  0.585539
-0.933595  -0.13521  0.331842   0.20901
-0.00304939 -0.923047 -0.384676   2.01663
        0         0         0         1

 0.358317 -0.360143  0.861339  0.585539
-0.933595  -0.13521  0.331842   0.20901
-0.00304939 -0.923047 -0.384676   2.01663
        0         0         0         1

 0.361404 -0.355462  0.861994  0.628753
-0.932247 -0.120504  0.341166  0.183892
-0.0173978  -0.92689 -0.374929   2.01526
        0         0         0         1

 0.361404 -0.355462  0.861994  0.628753
-0.932247 -0.120504  0.341166  0.183892
-0.0173978  -0.92689 -0.374929   2.01526
        0         0         0         1

 0.362285 -0.356774  0.861082  0.659824
-0.931723 -0.113529  0.344968   0.16937
-0.0253182 -0.927267 -0.373544   2.01149
        0         0         0         1

 0.362285 -0.356774  0.861082  0.659824
-0.931723 -0.113529  0.344968   0.16937
-0.0253182 -0.927267 -0.373544   2.01149
        0         0         0         1

 0.362978 -0.359864  0.859503  0.691569
-0.931233 -0.107994  0.348055  0.155318
-0.0324311 -0.926734 -0.374317   2.00722
        0         0         0         1

 0.362978 -0.359864  0.859503  0.691569
-0.931233 -0.107994  0.348055  0.155318
-0.0324311 -0.926734 -0.374317   2.00722
        0         0         0         1

  0.361777  -0.363158   0.858623   0.738235
 -0.931171 -0.0961692    0.35167   0.134417
-0.0451384  -0.926751  -0.372954    1.99918
         0          0          0          1

  0.361777  -0.363158   0.858623   0.738235
 -0.931171 -0.0961692    0.35167   0.134417
-0.0451384  -0.926751  -0.372954    1.99918
         0          0          0          1

  0.359185  -0.360615   0.860781   0.765279
 -0.931916 -0.0889954   0.351585   0.120743
-0.0501811  -0.928459  -0.368029    1.99163
         0          0          0          1

  0.359185  -0.360615   0.860781   0.765279
 -0.931916 -0.0889954   0.351585   0.120743
-0.0501811  -0.928459  -0.368029    1.99163
         0          0          0          1

  0.352624  -0.363323   0.862353   0.794889
 -0.934064 -0.0811236   0.347768    0.10739
-0.0563952  -0.928124  -0.367974    1.98377
         0          0          0          1

  0.352624  -0.363323   0.862353   0.794889
 -0.934064 -0.0811236   0.347768    0.10739
-0.0563952  -0.928124  -0.367974    1.98377
         0          0          0          1

  0.334733  -0.366726   0.868024    0.83881
 -0.939987 -0.0652622   0.334911  0.0891743
-0.0661714  -0.928037  -0.366563    1.96901
         0          0          0          1

  0.334733  -0.366726   0.868024    0.83881
 -0.939987 -0.0652622   0.334911  0.0891743
-0.0661714  -0.928037  -0.366563    1.96901
         0          0          0          1

  0.330227  -0.365484   0.870271   0.866607
 -0.940588 -0.0502339   0.335813  0.0758613
-0.0790172  -0.929461  -0.360359    1.95941
         0          0          0          1

  0.330227  -0.365484   0.870271   0.866607
 -0.940588 -0.0502339   0.335813  0.0758613
-0.0790172  -0.929461  -0.360359    1.95941
         0          0          0          1

  0.327512   -0.36183    0.87282    0.90849
 -0.939958 -0.0309211   0.339886  0.0584189
-0.0959922  -0.931731  -0.350232    1.94082
         0          0          0          1

  0.327512   -0.36183    0.87282    0.90849
 -0.939958 -0.0309211   0.339886  0.0584189
-0.0959922  -0.931731  -0.350232    1.94082
         0          0          0          1

  0.329463  -0.360622   0.872586   0.935871
 -0.937931 -0.0189522   0.346303  0.0477312
 -0.108347   -0.93252  -0.344482    1.92608
         0          0          0          1

  0.329463  -0.360622   0.872586   0.935871
 -0.937931 -0.0189522   0.346303  0.0477312
 -0.108347   -0.93252  -0.344482    1.92608
         0          0          0          1

   0.328059   -0.356799    0.874684    0.963356
  -0.936861 -0.00417222    0.349677   0.0370396
  -0.121115   -0.934172    -0.33564     1.91077
          0           0           0           1

   0.328059   -0.356799    0.874684    0.963356
  -0.936861 -0.00417222    0.349677   0.0370396
  -0.121115   -0.934172    -0.33564     1.91077
          0           0           0           1

   0.3256 -0.354528  0.876524   1.00173
-0.935305 0.0150521  0.353523 0.0216311
-0.138527 -0.934924 -0.326691   1.88642
        0         0         0         1

   0.3256 -0.354528  0.876524   1.00173
-0.935305 0.0150521  0.353523 0.0216311
-0.138527 -0.934924 -0.326691   1.88642
        0         0         0         1

 0.324399 -0.354028  0.877171   1.02543
-0.933805 0.0280807  0.356678 0.0114865
-0.150906 -0.934813 -0.321484   1.87027
        0         0         0         1

 0.324399 -0.354028  0.877171   1.02543
-0.933805 0.0280807  0.356678 0.0114865
-0.150906 -0.934813 -0.321484   1.87027
        0         0         0         1

   0.326281   -0.361467    0.873431     1.06324
  -0.929861   0.0434367    0.365337 -0.00231326
  -0.169996   -0.931372   -0.321942     1.84431
          0           0           0           1

   0.326281   -0.361467    0.873431     1.06324
  -0.929861   0.0434367    0.365337 -0.00231326
  -0.169996   -0.931372   -0.321942     1.84431
          0           0           0           1

  0.323982  -0.366503   0.872188    1.08673
 -0.928831   0.051931   0.366845 -0.0108742
 -0.179743  -0.928966  -0.323595     1.8258
         0          0          0          1

  0.323982  -0.366503   0.872188    1.08673
 -0.928831   0.051931   0.366845 -0.0108742
 -0.179743  -0.928966  -0.323595     1.8258
         0          0          0          1

   0.32244  -0.365504   0.873177    1.10819
 -0.927745   0.061122   0.368176 -0.0191138
  -0.18794  -0.928801  -0.319387    1.80651
         0          0          0          1

   0.32244  -0.365504   0.873177    1.10819
 -0.927745   0.061122   0.368176 -0.0191138
  -0.18794  -0.928801  -0.319387    1.80651
         0          0          0          1

  0.316937  -0.361827   0.876717    1.13896
 -0.927338   0.075713   0.366485 -0.0313241
 -0.198983  -0.929166   -0.31154    1.77769
         0          0          0          1

  0.316937  -0.361827   0.876717    1.13896
 -0.927338   0.075713   0.366485 -0.0313241
 -0.198983  -0.929166   -0.31154    1.77769
         0          0          0          1

  0.313071  -0.363259   0.877513    1.15841
 -0.927083  0.0836799   0.365396 -0.0387664
 -0.206164  -0.927923  -0.310574    1.75755
         0          0          0          1

  0.313071  -0.363259   0.877513    1.15841
 -0.927083  0.0836799   0.365396 -0.0387664
 -0.206164  -0.927923  -0.310574    1.75755
         0          0          0          1

  0.306447   -0.37443   0.875153     1.1866
 -0.926273  0.0945488     0.3648 -0.0499101
 -0.219337  -0.922422   -0.31785     1.7274
         0          0          0          1

  0.306447   -0.37443   0.875153     1.1866
 -0.926273  0.0945488     0.3648 -0.0499101
 -0.219337  -0.922422   -0.31785     1.7274
         0          0          0          1

  0.302467  -0.382297   0.873134    1.20298
 -0.925217   0.102418   0.365353 -0.0573235
 -0.229098  -0.918346   -0.32273    1.70861
         0          0          0          1

  0.302467  -0.382297   0.873134    1.20298
 -0.925217   0.102418   0.365353 -0.0573235
 -0.229098  -0.918346   -0.32273    1.70861
         0          0          0          1

  0.294149  -0.388615   0.873187    1.21843
 -0.925905   0.110695   0.361174 -0.0643789
 -0.237015  -0.914727  -0.327259    1.68982
         0          0          0          1

  0.294149  -0.388615   0.873187    1.21843
 -0.925905   0.110695   0.361174 -0.0643789
 -0.237015  -0.914727  -0.327259    1.68982
         0          0          0          1

  0.277062  -0.395792   0.875549    1.24029
 -0.928655   0.123607   0.349744 -0.0742359
  -0.24665  -0.909984  -0.333307    1.66258
         0          0          0          1

  0.277062  -0.395792   0.875549    1.24029
 -0.928655   0.123607   0.349744 -0.0742359
  -0.24665  -0.909984  -0.333307    1.66258
         0          0          0          1

  0.265586  -0.403173   0.875737    1.25409
 -0.929503   0.134033   0.343598 -0.0807132
 -0.255907  -0.905255  -0.339154    1.64554
         0          0          0          1

  0.265586  -0.403173   0.875737    1.25409
 -0.929503   0.134033   0.343598 -0.0807132
 -0.255907  -0.905255  -0.339154    1.64554
         0          0          0          1

  0.246415  -0.407136     0.8795    1.27265
 -0.932371   0.148088    0.32978 -0.0890796
 -0.264509  -0.901283  -0.343111    1.62147
         0          0          0          1

  0.246415  -0.407136     0.8795    1.27265
 -0.932371   0.148088    0.32978 -0.0890796
 -0.264509  -0.901283  -0.343111    1.62147
         0          0          0          1

  0.238447  -0.401959   0.884066    1.28366
 -0.933169   0.157278     0.3232 -0.0940799
 -0.268957  -0.902049  -0.337594    1.60635
         0          0          0          1

  0.238447  -0.401959   0.884066    1.28366
 -0.933169   0.157278     0.3232 -0.0940799
 -0.268957  -0.902049  -0.337594    1.60635
         0          0          0          1

  0.224997  -0.404119   0.886602    1.29468
 -0.934144   0.169256    0.31421 -0.0991735
 -0.277041   -0.89891  -0.339424    1.59209
         0          0          0          1

  0.224997  -0.404119   0.886602    1.29468
 -0.934144   0.169256    0.31421 -0.0991735
 -0.277041   -0.89891  -0.339424    1.59209
         0          0          0          1

 0.213017 -0.404761  0.889265   1.30985
-0.934021  0.182762  0.306924 -0.106161
-0.286755 -0.895972 -0.339124   1.57187
        0         0         0         1

 0.213017 -0.404761  0.889265   1.30985
-0.934021  0.182762  0.306924 -0.106161
-0.286755 -0.895972 -0.339124   1.57187
        0         0         0         1

 0.217023  -0.40063  0.890166   1.31986
-0.930291  0.191383   0.31294 -0.111129
-0.295736 -0.896029 -0.331168   1.55964
        0         0         0         1

 0.217023  -0.40063  0.890166   1.31986
-0.930291  0.191383   0.31294 -0.111129
-0.295736 -0.896029 -0.331168   1.55964
        0         0         0         1

 0.208288  -0.39618  0.894236    1.3324
-0.931318  0.198949  0.305067 -0.117169
-0.298768  -0.89636 -0.327531   1.54276
        0         0         0         1

 0.208288  -0.39618  0.894236    1.3324
-0.931318  0.198949  0.305067 -0.117169
-0.298768  -0.89636 -0.327531   1.54276
        0         0         0         1

 0.200021 -0.393554  0.897277   1.34003
  -0.9326  0.204315  0.297509 -0.121081
-0.300413 -0.896309 -0.326162   1.53251
        0         0         0         1

 0.200021 -0.393554  0.897277   1.34003
  -0.9326  0.204315  0.297509 -0.121081
-0.300413 -0.896309 -0.326162   1.53251
        0         0         0         1

 0.190522   -0.3917  0.900151   1.34678
 -0.93374  0.210746  0.289337 -0.125011
-0.303037 -0.895632 -0.325594   1.52312
        0         0         0         1

 0.190522   -0.3917  0.900151   1.34678
 -0.93374  0.210746  0.289337 -0.125011
-0.303037 -0.895632 -0.325594   1.52312
        0         0         0         1

 0.185471 -0.388254  0.902695   1.35614
-0.933401  0.217565  0.285356 -0.130809
-0.307186 -0.895502 -0.322045   1.50959
        0         0         0         1

 0.185471 -0.388254  0.902695   1.35614
-0.933401  0.217565  0.285356 -0.130809
-0.307186 -0.895502 -0.322045   1.50959
        0         0         0         1

 0.187861 -0.381126  0.905235   1.36148
-0.932832  0.219275  0.285908 -0.134241
-0.307462 -0.898143 -0.314334   1.50136
        0         0         0         1

 0.187861 -0.381126  0.905235   1.36148
-0.932832  0.219275  0.285908 -0.134241
-0.307462 -0.898143 -0.314334   1.50136
        0         0         0         1

 0.177702 -0.381275  0.907222   1.36935
 -0.93571  0.220021   0.27575 -0.138812
-0.304745 -0.897897 -0.317665   1.49007
        0         0         0         1

 0.177702 -0.381275  0.907222   1.36935
 -0.93571  0.220021   0.27575 -0.138812
-0.304745 -0.897897 -0.317665   1.49007
        0         0         0         1

 0.176574 -0.386133  0.905385   1.37424
-0.935512  0.220132  0.276332 -0.141771
-0.306005 -0.895792 -0.322362   1.48346
        0         0         0         1

 0.176574 -0.386133  0.905385   1.37424
-0.935512  0.220132  0.276332 -0.141771
-0.306005 -0.895792 -0.322362   1.48346
        0         0         0         1

  0.17187 -0.391277  0.904081    1.3781
-0.935746  0.222052  0.273991 -0.144144
 -0.30796 -0.893082 -0.327972    1.4777
        0         0         0         1

  0.17187 -0.391277  0.904081    1.3781
-0.935746  0.222052  0.273991 -0.144144
 -0.30796 -0.893082 -0.327972    1.4777
        0         0         0         1

 0.164394 -0.393721  0.904411   1.38316
-0.936417  0.225857  0.268535  -0.14746
-0.309996 -0.891051 -0.331558   1.46873
        0         0         0         1

 0.164394 -0.393721  0.904411   1.38316
-0.936417  0.225857  0.268535  -0.14746
-0.309996 -0.891051 -0.331558   1.46873
        0         0         0         1

 0.160612 -0.392227  0.905738   1.38619
-0.936593  0.228993  0.265248 -0.149418
-0.311445  -0.89091 -0.330578   1.46348
        0         0         0         1

 0.160612 -0.392227  0.905738   1.38619
-0.936593  0.228993  0.265248 -0.149418
-0.311445  -0.89091 -0.330578   1.46348
        0         0         0         1

 0.143666 -0.394246  0.907706   1.38978
 -0.94026  0.231699  0.249453 -0.151199
 -0.30866 -0.889317 -0.337407   1.45677
        0         0         0         1

 0.143666 -0.394246  0.907706   1.38978
 -0.94026  0.231699  0.249453 -0.151199
 -0.30866 -0.889317 -0.337407   1.45677
        0         0         0         1

 0.140851 -0.396292  0.907256   1.39176
-0.940503  0.232656  0.247638 -0.151853
-0.309215 -0.888158 -0.339944    1.4529
        0         0         0         1

 0.140851 -0.396292  0.907256   1.39176
-0.940503  0.232656  0.247638 -0.151853
-0.309215 -0.888158 -0.339944    1.4529
        0         0         0         1

 0.141867 -0.397234  0.906686   1.39427
 -0.93926  0.235152  0.249988 -0.152688
-0.312512 -0.887079 -0.339746    1.4489
        0         0         0         1

 0.141867 -0.397234  0.906686   1.39427
 -0.93926  0.235152  0.249988 -0.152688
-0.312512 -0.887079 -0.339746    1.4489
        0         0         0         1

  0.14955 -0.395738  0.906105   1.39726
-0.935411  0.240309  0.259342 -0.153494
-0.320377 -0.886365 -0.334239   1.44366
        0         0         0         1

  0.14955 -0.395738  0.906105   1.39726
-0.935411  0.240309  0.259342 -0.153494
-0.320377 -0.886365 -0.334239   1.44366
        0         0         0         1

 0.153866 -0.395444   0.90551   1.39894
-0.933193  0.243056  0.264715 -0.153664
-0.324769 -0.885747 -0.331628   1.44058
        0         0         0         1

