-0.0703174 -0.530066  0.845036  0.561524
-0.691967 -0.584252 -0.424065   1.02025
 0.718496 -0.614556 -0.325706   2.14628
        0         0         0         1

-0.0573718 -0.512714   0.85664   0.54238
-0.704138 -0.587502 -0.398788  0.991969
 0.707742 -0.626072 -0.327315   2.16246
        0         0         0         1

-0.0492341 -0.498275   0.86562  0.530188
-0.715753 -0.586868 -0.378527  0.968014
 0.696616 -0.638207 -0.327748   2.17444
        0         0         0         1

-0.0464258 -0.493234  0.868657  0.528911
-0.720599 -0.585695 -0.371077  0.947774
 0.691796 -0.643181 -0.328233   2.18246
        0         0         0         1

-0.043308 -0.487759  0.871904  0.524275
-0.716177  -0.59333 -0.367492  0.937191
 0.696574 -0.640352 -0.323626   2.17205
        0         0         0         1

-0.0293813 -0.447374  0.893864  0.478296
-0.733839 -0.597525 -0.323179  0.885477
 0.678688 -0.665447 -0.310745   2.18716
        0         0         0         1

-0.0268232  -0.44533  0.894965  0.476504
-0.743721 -0.589334 -0.315539  0.863384
 0.667952 -0.674068 -0.315393   2.19931
        0         0         0         1

-0.0247146 -0.438137  0.898569  0.465615
-0.750887 -0.585253 -0.306019  0.841383
 0.659968 -0.682287 -0.314527   2.20181
        0         0         0         1

-0.0270297 -0.426145  0.904251  0.453767
-0.753714 -0.585519 -0.298466  0.825043
 0.656646 -0.689614 -0.305365   2.20087
        0         0         0         1

-0.0194135 -0.394455   0.91871  0.417682
 -0.77878  -0.57028  -0.26131  0.769983
 0.626997 -0.720546 -0.296122   2.22164
        0         0         0         1

-0.0250658 -0.382056  0.923799  0.406221
-0.781837 -0.568377 -0.256278   0.75341
 0.622979 -0.728684 -0.284459   2.21841
        0         0         0         1

-0.0240717 -0.357098  0.933757  0.382143
-0.793183 -0.561706 -0.235262  0.725919
 0.608508 -0.746303 -0.269723   2.22194
        0         0         0         1

-0.0273591 -0.346293  0.937727  0.373735
-0.800156  -0.55469 -0.228187   0.70799
 0.599167 -0.756571 -0.261913   2.22173
        0         0         0         1

-0.0378653 -0.333342  0.942045  0.366078
 -0.80035 -0.554353 -0.228327   0.69408
 0.598336 -0.762612 -0.245799   2.21038
        0         0         0         1

-0.0404784 -0.320028  0.946543  0.351674
-0.807241 -0.547795 -0.219732  0.674225
 0.588832 -0.772983 -0.236166   2.21384
        0         0         0         1

 -0.10676 -0.282327  0.953359  0.317925
-0.820455 -0.516618 -0.244867  0.625594
 0.561655  -0.80833 -0.176482   2.21786
        0         0         0         1

-0.142197 -0.273959  0.951171  0.310127
-0.812466 -0.516588  -0.27025  0.614635
 0.565401 -0.811223 -0.149125   2.21205
        0         0         0         1

-0.163707 -0.242219  0.956311  0.287469
-0.811107 -0.518728 -0.270236  0.592089
 0.561521 -0.819909 -0.111546   2.20849
        0         0         0         1

-0.157432 -0.231429  0.960029  0.278153
-0.815213 -0.518217 -0.258608  0.580181
 0.557353 -0.823342  -0.10708   2.19691
        0         0         0         1

 -0.10137 -0.237342  0.966123  0.251762
-0.855926 -0.474166 -0.206293  0.531989
 0.507064 -0.847842 -0.155081   2.20325
        0         0         0         1

-0.0737015 -0.245624  0.966559  0.246391
-0.873732 -0.451349 -0.181321  0.509639
 0.480792 -0.857877 -0.181345   2.21187
        0         0         0         1

-0.0436972 -0.247286  0.967957  0.234675
-0.892433 -0.425839 -0.149078  0.483756
 0.449059 -0.870351 -0.202078   2.21598
        0         0         0         1

-0.0272959  -0.24587  0.968918  0.229731
 -0.90466 -0.406272  -0.12858   0.47326
 0.425258 -0.880052 -0.211339   2.20993
        0         0         0         1

-0.00601953  -0.238402   0.971148   0.215608
 -0.919398  -0.380629 -0.0991376   0.453191
  0.393282  -0.893468  -0.216895     2.2054
         0          0          0          1

0.00700182  -0.238064   0.971224   0.208708
 -0.929852  -0.358848 -0.0812565   0.439679
  0.367866  -0.902526  -0.223877    2.20054
         0          0          0          1

 0.0269463  -0.236057   0.971365   0.182078
 -0.950743  -0.306235 -0.0480458   0.399058
  0.308808  -0.922224  -0.232682    2.19343
         0          0          0          1

 0.0273275  -0.230981   0.972574    0.17077
 -0.954452  -0.295208 -0.0432918    0.38754
  0.297111  -0.927092  -0.228527    2.18209
         0          0          0          1

 0.0319084   -0.22192   0.974543   0.156375
 -0.959719  -0.279117 -0.0321368   0.368457
  0.279144  -0.934262  -0.221887    2.17419
         0          0          0          1

0.0324817 -0.218059  0.975395  0.148301
-0.963835 -0.265109 -0.027171  0.353132
 0.264511 -0.939238 -0.218784   2.17134
        0         0         0         1

 0.0204934  -0.211363   0.977193   0.137618
 -0.969091  -0.244542 -0.0325701   0.331769
  0.245849  -0.946322  -0.209842    2.14917
         0          0          0          1

 0.0192694  -0.207295   0.978089    0.13186
 -0.970187  -0.240261 -0.0318071   0.324554
   0.24159  -0.948316  -0.205745    2.13647
         0          0          0          1

 0.0269434  -0.203881   0.978625   0.121452
 -0.974403  -0.223933 -0.0198257   0.305445
  0.223189  -0.953041  -0.204695    2.13205
         0          0          0          1

0.0325492 -0.195548  0.980154  0.112664
-0.976951 -0.213225 -0.010097  0.292652
 0.210967 -0.957234 -0.197981   2.12308
        0         0         0         1

 0.0437395  -0.179621   0.982763  0.0998308
 -0.979833   -0.19969 0.00711155   0.277947
   0.19497  -0.963255  -0.184733    2.10776
         0          0          0          1

0.0567448 -0.174591  0.983005  0.090632
-0.982924 -0.182396 0.0243448  0.261607
 0.175046   -0.9676  -0.18196   2.10562
        0         0         0         1

0.0650616 -0.160195  0.984939 0.0775198
-0.986563 -0.158563 0.0393796  0.241003
 0.149866 -0.974267 -0.168358   2.07872
        0         0         0         1

0.0704042 -0.151668  0.985921 0.0681568
-0.988525 -0.143028 0.0485876  0.227591
 0.133645 -0.978029 -0.159997   2.07163
        0         0         0         1

0.0675133 -0.148272  0.986639 0.0637656
-0.991397 -0.121116 0.0496376  0.214797
 0.112138 -0.981502 -0.155173   2.06308
        0         0         0         1

 0.066686 -0.140669  0.987808 0.0547077
-0.992634 -0.109714 0.0513879  0.204833
 0.101148 -0.983959 -0.146949      2.05
        0         0         0         1

 0.0517581  -0.133732   0.989665   0.042111
 -0.996025 -0.0788523  0.0414355   0.187169
 0.0724961  -0.987875  -0.137282    2.02242
         0          0          0          1

0.0518031 -0.135563  0.989414 0.0343047
-0.997026 -0.063629 0.0434836  0.175098
0.0570606 -0.988723 -0.138456    2.0142
        0         0         0         1

 0.0439656  -0.138658   0.989364  0.0316083
 -0.998068 -0.0496224  0.0373979    0.16833
  0.043909  -0.989096  -0.140572    2.00173
         0          0          0          1

0.0500329 -0.136457  0.989382 0.0218994
-0.998389 -0.033377  0.045885  0.154651
0.0267612 -0.990084 -0.137907   1.99208
        0         0         0         1

  0.0504561   -0.129992     0.99023  0.00708419
  -0.998725 -0.00816567   0.0498169    0.135551
 0.00161011   -0.991481   -0.130238      1.9627
          0           0           0           1

 0.0497182  -0.129324   0.990355 0.00232162
 -0.998721 0.00265647  0.0504851   0.127289
-0.00915981  -0.991599  -0.129027    1.95217
         0          0          0          1

  0.0439483   -0.125473    0.991123 -0.00240445
  -0.998771   0.0172391   0.0464698    0.118443
 -0.0229168   -0.991947   -0.124561     1.93946
          0           0           0           1

  0.0384545   -0.126418    0.991231 -0.00592984
   -0.99879    0.025564   0.0420081    0.112318
 -0.0306505   -0.991648   -0.125282     1.92928
          0           0           0           1

 0.0293646  -0.121066    0.99221 -0.0100961
 -0.998839  0.0343772  0.0337554   0.105976
-0.0381961  -0.992049  -0.119916    1.91444
         0          0          0          1

 0.0280759  -0.116206   0.992828 -0.0167845
 -0.998653  0.0401004  0.0329342  0.0976159
-0.0436399  -0.992415  -0.114923    1.90157
         0          0          0          1

0.0246995 -0.109886  0.993637  -0.02735
-0.997439  0.064031 0.0318752 0.0804765
-0.0671262  -0.99188 -0.108023   1.87874
        0         0         0         1

 0.0303431  -0.109472   0.993527 -0.0326886
 -0.996582  0.0730974  0.0384907  0.0719214
-0.0768378  -0.991298   -0.10688    1.86918
         0          0          0          1

  0.032572  -0.105663   0.993868 -0.0382866
 -0.995793  0.0817848    0.04133  0.0648838
-0.0856504  -0.991033  -0.102555    1.85532
         0          0          0          1

 0.0370066  -0.104112   0.993877 -0.0421776
 -0.994747  0.0911497  0.0465873   0.058989
-0.0954419   -0.99038  -0.100192    1.84503
         0          0          0          1

  0.034117  -0.104979   0.993889 -0.0423738
 -0.994123  0.0986633  0.0445463  0.0559357
 -0.102737  -0.989568  -0.100996    1.83187
         0          0          0          1

 0.0401224  -0.110273   0.993091 -0.0478901
 -0.992702   0.108718  0.0521788  0.0471497
 -0.113721  -0.987937  -0.105107    1.82488
         0          0          0          1

 0.0462198  -0.115548   0.992226 -0.0532712
 -0.990132   0.126246  0.0608241  0.0372933
 -0.132293  -0.985246  -0.108573    1.80091
         0          0          0          1

 0.0509736  -0.118616   0.991631 -0.0555038
 -0.988301   0.136922  0.0671807  0.0328175
 -0.143745  -0.983454  -0.110249    1.79344
         0          0          0          1

 0.0563231  -0.119615   0.991221 -0.0584251
 -0.986373   0.147048  0.0737925  0.0282018
 -0.154583   -0.98187  -0.109703    1.78159
         0          0          0          1

0.0636407 -0.122729  0.990398 -0.061335
-0.984231  0.156401 0.0826256 0.0215381
 -0.16504 -0.980039  -0.11084   1.77456
        0         0         0         1

 0.0753713  -0.112353   0.990806 -0.0681043
 -0.981728   0.165747  0.0934758   0.015287
 -0.174725  -0.979747 -0.0978074    1.74677
         0          0          0          1

  0.077573  -0.107941   0.991126 -0.0688128
  -0.98033   0.172703  0.0955366  0.0130121
 -0.181482  -0.979042 -0.0924208    1.73918
         0          0          0          1

 0.0838547  -0.100273    0.99142 -0.0723839
 -0.978695   0.178835   0.100866 0.00711793
 -0.187415  -0.978756 -0.0831409    1.72964
         0          0          0          1

 0.0832824 -0.0931501   0.992163 -0.0720943
 -0.978065   0.183114  0.0992908 0.00672285
 -0.190928  -0.978669 -0.0758567     1.7228
         0          0          0          1

 0.0845087 -0.0803937   0.993174 -0.0741606
  -0.97742   0.187042  0.0983086 0.00371826
 -0.193668  -0.979057 -0.0627718    1.71141
         0          0          0          1

 0.0843393 -0.0672507   0.994165 -0.0760785
 -0.977623   0.187381  0.0956115 0.00259751
 -0.192718  -0.979982 -0.0499423    1.70008
         0          0          0          1

 0.0829335 -0.0502044    0.99529 -0.0776106
 -0.978081   0.187314  0.0909481 0.00124502
 -0.190998  -0.981016 -0.0335694    1.68306
         0          0          0          1

  0.0878965  -0.0424545    0.995225  -0.0813771
  -0.977489      0.1887   0.0943798 -0.00444979
  -0.191806   -0.981117  -0.0249128     1.67637
          0           0           0           1

  0.0885604  -0.0358657    0.995425  -0.0808383
  -0.977616    0.188349   0.0937624 -0.00546449
   -0.19085   -0.981447  -0.0183826     1.66956
          0           0           0           1

  0.0869792  -0.0297457    0.995766  -0.0801259
   -0.97825    0.186394   0.0910172 -0.00393121
  -0.188313   -0.982025  -0.0128863     1.66271
          0           0           0           1

  0.0922927  -0.0144618    0.995627  -0.0827169
  -0.978501    0.183894   0.0933762 -0.00680351
  -0.184441    -0.98284  0.00282123     1.64722
          0           0           0           1

  0.0915947  -0.0106331     0.99574  -0.0817198
  -0.978649    0.183808   0.0919854 -0.00702576
  -0.184003   -0.982905  0.00642976     1.64255
          0           0           0           1

  0.0938752 -0.00512885    0.995571  -0.0817968
  -0.978575    0.183578   0.0932184 -0.00895011
  -0.183243   -0.982992   0.0122144     1.63545
          0           0           0           1

  0.0929525 -0.00235777    0.995668  -0.0818174
  -0.978553    0.184414   0.0917914  -0.0101818
  -0.183832   -0.982846   0.0148346     1.63114
          0           0           0           1

   0.0888801 -0.000489542     0.996042   -0.0809878
   -0.979012     0.184088    0.0874509  -0.00955772
   -0.183402     -0.98291    0.0158825      1.62558
           0            0            0            1

  0.0865546 6.16011e-05    0.996247  -0.0793881
  -0.979201    0.184198   0.0850623 -0.00893527
  -0.183502   -0.982889   0.0160035     1.62041
          0           0           0           1

 0.0878584 0.00119483   0.996132 -0.0808905
 -0.978867   0.185481  0.0861132  -0.013042
 -0.184661  -0.982647  0.0174657    1.61258
         0          0          0          1

 0.0883073 0.00172395   0.996092 -0.0808714
 -0.978707   0.186175  0.0864439 -0.0138729
 -0.185298  -0.982515  0.0181278    1.60967
         0          0          0          1

 0.0869707 0.00465972     0.9962 -0.0800142
 -0.979091    0.18499  0.0846118 -0.0139053
 -0.183892  -0.982729   0.020651    1.60451
         0          0          0          1

  0.086359 0.00525135    0.99625 -0.0789435
 -0.979245   0.184492  0.0839125   -0.01421
 -0.183359   -0.98282  0.0210749    1.60269
         0          0          0          1

 0.0914355 0.00960666   0.995765 -0.0792456
 -0.979196    0.18277  0.0881508 -0.0182182
 -0.181149  -0.983109  0.0261184     1.5949
         0          0          0          1

 0.0930721  0.0113758   0.995594 -0.0793215
  -0.97937   0.181183  0.0894852 -0.0191443
 -0.179367  -0.983384  0.0280042    1.59297
         0          0          0          1

  0.094933  0.0126877   0.995403 -0.0791432
 -0.979342   0.180529  0.0911001 -0.0222999
 -0.178544  -0.983488  0.0295638    1.59176
         0          0          0          1

 0.0980581  0.0159565   0.995053 -0.0799606
 -0.979019   0.181012  0.0935753 -0.0248047
 -0.178623  -0.983351  0.0333714    1.58944
         0          0          0          1

 0.0980848  0.0216528   0.994942 -0.0787616
 -0.979491   0.178916  0.0926677 -0.0249487
 -0.176004  -0.983626  0.0387576    1.58559
         0          0          0          1

 0.0978619  0.0211179   0.994976 -0.0779315
 -0.979826   0.177099   0.092613 -0.0264943
 -0.174254  -0.983966  0.0380231    1.58464
         0          0          0          1

 0.0960632  0.0262493   0.995029 -0.0771387
  -0.98033   0.175644  0.0900106 -0.0280704
 -0.172408  -0.984104  0.0426059    1.57939
         0          0          0          1

  0.094645  0.0273339   0.995136 -0.0766902
  -0.98035   0.176353  0.0883947  -0.029376
 -0.173079  -0.983947  0.0434877    1.57916
         0          0          0          1

 0.0920121  0.0288785   0.995339 -0.0762447
 -0.980723   0.175673  0.0855641 -0.0303223
 -0.172383  -0.984025  0.0444858    1.57677
         0          0          0          1

 0.0905395  0.0307848   0.995417 -0.0765658
 -0.980639   0.177026  0.0837205 -0.0321775
 -0.173638  -0.983725  0.0462166    1.57639
         0          0          0          1

 0.0903904     0.0411   0.995058 -0.0785824
 -0.980425   0.179162   0.081661 -0.0371049
  -0.17492  -0.982961  0.0564899    1.57243
         0          0          0          1

 0.0893391  0.0463691   0.994921 -0.0791121
 -0.980374   0.180352  0.0796273 -0.0387304
 -0.175744  -0.982508  0.0615716    1.57229
         0          0          0          1

 0.0844621  0.0597746   0.994632 -0.0778089
 -0.981112   0.179324  0.0725372 -0.0373555
 -0.174025  -0.981972  0.0737917    1.56848
         0          0          0          1

 0.0882829  0.0667999   0.993853 -0.0797729
 -0.981123   0.178177  0.0751763 -0.0397524
  -0.17206  -0.981729  0.0812689    1.56658
         0          0          0          1

 0.0924679  0.0758468   0.992823 -0.0816891
 -0.980797   0.178895  0.0776812 -0.0426553
 -0.171719   -0.98094  0.0909324     1.5648
         0          0          0          1

 0.0964767  0.0835755    0.99182 -0.0837178
 -0.980547   0.179114  0.0802871 -0.0456829
 -0.170939  -0.980272    0.09923    1.56342
         0          0          0          1

 0.0996616  0.0974864   0.990234 -0.0834643
 -0.981181   0.175039  0.0815182 -0.0456139
 -0.165383  -0.979723   0.113096    1.56082
         0          0          0          1

    0.1063  0.0993864   0.989355 -0.0857377
 -0.980714   0.174603  0.0878312 -0.0481336
 -0.164015   -0.97961    0.11603    1.56036
         0          0          0          1

  0.106748  0.0958021    0.98966 -0.0857623
 -0.981089    0.17178  0.0891947 -0.0483028
 -0.161458  -0.980466   0.112327    1.56069
         0          0          0          1

  0.114706   0.089755   0.989336 -0.0878792
 -0.980348   0.171136  0.0981377 -0.0502069
 -0.160502  -0.981151   0.107621    1.56148
         0          0          0          1

  0.122663  0.0783556    0.98935  -0.088159
 -0.980681   0.162628   0.108708 -0.0498759
 -0.152378  -0.983571  0.0967903    1.56364
         0          0          0          1

  0.129068  0.0778957   0.988572 -0.0896325
 -0.980612    0.15826   0.115558 -0.0503647
  -0.14745   -0.98432  0.0968117    1.56407
         0          0          0          1

  0.133162  0.0766147   0.988129 -0.0911753
  -0.98119   0.150788   0.120536 -0.0500345
 -0.139763  -0.985593  0.0952529     1.5649
         0          0          0          1

  0.132686  0.0732336   0.988449 -0.0916405
 -0.982154   0.143831   0.121185 -0.0486035
 -0.133294  -0.986889  0.0910109    1.56604
         0          0          0          1

  0.137607  0.0635448   0.988446 -0.0959727
 -0.982428   0.135795   0.128039  -0.050001
  -0.12609  -0.988697  0.0811146    1.56974
         0          0          0          1

  0.134866  0.0550794   0.989332 -0.0973294
 -0.983682   0.127435   0.127001 -0.0477344
  -0.11908  -0.990316  0.0713673     1.5724
         0          0          0          1

  0.140523  0.0377713   0.989357  -0.104601
 -0.984442   0.111794   0.135557 -0.0447235
 -0.105484  -0.993013  0.0528932    1.58152
         0          0          0          1

  0.148188  0.0361754   0.988297  -0.108639
 -0.984073   0.104615   0.143725 -0.0432143
 -0.098191  -0.993855  0.0511018    1.58447
         0          0          0          1

  0.156844  0.0346672   0.987015  -0.112841
 -0.983855  0.0927106   0.153085 -0.0405306
-0.0861997  -0.995089  0.0486486    1.58662
         0          0          0          1

  0.164281  0.0311124   0.985923  -0.114897
 -0.983487  0.0821071   0.161284 -0.0359432
-0.0759333  -0.996138  0.0440872    1.58909
         0          0          0          1

  0.191524  0.0208201   0.981267  -0.125139
 -0.979848  0.0618273   0.189936 -0.0317456
-0.0567146   -0.99787   0.032242    1.59727
         0          0          0          1

 0.202123  0.016274  0.979225 -0.129237
-0.978235 0.0512594  0.201067 -0.028704
-0.0469224 -0.998553 0.0262805   1.60042
        0         0         0         1

  0.210486  0.0157815    0.97747  -0.132458
 -0.976967  0.0392853   0.209743 -0.0217938
-0.0350901  -0.999103  0.0236869    1.60204
         0          0          0          1

  0.221737  0.0130553   0.975019  -0.137588
  -0.97482  0.0272177   0.221327 -0.0188181
-0.0236483  -0.999544  0.0187617    1.60416
         0          0          0          1

   0.223157   0.0133907    0.974691   -0.140815
  -0.974741   0.0122724       0.223 -0.00942057
-0.00897567   -0.999835   0.0157912     1.60584
          0           0           0           1

   0.234377  0.00742942    0.972117   -0.147562
  -0.972141  0.00493144    0.234345 -0.00915202
-0.00305289    -0.99996  0.00837826     1.61163
          0           0           0           1

    0.245617   0.00470063     0.969356    -0.160227
   -0.969112   -0.0217502      0.24566   0.00328243
   0.0222384    -0.999752 -0.000786769      1.61725
           0            0            0            1

   0.248957 0.000738938    0.968514   -0.164558
  -0.968075  -0.0299303    0.248867  0.00895695
  0.0291718   -0.999552 -0.00673601     1.62074
          0           0           0           1

   0.253526 -0.00431275    0.967319   -0.171489
  -0.966645  -0.0387214    0.253176   0.0154164
  0.0363641   -0.999241  -0.0139858     1.62492
          0           0           0           1

  0.263757 -0.0127469   0.964505  -0.180161
 -0.963783 -0.0443629   0.262973   0.015995
 0.0394361  -0.998934 -0.0239862    1.63158
         0          0          0          1

   0.26306 -0.0174462   0.964622   -0.19385
 -0.963333  -0.059479   0.261633   0.030906
 0.0528102  -0.998077  -0.032453    1.63854
         0          0          0          1

   0.25361 -0.0236479   0.967018  -0.196165
 -0.965779 -0.0623536    0.25176  0.0416114
 0.0543434  -0.997774 -0.0386521    1.64412
         0          0          0          1

  0.250505 -0.0271703   0.967734  -0.205436
 -0.966143 -0.0707869   0.248106  0.0476239
 0.0617618  -0.997121 -0.0439829    1.64665
         0          0          0          1

  0.249935  -0.027652   0.967868    -0.2128
 -0.966106 -0.0738033   0.247372  0.0529777
 0.0645915  -0.996889 -0.0451608    1.65125
         0          0          0          1

  0.251833 -0.0253323   0.967439    -0.2225
 -0.965178 -0.0797019   0.249157  0.0596024
 0.0707951  -0.996497 -0.0445217    1.65313
         0          0          0          1

  0.250942 -0.0272919   0.967617  -0.227244
 -0.964965 -0.0861752   0.247824  0.0694357
  0.076621  -0.995906 -0.0479607    1.65485
         0          0          0          1

  0.256379 -0.0333762      0.966  -0.248161
 -0.963043 -0.0941948    0.25234   0.078798
   0.08257  -0.994994 -0.0562923    1.66059
         0          0          0          1

  0.255993 -0.0393372   0.965878  -0.254388
 -0.963285 -0.0940259   0.251476  0.0859737
 0.0809252  -0.994792 -0.0619629    1.66658
         0          0          0          1

   0.25503 -0.0386413   0.966161  -0.262756
 -0.963248 -0.0973027    0.25037  0.0955871
 0.0843355  -0.994504 -0.0620363    1.66455
         0          0          0          1

  0.260215 -0.0393227    0.96475  -0.275503
 -0.961933 -0.0969647   0.255504   0.096368
 0.0834996  -0.994511 -0.0630575    1.66591
         0          0          0          1

  0.246972 -0.0390487   0.968236  -0.285379
 -0.965659 -0.0930978    0.24256   0.120414
  0.080669  -0.994891 -0.0607003     1.6683
         0          0          0          1

  0.245406 -0.0363061    0.96874  -0.296042
 -0.966044 -0.0924927   0.241256   0.123427
 0.0808423  -0.995051 -0.0577715    1.66731
         0          0          0          1

  0.238415  -0.031635   0.970648  -0.305927
 -0.967779 -0.0911008   0.234742   0.130811
 0.0810008  -0.995339 -0.0523355     1.6667
         0          0          0          1

  0.229939 -0.0263018    0.97285  -0.313418
 -0.969863 -0.0889698   0.226827   0.139177
 0.0805883  -0.995687 -0.0459668    1.66694
         0          0          0          1

  0.216017 -0.0161167   0.976257  -0.322724
 -0.972864 -0.0884484   0.213806   0.147366
 0.0829025   -0.99595 -0.0347856    1.66206
         0          0          0          1

   0.203877 -0.00859597    0.978959   -0.331986
   -0.97526  -0.0890627    0.202325    0.152389
  0.0854496   -0.995989  -0.0265412     1.66025
          0           0           0           1

   0.176129 -0.00181011    0.984365   -0.351314
  -0.980954  -0.0835177    0.175366     0.16224
  0.0818945   -0.996505  -0.0164856     1.66384
          0           0           0           1

   0.158143 -0.00857366    0.987379   -0.353359
   -0.98431  -0.0806244    0.156951    0.170918
  0.0782612   -0.996708  -0.0211893     1.66963
          0           0           0           1

   0.138878 -0.00791287    0.990278   -0.362759
  -0.987285  -0.0791978    0.137826    0.178193
  0.0773372   -0.996828  -0.0188111     1.66736
          0           0           0           1

   0.118348 -0.00991773    0.992923   -0.366988
  -0.989908  -0.0796766    0.117193    0.188079
  0.0779504   -0.996771  -0.0192472     1.66425
          0           0           0           1

   0.10715 -0.0105291   0.994187  -0.381255
 -0.991359 -0.0772391   0.106027   0.188708
 0.0756738  -0.996957 -0.0187143    1.66237
         0          0          0          1

 0.0819455 -0.0083482   0.996602  -0.384226
 -0.993464 -0.0804161  0.0810139   0.199554
 0.0794665  -0.996726 -0.0148834    1.65502
         0          0          0          1

 0.0530082 -0.0217705   0.998357  -0.399954
 -0.995922  -0.074245  0.0512599   0.207978
  0.073007  -0.997002 -0.0256173    1.65481
         0          0          0          1

 0.0393622 -0.0242805    0.99893  -0.406638
 -0.996579 -0.0736539  0.0374793   0.215607
  0.072665  -0.996988 -0.0270966    1.65206
         0          0          0          1

 0.0248559 -0.0294183   0.999258  -0.411477
 -0.997347  -0.069147  0.0227727   0.224186
 0.0684257  -0.997173  -0.031059    1.65143
         0          0          0          1

  0.024089 -0.0283506   0.999308  -0.422719
 -0.997994 -0.0592214  0.0223772   0.220145
  0.058546  -0.997842 -0.0297203    1.64821
         0          0          0          1

-0.00270076   -0.041664    0.999128   -0.426079
  -0.999114  -0.0418605 -0.00444632    0.239824
  0.0420092   -0.998254  -0.0415141     1.64746
          0           0           0           1

0.00785461 -0.0495734    0.99874  -0.438274
 -0.999447 -0.0326602 0.00623906   0.234635
 0.0323098  -0.998236 -0.0498025    1.64872
         0          0          0          1

 0.0033823 -0.0508566     0.9987  -0.445193
 -0.999753 -0.0221074 0.00226009   0.236822
 0.0219637  -0.998461 -0.0509188    1.64539
         0          0          0          1

-0.00336142  -0.0476184     0.99886   -0.449964
  -0.999798  -0.0196576 -0.00430171    0.242077
    0.01984   -0.998672  -0.0475426     1.63654
          0           0           0           1

 -0.0026455  -0.0507606    0.998707   -0.457789
  -0.999933  -0.0111287 -0.00321438    0.243267
  0.0112775   -0.998649  -0.0507278     1.63348
          0           0           0           1

-0.00874822  -0.0561529    0.998384   -0.460993
  -0.999947 -0.00498156  -0.0090421    0.247592
 0.00548125    -0.99841  -0.0561063     1.63199
          0           0           0           1

-0.0195048 -0.0703971   0.997328  -0.470956
 -0.999775 0.00963723 -0.0188724   0.254553
-0.00828292  -0.997472 -0.0705693    1.62906
         0          0          0          1

-0.0269795 -0.0748641   0.996829  -0.473121
 -0.999477  0.0198152 -0.0255631   0.260013
-0.0178386  -0.996997 -0.0753595    1.63059
         0          0          0          1

-0.0260157 -0.0721604   0.997054  -0.482561
 -0.999438  0.0229904  -0.024414   0.258686
 -0.021161  -0.997128 -0.0727179    1.62201
         0          0          0          1

-0.0316901 -0.0690433    0.99711  -0.484816
 -0.999077  0.0311327 -0.0295969    0.26296
-0.0289993  -0.997128 -0.0699662    1.61767
         0          0          0          1

-0.0385955 -0.0732149   0.996569  -0.491021
 -0.998528  0.0408709 -0.0356687   0.270122
-0.0381192  -0.996478 -0.0746845     1.6075
         0          0          0          1

-0.0397779 -0.0782495    0.99614  -0.495006
 -0.998383  0.0436182 -0.0364412   0.270844
-0.0405983  -0.995979 -0.0798581    1.60576
         0          0          0          1

-0.0390122 -0.0733101   0.996546  -0.501974
 -0.998144  0.0495296 -0.0354311   0.271336
-0.0467611  -0.996079 -0.0751063    1.59552
         0          0          0          1

-0.0387862 -0.0755513   0.996387  -0.504826
 -0.997816  0.0562754 -0.0345747   0.274313
  -0.05346  -0.995553  -0.077569    1.59504
         0          0          0          1

-0.0340841 -0.0824275   0.996014  -0.510204
 -0.997481  0.0648388 -0.0287684   0.271533
-0.0622091  -0.994486 -0.0844298    1.59774
         0          0          0          1

-0.0400604 -0.0770119   0.996225  -0.508336
  -0.99693  0.0702049 -0.0346617   0.278504
-0.0672705  -0.994555  -0.079588    1.58858
         0          0          0          1

-0.0394625  -0.077511    0.99621  -0.513952
 -0.995931  0.0838874 -0.0329245   0.280933
-0.0810175  -0.993456  -0.080506    1.58174
         0          0          0          1

-0.0460481 -0.0801704   0.995717  -0.511661
 -0.994904  0.0931819  -0.038508   0.287183
-0.0896956  -0.992416 -0.0840527    1.58237
         0          0          0          1

-0.0494878 -0.0769311   0.995807    -0.5109
 -0.993975   0.101425 -0.0415611   0.292867
-0.0978026  -0.991864 -0.0814869    1.57889
         0          0          0          1

-0.0512065 -0.0752184   0.995851  -0.511344
  -0.99378   0.102572 -0.0433525   0.295503
-0.0988853  -0.991878 -0.0800029    1.57351
         0          0          0          1

-0.0463016 -0.0760772   0.996026  -0.516755
 -0.992695   0.114708 -0.0373853   0.293889
 -0.111408  -0.990482 -0.0808327    1.56987
         0          0          0          1

-0.0424795 -0.0738549   0.996364  -0.519466
 -0.992557   0.117039 -0.0336418   0.293636
 -0.114129  -0.990377  -0.078277    1.56458
         0          0          0          1

-0.0403437 -0.0725391   0.996549  -0.521061
 -0.991593    0.12563 -0.0309985   0.295731
 -0.122947  -0.989422 -0.0769976    1.56208
         0          0          0          1

-0.0330188 -0.0744141   0.996681   -0.52436
 -0.990618   0.134754  -0.022757   0.293824
 -0.132613  -0.988081 -0.0781654    1.56257
         0          0          0          1

-0.0295662 -0.0691055   0.997171  -0.524268
 -0.989506   0.143178 -0.0194165    0.29946
 -0.141431  -0.987281 -0.0726136    1.54942
         0          0          0          1

-0.0234482 -0.0728105    0.99707  -0.525669
 -0.988845   0.148432 -0.0124156   0.298873
 -0.147093  -0.986239 -0.0754788    1.54843
         0          0          0          1

 -0.0179588  -0.0734598    0.997136    -0.52787
  -0.988806     0.14905 -0.00682812    0.298123
  -0.148122   -0.986097  -0.0753143     1.54417
          0           0           0           1

-0.0105339  -0.075543   0.997087  -0.529309
 -0.988049   0.154134 0.00123931   0.295043
 -0.153778  -0.985158 -0.0762639    1.54308
         0          0          0          1

-0.00342873 -0.0722266   0.997382  -0.533043
 -0.988473   0.151211 0.00755203    0.29289
 -0.151361  -0.985859 -0.0719124    1.53328
         0          0          0          1

0.00210269 -0.0775148   0.996989  -0.535657
 -0.987571   0.156525  0.0142525   0.287242
 -0.157159  -0.984628 -0.0762223    1.53592
         0          0          0          1

0.000272929 -0.0756835   0.997132  -0.532115
 -0.985209   0.170847  0.0132371   0.292768
 -0.171359  -0.982387 -0.0745174    1.53348
         0          0          0          1

 -0.001079 -0.0775671   0.996987  -0.530371
 -0.984688   0.173879  0.0124623   0.296338
 -0.174321  -0.981707 -0.0765671    1.53088
         0          0          0          1

0.00401953 -0.0851273   0.996362  -0.531192
 -0.983399    0.18042  0.0193819   0.293926
 -0.181413  -0.979899 -0.0829889    1.53211
         0          0          0          1

0.000935413  -0.083935   0.996471  -0.527507
 -0.983103   0.182329  0.0162809   0.298833
 -0.183052  -0.979648 -0.0823461    1.52717
         0          0          0          1

-0.00132525 -0.0818277   0.996646  -0.523013
 -0.981693   0.189931  0.0142886   0.303764
 -0.190463  -0.978382 -0.0805814    1.52255
         0          0          0          1

0.00378065 -0.0826609   0.996571  -0.522338
 -0.980508   0.195464  0.0199325   0.305667
 -0.196441  -0.977221 -0.0803107    1.51825
         0          0          0          1

 0.0193107 -0.0883958   0.995898  -0.521139
 -0.975766   0.215485  0.0380468   0.303848
 -0.217964  -0.972498 -0.0820924    1.51611
         0          0          0          1

 0.0263831 -0.0896046   0.995628  -0.520887
 -0.976023   0.212958  0.0450294   0.303743
 -0.216062  -0.972944 -0.0818377    1.50863
         0          0          0          1

0.0335066 -0.100607  0.994362 -0.520874
-0.974472  0.217704 0.0548631   0.30149
-0.221997 -0.970816 -0.090744   1.50746
        0         0         0         1

 0.0411603  -0.104858   0.993635  -0.521395
 -0.973566   0.219406  0.0634828   0.299464
 -0.224666  -0.969982 -0.0930555    1.50199
         0          0          0          1

 0.0586059  -0.110485   0.992148  -0.524546
 -0.968123   0.236153  0.0834846   0.293128
 -0.243523  -0.965414 -0.0931232    1.49847
         0          0          0          1

 0.0573412  -0.116467   0.991538  -0.522945
 -0.967271   0.239416  0.0840599   0.294541
 -0.247181  -0.963906 -0.0989267    1.49708
         0          0          0          1

0.0536756 -0.119682   0.99136 -0.518294
-0.966073  0.244947 0.0818776  0.299538
 -0.25263 -0.962121 -0.102473   1.49612
        0         0         0         1

0.0564751 -0.119514  0.991225  -0.51703
-0.965257   0.24716 0.0847963  0.301296
-0.255126 -0.961576 -0.101404    1.4927
        0         0         0         1

0.0552526 -0.120888  0.991127 -0.512507
-0.965296  0.247289 0.0839745  0.306053
-0.255246 -0.961371  -0.10303   1.48778
        0         0         0         1

0.0559184 -0.124141  0.990688 -0.511102
-0.963829  0.252262 0.0860129    0.3075
-0.260591 -0.959663 -0.105545   1.48848
        0         0         0         1

0.0633062 -0.141724   0.98788 -0.510954
-0.961612  0.256174 0.0983743  0.305284
-0.267011 -0.956185 -0.120066   1.49484
        0         0         0         1

0.0641571 -0.148353  0.986851 -0.511022
-0.960413  0.259454  0.101442  0.303806
-0.271092 -0.954293 -0.125835   1.49676
        0         0         0         1

 0.069817 -0.153502  0.985679   -0.5131
-0.959211  0.261002  0.108589  0.299898
-0.273932 -0.953056 -0.129019   1.49734
        0         0         0         1

0.0679361 -0.153707  0.985778 -0.513125
-0.959553  0.260506  0.106748  0.299118
-0.273209 -0.953158 -0.129793   1.49707
        0         0         0         1

0.0647692 -0.158566  0.985222 -0.511959
-0.958454   0.26496  0.105653  0.298104
-0.277797 -0.951132 -0.134817   1.50083
        0         0         0         1

0.0642962 -0.156952  0.985511 -0.511287
-0.957584  0.268264  0.105198  0.298169
-0.280888 -0.950474 -0.133046   1.50298
        0         0         0         1

0.0620438 -0.157435  0.985578  -0.50959
-0.957048  0.270824  0.103509  0.300089
-0.283214 -0.949668  -0.13387   1.50466
        0         0         0         1

0.0533224  -0.15782  0.986027 -0.503509
-0.957046  0.273734  0.095568  0.307912
-0.284992 -0.948769 -0.136444   1.50685
        0         0         0         1

0.0521418 -0.157445   0.98615 -0.500594
-0.956929  0.274536 0.0944281    0.3122
-0.285601 -0.948599 -0.136349   1.50536
        0         0         0         1

0.0587507 -0.164507  0.984625 -0.504235
-0.955847  0.275216  0.103016   0.30836
-0.287931 -0.947203 -0.141075   1.50701
        0         0         0         1

0.0622549 -0.169049   0.98364 -0.505278
-0.953587  0.280846  0.108619  0.306133
-0.294613 -0.944748 -0.143719   1.50933
        0         0         0         1

0.0597583 -0.174194  0.982897 -0.503751
-0.952932  0.283246  0.108135  0.307089
-0.297238 -0.943095 -0.149068   1.51286
        0         0         0         1

0.0619649 -0.171747   0.98319 -0.504015
 -0.95242  0.284364  0.109699  0.307343
-0.298424 -0.943208 -0.145954   1.51242
        0         0         0         1

 0.057082  -0.16958  0.983862  -0.50119
-0.952123   0.28721  0.104744  0.310372
-0.300337 -0.942737 -0.145066   1.51436
        0         0         0         1

0.0540504 -0.174227  0.983221 -0.501002
-0.952354  0.287001   0.10321  0.311216
-0.300167 -0.941953 -0.150413   1.52335
        0         0         0         1

0.0534801 -0.179268  0.982346 -0.500117
-0.952518  0.286143  0.104074  0.309812
-0.299749 -0.941268 -0.155453   1.53012
        0         0         0         1

0.0509808 -0.178105   0.98269 -0.499209
-0.953351  0.284461  0.101015     0.312
-0.297528 -0.941998 -0.155294   1.52956
        0         0         0         1

 0.046832 -0.179573  0.982629 -0.496935
-0.954086  0.283308 0.0972456  0.315436
 -0.29585 -0.942067  -0.15806   1.53196
        0         0         0         1

0.0410257  -0.18225  0.982396 -0.494358
-0.954883  0.282292 0.0922463  0.319363
-0.294135 -0.941858 -0.162446   1.53612
        0         0         0         1

0.0286036 -0.187312  0.981884 -0.488131
-0.956727  0.279433 0.0811775  0.328355
-0.289577 -0.941717 -0.171213     1.543
        0         0         0         1

0.0148457 -0.204369  0.978781 -0.487814
-0.958526   0.27573 0.0721109  0.333746
-0.284617 -0.939258   -0.1918    1.5581
        0         0         0         1

0.00554282 -0.202514  0.979264 -0.483955
-0.959947   0.27325 0.0619423  0.339457
-0.280128 -0.940384 -0.192888   1.55723
        0         0         0         1

-0.000347167 -0.206525  0.978441 -0.483039
-0.961337  0.269506 0.0565449  0.343039
-0.275374 -0.940592 -0.198633   1.56169
        0         0         0         1

-0.0125093 -0.210409  0.977533  -0.47701
-0.962409  0.267795 0.0453256  0.350253
-0.271315  -0.94022 -0.205849    1.5665
        0         0         0         1

-0.0316615 -0.234894  0.971505 -0.476213
-0.963923  0.264194 0.0324634  0.355475
-0.264292 -0.935428 -0.234784   1.58649
        0         0         0         1

-0.030993 -0.243229  0.969474 -0.476881
-0.965451  0.258365 0.0339562  0.354695
-0.258737 -0.934926 -0.242833   1.59136
        0         0         0         1

-0.0452327 -0.249555  0.967304 -0.469064
-0.968263   0.24921 0.0190161  0.365616
-0.245808 -0.935744 -0.252907   1.59348
        0         0         0         1

-0.0591946  -0.257896   0.964358  -0.460656
  -0.97033   0.241733 0.00508488   0.379828
 -0.234428  -0.935444  -0.264553    1.59563
         0          0          0          1

-0.0554914  -0.263443   0.963078  -0.461824
 -0.971988   0.234887 0.00824682   0.382245
 -0.228387  -0.935642  -0.269098    1.59506
         0          0          0          1

 -0.064016  -0.281839   0.957324  -0.457854
  -0.97328   0.229607 0.00251402   0.385295
 -0.220517  -0.931583  -0.289007    1.60477
         0          0          0          1

-0.0928931  -0.312427   0.945389  -0.441735
 -0.974749   0.222183 -0.0223521   0.406858
 -0.203066  -0.923593  -0.325177      1.632
         0          0          0          1

-0.0973193  -0.324596   0.940833  -0.439693
 -0.977172   0.210539 -0.0284401   0.409854
 -0.188851  -0.922123  -0.337676    1.63941
         0          0          0          1

 -0.100093  -0.343813   0.933689  -0.437817
 -0.980536   0.193391 -0.0339023   0.413006
 -0.168911  -0.918909  -0.356478     1.6508
         0          0          0          1

 -0.103247  -0.347707   0.931901  -0.437328
 -0.982001   0.184607 -0.0399173   0.417206
 -0.158156   -0.91925  -0.360509    1.65786
         0          0          0          1

 -0.117987  -0.367045    0.92269  -0.425709
 -0.985913   0.154234 -0.0647172   0.427912
 -0.118556  -0.917327  -0.380072    1.67759
         0          0          0          1

 -0.137579  -0.364931   0.920814  -0.414719
 -0.986308   0.135825 -0.0935349     0.4472
-0.0909353  -0.921074   -0.37862      1.674
         0          0          0          1

-0.135731 -0.366571  0.920436 -0.418067
-0.988372  0.114369 -0.100201  0.448483
-0.0685385 -0.923334 -0.377832   1.67799
        0         0         0         1

-0.148662 -0.371107  0.916613 -0.409197
-0.987655  0.101995  -0.11889  0.458421
-0.0493695 -0.922972 -0.381688   1.68922
        0         0         0         1

-0.169273 -0.371209   0.91299 -0.394293
