 -0.793562  -0.570615  -0.211323    1.02386
 -0.568982   0.818951 -0.0746892   0.852515
  0.215682  0.0609683  -0.974558    2.50891
         0          0          0          1

 -0.780221  -0.598707  -0.181125    1.01393
 -0.597832   0.798931 -0.0656144   0.817286
   0.18399  0.0570888  -0.981269    2.50163
         0          0          0          1

 -0.759478    -0.6322  -0.153353    1.00381
 -0.631736   0.773006 -0.0580672   0.781128
  0.155253  0.0527777  -0.986464    2.48639
         0          0          0          1

 -0.738229  -0.663309  -0.122633   0.990855
 -0.663183   0.746928 -0.0478139   0.749041
  0.123313  0.0460302    -0.9913    2.47222
         0          0          0          1

 -0.703254   -0.70604 -0.0833101   0.996481
 -0.704292   0.707866 -0.0538421   0.703389
 0.0969871    0.02081  -0.995068    2.42504
         0          0          0          1

 -0.678008   -0.73319 -0.0523248    0.98965
 -0.731893   0.679974 -0.0443629   0.677979
 0.0681059  0.0082178  -0.997644    2.40773
         0          0          0          1

 -0.658355  -0.751853 -0.0358556    0.99487
 -0.750881   0.659328  -0.038261   0.650633
 0.0524072   0.001734  -0.998624    2.39126
         0          0          0          1

   -0.62901   -0.777333  0.00998449    0.979949
  -0.777397    0.628948 -0.00882291    0.615915
0.000578608  -0.0133116   -0.999911     2.37937
          0           0           0           1

 -0.579476  -0.812972  0.0573119   0.985305
 -0.813701    0.58108  0.0153684   0.565054
-0.0457968 -0.0377291  -0.998238    2.33766
         0          0          0          1

  -0.55343  -0.828299  0.0873867   0.981696
 -0.829623   0.557505  0.0302408   0.540608
-0.0737669 -0.0557619  -0.995715    2.31457
         0          0          0          1

 -0.530008  -0.840698    0.11099   0.988113
 -0.843196   0.536378  0.0363226   0.520603
 -0.090069 -0.0743351  -0.993158    2.28393
         0          0          0          1

 -0.507525  -0.852073    0.12802   0.994406
 -0.854519   0.516804  0.0520599   0.498043
  -0.11052 -0.0829741  -0.990404    2.26494
         0          0          0          1

 -0.489578  -0.859955    0.14419    1.00795
 -0.862855    0.50163  0.0620319   0.480395
 -0.125675 -0.0940455  -0.987604    2.23787
         0          0          0          1

-0.460667  -0.86853   0.18287   1.01007
-0.873636  0.480073 0.0793067  0.459758
-0.156671 -0.123228 -0.979933   2.21242
        0         0         0         1

-0.395631 -0.875503  0.277436   1.01619
-0.891609  0.438586  0.112586  0.413107
-0.220249 -0.202821 -0.954125   2.17071
        0         0         0         1

-0.370887 -0.878456  0.301262   1.02313
-0.897938   0.42199  0.125028  0.396394
-0.236961 -0.224143 -0.945309   2.15012
        0         0         0         1

-0.348472 -0.882525   0.31578   1.03319
-0.905217  0.404279  0.130923  0.381738
-0.243206 -0.240227 -0.939756   2.11856
        0         0         0         1

-0.329817 -0.888102  0.320148    1.0434
-0.909465  0.389851   0.14453  0.367586
-0.253167 -0.243495 -0.936278    2.0953
        0         0         0         1

-0.291247 -0.896986  0.332553   1.07088
-0.912082  0.365227  0.186321  0.337081
-0.288585  -0.24905 -0.924496   2.04003
        0         0         0         1

-0.268025 -0.902699  0.336596   1.08043
-0.913951  0.348749  0.207528  0.324189
-0.304723  -0.25201 -0.918496   2.01499
        0         0         0         1

-0.250817 -0.905394  0.342567   1.09821
-0.910864  0.340544  0.233143   0.30793
-0.327746 -0.253555 -0.910106   1.98867
        0         0         0         1

 -0.22909  -0.90994  0.345728    1.1102
-0.911449  0.325212  0.251989  0.296778
-0.341729 -0.257385 -0.903866    1.9616
        0         0         0         1

-0.205782 -0.913211  0.351709   1.12385
-0.912727  0.308737  0.267604   0.28553
-0.352965 -0.265946 -0.897044   1.92971
        0         0         0         1

-0.187129 -0.916248   0.35422   1.13842
-0.911724  0.296236  0.284612  0.274852
-0.365708 -0.269692   -0.8908   1.90474
        0         0         0         1

-0.153887 -0.919762  0.361048   1.17378
-0.906894  0.276532   0.31792  0.252586
-0.392252 -0.278509 -0.876682   1.84694
        0         0         0         1

-0.139301 -0.920557  0.364925   1.18906
-0.902216  0.269883  0.336407  0.242153
-0.408169 -0.282379 -0.868136    1.8229
        0         0         0         1

-0.118766 -0.921505  0.369761   1.20514
-0.900183  0.257077  0.351543  0.232727
-0.419006 -0.291101 -0.860055   1.79236
        0         0         0         1

-0.102772 -0.921203  0.375263   1.22036
-0.897052  0.248847  0.365202  0.224468
-0.429809 -0.299098 -0.851942   1.76641
        0         0         0         1

-0.0791123 -0.920229  0.383301   1.25973
-0.886423  0.240851  0.395279   0.20614
-0.456065 -0.308495 -0.834767   1.70842
        0         0         0         1

-0.0681156 -0.922283  0.380467   1.27623
-0.880632  0.234805  0.411527  0.198676
 -0.46888 -0.307019 -0.828185   1.68275
        0         0         0         1

-0.0534471 -0.923825  0.379065    1.2945
-0.876195  0.225473  0.425963  0.191299
-0.478985 -0.309368 -0.821502   1.65261
        0         0         0         1

-0.0435596 -0.923551  0.380994   1.31066
-0.870804  0.222025  0.438641  0.184553
-0.489697 -0.312664 -0.813903   1.62897
        0         0         0         1

-0.031706 -0.923512  0.382258    1.3299
-0.863085  0.218173  0.455505  0.176725
-0.504062 -0.315479 -0.803987   1.60083
        0         0         0         1

-0.0237425 -0.924319  0.380881   1.34533
 -0.85892  0.213813  0.465338  0.171514
-0.511558 -0.316098 -0.798993   1.57575
        0         0         0         1

-0.0108078  -0.92386  0.382577   1.38189
-0.846378  0.212188  0.488489  0.158437
-0.532473 -0.318525 -0.784228   1.52409
        0         0         0         1

-0.00814365 -0.923335   0.38391   1.39833
-0.840409  0.214371  0.497752  0.152442
-0.541891 -0.318588 -0.777725   1.50181
        0         0         0         1

0.00188253 -0.922901  0.385033    1.4146
-0.833925  0.211042  0.509932   0.14778
-0.551875 -0.322048 -0.769233   1.47658
        0         0         0         1

0.00760451 -0.923516  0.383484   1.42844
-0.828702  0.208805  0.519281  0.143563
-0.559638 -0.321743 -0.763732   1.45466
        0         0         0         1

0.0149548  -0.92266  0.385325   1.46082
 -0.81301  0.213111  0.541848  0.134499
-0.582058 -0.321376 -0.746944   1.41137
        0         0         0         1

0.0188522 -0.923202  0.383853   1.47377
-0.807332  0.212419  0.550539  0.131042
-0.589796 -0.320275 -0.741326   1.39201
        0         0         0         1

0.0219979 -0.924074   0.38158   1.48823
-0.800833  0.212193  0.560036  0.126761
-0.598483 -0.317902 -0.735361   1.37098
        0         0         0         1

0.0203489 -0.924624  0.380337   1.50073
-0.795935  0.215233  0.565829  0.123161
 -0.60504 -0.314237 -0.731561   1.35419
        0         0         0         1

0.0242138  -0.92428  0.380945   1.51458
-0.789097  0.216287  0.574931  0.119512
-0.613791 -0.314524  -0.72411   1.33605
        0         0         0         1

0.0246114 -0.923829  0.382012    1.5267
-0.785445  0.218527  0.579071  0.115339
-0.618442 -0.314301 -0.720239   1.32126
        0         0         0         1

0.0342659 -0.924722  0.379097   1.54912
 -0.77796  0.213438  0.590951  0.109396
-0.627379 -0.315172 -0.712083   1.29072
        0         0         0         1

0.0421411 -0.923498   0.38128    1.5593
-0.773369  0.211459   0.59765  0.107618
-0.632554 -0.320056 -0.705294   1.28092
        0         0         0         1

0.0479829 -0.922521  0.382953   1.57118
-0.769537  0.210284  0.602987  0.104388
-0.636797  -0.32363 -0.699824   1.26821
        0         0         0         1

 0.053533 -0.921048  0.385752   1.58106
-0.766482  0.209702  0.607067  0.102159
 -0.64003  -0.32817 -0.694741   1.25831
        0         0         0         1

0.0602472   -0.9205   0.38607   1.59128
-0.763409  0.206695  0.611951  0.100513
  -0.6431 -0.331598 -0.690265   1.24762
        0         0         0         1

0.0647045 -0.919327  0.388139   1.60104
 -0.76134  0.205969  0.614767 0.0980385
-0.645117 -0.335284 -0.686593   1.23987
        0         0         0         1

0.0797093 -0.918333  0.387699   1.61897
-0.755967  0.197824  0.624003 0.0964923
-0.649739 -0.342827 -0.678461   1.22543
        0         0         0         1

0.0832751 -0.918475  0.386612    1.6265
-0.756072  0.194496  0.624921 0.0946948
-0.649169 -0.344347 -0.678236   1.21864
        0         0         0         1

0.0897983 -0.917611  0.387203   1.63553
-0.753878  0.191435  0.628506 0.0937934
-0.650848 -0.348343 -0.674577   1.21225
        0         0         0         1

0.0937153  -0.91747  0.386609   1.64274
-0.754276   0.18803  0.629057 0.0922998
-0.649835 -0.350562 -0.674404   1.20633
        0         0         0         1

 0.107716 -0.917076  0.383887   1.65766
-0.750198  0.178403   0.63669 0.0916066
 -0.65238 -0.356573 -0.668772   1.19675
        0         0         0         1

 0.113598 -0.917647  0.380813   1.66405
-0.747144  0.173746  0.641552 0.0915297
-0.654883 -0.357401 -0.665877   1.19441
        0         0         0         1

 0.119516 -0.918368  0.377249      1.67
-0.746997  0.167116  0.643481 0.0909161
-0.653996  -0.35871 -0.666045   1.19094
        0         0         0         1

 0.125485 -0.919204  0.373253   1.67314
-0.745885  0.160657  0.646409 0.0913249
-0.654147 -0.359519 -0.665461   1.18781
        0         0         0         1

 0.126925 -0.918894   0.37353   1.67824
-0.746855  0.159286  0.645628 0.0896602
-0.652762 -0.360919 -0.666063   1.18431
        0         0         0         1

 0.131572 -0.917641  0.374999   1.68133
-0.746885  0.156968   0.64616 0.0892511
-0.651806 -0.365098  -0.66472   1.18203
        0         0         0         1

 0.144422 -0.915099  0.376478   1.68738
 -0.74445  0.150161  0.650573 0.0893159
-0.651871 -0.374226 -0.659559   1.17784
        0         0         0         1

 0.152379 -0.914228  0.375456   1.68888
-0.742504  0.144828  0.653998 0.0903766
 -0.65228 -0.378433 -0.656749   1.17619
        0         0         0         1

 0.155057 -0.912874  0.377649   1.69223
-0.742802  0.144294  0.653777 0.0895177
-0.651308 -0.381891 -0.655711   1.17332
        0         0         0         1

 0.162785 -0.911528  0.377647   1.69411
-0.740476  0.140091   0.65732  0.090665
-0.652071 -0.386641  -0.65216   1.17262
        0         0         0         1

  0.17681 -0.910378  0.374099   1.69898
-0.738968  0.128274  0.661417 0.0914208
-0.650127 -0.393392  -0.65006   1.17195
        0         0         0         1

  0.18335  -0.90992  0.372061    1.7005
-0.739656  0.121609  0.661907 0.0913251
-0.647528 -0.396557  -0.65073   1.17046
        0         0         0         1

 0.191099 -0.906276  0.377022   1.70399
-0.738831   0.12007  0.663108  0.091002
-0.646228 -0.405275 -0.646639   1.17104
        0         0         0         1

 0.197553 -0.902301  0.383178   1.70644
-0.737845  0.120488  0.664129 0.0905658
-0.645413 -0.413927 -0.641956   1.17108
        0         0         0         1

   0.2037 -0.898253  0.389419   1.70922
-0.736366  0.121558  0.665574 0.0895539
-0.645191 -0.422332 -0.636682     1.171
        0         0         0         1

 0.211276 -0.896088   0.39037   1.71075
-0.734494  0.117954  0.668285 0.0893461
-0.644888 -0.427917 -0.633251   1.17116
        0         0         0         1

 0.226087 -0.886845  0.402977   1.71348
-0.730886  0.119042  0.672037 0.0877628
-0.643964  -0.44647 -0.621269   1.17138
        0         0         0         1

 0.230953 -0.880756  0.413437   1.71527
-0.727373  0.125927   0.67459 0.0866001
-0.646212 -0.456522 -0.611554   1.17129
        0         0         0         1

 0.242427 -0.873726  0.421701   1.71691
-0.721923  0.127916  0.680048 0.0861308
-0.648118 -0.469298 -0.599753     1.171
        0         0         0         1

 0.244481 -0.868839  0.430521    1.7176
 -0.72024  0.134555  0.680551 0.0831363
-0.649218  -0.47646 -0.592876   1.17122
        0         0         0         1

 0.247949 -0.858925  0.448073   1.71586
-0.720109  0.145986   0.67833 0.0744499
-0.648046 -0.490852 -0.582323    1.1718
        0         0         0         1

 0.253317 -0.853665  0.455069   1.71384
-0.718001  0.149343  0.679832 0.0719223
 -0.64831 -0.498952 -0.575101   1.17362
        0         0         0         1

 0.253984 -0.848299   0.46463   1.71201
-0.717836  0.156631  0.678364 0.0663756
-0.648231 -0.505822 -0.569158   1.17587
        0         0         0         1

 0.255467 -0.845099  0.469622   1.71076
-0.718937   0.15872  0.676711 0.0605471
-0.646426 -0.510506 -0.567025   1.17824
        0         0         0         1

 0.257111 -0.842808   0.47283   1.70861
-0.720802   0.15865  0.674741 0.0542502
-0.643692   -0.5143 -0.566707   1.18095
        0         0         0         1

 0.260686  -0.84131   0.47354   1.70766
-0.721833  0.155864  0.674287 0.0483337
-0.641092 -0.517594 -0.566654   1.18596
        0         0         0         1

 0.262025 -0.842104  0.471386   1.70301
-0.729177   0.14721  0.668303 0.0337364
-0.632173 -0.518836  -0.57547   1.19455
        0         0         0         1

 0.261255 -0.842793   0.47058   1.70093
-0.733209  0.143812  0.664622 0.0255274
-0.627814 -0.518669 -0.580372   1.19913
        0         0         0         1

 0.260265 -0.843504  0.469854   1.69874
-0.737342   0.14054  0.660739 0.0158246
-0.623369  -0.51841 -0.585373   1.20518
        0         0         0         1

  0.259269   -0.84436   0.468866    1.69551
 -0.741373   0.137142   0.656931 0.00726425
 -0.618988  -0.517926  -0.590429     1.2099
         0          0          0          1

  0.253953   -0.84681   0.467355    1.68791
 -0.750708   0.132107    0.64729 -0.0140396
 -0.609873  -0.515228  -0.602159    1.22184
         0          0          0          1

  0.251218  -0.847637   0.467334    1.68331
 -0.755482   0.130118   0.642118 -0.0237404
 -0.605092  -0.514374  -0.607687    1.22799
         0          0          0          1

  0.246103  -0.849614   0.466465     1.6776
 -0.761795   0.127996   0.635047 -0.0356636
 -0.599251  -0.511638  -0.615732    1.23494
         0          0          0          1

  0.238845  -0.851988   0.465908    1.67227
 -0.767675   0.128154   0.627894 -0.0467097
 -0.594666  -0.507635  -0.623441    1.24013
         0          0          0          1

  0.230708  -0.853639   0.466984    1.66626
 -0.773262   0.130471   0.620519 -0.0597293
 -0.590627  -0.504259  -0.629986    1.24768
         0          0          0          1

  0.224478  -0.855624   0.466388    1.66033
 -0.777954   0.130876   0.614539 -0.0706088
 -0.586853  -0.500779  -0.636257    1.25368
         0          0          0          1

 0.209207 -0.861117  0.463368   1.64711
-0.787021  0.132962  0.602428 -0.094592
-0.580371 -0.490713   -0.6499   1.26713
        0         0         0         1

 0.202262 -0.864724   0.45972   1.64086
-0.791431  0.132162  0.596799 -0.105426
-0.576824 -0.484546 -0.657639   1.27252
        0         0         0         1

 0.193158 -0.868809  0.455917   1.63386
-0.795559   0.13328  0.591035 -0.117947
-0.574262 -0.476872 -0.665445   1.27918
        0         0         0         1

 0.181944 -0.872248   0.45396   1.62805
-0.799808  0.137287  0.584345 -0.129672
-0.572017 -0.469399 -0.672653    1.2846
        0         0         0         1

  0.15932 -0.881078  0.445329    1.6127
-0.807112  0.143513   0.57269 -0.152937
-0.568495 -0.450672 -0.688265   1.29582
        0         0         0         1

 0.147816 -0.885224  0.441054   1.60566
-0.809534  0.147893   0.56814 -0.163369
 -0.56816 -0.441029 -0.694757   1.30036
        0         0         0         1

 0.134179 -0.890343   0.43507   1.59711
-0.812214  0.152716  0.563015 -0.174788
-0.567719 -0.428915 -0.702658   1.30489
        0         0         0         1

 0.122182 -0.893927  0.431239    1.5902
-0.813656  0.158598  0.559294 -0.184866
-0.568362 -0.419216 -0.707971   1.30908
        0         0         0         1

 0.111189 -0.898417  0.424835   1.58162
-0.814237  0.162739  0.557256 -0.194955
-0.569785 -0.407877 -0.713429   1.31285
        0         0         0         1

 0.101035 -0.901647  0.420506   1.57431
-0.814301  0.167886  0.555632 -0.203599
-0.571581 -0.398557  -0.71725     1.316
        0         0         0         1

0.0771023 -0.908107  0.411578   1.55842
-0.814062  0.180997  0.551854 -0.222099
-0.575637   -0.3776   -0.7253   1.32262
        0         0         0         1

 0.066512 -0.910768  0.407527   1.55122
-0.814454  0.186388  0.549477 -0.229909
-0.576404 -0.368459 -0.729381    1.3248
        0         0         0         1

0.0534417 -0.912629  0.405281   1.54359
-0.813832  0.195376  0.547271 -0.238706
-0.578637 -0.359078 -0.732285   1.32754
        0         0         0         1

0.0422802  -0.91397  0.403572   1.53679
-0.813244  0.203164  0.545306  -0.24589
-0.580385 -0.351258 -0.734691   1.32937
        0         0         0         1

 0.017118  -0.91582  0.401224   1.52113
-0.812374  0.221196  0.539556 -0.260398
-0.582885  -0.33518 -0.740202   1.33266
        0         0         0         1

0.00629692 -0.915491  0.402288   1.51452
-0.811462  0.230417  0.537064 -0.266361
-0.584371 -0.329824 -0.741436   1.33387
        0         0         0         1

-0.00591868   -0.9142  0.405221   1.50687
-0.810153  0.241928  0.533969  -0.27286
-0.586189  -0.32513 -0.742074   1.33488
        0         0         0         1

-0.0164589 -0.912924  0.407797   1.50042
-0.808748  0.251974  0.531447 -0.278013
-0.587925 -0.321058 -0.742473   1.33555
        0         0         0         1

-0.0284061 -0.910879  0.411695   1.49311
-0.807468  0.263688  0.527697 -0.283552
-0.589227 -0.317441 -0.742996   1.33572
        0         0         0         1

-0.0374212 -0.908749  0.415662   1.48697
 -0.80581  0.273438  0.525263 -0.287776
 -0.59099 -0.315289 -0.742511   1.33552
        0         0         0         1

-0.0581528 -0.902076  0.427642   1.47475
-0.801533   0.29755  0.518661 -0.296457
-0.595116 -0.312607 -0.740347   1.33397
        0         0         0         1

-0.066284 -0.898869  0.433176   1.46946
-0.799434  0.307625  0.516015 -0.299515
-0.597086 -0.312092 -0.738977    1.3334
        0         0         0         1

-0.0768019 -0.895309  0.438775   1.46377
-0.797821  0.319121  0.511511 -0.303003
-0.597983 -0.310778 -0.738805   1.33201
        0         0         0         1

-0.0841646 -0.891811   0.44451   1.45907
-0.795778  0.328636   0.50866  -0.30545
-0.599711  -0.31092 -0.737344   1.33088
        0         0         0         1

-0.102443 -0.884171  0.455793   1.44932
-0.792579  0.349435  0.499714 -0.310249
-0.601103 -0.310059 -0.736572   1.32754
        0         0         0         1

-0.109924 -0.880437  0.461245    1.4456
-0.790829  0.358579  0.495994 -0.312034
-0.602085 -0.310244 -0.735692   1.32579
        0         0         0         1

-0.115553  -0.87583  0.468581   1.44189
-0.787889  0.368089  0.493703 -0.313542
-0.604879 -0.312141 -0.732591   1.32388
        0         0         0         1

-0.119897 -0.871642  0.475252   1.43874
-0.785794  0.375886  0.491159 -0.314548
-0.606756 -0.314562 -0.729999   1.32168
        0         0         0         1

-0.125959 -0.866352  0.483289   1.43557
-0.783083  0.385913    0.4877 -0.315548
-0.609028 -0.317025 -0.727035   1.31928
        0         0         0         1

-0.129645 -0.862871  0.488514   1.43271
-0.781364   0.39222  0.485421 -0.315879
 -0.61046 -0.318775 -0.725066   1.31715
        0         0         0         1

-0.137375 -0.854323  0.501259   1.42854
-0.776278  0.407185   0.48124   -0.3168
 -0.61524 -0.323006 -0.719129   1.31213
        0         0         0         1

-0.140791 -0.851464   0.50516   1.42684
-0.774444  0.412589   0.47959 -0.316979
-0.616778 -0.323696   -0.7175   1.30995
        0         0         0         1

-0.144579 -0.849019  0.508196   1.42484
-0.773119   0.41747    0.4775 -0.316956
-0.617563 -0.323859  -0.71675   1.30791
        0         0         0         1

 -0.14868 -0.847703  0.509209   1.42322
-0.771964  0.421318  0.475987 -0.316999
-0.618034 -0.322322 -0.717037   1.30624
        0         0         0         1

-0.152817 -0.847389  0.508506   1.42166
-0.771169  0.424031  0.474865 -0.316989
-0.618018 -0.319577 -0.718279   1.30228
        0         0         0         1

-0.152538 -0.847509  0.508391   1.42238
-0.772058  0.423324  0.474051 -0.317086
-0.616976 -0.320196 -0.718898   1.30148
        0         0         0         1

-0.154588 -0.850747  0.502327   1.42333
-0.774073   0.42024  0.473508 -0.317647
-0.613933 -0.315639 -0.723504   1.30099
        0         0         0         1

-0.157997 -0.854832  0.494267   1.42382
-0.775603  0.417229  0.473667 -0.318159
-0.611128 -0.308517 -0.728931   1.30105
        0         0         0         1

-0.160408 -0.857591   0.48868   1.42421
-0.777354  0.414859  0.472877 -0.318538
-0.608268 -0.304024 -0.733198   1.30148
        0         0         0         1

-0.161877 -0.859255  0.485259   1.42447
-0.778352  0.413456  0.472463 -0.318683
  -0.6066 -0.301221 -0.735733   1.30211
        0         0         0         1

-0.164382 -0.860736  0.481779   1.42512
-0.780139  0.412337   0.47049 -0.319023
-0.603624 -0.298515 -0.739275    1.3035
        0         0         0         1

-0.164768 -0.860085   0.48281   1.42537
-0.780574  0.412943  0.469237 -0.318954
-0.602956 -0.299553   -0.7394   1.30426
        0         0         0         1

 -0.16536 -0.858539  0.485352    1.4256
-0.780791  0.414616  0.467397 -0.318747
-0.602513  -0.30167   -0.7389   1.30523
        0         0         0         1

-0.165419 -0.856711  0.488551   1.42583
-0.780846  0.416367  0.465744 -0.318411
-0.602425 -0.304441 -0.737835    1.3063
        0         0         0         1

-0.165459 -0.853185  0.494671   1.42649
-0.780812  0.419734  0.462769 -0.317247
-0.602458 -0.309676 -0.735626   1.30974
        0         0         0         1

-0.164783 -0.851605  0.497609   1.42669
-0.780844  0.420864  0.461688 -0.316186
-0.602602 -0.312476 -0.734322   1.31229
        0         0         0         1

-0.163672 -0.849182  0.502098   1.42673
-0.781016  0.422474  0.459923  -0.31466
-0.602682  -0.31687 -0.732372   1.31575
        0         0         0         1

-0.162347 -0.846272  0.507412   1.42671
-0.781088  0.424443  0.457985 -0.313236
-0.602947  -0.32198  -0.72992   1.31911
        0         0         0         1

-0.159255 -0.842965  0.513856   1.42609
-0.781254  0.425821  0.456419 -0.310989
-0.603556 -0.328766 -0.726384   1.32313
        0         0         0         1

-0.156205 -0.840285  0.519154   1.42551
-0.781404  0.426626   0.45541 -0.308954
-0.604159 -0.334532 -0.723243   1.32694
        0         0         0         1

-0.148561 -0.834771  0.530177   1.42316
-0.782649  0.426962   0.45295 -0.303762
-0.604474 -0.347652 -0.716763   1.33665
        0         0         0         1

-0.144786  -0.83333  0.533478   1.42158
-0.783379  0.425905  0.452684  -0.30114
-0.604445 -0.352373 -0.714478    1.3419
        0         0         0         1

 -0.14119 -0.832571  0.535622   1.41943
-0.785198  0.423692  0.451607 -0.298204
-0.602934 -0.356807 -0.713554   1.34828
        0         0         0         1

 -0.13643 -0.832879  0.536377   1.41714
-0.787069  0.419929  0.451865 -0.295232
-0.601589 -0.360518 -0.712824   1.35463
        0         0         0         1

-0.122022 -0.834943  0.536639   1.41063
-0.792746  0.407319  0.453481 -0.288152
-0.597214 -0.370084 -0.711599   1.37146
        0         0         0         1

-0.113199 -0.836146  0.536699    1.4075
-0.796446  0.399311   0.45412  -0.28485
-0.594021 -0.376045 -0.711147   1.38013
        0         0         0         1

-0.0997499 -0.836496  0.538818   1.40395
-0.800681  0.388974   0.45564 -0.280944
-0.590728 -0.385972 -0.708567    1.3911
        0         0         0         1

-0.0866972 -0.836061  0.541743   1.40013
-0.803985  0.379836  0.457529 -0.277185
-0.588296 -0.395887 -0.705111   1.40126
        0         0         0         1

-0.0707848 -0.835825  0.544413   1.39513
-0.808767  0.367549  0.459133  -0.27236
-0.583853 -0.407804 -0.702005   1.41333
        0         0         0         1

-0.0575391 -0.834913  0.547367   1.39057
-0.812736  0.357582  0.459994 -0.268401
-0.579784 -0.418397 -0.699139   1.42493
        0         0         0         1

-0.0231872  -0.83264  0.553329   1.37802
-0.822254  0.330702  0.463179 -0.257982
-0.568648 -0.444237  -0.69231   1.45357
        0         0         0         1

-0.00815897 -0.831196   0.55592   1.37158
-0.827113  0.318045  0.463392  -0.25287
-0.561977 -0.456028 -0.690087   1.46742
        0         0         0         1

0.0096122  -0.82893  0.559269   1.36335
-0.832794  0.302947  0.463332 -0.246565
-0.553499  -0.47021 -0.687416   1.48447
        0         0         0         1

0.0239877 -0.826668  0.562178   1.35566
-0.837787  0.290205  0.462486 -0.240606
-0.545469  -0.48208 -0.685611   1.49994
        0         0         0         1

0.0555065 -0.820491  0.568958   1.33574
-0.849735  0.260396  0.458414 -0.225178
-0.524279 -0.508909 -0.682747   1.53685
        0         0         0         1

 0.069485 -0.816844  0.572659   1.32525
-0.855058  0.246924  0.455965 -0.217348
-0.513855 -0.521339 -0.681291   1.55483
        0         0         0         1

0.0817619 -0.813304  0.576066   1.31246
-0.861382   0.23308  0.451325  -0.20826
-0.501334 -0.533114 -0.681509   1.57595
        0         0         0         1

0.0905225 -0.810629  0.578521   1.30056
-0.867252  0.221402  0.445932 -0.199699
-0.489571  -0.54209 -0.682978    1.5946
        0         0         0         1

 0.101676 -0.807219  0.581428   1.28513
-0.873539  0.207216  0.440445 -0.188875
-0.476017 -0.552683 -0.684068   1.61677
        0         0         0         1

 0.109363 -0.803672  0.584937   1.27108
-0.878635   0.19701  0.434956 -0.179428
-0.464801 -0.561514 -0.684589   1.63667
        0         0         0         1

 0.121138 -0.797067  0.591617   1.23664
-0.888875  0.178193  0.422077 -0.156496
-0.441846 -0.577003 -0.686906   1.68149
        0         0         0         1

 0.124195 -0.794866  0.593939   1.21962
-0.893443  0.170818  0.415427 -0.145272
-0.431665 -0.582245 -0.688953   1.70187
        0         0         0         1

 0.126342 -0.792563  0.596559   1.19936
 -0.89876  0.163068  0.406989 -0.131955
-0.419843 -0.587583 -0.691721   1.72534
        0         0         0         1

 0.126689 -0.790889  0.598702   1.18075
-0.903248  0.157487  0.399174 -0.120013
-0.409991 -0.591348 -0.694418   1.74586
        0         0         0         1

  0.123342  -0.790517   0.599891    1.13695
 -0.911729   0.148421   0.383042 -0.0923832
 -0.391838  -0.594183  -0.702431    1.79289
         0          0          0          1

  0.118678  -0.792072    0.59878    1.11655
 -0.916053   0.145326     0.3738 -0.0792016
 -0.383095  -0.592876  -0.708334     1.8139
         0          0          0          1

  0.112626  -0.793603   0.597921    1.09145
 -0.921218   0.142123   0.362158 -0.0633437
 -0.372388  -0.591604  -0.715074    1.83829
         0          0          0          1

  0.102349  -0.796908   0.595368    1.07087
  -0.92582   0.142602   0.350031 -0.0495483
 -0.363843  -0.587029  -0.723198    1.85929
         0          0          0          1

0.0928813 -0.800636  0.591907   1.04474
-0.930435  0.141859  0.337886 -0.033309
-0.354491 -0.582115 -0.731764   1.88407
        0         0         0         1

    0.0833  -0.803829   0.588999    1.02125
 -0.934148   0.142842   0.327054 -0.0193331
 -0.347029  -0.577456  -0.738996    1.90605
         0          0          0          1

0.0498294 -0.812841  0.580351  0.969467
-0.942421  0.154132  0.296794 0.0137823
-0.330697 -0.561724 -0.758357   1.95397
        0         0         0         1

0.0309166 -0.817861  0.574585    0.9464
-0.945998   0.16165  0.280992 0.0301634
-0.322694 -0.552243 -0.768697   1.97476
        0         0         0         1

0.00612599 -0.821895  0.569606  0.919882
 -0.94963  0.173691  0.260835 0.0496262
-0.313314 -0.542513 -0.779432   1.99793
        0         0         0         1

-0.00971691 -0.826312  0.563128  0.895322
-0.951143  0.181434  0.249818 0.0654327
-0.308598 -0.533188 -0.787704   2.01948
        0         0         0         1

-0.0543573 -0.834905  0.547703  0.842064
  -0.9533  0.206593  0.220314    0.1037
-0.297093 -0.510149 -0.807145   2.06522
        0         0         0         1

-0.0830917 -0.837104  0.540696  0.821863
-0.953775  0.224045  0.200294  0.122873
-0.288807 -0.499059 -0.817025   2.08402
        0         0         0         1

-0.107391 -0.840666  0.530799  0.793766
-0.953739  0.237896  0.183814  0.145254
-0.280801 -0.486504 -0.827324   2.10592
        0         0         0         1

-0.133899 -0.842851  0.521223  0.772798
-0.951314  0.256665  0.170658    0.1637
-0.277619 -0.472997 -0.836183   2.12743
        0         0         0         1

-0.172854 -0.845462  0.505287  0.752538
-0.949772  0.278952  0.141843  0.190591
-0.260873 -0.455389 -0.851214   2.14746
        0         0         0         1

-0.197999 -0.845053   0.49667  0.728858
-0.944764  0.299544  0.133022  0.207357
-0.261185 -0.442898 -0.857685   2.17117
        0         0         0         1

-0.258595 -0.844016  0.469857  0.680362
-0.936066  0.339066 0.0938899  0.255999
-0.238557 -0.415538 -0.877735   2.21007
        0         0         0         1

-0.287911 -0.841152  0.457788   0.66047
-0.927058  0.364678 0.0870259  0.274398
-0.240147  -0.39934 -0.884792    2.2354
        0         0         0         1

-0.329165 -0.834153  0.442537  0.643324
-0.919013  0.390673  0.052818  0.309349
-0.216946 -0.389311 -0.895193   2.24952
        0         0         0         1

-0.358278 -0.829092  0.429236  0.624455
-0.910629  0.411725 0.0351788  0.333492
-0.205894 -0.378271 -0.902507   2.26785
        0         0         0         1

-0.385474 -0.821566  0.420047  0.596518
-0.900532  0.434191  0.022819  0.356692
-0.201128  -0.36947 -0.907215   2.28763
        0         0         0         1

 -0.420635  -0.812056   0.404514   0.584143
 -0.886842   0.462041 0.00535541   0.381595
 -0.191251  -0.356488  -0.914516    2.30715
         0          0          0          1

 -0.492642  -0.785332    0.37491   0.550258
 -0.853484   0.520138 -0.0319591   0.440641
 -0.169907  -0.335725   -0.92651    2.34702
         0          0          0          1

   -0.5163  -0.774242   0.366037   0.530454
 -0.840398   0.540297 -0.0425566    0.46424
  -0.16482  -0.329589  -0.929627    2.36418
         0          0          0          1

 -0.547565  -0.761996   0.345739   0.512523
 -0.823176   0.564699 -0.0591323   0.491738
  -0.15018  -0.316983  -0.936466    2.38552
         0          0          0          1

 -0.570091  -0.750725   0.333779   0.491649
 -0.809522    0.58263 -0.0722233    0.51996
 -0.140249  -0.311375  -0.939881    2.39816
         0          0          0          1

-0.645213 -0.708348  0.286258  0.473176
-0.757977   0.64046 -0.123621  0.596691
 -0.09577 -0.296739 -0.950144   2.43128
        0         0         0         1

  -0.6776  -0.68941   0.25607  0.468628
-0.732224  0.664909 -0.147461  0.633665
-0.0686024 -0.287421 -0.955345   2.44298
        0         0         0         1

-0.710176 -0.665864  0.228639  0.464335
-0.702277  0.692882 -0.163465  0.668595
-0.0495743 -0.276657 -0.959689   2.45971
        0         0         0         1

-0.738651 -0.644705   0.19685  0.465034
-0.673464  0.718363 -0.174359  0.699899
-0.0289995 -0.261361 -0.964805   2.48032
        0         0         0         1

-0.765171 -0.621099  0.169557  0.454872
-0.643756  0.742002 -0.187115   0.73748
-0.00959444 -0.252328 -0.967594   2.49621
        0         0         0         1

-0.796931 -0.589678  0.131078  0.465488
-0.603822  0.771396 -0.200868  0.776024
0.0173342 -0.239226 -0.970809   2.50853
        0         0         0         1

-0.846296 -0.528059 0.0702575  0.463875
-0.528299  0.815012 -0.238022   0.86746
0.0684291 -0.238554 -0.968715   2.51589
        0         0         0         1

-0.870428 -0.491022 0.0353839  0.472642
-0.484118   0.84071 -0.242561  0.906029
 0.089355 -0.228262 -0.969491   2.53237
        0         0         0         1

-0.885809 -0.463723  0.017433   0.45935
 -0.45457  0.859545 -0.233556  0.931491
0.0933207  -0.21481 -0.972187   2.54867
        0         0         0         1

-0.899464 -0.436787 -0.013502  0.461897
-0.421951  0.876122  -0.23317  0.961813
 0.113675 -0.204031 -0.972342   2.56616
        0         0         0         1

