-0.585715  0.768183 -0.258519  0.294641
-0.650411 -0.255147  0.715448  0.795909
 0.483635  0.587192  0.649078   2.36674
        0         0         0         1

-0.559058  0.770122  -0.30719   0.29358
-0.688723 -0.225052  0.689211  0.756801
 0.461643  0.596878  0.656218    2.3524
        0         0         0         1

-0.545615  0.773512 -0.322465  0.306383
-0.705684 -0.216529  0.674629  0.734437
 0.452011  0.595646  0.663997   2.34659
        0         0         0         1

-0.515591  0.773813  -0.36794  0.306011
-0.742045 -0.188547  0.643288  0.695109
  0.42841  0.604701  0.671417   2.32775
        0         0         0         1

-0.499159  0.775012 -0.387553  0.314978
-0.762606 -0.180554  0.621154  0.669875
 0.411427  0.605605  0.681154   2.32496
        0         0         0         1

 -0.43763  0.772119 -0.460773  0.315165
-0.816349 -0.126385  0.563561  0.607318
 0.376901  0.622783  0.685629   2.28459
        0         0         0         1

 -0.42109   0.76779 -0.482889  0.323514
-0.833518 -0.117622  0.539827   0.58681
 0.357676  0.629812  0.689496    2.2723
        0         0         0         1

 -0.375959   0.758245  -0.532653   0.312715
 -0.867986 -0.0869118   0.488923   0.543751
   0.32443    0.64615   0.690822    2.25374
         0          0          0          1

 -0.363839    0.76085  -0.537334   0.332464
 -0.874218 -0.0798188   0.478928   0.533005
  0.321503      0.644    0.69419    2.23798
         0          0          0          1

 -0.342235   0.759822  -0.552762   0.356373
 -0.888711 -0.0707531   0.452976   0.514554
  0.305071    0.64627   0.699476    2.22044
         0          0          0          1

  -0.32808   0.756238  -0.566098   0.368157
 -0.898376 -0.0645156   0.434464   0.499674
  0.292036   0.651108   0.700552    2.20712
         0          0          0          1

 -0.287597    0.74925  -0.596584   0.398981
 -0.921261 -0.0461121   0.386203   0.463383
  0.261853    0.66068   0.703516     2.1668
         0          0          0          1

 -0.281048   0.749555  -0.599315   0.419599
 -0.924877 -0.0448638    0.37761   0.455612
  0.256152    0.66042   0.705855    2.15211
         0          0          0          1

 -0.258027   0.742287  -0.618411   0.437693
 -0.938119 -0.0394598   0.344058   0.433339
  0.230988   0.668919   0.706535    2.13244
         0          0          0          1

   -0.2437   0.736058  -0.631529   0.448065
 -0.944162 -0.0311778   0.328004   0.420792
   0.22174     0.6762   0.702556    2.11265
         0          0          0          1

 -0.201736   0.718412  -0.665723   0.474761
 -0.961448 -0.0155704   0.274547   0.389532
  0.186872   0.695443   0.693857    2.06816
         0          0          0          1

 -0.193237   0.713619  -0.673355   0.491906
 -0.965028 -0.0143308   0.261753   0.381244
  0.177142   0.700387   0.691432    2.05032
         0          0          0          1

 -0.185879   0.709406  -0.679847   0.518329
 -0.969772 -0.0211347   0.243095   0.368902
  0.158085   0.704483   0.691891    2.02879
         0          0          0          1

 -0.171513   0.705638  -0.687502    0.52975
 -0.974561 -0.0193301   0.223287   0.358836
   0.14427   0.708309   0.691002    2.01447
         0          0          0          1

 -0.157833   0.700585  -0.695895   0.547988
 -0.978903 -0.0184023   0.203495   0.347369
   0.12976   0.713332   0.688709    1.99162
         0          0          0          1

-0.150264  0.697053 -0.701097  0.560924
-0.981194 -0.018243  0.192159  0.339976
 0.121155  0.716787  0.686686   1.97422
        0         0         0         1

-0.135984  0.690026 -0.710895  0.597053
-0.985217 -0.018726  0.170282  0.325865
 0.104187  0.723542  0.682372   1.92947
        0         0         0         1

 -0.127195   0.687656  -0.714808   0.609586
 -0.987558 -0.0206176   0.155895   0.318511
 0.0924643   0.725744   0.681723    1.91594
         0          0          0          1

 -0.119825   0.682768  -0.720743    0.62922
 -0.989629 -0.0242104   0.141593   0.310105
 0.0792259   0.730234   0.678588    1.89324
         0          0          0          1

 -0.119171   0.677933    -0.7254   0.645175
 -0.990317 -0.0287601   0.135815   0.306472
 0.0712108   0.734561   0.674796     1.8772
         0          0          0          1

 -0.106558   0.664383  -0.739757   0.678491
  -0.99316 -0.0354025   0.111264   0.295061
 0.0477324   0.746553   0.663611    1.83488
         0          0          0          1

 -0.101434   0.658423  -0.745781   0.689794
 -0.994177 -0.0396778   0.100188   0.289325
 0.0363752   0.751601   0.658614    1.81982
         0          0          0          1

-0.0951443   0.65138 -0.752762  0.705432
-0.995206 -0.045049 0.0868057  0.282696
0.0226323  0.757413  0.652544    1.7976
        0         0         0         1

-0.0956468   0.649594  -0.754241   0.718885
  -0.99534 -0.0530844  0.0805019   0.278352
 0.0122551   0.758426   0.651644    1.78431
         0          0          0          1

-0.0947204   0.648558  -0.755249   0.736327
 -0.995503 -0.0624301  0.0712414   0.272861
-0.000946108   0.758601   0.651555    1.76543
         0          0          0          1

 -0.095226    0.64775  -0.755879   0.747604
 -0.995437 -0.0665644  0.0683633   0.270397
-0.0060323    0.75894   0.651133    1.75019
         0          0          0          1

-0.0880763   0.650003   -0.75481   0.775352
 -0.995569 -0.0824891  0.0451344    0.26062
-0.0329261   0.755441   0.654388    1.71776
         0          0          0          1

 -0.086883   0.668551  -0.738574   0.785382
 -0.995969 -0.0748768  0.0493842   0.259324
-0.0222862   0.739887   0.672361    1.70291
         0          0          0          1

-0.0929339  0.687426 -0.720284  0.805148
-0.995356 -0.082388 0.0497951  0.257373
-0.0251123  0.721567  0.691889   1.68456
        0         0         0         1

-0.0845165   0.688254   -0.72053   0.813572
 -0.995482 -0.0897184  0.0310683   0.254301
-0.0432619     0.7199   0.692728    1.67182
         0          0          0          1

 -0.0651485    0.679244   -0.731015    0.845282
  -0.994595   -0.103549 -0.00757669    0.251292
 -0.0808424    0.726571    0.682319     1.62956
          0           0           0           1

-0.0572871    0.67847  -0.732391   0.857532
 -0.993758  -0.109095 -0.0233317   0.250516
-0.0957298   0.726483   0.680484    1.61485
         0          0          0          1

-0.0479227    0.67945  -0.732155   0.875101
  -0.99187  -0.118878 -0.0453982   0.248914
 -0.117883   0.724028   0.679623    1.59448
         0          0          0          1

-0.0423794    0.68116  -0.730907   0.886322
 -0.990844  -0.122515 -0.0567252   0.248727
 -0.128186   0.721811   0.680115    1.57963
         0          0          0          1

-0.0367176   0.684947  -0.727667   0.901344
 -0.988973  -0.129446 -0.0719434   0.247206
 -0.143471   0.717002   0.682147    1.56295
         0          0          0          1

-0.0345465   0.688168  -0.724728   0.910902
 -0.987558  -0.134824 -0.0809473   0.245912
 -0.153416   0.712914   0.684264    1.55332
         0          0          0          1

-0.0356645   0.688928  -0.723952   0.932823
  -0.98575  -0.143416 -0.0879162   0.242702
 -0.164394     0.7105   0.684225    1.52642
         0          0          0          1

-0.0375864   0.688024  -0.724714   0.940618
 -0.984887  -0.148208 -0.0896245   0.241457
 -0.169072   0.710393   0.683196     1.5184
         0          0          0          1

-0.0376504   0.684621  -0.727926   0.950362
 -0.983887  -0.152806 -0.0928261   0.239591
 -0.174782   0.712702   0.679343    1.50668
         0          0          0          1

-0.0402783   0.680923  -0.731247   0.958605
 -0.982865  -0.158743 -0.0936806   0.238482
  -0.17987   0.714944   0.675649     1.4994
         0          0          0          1

-0.0439905   0.668612  -0.742309   0.976355
  -0.98082  -0.170132 -0.0951163   0.236158
 -0.189887   0.723888   0.663272     1.4776
         0          0          0          1

-0.0468341   0.663779  -0.746461   0.984011
 -0.980298  -0.174098 -0.0933085    0.23536
 -0.191893   0.727384   0.658855     1.4684
         0          0          0          1

-0.0507766   0.656148  -0.752922   0.994437
 -0.978221    -0.1846 -0.0949029   0.234107
  -0.20126   0.731705   0.651232    1.45843
         0          0          0          1

 -0.050646   0.653074  -0.755599   0.999669
 -0.977477  -0.187617 -0.0966416   0.233706
 -0.204877   0.733685   0.647867    1.45014
         0          0          0          1

-0.0516801  0.650636 -0.757629    1.0082
-0.976827 -0.190712 -0.097147  0.232453
-0.207696  0.735052  0.645415   1.43915
        0         0         0         1

-0.0516021  0.650335 -0.757893   1.01459
-0.975721 -0.194581 -0.100534  0.231936
-0.212852  0.734304  0.644586   1.43472
        0         0         0         1

-0.0490906  0.652673 -0.756048   1.02902
-0.974775 -0.196316 -0.106181  0.230189
-0.217725  0.731764  0.645847   1.42096
        0         0         0         1

-0.0498777  0.654956 -0.754019   1.03526
 -0.97476 -0.196416 -0.106132  0.229814
-0.217613  0.729694  0.648222   1.41597
        0         0         0         1

-0.0480189  0.658071 -0.751423   1.04244
-0.975198 -0.193617 -0.107244    0.2286
-0.216062  0.727636  0.651047   1.40857
        0         0         0         1

-0.0436268  0.660826  -0.74927   1.04592
 -0.97512 -0.191324 -0.111963  0.228372
-0.217341  0.725744  0.652731   1.40578
        0         0         0         1

-0.0359618  0.665285 -0.745723   1.05739
-0.975313 -0.186053 -0.118951  0.227259
 -0.21788  0.723035  0.655552   1.39464
        0         0         0         1

-0.0342844  0.665468 -0.745639   1.06242
-0.975131 -0.185731 -0.120925  0.226772
 -0.21896   0.72295  0.655286   1.39104
        0         0         0         1

-0.0324677  0.663922 -0.747097   1.06915
 -0.97455 -0.186915 -0.123754  0.226555
-0.221807  0.724065  0.653094   1.38646
        0         0         0         1

-0.0320662  0.662409 -0.748456   1.07259
 -0.97429 -0.187796 -0.124464  0.226306
-0.223003  0.725222    0.6514   1.38206
        0         0         0         1

-0.030031  0.658712 -0.751796   1.07519
-0.973965 -0.188367 -0.126139  0.225753
-0.224702  0.728434  0.647219   1.37668
        0         0         0         1

-0.0293303  0.655701 -0.754451   1.07737
-0.973376 -0.190392 -0.127631  0.225443
-0.227329  0.730621  0.643828   1.37403
        0         0         0         1

-0.0292282  0.649254  -0.76001   1.08026
-0.971282 -0.198061 -0.131844  0.224802
-0.236128   0.73433  0.636398   1.36877
        0         0         0         1

-0.0288521  0.648461 -0.760701   1.07975
-0.970825 -0.199412 -0.133168  0.224588
-0.238047  0.734665  0.635296   1.36619
        0         0         0         1

-0.0319566  0.648737 -0.760341   1.08138
-0.970421 -0.202272 -0.131796  0.223938
-0.239296  0.733639  0.636012   1.36283
        0         0         0         1

-0.0328909  0.650006 -0.759217   1.08146
 -0.97007 -0.203617 -0.132302  0.224125
-0.240586  0.732142  0.637249   1.36178
        0         0         0         1

-0.032132  0.655413 -0.754587   1.07979
-0.970192 -0.201891 -0.134044  0.224402
-0.240198  0.727787  0.642363   1.35821
        0         0         0         1

-0.0321505  0.657148 -0.753075   1.08068
-0.970132 -0.201772 -0.134653  0.224314
-0.240436  0.726254  0.644008   1.35781
        0         0         0         1

-0.0303681  0.660055 -0.750603   1.08084
-0.970062 -0.200487 -0.137055  0.224401
 -0.24095  0.723969  0.646383   1.35732
        0         0         0         1

-0.0299779  0.660667  -0.75008   1.08158
-0.969896 -0.200659 -0.137976  0.224554
-0.241667  0.723364  0.646794   1.35725
        0         0         0         1

-0.0269918  0.660973 -0.749924   1.08207
-0.969699 -0.199533 -0.140964  0.224998
-0.242808  0.723395  0.646331   1.35693
        0         0         0         1

-0.0259121  0.660269 -0.750582   1.08351
-0.969586 -0.199395  -0.14193  0.224822
-0.243374  0.724077  0.645354   1.35678
        0         0         0         1

-0.0205588  0.657873 -0.752848   1.08682
-0.969591 -0.196791 -0.145487  0.225265
-0.243866  0.726964  0.641913   1.35539
        0         0         0         1

-0.0187538  0.657509 -0.753213   1.08937
-0.969345 -0.196548  -0.14744  0.225246
-0.244986  0.727359  0.641039   1.35581
        0         0         0         1

-0.0141629  0.659259 -0.751783   1.09257
-0.969591 -0.192768 -0.150777  0.225208
 -0.24432  0.726786  0.641942   1.35568
        0         0         0         1

-0.00842144  0.662913 -0.748649   1.09405
-0.970237  -0.18661 -0.154325   0.22548
 -0.24201  0.725067  0.644755   1.35577
        0         0         0         1

0.0053062  0.673301  -0.73935    1.1014
-0.972057 -0.170045 -0.161831   0.22547
-0.234684  0.719549  0.653585   1.35867
        0         0         0         1

0.0141781  0.675801 -0.736948   1.10415
-0.972194 -0.162979  -0.16816  0.225619
-0.233749   0.71884  0.654699   1.36112
        0         0         0         1

0.0214646  0.679336 -0.733514   1.10907
-0.973191 -0.153851 -0.170965  0.225451
-0.228994  0.717519  0.657821   1.36394
        0         0         0         1

0.0282253  0.681026 -0.731715    1.1126
-0.974053 -0.145702 -0.173181  0.225192
-0.224553  0.717617  0.659243   1.36532
        0         0         0         1

0.0333227  0.682101 -0.730499   1.11924
 -0.97527 -0.137592 -0.172964  0.225152
 -0.21849  0.718197  0.660647   1.36755
        0         0         0         1

0.0373034  0.682046 -0.730358    1.1242
-0.975765 -0.132837 -0.173887  0.225233
-0.215617  0.719144  0.660561   1.36936
        0         0         0         1

0.0479542   0.68152 -0.730227   1.13621
-0.976863 -0.120545 -0.176655  0.225126
-0.208419  0.721803  0.659971   1.37535
        0         0         0         1

0.0502356  0.681082 -0.730482   1.14113
-0.977911 -0.115042 -0.174513  0.224885
-0.202894  0.723114  0.660258   1.37628
        0         0         0         1

0.0550671  0.680891 -0.730312    1.1479
-0.978436  -0.10903 -0.175428  0.224972
-0.199073  0.724224  0.660205   1.37935
        0         0         0         1

 0.062505  0.680782 -0.729815   1.15223
-0.978618  -0.10177 -0.178747  0.225223
-0.195961  0.725382  0.659864   1.38131
        0         0         0         1

 0.0729992   0.678796   -0.73069    1.16782
 -0.980291 -0.0860225  -0.177849   0.224533
 -0.183579   0.729271   0.659138    1.38708
         0          0          0          1

 0.0749742    0.67734   -0.73184    1.17561
 -0.981304 -0.0803425   -0.17489   0.224208
 -0.177258    0.73127   0.658653    1.38919
         0          0          0          1

 0.0819657   0.675774  -0.732537    1.18569
 -0.981947 -0.0709665   -0.17534   0.223857
 -0.170476   0.733685   0.657757    1.39243
         0          0          0          1

 0.0889253   0.673668  -0.733665    1.19209
 -0.982007 -0.0639028  -0.177703   0.223642
 -0.166596   0.736266   0.655864    1.39568
         0          0          0          1

 0.0958001   0.670642  -0.735569    1.20305
 -0.982892 -0.0530511   -0.17638   0.222801
  -0.15731   0.739882   0.654086    1.39899
         0          0          0          1

  0.101944   0.668731  -0.736482    1.21082
 -0.983058 -0.0456443   -0.17752   0.222898
 -0.152329   0.742102   0.652748    1.40141
         0          0          0          1

  0.115037    0.66401  -0.738821    1.23248
 -0.983583 -0.0279616  -0.178278   0.222201
 -0.139037   0.747201   0.649892    1.40827
         0          0          0          1

   0.12009   0.662354  -0.739504    1.24132
 -0.983677 -0.0211582  -0.178693   0.221498
 -0.134004   0.748892   0.649002    1.41111
         0          0          0          1

    0.12745    0.661435   -0.739095     1.25393
  -0.984071 -0.00878497   -0.177556     0.22117
  -0.123935    0.749951    0.649779     1.41359
          0           0           0           1

   0.129846    0.660146   -0.739829     1.26485
  -0.984379 -0.00364984   -0.176023    0.220234
  -0.118901    0.751128     0.64936     1.41614
          0           0           0           1

 0.145434  0.657652  -0.73915   1.28968
-0.983567 0.0153243  -0.17989  0.219384
-0.106978  0.753166  0.649073   1.42179
        0         0         0         1

 0.149646  0.657202 -0.738709   1.30049
-0.983736 0.0238959 -0.178023  0.218525
-0.0993451  0.753335   0.65009   1.42246
        0         0         0         1

  0.16489  0.655991 -0.736537   1.31283
-0.981743 0.0373664 -0.186505  0.219139
-0.094824  0.753843  0.650176    1.4251
        0         0         0         1

 0.175547  0.655279 -0.734706   1.32206
-0.980408  0.048633 -0.190879  0.219491
-0.0893479   0.75382  0.650978   1.42573
        0         0         0         1

 0.181239    0.6554 -0.733214   1.33918
 -0.97988 0.0569754 -0.191282  0.218321
-0.0835909   0.75313   0.65254    1.4271
        0         0         0         1

 0.186724  0.655963 -0.731332   1.35134
-0.979298 0.0650557 -0.191683    0.2178
-0.0781598  0.751984  0.654531   1.42717
        0         0         0         1

 0.205677  0.655185 -0.726932   1.37902
 -0.97621 0.0852646 -0.199358  0.217162
-0.0686346  0.750642  0.657135   1.42791
        0         0         0         1

 0.211739  0.654553  -0.72576   1.39024
-0.975204 0.0925941 -0.201005  0.216981
-0.0643674  0.750325  0.657928   1.42791
        0         0         0         1

 0.221439  0.652458  -0.72475   1.40683
-0.973246  0.101146 -0.206307  0.216885
-0.0613013  0.751045    0.6574   1.42825
        0         0         0         1

 0.230809  0.650033 -0.724006   1.41769
-0.971214  0.108867 -0.211874   0.21701
-0.0589046  0.752068  0.656448   1.42795
        0         0         0         1

 0.246146  0.648626 -0.720206   1.44718
-0.967923  0.125885 -0.217435  0.216408
-0.0503707  0.750624  0.658806   1.42395
        0         0         0         1

 0.249978  0.648669 -0.718846   1.45975
 -0.96702  0.129822 -0.219132  0.215898
-0.0488223  0.749917  0.659728   1.42301
        0         0         0         1

   0.2565  0.649045 -0.716204   1.47615
-0.965574  0.138881 -0.219951  0.215223
-0.043291  0.747966  0.662324   1.41869
        0         0         0         1

 0.260003  0.649267 -0.714739   1.48818
 -0.96473  0.143119 -0.220935  0.214518
-0.0411534  0.746974  0.663579   1.41671
        0         0         0         1

 0.273269  0.646121 -0.712637   1.50157
-0.961142  0.153283 -0.229586  0.215516
-0.0391054  0.747684  0.662902   1.41389
        0         0         0         1

 0.279657  0.643603 -0.712437   1.51292
-0.959263  0.156326 -0.235322  0.215455
-0.0400817  0.749224  0.661102   1.41337
        0         0         0         1

 0.292175   0.64334 -0.707635   1.54281
-0.955688  0.168576 -0.241334  0.214973
-0.0359695   0.74679  0.664086   1.40539
        0         0         0         1

 0.297651  0.642051 -0.706523   1.55365
-0.954001  0.172239 -0.245389  0.214634
-0.0358616  0.747064  0.663784   1.40252
        0         0         0         1

 0.305655  0.639238 -0.705656   1.56782
-0.951444  0.176682 -0.252066  0.214419
-0.0364534  0.748437  0.662203   1.39972
        0         0         0         1

 0.311928  0.639649 -0.702532   1.57821
-0.949426  0.181882 -0.255948  0.215071
-0.0359387  0.746839  0.664033   1.39607
        0         0         0         1

 0.318659  0.639369  -0.69976   1.60577
-0.947185  0.186732 -0.260716  0.212796
-0.0360261  0.745881  0.665104   1.38784
        0         0         0         1

 0.325326  0.639747 -0.696338   1.61462
-0.944903  0.191634 -0.265394  0.213748
-0.0363432  0.744312  0.666843   1.38423
        0         0         0         1

 0.331768  0.641157 -0.691988     1.628
-0.942673   0.19731 -0.269141  0.214233
-0.0360253  0.741611  0.669862   1.37847
        0         0         0         1

 0.336089  0.641129 -0.689926   1.63726
-0.941116  0.200083 -0.272522   0.21428
-0.036679  0.740892  0.670622   1.37488
        0         0         0         1

 0.341512  0.642365 -0.686102   1.64909
-0.939167  0.204859 -0.275677  0.214259
-0.0365308  0.738512   0.67325   1.36904
        0         0         0         1

  0.34211  0.644841 -0.683477   1.65915
-0.938931  0.205944 -0.275674  0.212915
-0.0370082  0.736048  0.675916   1.36562
        0         0         0         1

 0.351571  0.649168 -0.674521   1.68261
-0.935319  0.213024 -0.282487  0.212465
-0.0396922  0.730207  0.682072   1.35599
        0         0         0         1

 0.355602  0.649077 -0.672493   1.69154
-0.933748  0.215338 -0.285909  0.212441
-0.0407637  0.729608  0.682649   1.35267
        0         0         0         1

 0.363796  0.650718 -0.666497   1.70203
-0.930518  0.221399  -0.29175  0.213714
-0.0422854  0.726325   0.68605   1.34554
        0         0         0         1

 0.366504  0.651263 -0.664478   1.70941
-0.929295  0.221176 -0.295791  0.213699
-0.0456714  0.725905  0.686277    1.3426
        0         0         0         1

 0.376741   0.65423 -0.655781   1.72781
-0.924882   0.22626 -0.305613  0.214531
-0.0515639  0.721657  0.690328   1.33185
        0         0         0         1

 0.382512  0.654128 -0.652534    1.7338
-0.922241   0.22737 -0.312689    0.2161
-0.0561721  0.721401  0.690236   1.32764
        0         0         0         1

 0.382106  0.658978 -0.647876   1.74429
-0.922254  0.227413  -0.31262  0.215547
-0.0586743   0.71696  0.694641   1.32031
        0         0         0         1

 0.383964  0.660098 -0.645633   1.75055
-0.921297  0.227303 -0.315508   0.21578
-0.0615122  0.715963  0.695423   1.31694
        0         0         0         1

  0.38559  0.662748 -0.641939   1.75944
-0.920463  0.228208 -0.317284  0.215752
-0.0637838  0.713222   0.69803   1.30997
        0         0         0         1

 0.388315  0.664244 -0.638742   1.76477
-0.919198  0.229945 -0.319688  0.217038
-0.0654753   0.71127  0.699863   1.30515
        0         0         0         1

 0.390945  0.670626 -0.630415   1.77982
-0.917454  0.229042 -0.325297  0.217287
-0.0737606   0.70555  0.704811   1.29345
        0         0         0         1

 0.393691  0.671462 -0.627811   1.78444
-0.915995  0.229195 -0.329276  0.217799
-0.077205  0.704705  0.705288   1.29026
        0         0         0         1

 0.397298  0.676271 -0.620332   1.79125
-0.914209  0.232852 -0.331664  0.219082
-0.0798491  0.698883  0.710765   1.28165
        0         0         0         1

    0.397  0.680475  -0.61591   1.79665
-0.914126  0.233019 -0.331776   0.21905
-0.0822466  0.694734  0.714548   1.27629
        0         0         0         1

 0.40354 0.684923 -0.60666  1.80859
-0.910489  0.23512 -0.34019 0.220766
-0.0903661 0.689637 0.718495  1.26589
       0        0        0        1

 0.406933  0.687512 -0.601442   1.81142
-0.908749  0.237933 -0.342874  0.221977
-0.0926271  0.686087  0.721599   1.25988
        0         0         0         1

  0.41306  0.688257 -0.596392   1.81586
-0.905387  0.239686 -0.350464  0.225111
-0.0982627  0.684728  0.722144   1.25509
        0         0         0         1

 0.412706  0.689722 -0.594943   1.82034
-0.905186  0.237741 -0.352304  0.224441
 -0.10155  0.683932  0.722444   1.25219
        0         0         0         1

 0.411343  0.692225 -0.592977   1.82609
-0.905207  0.234049 -0.354712  0.223874
-0.106754  0.682675  0.722882   1.24768
        0         0         0         1

 0.410857  0.693515 -0.591805    1.8302
-0.905032  0.231884 -0.356576  0.223608
-0.110061  0.682104  0.722925   1.24519
        0         0         0         1

 0.409974  0.697744  -0.58743   1.83852
-0.904883  0.230298 -0.357981  0.223604
-0.114495  0.678318  0.725793   1.23481
        0         0         0         1

 0.412087   0.69894 -0.584522   1.84062
-0.903626  0.231261 -0.360524  0.225526
-0.116808  0.676757  0.726881   1.23118
        0         0         0         1

 0.415993  0.699877 -0.580622   1.84174
-0.901467  0.233399  -0.36453  0.227191
-0.119609  0.675053  0.728009   1.22659
        0         0         0         1

 0.418043  0.701205 -0.577539   1.84415
-0.900105  0.233866 -0.367584  0.228636
-0.122685  0.673512  0.728924   1.22334
        0         0         0         1

 0.417022  0.704225 -0.574595   1.84877
-0.900207  0.232818 -0.367999   0.22771
-0.125378  0.670718  0.731038   1.21936
        0         0         0         1

0.416995 0.706286 -0.57208  1.85101
-0.899828 0.232048 -0.36941 0.228093
-0.128159 0.668815 0.732299  1.21608
       0        0        0        1

 0.419597  0.708051 -0.567981   1.85615
-0.898253  0.233801 -0.372127  0.229582
 -0.13069  0.666334  0.734111   1.20981
        0         0         0         1

  0.41951  0.708213 -0.567843   1.85782
-0.898169  0.233192 -0.372711  0.229003
-0.131543  0.666375  0.733922   1.20854
        0         0         0         1

 0.420554  0.707769 -0.567624   1.86075
-0.897466  0.232819 -0.374634  0.229909
   -0.133  0.666977  0.733111   1.20619
        0         0         0         1

 0.419545  0.709179 -0.566611   1.86303
-0.897751  0.231846 -0.374554  0.229122
-0.134259  0.665817  0.733936   1.20304
        0         0         0         1

 0.420647  0.710738 -0.563833   1.86324
-0.896783  0.231732 -0.376935  0.231377
-0.137244  0.664193  0.734855   1.19714
        0         0         0         1

 0.423788  0.709856  -0.56259   1.86229
-0.894903  0.232257 -0.381059  0.233849
-0.139832  0.664952   0.73368   1.19755
        0         0         0         1

 0.422566  0.710299  -0.56295   1.86446
-0.895232    0.2302 -0.381534  0.233304
-0.141412  0.665194  0.733157   1.19498
        0         0         0         1

 0.420518  0.712698  -0.56145   1.86541
-0.896292  0.230289 -0.378983  0.232419
-0.140805  0.662592  0.735626   1.19118
        0         0         0         1

 0.420696  0.715252 -0.558059   1.86625
-0.896093  0.231651 -0.378622  0.232577
-0.141535  0.659358  0.738387   1.18932
        0         0         0         1

 0.421957  0.717957 -0.553616   1.86612
-0.895601  0.235193 -0.377602  0.233409
-0.140895  0.655151  0.742244   1.18719
        0         0         0         1

 0.425877  0.718589 -0.549781   1.86827
 -0.89403  0.240824 -0.377775  0.234215
-0.139064  0.652406  0.745002    1.1877
        0         0         0         1

 0.428948  0.717728 -0.548516   1.86842
-0.892361   0.24234  -0.38074  0.235668
 -0.14034  0.652792  0.744424   1.18811
        0         0         0         1

 0.436911  0.716091 -0.544355   1.86692
-0.888124  0.247457   -0.3873  0.239162
-0.142638   0.65267  0.744094   1.18748
        0         0         0         1

 0.438261  0.716071 -0.543295   1.86709
-0.887524    0.2491 -0.387622  0.239446
 -0.14223  0.652067  0.744701   1.18641
        0         0         0         1

 0.435701  0.718444 -0.542221   1.86903
-0.888775  0.248174 -0.385342  0.237776
-0.142281  0.649806  0.746665   1.18437
        0         0         0         1

 0.433177  0.719993 -0.542188   1.86958
-0.889937  0.246409 -0.383791  0.236754
-0.142727  0.648762  0.747487   1.18416
        0         0         0         1

 0.430243  0.722295 -0.541461   1.86957
-0.891161  0.244199 -0.382359  0.235635
-0.143951  0.647037  0.748747   1.18358
        0         0         0         1

 0.429853  0.723131 -0.540655   1.86927
-0.891253  0.243966 -0.382293  0.235567
-0.144546  0.646191  0.749362   1.18357
        0         0         0         1

 0.428943  0.724694 -0.539284   1.86906
-0.891683  0.244115 -0.381195   0.23513
-0.144602  0.644381  0.750908   1.18373
        0         0         0         1

 0.429328  0.725759 -0.537542   1.86894
 -0.89137  0.244693 -0.381556  0.235217
-0.145385  0.642961  0.751974   1.18392
        0         0         0         1

 0.434012  0.728242 -0.530375   1.86857
-0.888974  0.250683 -0.383253  0.236698
-0.146145  0.637826  0.756188   1.18485
        0         0         0         1

 0.435565  0.728373 -0.528919    1.8689
-0.888002  0.251449    -0.385   0.23707
-0.147427  0.637374   0.75632   1.18554
        0         0         0         1

 0.435835  0.729286 -0.527436   1.86931
-0.887794  0.252066 -0.385076  0.236827
-0.147882  0.636085  0.757316   1.18608
        0         0         0         1

 0.441348  0.729654 -0.522319   1.86961
-0.884851  0.257123 -0.388492  0.238285
-0.149165  0.633635  0.759116   1.18603
        0         0         0         1

  0.43802  0.734633 -0.518124   1.86981
-0.886893  0.259007 -0.382539  0.236911
-0.146828   0.62708  0.764991   1.18581
        0         0         0         1

 0.438544  0.735366 -0.516639   1.87007
-0.886711  0.260424 -0.381997  0.236776
-0.146362  0.625633  0.766265   1.18585
        0         0         0         1

  0.43218  0.739014 -0.516796   1.87133
-0.890077  0.257516 -0.376096  0.234223
-0.144857   0.62253  0.769073   1.18618
        0         0         0         1

 0.435513  0.738064 -0.515355   1.87174
-0.888409  0.260117 -0.378244  0.234706
-0.145116  0.622576  0.768987   1.18727
        0         0         0         1

 0.434471  0.739861 -0.513655   1.87236
-0.889065  0.260974 -0.376107  0.234046
-0.144216   0.62008   0.77117   1.18843
        0         0         0         1

 0.435222  0.741264 -0.510989   1.87259
-0.888812  0.263283 -0.375094  0.234088
-0.143509  0.617422  0.773431   1.18886
        0         0         0         1

 0.437514  0.741872 -0.508141   1.87343
-0.887765  0.266484 -0.375313  0.234328
-0.143023  0.615315  0.775198   1.19287
        0         0         0         1

 0.436253  0.743901 -0.506255   1.87338
-0.888678  0.267914  -0.37212  0.233878
-0.141188  0.612236  0.777967   1.19235
        0         0         0         1

 0.435127  0.743115 -0.508374   1.87396
-0.889498  0.267321 -0.370583  0.233661
-0.139487  0.613449  0.777318   1.19494
        0         0         0         1

 0.434587  0.742023 -0.510427   1.87362
-0.889696  0.265662 -0.371302  0.233554
-0.139913  0.615488  0.775628    1.1978
        0         0         0         1

 0.426461  0.741138 -0.518503   1.87438
  -0.8938  0.257365 -0.367266  0.230849
 -0.13875  0.620063  0.772186   1.20346
        0         0         0         1

 0.422909  0.740226 -0.522698    1.8745
-0.895613  0.253636  -0.36544  0.230096
-0.137933  0.622683  0.770221   1.20626
        0         0         0         1

 0.416161  0.741166 -0.526766   1.87272
-0.899154  0.249169 -0.359774  0.228742
-0.135398  0.623368  0.770117    1.2072
        0         0         0         1

 0.412025  0.741506 -0.529533   1.87103
-0.901319  0.246438  -0.35622  0.228117
-0.133643  0.624049  0.769872   1.20996
        0         0         0         1

 0.408298  0.740684 -0.533554   1.86794
-0.903453  0.244236  -0.35231  0.227776
-0.130637  0.625889  0.768894   1.21675
        0         0         0         1

 0.406158  0.742241 -0.533024   1.86583
-0.904867  0.245303 -0.347911   0.22808
-0.127481  0.623623  0.771261   1.21878
        0         0         0         1

 0.401184    0.7448 -0.533221   1.86145
-0.908432  0.248848 -0.335896  0.227836
-0.117485  0.619151  0.776434   1.22858
        0         0         0         1

 0.402581  0.743312 -0.534244   1.85732
-0.908287  0.251832 -0.334059   0.22912
 -0.11377  0.619732  0.776523   1.23619
        0         0         0         1

 0.398247  0.742092 -0.539165   1.85443
-0.911314   0.25317 -0.324673  0.227075
-0.104436  0.620649  0.777103   1.24567
        0         0         0         1

 0.398403  0.740215 -0.541623   1.84991
-0.911826  0.255745 -0.321198  0.228942
-0.0992383  0.621832  0.776837   1.25239
        0         0         0         1

 0.388676  0.732577 -0.558803   1.84201
-0.917648  0.253294 -0.306209  0.227216
-0.0827806  0.631801  0.770697   1.27355
        0         0         0         1

 0.386174   0.72825 -0.566147   1.83665
-0.919179  0.252355 -0.302369  0.227861
 -0.07733  0.637157  0.766845   1.28355
        0         0         0         1

 0.377785  0.726502 -0.573998   1.83032
-0.923399  0.250157 -0.291127  0.226854
-0.0679146  0.640013  0.765357   1.29403
        0         0         0         1

  0.37939   0.72246 -0.578027   1.82234
-0.923228  0.254451 -0.287932  0.229434
-0.0609395  0.642889  0.763532    1.3027
        0         0         0         1

 0.375254  0.716054 -0.588601   1.81373
 -0.92567  0.256505 -0.278101  0.229481
-0.0481563  0.649208  0.759085     1.318
        0         0         0         1

 0.372929  0.711379 -0.595705   1.80721
-0.926995  0.257933 -0.272308  0.230032
-0.040062  0.653767  0.755635   1.33059
        0         0         0         1

 0.363762  0.701677 -0.612639   1.78857
-0.931354  0.262668 -0.252159  0.230242
-0.0160138   0.66231  0.749059   1.36149
        0         0         0         1

 0.363344   0.69524 -0.620179    1.7786
-0.931644  0.267828 -0.245578  0.232171
-0.00463428  0.667015   0.74503   1.37491
        0         0         0         1

 0.357352  0.688583 -0.630993   1.76544
-0.933912  0.270968 -0.233206  0.233473
0.0103973  0.672629  0.739907   1.39374
        0         0         0         1

 0.354043   0.68473 -0.637023   1.75534
-0.934988  0.274614 -0.224465  0.235348
0.0212371  0.675079   0.73744   1.40639
        0         0         0         1

 0.336531  0.670132 -0.661566   1.72808
-0.940488  0.274412  -0.20045  0.235928
0.0472138  0.689653  0.722599   1.44617
        0         0         0         1

 0.334942  0.663468 -0.669047   1.71488
-0.940368  0.280106 -0.193001  0.238305
0.0593545  0.693795  0.717723   1.46119
        0         0         0         1

  0.31909  0.658269 -0.681809   1.69962
-0.944976  0.275744 -0.176029  0.237204
0.0721301  0.700462  0.710035    1.4839
        0         0         0         1

 0.319497  0.649311 -0.690157   1.68294
-0.944008  0.281349 -0.172315  0.240963
0.0822886  0.706568  0.702844   1.50053
        0         0         0         1

 0.312917  0.641749 -0.700172   1.66107
-0.944918  0.284847 -0.161219  0.243765
0.0959802  0.712053  0.695534   1.52459
        0         0         0         1

 0.306074  0.636351 -0.708079   1.64655
-0.945967  0.286945 -0.151025  0.244463
 0.107075  0.716045  0.689794   1.54168
        0         0         0         1

 0.291429  0.621942 -0.726813   1.60183
-0.947217  0.293733 -0.128454  0.249783
 0.133598  0.725885  0.674716   1.58779
        0         0         0         1

 0.288721   0.61588 -0.733029   1.58216
-0.946753  0.297593 -0.122867  0.253469
 0.142473  0.729472  0.669008   1.60765
        0         0         0         1

 0.278767  0.608467 -0.743006   1.55612
-0.947348  0.301151 -0.108813  0.255344
 0.157548  0.734218  0.660381   1.63528
        0         0         0         1

   0.27058   0.605571  -0.748379    1.53755
  -0.94784   0.303624 -0.0970112   0.257517
  0.168479   0.735593   0.656139    1.65228
         0          0          0          1

  0.252311   0.590206  -0.766809    1.48223
 -0.948254   0.308664 -0.0744376   0.264234
  0.192753   0.745911   0.637544    1.70194
         0          0          0          1

 0.240416  0.585984 -0.773837   1.46187
-0.949473  0.307662 -0.062007   0.26564
 0.201745  0.749645  0.630343    1.7219
        0         0         0         1

  0.227292    0.58101  -0.781515    1.43206
 -0.950374   0.307405 -0.0478647   0.268092
  0.212431   0.753611   0.622048    1.75005
         0          0          0          1

  0.221035   0.573979  -0.788474    1.40684
 -0.950113    0.30916 -0.0412909   0.271205
  0.220065   0.758266    0.61368    1.77113
         0          0          0          1

  0.208436   0.567704  -0.796408     1.3743
 -0.949998   0.311096 -0.0268749   0.274404
  0.232503   0.762188   0.604162     1.8007
         0          0          0          1

  0.199027   0.563277   -0.80194     1.3505
 -0.949309   0.313982 -0.0150622   0.277824
  0.243311   0.764286   0.597215     1.8202
         0          0          0          1

 0.175119  0.552021 -0.815234   1.28602
-0.948316  0.317135 0.0110368  0.284888
 0.264632  0.771167  0.579027   1.87499
        0         0         0         1

 0.163767  0.549969 -0.818972   1.26135
-0.946621  0.321263 0.0264472  0.289938
 0.277651  0.770924  0.573224   1.89226
        0         0         0         1

 0.149035    0.5462  -0.82429   1.22666
-0.945789  0.322006 0.0423685   0.29528
 0.288568   0.77329   0.56458   1.92031
        0         0         0         1

 0.136369  0.544356 -0.827696   1.20232
-0.945606  0.320618 0.0550673  0.297579
  0.29535  0.775165  0.558469   1.94072
        0         0         0         1

 0.104536   0.53882  -0.83591   1.13886
-0.943642  0.319136 0.0877042  0.306459
 0.314026  0.779631  0.541814   1.99381
        0         0         0         1

0.0931256  0.534662 -0.839919   1.11286
 -0.94016  0.324922  0.102594  0.313222
 0.327762  0.780104  0.532926   2.01057
        0         0         0         1

0.0729469  0.53345 -0.84268  1.08261
-0.936757 0.326635 0.125682 0.321494
0.342294 0.780218  0.52354  2.03884
       0        0        0        1

0.0624272 0.528155 -0.84685  1.05661
-0.935199 0.327302 0.135189 0.325917
0.348577 0.783534 0.514362  2.05971
       0        0        0        1

0.0409157   0.52933 -0.847429   1.02702
-0.932248  0.325385  0.158235   0.33317
 0.359499  0.783539   0.50678   2.08733
        0         0         0         1

0.0275971  0.529981 -0.847561   1.00376
-0.928099  0.328532  0.175212  0.341004
  0.37131  0.781785  0.500941   2.10357
        0         0         0         1

-0.000559531  0.529224 -0.848482  0.940904
-0.915701  0.340699  0.213108  0.363253
 0.401859  0.777075   0.48442   2.14667
        0         0         0         1

-0.0127545  0.536164 -0.844018  0.923211
-0.913128  0.337725  0.228339  0.368642
 0.407473  0.773608  0.485279   2.16883
        0         0         0         1

-0.0298878   0.53901 -0.841769  0.892693
-0.903461  0.345718  0.253452  0.384759
 0.427628   0.76808  0.476642   2.18741
        0         0         0         1

-0.0402868  0.545086 -0.837412   0.87455
-0.897299  0.348973   0.27032  0.394621
 0.439581  0.762299  0.475046   2.20398
        0         0         0         1

-0.0665049   0.56139 -0.824875  0.829039
-0.882335  0.352927  0.311331  0.419681
 0.465899  0.748521  0.471863   2.24739
        0         0         0         1

-0.0773332  0.568301 -0.819178  0.814418
-0.874957  0.355226  0.329035  0.431228
 0.477985  0.742191  0.469768   2.26332
        0         0         0         1

-0.095428 0.580471 -0.80867 0.796583
-0.865922 0.352292 0.355063 0.445879
0.490991 0.734128 0.469024  2.28841
       0        0        0        1

-0.104476  0.587525 -0.802433  0.781175
-0.858911   0.35344  0.370611  0.459125
 0.501355  0.727939  0.467705   2.30041
        0         0         0         1

-0.119927  0.602114 -0.789352  0.762601
-0.844535  0.356099  0.399942  0.479363
 0.521898  0.714599  0.465801   2.31737
        0         0         0         1

-0.127142  0.608621 -0.783209  0.745931
-0.838689  0.355607  0.412485  0.491613
 0.529561  0.709313  0.465231   2.33219
        0         0         0         1

-0.150459  0.638806 -0.754512  0.714712
 -0.81365  0.353493  0.461536  0.531073
 0.561547  0.683351  0.466579   2.36431
        0         0         0         1

-0.162496  0.646527 -0.745385  0.699796
-0.800479  0.355307  0.482691  0.551503
 0.576913    0.6751  0.459795   2.37033
        0         0         0         1

 -0.18028  0.672272 -0.718018  0.700725
-0.780379  0.346602  0.520457  0.577857
 0.598755  0.654154  0.462141   2.38615
        0         0         0         1

-0.19284 0.691139 -0.69652 0.702877
-0.767738 0.335777  0.54574 0.594654
0.611058 0.639985 0.465863  2.39755
       0        0        0        1

-0.221954  0.717993 -0.659714  0.683595
-0.739702  0.316829  0.593683  0.638114
 0.635277  0.619763  0.460779   2.42709
        0         0         0         1

-0.224158  0.731891 -0.643497  0.677998
-0.734151  0.307432  0.605399  0.649635
 0.640918  0.608129  0.468406   2.44707
