0.00777586  0.963576 -0.267322   1.09103
-0.567802  0.224308  0.792014  0.823788
 0.823128  0.145628  0.548865   2.61733
        0         0         0         1

0.0150552 0.951429  -0.3075  1.06175
-0.588349 0.257089 0.766649 0.795101
0.808467 0.169375 0.563643  2.61949
       0        0        0        1

0.0215444  0.941691 -0.335788   1.04499
-0.610515  0.278362  0.741475   0.76731
 0.791711  0.189029  0.580914    2.6238
        0         0         0         1

0.0361506   0.93441 -0.354361   1.04071
-0.619356   0.29923  0.725851  0.750452
 0.784278  0.193235   0.58955   2.61461
        0         0         0         1

0.0390863  0.919913 -0.390168   1.01742
-0.639942  0.322929  0.697274  0.723363
 0.767428  0.222431  0.601314    2.6195
        0         0         0         1

0.0515052   0.90582 -0.420519   1.02322
-0.672284  0.342828  0.656128  0.675976
   0.7385  0.248914  0.626626    2.6101
        0         0         0         1

0.0527758  0.903349 -0.425647   1.02909
-0.683751  0.343342  0.643895  0.657152
 0.727804  0.257055  0.635786   2.60583
        0         0         0         1

0.0586556  0.886038 -0.459887   1.01396
-0.707543  0.361884  0.606978  0.626985
 0.704232  0.289787  0.648137   2.60441
        0         0         0         1

 0.066393  0.879367 -0.471492   1.00846
-0.716494  0.370883  0.590831  0.610802
 0.694426  0.298594  0.654686    2.5969
        0         0         0         1

0.0703482  0.865569 -0.495825   1.01096
-0.742144  0.377544  0.553789  0.572503
 0.666538  0.329015  0.668936   2.57568
        0         0         0         1

0.0795607  0.857071 -0.509018   1.00653
 -0.75028  0.387692  0.535514   0.55819
 0.656316    0.3393  0.673888   2.56419
        0         0         0         1

0.0892269 0.854129 -0.51235  1.01274
-0.758652 0.391584 0.520682 0.542068
0.645357 0.342236 0.682926  2.54949
       0        0        0        1

 0.095965  0.841022 -0.532422   1.00272
-0.770706  0.401283  0.494959  0.525449
 0.629924  0.362842  0.686689   2.54037
        0         0         0         1

 0.116908  0.829278 -0.546471   1.00497
-0.791961  0.409868  0.452555  0.488554
 0.599274  0.379877  0.704673     2.513
        0         0         0         1

  0.12308  0.823953 -0.553129   1.00202
-0.800888  0.411605  0.434926  0.470468
  0.58603  0.389464  0.710554   2.50443
        0         0         0         1

 0.128549  0.819626 -0.558291   1.00057
-0.809365  0.412022  0.418528  0.453125
 0.573064   0.39806  0.716342   2.48794
        0         0         0         1

 0.129846  0.823535 -0.552205   1.00877
-0.812714  0.407433  0.416526  0.444763
  0.56801    0.3947  0.722202   2.47235
        0         0         0         1

 0.132357  0.824916 -0.549541     1.015
-0.823837  0.399838  0.401774  0.424932
 0.551157  0.399554  0.732518   2.46055
        0         0         0         1

 0.136294  0.823301 -0.550998   1.01456
-0.829847  0.398663  0.390413  0.411269
  0.54109  0.404033  0.737549   2.44947
        0         0         0         1

  0.14282  0.827013 -0.543739   1.02706
-0.845839  0.387266  0.366852  0.382444
 0.513963  0.407522   0.75483   2.41607
        0         0         0         1

 0.149172  0.822188 -0.549323   1.02555
-0.848754  0.391486  0.355464    0.3753
  0.50731  0.413215  0.756234   2.40092
        0         0         0         1

 0.154017  0.810645 -0.564919   1.02145
-0.859121  0.392277   0.32868  0.357678
 0.488047  0.434711  0.756859    2.3853
        0         0         0         1

 0.159126  0.805013 -0.571518   1.02259
 -0.86437  0.393306  0.313329  0.347413
 0.477015  0.444145  0.758414   2.37101
        0         0         0         1

  0.16091  0.792631 -0.588085   1.03082
-0.880103  0.384904  0.277971  0.323873
 0.446685  0.472847  0.759532   2.33422
        0         0         0         1

  0.15919  0.786809 -0.596315   1.03285
-0.885657   0.38069  0.265871  0.314727
   0.4362  0.485806  0.757444   2.32198
        0         0         0         1

 0.156376  0.781093 -0.604517   1.03572
-0.890424  0.376348  0.255943   0.30499
 0.427424  0.498253  0.754356   2.30298
        0         0         0         1

 0.152868  0.780367 -0.606348   1.04067
 -0.89613  0.368129  0.247854  0.294434
 0.416631  0.505478  0.755586   2.29071
        0         0         0         1

 0.154153  0.773847 -0.614327   1.04194
  -0.9034  0.362186  0.229544   0.27994
 0.400132  0.519598  0.754925   2.27544
        0         0         0         1

 0.153762  0.770756 -0.618298   1.04178
-0.905463  0.360425  0.224121  0.274402
 0.395593  0.525385  0.753311   2.26167
        0         0         0         1

 0.153132  0.762823 -0.628213    1.0461
 -0.91476   0.34992  0.201918  0.256557
 0.373852  0.543744  0.751384   2.22758
        0         0         0         1

 0.149774   0.76307 -0.628723   1.05113
-0.918811  0.342283  0.196544  0.250558
 0.365178   0.54824  0.752382   2.21343
        0         0         0         1

  0.14986  0.758404 -0.634322   1.05496
-0.924838  0.334378  0.181292  0.240198
 0.349596  0.559477  0.751511   2.19609
        0         0         0         1

 0.145587  0.756615 -0.637446   1.06063
 -0.93027  0.324002  0.172108  0.233157
 0.336753   0.56794  0.751027   2.18272
        0         0         0         1

 0.142936  0.752276 -0.643156   1.06693
-0.935266  0.315263  0.160895  0.226819
 0.323801  0.578524  0.748641   2.16044
        0         0         0         1

 0.143059  0.744998 -0.651546   1.06745
-0.938272  0.311566  0.150239  0.223494
 0.314927  0.589835  0.743583   2.14473
        0         0         0         1

 0.140313   0.73294 -0.665666   1.07658
-0.947592  0.294306   0.12431  0.214201
 0.287022  0.613338  0.735823   2.10481
        0         0         0         1

 0.138551  0.728583 -0.670798   1.07988
-0.950939  0.287059  0.115375  0.209846
 0.276619  0.621903  0.732611   2.08957
        0         0         0         1

0.138791 0.723853 -0.67585  1.08383
-0.954948 0.278593 0.102274 0.205466
0.262318 0.631207 0.729909  2.06748
       0        0        0        1

 0.138986  0.722419 -0.677343   1.08909
-0.958644  0.269692 0.0909322  0.200417
 0.248365  0.636692  0.730026   2.05508
        0         0         0         1

 0.144325  0.723408 -0.675167   1.10027
 -0.96502   0.25382 0.0656703   0.19226
 0.218877  0.642072  0.734736   2.01695
        0         0         0         1

 0.144462  0.725521 -0.672867   1.10646
-0.967398  0.246506 0.0580996  0.189676
 0.208018  0.642537  0.737478   2.00333
        0         0         0         1

  0.14938  0.729774  -0.66717   1.11442
-0.969291  0.241382 0.0470066  0.187487
 0.195347   0.63966  0.743421   1.98225
        0         0         0         1

 0.155559  0.730006 -0.665502   1.11713
 -0.97008  0.240021  0.036532  0.186667
 0.186403  0.639907  0.745502    1.9677
        0         0         0         1

 0.166303   0.72863 -0.664411   1.11969
-0.970359  0.240744   0.02113  0.185776
 0.175349  0.641203  0.747069   1.94659
        0         0         0         1

  0.171838   0.729661  -0.661866    1.12351
  -0.97132   0.237577 0.00973145   0.184282
  0.164345   0.641211   0.749559     1.9335
         0          0          0          1

  0.183365   0.735272  -0.652496     1.1353
 -0.972965   0.230552 -0.0136231   0.182978
  0.140418   0.637354   0.757669    1.89577
         0          0          0          1

  0.187095   0.736883  -0.649614    1.13985
 -0.973708   0.226592 -0.0234055   0.182624
   0.12995   0.636914   0.759904     1.8822
         0          0          0          1

   0.19552   0.739232  -0.644444    1.14503
 -0.973566   0.225422 -0.0367961   0.183496
  0.118071   0.634603   0.763766    1.86146
         0          0          0          1

  0.197326   0.742107  -0.640577    1.15051
 -0.974423   0.220146 -0.0451262   0.183206
  0.107532   0.633098   0.766567     1.8473
         0          0          0          1

  0.210356   0.746678  -0.631049    1.16298
 -0.973975   0.215786 -0.0693427   0.186329
  0.084395   0.629213   0.772638    1.80952
         0          0          0          1

 0.216236  0.746654 -0.629087    1.1665
-0.973312  0.215569 -0.078701  0.188248
0.0768493  0.629315  0.773341    1.7947
        0         0         0         1

  0.219677    0.74828  -0.625955    1.17355
 -0.973606   0.208877 -0.0919877   0.189592
  0.061915   0.629641   0.774415    1.77476
         0          0          0          1

 0.225803  0.747707 -0.624458   1.17752
-0.972687  0.208436 -0.102147  0.191743
0.0537841  0.630467   0.77435   1.76006
        0         0         0         1

 0.235116   0.74638 -0.622606   1.18231
-0.971318  0.203842 -0.122436   0.19414
0.0355296  0.633535  0.772898    1.7429
        0         0         0         1

 0.239082  0.746829 -0.620553   1.18616
 -0.97061  0.201905  -0.13096  0.197034
0.0274884  0.633626  0.773151   1.72805
        0         0         0         1

 0.246505  0.746727 -0.617766   1.19564
-0.969141  0.190759 -0.156132   0.20379
0.00125641  0.637189  0.770706   1.68971
        0         0         0         1

 0.254808  0.746579 -0.614567   1.20037
-0.966907  0.188306 -0.172139   0.20694
-0.012789  0.638091  0.769854   1.67692
        0         0         0         1

  0.26553  0.747665 -0.608679   1.20686
-0.963646  0.186387 -0.191434  0.211242
-0.029679  0.637383  0.769976   1.65726
        0         0         0         1

 0.274247   0.74931 -0.602763   1.21221
-0.960751  0.186245 -0.205598  0.215055
-0.0417952   0.63549  0.770977   1.64381
        0         0         0         1

 0.294419  0.751031  -0.59099   1.22423
-0.952803  0.182758 -0.242417  0.224374
-0.0740543  0.634469  0.769392   1.61054
        0         0         0         1

 0.302321  0.750762 -0.587332   1.22725
-0.949491  0.182838 -0.255023  0.228046
-0.084075  0.634766  0.768117   1.59948
        0         0         0         1

 0.309003  0.751715 -0.582617   1.23039
 -0.94622  0.181259  -0.26798  0.233084
-0.0958394   0.63409  0.767297   1.58335
        0         0         0         1

 0.312735  0.751222 -0.581259   1.23168
-0.944299   0.17989 -0.275571  0.236348
-0.102453  0.635063  0.765636    1.5734
        0         0         0         1

 0.312255   0.75236 -0.580045   1.23488
-0.943295  0.173142 -0.283225  0.239953
-0.112657  0.635592  0.763761   1.56049
        0         0         0         1

 0.313457  0.752686 -0.578971   1.23688
 -0.94206  0.169788 -0.289302  0.242826
-0.119452  0.636109  0.762297   1.55183
        0         0         0         1

 0.326279  0.752776 -0.571726   1.24035
-0.935665  0.171175 -0.308594  0.252378
-0.134437  0.635632  0.760197   1.52722
        0         0         0         1

   0.3309  0.752735 -0.569117   1.24334
-0.932685  0.169142 -0.318575  0.255603
 -0.14354  0.636224  0.758034    1.5192
        0         0         0         1

 0.340101  0.753335 -0.562866    1.2468
-0.928122  0.172537 -0.329878  0.261195
-0.151394  0.634601  0.757867   1.50613
        0         0         0         1

 0.347762  0.753691 -0.557684   1.24877
-0.924062  0.174869 -0.339898  0.264616
-0.158657  0.633538   0.75727   1.49899
        0         0         0         1

 0.358939    0.7579 -0.544748   1.25348
-0.917807    0.1805 -0.353623  0.273631
-0.169684  0.626903  0.760395      1.48
        0         0         0         1

 0.362364  0.757693 -0.542764   1.25437
-0.915928   0.18169  -0.35786  0.276946
-0.172533  0.626809  0.759831   1.47455
        0         0         0         1

 0.361791  0.758593 -0.541889   1.25692
-0.915709  0.180129 -0.359207  0.280417
-0.174882  0.626171   0.75982   1.46495
        0         0         0         1

 0.363872  0.756694 -0.543149   1.25721
-0.914414  0.179188 -0.362958  0.283299
-0.177322  0.628734  0.757133   1.46001
        0         0         0         1

 0.366078  0.754063 -0.545322   1.25764
-0.912728  0.176699 -0.368382  0.286663
-0.181425  0.632587   0.75294   1.45296
        0         0         0         1

 0.364121  0.752436 -0.548868   1.26025
 -0.91206  0.168751 -0.373724  0.288629
-0.188581  0.636681  0.747712   1.45028
        0         0         0         1

 0.366443  0.749211 -0.551727   1.26267
-0.908797   0.16105 -0.384904  0.295614
-0.199519  0.642453  0.739896   1.43685
        0         0         0         1

 0.370405  0.748309 -0.550303   1.26317
-0.905671  0.159367  -0.39289  0.298414
-0.206303  0.643922  0.736752   1.43342
        0         0         0         1

  0.37182  0.749298 -0.547998   1.26525
 -0.90358  0.156793 -0.398696  0.301347
 -0.21282  0.643403   0.73535   1.42667
        0         0         0         1

 0.374091  0.749074 -0.546758   1.26541
-0.902601  0.158678 -0.400166  0.303919
-0.212996  0.643203  0.735475   1.42037
        0         0         0         1

 0.377744  0.744861 -0.549993   1.26811
-0.899479  0.154293 -0.408816  0.309161
-0.219651  0.649135   0.72827   1.41408
        0         0         0         1

 0.378696  0.744699 -0.549556   1.26971
-0.898057  0.152091 -0.412748  0.311005
-0.223791  0.649839  0.726379   1.41288
        0         0         0         1

 0.378369  0.743438 -0.551486    1.2707
-0.898337  0.151246 -0.412451  0.312899
-0.223222  0.651479  0.725084   1.40796
        0         0         0         1

 0.379092  0.741331 -0.553821    1.2701
-0.898381  0.151386 -0.412304  0.314078
-0.221813  0.653843  0.723386   1.40617
        0         0         0         1

 0.378844  0.737474 -0.559115   1.26919
-0.899391  0.151002 -0.410236  0.315274
-0.218111  0.658278  0.720484   1.40388
        0         0         0         1

 0.378302  0.734333 -0.563598   1.26796
-0.900093  0.149641 -0.409194  0.315915
-0.216148   0.66209  0.717578   1.40357
        0         0         0         1

 0.375592  0.726977 -0.574835   1.26655
-0.902296  0.145192 -0.405932  0.317472
-0.211641  0.671136  0.710482   1.40085
        0         0         0         1

 0.373528  0.727513 -0.575501   1.26732
-0.903056  0.143369 -0.404888  0.317986
-0.212053  0.670947  0.710538   1.39966
        0         0         0         1

 0.373953  0.728085 -0.574501   1.26567
-0.902973  0.144456 -0.404688  0.319279
-0.211657  0.670093  0.711461   1.39743
        0         0         0         1

 0.374761  0.729446 -0.572244   1.26451
-0.902591  0.146014  -0.40498   0.31969
-0.211855  0.668273  0.713112   1.39856
        0         0         0         1

 0.379156  0.733741 -0.563795   1.26155
-0.901557  0.155697 -0.403674    0.3218
-0.208411  0.661349  0.720543   1.39783
        0         0         0         1

 0.381271  0.733752 -0.562352   1.26097
-0.900812  0.158158 -0.404381  0.322892
-0.207775  0.660753  0.721274   1.39791
        0         0         0         1

 0.383164  0.734272 -0.560384   1.26076
-0.899762  0.159539 -0.406171   0.32423
-0.208837  0.659843    0.7218   1.39837
        0         0         0         1

 0.384343  0.734107 -0.559792   1.26092
-0.899501  0.161299 -0.406055  0.325155
-0.207794  0.659598  0.722324   1.39722
        0         0         0         1

 0.386696  0.734022 -0.558281   1.26037
-0.898492  0.163469 -0.407418  0.326525
-0.207792  0.659158  0.722726   1.39656
        0         0         0         1

 0.388057  0.733674 -0.557794    1.2605
-0.897925  0.164568 -0.408226  0.327073
 -0.20771  0.659272  0.722646   1.39635
        0         0         0         1

  0.39502  0.732256 -0.554762   1.25782
 -0.89522  0.171246 -0.411408  0.330462
-0.206255  0.659148  0.723175   1.39391
        0         0         0         1

 0.394005  0.731991 -0.555833   1.25908
-0.895203  0.168598 -0.412537  0.330613
-0.208261  0.660125  0.721708   1.39519
        0         0         0         1

 0.396988   0.73164  -0.55417    1.2585
-0.893739  0.170742 -0.414822  0.331591
-0.208881  0.659963  0.721677   1.39534
        0         0         0         1

 0.397818  0.732895 -0.551912   1.25824
-0.893721  0.173593 -0.413676  0.332242
-0.207373  0.657823  0.724062    1.3938
        0         0         0         1

 0.401579  0.734181 -0.547461   1.25786
-0.892222  0.178796 -0.414695  0.334853
-0.206577  0.654989  0.726853   1.39285
        0         0         0         1

 0.403432  0.733783  -0.54663   1.25778
-0.891488  0.180629 -0.415477  0.335637
-0.206133  0.654931  0.727031   1.39257
        0         0         0         1

 0.403051  0.733971 -0.546659   1.25841
-0.891855   0.18102 -0.414518  0.336377
-0.205289  0.654613  0.727557    1.3918
        0         0         0         1

 0.404078   0.73335 -0.546735   1.25809
-0.890998  0.180303 -0.416669  0.337466
-0.206986  0.655507   0.72627    1.3917
        0         0         0         1

 0.405867  0.732222 -0.546921   1.25673
-0.889881  0.180231 -0.419081  0.338789
-0.208289  0.656786   0.72474   1.39067
        0         0         0         1

 0.404902  0.731372 -0.548771   1.25681
-0.889889  0.177281  -0.42032  0.339459
-0.210124  0.658533  0.722621    1.3903
        0         0         0         1

 0.403523  0.728514 -0.553567   1.25697
-0.889751  0.171371 -0.423055  0.341311
-0.213336  0.663249  0.717348   1.38706
        0         0         0         1

 0.401718  0.727356 -0.556395   1.25781
-0.890398  0.168222 -0.422958   0.34142
-0.214042  0.665323  0.715214   1.38602
        0         0         0         1

 0.402652  0.725022 -0.558762     1.258
-0.889383  0.165502 -0.426154  0.342386
-0.216494  0.668545  0.711462     1.385
        0         0         0         1

 0.403901  0.723734 -0.559529   1.25778
-0.888589  0.165014 -0.427996  0.343193
-0.217425   0.67006  0.709751   1.38414
        0         0         0         1

 0.404806   0.72089 -0.562538   1.25788
-0.887737  0.162348 -0.430774  0.344152
-0.219214  0.673766  0.705681   1.38403
        0         0         0         1

 0.402189  0.718937 -0.566898   1.25882
-0.889297  0.159527 -0.428605  0.344096
-0.217705  0.676521  0.703509   1.38326
        0         0         0         1

 0.406872  0.704778 -0.581157   1.25938
-0.887382  0.153942 -0.434574  0.346016
-0.216814  0.692524  0.688042   1.38155
        0         0         0         1

 0.404659  0.698598 -0.590095   1.25979
-0.887866  0.145633 -0.436446   0.34615
-0.218963  0.700537  0.679193   1.38127
        0         0         0         1

 0.410153  0.689013 -0.597524   1.26014
-0.884423  0.140546 -0.445021  0.347789
-0.222646  0.710991  0.667024   1.38084
        0         0         0         1

 0.405464  0.686578 -0.603498   1.26019
-0.886384  0.133932 -0.443153  0.347496
-0.223431  0.714614  0.662876   1.38023
        0         0         0         1

 0.404559  0.675305 -0.616681   1.26212
-0.886479  0.123902 -0.445873  0.347753
-0.224693  0.727057  0.648769   1.37964
        0         0         0         1

 0.405188  0.669461 -0.622611   1.26394
-0.886278  0.120512   -0.4472  0.347726
-0.224351  0.733006  0.642159   1.37998
        0         0         0         1

 0.408609  0.661385 -0.628974   1.26575
 -0.88367  0.114225  -0.45396   0.34841
-0.228398  0.741298   0.63112   1.38059
        0         0         0         1

 0.408523  0.655936  -0.63471   1.26709
-0.884706  0.113517 -0.452116   0.34837
-0.224508  0.746231  0.626685   1.38086
        0         0         0         1

  0.40903  0.648862 -0.641616   1.26925
-0.884356   0.10853 -0.454021   0.34856
-0.224963  0.753126  0.618218   1.38126
        0         0         0         1

 0.409068  0.644559 -0.645916   1.27021
-0.884743  0.106888 -0.453658  0.348321
-0.223368  0.757046  0.613993   1.38181
        0         0         0         1

 0.409743  0.628977 -0.660681   1.27087
-0.884334 0.0962383 -0.456829  0.346981
-0.223752  0.771444  0.595658   1.38579
        0         0         0         1

 0.407369  0.622988 -0.667785   1.27106
-0.885842 0.0917094 -0.454833  0.345639
-0.222114  0.776837  0.589229   1.38751
        0         0         0         1

 0.403877  0.615029 -0.677217   1.27206
-0.888588 0.0877615 -0.450232  0.343468
-0.217472  0.783605  0.581952    1.3903
        0         0         0         1

 0.402618  0.610107 -0.682399   1.27192
-0.889536 0.0849217 -0.448904  0.341776
-0.215929  0.787755  0.576903   1.39243
        0         0         0         1

 0.402897  0.594986 -0.695461   1.27086
-0.890301 0.0785858  -0.44854  0.337933
-0.212221  0.799885  0.561378    1.4009
        0         0         0         1

 0.401796  0.589649 -0.700625   1.27017
-0.891513   0.07709 -0.446388  0.336129
-0.209201  0.803972  0.556654   1.40378
        0         0         0         1

  0.40335  0.582055  -0.70606   1.26802
-0.891229 0.0749921  -0.44731   0.33349
 -0.20741  0.809684  0.548993   1.40907
        0         0         0         1

 0.400965  0.577679 -0.710994   1.26806
-0.893395 0.0748834 -0.442988  0.331244
-0.202663  0.812822  0.546121   1.41213
        0         0         0         1

  0.39975  0.570362 -0.717556   1.26761
  -0.8955 0.0759152  -0.43854  0.327932
-0.195653  0.817878  0.541106   1.41642
        0         0         0         1

 0.397966  0.567998 -0.720417   1.26683
-0.896702 0.0749676 -0.436241  0.325109
-0.193776  0.819608   0.53916   1.42008
        0         0         0         1

 0.400945  0.556888 -0.727405   1.26213
-0.897395 0.0791101 -0.434078  0.319749
-0.184188  0.826811  0.531468   1.43219
        0         0         0         1

  0.40136  0.554174 -0.729247   1.26008
-0.898233 0.0824369 -0.431719  0.316786
-0.179131  0.828309  0.530864   1.43617
        0         0         0         1

 0.400949  0.549241 -0.733195   1.25893
-0.899677 0.0852058 -0.428161  0.312527
-0.172691  0.831309  0.528302   1.44363
        0         0         0         1

 0.402199   0.54521 -0.735514   1.25729
-0.899963 0.0878158  -0.42703  0.309849
-0.168231  0.833687  0.525989   1.44934
        0         0         0         1

 0.408466  0.533966 -0.740294   1.25189
-0.900176  0.101371 -0.423565  0.302605
-0.151125  0.839407   0.52207   1.46061
        0         0         0         1

 0.406481  0.529499 -0.744583   1.25148
-0.901978  0.102664 -0.419399  0.298364
 -0.14563  0.842075  0.519328   1.46546
        0         0         0         1

 0.407233  0.521554 -0.749762    1.2501
-0.902243   0.10224 -0.418932  0.292707
-0.141841   0.84707  0.512204   1.47432
        0         0         0         1

 0.407233  0.521554 -0.749762    1.2501
-0.902243   0.10224 -0.418932  0.292707
-0.141841   0.84707  0.512204   1.47432
        0         0         0         1

 0.405248  0.504039 -0.762705   1.24446
-0.906421  0.112876 -0.407014  0.277618
 -0.11906  0.856273  0.502614   1.48922
        0         0         0         1

 0.401997  0.500031 -0.767051   1.24405
-0.908547  0.113755 -0.401997  0.272802
-0.113755  0.858504  0.500031   1.49331
        0         0         0         1

 0.396918  0.491474 -0.775183   1.24287
-0.911796  0.114258 -0.394427  0.264635
 -0.10528  0.863365  0.493475   1.50025
        0         0         0         1

 0.397536  0.485533 -0.778603   1.24105
-0.911907  0.114789 -0.394016   0.26074
-0.101933  0.866649  0.488394   1.50612
        0         0         0         1

 0.395526  0.476746  -0.78503   1.23909
-0.913635  0.116777 -0.389403  0.253353
-0.0939726   0.87125   0.48176   1.51234
        0         0         0         1

 0.393666  0.468718 -0.790778   1.23813
-0.915078  0.117911 -0.385655  0.247557
-0.0875223  0.875443  0.475331   1.51735
        0         0         0         1

 0.392689  0.447722 -0.803331    1.2334
-0.916548  0.118598 -0.381934  0.232958
-0.0757264  0.886273  0.456931   1.53192
        0         0         0         1

 0.388061  0.442138 -0.808655   1.23316
 -0.91894  0.118589 -0.376146  0.226084
-0.0704103  0.889073  0.452318   1.53655
        0         0         0         1

 0.381315  0.434559 -0.815939   1.23306
-0.922456  0.120991 -0.366655  0.216939
-0.0606123  0.892479  0.446997    1.5419
        0         0         0         1

 0.380876  0.427938 -0.819636   1.23131
-0.923058  0.124371    -0.364  0.210987
-0.0538304   0.89521  0.442382    1.5464
        0         0         0         1

 0.372622  0.415637 -0.829698   1.22939
-0.927064  0.126937  -0.35276  0.192793
-0.0413004  0.900629  0.432622   1.55848
        0         0         0         1

 0.368914   0.41292 -0.832706   1.22869
-0.928814  0.130285 -0.346887  0.185974
-0.0347471  0.901401  0.431589   1.56152
        0         0         0         1

 0.363104  0.409397 -0.836988   1.22791
-0.931386  0.134413  -0.33831  0.175625
-0.026001  0.902401  0.430113     1.566
        0         0         0         1

 0.361473  0.404577 -0.840032   1.22687
-0.932082  0.133932 -0.336579  0.168172
-0.0236652  0.904644  0.425512   1.57148
        0         0         0         1

  0.35574  0.402826 -0.843315   1.22633
 -0.93443   0.13687 -0.328797   0.15749
-0.0170233  0.904985  0.425103   1.57534
        0         0         0         1

 0.352305  0.400713  -0.84576   1.22556
-0.935809  0.139328 -0.323803  0.149854
-0.0119139  0.905548  0.424077   1.57819
        0         0         0         1

 0.343929  0.397972 -0.850489   1.22309
-0.938996  0.145839 -0.311477   0.12969
7.48983e-05  0.905731  0.423853   1.58474
        0         0         0         1

 0.338032  0.398259 -0.852716   1.22347
-0.941131  0.145422 -0.305163   0.12105
0.00246958  0.905672  0.423972    1.5871
        0         0         0         1

 0.331648   0.39733 -0.855651   1.22334
-0.943362  0.148118 -0.296865  0.109329
0.00878383  0.905643  0.423949   1.58964
        0         0         0         1

 0.326276  0.397375 -0.857693   1.22354
-0.945221  0.146841 -0.291541  0.100683
0.0100933  0.905832  0.423517    1.5918
        0         0         0         1

 0.317532  0.398079 -0.860643   1.22455
-0.948143  0.146752 -0.281937 0.0889763
0.0140679  0.905537  0.424034   1.59253
        0         0         0         1

 0.314629  0.396613 -0.862384   1.22429
-0.949074  0.147104 -0.278603 0.0810469
0.0163621  0.906123  0.422698   1.59315
        0         0         0         1

 0.304432  0.391509 -0.868356   1.22512
-0.952354  0.142801 -0.269498 0.0598481
 0.018491  0.909026  0.416328   1.59439
        0         0         0         1

 0.298314  0.390239 -0.871047   1.22653
-0.954265  0.140741 -0.263761 0.0515112
0.0196623  0.909893  0.414377     1.594
        0         0         0         1

 0.292836  0.386634 -0.874506   1.22751
   -0.956  0.135268  -0.26032 0.0400942
 0.017644  0.912259  0.409233   1.59419
        0         0         0         1

 0.287802  0.384551 -0.877092   1.22857
-0.957551  0.131154 -0.256701 0.0318119
0.0163193  0.913739  0.405973   1.59393
        0         0         0         1

 0.272849  0.379047 -0.884238   1.23133
-0.961933  0.122216 -0.244433 0.0105569
0.0154165  0.917271  0.397965   1.59083
        0         0         0         1

  0.266626    0.37742  -0.886829    1.23275
 -0.963711   0.116942  -0.239972 0.00227506
 0.0131377   0.918629   0.394903    1.59001
         0          0          0          1

   0.260751    0.375452   -0.889407      1.2336
  -0.965344      0.1119   -0.235776 -0.00859351
  0.0110024    0.920062    0.391618     1.58857
          0           0           0           1

  0.253899   0.376378  -0.890996    1.23514
 -0.967168   0.109302  -0.229433 -0.0166933
 0.0110338   0.919996   0.391773     1.5868
         0          0          0          1

  0.247841   0.375092  -0.893242    1.23634
 -0.968768   0.103588  -0.225297 -0.0278494
0.00802211   0.921182    0.38905    1.58567
         0          0          0          1

  0.241389   0.376554  -0.894393    1.23764
 -0.970406  0.0999166  -0.219838 -0.0355735
0.00658371    0.92099   0.389529    1.58381
         0          0          0          1

  0.225039   0.375643  -0.899027    1.24131
 -0.974348  0.0885022  -0.206914 -0.0554234
0.00184013   0.922529   0.385924    1.57936
         0          0          0          1

  0.220954   0.374567  -0.900488    1.24243
 -0.975284  0.0850929  -0.203912 -0.0619936
0.000246484   0.923287   0.384111    1.57701
         0          0          0          1

  0.213624   0.373261  -0.902796    1.24456
 -0.976911  0.0785858   -0.19867 -0.0721452
-0.00320885   0.924392   0.381431    1.57363
         0          0          0          1

  0.209436   0.372539  -0.904075    1.24583
 -0.977807  0.0746413  -0.195759 -0.0788718
-0.00544662    0.92501   0.379904    1.57093
         0          0          0          1

  0.194489   0.373882  -0.906855    1.24951
 -0.980843  0.0637234  -0.184085 -0.0956735
-0.0110381   0.925285   0.379113    1.56282
         0          0          0          1

 0.187783  0.373816 -0.908295   1.25084
-0.982128 0.0594346 -0.178586 -0.102048
-0.0127742  0.925597  0.378296   1.55955
        0         0         0         1

 0.179338  0.371639 -0.910891   1.25211
-0.983641 0.0517716 -0.172539 -0.110716
-0.0169639  0.926933  0.374844   1.55532
        0         0         0         1

  0.17335  0.369787 -0.912802   1.25333
-0.984666 0.0466886 -0.168084 -0.116559
-0.0195377  0.927943   0.37221   1.55205
        0         0         0         1

 0.163823  0.366698 -0.915802   1.25521
-0.986195 0.0381921 -0.161123 -0.124747
-0.0241072  0.929556  0.367893   1.54759
        0         0         0         1

 0.158353   0.36386 -0.917894    1.2562
-0.987008 0.0327224 -0.157305 -0.130132
-0.0272012  0.930879  0.364314   1.54401
        0         0         0         1

 0.144284  0.355439 -0.923496   1.25962
-0.988924 0.0189591 -0.147209 -0.143369
-0.0348153  0.934507  0.354238   1.53477
        0         0         0         1

 0.138027  0.352422 -0.925607   1.26117
 -0.98973 0.0139861 -0.142264  -0.14823
-0.0371913  0.935737  0.350733   1.53098
        0         0         0         1

   0.12981    0.34725  -0.928745    1.26331
  -0.99072 0.00736994  -0.135717  -0.154586
-0.0402828   0.937744   0.344984    1.52589
         0          0          0          1

  0.125257   0.343101  -0.930909    1.26454
 -0.991168 0.00209496  -0.132593  -0.158886
-0.0435427   0.939296   0.340334    1.52259
         0          0          0          1

   0.110751     0.33501   -0.935683     1.26817
  -0.992611 -0.00967159   -0.120952   -0.169784
 -0.0495698    0.942165    0.331464     1.51382
          0           0           0           1

 0.105862  0.332373 -0.937188   1.26932
-0.993038 -0.013623 -0.117002 -0.173509
-0.0516555   0.94305  0.328617   1.51054
        0         0         0         1

 0.0997955    0.32884  -0.939098    1.27078
 -0.993502 -0.0189815  -0.112224  -0.178329
-0.0547291   0.944195   0.324809    1.50608
         0          0          0          1

 0.0948082   0.327345  -0.940137    1.27206
 -0.993916 -0.0220514   -0.10791  -0.181616
 -0.056055   0.944648   0.323263     1.5029
         0          0          0          1

 0.0879841   0.324967  -0.941624    1.27391
 -0.994436 -0.0263151  -0.102001  -0.186101
-0.0579258   0.945359   0.320844    1.49831
         0          0          0          1

 0.0827086   0.323734  -0.942526    1.27572
 -0.994844 -0.0288735 -0.0972169  -0.189189
-0.0586865   0.945707   0.319677    1.49507
         0          0          0          1

 0.0733988   0.322375  -0.943762    1.27993
 -0.995481 -0.0334804 -0.0888575  -0.195848
-0.0602431    0.94602   0.318461    1.48693
         0          0          0          1

 0.0711592   0.322199  -0.943994    1.28147
 -0.995658 -0.0339908 -0.0866553  -0.198134
-0.0600073   0.946062   0.318381    1.48388
         0          0          0          1

 0.0670341   0.322232  -0.944284    1.28392
 -0.995955 -0.0351506 -0.0826971   -0.20144
-0.0598398   0.946008   0.318572    1.47985
         0          0          0          1

 0.0657786   0.322646  -0.944231    1.28529
 -0.996024 -0.0357399 -0.0815991  -0.203338
-0.0600743   0.945845   0.319012    1.47729
         0          0          0          1

 0.0613162   0.325977  -0.943387    1.28889
 -0.996397 -0.0355021  -0.077029  -0.207896
-0.0586019   0.944711   0.322625    1.47073
         0          0          0          1

 0.0598806   0.328088  -0.942747    1.29016
 -0.996512 -0.0353368 -0.0755933  -0.209392
-0.0581149   0.943986   0.324828    1.46832
         0          0          0          1

 0.0567203    0.33094  -0.941946    1.29226
 -0.996778 -0.0348287 -0.0722587  -0.211636
  -0.05672   0.943009   0.327898    1.46505
         0          0          0          1

 0.0556141   0.332034  -0.941627    1.29336
 -0.996898 -0.0341448 -0.0709186  -0.212867
 -0.055699   0.942649   0.329105     1.4628
         0          0          0          1

 0.0539342   0.332814  -0.941449    1.29524
  -0.99704 -0.0337851 -0.0690624  -0.214504
-0.0547918   0.942387   0.330007    1.45982
         0          0          0          1

 0.0522217   0.332736  -0.941573    1.29675
  -0.99715 -0.0340303 -0.0673298  -0.215613
 -0.054445   0.942406    0.33001    1.45758
         0          0          0          1

 0.0501964   0.332556  -0.941747    1.30019
  -0.99728 -0.0342656 -0.0652565  -0.218017
 -0.053971   0.942461   0.329931    1.45157
         0          0          0          1

 0.0503459   0.332899  -0.941618    1.30114
 -0.997274 -0.0341598 -0.0653986  -0.218581
-0.0539366   0.942344   0.330272     1.4495
         0          0          0          1

 0.0482084   0.334035  -0.941327     1.3032
 -0.997409 -0.0342742  -0.063243  -0.219739
-0.0533886   0.941937   0.331517    1.44673
         0          0          0          1

 0.0466206   0.335218  -0.940987    1.30426
  -0.99751 -0.0342813 -0.0616334  -0.220353
-0.0529188   0.941517   0.332785    1.44454
         0          0          0          1

 0.0440618   0.336176  -0.940768    1.30651
 -0.997628 -0.0350431 -0.0592473   -0.22181
 -0.052885   0.941147   0.333835    1.44025
         0          0          0          1

 0.0422318   0.336271  -0.940818    1.30732
 -0.997709 -0.0356254 -0.0575189  -0.222329
 -0.052859   0.941091   0.333996    1.43877
         0          0          0          1

 0.0408857   0.335814  -0.941041    1.30831
 -0.997809 -0.0353112 -0.0559531  -0.222751
-0.0520191   0.941266   0.333634    1.43647
         0          0          0          1

 0.0401532    0.33519  -0.941294    1.30914
 -0.997868 -0.0350487 -0.0550472  -0.223093
-0.0514424   0.941498   0.333068    1.43499
         0          0          0          1

  0.039452   0.334096  -0.941713    1.31036
 -0.997874 -0.0357575 -0.0544907  -0.223489
-0.0518784    0.94186   0.331975    1.43335
         0          0          0          1

 0.0389483   0.333655   -0.94189    1.31128
 -0.997866 -0.0364581 -0.0541779  -0.223686
-0.0524163    0.94199   0.331523     1.4322
         0          0          0          1

 0.0389154   0.333087  -0.942093     1.3133
 -0.997843 -0.0369335 -0.0542766  -0.224044
-0.0528736   0.942173   0.330931    1.42878
         0          0          0          1

 0.0385193   0.333258  -0.942049    1.31414
 -0.997845 -0.0372941 -0.0539939  -0.224161
-0.0531268   0.942098   0.331103    1.42753
         0          0          0          1

 0.0380776   0.333961  -0.941818    1.31508
 -0.997878 -0.0371102 -0.0535031  -0.224335
 -0.052819   0.941856   0.331839    1.42566
         0          0          0          1

 0.0383756   0.334683  -0.941549    1.31567
 -0.997867 -0.0369641 -0.0538103  -0.224223
-0.0528129   0.941606    0.33255    1.42454
         0          0          0          1

 0.0383377   0.336861  -0.940774    1.31713
 -0.997871 -0.0368065 -0.0538437  -0.224122
-0.0527644   0.940835   0.334732    1.42174
         0          0          0          1

 0.0386864   0.337473   -0.94054    1.31776
 -0.997842 -0.0369261 -0.0542927  -0.224092
-0.0530527   0.940611   0.335316    1.42099
         0          0          0          1

 0.0395993   0.338541  -0.940118    1.31856
 -0.997816 -0.0363876  -0.055133  -0.223904
-0.0528734   0.940248   0.336361    1.41926
         0          0          0          1

 0.0400866   0.339574  -0.939725     1.3196
 -0.997798 -0.0361236 -0.0556174  -0.223882
-0.0528324   0.939885   0.337379    1.41812
         0          0          0          1

 0.0411802   0.340669  -0.939281    1.32082
 -0.997724 -0.0362125 -0.0568764   -0.22377
-0.0533898   0.939486   0.338402    1.41668
         0          0          0          1

 0.0421407   0.341805  -0.938825    1.32171
  -0.99766  -0.036247 -0.0579783  -0.223701
-0.0538469   0.939071   0.339478    1.41561
         0          0          0          1

 0.0437472   0.344089  -0.937917    1.32392
 -0.997492 -0.0372473 -0.0601906  -0.223566
-0.0556458   0.938198   0.341596    1.41316
         0          0          0          1

 0.0457764   0.345318  -0.937369    1.32416
 -0.997354  -0.037251 -0.0624287  -0.223148
-0.0564756   0.937746   0.342699    1.41208
         0          0          0          1

 0.0452779   0.346703  -0.936881    1.32514
 -0.997309 -0.0384397 -0.0624233   -0.22316
-0.0576558   0.937187    0.34403    1.41079
         0          0          0          1

 0.0454051   0.347267  -0.936666    1.32542
 -0.997267 -0.0389408 -0.0627799   -0.22301
 -0.058276   0.936957    0.34455    1.40994
         0          0          0          1

 0.0442281   0.352568   -0.93474    1.32666
 -0.997325 -0.0389223 -0.0618702  -0.222656
-0.0581957   0.934976   0.349904    1.40743
         0          0          0          1

 0.0455931   0.353004   -0.93451    1.32702
 -0.997227 -0.0390007 -0.0633852  -0.222413
-0.0588218   0.934808   0.350247    1.40688
         0          0          0          1

 0.0474657   0.352932  -0.934444    1.32751
 -0.997097 -0.0390242 -0.0653872  -0.222056
-0.0595432   0.934835   0.350055    1.40608
         0          0          0          1

 0.0476002   0.353608  -0.934182    1.32841
 -0.997072 -0.0392156 -0.0656486  -0.221926
-0.0598484   0.934571   0.350706    1.40532
         0          0          0          1

 0.0478249     0.3547  -0.933756    1.32927
 -0.997011 -0.0398301 -0.0661947  -0.221739
-0.0606709   0.934131   0.351735    1.40435
         0          0          0          1

 0.0487939   0.355288  -0.933483    1.32953
 -0.996895 -0.0405058 -0.0675252  -0.221559
-0.0618023   0.933879   0.352208    1.40388
         0          0          0          1

 0.0478067   0.358922  -0.932143    1.33099
 -0.996941 -0.0406282 -0.0667738  -0.221151
-0.0618378   0.932483   0.355881    1.40205
         0          0          0          1

 0.0475081   0.361097  -0.931317     1.3312
 -0.996908 -0.0412779 -0.0668586  -0.220957
-0.0625852   0.931614   0.358019     1.4015
         0          0          0          1

 0.0479135   0.364407  -0.930006    1.33124
 -0.996897 -0.0407732 -0.0673359  -0.220409
 -0.062457   0.930347   0.361322    1.40073
         0          0          0          1

 0.0466646   0.366903  -0.929088     1.3315
 -0.997028 -0.0399635 -0.0658588  -0.220301
-0.0612934   0.929401   0.363947    1.40014
         0          0          0          1

 0.0452707   0.371151  -0.927468    1.33132
 -0.997015 -0.0413329 -0.0652058  -0.219868
-0.0625362   0.927652   0.368172    1.39984
         0          0          0          1

  0.044236   0.374527   -0.92616    1.33105
 -0.997119 -0.0406226 -0.0640525  -0.219576
-0.0616125   0.926326   0.371651    1.39938
         0          0          0          1

 0.0424641   0.378736   -0.92453    1.33052
 -0.997254 -0.0401226 -0.0622407  -0.219255
-0.0606674   0.924635   0.375992    1.39877
         0          0          0          1

 0.0406928   0.381085  -0.923644    1.33028
 -0.997267 -0.0415675 -0.0610867  -0.219204
-0.0616729   0.923605   0.378352    1.39858
         0          0          0          1

 0.0369827   0.385113  -0.922128    1.32982
 -0.997476 -0.0417396 -0.0574366  -0.219189
-0.0606089   0.921925   0.382598    1.39819
         0          0          0          1

 0.0361207   0.386778  -0.921465    1.32941
 -0.997466 -0.0426003  -0.056981  -0.219049
-0.0612936   0.921188   0.384259      1.398
