 0.335573 -0.771725  0.540214   1.30249
-0.642292  -0.60694 -0.468064  0.997873
 0.689095 -0.189906 -0.699346   2.17903
        0         0         0         1

 0.341285 -0.761462   0.55109   1.29703
-0.645576 -0.616023 -0.451384   0.97993
 0.683196  -0.20172 -0.701821   2.18048
        0         0         0         1

 0.348139 -0.748843  0.563944   1.28684
-0.652634 -0.625458 -0.427634  0.960797
 0.672954 -0.219173 -0.706467   2.18958
        0         0         0         1

 0.348241 -0.738733  0.577063   1.28455
-0.661429 -0.629861  -0.40717  0.922717
 0.664259 -0.239893 -0.707963   2.18813
        0         0         0         1

 0.358725 -0.724785  0.588221   1.26941
-0.659979 -0.642572 -0.389268  0.911032
 0.660109 -0.248573 -0.708849   2.18786
        0         0         0         1

 0.358645 -0.727409  0.585021   1.27825
-0.671337 -0.636447 -0.379791  0.886804
 0.648599 -0.256536 -0.716595   2.19486
        0         0         0         1

  0.35891  -0.72234  0.591107    1.2725
-0.677001 -0.637436 -0.367891  0.869332
 0.642536  -0.26814 -0.717808   2.19661
        0         0         0         1

 0.360043 -0.726213  0.585648   1.28217
-0.687478 -0.630886 -0.359663  0.845365
 0.630669 -0.273126 -0.726401   2.20078
        0         0         0         1

 0.359324 -0.721605  0.591754   1.27372
-0.697841 -0.628778 -0.343011  0.823904
   0.6196 -0.289698   -0.7295   2.20797
        0         0         0         1

 0.357389 -0.724295  0.589635   1.27888
-0.718947 -0.616334 -0.321324   0.78397
 0.596145 -0.309079    -0.741   2.20982
        0         0         0         1

 0.358542 -0.722293  0.591389   1.27754
 -0.72694 -0.613479 -0.308549  0.767506
 0.585667 -0.319276 -0.745021   2.21074
        0         0         0         1

 0.356654 -0.722576  0.592184   1.27824
 -0.73641 -0.607495 -0.297742  0.748404
  0.57489 -0.329899 -0.748777   2.21012
        0         0         0         1

 0.359634 -0.723728  0.588966   1.28085
-0.739836 -0.605801 -0.292656  0.735039
 0.568599 -0.330489 -0.753307   2.20499
        0         0         0         1

 0.366484 -0.724084  0.584288   1.27798
-0.747687 -0.602949 -0.278237  0.702724
 0.553763 -0.334896 -0.762359   2.19919
        0         0         0         1

 0.365184 -0.722516  0.587036   1.27425
 -0.74788 -0.603201  -0.27717  0.690949
 0.554361 -0.337814 -0.760635   2.19616
        0         0         0         1

 0.363605 -0.723839  0.586386   1.27903
-0.746035 -0.603232 -0.282033  0.678024
 0.557873 -0.334916 -0.759347    2.1897
        0         0         0         1

 0.362162 -0.719785   0.59224   1.27356
-0.746501 -0.604461 -0.278143  0.666144
 0.558189 -0.341374 -0.756233   2.18888
        0         0         0         1

 0.364379 -0.712655  0.599458   1.26839
-0.743137 -0.610459  -0.27402  0.651806
 0.561226 -0.345633 -0.752039    2.1853
        0         0         0         1

  0.36501 -0.710948  0.601099   1.27404
-0.742535 -0.611785 -0.272692  0.639892
 0.561613 -0.346802 -0.751212   2.18149
        0         0         0         1

  0.37171 -0.712967  0.594566   1.28131
-0.755253  -0.60467 -0.252915   0.61203
 0.539837 -0.355037 -0.763233   2.17262
        0         0         0         1

 0.374789 -0.713658  0.591798   1.28028
-0.762322 -0.600503 -0.241373  0.603879
 0.527634 -0.360677   -0.7691   2.16436
        0         0         0         1

 0.377121 -0.709919  0.594806   1.27612
-0.777215  -0.59186 -0.213631  0.588473
 0.503703 -0.381727 -0.774963   2.16336
        0         0         0         1

 0.374047 -0.704899  0.602666     1.278
-0.785327 -0.586407 -0.198466  0.578939
 0.493306 -0.399054  -0.77292   2.15342
        0         0         0         1

 0.369659 -0.672962  0.640683   1.28108
-0.803848 -0.577453 -0.142745  0.552795
 0.466026 -0.462245  -0.75442   2.13766
        0         0         0         1

 0.367611 -0.654728  0.660449   1.28267
-0.807562 -0.576933 -0.122441  0.543577
 0.461201 -0.488343  -0.74082   2.12664
        0         0         0         1

  0.367097  -0.633222   0.681374     1.2832
 -0.813261  -0.574039 -0.0953195   0.531662
  0.451493  -0.519143  -0.725702    2.11593
         0          0          0          1

   0.36672  -0.618035   0.695376    1.28098
 -0.820485  -0.567191 -0.0714081   0.518677
  0.438544  -0.544359  -0.715089    2.11266
         0          0          0          1

  0.367343  -0.603303   0.707874    1.27764
 -0.827719  -0.559168 -0.0470293   0.503807
  0.424193  -0.568645  -0.704772    2.10786
         0          0          0          1

 0.366287 -0.601011  0.710366   1.27859
-0.832646 -0.552494 -0.038104  0.495175
 0.415373 -0.577526 -0.702801   2.09696
        0         0         0         1

  0.364381  -0.594654   0.716668     1.2736
 -0.845475  -0.533855 -0.0130941   0.472679
  0.390383  -0.601153  -0.697292    2.07502
         0          0          0          1

   0.358806   -0.595839    0.718494     1.27513
  -0.853568    -0.52095 -0.00575775    0.460856
   0.377731   -0.611218   -0.695509     2.06789
          0           0           0           1

  0.355911  -0.589715   0.724957    1.27043
 -0.858881   -0.51215 0.00505211   0.449732
  0.368308   -0.62445  -0.688775    2.05542
         0          0          0          1

 0.348972 -0.588966  0.728929   1.27065
-0.865774 -0.500331 0.0102237   0.43951
 0.358685 -0.634655 -0.684513   2.04459
        0         0         0         1

 0.338544 -0.579042  0.741686   1.26615
-0.882238 -0.469407 0.0362282  0.413191
 0.327175 -0.666608 -0.669768   2.02558
        0         0         0         1

 0.335022 -0.574536  0.746772   1.26372
-0.888091   -0.4573 0.0465943  0.403949
 0.314729 -0.678812 -0.663446   2.01296
        0         0         0         1

 0.329913 -0.567617    0.7543   1.26133
-0.895763 -0.440412 0.0603722   0.39138
 0.297935 -0.695592 -0.653748   1.99894
        0         0         0         1

 0.323835 -0.562419  0.760799   1.26079
-0.904077 -0.420983 0.0736101  0.379586
 0.278884 -0.711659 -0.644799   1.99052
        0         0         0         1

 0.320215 -0.553884  0.768554   1.25611
-0.910911 -0.402844  0.089204  0.367462
 0.260199 -0.728649 -0.633536   1.97662
        0         0         0         1

  0.31721 -0.549138  0.773191   1.25234
-0.916195 -0.387968  0.100335  0.357722
 0.244875 -0.740222 -0.626185   1.96419
        0         0         0         1

 0.303139 -0.544797  0.781859   1.24802
 -0.93045 -0.346435  0.119355  0.334162
 0.205839 -0.763661 -0.611924   1.93635
        0         0         0         1

 0.297589 -0.542012  0.785916   1.24409
-0.935652  -0.32918  0.127266  0.324708
 0.189728 -0.773216 -0.605095   1.92378
        0         0         0         1

 0.289013 -0.539759  0.790653   1.24034
-0.942307 -0.306112  0.135473  0.313195
 0.168906 -0.784191 -0.597089    1.9094
        0         0         0         1

 0.282516 -0.539838  0.792944   1.23724
-0.947117 -0.288101  0.141306  0.304141
 0.152165 -0.790931 -0.592683   1.89598
        0         0         0         1

 0.277187 -0.536218  0.797269   1.23131
-0.951918 -0.265926  0.152101  0.292788
 0.130455 -0.801096 -0.584147   1.88173
        0         0         0         1

 0.270222 -0.537012  0.799123   1.22933
-0.956181  -0.24683  0.157461  0.283824
 0.112689 -0.806656 -0.580179   1.86816
        0         0         0         1

 0.256569 -0.523697  0.812351   1.22004
-0.963391 -0.206208  0.171337  0.265212
0.0777843 -0.826571 -0.557431   1.83571
        0         0         0         1

 0.250952 -0.520098  0.816407   1.21702
-0.966157 -0.186589  0.178115  0.256681
 0.059695 -0.833476 -0.549321   1.82277
        0         0         0         1

 0.243952 -0.519664  0.818802   1.21403
-0.969062 -0.163269  0.185099  0.247033
0.0374959 -0.838626 -0.543416   1.80609
        0         0         0         1

 0.239512 -0.523552  0.817635   1.21172
-0.970726 -0.144763  0.191662  0.239127
0.0180177 -0.839605 -0.542898   1.79139
        0         0         0         1

 0.230713 -0.526342  0.818374   1.20298
-0.972742 -0.104579  0.206971  0.222793
-0.0233532 -0.843817 -0.536123   1.75821
        0         0         0         1

  0.226279  -0.522175   0.822272    1.19894
 -0.973241 -0.0865387   0.212868   0.216241
-0.0399963  -0.848436  -0.527784    1.74404
         0          0          0          1

  0.219959  -0.516645   0.827464    1.19445
 -0.973692 -0.0645197   0.218545   0.208733
-0.0595225  -0.853766  -0.517244     1.7268
         0          0          0          1

   0.21454  -0.513594   0.830779    1.19064
 -0.973673 -0.0453807   0.223386   0.202641
-0.0770286  -0.856832  -0.509809     1.7123
         0          0          0          1

  0.206455  -0.509743   0.835188    1.18683
 -0.973736 -0.0232999   0.226483   0.196028
-0.0959882  -0.860011  -0.501165    1.69403
         0          0          0          1

   0.202389   -0.503696    0.839839     1.18233
  -0.972819 -0.00486471    0.231518    0.191076
  -0.112529   -0.863867   -0.490989     1.67975
          0           0           0           1

 0.190411 -0.490876  0.850167   1.17493
-0.970414 0.0368461  0.238618  0.180165
-0.148457  -0.87045 -0.469337   1.64631
        0         0         0         1

 0.187002  -0.48223  0.855853   1.17035
-0.969043 0.0524122  0.241265  0.176408
-0.161202 -0.874475   -0.4575     1.632
        0         0         0         1

 0.182467 -0.472196  0.862402   1.16564
-0.967023 0.0723282  0.244205  0.171862
-0.177688 -0.878521 -0.443427     1.616
        0         0         0         1

 0.177521 -0.464487  0.867605   1.16255
-0.965864 0.0867782  0.244084  0.168564
-0.188663 -0.881318 -0.433226   1.60278
        0         0         0         1

 0.168895 -0.450066  0.876878   1.15672
-0.963968  0.110086  0.242172  0.163114
-0.205525 -0.886184 -0.415256   1.57352
        0         0         0         1

 0.168304 -0.445115  0.879515   1.15388
-0.962641  0.117786  0.243822  0.161288
-0.212123 -0.887693 -0.408662   1.56196
        0         0         0         1

 0.164783 -0.440013  0.882743   1.15246
-0.961815   0.12661  0.242654  0.159098
-0.218535 -0.889021 -0.402348   1.54842
        0         0         0         1

 0.167025 -0.435001  0.884803   1.14986
-0.960016  0.132731  0.246478  0.157749
-0.224659 -0.890593 -0.395439    1.5382
        0         0         0         1

 0.167041 -0.426932  0.888722    1.1474
-0.958714  0.140067  0.247483  0.156601
-0.230139  -0.89337 -0.385909    1.5268
        0         0         0         1

 0.165942 -0.418903  0.892739   1.14585
-0.958715  0.143466  0.245525  0.156121
-0.230929 -0.896626 -0.377802    1.5163
        0         0         0         1

 0.165426 -0.392519  0.904745   1.14303
-0.957615  0.155422  0.242522  0.155326
-0.235811 -0.906517 -0.350171   1.49492
        0         0         0         1

 0.167025 -0.378588   0.91037   1.14119
-0.956933  0.160123  0.242157  0.155306
-0.237449 -0.911609 -0.335539   1.48645
        0         0         0         1

 0.167848 -0.359181   0.91805   1.13961
-0.956602  0.165677  0.239717  0.155452
-0.238202 -0.918444 -0.315785   1.47618
        0         0         0         1

 0.168827 -0.342852  0.924094   1.13868
-0.956151  0.170671  0.238005  0.155491
-0.239317 -0.923755 -0.299004   1.46806
        0         0         0         1

 0.172724 -0.304823  0.936616    1.1361
-0.955294  0.179817   0.23469  0.156031
-0.239958  -0.93528 -0.260137   1.45188
        0         0         0         1

 0.173182  -0.28964  0.941338   1.13564
-0.955762  0.181302   0.23162  0.156105
-0.237753 -0.939808 -0.245429   1.44515
        0         0         0         1

 0.174497 -0.274282  0.945685   1.13467
-0.956058  0.182596   0.22937  0.156237
-0.235591 -0.944155 -0.230367   1.43835
        0         0         0         1

  0.17582 -0.263815  0.948414   1.13373
-0.956366  0.182594  0.228086  0.156163
-0.233347 -0.947133   -0.2202   1.43319
        0         0         0         1

 0.175204 -0.252805  0.951522   1.13324
-0.957599  0.180757  0.224347  0.156053
 -0.22871 -0.950482 -0.210416   1.42741
        0         0         0         1

  0.17484 -0.248761  0.952654   1.13282
-0.958818  0.176938  0.222175  0.155831
-0.223829 -0.952266  -0.20758   1.42264
        0         0         0         1

 0.177434  -0.24641  0.952785   1.13136
-0.960438  0.167809  0.222258  0.154902
-0.214652 -0.954527 -0.206887   1.41388
        0         0         0         1

 0.180026 -0.247147  0.952108   1.13021
 -0.96057  0.164327  0.224282  0.154212
-0.211887 -0.954942 -0.207819    1.4109
        0         0         0         1

 0.182683 -0.248495   0.95125   1.12943
-0.960995  0.159209  0.226145  0.153587
-0.207643 -0.955459 -0.209718   1.40696
        0         0         0         1

 0.184124 -0.247921  0.951122   1.12904
-0.961541  0.155215  0.226599   0.15284
-0.203807 -0.956265 -0.209808   1.40389
        0         0         0         1

 0.187751 -0.244156  0.951387   1.12794
-0.962236  0.148655  0.228041  0.151073
-0.197107 -0.958274 -0.207026   1.39881
        0         0         0         1

 0.188791 -0.240971  0.951993   1.12845
-0.962821  0.145321  0.227722  0.150137
-0.193219 -0.959591 -0.204577   1.39705
        0         0         0         1

 0.193624 -0.238071  0.951752     1.128
-0.962814  0.140194  0.230943  0.149179
-0.188411 -0.961076 -0.202073   1.39533
        0         0         0         1

 0.196482 -0.237332  0.951351   1.12919
-0.963098  0.135311  0.232664  0.148197
-0.183947 -0.961959 -0.201988   1.39371
        0         0         0         1

 0.201046 -0.237314  0.950401   1.13035
-0.962967  0.130055  0.236179  0.146875
-0.179653 -0.962688 -0.202379   1.39281
        0         0         0         1

   0.2059 -0.237503  0.949314   1.13103
-0.962749   0.12459  0.239985   0.14597
-0.175272 -0.963364 -0.203002   1.39192
        0         0         0         1

 0.213468 -0.237902  0.947541   1.13398
-0.962895  0.112693  0.245221  0.143696
 -0.16512  -0.96473 -0.205018   1.38985
        0         0         0         1

  0.21811 -0.239137  0.946172   1.13459
-0.962338   0.10851  0.249261  0.142719
-0.162277 -0.964904 -0.206463   1.38943
        0         0         0         1

 0.221036 -0.240704  0.945095    1.1364
-0.962417  0.102949  0.251307  0.141237
-0.157787 -0.965123 -0.208902   1.38806
        0         0         0         1

 0.223258 -0.238661  0.945091   1.13715
-0.962274   0.10072  0.252752  0.140013
-0.155512 -0.965866 -0.207171   1.38725
        0         0         0         1

 0.226153 -0.229393  0.946696   1.13829
-0.962217 0.0986823  0.253772  0.137575
-0.151636 -0.968319 -0.198408   1.38418
        0         0         0         1

 0.226134  -0.22472  0.947821   1.13905
-0.962228 0.0998945  0.253255  0.136339
-0.151593  -0.96929 -0.193642   1.38283
        0         0         0         1

 0.226374 -0.217966   0.94934   1.13951
-0.962231  0.101264  0.252698  0.135113
-0.151213 -0.970689 -0.186811   1.38073
        0         0         0         1

 0.225948 -0.211843  0.950826      1.14
-0.962162  0.104061  0.251826  0.134079
-0.152292 -0.971748 -0.180315   1.37916
        0         0         0         1

 0.225113 -0.202855  0.952982   1.14099
 -0.96226  0.107207  0.250125  0.132945
-0.152906 -0.973322 -0.171065   1.37655
        0         0         0         1

 0.225237  -0.19365  0.954865   1.14135
-0.961885  0.111786  0.249564   0.13202
-0.155069 -0.974681  -0.16109   1.37476
        0         0         0         1

 0.226006 -0.173386  0.958571    1.1418
-0.960539  0.124112  0.248919  0.130143
-0.162129 -0.977002 -0.138494   1.37067
        0         0         0         1

  0.22441 -0.166528  0.960161   1.14286
-0.960395  0.129208  0.246874  0.129195
-0.165172 -0.977535 -0.130937   1.36909
        0         0         0         1

 0.223637 -0.158739  0.961659   1.14393
-0.960382  0.132447  0.245202  0.128496
-0.166292 -0.978397  -0.12283   1.36661
        0         0         0         1

 0.223692 -0.152787   0.96261   1.14485
 -0.96016  0.135179  0.244578  0.127806
-0.167493  -0.97897 -0.116462   1.36524
        0         0         0         1

 0.223975 -0.142474  0.964125   1.14614
-0.960083  0.137823  0.243403  0.126246
-0.167557 -0.980156 -0.105918   1.36261
        0         0         0         1

 0.223437 -0.138455  0.964835   1.14673
-0.960046  0.139844  0.242395  0.125546
-0.168487 -0.980446 -0.101677   1.36296
        0         0         0         1

    0.2243  -0.135236   0.965091    1.14643
 -0.960015   0.139567   0.242678   0.125004
 -0.167513  -0.980934 -0.0985239    1.36272
         0          0          0          1

   0.22385   -0.13306   0.965498    1.14653
 -0.960485   0.138006   0.241707    0.12445
 -0.165406  -0.981453 -0.0969097    1.36235
         0          0          0          1

  0.224105  -0.132711   0.965487    1.14681
 -0.960527   0.137466    0.24185   0.123811
 -0.164818  -0.981576 -0.0966656    1.36265
         0          0          0          1

  0.225787  -0.134161   0.964894    1.14695
 -0.960283   0.136035   0.243623   0.123477
 -0.163944  -0.981578 -0.0981175    1.36272
         0          0          0          1

 0.231602 -0.142797  0.962273   1.14838
-0.959223  0.131228  0.250341  0.122666
-0.162025 -0.981014 -0.106582   1.36281
        0         0         0         1

 0.236821 -0.146244  0.960483   1.14831
-0.957876  0.130153  0.255996  0.122602
-0.162448 -0.980649  -0.10926   1.36367
        0         0         0         1

  0.24262  -0.14907    0.9586   1.14827
-0.956626  0.127481  0.261945  0.122577
-0.161251 -0.980575 -0.111675   1.36442
        0         0         0         1

  0.24744 -0.150517   0.95714   1.14804
-0.955749  0.124308  0.266629  0.122753
-0.159112 -0.980761 -0.113098   1.36518
        0         0         0         1

 0.263219 -0.148693  0.953208   1.14528
-0.952792  0.114926  0.281032  0.123829
-0.151336 -0.982183 -0.111423   1.36873
        0         0         0         1

 0.270701 -0.144714  0.951724   1.14256
-0.951489  0.109978  0.287357  0.125074
-0.146254 -0.983343 -0.107923   1.37151
        0         0         0         1

 0.279667 -0.139037  0.949976   1.13877
-0.949772  0.104654  0.294924  0.126956
-0.140425 -0.984742 -0.102785   1.37486
        0         0         0         1

 0.289056 -0.132992  0.948029   1.13446
-0.947735 0.0999751  0.302991  0.128779
-0.135075 -0.986062 -0.097143   1.37729
        0         0         0         1

  0.298392  -0.125515   0.946154       1.13
 -0.945794  0.0942699   0.310784   0.131037
 -0.128202  -0.987603 -0.0905818    1.38047
         0          0          0          1

  0.307911  -0.118839   0.943964    1.12502
  -0.94356   0.089089   0.318995   0.133198
 -0.122006  -0.988909 -0.0847006     1.3838
         0          0          0          1

 0.329442 -0.104232  0.938405     1.113
-0.938718 0.0705512  0.337388  0.138743
-0.101372 -0.992047 -0.074602   1.39131
        0         0         0         1

  0.338967 -0.0986056   0.935617     1.1071
 -0.936334  0.0614101   0.345699    0.14151
-0.0915441   -0.99323 -0.0715118    1.39547
         0          0          0          1

  0.350075 -0.0925131   0.932142    1.09928
 -0.933411   0.049142   0.355429    0.14494
-0.0786891  -0.994498 -0.0691493    1.40063
         0          0          0          1

  0.360885 -0.0885108   0.928401    1.09171
  -0.93004  0.0396964   0.365307   0.148122
-0.0691878  -0.995284 -0.0679928    1.40621
         0          0          0          1

  0.384972  -0.080569   0.919405    1.07199
 -0.921855  0.0144513   0.387264   0.156019
-0.0444881  -0.996644 -0.0687096    1.41873
         0          0          0          1

  0.394092 -0.0790767   0.915663    1.06285
 -0.918425 0.00347047    0.39558   0.159921
 -0.034459  -0.996862 -0.0712584    1.42468
         0          0          0          1

  0.402953 -0.0776905   0.911917    1.05152
 -0.914967 -0.0107526   0.403385   0.164691
-0.0215337   -0.99692  -0.075417    1.43165
         0          0          0          1

  0.411217 -0.0758729   0.908374    1.04112
 -0.911467 -0.0217966   0.410796   0.169041
-0.0113688  -0.996879 -0.0781187    1.43788
         0          0          0          1

  0.420661 -0.0751989   0.904096    1.02833
 -0.907218 -0.0347749   0.419222   0.174293
-8.52187e-05  -0.996562 -0.0828502    1.44483
         0          0          0          1

  0.428766 -0.0728212   0.900476    1.01711
 -0.903388  -0.042316   0.426731   0.178762
0.00702954  -0.996447 -0.0839295    1.45155
         0          0          0          1

  0.448233 -0.0643581   0.891597   0.989702
 -0.893587 -0.0593691   0.444947   0.189839
 0.0242973  -0.996159 -0.0841207    1.46496
         0          0          0          1

  0.456555 -0.0616352   0.887558   0.977477
 -0.889187 -0.0653285   0.452857   0.194804
 0.0300709  -0.995958 -0.0846312    1.47081
         0          0          0          1

  0.467756 -0.0566293   0.882042   0.961126
 -0.883082  -0.071737   0.463702   0.201001
 0.0370159  -0.995815 -0.0835637    1.47754
         0          0          0          1

  0.473768 -0.0539488   0.878996   0.948852
 -0.879655 -0.0764283   0.469432   0.206545
 0.0418548  -0.995615 -0.0836656    1.48289
         0          0          0          1

  0.488667 -0.0440155   0.871359   0.917025
 -0.870965 -0.0832447   0.484241   0.219046
 0.0512219  -0.995557  -0.079015    1.49586
         0          0          0          1

  0.493949 -0.0392172   0.868606   0.902206
 -0.867746 -0.0854921   0.489599   0.224745
 0.0550583  -0.995567 -0.0762593    1.50152
         0          0          0          1

  0.498751 -0.0332537   0.866107   0.884354
 -0.864679 -0.0880479   0.494548   0.231233
 0.0598134  -0.995561 -0.0726677    1.50793
         0          0          0          1

  0.504364 -0.0265607   0.863082   0.867623
 -0.860995 -0.0914064   0.500332   0.237259
 0.0656021  -0.995459 -0.0689708    1.51254
         0          0          0          1

  0.506953 -0.0204338   0.861731   0.849327
 -0.859209  -0.091982   0.503288   0.244197
 0.0689797  -0.995551 -0.0641875    1.51927
         0          0          0          1

    0.5082 -0.0145194   0.861116   0.833601
 -0.858261 -0.0916185    0.50497   0.249944
 0.0715623  -0.995688  -0.059022     1.5251
         0          0          0          1

    0.50936 -0.00268258     0.86055    0.795097
  -0.857014  -0.0921899    0.506979    0.263368
  0.0779739   -0.995738  -0.0492568     1.53618
          0           0           0           1

   0.509229 6.49302e-05    0.860631    0.777575
  -0.857015  -0.0915316    0.507096    0.269096
  0.0788079   -0.995802  -0.0465549     1.54108
          0           0           0           1

    0.507003 -0.000293661     0.861944     0.757817
   -0.858251   -0.0926468     0.504799     0.276138
   0.0797081    -0.995699   -0.0472243      1.54574
           0            0            0            1

   0.506059 -0.00200084    0.862497    0.740211
  -0.858957    -0.09171    0.503769    0.281626
  0.0780916   -0.995784  -0.0481293     1.55078
          0           0           0           1

   0.504673 -0.00787523    0.863275    0.698323
  -0.860044  -0.0914888     0.50195     0.29371
   0.075027   -0.995775   -0.052945     1.56128
          0           0           0           1

   0.502799 -0.00949506    0.864351    0.680266
  -0.861221  -0.0912244    0.499976    0.298875
  0.0741026   -0.995785  -0.0540449     1.56527
          0           0           0           1

  0.499619 -0.0112189   0.866172   0.658332
 -0.863133 -0.0911342   0.496685   0.305236
 0.0733657  -0.995775 -0.0552158    1.56884
         0          0          0          1

  0.496492 -0.0136629   0.867934   0.640131
  -0.86506 -0.0905852   0.493422   0.310709
 0.0718804  -0.995795 -0.0567941    1.57204
         0          0          0          1

  0.493093 -0.0173586   0.869803   0.618123
 -0.867242 -0.0890166   0.489865    0.31659
 0.0689235  -0.995879 -0.0589476     1.5761
         0          0          0          1

  0.488856 -0.0214616     0.8721   0.600735
 -0.869932 -0.0865874    0.48551   0.322087
 0.0650931  -0.996013 -0.0609989     1.5792
         0          0          0          1

  0.476577  -0.038719   0.878279   0.562702
 -0.877717 -0.0776165   0.472851   0.334337
 0.0498607  -0.996231 -0.0709746    1.58509
         0          0          0          1

   0.47374 -0.0441084   0.879559    0.54507
 -0.879584 -0.0731598   0.470085   0.339309
 0.0436137  -0.996344 -0.0734558    1.58697
         0          0          0          1

  0.466996 -0.0523611   0.882708    0.52552
 -0.883589  -0.066496   0.463518   0.345968
 0.0344262  -0.996412 -0.0773191    1.58944
         0          0          0          1

  0.464446 -0.0563203   0.883809   0.508223
 -0.885106  -0.062886   0.461121   0.350449
 0.0296087   -0.99643 -0.0790566    1.58969
         0          0          0          1

  0.455037 -0.0796542   0.886903   0.470688
 -0.890428  -0.050697   0.452292   0.361034
0.00893629  -0.995533 -0.0939953    1.59569
         0          0          0          1

  0.452794 -0.0920944   0.886846   0.454103
 -0.891615 -0.0469321   0.450355   0.365474
0.000146335  -0.994644  -0.103363     1.5981
         0          0          0          1

  0.443581  -0.108584   0.889632   0.438139
 -0.896213 -0.0468866    0.44114   0.372448
-0.00618892  -0.992981  -0.118112    1.59743
         0          0          0          1

  0.440835  -0.119933   0.889539   0.420705
 -0.897476 -0.0432024   0.438943   0.375742
-0.0142133  -0.991842  -0.126682    1.59837
         0          0          0          1

 0.431103 -0.131301  0.892698  0.403227
-0.902017 -0.037816  0.430042  0.381096
-0.0227067 -0.990621 -0.134739   1.59934
        0         0         0         1

  0.421792  -0.138129   0.896109   0.389266
 -0.906296 -0.0349997   0.421192   0.385629
-0.0268154  -0.989796  -0.139949    1.59744
         0          0          0          1

   0.40883  -0.158013   0.898827   0.351046
 -0.911158 -0.0151323   0.411779   0.390399
-0.0514651  -0.987321  -0.150161    1.60236
         0          0          0          1

   0.401066   -0.163894    0.901268    0.336813
  -0.914212 -0.00933217    0.405129      0.3936
 -0.0579874   -0.986434   -0.153577     1.60039
          0           0           0           1

  0.396924  -0.166285   0.902663   0.315127
 -0.915169 0.00343631   0.403056   0.394841
-0.0701239  -0.986072  -0.150815    1.60101
         0          0          0          1

 0.382992  -0.17173  0.907649   0.30411
-0.920497 0.0114632  0.390582  0.399065
-0.0774793 -0.985077 -0.153687   1.60015
        0         0         0         1

 0.364121 -0.182023  0.913391  0.270891
-0.926579 0.0283623   0.37503  0.403055
-0.0941701 -0.982885 -0.158332   1.59675
        0         0         0         1

 0.355483 -0.181911   0.91681  0.257827
-0.929322 0.0361114    0.3675  0.405204
-0.0999597 -0.982652 -0.156217   1.59398
        0         0         0         1

  0.34654 -0.182516  0.920108  0.241276
-0.931714 0.0467094  0.360177  0.406922
-0.108716 -0.982093 -0.153866   1.59142
        0         0         0         1

 0.338855 -0.186453  0.922178  0.228369
-0.933761 0.0533497  0.353898  0.408025
-0.115183 -0.981014 -0.156025   1.59031
        0         0         0         1

   0.3271 -0.188387  0.926021  0.214893
 -0.93683  0.063855  0.343908  0.409931
-0.123919 -0.980017   -0.1556   1.58798
        0         0         0         1

 0.319387 -0.189229  0.928539   0.20289
-0.938662 0.0712704  0.337393  0.409962
-0.130022 -0.979343 -0.154859   1.58494
        0         0         0         1

 0.302258 -0.188157  0.934471  0.174339
-0.942497 0.0876769  0.322508  0.410012
-0.142614 -0.978218 -0.150837   1.57851
        0         0         0         1

 0.291309 -0.190739  0.937421   0.16529
-0.944849 0.0959424  0.313139  0.410464
-0.149666 -0.976941 -0.152271    1.5779
        0         0         0         1

 0.281398 -0.190915  0.940408  0.153552
-0.946552  0.105786  0.304712  0.410685
-0.157656  -0.97589 -0.150943     1.575
        0         0         0         1

 0.273355 -0.188525  0.943258  0.143596
-0.948225  0.112027  0.297185  0.410399
-0.161698 -0.975658 -0.148141   1.56935
        0         0         0         1

 0.267496 -0.186538   0.94533  0.129097
-0.949076  0.118458   0.29193  0.408858
-0.166438  -0.97528 -0.145352   1.56373
        0         0         0         1

 0.253509 -0.190823  0.948325  0.125247
-0.952146  0.123808  0.279444  0.411759
-0.170735 -0.973785 -0.150305   1.56076
        0         0         0         1

 0.234762 -0.192448  0.952812  0.107105
-0.955152  0.136319  0.262872   0.41108
-0.180475 -0.971793 -0.151815   1.55097
        0         0         0         1

 0.230684  -0.19899  0.952464 0.0987209
-0.955085  0.140813  0.260738  0.409288
-0.186004 -0.969832 -0.157569   1.54743
        0         0         0         1

   0.2216 -0.201001  0.954197 0.0898123
-0.955358  0.151338  0.253749  0.406248
 -0.19541  -0.96783 -0.158492   1.54751
        0         0         0         1

 0.211903 -0.197265  0.957175 0.0826676
-0.957498  0.154209  0.243756  0.405587
-0.195689 -0.968146 -0.156204    1.5413
        0         0         0         1

 0.198912 -0.212608  0.956677  0.068408
-0.957318  0.166732  0.236099  0.401153
-0.209706 -0.962807 -0.170369   1.53759
        0         0         0         1

 0.193015 -0.216308  0.957056 0.0628004
-0.957093   0.17336  0.232204  0.399744
-0.216143 -0.960811 -0.173565   1.53528
        0         0         0         1

  0.18955 -0.219611  0.956996 0.0525084
-0.955926  0.181302  0.230944  0.395568
-0.224223 -0.958593 -0.175566   1.53223
        0         0         0         1

 0.181589 -0.219833  0.958488 0.0501614
-0.956929  0.185019  0.223728  0.395631
-0.226521 -0.957832 -0.176767   1.52545
        0         0         0         1

 0.179115 -0.225129  0.957724 0.0429085
-0.955554  0.191895  0.223817  0.392288
 -0.23417 -0.955245 -0.180751   1.52096
        0         0         0         1

 0.179453 -0.229892  0.956528  0.036766
-0.953605  0.198269  0.226556  0.389456
-0.241733 -0.952806 -0.183646   1.51766
        0         0         0         1

 0.167767 -0.238474  0.956548 0.0329317
-0.951036  0.216345  0.220736  0.387678
-0.259584 -0.946744 -0.190502   1.51285
        0         0         0         1

 0.163238 -0.234809  0.958237 0.0291465
 -0.95134   0.21983  0.215931  0.386131
-0.261352 -0.946858 -0.187499   1.50574
        0         0         0         1

 0.164436  -0.23562  0.957833  0.021527
-0.948991  0.227056  0.218772  0.380392
-0.269029 -0.944949 -0.186265   1.50372
        0         0         0         1

 0.153985 -0.234294  0.959893 0.0256061
-0.949349  0.234224  0.209464  0.383994
-0.273906 -0.943528  -0.18636   1.50104
        0         0         0         1

 0.152976 -0.233985   0.96013 0.0207464
 -0.94671  0.243961  0.210292  0.381308
 -0.28344 -0.941134 -0.184196   1.49205
        0         0         0         1

 0.150788 -0.238322  0.959409 0.0202437
-0.944096  0.253094  0.211251  0.379852
-0.293166 -0.937628 -0.186836   1.49296
        0         0         0         1

   0.1462  -0.23678    0.9605 0.0194967
-0.943398  0.258815    0.2074  0.378977
  -0.2977 -0.936456 -0.185539   1.48899
        0         0         0         1

 0.146059 -0.233179  0.961402 0.0149879
-0.942155  0.263572  0.207061  0.375684
-0.301681 -0.936033 -0.181194   1.48461
        0         0         0         1

 0.142066 -0.228414  0.963143 0.0133461
 -0.94231  0.266733   0.20225  0.374917
-0.303099 -0.936312 -0.177343   1.47925
        0         0         0         1

 0.138486 -0.226396   0.96414  0.012491
   -0.942  0.270398    0.1988  0.374272
 -0.30571 -0.935751 -0.175819   1.47685
        0         0         0         1

 0.131679 -0.218009  0.967023 0.0112058
-0.941646  0.277341  0.190748  0.371942
 -0.30978  -0.93571 -0.168767   1.46868
        0         0         0         1

 0.126422 -0.212744  0.968895 0.0102941
-0.942103  0.280055  0.184419  0.371544
-0.310578 -0.936114 -0.165021   1.46449
        0         0         0         1

 0.120615 -0.211819  0.969837 0.0103618
-0.941593  0.285019  0.179352  0.371319
-0.314412 -0.934825  -0.16507   1.46374
        0         0         0         1

 0.113324 -0.209693  0.971178 0.0111417
-0.941101  0.290757  0.172594  0.371831
-0.318568 -0.933536 -0.164392    1.4616
        0         0         0         1

 0.105659 -0.210255   0.97192 0.0106828
-0.938736   0.30134  0.167241   0.36991
-0.328042 -0.930047 -0.165535   1.45756
        0         0         0         1

 0.101923 -0.212216  0.971893 0.0102489
-0.938143  0.304477  0.164868  0.368618
-0.330907 -0.928578 -0.168056   1.45498
        0         0         0         1

0.0920725 -0.211337  0.973067 0.0133303
-0.937366  0.311308  0.156306  0.371641
-0.335957 -0.926512 -0.169437   1.45151
        0         0         0         1

0.0888807 -0.217503  0.972005 0.0134748
-0.935215  0.317577   0.15658  0.371909
-0.342743  -0.92295 -0.175185   1.45119
        0         0         0         1

0.0834349 -0.216746  0.972656 0.0148097
-0.933985  0.323295  0.152161  0.372902
-0.347435 -0.921141 -0.175464   1.44799
        0         0         0         1

 0.084013 -0.214336   0.97314 0.0127894
-0.932324  0.327808  0.152689  0.372013
 -0.35173  -0.92011  -0.17229   1.44416
        0         0         0         1

0.0744989 -0.221271  0.972363 0.0146503
-0.929981  0.336568  0.147841   0.37408
-0.359979 -0.915293 -0.180704   1.44247
        0         0         0         1

0.0764388 -0.224753  0.971413 0.0121992
-0.927151  0.342394  0.152174  0.372757
-0.366807 -0.912279 -0.182207   1.44216
        0         0         0         1

 0.0807606   -0.22961   0.969926 0.00827283
 -0.924286   0.346964   0.159097   0.369633
  -0.37306  -0.909338  -0.184204    1.44121
         0          0          0          1

 0.0793626  -0.229641   0.970034 0.00887144
  -0.92399   0.348236   0.158035   0.370405
 -0.374092  -0.908844  -0.184549    1.43889
         0          0          0          1

0.0784648 -0.239489  0.967723 0.0110478
-0.922524  0.350506  0.161542  0.371944
 -0.37788 -0.905423 -0.193432   1.43991
        0         0         0         1

0.0815834 -0.242993  0.966591 0.0111936
-0.921235  0.351727  0.166177  0.371941
-0.380356 -0.904014 -0.195159   1.44057
        0         0         0         1

0.0842359 -0.244875  0.965889 0.0131017
-0.919742  0.353839  0.169918  0.373045
-0.383377 -0.902682 -0.195416   1.44091
        0         0         0         1

0.0870003 -0.245976  0.965364 0.0146444
-0.918261  0.355963  0.173455  0.373994
-0.386299 -0.901547 -0.194902   1.44083
        0         0         0         1

0.0983522 -0.247745   0.96382  0.017235
-0.911912  0.365326   0.18696  0.375912
-0.398427 -0.897307 -0.189991   1.44153
        0         0         0         1

 0.104915 -0.245732  0.963644 0.0177247
-0.909124  0.369066  0.193092  0.376439
-0.403097 -0.896329  -0.18468   1.44168
        0         0         0         1

 0.113576 -0.242867  0.963388 0.0182623
-0.905677  0.373352  0.200893  0.377071
-0.408473 -0.895334 -0.177555   1.44132
        0         0         0         1

 0.120907 -0.246675  0.961526 0.0179088
-0.902831   0.37533  0.209816   0.37678
-0.412646 -0.893464 -0.177326   1.44197
        0         0         0         1

 0.129281 -0.247042  0.960342 0.0175546
-0.898859  0.379768  0.218698  0.376803
-0.418735 -0.891485 -0.172959   1.44395
        0         0         0         1

 0.132858 -0.250306  0.959008 0.0177826
-0.895921   0.38348  0.224208  0.376706
 -0.42388 -0.888983 -0.173306   1.44599
        0         0         0         1

 0.139135 -0.251779  0.957731 0.0202433
-0.894872  0.382207  0.230482   0.37966
-0.424082 -0.889115 -0.172132   1.44824
        0         0         0         1

 0.134136 -0.252629   0.95822 0.0265583
-0.894625  0.385013   0.22674  0.384787
-0.426209 -0.887662 -0.174365   1.45264
        0         0         0         1

 0.139692 -0.257106  0.956234 0.0263367
-0.892512  0.385544  0.234046  0.384851
-0.428845 -0.886145 -0.175613   1.45563
        0         0         0         1

 0.141821 -0.258846   0.95545 0.0265064
-0.890644  0.387878  0.237284  0.385729
-0.432018 -0.884618 -0.175531   1.45915
        0         0         0         1

 0.142314 -0.256552  0.955996 0.0281456
-0.890454  0.388587  0.236838  0.389257
-0.432249 -0.884975 -0.173146   1.46037
        0         0         0         1

 0.142563 -0.255278    0.9563 0.0302776
-0.890454  0.388775  0.236528  0.390841
-0.432165 -0.885261 -0.171888   1.46191
        0         0         0         1

 0.151198 -0.254063  0.955296 0.0257469
-0.889106  0.387398  0.243751  0.389942
-0.432007 -0.886214 -0.167315   1.46471
        0         0         0         1

  0.15021 -0.256625  0.954767 0.0256242
-0.888172  0.389167  0.244334  0.391051
-0.434266 -0.884699 -0.169471   1.46994
        0         0         0         1

 0.149623 -0.256625  0.954859 0.0251179
-0.888528  0.388748  0.243707  0.391416
-0.433741 -0.884883 -0.169853   1.47379
        0         0         0         1

 0.148632 -0.254636  0.955546 0.0241856
-0.889317  0.388154  0.241766  0.392535
-0.432462 -0.885718 -0.168761   1.47643
        0         0         0         1

  0.14111 -0.247133  0.958652 0.0259377
-0.891789   0.38875  0.231485  0.396831
-0.429883  -0.88758 -0.165534   1.48995
        0         0         0         1

 0.138023 -0.244355  0.959813 0.0219854
-0.892583    0.3893  0.227465  0.396733
-0.429238 -0.888108 -0.164375   1.49623
        0         0         0         1

  0.12663 -0.236415  0.963365 0.0248883
 -0.89619  0.389046  0.213274  0.400643
-0.425215 -0.890366 -0.162608   1.50108
        0         0         0         1

 0.122887 -0.235588  0.964052 0.0208187
-0.898556  0.385972  0.208859  0.399859
-0.421302 -0.891921 -0.164258   1.50506
        0         0         0         1

 0.118095 -0.232109  0.965494 0.0169608
-0.900611  0.384517  0.202598  0.399492
-0.418274 -0.893461 -0.163631   1.51184
        0         0         0         1

 0.109054 -0.230366  0.966974  0.017934
-0.903689  0.382237  0.192978  0.403112
-0.414069 -0.894889 -0.166495   1.51804
        0         0         0         1

 0.094913 -0.230293  0.968482 0.0181339
-0.909965  0.374437  0.178215  0.409488
-0.403678 -0.898199  -0.17402   1.53262
        0         0         0         1

0.0862317 -0.233427  0.968543 0.0219191
-0.912686  0.371284  0.170741  0.414992
 -0.39946 -0.898699 -0.181029   1.54139
        0         0         0         1

0.0782212 -0.235532  0.968714 0.0255083
-0.916531  0.365318   0.16283  0.421943
 -0.39224 -0.900593 -0.187296   1.54888
        0         0         0         1

0.0765557 -0.238955  0.968008 0.0239059
-0.919916  0.357533   0.16101  0.424403
-0.384569 -0.902813 -0.192448   1.55364
        0         0         0         1

0.0717507 -0.257281  0.963669 0.0239955
-0.926212  0.341325  0.160089  0.430934
-0.370112 -0.904048 -0.213807   1.57602
        0         0         0         1

0.0633279 -0.254824  0.964912 0.0309955
-0.932022  0.330589  0.148475  0.440214
-0.356824 -0.908722 -0.216566   1.57836
        0         0         0         1

 0.065395  -0.26309  0.962552 0.0306394
-0.934752  0.321447  0.151366  0.443034
-0.349232 -0.909646 -0.224903   1.59306
        0         0         0         1

0.0679563 -0.269771  0.960524 0.0297625
-0.936187  0.315551   0.15486  0.445192
-0.344871 -0.909753 -0.231112   1.60959
        0         0         0         1

0.0645806 -0.275989  0.958989 0.0355325
-0.940674  0.303949  0.150821   0.45475
-0.333108 -0.911836 -0.239987    1.6226
        0         0         0         1

0.0581354 -0.282315  0.957559 0.0430546
-0.946186  0.290298  0.143033  0.464256
-0.318358 -0.914344 -0.250246   1.63092
        0         0         0         1

0.0625007 -0.289168  0.955236 0.0424178
